0	0.9981115720	0.0018475465	0.0000408815
1	0.5501046425	0.0722770094	0.3776183481
0	0.5473816761	0.1183073119	0.3343110119
0	0.0000224730	0.9147837715	0.0851937555
0	0.8771833009	0.1228166991	0.0000000000
0	0.7157551919	0.1442598008	0.1399850073
0	0.0381387084	0.6601422061	0.3017190855
0	0.1873177556	0.6084374754	0.2042447691
0	0.9319927126	0.0370241611	0.0309831263
0	0.5468285477	0.1288046474	0.3243668049
1	0.0413597863	0.0095332868	0.9491069269
1	0.2496129506	0.1137020792	0.6366849703
0	0.0009725646	0.9638809268	0.0351465085
0	0.8219812466	0.0721261021	0.1058926513
0	0.8661591653	0.0094648840	0.1243759507
1	0.0511112985	0.0032489045	0.9456397970
0	0.7450316668	0.1894565271	0.0655118061
0	0.7944971782	0.1149789113	0.0905239105
0	0.4879954373	0.3280470686	0.1839574941
0	0.6259535013	0.0046303059	0.3694161929
0	0.0701488735	0.4823775169	0.4474736096
0	0.8210083546	0.1266105359	0.0523811095
0	0.6742196950	0.2542795139	0.0715007912
0	0.0088861360	0.0504157559	0.9406981081
0	0.6391693160	0.0790095985	0.2818210855
0	0.0339470055	0.9517393022	0.0143136923
1	0.1100161547	0.8383944318	0.0515894135
0	0.8412822218	0.1331120735	0.0256057047
0	0.0168754936	0.0000000000	0.9831245064
0	0.0132978443	0.5727868003	0.4139153553
0	0.8530404512	0.1465006351	0.0004589137
1	0.1894877744	0.7235628348	0.0869493908
0	0.7967079730	0.1119086909	0.0913833361
1	0.6406435756	0.3548302465	0.0045261780
0	0.5103286842	0.0159136243	0.4737576915
0	0.4963723371	0.3364846260	0.1671430369
0	0.0099924324	0.3602174015	0.6297901660
0	0.1895109691	0.7304321359	0.0800568949
1	0.8611936472	0.0101721168	0.1286342360
1	0.0235490299	0.0520614305	0.9243895397
0	0.1081071177	0.0239879064	0.8679049760
0	0.1660167618	0.1032130556	0.7307701826
0	0.3836750484	0.3688104240	0.2475145276
0	0.0783333685	0.8002742683	0.1213923633
0	0.1526887212	0.8367276748	0.0105836040
0	0.1807000498	0.4251319472	0.3941680031
1	0.2840136798	0.0526104700	0.6633758502
0	0.9045862598	0.0291000658	0.0663136743
0	0.0829046250	0.8576451484	0.0594502266
0	0.0002279298	0.0174999610	0.9822721091
0	0.5507604531	0.1919134328	0.2573261141
0	0.2487701309	0.5582181704	0.1930116987
0	0.9180191661	0.0816705707	0.0003102632
0	0.1178724157	0.8748999030	0.0072276813
0	0.0220265875	0.4099123605	0.5680610520
1	0.6796306390	0.0074177755	0.3129515854
0	0.0260064973	0.1083124653	0.8656810374
0	0.1712433194	0.5702102243	0.2585464563
0	0.3798636104	0.0995063716	0.5206300180
0	0.0817125622	0.3774946482	0.5407927896
0	0.0871288612	0.9128709760	0.0000001628
1	0.0000000000	0.0000000000	1.0000000000
0	0.2015861974	0.2315100553	0.5669037473
0	0.6445451010	0.1011115583	0.2543433408
1	0.5123116624	0.3746014954	0.1130868423
0	0.0917362261	0.1565239245	0.7517398495
0	0.9485050053	0.0006365928	0.0508584019
1	0.2333229959	0.0179488830	0.7487281210
0	0.9192376886	0.0067355391	0.0740267723
0	0.1448418714	0.6169007127	0.2382574159
0	0.8844047851	0.0231710660	0.0924241490
0	0.2165035683	0.3820199723	0.4014764594
0	0.1562167091	0.7357839126	0.1079993783
0	0.8736964036	0.0858711928	0.0404324037
0	0.2802899149	0.6721005935	0.0476094917
0	0.0793256559	0.4941731463	0.4265011977
0	0.0688146961	0.0664152153	0.8647700886
0	0.9241258778	0.0590166359	0.0168574863
0	0.4263709826	0.0991088865	0.4745201308
0	0.6541972770	0.1804599214	0.1653428016
0	0.0000877445	0.8761107880	0.1238014675
0	0.0588863882	0.7043036544	0.2368099574
0	0.0422197047	0.9535695318	0.0042107635
0	0.9605660717	0.0394181688	0.0000157595
0	0.1602532169	0.0128736549	0.8268731282
0	0.0508079093	0.6817292228	0.2674628678
1	0.9834413646	0.0165353464	0.0000232889
0	0.3121991292	0.5245918030	0.1632090678
0	0.5884196022	0.3858995994	0.0256807983
0	0.6599554399	0.2222975919	0.1177469682
0	0.3405196845	0.0000004306	0.6594798849
0	0.0175829456	0.9674340796	0.0149829748
0	0.5260877050	0.2122568302	0.2616554648
0	0.0166395550	0.7959102242	0.1874502208
0	0.2104594395	0.1438108842	0.6457296764
0	0.1761234898	0.8021082812	0.0217682290
1	0.5443563916	0.4211802377	0.0344633708
2	0.1682924420	0.7700750088	0.0616325493
0	0.7199100182	0.2800899818	0.0000000000
1	0.1822681545	0.0214058220	0.7963260234
