0	0.6158112083	0.0497796938	0.3344090979
0	0.2537659430	0.1590363909	0.5871976661
0	0.8690197069	0.0680971819	0.0628831112
0	0.1466254128	0.2327704330	0.6206041542
0	0.4676479899	0.1151480745	0.4172039355
0	0.8367947606	0.1538411922	0.0093640472
1	0.3147592428	0.4626294729	0.2226112842
0	0.0000646550	0.0816963191	0.9182390259
0	0.9050484440	0.0910261559	0.0039254001
0	0.4915940977	0.0964526343	0.4119532679
1	0.8997696037	0.0447629076	0.0554674887
0	0.0350972582	0.1743304309	0.7905723108
0	0.0051847788	0.2755947603	0.7192204610
0	0.1105438226	0.7360534629	0.1534027145
0	0.0048817274	0.7966000409	0.1985182317
0	0.8924041171	0.0016032681	0.1059926147
2	0.5146402198	0.1179603428	0.3673994374
1	0.4449350826	0.1717580840	0.3833068334
0	0.0505925258	0.2699296841	0.6794777901
0	0.3903886954	0.1325755855	0.4770357191
0	0.8125772108	0.0378100452	0.1496127439
0	0.0000000000	0.2620322645	0.7379677355
0	0.0842760603	0.6900626306	0.2256613091
0	0.6569059157	0.0855095592	0.2575845251
1	0.9999220903	0.0000619864	0.0000159233
0	0.8049641383	0.0782365819	0.1167992798
0	0.0002458968	0.6106191176	0.3891349856
0	0.6404366848	0.0316643190	0.3278989962
0	0.0266221408	0.9575516011	0.0158262581
0	0.9572955585	0.0426929168	0.0000115247
0	0.9288221128	0.0000121149	0.0711657723
0	0.2039216890	0.7477574461	0.0483208650
1	0.0807867192	0.0035523109	0.9156609700
0	0.3317494198	0.0000000000	0.6682505802
0	0.6799923711	0.0791572140	0.2408504149
1	0.8086962799	0.0184528866	0.1728508335
0	0.2951362837	0.0000839474	0.7047797690
0	0.0408399879	0.0497513931	0.9094086190
0	0.0123878095	0.3627639895	0.6248482010
0	0.0504210539	0.9452481895	0.0043307566
0	0.0114210425	0.9797005326	0.0088784249
0	0.9438190068	0.0424956549	0.0136853383
0	0.1854127106	0.6082748912	0.2063123981
0	0.0090944813	0.2713804485	0.7195250702
0	0.5546842040	0.1738796922	0.2714361037
0	0.1455773421	0.4085589593	0.4458636986
1	0.9784662556	0.0208643730	0.0006693714
0	0.9905465280	0.0094046363	0.0000488358
0	0.0017896093	0.9288976540	0.0693127368
0	0.1777995316	0.0583342698	0.7638661986
0	0.4432305216	0.3359703780	0.2207991004
0	0.0975419102	0.0000001070	0.9024579828
0	0.4622073216	0.4191021454	0.1186905330
1	0.0000000013	0.0498609349	0.9501390639
0	0.1938221248	0.7145222941	0.0916555811
0	0.7539688951	0.2456829540	0.0003481510
0	0.0012959485	0.9958568316	0.0028472199
0	0.7810155167	0.0273632113	0.1916212720
0	0.0117644844	0.3304832848	0.6577522309
0	0.2873631961	0.2357080757	0.4769287282
0	0.6975502349	0.0521538217	0.2502959434
1	0.9658163036	0.0012184980	0.0329651984
1	0.7087662665	0.2912029176	0.0000308159
0	0.0134104786	0.0000008068	0.9865887146
0	0.1576575864	0.8423424107	0.0000000029
0	0.6383409156	0.0027828202	0.3588762642
0	0.0181081138	0.3336817615	0.6482101247
0	0.0117617857	0.5736373406	0.4146008737
0	0.0488662082	0.0124486013	0.9386851905
0	0.2746977255	0.7253012883	0.0000009862
0	0.0000135860	0.0182990747	0.9816873394
0	0.5364898154	0.0088114127	0.4546987719
0	0.5272298699	0.3699382681	0.1028318620
1	0.0160563877	0.9837316643	0.0002119480
0	0.0000000107	0.2176375803	0.7823624090
1	0.8195124056	0.1164462881	0.0640413064
0	0.6961880631	0.2760264972	0.0277854397
0	0.9412184608	0.0584550779	0.0003264613
0	0.1948201732	0.4374958138	0.3676840130
0	0.4642083281	0.1395475039	0.3962441680
0	0.4069920064	0.0623410277	0.5306669659
0	0.3059465521	0.6921414650	0.0019119829
0	0.8825632787	0.1174367213	0.0000000000
1	0.0927724984	0.1864254583	0.7208020433
1	0.5592522475	0.4407477303	0.0000000221
0	0.2078056459	0.0106553578	0.7815389963
1	0.0082834781	0.9432710243	0.0484454975
0	0.0187214902	0.9766030238	0.0046754861
1	0.4746765009	0.1667391134	0.3585843857
0	0.0903956919	0.6038731774	0.3057311307
0	0.2747988527	0.0234404583	0.7017606890
0	0.0000000000	0.7347569060	0.2652430940
0	0.0660787679	0.1376142876	0.7963069445
0	0.3692168933	0.0273976635	0.6033854432
0	0.0000380592	0.8585712483	0.1413906925
1	0.0269919931	0.9200801486	0.0529278583
1	0.2853571631	0.0487634396	0.6658793972
1	0.5043475145	0.4889965109	0.0066559746
0	0.5209826531	0.0550212928	0.4239960540
1	0.5120414089	0.3549980882	0.1329605029
