0	0.0352278435	0.0003180463	0.9644541102
0	0.0000000000	0.6108890139	0.3891109861
0	0.4052469766	0.5855549200	0.0091981034
0	0.9560208137	0.0000000000	0.0439791863
0	0.0383185156	0.9473371860	0.0143442983
0	0.4780307946	0.0232367720	0.4987324334
1	0.1003110530	0.7825387164	0.1171502306
1	0.5808163664	0.0061381184	0.4130455152
1	0.1357687752	0.0000000000	0.8642312248
0	0.2485164353	0.3159043743	0.4355791903
0	0.5136553064	0.0050186039	0.4813260897
1	0.0133639026	0.9866360974	0.0000000000
0	0.6432608683	0.3328204072	0.0239187246
0	0.9167984061	0.0027044070	0.0804971869
0	0.9551605506	0.0448133345	0.0000261149
0	0.2719187561	0.4148455809	0.3132356630
0	0.0518559923	0.4437300923	0.5044139154
0	0.0181670444	0.8382967065	0.1435362491
0	0.2326636778	0.5251999118	0.2421364103
0	0.0212311442	0.9048277088	0.0739411470
0	0.0000000329	0.9916683406	0.0083316264
1	0.7272159541	0.0415248883	0.2312591575
0	0.4898316150	0.4303304006	0.0798379845
0	0.9659882176	0.0339751548	0.0000366276
0	0.5775030707	0.0026025210	0.4198944084
0	0.3998867283	0.0949151016	0.5051981701
0	0.4566499485	0.5027708689	0.0405791826
1	0.0875541973	0.0780455604	0.8344002423
1	0.0000012703	0.3752857180	0.6247130117
0	0.9978886481	0.0010074025	0.0011039494
0	0.2292397885	0.7697508018	0.0010094097
0	0.9975602149	0.0005504108	0.0018893743
0	0.9582081668	0.0261277223	0.0156641109
0	0.0253120808	0.8811055769	0.0935823423
0	0.2021951238	0.4781294468	0.3196754294
0	0.8916014476	0.1015251536	0.0068733988
0	0.0002811889	0.9980451548	0.0016736563
0	0.0000036538	0.6431988892	0.3567974571
0	0.0159708830	0.9839959225	0.0000331945
1	0.7061983171	0.2827076897	0.0110939933
0	0.9616681120	0.0187889488	0.0195429391
0	0.0000000000	0.7759789111	0.2240210889
0	0.0001029691	0.0001412484	0.9997557825
1	0.0033738849	0.9958783468	0.0007477683
1	0.0186048597	0.0000546786	0.9813404617
0	0.1260672056	0.8739327944	0.0000000000
0	0.2236743739	0.4003933547	0.3759322714
0	0.3640874835	0.6357048748	0.0002076418
0	0.0606020098	0.8588170562	0.0805809340
0	0.5307715951	0.4691811505	0.0000472544
0	0.0202622463	0.8439055618	0.1358321919
0	0.1704193534	0.1374117903	0.6921688563
0	0.6213764329	0.3661271141	0.0124964531
0	0.1304424804	0.5309002555	0.3386572642
0	0.7791137656	0.1876522182	0.0332340162
1	0.0000000001	0.2449295107	0.7550704892
0	0.1193647322	0.8806352678	0.0000000000
0	0.0582224603	0.0218868920	0.9198906476
1	0.0060930556	0.8105866642	0.1833202802
0	0.4018278611	0.3011393573	0.2970327816
1	0.3731784766	0.4117729600	0.2150485634
0	0.0499684507	0.9306233091	0.0194082402
0	0.0287727847	0.9462095905	0.0250176248
0	0.5384192209	0.4615796785	0.0000011007
1	0.0161018364	0.8700185130	0.1138796506
0	0.3905173564	0.0173055374	0.5921771063
0	0.9004920377	0.0410274185	0.0584805438
0	0.7010994601	0.0958073212	0.2030932187
0	0.7120865180	0.2255038884	0.0624095936
2	0.2272275832	0.7462635695	0.0265088473
1	0.5975783394	0.0000003107	0.4024213499
1	0.1796550285	0.3508084653	0.4695365062
0	0.0001889290	0.9964577668	0.0033533042
1	0.0299901966	0.6957796609	0.2742301426
0	0.1013386846	0.8628055075	0.0358558079
0	0.7692671157	0.1329758261	0.0977570582
0	0.0971380525	0.9011756615	0.0016862860
1	0.3466166944	0.3674106044	0.2859727013
0	0.0035811205	0.1897012578	0.8067176217
1	0.0001107056	0.9625156876	0.0373736068
1	0.4481637024	0.5405529801	0.0112833175
1	0.3406443112	0.0127960046	0.6465596841
0	0.0104946864	0.9895019730	0.0000033406
1	0.3090945355	0.6117048102	0.0792006543
1	0.2865654304	0.6981150500	0.0153195196
0	0.0531515585	0.9018667253	0.0449817163
0	0.2045987368	0.6147307961	0.1806704671
0	0.0366509218	0.9034922580	0.0598568202
0	0.5097188414	0.0000057304	0.4902754281
0	0.5321638393	0.4678358053	0.0000003554
0	0.0233446615	0.6150145207	0.3616408178
0	0.1516119198	0.8483880802	0.0000000000
0	0.1162322231	0.8500477494	0.0337200275
0	0.6863175919	0.3096175678	0.0040648403
0	0.4746752315	0.4964379675	0.0288868009
0	0.9505854059	0.0053901147	0.0440244795
0	0.2703725305	0.6065338698	0.1230935997
0	0.0834077668	0.8170390564	0.0995531768
0	0.9580360584	0.0401358612	0.0018280804
0	0.1164292600	0.8835580454	0.0000126946
