0	0.3968290996	0.5262709359	0.0768999645
0	0.1860434726	0.7232642159	0.0906923116
0	0.4584293007	0.0052920334	0.5362786659
0	0.0483556843	0.5685752037	0.3830691119
1	0.2810431817	0.0073253634	0.7116314549
0	0.7497585026	0.1070367259	0.1432047715
1	0.0376141060	0.1266433804	0.8357425136
0	0.4514037152	0.4306961157	0.1179001691
1	0.0170192438	0.8342655960	0.1487151602
1	0.0278055184	0.9714866119	0.0007078698
0	0.8720540714	0.1279456502	0.0000002784
0	0.0791827570	0.6327031425	0.2881141006
0	0.0007392237	0.9974704220	0.0017903543
0	0.4414988680	0.3026856128	0.2558155192
0	0.9363770630	0.0359397971	0.0276831398
0	0.1220576018	0.1805429897	0.6973994085
0	0.1557333768	0.8345482982	0.0097183250
0	0.0825507067	0.0378571180	0.8795921753
0	0.0070952400	0.0360117418	0.9568930183
0	0.0791902981	0.0000600163	0.9207496856
0	0.0103974769	0.0344052315	0.9551972916
0	0.6714177712	0.0147900631	0.3137921657
1	0.4367049472	0.3184170530	0.2448779999
0	0.2658787119	0.4339453985	0.3001758896
0	0.7399427952	0.2483926850	0.0116645198
0	0.0360187339	0.9580886940	0.0058925721
1	0.0643340762	0.3952240034	0.5404419203
0	0.8456861059	0.0405318458	0.1137820483
1	0.6883422453	0.0146932696	0.2969644850
0	0.7267753401	0.1945694048	0.0786552551
0	0.7377118114	0.2371122408	0.0251759478
0	0.1690999855	0.4757582560	0.3551417585
0	0.6934894868	0.1521140850	0.1543964281
1	0.3620990788	0.2772844277	0.3606164934
1	0.9948114974	0.0019659713	0.0032225313
1	0.8874573222	0.0003320002	0.1122106776
0	0.0689375835	0.0000484055	0.9310140110
0	0.0000000000	0.2423670154	0.7576329846
1	0.1197046480	0.1509075232	0.7293878287
1	0.1025199887	0.0731513245	0.8243286869
0	0.0265185164	0.9734669915	0.0000144921
0	0.0000036198	0.9965392381	0.0034571421
0	0.5326025901	0.0141905722	0.4532068377
0	0.7150283935	0.2792295935	0.0057420131
0	0.0470546003	0.9518602559	0.0010851437
1	0.8119870252	0.0290200617	0.1589929131
0	0.5849934864	0.0869622383	0.3280442752
0	0.7228567933	0.0000000000	0.2771432067
1	0.0000983983	0.9719239879	0.0279776138
0	0.3854689242	0.6143646898	0.0001663861
0	0.0499735560	0.1358692012	0.8141572428
1	0.6886710434	0.0857899695	0.2255389871
0	0.2144435627	0.6397119797	0.1458444576
0	0.8852711191	0.0662066714	0.0485222094
0	0.1794971296	0.0223470679	0.7981558024
0	0.9105046225	0.0777052790	0.0117900985
0	0.7932216235	0.1873618149	0.0194165616
0	0.3987171942	0.5480940597	0.0531887461
0	0.8826718641	0.1159925975	0.0013355384
0	0.7861284742	0.0732673110	0.1406042148
0	0.0432573472	0.4547076857	0.5020349671
0	0.9281833780	0.0602842142	0.0115324078
1	0.8241229447	0.1456819651	0.0301950902
0	0.2677653005	0.7100264549	0.0222082446
0	0.0001677777	0.6871552880	0.3126769343
0	0.6306570006	0.3665376591	0.0028053403
1	0.8090525586	0.1828924061	0.0080550353
0	0.1333016363	0.8637252687	0.0029730949
0	0.0721077489	0.1196618788	0.8082303723
2	0.6372199001	0.2937302265	0.0690498734
0	0.2805572989	0.6575523581	0.0618903431
0	0.1252083579	0.1053843545	0.7694072876
1	0.6796067995	0.0590593538	0.2613338467
0	0.0811495374	0.6380747771	0.2807756855
1	0.5921564332	0.0659504120	0.3418931548
0	0.6561860983	0.2339986927	0.1098152090
0	0.1454436321	0.8192073569	0.0353490109
0	0.2844764252	0.3608272976	0.3546962772
0	0.0069401541	0.9930598286	0.0000000173
0	0.1391599784	0.6493176132	0.2115224084
0	0.3541806131	0.4475839537	0.1982354333
0	0.7954870163	0.0705142899	0.1339986939
0	0.0780253436	0.8780221031	0.0439525534
0	0.1604616404	0.7610889707	0.0784493889
0	0.6081018134	0.0978070516	0.2940911350
0	0.1984873144	0.0393935694	0.7621191162
0	0.5937399075	0.0272992336	0.3789608589
0	0.0001138109	0.5191402223	0.4807459668
0	0.5765173438	0.0577657626	0.3657168936
0	0.1191586730	0.1687310287	0.7121102984
1	0.1338486030	0.7713163608	0.0948350362
0	0.1556015814	0.0000227597	0.8443756589
1	0.2742207796	0.1434139187	0.5823653017
0	0.7541917266	0.2458082638	0.0000000096
0	0.0232388466	0.9477077055	0.0290534480
0	0.0000000534	0.0384728155	0.9615271311
0	0.1736849727	0.7761811537	0.0501338736
0	0.0469632748	0.1108920724	0.8421446528
0	0.1806541041	0.5306815715	0.2886643244
0	0.0632665948	0.8035446512	0.1331887540
