0	0.2328137186	0.0003700340	0.7668162474
0	0.6053674542	0.0426014249	0.3520311209
0	0.6143161531	0.0010773913	0.3846064556
1	0.0298498362	0.0007008920	0.9694492718
0	0.7516902527	0.1613870001	0.0869227472
0	0.3631471200	0.1801842150	0.4566686650
0	0.0050092325	0.9949897428	0.0000010247
0	0.0474054749	0.1998895527	0.7527049724
0	0.0144779839	0.3418201778	0.6437018382
0	0.3389423961	0.5181849212	0.1428726827
0	0.0657111517	0.0105058055	0.9237830428
1	0.1734185986	0.1943488627	0.6322325387
0	0.6932752844	0.0399598746	0.2667648410
0	0.0363862333	0.9635360124	0.0000777543
1	0.6258835444	0.0357331442	0.3383833114
0	0.0133758156	0.1188366663	0.8677875181
0	0.8159947466	0.0219783340	0.1620269194
0	0.1270999724	0.0874687136	0.7854313140
0	0.1426508430	0.4207231504	0.4366260067
0	0.0044970819	0.9864884046	0.0090145135
1	0.8049756560	0.0453907973	0.1496335467
0	0.1912825692	0.2414433813	0.5672740495
0	0.9665415509	0.0000001786	0.0334582705
0	0.0232391418	0.5615116923	0.4152491659
0	0.1269075787	0.6305559299	0.2425364914
1	0.4703279661	0.0038157167	0.5258563172
0	0.0056752676	0.6918334853	0.3024912472
1	0.0570905112	0.6997259720	0.2431835168
0	0.2680618197	0.4150232244	0.3169149559
0	0.8483619337	0.0933969073	0.0582411590
0	0.5176840999	0.0000000109	0.4823158892
0	0.0120918379	0.0184810983	0.9694270638
2	0.0022808346	0.9977191654	0.0000000000
0	0.5690681861	0.4289687548	0.0019630591
0	0.9688220230	0.0236998416	0.0074781354
0	0.9128306472	0.0000000000	0.0871693528
0	0.0025090006	0.5177322580	0.4797587414
0	0.0471354658	0.1128305607	0.8400339734
0	0.3568374664	0.0116202769	0.6315422567
0	0.0296949681	0.9702694915	0.0000355404
1	0.8392753550	0.0687598783	0.0919647667
0	0.4521760361	0.1881037842	0.3597201797
0	0.1295531926	0.0071147192	0.8633320882
0	0.1410117793	0.0715736466	0.7874145741
0	0.0851298357	0.0969113266	0.8179588377
1	0.5427758710	0.3940262873	0.0631978418
0	0.0163429091	0.0806279986	0.9030290923
0	0.0710223054	0.7162837807	0.2126939138
2	0.1148982819	0.1203769878	0.7647247303
0	0.0100866830	0.7719540264	0.2179592907
0	0.9973443018	0.0000336744	0.0026220238
0	0.0438681967	0.6165836256	0.3395481777
0	0.0318013734	0.9627454754	0.0054531511
0	0.3214313689	0.0075201841	0.6710484470
0	0.0118582839	0.9881400433	0.0000016728
1	0.0071939171	0.7151846852	0.2776213977
1	0.1540119552	0.3730434129	0.4729446319
0	0.0000000073	0.0000000192	0.9999999735
0	0.7107360141	0.2349098566	0.0543541293
0	0.8324233533	0.1674860154	0.0000906313
0	0.9132174532	0.0561107122	0.0306718346
0	0.0000033651	0.1942409533	0.8057556816
1	0.0016069104	0.0283617345	0.9700313552
0	0.0443814385	0.0225361850	0.9330823765
0	0.0155259421	0.9835630695	0.0009109884
0	0.0118552709	0.0311789375	0.9569657916
0	0.3946638935	0.2469804240	0.3583556824
0	0.9164713459	0.0012701817	0.0822584724
0	0.6624117648	0.2139122714	0.1236759638
1	0.2543296930	0.0780130779	0.6676572291
0	0.2436132885	0.0161933959	0.7401933156
1	0.1562390827	0.6309056123	0.2128553051
1	0.0166295778	0.0003606747	0.9830097475
0	0.2636272244	0.1389957888	0.5973769868
1	0.1094570019	0.3287258478	0.5618171503
0	0.9058064120	0.0571016165	0.0370919715
1	0.0004661563	0.7153172955	0.2842165482
0	0.1225578411	0.7224296647	0.1550124942
0	0.0509901364	0.2768786774	0.6721311862
0	0.7359430684	0.0683796506	0.1956772810
0	0.0000217068	0.1608867254	0.8390915678
0	0.0015179982	0.9975446120	0.0009373898
0	0.0003764563	0.9237332064	0.0758903373
1	0.0001072854	0.9095807002	0.0903120144
1	0.0093897776	0.9476858106	0.0429244118
0	0.4113159867	0.0029327672	0.5857512461
0	0.4113292274	0.5886587254	0.0000120471
0	0.0081817780	0.3270820513	0.6647361707
1	0.1995946642	0.0268592082	0.7735461276
0	0.4909824420	0.4930782713	0.0159392867
0	0.8680996082	0.1270373559	0.0048630360
0	0.0734942184	0.9140922138	0.0124135679
0	0.0000002120	0.4402926905	0.5597070975
1	0.9611395128	0.0000000000	0.0388604872
0	0.1622635672	0.0000377388	0.8376986941
1	0.3560082435	0.5594420957	0.0845496608
0	0.7003158770	0.2239402938	0.0757438292
0	0.2507348991	0.3314171986	0.4178479022
1	0.1047254004	0.6531622356	0.2421123639
0	0.0486941265	0.8957893438	0.0555165297
