0	0.0434191769	0.0912091700	0.8653716531
0	0.0486439900	0.9271177035	0.0242383065
0	0.0142237632	0.6407735443	0.3450026926
1	0.9498853723	0.0007629374	0.0493516903
1	0.0112110501	0.7739845309	0.2148044190
0	0.8364780436	0.0299600492	0.1335619071
0	0.7539292559	0.0267015049	0.2193692392
0	0.5583469112	0.0319964379	0.4096566509
0	0.0633652307	0.8851869614	0.0514478079
0	0.4854207989	0.5145792011	0.0000000000
0	0.0000022840	0.0022276678	0.9977700482
0	0.0031287459	0.5876607864	0.4092104677
1	0.9962505872	0.0037328338	0.0000165790
0	0.8815529339	0.1177461062	0.0007009599
0	0.1106616082	0.4458681245	0.4434702673
0	0.0974579206	0.9025390386	0.0000030408
0	0.1920941288	0.0684455614	0.7394603098
1	0.0053414503	0.9946585497	0.0000000000
0	0.0000569589	0.9961497410	0.0037933001
0	0.9991938018	0.0000185978	0.0007876005
0	0.5495191854	0.4212173224	0.0292634922
1	0.0000001373	0.8181185869	0.1818812758
0	0.6991637859	0.0008781368	0.2999580773
0	0.0000881855	0.8948922809	0.1050195336
1	0.0602056591	0.2826568666	0.6571374743
0	0.4041002372	0.5946652038	0.0012345590
0	0.3154642165	0.3214825317	0.3630532518
2	0.0330998534	0.8654415278	0.1014586187
1	0.3371939226	0.0000000000	0.6628060774
0	0.9118402018	0.0000000000	0.0881597982
0	0.0176423461	0.0153321916	0.9670254623
0	0.6393178605	0.2465054391	0.1141767005
0	0.0018865229	0.9734184748	0.0246950023
0	0.6532473371	0.1301572260	0.2165954369
1	0.3096471732	0.4059633892	0.2843894375
1	0.3672155596	0.3573549503	0.2754294901
0	0.1396065086	0.4890209720	0.3713725194
0	0.1559946873	0.4292918225	0.4147134902
0	0.0000000000	0.0561422141	0.9438577859
0	0.4430170743	0.0003786009	0.5566043248
1	0.4775704447	0.5198198272	0.0026097281
1	0.0808207408	0.9172033200	0.0019759392
1	0.0033652189	0.8974669675	0.0991678136
0	0.0000087478	0.7615896830	0.2384015692
0	0.9991458311	0.0004943636	0.0003598053
1	0.6030125103	0.3969702492	0.0000172406
0	0.4413974020	0.2756485039	0.2829540940
0	0.0000041529	0.0004990169	0.9994968302
0	0.2273982523	0.5359182496	0.2366834980
0	0.0002896378	0.9749538659	0.0247564963
0	0.5158355628	0.4841633921	0.0000010451
2	0.0132533821	0.3339498238	0.6527967941
0	0.8550245590	0.0000000058	0.1449754352
0	0.6661964071	0.0490550660	0.2847485269
0	0.0186418728	0.9536266862	0.0277314410
0	0.0019220703	0.9937593971	0.0043185326
0	0.3889579092	0.3041038501	0.3069382407
0	0.4901266165	0.4861800765	0.0236933070
0	0.0325479736	0.0794759488	0.8879760777
0	0.6325728037	0.0615114245	0.3059157719
0	0.0094445423	0.1233055509	0.8672499068
0	0.7526773682	0.2473128613	0.0000097705
1	0.1366988776	0.4107102279	0.4525908946
0	0.9293299423	0.0706646939	0.0000053637
0	0.5894436767	0.0964431772	0.3141131462
0	0.0068382546	0.9696515010	0.0235102444
1	0.6050111863	0.0825550809	0.3124337328
2	0.8694269799	0.1177314543	0.0128415658
1	0.3825080882	0.5185289552	0.0989629566
0	0.6048522669	0.1154122771	0.2797354560
0	0.0001407650	0.4536027614	0.5462564736
1	0.0067474617	0.9928525329	0.0004000054
0	0.3702136357	0.6297535098	0.0000328545
0	0.1299733245	0.4538145598	0.4162121157
1	0.5055165132	0.4912278780	0.0032556087
0	0.0000000000	0.8568042521	0.1431957479
0	0.0975452750	0.8920546084	0.0104001166
0	0.0299803740	0.5679302885	0.4020893376
0	0.3286664827	0.0701841091	0.6011494082
0	0.1511145306	0.5887909791	0.2600944902
1	0.6339481886	0.0143995635	0.3516522479
0	0.0005861636	0.9994132425	0.0000005939
1	0.5807995091	0.4143324382	0.0048680527
0	0.9758121266	0.0007123009	0.0234755726
0	0.9958582606	0.0005144578	0.0036272816
0	0.0003515601	0.8760419457	0.1236064942
0	0.2115393916	0.7745278677	0.0139327407
0	0.9980215718	0.0018341488	0.0001442793
0	0.2975808293	0.5779012957	0.1245178750
0	0.3948285438	0.0268933743	0.5782780818
0	0.2529611222	0.7046253934	0.0424134844
0	0.9551469159	0.0378013953	0.0070516888
0	0.5372871834	0.4621305632	0.0005822534
0	0.1718320387	0.8091615871	0.0190063743
0	0.6718539181	0.0006648423	0.3274812396
0	0.0002942456	0.8578252299	0.1418805245
0	0.0000439237	0.1113215748	0.8886345015
0	0.0585126062	0.1104071389	0.8310802549
1	0.4833082005	0.5166288571	0.0000629424
0	0.8166679602	0.0347422602	0.1485897796
