0	0.1454064362	0.8545627724	0.0000307914
0	0.6116151428	0.0063320717	0.3820527854
0	0.9850377193	0.0123496253	0.0026126553
0	0.0002874302	0.3181159931	0.6815965768
1	0.0140749632	0.0000486545	0.9858763823
0	0.1429187400	0.7650143664	0.0920668936
0	0.0003446493	0.9996053507	0.0000500000
1	0.3683742999	0.4930260218	0.1385996783
0	0.0000000000	0.2157203227	0.7842796773
1	0.2607583318	0.2525987976	0.4866428707
0	0.9349058711	0.0000000346	0.0650940942
0	0.1642046833	0.4431962050	0.3925991117
0	0.2298061628	0.7701938372	0.0000000000
0	0.0775186702	0.3955997821	0.5268815477
0	0.6307970655	0.0466177299	0.3225852046
0	0.7913869701	0.0927529771	0.1158600528
0	0.2282357062	0.7344883951	0.0372758987
0	0.0090959605	0.7683721922	0.2225318474
0	0.0283349658	0.5540584440	0.4176065902
1	0.0190804042	0.9204308339	0.0604887620
1	0.4713004694	0.0360773296	0.4926222010
0	0.1461687311	0.1967159331	0.6571153358
0	0.2525911752	0.3417686930	0.4056401318
0	0.9922028386	0.0045447154	0.0032524460
0	0.5013343346	0.4000398504	0.0986258150
0	0.2661859958	0.0689417326	0.6648722716
1	0.6917308047	0.0285890232	0.2796801722
0	0.2008156036	0.7361182985	0.0630660979
0	0.7092716344	0.2180761811	0.0726521845
0	0.1224011066	0.4214585712	0.4561403222
1	0.5689924313	0.0003998723	0.4306076964
1	0.6382665398	0.0895077556	0.2722257046
0	0.3026169401	0.5246192550	0.1727638050
0	0.0000000000	0.9586303617	0.0413696383
0	0.4415468902	0.2464392897	0.3120138200
0	0.0746595113	0.8815985156	0.0437419731
0	0.1100299627	0.4016229181	0.4883471191
1	0.0736831532	0.2323868660	0.6939299808
0	0.2949541263	0.0000284244	0.7050174494
0	0.4686307528	0.5066397461	0.0247295011
1	0.0083829615	0.9897510405	0.0018659980
0	0.8813276082	0.0105892328	0.1080831591
0	0.4739958679	0.2360759814	0.2899281507
0	0.2095585467	0.3848263464	0.4056151069
0	0.0182469420	0.7614861184	0.2202669396
0	0.1673789490	0.6836591878	0.1489618632
1	0.2839951269	0.4035227820	0.3124820910
0	0.0000000726	0.8899181567	0.1100817707
0	0.1426380374	0.6367706032	0.2205913594
0	0.5473961736	0.3481755572	0.1044282692
1	0.0629323934	0.6931344215	0.2439331851
0	0.4537037444	0.5369348734	0.0093613822
0	0.0000000430	0.3680623548	0.6319376022
1	0.0004866366	0.9995059981	0.0000073654
1	0.2092767427	0.2819603521	0.5087629052
1	0.6632561170	0.3367438830	0.0000000000
0	0.4133721843	0.2843794010	0.3022484147
1	0.5325136943	0.4587650080	0.0087212977
0	0.1896807534	0.1343351381	0.6759841085
0	0.2625764553	0.0419451711	0.6954783736
0	0.1977329094	0.8022670906	0.0000000000
0	0.7089887543	0.0051421820	0.2858690636
0	0.0099925274	0.9720898714	0.0179176012
0	0.3428708486	0.1945558678	0.4625732836
0	0.0792180695	0.6422235378	0.2785583927
0	0.4141125583	0.1115207959	0.4743666457
0	0.2057157428	0.7857228809	0.0085613763
0	0.3586989195	0.1497637805	0.4915373000
0	0.2579271871	0.2765066672	0.4655661457
0	0.0839029528	0.8978406516	0.0182563957
1	0.0276081749	0.0977363111	0.8746555140
0	0.4194522356	0.2485430831	0.3320046813
0	0.2230930001	0.7757895131	0.0011174868
0	0.4855239308	0.4122353171	0.1022407521
0	0.0891180743	0.8794919360	0.0313899897
0	0.1608394987	0.5450277529	0.2941327485
0	0.7192744881	0.2793331525	0.0013923594
0	0.2897229323	0.5700381326	0.1402389351
0	0.1395378418	0.4092031143	0.4512590439
0	0.0696673810	0.4219648958	0.5083677233
2	0.3364920528	0.4239231418	0.2395848054
0	0.6180747287	0.0064564208	0.3754688505
0	0.0000092265	0.0034789132	0.9965118603
0	0.3046254620	0.5420043990	0.1533701390
0	0.8635835423	0.0607296757	0.0756867819
1	0.0352295884	0.8720994174	0.0926709941
0	0.9983563996	0.0016436004	0.0000000000
0	0.6405294002	0.0189062505	0.3405643493
0	0.7054933154	0.1962786568	0.0982280278
0	0.0132372502	0.3637892424	0.6229735074
0	0.2972996802	0.0103447878	0.6923555319
0	0.0047176877	0.0029271736	0.9923551387
1	0.2339046970	0.7656214126	0.0004738903
0	0.9079610592	0.0463180539	0.0457208869
0	0.0460744024	0.3475508356	0.6063747620
0	0.9146823706	0.0028144686	0.0825031608
0	0.0000765056	0.6667151856	0.3332083088
0	0.8591624890	0.0054283405	0.1354091705
0	0.2334234033	0.0055922478	0.7609843489
0	0.9688187421	0.0020174943	0.0291637636
