0	0.0217239597	0.7974083667	0.1808676735
0	0.0000000012	0.9637020590	0.0362979399
0	0.3149024771	0.0857078346	0.5993896883
0	0.2017006330	0.6903271630	0.1079722041
0	0.2757957196	0.0890978367	0.6351064436
0	0.0278240393	0.0450049715	0.9271709892
0	0.0047198746	0.1487510312	0.8465290942
1	0.1737425996	0.8151187073	0.0111386931
1	0.0000000000	0.1710685196	0.8289314804
0	0.7352789691	0.2646335324	0.0000874985
0	0.8492390632	0.0194098383	0.1313510985
0	0.0086170942	0.7706697970	0.2207131088
1	0.0000000002	0.3184362168	0.6815637830
0	0.4510273772	0.2011876071	0.3477850158
0	0.2483423799	0.3859282819	0.3657293382
0	0.6794798512	0.1415454143	0.1789747345
0	0.3962795813	0.1265171354	0.4772032833
0	0.1324832782	0.7753337311	0.0921829907
0	0.8482695295	0.1138166163	0.0379138542
1	0.0685864237	0.1842773696	0.7471362067
0	0.8249103935	0.1750556988	0.0000339077
0	0.0013845938	0.0326223380	0.9659930682
0	0.7792139119	0.0000646130	0.2207214750
0	0.9640486043	0.0263218029	0.0096295928
0	0.4894913418	0.2013077249	0.3092009334
0	0.3556714959	0.5326153199	0.1117131842
0	0.2112178957	0.7650845102	0.0236975941
0	0.1733704988	0.6102920969	0.2163374043
0	0.9155091291	0.0717561504	0.0127347205
0	0.5364822146	0.3220778763	0.1414399092
0	0.8932453714	0.1051856426	0.0015689860
0	0.0846166424	0.0060906551	0.9092927024
0	0.9709338229	0.0007745731	0.0282916040
0	0.3247496653	0.5064930604	0.1687572743
1	0.9729338367	0.0270661401	0.0000000232
0	0.0348252081	0.2372073753	0.7279674165
0	0.0888632295	0.4145555026	0.4965812679
0	0.4291393666	0.0317601955	0.5391004379
0	0.0529539622	0.0000840792	0.9469619586
1	0.9232916468	0.0249385202	0.0517698330
0	0.2679169861	0.0008216382	0.7312613757
0	0.5292658975	0.2494388670	0.2212952355
0	0.7987840579	0.1868414713	0.0143744708
2	0.8844743268	0.1129228719	0.0026028013
0	0.0203596298	0.1214692561	0.8581711141
0	0.0724780072	0.2487070162	0.6788149766
0	0.9939931360	0.0023644266	0.0036424374
0	0.0040469408	0.8164724851	0.1794805742
0	0.6112256906	0.1473337390	0.2414405704
0	0.0173672743	0.9582827453	0.0243499804
0	0.4065552244	0.5384184411	0.0550263345
0	0.9431118256	0.0553195596	0.0015686148
0	0.8452239357	0.0250060672	0.1297699972
0	0.5893800348	0.4106199459	0.0000000192
0	0.9145643635	0.0399675997	0.0454680368
0	0.0843471231	0.1301060155	0.7855468614
0	0.8770129782	0.0374079807	0.0855790412
0	0.6079077606	0.3679986866	0.0240935528
1	0.9785062087	0.0075769482	0.0139168432
1	0.0618666506	0.6115600721	0.3265732773
1	0.7654643879	0.0060078611	0.2285277510
0	0.0721202577	0.9050360386	0.0228437037
0	0.9488763425	0.0324983761	0.0186252815
0	0.2470507356	0.3452468947	0.4077023697
0	0.4741266864	0.0164494142	0.5094238995
0	0.1531736939	0.5129511849	0.3338751212
0	0.7352378430	0.0262765574	0.2384855995
1	0.1407146599	0.8592772178	0.0000081222
0	0.1033724776	0.1407124882	0.7559150342
0	0.8371386813	0.0155575735	0.1473037452
0	0.0491597438	0.0000143180	0.9508259382
0	0.9762269293	0.0000000000	0.0237730707
1	0.2027943405	0.1841700341	0.6130356254
0	0.9369171784	0.0286391704	0.0344436512
0	0.0011357598	0.0009152483	0.9979489919
0	0.0379902804	0.8545846012	0.1074251183
0	0.7689641106	0.1214439402	0.1095919492
0	0.5896707688	0.0931449665	0.3171842647
0	0.4193161788	0.5802844231	0.0003993981
0	0.2898594770	0.7100077662	0.0001327568
0	0.5546017521	0.1718489800	0.2735492679
1	0.5904097461	0.2988091307	0.1107811233
0	0.1493454812	0.6982197282	0.1524347906
0	0.3556202445	0.6299802391	0.0143995163
0	0.0000000695	0.0066907200	0.9933092106
0	0.1714937240	0.0027822961	0.8257239799
0	0.9262408505	0.0282790342	0.0454801153
0	0.6789693863	0.3163431044	0.0046875093
0	0.0611370852	0.6081838428	0.3306790720
0	0.8644281607	0.0800165066	0.0555553327
0	0.1835173532	0.0121518508	0.8043307960
0	0.3435489268	0.4692547726	0.1871963006
0	0.0378579400	0.9343560112	0.0277860488
0	0.0000002896	0.9578856070	0.0421141034
0	0.0198823720	0.9468686025	0.0332490255
0	0.1743541329	0.6969744277	0.1286714394
0	0.9073598490	0.0108972558	0.0817428953
1	0.1470940130	0.7389705904	0.1139353966
1	0.9409866205	0.0590100815	0.0000032980
1	0.2786693945	0.1018734300	0.6194571755
