1	0.5702948872	0.4214089326	0.0082961803
1	0.2457815023	0.0275792470	0.7266392507
0	0.6748587386	0.2990020314	0.0261392300
0	0.2910085246	0.6742395926	0.0347518828
0	0.0000005531	0.0641567035	0.9358427434
1	0.4998507403	0.0172731837	0.4828760759
0	0.0004754674	0.1201686858	0.8793558468
0	0.0000000000	0.0283911569	0.9716088431
0	0.0469404987	0.9497098045	0.0033496967
0	0.0298945485	0.0454452930	0.9246601585
0	0.7091227593	0.1683274132	0.1225498276
0	0.8643397168	0.1348508722	0.0008094110
1	0.0422494814	0.2083060247	0.7494444939
0	0.1263707748	0.6750170682	0.1986121571
0	0.7386199641	0.1538818658	0.1074981701
0	0.2521160531	0.0083446180	0.7395393289
0	0.1764824803	0.5953763948	0.2281411249
0	0.4977874862	0.0020886790	0.5001238348
0	0.0004958356	0.3174578383	0.6820463261
0	0.1586771837	0.0330332147	0.8082896016
0	0.8751783893	0.0337324509	0.0910891598
0	0.0710419626	0.8767876579	0.0521703796
0	0.0047277109	0.0478076745	0.9474646146
0	0.1042686546	0.7351867515	0.1605445939
0	0.0486932879	0.0768598287	0.8744468834
0	0.3538492144	0.1142687745	0.5318820111
0	0.2879270427	0.2670273634	0.4450455939
1	0.6763568755	0.2891412322	0.0345018922
0	0.3850306374	0.0079271275	0.6070422351
0	0.0081889152	0.2525376168	0.7392734680
0	0.0128887687	0.4091025463	0.5780086849
0	0.0134377919	0.5329243689	0.4536378392
0	0.9895333739	0.0104503511	0.0000162750
0	0.4724070587	0.0628582013	0.4647347400
0	0.0035810238	0.9942002881	0.0022186881
0	0.1920651287	0.8079211291	0.0000137422
0	0.0000008453	0.0000000002	0.9999991544
0	0.0000000000	0.7422359421	0.2577640579
0	0.5931740316	0.1907521558	0.2160738126
0	0.8679394221	0.1091435515	0.0229170264
0	0.4454808360	0.4170176910	0.1375014729
0	0.0071730225	0.9106642214	0.0821627561
0	0.4915507306	0.0003733574	0.5080759120
0	0.0053034612	0.9425180559	0.0521784829
0	0.2207407810	0.3609561850	0.4183030340
1	0.5558591930	0.0000005193	0.4441402877
0	0.0375674101	0.0381840332	0.9242485567
0	0.4102951317	0.3998871080	0.1898177603
0	0.3023351334	0.0000064158	0.6976584508
0	0.9035890556	0.0934992393	0.0029117051
0	0.2762887856	0.6464313486	0.0772798658
0	0.9349782805	0.0267694986	0.0382522208
0	0.1041731145	0.2698309074	0.6259959780
0	0.5999564445	0.3992406656	0.0008028899
0	0.8511186691	0.0827349514	0.0661463795
1	0.3392156832	0.3579711661	0.3028131507
0	0.1814660217	0.5898075880	0.2287263903
1	0.3509634901	0.0893971267	0.5596393832
0	0.5325227235	0.4539369374	0.0135403391
0	0.0574022982	0.0499545580	0.8926431437
0	0.5199856590	0.2484398758	0.2315744652
0	0.4313768676	0.0011189463	0.5675041861
0	0.5449901267	0.0767587715	0.3782511018
0	0.3770736700	0.6160387329	0.0068875971
0	0.0150860738	0.0206602498	0.9642536763
0	0.3867236056	0.1012940679	0.5119823265
0	0.1555884571	0.0789452961	0.7654662468
1	0.2036230813	0.2705506895	0.5258262292
0	0.0168793314	0.0263162432	0.9568044254
0	0.0038345006	0.9961654993	0.0000000000
1	0.0008998251	0.1812399813	0.8178601936
0	0.0324627149	0.9674963998	0.0000408854
0	0.0000019133	0.8097025471	0.1902955396
0	0.0033673620	0.0458619495	0.9507706885
2	0.1413357751	0.3276782474	0.5309859775
0	0.9232884893	0.0721794309	0.0045320798
0	0.9407828442	0.0508705780	0.0083465778
0	0.1543816379	0.5415189557	0.3040994064
0	0.1585369362	0.4652062795	0.3762567842
0	0.6251228626	0.3729081667	0.0019689708
0	0.9455342322	0.0008460984	0.0536196693
0	0.9636209123	0.0003679928	0.0360110949
0	0.9501176825	0.0460009318	0.0038813858
0	0.0530196790	0.9469391440	0.0000411770
0	0.1075374042	0.8919352825	0.0005273133
0	0.1852056951	0.8044718381	0.0103224668
1	0.0016428111	0.6845544879	0.3138027010
0	0.0000353251	0.9348201459	0.0651445290
0	0.3091390900	0.5638339386	0.1270269714
0	0.0220457868	0.7267775994	0.2511766137
1	0.9449666221	0.0000000029	0.0550333750
0	0.2873739004	0.0931619713	0.6194641283
0	0.2491030470	0.7508757232	0.0000212298
0	0.0260263798	0.8274074411	0.1465661791
0	0.3629104280	0.1189983082	0.5180912638
0	0.4333489249	0.0818190892	0.4848319859
0	0.0514014345	0.4567278138	0.4918707517
0	0.9412833198	0.0017900813	0.0569265989
0	0.0000000000	0.9790534397	0.0209465603
0	0.8518714321	0.1277717472	0.0203568208
