1	0.5317217986	0.2899532694	0.1783249320
0	0.1620139325	0.2924506073	0.5455354602
0	0.5827987857	0.0089594716	0.4082417427
1	0.9634422426	0.0010715700	0.0354861875
0	0.2865107075	0.5423396509	0.1711496416
0	0.0874028554	0.2614910580	0.6511060866
1	0.1515301443	0.3040902139	0.5443796419
0	0.9928588774	0.0000000689	0.0071410537
1	0.1827141141	0.4098405956	0.4074452904
0	0.0188246104	0.0000025479	0.9811728417
1	0.5413800160	0.4515957826	0.0070242015
1	0.0003378161	0.0073588785	0.9923033054
0	0.5583650932	0.4406202705	0.0010146363
0	0.0207046568	0.9792925639	0.0000027794
0	0.9949739973	0.0021519565	0.0028740462
0	0.0199057284	0.8567400422	0.1233542294
0	0.0107129475	0.9892042498	0.0000828027
0	0.3998736888	0.1989410353	0.4011852758
1	0.0003992473	0.8080363114	0.1915644413
0	0.1973542151	0.6069692022	0.1956765827
0	0.5405265745	0.4594729881	0.0000004374
0	0.1970278580	0.8029721406	0.0000000014
0	0.7780641409	0.2219358565	0.0000000026
0	0.7081560385	0.2524896559	0.0393543055
0	0.0135411938	0.9759296593	0.0105291469
0	0.3698498071	0.1465020177	0.4836481753
1	0.1474645369	0.0443857843	0.8081496789
0	0.0549629745	0.1320950039	0.8129420216
0	0.2569868533	0.6516526699	0.0913604768
0	0.0169541821	0.4379247756	0.5451210423
0	0.3223080676	0.6600034778	0.0176884546
1	0.8730071073	0.1265310049	0.0004618878
0	0.1331421033	0.8271919581	0.0396659386
0	0.7778134319	0.2129740300	0.0092125380
0	0.1735021685	0.7197877796	0.1067100519
0	0.0002653260	0.5479909994	0.4517436746
0	0.1787662962	0.0006100732	0.8206236306
0	0.0508812722	0.7504491234	0.1986696044
1	0.0001558655	0.0095182878	0.9903258467
0	0.0005657802	0.6933131962	0.3061210236
1	0.0053992336	0.0000005718	0.9946001945
0	0.0362937413	0.0871998905	0.8765063683
0	0.7949738917	0.1875494939	0.0174766145
0	0.4940595705	0.4939241806	0.0120162489
1	0.2800766559	0.5867487075	0.1331746366
0	0.6436884276	0.3396910039	0.0166205685
0	0.7446212087	0.0133902595	0.2419885318
0	0.0021263663	0.0121686849	0.9857049488
0	0.0000000185	0.2053584503	0.7946415312
1	0.4886061078	0.2956474706	0.2157464215
0	0.2726557241	0.0035355606	0.7238087153
0	0.1981550563	0.7257092972	0.0761356465
0	0.2934811192	0.0099209498	0.6965979310
0	0.2096486832	0.6522417842	0.1381095326
0	0.9920652851	0.0046097570	0.0033249579
2	0.1618575317	0.5265397775	0.3116026908
1	0.0446114989	0.0312561538	0.9241323473
1	0.9414157959	0.0585842029	0.0000000012
1	0.0461215972	0.0512915072	0.9025868957
1	0.0087301229	0.0080262661	0.9832436110
0	0.4878431306	0.4033592481	0.1087976213
0	0.0017711325	0.6414018292	0.3568270383
0	0.8011499031	0.1556880844	0.0431620125
1	0.0541397296	0.7028877129	0.2429725576
1	0.0155004883	0.0283045151	0.9561949967
0	0.6899349423	0.1859181416	0.1241469161
0	0.6799016225	0.2276844909	0.0924138866
0	0.0507812870	0.9045347239	0.0446839891
0	0.9775434700	0.0224565298	0.0000000002
0	0.5450468617	0.1068148059	0.3481383324
0	0.3160970428	0.1619224718	0.5219804854
0	0.2989168022	0.4314148203	0.2696683775
0	0.3888460277	0.3708163558	0.2403376165
0	0.5897075504	0.4102924480	0.0000000016
0	0.0000000000	0.6291766472	0.3708233528
0	0.1579018902	0.8005225065	0.0415756033
0	0.9824178434	0.0175821555	0.0000000012
0	0.2740543915	0.5871274658	0.1388181427
0	0.4509635792	0.0166509326	0.5323854882
0	0.4909614284	0.3304023475	0.1786362240
0	0.9301586010	0.0240036280	0.0458377710
0	0.0273897757	0.9723898744	0.0002203499
1	0.4541992353	0.4622503080	0.0835504567
0	0.0292643982	0.8005288972	0.1702067046
0	0.0012714605	0.2822961894	0.7164323501
0	0.0366954377	0.8663008694	0.0970036929
0	0.1836858177	0.8114157874	0.0048983949
0	0.5968650624	0.3670014063	0.0361335313
0	0.0213061713	0.1276703242	0.8510235045
0	0.8157715495	0.0444227564	0.1398056940
0	0.0031967280	0.0496660303	0.9471372417
0	0.8857299551	0.0155592136	0.0987108313
0	0.2600015424	0.4131505850	0.3268478725
0	0.5004909691	0.0000418479	0.4994671830
0	0.0041797410	0.9957542929	0.0000659662
0	0.3941909146	0.4853176898	0.1204913956
0	0.2824348817	0.0113993574	0.7061657609
0	0.7374502826	0.1533108918	0.1092388256
0	0.9877267408	0.0046752055	0.0075980538
1	0.4203363448	0.5796636486	0.0000000066
