0	0.6948563137	0.0000000000	0.3051436863
0	0.3401447723	0.0000705785	0.6597846491
0	0.9807824048	0.0190316300	0.0001859652
0	0.1298638320	0.0000000000	0.8701361680
0	0.9978591157	0.0000000000	0.0021408843
0	0.6442401012	0.1617421066	0.1940177922
0	0.3272073458	0.6531031539	0.0196895002
0	0.0134135822	0.2141682353	0.7724181824
0	0.0000000000	0.5252288320	0.4747711680
0	0.2734982684	0.6618104726	0.0646912590
0	0.0010055752	0.7305017527	0.2684926721
0	0.1486176167	0.4593704336	0.3920119497
1	0.4808774549	0.1148712194	0.4042513258
0	0.0717002064	0.5596367774	0.3686630162
1	0.2205169069	0.4968453984	0.2826376947
0	0.2150223507	0.6336811266	0.1512965227
1	0.0559578401	0.7705733921	0.1734687678
0	0.6023582707	0.3265769176	0.0710648117
0	0.3482705284	0.2386152224	0.4131142492
0	0.0389092014	0.9241931846	0.0368976140
1	0.5398590990	0.3854686297	0.0746722712
1	0.1060375085	0.1217678145	0.7721946770
0	0.1951625488	0.0278202572	0.7770171939
1	0.5870603340	0.0792196963	0.3337199698
1	0.1633614455	0.6625368896	0.1741016649
1	0.7069186422	0.0000479308	0.2930334270
0	0.0017806711	0.0992399473	0.8989793816
0	0.0580943643	0.9337697518	0.0081358838
0	0.5908042658	0.3485835717	0.0606121625
0	0.0076216410	0.4908734033	0.5015049556
0	0.0221026053	0.0023256108	0.9755717839
0	0.0778284795	0.6793547449	0.2428167756
1	0.4823465395	0.5175403856	0.0001130749
0	0.0820834150	0.7113784556	0.2065381293
0	0.8866234023	0.1077042011	0.0056723966
0	0.0018425183	0.4482046808	0.5499528009
0	0.7774450489	0.1346644323	0.0878905188
0	0.1812646137	0.3872790460	0.4314563403
0	0.0648887298	0.0248943399	0.9102169303
0	0.7171871325	0.1325543697	0.1502584978
0	0.1273189010	0.8722365078	0.0004445913
0	0.0082819517	0.9914510113	0.0002670370
0	0.0480070670	0.7654166581	0.1865762750
0	0.2736125100	0.0169510641	0.7094364259
1	0.0019414186	0.5242478307	0.4738107507
0	0.0702941287	0.0085958758	0.9211099955
1	0.0170756726	0.9464347221	0.0364896053
0	0.0000127729	0.6914691126	0.3085181145
1	0.5354266602	0.0652609894	0.3993123504
0	0.0002360682	0.1653962555	0.8343676763
0	0.0000834900	0.0108230101	0.9890934999
1	0.0035269111	0.7285128321	0.2679602568
0	0.0587403773	0.0160597878	0.9251998348
0	0.0437549862	0.9540314904	0.0022135234
0	0.4404704718	0.4132369073	0.1462926208
0	0.0300324229	0.4955505515	0.4744170255
1	0.0014375569	0.9493386355	0.0492238076
0	0.3466443830	0.1369054388	0.5164501782
0	0.0475771016	0.0663042034	0.8861186950
0	0.6491186556	0.2699183227	0.0809630217
0	0.0926555885	0.0026179887	0.9047264228
0	0.1052249068	0.8471416676	0.0476334257
0	0.0074998200	0.8533382973	0.1391618827
0	0.0449718989	0.0424655365	0.9125625646
0	0.8730716650	0.0000000000	0.1269283350
0	0.0871782819	0.2291230362	0.6836986819
1	0.0127849996	0.9872018929	0.0000131075
0	0.3917309056	0.0833022078	0.5249668866
1	0.0267121838	0.2628219916	0.7104658246
0	0.7517608550	0.2367513629	0.0114877821
0	0.6546082048	0.0847386286	0.2606531666
0	0.8713422251	0.1146945582	0.0139632167
0	0.1303123758	0.5612888159	0.3083988083
0	0.6234024602	0.3698987947	0.0066987451
0	0.3912193950	0.3955532766	0.2132273284
0	0.9443838445	0.0080910231	0.0475251324
2	0.3818207291	0.5915611509	0.0266181200
0	0.0608437827	0.7539570138	0.1851992036
0	0.0058011774	0.2873323977	0.7068664249
1	0.0000000000	0.9835789901	0.0164210099
0	0.2855389581	0.2809589688	0.4335020731
1	0.4348743886	0.5363138232	0.0288117881
0	0.9332411370	0.0662528141	0.0005060489
0	0.0508276351	0.5288340720	0.4203382929
1	0.1635988395	0.1884215440	0.6479796165
0	0.2070194231	0.5590494327	0.2339311442
0	0.9207183129	0.0030208321	0.0762608549
0	0.8924323813	0.0872162376	0.0203513811
0	0.1829702981	0.0676252992	0.7494044027
0	0.8421587650	0.1523446850	0.0054965500
0	0.1936435644	0.3696845401	0.4366718955
0	0.7427760118	0.1228913534	0.1343326348
0	0.6708202604	0.0067064025	0.3224733371
0	0.5951127405	0.3850972441	0.0197900154
0	0.0022357254	0.9949381600	0.0028261146
1	0.4070296637	0.1664491812	0.4265211551
0	0.5584107883	0.3069146567	0.1346745549
0	0.2750578509	0.0005219696	0.7244201794
0	0.2578751582	0.0031363708	0.7389884710
1	0.0253634397	0.0007682406	0.9738683197
