0	0.7772308262	0.2227672953	0.0000018785
0	0.0029977556	0.9966537613	0.0003484832
0	0.4562344691	0.4195729956	0.1241925354
0	0.2271587627	0.7244546981	0.0483865392
0	0.0120629380	0.9879052528	0.0000318092
1	0.7728629996	0.0680567693	0.1590802311
0	0.0057441731	0.2737748836	0.7204809433
0	0.0022257465	0.0039100867	0.9938641667
1	0.0778583637	0.9212317103	0.0009099260
0	0.0693699438	0.8584848678	0.0721451884
0	0.1122535060	0.8508362166	0.0369102773
0	0.6371748345	0.0000002379	0.3628249276
0	0.9308170383	0.0691824477	0.0000005140
1	0.1825289880	0.8131801776	0.0042908344
1	0.4639843121	0.0000000235	0.5360156643
0	0.7856975722	0.1847845810	0.0295178468
0	0.0014382018	0.0072800108	0.9912817874
0	0.7839766804	0.1731329180	0.0428904016
0	0.0000000001	0.8804614359	0.1195385640
0	0.0001613182	0.4593653143	0.5404733675
1	0.0000069591	0.9659887112	0.0340043297
0	0.0317412199	0.1222179288	0.8460408513
1	0.1512573863	0.8487426085	0.0000000052
0	0.9578624450	0.0421375514	0.0000000037
0	0.0091643218	0.9757643092	0.0150713690
0	0.0001253513	0.9987652548	0.0011093939
0	0.0302875899	0.3747875014	0.5949249088
0	0.9976603480	0.0010529731	0.0012866789
0	0.4546632693	0.1824303573	0.3629063734
0	0.0319875133	0.9309344794	0.0370780074
0	0.0321068642	0.5652501762	0.4026429596
0	0.0000001007	0.9996815377	0.0003183616
1	0.4023078939	0.5971130174	0.0005790887
0	0.9965126618	0.0000006365	0.0034867017
0	0.3819292667	0.5740157461	0.0440549872
0	0.0756691516	0.0011305278	0.9232003206
0	0.0013672597	0.9978358669	0.0007968733
1	0.1937835884	0.0000000000	0.8062164116
0	0.2609748403	0.7384227281	0.0006024316
0	0.1670683662	0.5571861074	0.2757455264
0	0.9889490090	0.0000000498	0.0110509412
0	0.5903134659	0.0025757259	0.4071108082
0	0.0977646462	0.3716223225	0.5306130313
1	0.0008383808	0.9807731510	0.0183884682
0	0.0112147191	0.9883509631	0.0004343178
0	0.0210608415	0.9456429124	0.0332962460
0	0.0000000004	0.3681890699	0.6318109297
0	0.5166319396	0.4833501376	0.0000179229
0	0.2707972351	0.0286555290	0.7005472359
0	0.0000000000	0.3445751448	0.6554248552
0	0.0000156389	0.5136827414	0.4863016197
0	0.1958129695	0.6475389343	0.1566480962
1	0.8990056821	0.0853249900	0.0156693279
0	0.1808623947	0.3300937753	0.4890438300
0	0.9998905640	0.0000191409	0.0000902952
1	0.7881239307	0.1832014437	0.0286746256
0	0.9045442436	0.0954493188	0.0000064376
0	0.0000216351	0.9925553957	0.0074229691
0	0.0000002050	0.8805887177	0.1194110773
0	0.0113836877	0.0332499578	0.9553663546
0	0.1495723377	0.8452136818	0.0052139805
0	0.3942593434	0.4439739466	0.1617667100
0	0.7526703176	0.2053031600	0.0420265224
1	0.2300392312	0.1464769465	0.6234838223
0	0.0255734032	0.0149252408	0.9595013559
0	0.5707514033	0.1919828316	0.2372657651
0	0.5090814710	0.4706501428	0.0202683861
0	0.7625249873	0.2374740587	0.0000009540
1	0.6701579567	0.3201984741	0.0096435692
0	0.0000000089	0.8631118518	0.1368881393
0	0.0002775328	0.9963090425	0.0034134247
2	0.2144031196	0.7846289522	0.0009679282
1	0.9710632602	0.0115995863	0.0173371535
0	0.0000000008	0.9961359330	0.0038640662
0	0.8233004334	0.1763544540	0.0003451125
0	0.4675736042	0.3289018472	0.2035245486
0	0.2195839853	0.7783524906	0.0020635241
0	0.9988310365	0.0005104525	0.0006585110
0	0.6979855178	0.3020046033	0.0000098790
0	0.0197551206	0.2929378510	0.6873070284
0	0.0310863724	0.0011667415	0.9677468861
0	0.6808663821	0.0326926459	0.2864409720
1	0.9529778992	0.0000020148	0.0470200860
0	0.4980164633	0.0221802570	0.4798032797
0	0.6966093919	0.1253115375	0.1780790705
0	0.0957650689	0.8249608883	0.0792740429
0	0.9781727627	0.0218232760	0.0000039613
0	0.0997082441	0.0023764937	0.8979152622
1	0.8698718151	0.0009487273	0.1291794576
0	0.2015886540	0.1637212981	0.6346900479
0	0.0934363283	0.7558065598	0.1507571120
1	0.7894995079	0.2105004921	0.0000000000
0	0.0644894545	0.5891001000	0.3464104455
0	0.0283533683	0.7238762476	0.2477703840
0	0.6489621598	0.0132323798	0.3378054604
0	0.0346732244	0.0106687892	0.9546579865
0	0.0000000000	0.9999997029	0.0000002971
0	0.0114769684	0.9885230316	0.0000000000
2	0.4474759121	0.0035904420	0.5489336459
0	0.9920334495	0.0006297083	0.0073368422
