0	0.7260768412	0.2667507570	0.0071724018
2	0.6505822128	0.0016379485	0.3477798387
1	0.2083442495	0.6644633230	0.1271924275
0	0.9724181265	0.0063788901	0.0212029834
0	0.0913948390	0.3959899202	0.5126152408
0	0.9682399757	0.0000000000	0.0317600243
0	0.0581173464	0.0243635463	0.9175191073
0	0.6754240302	0.2501636529	0.0744123169
1	0.7635541750	0.0103574433	0.2260883817
1	0.2507934681	0.0805587781	0.6686477539
0	0.3861533155	0.2680094562	0.3458372283
1	0.0177100818	0.9810945655	0.0011953527
0	0.0009205810	0.9711442597	0.0279351593
0	0.4699320176	0.0833308274	0.4467371550
1	0.1429751401	0.6321422917	0.2248825682
1	0.2362255414	0.1836927101	0.5800817486
0	0.1250902779	0.4789127531	0.3959969689
1	0.5918376640	0.1141809050	0.2939814309
0	0.2008952173	0.0297782112	0.7693265716
0	0.0193877894	0.8806811460	0.0999310646
0	0.0542160017	0.1454966583	0.8002873400
0	0.2242302647	0.3510042517	0.4247654836
0	0.1083443096	0.7182318492	0.1734238412
0	0.0146539681	0.1211724437	0.8641735882
0	0.1413929833	0.8445121189	0.0140948978
0	0.7485246216	0.2514753462	0.0000000322
0	0.6091017976	0.0582929368	0.3326052655
0	0.0091416447	0.8599345307	0.1309238247
1	0.1356130916	0.3170246393	0.5473622691
1	0.3934903534	0.1298706319	0.4766390147
1	0.7733823003	0.2189797788	0.0076379209
1	0.1699519819	0.3728371027	0.4572109154
0	0.9178815342	0.0347092229	0.0474092428
0	0.0003550106	0.8921042833	0.1075407061
0	0.0007153282	0.3594294467	0.6398552251
0	0.1971460148	0.7058173181	0.0970366672
0	0.0000000000	0.8938385865	0.1061614135
0	0.3007372994	0.5160171077	0.1832455929
1	0.0004555276	0.8421187027	0.1574257697
0	0.5113946214	0.4886053786	0.0000000000
0	0.0171655932	0.0273810091	0.9554533977
1	0.3231639206	0.6303862376	0.0464498417
0	0.1931273595	0.5420040807	0.2648685598
0	0.0871489727	0.7772351143	0.1356159130
0	0.3894486611	0.5184958471	0.0920554917
0	0.2167515784	0.7178899734	0.0653584482
0	0.0649833468	0.9159069314	0.0191097218
0	0.8910898148	0.0000578020	0.1088523832
0	0.0038390476	0.7861606151	0.2100003373
0	0.8804323242	0.1040191166	0.0155485592
0	0.0064202774	0.3687125373	0.6248671853
0	0.0765963804	0.0217516041	0.9016520155
0	0.1113637380	0.3005996834	0.5880365786
0	0.8484661515	0.0516469143	0.0998869342
1	0.0583765424	0.8332647020	0.1083587556
0	0.7715888938	0.1936301387	0.0347809675
0	0.0449823318	0.2947265365	0.6602911317
0	0.3790533049	0.5871579257	0.0337887693
0	0.0053226709	0.6718235533	0.3228537758
1	0.0184010395	0.2181764222	0.7634225383
0	0.4398117024	0.4443361686	0.1158521290
0	0.0347168500	0.4541688445	0.5111143055
0	0.4911684566	0.2938122201	0.2150193233
0	0.0282338090	0.0000041810	0.9717620100
0	0.0753544860	0.3849108142	0.5397346997
0	0.0236420458	0.8490115328	0.1273464213
0	0.1920949520	0.8008222624	0.0070827856
0	0.0187695866	0.8490303430	0.1322000704
0	0.6641592494	0.1437793630	0.1920613876
0	0.0905766001	0.8563358843	0.0530875157
0	0.0240702956	0.6306660524	0.3452636520
0	0.2852766066	0.4022066546	0.3125167388
0	0.2725349368	0.0011794023	0.7262856609
1	0.1285205265	0.0002277269	0.8712517466
0	0.5725088922	0.0771423384	0.3503487694
0	0.0300365019	0.9586151245	0.0113483737
0	0.1073093473	0.6767453029	0.2159453497
1	0.5146766684	0.2432316250	0.2420917066
1	0.0000000224	0.5533224411	0.4466775365
0	0.9765120920	0.0234296587	0.0000582493
0	0.5650038570	0.3310267923	0.1039693507
0	0.0394156721	0.9494297421	0.0111545858
0	0.3432079681	0.5770069574	0.0797850745
0	0.0156368565	0.9669920505	0.0173710931
0	0.6319401106	0.0222368606	0.3458230288
0	0.0001622586	0.0025302541	0.9973074873
0	0.4269632284	0.0073544680	0.5656823036
0	0.3061488266	0.3771878456	0.3166633277
0	0.0048697217	0.9014193503	0.0937109280
0	0.2317873382	0.1176554432	0.6505572187
0	0.2772376225	0.7227622705	0.0000001070
1	0.0728042912	0.8869784512	0.0402172576
0	0.1193458604	0.7909851196	0.0896690199
0	0.3922345971	0.5832264302	0.0245389727
0	0.5905217969	0.0126046261	0.3968735770
0	0.0143494787	0.8409118208	0.1447387005
0	0.0628943543	0.8289307728	0.1081748729
0	0.3404486296	0.2463787515	0.4131726189
0	0.1561274838	0.7475095366	0.0963629796
0	0.6253673632	0.3746326265	0.0000000102
