0	0.0918756907	0.9075679641	0.0005563452
0	0.8592607430	0.0913542667	0.0493849903
0	0.0000000141	0.0000076937	0.9999922922
0	0.9361428558	0.0638571442	0.0000000000
0	0.7342901232	0.2656800624	0.0000298144
0	0.9843767356	0.0000000000	0.0156232644
0	0.5803556372	0.2996970649	0.1199472979
0	0.0941139227	0.2693404499	0.6365456274
0	0.9979534754	0.0018883156	0.0001582091
0	0.1624444523	0.3269631700	0.5105923778
0	0.3268908828	0.6727471113	0.0003620060
1	0.2275161777	0.3711252514	0.4013585709
0	0.4835571179	0.5164412178	0.0000016643
0	0.1299133903	0.8376143954	0.0324722143
0	0.5444895422	0.0011207598	0.4543896981
0	0.9201639505	0.0071251349	0.0727109146
0	0.6092647428	0.1401614726	0.2505737846
0	0.8490987819	0.1509011893	0.0000000288
0	0.0332733400	0.3280044894	0.6387221706
0	0.0000013026	0.1499199499	0.8500787475
0	0.3945021903	0.5687920314	0.0367057784
1	0.7057812872	0.0689931555	0.2252255573
0	0.0791668702	0.0000002886	0.9208328412
0	0.8905988691	0.0607827943	0.0486183366
0	0.3500401960	0.1618348141	0.4881249898
0	0.3673455271	0.6036996692	0.0289548037
0	0.6202921367	0.3795540973	0.0001537660
0	0.5488655580	0.1116327324	0.3395017096
0	0.5877865395	0.1015854137	0.3106280469
1	0.0103680893	0.9854082753	0.0042236354
0	0.8910618500	0.1048289123	0.0041092378
1	0.3659638455	0.6147349509	0.0193012037
0	0.4213047739	0.5122896622	0.0664055638
1	0.8560488974	0.1334280769	0.0105230258
0	0.8687613746	0.1225518245	0.0086868008
0	0.0000001193	0.7413870251	0.2586128557
0	0.0868444273	0.0143933441	0.8987622286
0	0.9245539672	0.0488740920	0.0265719407
0	0.2546731642	0.0114051211	0.7339217146
0	0.1507562728	0.3923878977	0.4568558295
0	0.6407613404	0.0053564482	0.3538822114
1	0.9125059090	0.0129885337	0.0745055573
0	0.2489107870	0.0001578841	0.7509313289
0	0.0643803381	0.6111699369	0.3244497250
0	0.3558174191	0.6345873299	0.0095952510
0	0.0726821928	0.4114865045	0.5158313027
0	0.1275688227	0.4211701202	0.4512610571
0	0.0717741021	0.1406951287	0.7875307691
0	0.0688648968	0.9311351028	0.0000000004
1	0.9574069834	0.0425928715	0.0000001451
2	0.9228261394	0.0771738605	0.0000000000
0	0.1571816779	0.5070961130	0.3357222091
0	0.1852317427	0.0112342592	0.8035339981
0	0.9939077687	0.0000024965	0.0060897348
0	0.2526138059	0.7322245398	0.0151616543
1	0.0206754317	0.0932094181	0.8861151503
1	0.1622212953	0.5275563982	0.3102223065
0	0.1372385518	0.5968867993	0.2658746489
0	0.1774421094	0.6222308775	0.2003270130
0	0.3765225329	0.1640516254	0.4594258417
0	0.9988007195	0.0005765896	0.0006226909
0	0.7225600120	0.0003743566	0.2770656314
0	0.0000000147	0.7059774019	0.2940225833
1	0.3907057394	0.5935180006	0.0157762600
0	0.4459661912	0.5536896944	0.0003441144
1	0.9838190944	0.0072610807	0.0089198249
0	0.2710125944	0.6393746282	0.0896127774
0	0.9337760253	0.0657294332	0.0004945415
0	0.7121520982	0.0008731870	0.2869747149
0	0.1044109102	0.4446252677	0.4509638221
0	0.1177455215	0.2510957995	0.6311586790
1	0.0141267230	0.9858698389	0.0000034381
0	0.9242504002	0.0690833318	0.0066662679
0	0.7093801812	0.1395039002	0.1511159186
0	0.0171975428	0.6882815793	0.2945208779
0	0.7582936523	0.1548291119	0.0868772358
1	0.9804286818	0.0133464250	0.0062248932
0	0.5649976057	0.0119276753	0.4230747190
0	0.2096292117	0.0116697999	0.7787009884
0	0.2024582142	0.4531867513	0.3443550346
0	0.0000192715	0.0000000000	0.9999807285
0	0.5366716334	0.4633283666	0.0000000000
0	0.0002447574	0.4814624520	0.5182927906
0	0.6822914500	0.2361223890	0.0815861610
0	0.1077879277	0.7777538849	0.1144581874
0	0.4532791050	0.0001027225	0.5466181725
0	0.0327207656	0.7732229029	0.1940563315
0	0.3726201544	0.6187499800	0.0086298656
1	0.1268273094	0.0843828432	0.7887898474
1	0.0216828905	0.0812565795	0.8970605299
0	0.0570542287	0.9407838233	0.0021619480
0	0.0000000573	0.9342432555	0.0657566872
0	0.9973770335	0.0000000732	0.0026228933
0	0.0011634276	0.4397529646	0.5590836078
0	0.0168190185	0.3036879196	0.6794930619
0	0.3720545378	0.1112516871	0.5166937750
1	0.0317256689	0.3380536230	0.6302207081
1	0.1682847746	0.8272423335	0.0044728919
0	0.9999207610	0.0000659715	0.0000132675
0	0.6765715401	0.2082344711	0.1151939887
