1	0.0992256200	0.8673871538	0.0333872263
0	0.3558448793	0.0644915498	0.5796635709
0	0.0043534603	0.9188201610	0.0768263787
0	0.0386102472	0.1827335810	0.7786561718
0	0.3073922687	0.1138036959	0.5788040355
0	0.0796394308	0.0053799312	0.9149806380
0	0.5634758788	0.3455875493	0.0909365719
0	0.3723230925	0.6260185496	0.0016583579
1	0.0378686565	0.0001222608	0.9620090826
0	0.8731101078	0.0682245923	0.0586652999
0	0.0000000069	0.9759026537	0.0240973394
0	0.0731428215	0.9076442998	0.0192128786
0	0.0000012983	0.9920569242	0.0079417775
0	0.2532538733	0.3794405658	0.3673055609
1	0.0535782960	0.1282448126	0.8181768914
0	0.0016905364	0.8826806582	0.1156288055
0	0.0000017297	0.9999982645	0.0000000058
0	0.0567584795	0.6824595868	0.2607819337
0	0.5368913472	0.0044224567	0.4586861961
0	0.1811510103	0.7754319986	0.0434169911
2	0.0399712992	0.0066933120	0.9533353888
0	0.0094919241	0.1554770783	0.8350309976
1	0.4998836328	0.0056958021	0.4944205651
0	0.0747878237	0.0399334026	0.8852787737
0	0.0263830839	0.0044698659	0.9691470502
0	0.0000621758	0.3045420702	0.6953957540
0	0.0463321175	0.9536673801	0.0000005024
0	0.3451331662	0.1122642880	0.5426025458
0	0.0001272316	0.9695239252	0.0303488433
0	0.2631521986	0.6304381701	0.1064096313
0	0.0562040236	0.3669744365	0.5768215399
0	0.3137357438	0.0000707589	0.6861934973
0	0.0039965387	0.2097837512	0.7862197102
0	0.0576271653	0.1739389676	0.7684338672
1	0.0553438184	0.1861965598	0.7584596217
0	0.0254198215	0.9114942748	0.0630859037
0	0.4810102389	0.0473420543	0.4716477068
0	0.8745634788	0.0830781649	0.0423583562
0	0.9920407856	0.0075290397	0.0004301748
1	0.0083161159	0.0148464193	0.9768374647
1	0.0067187273	0.0099266743	0.9833545984
0	0.0037112371	0.7641486475	0.2321401154
0	0.4863018586	0.3583701798	0.1553279615
0	0.0000322096	0.9848052687	0.0151625217
1	0.7972364547	0.0707590882	0.1320044571
0	0.4228961740	0.5759786706	0.0011251554
0	0.6291702385	0.3275173528	0.0433124087
0	0.3341410528	0.6629546641	0.0029042831
0	0.2977164971	0.4515384358	0.2507450671
0	0.6973868921	0.2995828761	0.0030302318
0	0.0741509909	0.8880178626	0.0378311465
0	0.0187832040	0.0000037077	0.9812130883
0	0.6367178213	0.0192190572	0.3440631214
0	0.0145923273	0.0223317969	0.9630758758
0	0.0863335163	0.7867582375	0.1269082462
0	0.3675568178	0.3543744674	0.2780687148
2	0.1914267480	0.7970175215	0.0115557305
0	0.0348444707	0.9522306379	0.0129248914
0	0.0395409367	0.6349727852	0.3254862781
2	0.0246437295	0.9387298197	0.0366264509
0	0.0422871194	0.5930774942	0.3646353863
0	0.7997298538	0.1554348959	0.0448352503
0	0.8448864874	0.1471622180	0.0079512946
0	0.1806927499	0.4675721869	0.3517350632
0	0.0486587785	0.0754487367	0.8758924848
0	0.2221858281	0.7126437783	0.0651703936
0	0.7324088220	0.2243866145	0.0432045635
0	0.9924119644	0.0000577166	0.0075303190
0	0.1484135093	0.0482293502	0.8033571405
0	0.6659118902	0.2154833081	0.1186048017
1	0.5598215342	0.3209638099	0.1192146559
0	0.8674644904	0.0435904886	0.0889450210
0	0.8433113087	0.1378327065	0.0188559848
1	0.0612224869	0.8816483554	0.0571291577
1	0.0000000000	0.5847334192	0.4152665808
0	0.6493911682	0.2483648364	0.1022439955
0	0.1058369692	0.2376336318	0.6565293989
0	0.4137953849	0.5670931786	0.0191114365
0	0.4931996527	0.0131242694	0.4936760778
0	0.5826461727	0.0187087730	0.3986450543
0	0.7380462776	0.0172564388	0.2446972836
1	0.1147982860	0.0037216207	0.8814800933
0	0.0127158360	0.9501006149	0.0371835491
1	0.9993282323	0.0003684630	0.0003033047
0	0.0860922730	0.8882033266	0.0257044005
1	0.8645943727	0.0399448766	0.0954607507
0	0.1754522074	0.2617925824	0.5627552102
0	0.6637367969	0.0000664051	0.3361967980
0	0.3959391151	0.5465675126	0.0574933723
0	0.0155331751	0.0003446079	0.9841222169
0	0.0004291980	0.0317957508	0.9677750512
1	0.0601274256	0.0996970767	0.8401754977
0	0.4845115246	0.0057206398	0.5097678357
0	0.0012636458	0.9976758212	0.0010605330
0	0.4833187244	0.5163987500	0.0002825256
1	0.4706010793	0.5293989207	0.0000000000
0	0.3031808832	0.0386299147	0.6581892022
0	0.0989253436	0.2343432118	0.6667314446
0	0.0000000568	0.8096519645	0.1903479787
0	0.2899514744	0.0004522266	0.7095962990
