0	0.0446321455	0.0187887615	0.9365790930
0	0.0000681175	0.5918990198	0.4080328627
1	0.9432382366	0.0004678335	0.0562939298
1	0.0092444112	0.7894622419	0.2012933469
0	0.0947559332	0.0508593186	0.8543847482
0	0.0302006120	0.8439049682	0.1258944199
1	0.0014778757	0.9953221699	0.0031999543
0	0.8344514620	0.0869472788	0.0786012593
0	0.0052963553	0.0993608335	0.8953428113
0	0.0702596781	0.7983463515	0.1313939704
0	0.2145663988	0.6101925262	0.1752410750
0	0.9014223316	0.0876146563	0.0109630121
0	0.0048171209	0.1160495029	0.8791333762
0	0.9912656198	0.0084573896	0.0002769906
0	0.0337694924	0.1530870721	0.8131434355
0	0.3818725660	0.1315801584	0.4865472756
0	0.0510520215	0.8935432873	0.0554046912
1	0.0324590319	0.8857997779	0.0817411902
0	0.0000448133	0.0399617067	0.9599934800
0	0.1959781692	0.1822342598	0.6217875710
0	0.1121372008	0.8353197820	0.0525430172
0	0.0044663215	0.4657184321	0.5298152464
0	0.0293343704	0.2884881683	0.6821774613
1	0.5614804572	0.4376833997	0.0008361431
1	0.5799537829	0.1331503273	0.2868958898
0	0.0480545201	0.0090160158	0.9429294642
0	0.0635238024	0.8246898027	0.1117863950
2	0.0441828336	0.5502172437	0.4055999226
0	0.4817949222	0.5177460326	0.0004590452
1	0.1524964549	0.8456864902	0.0018170550
0	0.0087076963	0.6134820700	0.3778102337
0	0.0064543029	0.9569614985	0.0365841986
1	0.4732530857	0.3046211054	0.2221258089
0	0.0311280962	0.0262020745	0.9426698293
1	0.8972628442	0.1026990422	0.0000381137
0	0.1734912824	0.2599866318	0.5665220857
0	0.3160639316	0.5985043163	0.0854317521
0	0.0842693792	0.0228775503	0.8928530704
1	0.0441382404	0.5195101101	0.4363516495
0	0.0061487324	0.0325094291	0.9613418386
1	0.1332341604	0.8662505165	0.0005153231
0	0.0099253146	0.0570369778	0.9330377076
1	0.6660705269	0.3339294729	0.0000000002
0	0.8402495446	0.0159227202	0.1438277351
0	0.0056592945	0.0090555830	0.9852851225
0	0.0000013449	0.7481321541	0.2518665010
0	0.3032151599	0.0293455488	0.6674392913
0	0.0277999374	0.9721644603	0.0000356023
0	0.0721866345	0.9088274043	0.0189859612
0	0.4127191801	0.0190465194	0.5682343005
0	0.0097606843	0.1045203737	0.8857189420
0	0.3385442773	0.0220198238	0.6394358989
0	0.6228747202	0.0098101589	0.3673151209
0	0.5747833210	0.0017074562	0.4235092228
1	0.0000845749	0.1663769716	0.8335384535
0	0.2452940760	0.0412876217	0.7134183023
0	0.9460490071	0.0538484195	0.0001025734
1	0.1898041686	0.0000000142	0.8101958172
0	0.0000965224	0.1623159688	0.8375875088
1	0.0124472769	0.4371115955	0.5504411277
0	0.9482898998	0.0000543696	0.0516557306
0	0.0039068149	0.0376484812	0.9584447038
1	0.8226784085	0.0000062366	0.1773153550
0	0.0490382355	0.9509617044	0.0000000600
1	0.3717187871	0.0766591019	0.5516221111
1	0.4529030250	0.0565344563	0.4905625187
1	0.0001008042	0.2989291271	0.7009700686
0	0.9245609198	0.0009094468	0.0745296334
0	0.6756980579	0.3243019421	0.0000000001
0	0.4105903482	0.3324352136	0.2569744381
0	0.0120054920	0.4062869245	0.5817075835
0	0.8425279852	0.1572652666	0.0002067481
0	0.8389485000	0.0052677662	0.1557837338
0	0.6325256402	0.1972623238	0.1702120361
0	0.0152673891	0.2986476339	0.6860849769
0	0.0018360356	0.5582737880	0.4398901764
0	0.9999838753	0.0000028362	0.0000132886
0	0.3837433317	0.4808761511	0.1353805172
1	0.0127060356	0.3740923383	0.6132016261
0	0.9145584316	0.0808862202	0.0045553482
0	0.8698945303	0.0000009382	0.1301045315
0	0.8967970127	0.0804308960	0.0227720913
0	0.8455480550	0.1544519448	0.0000000002
0	0.5685532607	0.0206930055	0.4107537338
1	0.8781714630	0.0000000000	0.1218285370
0	0.0017458439	0.9727556044	0.0254985517
0	0.0750699436	0.6727950685	0.2521349879
0	0.1511416948	0.0368282765	0.8120300287
0	0.0258020978	0.6772293496	0.2969685525
0	0.0148329008	0.3399884417	0.6451786575
0	0.0357282474	0.2117937248	0.7524780278
0	0.0000000000	0.6617509003	0.3382490997
1	0.7997135803	0.1368826898	0.0634037299
0	0.0234391670	0.9347142991	0.0418465339
0	0.5394303338	0.3119872852	0.1485823810
1	0.5366792625	0.2048173606	0.2585033768
0	0.2287712031	0.6815907051	0.0896380917
0	0.9989454220	0.0010545779	0.0000000001
0	0.0274627218	0.8988289792	0.0737082990
1	0.5948719281	0.3984862133	0.0066418586
