0	0.2884324017	0.2370082634	0.4745593350
0	0.4881093803	0.0169895260	0.4949010938
0	0.9326091165	0.0490448490	0.0183460345
0	0.5995714663	0.0035894328	0.3968391008
0	0.2472348879	0.0127236287	0.7400414834
1	0.1099377239	0.8842920568	0.0057702193
0	0.2266649448	0.1136709444	0.6596641108
0	0.2543329497	0.7446303882	0.0010366621
1	0.9746601836	0.0134117245	0.0119280919
0	0.6677920706	0.0126721990	0.3195357304
0	0.7552845768	0.0086547719	0.2360606513
0	0.9825503452	0.0005270372	0.0169226175
0	0.9399564732	0.0015659413	0.0584775855
1	0.0945693407	0.9052198408	0.0002108185
1	0.0580907446	0.8773640863	0.0645451691
0	0.3332187625	0.6430450818	0.0237361557
0	0.0983617189	0.0511010759	0.8505372051
0	0.0611636607	0.3740188670	0.5648174723
0	0.2377235996	0.0315052662	0.7307711342
1	0.6659837320	0.0519945170	0.2820217510
0	0.0023790324	0.6283452426	0.3692757251
0	0.1824997277	0.1012067158	0.7162935565
0	0.5643064152	0.0798488538	0.3558447310
0	0.0087153923	0.0000593255	0.9912252822
0	0.0097051127	0.1694231553	0.8208717320
0	0.7074725286	0.1899860697	0.1025414017
0	0.6348619048	0.0008321237	0.3643059715
0	0.3879593761	0.5319471203	0.0800935036
0	0.4839942207	0.3246302230	0.1913755562
0	0.2387490565	0.1646092111	0.5966417324
1	0.7415347771	0.0000000000	0.2584652229
0	0.5467612818	0.0205425192	0.4326961990
0	0.3756603489	0.5337804071	0.0905592440
0	0.1587748880	0.0000684615	0.8411566504
0	0.0001498471	0.3872688915	0.6125812614
1	0.4526831889	0.2768659297	0.2704508814
0	0.0112768077	0.0000000026	0.9887231896
0	0.0042819129	0.9849195556	0.0107985315
0	0.9902739671	0.0058680812	0.0038579516
1	0.2152390098	0.0038242036	0.7809367865
0	0.8462840271	0.0626307772	0.0910851957
1	0.8883160781	0.0013104875	0.1103734343
0	0.3966508388	0.4652272982	0.1381218630
0	0.9034348274	0.0526375147	0.0439276579
0	0.0179916521	0.7081943107	0.2738140372
0	0.8074629424	0.0012136366	0.1913234211
0	0.0731357145	0.3792346349	0.5476296506
0	0.9999817226	0.0000182774	0.0000000000
0	0.6319672937	0.0162040086	0.3518286977
0	0.7553748492	0.0002536426	0.2443715082
0	0.1115766143	0.3450354212	0.5433879645
0	0.1291713393	0.6016569094	0.2691717512
0	0.3208956320	0.6301446666	0.0489597014
2	0.4673942734	0.5291160153	0.0034897114
0	0.4624095418	0.2189590946	0.3186313636
0	0.4701657815	0.0580180166	0.4718162019
0	0.3305747857	0.1219958089	0.5474294054
1	0.1106335731	0.2848957467	0.6044706802
0	0.4119622331	0.0003740899	0.5876636770
0	0.0000485742	0.7058349644	0.2941164614
1	0.1990063121	0.1300970228	0.6708966651
0	0.2230850389	0.6834281243	0.0934868368
0	0.2081703513	0.7908595145	0.0009701343
0	0.0316828962	0.0682317431	0.9000853606
0	0.6320544104	0.3265407732	0.0414048164
1	0.8675993082	0.1318905566	0.0005101352
0	0.0013389725	0.3806110844	0.6180499431
0	0.0886922911	0.2871100868	0.6241976221
0	0.2228576443	0.7450716136	0.0320707421
0	0.1694702079	0.8305297913	0.0000000009
1	0.4194506264	0.0001835584	0.5803658152
0	0.2396683436	0.5521717920	0.2081598644
0	0.3344907996	0.2962789668	0.3692302336
0	0.5507211212	0.0006226732	0.4486562055
1	0.1420323326	0.6060942255	0.2518734418
1	0.5338547053	0.0712079996	0.3949372952
1	0.8530352971	0.1206598826	0.0263048203
0	0.2327383970	0.0723971345	0.6948644685
0	0.1114524670	0.8881387054	0.0004088276
0	0.6148668316	0.0380241338	0.3471090346
0	0.6791862368	0.0000000002	0.3208137630
0	0.0685017186	0.0000039210	0.9314943604
1	0.2395737324	0.5155525394	0.2448737282
0	0.0055219464	0.9137979339	0.0806801198
0	0.1241746236	0.0463313582	0.8294940183
1	0.4341093017	0.4461246260	0.1197660723
0	0.3689246796	0.0618481511	0.5692271693
1	0.6688950474	0.0392925979	0.2918123548
0	0.8045788568	0.1377107404	0.0577104027
0	0.9113251769	0.0861964653	0.0024783578
0	0.6445233317	0.3538357488	0.0016409195
0	0.0003038881	0.7644935909	0.2352025210
2	0.0249998519	0.8313165528	0.1436835954
0	0.2866868323	0.2114933865	0.5018197812
0	0.9597892727	0.0155264862	0.0246842411
0	0.3109437769	0.4852126342	0.2038435889
0	0.2158190018	0.0721578219	0.7120231763
0	0.0051586612	0.9684796403	0.0263616985
0	0.0000000036	0.3501154798	0.6498845166
1	0.0514553055	0.0217050649	0.9268396296
