0	0.7042964477	0.2932917865	0.0024117659
0	0.0000086249	0.2588780455	0.7411133296
0	0.8947297657	0.0999076398	0.0053625946
0	0.0778124062	0.9216680552	0.0005195386
0	0.2438297179	0.0638280964	0.6923421857
0	0.0077233687	0.3662827972	0.6259938341
0	0.8905251708	0.0969381321	0.0125366971
1	0.0045461596	0.0002185476	0.9952352928
1	0.5004121112	0.4470299248	0.0525579641
0	0.3316393262	0.0622125327	0.6061481411
0	0.0013049256	0.0151282184	0.9835668561
0	0.0119095267	0.9861085800	0.0019818932
1	0.0000045883	0.7538381801	0.2461572316
2	0.1559273835	0.6087210037	0.2353516128
0	0.2197507725	0.0634896745	0.7167595531
0	0.0092842761	0.0376178060	0.9530979180
0	0.3479368531	0.5939867174	0.0580764295
0	0.2886959007	0.3601179091	0.3511861902
1	0.1110847467	0.4456507376	0.4432645157
1	0.8682902294	0.0251315150	0.1065782557
0	0.1011357695	0.0137182042	0.8851460263
0	0.9975117523	0.0013756445	0.0011126032
0	0.0538937013	0.9456673280	0.0004389707
0	0.7321200241	0.2012471073	0.0666328686
0	0.0915668722	0.7992800287	0.1091530990
0	0.6498173635	0.2597799006	0.0904027359
1	0.3437484277	0.0141296551	0.6421219173
0	0.3126733235	0.3491480374	0.3381786391
0	0.2452514662	0.6614664640	0.0932820698
0	0.2679236529	0.0867951536	0.6452811935
0	0.4597619151	0.0002885010	0.5399495840
0	0.7622830683	0.2253342050	0.0123827267
0	0.0232012729	0.8877244651	0.0890742620
0	0.8989725762	0.0004159981	0.1006114258
1	0.4378485113	0.5616910073	0.0004604814
1	0.0193951484	0.8541392000	0.1264656516
0	0.1537114289	0.5790524958	0.2672360753
0	0.0513276306	0.9437980194	0.0048743500
2	0.9469724953	0.0276212637	0.0254062411
0	0.0180110562	0.0170033857	0.9649855582
0	0.0775323704	0.0681016056	0.8543660240
0	0.9995385449	0.0004614534	0.0000000016
1	0.4547993227	0.2164569474	0.3287437299
0	0.0154884911	0.9845114999	0.0000000090
0	0.0412991655	0.4201141741	0.5385866605
0	0.8780498453	0.1120197480	0.0099304067
0	0.0001732900	0.9000360947	0.0997906154
0	0.2757991037	0.4149123951	0.3092885012
0	0.5972372510	0.2458935534	0.1568691956
0	0.5511456851	0.2646521075	0.1842022074
0	0.1418381892	0.4427038125	0.4154579983
0	0.0295460281	0.0302268076	0.9402271643
0	0.3746044784	0.0059524801	0.6194430415
1	0.0176975343	0.7901999228	0.1921025429
0	0.1578166688	0.0467739380	0.7954093931
0	0.0007641273	0.2955703685	0.7036655042
0	0.9744915566	0.0055877378	0.0199207056
0	0.0187408402	0.4348828262	0.5463763336
0	0.2871228292	0.4541047388	0.2587724320
0	0.5707914352	0.0723208757	0.3568876891
0	0.0171081026	0.0000118647	0.9828800327
0	0.6918208190	0.2792537863	0.0289253947
0	0.1556096533	0.1295219178	0.7148684289
0	0.8087897928	0.0000375281	0.1911726791
0	0.1845416710	0.8017388165	0.0137195125
0	0.8465406716	0.1184921818	0.0349671466
0	0.9225579818	0.0767526491	0.0006893691
0	0.5656930371	0.0552306191	0.3790763437
0	0.0001265868	0.1300870650	0.8697863482
0	0.0000131161	0.0673532669	0.9326336170
0	0.8875067961	0.0000002223	0.1124929816
0	0.0703820726	0.2672918194	0.6623261080
0	0.7925873685	0.0236509956	0.1837616359
0	0.6305761764	0.3677488421	0.0016749815
0	0.0640555612	0.8136030084	0.1223414304
0	0.0022628229	0.9963085851	0.0014285920
0	0.0001435283	0.3252692498	0.6745872219
0	0.6421161608	0.0001664150	0.3577174242
0	0.8216919975	0.0113884699	0.1669195326
0	0.1293662828	0.0848005724	0.7858331449
0	0.2052435552	0.0144674168	0.7802890280
0	0.4922550563	0.0005065945	0.5072383492
1	0.0067128373	0.0574238862	0.9358632765
1	0.0203051187	0.0925730928	0.8871217884
1	0.1406489231	0.5246813784	0.3346696985
0	0.2096992885	0.3986467298	0.3916539817
1	0.2791489775	0.7208281582	0.0000228644
0	0.2978888264	0.0092171167	0.6928940568
0	0.3832071961	0.0000000000	0.6167928039
0	0.7580974932	0.1737848385	0.0681176683
1	0.0130063774	0.2888484600	0.6981451627
0	0.6065075944	0.3322121098	0.0612802958
1	0.1456145667	0.6507393529	0.2036460805
0	0.0000000000	0.7561994583	0.2438005417
0	0.0013352435	0.2940594043	0.7046053522
0	0.7591123231	0.2266390439	0.0142486330
0	0.2209583190	0.1636275810	0.6154141000
0	0.2385028655	0.0331213844	0.7283757501
0	0.0000000079	0.5684378417	0.4315621504
0	0.6988026047	0.2759697774	0.0252276178
