0	0.4098819434	0.5036041692	0.0865138874
0	0.1526705380	0.8412256322	0.0061038298
0	0.4892095521	0.4313470237	0.0794434243
0	0.6682120624	0.0118996377	0.3198882999
0	0.0001095618	0.9682423295	0.0316481087
0	0.2769023126	0.0213137799	0.7017839076
0	0.9999818000	0.0000000007	0.0000181993
0	0.0192959820	0.9789564695	0.0017475485
0	0.8010572777	0.0000000065	0.1989427158
0	0.0860122077	0.8989218056	0.0150659867
0	0.3285104885	0.6714895111	0.0000000005
0	0.2849351234	0.2078013840	0.5072634926
0	0.8083884126	0.1346729439	0.0569386435
0	0.5001698272	0.1476615605	0.3521686123
0	0.2969053922	0.2013525379	0.5017420699
0	0.0445051459	0.8582497506	0.0972451035
0	0.0000000796	0.5871096099	0.4128903105
0	0.2700771009	0.6954623151	0.0344605841
0	0.0080261736	0.7319733995	0.2600004269
0	0.3228958867	0.2020493154	0.4750547979
0	0.3480699054	0.0000000055	0.6519300892
0	0.0148173960	0.9851135284	0.0000690757
0	0.3862086621	0.5308387371	0.0829526008
0	0.8014624640	0.0402513044	0.1582862315
0	0.0734733261	0.9196737164	0.0068529574
0	0.8856238425	0.1143761575	0.0000000000
0	0.2236116481	0.0225502675	0.7538380844
0	0.8495843295	0.0689213083	0.0814943622
0	0.0000740268	0.9999259732	0.0000000000
0	0.7390893514	0.2543835660	0.0065270826
0	0.4921996597	0.0035763095	0.5042240308
0	0.0507856029	0.7334853913	0.2157290057
0	0.1639829891	0.7778556013	0.0581614096
0	0.2110031559	0.0240287105	0.7649681337
0	0.0487647119	0.1719101701	0.7793251180
1	0.9205058646	0.0273231974	0.0521709380
0	0.0043220097	0.9544271214	0.0412508690
0	0.2138099489	0.7754553913	0.0107346598
1	0.1040155545	0.0037142048	0.8922702407
0	0.0113746085	0.1205555896	0.8680698020
0	0.5965496623	0.2179114319	0.1855389059
0	0.4241956480	0.5138158787	0.0619884733
0	0.7632681574	0.0737291887	0.1630026540
0	0.5722003584	0.1806957030	0.2471039385
0	0.4613296967	0.5379221991	0.0007481042
1	0.3289236864	0.1907118512	0.4803644625
0	0.1051393170	0.8262654595	0.0685952235
0	0.0064107769	0.8577892925	0.1357999306
0	0.2234207891	0.1730852245	0.6034939864
1	0.0023459087	0.0499070277	0.9477470635
0	0.7716572574	0.2283427342	0.0000000085
1	0.9456201454	0.0474263509	0.0069535037
0	0.5226821654	0.2497784509	0.2275393837
0	0.0376212401	0.9623787599	0.0000000000
0	0.0282413410	0.9644133880	0.0073452710
0	0.3172885455	0.6806460781	0.0020653764
0	0.0603721435	0.0361567213	0.9034711351
0	0.9600775875	0.0399219899	0.0000004226
0	0.5107600029	0.1648394713	0.3244005258
0	0.6753655307	0.2033067350	0.1213277343
0	0.6799997684	0.2855418614	0.0344583702
0	0.9493089367	0.0102580563	0.0404330070
1	0.0359077286	0.9622828583	0.0018094130
0	0.0329199689	0.5749117073	0.3921683238
1	0.0086788546	0.3153405195	0.6759806259
0	0.5757917993	0.3734971990	0.0507110017
0	0.1915497443	0.0613954539	0.7470548018
0	0.4295465010	0.5704534692	0.0000000298
0	0.0514290094	0.9150278841	0.0335431064
1	0.9510389353	0.0287786023	0.0201824624
0	0.7373652482	0.2626347518	0.0000000000
0	0.6450886810	0.0541837939	0.3007275250
0	0.0051653518	0.9279409247	0.0668937235
0	0.0674729592	0.9167382027	0.0157888381
1	0.9941194920	0.0057106195	0.0001698885
0	0.0084224102	0.0000000000	0.9915775898
0	0.0000040432	0.4529515234	0.5470444334
0	0.4767618756	0.4501670570	0.0730710674
0	0.0363249718	0.7139096094	0.2497654188
0	0.8136154753	0.0955481585	0.0908363662
1	0.5233439834	0.3557788945	0.1208771221
0	0.4889291055	0.4802189041	0.0308519904
1	0.0342590480	0.2308516247	0.7348893273
0	0.7840741707	0.0595300163	0.1563958130
0	0.0070077705	0.5211996614	0.4717925681
1	0.0000610913	0.0121449549	0.9877939538
0	0.5005142550	0.2397317980	0.2597539470
0	0.9748405918	0.0251593965	0.0000000117
0	0.0000017957	0.0002281535	0.9997700509
0	0.4297160344	0.4138920750	0.1563918906
0	0.3108686355	0.3553792648	0.3337520997
0	0.0341427751	0.0024726770	0.9633845479
0	0.0108720190	0.9871409216	0.0019870594
0	0.1245565140	0.7030620495	0.1723814365
1	0.3502454916	0.6454649974	0.0042895110
2	0.0123461312	0.9200046148	0.0676492540
0	0.9561773285	0.0438226604	0.0000000111
0	0.0048952338	0.1066712223	0.8884335439
0	0.0419466025	0.6819563040	0.2760970934
0	0.9023460441	0.0965565947	0.0010973612
