0	0.5404650221	0.2609195429	0.1986154350
2	0.5817855100	0.1619358745	0.2562786155
1	0.0484455641	0.9162518890	0.0353025469
0	0.0942544926	0.8629222343	0.0428232731
0	0.0863717168	0.0927213179	0.8209069653
0	0.1083654339	0.8023193094	0.0893152566
0	0.5235170924	0.1772692665	0.2992136411
0	0.0773108342	0.8520481295	0.0706410363
0	0.0097919650	0.2097179772	0.7804900579
0	0.7800694156	0.0871036597	0.1328269247
1	0.0009260631	0.9981273822	0.0009465547
1	0.1725418692	0.5216488428	0.3058092880
0	0.2374197953	0.0215670290	0.7410131757
0	0.0722794735	0.7189342195	0.2087863069
0	0.0216091485	0.1728736584	0.8055171931
1	0.0019300088	0.3573823439	0.6406876474
1	0.0000000000	0.3189132358	0.6810867642
0	0.7795348033	0.2204650335	0.0000001632
0	0.9819221439	0.0039374527	0.0141404034
0	0.0205482404	0.0488011791	0.9306505804
0	0.0000000000	0.1608478657	0.8391521343
0	0.0411265099	0.6782835616	0.2805899285
0	0.0000000000	0.1774602783	0.8225397217
1	0.0032832139	0.3971589945	0.5995577916
0	0.1951770631	0.6056173986	0.1992055383
1	0.0000000000	0.4531431049	0.5468568951
0	0.8459735356	0.1495662232	0.0044602412
0	0.1739727782	0.7354525950	0.0905746268
0	0.4585001242	0.0437630203	0.4977368555
0	0.8432316271	0.1034484602	0.0533199128
0	0.3231356498	0.2153278178	0.4615365323
0	0.3169343507	0.5673070256	0.1157586237
0	0.0391972019	0.9512563109	0.0095464872
1	0.0000000000	0.9950680019	0.0049319981
0	0.5560645919	0.3854710807	0.0584643274
0	0.0742697646	0.4359533641	0.4897768713
0	0.2553267399	0.7422957663	0.0023774938
0	0.0773343085	0.4227006208	0.4999650707
0	0.3887206264	0.5508699374	0.0604094362
0	0.0176018442	0.4768023259	0.5055958299
0	0.3567939478	0.3409509824	0.3022550698
0	0.3518142337	0.0461350338	0.6020507325
0	0.7138671248	0.1442793598	0.1418535155
0	0.9771804036	0.0210621282	0.0017574682
0	0.4349366485	0.5638205273	0.0012428242
1	0.9084337020	0.0596369734	0.0319293246
0	0.0042523646	0.0032919086	0.9924557269
0	0.1844795079	0.7958904334	0.0196300587
0	0.3245511469	0.6721404898	0.0033083634
0	0.3766514220	0.2540689527	0.3692796254
1	0.4723368035	0.5267827770	0.0008804195
0	0.5849204063	0.3617890924	0.0532905013
0	0.0000132575	0.9611951356	0.0387916068
1	0.2864424357	0.7046629350	0.0088946293
0	0.0571531812	0.9227950710	0.0200517478
1	0.0287518146	0.9671076984	0.0041404870
0	0.2090728646	0.5077048007	0.2832223347
1	0.1144698013	0.8853467152	0.0001834835
0	0.4044397062	0.3984517725	0.1971085213
0	0.0227757455	0.4993161309	0.4779081236
0	0.5809910351	0.2552243800	0.1637845849
0	0.4119647252	0.5643698168	0.0236654580
1	0.2019892802	0.7979844369	0.0000262828
0	0.0004165607	0.7538660525	0.2457173868
0	0.0257201500	0.9738107765	0.0004690734
0	0.0000251927	0.5175804078	0.4823943995
0	0.9948668013	0.0000000005	0.0051331982
0	0.2386712182	0.6377729563	0.1235558254
0	0.0797162556	0.0244184527	0.8958652917
0	0.0871988148	0.9040505156	0.0087506696
0	0.1259606937	0.6750662832	0.1989730231
0	0.1247856125	0.0008505835	0.8743638040
0	0.0112880949	0.7725223029	0.2161896023
0	0.9053667799	0.0000142615	0.0946189586
0	0.3246514205	0.3974378896	0.2779106899
0	0.5493618671	0.1439083388	0.3067297941
1	0.4191974468	0.5689827248	0.0118198284
0	0.2792957324	0.6431809699	0.0775232977
0	0.0218447568	0.0194067873	0.9587484559
0	0.9505874765	0.0216521946	0.0277603289
0	0.0083282573	0.3346708838	0.6570008589
0	0.0632283687	0.0781572940	0.8586143374
0	0.2002569296	0.7192190284	0.0805240420
1	0.9710359096	0.0278658296	0.0010982608
0	0.7164383709	0.2762314430	0.0073301861
0	0.2177368475	0.2030467569	0.5792163956
0	0.0139497820	0.9857861263	0.0002640917
1	0.0489450192	0.9463603668	0.0046946140
1	0.3698839929	0.6166216019	0.0134944053
0	0.0445758702	0.5009474365	0.4544766934
0	0.8700520657	0.0023769684	0.1275709659
0	0.1362953495	0.8128847500	0.0508199005
0	0.0705916026	0.0980982769	0.8313101204
1	0.6515928244	0.1235987864	0.2248083892
1	0.9386935768	0.0095154265	0.0517909967
0	0.8761793933	0.0471943017	0.0766263050
0	0.4735899864	0.0060670146	0.5203429990
0	0.0383759848	0.9616155873	0.0000084279
0	0.9460062609	0.0532795515	0.0007141876
1	0.7297449324	0.2702550676	0.0000000000
