1	0.2887234753	0.0011025837	0.7101739409
0	0.0062706546	0.9718734409	0.0218559045
0	0.3375239550	0.2384722590	0.4240037860
0	0.1340253967	0.0289777276	0.8369968757
0	0.0490804075	0.0000000061	0.9509195864
0	0.3722850567	0.1058793207	0.5218356226
0	0.0082389943	0.6452112397	0.3465497660
0	0.3696645128	0.5562498092	0.0740856780
0	0.0006302362	0.9457543966	0.0536153671
0	0.3975445820	0.6020826690	0.0003727490
1	0.5525413791	0.3698897155	0.0775689053
0	0.0749677737	0.0000036988	0.9250285274
1	0.0693846761	0.9143648363	0.0162504876
0	0.0000739474	0.5219907560	0.4779352965
0	0.0070150202	0.8410948901	0.1518900898
0	0.1502178429	0.2790166733	0.5707654838
0	0.0141333823	0.0142097807	0.9716568370
1	0.5661716708	0.0000000054	0.4338283238
0	0.5021299772	0.0181979921	0.4796720307
0	0.2510608077	0.6825721865	0.0663670059
0	0.0614455091	0.0126575725	0.9258969184
0	0.0910882815	0.9089117185	0.0000000000
0	0.7293228887	0.2093528877	0.0613242237
1	0.2554717289	0.1535417275	0.5909865436
1	0.0387568369	0.9358437437	0.0253994194
0	0.5935589262	0.0306134616	0.3758276122
0	0.5083052919	0.4706675929	0.0210271152
0	0.0525734988	0.9474244826	0.0000020186
1	0.0000000000	0.0000000000	1.0000000000
1	0.0343630297	0.1947729050	0.7708640653
0	0.0666315007	0.0095108991	0.9238576002
0	0.4192657579	0.3360614696	0.2446727725
0	0.3619163538	0.5610528688	0.0770307774
1	0.5755380243	0.3116765458	0.1127854299
0	0.8389278299	0.0138264549	0.1472457152
1	0.6253296433	0.0000007288	0.3746696280
1	0.1798446298	0.7565373672	0.0636180030
1	0.0041565526	0.1716199714	0.8242234760
0	0.5518715627	0.3337013076	0.1144271298
0	0.3086963542	0.5592009586	0.1321026871
0	0.5989271245	0.4009694940	0.0001033815
0	0.2016633330	0.0721730936	0.7261635733
0	0.0001571245	0.3461342913	0.6537085842
0	0.1994958886	0.7450329024	0.0554712090
0	0.6262290962	0.1918723478	0.1818985560
0	0.9215725580	0.0569710325	0.0214564095
2	0.4579154914	0.2350561490	0.3070283596
0	0.0000000347	0.9824605072	0.0175394580
0	0.3145923831	0.6848170262	0.0005905906
0	0.4773776440	0.1889805727	0.3336417834
0	0.9182149993	0.0737351055	0.0080498952
0	0.1390931862	0.0022234856	0.8586833282
0	0.6882873474	0.1832433353	0.1284693173
0	0.0767675259	0.7442450001	0.1789874740
0	0.0216714104	0.9382221802	0.0401064093
0	0.7435311366	0.2564688634	0.0000000000
1	0.2942455866	0.0421814846	0.6635729288
0	0.0788486891	0.8208885372	0.1002627736
1	0.9095245922	0.0000881206	0.0903872873
1	0.1019768003	0.0000000106	0.8980231890
0	0.8438881463	0.0706743759	0.0854374779
0	0.0175642209	0.4376647014	0.5447710777
0	0.1861272591	0.0000039569	0.8138687841
0	0.7912854529	0.1914351466	0.0172794005
0	0.2928960199	0.0751820413	0.6319219388
0	0.0575685651	0.9424304250	0.0000010099
0	0.0282035011	0.5516610223	0.4201354766
0	0.5266421432	0.0000000000	0.4733578568
0	0.7063432678	0.2847174236	0.0089393086
0	0.1331053211	0.5701700449	0.2967246340
0	0.8943766773	0.0797470787	0.0258762440
0	0.7598439602	0.0106687957	0.2294872441
0	0.0000000003	0.9857597177	0.0142402820
0	0.9702755224	0.0018593663	0.0278651113
1	0.7547020227	0.2452952590	0.0000027183
0	0.5435012055	0.4381472790	0.0183515154
1	0.3887386783	0.5820307316	0.0292305901
0	0.0672908738	0.9171325792	0.0155765470
0	0.0556732950	0.0257053819	0.9186213231
0	0.0718654534	0.0542634804	0.8738710662
0	0.8184818148	0.1489125975	0.0326055877
0	0.3223490118	0.6738271377	0.0038238505
0	0.6596048861	0.3403781720	0.0000169420
1	0.4193282791	0.5727381460	0.0079335749
0	0.0003381252	0.0008309921	0.9988308827
0	0.0024304315	0.5941008804	0.4034686881
0	0.0489293477	0.6231255607	0.3279450917
1	0.0101869384	0.4684459429	0.5213671187
1	0.3104855787	0.4638899070	0.2256245143
1	0.5389249041	0.2975147069	0.1635603891
0	0.2555956658	0.1832985289	0.5611058053
0	0.6003288571	0.2187828992	0.1808882437
0	0.4145687050	0.4941645241	0.0912667709
0	0.3934958191	0.1854102211	0.4210939598
0	0.8044067925	0.1783001602	0.0172930473
0	0.0555228045	0.9444328983	0.0000442972
0	0.0000000011	0.9863645624	0.0136354365
1	0.0001693599	0.0006768891	0.9991537510
0	0.0000000000	0.9910743479	0.0089256520
0	0.0025398909	0.5883745942	0.4090855149
