0	0.0013351937	0.9965317772	0.0021330291
0	0.2334152466	0.4207670422	0.3458177112
0	0.1853252868	0.5612398187	0.2534348945
1	0.1092625758	0.8907374242	0.0000000000
0	0.5215306981	0.4783169243	0.0001523776
0	0.0875972183	0.7257410476	0.1866617341
0	0.8006896706	0.1975161556	0.0017941739
0	0.6267804099	0.0011319794	0.3720876107
0	0.0000116377	0.1065509230	0.8934374393
0	0.1888827813	0.8082599372	0.0028572815
0	0.6418922551	0.0000284544	0.3580792905
1	0.0132587111	0.9867412889	0.0000000000
0	0.0613720763	0.9220388068	0.0165891169
0	0.3139789521	0.6823298397	0.0036912082
0	0.0056594527	0.8546133717	0.1397271755
0	0.2587958048	0.6425721551	0.0986320401
0	0.2751286217	0.5567152124	0.1681561659
0	0.0999150429	0.8987031632	0.0013817940
2	0.2840980724	0.7159019276	0.0000000000
0	0.2235080760	0.0000429923	0.7764489317
0	0.0069791059	0.6472403485	0.3457805456
0	0.0544979132	0.0424921297	0.9030099571
0	0.9313774056	0.0033084167	0.0653141777
1	0.0000839298	0.9999160702	0.0000000000
0	0.7007589035	0.0225065535	0.2767345430
0	0.5029407491	0.1048041833	0.3922550676
1	0.0714472930	0.9285527070	0.0000000000
0	0.0092300781	0.2562596447	0.7345102772
1	0.0072592150	0.9927407850	0.0000000000
0	0.0119133875	0.3348765268	0.6532100858
0	0.5225042900	0.3225368989	0.1549588111
0	0.0760934260	0.9239065740	0.0000000000
0	0.5848416245	0.1487701114	0.2663882642
0	0.9942643474	0.0049262198	0.0008094327
0	0.0102545898	0.9889351642	0.0008102460
0	0.6373953245	0.3626046755	0.0000000000
0	0.0570941833	0.6390027912	0.3039030255
0	0.0008652012	0.9366538405	0.0624809583
0	0.9780494642	0.0211308021	0.0008197337
0	0.4846988559	0.1267119446	0.3885891995
0	0.7981459423	0.1090956784	0.0927583793
0	0.0065708488	0.0000013749	0.9934277763
1	0.0000003008	0.9999996992	0.0000000000
0	0.8125848432	0.1719417424	0.0154734144
0	0.3428695479	0.6163043921	0.0408260601
0	0.7192002667	0.1045657079	0.1762340254
0	0.0004515528	0.9995484472	0.0000000000
0	0.8048341413	0.1951658587	0.0000000000
0	0.0899338121	0.9084683313	0.0015978566
0	0.9995872507	0.0004127493	0.0000000000
0	0.6209340421	0.3566786739	0.0223872839
0	0.0671614189	0.7519881114	0.1808504697
0	0.9873863758	0.0126136242	0.0000000000
0	0.9800860146	0.0194489285	0.0004650569
0	0.0199503434	0.2287965502	0.7512531064
0	0.0000000895	0.8089202290	0.1910796814
0	0.0433314436	0.1540662820	0.8026022744
0	0.3396143621	0.0000000655	0.6603855724
0	0.8883639690	0.0002490315	0.1113869995
0	0.7556278394	0.2441088821	0.0002632785
1	0.0648310202	0.9351541923	0.0000147875
0	0.9025900309	0.0973558416	0.0000541275
0	0.0000482393	0.9609586140	0.0389931466
0	0.1301716765	0.1016904440	0.7681378794
0	0.0074673474	0.9729129111	0.0196197415
0	0.1198190524	0.4363267506	0.4438541971
0	0.2768834933	0.0734917203	0.6496247864
0	0.8236375642	0.1573429992	0.0190194366
0	0.8227568105	0.0569066993	0.1203364902
0	0.3304700786	0.6241137768	0.0454161447
1	0.3329631761	0.6670368239	0.0000000000
1	0.0000006461	0.9999993539	0.0000000000
0	0.0000000007	0.9999999967	0.0000000026
0	0.3964870178	0.5069445003	0.0965684819
0	0.2163410314	0.7657854274	0.0178735412
1	0.0853941443	0.8721383650	0.0424674907
0	0.6694868482	0.2476800875	0.0828330643
1	0.0372640702	0.9627359297	0.0000000000
0	0.8803218468	0.0377816037	0.0818965495
0	0.7766457810	0.1979174986	0.0254367203
0	0.0000000000	0.9928883788	0.0071116212
1	0.9420138248	0.0579861752	0.0000000000
0	0.9593989183	0.0031410392	0.0374600426
0	0.0000055856	0.8376441799	0.1623502346
0	0.0001037099	0.9924802542	0.0074160359
0	0.8454986263	0.0908688513	0.0636325223
0	0.1835481663	0.8164275445	0.0000242892
2	0.0466317258	0.9533682742	0.0000000000
0	0.0010459427	0.0862942933	0.9126597641
1	0.3746658558	0.6253341442	0.0000000000
0	0.5977126915	0.0406670641	0.3616202444
0	0.1223882204	0.0064279266	0.8711838530
0	0.0423647189	0.0355115199	0.9221237612
1	0.0000082629	0.9999917371	0.0000000000
0	0.6329322261	0.2598935514	0.1071742225
0	0.0253187189	0.3148421951	0.6598390860
0	0.3374867275	0.0517498639	0.6107634086
0	0.3070435288	0.6893606833	0.0035957879
0	0.0070538508	0.1788469139	0.8140992352
0	0.1215200181	0.7331359278	0.1453440541
