0	0.1091249051	0.2195943587	0.6712807361
0	0.6291581586	0.0831936427	0.2876481987
0	0.5326085689	0.1071423409	0.3602490902
0	0.0649464825	0.0231083527	0.9119451648
1	0.7671732914	0.1765146815	0.0563120272
0	0.8378745613	0.0328765663	0.1292488724
0	0.6251195700	0.1257607979	0.2491196320
0	0.1060992594	0.4329856895	0.4609150512
0	0.2378466169	0.1306663892	0.6314869939
1	0.4110837069	0.5829309172	0.0059853760
1	0.2932642646	0.5527241691	0.1540115663
0	0.0080411016	0.2577341909	0.7342247075
0	0.0000000000	0.7249423685	0.2750576315
1	0.0443230983	0.9460337164	0.0096431853
0	0.0099143617	0.0965722359	0.8935134024
0	0.8621686012	0.0139254943	0.1239059045
0	0.6308357494	0.0905699686	0.2785942820
1	0.4368189643	0.0447201861	0.5184608496
1	0.1723988428	0.1582236312	0.6693775260
0	0.0001620417	0.2151940248	0.7846439335
0	0.2471630005	0.5550859636	0.1977510359
0	0.1457366002	0.0000109926	0.8542524072
0	0.5705731854	0.2357254616	0.1937013529
1	0.7494442409	0.2364694791	0.0140862800
0	0.0100728174	0.0013464825	0.9885807001
0	0.8954505729	0.0472416222	0.0573078049
1	0.9351423398	0.0012989841	0.0635586760
0	0.4579431831	0.2322629432	0.3097938737
0	0.7781001667	0.2217575030	0.0001423302
0	0.9988139760	0.0011064865	0.0000795376
0	0.0727188924	0.6403023145	0.2869787931
2	0.0455966898	0.8896648131	0.0647384971
0	0.0144883136	0.9403248157	0.0451868708
0	0.4658413504	0.1341379380	0.4000207116
0	0.0064065687	0.0961550732	0.8974383581
0	0.8864042335	0.0781993367	0.0353964298
0	0.8273034340	0.1160414998	0.0566550662
0	0.7943538379	0.1972771320	0.0083690302
0	0.4516689623	0.1768887059	0.3714423317
1	0.5343833142	0.3147090314	0.1509076544
0	0.8853474982	0.0965950204	0.0180574814
0	0.7103193819	0.0675809188	0.2220996993
0	0.9490630452	0.0227026383	0.0282343165
0	0.4912916427	0.0346996797	0.4740086776
0	0.2329371667	0.5383327438	0.2287300895
1	0.0030203930	0.7541325478	0.2428470592
0	0.6558937855	0.0001302523	0.3439759623
0	0.4417877640	0.3135273976	0.2446848384
0	0.0073170841	0.9904200488	0.0022628671
1	0.0075451566	0.5689293292	0.4235255142
1	0.1788946873	0.6018023084	0.2193030043
0	0.0315094463	0.9682276170	0.0002629366
0	0.4255644305	0.3311421258	0.2432934438
0	0.9730098919	0.0103836104	0.0166064977
0	0.0152057025	0.0007033260	0.9840909715
0	0.0375824843	0.0160382108	0.9463793049
0	0.6503973090	0.2905486107	0.0590540804
0	0.0270355792	0.9440472699	0.0289171509
0	0.2393256267	0.1140104452	0.6466639281
1	0.8852528410	0.0812002277	0.0335469313
0	0.9344656098	0.0328638247	0.0326705655
0	0.6054915088	0.0000073406	0.3945011506
0	0.4138438891	0.2607507568	0.3254053541
0	0.0434204715	0.7959081846	0.1606713439
0	0.4449562462	0.5549361385	0.0001076153
0	0.2842379440	0.0079440703	0.7078179857
0	0.2291180401	0.0000826004	0.7707993595
0	0.0443513220	0.9175326310	0.0381160470
0	0.0005489494	0.2345626698	0.7648883808
1	0.1921028957	0.1393797964	0.6685173080
0	0.1528904935	0.0079806640	0.8391288424
0	0.7211250018	0.2788749981	0.0000000000
0	0.0000211536	0.0804941144	0.9194847319
0	0.3026530068	0.6250258485	0.0723211447
0	0.5010842565	0.4932612170	0.0056545265
0	0.6919242748	0.1205421272	0.1875335981
0	0.0724640591	0.0030677719	0.9244681689
0	0.6951835228	0.0247316616	0.2800848156
0	0.8638352884	0.0534968194	0.0826678922
0	0.0038038142	0.0506723688	0.9455238170
0	0.0628396066	0.4809400987	0.4562202947
0	0.1342012382	0.5163325012	0.3494662606
0	0.0134263452	0.3458149532	0.6407587016
0	0.1592008764	0.0511511099	0.7896480137
0	0.2465366152	0.0002248766	0.7532385082
0	0.0000065319	0.9281398473	0.0718536207
0	0.0587976880	0.3337351931	0.6074671189
0	0.0126483602	0.0600966573	0.9272549825
0	0.0094322060	0.9905652701	0.0000025239
1	0.1227780619	0.8626760214	0.0145459167
0	0.1569038359	0.7586466757	0.0844494883
0	0.2283168549	0.7654352190	0.0062479261
0	0.2682362648	0.1112697677	0.6204939675
0	0.5189742302	0.3513274548	0.1296983150
0	0.4872241174	0.4154728436	0.0973030390
0	0.0008483681	0.0691173518	0.9300342801
0	0.0535165358	0.7955665555	0.1509169087
1	0.1384488514	0.7971513570	0.0643997916
0	0.0498879816	0.1237003941	0.8264116242
0	0.7293690914	0.0051274761	0.2655034325
