0	0.1420609201	0.8577838899	0.0001551900
0	0.3929702323	0.3075669368	0.2994628309
0	0.8645316155	0.0267346130	0.1087337715
0	0.3024382488	0.0000001011	0.6975616500
0	0.0000809829	0.9091199826	0.0907990345
2	0.0001609421	0.9998390579	0.0000000000
1	0.0000000000	0.9998826275	0.0001173725
0	0.9928264268	0.0000003666	0.0071732066
2	0.0000376464	0.9999623536	0.0000000000
0	0.0495636343	0.8899835957	0.0604527699
0	0.0198943698	0.4586725428	0.5214330874
0	0.9930437258	0.0001385000	0.0068177742
0	0.6959296010	0.3039358378	0.0001345612
0	0.0928014125	0.9071985663	0.0000000212
0	0.0635626859	0.0011354831	0.9353018309
0	0.0003351261	0.6113552654	0.3883096085
0	0.3571767064	0.2526296027	0.3901936909
0	0.0107000093	0.0005397489	0.9887602419
1	0.7083968593	0.2916031407	0.0000000000
0	0.0000000000	0.2178715017	0.7821284983
1	0.6823687182	0.3174929138	0.0001383680
0	0.3736886245	0.1614330058	0.4648783696
0	0.6606761485	0.3082699752	0.0310538763
0	0.8949399813	0.0227835678	0.0822764509
1	0.0003880676	0.9996119324	0.0000000000
0	0.0011598283	0.9464649515	0.0523752202
0	0.4926882105	0.5067004254	0.0006113641
0	0.0937999155	0.0035942811	0.9026058035
0	0.1315473480	0.0002132333	0.8682394187
0	0.7174112527	0.0003161931	0.2822725542
0	0.2699734107	0.7298548406	0.0001717486
0	0.1577753646	0.1651522835	0.6770723519
1	0.0000005809	0.9999994191	0.0000000000
0	0.4484834642	0.0548231654	0.4966933704
0	0.6983331228	0.0015812437	0.3000856335
0	0.0132879896	0.9867120089	0.0000000015
1	0.8110238995	0.1889760080	0.0000000925
0	0.9814916892	0.0126130529	0.0058952579
0	0.9019741284	0.0148797073	0.0831461642
0	0.0928999738	0.6137846431	0.2933153831
0	0.1001785475	0.0044395256	0.8953819269
0	0.1357806277	0.8642193522	0.0000000201
0	0.8702234424	0.1297764727	0.0000000849
0	0.3706211311	0.3434954164	0.2858834525
0	0.3753441913	0.5152984081	0.1093574006
0	0.1735688259	0.6627843164	0.1636468576
0	0.0802537329	0.3461759825	0.5735702846
1	0.9598717773	0.0401282227	0.0000000000
0	0.5133242402	0.0474369031	0.4392388567
0	0.0002112535	0.6360202596	0.3637684869
0	0.4673472905	0.3492931732	0.1833595363
0	0.4287450950	0.5711747906	0.0000801144
1	0.7498407650	0.2501592350	0.0000000000
0	0.0022564311	0.2749715412	0.7227720276
0	0.9563946939	0.0003383839	0.0432669222
0	0.0273586966	0.0976580874	0.8749832160
0	0.0006609065	0.7235738179	0.2757652756
0	0.4253609359	0.0108054850	0.5638335791
0	0.0763603036	0.4803481770	0.4432915194
0	0.9546616130	0.0452452495	0.0000931375
0	0.0144248263	0.0000010093	0.9855741644
0	0.9982843003	0.0006954175	0.0010202823
0	0.4592912978	0.4154237875	0.1252849147
1	0.0046089083	0.9918892290	0.0035018627
0	0.2255730565	0.4657849251	0.3086420184
0	0.1846010694	0.0007147096	0.8146842209
0	0.5455209178	0.4524626053	0.0020164770
1	0.0014041578	0.9985958422	0.0000000000
0	0.9506991772	0.0492512085	0.0000496143
0	0.4406241072	0.5593691939	0.0000066989
1	0.0000000000	0.3394929552	0.6605070448
0	0.5949856671	0.0037306458	0.4012836871
0	0.9678052283	0.0317858970	0.0004088747
0	0.0032685998	0.8624058924	0.1343255078
0	0.8666223882	0.0881992366	0.0451783752
0	0.7590734382	0.1277953665	0.1131311952
0	0.9919995444	0.0000000359	0.0080004197
0	0.1825717205	0.8132236708	0.0042046087
0	0.1079717700	0.5694088620	0.3226193681
1	0.0000000000	0.9963344038	0.0036655962
0	0.2385856489	0.2258553118	0.5355590393
1	0.0000799511	0.9999200489	0.0000000000
0	0.7219357114	0.2762856859	0.0017786027
0	0.0915106009	0.9084642222	0.0000251769
1	0.0277895689	0.9721597023	0.0000507288
0	0.0039759762	0.9479204035	0.0481036203
0	0.0000022232	0.0994160756	0.9005817012
0	0.0011503129	0.6687229550	0.3301267321
0	0.0308184933	0.6318107307	0.3373707759
0	0.5248412131	0.3708253139	0.1043334731
0	0.8276982720	0.1723017280	0.0000000000
0	0.7853288776	0.0096264459	0.2050446765
0	0.6188452070	0.2512191198	0.1299356732
0	0.8204804862	0.1663495041	0.0131700097
0	0.1482048459	0.8323310948	0.0194640593
1	0.1043767162	0.8956232836	0.0000000002
1	0.0000000000	1.0000000000	0.0000000000
1	0.0255449289	0.9744550330	0.0000000382
0	0.9259599669	0.0677110005	0.0063290326
0	0.6038715753	0.0039346321	0.3921937926
