0	0.0027818876	0.9951883701	0.0020297424
0	0.5213113082	0.0150105490	0.4636781428
0	0.3233996998	0.6656080298	0.0109922704
0	0.0007583472	0.5434483619	0.4557932909
0	0.0946356131	0.9041548117	0.0012095753
0	0.8047684535	0.0001755340	0.1950560125
0	0.0913212044	0.7080886243	0.2005901713
0	0.6430677139	0.3451479730	0.0117843131
0	0.0011135818	0.0797627816	0.9191236366
2	0.4074237508	0.5905684058	0.0020078434
0	0.0761332856	0.8466505011	0.0772162133
2	0.5289793278	0.4613192907	0.0097013815
0	0.3924314516	0.4472727587	0.1602957897
0	0.0265420498	0.9734441238	0.0000138264
0	0.2220884954	0.4776941282	0.3002173764
0	0.2071823108	0.0005084133	0.7923092759
1	0.1321659966	0.6181165770	0.2497174264
0	0.6542235446	0.0006527488	0.3451237066
0	0.0640177862	0.1157725132	0.8202097006
0	0.4219920485	0.1295089655	0.4484989861
0	0.0000024074	0.9894032271	0.0105943656
0	0.4158235105	0.5841764895	0.0000000000
0	0.0274152011	0.1504051706	0.8221796283
0	0.1284272134	0.7627874618	0.1087853248
0	0.0000000000	0.7789150194	0.2210849806
0	0.0874040436	0.7924988065	0.1200971499
0	0.0264446317	0.0774842869	0.8960710814
0	0.2199707439	0.6735252137	0.1065040424
0	0.0899857422	0.8912015052	0.0188127526
0	0.3833349468	0.4464036551	0.1702613982
0	0.1820847206	0.5472763539	0.2706389255
0	0.6605166555	0.0010479759	0.3384353686
0	0.4570440909	0.3441325639	0.1988233452
0	0.8872841047	0.0000017722	0.1127141231
0	0.8016404784	0.1983595216	0.0000000000
1	0.9931182579	0.0051704541	0.0017112880
0	0.1440435222	0.4748553660	0.3811011118
1	0.0000807582	0.0067920628	0.9931271790
0	0.9776158168	0.0161098559	0.0062743273
0	0.0019639551	0.9980360449	0.0000000000
0	0.1222894068	0.7182488621	0.1594617312
0	0.1547925339	0.6810828240	0.1641246422
1	0.0146215656	0.9339331001	0.0514453343
0	0.0299566415	0.0152661087	0.9547772499
0	0.8801171958	0.0981892079	0.0216935963
1	0.0102315496	0.9562063724	0.0335620780
0	0.4162773916	0.0002750653	0.5834475431
0	0.7209745133	0.0002817713	0.2787437154
0	0.7892312501	0.1895796156	0.0211891343
0	0.1992253946	0.0931700816	0.7076045238
0	0.0002758460	0.0000000020	0.9997241520
1	0.5303984867	0.4696014217	0.0000000916
0	0.3882515216	0.5891292779	0.0226192005
0	0.4312533431	0.0643430107	0.5044036462
0	0.5281252669	0.0458312281	0.4260435051
0	0.1070125887	0.5822824816	0.3107049297
0	0.8333238100	0.0873257532	0.0793504368
0	0.0196321811	0.1242072075	0.8561606114
0	0.1245168708	0.0276242089	0.8478589203
0	0.8716581504	0.0396688175	0.0886730321
0	0.0007322428	0.0015960215	0.9976717358
0	0.6386374503	0.0016313718	0.3597311779
0	0.7670845232	0.2329092136	0.0000062632
0	0.2430598490	0.1690727929	0.5878673580
0	0.3249082961	0.3305310195	0.3445606844
0	0.3002415354	0.5094136242	0.1903448404
0	0.2339781898	0.7659728511	0.0000489591
0	0.7735943540	0.2005215166	0.0258841294
0	0.0001742560	0.4537200579	0.5461056861
0	0.3054132809	0.6413540788	0.0532326403
0	0.7554986287	0.2442144453	0.0002869260
0	0.7996161488	0.0197031086	0.1806807426
1	0.7671346702	0.2092573861	0.0236079437
0	0.0051762365	0.8968767683	0.0979469952
0	0.2556806540	0.6887825484	0.0555367975
0	0.6402972358	0.0592779830	0.3004247812
1	0.3104217049	0.0496778241	0.6399004710
0	0.0006323608	0.5411709246	0.4581967146
0	0.4334136285	0.3734747894	0.1931115821
0	0.0246024093	0.0857276272	0.8896699635
0	0.0430422733	0.3565716309	0.6003860959
0	0.6646813180	0.0068681254	0.3284505566
0	0.1580207061	0.0006799442	0.8412993497
1	0.0327180434	0.8217297153	0.1455522413
0	0.0036087858	0.1384734383	0.8579177759
0	0.0025780345	0.2312174787	0.7662044869
1	0.0035763464	0.0734144962	0.9230091575
1	0.0243216204	0.9756605325	0.0000178472
1	0.0864250201	0.9130988371	0.0004761428
0	0.9484560137	0.0422046490	0.0093393373
0	0.5297244730	0.2697781554	0.2004973716
0	0.0000012265	0.9987556658	0.0012431077
0	0.0644113013	0.0743114087	0.8612772900
0	0.2848703401	0.4611291187	0.2540005411
0	0.6613385999	0.0907862768	0.2478751232
0	0.9526988100	0.0355311479	0.0117700421
0	0.2741624747	0.0014938607	0.7243436646
0	0.6241424630	0.0865341688	0.2893233681
1	0.0311097206	0.4471503122	0.5217399672
1	0.9012794717	0.0032136871	0.0955068412
