0	0.7462027452	0.0000054852	0.2537917696
0	0.8327881759	0.0212889384	0.1459228857
0	0.9840781932	0.0104985910	0.0054232157
0	0.4640935172	0.4058837152	0.1300227675
0	0.1004263641	0.1978847895	0.7016888464
0	0.1839828122	0.1895984358	0.6264187520
0	0.2390096114	0.1052476534	0.6557427352
0	0.1818977898	0.0968062403	0.7212959698
0	0.1329009172	0.8056646583	0.0614344245
0	0.1816382010	0.8110834063	0.0072783927
0	0.1251330025	0.0002543994	0.8746125981
0	0.3927228721	0.5324320707	0.0748450572
0	0.3979090354	0.4299877155	0.1721032491
0	0.8737005558	0.0401524158	0.0861470284
0	0.4318040675	0.5129070757	0.0552888568
0	0.0936357439	0.2641369311	0.6422273250
0	0.2623321694	0.0957679906	0.6418998401
0	0.7411619766	0.1649754188	0.0938626046
1	0.1277751194	0.8619552471	0.0102696335
0	0.0759993251	0.9240006744	0.0000000005
0	0.3733809477	0.1225462995	0.5040727528
0	0.0573199519	0.0012010826	0.9414789655
0	0.9275343974	0.0026074545	0.0698581481
0	0.3782806709	0.0254341066	0.5962852225
0	0.6031375956	0.2786475213	0.1182148831
0	0.0029632275	0.0072651062	0.9897716663
0	0.5576426084	0.2592806070	0.1830767846
0	0.4858112562	0.1228620853	0.3913266585
1	0.3127858901	0.6510126003	0.0362015096
0	0.0000060834	0.0489537883	0.9510401283
0	0.0238226834	0.1365437334	0.8396335831
0	0.3671525824	0.5305216962	0.1023257214
0	0.1101652060	0.5018729289	0.3879618652
1	0.0953754586	0.6948725825	0.2097519589
0	0.0000014838	0.4020658474	0.5979326688
1	0.1868425626	0.5688768211	0.2442806163
2	0.8297545871	0.1693362471	0.0009091658
0	0.0096039750	0.9903812470	0.0000147780
0	0.5595100670	0.0189239028	0.4215660303
0	0.0671080918	0.2905523638	0.6423395444
0	0.8021072861	0.0671687738	0.1307239401
0	0.3566507160	0.2499384602	0.3934108239
0	0.5878624943	0.2985478060	0.1135896997
0	0.0640930801	0.6350237970	0.3008831229
0	0.4504704795	0.1655096321	0.3840198885
1	0.1865708154	0.5746126322	0.2388165523
0	0.3327074165	0.5355135491	0.1317790344
0	0.5252738645	0.0003513616	0.4743747738
0	0.6696031184	0.2794244222	0.0509724594
0	0.0007052680	0.1459752026	0.8533195293
0	0.6318443232	0.3542989709	0.0138567059
1	0.6917480682	0.1238196012	0.1844323307
0	0.0555846199	0.9433774979	0.0010378822
0	0.0256106970	0.8123634455	0.1620258576
0	0.9906105664	0.0092822295	0.0001072042
1	0.2965671315	0.6794845803	0.0239482882
0	0.0011413290	0.0216540897	0.9772045813
1	0.0525036438	0.4549067803	0.4925895759
0	0.0115014293	0.9586091404	0.0298894303
1	0.0483141669	0.6679970793	0.2836887538
0	0.0000002410	0.7418854621	0.2581142969
0	0.3900867256	0.0243608297	0.5855524447
0	0.3491356758	0.2515014733	0.3993628510
0	0.6874375596	0.3086924782	0.0038699622
0	0.2577566697	0.2600438535	0.4821994768
1	0.1126614262	0.8819201975	0.0054183763
0	0.0085614661	0.6633324570	0.3281060770
0	0.0192743946	0.0016992295	0.9790263759
0	0.9142436227	0.0000213194	0.0857350579
1	0.5904134385	0.1766400608	0.2329465007
0	0.1042802249	0.6406289350	0.2550908401
0	0.1014249121	0.7181649312	0.1804101567
0	0.7430093711	0.0693236219	0.1876670070
0	0.2729915691	0.6987541472	0.0282542837
0	0.9022941843	0.0027575644	0.0949482513
0	0.4625206331	0.4291608898	0.1083184770
0	0.2204565027	0.0000000459	0.7795434514
0	0.9617679518	0.0000000000	0.0382320482
0	0.8544516621	0.0211741016	0.1243742363
0	0.6330021381	0.3628702481	0.0041276139
0	0.7182326896	0.2070855454	0.0746817650
1	0.3307061760	0.1673194477	0.5019743763
0	0.6453525876	0.3443414872	0.0103059252
0	0.5478317500	0.4000337663	0.0521344837
0	0.1168262474	0.2758533306	0.6073204220
0	0.1634753197	0.8147212328	0.0218034475
2	0.0200362257	0.9505883333	0.0293754410
0	0.6021978933	0.3354490942	0.0623530125
0	0.7366147166	0.1405766333	0.1228086501
0	0.1518744049	0.0484169985	0.7997085965
0	0.5901721832	0.1115980781	0.2982297387
0	0.4099040725	0.1661759577	0.4239199698
0	0.3772694090	0.1314504690	0.4912801219
1	0.1098067827	0.0349447462	0.8552484711
0	0.0000142075	0.1945773470	0.8054084455
0	0.3851692430	0.6114775784	0.0033531786
1	0.2034208205	0.1988531685	0.5977260111
0	0.0079673486	0.9711479805	0.0208846708
0	0.8622914367	0.0836677398	0.0540408235
0	0.1042040988	0.3014358854	0.5943600157
