0	0.1100941737	0.0035496407	0.8863561856
0	0.1271395380	0.2262916693	0.6465687926
0	0.5702272439	0.1569399842	0.2728327718
0	0.5139593339	0.2548539868	0.2311866793
1	0.9948639984	0.0042643808	0.0008716209
0	0.0276859623	0.8068003481	0.1655136896
0	0.0020808370	0.9958069010	0.0021122620
1	0.3382348603	0.1773595441	0.4844055956
0	0.9390381784	0.0090612970	0.0519005246
0	0.8665149042	0.0000030382	0.1334820576
0	0.9975211635	0.0024787149	0.0000001216
0	0.0610522359	0.0010913102	0.9378564539
1	0.1571255636	0.8428739977	0.0000004388
0	0.0433180724	0.7646966084	0.1919853193
0	0.0704357752	0.9294457068	0.0001185181
0	0.4982224104	0.2736694074	0.2281081821
0	0.1476069532	0.0929478792	0.7594451676
0	0.0000029949	0.5094662930	0.4905307120
0	0.8887432575	0.0000577971	0.1111989455
0	0.5496371793	0.4495897493	0.0007730714
0	0.0043845946	0.9322224540	0.0633929514
0	0.2960047750	0.6302468543	0.0737483708
0	0.3134615463	0.6861632047	0.0003752490
1	0.3910465251	0.6056811810	0.0032722939
0	0.1050866080	0.0231284612	0.8717849308
0	0.0000000020	0.1145950401	0.8854049580
0	0.2213591480	0.7726024575	0.0060383946
0	0.0568078838	0.2648384833	0.6783536329
0	0.4503741022	0.1775458859	0.3720800119
0	0.3767810175	0.0009692823	0.6222497002
1	0.0445598861	0.9543348262	0.0011052877
0	0.0169425904	0.7953325378	0.1877248718
0	0.4477785277	0.0795030563	0.4727184161
0	0.6288340212	0.2337472897	0.1374186892
0	0.2546608370	0.7452582771	0.0000808859
0	0.7069248590	0.1309719248	0.1621032161
0	0.8672690143	0.1327309857	0.0000000000
1	0.7028371773	0.2930415455	0.0041212772
0	0.4117848659	0.3995541513	0.1886609828
0	0.0754019480	0.8523296460	0.0722684060
1	0.7292438727	0.2706841990	0.0000719283
1	0.7894846876	0.2040379617	0.0064773506
0	0.0619678179	0.7583224521	0.1797097300
0	0.0000016881	0.7281729786	0.2718253333
0	0.8792684313	0.0590523942	0.0616791745
0	0.8966215822	0.0986262001	0.0047522177
0	0.0362290984	0.9637693521	0.0000015495
1	0.6735736604	0.0799721671	0.2464541726
0	0.3995787252	0.0000691346	0.6003521402
0	0.0674980075	0.6038659005	0.3286360920
1	0.1254447667	0.3583596135	0.5161956198
0	0.7001610905	0.2866659197	0.0131729898
0	0.1263428300	0.8120563421	0.0616008279
0	0.1003081816	0.6779985865	0.2216932319
0	0.4697401760	0.3244921790	0.2057676450
0	0.0301545613	0.0515810542	0.9182643845
0	0.0969773704	0.1114647194	0.7915579102
0	0.0068138609	0.1461744296	0.8470117096
0	0.4463684190	0.2154927318	0.3381388491
0	0.6295100010	0.3430777618	0.0274122372
0	0.0582569571	0.4236586084	0.5180844345
0	0.0210632640	0.1054734202	0.8734633157
0	0.4726392372	0.2240878507	0.3032729120
0	0.1115839983	0.2735882287	0.6148277730
0	0.2275029660	0.0000000057	0.7724970283
0	0.6228689696	0.0096716456	0.3674593848
0	0.1684367980	0.0194336315	0.8121295706
0	0.8257784704	0.1596539061	0.0145676235
0	0.6769610817	0.1536813413	0.1693575770
0	0.1598610971	0.8401091039	0.0000297990
2	0.5465552515	0.4156867439	0.0377580046
0	0.8581438062	0.0425167812	0.0993394126
0	0.1924366647	0.0143175988	0.7932457365
0	0.0000071349	0.5515969785	0.4483958866
0	0.9564767301	0.0435221725	0.0000010974
0	0.6255258166	0.0425675527	0.3319066306
0	0.5892916263	0.3112155406	0.0994928331
0	0.6870141843	0.0023281262	0.3106576895
0	0.3909167334	0.0189392952	0.5901439714
0	0.5246931824	0.3399450524	0.1353617652
1	0.7922494614	0.1113726469	0.0963778918
0	0.0001921203	0.6572519671	0.3425559126
0	0.6484259463	0.0099307994	0.3416432543
1	0.2207227053	0.0377621747	0.7415151200
0	0.0000000984	0.9706877553	0.0293121463
0	0.3307970167	0.6169126434	0.0522903399
1	0.0112113001	0.6089104546	0.3798782453
0	0.2359629903	0.7156499628	0.0483870469
0	0.2523423288	0.3080765511	0.4395811200
0	0.0711273157	0.4435332759	0.4853394084
0	0.1414714483	0.8234024515	0.0351261002
0	0.4959089052	0.2668380786	0.2372530163
0	0.0401437869	0.9537197454	0.0061364677
0	0.9575130538	0.0000000000	0.0424869462
0	0.1168061556	0.0094691807	0.8737246637
0	0.6672162636	0.2346028815	0.0981808549
0	0.0318921874	0.6624301754	0.3056776372
0	0.0824607223	0.0415286295	0.8760106481
0	0.1766849360	0.8233128805	0.0000021835
0	0.5534948042	0.1212207783	0.3252844175
