1	0.0684335699	0.9315187936	0.0000476365
0	0.3760304465	0.4387489670	0.1852205865
1	0.5360612230	0.3904086750	0.0735301020
0	0.1381763046	0.8592900879	0.0025336075
0	0.1842074064	0.7911245654	0.0246680283
0	0.1321589667	0.6614795516	0.2063614817
0	0.2276081513	0.5185130393	0.2538788094
0	0.2359492414	0.7535874855	0.0104632731
0	0.1232797158	0.6832733766	0.1934469075
0	0.9922101274	0.0000000006	0.0077898720
0	0.5515434498	0.1374454080	0.3110111422
0	0.0529440974	0.0315245562	0.9155313465
0	0.0000000000	0.6897450584	0.3102549416
1	0.1129338524	0.8405994994	0.0464666481
0	0.0023907430	0.4218262296	0.5757830273
1	0.2429587795	0.3270369400	0.4300042805
1	0.1135127892	0.8313328639	0.0551543469
0	0.7533206803	0.0210621853	0.2256171344
1	0.3118424270	0.0404384135	0.6477191594
0	0.0002178007	0.0230578866	0.9767243128
0	0.0157645386	0.6157866966	0.3684487647
0	0.2400831017	0.6051485922	0.1547683061
0	0.2529345629	0.7470654023	0.0000000347
0	0.0294225486	0.3046039294	0.6659735220
1	0.0934103444	0.0011319670	0.9054576886
0	0.6017293070	0.0016023357	0.3966683573
0	0.6725522626	0.2724807333	0.0549670042
0	0.4070875043	0.2168073688	0.3761051268
0	0.0572240662	0.7908901499	0.1518857839
0	0.9996508368	0.0003403654	0.0000087978
1	0.6460702088	0.3243094711	0.0296203201
0	0.9704985546	0.0001352384	0.0293662069
0	0.2115853026	0.0416164981	0.7467981994
0	0.9447059088	0.0468844979	0.0084095933
0	0.9407513441	0.0154286735	0.0438199824
1	0.0360951472	0.9624192169	0.0014856359
0	0.9137672436	0.0534879170	0.0327448394
0	0.5155109205	0.4285911995	0.0558978800
0	0.1502997271	0.8496603483	0.0000399246
1	0.0128726575	0.9843640673	0.0027632752
1	0.2561852243	0.7231923001	0.0206224757
1	0.2408438426	0.5933759216	0.1657802358
0	0.0903138981	0.5662619887	0.3434241132
0	0.2063311212	0.0002710935	0.7933977853
0	0.1376956870	0.8589563098	0.0033480032
0	0.4754607700	0.3307337181	0.1938055119
0	0.1799093143	0.4979225014	0.3221681843
1	0.9952534768	0.0018892621	0.0028572611
1	0.5799000455	0.3057100684	0.1143898862
0	0.4082840417	0.0958804595	0.4958354988
0	0.2253080784	0.0000000012	0.7746919204
0	0.3579200591	0.0389201325	0.6031598084
0	0.2256295147	0.7451910765	0.0291794088
0	0.4346664208	0.5176377370	0.0476958423
0	0.9950138562	0.0046761920	0.0003099518
0	0.3089308411	0.4534669848	0.2376021741
0	0.9025367854	0.0632474528	0.0342157618
1	0.8283999579	0.0556174915	0.1159825506
0	0.7485900484	0.0306220770	0.2207878745
0	0.4038501845	0.0528810051	0.5432688105
0	0.6968096430	0.0000001585	0.3031901985
0	0.0001049591	0.6169189699	0.3829760711
0	0.1803109828	0.2903981061	0.5292909111
0	0.2476829274	0.7506497148	0.0016673578
1	0.1603682183	0.5850553069	0.2545764749
2	0.4455548476	0.4771238680	0.0773212843
0	0.1204472667	0.0000000004	0.8795527329
0	0.0000000001	0.2971068218	0.7028931781
0	0.0098749027	0.9901250861	0.0000000112
0	0.0013958564	0.1079425708	0.8906615727
1	0.6360962667	0.3627301849	0.0011735484
0	0.2716558271	0.4873966379	0.2409475350
0	0.1774623638	0.1057669425	0.7167706936
0	0.6580849190	0.2571649128	0.0847501682
0	0.6022598065	0.2553421138	0.1423980797
1	0.6238270017	0.2678530036	0.1083199948
0	0.1397104010	0.8601521143	0.0001374847
1	0.6279364395	0.0920948623	0.2799686982
1	0.0473613006	0.4439202881	0.5087184114
0	0.6074054407	0.3924659347	0.0001286247
0	0.2992601415	0.7007398585	0.0000000000
0	0.7765019080	0.1215939783	0.1019041137
0	0.2864220496	0.7133546853	0.0002232651
1	0.0508958774	0.9429046043	0.0061995183
0	0.3997824086	0.4809251643	0.1192924271
0	0.0286743192	0.8835710435	0.0877546373
0	0.0000017330	0.8028056566	0.1971926104
0	0.8831063355	0.1167555589	0.0001381056
0	0.0400593883	0.0000140531	0.9599265586
0	0.7459991985	0.0151197518	0.2388810498
0	0.7374264145	0.1158971474	0.1466764381
0	0.0019894664	0.9707370677	0.0272734660
1	0.6881881428	0.3105588136	0.0012530436
0	0.4093592126	0.5124740571	0.0781667303
0	0.3051203082	0.5499684604	0.1449112314
0	0.6075359951	0.1484927609	0.2439712440
0	0.2208484867	0.7791037472	0.0000477660
0	0.1939271756	0.7442177762	0.0618550482
0	0.9687995845	0.0130683823	0.0181320332
0	0.0014414109	0.4778003898	0.5207581993
