0	0.0433466431	0.6856818598	0.2709714972
1	0.6963692209	0.0223776593	0.2812531198
0	0.5405356407	0.0000525448	0.4594118145
0	0.2719417687	0.0086935966	0.7193646347
0	0.5419996791	0.0001420149	0.4578583059
1	0.0045066611	0.3348007281	0.6606926108
0	0.0109456861	0.9681185248	0.0209357891
0	0.5260326927	0.0024293644	0.4715379429
0	0.7258530697	0.2626885656	0.0114583648
0	0.2302757542	0.2764906989	0.4932335469
1	0.6798960027	0.0687094033	0.2513945941
0	0.2085840060	0.4777127604	0.3137032336
0	0.4798038289	0.0988291855	0.4213669856
0	0.0309947337	0.0009049893	0.9681002770
1	0.1046749649	0.8902714514	0.0050535837
0	0.3236167606	0.6059782342	0.0704050053
1	0.8677361602	0.1322638382	0.0000000016
0	0.0371127112	0.0156287557	0.9472585331
0	0.7955118588	0.0991158850	0.1053722562
0	0.5698755224	0.2479838547	0.1821406228
0	0.1635485391	0.0315173967	0.8049340642
0	0.0074305073	0.7004492468	0.2921202459
0	0.2534253960	0.5582910235	0.1882835805
0	0.0407762462	0.9512493045	0.0079744493
0	0.2828650425	0.3823658947	0.3347690628
0	0.1416691803	0.2644207156	0.5939101040
0	0.0748591527	0.9246574880	0.0004833593
0	0.0003178839	0.8751191891	0.1245629271
0	0.1751554126	0.0061087282	0.8187358592
0	0.0111311402	0.2280622076	0.7608066523
0	0.0069893688	0.0000076651	0.9930029660
1	0.0622989975	0.0056863675	0.9320146350
2	0.1838620772	0.7522453309	0.0638925919
0	0.8475391241	0.1524608759	0.0000000000
0	0.0173254353	0.7752413651	0.2074331996
0	0.6515789367	0.3484210633	0.0000000000
0	0.5191310263	0.2693930810	0.2114758927
1	0.7458326861	0.2226053258	0.0315619881
0	0.4097021094	0.5513733706	0.0389245200
0	0.0042341966	0.1347947728	0.8609710306
1	0.1269941863	0.0003127994	0.8726930142
0	0.0311474732	0.3304576705	0.6383948563
0	0.4996017147	0.1490999768	0.3512983086
0	0.0865925937	0.7143360795	0.1990713267
0	0.6458949777	0.2312886584	0.1228163639
0	0.6580440595	0.0717023393	0.2702536012
0	0.8332031493	0.1595952178	0.0072016329
0	0.2315433505	0.6171602445	0.1512964050
0	0.4401678087	0.4938489676	0.0659832237
0	0.0026355513	0.9956568342	0.0017076145
0	0.0009004971	0.0000034477	0.9990960552
0	0.0964999339	0.4902249556	0.4132751105
0	0.5764528237	0.3304299691	0.0931172072
0	0.8100059551	0.1639696193	0.0260244256
0	0.9389112485	0.0049178347	0.0561709168
0	0.1422751185	0.8427842700	0.0149406115
0	0.6828481091	0.2551787865	0.0619731044
0	0.0000253197	0.5676130977	0.4323615826
0	0.8003010874	0.1192782931	0.0804206195
0	0.0342864437	0.4119361990	0.5537773573
0	0.7016636027	0.0066435840	0.2916928132
1	0.3094505757	0.1179783861	0.5725710382
0	0.0131780820	0.3364590131	0.6503629049
0	0.0871113825	0.2632507696	0.6496378480
0	0.7082334159	0.0069129804	0.2848536037
0	0.9212190395	0.0494150935	0.0293658670
0	0.8127958258	0.1827454699	0.0044587043
0	0.2964319921	0.3969496551	0.3066183528
0	0.2980966307	0.6848542756	0.0170490937
0	0.0009647074	0.2770533857	0.7219819069
0	0.0309054838	0.1531653662	0.8159291500
0	0.0851803189	0.3628625044	0.5519571767
1	0.0016394378	0.9973367267	0.0010238356
0	0.4562054324	0.5147703238	0.0290242438
0	0.6542092237	0.1352481293	0.2105426471
0	0.3281711983	0.1800368004	0.4917920013
0	0.4340104259	0.5639100747	0.0020794994
0	0.1232444440	0.8135532471	0.0632023089
0	0.6301232507	0.3690955802	0.0007811691
0	0.2383744353	0.0158712278	0.7457543370
0	0.0000000000	0.1116671928	0.8883328072
0	0.0000000000	0.5725210588	0.4274789412
0	0.0438468319	0.9428660723	0.0132870958
0	0.0316562523	0.5934529610	0.3748907867
0	0.9340749313	0.0044781193	0.0614469494
1	0.8748980481	0.0121330517	0.1129689002
0	0.1781030429	0.0179326804	0.8039642767
0	0.6321569381	0.3124497983	0.0553932637
0	0.6380395782	0.2151706121	0.1467898097
0	0.9738229139	0.0001166592	0.0260604269
0	0.2267933855	0.2705866903	0.5026199242
0	0.8547057118	0.0809736018	0.0643206864
0	0.1682815381	0.6173236941	0.2143947678
0	0.2768965300	0.7220811410	0.0010223290
0	0.3646776140	0.4624362711	0.1728861150
0	0.4042221099	0.2639308330	0.3318470571
0	0.0567837632	0.2116778684	0.7315383683
0	0.9751290318	0.0004870657	0.0243839025
0	0.1561772501	0.8437452664	0.0000774835
0	0.5467485917	0.0408777013	0.4123737070
