0	0.0736046197	0.7702854566	0.1561099236
0	0.8513761885	0.1485481131	0.0000756984
0	0.6587627267	0.1054822584	0.2357550149
0	0.7598303851	0.0871650518	0.1530045631
0	0.7902236372	0.0000097565	0.2097666063
0	0.4622385752	0.2061523244	0.3316091004
0	0.3539124735	0.0006074040	0.6454801225
0	0.8642250388	0.0000113026	0.1357636586
0	0.8207967497	0.1074573585	0.0717458917
1	0.0713636889	0.1313731130	0.7972631981
1	0.3472707839	0.2752903393	0.3774388768
0	0.0469591558	0.1928265014	0.7602143427
0	0.1711164968	0.0018924706	0.8269910327
0	0.1077972908	0.8667986365	0.0254040727
0	0.3557375019	0.0405624578	0.6037000403
0	0.5938118118	0.0244266647	0.3817615235
0	0.8965670039	0.0179013526	0.0855316434
1	0.4787794176	0.1972368872	0.3239836952
2	0.0400586116	0.0862592477	0.8736821408
0	0.0000000224	0.8937677532	0.1062322244
1	0.8743068987	0.1256138222	0.0000792791
0	0.0106275783	0.9805069360	0.0088654857
0	0.0943372468	0.3474890379	0.5581737154
0	0.0540924606	0.3580041805	0.5879033589
0	0.9982669506	0.0017039882	0.0000290612
0	0.5878538464	0.4068159022	0.0053302514
0	0.4104759890	0.5870939081	0.0024301029
1	0.7645143968	0.1891346761	0.0463509271
1	0.0367878394	0.1818179400	0.7813942205
0	0.0154685958	0.3710803034	0.6134511008
1	0.0089437993	0.9891928850	0.0018633157
0	0.0181792974	0.5928392364	0.3889814662
0	0.0233659842	0.0098405346	0.9667934812
0	0.4983043236	0.0099905013	0.4917051751
0	0.4369855291	0.4306439897	0.1323704812
1	0.1696784657	0.3982039531	0.4321175812
0	0.5246998595	0.0165890622	0.4587110783
0	0.0450548121	0.9505726197	0.0043725682
0	0.0284997816	0.3191984124	0.6523018060
0	0.0349162325	0.9638291824	0.0012545851
1	0.0292354972	0.3326270014	0.6381375015
1	0.1288883801	0.7578714588	0.1132401611
0	0.7880906363	0.0663132412	0.1455961225
1	0.0616200867	0.6108975817	0.3274823316
0	0.2212696058	0.6959907517	0.0827396425
0	0.4515476384	0.5272879384	0.0211644232
1	0.4330744404	0.0120666573	0.5548589024
0	0.4278444173	0.1646423773	0.4075132053
1	0.0926227157	0.6282569701	0.2791203142
0	0.7352804265	0.2647194826	0.0000000909
0	0.4325083087	0.0638816064	0.5036100849
0	0.7435466927	0.1013338138	0.1551194935
0	0.0000006998	0.0000002128	0.9999990874
0	0.7225220048	0.2770431332	0.0004348621
0	0.3038243846	0.0007315504	0.6954440650
0	0.0144617809	0.0049291535	0.9806090656
0	0.1149265173	0.0023293688	0.8827441139
0	0.4533990831	0.5453418965	0.0012590204
0	0.1517198881	0.0328360685	0.8154440434
0	0.3250706903	0.0902607798	0.5846685298
0	0.2684520986	0.2657470084	0.4658008930
1	0.6412127097	0.2924849743	0.0663023160
0	0.4890835631	0.0067401693	0.5041762676
1	0.0364273957	0.2696184331	0.6939541711
0	0.0193324448	0.9725482585	0.0081192967
0	0.1138518970	0.8001137500	0.0860343530
0	0.0819581929	0.8182629971	0.0997788100
0	0.1894530302	0.3517310223	0.4588159475
0	0.0996620619	0.8984602178	0.0018777203
0	0.0084272604	0.0164371960	0.9751355436
0	0.0480987627	0.7970803807	0.1548208567
0	0.1278322921	0.8582944159	0.0138732920
0	0.5727461094	0.3841585418	0.0430953488
0	0.0000000068	0.0038891307	0.9961108624
0	0.5365276854	0.0529132104	0.4105591042
0	0.2312189303	0.7204431138	0.0483379559
1	0.9045641828	0.0592625386	0.0361732785
1	0.2262189927	0.4423991827	0.3313818247
0	0.0306371565	0.2985393063	0.6708235372
0	0.3307542680	0.5423773802	0.1268683518
0	0.0024501869	0.9927373899	0.0048124233
0	0.1345388189	0.2421027400	0.6233584411
0	0.1541017818	0.0725576116	0.7733406065
0	0.0034314734	0.0404559090	0.9561126176
0	0.2330220994	0.7635282291	0.0034496716
1	0.0349236929	0.8225614967	0.1425148104
0	0.1121886545	0.8789847866	0.0088265589
0	0.0039593003	0.9952910371	0.0007496626
0	0.0676886158	0.0131848675	0.9191265167
0	0.4613778094	0.1788100955	0.3598120950
0	0.1894881559	0.3212993131	0.4892125310
0	0.9478674850	0.0284979202	0.0236345948
1	0.5826302175	0.3642740105	0.0530957720
0	0.1217048515	0.8744751746	0.0038199739
0	0.0727686141	0.7575195298	0.1697118562
0	0.0930361682	0.1330411905	0.7739226412
0	0.0052150554	0.1736233891	0.8211615555
0	0.9771633226	0.0115502960	0.0112863814
0	0.2356653432	0.7573840448	0.0069506120
0	0.1109917653	0.2211051789	0.6679030558
