0	0.0256927220	0.7317792466	0.2425280314
0	0.2161481419	0.7837833193	0.0000685388
0	0.9024600255	0.0030388034	0.0945011711
1	0.1539045801	0.5082837704	0.3378116495
0	0.4262351544	0.2015967393	0.3721681063
1	0.2607161686	0.5545927897	0.1846910418
1	0.0691356833	0.6980791992	0.2327851175
0	0.2783933853	0.2952121648	0.4263944499
0	0.0118216756	0.9260032201	0.0621751043
0	0.4659333250	0.3868524053	0.1472142697
2	0.0850214867	0.8545287505	0.0604497627
0	0.3642118511	0.0129250302	0.6228631187
0	0.6315095172	0.3409165986	0.0275738842
0	0.0019604844	0.7116449037	0.2863946119
0	0.0631823127	0.2958579912	0.6409596961
0	0.9410978704	0.0313988041	0.0275033255
0	0.1480580148	0.6466716419	0.2052703433
0	0.1569293562	0.0000290410	0.8430416028
0	0.1468458835	0.8507045187	0.0024495978
0	0.0253370455	0.2629655909	0.7116973636
0	0.3097364810	0.0000354312	0.6902280878
0	0.4570683583	0.1858982136	0.3570334281
1	0.1712606132	0.3809470293	0.4477923575
0	0.0282371708	0.0305387451	0.9412240842
1	0.7862176680	0.0889028712	0.1248794608
0	0.1749911839	0.2692160972	0.5557927189
0	0.4479057404	0.0152158300	0.5368784296
0	0.4272786118	0.5726239656	0.0000974226
0	0.9966682808	0.0024855803	0.0008461390
0	0.1839539178	0.3533020986	0.4627439836
0	0.9155207908	0.0374831311	0.0469960781
0	0.2148901960	0.0011348188	0.7839749852
0	0.6840204590	0.2996918357	0.0162877053
1	0.0000058630	0.9999768776	0.0000172593
0	0.0200029500	0.1681848487	0.8118122013
0	0.7964321232	0.0000000000	0.2035678768
0	0.5188847643	0.4800794336	0.0010358020
0	0.7841089313	0.0000184271	0.2158726416
0	0.6287140042	0.3236876327	0.0475983630
0	0.1126154576	0.0787101188	0.8086744237
0	0.6277769519	0.2891824660	0.0830405821
0	0.0616900260	0.2327153272	0.7055946469
0	0.8556162885	0.0395269128	0.1048567987
0	0.0270846661	0.1732720126	0.7996433213
0	0.0000001131	0.6323407315	0.3676591554
0	0.2424783418	0.2122123593	0.5453092989
0	0.7274420891	0.1868131350	0.0857447759
0	0.4729239823	0.1477211776	0.3793548401
1	0.1533380753	0.8342846600	0.0123772646
0	0.0480784292	0.6910650262	0.2608565446
0	0.0174317114	0.3930475050	0.5895207836
0	0.0000006252	0.0340112179	0.9659881569
0	0.0000000009	0.9980491802	0.0019508189
0	0.9420352950	0.0030101565	0.0549545485
2	0.1041329997	0.2020383757	0.6938286246
0	0.6005246604	0.2632099559	0.1362653837
0	0.9384529249	0.0613980290	0.0001490461
0	0.0311904980	0.6320752950	0.3367342069
0	0.7417253963	0.0443210897	0.2139535141
1	0.1410996982	0.8067958375	0.0521044643
0	0.6429316273	0.0004065822	0.3566617905
0	0.7298751042	0.1523737954	0.1177511003
0	0.5306809612	0.1672460459	0.3020729929
0	0.4341950811	0.2105209779	0.3552839409
0	0.0077697665	0.1822444974	0.8099857362
0	0.5940687895	0.3669145606	0.0390166499
0	0.0643157192	0.9098392770	0.0258450039
0	0.0968659931	0.8875503006	0.0155837063
0	0.0033843738	0.0936727423	0.9029428839
0	0.0007670345	0.9716004577	0.0276325077
0	0.9395765475	0.0603788165	0.0000446360
0	0.0384780510	0.9596856519	0.0018362972
0	0.9863354813	0.0100330489	0.0036314698
0	0.0008652788	0.1860057536	0.8131289676
0	0.6332619287	0.3422872656	0.0244508057
0	0.0521670127	0.0014470836	0.9463859037
0	0.3236852907	0.3819143697	0.2944003397
0	0.0369962102	0.7367699784	0.2262338114
0	0.5841508580	0.2125061594	0.2033429826
0	0.8268394201	0.1598445259	0.0133160540
0	0.3941865413	0.4848688078	0.1209446509
0	0.0000482095	0.7765398760	0.2234119146
0	0.8951511364	0.0655357412	0.0393131224
0	0.0362393831	0.1834410171	0.7803195999
0	0.0897829817	0.7004266464	0.2097903719
0	0.2593896193	0.7221881021	0.0184222786
0	0.3312638098	0.6358611696	0.0328750205
0	0.2209768316	0.6008115546	0.1782116138
1	0.0641490641	0.9353669332	0.0004840027
0	0.2677179697	0.0975374046	0.6347446258
0	0.9737543524	0.0155504313	0.0106952163
1	0.0108953396	0.0138223318	0.9752823287
2	0.2167259977	0.6725166235	0.1107573789
0	0.9915635404	0.0057747343	0.0026617253
0	0.9998144854	0.0001855146	0.0000000000
1	0.5938017357	0.4015600442	0.0046382200
0	0.0038194059	0.5895328412	0.4066477529
0	0.1559249335	0.0000042726	0.8440707940
0	0.8831490056	0.0567140125	0.0601369819
0	0.0019501879	0.0350178154	0.9630319967
