0	0.0179838280	0.9269609997	0.0550551723
1	0.9911690756	0.0088309244	0.0000000000
1	0.0000080364	0.9995572644	0.0004346992
0	0.9576206737	0.0000001324	0.0423791939
0	0.9303019825	0.0000000000	0.0696980175
0	0.1214787583	0.0000000000	0.8785212417
1	0.0004020879	0.2061477491	0.7934501629
0	0.3458265674	0.0526853263	0.6014881063
0	0.0365182052	0.7557711646	0.2077106302
0	0.1852252104	0.7999689647	0.0148058249
0	0.8350103324	0.0498402609	0.1151494067
0	0.8357953583	0.1642046417	0.0000000000
0	0.2964630002	0.7025916040	0.0009453958
1	0.8528631239	0.1471368761	0.0000000000
0	0.9999994845	0.0000005134	0.0000000021
0	0.0007251248	0.2385783809	0.7606964943
1	0.0284369485	0.9715630515	0.0000000000
0	0.8445628072	0.0000000000	0.1554371928
0	0.4221064970	0.1639655713	0.4139279317
0	0.4362942369	0.5507074225	0.0129983406
0	0.0009199428	0.9654388679	0.0336411893
2	0.0000001454	0.9999998546	0.0000000000
0	0.4513297742	0.4639286577	0.0847415681
1	0.0000143540	0.9999669365	0.0000187095
0	0.2178985765	0.3317073111	0.4503941124
0	0.8810851417	0.0161241398	0.1027907186
0	0.7146885950	0.2646765321	0.0206348729
0	0.7023191614	0.2974814639	0.0001993747
0	0.2234596008	0.4222929391	0.3542474601
0	0.8899007810	0.0084218523	0.1016773667
0	0.1485485462	0.0231084141	0.8283430397
1	0.0000000869	0.5575258195	0.4424740937
0	0.0000001048	0.0106567276	0.9893431676
0	0.8452805295	0.0000000000	0.1547194705
0	0.7565075370	0.2434924630	0.0000000000
0	0.0000000063	0.8654618314	0.1345381623
0	0.6847754846	0.1854746971	0.1297498183
0	0.0789890833	0.2903012630	0.6307096537
1	0.0079715889	0.9920283894	0.0000000217
0	0.1682526037	0.7735422910	0.0582051053
0	0.0000111805	0.0096847950	0.9903040245
0	0.8455497789	0.1515744331	0.0028757880
0	0.1681308781	0.0344233508	0.7974457711
0	0.0002626395	0.0158596247	0.9838777358
0	0.0000000000	0.8081800452	0.1918199548
0	0.0628995732	0.0860869453	0.8510134816
0	0.4774165935	0.5135383711	0.0090450354
0	0.3300885290	0.3505127374	0.3193987336
0	0.0176329060	0.3394418367	0.6429252573
0	0.0636572527	0.7298044208	0.2065383266
0	0.8100108921	0.1609825407	0.0290065671
0	0.1786647743	0.7318943525	0.0894408732
0	0.7957471430	0.0070360667	0.1972167903
0	0.3463904191	0.1489664611	0.5046431198
1	0.0044345615	0.9955654385	0.0000000000
0	0.3120560868	0.1330189908	0.5549249224
0	0.4494801042	0.5278432397	0.0226766561
1	0.6276489104	0.3723510896	0.0000000000
0	0.1913716135	0.7832900094	0.0253383771
0	0.3885496294	0.1427755076	0.4686748631
1	0.0000000030	0.9999999970	0.0000000000
0	0.0162887762	0.9280306036	0.0556806202
0	0.0741472278	0.7289596686	0.1968931035
0	0.0110381155	0.9676892074	0.0212726771
0	0.1872521652	0.8055311053	0.0072167295
0	0.7827483450	0.0543157248	0.1629359302
0	0.0073102489	0.0269182784	0.9657714727
1	0.0045900618	0.9954099382	0.0000000000
0	0.0309574044	0.0097476135	0.9592949821
0	0.1288541755	0.8710100659	0.0001357586
0	0.0011820255	0.9001741846	0.0986437899
0	0.0217074925	0.5363106139	0.4419818936
0	0.3896551210	0.5755588761	0.0347860029
0	0.0233072569	0.9766926586	0.0000000845
0	0.2345755235	0.0333553902	0.7320690864
0	0.0386869243	0.6747273894	0.2865856863
0	0.0090615026	0.3216700635	0.6692684339
0	0.2384453122	0.1076132852	0.6539414026
0	0.0691356317	0.6949753203	0.2358890480
2	0.1177933677	0.8822066323	0.0000000000
1	0.0000020280	0.0006365600	0.9993614119
0	0.1493495232	0.3007820961	0.5498683807
0	0.0042724638	0.4573250705	0.5384024657
0	0.1868549080	0.8131447507	0.0000003414
0	0.0675024522	0.8268666304	0.1056309174
0	0.4331605183	0.5449296636	0.0219098182
1	0.9842757825	0.0157242175	0.0000000000
0	0.9206392786	0.0792800195	0.0000807019
1	0.0000000437	0.9884353040	0.0115646523
0	0.3186274100	0.6058386142	0.0755339758
0	0.3285697231	0.0785286938	0.5929015831
0	0.1071133048	0.4742133903	0.4186733049
1	0.0000000000	1.0000000000	0.0000000000
0	0.7179004815	0.2700700213	0.0120294972
0	0.4461669529	0.0645327794	0.4893002676
0	0.0006206191	0.9913155674	0.0080638135
0	0.6534772869	0.0438115501	0.3027111630
1	0.1747988524	0.8252011476	0.0000000000
0	0.6371068652	0.3562913213	0.0066018135
0	0.0270268388	0.0019675098	0.9710056514
