0	0.2364412757	0.1183953063	0.6451634181
1	0.0000256911	0.9999743089	0.0000000000
0	0.7139972598	0.2435152496	0.0424874906
0	0.1255031223	0.7601070472	0.1143898305
0	0.0233289940	0.2043306517	0.7723403543
0	0.6558177355	0.0056745850	0.3385076795
0	0.2949415944	0.7020375591	0.0030208466
0	0.1716215487	0.3547007725	0.4736776788
0	0.4918162428	0.3961546798	0.1120290774
0	0.0645534910	0.4450526145	0.4903938945
1	0.0000000522	0.9998287095	0.0001712383
1	0.0787312179	0.9212687821	0.0000000000
1	0.2317275343	0.7682724657	0.0000000000
0	0.1970153107	0.3763867450	0.4265979443
0	0.0000291045	0.9932996758	0.0066712197
0	0.0781961313	0.9218038687	0.0000000000
0	0.0193987148	0.9647479577	0.0158533275
0	0.7150779946	0.0460956316	0.2388263738
0	0.3608255380	0.6120235915	0.0271508705
1	0.9767809748	0.0232190252	0.0000000000
0	0.3017549995	0.1430521950	0.5551928055
1	0.1063223142	0.8444699823	0.0492077034
0	0.3585142601	0.0004347218	0.6410510181
0	0.4427350977	0.0442631093	0.5130017930
0	0.6176312970	0.0837225270	0.2986461759
0	0.0000000003	0.9999292538	0.0000707460
0	0.9506551287	0.0344784094	0.0148664620
0	0.0005979154	0.4143505239	0.5850515607
1	0.5315378620	0.4684621380	0.0000000000
0	0.1438524264	0.7891312675	0.0670163060
0	0.0643127780	0.9333313354	0.0023558866
2	0.0002971179	0.9997028821	0.0000000000
0	0.3404076067	0.1800561144	0.4795362788
0	0.0753884440	0.9245475103	0.0000640457
0	0.0383551134	0.9616448866	0.0000000000
0	0.3276709010	0.6503797080	0.0219493911
0	0.9934754963	0.0061993001	0.0003252036
0	0.0144682406	0.9855317594	0.0000000000
0	0.0083771242	0.7356988759	0.2559240000
0	0.9799282633	0.0200717367	0.0000000000
0	0.0134343767	0.9049535893	0.0816120340
0	0.0019296027	0.9562885950	0.0417818023
0	0.0000001330	0.5185086505	0.4814912165
0	0.0216652035	0.9654916492	0.0128431472
0	0.0334656664	0.4332752666	0.5332590671
1	0.7576502060	0.0243562449	0.2179935491
0	0.5492651746	0.2027776854	0.2479571399
0	0.6060689033	0.2429337364	0.1509973603
0	0.0000000000	0.0098286364	0.9901713636
0	0.1129547480	0.4624997744	0.4245454776
0	0.4931142590	0.4676472622	0.0392384788
0	0.6619507181	0.2669072557	0.0711420262
0	0.3979904908	0.0064295436	0.5955799657
0	0.6700357103	0.3298140532	0.0001502366
0	0.7537757522	0.1993856206	0.0468386272
0	0.3947182143	0.5541593143	0.0511224714
0	0.1446982612	0.8543010119	0.0010007269
0	0.9374036993	0.0195709406	0.0430253602
0	0.1945534453	0.8024478129	0.0029987418
0	0.6625257427	0.2798538287	0.0576204286
0	0.4461623523	0.0239957120	0.5298419357
0	0.0185952574	0.9813945641	0.0000101785
0	0.0968976876	0.9031020580	0.0000002544
1	0.2694178888	0.7305821112	0.0000000000
0	0.4606550021	0.0705137003	0.4688312976
1	0.9833751952	0.0166248048	0.0000000000
1	0.0026869831	0.9916628947	0.0056501222
0	0.6759506184	0.0003863708	0.3236630108
0	0.0003298011	0.9774146808	0.0222555180
0	0.1528931624	0.6425234857	0.2045833518
0	0.8539613836	0.0481493771	0.0978892392
1	0.2883897661	0.7116102339	0.0000000000
0	0.1209430661	0.4228090700	0.4562478639
0	0.0735231220	0.9263565957	0.0001202823
0	0.1314825631	0.8685153925	0.0000020444
1	0.0122452914	0.9877547086	0.0000000000
0	0.5724396468	0.2372200334	0.1903403198
0	0.0000692063	0.9713482926	0.0285825011
0	0.5557334277	0.0134724762	0.4307940960
0	0.3489243848	0.5685614320	0.0825141832
0	0.0080602945	0.3690441072	0.6228955983
0	0.0102954997	0.0409442793	0.9487602210
0	0.0000002284	0.6350251686	0.3649746029
0	0.0010702165	0.9923672667	0.0065625168
1	0.2791355055	0.7208644945	0.0000000000
0	0.3980602367	0.3038782191	0.2980615443
0	0.1611159963	0.1110653235	0.7278186802
0	0.9292609668	0.0707390332	0.0000000000
0	0.0214716522	0.9641640367	0.0143643111
1	0.0000123630	0.9999876370	0.0000000000
0	0.1437503806	0.8248338758	0.0314157435
0	0.3242923941	0.6757076059	0.0000000000
1	0.0628573240	0.9371426760	0.0000000000
0	0.0629442654	0.8491781480	0.0878775867
0	0.0013750107	0.0320744527	0.9665505366
0	0.7044341139	0.2746080089	0.0209578773
1	0.0039991900	0.9952887517	0.0007120583
0	0.5331617073	0.4567253482	0.0101129445
0	0.0286611889	0.5770868663	0.3942519448
0	0.9251080717	0.0011941135	0.0736978148
