0	0.9780348145	0.0219651855	0.0000000000
0	0.4945893539	0.5053829399	0.0000277062
0	0.6825955704	0.1952409544	0.1221634753
0	0.9464595452	0.0185298781	0.0350105767
0	0.3191196212	0.6597058616	0.0211745171
0	0.3116664847	0.5419672890	0.1463662262
0	0.0494210534	0.9073195269	0.0432594197
0	0.0000000000	0.4978673466	0.5021326534
1	0.1388348024	0.8611651976	0.0000000000
0	0.4802514090	0.0000924260	0.5196561650
0	0.0271663956	0.9087474092	0.0640861952
0	0.0324796570	0.0073594473	0.9601608957
0	0.0011419971	0.9981131310	0.0007448719
0	0.0000147268	0.9999731267	0.0000121466
0	0.2263382022	0.1840158723	0.5896459254
0	0.9997099446	0.0002795870	0.0000104684
0	0.2148771606	0.7653432430	0.0197795964
0	0.1905899914	0.4124589768	0.3969510318
0	0.2441810786	0.3050122954	0.4508066260
0	0.0046247970	0.0166214022	0.9787538008
0	0.2986053097	0.4871118398	0.2142828505
0	0.8052892866	0.1110906315	0.0836200820
0	0.1693368308	0.3244931767	0.5061699925
1	0.6263376255	0.3736597391	0.0000026354
0	0.0077974404	0.0673554356	0.9248471240
0	0.7513041352	0.0203752080	0.2283206568
0	0.3163604567	0.2132072535	0.4704322898
0	0.8918284156	0.1069731241	0.0011984603
0	0.2397557196	0.2341476980	0.5260965823
1	0.9995423127	0.0004576873	0.0000000000
0	0.1781927272	0.4491268749	0.3726803979
0	0.2968620165	0.2728386213	0.4302993621
0	0.4813781910	0.5050465917	0.0135752173
0	0.0000000146	0.4734758795	0.5265241059
1	0.0263383030	0.9736616970	0.0000000000
0	0.0000000141	0.9690830714	0.0309169145
0	0.2384348314	0.1005491477	0.6610160208
0	0.5536604873	0.3929289493	0.0534105634
0	0.3311998630	0.2032521795	0.4655479575
0	0.3480092857	0.6426529336	0.0093377808
0	0.3690764607	0.3754350462	0.2554884931
0	0.1809460272	0.7892176588	0.0298363141
0	0.1633082332	0.5246820937	0.3120096731
0	0.9522298828	0.0000000030	0.0477701142
1	0.2268739489	0.7731260483	0.0000000029
0	0.3858806325	0.5040257441	0.1100936234
0	0.2397594718	0.7583830787	0.0018574495
0	0.0294122630	0.9692599082	0.0013278288
0	0.2559955359	0.7380441615	0.0059603027
0	0.4951753931	0.3269921468	0.1778324601
1	0.7501111450	0.2498888550	0.0000000000
1	0.0000000000	1.0000000000	0.0000000000
1	0.4526381672	0.5473094428	0.0000523900
0	0.2794379416	0.7076403476	0.0129217108
0	0.8521757588	0.1300537968	0.0177704444
1	0.0000000000	1.0000000000	0.0000000000
0	0.8921010317	0.0993988160	0.0085001523
1	0.4781921470	0.4816004962	0.0402073568
0	0.0000000000	0.8899803645	0.1100196355
0	0.2094422185	0.5943054861	0.1962522954
0	0.8919357222	0.1005622935	0.0075019842
0	0.3697315212	0.6300741463	0.0001943325
1	0.6811764126	0.3188235874	0.0000000000
1	0.0219915035	0.9780084965	0.0000000000
0	0.7651603865	0.2348396135	0.0000000000
0	0.0636036458	0.9295719383	0.0068244159
1	0.0000000303	0.9999999697	0.0000000000
1	0.0956557291	0.9043442697	0.0000000011
0	0.0079803906	0.8867394606	0.1052801489
0	0.1335516512	0.0007930957	0.8656552531
0	0.0379866268	0.9619995932	0.0000137800
0	0.0961746785	0.5242706071	0.3795547144
1	0.8981561869	0.1018134623	0.0000303508
0	0.5535572325	0.4426766406	0.0037661270
0	0.7089988949	0.1904991441	0.1005019609
0	0.3599225955	0.6400773240	0.0000000806
0	0.0010191372	0.9974617283	0.0015191345
0	0.3706401535	0.5894431786	0.0399166679
1	0.0071824482	0.9926415121	0.0001760397
0	0.1558770700	0.8376312213	0.0064917087
1	0.2974342741	0.7025657259	0.0000000000
0	0.1139088613	0.8555175276	0.0305736111
0	0.3035101368	0.6338797188	0.0626101444
0	0.0568761984	0.0000003712	0.9431234304
1	0.9514170346	0.0485829654	0.0000000000
0	0.0629627162	0.9368046570	0.0002326267
0	0.7770257780	0.0811308643	0.1418433577
0	0.6526715198	0.0000000000	0.3473284802
0	0.0005374685	0.9741107821	0.0253517494
0	0.4119073933	0.5549570002	0.0331356064
0	0.4721689894	0.5277563538	0.0000746568
0	0.5350142973	0.0389369824	0.4260487203
0	0.4833445995	0.0102741014	0.5063812991
2	0.0001470532	0.9998529468	0.0000000000
0	0.5412456421	0.2646398025	0.1941145553
1	0.4786441307	0.5213235654	0.0000323040
0	0.0883643495	0.0131215278	0.8985141226
0	0.6945759528	0.2678365597	0.0375874875
0	0.2949396281	0.4532417040	0.2518186679
2	0.0000844282	0.9999155718	0.0000000000
