0	0.0242308768	0.2425120846	0.7332570385
0	0.0005890009	0.9069549908	0.0924560083
1	0.8546069563	0.1453930437	0.0000000000
0	0.3907400211	0.0618120951	0.5474478838
0	0.0000002305	0.0030755891	0.9969241803
0	0.0006601242	0.5212494482	0.4780904276
0	0.6085276508	0.1341795055	0.2572928437
0	0.9836574735	0.0152202514	0.0011222751
0	0.8526189236	0.0327070773	0.1146739991
1	0.0218876846	0.9781123154	0.0000000000
0	0.1711301040	0.0103901717	0.8184797243
0	0.0011507156	0.2495463950	0.7493028895
0	0.5517955666	0.3685997338	0.0796046996
0	0.5103106179	0.0442944183	0.4453949638
0	0.8705246417	0.1291030880	0.0003722703
0	0.8177087321	0.1653272094	0.0169640586
0	0.5737365199	0.0079328878	0.4183305923
0	0.0000000000	0.1324373567	0.8675626433
0	0.0003706920	0.8596879130	0.1399413950
0	0.7631258818	0.1313832581	0.1054908601
1	0.3193420860	0.6806579112	0.0000000028
0	0.2124903293	0.1423167310	0.6451929397
0	0.2308551229	0.0241263576	0.7450185195
0	0.2818463118	0.3546910720	0.3634626162
0	0.2905880593	0.1237986440	0.5856132966
1	0.8781848641	0.1218151359	0.0000000000
0	0.5974915976	0.2944195968	0.1080888055
0	0.2195204840	0.0053857171	0.7750937989
1	0.0688339322	0.9311660678	0.0000000000
0	0.3389569466	0.6041294200	0.0569136334
0	0.0739008715	0.0047565390	0.9213425895
1	0.2742430943	0.6205475017	0.1052094040
0	0.0005645937	0.1184210627	0.8810143436
0	0.8605387830	0.0000126827	0.1394485342
0	0.5964311496	0.0275540778	0.3760147726
0	0.0491417987	0.0004183638	0.9504398375
0	0.9939379617	0.0056113486	0.0004506897
1	0.0000000023	0.9999999977	0.0000000000
0	0.0000000001	0.9999999999	0.0000000000
1	0.0344217346	0.9655782654	0.0000000000
0	0.7284884207	0.0892668598	0.1822447195
0	0.0054046163	0.9422367018	0.0523586819
1	0.9950412919	0.0049587081	0.0000000000
0	0.0602116565	0.6205325558	0.3192557877
0	0.0000000000	0.6649828210	0.3350171790
0	0.1024852615	0.0345590171	0.8629557214
0	0.2172631104	0.2820216424	0.5007152471
0	0.4252400257	0.5747587870	0.0000011873
0	0.5487486871	0.1587763333	0.2924749796
0	0.8834203480	0.0286283684	0.0879512836
0	0.0029895720	0.9728184879	0.0241919401
0	0.0403092903	0.4250497805	0.5346409292
0	0.5755149533	0.0077810499	0.4167039969
0	0.0517679185	0.4446818659	0.5035502157
1	0.2894021752	0.7105966175	0.0000012073
0	0.0115795149	0.5948729778	0.3935475073
0	0.4906055461	0.4938855807	0.0155088732
0	0.1223430811	0.8776555313	0.0000013876
0	0.4863806274	0.3620230350	0.1515963376
0	0.0332935550	0.0000000000	0.9667064450
0	0.0964256585	0.1067558782	0.7968184633
0	0.3699993201	0.0000380574	0.6299626225
0	0.0309666190	0.9687650743	0.0002683067
1	0.6538838929	0.3436960298	0.0024200773
1	0.6317205527	0.3682740554	0.0000053919
0	0.7140688669	0.2548501123	0.0310810208
0	0.3155059753	0.0075151592	0.6769788655
0	0.9792634777	0.0016836979	0.0190528244
0	0.0000000705	0.0401662686	0.9598336609
1	0.0001068270	0.9997475599	0.0001456130
0	0.4824903151	0.1274061562	0.3901035287
1	0.0564891466	0.9435108534	0.0000000000
0	0.1146952416	0.3167351832	0.5685695752
0	0.6498375218	0.2309229957	0.1192394825
1	0.0066554205	0.9933445795	0.0000000000
0	0.7875102599	0.0400568660	0.1724328742
0	0.1378746879	0.5693033487	0.2928219634
1	0.0000000000	0.9993960697	0.0006039303
0	0.0000001068	0.9116226818	0.0883772113
0	0.0000000000	0.9577559945	0.0422440055
0	0.0000003123	0.0082675743	0.9917321134
1	0.0000995942	0.9935706355	0.0063297703
0	0.9288666929	0.0711333071	0.0000000000
0	0.0000005812	0.9939155875	0.0060838313
1	0.0004906493	0.9995093507	0.0000000000
2	0.4854149758	0.5145850242	0.0000000000
0	0.2135882802	0.4465402168	0.3398715031
0	0.6241990784	0.3671140329	0.0086868887
0	0.8451481775	0.1164773389	0.0383744836
0	0.0000000000	0.8200049014	0.1799950986
0	0.5202907420	0.2339472163	0.2457620416
1	0.9943637616	0.0056362384	0.0000000000
0	0.9392495519	0.0607123355	0.0000381126
1	0.8123986867	0.1876013133	0.0000000000
0	0.7255988157	0.2607014446	0.0136997397
0	0.9651981047	0.0307654627	0.0040364326
0	0.4644629461	0.3384384051	0.1970986488
0	0.3786561907	0.6213437629	0.0000000464
0	0.9394044682	0.0605949755	0.0000005563
0	0.4735455286	0.5057123768	0.0207420946
