1	0.5054561401	0.4562012131	0.0383426468
0	0.7060197729	0.0000002225	0.2939800046
0	0.2221627399	0.1402358100	0.6376014502
0	0.1341434001	0.0138814620	0.8519751379
0	0.4411228243	0.1093039381	0.4495732376
1	0.0028066629	0.9909771818	0.0062161553
0	0.4724930261	0.5254045251	0.0021024488
0	0.0968313936	0.6060712606	0.2970973458
0	0.4324552150	0.0989659709	0.4685788141
1	0.1972312870	0.3023006201	0.5004680928
1	0.0410630968	0.8757954085	0.0831414947
0	0.4091367655	0.0001624117	0.5907008228
0	0.0000005859	0.3179022937	0.6820971205
0	0.0011044138	0.9684222153	0.0304733709
0	0.0012055992	0.9209432711	0.0778511297
1	0.1809418289	0.7087703698	0.1102878013
1	0.9691642861	0.0308095159	0.0000261980
0	0.0394620046	0.0171735286	0.9433644668
0	0.1181579641	0.1085496831	0.7732923528
0	0.0921244771	0.9078755229	0.0000000000
0	0.0534649551	0.4209420652	0.5255929797
0	0.2584351320	0.0692323734	0.6723324946
0	0.0011544109	0.0029874865	0.9958581027
0	0.0000031612	0.0974157144	0.9025811245
1	0.1560662225	0.4719245971	0.3720091804
0	0.4814247770	0.0125030916	0.5060721314
0	0.0845536445	0.6187393732	0.2967069823
0	0.3969841330	0.6009034094	0.0021124577
0	0.3091803170	0.0000078315	0.6908118516
0	0.1000518519	0.8340917313	0.0658564168
0	0.2343109353	0.0000542311	0.7656348336
0	0.0650289348	0.5040726169	0.4308984483
0	0.0165461667	0.0484557216	0.9349981117
0	0.1441833702	0.0005725318	0.8552440979
1	0.2739759372	0.7251799631	0.0008440997
1	0.0450356066	0.8813869119	0.0735774815
0	0.1153642857	0.5340429771	0.3505927372
0	0.0137357865	0.4900778092	0.4961864043
1	0.2181685890	0.5046825253	0.2771488857
0	0.7221907911	0.2746600508	0.0031491581
0	0.9651933529	0.0015411051	0.0332655420
0	0.4773545653	0.0844682272	0.4381772075
0	0.1021283577	0.5138885417	0.3839831005
1	0.0551434493	0.3311733754	0.6136831754
1	0.0996821551	0.0450730752	0.8552447697
0	0.2854852128	0.0931080727	0.6214067145
0	0.0000000006	0.0000225028	0.9999774966
0	0.0127877423	0.4157848441	0.5714274137
0	0.4094220853	0.1400640239	0.4505138909
0	0.0580983973	0.2487779815	0.6931236212
0	0.8952524668	0.0820642064	0.0226833268
0	0.7986434671	0.1312292159	0.0701273170
0	0.0093842996	0.7678847816	0.2227309188
0	0.3805121518	0.6032320166	0.0162558316
0	0.0376551013	0.0806236636	0.8817212351
0	0.6964404012	0.0522743194	0.2512852794
0	0.1434110528	0.7232792154	0.1333097318
0	0.0802778308	0.0177908744	0.9019312948
0	0.2493881228	0.0161078757	0.7345040014
0	0.0259777936	0.9615464719	0.0124757345
0	0.1793130938	0.5436265335	0.2770603728
1	0.0081491059	0.9793911367	0.0124597574
0	0.9884003444	0.0012117200	0.0103879356
0	0.9054073688	0.0787687626	0.0158238686
0	0.5070388783	0.4929181532	0.0000429686
1	0.5663051974	0.4336948005	0.0000000022
0	0.0257592050	0.9114192050	0.0628215900
0	0.4186820263	0.4971443226	0.0841736511
1	0.6726627600	0.2481074226	0.0792298174
0	0.3183650763	0.3605412005	0.3210937233
0	0.1310940943	0.6485215067	0.2203843990
0	0.1975650439	0.8023818857	0.0000530704
0	0.3741864154	0.0226870218	0.6031265627
0	0.0406229508	0.4092080718	0.5501689773
0	0.0064490994	0.0042576930	0.9892932076
0	0.4205398806	0.0312567280	0.5482033914
0	0.5644107370	0.0120273786	0.4235618844
1	0.0279999943	0.7214374157	0.2505625900
0	0.1818993316	0.8181004975	0.0000001709
0	0.0179818320	0.9777166686	0.0043014994
0	0.5295118453	0.4621656376	0.0083225172
0	0.4316030872	0.0124488852	0.5559480276
2	0.7236475555	0.1928415342	0.0835109103
0	0.7319225378	0.0985225214	0.1695549407
0	0.3260838949	0.4021348718	0.2717812333
0	0.1456817467	0.1619451361	0.6923731172
0	0.1224571113	0.8694729808	0.0080699078
0	0.7108996558	0.1130049677	0.1760953765
0	0.2502496670	0.7290026228	0.0207477102
0	0.0550995783	0.1956811262	0.7492192955
0	0.0135330754	0.9464107505	0.0400561740
0	0.0016569608	0.9881285096	0.0102145296
0	0.4300482068	0.3244817218	0.2454700714
1	0.0819006995	0.8151656375	0.1029336630
0	0.0335318623	0.9553798320	0.0110883057
0	0.9431393000	0.0523972880	0.0044634121
1	0.0125025085	0.9660271043	0.0214703872
0	0.0438314770	0.3691054198	0.5870631032
0	0.5535445666	0.0000002148	0.4464552185
0	0.9579796288	0.0419808642	0.0000395070
