0	0.4667857308	0.4432801358	0.0899341334
0	0.8527611876	0.0992088601	0.0480299523
0	0.3695048302	0.0038890416	0.6266061283
0	0.8940119824	0.0361935427	0.0697944749
1	0.2118120875	0.6264672800	0.1617206325
0	0.9999999064	0.0000000895	0.0000000041
0	0.0122638965	0.9247377332	0.0629983703
0	0.4075281781	0.3599537717	0.2325180502
0	0.8493504749	0.0009328616	0.1497166635
0	0.0082130486	0.7116511220	0.2801358294
1	0.8005623826	0.1994376174	0.0000000000
0	0.0985223308	0.0009041286	0.9005735406
0	0.0026137073	0.6129080435	0.3844782492
1	0.8921515331	0.0174409147	0.0904075522
0	0.4041441252	0.5955506268	0.0003052480
0	0.0091133242	0.8920534835	0.0988331924
0	0.6890932374	0.0119399919	0.2989667707
0	0.9742749155	0.0216104723	0.0041146123
0	0.6274651764	0.3450208085	0.0275140150
0	0.4529979905	0.4411680836	0.1058339258
0	0.0000000000	0.9957741521	0.0042258479
0	0.5555450002	0.4218570506	0.0225979493
2	0.3514563850	0.5110820412	0.1374615738
0	0.4353685961	0.0075490518	0.5570823521
0	0.0000001845	0.2017372740	0.7982625415
0	0.3998754442	0.3655794078	0.2345451480
0	0.0213851047	0.9786148888	0.0000000064
0	0.0274760111	0.9674386631	0.0050853258
0	0.3202271838	0.6179319285	0.0618408877
0	0.1789479247	0.0142281459	0.8068239294
1	0.0000000937	0.9906634277	0.0093364786
0	0.0000001825	0.9479889619	0.0520108557
0	0.0008100134	0.0399273836	0.9592626030
0	0.0133103080	0.1034872253	0.8832024667
0	0.0392311566	0.0666090416	0.8941598018
0	0.3517643887	0.0000387382	0.6481968730
1	0.5454720219	0.3110943021	0.1434336760
0	0.0298009230	0.9623600817	0.0078389953
2	0.1086396306	0.8002647087	0.0910956606
0	0.2748740520	0.7082108280	0.0169151200
1	0.5908215322	0.3648315931	0.0443468747
0	0.0388043298	0.3246354025	0.6365602677
0	0.3312721494	0.6550445391	0.0136833115
0	0.0565509436	0.0074646234	0.9359844329
0	0.0585107076	0.8869283463	0.0545609461
1	0.1318499179	0.4064276343	0.4617224477
0	0.0000384482	0.0026547979	0.9973067539
0	0.5145515817	0.1752883471	0.3101600712
0	0.4162340671	0.5548190290	0.0289469039
0	0.0112997598	0.7122833939	0.2764168462
0	0.0003039380	0.4144542741	0.5852417879
1	0.1782620418	0.2386720941	0.5830658641
0	0.3883253305	0.1062447914	0.5054298781
0	0.0275341108	0.9521435309	0.0203223584
2	0.1125634339	0.8842115414	0.0032250246
0	0.9838596159	0.0160299848	0.0001103993
0	0.5987038931	0.0112682881	0.3900278188
0	0.3513733489	0.1261049723	0.5225216788
0	0.0849310593	0.8956257034	0.0194432373
0	0.0474324044	0.8819634289	0.0706041667
0	0.5801505885	0.1959899379	0.2238594736
1	0.0028157280	0.0522523457	0.9449319263
0	0.1682928498	0.8304665674	0.0012405828
0	0.7129768647	0.0873078487	0.1997152866
0	0.0833530605	0.8442573994	0.0723895402
0	0.6985094646	0.0778006090	0.2236899263
0	0.5628156383	0.2880789630	0.1491053987
0	0.0325895866	0.5184065300	0.4490038835
1	0.5239571196	0.2247488162	0.2512940643
1	0.2025144545	0.2635775697	0.5339079758
0	0.0045344154	0.9341234075	0.0613421770
0	0.9671269697	0.0080510515	0.0248219788
1	0.4105114626	0.5046881290	0.0848004084
0	0.0201408181	0.9797083100	0.0001508719
0	0.0005426716	0.9930158095	0.0064415189
0	0.2772131939	0.0720714579	0.6507153482
1	0.1430105126	0.7725751864	0.0844143010
0	0.0000169769	0.9997453892	0.0002376339
0	0.0095433569	0.4145866930	0.5758699501
2	0.0732254167	0.3492448575	0.5775297259
1	0.1192157465	0.8670530037	0.0137312497
0	0.1944456179	0.4424688373	0.3630855448
0	0.5552165451	0.1149462354	0.3298372195
1	0.2158565991	0.7424328401	0.0417105608
0	0.1395674532	0.8604287167	0.0000038301
0	0.0042563363	0.9463915297	0.0493521340
0	0.6276981073	0.1995691736	0.1727327190
0	0.1540941500	0.0000000008	0.8459058492
1	0.1089502709	0.0439036504	0.8471460787
0	0.0010588476	0.3675926623	0.6313484901
0	0.3922703728	0.4265790123	0.1811506149
0	0.3702376994	0.0825262295	0.5472360711
0	0.1546856828	0.0023293537	0.8429849635
0	0.0455717071	0.4703606336	0.4840676593
0	0.7068239993	0.0949382007	0.1982378000
0	0.1799246688	0.0107421930	0.8093331381
0	0.2609995574	0.1562393192	0.5827611235
0	0.0798100993	0.6659559063	0.2542339945
1	0.7847284029	0.1833810375	0.0318905596
0	0.6070381333	0.3929618667	0.0000000000
