0	0.0112128690	0.8488405085	0.1399466225
0	0.5192799972	0.4518997442	0.0288202586
0	0.1291204924	0.4562799541	0.4145995536
0	0.7052934180	0.0690751874	0.2256313947
0	0.0925051686	0.8714636189	0.0360312124
0	0.6481423440	0.1169724638	0.2348851922
0	0.4382299765	0.5612643391	0.0005056844
0	0.8751522347	0.0751770848	0.0496706805
0	0.0225212912	0.7013830403	0.2760956685
1	0.1060375103	0.5229330570	0.3710294327
0	0.9659498474	0.0340501522	0.0000000004
0	0.0301936613	0.8290856809	0.1407206578
0	0.6527030022	0.0915708298	0.2557261679
0	0.1103537674	0.0558598503	0.8337863823
0	0.6453069966	0.3516952855	0.0029977180
0	0.8291539389	0.0880540753	0.0827919859
0	0.0812644413	0.5758653425	0.3428702161
0	0.4953815783	0.5043954680	0.0002229538
0	0.2729239340	0.4278741094	0.2992019566
0	0.0662260676	0.2210715492	0.7127023832
0	0.1208981484	0.8532183824	0.0258834691
0	0.9306786743	0.0693213120	0.0000000137
1	0.7994333357	0.1066081592	0.0939585052
0	0.0747570875	0.8645186556	0.0607242569
0	0.5847494944	0.3788695875	0.0363809181
0	0.5722356181	0.4261569316	0.0016074503
0	0.2408054871	0.2013246530	0.5578698599
1	0.6878597795	0.0747601454	0.2373800751
0	0.6130130108	0.0758280492	0.3111589400
0	0.2020863561	0.3772000762	0.4207135676
1	0.6110780049	0.3385593665	0.0503626286
0	0.0039299796	0.7633394319	0.2327305885
0	0.0027836869	0.9617433236	0.0354729896
1	0.2679430631	0.7097164269	0.0223405100
0	0.0015834268	0.0000838629	0.9983327102
0	0.1110552381	0.5980476767	0.2908970852
0	0.0093801105	0.9732485884	0.0173713011
0	0.7698168899	0.1920470243	0.0381360858
0	0.4218855634	0.5781144224	0.0000000142
0	0.5975810775	0.1404030466	0.2620158759
0	0.6647207542	0.1145593708	0.2207198750
0	0.0000049311	0.8270463815	0.1729486874
0	0.5815184489	0.0259015841	0.3925799671
1	0.7168053519	0.2109271738	0.0722674743
0	0.0187155581	0.9812841195	0.0000003224
0	0.0112235287	0.8917395940	0.0970368773
0	0.0513033849	0.7902346103	0.1584620049
0	0.1257510135	0.5040133831	0.3702356034
0	0.0000000146	0.8835662626	0.1164337228
0	0.3139562544	0.6858344040	0.0002093417
0	0.4436424584	0.4408385572	0.1155189844
0	0.9509616713	0.0236958647	0.0253424640
0	0.0363819200	0.0885993675	0.8750187126
0	0.0001977342	0.9073341294	0.0924681364
0	0.2724155804	0.7216336010	0.0059508185
0	0.3370836679	0.0684446779	0.5944716542
0	0.8669247186	0.0620458420	0.0710294394
0	0.2184915058	0.0255037517	0.7560047424
0	0.5934807119	0.4065185612	0.0000007269
0	0.0142525858	0.7076502205	0.2780971937
1	0.8829383565	0.1170616435	0.0000000000
0	0.2188834710	0.7811051445	0.0000113845
0	0.3714349272	0.0202721668	0.6082929061
0	0.0182216276	0.1887781929	0.7930001795
1	0.0061845109	0.9739132485	0.0199022406
0	0.0937489917	0.0992542404	0.8069967679
0	0.7567080198	0.0100423043	0.2332496759
0	0.8372765363	0.0144002445	0.1483232192
0	0.4405104728	0.0444143622	0.5150751649
1	0.3258412136	0.6689718143	0.0051869721
1	0.1532141615	0.3591047511	0.4876810874
1	0.0004078863	0.4852660034	0.5143261103
0	0.6281527535	0.0209300994	0.3509171471
0	0.0213923732	0.9230297820	0.0555778449
0	0.8825806418	0.0929253289	0.0244940293
0	0.6684493676	0.2775826744	0.0539679580
0	0.0412068773	0.9498292052	0.0089639175
0	0.5866801049	0.2301904216	0.1831294735
0	0.2958557868	0.0000611394	0.7040830738
0	0.2969032534	0.0358227075	0.6672740391
0	0.2574191152	0.3802730950	0.3623077899
0	0.3697534557	0.6294500317	0.0007965126
0	0.4265918403	0.4137407491	0.1596674106
0	0.1103451239	0.3991947963	0.4904600798
0	0.0197353545	0.0378502830	0.9424143625
1	0.9977803652	0.0022196333	0.0000000015
1	0.6603193636	0.2415387916	0.0981418448
1	0.5004131630	0.4890047119	0.0105821251
1	0.0234172061	0.2446851238	0.7318976701
0	0.6957921509	0.2956479972	0.0085598519
0	1.0000000000	0.0000000000	0.0000000000
0	0.6983758891	0.2147567400	0.0868673709
1	0.8760937484	0.0899109345	0.0339953171
0	0.6136701855	0.3628172572	0.0235125573
0	0.8880720718	0.0957153833	0.0162125449
0	0.9180920490	0.0000000217	0.0819079293
2	0.7251200446	0.1635380911	0.1113418643
0	0.3128024778	0.5893569499	0.0978405723
0	0.7660352513	0.1378241447	0.0961406040
1	0.9594292799	0.0403998840	0.0001708361
