0	0.6078797000	0.2017919174	0.1903283825
0	0.4250907183	0.5697898185	0.0051194632
0	0.1669561319	0.8330432322	0.0000006360
0	0.4161788598	0.5489127034	0.0349084367
0	0.0026571628	0.6530065416	0.3443362955
1	0.0003093547	0.9996906453	0.0000000000
0	0.6927969127	0.2802359175	0.0269671698
1	0.7424802059	0.2575197941	0.0000000000
0	0.0281383294	0.2333880736	0.7384735971
0	0.3363302523	0.3853769277	0.2782928200
0	0.0733446945	0.8944127742	0.0322425313
1	0.0000000000	0.9995866555	0.0004133445
0	0.7587789987	0.2412167610	0.0000042403
0	0.3402501050	0.6029987029	0.0567511921
0	0.0820191740	0.8554377454	0.0625430806
0	0.0002101035	0.4097365681	0.5900533284
0	0.9298392672	0.0100453548	0.0601153781
1	0.0024017486	0.9975982514	0.0000000000
0	0.0995953873	0.9004038117	0.0000008010
0	0.0158666782	0.9767698685	0.0073634533
1	0.7917424609	0.2082575391	0.0000000000
0	0.3648886569	0.6351113431	0.0000000000
0	0.4025053809	0.5971166672	0.0003779519
1	0.0783835646	0.9216164354	0.0000000000
0	0.0007927340	0.0011055228	0.9981017432
0	0.0363049253	0.1060898288	0.8576052459
0	0.1766064976	0.4280291718	0.3953643306
0	0.0354989960	0.9111432719	0.0533577321
0	0.2682501786	0.6661025989	0.0656472225
1	0.0000006551	0.9999993449	0.0000000000
0	0.1499694789	0.0758152984	0.7742152228
0	0.0127203610	0.3922489422	0.5950306968
0	0.1023300607	0.3803193312	0.5173506081
0	0.9986036703	0.0000489709	0.0013473588
1	0.2919123907	0.7080876093	0.0000000000
0	0.1636419906	0.4745073967	0.3618506127
0	0.6388818337	0.3216717130	0.0394464534
0	0.8555816952	0.0783423804	0.0660759244
0	0.0006972548	0.5392150114	0.4600877337
2	0.0113023150	0.9886976850	0.0000000000
0	0.2214167704	0.0897870726	0.6887961571
1	0.9454192430	0.0545804331	0.0000003239
1	0.9286173111	0.0713826889	0.0000000000
0	0.5045251888	0.4846864562	0.0107883550
0	0.1416113819	0.0316146429	0.8267739752
0	0.5135452529	0.0025615839	0.4838931632
0	0.1330878827	0.8647353416	0.0021767757
0	0.2021346946	0.7977655152	0.0000997902
0	0.6674910421	0.2470876901	0.0854212678
0	0.2549118869	0.0002370927	0.7448510204
1	0.7080885003	0.2919114997	0.0000000000
1	0.1399420838	0.8600579124	0.0000000038
1	0.0000003985	0.9299683153	0.0700312863
0	0.0000000007	0.3751028698	0.6248971296
0	0.0432512270	0.7207381564	0.2360106166
0	0.0027711851	0.0657964219	0.9314323930
2	0.0052424680	0.9947575320	0.0000000000
0	0.0196895189	0.1667711583	0.8135393228
0	0.1154850841	0.8826471623	0.0018677536
0	0.2482990405	0.7516894690	0.0000114905
1	0.0096814551	0.9903185449	0.0000000000
0	0.1428919085	0.8569382252	0.0001698663
0	0.0271089093	0.9728700351	0.0000210556
0	0.0041888110	0.1211174252	0.8746937637
0	0.0000000613	0.7496830121	0.2503169266
0	0.5959223293	0.2348022082	0.1692754626
0	0.8276000335	0.1576145634	0.0147854031
0	0.8339741134	0.1474264909	0.0185993957
0	0.9626087245	0.0008563426	0.0365349329
0	0.0000000000	0.9963956849	0.0036043151
0	0.3171850127	0.0812001815	0.6016148057
1	0.0000000000	1.0000000000	0.0000000000
0	0.1985632990	0.5669360155	0.2345006855
0	0.1322575650	0.7332671489	0.1344752861
0	0.2542883598	0.0007273430	0.7449842972
0	0.2493426040	0.7506573114	0.0000000846
0	0.6678399501	0.2313405981	0.1008194518
0	0.4923893424	0.0000536649	0.5075569927
0	0.0000015730	0.9997602564	0.0002381706
0	0.7884784182	0.2030676714	0.0084539105
1	0.0623214773	0.9376785227	0.0000000000
0	0.9557569255	0.0228049923	0.0214380822
0	0.4961666452	0.5038326537	0.0000007011
0	0.0212579721	0.8075979655	0.1711440624
0	0.2558700953	0.0004723191	0.7436575856
0	0.1793898309	0.8145603435	0.0060498256
0	0.0000003199	0.4984693307	0.5015303494
0	0.9849565474	0.0000667615	0.0149766912
0	0.7575028199	0.2216312194	0.0208659608
0	0.0144157523	0.3290052526	0.6565789951
0	0.7895687075	0.2093850627	0.0010462299
0	0.8342677043	0.1655463608	0.0001859350
0	0.0811881520	0.9187117527	0.0001000952
0	0.5587441446	0.0573638728	0.3838919826
0	0.1320883259	0.3554949952	0.5124166789
0	0.0196373236	0.7433734334	0.2369892430
0	0.1403484111	0.4463618343	0.4132897546
0	0.0512433763	0.5544157182	0.3943409055
0	0.0565932401	0.8932111500	0.0501956100
0	0.0719786734	0.7270853277	0.2009359988
