1	0.0011643172	0.0008506903	0.0015946253	0.0016707869	0.0001861610	0.1673932033	0.1937310009	0.0000000018	0.0000009887	0.6334082246
0	0.0000000813	0.0000000007	0.0002549247	0.0351863935	0.0668158625	0.1410336041	0.0013222362	0.0194274282	0.0010255943	0.7349338745
0	0.0210312630	0.0000001937	0.0789469992	0.0007833389	0.0071112839	0.4281612623	0.0157081185	0.0246505698	0.0759352378	0.3476717327
0	0.1150625263	0.0956629818	0.0005243159	0.6148086578	0.0000026389	0.0444116199	0.0000688793	0.0228292667	0.1066257347	0.0000033789
1	0.0444240505	0.1145453979	0.0066099481	0.2764905508	0.1197715007	0.0788407208	0.0000266099	0.2453557941	0.0539148887	0.0600205385
1	0.2506127228	0.0137248340	0.0080544031	0.0832094310	0.0233833965	0.2980057616	0.2219145784	0.0804571600	0.0068771395	0.0137605731
0	0.0000000000	0.0036156736	0.0001776630	0.0006863902	0.0002287448	0.0001503490	0.0000017572	0.0011664849	0.0001690865	0.9938038508
0	0.0064015757	0.0068309723	0.0190372072	0.0000000218	0.0073634079	0.0000311273	0.0000000081	0.0010271910	0.0902420516	0.8690664371
1	0.0137108382	0.0001119583	0.0000019817	0.1853587014	0.0000000001	0.5823308367	0.0004760416	0.0000017042	0.1253320279	0.0926759099
0	0.0052615103	0.0450457394	0.2356354887	0.1922459188	0.0882129024	0.0000985913	0.0007831776	0.0097329176	0.0466854007	0.3762983531
0	0.0371568282	0.0504452194	0.0017502465	0.3937755330	0.0003812513	0.0880801174	0.0042132355	0.0128366715	0.4013012557	0.0100596415
1	0.0000000048	0.1102763959	0.0068234946	0.2555947575	0.0894641709	0.0751750163	0.0462876404	0.2877579110	0.0273067807	0.1013138278
1	0.0089065586	0.0333629955	0.2190535214	0.1507675168	0.1024473956	0.0322987828	0.0372673381	0.0507017419	0.1488649867	0.2163291625
1	0.0045229499	0.0875322051	0.0000004692	0.1093543386	0.1172875960	0.0212401681	0.0571687446	0.0001391805	0.0107010876	0.5920532604
0	0.0007339470	0.0028998530	0.0000000018	0.0014266433	0.0356734046	0.0000002633	0.2086241521	0.5034808383	0.1513059119	0.0958549848
0	0.0402496148	0.0000000033	0.2262353788	0.0407535995	0.1683982166	0.0520127367	0.0000000000	0.0332544288	0.0374743191	0.4016217023
0	0.2526947910	0.0000762837	0.2221621334	0.0694984498	0.1444287608	0.0000000006	0.0113102026	0.0664360217	0.0234737530	0.2099196033
0	0.0005175209	0.1145513357	0.1123931016	0.0005602491	0.0001232783	0.1969124134	0.1637629657	0.0000360743	0.2752236767	0.1359193844
1	0.0002139940	0.0182127767	0.0944637038	0.2729781593	0.0563318990	0.2113993652	0.0270764322	0.0000131685	0.3103740595	0.0089364418
0	0.0000000000	0.0048764509	0.1877784683	0.0035612756	0.0757628080	0.4041055042	0.0030311957	0.0064734714	0.2563070936	0.0581037322
0	0.5449615891	0.0000000000	0.0628012230	0.0012505479	0.0174244771	0.0926695007	0.0757684720	0.0177663507	0.0115203179	0.1758375216
0	0.0042002699	0.0168836136	0.0078344695	0.2940702770	0.2500507636	0.0000000000	0.0017089411	0.0000175630	0.2122859531	0.2129481494
1	0.0005121593	0.0180022846	0.1493323765	0.0877233983	0.1060106939	0.0939079777	0.3345420700	0.1096365486	0.0000000135	0.1003324776
2	0.0029672676	0.0590771465	0.0632399191	0.1426295502	0.0019809958	0.5474750915	0.0005800474	0.0450032732	0.0026097139	0.1344369949
1	0.0000061493	0.0000347131	0.3266443906	0.3964922499	0.0857613588	0.0578155834	0.0500173984	0.0713053594	0.0002731403	0.0116496568
1	0.0010412607	0.0072995213	0.3486703020	0.0656832123	0.0024420108	0.0374404076	0.1871317349	0.1538509247	0.1946454901	0.0017951355
1	0.4678012884	0.2623741752	0.1988973704	0.0000000010	0.0097012157	0.0068076191	0.0249060035	0.0000000000	0.0295117528	0.0000005740
0	0.0439883284	0.0906905009	0.1111946041	0.0007702805	0.0000000000	0.0843085229	0.0000022454	0.2635360626	0.0000000000	0.4055094552
1	0.0000000000	0.0069189758	0.0317496395	0.1548648703	0.0577562578	0.0142445655	0.0000000035	0.0014506705	0.0004519588	0.7325630582
0	0.0000001634	0.0000000082	0.0117803300	0.0046428409	0.0307395899	0.5903726245	0.0406643476	0.2060165268	0.0004013296	0.1153822390
0	0.0128478192	0.0927156063	0.0193475357	0.0193973965	0.0000000010	0.1005630478	0.3735081035	0.0184557163	0.0227879712	0.3403768024
0	0.0123441199	0.0000000012	0.4853669274	0.0073074090	0.0478572351	0.0054665046	0.0000000000	0.1899707697	0.0908689717	0.1608180615
1	0.0216824145	0.0006141704	0.1489549789	0.1058855046	0.0512685610	0.0000000000	0.2208670360	0.0067134894	0.4415976695	0.0024161759
0	0.0023284170	0.0007309929	0.0122437259	0.7983758295	0.0000201836	0.0057522025	0.0501726678	0.0862671906	0.0208764888	0.0232323013
0	0.0000000000	0.0007496167	0.5712500731	0.0000006221	0.0020184572	0.0000155256	0.0660276573	0.2382947503	0.0730441041	0.0485991937
1	0.0003615485	0.0569807879	0.3026418610	0.0000000002	0.0003052300	0.1135888122	0.0001063988	0.1784935309	0.0012044901	0.3463173405
1	0.2540656693	0.0489694585	0.0950174750	0.0154587981	0.0612476698	0.1922424653	0.0000258218	0.1015694967	0.1487991863	0.0826039593
0	0.1525141968	0.1561775552	0.0000131558	0.4817793693	0.0624341809	0.0868850302	0.0000466269	0.0377156622	0.0081560646	0.0142781583
1	0.0221017036	0.1617917832	0.2498611198	0.0000020661	0.0147894129	0.0002648976	0.0000054285	0.1120924698	0.0311600114	0.4079311070
0	0.3407226921	0.0000000002	0.2510102307	0.0000045819	0.0000000291	0.1175793406	0.1691780427	0.0000000001	0.0127533822	0.1087517003
0	0.0056694984	0.0000000141	0.0596751925	0.0611875657	0.0272989023	0.0375718829	0.1405690176	0.0152790150	0.0019960125	0.6507528989
0	0.0012269918	0.0060519454	0.0078303098	0.0195175258	0.0004191412	0.1574743204	0.4085268501	0.0069183109	0.2521135320	0.1399210726
0	0.0705589012	0.0893174847	0.0495817122	0.0355742249	0.0000681293	0.0712906015	0.5199557534	0.0379948735	0.0836396323	0.0420186871
0	0.0004896981	0.0000000000	0.0523132637	0.6745990212	0.0147101825	0.0011819740	0.0166520857	0.0000262102	0.1075625416	0.1324650230
1	0.0000489204	0.0012308287	0.8706878396	0.0077897503	0.0006007324	0.0000030131	0.0000209282	0.0000000001	0.0590105127	0.0606074744
0	0.0000000000	0.0161623600	0.0292092591	0.0019948558	0.0000011429	0.0000065014	0.0001297577	0.0339408305	0.0462505611	0.8723047315
1	0.0003373522	0.0061666981	0.0538240028	0.4182956019	0.0037274454	0.0446234755	0.1967570180	0.0010374490	0.0209435082	0.2542874489
0	0.0627332732	0.2612954840	0.0000000000	0.0812780867	0.0983441859	0.0008595667	0.0105130097	0.0198196105	0.1168705862	0.3482861970
0	0.0000002225	0.0177702073	0.0533947715	0.0017865189	0.0698610884	0.0006026235	0.0003896328	0.0567554256	0.0213543663	0.7780851431
0	0.0000062097	0.0000504102	0.1100535067	0.0052638206	0.0024653841	0.0000099692	0.4757297552	0.0054801010	0.0571378041	0.3438030391
0	0.2923518174	0.0629134769	0.4049282393	0.0000005268	0.0009563223	0.1289912458	0.0348959519	0.0251900450	0.0002236995	0.0495486752
0	0.0000000026	0.5528818325	0.0436854133	0.0000698133	0.0000821552	0.0011767744	0.0000001925	0.0130074151	0.0936369555	0.2954594453
0	0.0000438020	0.0115652908	0.5420801528	0.0452527185	0.2797936162	0.0013515618	0.0000000000	0.0010119674	0.0038261617	0.1150747289
0	0.0061216269	0.0247705167	0.2378907582	0.0729044019	0.0204318795	0.4482730165	0.0000003183	0.0000000066	0.0602663707	0.1293411048
0	0.0006167206	0.0000000231	0.0066319452	0.1547054563	0.0139128796	0.3954115363	0.0000000000	0.0000822349	0.1927343662	0.2359048379
1	0.0000770720	0.0000000000	0.0000020229	0.0095224226	0.5286512751	0.3657782780	0.0039417972	0.0032432461	0.0881972014	0.0005866847
0	0.0347565986	0.1174653790	0.0057341038	0.1167564004	0.0682376579	0.0033252073	0.0298137318	0.0123263517	0.5732399146	0.0383446549
0	0.1659198198	0.0018990852	0.4526976985	0.0002938496	0.0047941918	0.0046472364	0.0414530284	0.0800321712	0.0117648325	0.2364980866
0	0.0000000001	0.2071508307	0.1839563269	0.0372808914	0.0364650057	0.0324160190	0.4266486814	0.0443455801	0.0000071525	0.0317295122
1	0.0000020056	0.0000485006	0.0015141334	0.0077755675	0.0004864146	0.0000000647	0.0000000111	0.0000327734	0.0261069450	0.9640335842
0	0.0000000011	0.0009719437	0.0073637875	0.0005788446	0.0677929883	0.4318121154	0.0006516253	0.0000000036	0.3645570112	0.1262716792
0	0.0021913655	0.0053720056	0.0262025100	0.0670902906	0.0612294427	0.0114428687	0.0108827729	0.0002201004	0.0424390337	0.7729296100
1	0.0193360884	0.0116077471	0.2665204463	0.6019286063	0.0001158282	0.0000000000	0.0008028233	0.0000315540	0.0424351860	0.0572217205
1	0.0027352559	0.0156333797	0.0275850825	0.0806814035	0.0976665926	0.0000001642	0.0416948478	0.4278295668	0.2153368546	0.0908368523
1	0.0193809135	0.0000000000	0.4733043040	0.0002748965	0.0000000000	0.0904707435	0.0001814522	0.1364537650	0.2264333776	0.0535005476
0	0.0009923051	0.0664748649	0.3433292540	0.1817777320	0.0000194700	0.2743122449	0.0964675764	0.0056021641	0.0056377722	0.0253866165
1	0.0000020608	0.0000000000	0.1890985828	0.6171870930	0.0000292467	0.0050548801	0.0096373133	0.0000000000	0.0019728058	0.1770180174
1	0.1015265354	0.0506036839	0.1798465022	0.1888220497	0.2480362579	0.0033455530	0.0275571137	0.1634884343	0.0282720480	0.0085018219
1	0.0000000004	0.0386324727	0.0011024745	0.0711579559	0.0004128478	0.6235149503	0.0021249464	0.1387745754	0.1167365274	0.0075432494
0	0.0926292226	0.0000005126	0.1494153542	0.0043119754	0.0536060341	0.3605802185	0.0073199667	0.0001053775	0.0186098669	0.3134214715
1	0.0000560463	0.0490538630	0.0816603499	0.0946230088	0.0000000776	0.0027998034	0.0000000037	0.0277545670	0.7294682996	0.0145839805
0	0.0723975180	0.0000000000	0.2001730040	0.0026428776	0.0248875521	0.2638727486	0.0527102555	0.3479682665	0.0025492056	0.0327985720
1	0.0000000001	0.0136036669	0.0344189544	0.0458204525	0.0000000000	0.1703157078	0.5676778147	0.0000000000	0.1681634036	0.0000000000
2	0.0330380354	0.0010681001	0.0008127117	0.1438617621	0.0446651113	0.0049165456	0.3021342509	0.0000000155	0.0057733246	0.4637301428
2	0.0000462383	0.0081510191	0.0202311396	0.0701709036	0.0000000000	0.0002641061	0.0000000683	0.0191899685	0.0001170666	0.8818294899
1	0.0732339701	0.0055080997	0.0068356414	0.1899202340	0.0000000002	0.0307948551	0.0595577746	0.0000000672	0.1484759552	0.4856734025
0	0.0058571836	0.0191874993	0.0083852743	0.5455663435	0.0834737846	0.2822474968	0.0003251501	0.0447893023	0.0100391090	0.0001288565
1	0.1520031930	0.1264705085	0.1000805933	0.2603170273	0.0020161883	0.2666926378	0.0001409018	0.0174869074	0.0747919456	0.0000000970
1	0.0057485488	0.0289196675	0.0014387056	0.0063009066	0.0203866979	0.0638232396	0.0358482403	0.0904999084	0.4751148891	0.2719191962
1	0.0775438373	0.0000046435	0.0000000000	0.0963993969	0.0000000063	0.0414571543	0.2939386095	0.3370015044	0.1100218037	0.0436330442
0	0.0020859346	0.0000000035	0.2113788271	0.2145491734	0.0007868212	0.0056838348	0.0055635475	0.2343090174	0.0000014810	0.3256413595
2	0.0116315614	0.1782835993	0.0134311581	0.0368473775	0.4773538282	0.0724362547	0.0047459613	0.0332568141	0.0586901289	0.1133233166
0	0.1492130730	0.1356776836	0.0008381631	0.0394455595	0.4478546410	0.0850171011	0.0037121600	0.0191219480	0.0707985455	0.0483211253
0	0.0000000016	0.0005811681	0.7493199267	0.0121524069	0.0169101880	0.0019099055	0.2001848650	0.0000000544	0.0186325748	0.0003089090
0	0.1701700487	0.1329726859	0.0000964112	0.1187955566	0.0000000019	0.0216660620	0.0053833341	0.0012202743	0.2127948869	0.3369007385
0	0.0029100848	0.8045306232	0.0672038395	0.0115311668	0.0397974598	0.0286021562	0.0130716349	0.0000000000	0.0001098494	0.0322431853
0	0.0085674875	0.1160184754	0.1848586949	0.1037175794	0.0513050678	0.3112030923	0.0503619443	0.0528126392	0.0512580517	0.0698969675
0	0.0040859889	0.0002809685	0.0012777766	0.0666333403	0.0000000000	0.0000241280	0.1087242064	0.1321384082	0.0568694712	0.6299657119
1	0.0018976399	0.0000001145	0.0728485629	0.1498793641	0.0010279886	0.0000049533	0.0085075395	0.0000158178	0.0368919620	0.7289260575
1	0.1983251124	0.3390508618	0.0523964669	0.0000019301	0.2056773972	0.0627621526	0.0694472137	0.0191088584	0.0532299834	0.0000000235
1	0.0466268558	0.0000133257	0.1356574776	0.0255432939	0.0000000000	0.0458605292	0.0003182495	0.4820631659	0.1665550145	0.0973620879
1	0.0000000383	0.0478012847	0.0269125740	0.1291721111	0.1361517315	0.0704859889	0.0066456267	0.5405605781	0.0089753331	0.0332947337
0	0.0000000000	0.1062863369	0.0003731371	0.0179265656	0.0000000000	0.2452522162	0.4185085892	0.0221721591	0.1035442876	0.0859367083
0	0.0000000000	0.0000466744	0.2179894794	0.0000194611	0.0000000014	0.0000057953	0.0517697820	0.0000297113	0.1929012914	0.5372378035
0	0.0000019534	0.0600398049	0.1186643114	0.0019031252	0.0000001191	0.0001752982	0.0000000265	0.2940761084	0.4019242978	0.1232149552
1	0.0000000000	0.0000000179	0.0543306203	0.1046672043	0.0041448824	0.0262887160	0.0000848265	0.0214193647	0.0336293058	0.7554350621
0	0.0000011633	0.0000000000	0.1357364171	0.0923195927	0.0671217865	0.2261576695	0.1164451988	0.3290050207	0.0015790500	0.0316341014
0	0.0000000770	0.0000000000	0.0618392132	0.2915183058	0.0164929419	0.4231019709	0.1390109236	0.0003985865	0.0665799508	0.0010580303
1	0.0166125855	0.0335628041	0.0321557369	0.1044826403	0.0000000000	0.1157594087	0.0666937249	0.3177315235	0.0003134841	0.3126880919
0	0.0645428385	0.0000046061	0.1203366928	0.0180454329	0.2037299691	0.1091140961	0.0170913160	0.0020298655	0.4629580433	0.0021471397
