1	0.0003313027	0.0000207103	0.8078549807	0.0618782269	0.0080061913	0.0000192550	0.0604559677	0.0000000000	0.0600730024	0.0013603630
0	0.0519583912	0.0524427738	0.3725976627	0.0206044115	0.3193590953	0.0033825458	0.0020003223	0.0642020203	0.1134452658	0.0000075113
0	0.0000054084	0.1526743086	0.0028204735	0.0210365915	0.3370178474	0.0000008664	0.1007034010	0.0000017310	0.3853797782	0.0003595941
1	0.0104785262	0.0000013083	0.0019066292	0.0007952547	0.0000348025	0.0000026490	0.6560840439	0.0005720227	0.3240444874	0.0060802763
1	0.0025194874	0.2590297588	0.2755286615	0.0171540923	0.0897597525	0.0006097903	0.0000000000	0.0008373308	0.3253885361	0.0291725903
1	0.0023656319	0.0029513546	0.2243785273	0.0019363841	0.0591603014	0.1197685617	0.1025320355	0.0000000000	0.3655446347	0.1213625689
0	0.0003839315	0.1877179806	0.0461678774	0.0243430097	0.0001509351	0.0557882984	0.0000000097	0.1743244903	0.5108669226	0.0002565447
2	0.0191274250	0.1312688458	0.0774787481	0.0001704476	0.0199473779	0.0000000000	0.0179925680	0.0420077011	0.6849385165	0.0070683701
1	0.0000008762	0.5482471750	0.0100330291	0.0030424710	0.0000065509	0.0000000000	0.0190616288	0.0000213106	0.2573643239	0.1622226345
0	0.0395942119	0.3652204206	0.0229835401	0.0360364042	0.1941044104	0.1317469964	0.0821298356	0.0000181130	0.0139820174	0.1141840504
2	0.0017264280	0.0095116353	0.1485292832	0.0000000000	0.0483214576	0.0000000000	0.3685192977	0.0002119056	0.3997381386	0.0234418539
0	0.0027138419	0.7494875931	0.0002440770	0.0006934904	0.0189664037	0.1020111728	0.0002148334	0.1016359165	0.0000241683	0.0240085030
0	0.0300935562	0.2442992709	0.0000231853	0.1983411789	0.0544155091	0.0636071098	0.0000000000	0.0027150875	0.2561129642	0.1503921380
1	0.0781498557	0.0648383554	0.1593491092	0.0002242798	0.0000000000	0.0000000000	0.0006741422	0.0000003216	0.6858504164	0.0109135198
2	0.0000164559	0.0063516245	0.2075948057	0.0001361489	0.0069033525	0.0000000036	0.1951103238	0.0085690856	0.4902600418	0.0850581577
1	0.0164945198	0.3174690482	0.1163882117	0.0146604302	0.0002323082	0.0639337441	0.0626465596	0.0281040635	0.2370376511	0.1430334637
0	0.0079531922	0.0994295125	0.0050500919	0.0189966504	0.7820377668	0.0008936795	0.0002451260	0.0000000000	0.0632206948	0.0221732859
1	0.1267118944	0.0692105353	0.0226606515	0.0118176385	0.0032967052	0.0006526583	0.3789840060	0.0000000789	0.3803792460	0.0062865858
0	0.0002788603	0.1696317858	0.1049959551	0.2092529785	0.1989553755	0.0270433415	0.0231415592	0.0000000000	0.2393231956	0.0273769486
1	0.0256820149	0.0071473976	0.0173677031	0.0000000000	0.0050858592	0.0000038259	0.0558121535	0.0225747286	0.8595701288	0.0067561883
1	0.0008732889	0.0345970585	0.1660834986	0.1945428411	0.0455208997	0.0237879225	0.1859652601	0.0000001267	0.3044389890	0.0441901148
1	0.0000000015	0.0244699727	0.2050986206	0.0000007592	0.3193810970	0.0000000000	0.3921606225	0.0007381757	0.0579162361	0.0002345147
0	0.0089402464	0.5440325339	0.0000589466	0.2962534359	0.0133230559	0.0027289259	0.0017573975	0.0000000000	0.0542344373	0.0786710206
0	0.5883173010	0.0278633607	0.0035661063	0.0000000000	0.2924173514	0.0547622321	0.0029040046	0.0000000000	0.0132391765	0.0169304674
0	0.0029541805	0.0496752268	0.0631529936	0.0000351698	0.7554595688	0.0195978720	0.0027148839	0.0005006422	0.0972517986	0.0086576638
0	0.0026765124	0.0711758992	0.0257236099	0.0640519468	0.3206202965	0.0339686177	0.0007763817	0.0000000000	0.4810067358	0.0000000000
0	0.0000000000	0.0316414980	0.3032568379	0.0005419131	0.2371078049	0.0042407744	0.0009364025	0.0015780720	0.3979663856	0.0227303116
1	0.0104371052	0.0092526474	0.1481716891	0.0025819809	0.0001562077	0.0002394889	0.0031237301	0.0004294925	0.3688040888	0.4568035693
0	0.3109141218	0.2415407633	0.0051753170	0.0071183104	0.0601875094	0.0073112216	0.0000528031	0.1735933477	0.1812085822	0.0128980235
0	0.0008582700	0.0078628127	0.0179906264	0.0052376614	0.0650061748	0.0466736145	0.0000000000	0.0243611298	0.7461921145	0.0858175959
1	0.0001319233	0.1183833768	0.1755615463	0.0032125192	0.0681442671	0.0093499434	0.1252464729	0.0000017028	0.4820077702	0.0179604780
0	0.0000000000	0.0223097327	0.0000000442	0.7682261313	0.0033135005	0.0196304393	0.0129521306	0.0000000000	0.0032068380	0.1703611833
0	0.0000000001	0.0186155921	0.0008014550	0.1897688438	0.4580669612	0.0000654130	0.2809508582	0.0217805136	0.0168139158	0.0131364471
0	0.0729668215	0.0000003069	0.0079877015	0.2682496497	0.0586779811	0.0036560911	0.0126162681	0.0961151750	0.3761384955	0.1035915096
0	0.0565548318	0.0163952136	0.1097893122	0.0531881323	0.2888145593	0.0433706163	0.0054157831	0.0126344695	0.0942400384	0.3195970434
1	0.0000103069	0.0200127073	0.1077913741	0.0027215587	0.0109138133	0.0000000000	0.0195833852	0.0234208944	0.8069457182	0.0086002418
0	0.0000026199	0.1116686267	0.0002723320	0.5291999166	0.0016107520	0.0530210556	0.0742786534	0.0043099458	0.0431142586	0.1825218392
0	0.0001074048	0.0046797269	0.0674938078	0.0000094851	0.0085745005	0.0736553544	0.5583299799	0.0282731715	0.1534643538	0.1054122153
1	0.0331846720	0.0002025747	0.1132128478	0.0000002574	0.0000921920	0.0599608008	0.0906410631	0.0000000000	0.6930478845	0.0096577078
0	0.0131112072	0.1938747120	0.0283892757	0.0000514481	0.0000000000	0.0025491022	0.0562198311	0.0012206682	0.3209326771	0.3836510784
0	0.0000040479	0.0028887626	0.4721863665	0.0000119699	0.4418294521	0.0265510332	0.0229865409	0.0000823591	0.0301933602	0.0032661077
1	0.0064184914	0.1570665513	0.1134823679	0.0695040347	0.0006934971	0.0107419262	0.1568722029	0.1179634196	0.2803413954	0.0869161136
1	0.0238797885	0.0875272117	0.0066921517	0.0000103312	0.0105891356	0.0005689829	0.1548203699	0.0467020008	0.5720096726	0.0972003550
0	0.0612730309	0.6000828885	0.0001675820	0.0000000000	0.0133408227	0.0180117311	0.0000967299	0.0091945977	0.2414249954	0.0564076217
0	0.0000088713	0.1366724460	0.0093445366	0.1170740777	0.0346808181	0.0003697526	0.0005503170	0.0000000000	0.6863310403	0.0149681404
0	0.0311657981	0.0016067607	0.0000005661	0.6399987025	0.0000652643	0.0349288295	0.0068449451	0.0089059611	0.0840035234	0.1924796491
0	0.1220319270	0.0000000006	0.4073453783	0.0293526544	0.0135486436	0.0068686589	0.0667935700	0.3512522954	0.0014534307	0.0013534411
0	0.0001878816	0.1501501994	0.0869661768	0.0181649115	0.7109815651	0.0008536792	0.0138967015	0.0180974500	0.0002451021	0.0004563327
2	0.0028494413	0.0016966700	0.0035595029	0.0238156994	0.0105745279	0.0000000000	0.4192370061	0.0000000057	0.5082013311	0.0300658155
1	0.0000124505	0.6347272519	0.0044079378	0.0000003706	0.0000270449	0.0000000000	0.0601727348	0.0002488232	0.2897593135	0.0106440729
0	0.0461650737	0.0115243500	0.0585576684	0.2295574854	0.0341496849	0.0000383107	0.0010083414	0.0006473117	0.0011121448	0.6172396290
0	0.0276612231	0.3723786935	0.1163376754	0.0443621863	0.0270519659	0.0000715079	0.0000094912	0.0000002406	0.4120446492	0.0000823668
0	0.0000000531	0.6804345034	0.0015747464	0.0027293292	0.2566252920	0.0000000003	0.0098010290	0.0361793654	0.0126475667	0.0000081144
0	0.0646493676	0.0000000271	0.4349086236	0.0804923963	0.1248362916	0.0516631270	0.0211284775	0.0000000000	0.0160486412	0.2062730481
1	0.2994482607	0.1083613041	0.0000019173	0.0001332895	0.2946447441	0.0000175049	0.0037437060	0.0947718437	0.0375644709	0.1613129587
1	0.0000002903	0.2820696906	0.4099199490	0.0000359945	0.0000000000	0.0004051207	0.1236636575	0.0201414975	0.1538380785	0.0099257215
0	0.0588136953	0.3787408341	0.0008998617	0.1257967388	0.0341020435	0.1206411935	0.0084139877	0.0034860907	0.2271594008	0.0419461539
1	0.1299010548	0.5108297548	0.0632269506	0.0190489562	0.0493783072	0.0000811207	0.0056857610	0.0180456691	0.1591549272	0.0446474986
1	0.0001362510	0.0142756011	0.0379108948	0.0205054726	0.0066605794	0.2911544685	0.0057170631	0.0000000916	0.5767840801	0.0468554977
1	0.0157820660	0.1613111235	0.6671262813	0.0001684305	0.0346271181	0.0000689840	0.0286509678	0.0000000000	0.0545531184	0.0377119103
0	0.0000002906	0.9370596658	0.0000020853	0.0001263663	0.0067917700	0.0034998447	0.0000021815	0.0001267685	0.0000000473	0.0523909800
0	0.0000102032	0.0160544643	0.0121449599	0.7995022250	0.0860403473	0.0594134057	0.0000000000	0.0000010934	0.0267861840	0.0000471172
0	0.1384828639	0.0515156300	0.0000598276	0.0466261454	0.0087776010	0.0411086974	0.0117915028	0.1076875925	0.2668446146	0.3271055247
0	0.0015506953	0.0452213513	0.0473370082	0.0285195686	0.1098760342	0.0000000000	0.6560487238	0.0429395851	0.0199830972	0.0485239364
0	0.0000012466	0.1446399504	0.4465162927	0.0006169281	0.1140510650	0.0000000001	0.0240292986	0.0001773376	0.2699057432	0.0000621377
0	0.0162761723	0.0000117937	0.2278415554	0.0215752574	0.6559690915	0.0000023179	0.0400702015	0.0049118786	0.0329964705	0.0003452612
1	0.0129761191	0.0045838532	0.0210898377	0.0000003497	0.1375704738	0.0512348021	0.4788676393	0.0000001616	0.2820491811	0.0116275823
0	0.0000026992	0.1081753504	0.0132502003	0.3732368459	0.0955121817	0.0005142184	0.0000019970	0.0000000000	0.0011151163	0.4081913908
0	0.0842011616	0.3172453739	0.0092565678	0.0151280967	0.1326161183	0.0003793770	0.1356642641	0.0588171250	0.0000000003	0.2466919153
0	0.0403461324	0.0102895274	0.0613949899	0.0214234148	0.0538702704	0.2777495919	0.0082228079	0.0297555586	0.1964544873	0.3004932194
0	0.0054641420	0.1117251561	0.0081775381	0.0264446655	0.0287323563	0.7620855806	0.0318828998	0.0006464376	0.0001281516	0.0247130725
0	0.0082488481	0.1185315033	0.0003068622	0.0862028907	0.0532082690	0.1026340010	0.0164925638	0.1613800079	0.2071184673	0.2458765866
0	0.0000042706	0.0084146085	0.0000016358	0.0080332705	0.0016756053	0.0001306724	0.0000610715	0.0000000000	0.0000000000	0.9816788654
0	0.0672366579	0.0360550326	0.0643817277	0.0407871549	0.0401166575	0.0720853920	0.0029714277	0.1750319491	0.0133156763	0.4880183244
0	0.0163762821	0.0207019842	0.0245474351	0.0014124236	0.0001864692	0.0022685177	0.0042058474	0.0000000000	0.9209331078	0.0093679329
0	0.1657280265	0.4385936296	0.2665719120	0.0427353650	0.0000000012	0.0053411864	0.0000255719	0.0000372933	0.0729027698	0.0080642444
0	0.1216927959	0.0037623055	0.0000575711	0.3781542546	0.0000000003	0.0550758953	0.0604990221	0.0643760532	0.3163146147	0.0000674873
0	0.0000107894	0.0374217485	0.0000000000	0.0033902461	0.4953733174	0.0000800447	0.0000000000	0.3957409059	0.0005581491	0.0674247989
0	0.0186391196	0.0337413925	0.1417343764	0.2002034405	0.0200715396	0.4313973559	0.0028419038	0.0059032246	0.0673551238	0.0781125233
0	0.0917336495	0.3962111442	0.0423350730	0.1956022476	0.1011324828	0.0000009283	0.0000000009	0.0182509964	0.1372306345	0.0175028429
1	0.0000460572	0.0389591349	0.0399750897	0.0439008099	0.0036577933	0.0000000813	0.3607106242	0.0028623998	0.4313537910	0.0785342187
1	0.0069803868	0.0000033989	0.0501589568	0.0000278257	0.2751115444	0.0000000000	0.0768544817	0.0976875071	0.4795560027	0.0136198958
1	0.0029565667	0.0438459333	0.3047734097	0.0000016726	0.0006142859	0.0139646393	0.0922988107	0.0000000000	0.5290244043	0.0125202774
0	0.0000471719	0.1184529106	0.0000122098	0.0119712965	0.1058157078	0.0126972924	0.0002565138	0.0004279850	0.1879390751	0.5623798372
0	0.0000168852	0.0006401895	0.1553030206	0.2094927693	0.3248651187	0.0000000000	0.0000001252	0.0000000000	0.1300284848	0.1796534067
0	0.0330724552	0.0560828923	0.0163625735	0.0100231189	0.0000000854	0.0000162467	0.0032298420	0.0005811460	0.8677359528	0.0128956872
0	0.0000000000	0.3298578950	0.0549823521	0.0325748946	0.0000373289	0.1659429440	0.3407363335	0.0077905969	0.0171209651	0.0509566899
0	0.0000089412	0.2614965716	0.0007245379	0.0059613508	0.2247614131	0.0624185949	0.2739267165	0.0649011307	0.0754488767	0.0303518666
1	0.0000000014	0.0806943871	0.6124377263	0.0959729429	0.1365554431	0.0001418878	0.0179493236	0.0000000008	0.0522351384	0.0040131486
0	0.0159202416	0.1126246668	0.1785040354	0.1451401271	0.0140939318	0.0011903536	0.1603440770	0.0177400696	0.0574903119	0.2969521852
0	0.0000000000	0.1444346194	0.3240537638	0.0629795249	0.0000004513	0.0166752337	0.0031038017	0.0357187318	0.3679922594	0.0450416139
0	0.1855057250	0.3478831924	0.0593850711	0.0348890774	0.2958082669	0.0000000428	0.0000000000	0.0757127842	0.0001410846	0.0006747556
1	0.0052477045	0.0671598220	0.0592058437	0.0293907938	0.0051844832	0.0098021730	0.1415789639	0.0000000203	0.5719273344	0.1105028611
1	0.0000000611	0.0211082118	0.0341096441	0.0023957137	0.0071196381	0.0011117218	0.8974358310	0.0000000000	0.0270883641	0.0096308143
0	0.0533528696	0.3161286000	0.0000081649	0.0000952164	0.3767903481	0.1645380202	0.0183747915	0.0173682538	0.0023433198	0.0510004158
0	0.0702798882	0.0189340820	0.0481976578	0.2210299706	0.1744360079	0.0215962762	0.0685922131	0.0084299748	0.1337565666	0.2347473629
0	0.0094483451	0.6652368075	0.0277128381	0.0287268114	0.0652077842	0.0096805106	0.0842906063	0.0617004304	0.0316112458	0.0163846205
0	0.0004459390	0.0163784741	0.0447298283	0.0025064471	0.0012291251	0.0065551595	0.0205306960	0.0074396172	0.8924688466	0.0077158672
0	0.0220164269	0.0244115904	0.0000186991	0.0195073088	0.0705252890	0.1508751600	0.0124917157	0.0058563222	0.5628208687	0.1314766192
0	0.0425492478	0.8810630632	0.0000412661	0.0005659007	0.0631982449	0.0031611386	0.0054457172	0.0016425492	0.0006076219	0.0017252503
