0	0.1567360127	0.0047756554	0.3962630067	0.2954977784	0.0369271861	0.0699260674	0.0000000081	0.0025065155	0.0367121671	0.0006556027
1	0.1522501807	0.1017957429	0.4813330255	0.0340926037	0.0408582261	0.0504224995	0.1107007486	0.0000953788	0.0000221870	0.0284294070
0	0.0007825904	0.0000000000	0.4174326118	0.1389904990	0.1603003488	0.0818277885	0.0000496053	0.1447824599	0.0168154508	0.0390186456
0	0.0688849374	0.0103812086	0.2935719782	0.0024957275	0.1819095143	0.0372866220	0.3360704567	0.0000000001	0.0405203021	0.0288792531
0	0.0272197577	0.0360394550	0.3745954195	0.0845330773	0.2477540740	0.0976592572	0.1006371623	0.0198758826	0.0116662853	0.0000196292
0	0.0000048343	0.0022819127	0.0069924859	0.0043389518	0.0273577285	0.0057923021	0.0218642229	0.8793156366	0.0520485385	0.0000033869
0	0.0008560660	0.0002157332	0.0842393252	0.0926555923	0.1088205418	0.0743844769	0.0624021842	0.0642127425	0.0472292630	0.4649840748
0	0.0003420943	0.1304264923	0.0266332812	0.0391276564	0.5926813847	0.0000003717	0.0769820543	0.0549300451	0.0728627726	0.0060138473
0	0.1085290261	0.3256571482	0.0094388588	0.0361886277	0.0040368018	0.0893832959	0.0036586684	0.0127286206	0.4103789526	0.0000000000
0	0.1479793585	0.0152040518	0.0763373878	0.0436811437	0.0176666873	0.1652476566	0.0704513633	0.0007926154	0.3867851354	0.0758546002
1	0.0000000000	0.0047322312	0.4861891906	0.1903438766	0.0150582324	0.1863401740	0.0737733930	0.0435283441	0.0000345548	0.0000000032
0	0.0179021476	0.0059669788	0.6067724328	0.0218407499	0.1386270091	0.0407052579	0.0000000003	0.0000000010	0.0446135979	0.1235718247
0	0.0068035931	0.1082304081	0.2545852560	0.0849421232	0.0025652476	0.0002886303	0.1296491770	0.3059221781	0.0023319125	0.1046814741
0	0.0020826743	0.0000006897	0.0192281469	0.6155530852	0.0112683497	0.1753100380	0.0000000125	0.0002002783	0.0045314506	0.1718252746
0	0.0000000000	0.0000369101	0.0000000238	0.2654443776	0.4847697006	0.2417481470	0.0033902697	0.0019563690	0.0000000000	0.0026542021
2	0.0000000000	0.0000000000	0.0000000000	0.1016850054	0.0043222397	0.0406409940	0.6465391982	0.0009721408	0.0638668501	0.1419735718
1	0.0000000010	0.0002426334	0.0654085250	0.0000000128	0.5352643572	0.0481341753	0.1128135995	0.1876660557	0.0504694234	0.0000012167
0	0.0329481102	0.3962731389	0.0298264104	0.0044809055	0.0303624349	0.4395374681	0.0000597520	0.0000000228	0.0217297101	0.0447820470
0	0.0098472182	0.0014663655	0.1032198988	0.0024943327	0.0473668000	0.7968205045	0.0223935594	0.0000000000	0.0108961803	0.0054951406
0	0.3204160079	0.0001470311	0.0031991467	0.2651620330	0.1168595379	0.0487186579	0.0000000000	0.0473312453	0.1685188972	0.0296474430
0	0.0202156769	0.1217216575	0.2510375529	0.0000172438	0.2216010841	0.0538556884	0.0118705356	0.0026293695	0.2287671879	0.0882840036
0	0.0118147672	0.1841707883	0.0016730342	0.0185629961	0.3326739014	0.1235523839	0.0010594092	0.1240406883	0.1614368555	0.0410151759
0	0.0170531521	0.6827559916	0.0884738313	0.0206773559	0.0523974606	0.0087429359	0.0228938029	0.0389925923	0.0652245734	0.0027883040
0	0.1875557235	0.0238185569	0.0006794706	0.1662456319	0.1769206709	0.0460849683	0.0557577802	0.0338340670	0.3077404513	0.0013626794
0	0.0328310476	0.0105866667	0.7349395830	0.0000377867	0.0593703638	0.0923665238	0.0000000378	0.0195568167	0.0493129876	0.0009981864
0	0.0000027780	0.0269428079	0.0125128934	0.1386746027	0.1059960313	0.0088708104	0.0012944074	0.0044534555	0.7012444788	0.0000077346
2	0.0000000000	0.0000000000	0.2447306118	0.0025137375	0.0000006208	0.1088628840	0.0877420593	0.2318627346	0.3213969555	0.0028903964
0	0.0438639991	0.1228588360	0.0046465962	0.5379781023	0.2183774439	0.0063425661	0.0010310650	0.0070526996	0.0577627955	0.0000858963
1	0.2231798888	0.0296233022	0.0944544619	0.5770981526	0.0018225914	0.0602828335	0.0000000000	0.0012203382	0.0121395056	0.0001789258
0	0.0006481819	0.0193388699	0.5638854242	0.0940886129	0.2066312518	0.0160723158	0.0000000040	0.0791501883	0.0000000001	0.0201851510
1	0.0000062276	0.0000279806	0.0378853968	0.0002636307	0.2941017063	0.3333117994	0.3305110863	0.0038921722	0.0000000000	0.0000000000
0	0.4632763368	0.0000200120	0.2099810824	0.0572372381	0.2353387269	0.0014010493	0.0000913984	0.0000000784	0.0000610715	0.0325930062
1	0.0000000000	0.0000090663	0.0263585859	0.5871438104	0.0973084910	0.2286019922	0.0500926195	0.0013999917	0.0090847710	0.0000006719
0	0.2202708993	0.0083115710	0.0231780891	0.0657140766	0.0393872989	0.0000006463	0.0423107143	0.0025075217	0.5010774209	0.0972417618
1	0.0274697490	0.7118816982	0.0054706085	0.0000048382	0.0000000025	0.0779249780	0.0009585482	0.0015009004	0.1740059634	0.0007827136
0	0.3493660445	0.0053703168	0.1642405794	0.0409788084	0.0232971627	0.0460814421	0.0000528043	0.0009633919	0.3677956702	0.0018537797
0	0.0002533984	0.0290901657	0.2052816215	0.0085016486	0.0000526149	0.0000014608	0.0190402304	0.3032665701	0.3064929910	0.1280192987
0	0.3011034521	0.0058902255	0.2515925753	0.0862079985	0.0000000059	0.0995173227	0.0002186914	0.1791033004	0.0000000000	0.0763664282
1	0.0000000000	0.0003794359	0.2996458089	0.3749197126	0.0000000000	0.0586627179	0.1935614566	0.0115668162	0.0200320815	0.0412319704
1	0.0000000000	0.0000711697	0.0399894893	0.2717151283	0.0000000001	0.0457071654	0.0000000000	0.6344409079	0.0080760422	0.0000000971
0	0.2179340341	0.0527652802	0.3359644685	0.2816593516	0.0678947770	0.0072430109	0.0001580417	0.0108246420	0.0255529213	0.0000034728
0	0.0038216659	0.0026899146	0.6664157235	0.0684327595	0.1475752125	0.0002133133	0.0885173861	0.0000000017	0.0222245298	0.0001094931
0	0.0765088037	0.0000001387	0.0328135057	0.5416024112	0.0164062083	0.0996561948	0.0125493312	0.0000711007	0.0227638095	0.1976284962
0	0.1697875261	0.0000348750	0.5764498507	0.2027953317	0.0127112383	0.0000000036	0.0135537719	0.0245661545	0.0000000084	0.0001012398
1	0.0000000000	0.0592051898	0.1424747004	0.0436337809	0.0002607433	0.0026834866	0.2365867179	0.0000313192	0.0000000930	0.5151239688
1	0.0018791115	0.0005673299	0.0031224884	0.0000012451	0.0646197701	0.2622586346	0.0058357985	0.0186173639	0.6418229272	0.0012753308
1	0.0003150049	0.2084837606	0.0000001229	0.1013730639	0.0015897872	0.2802509812	0.0000000000	0.1356014635	0.2639270710	0.0084587447
0	0.0000000000	0.0000485074	0.0295289985	0.0395787215	0.5070154319	0.1487270031	0.0393520870	0.0605866392	0.0948520530	0.0803105583
1	0.5066295165	0.0110737399	0.0851897516	0.0472411969	0.0000632229	0.0249444927	0.0961873985	0.0147577311	0.2139129499	0.0000000000
1	0.0000098744	0.0000000000	0.0327499012	0.6694561287	0.0000000014	0.0215603351	0.0070802805	0.0000661456	0.2614357466	0.0076415864
1	0.0024559237	0.0003802744	0.0014915822	0.0400588214	0.3599862289	0.1275769659	0.0415268340	0.0489299071	0.2228671920	0.1547262704
1	0.0016640573	0.0026762247	0.0004560263	0.2129039579	0.0000004779	0.0862730423	0.0027262220	0.0022640403	0.6910359513	0.0000000000
0	0.1094219926	0.0000001936	0.1305770292	0.0459777034	0.0433089515	0.5629931408	0.0000711092	0.0503543331	0.0357170197	0.0215785268
1	0.0000000000	0.0000000000	0.0290235344	0.6119802698	0.2000447159	0.0001133981	0.0863322418	0.0009096318	0.0715961395	0.0000000687
0	0.0028437125	0.0424015332	0.2868057813	0.0215287013	0.0000233306	0.1225967679	0.0008246357	0.0421564913	0.4079754396	0.0728436066
0	0.0000584426	0.0000000000	0.2475463594	0.2223471442	0.1458799427	0.3206965500	0.0000000000	0.0010126177	0.0441341202	0.0183248232
2	0.0674895103	0.0642167552	0.0000000000	0.4807423675	0.0000000000	0.3058173363	0.0000408719	0.0000001984	0.0816929602	0.0000000002
0	0.2923660534	0.0123289607	0.1512379581	0.0807894835	0.0202714629	0.3247520629	0.0000000000	0.0139888617	0.0098995902	0.0943655665
0	0.0000060735	0.0164463444	0.0000292364	0.0000019965	0.0337447949	0.0607767796	0.3502315022	0.1509321718	0.2330448536	0.1547862472
1	0.0000000000	0.0000000434	0.5908517443	0.0080928601	0.0005161941	0.0845288988	0.0001099936	0.0001636049	0.1901536578	0.1255830031
0	0.0064745406	0.0064744155	0.2462021994	0.0983145164	0.0007882755	0.2334228062	0.1722883291	0.0020115597	0.1015098723	0.1325134854
1	0.0006446000	0.0000001645	0.0346410403	0.3254123574	0.1263004577	0.0000000097	0.0324742825	0.1608042642	0.2578949869	0.0618278368
2	0.0000000000	0.0662015843	0.0000000039	0.0228267401	0.2325308176	0.3599592610	0.1730196855	0.0311326161	0.0344041900	0.0799251016
0	0.0000000014	0.1948206930	0.0182034777	0.1031500100	0.0000000012	0.0001789732	0.0750900900	0.5997727127	0.0000000000	0.0087840407
0	0.0148043760	0.2102302443	0.0124319937	0.0243413204	0.0402453822	0.1806608686	0.1590978825	0.0012060270	0.3496757872	0.0073061180
0	0.1937141265	0.0896129977	0.3475359695	0.0525877987	0.0296463028	0.0355738009	0.0490941701	0.0000019599	0.1997211165	0.0025117573
1	0.0000000000	0.0000000000	0.0000035021	0.0000000047	0.0000000006	0.0846385896	0.0559376210	0.5217012142	0.3122948290	0.0254242387
2	0.0011950503	0.0000000000	0.5626471637	0.0000000000	0.1648193455	0.1529651438	0.0211773885	0.0000000105	0.0967458564	0.0004500413
0	0.0132141443	0.0035155146	0.0134479602	0.0079195362	0.0036498025	0.1899860833	0.0077441244	0.7370479267	0.0234749049	0.0000000028
0	0.0002576703	0.0000017776	0.0506988880	0.5155904649	0.3341874864	0.0300951009	0.0496389602	0.0000194462	0.0195101320	0.0000000735
0	0.3186601775	0.1185931574	0.0168211442	0.0150733981	0.2260737810	0.0659782286	0.0378848763	0.0308950588	0.0626477062	0.1073724720
0	0.1118427569	0.0067827657	0.1529072973	0.0227012291	0.2306387128	0.3541842337	0.0283465387	0.0645467555	0.0238343744	0.0042153358
0	0.0000002385	0.1246990460	0.0722942965	0.0161822562	0.2428782812	0.0000189889	0.0261030376	0.2023060483	0.2789498441	0.0365679626
0	0.5115686365	0.0817789496	0.0878803250	0.1373608054	0.0178453486	0.1292835739	0.0097365311	0.0245455118	0.0000000117	0.0000003064
0	0.0101080562	0.0266627472	0.1819358675	0.1242097615	0.0504828013	0.5318764097	0.0363003071	0.0205520627	0.0175423614	0.0003296252
0	0.0193892461	0.1187684236	0.0000009463	0.1793379089	0.0011135826	0.3382627501	0.1470729733	0.0000004615	0.1959616501	0.0000920575
0	0.0503636390	0.1217660334	0.5554575828	0.0088909293	0.0003287679	0.0744855578	0.0649904597	0.0607473903	0.0000050175	0.0629646223
1	0.1398129441	0.0058026661	0.0371663552	0.7170376543	0.0236104725	0.0073548220	0.0000080607	0.0010369750	0.0447217256	0.0234483246
1	0.0147267037	0.0681830878	0.0024838443	0.0147306626	0.0001327265	0.4799063412	0.0000000000	0.1176835571	0.0629869210	0.2391661559
0	0.0213593935	0.2404935089	0.0163871497	0.3128392264	0.0284932203	0.1932248057	0.0000000000	0.0000001387	0.1638066704	0.0233958865
0	0.2205361003	0.0974287579	0.3000045996	0.0841664813	0.0036288074	0.0140659186	0.0063744122	0.0071162977	0.1230097849	0.1436688399
0	0.0887469483	0.0337505002	0.0315952395	0.2749903847	0.0992444023	0.2620758844	0.0279403489	0.0008609867	0.0001849883	0.1806103167
1	0.0236460468	0.0000000000	0.0854215938	0.4446049748	0.0002166078	0.2244787550	0.0000000000	0.0079011102	0.1786881053	0.0350428062
1	0.0000384854	0.0005147086	0.0000000000	0.0016777972	0.0000145359	0.6269285010	0.0481256077	0.0008310428	0.2809869590	0.0408823625
0	0.0165856541	0.0115752254	0.5570101421	0.2184190441	0.0717759504	0.0542067785	0.0000170333	0.0198708062	0.0236579834	0.0268813826
0	0.0963361505	0.3206795435	0.0716350162	0.0424501079	0.1475716338	0.3011984618	0.0000000396	0.0074220875	0.0016985467	0.0110084125
0	0.0000005643	0.4389078728	0.0309608618	0.0330136893	0.2128904842	0.0118510799	0.0016448768	0.1134276098	0.0002479556	0.1570550054
0	0.0006419149	0.0025073942	0.0723974960	0.0000000001	0.7052371555	0.0002298733	0.0000000000	0.0000000000	0.2101307074	0.0088554587
1	0.0151969421	0.0004765770	0.0110096297	0.0078784378	0.0156721184	0.5330979230	0.0443421910	0.0181040068	0.0008396262	0.3533825481
2	0.0000000000	0.0000006320	0.0037580489	0.7395526107	0.0000620470	0.0542056929	0.1919613599	0.0029618272	0.0074807218	0.0000170595
0	0.0539607931	0.0131537206	0.0000000003	0.1067153709	0.6333943239	0.0000371135	0.0395989319	0.1288087541	0.0209784826	0.0033525091
1	0.0000000000	0.0861374732	0.5035983793	0.0911345874	0.0000000000	0.0000000042	0.2702751590	0.0095157289	0.0393386677	0.0000000002
1	0.0673705665	0.0905409945	0.0849735630	0.0000000000	0.0440243623	0.0869503972	0.0473276059	0.0026210604	0.5761914502	0.0000000000
0	0.2989523948	0.0288932506	0.0182545195	0.0213952718	0.1342896829	0.3374068694	0.0034250016	0.1328222888	0.0245015362	0.0000591845
1	0.0000000000	0.0000000000	0.1894843289	0.3306582171	0.3156688136	0.0312458070	0.0175135055	0.0122631760	0.0000000316	0.1031661203
0	0.0115322284	0.0012104415	0.2602296816	0.1677012616	0.2480337020	0.1130677275	0.0703831874	0.0000006647	0.0383737817	0.0894673236
1	0.0000002554	0.0639248447	0.0000000001	0.0000000000	0.0759616284	0.5505686181	0.0313617571	0.0140033502	0.2616827448	0.0024968011
0	0.1503477084	0.0011008827	0.0267274003	0.2906275516	0.4646448525	0.0001568030	0.0052700881	0.0468491696	0.0091504199	0.0051251238
0	0.0000000000	0.0000011157	0.7232846613	0.0136669221	0.0339169614	0.1507941138	0.0044521433	0.0008245299	0.0709284503	0.0021311022
0	0.0067481446	0.0583570184	0.0884850303	0.3840004090	0.3586089035	0.0707348864	0.0010747218	0.0012629535	0.0001870364	0.0305408961
