0	0.0314507569	0.0243078857	0.0001648962	0.0385790672	0.3994219709	0.1866502769	0.0003875004	0.2275490866	0.0743703827	0.0171181765
2	0.1199215014	0.0158077021	0.3658259358	0.0000000003	0.3715384270	0.0000000002	0.0581796628	0.0615282642	0.0000000000	0.0071985062
0	0.0038806526	0.0261273312	0.3422299395	0.3470138140	0.0010281176	0.0806690757	0.0040353893	0.0515192160	0.1230918567	0.0204046073
0	0.0122837739	0.3209748894	0.0039007858	0.2366023054	0.0033766091	0.2352120829	0.0000000000	0.1076454826	0.0528288608	0.0271752101
0	0.6132287448	0.0253404372	0.0524856621	0.0205496068	0.0419956008	0.1325017461	0.0000316555	0.0147112305	0.0991229628	0.0000323534
1	0.0103134602	0.0000137498	0.8665602207	0.0040169861	0.1022488258	0.0081478794	0.0023437827	0.0060150529	0.0003400221	0.0000000204
1	0.0111305310	0.0894138095	0.0990426715	0.0139317819	0.0910494574	0.0000082708	0.1478604130	0.3124381587	0.0002602766	0.2348646295
0	0.0029231046	0.0000283387	0.0086836719	0.0005264616	0.0008856592	0.9773488346	0.0000225024	0.0060243795	0.0000274987	0.0035295487
2	0.0261984574	0.0069960824	0.8201997838	0.0544760719	0.0744782066	0.0000000093	0.0017196607	0.0156157831	0.0000000000	0.0003159448
0	0.0000123871	0.0093404893	0.0000115698	0.1954884611	0.0684283618	0.1780739969	0.0000000343	0.0348383998	0.2360721409	0.2777341591
0	0.0012155241	0.0278573703	0.2902794219	0.0000014570	0.0000160704	0.4996257826	0.0247363987	0.1550400986	0.0011215905	0.0001062859
0	0.0000175313	0.0161506874	0.2130400145	0.0871006970	0.1536833640	0.0044412433	0.0035557468	0.3796788739	0.1154167852	0.0269150566
2	0.0340672503	0.0029608716	0.3230659856	0.0062497085	0.4751798449	0.0000000000	0.0000000001	0.0965193339	0.0005117324	0.0614452726
0	0.1140449687	0.1376482269	0.4813020101	0.0136432470	0.0052039423	0.1147633933	0.0000317737	0.0000119349	0.1083921155	0.0249583875
0	0.1925300943	0.2546790143	0.1712671347	0.0003548285	0.1111979419	0.0003474270	0.1200208414	0.0277320678	0.1039585052	0.0179121450
0	0.0098471102	0.0663194228	0.0020279713	0.0326771126	0.0598447272	0.0005068753	0.0000142411	0.0644539733	0.1444479320	0.6198606341
0	0.0299813643	0.0024045541	0.0277205055	0.2326833955	0.0705168996	0.5018437758	0.0077047118	0.0092674922	0.0035706561	0.1143066449
1	0.0038066247	0.0000626280	0.0000000000	0.0000309835	0.9850141583	0.0000001008	0.0017382913	0.0071904195	0.0000000000	0.0021567938
0	0.0279598445	0.0342390551	0.2309814798	0.0115890647	0.1268081650	0.3324034535	0.0989566041	0.0022824206	0.0720911137	0.0626887990
0	0.4083208839	0.0324646694	0.0129098576	0.0014974885	0.2197824513	0.0745658444	0.1343990965	0.0099224196	0.1038356645	0.0023016241
1	0.1720061265	0.0022456861	0.7694673346	0.0000075196	0.0219746870	0.0000960174	0.0000000000	0.0286829455	0.0011572752	0.0043624082
0	0.0090949603	0.0012186857	0.0013387817	0.2246094891	0.0024392673	0.1426365592	0.0000000801	0.0000107327	0.0470740786	0.5715773654
0	0.0458522474	0.0823775021	0.0480993617	0.0000077587	0.0163568434	0.2520811459	0.1031114808	0.0109963454	0.0138503685	0.4272669461
0	0.0021394532	0.2847994129	0.5241195651	0.1123960726	0.0095999756	0.0000000000	0.0000000000	0.0215936255	0.0015035041	0.0438483911
1	0.1355361132	0.0000017686	0.1188579622	0.0043286437	0.1840046032	0.0000018289	0.4832634490	0.0690453116	0.0030902139	0.0018701055
0	0.0538786370	0.0721567860	0.2875123890	0.0019906237	0.1595511724	0.1304752162	0.0195245500	0.0247887446	0.2131879667	0.0369339144
0	0.0336443809	0.0094319301	0.0063006472	0.0868178250	0.0019077782	0.3623156741	0.0176149055	0.4401478700	0.0298897806	0.0119292084
1	0.7154523280	0.0019828119	0.1046867517	0.0079806948	0.0333281346	0.0000000000	0.0989075166	0.0111636090	0.0025980448	0.0239001087
2	0.1178338451	0.0090105667	0.0406383513	0.0425117387	0.6102637086	0.0000038091	0.0000291685	0.0653014414	0.0000161150	0.1143912557
0	0.2463216851	0.0624117795	0.3055540069	0.3317416416	0.0000000178	0.0167734064	0.0001163452	0.0000028272	0.0314684108	0.0056098794
0	0.0010919844	0.0005353954	0.1068107331	0.0012022037	0.0218896138	0.6484114360	0.0000000000	0.1377293649	0.0595105402	0.0228187284
1	0.2570156231	0.0291493025	0.2491173048	0.0332940483	0.0680990169	0.0085263571	0.0047476641	0.0213994830	0.0000013154	0.3286498848
0	0.0223528260	0.0675034055	0.0676878443	0.0273243668	0.1450067284	0.0038620252	0.0011271248	0.0000428973	0.5998632937	0.0652294880
1	0.0909612162	0.0533224017	0.4292978896	0.0009421688	0.1258239903	0.0000000000	0.0912246389	0.0417893235	0.0436016145	0.1230367565
0	0.4875069552	0.0251184424	0.0019544830	0.2133473487	0.1732588831	0.0698279063	0.0003874087	0.0070535941	0.0124214999	0.0091234786
1	0.0067318830	0.0119372841	0.3994412513	0.0136536205	0.1829574116	0.0001756188	0.0533514896	0.0580224495	0.0890955206	0.1846334711
0	0.1043963885	0.0045887633	0.0067247889	0.0100935817	0.0069267447	0.0437302781	0.0483402793	0.0478675348	0.0333742824	0.6939573583
0	0.1474093703	0.1314194122	0.0006447068	0.0072351695	0.0075009696	0.4044167696	0.0345780979	0.2320272966	0.0239223697	0.0108458379
0	0.0000005453	0.0140968795	0.3844006700	0.2375055681	0.0000000000	0.0053647233	0.0506699785	0.2368542170	0.0244060380	0.0467013803
1	0.0058432421	0.0097311803	0.0122430145	0.0123829296	0.0086188995	0.1076743786	0.0448813765	0.1957408805	0.0000732900	0.6028108084
1	0.1451917227	0.0432131263	0.4279957179	0.0239335045	0.0459788602	0.0037819605	0.0405350774	0.2470618071	0.0000026656	0.0223055578
0	0.1002137608	0.1564130643	0.0655911232	0.0908702106	0.0085747633	0.2142869979	0.0329156686	0.3114474991	0.0165713258	0.0031155865
0	0.3286712809	0.1675722011	0.0303390919	0.0000000316	0.0589305733	0.0172006135	0.2164279037	0.1113777414	0.0694767751	0.0000037873
0	0.0030852262	0.0386903367	0.1656482350	0.0384718308	0.1065176425	0.0244013089	0.0944050903	0.4851366845	0.0068936969	0.0367499482
1	0.0008620705	0.1647017044	0.0647985705	0.6438457928	0.0020889954	0.0000000653	0.0025391980	0.0155443372	0.0000000000	0.1056192659
0	0.4786343097	0.0406403361	0.0762918856	0.0124236687	0.0252577871	0.0173484558	0.0179965137	0.2260494912	0.0956185278	0.0097390242
0	0.2504107897	0.0000000000	0.3092152640	0.0169236955	0.2528996992	0.0091464590	0.0046554019	0.1151930893	0.0415556012	0.0000000003
2	0.0044167285	0.0000000035	0.0740116948	0.0002339920	0.8656523159	0.0000000000	0.0319672810	0.0227980002	0.0000000000	0.0009199841
2	0.0629422899	0.0168050304	0.4926653755	0.0254389755	0.2885713140	0.0000000000	0.0518533169	0.0076270738	0.0000976929	0.0539989310
0	0.0319384789	0.0000881784	0.4605748603	0.0449012124	0.0947834822	0.0002067336	0.2223478944	0.0974943353	0.0000000438	0.0476647806
0	0.0296218675	0.0211911317	0.0151148470	0.0596268940	0.4661053192	0.0309266826	0.0019848551	0.0210658468	0.0065501105	0.3478124458
1	0.3020849490	0.2036489767	0.4140120084	0.0001354471	0.0006307611	0.0000000051	0.0056157444	0.0135769339	0.0000643559	0.0602308184
1	0.0604811370	0.0005971083	0.6663389799	0.0609174168	0.0006027498	0.0000564581	0.0016015286	0.1334869032	0.0019177901	0.0739999281
0	0.4664519629	0.0018757931	0.0023619018	0.2545960461	0.0000008793	0.0450406738	0.0169943208	0.1780398673	0.0280155042	0.0066230507
2	0.0008613287	0.0339270317	0.1061504874	0.1101391937	0.6557246611	0.0007919805	0.0167995971	0.0155811306	0.0029963922	0.0570281971
0	0.0975224057	0.0358780174	0.0606066325	0.0038824084	0.0000000000	0.0060946535	0.0176895738	0.7391770660	0.0391492428	0.0000000000
1	0.0947353000	0.1273671303	0.4381129728	0.0000000000	0.1144725107	0.0000015661	0.0007164855	0.0588842130	0.0005892707	0.1651205508
0	0.0019996660	0.0031488996	0.0000000000	0.0849815025	0.2408229452	0.0442895199	0.0000004488	0.0204671569	0.0175926978	0.5866971634
0	0.0224743203	0.0475976945	0.1089883170	0.4329042790	0.0019352170	0.2119406378	0.0128254742	0.0000059100	0.1484130772	0.0129150731
1	0.0236355357	0.0001074133	0.1354605372	0.1280294217	0.1057429036	0.0000002304	0.1583504677	0.2749219258	0.0008709162	0.1728806484
1	0.2133826015	0.2164604894	0.1996847711	0.0000019234	0.1618729031	0.0048742969	0.0272317912	0.1633407086	0.0002014315	0.0129490833
0	0.3437358076	0.0133056399	0.0885704339	0.0000000038	0.0486410572	0.0071257346	0.1388303922	0.2941288139	0.0524125956	0.0132495214
2	0.0286846346	0.0040844256	0.7767692686	0.0000149337	0.1596962466	0.0000003241	0.0077516629	0.0213028270	0.0000000000	0.0016956769
0	0.3174426231	0.0000329269	0.3964523125	0.0078781638	0.0425249933	0.1714903674	0.0216825682	0.0236502313	0.0089221881	0.0099236254
0	0.0250065555	0.0821739172	0.0042688813	0.0689350944	0.4690281758	0.0759455777	0.0017502287	0.0000580888	0.0485147706	0.2243187100
1	0.0000391144	0.0431847095	0.4806300839	0.0301498322	0.3259638638	0.0135609200	0.0033741216	0.0401226377	0.0000000000	0.0629747170
1	0.2628459896	0.0002552955	0.4931585451	0.0000798245	0.1404245733	0.0087174126	0.0012116025	0.0772313234	0.0000000026	0.0160754309
0	0.0159048889	0.6337316553	0.0230844962	0.0164787989	0.2185667867	0.0212783103	0.0003546338	0.0000028821	0.0572908347	0.0133067131
1	0.1303917475	0.4958459462	0.2275167662	0.0051656909	0.0332671930	0.0000285723	0.0007209546	0.0900394843	0.0000006787	0.0170229663
1	0.0366352144	0.0329219983	0.0995554210	0.1829889443	0.0154073107	0.0275798349	0.0798781473	0.0060422517	0.0002763769	0.5187145005
0	0.6038198220	0.0035044281	0.0000142882	0.0375914836	0.0201816841	0.3082931498	0.0019890344	0.0000000001	0.0242768861	0.0003292236
0	0.1084002451	0.0425957796	0.0334945460	0.0146080530	0.1421934669	0.0007971977	0.0101094275	0.0494296833	0.5898798442	0.0084917567
0	0.1887122801	0.2089859756	0.0428969408	0.0803190332	0.3769433093	0.0728219438	0.0005935197	0.0014072465	0.0020692915	0.0252504594
0	0.1872980878	0.2127257222	0.2585733824	0.0185310319	0.0481014220	0.0008312138	0.0000061127	0.2726160958	0.0000000000	0.0013169315
1	0.3241513890	0.1887086521	0.0150046792	0.0140259371	0.2041080064	0.0000000000	0.0587430782	0.0030325136	0.0214088277	0.1708169169
0	0.2196324734	0.0227380515	0.0009446416	0.0869194173	0.1429099612	0.2901070673	0.0483361889	0.0183418748	0.0415808109	0.1284895133
0	0.0132353480	0.0107847312	0.3302665032	0.0000000224	0.0051513299	0.5173292953	0.0163782742	0.0622253143	0.0000146747	0.0446145069
2	0.0140912739	0.0347385495	0.8855483144	0.0092551879	0.0507400798	0.0000000000	0.0016516341	0.0014703986	0.0000039462	0.0025006158
0	0.0116555799	0.0018321050	0.1682833957	0.0000637679	0.1959462166	0.1260130328	0.0020930347	0.1706199952	0.1857659646	0.1377269076
0	0.8609782624	0.0313907050	0.0000000077	0.0042368125	0.0000153524	0.0076428027	0.0006164356	0.0272189266	0.0072397592	0.0606609359
0	0.0782538857	0.0981238130	0.0155594950	0.0018948902	0.0593346690	0.0063518286	0.0042476120	0.6083998539	0.0093862720	0.1184476807
0	0.0088270076	0.0260870688	0.0090314408	0.0041755553	0.0000003631	0.8884849941	0.0059523418	0.0008738228	0.0000043852	0.0565630205
1	0.1975457090	0.0080774171	0.0075179580	0.0003088764	0.3223352615	0.0001469862	0.0001070231	0.3687080788	0.0000000000	0.0952526898
1	0.0000000161	0.0323767111	0.4712876107	0.0004185641	0.1396426763	0.0000000000	0.0242759943	0.2019756588	0.0000855770	0.1299371916
0	0.0745649780	0.0023864674	0.0878684443	0.1272674344	0.2096139582	0.3258435167	0.0000000000	0.0236354267	0.0270870961	0.1217326782
0	0.0000003836	0.4169046009	0.2995652348	0.0997612361	0.0045079149	0.0001291966	0.1286442575	0.0172869927	0.0056186570	0.0275815259
0	0.0269591503	0.2290875403	0.2672466034	0.2410600235	0.0103927891	0.1471099680	0.0001662991	0.0374600987	0.0348971458	0.0056203817
0	0.3241047571	0.1094305924	0.0385502595	0.0022427638	0.2798479910	0.2162904921	0.0002946873	0.0198384838	0.0003389533	0.0090610196
0	0.0265566320	0.0815579362	0.4089801901	0.3209265265	0.0006348956	0.0054551907	0.0285888177	0.0155001397	0.0462521669	0.0655475047
1	0.1047628023	0.0217661934	0.0813358577	0.0079948052	0.3637124110	0.0813291112	0.0347016537	0.0945839583	0.0000000305	0.2098131768
0	0.0102892691	0.0601496957	0.3924660694	0.0066099629	0.0288008335	0.2199126668	0.0251335242	0.0921617914	0.1621510670	0.0023251200
1	0.1699642146	0.0000577549	0.2797298853	0.0215429901	0.0566276574	0.0000068542	0.0932816642	0.0049405510	0.0021594754	0.3716889528
0	0.0000002738	0.0000177641	0.1455080021	0.2294470988	0.0085548447	0.0000000001	0.3025975779	0.0594054399	0.0227490252	0.2317199734
0	0.0051174932	0.3744403632	0.0730599536	0.0105561529	0.0257002815	0.0025575810	0.0000061986	0.0713919864	0.0000530609	0.4371169288
1	0.1857618283	0.0190270645	0.2421368526	0.0062540859	0.4848383934	0.0020018933	0.0025425595	0.0289972907	0.0000000000	0.0284400317
1	0.1550094180	0.0000000000	0.5370496893	0.0903097835	0.1969548023	0.0187660066	0.0000053527	0.0008580172	0.0000717742	0.0009751562
0	0.2520280610	0.0148094970	0.0107447891	0.0000000004	0.0320863149	0.2896841274	0.0054014552	0.2258387557	0.0393655499	0.1300414492
0	0.1337253804	0.3434116200	0.0770035972	0.0095058734	0.1638822454	0.1363708035	0.0154803492	0.0036589649	0.0233564299	0.0936047362
0	0.3228536740	0.0129249816	0.0303695174	0.0343116026	0.4460900856	0.0394703369	0.0118916909	0.0764811724	0.0017023094	0.0239046291
0	0.0366461212	0.0502596688	0.0091615035	0.0024531342	0.0000272270	0.0977275715	0.0004330191	0.7729197632	0.0267494485	0.0036225429
