0	0.0001142767	0.0001663206	0.3515774967	0.0082619757	0.0000021083	0.0103283483	0.2554096346	0.1746870192	0.1076664485	0.0917863716
0	0.0049398387	0.2120196581	0.0092392983	0.0898728364	0.0031020931	0.2507501007	0.0305292450	0.3489549810	0.0000439579	0.0505479908
0	0.0049605669	0.0771422355	0.0565162995	0.2429718930	0.0000000228	0.0050327417	0.0745702277	0.3081896135	0.0244604861	0.2061559133
1	0.1551911320	0.0000000000	0.0246598371	0.1523994489	0.0289780609	0.0000053595	0.0469075199	0.0000000000	0.0227016410	0.5691570007
0	0.0665921244	0.1163071431	0.0017321795	0.0129425733	0.0024632361	0.0000000213	0.1750748988	0.4847317022	0.0169847560	0.1231713653
1	0.0024424587	0.0122792175	0.1793352690	0.0274672435	0.4491865217	0.0075539883	0.0003355275	0.0540534167	0.1977819550	0.0695644022
0	0.1623991717	0.0207963540	0.0227719586	0.1136046875	0.1156052483	0.0015658876	0.0000035361	0.0000098576	0.4936327981	0.0696105006
0	0.1430388824	0.0001377309	0.0265426642	0.0125108249	0.0000000000	0.0106088893	0.1258866580	0.0019480411	0.2778364273	0.4014898818
0	0.5351099266	0.0000265377	0.0436887791	0.0660950802	0.0000765800	0.0008140268	0.0000496205	0.1559363810	0.0256627597	0.1725403085
1	0.0063298991	0.0000005528	0.0031865456	0.7555476044	0.0123582113	0.0038889702	0.0238833912	0.0346257589	0.1554129016	0.0047661650
0	0.1189205918	0.0912373659	0.0753587945	0.2705540689	0.0048905954	0.2143829248	0.0000203779	0.0566899961	0.0026357419	0.1653095427
0	0.0482097257	0.0328473487	0.3917147221	0.0018761067	0.0110676911	0.1969818804	0.0668505463	0.0950814381	0.1029054548	0.0524650861
1	0.0185352654	0.0000213622	0.0099994256	0.1926054242	0.0000000000	0.0458561829	0.0001506982	0.0498164175	0.0057031398	0.6773120843
0	0.8361318638	0.0195528930	0.0204175426	0.0058065473	0.0213990765	0.0310799872	0.0000325947	0.0655559679	0.0000228735	0.0000006535
0	0.1767934581	0.0000000624	0.2281126085	0.0148715183	0.0000000184	0.0600078346	0.0607727021	0.2538253851	0.1120999186	0.0935164939
0	0.0287077730	0.0000505752	0.3147089556	0.0717294820	0.0858218347	0.0014824307	0.0040181453	0.4385748894	0.0549034968	0.0000024172
1	0.0181662131	0.0002244312	0.6671650714	0.0000505260	0.0000331940	0.0044189239	0.0044110175	0.0211327041	0.0757372379	0.2086606810
0	0.0000000462	0.0004419817	0.0064892073	0.0706102102	0.0000000000	0.0000000000	0.0000000000	0.4707201442	0.4510077326	0.0007306776
0	0.0476255038	0.0323568066	0.0384804950	0.0106305919	0.0475354560	0.0000290335	0.1121473875	0.0075468802	0.7015544719	0.0020933739
1	0.1088069583	0.0030720692	0.0093169663	0.4589727380	0.0606436184	0.0225756321	0.1724286943	0.0021344577	0.0000049035	0.1620439622
0	0.0012184848	0.0010855448	0.0239896781	0.0193439300	0.0031296953	0.0009524899	0.0217514995	0.0457980092	0.8759835318	0.0067471365
0	0.0198514136	0.0492507253	0.4837497674	0.0016766510	0.0128995682	0.0416302632	0.1044885502	0.0071909811	0.2787297932	0.0005322867
1	0.2049589521	0.0013023759	0.0409304953	0.2931985031	0.0724595611	0.0466314171	0.0031098507	0.0062748632	0.0646283819	0.2665055995
0	0.3961403562	0.0692194311	0.0303367472	0.0735488956	0.0015580019	0.0252275663	0.1919043118	0.1199803830	0.0107317947	0.0813525122
1	0.0442912059	0.0000703238	0.4509981990	0.1891990610	0.0479651060	0.0015781180	0.1057469566	0.0629695723	0.0158187914	0.0813626659
1	0.0131375814	0.0394574428	0.0072767608	0.0090654486	0.0552292205	0.0183557338	0.5984063514	0.0011849182	0.1634505899	0.0944359526
0	0.0067882528	0.0169734955	0.6570962116	0.0048218055	0.0011724774	0.0295377108	0.1075376076	0.0394192410	0.1154426731	0.0212105246
1	0.1192542446	0.0010630257	0.5523242748	0.0965704816	0.0000002043	0.0002153705	0.0647637595	0.0983026305	0.0668701550	0.0006358535
0	0.0557102202	0.0003806141	0.0209078213	0.2454250545	0.0056686485	0.0000007693	0.4102835054	0.0659890680	0.0070631417	0.1885711570
2	0.0000000000	0.0003654715	0.0048348244	0.1811192213	0.0443704868	0.0063953682	0.2091889517	0.0192121649	0.4329819392	0.1015315720
1	0.0009957474	0.0086910980	0.0477590549	0.0145607208	0.0670147476	0.0043896480	0.0162206086	0.0422120080	0.7906961618	0.0074602048
1	0.0032480187	0.0305917845	0.1455767579	0.1365828498	0.1407093516	0.0000010363	0.0753947883	0.0235102647	0.1094265777	0.3349585704
0	0.0806091446	0.0077086325	0.0685501263	0.0000717852	0.1829488311	0.0017998570	0.0006328437	0.3023325423	0.0478777131	0.3074685244
0	0.0363532428	0.0119473021	0.0266295645	0.7471617386	0.0296605400	0.1131714310	0.0056664694	0.0080437862	0.0029215173	0.0184444080
1	0.0049723467	0.0000000000	0.0034507644	0.4554333299	0.0000533091	0.0006571613	0.0000000011	0.0422498866	0.0414504893	0.4517327116
1	0.0003380917	0.0026884075	0.0076329082	0.0023498632	0.0811571140	0.0001461657	0.0230888635	0.0078627555	0.7197298313	0.1550059993
1	0.0093370291	0.0000665592	0.1842657226	0.6409294303	0.0000000000	0.0128514145	0.0000301355	0.0486153905	0.0529193427	0.0509849756
0	0.4534447754	0.0006942243	0.0524631271	0.0037421116	0.0001626901	0.1858001392	0.1417502566	0.0278904074	0.0173341701	0.1167180981
1	0.0002046241	0.0006553407	0.0825836713	0.1398820106	0.0310239802	0.0000013549	0.0105390256	0.0026094145	0.1438227181	0.5886778600
0	0.4980028607	0.0597097082	0.0548637950	0.2921163151	0.0057804914	0.0134422968	0.0000000000	0.0014442502	0.0000518867	0.0745883958
0	0.0019044934	0.0105040925	0.0035343503	0.4270637558	0.0047408800	0.0000016543	0.2650648817	0.2382312477	0.0489546412	0.0000000031
0	0.0037418738	0.0071328050	0.1007511776	0.0545331546	0.0000224902	0.0000653468	0.0299449863	0.0144082219	0.7846897838	0.0047101601
0	0.0000314386	0.1290768108	0.0953503297	0.0562496560	0.0942709951	0.0036477503	0.0051062641	0.5384704056	0.0615145510	0.0162817989
0	0.2670447812	0.0102342450	0.0015896085	0.4564379972	0.0015205531	0.1512421367	0.0060145439	0.0000120923	0.1054061698	0.0004978723
1	0.0019960160	0.0150782608	0.0480557699	0.0022489436	0.0002931338	0.0414939932	0.0577628108	0.2508960375	0.1721976192	0.4099774151
0	0.0000000104	0.0026315260	0.0000000000	0.0248697302	0.7846005768	0.0104242012	0.0000012956	0.0968903940	0.0242992639	0.0562830019
0	0.0000000000	0.0034968659	0.2295394132	0.0157714883	0.0183470501	0.0017438158	0.0000000265	0.1331320093	0.5979693310	0.0000000000
0	0.1270752941	0.0062982080	0.1275341029	0.0000000396	0.1372126565	0.0000000255	0.5591381585	0.0017118836	0.0385581571	0.0024714742
1	0.0036012964	0.0000233834	0.0074642489	0.4783865365	0.0468386987	0.0246202793	0.0002033913	0.2399449476	0.1142838556	0.0846333624
0	0.0000055927	0.0000038608	0.0405517164	0.0670199053	0.0000000186	0.0000000000	0.0559713061	0.8270171290	0.0070712894	0.0023591816
0	0.0274934778	0.0449279757	0.0025695215	0.0237729467	0.0675498397	0.0128372017	0.7860106815	0.0269947424	0.0074660672	0.0003775459
1	0.0883572440	0.0229005361	0.0000240026	0.2339785757	0.0003581673	0.0247464857	0.1074617900	0.0054968880	0.2814137330	0.2352625776
1	0.0000019217	0.0057620103	0.4316143858	0.2982245701	0.0285653467	0.0010001160	0.0391136144	0.0109526500	0.1548475089	0.0299178761
0	0.0037723940	0.0398515267	0.1413012684	0.3413929346	0.0000000141	0.2659051757	0.1288071127	0.0004470568	0.0326221181	0.0459003987
0	0.0102910154	0.0072815469	0.0493065396	0.4574947765	0.0166258481	0.0901643092	0.0078085909	0.0796998488	0.0358092796	0.2455182450
1	0.0001798225	0.0001019352	0.0010557291	0.0066180038	0.0421483856	0.0097336467	0.1828965674	0.0004659374	0.0056179619	0.7511820103
1	0.1490608812	0.0028659987	0.3061795836	0.3338381912	0.0718791510	0.0000000178	0.0044357775	0.0000000003	0.1280053022	0.0037350964
1	0.0000000000	0.0000000000	0.3163577210	0.3079423302	0.0008144973	0.0002838657	0.0001555086	0.0880798432	0.0561497000	0.2302165338
1	0.0009346391	0.0049807136	0.1505179186	0.0561283009	0.1063791542	0.0181212446	0.0000626160	0.0176702105	0.0553117088	0.5898934936
1	0.0237227817	0.0000938258	0.0610185043	0.8433449859	0.0011859041	0.0000001693	0.0268437416	0.0048496803	0.0188040323	0.0201363747
1	0.0012004226	0.0024562259	0.0068254160	0.0000000011	0.0779504396	0.0000000065	0.1848070041	0.0000000000	0.0921853286	0.6345751556
0	0.0009475531	0.0000000277	0.0153048424	0.0699089760	0.0951237835	0.1228607572	0.0589426157	0.0797020453	0.5563306653	0.0008787340
0	0.0192481522	0.0000000000	0.1055747862	0.4555628402	0.0000000000	0.0279953727	0.0283082128	0.1950176251	0.1660190602	0.0022739506
0	0.0268182998	0.0000000177	0.0356149498	0.1598062641	0.0142996717	0.0071876973	0.0016679799	0.0035754558	0.0001300797	0.7508995842
0	0.1666496685	0.3079295921	0.1463411288	0.0736114017	0.0482574897	0.0019620216	0.0172027692	0.0091157133	0.0957365702	0.1331936450
1	0.0297054571	0.0035900781	0.6810787822	0.0656253926	0.0049037588	0.0004647559	0.0059240666	0.0293002153	0.0017890921	0.1776184012
0	0.0063829058	0.0176996432	0.2101403344	0.0357784303	0.0000730002	0.2896916202	0.0179687518	0.0558846844	0.1907963732	0.1755842564
0	0.0862892302	0.0000000433	0.0628367185	0.0074754758	0.0014256935	0.0000000001	0.5394184742	0.0116498255	0.1625279971	0.1283765419
1	0.0000339748	0.0000000005	0.0090386130	0.9391415154	0.0161086141	0.0000020642	0.0013806478	0.0071801174	0.0270776476	0.0000368052
0	0.0131250422	0.0034175625	0.0011368418	0.2751328814	0.0029010138	0.0094894401	0.3306402129	0.3641561292	0.0000000000	0.0000008760
1	0.0326243070	0.0001230466	0.0308549344	0.1889447909	0.0000296114	0.0006341485	0.7100260870	0.0003965323	0.0341115931	0.0022549488
0	0.4968814924	0.0550956286	0.0000000000	0.0561209006	0.0001682172	0.0012285996	0.0404231880	0.0890929930	0.1052402787	0.1557487018
1	0.3208848576	0.0010370346	0.0407538565	0.1056207573	0.0139016989	0.0073532988	0.1717677431	0.0585774723	0.0055444765	0.2745588043
0	0.3729647673	0.0253904285	0.1160078252	0.0213877515	0.0276257601	0.0897022479	0.2178084455	0.0053859990	0.1236570584	0.0000697166
0	0.1383430016	0.0005199386	0.0160474922	0.0208576816	0.0000290705	0.0076571617	0.7197896313	0.0000000062	0.0307136823	0.0660423342
0	0.0000000005	0.0001024599	0.0035571918	0.1288116233	0.0000019102	0.0005585861	0.6612427724	0.0575563655	0.0866257822	0.0615433080
1	0.0004863298	0.0000000000	0.8862044515	0.0447879995	0.0352019141	0.0003451037	0.0167407290	0.0000038622	0.0161072647	0.0001223455
1	0.0466655706	0.0006550337	0.0732000258	0.1782780162	0.1258043205	0.1997398066	0.0039921937	0.0426005542	0.0994807025	0.2295837762
1	0.1088144264	0.0000301871	0.0013854846	0.3331508970	0.0210857047	0.0192870356	0.0039880221	0.0086549343	0.3113216533	0.1922816550
0	0.5917008035	0.0765498972	0.0178055675	0.0428594019	0.0051132297	0.0299935751	0.0186272876	0.0798218056	0.1349255324	0.0026028996
0	0.1017045258	0.0163713142	0.1340796810	0.4044534048	0.1160421553	0.1272906255	0.0333109762	0.0245992735	0.0010024598	0.0411455839
0	0.0240997352	0.0075504875	0.6536403320	0.0010665580	0.0000000010	0.0551679308	0.1110896643	0.0002104643	0.0322048334	0.1149699935
0	0.0902055212	0.0035982040	0.0077896819	0.0522775169	0.0261353389	0.0982749374	0.1088488227	0.0141947714	0.0503816648	0.5482935407
0	0.0285812787	0.1319202905	0.0012057675	0.0234087256	0.0972261324	0.0000326238	0.1360738048	0.1268311786	0.1314068301	0.3233133680
0	0.0562499926	0.0251296106	0.1280676995	0.0214271376	0.0162488621	0.0370335106	0.1608988712	0.0002402735	0.3952254901	0.1594785521
0	0.0055336623	0.6280215017	0.0000065241	0.0963663501	0.0000000002	0.0308977044	0.0006643471	0.2213901947	0.0170984073	0.0000213080
0	0.0000020453	0.0001449872	0.2931319877	0.2830278373	0.1225690311	0.0000032831	0.1272208218	0.1582415608	0.0104382496	0.0052201962
1	0.0160612646	0.0000000261	0.0001900720	0.2833404794	0.0084357314	0.4193575346	0.0105048867	0.1225838437	0.0023464999	0.1371796616
1	0.0000376214	0.0000053463	0.1144296929	0.0210854254	0.0059398880	0.0210250948	0.2091361152	0.0005016338	0.5982476540	0.0295915283
1	0.0617134218	0.0476951707	0.2816126126	0.0854514600	0.0466076450	0.1773257284	0.0110781044	0.0802303302	0.0570934063	0.1511921206
0	0.3032374230	0.0214602262	0.0063226135	0.0452959362	0.0090862460	0.0152620078	0.0852770851	0.2306520508	0.2624947836	0.0209116279
1	0.0380779995	0.0000000000	0.2078788226	0.0694473530	0.1086994545	0.0000000000	0.0025763168	0.3067129741	0.1186114757	0.1479956037
0	0.0000002594	0.0928808277	0.0488666148	0.0605051575	0.0246947697	0.0374024497	0.0285696870	0.0005974863	0.6502108395	0.0562719084
1	0.0037782862	0.0000000000	0.2754516956	0.0081973096	0.0595539235	0.0000000003	0.0067218439	0.0128281623	0.2951891297	0.3382796488
0	0.0170736388	0.0481876731	0.1380007018	0.0479553052	0.0107320574	0.1161546230	0.0305593345	0.2059535321	0.3075524679	0.0778306661
0	0.0173363194	0.0045287216	0.1260981643	0.6555839499	0.0000000000	0.0267027468	0.0396248250	0.0255272687	0.0918145691	0.0127834352
0	0.0172234301	0.0311695165	0.1968631859	0.0132916400	0.0366222482	0.5141034586	0.0013047737	0.0393043046	0.0622436051	0.0878738371
0	0.0324839485	0.0199525732	0.2322961001	0.1517665157	0.1939477885	0.0163379263	0.0956480849	0.0017220109	0.0007497086	0.2550953432
0	0.0792492424	0.0013264685	0.0022220538	0.0757876925	0.0001562927	0.0000137281	0.0005776215	0.0052471068	0.8328111968	0.0026085969
1	0.3108986884	0.1309662827	0.1044767170	0.2498612138	0.0000002096	0.0441838170	0.0921674655	0.0000595143	0.0518720936	0.0155139981
