0	0.1571283212	0.2763224675	0.0119714353	0.0210481023	0.0000000000	0.0018699245	0.1102303985	0.0449663325	0.0004882239	0.3759747944
2	0.0030453571	0.0755772434	0.0808666167	0.0000000000	0.0178646351	0.0554905215	0.6117680658	0.0016641673	0.0000000003	0.1537233928
0	0.2061477728	0.0436686276	0.0050972416	0.0603108823	0.1910903888	0.0324343620	0.2244027711	0.0187951728	0.0000015752	0.2180512058
0	0.0000224225	0.5788030643	0.1082230598	0.1539584537	0.0531844913	0.0006110664	0.0000050333	0.1040569351	0.0011354735	0.0000000000
0	0.2035126238	0.0277951241	0.0001376139	0.0280673997	0.0000347626	0.0002858723	0.6939368991	0.0241995331	0.0147921943	0.0072379771
0	0.0597975823	0.0081099102	0.0461539879	0.0000000000	0.0668687880	0.0017394423	0.6471225640	0.0000001270	0.0081048392	0.1621027590
0	0.0182783021	0.0451810759	0.0000026429	0.0231805532	0.8167008295	0.0002133297	0.0187912461	0.0148743920	0.0000246747	0.0627529540
1	0.1097531713	0.0004883638	0.0000000000	0.0032676313	0.0011256237	0.0008986237	0.0079689536	0.1204581256	0.0073486056	0.7486909015
0	0.0029178921	0.0082587902	0.0000000000	0.0002717342	0.0011030828	0.1896590691	0.7968500720	0.0001649231	0.0002527427	0.0005216938
0	0.0886436754	0.2183494877	0.0197152587	0.0000010270	0.0000002023	0.2006147160	0.0000000099	0.2752576161	0.0000223029	0.1973957040
0	0.0848160095	0.0000594386	0.0053145561	0.0000001736	0.0000000374	0.0344416656	0.6635023906	0.0034871270	0.1649752505	0.0434033509
0	0.0490827586	0.0080664747	0.0136207624	0.2059631137	0.3272163991	0.0005456918	0.0978951144	0.0150328331	0.1903741119	0.0922027403
0	0.2347614697	0.1914694229	0.0000000058	0.2673360123	0.0230737567	0.0005966461	0.1072091284	0.1162541116	0.0011262419	0.0581732047
0	0.1181571919	0.2684623978	0.0000539636	0.0176629662	0.0006780128	0.0103121802	0.0482501328	0.0470747847	0.1707935928	0.3185547773
0	0.0586884396	0.0221796262	0.0003519507	0.0411123642	0.0006754448	0.0561874313	0.7799495683	0.0154388594	0.0071926259	0.0182236896
0	0.0000000000	0.0252855705	0.2867189342	0.0221318894	0.0049900919	0.0473001485	0.0087401664	0.5145320672	0.0903002109	0.0000009210
0	0.7176113570	0.0381255268	0.0000000000	0.0000000000	0.0006647050	0.0087971819	0.0969617375	0.0002335481	0.0095051561	0.1281007876
0	0.0929464028	0.0000609213	0.0144162457	0.0346523119	0.0021095744	0.2228714171	0.0261493068	0.0207491801	0.3709008476	0.2151437923
0	0.0999916103	0.1164064047	0.0000000040	0.0010106762	0.0056427303	0.0000000593	0.0000000000	0.2419752133	0.0402001721	0.4947731298
0	0.0811338040	0.3052077698	0.0670594528	0.1915266028	0.0206360110	0.0915884051	0.2279635455	0.0000000001	0.0132862095	0.0015981994
0	0.0144192631	0.0722241053	0.0239636663	0.0000000004	0.0171756507	0.0000091962	0.0323610012	0.0081972199	0.8277995738	0.0038503230
0	0.0756063120	0.0028968991	0.1346334921	0.0123532255	0.0097925907	0.0054052247	0.0052656534	0.0316041204	0.3578463964	0.3645960858
0	0.1060534998	0.0233606791	0.0787874156	0.0249312640	0.0040631164	0.0050401447	0.2968753005	0.2721745524	0.0008460128	0.1878680147
0	0.1724441359	0.0160828240	0.0000969657	0.1132013707	0.1181388829	0.1148458945	0.2217463945	0.0000258789	0.0377282873	0.2056893656
0	0.0874776174	0.8603473080	0.0000006321	0.0003013360	0.0389726812	0.0020941602	0.0000147048	0.0000000014	0.0064639097	0.0043276491
0	0.1988489110	0.1285158054	0.1469890383	0.0000120766	0.0395816928	0.0000000865	0.0005789506	0.0649180155	0.0444196703	0.3761357531
0	0.0167346872	0.0686923357	0.0000692343	0.0106176383	0.0517990993	0.1011619324	0.3164850543	0.0190544324	0.2018942064	0.2134913797
0	0.0775909761	0.0016592664	0.0016377694	0.0036441974	0.0159592054	0.0478306452	0.4966347884	0.0003839156	0.0211041755	0.3335550606
0	0.0001112892	0.0040795943	0.0000790989	0.1113299236	0.0000000725	0.7173710370	0.0531603399	0.0298313326	0.0157303529	0.0683069592
0	0.0123343275	0.1265979437	0.1198707107	0.0000000000	0.0062074258	0.0289530058	0.0766720653	0.0258169792	0.0509045529	0.5526429890
0	0.2255074349	0.0048613069	0.0001266334	0.0297727608	0.2319891503	0.0000000000	0.0049797330	0.0171698175	0.4020545606	0.0835386025
0	0.0779975984	0.0000000000	0.1824121413	0.0001128104	0.0167124050	0.0000000000	0.5510185484	0.0377542057	0.1079853109	0.0260069800
0	0.2051021833	0.0010972984	0.0007881498	0.0009599076	0.0012042240	0.0000000000	0.0000000002	0.0767475946	0.2438961120	0.4702045303
0	0.1601209996	0.0042183517	0.0321938623	0.0080285531	0.0571827049	0.2829284462	0.0301370457	0.0223721556	0.0001408416	0.4026770393
0	0.0545852654	0.1922567709	0.0941551896	0.0216744671	0.0012962803	0.0000000008	0.4433351955	0.1727113830	0.0028834557	0.0171019918
0	0.3442773357	0.2088536250	0.0190895432	0.0181071063	0.0000076383	0.0236071986	0.0889503249	0.0975823696	0.0496545432	0.1498703153
0	0.3459752798	0.1935666322	0.0399789523	0.0093073104	0.1140211551	0.0181711111	0.0529795064	0.1247913857	0.1012083438	0.0000003232
0	0.0029932006	0.4875439781	0.0000000000	0.0070766431	0.0000000000	0.0819705990	0.0744797010	0.0006294809	0.1199347151	0.2253716822
0	0.0972954503	0.0641393463	0.0138491731	0.0006805569	0.4735025620	0.0625851495	0.0359134649	0.0027944712	0.2462201033	0.0030197224
0	0.0592143406	0.0058620266	0.0793157803	0.0049819711	0.0807924263	0.0156866893	0.0048512933	0.0582150423	0.2869428143	0.4041376159
0	0.0103389553	0.2645179420	0.2312294370	0.0921909018	0.0000827884	0.0083181727	0.0552204553	0.0008009719	0.2291795210	0.1081208547
0	0.0517609139	0.2179985605	0.0775652090	0.0007031069	0.0009999032	0.1270583388	0.0000362440	0.4371909529	0.0004004519	0.0862863189
0	0.0009957679	0.9366156575	0.0011513165	0.0003241149	0.0156480745	0.0002797014	0.0210648654	0.0000637885	0.0000000000	0.0238567134
0	0.0685945657	0.0110778914	0.0493466032	0.0161186218	0.1934073674	0.0006408911	0.0295681795	0.0670710174	0.0000011716	0.5641736908
0	0.0639878554	0.3157026426	0.0877924388	0.0620299361	0.0000000001	0.0063529030	0.3595968859	0.0806297037	0.0226181255	0.0012895088
0	0.0885420140	0.0000000004	0.0174017686	0.0325266135	0.5549880106	0.0848186173	0.0278553267	0.0003893392	0.0000000000	0.1934783098
0	0.0001114862	0.0000128969	0.0000010300	0.2687178408	0.1075182095	0.0451647742	0.0631607681	0.2466762946	0.0453120373	0.2233246623
0	0.0789126681	0.0010225838	0.0172464475	0.0315181665	0.5211873177	0.0021953946	0.0119435415	0.1019528420	0.0931757332	0.1408453050
0	0.1098685523	0.3287691227	0.0340666582	0.0000000000	0.2497797020	0.0067499342	0.0184363128	0.2319773654	0.0149255052	0.0054268472
0	0.0008701149	0.0086545748	0.0051257166	0.0020522825	0.0705149541	0.0053707173	0.3038573141	0.0215186303	0.0535349645	0.5285007309
0	0.0769956936	0.0509120817	0.0696954328	0.0000002733	0.1094338732	0.0139519797	0.0210514117	0.5455565076	0.1059967053	0.0064060413
0	0.0698121165	0.0025284911	0.0000376903	0.5204760064	0.0000013432	0.0106220401	0.3779328481	0.0118833789	0.0017611873	0.0049448981
0	0.1620630581	0.0693856536	0.0001313485	0.0000000219	0.0256285010	0.1797128557	0.0001997640	0.0289413739	0.3401400950	0.1937973283
0	0.3755399875	0.1129263008	0.0000000000	0.0018851499	0.0993875546	0.1012475267	0.0153196501	0.0000235442	0.2614183256	0.0322519606
0	0.0630819998	0.0107520013	0.0131457964	0.0357574430	0.0169555987	0.3738566596	0.2419673378	0.0020081225	0.0001849750	0.2422900661
0	0.0245529219	0.2538627382	0.0132088608	0.0000000031	0.0004205935	0.0010433495	0.2966149608	0.0630415771	0.0443351044	0.3029198907
0	0.0627833163	0.0346717893	0.6257472759	0.0278472837	0.0022640984	0.0177585276	0.0884161740	0.0035634177	0.1363354906	0.0006126264
0	0.0135152389	0.1178375647	0.1324107582	0.0029175710	0.0216510997	0.0005399876	0.0027577292	0.5869859391	0.0596589985	0.0617251132
0	0.3755753965	0.0185486839	0.0000000008	0.0285954821	0.0000214148	0.0000028219	0.0095415546	0.0000001762	0.0002148210	0.5674996482
0	0.0219946404	0.0001687582	0.0029071664	0.0270499278	0.0326557229	0.0006622196	0.0000006258	0.2936493055	0.0626897168	0.5582219166
0	0.0134529233	0.1136374650	0.0083796499	0.0010692091	0.1746910279	0.0001948293	0.2229675360	0.0021952103	0.2871211786	0.1762909705
0	0.1143744403	0.0593999258	0.0010842870	0.0000030484	0.0000458577	0.0077724610	0.1382248768	0.4763184843	0.2024014578	0.0003751609
0	0.4999247341	0.0050294134	0.0010972371	0.0020413238	0.0000025783	0.0017271204	0.3756572863	0.1005474244	0.0000000009	0.0139728814
0	0.1122044789	0.1979373869	0.0000112420	0.0047479379	0.0111939004	0.0060001383	0.1854714948	0.4538642861	0.0105451466	0.0180239881
0	0.0510838217	0.1225909984	0.0000001873	0.0473089548	0.0005095089	0.0138810458	0.0472576119	0.0179341390	0.5068130855	0.1926206467
0	0.0007756600	0.4359627715	0.0009769366	0.0117859263	0.1437823479	0.0000000000	0.0013017221	0.0111491916	0.1488349250	0.2454305191
0	0.8857182097	0.0000472670	0.0000000000	0.0005004430	0.0002478458	0.0000000002	0.0480398176	0.0040002694	0.0207201663	0.0407259810
1	0.3573013865	0.0064695620	0.0000000000	0.0001718973	0.0000000000	0.0000402601	0.0698177370	0.0146433921	0.5022474787	0.0493082863
1	0.5934810025	0.0293807065	0.0010844506	0.0013296761	0.1735634877	0.0460901265	0.0882963891	0.0564668381	0.0020028420	0.0083044809
0	0.0010750938	0.0208697035	0.0000000000	0.0012181233	0.0039020294	0.0071474396	0.9391353367	0.0266027844	0.0000000065	0.0000494828
0	0.0038898045	0.0373124089	0.0027433108	0.0279686490	0.5983758011	0.0012938840	0.1341246775	0.0101958081	0.0000003050	0.1840953512
0	0.0475299827	0.6236345585	0.0000110958	0.0000000019	0.0000000000	0.2537135670	0.0120221014	0.0000000000	0.0000000000	0.0630886927
0	0.0103674040	0.0007956423	0.0360247300	0.0000220116	0.3479405495	0.0659806987	0.0016875976	0.3070338536	0.0765941556	0.1535533571
0	0.1474281431	0.0041121032	0.0068939732	0.0197257770	0.0285223915	0.0035526059	0.0416319425	0.2101891977	0.2904451709	0.2474986949
0	0.0769787377	0.3888512381	0.0000000344	0.0611870292	0.1220640099	0.0000000011	0.1158507424	0.1363646667	0.0568006005	0.0419029400
0	0.6837712577	0.0405455935	0.0000002063	0.0062808260	0.0041431150	0.0000000203	0.0594995063	0.0013140034	0.2043776742	0.0000677972
0	0.5209114470	0.1539250936	0.0054097871	0.0578025014	0.0172583144	0.0000000000	0.0848223283	0.1105049859	0.0476814836	0.0016840589
0	0.0238607068	0.2764150711	0.0000000217	0.0785455205	0.1119356252	0.0038600696	0.0048249377	0.0185454690	0.2470148434	0.2349977351
0	0.0502919878	0.0687013662	0.0326255968	0.0349867527	0.0596589457	0.0244738325	0.3089457281	0.4101343357	0.0038729919	0.0063084628
0	0.1555551548	0.3291042077	0.0134227531	0.0005595274	0.2613385140	0.0000004243	0.0262280223	0.0196956941	0.1824934198	0.0116022826
0	0.0513276402	0.0016187501	0.0085356080	0.0137666316	0.1879857199	0.0004569697	0.0008664282	0.2450806022	0.4798724636	0.0104891865
0	0.0096940282	0.1317821834	0.2005003239	0.1368171932	0.0076805866	0.0118313212	0.1566742673	0.0164346351	0.1926613781	0.1359240830
0	0.2805856356	0.0026652449	0.0019404125	0.0121345856	0.1157774928	0.0369177315	0.0037903659	0.1088201054	0.0476508067	0.3897176190
0	0.1318819614	0.0691648641	0.0487570881	0.0282895488	0.0357321817	0.0005725228	0.4312438323	0.0598025937	0.1563951095	0.0381602977
0	0.0000348559	0.7189223170	0.0043144212	0.0000082318	0.0031448838	0.0047817163	0.1101347531	0.0918244182	0.0212956136	0.0455387891
0	0.0029975287	0.4114486659	0.0000000000	0.0295679962	0.0370836668	0.2068642279	0.0804826148	0.1737939954	0.0292407891	0.0285205153
0	0.0015764523	0.0802363700	0.0145963458	0.1221804988	0.0000014267	0.0486663270	0.4119797094	0.0723907898	0.2349838570	0.0133882231
0	0.3489853616	0.0000000823	0.3454142921	0.0000022758	0.0076525630	0.0401901009	0.0017335945	0.0036569516	0.0162610152	0.2361037631
0	0.0816073921	0.1945979073	0.0616325701	0.0222024442	0.3747571067	0.0000123744	0.0640267042	0.0678149785	0.0070709979	0.1262775246
1	0.0282233733	0.2017988499	0.1465234113	0.0001120891	0.0000009976	0.0130748950	0.0203158756	0.0046198821	0.5776067568	0.0077238693
0	0.1144046321	0.0104208888	0.1223575886	0.0000000000	0.4383984379	0.0369082198	0.0088537866	0.0272435972	0.0003057819	0.2411070672
1	0.0038390620	0.3335066675	0.2978556693	0.0000307058	0.0000043286	0.0000119966	0.3201486158	0.0000000002	0.0337442909	0.0108586633
0	0.1130003787	0.0000009186	0.0000000098	0.0373360512	0.3974970918	0.0144203907	0.2242617885	0.1761403657	0.0292826765	0.0080603286
0	0.0040471692	0.8797404983	0.0000159727	0.0248686693	0.0000000000	0.0001055305	0.0000000000	0.0000000999	0.0884365652	0.0027854949
0	0.0060299032	0.4940054909	0.0181059742	0.1269869054	0.0001379903	0.1651115628	0.0663490902	0.0111784732	0.0313563706	0.0807382393
0	0.4249539529	0.0163357844	0.0985667649	0.0177677435	0.0501640327	0.1840042794	0.2055349688	0.0000335927	0.0024101144	0.0002287664
0	0.0736185111	0.0000475772	0.0359591490	0.0000006464	0.6059171565	0.0162354284	0.0037561803	0.2286160499	0.0332560199	0.0025932814
0	0.0528574354	0.4175381572	0.0000000012	0.0119373288	0.1238784851	0.2269117446	0.1129848152	0.0000357495	0.0509670298	0.0028892531
0	0.2281086280	0.1141179981	0.0000000000	0.0001274567	0.0000014332	0.0888690219	0.0092022523	0.3478557112	0.2070321210	0.0046853775
0	0.6066032873	0.0304113669	0.0004498947	0.0196333626	0.0141761828	0.0002865981	0.0000067933	0.1105127190	0.1419085597	0.0760112357
