0	0.0014711255	0.0603717356	0.0821889203	0.0077870404	0.0127979627	0.2311562664	0.0001324231	0.0197816497	0.0020228456	0.5822900308
0	0.0688637447	0.0468858498	0.0084612668	0.0000000001	0.0000000084	0.1472089867	0.3028871777	0.0000000000	0.0817572863	0.3439356794
0	0.0074333418	0.0644588572	0.4045020424	0.0005172208	0.2163571107	0.0253192798	0.0994400008	0.1362338618	0.0456581690	0.0000801156
0	0.1501073415	0.0079377130	0.1925481853	0.0000051651	0.2561064319	0.1262152421	0.2003524071	0.0026421741	0.0582743477	0.0058109922
0	0.0002174592	0.4168504996	0.0687631431	0.0053857699	0.1074447639	0.2070458352	0.0430626753	0.0276857086	0.0979714594	0.0255726856
0	0.0003981168	0.3274239854	0.0952232232	0.0188600788	0.0582784104	0.2507566535	0.0997158871	0.0252016418	0.0669382471	0.0572037558
0	0.0000000023	0.0074923228	0.1609297410	0.0294970687	0.0020246879	0.6430944492	0.0845389831	0.0724144349	0.0000082277	0.0000000823
1	0.0049372643	0.0531066916	0.0113661852	0.0000011178	0.0166169843	0.0291791262	0.7184484163	0.0874365339	0.0330673866	0.0458402937
0	0.1963149110	0.4653501206	0.0169984320	0.0341980231	0.0387464347	0.1866628033	0.0371230386	0.0052996767	0.0002510610	0.0190554990
0	0.0001141621	0.0000000566	0.3409192858	0.0028757235	0.0063354382	0.6362347984	0.0000851396	0.0018835750	0.0111583401	0.0003934805
0	0.0029285437	0.2436184815	0.3746234076	0.0271717854	0.0244598911	0.0032538151	0.2773870263	0.0329650973	0.0007366491	0.0128553028
1	0.2645383715	0.0490633733	0.0523592375	0.0753790088	0.0010417714	0.2833036747	0.0911913901	0.1275265511	0.0120118955	0.0435847261
0	0.3545688961	0.2574771504	0.0442225582	0.0415510690	0.0000000000	0.0045355286	0.0380388684	0.1568564437	0.1008739947	0.0018754908
0	0.1194341727	0.1336908701	0.1887964529	0.0030705816	0.0000000106	0.1888414767	0.1559815018	0.1998536766	0.0004849205	0.0098463365
0	0.0000001161	0.1895785652	0.2787631454	0.0419880034	0.0235084739	0.0967721419	0.1032967238	0.0000009338	0.0342868625	0.2318050339
0	0.0000000000	0.0126050843	0.0002550719	0.0210659054	0.0234295549	0.3042927452	0.5968550690	0.0000024841	0.0317219113	0.0097721739
0	0.0080839976	0.0568967641	0.0857491257	0.0702348976	0.0291686262	0.4846958235	0.1588246601	0.0335813588	0.0057565713	0.0670081751
0	0.0000000000	0.0623657848	0.0858326251	0.2655686550	0.0982654976	0.2138078020	0.0000827050	0.0000935564	0.2477022275	0.0262811466
0	0.0432903941	0.0065428252	0.0122504011	0.0261817354	0.0952252812	0.5221221896	0.0074271192	0.0000000008	0.0116623399	0.2752977135
0	0.0170139093	0.0388061543	0.5867303861	0.0000042839	0.0054994529	0.2427510290	0.0491275787	0.0000000000	0.0341158392	0.0259513665
0	0.0147753722	0.0724667165	0.3890543574	0.0004798029	0.0000315024	0.0895942360	0.3911972773	0.0000096043	0.0420018910	0.0003892401
0	0.0376407707	0.0282117652	0.1585895075	0.0000000004	0.0002980263	0.5550824648	0.0642970327	0.0029442996	0.0785299329	0.0744061999
0	0.0000000000	0.6949013729	0.0829113097	0.0016159573	0.0003065521	0.1810811067	0.0029999123	0.0000000000	0.0297651123	0.0064186768
0	0.0000143851	0.3419099652	0.0046313925	0.1316304788	0.0698893861	0.0040791637	0.0405180879	0.0000000000	0.0356992167	0.3716279240
0	0.0009435259	0.0007666591	0.0574862730	0.3349207825	0.1801110442	0.2324379100	0.1767294935	0.0027241941	0.0000180526	0.0138620651
0	0.4392396270	0.3169665985	0.0155258147	0.0030320057	0.1426127030	0.0299708666	0.0029208337	0.0224668377	0.0272555549	0.0000091581
0	0.0536382549	0.0600638475	0.6288860539	0.0487202612	0.0969127801	0.0128783898	0.0277470061	0.0196516045	0.0487541826	0.0027476195
0	0.0004588942	0.3016713222	0.0474940743	0.0401737016	0.0484694047	0.4000519450	0.0856511340	0.0010513151	0.0000000000	0.0749782089
0	0.0845741472	0.0061849065	0.1186336142	0.0548018426	0.2183900021	0.0000261453	0.2372355073	0.0014293905	0.2770776894	0.0016467549
0	0.0138724530	0.3330203333	0.0955407734	0.0002776147	0.3234889258	0.1472715421	0.0029440595	0.0101966626	0.0694955790	0.0038920567
0	0.2424417441	0.1316766841	0.0040981733	0.0056893287	0.0021324478	0.0184852468	0.3902256711	0.0337050722	0.0555744065	0.1159712254
0	0.0000294942	0.0213746920	0.4913198987	0.0027804289	0.0289013684	0.1830353370	0.0149706224	0.0043572644	0.0378981528	0.2153327412
0	0.0026522261	0.0079123775	0.0679188476	0.0256847413	0.1346726520	0.0002044317	0.0002103633	0.0972383163	0.6473800864	0.0161259578
0	0.0660296773	0.1775921144	0.2619030847	0.2449187893	0.0656918078	0.0849641496	0.0629995340	0.0000820039	0.0031687869	0.0326500521
0	0.0442979300	0.0070251306	0.0646912275	0.0023632865	0.4343953817	0.2221940476	0.0000000000	0.1786725105	0.0288928077	0.0174676779
0	0.0015731463	0.0002227166	0.5861216092	0.0013045304	0.1890790906	0.0148768902	0.1391451876	0.0046570519	0.0000000000	0.0630197772
0	0.0322918453	0.0021529283	0.0486660670	0.0089974898	0.0118600163	0.2475544225	0.1879141453	0.0025448377	0.0005555204	0.4574627273
0	0.0150041794	0.3083096787	0.0178612637	0.0000000000	0.0070191374	0.0310031452	0.0037598354	0.0059292028	0.0379678025	0.5731457549
1	0.2900882975	0.0049070788	0.0011838083	0.0301201168	0.0478382136	0.1098121876	0.3127104890	0.0098500374	0.1365331105	0.0569566606
0	0.0264129788	0.0332679571	0.2207113678	0.0004614450	0.0037283675	0.3787221381	0.2465575894	0.0417729575	0.0094835633	0.0388816355
0	0.0035917502	0.0066456336	0.2956430200	0.2465595534	0.0103507836	0.0000388140	0.2062945972	0.0874142167	0.1434453984	0.0000162329
0	0.0189935753	0.1797564012	0.0142201843	0.0103441208	0.1290098003	0.0232134150	0.4237364332	0.1708883479	0.0261557081	0.0036820138
0	0.0125070524	0.1933592056	0.0052856851	0.0000000000	0.1599973676	0.1576273362	0.4153999000	0.0210643134	0.0347591396	0.0000000000
1	0.2586801341	0.0378866044	0.0000022736	0.1705906079	0.1259191478	0.0001871869	0.0010063067	0.0034108874	0.3974101235	0.0049067275
0	0.0507412503	0.3655389464	0.0000000000	0.0146047628	0.0010657077	0.0057884394	0.3695123514	0.0039980628	0.0000002812	0.1887501979
0	0.0076193552	0.4233208704	0.0001684791	0.0006689777	0.0000000000	0.0067987115	0.0755714702	0.0000374515	0.0084033832	0.4774113011
0	0.0454329036	0.1487412413	0.1378189517	0.0000000031	0.0507798637	0.0930922827	0.4765716838	0.0398162269	0.0000276301	0.0077192130
0	0.0250170759	0.0008190835	0.6965428847	0.0048792483	0.0016744483	0.1433957281	0.0499236610	0.0437161697	0.0155509146	0.0184807859
0	0.0000413438	0.0092457954	0.0067866903	0.1225372306	0.0001717852	0.2102343057	0.1265234252	0.0000000000	0.0262287229	0.4982307011
0	0.0032484174	0.0043137719	0.0064498680	0.0334045955	0.1233170539	0.7565141433	0.0489002045	0.0007513119	0.0075792257	0.0155214079
0	0.4229141597	0.0309860025	0.0915484711	0.0001218798	0.0049452245	0.0111891424	0.0027007241	0.0994062262	0.0002848807	0.3359032889
0	0.0540741706	0.0564467263	0.2336943749	0.0110362022	0.0000000000	0.1093083797	0.1106434602	0.4166703193	0.0074110663	0.0007153005
0	0.0220791897	0.0651808705	0.0561936361	0.0416407869	0.2377652327	0.3358919914	0.0993844604	0.0422892458	0.0926335769	0.0069410095
0	0.1555125750	0.0680071114	0.0349965527	0.0000000005	0.0001082213	0.0725912549	0.6528860638	0.0053283465	0.0002630655	0.0103068083
0	0.0478027571	0.1312911375	0.0574640350	0.0011549339	0.0204784525	0.6237390489	0.0099669170	0.0000000000	0.0471652306	0.0609374876
0	0.0001568750	0.0378506224	0.0384633164	0.0000053620	0.0116529265	0.8810633391	0.0049101111	0.0006183268	0.0231369520	0.0021421688
0	0.0147982268	0.2081765834	0.0088682324	0.4860153652	0.0000000000	0.0167482657	0.1048572082	0.1596978843	0.0000026542	0.0008355798
1	0.0000156835	0.0268778740	0.0344953811	0.0000965356	0.0481206745	0.3527329175	0.3762752645	0.0711308646	0.0067289304	0.0835258744
0	0.0790900429	0.0504840194	0.0003229737	0.0000012832	0.1300973925	0.0232607765	0.7137800452	0.0007329227	0.0001012031	0.0021293408
0	0.0000172132	0.1029906812	0.0101391193	0.0195455902	0.2816219468	0.3421569529	0.0088341418	0.1244327018	0.0000128220	0.1102488308
0	0.0622310038	0.0048473505	0.0247913955	0.0121895403	0.0011285360	0.4860940301	0.0160541293	0.0008210353	0.0635834708	0.3282595083
1	0.0032047571	0.6121899650	0.0206667559	0.0000000000	0.0000526044	0.0411057272	0.0262356378	0.0069788148	0.2284038892	0.0611618486
1	0.0026587113	0.2130133801	0.1034631688	0.0003968300	0.0000015580	0.6578912312	0.0005109586	0.0092545885	0.0009830414	0.0118265321
0	0.1681152204	0.0061198477	0.2917380349	0.0003922462	0.3682921042	0.0177413338	0.0916540316	0.0521355837	0.0000030681	0.0038085295
0	0.0785537731	0.5393213870	0.0260954061	0.1017493699	0.0210268020	0.0638654340	0.0109962565	0.0022579190	0.1526278158	0.0035058367
0	0.0916851733	0.0230157866	0.2073901810	0.0000008976	0.0000002166	0.0893438546	0.2798834768	0.1799017133	0.0697189806	0.0590597195
0	0.0089682879	0.0079275197	0.0000133544	0.0029410493	0.0248245819	0.0164662858	0.5522984342	0.0000012230	0.3841895638	0.0023697000
0	0.0059303525	0.0326763683	0.6728599850	0.0000655501	0.0278344654	0.0000000000	0.0134176641	0.2108451227	0.0078846844	0.0284858074
0	0.0002440849	0.0221877274	0.0537591756	0.0050517265	0.0040693691	0.0043396048	0.8581735988	0.0014169587	0.0073412688	0.0434164855
0	0.0092154219	0.1198678358	0.0640383129	0.0917188871	0.5979755800	0.0303523075	0.0102524659	0.0001254230	0.0286887282	0.0477650377
0	0.0263076271	0.0257440606	0.0000000072	0.0078735705	0.4856808974	0.0001334202	0.0153274220	0.0002563777	0.3234830294	0.1151935880
0	0.0014319526	0.3638845326	0.0547493655	0.0579341500	0.0257501288	0.0173029566	0.4608855993	0.0136439267	0.0043289315	0.0000884564
0	0.0001782463	0.0613561504	0.7474266331	0.0000863693	0.0385021381	0.0001559110	0.0042830367	0.0005254036	0.1474860180	0.0000000935
1	0.0001143947	0.0004605495	0.0904537998	0.0000000370	0.8307894298	0.0013211216	0.0099640435	0.0143184780	0.0447603369	0.0078178091
0	0.0008289373	0.0004692337	0.2824020733	0.0532813999	0.0002624931	0.4940553650	0.0108383869	0.0155997271	0.1258254140	0.0164369697
0	0.0128977986	0.0019047093	0.0796679135	0.0000160435	0.0024988979	0.0205512348	0.3471055647	0.2506433807	0.2585407207	0.0261737363
0	0.0015590945	0.0023456516	0.0003576269	0.0305912675	0.2639195691	0.1282088565	0.5431384638	0.0106376970	0.0000111306	0.0192306425
0	0.4680897472	0.0422967302	0.0590307893	0.0192632952	0.0230241170	0.0461633762	0.2422674522	0.0006705862	0.0432024793	0.0559914271
0	0.0211723679	0.0761819576	0.5011398371	0.0023053008	0.0286327718	0.0325038049	0.1728118439	0.0154756592	0.0333822707	0.1163941861
0	0.0011870371	0.0000263986	0.6316671607	0.1623106249	0.0000437311	0.0029891903	0.0062078895	0.0375098802	0.1457275639	0.0123305238
0	0.0321378082	0.0008943104	0.6253362693	0.0000064210	0.0062079983	0.0145255284	0.0687984574	0.1881450841	0.0000525382	0.0638955848
0	0.0037583084	0.9581037166	0.0000224231	0.0025187437	0.0004144381	0.0157501072	0.0096788290	0.0054986600	0.0020202841	0.0022344897
0	0.0000002541	0.0350550403	0.0000000000	0.0000081010	0.0000000000	0.4479810326	0.0222501891	0.0056715519	0.3603765946	0.1286572364
0	0.1770815572	0.0510623412	0.5949095665	0.0000000000	0.0076135917	0.0159902421	0.0027056480	0.0007073091	0.1469439043	0.0029858399
0	0.0084301366	0.5517275627	0.1111545443	0.0000000330	0.0695541111	0.0910568306	0.0378671694	0.0022694216	0.1275135805	0.0004266102
0	0.2527462831	0.1889022591	0.0008243482	0.0864167195	0.0000000000	0.3636875944	0.0082094977	0.0000107202	0.0000000000	0.0992025778
0	0.0547771345	0.0028333480	0.2636487587	0.0053606441	0.0914045287	0.2212446443	0.0675572203	0.2681415379	0.0001878948	0.0248442887
2	0.0042768446	0.0176939346	0.2407883693	0.0116473059	0.0003501019	0.3865329838	0.2250636627	0.0011691162	0.1107094030	0.0017682782
0	0.0162893718	0.5840834893	0.0050773465	0.0004488614	0.0277003849	0.0088073346	0.2919156585	0.0308124666	0.0151322373	0.0197328490
0	0.2341804745	0.0976501489	0.1282831297	0.0012710015	0.0154664396	0.1853097110	0.1181702358	0.0057733917	0.1407619167	0.0731335507
0	0.0355769254	0.0004961333	0.3525148333	0.0000000000	0.0670862384	0.0203026589	0.0008833057	0.3676536868	0.1552426250	0.0002435932
0	0.0847929789	0.0281814517	0.2217106601	0.0000000000	0.0368159222	0.5819094080	0.0149295126	0.0002074371	0.0260693873	0.0053832422
0	0.0000152402	0.1440320668	0.6546398378	0.0000000000	0.0131553406	0.1168672716	0.0006904171	0.0042788303	0.0057813875	0.0605396081
0	0.0000077033	0.0409005443	0.5277806239	0.0000000678	0.0000000020	0.0001414946	0.0139663066	0.0031366887	0.2835325911	0.1305339779
0	0.0058009145	0.2232917938	0.2048214358	0.0055840658	0.0347884883	0.1312351476	0.0909832107	0.2068517324	0.0543900436	0.0422531673
0	0.0002867438	0.0662740663	0.5085103142	0.0010102984	0.0101645636	0.0000005466	0.0002569313	0.0567477378	0.0040105599	0.3527382380
0	0.0361891386	0.0193953705	0.0127290367	0.0602853469	0.1505757916	0.0032993969	0.0998554788	0.6006906405	0.0099262857	0.0070535139
0	0.0494415535	0.0328167212	0.4262962742	0.0000113272	0.0001446734	0.1855793687	0.0820779979	0.2165956334	0.0067214418	0.0003150086
0	0.0024355496	0.2896848396	0.0344226431	0.0114108766	0.0811156559	0.2658249869	0.0932729860	0.2100884957	0.0028491109	0.0088948558
0	0.0026128364	0.0041857845	0.8801078609	0.0125848263	0.0009853303	0.0513657311	0.0205083959	0.0175032840	0.0095592486	0.0005867022
