0	0.0001101584	0.4056756905	0.0000000000	0.3144600487	0.2487857233	0.0000000003	0.0000797430	0.0000000000	0.0005727732	0.0303158627
0	0.0000000009	0.1023952841	0.0312619681	0.1314850526	0.0031033758	0.1660517197	0.0000000000	0.5434035394	0.0199598150	0.0023392446
0	0.0397514463	0.0000156766	0.0000000198	0.0006545400	0.0110054143	0.0012933322	0.0000001464	0.0010153081	0.9309336602	0.0153304562
0	0.5367099628	0.0006749532	0.0177349799	0.1549965994	0.0000238557	0.2236552211	0.0192234114	0.0053337010	0.0251449286	0.0165023870
0	0.0003228805	0.1108887457	0.0140583046	0.0027643971	0.0962365292	0.3009025835	0.0485876014	0.0121938544	0.0549018230	0.3591432805
1	0.0264906213	0.0491665275	0.1213345903	0.0153351757	0.6736016949	0.0245127329	0.0000000451	0.0409848203	0.0341936545	0.0143801376
0	0.0842510058	0.0600222419	0.0033071002	0.1455105771	0.3623857667	0.0059850314	0.2477939301	0.0082603148	0.0770860422	0.0053979898
2	0.0018253700	0.0288271638	0.0000000000	0.8885328177	0.0026976708	0.0450082590	0.0000016280	0.0000000000	0.0027671804	0.0303399104
0	0.0279941668	0.3162268979	0.0499873278	0.1960805891	0.3385232091	0.0000000004	0.0300802543	0.0261574437	0.0146836361	0.0002664748
0	0.0732065122	0.2221100166	0.1235673070	0.0037487094	0.4815286409	0.0039727753	0.0165776160	0.0751364429	0.0000654341	0.0000865456
0	0.0146190447	0.8799804321	0.0476515751	0.0030503516	0.0190594049	0.0096454946	0.0000077150	0.0044916179	0.0213771947	0.0001171694
0	0.2471918211	0.0162370732	0.0451929420	0.1631182511	0.0129384135	0.3285073363	0.0053276548	0.0422576529	0.1161883352	0.0230405197
0	0.0055877390	0.0115177970	0.0446817247	0.0000928459	0.4386997605	0.0925219286	0.0000000005	0.0000233420	0.4068748514	0.0000000103
0	0.1323226313	0.0089223783	0.0563304374	0.3434977186	0.0938680357	0.3168395448	0.0011161849	0.0167603613	0.0112759405	0.0190667672
0	0.0517690990	0.0145328738	0.0187825139	0.3539537385	0.0038639352	0.0000003920	0.0001297791	0.0062766243	0.0250953016	0.5255957424
0	0.3531372781	0.0151934028	0.0000058782	0.0258483813	0.2762304657	0.2204662620	0.0411253555	0.0247208935	0.0432714562	0.0000006267
0	0.0400537516	0.1671866854	0.0206775076	0.0696055861	0.2167003078	0.2363397581	0.1937111905	0.0444574623	0.0112634227	0.0000043280
0	0.0100555597	0.1041378817	0.0636142017	0.2184364011	0.1875594979	0.1093200940	0.0010613248	0.0000021589	0.3052697191	0.0005431612
0	0.0159524726	0.1877186420	0.5651881744	0.0144979443	0.1231552489	0.0054185517	0.0000000432	0.0322719983	0.0003716724	0.0554252522
0	0.1776343355	0.1373408572	0.0174822871	0.1308739735	0.0170816085	0.0495405187	0.0009938904	0.1761782755	0.2378973888	0.0549768649
0	0.3528223816	0.0283408747	0.0000900406	0.2005349442	0.0201925928	0.2093027454	0.0131558451	0.0473244121	0.1282361634	0.0000000000
1	0.0007850919	0.7117320936	0.0042039655	0.0298064502	0.1383018579	0.0028237142	0.0275989292	0.0042246062	0.0805174402	0.0000058513
0	0.0217723332	0.1114002074	0.0012341278	0.0804680540	0.3178388427	0.0143117868	0.0046869320	0.4260160636	0.0218065723	0.0004650800
0	0.0002049860	0.0127225462	0.0003622688	0.0313498318	0.0274068368	0.5510895094	0.1599933547	0.0162174599	0.2006531364	0.0000000700
0	0.0000000004	0.0246426039	0.0010772347	0.0498861947	0.2561917559	0.0051826015	0.6512364570	0.0011030274	0.0000000030	0.0106801213
0	0.1753584898	0.1211283489	0.0035280626	0.0505242312	0.0455832811	0.5475467563	0.0268906486	0.0141446315	0.0152448358	0.0000507142
0	0.0001806643	0.0070728842	0.0148449535	0.0271981758	0.0070934510	0.3135817835	0.0008884136	0.2026714571	0.2070532060	0.2194150111
0	0.0107410183	0.0314170522	0.2453587112	0.6014878802	0.0592041051	0.0000011381	0.0441310246	0.0006488728	0.0070101975	0.0000000000
0	0.0006832784	0.3717810458	0.1154572102	0.0515695251	0.0887350687	0.1254198602	0.0000000206	0.2435464152	0.0000005438	0.0028070319
0	0.3617933020	0.0010795103	0.0881051091	0.0181258272	0.0000001226	0.0025607169	0.2772847030	0.0086754681	0.0020020973	0.2403731434
0	0.2279622610	0.0208675004	0.0000000000	0.0055805424	0.1140852229	0.1534636443	0.0096575800	0.3756854105	0.0039592529	0.0887385856
0	0.0456379400	0.0250379369	0.3578287530	0.0000923780	0.0041420615	0.0834654639	0.0000000000	0.3786576137	0.0324338803	0.0727039726
0	0.0137910104	0.0016783845	0.0128465938	0.0673644911	0.0014707173	0.0000216713	0.1372682061	0.2581344660	0.0017326834	0.5056917762
1	0.0688153476	0.0448590403	0.2281035971	0.0089648822	0.0809686407	0.1697764088	0.0000000013	0.0115006583	0.3680693573	0.0189420664
0	0.0000000001	0.0218254115	0.3300750870	0.0232490803	0.0045296431	0.0002436427	0.0714041873	0.5064913339	0.0369786065	0.0052030076
1	0.0423577181	0.1477389604	0.2246959561	0.0020491632	0.2846425584	0.0017708153	0.0284194125	0.2564509181	0.0116154743	0.0002590236
1	0.1101605614	0.0799857995	0.0002976602	0.5896801610	0.0129558508	0.0000353134	0.0116931637	0.0000496241	0.1057540452	0.0893878209
0	0.0651864585	0.4536272741	0.0177174506	0.1704430467	0.0000015691	0.0182604176	0.0413410690	0.0008288889	0.2207951250	0.0117987003
0	0.0355460985	0.2967463232	0.0005571231	0.0000261133	0.0067371927	0.0025497597	0.0043475830	0.0009474957	0.0037930728	0.6487492380
0	0.2462250794	0.0710112741	0.0000000000	0.0000000000	0.3088258580	0.1030662703	0.2327059308	0.0000000010	0.0000000005	0.0381655859
0	0.1132789676	0.6314624236	0.0000000000	0.0000000000	0.1674492271	0.0082663458	0.0006423458	0.0007711633	0.0378050601	0.0403244668
1	0.0154242199	0.4112599524	0.0012329596	0.0401977222	0.0674121546	0.0517959270	0.1117049356	0.1012907805	0.1996813255	0.0000000228
0	0.0001328084	0.3808403027	0.0391600148	0.1071539468	0.1116391088	0.0000000000	0.0091825742	0.1107982022	0.2155102979	0.0255827443
1	0.0463729587	0.9198040080	0.0000530708	0.0003242153	0.0003751913	0.0036022349	0.0145882586	0.0015897092	0.0131407091	0.0001496442
0	0.0235628840	0.0537106270	0.0448291715	0.0121789890	0.0502809410	0.0110567614	0.0000000000	0.7609158113	0.0183539106	0.0251109041
0	0.0206998905	0.1704967976	0.0784166488	0.0000000570	0.0496271680	0.0224126587	0.5916583337	0.0004073631	0.0028059216	0.0634751610
0	0.0397066241	0.3166128995	0.0024830016	0.0742264282	0.5191393657	0.0000003194	0.0000997095	0.0433201043	0.0014037589	0.0030077889
0	0.1574379602	0.0050253305	0.0233626364	0.4385871812	0.0399832593	0.0011804105	0.2162129193	0.1123222676	0.0058880331	0.0000000018
0	0.3297479664	0.3117694746	0.0155179815	0.0000000136	0.3022784286	0.0041820334	0.0042541428	0.0000000162	0.0278353065	0.0044146363
0	0.0000049267	0.0000003037	0.0501690275	0.1139369819	0.6856833012	0.0001666305	0.0097719620	0.0170703448	0.1231706519	0.0000258698
0	0.0004536810	0.0678147273	0.1722246429	0.0211997284	0.0176443565	0.1193552055	0.1780588360	0.0674003427	0.0346899248	0.3211585550
0	0.0000000000	0.0005357361	0.3144513366	0.0063927480	0.0857942857	0.1907255165	0.3255897222	0.0765105960	0.0000000589	0.0000000000
0	0.0052602918	0.1793980304	0.5227540501	0.0252322349	0.2503698284	0.0009916305	0.0000000001	0.0010694004	0.0010668575	0.0138576759
0	0.0096013849	0.0210167751	0.0030004019	0.0354738593	0.0296152188	0.0131570606	0.0193504416	0.0025785878	0.8478497967	0.0183564733
0	0.0017786246	0.4977092419	0.0207106007	0.0015392565	0.2319636908	0.1229384704	0.0238587937	0.0268239013	0.0415761542	0.0311012659
0	0.1090657787	0.5583165302	0.0149455571	0.0101158300	0.0006275775	0.0043139958	0.2520931084	0.0000070989	0.0212825241	0.0292319993
0	0.0021305683	0.7376101553	0.0853793161	0.0214841726	0.0004529412	0.0687534981	0.0113118235	0.0009218057	0.0315274044	0.0404283147
0	0.0001644792	0.0849942483	0.1376817973	0.0935665935	0.2661577632	0.2093399584	0.0813672540	0.1235153021	0.0032126039	0.0000000000
0	0.2911873707	0.0581999726	0.0117812272	0.0839334280	0.0003524118	0.1214779762	0.0000000000	0.0913855489	0.3403684700	0.0013135946
0	0.0043357994	0.1899581333	0.0266219192	0.2390318427	0.4450562219	0.0311614335	0.0194428796	0.0000000055	0.0443888247	0.0000029402
1	0.5746548498	0.0571112286	0.0001072194	0.2721631760	0.0000205299	0.0000001825	0.0013843235	0.0895398780	0.0050186025	0.0000000098
0	0.0000000000	0.1313674134	0.0000000001	0.7182556520	0.0010923180	0.0001081688	0.0000000001	0.1182402201	0.0296868035	0.0012494240
0	0.0954831401	0.3711724025	0.0222094976	0.0528407275	0.0641358514	0.0293036306	0.0256062558	0.0135512102	0.2250541556	0.1006431287
0	0.3147494178	0.2260794682	0.0000000020	0.0154269447	0.1729385374	0.0004742639	0.0090413951	0.0653625611	0.0810245666	0.1149028432
0	0.0075652569	0.0000000136	0.0341879562	0.0005809759	0.2230844659	0.1041183420	0.3160372187	0.0208083653	0.2266192799	0.0669981255
0	0.0000000000	0.0377326997	0.2258662233	0.0221855890	0.0130177786	0.0127383808	0.0602135862	0.0995092122	0.5287365302	0.0000000000
0	0.0367970696	0.3979895759	0.0829487058	0.0096155386	0.0002099508	0.0000288097	0.0543327937	0.0002185060	0.4161461918	0.0017128581
0	0.1329986842	0.0261116345	0.0916709890	0.3109324628	0.3885433187	0.0263268523	0.0001614982	0.0055372871	0.0024692406	0.0152480326
0	0.1015481641	0.3183571369	0.1247960976	0.0104418853	0.1261963704	0.0500472112	0.0657198220	0.0140518684	0.1474812761	0.0413601681
0	0.1603093889	0.0026574107	0.2084923704	0.0014942077	0.0590233461	0.0452061951	0.0178018334	0.0081180239	0.1271188007	0.3697784230
0	0.0393770665	0.0009722265	0.0000000000	0.0752907633	0.1011895879	0.0000010516	0.0020096442	0.2806107503	0.0929910240	0.4075578858
0	0.0000003483	0.4934301860	0.0736015894	0.4284133321	0.0013855126	0.0000000042	0.0024910515	0.0000000000	0.0000000000	0.0006779761
0	0.0000083095	0.0265212206	0.1734603257	0.0000000288	0.0271838916	0.0000274504	0.3121599449	0.0156990326	0.4376443530	0.0072954429
0	0.0103503906	0.0746251647	0.0042872246	0.1580429037	0.0010653680	0.0242535820	0.0052810602	0.5015747700	0.2193153771	0.0012041592
0	0.0049618262	0.0654063578	0.0031158917	0.0152044328	0.4875444280	0.0122076871	0.2737270804	0.0004681147	0.0890274638	0.0483367176
0	0.0131007436	0.0224777020	0.1062632475	0.0509893675	0.4197483261	0.0288660040	0.0000000000	0.0079606792	0.3475617560	0.0030321740
0	0.1341895077	0.4136984893	0.0445637800	0.0000000000	0.1363508194	0.0000000575	0.0000000000	0.2592045704	0.0115512274	0.0004415483
0	0.0041040219	0.0000501052	0.0108528621	0.5983581991	0.1691773424	0.0491223868	0.0008230879	0.0760577706	0.0280723826	0.0633818413
0	0.1443900563	0.7731172391	0.0000511710	0.0024756419	0.0103241990	0.0007841025	0.0000047200	0.0001216054	0.0511242903	0.0176069746
0	0.0325305478	0.0012438810	0.0334710757	0.0032178641	0.5590662873	0.0851481409	0.2004970710	0.0000000000	0.0729304940	0.0118946382
0	0.0020698130	0.2104179484	0.0000213411	0.5080579246	0.1102367997	0.0174629838	0.1517247076	0.0000039475	0.0000045338	0.0000000005
0	0.0116880991	0.3359313166	0.0000202742	0.0340736627	0.2515955044	0.0255165186	0.2103328870	0.0826185609	0.0127073120	0.0355158644
0	0.0004275124	0.9736880800	0.0000420801	0.0047010133	0.0121503102	0.0012695375	0.0011201455	0.0000000000	0.0062902486	0.0003110724
0	0.0126980005	0.0729158128	0.0010889826	0.0680077328	0.2198362156	0.5848814728	0.0007032496	0.0000113479	0.0398571854	0.0000000000
0	0.0856550138	0.0000000531	0.1470131466	0.0000000000	0.0318081247	0.5416421722	0.0000000000	0.0000007889	0.0471145128	0.1467661879
1	0.0127304384	0.4662874348	0.0228052991	0.0000321627	0.4847014664	0.0051487303	0.0001011430	0.0009267958	0.0030310766	0.0042354527
0	0.1282432653	0.0017822604	0.0724439761	0.0000000450	0.0175490897	0.0002641293	0.4270138559	0.3520555479	0.0003872258	0.0002606045
0	0.0011462311	0.3416170116	0.2784038200	0.0107764559	0.1865485850	0.0681259870	0.0000000000	0.0000000064	0.0000000000	0.1133819030
0	0.3298249893	0.0025091698	0.5264558314	0.0021679154	0.0651575514	0.0039579182	0.0161353607	0.0379868355	0.0156163732	0.0001880550
0	0.1213101244	0.0921979887	0.0097073003	0.4403670018	0.0250118521	0.1459660551	0.0000000000	0.0152002095	0.1448054574	0.0054340107
0	0.4548718530	0.1212222606	0.1359683011	0.0600274706	0.0000018325	0.0000000000	0.0000000000	0.0106731216	0.2040979472	0.0131372135
0	0.1222793859	0.2593070706	0.3399480652	0.0000180392	0.1029368662	0.0000007726	0.0054742197	0.1116344478	0.0000116076	0.0583895253
0	0.0878296548	0.5333035920	0.0000000888	0.0000193606	0.1379087990	0.0069007158	0.0064502384	0.2022027448	0.0253766335	0.0000081723
0	0.0530826494	0.0000941733	0.0042707796	0.6379596508	0.1755588696	0.0522218503	0.0121067919	0.0619011136	0.0014715371	0.0013325845
0	0.6189032947	0.2689052234	0.0066801262	0.0039163478	0.0175398364	0.0003943249	0.0430705761	0.0124476895	0.0281425545	0.0000000266
0	0.0000000000	0.4315208492	0.0345834328	0.2248010432	0.0162134808	0.0191701290	0.0004886749	0.0489788631	0.1820891208	0.0421544064
0	0.0292779009	0.3609219735	0.0000601977	0.0295716047	0.0062297256	0.2140074465	0.1132043142	0.0972577205	0.0411337039	0.1083354125
1	0.0286097553	0.3674242238	0.0000000000	0.0966588971	0.4584383156	0.0033813095	0.0000000000	0.0089378797	0.0365214247	0.0000281942
0	0.0020422526	0.6126574208	0.0014340409	0.1169242932	0.0895812003	0.0207424216	0.0001120515	0.0775359781	0.0692585495	0.0097117916
0	0.0261149742	0.0017759657	0.0109282796	0.0407764223	0.0156849944	0.0395634351	0.0014574894	0.0258687592	0.8378281977	0.0000014824
