0	0.0442984323	0.0242676783	0.3642824226	0.0349715163	0.0730603536	0.1039108978	0.0000000000	0.2923775787	0.0208242985	0.0420068220
1	0.1433210297	0.0661331718	0.0170716519	0.0801558234	0.0038300511	0.0573486029	0.0000918053	0.5258286658	0.0933991970	0.0128200010
0	0.0057891419	0.0104920461	0.0121828663	0.0871819626	0.2021354091	0.0942242183	0.1486433406	0.3412087442	0.0716341783	0.0265080926
0	0.0080778041	0.0039111368	0.0000000000	0.0400576631	0.0293801759	0.4184146348	0.0007397760	0.4215212794	0.0778742660	0.0000232640
0	0.0270945434	0.0711695567	0.0000008636	0.0071202549	0.0015277740	0.5775122104	0.0378465517	0.2708532876	0.0000000064	0.0068749512
0	0.2839603970	0.4701268701	0.0004822617	0.0548644124	0.0395597196	0.1170875821	0.0012393786	0.0255540073	0.0004630624	0.0066623087
0	0.0292736177	0.1756253758	0.0008257982	0.0005518255	0.2415585815	0.2931545212	0.0728173669	0.1139846941	0.0122699434	0.0599382755
0	0.0000872806	0.0031077703	0.0802669401	0.0023137553	0.2690983457	0.1293389097	0.0816700618	0.0825069244	0.1589802843	0.1926297279
0	0.0041556610	0.5615387538	0.0000000840	0.0061103543	0.0861825487	0.0937434048	0.0677871338	0.1294437829	0.0336306775	0.0174075991
0	0.0113718492	0.0228949229	0.0054937394	0.0240594155	0.1951081454	0.0718463295	0.0000657728	0.0979281111	0.0751637125	0.4960680017
0	0.0491949455	0.1723919824	0.0009040874	0.0000000487	0.0205924627	0.2364674121	0.0246608686	0.0243143237	0.0600954583	0.4113784106
0	0.0009369810	0.4391577983	0.1571903073	0.0063581284	0.1639691602	0.0059388925	0.0211411704	0.1697772114	0.0029134877	0.0326168628
0	0.0291898763	0.1302299479	0.0384754936	0.0168670382	0.0091067257	0.1887571582	0.0106767349	0.4669296354	0.1038860816	0.0058813082
0	0.0001053489	0.0002454731	0.0556452399	0.0000000431	0.0894110103	0.0870448627	0.5436333619	0.1102466221	0.0105346496	0.1031333884
0	0.0260730423	0.0393286542	0.4325517737	0.1672307144	0.0401852637	0.0000942008	0.0000001231	0.0154707675	0.2043645940	0.0747008663
0	0.0000000485	0.0157510179	0.0000000000	0.1696638580	0.0000000000	0.7551087630	0.0518803690	0.0058138933	0.0010292541	0.0007527962
1	0.0813672001	0.1488352766	0.0179472814	0.0204679222	0.0033161931	0.0287187312	0.0010991135	0.1922578175	0.2910032829	0.2149871816
0	0.0058752634	0.1400169499	0.0394038649	0.0390571099	0.0000163779	0.0128396255	0.0323984363	0.0899200516	0.4422517117	0.1982206089
1	0.2362455436	0.2004387736	0.0010493001	0.0047283104	0.0398697116	0.1627153925	0.0030162872	0.0141826228	0.0018447849	0.3359092734
0	0.1218052461	0.2462598976	0.0000002591	0.0172889800	0.3691008888	0.0004956961	0.0350957662	0.0344056918	0.0004868281	0.1750607463
0	0.0000000001	0.0016833795	0.0000000004	0.0000002888	0.1120215902	0.2821411561	0.0000000000	0.3548412072	0.2389298410	0.0103825367
0	0.0000001451	0.0921797606	0.0121398367	0.0029826252	0.0021690909	0.1976460077	0.0000000181	0.4196249619	0.2101226350	0.0631349189
0	0.0384253362	0.0717124021	0.0000000150	0.0070715074	0.0025256245	0.1365034552	0.2281968004	0.1414629212	0.0188148372	0.3552871008
0	0.0044215039	0.0161131086	0.0000000000	0.0099914362	0.0000000000	0.7947470354	0.0009409918	0.0055196341	0.1575946854	0.0106716044
0	0.0001575741	0.0237551852	0.0133406982	0.0000000000	0.8093593549	0.0234976180	0.0097755400	0.0063263515	0.0863773764	0.0274103015
0	0.0002301344	0.0193706577	0.0154213736	0.0097808465	0.0589644715	0.5800743788	0.0278416909	0.1909302194	0.0612728069	0.0361134203
0	0.0008754250	0.0000350063	0.0070766033	0.0000067580	0.0998159633	0.0002283207	0.0005496554	0.6060137748	0.0076634771	0.2777350160
0	0.0029010601	0.8152051755	0.0000009558	0.0000000084	0.0406281435	0.0850506119	0.0031668673	0.0001699471	0.0000075131	0.0528697174
0	0.0031779539	0.2084933640	0.0144096080	0.0007686812	0.0175283411	0.0282112799	0.0058812078	0.1257431479	0.3506491719	0.2451372444
0	0.0667942958	0.8601760537	0.0002586307	0.0000000000	0.0056152471	0.0044420037	0.0377788197	0.0096646137	0.0069546255	0.0083157100
0	0.2965723240	0.1227941610	0.1367667059	0.0052962476	0.0001264347	0.0636965902	0.1847613924	0.1136147853	0.0089655555	0.0674058032
0	0.0102264183	0.0014052802	0.0031373904	0.0000000000	0.0041077967	0.3405415040	0.0000028659	0.0000000000	0.0506472040	0.5899315406
0	0.0995350427	0.0299152191	0.0000991787	0.0020891654	0.1059880725	0.0000000344	0.0868064209	0.4572364023	0.0686952824	0.1496351815
0	0.0048884679	0.0070367207	0.1311200818	0.2570841452	0.2316955839	0.1129333773	0.0875038534	0.0020276677	0.0270004540	0.1387096482
0	0.0074780281	0.0980236171	0.1744775936	0.0001098581	0.0355035891	0.1745041159	0.0390466570	0.1939443220	0.2744722213	0.0024399978
0	0.0000255463	0.2035671980	0.0017030308	0.0617630307	0.2031955231	0.2446286283	0.0000295242	0.0016427055	0.2536718856	0.0297729275
0	0.0034363586	0.0019491617	0.0081416857	0.0237447580	0.0001111727	0.3730217992	0.1925409095	0.2456029296	0.1475104787	0.0039407462
0	0.0318743204	0.3207759700	0.0119644539	0.0150697392	0.0239044562	0.0409378465	0.0353507450	0.3161047088	0.0486214651	0.1553962950
0	0.2221645085	0.0246413198	0.0007656949	0.0000000089	0.1822859639	0.0004747153	0.0000165611	0.0201551661	0.2514700984	0.2980259631
0	0.0081014008	0.0633146800	0.0067070689	0.0119357623	0.0765388785	0.0486361560	0.0489159727	0.6980278386	0.0003551076	0.0374671347
0	0.0563088714	0.1651024273	0.0069194378	0.0309434060	0.5178734132	0.0000875890	0.0167519618	0.1437880220	0.0449276553	0.0172972160
0	0.0472025322	0.0000756809	0.0664912349	0.0000052612	0.0419482343	0.5563449991	0.0002331243	0.0187089850	0.2657056052	0.0032843428
0	0.0152282648	0.0157442127	0.0016829753	0.0744161050	0.1788481169	0.0063208033	0.0165824805	0.4900355868	0.2011414536	0.0000000011
0	0.0000977152	0.3252646049	0.0242695451	0.2014056469	0.1277566892	0.0075754241	0.0039638669	0.2352692179	0.0009450913	0.0734521985
0	0.0244324856	0.1673863099	0.0013699327	0.1384752007	0.2866198759	0.0404283263	0.0133537247	0.1969084689	0.0583456782	0.0726799971
0	0.0243105923	0.0167906194	0.0353698064	0.0014737691	0.5016308140	0.3575068434	0.0001028720	0.0214047700	0.0076396465	0.0337702668
0	0.0686308874	0.2749156588	0.0000000000	0.0422477380	0.3651997188	0.0725968231	0.0311944043	0.1435719001	0.0002290534	0.0014138161
0	0.0017845270	0.0165680585	0.0002131652	0.0645786951	0.0134130266	0.0491628658	0.0131755403	0.8294703866	0.0028288031	0.0088049319
0	0.0719842540	0.0530181713	0.0000000087	0.0007278575	0.0103173055	0.0081458342	0.0132382563	0.6723891299	0.1002147101	0.0699644726
0	0.0042001856	0.0309272266	0.0000639369	0.1895552004	0.0124063595	0.0376023018	0.0064444166	0.3525308645	0.1620704585	0.2041990495
0	0.0079624889	0.5249500609	0.2281928841	0.0728665586	0.0065260911	0.0009777896	0.0000000000	0.0102746281	0.1455839717	0.0026655270
0	0.0635126247	0.3510160184	0.0001877364	0.0015082571	0.0015226732	0.1861902838	0.1098870762	0.0403066598	0.0725054478	0.1733632226
0	0.0004213120	0.0092126658	0.1225830486	0.0330186684	0.6175791122	0.0635733320	0.0690388828	0.0538225968	0.0295643186	0.0011860627
0	0.0000000000	0.2547280827	0.0143038721	0.0037582357	0.0716350167	0.0929780088	0.0176433892	0.0191371340	0.5255205931	0.0002956677
0	0.0000062834	0.0962158669	0.0496541708	0.0009432800	0.2343785880	0.1521135437	0.0034164220	0.4625553790	0.0003112539	0.0004052123
0	0.0000000000	0.0542928773	0.1032270739	0.0671610465	0.1663783221	0.1348033170	0.0407080699	0.1405846436	0.1227801839	0.1700644659
0	0.0003882874	0.1200587943	0.4193223239	0.0116025887	0.2129879719	0.0377403103	0.0035900894	0.0137459967	0.0002943060	0.1802693315
0	0.0000074061	0.1138415214	0.0028329513	0.0254358858	0.0113509999	0.0008543178	0.6470262384	0.0385831751	0.0307845561	0.1292829479
0	0.0222704217	0.1780876841	0.0328659659	0.0081401706	0.0043166585	0.5490821493	0.0017436842	0.0933881786	0.0024621917	0.1076428954
0	0.1810430147	0.0014765481	0.0188511559	0.0027487763	0.0157269625	0.2950858381	0.1070964041	0.3273245249	0.0175145520	0.0331322234
0	0.0000020561	0.0004815449	0.0000027350	0.0000013644	0.0552695679	0.4131897401	0.0009710591	0.4981170940	0.0115225531	0.0204422854
1	0.0223122477	0.3785593109	0.0151504060	0.0092364408	0.1389280502	0.0125423155	0.0569764924	0.3434184243	0.0022991102	0.0205772021
0	0.0000000184	0.1650451811	0.2105493061	0.0357249109	0.0126064730	0.0997442363	0.3273967545	0.1467102841	0.0022228356	0.0000000000
0	0.0001325983	0.1858213990	0.0010871765	0.0002207324	0.0796907050	0.0855669637	0.4679913930	0.1052902505	0.0000039916	0.0741947901
0	0.0000734926	0.0075756822	0.0156797638	0.0143169569	0.0366387634	0.0426415960	0.1612027636	0.0092748304	0.7125557235	0.0000404276
0	0.0002004664	0.0066909668	0.0468613773	0.2019214326	0.0218177212	0.1399387365	0.1631046323	0.1995164227	0.0556953671	0.1642528772
2	0.0558207480	0.2053064665	0.0631359482	0.0540819645	0.0000250394	0.4248487466	0.0000442174	0.0203799164	0.1721115657	0.0042453874
0	0.0002165219	0.5456797228	0.1078420981	0.0000000000	0.0000000000	0.0000000015	0.0000260970	0.2605958679	0.0000000190	0.0856396717
0	0.0010851347	0.1169156074	0.0372502463	0.5772016651	0.0826274627	0.0000071931	0.0002445497	0.0000003661	0.0066640110	0.1780037639
0	0.0875368656	0.4624273222	0.0016179532	0.0000000000	0.3515553076	0.0000000674	0.0000001921	0.0000000708	0.0968622211	0.0000000002
0	0.0000000000	0.1273465762	0.4404579184	0.0008842851	0.0003906836	0.0008669911	0.0192305594	0.0097201313	0.1885525418	0.2125503131
0	0.0360917541	0.0132165593	0.1442375990	0.0922742079	0.0155213055	0.1102293097	0.1547912396	0.3401587200	0.0014975594	0.0919817455
0	0.0501301011	0.2501493673	0.0331834599	0.0054610735	0.0000137676	0.0608383133	0.0136306746	0.0168992934	0.4881704994	0.0815234498
0	0.0000701402	0.0875250913	0.0695351752	0.1410650623	0.0000392761	0.0888194955	0.5693762235	0.0000002894	0.0047632585	0.0388059882
0	0.0000000481	0.0219733803	0.0057057435	0.0692917168	0.0010318911	0.0100918426	0.0032838282	0.0242023538	0.1091941350	0.7552250605
0	0.1305150730	0.1560458762	0.0013078330	0.1140195870	0.0162104364	0.1614530340	0.0034201962	0.0409517353	0.3760762289	0.0000000000
0	0.0038853814	0.2080024928	0.1949419037	0.0203563853	0.1619439588	0.0000000184	0.0001774523	0.0684410429	0.3073259224	0.0349254419
0	0.0102996348	0.1943150980	0.0129089867	0.0004819180	0.2157653497	0.0498159048	0.0000000000	0.0709204634	0.0347498497	0.4107427949
0	0.0675474466	0.2744931799	0.2488396442	0.0101063203	0.0035872485	0.0489597876	0.0000007313	0.1809739800	0.1626072751	0.0028843865
0	0.1982565305	0.0014834560	0.0547284784	0.0000111048	0.0013674483	0.7000047444	0.0130315497	0.0240791390	0.0070375490	0.0000000000
0	0.1700479595	0.1376305172	0.1874420816	0.0436664466	0.0000196233	0.1675868589	0.0000000569	0.0385761935	0.1486553147	0.1063749477
0	0.0005135936	0.5355751988	0.0976223330	0.0175198151	0.0000700969	0.0002099131	0.0012211369	0.1786186122	0.1641775253	0.0044717752
1	0.4896169475	0.1839673140	0.0001752044	0.0040475050	0.0112036824	0.2118255776	0.0377833216	0.0008743929	0.0026284858	0.0578775689
0	0.0956069336	0.0200296318	0.0000063144	0.0000000000	0.0976650045	0.4034108775	0.0813975949	0.0005124558	0.0000000001	0.3013711874
0	0.0119924574	0.0220875907	0.0202655048	0.0003820955	0.0000164400	0.0001268121	0.0003729793	0.0136525688	0.0182049381	0.9128986133
1	0.0337814174	0.2406500499	0.1753789380	0.0343726926	0.0721240393	0.0202859865	0.0000000000	0.0211217041	0.1466622334	0.2556229388
0	0.0024973585	0.0920190618	0.0175719514	0.0078487203	0.2066029739	0.0101558869	0.0177707845	0.1864177822	0.4590602906	0.0000551899
0	0.0099477382	0.1668795808	0.0020025610	0.0283936784	0.0000000000	0.3281274802	0.0000228633	0.2021515595	0.1666495766	0.0958249619
0	0.1189692441	0.2406730402	0.1345075098	0.0069470263	0.1573908382	0.2395208534	0.0000068356	0.0049554482	0.0338314249	0.0631977792
0	0.0064043962	0.0384452916	0.0218315362	0.1484129296	0.4588226374	0.0576869046	0.0000962331	0.0681360353	0.1444600145	0.0557040215
0	0.0078785428	0.1716613614	0.0000000000	0.0172205747	0.0001690183	0.8012158207	0.0000000000	0.0000000002	0.0018501065	0.0000045754
0	0.0000000001	0.3287060841	0.0174390327	0.0003083767	0.0323006449	0.0005555763	0.2511196055	0.2992499594	0.0304129037	0.0399078166
0	0.0021298931	0.8865470702	0.0004158724	0.0000000000	0.0020317596	0.0236672857	0.0003060895	0.0376529153	0.0370650685	0.0101840457
0	0.0018046249	0.0391774686	0.0052360243	0.0658032994	0.6486018327	0.0277796634	0.0445660758	0.0240853496	0.0062156465	0.1367300148
1	0.0563525347	0.0106383002	0.0000115706	0.2881462643	0.0000000000	0.0866681152	0.0000000000	0.1725924121	0.3845301000	0.0010607029
0	0.0061839149	0.4852658107	0.2665120122	0.0701575236	0.0000767073	0.0267167578	0.0377441910	0.0060266969	0.0826716701	0.0186447156
0	0.3619741561	0.0252586493	0.1134895503	0.0430428352	0.0874651881	0.0436046756	0.0000026458	0.2230720987	0.0288567416	0.0732334593
0	0.0272612516	0.1480964896	0.0479550679	0.2040164781	0.0220462487	0.0414375980	0.1402819897	0.2150143208	0.1446266180	0.0092639376
0	0.1087110228	0.1611763038	0.0350764110	0.0101914352	0.2462783264	0.1324224461	0.0013529027	0.2664989305	0.0382543877	0.0000378338
0	0.0000000412	0.8087556183	0.0561578825	0.0401291679	0.0000036488	0.0828786109	0.0015354479	0.0105395824	0.0000000000	0.0000000000
