0	0.0103834193	0.0010779722	0.0000000000	0.1418662378	0.0050842908	0.0590464828	0.2634344566	0.0050717231	0.0163580516	0.4976773658
0	0.0036089439	0.0883459513	0.1537662878	0.0019877054	0.5490776428	0.1572982853	0.0021455520	0.0000000014	0.0032345501	0.0405350799
0	0.2544979860	0.1237494371	0.0013743482	0.2264581124	0.1176790324	0.0198069317	0.2452018630	0.0007325923	0.0098406617	0.0006590351
0	0.0525812691	0.0408076741	0.0692677435	0.1304936976	0.0165671177	0.1298425871	0.0957204069	0.0752195931	0.0003552816	0.3891446293
0	0.0022333053	0.0444338433	0.0002111104	0.0299416630	0.6172638680	0.0272392095	0.2487367720	0.0003582834	0.0295819451	0.0000000000
0	0.0141265344	0.2106233096	0.0000002137	0.3939152921	0.0080085985	0.0740441542	0.0598326568	0.0000210585	0.0838861716	0.1555420108
0	0.7371130680	0.0223920171	0.0000000000	0.0005613434	0.0000498633	0.1004748456	0.0317642697	0.0041784977	0.0060941185	0.0973719767
0	0.0020808735	0.0103591158	0.0000000011	0.0579950062	0.5524298772	0.1587799922	0.2005826145	0.0021715960	0.0000000000	0.0156009236
0	0.0201431917	0.5409758695	0.0302715026	0.0645134198	0.0333798248	0.0837033211	0.1393504074	0.0647913047	0.0064216363	0.0164495222
0	0.3046906163	0.2740488877	0.0273755843	0.0000000000	0.0000000000	0.1315529579	0.1863624774	0.0171233063	0.0087265470	0.0501196231
1	0.0087809865	0.2923994097	0.0122470764	0.0206995437	0.5896156747	0.0138302336	0.0000328446	0.0469574187	0.0000000000	0.0154368120
0	0.0014007656	0.0704718776	0.0079140249	0.1344319216	0.0583328213	0.1277341189	0.0549427746	0.0001596548	0.0008099167	0.5438021240
0	0.0036968275	0.0145114820	0.0110299456	0.1063487961	0.0352306182	0.0040674668	0.6120757734	0.0554472356	0.1203253301	0.0372665248
0	0.0018590581	0.0093324489	0.0012897745	0.0946333567	0.0060325625	0.1955968877	0.1753929978	0.3714047584	0.0265545624	0.1179035928
0	0.0023013597	0.0918774789	0.0044179732	0.0004723324	0.0101967819	0.2386766107	0.5565032632	0.0000084927	0.0011891113	0.0943565961
0	0.0011890370	0.0050600314	0.0001165499	0.7457354355	0.0258487528	0.0876271478	0.0725248839	0.0000000000	0.0004446240	0.0614535377
0	0.0029130533	0.0106396119	0.0000000000	0.0765509513	0.0564809480	0.0000084004	0.8245866281	0.0003109761	0.0279970088	0.0005124220
0	0.0000000000	0.0681986640	0.0216271679	0.0000148172	0.4631348563	0.1810104268	0.1926373438	0.0010335662	0.0565762290	0.0157669289
0	0.0413908871	0.0045814743	0.0000000000	0.0193602618	0.0383067088	0.3348871202	0.3082369144	0.0138650211	0.1512908664	0.0880807458
0	0.0808909618	0.0007251624	0.0026753014	0.0263432332	0.3572088855	0.0048953665	0.2674800121	0.0595360531	0.0196498462	0.1805951779
0	0.0048303224	0.0720945072	0.0118313343	0.2331351218	0.3551192044	0.1072936606	0.1708733331	0.0311397576	0.0029816324	0.0107011261
0	0.0000034809	0.2323619844	0.0000721397	0.0643747842	0.0052915402	0.3189839225	0.0383051374	0.1308087708	0.0000000000	0.2097982400
2	0.0026567448	0.3849172891	0.0003594213	0.0471711718	0.0065983128	0.1550534933	0.3107844656	0.0804753301	0.0059282320	0.0060555393
0	0.3670794540	0.0183902329	0.0726838322	0.1768961325	0.0005313094	0.1333096175	0.0043848681	0.1714145760	0.0084001428	0.0469098345
0	0.0141915801	0.0000000025	0.0014580794	0.9501258125	0.0000000000	0.0231678891	0.0045250697	0.0000000000	0.0011451587	0.0053864079
0	0.0764894488	0.0036768914	0.0560004798	0.1244911612	0.0467422051	0.0960379484	0.5294096181	0.0567977308	0.0004243897	0.0099301266
0	0.0000001223	0.0407489483	0.0000000000	0.2442221070	0.0002932687	0.0849734053	0.4625203675	0.0018555707	0.1439360176	0.0214501924
0	0.0101161076	0.0007063317	0.0536597916	0.1358346927	0.5283716098	0.0119389499	0.0000000001	0.0000000000	0.0222098285	0.2371626882
0	0.0075845809	0.3069773774	0.0191282620	0.0066623579	0.0000047393	0.2454823933	0.0050774575	0.0833415108	0.0019364187	0.3238049022
0	0.0264647701	0.0897693559	0.0065814383	0.1714009654	0.0000000021	0.0953262304	0.5410739592	0.0693598826	0.0000000296	0.0000233664
0	0.3803244734	0.3569795708	0.0034090115	0.0412591043	0.0190443798	0.0236787913	0.0793523672	0.0841111715	0.0118391411	0.0000019892
0	0.0237833287	0.0039761257	0.1966778732	0.1379419118	0.1215148057	0.1224938814	0.0008338540	0.1631804261	0.0000997481	0.2294980454
0	0.1260788119	0.0250531439	0.0016198999	0.1577878641	0.0026589729	0.0320896144	0.4277948722	0.0485350832	0.0007555975	0.1776261401
0	0.0218690488	0.1543600751	0.0003904359	0.6151159712	0.0116797668	0.0349469664	0.0313151653	0.0676819522	0.0494290461	0.0132115721
0	0.0343772667	0.1137922410	0.0613984045	0.4324731494	0.0923715530	0.0019444482	0.1504769981	0.0358702072	0.0772954821	0.0000002497
0	0.0013935294	0.6471631531	0.0076145648	0.1324145221	0.0167803311	0.0004992136	0.0164739363	0.0000029516	0.0000235917	0.1776342062
0	0.0278759000	0.3468743116	0.0004103799	0.2029091519	0.1353229892	0.0035645151	0.0062348349	0.2691482270	0.0014636265	0.0061960639
0	0.0321736380	0.4246116659	0.0522641824	0.4007306188	0.0008605846	0.0046990723	0.0561693909	0.0000239042	0.0140520821	0.0144148607
0	0.0425803397	0.3014720464	0.0000200060	0.0092815743	0.0896736264	0.0106530810	0.3304348868	0.0393225417	0.0000028862	0.1765590114
0	0.0000129396	0.0000007483	0.0837766687	0.0460705885	0.0283228285	0.5593785909	0.0030228424	0.0000000000	0.1770569913	0.1023578017
0	0.0121291334	0.0032881821	0.0141472010	0.0861818816	0.0413297908	0.4143281121	0.0031003401	0.0135726701	0.1504190072	0.2615036817
0	0.0702405398	0.0431160675	0.0094881758	0.4615159688	0.3912288779	0.0001560760	0.0120434198	0.0000049012	0.0005514751	0.0116544980
0	0.0198446249	0.0000338266	0.0432572617	0.0363188239	0.1491995824	0.0803891249	0.1608355098	0.0447707855	0.0170871654	0.4482632948
1	0.0131654435	0.0001146042	0.0009445750	0.0000010122	0.0748116769	0.0845189772	0.1890970013	0.0000000000	0.2775106377	0.3598360720
0	0.3091506140	0.3514261710	0.0000000000	0.0323960439	0.1730621514	0.0001951773	0.0342474049	0.0107717686	0.0000559181	0.0886947510
0	0.0189200632	0.0087434384	0.0037819727	0.1168046891	0.0004352708	0.5096573039	0.1941127470	0.0017688621	0.0310121753	0.1147634776
0	0.0412557812	0.0220694900	0.0384133580	0.5247882557	0.0237678179	0.0219676580	0.0013108876	0.1382438478	0.0206044069	0.1675784969
0	0.0958201390	0.0372977405	0.0583498333	0.0028403200	0.0791743664	0.6957116510	0.0232411375	0.0053859812	0.0008178457	0.0013609854
0	0.0169276151	0.0201807188	0.0082994768	0.0158638745	0.2286107336	0.5275599238	0.0725542979	0.0031627698	0.0314672388	0.0753733510
0	0.2065569290	0.1302072422	0.0072678696	0.0160781317	0.0469528379	0.0174906548	0.0001387220	0.3762001366	0.0852058928	0.1139015835
0	0.1280997628	0.2594084937	0.0000000000	0.0904314010	0.1578514365	0.1645610406	0.0052535989	0.0774228871	0.0257031224	0.0912682571
0	0.0026957045	0.0000048355	0.0476253087	0.0824050722	0.0504901765	0.6455448608	0.0889661529	0.0000189206	0.0000724637	0.0821765047
0	0.0113361861	0.7602555029	0.0017761518	0.1209417901	0.0105153514	0.0102822484	0.0625645289	0.0000460158	0.0179554547	0.0043267699
0	0.0262087108	0.0945138668	0.0667008615	0.0008155161	0.0208632868	0.0037925935	0.3282062750	0.0607054410	0.0526590944	0.3455343542
0	0.0147368906	0.0587497721	0.3916609542	0.0345684749	0.0000000026	0.0971416058	0.0400826225	0.0000000000	0.1277639295	0.2352957478
0	0.0117273735	0.2447470887	0.0000000000	0.0141679759	0.0141034229	0.1685720300	0.4703048499	0.0011413163	0.0000878331	0.0751481097
0	0.1103664395	0.0292036857	0.3158961022	0.0006227465	0.0046907230	0.0252326376	0.4692317940	0.0007361475	0.0084535652	0.0355661588
0	0.1482277022	0.0639098111	0.0152345761	0.1174413918	0.0328126455	0.1219823327	0.2235155683	0.1553516857	0.0001796504	0.1213446363
0	0.0030596976	0.1814617173	0.0085185763	0.4343308100	0.0399052406	0.0537153335	0.1582590068	0.1026826886	0.0092176420	0.0088492871
0	0.0060194966	0.0200935063	0.0006902826	0.1393890627	0.7923177353	0.0036565841	0.0098525474	0.0090654046	0.0000000000	0.0189153802
0	0.0063281133	0.4543695561	0.0000000000	0.0140780574	0.2308759728	0.0000000000	0.1434385111	0.0220492151	0.0547226442	0.0741379299
1	0.0000000018	0.1055920658	0.0000561133	0.0603006635	0.0436928022	0.1491090943	0.0464988752	0.2049825984	0.0656020090	0.3241657766
0	0.1314829229	0.0338619776	0.0658238511	0.1533345756	0.1503653100	0.4324641436	0.0112938279	0.0001414691	0.0011764370	0.0200554853
0	0.0002110304	0.0745598866	0.3057535600	0.0009666248	0.0222644948	0.2615427943	0.0000007082	0.0051183176	0.0000532669	0.3295293163
0	0.0556234284	0.1033118012	0.1439034263	0.2130777952	0.0207408081	0.1858586491	0.0000000000	0.0035399545	0.1242597027	0.1496844345
0	0.0565942845	0.0618413037	0.0205599538	0.0205771399	0.0004785790	0.0571955109	0.4225713570	0.0070081671	0.0173778171	0.3357958871
0	0.0897981516	0.4525536908	0.0699488952	0.0062846669	0.0326398353	0.0001275354	0.0257180660	0.0002042772	0.0277462705	0.2949786111
0	0.0008315763	0.0085639621	0.0000010151	0.4998750286	0.0175401189	0.0774950137	0.1292323068	0.0969715473	0.1592018681	0.0102875633
0	0.0501830620	0.5233539148	0.0122631449	0.0702275691	0.0436756144	0.1427592129	0.0000527698	0.1260137285	0.0311281065	0.0003428772
0	0.0000000001	0.0503648553	0.0017690464	0.0005827089	0.5356964307	0.0545196641	0.2233171083	0.0314731308	0.1022596603	0.0000173952
0	0.3243347752	0.0211116295	0.0000001560	0.1260887103	0.1950588459	0.3148616299	0.0128269487	0.0032857737	0.0000166295	0.0024149014
0	0.0000000000	0.3047328697	0.0026297951	0.0594879285	0.3768609856	0.0464951010	0.0635226233	0.0000341703	0.0356682825	0.1105682438
0	0.0437053860	0.0061039273	0.1626417310	0.0762528782	0.0006229732	0.3465327030	0.1180707100	0.0000007269	0.1967720240	0.0492969405
0	0.0000024467	0.0167691112	0.0080797749	0.2133317102	0.0480618355	0.3904360665	0.1899388868	0.0013845820	0.0000035174	0.1319920688
0	0.0115429245	0.0000000005	0.0522091325	0.2584877376	0.0584967807	0.1082617962	0.0488899464	0.2798178161	0.0143926736	0.1679011919
0	0.0631474738	0.0017311575	0.0000036408	0.0341210791	0.0002792474	0.4989884630	0.3386402145	0.0409977858	0.0043312285	0.0177597096
0	0.0020647488	0.0635923878	0.0520525623	0.0156711432	0.5073577798	0.0158484612	0.2086514528	0.0015319390	0.0016269372	0.1316025878
0	0.0082710136	0.0504757337	0.0000035010	0.0455568523	0.0000321656	0.5204396910	0.0749902521	0.0000001177	0.0593090639	0.2409216092
0	0.0079090928	0.0000810805	0.0000015593	0.0003637178	0.0083578858	0.4354483437	0.3549396570	0.0641753431	0.0011067781	0.1276165420
0	0.0000022313	0.0803073669	0.0000831391	0.0067807835	0.0027925284	0.3147776222	0.0665055568	0.1958738366	0.0000000000	0.3328769351
0	0.0094245494	0.0038407262	0.0949887713	0.0168619576	0.4200775730	0.0722279744	0.1203342763	0.2179908953	0.0135179286	0.0307353479
1	0.0112167935	0.1190263656	0.0000000012	0.0577916604	0.0266037649	0.1685548114	0.1537784115	0.0019899371	0.0000000000	0.4610382544
1	0.1822153491	0.2500369486	0.0129448839	0.2947523125	0.0144105147	0.0283697166	0.0743661687	0.0044040830	0.1079535915	0.0305464315
0	0.0096880923	0.0063076807	0.0000597166	0.0668556610	0.0000000000	0.0054432936	0.4519056884	0.2665695031	0.0135026303	0.1796677339
1	0.0016966518	0.6104196353	0.0059819144	0.1092096079	0.0133851576	0.0001377741	0.0344537133	0.0071934338	0.1197534924	0.0977686194
0	0.2993086601	0.0824343559	0.0000000000	0.0304573478	0.1289381212	0.3598709612	0.0827921290	0.0146277486	0.0006747442	0.0008959320
0	0.0015923954	0.6629683780	0.0184818318	0.1353155792	0.0100844278	0.0084637247	0.1432429430	0.0197982902	0.0000002131	0.0000522168
0	0.0343878528	0.2296716746	0.0060377259	0.3617491742	0.0880725902	0.0115355208	0.2300136167	0.0000252217	0.0280810636	0.0104255596
1	0.0331310244	0.5388988105	0.0000295638	0.0170924803	0.0001840428	0.0800513580	0.0223344230	0.0068551520	0.0286030153	0.2728201299
0	0.0000010670	0.2172103838	0.0049220329	0.0237918654	0.0004225751	0.3153323612	0.1505783625	0.2416001231	0.0003988094	0.0457424197
1	0.0061993656	0.3277045895	0.0000000000	0.0620068921	0.0618592904	0.2100434494	0.0268394946	0.1556190563	0.0019114240	0.1478164381
0	0.0014212983	0.4141421061	0.1030274844	0.2667161563	0.0086648329	0.0470833282	0.0198800932	0.0000000845	0.0002398244	0.1388247916
0	0.0017558228	0.2908617898	0.0000001851	0.3600185888	0.1461075429	0.0481693309	0.1121475064	0.0000188956	0.0398339988	0.0010863390
0	0.1919429890	0.0000000000	0.0614737066	0.1605387967	0.0002368417	0.0079738017	0.0319845880	0.0000021203	0.0066630809	0.5391840752
0	0.0292909474	0.0025350684	0.0000001919	0.1279970261	0.0000008660	0.0000002450	0.8045087131	0.0000000000	0.0117820190	0.0238849231
0	0.0396116119	0.0245262691	0.0000698542	0.4149331526	0.1173221314	0.0522390016	0.0636221407	0.0277026551	0.0000000000	0.2599731836
0	0.0126308420	0.0062487362	0.0076115666	0.0159693442	0.0031476022	0.0766131577	0.6477834110	0.0651915290	0.1474428110	0.0173610002
0	0.3810258990	0.0509680324	0.0000003567	0.4287274809	0.0027993114	0.0620434014	0.0038811228	0.0135926867	0.0118247073	0.0451370015
0	0.0110867034	0.0000590968	0.0111262953	0.5111814486	0.0065088518	0.0158073088	0.0315087559	0.0270142151	0.3542473300	0.0314599942
0	0.0063273868	0.0045412465	0.0157139870	0.1020086044	0.1091870147	0.2063359512	0.0876025092	0.0105381477	0.4425833093	0.0151618431
