0	0.3270424335	0.0038974699	0.0000503979	0.0018697828	0.0253904836	0.0000311420	0.5138243395	0.1265839296	0.0013041664	0.0000058548
1	0.0000000000	0.0974034748	0.4899840705	0.0000000000	0.0111744295	0.0659033599	0.0006304638	0.2614143481	0.0109731581	0.0625166954
1	0.0000000000	0.0227781617	0.1236441204	0.0005665783	0.5907566530	0.0577092268	0.0000000000	0.0027696545	0.0338157958	0.1679598095
1	0.0000000000	0.0627121052	0.0001284397	0.0745374287	0.0015173530	0.4765374305	0.0018807229	0.0429688923	0.0092625440	0.3304550838
0	0.0117843550	0.0949821071	0.1478356090	0.1454411183	0.1148280417	0.0000000055	0.2208935229	0.0178306518	0.1060210414	0.1403835473
0	0.1511304506	0.0000008320	0.0000537318	0.1225434267	0.0131139468	0.0000526485	0.6852896153	0.0000016231	0.0267430462	0.0010706790
0	0.0071051136	0.2188472344	0.0000000000	0.2398114766	0.0001362181	0.0061814993	0.0956016617	0.0167541310	0.1720863205	0.2434763448
0	0.0688821502	0.0384983022	0.0180073080	0.0407023221	0.0950695738	0.4693743530	0.0188878764	0.0205633211	0.0027147156	0.2273000777
1	0.0000000000	0.0079909800	0.0053377628	0.0364620215	0.0057352280	0.0356810187	0.0000000089	0.0473100843	0.8551403135	0.0063425823
0	0.0952933380	0.0000000072	0.0000002471	0.0010368211	0.1973213713	0.1768358653	0.0000000000	0.0000585284	0.0106408735	0.5188129482
0	0.4055377958	0.0002032968	0.0224401634	0.0006036064	0.0001591559	0.0287820641	0.0226573015	0.2981588343	0.0513131152	0.1701446666
0	0.0378024194	0.0697642354	0.3471205112	0.0440564484	0.0772160426	0.0000000000	0.0046094732	0.0000000000	0.3955984936	0.0238323761
0	0.0164733287	0.0184082969	0.5742461185	0.0581837699	0.0176825179	0.0150503883	0.0000001435	0.0007999392	0.0106711466	0.2884843504
0	0.1366680057	0.0023754664	0.0135177852	0.0393600405	0.0057864989	0.0789128591	0.0423311945	0.0724354996	0.4444655461	0.1641471039
0	0.0158270955	0.0000000000	0.2572843272	0.0574367257	0.1798572145	0.0516115568	0.0001378279	0.4377502280	0.0000950244	0.0000000000
0	0.0117092116	0.0000205593	0.0013107852	0.0792896386	0.0572215411	0.1872649167	0.0502089511	0.0008557897	0.0000000025	0.6121186041
0	0.0847903563	0.0006289523	0.0042141661	0.0808069693	0.0201108430	0.0057838561	0.0010976625	0.0283241375	0.0377563121	0.7364867448
0	0.0102038982	0.0036505762	0.1554604635	0.3764717279	0.0005441033	0.1602983517	0.0000000126	0.1832383792	0.1101324874	0.0000000000
0	0.0000000002	0.0566324974	0.0720861225	0.7715896183	0.0002305932	0.0804448123	0.0000648921	0.0039451091	0.0089947071	0.0060116476
0	0.0072506906	0.0479712246	0.0321973094	0.1224577748	0.0003798854	0.0000403114	0.0009212280	0.0088304893	0.7612889235	0.0186621631
0	0.0066122372	0.0759785357	0.0000330468	0.0535477507	0.4589045082	0.0476343951	0.0000000008	0.2509608875	0.0738208426	0.0325077953
1	0.0221058893	0.0500466036	0.0106984029	0.0001032275	0.0000000789	0.4141934238	0.0414035458	0.0645958072	0.1131824090	0.2836706120
0	0.0104710355	0.0000606861	0.0316913280	0.0000000000	0.0000001023	0.0000586736	0.2139507189	0.6775845877	0.0004907899	0.0656920779
0	0.0000158301	0.0018390834	0.0000000000	0.0298184459	0.8768771083	0.0116738519	0.0029567096	0.0000001501	0.0044248340	0.0723939867
0	0.0000199275	0.2093671141	0.0018498183	0.3557904478	0.0007878165	0.0458651830	0.0599169955	0.0000004606	0.0002800126	0.3261222241
0	0.0000000000	0.0842224647	0.1663494245	0.0948881658	0.1958668064	0.0535749958	0.3430810658	0.0064238135	0.0276426346	0.0279506291
0	0.0000073971	0.0000002133	0.0166330684	0.1258729347	0.0277780500	0.0141656069	0.0000021902	0.0705329333	0.5787212741	0.1662863320
0	0.2443612654	0.1175956611	0.1030732593	0.0886874189	0.0001346218	0.0862812446	0.0384958451	0.0493265221	0.0749435980	0.1971005637
0	0.1011263751	0.0267913142	0.3698167970	0.0083365879	0.0098414455	0.0116767804	0.0025529394	0.1676804956	0.0670702026	0.2351070624
0	0.0009554163	0.1323872588	0.2970995632	0.2143664813	0.0568528914	0.0857402046	0.0492701413	0.0000000000	0.1633280431	0.0000000000
0	0.0000000000	0.7270362454	0.0057261907	0.0129440395	0.0503472595	0.0000463783	0.0089405032	0.0081500330	0.1772960100	0.0095133403
0	0.0000025694	0.0297504149	0.0001867601	0.2039882126	0.0000728798	0.1844257333	0.1869506561	0.0239124873	0.1014754916	0.2692347949
0	0.0000731794	0.0000000000	0.0033794830	0.0000613248	0.0000001806	0.8053976580	0.0157318356	0.0000000003	0.1554058039	0.0199505343
0	0.0170145575	0.0372949895	0.0000042997	0.0000000000	0.0000066016	0.2913332783	0.1471178578	0.0683959589	0.4378368348	0.0009956219
0	0.0000414538	0.3523010746	0.3279583686	0.0430942357	0.2039479776	0.0172554451	0.0041753084	0.0000000000	0.0000217093	0.0512044271
0	0.1427281034	0.0060530719	0.0000110951	0.3025757306	0.5004532704	0.0103097834	0.0003426636	0.0157984810	0.0111530197	0.0105747809
0	0.0000036163	0.1380748734	0.1190732360	0.5311491730	0.0001304651	0.0955042283	0.0002698629	0.0036126687	0.0445928416	0.0675890346
0	0.0124134397	0.0031350946	0.2690956978	0.0381430685	0.0964104588	0.0205926819	0.0000197499	0.1701077818	0.1966455590	0.1934364679
0	0.0960454457	0.0637954763	0.0000000215	0.6496437862	0.0002041917	0.0051670098	0.0092348417	0.0445932164	0.1313160094	0.0000000011
0	0.6769875260	0.0000000207	0.0005382751	0.0725089480	0.0000364904	0.0006809079	0.0008048926	0.1249954561	0.1233795996	0.0000678835
1	0.0000000000	0.0404112676	0.2122249824	0.0000000000	0.0692100815	0.0360449797	0.0000000000	0.0691969593	0.5549910755	0.0179206539
0	0.0228337390	0.0000000000	0.0183315405	0.8568073493	0.0260832721	0.0182261166	0.0000000000	0.0000000000	0.0000010375	0.0577169449
0	0.0000113669	0.0024704404	0.3512388553	0.0000170858	0.1313292629	0.0494555631	0.0120555555	0.0324259045	0.0598950072	0.3611009584
0	0.0339874185	0.0218029622	0.0000003895	0.0000194840	0.3085519075	0.0160433274	0.0000000000	0.0333071944	0.4767023994	0.1095849172
0	0.1708856523	0.0000000001	0.0591213256	0.0063932003	0.1977620454	0.0079949994	0.2722082007	0.0534207915	0.0059632823	0.2262505024
0	0.0000995552	0.0000317987	0.3426248788	0.3881012670	0.0226887919	0.0061085503	0.0355157516	0.0012286676	0.0125146253	0.1910861138
0	0.0228138177	0.0000300091	0.2955925476	0.0240172965	0.3794231406	0.0795440547	0.0012754973	0.0120979845	0.1315703844	0.0536352677
1	0.0000000000	0.0591462264	0.0530227609	0.0005692635	0.0000000001	0.0002263594	0.0601734515	0.4452974272	0.1109595990	0.2706049119
0	0.1566166105	0.0000112187	0.0000000766	0.0001187532	0.1158898568	0.0000000000	0.0145405483	0.0033818323	0.3919350676	0.3175060361
0	0.0041659339	0.0013195012	0.0021339640	0.5244649947	0.4507109579	0.0013092157	0.0000150259	0.0096045837	0.0000000030	0.0062758202
1	0.0003576057	0.0734141426	0.2943455082	0.0000003464	0.3362861798	0.0296309272	0.1628465596	0.0000000008	0.1031187294	0.0000000003
0	0.0045937777	0.2434693662	0.1350730657	0.0076450212	0.0000520906	0.0094284168	0.1318477430	0.0042352960	0.4401637494	0.0234914731
1	0.0000000000	0.1084436299	0.3141614406	0.0319455840	0.0000000000	0.1293266927	0.0000000000	0.4066215093	0.0026186169	0.0068825266
0	0.0000671594	0.0120534503	0.0161281528	0.0016664318	0.0000000000	0.1073752870	0.1501625032	0.0000000000	0.3004090313	0.4121379840
0	0.1235748766	0.0267350880	0.0544154092	0.4302415601	0.0016819605	0.2885411504	0.0188117662	0.0309928248	0.0250053643	0.0000000000
0	0.0049140212	0.0000090226	0.2100326734	0.0865092680	0.0765547937	0.0000064257	0.2265425954	0.0000000031	0.0633156460	0.3321155510
0	0.0000000000	0.2498424356	0.0822291238	0.0726195622	0.0117520875	0.4090895397	0.0944765678	0.0009196289	0.0789530484	0.0001180062
1	0.0000000000	0.3804811272	0.2992196636	0.0034414231	0.0007553508	0.0000471018	0.0110472797	0.0197183451	0.0142004209	0.2710892878
0	0.1265101612	0.0393856893	0.0681262436	0.0247030112	0.4459722751	0.0000000000	0.2563186946	0.0000000119	0.0002953460	0.0386885670
0	0.0306646869	0.1024079140	0.0078831139	0.0220169628	0.5002574861	0.0045453833	0.0066798696	0.0218560475	0.0000590937	0.3036294422
0	0.0089321939	0.0215523754	0.0057452076	0.0514741906	0.0238672406	0.0093428202	0.0021437063	0.0000000012	0.8760010761	0.0009411882
0	0.0000689105	0.0003504676	0.0001835289	0.9298442227	0.0000407888	0.0310930712	0.0001663120	0.0155725422	0.0079557759	0.0147243801
0	0.0680152866	0.0033935587	0.0052722602	0.2785281314	0.0078876329	0.0847965854	0.0002498201	0.0001604867	0.1397976555	0.4118985826
2	0.0000000000	0.0137561613	0.0521595340	0.0027352358	0.0014740242	0.0075304910	0.0001444870	0.9184638326	0.0025522601	0.0011839740
0	0.0323191923	0.0003388185	0.4911861581	0.0653421419	0.0506086041	0.0102958484	0.0417479258	0.1845483750	0.0120388100	0.1115741257
0	0.3078232727	0.0000033735	0.0437128001	0.0945959223	0.0742602088	0.0000000190	0.0470251980	0.1392773551	0.0658195923	0.2274822582
0	0.0810408187	0.2856317893	0.0000000071	0.0030898694	0.0040646670	0.2278571466	0.0040408766	0.1320850786	0.0433672867	0.2188224599
0	0.0000000000	0.0230649754	0.0183091202	0.5795324258	0.1326993056	0.1136586134	0.0027154205	0.0983980624	0.0316145913	0.0000074855
0	0.0094826152	0.0137502738	0.4096847758	0.2379754419	0.0383308467	0.0000000000	0.0672117446	0.1182381104	0.1051181604	0.0002080312
0	0.0000000000	0.0070973571	0.0597565008	0.1682958469	0.0661325767	0.0075435710	0.0343331554	0.0714567738	0.5777737351	0.0076104833
1	0.0000000000	0.0617555543	0.0668494765	0.0000000001	0.0000000000	0.2895727581	0.1631692590	0.2700353823	0.0051531959	0.1434643737
0	0.1071941779	0.0388846747	0.1068929504	0.2494153682	0.0722380705	0.0053349167	0.4129210535	0.0000000000	0.0065714024	0.0005473858
0	0.0000199741	0.0055590569	0.0781677691	0.0658447331	0.2136339118	0.0012339196	0.0037333064	0.1514209398	0.4695769502	0.0108094390
0	0.0040350206	0.7065044709	0.0186144599	0.1245961829	0.0030333271	0.0382384489	0.0609931436	0.0102424544	0.0321021644	0.0016403273
0	0.0042354759	0.2389010772	0.0656542285	0.2812863958	0.1175591247	0.0000111668	0.0292314505	0.0000000000	0.1918783886	0.0712426920
0	0.0653255878	0.0189624024	0.0001129901	0.1812981748	0.4114878893	0.0004123595	0.0001376726	0.0012273392	0.0711188764	0.2499167078
0	0.0339799549	0.0001140414	0.4429916579	0.2924855602	0.0477798433	0.0160794849	0.1134819518	0.0000000000	0.0289564206	0.0241310851
1	0.0000000000	0.0413081605	0.4182886502	0.0098493854	0.0061059166	0.0674121021	0.0189179680	0.2254435139	0.0056019022	0.2070724011
0	0.3475502319	0.0064362896	0.0000000000	0.0000227236	0.0302452849	0.0025824709	0.0354053347	0.0338733105	0.2721749561	0.2717093978
0	0.2108088120	0.1302582411	0.0014346584	0.0766957186	0.3204778873	0.1461346790	0.0000000000	0.0228402922	0.0891847698	0.0021649418
0	0.2673710962	0.0164133164	0.0000116416	0.1773502978	0.0000004613	0.1854160921	0.0135792537	0.0023646417	0.3372377488	0.0002554503
0	0.0000236083	0.2858534197	0.0814374651	0.0326103941	0.0018147716	0.0004824317	0.2059604443	0.0809034374	0.0053767134	0.3055373144
0	0.0046447294	0.0000000000	0.0167051521	0.0205534830	0.0003284929	0.0487527095	0.0124643783	0.0000000059	0.4878063417	0.4087447072
0	0.0577855366	0.0049721527	0.0000109958	0.1029587338	0.0030406088	0.0011681749	0.0043079411	0.0493009055	0.4200601982	0.3563947526
0	0.0001020629	0.0013810428	0.0000006696	0.0526452139	0.0034236645	0.3404894154	0.0000000000	0.0193604509	0.0058684692	0.5767290107
0	0.0239280484	0.2576556593	0.0002471688	0.5471765738	0.0364873004	0.0022691658	0.0000000000	0.0000000000	0.1319180136	0.0003180698
1	0.0000000004	0.0740708871	0.0000000000	0.0797436472	0.0062845687	0.0188225303	0.1843145665	0.3625084361	0.2508542689	0.0234010947
0	0.0000030354	0.3762321286	0.0180137971	0.1441040967	0.0005198700	0.0018183744	0.0423924605	0.0000875257	0.4156565222	0.0011721894
0	0.0000192536	0.0000003881	0.0069393972	0.0210885741	0.0239944823	0.0036501401	0.1308751435	0.0848539596	0.0276904147	0.7008882468
0	0.0000000000	0.0037489759	0.0011070901	0.8732730978	0.0629348145	0.0000311747	0.0015930524	0.0000000107	0.0031114266	0.0542003572
0	0.0005852843	0.0004518038	0.0056497973	0.0677899156	0.3729977555	0.1319101035	0.0000007487	0.3246831373	0.0954029986	0.0005284554
0	0.0876126275	0.0013298695	0.1541503611	0.0383003900	0.0403298419	0.1728093922	0.0394725553	0.0391231682	0.1751626592	0.2517091351
0	0.0000000118	0.0051097276	0.0000075813	0.3721274442	0.0154352486	0.1104256585	0.0000990020	0.0382486866	0.4307777268	0.0277689128
0	0.0004279087	0.1449683060	0.0173646043	0.0206076685	0.0294839164	0.0352100394	0.0829267441	0.0850907031	0.5829540765	0.0009660330
1	0.0000000000	0.2755578972	0.0355667267	0.0000384045	0.0362087856	0.2809047073	0.0036226058	0.0481618188	0.3032505004	0.0166885537
0	0.0092625908	0.0075085721	0.2232417011	0.2775271591	0.0050868712	0.0370003404	0.0145612872	0.0102071948	0.4147386463	0.0008656370
0	0.1890981191	0.0000000013	0.1044386137	0.3432463753	0.0090824282	0.0000007586	0.0272485722	0.0286336076	0.0003277749	0.2979237493
0	0.0408178085	0.0000017483	0.0084664184	0.0000873824	0.0000725688	0.0000000000	0.0000704826	0.0000518870	0.1095323956	0.8408993084
0	0.0025653459	0.0000000000	0.0730908621	0.0285646951	0.5026977533	0.1539458067	0.0002261437	0.0808578393	0.0613769401	0.0966746139
0	0.7081276597	0.0047051683	0.0000000000	0.0549623769	0.1533194965	0.0423854453	0.0000000000	0.0000000000	0.0019675074	0.0345323459
