0	0.0084190845	0.0214132040	0.0020811243	0.0663879719	0.0000005113	0.1092919925	0.0002360988	0.7598738949	0.0322955692	0.0000005485
0	0.0000599103	0.0058737122	0.6267447969	0.0000001508	0.0000023593	0.0322568288	0.0000169844	0.0905079251	0.0349513087	0.2095860235
0	0.0032234978	0.0237138206	0.0725090907	0.1643060074	0.0000000000	0.2611730760	0.0746890064	0.2304172235	0.0007359652	0.1692323124
0	0.0297540114	0.1066345662	0.0691684595	0.0000000000	0.0002046793	0.0034144368	0.4249161480	0.3563935890	0.0094499271	0.0000641828
0	0.1300349619	0.0000006908	0.3665261475	0.0371216829	0.1675785637	0.0304477007	0.0010263717	0.2048412063	0.0189247553	0.0434979193
0	0.0003567179	0.6133838199	0.1131415819	0.0219922283	0.0597688818	0.1397438269	0.0265137490	0.0169450578	0.0081541365	0.0000000000
0	0.0049807527	0.1613022452	0.3350640055	0.0003219101	0.0795491838	0.0190344468	0.0034189187	0.1882971942	0.2080274347	0.0000039084
0	0.1444749344	0.0097997699	0.0303315263	0.0300816613	0.0154641815	0.3306487941	0.0026909935	0.0430080079	0.3920694721	0.0014306590
0	0.0037173377	0.0058993331	0.1397720792	0.8183912851	0.0000000000	0.0268987326	0.0042130488	0.0000000004	0.0000000027	0.0011081805
0	0.0340100372	0.0000107841	0.0265669335	0.1288469231	0.1160175723	0.6244797571	0.0476264601	0.0000329473	0.0004727319	0.0219358534
0	0.0000001496	0.0733286494	0.0313714714	0.0735586134	0.0261989737	0.0593346987	0.1020136573	0.5704808383	0.0375958564	0.0261170919
0	0.1073502635	0.1282309739	0.0000007133	0.3435328573	0.0682291766	0.1090676659	0.0012293927	0.0000001370	0.2423586562	0.0000001637
0	0.0004161957	0.0004710614	0.0555971284	0.0351723216	0.4352204444	0.1127160552	0.2835811905	0.0561698750	0.0000656820	0.0205900457
0	0.0423098725	0.0957781769	0.0995241187	0.0479669144	0.0171319251	0.0171957888	0.0444356032	0.2909662291	0.2304699738	0.1142213975
0	0.0334045861	0.3068807211	0.0005494932	0.0000048450	0.0530028150	0.0436930511	0.0554705289	0.2118604745	0.1496335749	0.1454999099
2	0.0000000000	0.0000011574	0.0016677432	0.0003322812	0.0004991212	0.0000000000	0.0000000000	0.9694692454	0.0279098412	0.0001206104
0	0.3038080727	0.0537465797	0.4155464568	0.0402834501	0.0436043885	0.0465085259	0.0000000000	0.0042900340	0.0349337734	0.0572787189
0	0.0099987372	0.0161983943	0.1580307487	0.1699918586	0.0195474778	0.0157757666	0.0038802916	0.6056326187	0.0003635732	0.0005805333
0	0.0347863125	0.5111188156	0.0637457725	0.1468749306	0.0001492995	0.1667546155	0.0052976797	0.0694254099	0.0018428666	0.0000042976
0	0.0244300386	0.8450520890	0.0784050467	0.0019555812	0.0000030284	0.0044795979	0.0032050004	0.0013481553	0.0409325886	0.0001888739
0	0.0045952269	0.5199474412	0.2717775059	0.0000158554	0.0002468760	0.0651191619	0.0435399347	0.0103545318	0.0762871626	0.0081163035
0	0.0518839821	0.0000722235	0.0818529133	0.0963518277	0.0000003069	0.0953523305	0.0000000000	0.4668991268	0.0232031606	0.1843841285
0	0.0791285827	0.0457847477	0.0043384062	0.0000000262	0.0136162156	0.7695945419	0.0000000000	0.0000726434	0.0874643628	0.0000004734
0	0.0440318971	0.0132819140	0.0003920907	0.0407641866	0.0069467848	0.0436106799	0.0000000000	0.7627034288	0.0870482617	0.0012207565
0	0.0000798641	0.0171578869	0.0032169414	0.0000000001	0.0012520367	0.0555496032	0.0074589517	0.8817775461	0.0331923608	0.0003148090
0	0.0000000000	0.8598619059	0.0259796105	0.0019235798	0.0172318477	0.0683516880	0.0099423435	0.0079880814	0.0087177139	0.0000032294
0	0.0001397677	0.0122528848	0.0005748039	0.0928198750	0.1370992615	0.2841514892	0.0144173881	0.2520390082	0.2065055217	0.0000000000
0	0.0079117069	0.0032611739	0.0602391846	0.2746554494	0.0011016580	0.5446022652	0.0179478778	0.0004089534	0.0894356469	0.0004360840
0	0.1505009934	0.0510463935	0.0682753274	0.0152002679	0.0034375717	0.6169845575	0.0046534836	0.0003260207	0.0895753760	0.0000000084
1	0.0000000000	0.0187775881	0.0354167556	0.1545782201	0.1705318283	0.0339422973	0.0000000000	0.0427070644	0.5405829201	0.0034633262
0	0.0814974436	0.1156169258	0.0053995733	0.0018900969	0.0116951696	0.1235230658	0.0143991392	0.1863945529	0.4568462303	0.0027378027
0	0.0000099054	0.4515955775	0.0688878929	0.0002643558	0.0002125823	0.1031478581	0.1161658264	0.0831476527	0.0013847297	0.1751836194
0	0.0126057742	0.0051782809	0.0274327138	0.0088095984	0.0049181656	0.8121982105	0.0000000288	0.0020908738	0.0749188608	0.0518474932
0	0.0927700117	0.0660156223	0.0842644113	0.2172872258	0.0374109985	0.0095067384	0.3423914570	0.0000065354	0.0717836807	0.0785633189
0	0.1278174335	0.6708599491	0.0267820759	0.0159622622	0.0186728183	0.0032637405	0.0169175400	0.0815191048	0.0340556235	0.0041494523
0	0.0053408631	0.0000001589	0.3949462259	0.0173771203	0.0007936426	0.0046854926	0.0000000000	0.3952475000	0.0185346922	0.1630743045
0	0.0021780460	0.3149913280	0.0000007860	0.0306653454	0.0219307535	0.2260698633	0.0615194550	0.0919514686	0.2277900026	0.0229029516
0	0.0295073976	0.0727809348	0.0198401449	0.0000166897	0.0197647274	0.4118722282	0.2203526645	0.0244475211	0.0266942632	0.1747234286
0	0.0000010691	0.0436465186	0.0027332295	0.0000016376	0.0124845996	0.8157184058	0.0008247754	0.0171925548	0.1070590320	0.0003381778
0	0.0000162417	0.2437445576	0.2730530889	0.3638773475	0.0000000000	0.0002109719	0.0001693513	0.0750526827	0.0131455970	0.0307301613
0	0.1108720640	0.3957737652	0.1162349288	0.0000039039	0.0001252468	0.2749171292	0.0198660016	0.0012897867	0.0455747916	0.0353423822
0	0.0798357366	0.0239111602	0.0057199485	0.0029284883	0.0291009578	0.0981435698	0.0469098955	0.0861311609	0.6273190825	0.0000000000
0	0.0000004854	0.0008823174	0.3803933629	0.0578572526	0.0018577543	0.4622525568	0.0087671963	0.0021540010	0.0858350730	0.0000000004
0	0.0000000000	0.0000000000	0.1812545699	0.0000000179	0.0379864248	0.0752039485	0.0010662303	0.5940114259	0.1104771869	0.0000001957
0	0.5118099284	0.0126897916	0.0501937592	0.0388388893	0.1998647032	0.0000272236	0.0001806294	0.0000005514	0.0082096055	0.1781849185
0	0.0118639738	0.1214970012	0.0594677675	0.0000660006	0.0006678645	0.3465217093	0.0000000000	0.2119439830	0.2477118079	0.0002598923
0	0.0001294723	0.0251061384	0.1084121409	0.3692779963	0.0167935582	0.2020370447	0.0229897164	0.1570042569	0.0982079537	0.0000417223
0	0.0742655581	0.0357209143	0.1684916330	0.0000000000	0.1154235679	0.4920083090	0.0000058569	0.1126725528	0.0004851816	0.0009264264
0	0.0006969298	0.0516435556	0.4332420516	0.0144969640	0.0000000000	0.0248613265	0.0000000000	0.4296453277	0.0454129543	0.0000008906
0	0.0364591070	0.4478347177	0.0000001320	0.1102685017	0.0000904656	0.0035664102	0.0105165633	0.3706025836	0.0041462413	0.0165152775
0	0.0113824473	0.7970919300	0.0000332558	0.0000595841	0.0304524570	0.1196936435	0.0000098031	0.0255580920	0.0036297022	0.0120890851
1	0.0000050368	0.0326671186	0.0051165297	0.0072466362	0.0001355373	0.0078387419	0.0000000016	0.8733319763	0.0177802056	0.0558782161
0	0.0733978841	0.0257781902	0.1630097132	0.0042525308	0.0378938175	0.0459260718	0.0018730141	0.0081790244	0.6396897489	0.0000000052
0	0.0001606494	0.3358678102	0.1941051729	0.0290288779	0.0003910019	0.2549977763	0.0044063927	0.0000023974	0.1686015504	0.0124383709
0	0.0002316036	0.1456806301	0.1005631765	0.0103629263	0.0074165352	0.5947381911	0.0031029907	0.0452530568	0.0900883396	0.0025625500
0	0.0390722674	0.0680784835	0.1208339229	0.0171586219	0.0744533189	0.1986839385	0.3465719117	0.0911443343	0.0438110823	0.0001921184
0	0.0033135887	0.0000000495	0.0119130035	0.1187051482	0.0000000000	0.0085149787	0.0170101621	0.7402955960	0.0836594271	0.0165880462
0	0.0209858786	0.0001917404	0.1026363618	0.2718777838	0.0090283986	0.0019179424	0.0000000013	0.5900815798	0.0019638782	0.0013164351
0	0.0163661039	0.1370283107	0.0001757653	0.1257918447	0.5805898687	0.0027766416	0.0149437997	0.0707278059	0.0515998597	0.0000000000
0	0.3148024354	0.0999149298	0.0510983484	0.4444683778	0.0054408845	0.0140945565	0.0002641456	0.0572976606	0.0000037702	0.0126148913
0	0.0071471910	0.1273724280	0.5233617023	0.0000024778	0.1733707601	0.0000000013	0.0747443475	0.0020034674	0.0918085853	0.0001890393
0	0.0000000000	0.4258877140	0.0070414704	0.0002110766	0.0043206061	0.0000476147	0.0023997728	0.5452555834	0.0008025572	0.0140336049
0	0.2689612818	0.0766274594	0.1563641303	0.0000135270	0.0081812480	0.0001034195	0.0082859400	0.0976115576	0.1971274934	0.1867239430
0	0.0000000000	0.1085333853	0.0393353589	0.1378953876	0.0029138880	0.4772342949	0.0464331318	0.0563493634	0.1193045645	0.0120006256
1	0.0000182788	0.0013674901	0.0551554068	0.0216695166	0.8024462622	0.0396788859	0.0342790148	0.0048476254	0.0320679331	0.0084695863
0	0.0082044309	0.0028014862	0.2144106778	0.0410922440	0.2461248668	0.1425760384	0.0056101752	0.0177600171	0.3214200635	0.0000000001
0	0.0493482911	0.1322372047	0.0357487219	0.1919150840	0.0000000000	0.3359899127	0.0834650221	0.0672318862	0.1040638756	0.0000000017
0	0.0117328927	0.0147709881	0.1933164289	0.1356749095	0.0033611442	0.2348129529	0.0028630354	0.2624708109	0.1398813731	0.0011154644
0	0.2836715757	0.0105091551	0.0276712070	0.0003061426	0.0323984875	0.2129579903	0.0008761578	0.2267419963	0.1185341149	0.0863331727
0	0.0635082351	0.1878576675	0.0611529305	0.0000153017	0.0422096424	0.3295982494	0.0006190208	0.2194804169	0.0955584092	0.0000001265
0	0.0000626957	0.0009826109	0.0716752489	0.0247132058	0.0000000000	0.5855877435	0.0000002797	0.0702111966	0.0159554788	0.2308115400
0	0.0837196255	0.0798762260	0.0003232188	0.0004953075	0.2018960007	0.2742274218	0.0000173047	0.3287521094	0.0234333787	0.0072594068
0	0.0674122869	0.2171838991	0.3555341230	0.0000000000	0.0055492555	0.0182126393	0.0000000000	0.0862530190	0.2345937842	0.0152609931
0	0.1060410101	0.0600377391	0.2115204429	0.0000000003	0.0000000000	0.1232888118	0.0000000004	0.2014667754	0.1814696730	0.1161755470
0	0.0153298264	0.0162268854	0.0365190026	0.2159050873	0.0000118296	0.1022435020	0.0000006291	0.0104035724	0.4617229953	0.1416366699
0	0.0199706657	0.2991120873	0.0305199089	0.0720559153	0.0058105216	0.0034348455	0.0056388333	0.3471599445	0.0361101220	0.1801871557
0	0.0080904168	0.0052639472	0.2168500972	0.2334431854	0.0563353189	0.0710255783	0.0202872272	0.0591899595	0.1166312374	0.2128830321
0	0.1297281074	0.0361073329	0.1133863265	0.2748121976	0.0133126669	0.0931582740	0.0000071816	0.1411803925	0.0079343722	0.1903731483
0	0.0000892775	0.0008352966	0.0362290319	0.0043843606	0.0000000000	0.0494196051	0.0000461433	0.8417401540	0.0527329236	0.0145232073
0	0.0390837116	0.4724370928	0.3676020753	0.0003202192	0.0003726940	0.0274396967	0.0093807689	0.0277710471	0.0288280112	0.0267646831
1	0.0003111119	0.5138409663	0.0426952881	0.0125178188	0.0093465502	0.0260408733	0.0020386428	0.3800510290	0.0131542115	0.0000035080
0	0.0261766521	0.0159025252	0.1834878520	0.0011923441	0.0210332237	0.0448338156	0.0000000000	0.7056120182	0.0017615693	0.0000000000
0	0.0000000000	0.2502842155	0.1295358549	0.0569878780	0.0050586706	0.0100217184	0.0317636547	0.3240791106	0.1922688180	0.0000000794
0	0.0000002036	0.0071464834	0.4647770886	0.0180988542	0.0007384639	0.0718959020	0.0104411596	0.0876005493	0.3172333960	0.0220678994
0	0.0422453922	0.0036157282	0.1053514083	0.0272620500	0.0006760918	0.1081497132	0.0000000000	0.6891301264	0.0234864882	0.0000830015
0	0.0821416139	0.0049734407	0.0016593027	0.0658001662	0.0000001645	0.0437717859	0.0486197537	0.3172022622	0.4350072086	0.0008243016
0	0.0232599197	0.2621415700	0.5652411499	0.0190527671	0.0000001041	0.0003811085	0.0415213556	0.0044759575	0.0825932913	0.0013327763
0	0.0124307573	0.0000425840	0.2165657998	0.0163478972	0.0010545722	0.0386552182	0.0342984382	0.0540330297	0.6000586225	0.0265130810
0	0.0000237118	0.0042122473	0.0905570402	0.0034241919	0.0006650290	0.0000000000	0.0000042006	0.8027684623	0.0849669283	0.0133781886
0	0.0188470962	0.0000386226	0.7501774566	0.0000240852	0.0041364667	0.1891334132	0.0000000000	0.0290874878	0.0078916105	0.0006637612
0	0.0000000000	0.1873402565	0.0003924541	0.0000000000	0.0000000000	0.5564260928	0.0203035453	0.0857366564	0.1430114141	0.0067895808
0	0.0212332253	0.0440370241	0.1526887598	0.0183123346	0.0002154897	0.2920193477	0.0051508403	0.0124204838	0.4539224947	0.0000000000
0	0.0003217575	0.0000000000	0.9057693069	0.0156927737	0.0000371910	0.0400783312	0.0027802927	0.0343390542	0.0008748989	0.0001063940
1	0.0003216275	0.0061261629	0.0563230499	0.0454585189	0.0317344998	0.0043625123	0.0030458114	0.6617064642	0.1449098243	0.0460115288
0	0.3128448633	0.1975274845	0.3494140376	0.1011722779	0.0002345096	0.0089622893	0.0000048166	0.0073853424	0.0224543788	0.0000000000
0	0.3872471222	0.0420327291	0.0128802558	0.0000002600	0.0017713197	0.2274400340	0.0000002637	0.0383221043	0.1617464297	0.1285594816
0	0.0113882773	0.4548345227	0.0426658638	0.0017167877	0.0000021763	0.3787302734	0.0002811662	0.0470892280	0.0456293446	0.0176623601
0	0.1695242043	0.0009328089	0.4888926021	0.0000000000	0.0000000000	0.1159524890	0.0000000016	0.1120468627	0.1033304074	0.0093206241
0	0.0004939960	0.1906591764	0.1131545131	0.2068131414	0.0276268261	0.1120203846	0.0080299698	0.0375379175	0.2304171673	0.0732469078
0	0.0000000000	0.1215236375	0.1868248935	0.0082437645	0.1058424339	0.2604891483	0.0000000000	0.0280803047	0.1443992259	0.1445965918
