0	0.0025497727	0.0013414048	0.0000027075	0.0000000000	0.3505704607	0.0002356453	0.3229427196	0.2170636721	0.0469068611	0.0583867562
0	0.1208888985	0.0458069578	0.0391446401	0.3583730589	0.0121843608	0.0002543640	0.3860055939	0.0282224197	0.0006904936	0.0084292128
0	0.0395439227	0.0944085497	0.0009638092	0.0123833464	0.3565715651	0.1109435193	0.1390974172	0.0684451226	0.1573849449	0.0202578029
0	0.0280570139	0.0455882646	0.0025639330	0.0008583176	0.0000885444	0.0122693523	0.5174319319	0.0183956570	0.0407944267	0.3339525586
0	0.0309641900	0.0515731802	0.0000000082	0.0000129763	0.3229005168	0.0753675841	0.0127395509	0.0256972453	0.4621429802	0.0186017680
0	0.0046447081	0.1359243334	0.0000013914	0.0074580639	0.0000383185	0.0894404136	0.0000001888	0.0172870689	0.7450737010	0.0001318124
0	0.1532987729	0.1572719380	0.1044456816	0.0090874447	0.0357234874	0.0338694665	0.0051797436	0.2016436666	0.1051714415	0.1943083572
1	0.0042777436	0.0000716560	0.0986436019	0.2481159684	0.0000081562	0.0000356828	0.1262091598	0.1002472360	0.0585977104	0.3637930850
1	0.0163864950	0.0002058886	0.1433264339	0.1147366672	0.0004767518	0.0319919849	0.4761170117	0.0502312900	0.0007933992	0.1657340777
2	0.0000000000	0.0000010240	0.0013996757	0.2877896773	0.0033694020	0.0000000000	0.0229012734	0.0129082852	0.0000000000	0.6716306624
0	0.0449590184	0.0060277361	0.0011234759	0.0580484376	0.0542208157	0.0000323292	0.2219070799	0.0000000013	0.6003270325	0.0133540733
0	0.0001859186	0.0087727156	0.0188700572	0.0389992041	0.0000001561	0.1575372920	0.0016556642	0.7350911461	0.0381903702	0.0006974760
0	0.2765029001	0.0000584482	0.0003393951	0.0095705330	0.1152960187	0.0003688878	0.5466708535	0.0215661265	0.0281451174	0.0014817197
0	0.7891487744	0.0000001939	0.0556264207	0.0113533169	0.0030765464	0.0215139260	0.0518353019	0.0067900193	0.0234532673	0.0372022332
0	0.1215099066	0.1139278671	0.0929023847	0.0765038488	0.0663344074	0.1923421284	0.0036876276	0.0809115954	0.0001901554	0.2516900787
0	0.0038347014	0.0000027354	0.0624845273	0.2156363247	0.0805924280	0.1575374418	0.1037519421	0.0014738453	0.3730886861	0.0015973679
0	0.0045721102	0.1866426846	0.3102995388	0.0034539887	0.1162832982	0.0063041580	0.0783336541	0.0321384661	0.0000000000	0.2619721013
0	0.0010766733	0.0000203818	0.0470807140	0.0010780608	0.0461453391	0.0003245060	0.2771215813	0.0005039341	0.6124857473	0.0141630622
0	0.1251956167	0.0025505154	0.0127322856	0.0748736161	0.0000000142	0.0054178654	0.1135559353	0.0008200414	0.6648541100	0.0000000000
0	0.0026715689	0.0361744445	0.0001981202	0.3954579327	0.0000036358	0.0251408731	0.1918087373	0.2469746069	0.0993299519	0.0022401287
0	0.0021120610	0.0113423074	0.1873970440	0.0170091221	0.0749714112	0.0022570876	0.0617403081	0.5561504497	0.0869882351	0.0000319739
1	0.0044185995	0.0000000000	0.3045006256	0.1377979631	0.2233505174	0.0000005391	0.0873018330	0.0364975911	0.1284232402	0.0777090910
0	0.0000789372	0.1261948572	0.2154882652	0.0459574767	0.0525329470	0.0000026460	0.0000000000	0.0315182703	0.3649345701	0.1632920303
0	0.0172540988	0.0002521264	0.0052601113	0.0027367887	0.8529817287	0.0404354513	0.0000991918	0.0594543397	0.0096117443	0.0119144191
0	0.0000000002	0.0332166445	0.0037353782	0.0218856367	0.0000001130	0.0004133061	0.1972960207	0.1023154518	0.6411374487	0.0000000000
0	0.0107442891	0.0071115862	0.0000299520	0.0793456861	0.0455499651	0.2858509384	0.2472345889	0.1310806960	0.1078818266	0.0851704716
0	0.0649087266	0.0093112234	0.7633233052	0.0374808857	0.0032637012	0.0000000000	0.0403312221	0.0266030816	0.0001443375	0.0546335166
0	0.0566685669	0.0473081633	0.0000000000	0.0271742236	0.1874818570	0.0000237832	0.0457899924	0.5059386917	0.0217531536	0.1078615684
0	0.0020401769	0.0662536809	0.0028654125	0.0000124506	0.0010497674	0.0245596992	0.4015376188	0.0016897028	0.0075497297	0.4924417613
0	0.2584603099	0.1932904060	0.0364903092	0.0046221496	0.0005286973	0.2329133264	0.0340644924	0.0169317250	0.0369868625	0.1857117217
0	0.0000000000	0.0011906682	0.0006250455	0.0117365797	0.0123834683	0.0000000000	0.9632080568	0.0000029501	0.0096928399	0.0011603915
1	0.0000000004	0.0015928542	0.0102534282	0.0022976798	0.0599807708	0.0104067771	0.0035205432	0.0018065824	0.3303708118	0.5797705521
0	0.0028250530	0.0250344346	0.0304262257	0.0277969801	0.0003747780	0.0384752748	0.7361962749	0.1360471886	0.0000895611	0.0027342292
0	0.1238717589	0.0000000006	0.0000018922	0.0493735514	0.1132961792	0.1309887453	0.0176429294	0.0001034162	0.5448373643	0.0198841625
0	0.0344632685	0.0347016118	0.1114356804	0.0380082149	0.0000000001	0.4326835783	0.1930007548	0.1527840590	0.0026111637	0.0003116685
0	0.0015268684	0.0030188962	0.0712586720	0.0130092689	0.2124125881	0.0022361733	0.0001664639	0.2230871458	0.2995131811	0.1737707422
1	0.0893908704	0.0000000000	0.0000306813	0.7317234118	0.0026699647	0.0237196274	0.0008656738	0.0391486500	0.0952365294	0.0172145911
0	0.0000000000	0.0136235042	0.2074169768	0.0000000000	0.0677489964	0.0167489304	0.0088314984	0.0377920618	0.0000122537	0.6478257782
0	0.0790177812	0.0206701894	0.0036138079	0.0000000000	0.0019376768	0.0397083141	0.0798350241	0.0024874191	0.7584873714	0.0142424160
1	0.0609169795	0.0000180259	0.0000000209	0.0222524780	0.0743912033	0.0038407106	0.5006744112	0.0021363282	0.0006246689	0.3351451736
0	0.0000000047	0.0295673610	0.0115570903	0.0698150254	0.2546995736	0.0000555003	0.0593822640	0.1234433602	0.4196705868	0.0318092336
1	0.0016301139	0.0000004230	0.0218549261	0.0590885332	0.3890487336	0.0000022320	0.4623879282	0.0104559234	0.0276980507	0.0278331361
0	0.6149984772	0.0001486694	0.0000000000	0.0000007021	0.0025033626	0.1123156075	0.1812845139	0.0880041437	0.0007444592	0.0000000644
0	0.1625749426	0.0086822850	0.0000000002	0.0697802527	0.0719500861	0.0414645509	0.0292237282	0.0654241206	0.2861870417	0.2647129921
0	0.5543428411	0.0046727581	0.0011359137	0.0521348900	0.0983839413	0.0081455352	0.0999917876	0.0076717521	0.1376879814	0.0358325994
1	0.0000000003	0.0010043626	0.1582104738	0.2724458736	0.0144143349	0.0002836284	0.3409745840	0.0936484838	0.0417885940	0.0772296646
0	0.0000005885	0.0765282716	0.0000000124	0.5117050973	0.0000000000	0.0000000001	0.0000407475	0.0329101377	0.0001995726	0.3786155723
0	0.0852915465	0.1241842155	0.0000000497	0.0239613349	0.0053792652	0.0000000089	0.0009699919	0.1779188464	0.4150872624	0.1672074786
0	0.0386357499	0.0575464111	0.0019692359	0.0092394763	0.0039792614	0.0106591111	0.2742118881	0.2898070467	0.3139462598	0.0000055598
0	0.0000277895	0.0656491392	0.0042985219	0.0045841142	0.3243752401	0.0531041969	0.1466385130	0.0000423082	0.2063524247	0.1949277523
0	0.0631766162	0.5054521476	0.0000003020	0.0000024047	0.0452938607	0.1798311079	0.0000000002	0.0302329706	0.0734134743	0.1025971160
0	0.0000000000	0.0000048351	0.1043351402	0.0404318533	0.3306160500	0.0627706443	0.1003730548	0.0000035163	0.1103083096	0.2511565965
1	0.0257580893	0.0001099659	0.0326447382	0.0008808233	0.0388298761	0.0000001349	0.7502332307	0.0000954290	0.0114957369	0.1399519757
0	0.1037783109	0.2050332808	0.0190525230	0.0406505398	0.0395903386	0.0720432914	0.1661026099	0.2820731218	0.0620923012	0.0095836826
1	0.0220220636	0.0000000000	0.0001679952	0.0010252970	0.0000500891	0.0080765684	0.7217939891	0.1833270689	0.0006620886	0.0628748400
0	0.0000000034	0.0491790113	0.1212514668	0.4585533712	0.0564552658	0.0001205182	0.0909225447	0.2220861772	0.0000000000	0.0014316414
0	0.0424999659	0.1350030830	0.1627291931	0.2767252819	0.3176475436	0.0423958068	0.0062443120	0.0140682205	0.0025681418	0.0001184515
1	0.0010149841	0.0004162104	0.1191545452	0.5958031233	0.0080043520	0.0000000000	0.2538340890	0.0027471703	0.0000001857	0.0190253400
0	0.2255142831	0.0010136627	0.0013149361	0.0063009757	0.0083373580	0.0048976163	0.0235060798	0.6313390461	0.0605491180	0.0372269243
0	0.0000604484	0.0021490253	0.0029404521	0.0000000000	0.0151432379	0.0000000000	0.9549202894	0.0038380400	0.0209479858	0.0000005211
0	0.1314918071	0.0016152626	0.0000003167	0.0260483345	0.0087086094	0.2491050791	0.2933815702	0.0215283620	0.0020833782	0.2660372801
0	0.0001296260	0.0120134706	0.0044355117	0.0328121088	0.0000054137	0.5522771547	0.2546486412	0.0022700949	0.0694248226	0.0719831557
0	0.0006877436	0.0405723813	0.1194605187	0.0011515782	0.0017022393	0.0000000000	0.4903932058	0.2129696500	0.0876590491	0.0454036340
0	0.2075635118	0.0001184521	0.2721717858	0.0004145839	0.0909470016	0.1882759379	0.1023203554	0.0459682214	0.0318325092	0.0603876409
0	0.0139968584	0.0004846700	0.0217007505	0.5730401613	0.1054544858	0.0400261550	0.0944875587	0.1327038209	0.0181055395	0.0000000000
0	0.0232952185	0.0000026004	0.0007888891	0.0953122035	0.0000000018	0.0751202070	0.6417586947	0.0093684327	0.1543537524	0.0000000000
0	0.2482635915	0.0161432941	0.0898701964	0.0174019942	0.0289455910	0.2903073868	0.1523193981	0.0002614599	0.1112035833	0.0452835047
0	0.0058207518	0.0655619091	0.1437576571	0.0000000000	0.0128283595	0.1937288338	0.1117569478	0.4504227692	0.0000036772	0.0161190947
0	0.0202546011	0.0000000017	0.0134935480	0.0013519245	0.8686886491	0.0112131182	0.0148613989	0.0483469818	0.0217853321	0.0000044446
0	0.0977344477	0.0006334720	0.0447386074	0.0195277833	0.0499366805	0.0001384557	0.3364681547	0.0492716936	0.1714576169	0.2300930882
0	0.2161682820	0.0290698212	0.0188073022	0.0030408461	0.7152943007	0.0119159242	0.0000794138	0.0056238450	0.0000000465	0.0000002184
0	0.0000149777	0.0002075704	0.0000000002	0.0774361133	0.2344603806	0.0204258099	0.0565607151	0.2218041602	0.0368790105	0.3522112622
1	0.0001866500	0.0365731244	0.0047428185	0.3489033928	0.0073550069	0.0001362788	0.0036092341	0.0000935695	0.0315170476	0.5668828774
0	0.0064050556	0.0008528304	0.0176866947	0.4815014802	0.3783896058	0.0000013273	0.0272428278	0.0753206207	0.0072508108	0.0053487467
0	0.0000114515	0.0000000017	0.1679644431	0.0000021159	0.0020550291	0.0452117239	0.0128061199	0.7567847752	0.0106786233	0.0044857163
0	0.0002039022	0.0000005084	0.0707677632	0.0000005975	0.0000041486	0.0000011589	0.1530361311	0.4361049365	0.2062912925	0.1335895610
0	0.1952390427	0.0065740177	0.0342567740	0.3142115160	0.0000067959	0.0216717934	0.1150653981	0.0000124098	0.0164280789	0.2965341735
0	0.1263110810	0.0002230934	0.0000558587	0.0331753797	0.0731817658	0.2954748815	0.2970707036	0.0063218773	0.1681435473	0.0000418117
1	0.0430072820	0.1070889876	0.0003606227	0.4512659351	0.0294460087	0.0000000000	0.2161668501	0.0000353124	0.0000002063	0.1526287950
1	0.0000000120	0.0430239783	0.0036639120	0.5602908208	0.0017689894	0.0004388185	0.1871536500	0.0563581970	0.0122796584	0.1350219634
0	0.0152459098	0.0054584423	0.0017723992	0.0262133419	0.0002248667	0.8116947904	0.1346967847	0.0038614896	0.0008314572	0.0000005183
0	0.2251891235	0.0605976505	0.0060581063	0.0636895826	0.0000000000	0.0374659580	0.0187908615	0.0428651858	0.3802650772	0.1650784547
0	0.0078368508	0.0844603463	0.0859713211	0.0162686441	0.2187435418	0.1537628962	0.1386600348	0.0979967199	0.0647773632	0.1315222818
0	0.0009724727	0.0014898367	0.0000000000	0.0137135196	0.0018444331	0.0000072483	0.5292265082	0.0175421397	0.3007779558	0.1344258860
0	0.0081378592	0.0000002913	0.0659556637	0.1742200612	0.3892839908	0.0826701120	0.0000021657	0.0024396264	0.1561966698	0.1210935599
0	0.2869350038	0.0004915463	0.0035480258	0.1966810107	0.0000000024	0.0196177967	0.1085144572	0.0124453109	0.0523583011	0.3194085450
0	0.0199465179	0.1433846806	0.2301289191	0.3671747713	0.1039382689	0.0000276691	0.0765013222	0.0114974053	0.0084862550	0.0389141906
0	0.3913239537	0.0565419932	0.0569460659	0.0565253143	0.1591578198	0.0522299081	0.0602898516	0.0068097577	0.1601753358	0.0000000000
0	0.1394610658	0.0276141839	0.0064818144	0.0808391769	0.0000001705	0.0665836481	0.0004078657	0.4195674052	0.2299630616	0.0290816078
0	0.0388152855	0.0054958934	0.1612466889	0.1120571716	0.3313540460	0.0013990724	0.0925301552	0.1086604868	0.1484411563	0.0000000438
0	0.0001826417	0.0247268573	0.0000727474	0.0012080126	0.0015648471	0.0638542424	0.0232878349	0.0809974763	0.7703027507	0.0338025896
0	0.0013888298	0.0144217663	0.0002291609	0.0067249819	0.8040079214	0.0261870136	0.0962013404	0.0079719018	0.0260861529	0.0167809311
0	0.0367615394	0.0135651033	0.0019547033	0.5008577319	0.0065929732	0.0019148373	0.0005401083	0.0157979250	0.4211715339	0.0008435444
0	0.0151962590	0.0046861759	0.0800876823	0.2161058908	0.0033871495	0.0000007761	0.0000002099	0.4153766876	0.0600729649	0.2050862041
0	0.3251518341	0.0047499629	0.0007196465	0.2654691407	0.1282997329	0.0035379851	0.0577449258	0.0000168699	0.0148158210	0.1994940811
0	0.1212062207	0.0078209625	0.0000000753	0.0000038823	0.0084233652	0.0055656891	0.7121291454	0.1041411731	0.0011238792	0.0395856072
0	0.3883382369	0.1223902012	0.0433736706	0.0000395515	0.0915326654	0.0029983665	0.0010523452	0.1880475837	0.0989322599	0.0632951191
0	0.0922111797	0.0000000403	0.0050970077	0.0768667314	0.1691485349	0.1150250641	0.3736977277	0.0032565774	0.0849232348	0.0797739022
0	0.0888079626	0.0673718204	0.0007776696	0.0046502984	0.1506840888	0.4202589752	0.0219846482	0.0140453857	0.0857549030	0.1456642480
0	0.2863989566	0.0362772689	0.1434141290	0.2118729334	0.0446844908	0.1798437657	0.0007989029	0.0871932000	0.0000346581	0.0094816945
