0	0.0013618892	0.5085320263	0.1203801071	0.0000003416	0.0000000000	0.0003309169	0.0018173107	0.0006358404	0.3390825196	0.0278590484
0	0.4611379876	0.0108980884	0.0002062657	0.0000182522	0.0522899924	0.0000019319	0.4485835133	0.0249475022	0.0000000000	0.0019164663
0	0.0114520368	0.0609563705	0.0000000000	0.0930708294	0.0374829257	0.4151912557	0.0325577653	0.1868284783	0.0064267256	0.1560336127
0	0.0044889842	0.0000269727	0.0483320363	0.1770350786	0.0000000000	0.0331902545	0.1255332388	0.3185838333	0.0022045335	0.2906050681
0	0.4309020836	0.0944696985	0.0000249415	0.0568590520	0.0052380709	0.0070338501	0.2299242626	0.0000031241	0.0499623717	0.1255825450
0	0.1511466379	0.0001928612	0.0000195396	0.1168204315	0.0143278240	0.1067140039	0.2838727410	0.0004021922	0.0019116648	0.3245921037
0	0.1996573691	0.0005638831	0.1804797672	0.0732666486	0.0590313745	0.0962251730	0.0000000011	0.1810322135	0.1214014696	0.0883421004
2	0.0008612760	0.0000000000	0.0031006453	0.0080047743	0.0787194516	0.0104872846	0.0000000000	0.0116814354	0.0000000000	0.8871451329
0	0.2812418858	0.0760768273	0.0438838086	0.0983919705	0.0345111981	0.0154931226	0.0078499562	0.0768190395	0.3458299305	0.0199022610
1	0.0756667739	0.0484330560	0.0000000000	0.6114995028	0.0001389169	0.0000000000	0.0079208382	0.0106880031	0.0144731161	0.2311797930
1	0.1199202153	0.0041566180	0.0000549149	0.0793609544	0.0039863956	0.0000760053	0.0000000075	0.0139768599	0.0401398638	0.7383281653
0	0.1133677359	0.0000000873	0.0050329578	0.2721249269	0.0000000000	0.0032061485	0.0002605268	0.0561213389	0.1443449358	0.4055413420
0	0.0052570939	0.0158495759	0.0000000072	0.1577141317	0.0161425377	0.0003619233	0.0000000000	0.0064028183	0.0621386554	0.7361332567
0	0.0094942200	0.0574257524	0.1063945957	0.0168001633	0.1149385353	0.1510193055	0.0314528751	0.0000481743	0.2032286727	0.3091977058
0	0.1093302632	0.0904296079	0.3801565457	0.0032544835	0.0000352160	0.0010558500	0.1315290598	0.1004841742	0.1738703317	0.0098544680
0	0.2893815090	0.0022639149	0.0286770274	0.0987647839	0.0060347916	0.0001753823	0.3881418840	0.0474988879	0.0867622293	0.0522995897
0	0.0085675496	0.0005137988	0.0000081998	0.6747921022	0.0027659153	0.0178065522	0.0535601782	0.0000000077	0.0174301266	0.2245555696
1	0.0232454674	0.0000000199	0.0156927871	0.0003721335	0.0008975850	0.0000000000	0.0005205549	0.2588522395	0.0010264397	0.6993927729
1	0.0012971176	0.0000000000	0.0000510414	0.0001515793	0.0000623768	0.0001966367	0.0013765249	0.0272623321	0.0011712209	0.9684311703
0	0.1226261981	0.0300439083	0.0001085052	0.0000000003	0.0034774009	0.0109067090	0.0148675308	0.0000003114	0.0025123915	0.8154570445
0	0.2280073893	0.0688518825	0.0040682387	0.0186379809	0.0591198279	0.0049361644	0.1715537139	0.3804373270	0.0248638650	0.0395236105
0	0.0731004730	0.0003305446	0.6493259403	0.0224753736	0.1901739068	0.0087460882	0.0326261078	0.0112344042	0.0000000221	0.0119871393
0	0.0731426028	0.0213000161	0.0604696377	0.0653886000	0.3106382506	0.0017069020	0.0004737632	0.0011670345	0.0000146778	0.4656985153
0	0.0124432750	0.0125416229	0.0467466218	0.3576795368	0.0342107156	0.0259553462	0.0000000000	0.5057221937	0.0014956694	0.0032050187
0	0.3089417896	0.0000052131	0.0068092017	0.0000286014	0.0101553835	0.0190932627	0.0046274319	0.4691824168	0.1789450086	0.0022116908
0	0.0000823681	0.0540715991	0.2010506064	0.0000556224	0.0043194730	0.0016577334	0.0645163842	0.1074853762	0.0196258539	0.5471349833
0	0.1220923645	0.0188431611	0.0466784999	0.2416775242	0.3161289593	0.0728589167	0.0009856465	0.0000103179	0.0019093766	0.1788152333
0	0.0410338610	0.0159360349	0.0080597570	0.1041882717	0.0000052361	0.0006520132	0.6581798596	0.0000000000	0.0000129471	0.1719320194
0	0.0201519831	0.0316664424	0.0006965617	0.0030911132	0.0033151861	0.0087136679	0.7625645155	0.1594551149	0.0000871259	0.0102582892
0	0.5462465428	0.0923950416	0.0000088097	0.0617222402	0.0703504981	0.0936931944	0.0031511832	0.0446539895	0.0080091193	0.0797693812
0	0.0037996871	0.4611884146	0.0000022504	0.4293397596	0.0000852408	0.0001050638	0.0000007464	0.0213027660	0.0720317218	0.0121443495
0	0.0908106155	0.0889147502	0.0286421800	0.1250022262	0.0007534982	0.0023106693	0.0383755442	0.1718610020	0.4524452545	0.0008842599
1	0.0115857073	0.0019480575	0.0000122661	0.0069132208	0.0177193158	0.0000528500	0.0017171414	0.0009008516	0.0020239297	0.9571266597
0	0.0108027317	0.0320989643	0.1975999988	0.0825588643	0.0154354842	0.3377147986	0.0320164149	0.0442647981	0.0012933661	0.2462145790
0	0.0273500795	0.0284455042	0.0013028877	0.3073321848	0.0296411669	0.0000000387	0.2378274600	0.0438465792	0.0006319261	0.3236221729
0	0.8364329661	0.0000482901	0.0082308882	0.0000426546	0.0019429591	0.1202312319	0.0021726826	0.0289123133	0.0010500898	0.0009359243
1	0.1848776641	0.0000000000	0.0009953551	0.1048424188	0.0004429893	0.1066701697	0.0552343418	0.0042523972	0.0000003351	0.5426843289
0	0.0002031613	0.0002560151	0.0088345799	0.0286783382	0.0256721134	0.0001038308	0.0071429353	0.0285799418	0.1737530324	0.7267760520
0	0.0220857833	0.0003062489	0.0051681012	0.0050965562	0.0593536919	0.0059937507	0.0012442787	0.0235551616	0.0056940269	0.8715024007
0	0.0014533285	0.0131053792	0.7375064535	0.0226718115	0.0061998045	0.0000000114	0.0057180377	0.0000000077	0.2129526225	0.0003925435
1	0.0813303400	0.0000225757	0.0028612439	0.0002537239	0.0363102659	0.0957306771	0.0000000003	0.0019803548	0.0086443162	0.7728665022
0	0.0000137694	0.0011720235	0.0060987656	0.8881762613	0.0151105491	0.0203181041	0.0004927317	0.0002070386	0.0119608922	0.0564498645
0	0.0979950091	0.0000000016	0.2311886358	0.0000861331	0.1323061922	0.0413576672	0.0472778743	0.0817041757	0.3163348140	0.0517494969
0	0.0017995564	0.5824886557	0.0004377668	0.0219310173	0.0520971290	0.0000001272	0.0706081136	0.0152045324	0.0000542113	0.2553788904
0	0.0062533225	0.2241307443	0.0000000000	0.0005425953	0.0000896822	0.0065431934	0.1408768784	0.0000163667	0.1565207989	0.4650264182
0	0.0000713760	0.1602568757	0.0184163872	0.0193553286	0.0022061535	0.0389640599	0.0021291964	0.0877367824	0.0828773044	0.5879865358
0	0.1846674732	0.0029879837	0.0170987151	0.4684746397	0.2735052365	0.0111040063	0.0000005366	0.0130316765	0.0032503158	0.0258794165
0	0.0859810325	0.0000761023	0.0000000000	0.1249773739	0.1501591846	0.0347141578	0.0901164529	0.1317958639	0.0236570150	0.3585228171
0	0.5043477050	0.3177097640	0.0000000000	0.0005240101	0.0000002331	0.0068392512	0.0688918273	0.0272661313	0.0601436400	0.0142774380
0	0.0237864661	0.1626061669	0.0695174806	0.2167008400	0.1114329952	0.1106038006	0.2232604421	0.0037831622	0.0783086463	0.0000000000
0	0.0628324297	0.0390405492	0.0002637580	0.1302104063	0.0535224840	0.0000000018	0.0097162523	0.1431066104	0.1983599895	0.3629475188
0	0.0486277012	0.1489330733	0.0732464782	0.0515497380	0.1987511469	0.0160345174	0.0610581401	0.3325537271	0.0000000000	0.0692454778
0	0.4489088211	0.0000043721	0.0000000078	0.1115890405	0.0223589836	0.0412978635	0.0079812046	0.0408832933	0.3219418628	0.0050345508
1	0.0045903594	0.0000037649	0.0000300130	0.0106334550	0.0048388051	0.0000063491	0.0008561711	0.0000000963	0.0053717030	0.9736692830
0	0.5980641964	0.0033223060	0.0003023042	0.0319908410	0.0000001635	0.0022075878	0.0136462624	0.0000044268	0.0012196206	0.3492422913
0	0.5020926953	0.0000000000	0.0106522849	0.2250368989	0.0453236675	0.0711860587	0.0028371852	0.0000007925	0.0000008242	0.1428695928
0	0.1385202298	0.2890355836	0.0000014899	0.3402854413	0.0000000000	0.1256379711	0.0228837884	0.0004070703	0.0506012263	0.0326271992
0	0.2448721632	0.0061498949	0.0016172429	0.0045107163	0.3498080983	0.0749168458	0.1323978328	0.0027829238	0.1829442038	0.0000000783
0	0.1077344833	0.0150176971	0.0022138163	0.3843609479	0.0000071006	0.0038799393	0.1104701325	0.0202721641	0.0048768019	0.3511669169
0	0.0024256261	0.1413683892	0.2692421846	0.2963286316	0.0200594689	0.0089609891	0.2376332102	0.0195596577	0.0000000395	0.0044218031
0	0.9344794371	0.0005694623	0.0025138440	0.0360383039	0.0000000000	0.0035433312	0.0040218080	0.0003320905	0.0004557999	0.0180459232
0	0.0048335083	0.4294959875	0.1941275653	0.0527788283	0.0000621565	0.0000023520	0.2763474491	0.0000000000	0.0389390727	0.0034130802
0	0.3163025354	0.1114534585	0.0450211761	0.1130536394	0.0119606177	0.0001023703	0.0268369199	0.1277798336	0.0021132289	0.2453762204
0	0.0857522760	0.2734768363	0.0089219892	0.0043630417	0.0429077286	0.0000000003	0.0047815199	0.0374426822	0.4858400566	0.0565138693
1	0.1549293515	0.1086169602	0.0026653902	0.0825880955	0.0127756599	0.1381987285	0.0119386238	0.0393050208	0.0000241155	0.4489580542
0	0.1289669521	0.0305574689	0.0458030154	0.2822810808	0.0190187609	0.0479982467	0.0314434847	0.0046271170	0.0000002192	0.4093036542
0	0.0232197856	0.0000010450	0.0736473262	0.0744224385	0.1611746957	0.2049638034	0.0671411309	0.0000000000	0.1292145888	0.2662151859
0	0.1084154431	0.0791244238	0.0516158773	0.5600541548	0.0131005668	0.0002347107	0.0130380622	0.1639876159	0.0098433471	0.0005857983
0	0.0544745915	0.0212829251	0.0067960918	0.4372212897	0.0000101580	0.0238795940	0.2132858615	0.0148453228	0.2281904429	0.0000137228
1	0.0564789173	0.0000000000	0.0000418144	0.0107225699	0.0035968873	0.0015622114	0.0000006397	0.0192940843	0.0000000000	0.9083028758
0	0.1054331018	0.0482398064	0.0247269993	0.0421194452	0.0000000000	0.0000002130	0.3197757524	0.1867744210	0.2285363327	0.0443939282
0	0.0345822178	0.2120934010	0.0352880495	0.1637266067	0.3906856452	0.0038081570	0.0365240956	0.0019999478	0.0619044202	0.0593874592
0	0.0826284448	0.0847380768	0.0392890768	0.1191512747	0.0000000000	0.0963512053	0.3784742340	0.1713870497	0.0000346683	0.0279459696
0	0.0507871215	0.5407213343	0.0000274102	0.0001240032	0.0715166259	0.0752517430	0.0650812070	0.0000334100	0.0842579252	0.1121992197
0	0.2477071524	0.0036045557	0.0000001513	0.0005806229	0.0000000003	0.3487726892	0.2290723392	0.0116569970	0.0641201918	0.0944853002
0	0.0000000000	0.0000980547	0.0000000000	0.0362570705	0.1817299480	0.3395467807	0.1794414666	0.0951677063	0.0016415780	0.1661173951
0	0.5927446744	0.0050174676	0.0010033551	0.1736019664	0.0016764962	0.0774778924	0.0310218284	0.0001402570	0.0152388586	0.1020772041
0	0.0118180799	0.0135641502	0.1872112073	0.2793877939	0.0600650953	0.0000122985	0.0775067015	0.1354317264	0.0812664135	0.1537365335
1	0.0343552638	0.0000007078	0.0429308341	0.1771569966	0.0018441398	0.0000408081	0.0765940961	0.1213584482	0.0000006860	0.5457180196
0	0.0363857072	0.0000457578	0.0835694848	0.1419873820	0.1153072670	0.0618286884	0.0021569347	0.1869157141	0.3713652425	0.0004378214
0	0.0114757660	0.0000001339	0.0027120934	0.0180284403	0.0088579386	0.0104364027	0.0787175746	0.1475747108	0.0166280379	0.7055689018
0	0.0009479200	0.0000000000	0.0000000000	0.1824932619	0.0000399560	0.0022573443	0.0880276749	0.0529325768	0.0057728612	0.6675284047
0	0.0019208432	0.0019350441	0.0005825214	0.0000098802	0.0053367205	0.0111881170	0.0009520057	0.0070914055	0.0194399253	0.9515435371
0	0.0010413651	0.0008803544	0.0317090639	0.5150085397	0.0053924365	0.0167259890	0.0031970128	0.0744539538	0.1888198758	0.1627714090
0	0.0216390466	0.0004809983	0.0000000008	0.0100063755	0.0042811008	0.4317142536	0.0000110344	0.0000242289	0.0043112029	0.5275317582
0	0.0144244472	0.3595044510	0.0026661066	0.1102980244	0.0397743473	0.0562727083	0.3617239298	0.0543773937	0.0009035365	0.0000550551
0	0.0863298291	0.0332107850	0.0628311652	0.0004628723	0.0258713957	0.0249514499	0.1746755554	0.0885995141	0.0063571964	0.4967102368
0	0.0731846787	0.0000914108	0.0030145989	0.1410828216	0.0032612460	0.1818969173	0.0761274785	0.0003194979	0.0000018595	0.5210194909
1	0.0849413528	0.0036077270	0.0034727857	0.2030424996	0.0935456155	0.0239936095	0.0159397021	0.0013903649	0.0206453602	0.5494209829
0	0.3173929693	0.0039519139	0.0187830886	0.0091390674	0.1464231230	0.0002862815	0.0001577051	0.0001537956	0.0052231246	0.4984889311
0	0.0000000000	0.0249644289	0.0000005513	0.0000000000	0.0141465548	0.1205880580	0.2369802407	0.0031572275	0.0000000035	0.6001629353
0	0.1072734200	0.0045884576	0.0000000001	0.0002606391	0.0000783661	0.0000000055	0.6809551572	0.1371416360	0.0398928629	0.0298094556
0	0.0655436233	0.0004945539	0.0175600473	0.0976320904	0.0000000000	0.0369093823	0.0439972845	0.5827912906	0.0342680849	0.1208036428
0	0.0319357600	0.0003729209	0.0000000073	0.7603139084	0.0000000000	0.0172119528	0.0000130625	0.0095696261	0.1103226407	0.0702601213
1	0.0835362889	0.0101743797	0.0033813791	0.0000000106	0.1596877084	0.0000000000	0.0045977623	0.0194187117	0.0212108645	0.6979928947
0	0.0004803736	0.1940986150	0.0000000000	0.0189402951	0.0001658669	0.0586007219	0.4052273692	0.0000480872	0.3080248296	0.0144138416
0	0.1166779962	0.0000015719	0.0020774585	0.0988860557	0.0007134180	0.0000000266	0.1029933642	0.0000000000	0.0633623657	0.6152877432
0	0.0623818169	0.0226849521	0.0017733681	0.1728147794	0.6431421400	0.0000282790	0.0307769231	0.0503301645	0.0156506150	0.0004169619
0	0.1988490614	0.1289009602	0.0832093276	0.0035374017	0.0000007919	0.0011284312	0.0042105240	0.0058122228	0.0719138935	0.5024373857
0	0.0247322746	0.0412307223	0.0004795677	0.0845723586	0.1120239474	0.0258674779	0.0000000281	0.1489140665	0.4068886716	0.1552908853
