0	0.0117264224	0.0684397932	0.1183434829	0.2873764238	0.0047579946	0.0007282014	0.0000000005	0.3247628549	0.0004999384	0.1833648881
0	0.0559033900	0.3820060224	0.0574417724	0.1001710887	0.0843447070	0.2647496826	0.0010214814	0.0050232639	0.0066988785	0.0426397132
0	0.0005813072	0.0716334606	0.0189744805	0.1542420642	0.0182078745	0.0875672101	0.0396903406	0.0740895525	0.0296937654	0.5053199443
0	0.0004979061	0.5156453991	0.0076148953	0.0380052218	0.0000858696	0.0695189025	0.0130015971	0.3389929123	0.0003348931	0.0163024031
0	0.1078748513	0.0017124152	0.4182594222	0.0305380077	0.0312297343	0.2553462255	0.0009331314	0.1110168507	0.0253746982	0.0177146636
0	0.0000000000	0.0000000000	0.2661591647	0.0000000000	0.4246213191	0.1373115173	0.0000002124	0.0231991005	0.1259093441	0.0227993418
1	0.0111096522	0.2315508079	0.0000206715	0.4503812059	0.0000009159	0.0728380514	0.1025446382	0.0073505349	0.0064249482	0.1177785739
1	0.0138964304	0.0069163951	0.0233486000	0.0001971266	0.1626956969	0.0012911311	0.5681665963	0.1177051897	0.0005871196	0.1051957144
0	0.0004940434	0.2628616417	0.1332832950	0.0066554061	0.0000363211	0.0000000003	0.0036510773	0.2589438593	0.1747178891	0.1593564666
0	0.0038866231	0.0051168754	0.0593201731	0.0650194719	0.0602764733	0.1133308703	0.5815872770	0.0348173302	0.0762451068	0.0003997991
0	0.0005587375	0.8128490434	0.0339901254	0.0113766954	0.0026085506	0.0865054307	0.0018768569	0.0245541407	0.0113087948	0.0143716245
0	0.0067714161	0.3929434456	0.0000077669	0.2455039167	0.0545505755	0.1922964215	0.0284528252	0.0743911982	0.0009209956	0.0041614387
0	0.0005515963	0.0897144300	0.0812779623	0.5151796212	0.0000000000	0.2650773247	0.0274158973	0.0000215940	0.0001957640	0.0205658101
0	0.0089795327	0.6116824155	0.1875339358	0.0000000000	0.0369150277	0.0641322935	0.0040465328	0.0721359406	0.0145380230	0.0000362984
1	0.1523259288	0.3258047105	0.1079794217	0.0000206611	0.1166501230	0.1267226281	0.0036822567	0.0027177908	0.0690606990	0.0950357802
0	0.0628377848	0.0272818948	0.0101338205	0.0646601830	0.0000431225	0.1498500775	0.0000000000	0.0146231887	0.0296669404	0.6409029878
0	0.0000398743	0.7275088041	0.0012979390	0.0028814074	0.0015837210	0.0612821170	0.1827863334	0.0000003916	0.0000000040	0.0226194082
0	0.1581339749	0.3454888855	0.0647238780	0.0301831153	0.0001837006	0.0000000032	0.0716064739	0.0045775439	0.0463399599	0.2787624649
1	0.0034083502	0.0097405511	0.1980908415	0.0091636987	0.0000013980	0.0000020686	0.6462442229	0.0164707890	0.0621345794	0.0547435004
0	0.0003334303	0.1406412136	0.1914842880	0.0003982270	0.0263515276	0.3173011255	0.2402989618	0.0268651506	0.0561467279	0.0001793477
0	0.0294012632	0.0725735082	0.0000032507	0.1642649716	0.0000096021	0.1196267103	0.0063926995	0.0140367101	0.1170145052	0.4766767791
0	0.0408805860	0.2855079810	0.0015374719	0.0003192417	0.3953366505	0.0516545696	0.0216315535	0.1542515625	0.0293803594	0.0195000239
1	0.0134118667	0.0009425355	0.1068424457	0.0000058868	0.0003449236	0.0338861526	0.1876758807	0.0000060969	0.0881727280	0.5687114836
0	0.0325975517	0.2058525238	0.0005067454	0.0162272487	0.0000004280	0.0554032668	0.0012315925	0.1732424550	0.1889315629	0.3260066253
0	0.0481460278	0.0122376166	0.0002470381	0.0470069631	0.0005056062	0.0000415499	0.0001008892	0.1191213882	0.0089076749	0.7636852461
1	0.0000005810	0.1044885243	0.0000000022	0.0029546392	0.0002472129	0.0004132324	0.1106621248	0.0000701795	0.0000000000	0.7811635036
1	0.0000154521	0.1824073140	0.2059702061	0.1840554444	0.1776764801	0.0318412381	0.2173812156	0.0006293936	0.0000011628	0.0000220932
0	0.0000107860	0.0530106724	0.0429408906	0.0414184121	0.0000025810	0.0719697504	0.0733023122	0.7023653822	0.0143213833	0.0006578297
0	0.0000000000	0.0517150682	0.0000000000	0.2112805863	0.1966177584	0.4097518529	0.1266747915	0.0038163872	0.0001435542	0.0000000014
0	0.0096086757	0.0330998752	0.0350609656	0.1215227907	0.0000000931	0.4094615905	0.0253604521	0.0033300323	0.0815580726	0.2809974522
1	0.0850614990	0.3906706966	0.0000000004	0.3036457368	0.0000000000	0.0098002132	0.0655252118	0.1383728154	0.0003721676	0.0065516592
0	0.0000062470	0.2843292171	0.2132577962	0.0000000001	0.0218489300	0.0052854204	0.0581411652	0.1904035998	0.0000000000	0.2267276243
0	0.2294325012	0.5628906110	0.0079067901	0.0682831423	0.0096074441	0.0312767415	0.0014738344	0.0655845224	0.0000059094	0.0235385036
0	0.1082045471	0.0000098745	0.0843480679	0.0105959240	0.0696995166	0.0377069060	0.1432834289	0.0042014117	0.0194334054	0.5225169179
0	0.0646709437	0.3631356173	0.1446783397	0.0055334880	0.0001548033	0.0064023853	0.0430195978	0.0450073894	0.1603075734	0.1670898621
1	0.1675076797	0.0989510841	0.0000489945	0.0000000000	0.0000000380	0.0082741282	0.0283206881	0.6569336076	0.0000005399	0.0399632398
0	0.0751532026	0.0035019391	0.0482627185	0.5469056423	0.0000900196	0.0019081665	0.0034839738	0.0693979122	0.0630826082	0.1882138173
0	0.0862435460	0.3478210098	0.2888523160	0.0099790190	0.0324356002	0.0475517392	0.0097667040	0.1342400360	0.0000001969	0.0431098329
0	0.0067027492	0.2821213230	0.0080589347	0.0350227673	0.0000039061	0.6461228278	0.0007455292	0.0171416078	0.0000000007	0.0040803541
0	0.0144460260	0.2077450890	0.0529732927	0.0001931448	0.0231647454	0.1204889068	0.0133789963	0.1554842750	0.0002845844	0.4118409396
0	0.0273762856	0.0640522519	0.0075960200	0.0057034800	0.0886679218	0.1552927939	0.0000000000	0.0000000000	0.0000000000	0.6513112468
0	0.0069811807	0.0858871634	0.0101895189	0.0166893540	0.4483255398	0.0046150131	0.0131396098	0.0812448938	0.3243108047	0.0086169219
0	0.0015466188	0.0220914845	0.0156282925	0.0000861584	0.0669777730	0.0286388156	0.0163580583	0.7784574590	0.0006629691	0.0695523708
0	0.0017827714	0.0022289191	0.4670778453	0.0081072092	0.2095662209	0.0655991176	0.2045461931	0.0359075976	0.0051841198	0.0000000060
0	0.1289002958	0.0941632013	0.0001370817	0.0682979625	0.0430759250	0.0493473820	0.0103543461	0.1034713127	0.0712261165	0.4310263763
0	0.0000000000	0.0504425217	0.1888097954	0.0676646254	0.0313657538	0.0045501502	0.0843200927	0.4445116851	0.0404564311	0.0878789445
0	0.0024819657	0.4055838897	0.0287968529	0.0365694984	0.0069796758	0.1440646263	0.0003085969	0.3442342626	0.0000000000	0.0309806318
0	0.0074497842	0.0067004398	0.1979552330	0.1029736730	0.1987831542	0.0082785031	0.2453994684	0.2309856354	0.0007711200	0.0007029889
0	0.0367863713	0.0770737449	0.0058258484	0.0804515132	0.6067658671	0.0320519159	0.0243737763	0.0000000000	0.1366703604	0.0000006026
2	0.0003748887	0.0032174720	0.0017043880	0.0351748213	0.0000000000	0.0000000000	0.6979266830	0.2449817310	0.0046758422	0.0119441738
0	0.0001339434	0.6503858878	0.0149620207	0.0245233132	0.0522827037	0.0021299529	0.1419135863	0.0671720972	0.0233483189	0.0231481759
0	0.0598988716	0.1059581436	0.0453541560	0.0073184220	0.0183340384	0.4884042145	0.1379711792	0.0950317065	0.0249145033	0.0168147651
0	0.0000000000	0.3842106670	0.0409431861	0.0781035051	0.2150362313	0.1980303212	0.0000000017	0.0223912073	0.0000020648	0.0612828156
0	0.0025738121	0.0030751117	0.6804371572	0.0000000854	0.0065840507	0.0921814314	0.0175666884	0.0076218029	0.0037501116	0.1862097488
0	0.0000000000	0.0139448978	0.1642672855	0.0478915595	0.2926255331	0.0007345612	0.0000000000	0.0535643147	0.0135906769	0.4133811713
0	0.0000000000	0.0254584467	0.4002677023	0.0081128772	0.0112055230	0.0400848048	0.0266700948	0.0044844127	0.3848134473	0.0989026912
1	0.0161561837	0.0310058186	0.0000018280	0.6300845049	0.0000000000	0.0071687987	0.0591671373	0.0081238467	0.1020768481	0.1462150339
0	0.0002133718	0.2907300700	0.0305300346	0.0000000010	0.3727296116	0.0000116556	0.0016312064	0.2097307115	0.0000044902	0.0944188472
0	0.0062649202	0.0118729172	0.0704269364	0.1621268956	0.2431579546	0.3345730686	0.0219095680	0.0377810879	0.1055246510	0.0063620007
0	0.0226032098	0.0630873193	0.0000000008	0.5815073842	0.0156004194	0.0000000015	0.0086063630	0.2196833406	0.0266015651	0.0623103963
0	0.2815454736	0.0074866973	0.0001613989	0.0166473231	0.0418958717	0.0017462026	0.0353038396	0.2348515907	0.3675502878	0.0128113147
0	0.1784205869	0.1251530463	0.0182782620	0.0383809173	0.0562781076	0.4877376254	0.0040913804	0.0036372808	0.0011447560	0.0868780374
0	0.0000692431	0.0516452584	0.8878618646	0.0031408422	0.0000000000	0.0000000000	0.0461087098	0.0024106668	0.0024969608	0.0062664542
0	0.0146229501	0.0038923129	0.0921123879	0.0948731493	0.0000000801	0.7901835597	0.0000004305	0.0032039310	0.0000000000	0.0011111985
0	0.0005518582	0.0374990010	0.1885457338	0.0127012008	0.0051225240	0.0743339761	0.0000343726	0.0000000000	0.0124708679	0.6687404655
0	0.0484206559	0.5416085479	0.0629500590	0.0000000000	0.0000000000	0.0371024114	0.1733715678	0.0022872042	0.0829507818	0.0513087720
0	0.0432900830	0.6268497542	0.0048033873	0.0020205904	0.0000928108	0.0009506488	0.0054840406	0.0378014688	0.2388190082	0.0398882078
0	0.0000003831	0.1803785888	0.0735724807	0.0146537478	0.0140459578	0.0486727807	0.5818977609	0.0386798415	0.0006781865	0.0474202721
0	0.0212222736	0.0038182908	0.0180669852	0.0004552897	0.0057614450	0.0002167587	0.0000000000	0.0000308997	0.0033233830	0.9471046743
0	0.0647333006	0.2568381351	0.0115617349	0.2976274094	0.0000000000	0.0000008749	0.0005910683	0.2056217699	0.0620849710	0.1009407359
0	0.1009214163	0.0948523862	0.0347166628	0.0009365231	0.2301064024	0.0976574990	0.1347565025	0.3040562569	0.0000000000	0.0019963509
0	0.1677915720	0.0563318716	0.0796280287	0.0517048021	0.0017432076	0.0052982145	0.0803221830	0.1797650458	0.2559482916	0.1214667831
0	0.1542958924	0.0030860119	0.1020753653	0.1029461349	0.0034847487	0.3622636107	0.0160103454	0.0599426660	0.0000011407	0.1958940840
0	0.0000000258	0.0233427003	0.0067182787	0.0008696924	0.0000000000	0.0033202200	0.6952782736	0.0648599020	0.0000007086	0.2056101986
0	0.0058356079	0.0619694483	0.0231477424	0.1669639273	0.4512714603	0.0136266574	0.0060148024	0.1935444934	0.0055828235	0.0720430371
0	0.2468480767	0.1017987108	0.0360964175	0.0000009349	0.0814934474	0.0475281695	0.2305241430	0.2146736952	0.0000056690	0.0410307361
0	0.0833586275	0.1509516947	0.4040597700	0.0000000346	0.0053109242	0.1981816182	0.0000000021	0.0007399752	0.0254295669	0.1319677867
0	0.0245621127	0.8186382758	0.0000936239	0.0716220953	0.0050821220	0.0022950334	0.0431702354	0.0000326264	0.0275278721	0.0069760030
0	0.0520118953	0.0430658310	0.0539595415	0.0258784492	0.1230564228	0.0253352271	0.1671472698	0.4398482149	0.0049921689	0.0647049795
0	0.0081105607	0.4443364069	0.1560035085	0.0071216668	0.0833171690	0.0074336148	0.0473862681	0.2235146948	0.0002962874	0.0224798231
0	0.1951046767	0.0123607476	0.0009667259	0.1946479072	0.0318252426	0.4311220354	0.0463795950	0.0009776315	0.0000000270	0.0866154111
0	0.1222630548	0.0288721394	0.1941006626	0.0311217201	0.0493087977	0.0001822207	0.3479598584	0.0733195659	0.0000000434	0.1528719371
0	0.0862431420	0.1417925052	0.0434482979	0.0000394401	0.0000000000	0.0310672506	0.0000041049	0.3258869994	0.2444519752	0.1270662846
0	0.0006343708	0.2394278139	0.0000000000	0.1262020754	0.0027910581	0.0948302242	0.0002432539	0.2655859544	0.0853252674	0.1849599819
0	0.0000644400	0.0880265044	0.1329739522	0.0043788952	0.0000046827	0.6709683689	0.0096133047	0.0547236113	0.0000000000	0.0392462406
0	0.0112666062	0.2291182252	0.0400019503	0.0252991762	0.0655126266	0.0392336567	0.3446993382	0.2371925118	0.0010997987	0.0065761102
0	0.4746053588	0.0019068829	0.0271393938	0.0021454552	0.0385148948	0.0065709060	0.1535254519	0.1255456426	0.0000669910	0.1699790231
1	0.0588459307	0.5111308493	0.0034464871	0.0000061341	0.0053479840	0.0159139588	0.0144021581	0.1362108529	0.1657735421	0.0889221029
0	0.0145994296	0.1200061223	0.0103548884	0.2105445235	0.0032770485	0.0008457071	0.0120575403	0.6231074342	0.0043675493	0.0008397569
0	0.0238162408	0.0099635602	0.1217413181	0.0957623978	0.1781818019	0.0165986275	0.0000000462	0.5323921165	0.0068576876	0.0146862035
0	0.0302671347	0.5710301394	0.0145150390	0.0000000000	0.0077278535	0.1319061933	0.0004062519	0.0729677681	0.1325480291	0.0386315910
0	0.1071437912	0.1574041061	0.0028643658	0.0000000587	0.0295297071	0.1897973097	0.0260629637	0.4571649877	0.0300327101	0.0000000000
0	0.0068755337	0.2273598063	0.0033074388	0.0000193946	0.0027761631	0.4333428069	0.1033604210	0.0026235600	0.1264972438	0.0938376318
0	0.0306767614	0.1385328645	0.0007085820	0.2981196874	0.0014074264	0.0000342772	0.0000001851	0.1078790287	0.0070509122	0.4155902752
1	0.2122190189	0.0289308862	0.0362310735	0.0020549088	0.0023094753	0.0001869312	0.2323405402	0.3132509592	0.0309471623	0.1415290445
1	0.5187120170	0.1740843821	0.0084084912	0.0803127111	0.0000144926	0.1399754090	0.0000438346	0.0783318785	0.0000064995	0.0001102845
0	0.0819342768	0.3290926839	0.0066902156	0.0040177505	0.0103607965	0.1083874300	0.0016357009	0.3870711797	0.0034032889	0.0674066774
1	0.0203586456	0.5936244630	0.0000000000	0.0763039468	0.0032898344	0.0492245425	0.1126364642	0.1333041028	0.0051477148	0.0061102859
0	0.0149215323	0.0055729845	0.0176417325	0.0000487572	0.0164617565	0.4376308803	0.0000000002	0.0353776135	0.0000229738	0.4723217692
0	0.0493782757	0.0880605351	0.0000000653	0.2804248046	0.1979893554	0.2702888227	0.0000014747	0.0848332590	0.0184444061	0.0105790015
