0	0.0076106847	0.9814623163	0.0109269990
0	0.0558011585	0.1006099229	0.8435889185
0	0.7353447444	0.0319268340	0.2327284215
1	0.2073101957	0.7795777830	0.0131120213
0	0.2631290184	0.0201291335	0.7167418481
1	0.4548395721	0.0049265538	0.5402338742
0	0.0001399188	0.0012289843	0.9986310969
0	0.0560279957	0.0057339132	0.9382380912
0	0.1030850878	0.0018187078	0.8950962045
0	0.0132352449	0.0172774785	0.9694872766
0	0.0219589050	0.9767377859	0.0013033091
0	0.1512352576	0.1323567780	0.7164079644
0	0.1199972730	0.4930376198	0.3869651072
0	0.9090351978	0.0431628547	0.0478019475
0	0.7767234212	0.1808918007	0.0423847782
0	0.0000183638	0.0860772092	0.9139044270
0	0.0060081705	0.1372799277	0.8567119018
0	0.1189014000	0.8800132645	0.0010853356
0	0.9868546196	0.0075205228	0.0056248576
0	0.0759346295	0.1107638959	0.8133014746
0	0.0833173759	0.7495338586	0.1671487655
1	0.2324889033	0.7177014651	0.0498096316
0	0.0082624707	0.8768804627	0.1148570666
0	0.0871168921	0.8375200820	0.0753630259
0	0.0970500215	0.8992538230	0.0036961554
0	0.3608076551	0.2215534955	0.4176388494
0	0.0000000000	0.9999985409	0.0000014591
0	0.5054667071	0.3769297789	0.1176035140
0	0.4399549722	0.4214335422	0.1386114856
1	0.0000000038	0.3262105260	0.6737894703
0	0.0000000000	0.9981480952	0.0018519048
0	0.0000017952	0.9990481654	0.0009500394
0	0.0043786622	0.2424188070	0.7532025307
0	0.1827954965	0.3341646524	0.4830398511
0	0.7572387122	0.0047389089	0.2380223789
0	0.5835710296	0.2348168246	0.1816121457
1	0.2335452848	0.0455083824	0.7209463328
0	0.0987722167	0.7143700141	0.1868577692
0	0.5353467356	0.2909893063	0.1736639581
0	0.2123711667	0.6458093445	0.1418194888
0	0.0784270493	0.0515185315	0.8700544192
0	0.0646823708	0.0092637665	0.9260538628
1	0.5832573514	0.2216367081	0.1951059406
0	0.9126259891	0.0288114275	0.0585625835
0	0.0733320155	0.9208563881	0.0058115963
0	0.0000000118	0.8602681946	0.1397317936
1	0.0618758803	0.0233510369	0.9147730827
1	0.1072185292	0.4597616400	0.4330198308
0	0.0031495190	0.0129540905	0.9838963905
0	0.1616714088	0.7620903742	0.0762382169
0	0.0078024242	0.3556753916	0.6365221843
0	0.0504204565	0.8308550310	0.1187245124
0	0.0000000000	0.0052746296	0.9947253704
0	0.0000000000	0.9867590312	0.0132409687
0	0.0004168051	0.8865270244	0.1130561705
0	0.0000000000	0.4782621104	0.5217378896
0	0.1535939463	0.6964984762	0.1499075775
1	0.0000000000	0.4999638286	0.5000361714
0	0.0259640744	0.0052375434	0.9687983822
0	0.3977481925	0.5462562883	0.0559955192
0	0.1787408043	0.2080873579	0.6131718377
1	0.0000000000	0.5611876221	0.4388123778
0	0.0066280050	0.9022047859	0.0911672091
1	0.2618631450	0.0000004569	0.7381363981
1	0.0978849874	0.8377775837	0.0643374289
0	0.0003634135	0.1989946237	0.8006419628
0	0.0419729603	0.0784984485	0.8795285913
1	0.0037300073	0.0432813800	0.9529886127
0	0.0000000032	0.3466329910	0.6533670058
0	0.0010273483	0.4117127173	0.5872599344
0	0.0697941928	0.0128594492	0.9173463580
1	0.0772781960	0.0000151304	0.9227066736
0	0.1582122357	0.2504108791	0.5913768853
0	0.0028295828	0.0000033421	0.9971670750
0	0.0468392840	0.3068690411	0.6462916748
0	0.0000000000	0.6183587555	0.3816412445
0	0.0384132404	0.1848982428	0.7766885168
0	0.0328308750	0.7655718381	0.2015972870
1	0.0000284768	0.2907144609	0.7092570623
0	0.5077532887	0.0533214703	0.4389252410
0	0.3869460896	0.1474055501	0.4656483603
0	0.0753736730	0.5140224393	0.4106038877
0	0.2349869431	0.3809563646	0.3840566922
0	0.0012646111	0.1362673522	0.8624680367
0	0.0000000000	0.4454902366	0.5545097634
1	0.0000011962	0.9903769081	0.0096218958
0	0.0329281911	0.3460273467	0.6210444622
1	0.0000214643	0.9938114608	0.0061670749
0	0.0667833366	0.2203557102	0.7128609531
1	0.0215979745	0.0000066334	0.9783953921
1	0.0114505714	0.9811414788	0.0074079498
0	0.5994420567	0.3023696706	0.0981882727
0	0.0124951741	0.0893567369	0.8981480890
0	0.0023825078	0.1010048722	0.8966126199
0	0.0017040875	0.3340392844	0.6642566281
2	0.7105705901	0.0490013650	0.2404280449
0	0.2020449632	0.0000095911	0.7979454456
0	0.0003844836	0.3222196841	0.6773958324
0	0.0816597975	0.2016457626	0.7166944399
0	0.0000000217	0.1877257015	0.8122742768
0	0.1678569927	0.8321430073	0.0000000000
0	0.7664430589	0.2265073872	0.0070495539
0	0.0000000000	0.0060863692	0.9939136308
1	0.0211034270	0.7369942223	0.2419023507
0	0.9376985302	0.0091717758	0.0531296940
0	0.9035083096	0.0036689962	0.0928226942
0	0.1938309056	0.6763367177	0.1298323767
0	0.2599119216	0.0245358106	0.7155522678
0	0.4538249738	0.4642884937	0.0818865325
1	0.0000000000	0.6209902545	0.3790097455
0	0.2200051684	0.0004241281	0.7795707035
0	0.2585776848	0.7323853967	0.0090369185
0	0.0127670319	0.7653303388	0.2219026293
0	0.0874927566	0.1716623819	0.7408448615
0	0.3367201668	0.6521716661	0.0111081671
0	0.1903607471	0.4858366331	0.3238026198
0	0.2196318899	0.1428003416	0.6375677685
0	0.0304992834	0.8291968841	0.1403038325
0	0.9848996779	0.0000000176	0.0151003044
0	0.0228026067	0.7494117218	0.2277856715
1	0.0449652342	0.9518581233	0.0031766425
0	0.1023202818	0.0421259775	0.8555537406
0	0.1666023424	0.3431021423	0.4902955153
0	0.0008401927	0.9637859276	0.0353738797
0	0.7434684820	0.0417264319	0.2148050861
0	0.0000822091	0.4679443779	0.5319734130
0	0.0541649794	0.9313500144	0.0144850062
0	0.3388829589	0.3952399434	0.2658770977
1	0.1376641984	0.2753779046	0.5869578970
1	0.3882879295	0.0776317375	0.5340803330
1	0.0003216859	0.9674047461	0.0322735679
0	0.2213039821	0.0843220991	0.6943739188
0	0.4125704190	0.0088770006	0.5785525804
0	0.1877814668	0.7944964772	0.0177220560
0	0.6794749074	0.2838563237	0.0366687689
1	0.0631767231	0.6216307002	0.3151925768
0	0.0911949477	0.1146683654	0.7941366870
0	0.3095147058	0.0263885983	0.6640966958
0	0.0000197021	0.3929281110	0.6070521869
0	0.0056309308	0.0006953602	0.9936737089
1	0.9306565156	0.0690943447	0.0002491397
1	0.0000000000	0.1256963395	0.8743036605
0	0.0577818924	0.7645908877	0.1776272199
0	0.0000001090	0.3207184217	0.6792814694
0	0.1891099818	0.0045895585	0.8063004597
0	0.1388054194	0.2626220347	0.5985725459
0	0.4003337359	0.3080910424	0.2915752217
0	0.0626711283	0.9151393093	0.0221895623
0	0.0000000043	0.0374890409	0.9625109548
1	0.8619681038	0.1292842663	0.0087476300
0	0.0232438104	0.9726991931	0.0040569965
0	0.1200677029	0.5374556248	0.3424766723
0	0.0015581637	0.3741738336	0.6242680026
0	0.4265261284	0.0004946504	0.5729792212
0	0.0223644736	0.0404237405	0.9372117859
0	0.0543377861	0.0298102608	0.9158519531
0	0.0000000034	0.4735564954	0.5264435012
1	0.0022892924	0.6682390119	0.3294716957
1	0.4114831033	0.4394841632	0.1490327335
0	0.7853747753	0.0597388361	0.1548863886
0	0.0002904661	0.5823199078	0.4173896261
0	0.0276854686	0.8299510715	0.1423634599
0	0.3024883282	0.0762092578	0.6213024140
0	0.0000204934	0.5617546011	0.4382249054
0	0.8204428309	0.0274373056	0.1521198635
0	0.1456996592	0.2793950415	0.5749052993
0	0.4064513344	0.0274335803	0.5661150853
0	0.0360032322	0.2991052484	0.6648915195
0	0.0000035148	0.5144699799	0.4855265053
1	0.2552420219	0.7046655138	0.0400924643
0	0.0729660166	0.0157376999	0.9112962835
1	0.2573472809	0.1066960317	0.6359566874
0	0.2903047699	0.6651699269	0.0445253032
0	0.0721956515	0.9274683711	0.0003359774
1	0.0000470037	0.4680483076	0.5319046887
0	0.4749880555	0.0000249638	0.5249869807
0	0.0013743903	0.8010020105	0.1976235992
1	0.0179561287	0.0000154607	0.9820284106
0	0.0341049437	0.0004247824	0.9654702740
0	0.0586879946	0.1505843530	0.7907276523
0	0.3817710156	0.5550882661	0.0631407183
0	0.3954153128	0.1337057795	0.4708789078
0	0.1195201799	0.2799577812	0.6005220389
0	0.0650122429	0.6688210239	0.2661667332
0	0.1245894504	0.3306093672	0.5448011823
0	0.2858939521	0.4446291573	0.2694768905
0	0.8023143766	0.0047152085	0.1929704149
0	0.1376958423	0.0001214422	0.8621827156
0	0.0000623822	0.0703622672	0.9295753505
0	0.0000000013	0.0239343247	0.9760656740
0	0.0000000179	0.0337915790	0.9662084031
0	0.3868267231	0.1872703621	0.4259029148
0	0.0547834769	0.4418804920	0.5033360311
0	0.0999039519	0.5460000367	0.3540960113
0	0.0916485622	0.4932909459	0.4150604919
0	0.0179437566	0.1455397880	0.8365164555
0	0.7021999573	0.0074999214	0.2903001213
0	0.0141308795	0.4199513499	0.5659177706
0	0.4275647582	0.0647810754	0.5076541664
0	0.5888562351	0.0691456998	0.3419980651
0	0.2018727340	0.3232183930	0.4749088731
0	0.4232966089	0.5767033283	0.0000000628
0	0.0245522406	0.0076099769	0.9678377826
0	0.0878147556	0.4029595133	0.5092257311
0	0.2745279809	0.5619108025	0.1635612166
1	0.2799763991	0.0678385033	0.6521850976
0	0.0000000000	0.1313255020	0.8686744980
0	0.0000000000	0.0247378747	0.9752621253
1	0.5509405409	0.2734138465	0.1756456126
0	0.0001673327	0.4158486127	0.5839840545
0	0.1138718898	0.0016348941	0.8844932161
0	0.0103256417	0.0488173956	0.9408569627
0	0.0763420658	0.1380829243	0.7855750099
0	0.7601929344	0.1786250381	0.0611820274
1	0.0000040606	0.3001723096	0.6998236298
0	0.6682161273	0.2610753236	0.0707085491
1	0.3735788305	0.0588054970	0.5676156725
1	0.5748340833	0.2535172404	0.1716486763
0	0.2407981674	0.4874447162	0.2717571164
0	0.0000674573	0.0221531694	0.9777793732
0	0.0105520346	0.0582827144	0.9311652510
0	0.5364167376	0.1239118009	0.3396714616
0	0.2279506596	0.3094923269	0.4625570134
1	0.3933507339	0.5637535682	0.0428956980
1	0.0001055916	0.9657519917	0.0341424167
0	0.2920283153	0.7061531821	0.0018185026
0	0.0852978159	0.0552830150	0.8594191691
0	0.8859474771	0.0000003303	0.1140521926
1	0.2074501630	0.1237681385	0.6687816985
0	0.0008839695	0.3236243176	0.6754917129
0	0.2194416528	0.7685415278	0.0120168194
0	0.0005289094	0.2527992773	0.7466718132
0	0.2390036411	0.5506937187	0.2103026403
1	0.0201950820	0.2835608122	0.6962441058
0	0.0886616680	0.0686329440	0.8427053880
0	0.0743367545	0.2422530815	0.6834101640
0	0.1810723320	0.4226008759	0.3963267922
0	0.0060129830	0.9657963245	0.0281906925
1	0.5344878220	0.0108951054	0.4546170725
2	0.1406302949	0.0001144564	0.8592552487
0	0.1468229252	0.2882486661	0.5649284087
0	0.3246634179	0.3057972770	0.3695393051
1	0.0006213726	0.1312935949	0.8680850325
0	0.0077822078	0.8691828203	0.1230349719
0	0.0000128709	0.7870927367	0.2128943924
0	0.3768120967	0.5769807934	0.0462071099
0	0.0000000017	0.7653440120	0.2346559863
0	0.0004252696	0.0000000350	0.9995746955
0	0.2736322448	0.6974340069	0.0289337483
1	0.3682595653	0.0042918996	0.6274485351
0	0.0386782378	0.6726417761	0.2886799860
0	0.1935631487	0.4224425246	0.3839943267
0	0.1526136881	0.5902577160	0.2571285959
0	0.0000225415	0.9939660075	0.0060114510
0	0.0001436881	0.0614078453	0.9384484666
0	0.0863772549	0.0743307790	0.8392919660
0	0.5040565330	0.0025342980	0.4934091691
1	0.5223329072	0.0000000031	0.4776670897
0	0.0041320870	0.9665711989	0.0292967140
1	0.0585685164	0.1732484205	0.7681830631
0	0.0049597118	0.9903385356	0.0047017526
0	0.1075359079	0.7951187622	0.0973453300
1	0.1884561534	0.5574801212	0.2540637254
0	0.1672083379	0.8325833213	0.0002083408
0	0.7602623020	0.2017515727	0.0379861253
0	0.0000000003	0.3013151167	0.6986848830
1	0.0009262338	0.3349445924	0.6641291738
0	0.0000026268	0.8196290592	0.1803683140
0	0.0397126627	0.0266808053	0.9336065320
1	0.0202407173	0.3635756394	0.6161836433
0	0.0000019049	0.9999980951	0.0000000000
0	0.6261175685	0.3731848477	0.0006975838
0	0.1992315459	0.0000001962	0.8007682579
0	0.5450744425	0.0662197699	0.3887057876
0	0.0406920943	0.6338371798	0.3254707259
0	0.1122979377	0.1914963052	0.6962057571
0	0.0536257479	0.0000373974	0.9463368547
0	0.0781684393	0.9147401826	0.0070913782
0	0.0813651025	0.4864615264	0.4321733711
0	0.0896085925	0.1632369758	0.7471544317
0	0.0003112803	0.9674955825	0.0321931373
0	0.8649982440	0.0806006085	0.0544011475
0	0.3043068034	0.0216619525	0.6740312441
1	0.2290993834	0.5147485560	0.2561520606
1	0.0000038786	0.5718174918	0.4281786296
0	0.4519990789	0.0000001353	0.5480007859
0	0.0454166402	0.5208421967	0.4337411630
0	0.0001183832	0.5416810363	0.4582005805
0	0.0150867974	0.9163147360	0.0685984666
1	0.0314877717	0.9613031656	0.0072090627
0	0.0008014041	0.5918632175	0.4073353784
0	0.4896842704	0.3734245334	0.1368911962
1	0.0020583225	0.0000002838	0.9979413937
0	0.3043855266	0.0222123469	0.6734021266
0	0.6422444041	0.2811038859	0.0766517100
1	0.1277096837	0.8687006087	0.0035897076
0	0.0372890010	0.0687500084	0.8939609906
0	0.0055533855	0.1941449214	0.8003016931
0	0.1797908615	0.7601404756	0.0600686629
0	0.0047883577	0.3518770620	0.6433345803
0	0.0101713897	0.0155048480	0.9743237623
0	0.0959050161	0.8109514014	0.0931435825
0	0.0804810223	0.6444386287	0.2750803489
0	0.6671342505	0.3328576578	0.0000080917
0	0.0732307571	0.0022034567	0.9245657862
1	0.0716463130	0.8894147790	0.0389389080
0	0.0980132986	0.4608421893	0.4411445120
1	0.0349674646	0.9650240543	0.0000084811
0	0.1541051956	0.1614869571	0.6844078473
0	0.2354321216	0.7470436769	0.0175242015
1	0.0758391572	0.8136017819	0.1105590609
0	0.0000029433	0.0021115354	0.9978855213
0	0.6216805805	0.0003488089	0.3779706106
0	0.2109120405	0.2840883685	0.5049995910
0	0.2801617577	0.6930670658	0.0267711765
0	0.2988969726	0.2309469820	0.4701560454
0	0.0972511523	0.6690023789	0.2337464688
0	0.3275853419	0.1523910674	0.5200235907
1	0.0219667218	0.9360868418	0.0419464364
0	0.0000071576	0.9171402924	0.0828525500
0	0.8476168963	0.0623170855	0.0900660182
0	0.2987058797	0.6307647183	0.0705294019
0	0.9431203561	0.0000000197	0.0568796242
0	0.1802698435	0.1263783472	0.6933518093
0	0.2149534216	0.0219806014	0.7630659770
0	0.1300430230	0.0331921048	0.8367648722
0	0.1394735417	0.0741485145	0.7863779438
0	0.8818992179	0.1078562648	0.0102445174
1	0.0280000159	0.4045269728	0.5674730113
0	0.1017841819	0.0223593937	0.8758564244
0	0.3683756498	0.5395377050	0.0920866452
1	0.1640571856	0.7781058792	0.0578369352
0	0.1172476970	0.5199874619	0.3627648411
0	0.0044821092	0.6781108750	0.3174070157
0	0.8038862416	0.0001316518	0.1959821065
0	0.0000193507	0.0224518622	0.9775287871
0	0.9999986793	0.0000000193	0.0000013014
1	0.0000000000	0.9920980501	0.0079019499
0	0.0001770951	0.4637595867	0.5360633182
0	0.0004592074	0.9994360218	0.0001047708
0	0.1033632605	0.8966356865	0.0000010530
1	0.6238905528	0.3639326067	0.0121768404
0	0.0002280368	0.4012347460	0.5985372172
0	0.0000837299	0.8218803161	0.1780359540
1	0.0001170571	0.4741781252	0.5257048177
0	0.0049617433	0.9949731278	0.0000651289
1	0.0767131546	0.0333771566	0.8899096888
0	0.1546743537	0.5961281434	0.2491975029
0	0.5777634200	0.3055314921	0.1167050879
1	0.1163766673	0.0063943820	0.8772289507
0	0.8023000537	0.1950475540	0.0026523923
1	0.0226610181	0.5006813839	0.4766575980
0	0.0000000049	0.6696176255	0.3303823696
0	0.4947208777	0.1168368453	0.3884422770
1	0.0083587106	0.2646553840	0.7269859055
1	0.0670440740	0.1238890808	0.8090668452
0	0.0000002144	0.6810926622	0.3189071235
0	0.7133089075	0.0016724547	0.2850186378
0	0.2451242894	0.0000621371	0.7548135736
1	0.0036618808	0.6926627997	0.3036753196
0	0.1688398833	0.8303390773	0.0008210393
0	0.1702348623	0.3493677272	0.4803974105
0	0.0679462330	0.8584654128	0.0735883542
0	0.1937805223	0.8062194714	0.0000000063
0	0.4732199710	0.0036491300	0.5231308990
0	0.4296244443	0.4463300086	0.1240455471
0	0.0074139484	0.8401565284	0.1524295232
0	0.0005100064	0.7632873923	0.2362026013
1	0.2057137701	0.3948175881	0.3994686418
0	0.0125365038	0.9303809516	0.0570825446
0	0.0008008767	0.9279367520	0.0712623713
1	0.1166924287	0.3871391178	0.4961684535
1	0.0669677779	0.8050939139	0.1279383082
0	0.0090164900	0.0368469915	0.9541365185
0	0.0005952550	0.4757279169	0.5236768281
0	0.0000000000	0.8659735880	0.1340264120
0	0.9049519992	0.0003346298	0.0947133710
0	0.0251541050	0.0007015397	0.9741443552
0	0.0717493203	0.0705507501	0.8576999296
0	0.0098960085	0.4973086829	0.4927953087
0	0.0535782757	0.0003334523	0.9460882720
0	0.0039999023	0.7346490229	0.2613510748
1	0.8861459019	0.0000075114	0.1138465867
0	0.4392070758	0.4441929409	0.1165999834
0	0.0052901536	0.3371771022	0.6575327442
1	0.9753462876	0.0133754940	0.0112782183
0	0.0000000008	0.9999995064	0.0000004928
0	0.0333364825	0.0200144026	0.9466491149
1	0.2351249954	0.2311282154	0.5337467892
0	0.0340325764	0.1339884546	0.8319789689
0	0.0322942240	0.2778275469	0.6898782291
0	0.0010288795	0.4529682381	0.5460028824
1	0.0064534906	0.9144882492	0.0790582602
0	0.4698799290	0.5284003805	0.0017196906
0	0.0000925739	0.4478590807	0.5520483454
0	0.5575682964	0.0000012815	0.4424304221
0	0.0116932353	0.2319119662	0.7563947986
1	0.1322392537	0.0761699910	0.7915907553
0	0.0063092850	0.0874412671	0.9062494479
1	0.9222407290	0.0482582662	0.0295010048
0	0.5824282812	0.4119014322	0.0056702866
1	0.0085440441	0.4023737431	0.5890822128
0	0.4924904564	0.4362244431	0.0712851005
0	0.5906094543	0.0347128113	0.3746777343
0	0.0066142658	0.0027385225	0.9906472117
0	0.9143781777	0.0717886531	0.0138331691
0	0.0108765415	0.0008935568	0.9882299017
0	0.2015027192	0.7491536361	0.0493436446
0	0.0263210061	0.0532287359	0.9204502580
0	0.0001198800	0.1211329579	0.8787471621
1	0.1043556399	0.3880737179	0.5075706422
0	0.1455238123	0.7620336351	0.0924425526
0	0.3005806915	0.5925037792	0.1069155293
0	0.0852051414	0.3554702794	0.5593245792
0	0.0974290653	0.1542468796	0.7483240551
0	0.0000165859	0.2830822884	0.7169011256
0	0.4414554595	0.3057246548	0.2528198857
0	0.0020377309	0.9787060912	0.0192561779
0	0.3826788773	0.1853627187	0.4319584040
0	0.0028231183	0.9847076811	0.0124692005
0	0.1417358274	0.6005521390	0.2577120336
0	0.0622247709	0.3555812360	0.5821939931
0	0.3724523819	0.3785187769	0.2490288412
0	0.0724588912	0.5669552708	0.3605858380
1	0.3128735447	0.0005330076	0.6865934477
0	0.0253663157	0.7462203439	0.2284133404
0	0.2029999737	0.2658339628	0.5311660635
0	0.0001438868	0.8746300738	0.1252260394
0	0.0422283648	0.9577716352	0.0000000000
1	0.0116579380	0.9427293685	0.0456126936
0	0.0210117894	0.4906481431	0.4883400675
0	0.0041942814	0.2721463324	0.7236593862
1	0.0062339961	0.4656432999	0.5281227041
1	0.2514556739	0.0157526187	0.7327917074
0	0.1707153135	0.0669314946	0.7623531919
0	0.0506619662	0.3988428998	0.5504951340
0	0.0000000000	0.8153432104	0.1846567896
0	0.0363586945	0.0002874536	0.9633538519
0	0.0133471375	0.4698511707	0.5168016918
1	0.8048924928	0.1039030011	0.0912045061
0	0.7933218682	0.0613078638	0.1453702680
0	0.0000000000	0.8349730825	0.1650269175
0	0.0000317858	0.0321813301	0.9677868841
1	0.0000979751	0.9998990315	0.0000029934
0	0.1274096667	0.0971226193	0.7754677140
0	0.0894350315	0.6487864459	0.2617785226
0	0.3064169655	0.6384230308	0.0551600038
1	0.1161945804	0.7428731396	0.1409322800
0	0.3506501884	0.6282771685	0.0210726431
0	0.0002256136	0.3708460117	0.6289283747
0	0.7364438034	0.0101804745	0.2533757221
0	0.6561372035	0.0539033528	0.2899594437
0	0.4178956321	0.4080721180	0.1740322498
0	0.0797084476	0.7434778122	0.1768137402
0	0.0000000000	0.5551029414	0.4448970586
0	0.1789261828	0.7928070313	0.0282667859
0	0.1263090667	0.2954859000	0.5782050333
0	0.0030078611	0.4043554766	0.5926366622
0	0.0664350849	0.7634180172	0.1701468979
0	0.0084772678	0.5098508695	0.4816718627
0	0.0421163294	0.0505987279	0.9072849427
1	0.0001552434	0.4120006010	0.5878441556
0	0.0398858745	0.9037721068	0.0563420187
0	0.1963678078	0.0108522707	0.7927799215
0	0.0334371818	0.9662332180	0.0003296002
0	0.0050949968	0.9638481654	0.0310568377
0	0.8124415273	0.0000000000	0.1875584727
0	0.5418083362	0.4570005540	0.0011911098
1	0.6045911644	0.3517888972	0.0436199384
0	0.6104703096	0.3755340800	0.0139956104
0	0.2490991278	0.2307102771	0.5201905950
0	0.0040968877	0.1928642318	0.8030388805
0	0.0653088677	0.3749796699	0.5597114623
0	0.0010482184	0.4620980066	0.5368537750
0	0.0119488087	0.7134138445	0.2746373468
0	0.5511938415	0.0466688434	0.4021373151
0	0.6437770558	0.3562193279	0.0000036163
1	0.6013447016	0.3974754933	0.0011798051
1	0.0000019261	0.1878729427	0.8121251313
0	0.7956104794	0.1535706689	0.0508188517
0	0.0002638594	0.0747686185	0.9249675221
1	0.0004557600	0.1786851216	0.8208591184
0	0.0269796252	0.8576887745	0.1153316003
0	0.0625383730	0.8374029288	0.1000586981
2	0.4561550544	0.3437926584	0.2000522872
1	0.5799242111	0.3387944574	0.0812813314
0	0.5832436516	0.0291755573	0.3875807910
0	0.0000132709	0.4267692790	0.5732174502
1	0.5094350780	0.3567867234	0.1337781987
0	0.1707156495	0.8196913103	0.0095930402
0	0.0000000000	0.2991426977	0.7008573023
0	0.6165053182	0.3115110470	0.0719836347
0	0.2170454893	0.5364344462	0.2465200645
0	0.0353374329	0.0702662921	0.8943962749
0	0.1521777331	0.1343571326	0.7134651343
0	0.3304017158	0.6261181398	0.0434801444
0	0.2698034049	0.1983260618	0.5318705333
0	0.0001862332	0.5234105895	0.4764031774
0	0.0014194647	0.4972387175	0.5013418178
0	0.0208566327	0.3689362373	0.6102071300
