0	0.0040100738	0.9935601415	0.0024297847
0	0.3779157901	0.0193813968	0.6027028131
0	0.0000018290	0.1405928421	0.8594053289
0	0.8065606813	0.0038430842	0.1895962345
0	0.9874264026	0.0125735974	0.0000000000
0	0.4740492326	0.5259507674	0.0000000000
0	0.2711445276	0.7074791630	0.0213763094
0	0.8728522904	0.0884958215	0.0386518881
0	0.9872104272	0.0005951350	0.0121944378
1	0.0516707886	0.5335698095	0.4147594020
0	0.8980367572	0.0835646065	0.0183986362
0	0.9956348975	0.0026519389	0.0017131635
1	0.8304205355	0.0088279531	0.1607515114
0	0.4297874965	0.3888415005	0.1813710030
0	0.1050017564	0.8942450492	0.0007531944
0	0.5379700755	0.4367305248	0.0252993997
0	0.0007572751	0.8261965300	0.1730461950
1	0.8404596248	0.1460747790	0.0134655962
0	0.4966769147	0.4578954399	0.0454276454
0	0.0733705849	0.9242806222	0.0023487929
0	0.8421012272	0.0205253416	0.1373734312
0	0.0454578919	0.1729584523	0.7815836558
0	0.8144080511	0.0928877611	0.0927041878
0	0.4538767932	0.5112980955	0.0348251113
1	0.9993269210	0.0005669445	0.0001061345
0	0.7176164983	0.2823784914	0.0000050103
0	0.0011419805	0.0111317249	0.9877262946
0	0.7026641674	0.2859631904	0.0113726422
0	0.1636841646	0.7981771916	0.0381386438
0	0.4193717584	0.1656435721	0.4149846695
1	0.3859598480	0.6112882589	0.0027518931
1	0.5813715444	0.0188095099	0.3998189457
0	0.4459998508	0.5533694801	0.0006306691
0	0.3563617028	0.1844984006	0.4591398966
0	0.8049983292	0.1342970325	0.0607046383
0	0.9248741096	0.0398981091	0.0352277813
0	0.8755227730	0.1227968518	0.0016803751
0	0.1226294468	0.8738461945	0.0035243587
0	0.9020336748	0.0976861929	0.0002801323
0	0.5642526690	0.0452909751	0.3904563559
0	0.0848805778	0.8673584841	0.0477609380
1	0.9986694362	0.0013301920	0.0000003718
0	0.0013196930	0.5702389224	0.4284413847
0	0.8049920067	0.1950079929	0.0000000004
0	0.1008242357	0.8991757642	0.0000000002
0	0.2679789532	0.2103096328	0.5217114139
0	0.0186924698	0.9733608143	0.0079467160
0	0.2027019812	0.7904230766	0.0068749421
1	0.4744790154	0.5209738558	0.0045471287
0	0.1711959894	0.7946075101	0.0341965004
0	0.9492063973	0.0497295680	0.0010640347
0	0.0776039874	0.4502074400	0.4721885726
0	0.2247962746	0.7146661218	0.0605376036
0	0.8403851840	0.0171654630	0.1424493530
1	0.9329019532	0.0220335470	0.0450644998
0	0.0027974365	0.9542793699	0.0429231936
0	0.9957881824	0.0011015087	0.0031103089
0	0.4402714701	0.0025746055	0.5571539244
1	0.5213455274	0.1763539561	0.3023005165
0	0.0030603307	0.9969396693	0.0000000001
0	0.6125668769	0.2685110112	0.1189221120
0	0.3238597198	0.0028897795	0.6732505007
1	0.9405433100	0.0594539430	0.0000027471
0	0.3525712881	0.6104561510	0.0369725609
2	0.1398132088	0.2425657462	0.6176210450
0	0.2849920737	0.6974922503	0.0175156760
0	0.0056679764	0.9176265115	0.0767055121
0	0.8345951083	0.1441502001	0.0212546916
1	0.0485610702	0.3910454170	0.5603935128
0	0.0265627139	0.4407140436	0.5327232425
0	0.0199817963	0.0000000000	0.9800182037
0	0.2299179654	0.7684199393	0.0016620953
0	0.6364699603	0.0829366635	0.2805933762
0	0.7234259166	0.2765740828	0.0000000006
0	0.5311632159	0.3001645923	0.1686721919
0	0.0002142318	0.9046005772	0.0951851910
0	0.9904497564	0.0095047276	0.0000455159
1	0.5522518524	0.4143244197	0.0334237280
0	0.0368407237	0.5934282639	0.3697310124
1	0.9934110996	0.0002113297	0.0063775707
0	0.2031098431	0.7402391039	0.0566510530
0	0.9990301645	0.0009698355	0.0000000000
0	0.0265278107	0.3280484013	0.6454237880
0	0.9577291244	0.0287111078	0.0135597678
0	0.4756182598	0.4932110184	0.0311707217
0	0.3838848032	0.0165186576	0.5995965392
1	0.3199128520	0.3767058126	0.3033813354
0	0.0000972806	0.2395295434	0.7603731760
0	0.3726829861	0.6256660387	0.0016509752
0	0.2366803380	0.7633196620	0.0000000000
0	0.8976880471	0.0025012083	0.0998107447
1	0.6646485284	0.2884118750	0.0469395966
0	0.0000000091	0.0403766907	0.9596233002
0	0.7633397312	0.2199139494	0.0167463195
0	0.1120190923	0.0395414859	0.8484394218
0	0.8316020529	0.0000000000	0.1683979471
0	0.7498500283	0.1069838779	0.1431660937
0	0.3830933432	0.6005063167	0.0164003401
1	0.0155562690	0.9843057680	0.0001379630
0	0.0186456536	0.0845077264	0.8968466200
1	0.3167174736	0.0566880132	0.6265945131
0	0.1754557343	0.1046660243	0.7198782414
0	0.8410256885	0.0246338257	0.1343404859
0	0.5084354299	0.3681119437	0.1234526264
1	0.7458582441	0.1413544824	0.1127872735
1	0.2350181384	0.0144369803	0.7505448812
0	0.1495372534	0.7329569167	0.1175058299
1	0.6600609397	0.2606425641	0.0792964962
1	0.8919302506	0.1017706759	0.0062990735
0	0.3453807313	0.6542729784	0.0003462903
0	0.2355284503	0.7644659123	0.0000056374
1	0.7950664196	0.2049335804	0.0000000000
0	0.0000000000	0.6120183726	0.3879816274
0	0.9785497635	0.0000032402	0.0214469964
0	0.9937841579	0.0062158417	0.0000000004
1	0.8847412008	0.0023154318	0.1129433674
0	0.9940802696	0.0059088225	0.0000109079
0	0.2574523834	0.6734572171	0.0690903995
0	0.8853432947	0.0987904683	0.0158662370
0	0.7971155238	0.1963137006	0.0065707756
0	0.6656783196	0.2140745928	0.1202470875
0	0.0396073102	0.5619996524	0.3983930374
1	0.0131800178	0.6427627936	0.3440571886
0	0.0346265377	0.9648086232	0.0005648391
0	0.1709232859	0.0993194520	0.7297572621
0	0.2871977736	0.2369050248	0.4758972016
0	0.4422017899	0.5577979954	0.0000002147
0	0.6993109553	0.2791707181	0.0215183266
0	0.1879478067	0.5508127973	0.2612393959
0	0.0000026746	0.4608199863	0.5391773391
0	0.5790682812	0.1535581491	0.2673735697
0	0.2326236238	0.4980836831	0.2692926931
0	0.3780169893	0.6087692776	0.0132137331
0	0.2395754268	0.7600983504	0.0003262228
1	0.2445600792	0.6931497930	0.0622901278
1	0.7683624117	0.0215693559	0.2100682324
0	0.2802871071	0.7197128929	0.0000000000
0	0.9656159227	0.0343766758	0.0000074014
0	0.5129840566	0.1865125229	0.3005034205
0	0.0130763885	0.7694894809	0.2174341306
0	0.7399372934	0.0594581261	0.2006045805
1	0.9999179593	0.0000000001	0.0000820406
0	0.9618497700	0.0381480538	0.0000021762
0	0.6774196582	0.2964031046	0.0261772372
0	0.2461898721	0.6030820646	0.1507280633
0	0.7700317264	0.2107362913	0.0192319823
0	0.0400908358	0.8521572614	0.1077519028
0	0.0642594002	0.5477286562	0.3880119436
1	0.0208473715	0.9531548384	0.0259977901
0	0.3751853224	0.6247703834	0.0000442942
0	0.1134702088	0.3121427264	0.5743870648
0	0.8803987048	0.1145531304	0.0050481648
1	0.6182218730	0.0028081826	0.3789699444
0	0.8649610956	0.1145178241	0.0205210803
0	0.6642429504	0.0001090010	0.3356480486
0	0.2248347686	0.6758800270	0.0992852044
0	0.0000010905	0.4301656930	0.5698332165
0	0.0000007509	0.5409879956	0.4590112535
0	0.7521290736	0.0131663039	0.2347046225
0	0.1081228636	0.0015469995	0.8903301369
0	0.9699854949	0.0300144999	0.0000000052
0	0.3339099895	0.6113469356	0.0547430749
1	0.5059000079	0.4940999921	0.0000000000
0	0.0000007276	0.9916018622	0.0083974102
0	0.9801495942	0.0155116010	0.0043388047
0	0.7443381670	0.1324529903	0.1232088427
0	0.6870319867	0.2324458073	0.0805222060
0	0.9509091210	0.0470114263	0.0020794527
0	0.4926593971	0.4741712574	0.0331693454
0	0.6976309437	0.2508721367	0.0514969196
0	0.9882028744	0.0115386534	0.0002584723
0	0.0252668922	0.9747330127	0.0000000951
0	0.0841192563	0.8741730098	0.0417077340
0	0.2003949497	0.7996042313	0.0000008190
0	0.7681925428	0.0436393660	0.1881680911
1	0.0013684821	0.9931056791	0.0055258389
0	0.5424258446	0.1852214813	0.2723526742
0	0.0000000000	0.0870868201	0.9129131799
0	0.0356470521	0.8335570741	0.1307958739
0	0.3390458561	0.6211319659	0.0398221780
0	0.4130424067	0.0414093507	0.5455482426
1	0.9448918607	0.0519319850	0.0031761543
0	0.4812755070	0.5185432299	0.0001812631
0	0.7773577628	0.1830429179	0.0395993193
0	0.3320342633	0.0099749729	0.6579907638
1	0.9954767300	0.0032622080	0.0012610620
0	0.9141429284	0.0787333014	0.0071237701
0	0.5420847426	0.4577898683	0.0001253891
0	0.3919091036	0.6048308184	0.0032600780
0	0.2643530706	0.5462588155	0.1893881138
0	0.4672184988	0.5323254281	0.0004560731
0	0.4233828580	0.0000002697	0.5766168723
0	0.9582590764	0.0416275413	0.0001133823
0	0.3880174682	0.1212920251	0.4906905067
0	0.1249782256	0.5737935277	0.3012282467
0	0.2926043956	0.6704337366	0.0369618678
0	0.9825564318	0.0163906524	0.0010529158
0	0.7651080428	0.1821709796	0.0527209776
0	0.1913357608	0.7665807049	0.0420835343
0	0.5133374765	0.4866625234	0.0000000002
1	0.3985991550	0.5877676262	0.0136332188
0	0.3684676210	0.3275406660	0.3039917130
0	0.9590237685	0.0233388634	0.0176373681
0	0.8787979321	0.0260968117	0.0951052562
0	0.0000001536	0.9851345825	0.0148652639
1	0.6736176355	0.2980515574	0.0283308071
0	0.9922838062	0.0076987217	0.0000174721
1	0.7108576441	0.1853131054	0.1038292506
0	0.3566199367	0.6432972466	0.0000828167
0	0.7272986687	0.2429735134	0.0297278179
0	0.9772555935	0.0020912759	0.0206531306
0	0.1163057904	0.7129152955	0.1707789141
0	0.0100196088	0.2376521432	0.7523282480
0	0.9608672891	0.0000010248	0.0391316860
0	0.1391114539	0.0523857685	0.8085027776
0	0.7726939106	0.0000000000	0.2273060894
0	0.9996213687	0.0003343984	0.0000442328
0	0.7142523335	0.2857476578	0.0000000087
0	0.2204951147	0.4541385040	0.3253663813
0	0.8374451825	0.0219998113	0.1405550063
0	0.9712387162	0.0287210267	0.0000402571
0	0.0028516908	0.9881889274	0.0089593817
0	0.8525528147	0.0000194525	0.1474277328
0	0.3457037250	0.6283429857	0.0259532892
0	0.2854960286	0.6779814378	0.0365225336
0	0.4714356095	0.5280669610	0.0004974295
0	0.9032734385	0.0928396524	0.0038869091
0	0.4438221598	0.0722515486	0.4839262916
0	0.8119851572	0.0661487008	0.1218661420
0	0.2275998189	0.5262540096	0.2461461714
0	0.2303546074	0.2547505812	0.5148948114
1	0.0588528135	0.9258679542	0.0152792323
0	0.0192063487	0.9750714376	0.0057222137
0	0.4512860679	0.4860289329	0.0626849992
0	0.0978077081	0.8554014214	0.0467908705
0	0.0000750310	0.9946309846	0.0052939843
1	0.2787031573	0.6540069198	0.0672899229
0	0.9691944213	0.0308055787	0.0000000000
0	0.1327563957	0.8226594197	0.0445841845
1	0.3653045678	0.5341495055	0.1005459267
0	0.1129936303	0.8844778139	0.0025285558
0	0.1120320800	0.5790144929	0.3089534271
1	0.8879560790	0.0000070377	0.1120368833
1	0.9202206411	0.0667888075	0.0129905513
1	0.1287634156	0.8443159029	0.0269206814
1	0.2359092166	0.7357564394	0.0283343440
0	0.4205541884	0.0129247765	0.5665210351
0	0.9768667354	0.0093557389	0.0137775257
0	0.9316415553	0.0683584447	0.0000000001
0	0.9537542955	0.0170886692	0.0291570354
0	0.9775592600	0.0215309945	0.0009097455
0	0.9505456384	0.0285545915	0.0208997701
1	0.2863927257	0.6331476578	0.0804596165
1	0.9522607386	0.0475143878	0.0002248736
0	0.0926348642	0.0037335609	0.9036315749
1	0.9371508300	0.0628491700	0.0000000000
0	0.0665922981	0.6674425535	0.2659651484
0	0.2881117298	0.3282039100	0.3836843603
0	0.1989434184	0.6247438254	0.1763127562
1	0.5825529094	0.3863001837	0.0311469070
0	0.4637115890	0.5335984587	0.0026899523
0	0.5370625214	0.4546766697	0.0082608089
0	1.0000000000	0.0000000000	0.0000000000
0	0.0641102469	0.9250606369	0.0108291162
0	0.2659129161	0.0258837801	0.7082033037
0	0.8013068649	0.1709203644	0.0277727706
0	0.4212888720	0.2842311718	0.2944799562
1	0.9441881357	0.0552883517	0.0005235126
0	0.9678150257	0.0321849743	0.0000000000
0	0.0038885235	0.9938280491	0.0022834274
0	0.9658656561	0.0289180763	0.0052162676
0	0.6004770638	0.1538057187	0.2457172175
0	0.1119233629	0.8371733384	0.0509032986
0	0.3666437127	0.5817478311	0.0516084561
0	0.0686432254	0.9269676737	0.0043891009
0	0.9014514659	0.0000000003	0.0985485338
0	0.1827169079	0.4918896260	0.3253934661
0	0.8412469683	0.1430859213	0.0156671104
1	0.9018748055	0.0000000014	0.0981251930
0	0.7783068477	0.2216931523	0.0000000000
0	0.3407703976	0.6592296002	0.0000000022
0	0.9652538703	0.0136598749	0.0210862548
0	0.0476029708	0.8658156226	0.0865814066
0	0.0848963474	0.8878581108	0.0272455418
0	0.1284643976	0.5323377887	0.3391978136
0	0.3367820506	0.5144215227	0.1487964267
0	0.9050743854	0.0606401844	0.0342854302
0	0.4447929192	0.5156855213	0.0395215595
0	0.1405949841	0.8593611251	0.0000438907
0	0.3886151897	0.5446206734	0.0667641369
0	0.3338652275	0.3235832199	0.3425515526
0	0.7016229865	0.1346577459	0.1637192676
0	0.3412525796	0.0498133085	0.6089341119
0	0.9883590357	0.0018200141	0.0098209502
0	0.4977505115	0.0014081565	0.5008413320
1	0.9999995021	0.0000004319	0.0000000660
0	0.9891193305	0.0093605534	0.0015201161
0	0.0416144715	0.9107123943	0.0476731341
1	0.9071363980	0.0000038471	0.0928597549
0	0.5494036741	0.4488944978	0.0017018281
0	0.0000001884	0.9863258230	0.0136739886
0	0.9463694492	0.0520615448	0.0015690061
1	0.4486560458	0.5513219972	0.0000219570
0	0.1494983165	0.8505016722	0.0000000113
0	0.0861886211	0.8821430278	0.0316683511
0	0.9468838341	0.0042582493	0.0488579167
0	0.0000849311	0.1271832820	0.8727317869
0	0.1926170733	0.0704954736	0.7368874531
0	0.2478131274	0.6092437337	0.1429431389
0	0.1104460744	0.7987547622	0.0907991634
1	0.9500802496	0.0499196183	0.0000001321
0	0.0034079597	0.6971211376	0.2994709028
0	0.0862951158	0.7506146374	0.1630902469
0	0.9534645837	0.0465354155	0.0000000008
0	0.1566803432	0.7989508525	0.0443688043
1	0.0371150231	0.3786378390	0.5842471379
1	0.1022228509	0.8013954781	0.0963816710
0	0.0477776367	0.8532170352	0.0990053281
0	0.0245643060	0.9754356940	0.0000000000
0	0.9083043225	0.0908581025	0.0008375750
1	0.7680829766	0.1911180031	0.0407990203
0	0.0137101987	0.3564644075	0.6298253938
0	0.7086960844	0.0030048632	0.2882990524
0	0.0505092212	0.2030701492	0.7464206295
0	0.9993771879	0.0006218069	0.0000010051
0	0.9005218545	0.0994781455	0.0000000000
0	0.2767269091	0.5954763215	0.1277967693
0	0.0718356168	0.8956020655	0.0325623177
0	0.9994066000	0.0005933998	0.0000000002
0	0.0211317087	0.1446637650	0.8342045263
0	0.9603840695	0.0313266664	0.0082892641
1	0.7142363454	0.0587582405	0.2270054141
0	0.9949955389	0.0045760821	0.0004283790
0	0.9939539446	0.0033732492	0.0026728062
0	0.1812604457	0.8033619736	0.0153775808
0	0.9350902933	0.0649097067	0.0000000000
1	0.0085721079	0.1297685004	0.8616593917
0	0.9929060646	0.0042159544	0.0028779810
1	0.9826795903	0.0150098445	0.0023105652
0	0.4196606453	0.4846059833	0.0957333713
0	0.8968190634	0.1027816735	0.0003992631
1	0.7957253042	0.0145461778	0.1897285180
1	0.4010482080	0.4444978014	0.1544539906
0	0.0000000029	0.9766792240	0.0233207731
0	0.0210566792	0.9120891508	0.0668541700
0	0.0020379446	0.0104460483	0.9875160071
0	0.8843656390	0.1152472876	0.0003870735
0	0.4648449995	0.5349937800	0.0001612205
0	0.4999360683	0.4805791293	0.0194848024
1	0.0000000705	0.9886274961	0.0113724334
0	0.9675521762	0.0283084439	0.0041393799
0	0.7552265424	0.2147024578	0.0300709998
2	0.0000002090	0.9835499392	0.0164498517
0	0.1803321869	0.5849021711	0.2347656420
0	0.9915579976	0.0084405931	0.0000014094
0	0.3056517584	0.4308979067	0.2634503349
0	0.9626822304	0.0000000000	0.0373177696
0	0.0670248176	0.0000000000	0.9329751824
0	0.0008286885	0.5839552308	0.4152160807
0	0.9522329615	0.0477214602	0.0000455783
1	0.3398592008	0.0049650810	0.6551757182
0	0.2846884322	0.1931485228	0.5221630450
1	0.0000799720	0.0836079674	0.9163120606
0	0.9694412706	0.0139244823	0.0166342471
0	0.8238976730	0.0784382122	0.0976641148
1	0.2256482108	0.1205782246	0.6537735645
0	0.7699291678	0.2195613096	0.0105095227
0	0.9595244676	0.0242267537	0.0162487786
0	0.1874067261	0.8125925737	0.0000007003
0	0.9916827552	0.0015130111	0.0068042337
0	0.9954847607	0.0007575766	0.0037576627
1	0.9155517222	0.0049287287	0.0795195491
0	0.7182082716	0.0002939687	0.2814977598
0	0.4325889459	0.5664383182	0.0009727359
0	0.1925687177	0.0454220475	0.7620092348
0	0.1283588178	0.7396901479	0.1319510343
0	0.0006359899	0.9731958831	0.0261681270
1	0.4878601961	0.5121397841	0.0000000198
1	0.6028633822	0.2726062827	0.1245303351
0	0.8902989142	0.0082918832	0.1014092026
0	0.8864029869	0.1134757943	0.0001212188
0	0.7444433890	0.0670823376	0.1884742734
0	0.8463333915	0.0640689208	0.0895976878
1	0.6191971157	0.2443574314	0.1364454529
0	0.9902019438	0.0037731019	0.0060249543
0	0.5731543226	0.0000360388	0.4268096386
1	0.0000038706	0.6370470752	0.3629490542
0	0.8593570446	0.1290297139	0.0116132415
2	0.5119418337	0.4696204774	0.0184376889
0	0.6154310065	0.1566939115	0.2278750820
0	0.1175279210	0.7204941012	0.1619779777
0	0.1500858531	0.8140014402	0.0359127067
0	0.4059938160	0.0536116621	0.5403945219
0	0.5326303423	0.4281246457	0.0392450120
0	0.0052394687	0.9947605308	0.0000000005
0	0.0000000000	0.5617510531	0.4382489469
0	0.7076796307	0.2858637316	0.0064566378
2	0.8649650017	0.1132524132	0.0217825851
0	0.3918140798	0.5153454151	0.0928405050
0	0.5376409002	0.3259413138	0.1364177860
0	0.2488631151	0.5425963049	0.2085405800
0	0.8305010255	0.0490396213	0.1204593533
0	0.9991429084	0.0000041628	0.0008529287
0	0.9943584203	0.0050880086	0.0005535711
0	0.8573027786	0.1186835349	0.0240136865
0	0.0753457705	0.0770562400	0.8475979895
0	0.3183377856	0.5083755628	0.1732866516
1	0.4699473994	0.5300526006	0.0000000000
0	0.6579335380	0.3322163281	0.0098501339
0	0.6324967652	0.3234967862	0.0440064485
0	0.3319021004	0.5584616650	0.1096362346
0	0.2939906624	0.4907907613	0.2152185763
0	0.1369703004	0.8630269684	0.0000027312
0	0.8597205899	0.0934406803	0.0468387298
0	0.9485096563	0.0151442277	0.0363461160
0	0.0134392190	0.9641389143	0.0224218667
0	0.4595733699	0.2816122829	0.2588143471
0	0.2773968047	0.0063853005	0.7162178948
0	0.7343659218	0.2653063186	0.0003277596
0	0.4943683862	0.2661115711	0.2395200427
0	0.9691995526	0.0078066636	0.0229937838
0	0.0077546332	0.7711628590	0.2210825078
0	0.7577609606	0.2190191405	0.0232198990
0	0.6122028000	0.1755887658	0.2122084342
0	0.8712816539	0.1286109256	0.0001074205
0	0.0145940922	0.8685792149	0.1168266929
0	0.5327981315	0.2372955727	0.2299062958
0	0.8090415067	0.1644634031	0.0264950902
0	0.0964628959	0.7938153884	0.1097217158
0	0.0922368974	0.0001837221	0.9075793805
0	0.1899224854	0.5212219369	0.2888555777
0	0.1351235677	0.7937866619	0.0710897704
0	0.8044105390	0.1651982355	0.0303912255
0	0.9284417690	0.0615130472	0.0100451838
0	0.9993379080	0.0000089587	0.0006531333
0	0.3813724112	0.3016350445	0.3169925443
1	0.8421989471	0.1483339943	0.0094670586
0	0.3668157655	0.6331474743	0.0000367602
0	0.0401199190	0.9426064261	0.0172736549
0	0.7081133925	0.1868403884	0.1050462192
0	0.9475283234	0.0149092421	0.0375624344
0	0.6578705449	0.3421206662	0.0000087888
0	0.5374821790	0.3322527051	0.1302651159
0	0.9668690429	0.0331307103	0.0000002469
0	0.9274442422	0.0208529256	0.0517028322
0	0.3677144393	0.4197412490	0.2125443117
0	0.3357001737	0.3350402304	0.3292595959
0	0.9043453876	0.0955967628	0.0000578496
0	0.2805198439	0.0015177843	0.7179623718
0	0.7566660454	0.1498668792	0.0934670754
1	0.7881173864	0.0264918032	0.1853908104
0	0.9612538411	0.0213775024	0.0173686565
0	0.2905525606	0.0184784363	0.6909690031
0	0.9693630701	0.0000000000	0.0306369299
0	0.1115223907	0.0004160281	0.8880615812
0	0.0129859056	0.9177211214	0.0692929730
0	0.8954677750	0.0032321839	0.1013000411
0	0.0116590786	0.0000000034	0.9883409181
0	0.9057723261	0.0000007014	0.0942269725
0	0.2305472735	0.7694256451	0.0000270814
0	0.9712971142	0.0285120958	0.0001907900
0	0.2564813092	0.7248977761	0.0186209147
0	0.0244747493	0.1447268061	0.8307984446
1	0.9443477288	0.0556522688	0.0000000025
0	0.0025223636	0.9074051824	0.0900724540
0	0.0003238990	0.9985636011	0.0011124999
0	0.4108423202	0.4831687864	0.1059888935
0	0.1222823053	0.7628178951	0.1148997996
0	0.9994752168	0.0002648698	0.0002599134
0	0.0381203298	0.7499095844	0.2119700857
0	0.4449466572	0.4866473867	0.0684059561
1	0.8677150165	0.0899552766	0.0423297069
1	0.4149312491	0.5054289957	0.0796397552
0	0.3048782949	0.6291734707	0.0659482343
0	0.9263128709	0.0534724254	0.0202147038
0	0.8467165761	0.1532834239	0.0000000000
0	0.3381045826	0.6501767549	0.0117186625
0	0.0005729575	0.7144841424	0.2849429000
0	0.9555662427	0.0001713713	0.0442623860
0	0.0003320585	0.9996399137	0.0000280278
0	0.9873004240	0.0126070810	0.0000924951
2	0.9190165240	0.0809834760	0.0000000000
0	0.0518162713	0.0195325080	0.9286512207
0	0.0858740347	0.9130519263	0.0010740390
0	0.4369964700	0.5630035014	0.0000000286
0	0.3716403311	0.0238643333	0.6044953356
0	0.0000782674	0.1023169531	0.8976047795
0	0.1863063667	0.7892969164	0.0243967168
0	0.3275444260	0.5543839350	0.1180716391
0	0.1919277442	0.0162650998	0.7918071560
0	0.7273446399	0.2726553601	0.0000000000
0	0.1184067398	0.8471519024	0.0344413578
0	0.6554370457	0.2654840087	0.0790789457
0	0.6865414261	0.3133645503	0.0000940236
0	0.5823186624	0.4166388536	0.0010424839
1	0.0001340179	0.8923911027	0.1074748795
0	0.1951961771	0.5214296369	0.2833741860
0	0.0313293731	0.9656969271	0.0029736998
0	0.6036998606	0.3116488581	0.0846512813
0	0.0394609190	0.8760180903	0.0845209907
