0	0.0000173973	0.0719703453	0.9280122574
0	0.6529660839	0.2327110301	0.1143228861
0	0.0000139145	0.1163012303	0.8836848552
0	0.4890511899	0.4976426203	0.0133061898
1	0.6737834981	0.0000041200	0.3262123820
0	0.4290980319	0.0000000000	0.5709019681
0	0.0000059818	0.8693640100	0.1306300082
0	0.1464912053	0.6387472919	0.2147615029
0	0.7160022618	0.0886297651	0.1953679731
0	0.0411527299	0.1269040213	0.8319432488
0	0.2891208853	0.1011952561	0.6096838586
0	0.5746003575	0.0006226468	0.4247769957
0	0.5664416278	0.2741954231	0.1593629490
0	0.2609033560	0.0098559298	0.7292407142
0	0.0000000005	0.8573442574	0.1426557421
0	0.0556523095	0.2865649213	0.6577827693
0	0.3649975263	0.2249504428	0.4100520309
0	0.0065783178	0.3608494549	0.6325722272
0	0.6018095383	0.3803728319	0.0178176298
0	0.7348871435	0.0184741213	0.2466387352
0	0.0583245644	0.9074423543	0.0342330813
1	0.0630593360	0.1208301593	0.8161105047
0	0.0473462934	0.9491020032	0.0035517034
0	0.3519868594	0.0085874024	0.6394257382
0	0.0315728050	0.1584375300	0.8099896650
0	0.0251163153	0.0109509987	0.9639326861
0	0.0121535241	0.1717358278	0.8161106481
1	0.0042283087	0.6244241881	0.3713475032
0	0.0639567982	0.5695074251	0.3665357767
0	0.0138677617	0.1977967224	0.7883355159
0	0.4701784547	0.5235383252	0.0062832202
0	0.1253491047	0.4032116576	0.4714392377
1	0.0009825910	0.0000000006	0.9990174085
0	0.0259184679	0.9735803096	0.0005012225
0	0.0001355085	0.0133745631	0.9864899284
1	0.0520691810	0.6529682950	0.2949625240
0	0.8103425251	0.1301383612	0.0595191137
0	0.1199913589	0.0682305991	0.8117780420
0	0.9706016925	0.0282750935	0.0011232140
0	0.0001215762	0.1604270859	0.8394513379
0	0.0017820325	0.3647710527	0.6334469148
0	0.6801083847	0.0244105556	0.2954810596
0	0.1397072663	0.7811578855	0.0791348482
0	0.7419438453	0.1402337653	0.1178223894
0	0.6078223970	0.0878181170	0.3043594861
0	0.0144912529	0.7745462100	0.2109625372
0	0.3847000421	0.2608228077	0.3544771503
0	0.0517169477	0.9482774196	0.0000056327
0	0.0012788651	0.0403662450	0.9583548899
0	0.0000000000	0.6093827741	0.3906172259
0	0.0000000002	0.1744466187	0.8255533812
0	0.8418136586	0.1581632602	0.0000230811
0	0.0407196484	0.7654334592	0.1938468924
0	0.0000000000	0.8822205111	0.1177794889
0	0.0030955001	0.1140336153	0.8828708846
1	0.4236851578	0.4618886797	0.1144261625
0	0.1299932681	0.2316348457	0.6383718862
0	0.3286549473	0.6033874562	0.0679575965
0	0.4081160457	0.5756651707	0.0162187837
0	0.3199607658	0.0358387789	0.6442004554
0	0.3569101784	0.4818200289	0.1612697928
1	0.0577729450	0.3937033127	0.5485237422
0	0.1384463421	0.1766279477	0.6849257102
0	0.0166170683	0.9235345037	0.0598484281
0	0.0000000000	0.8641637786	0.1358362214
0	0.0972588964	0.3658135276	0.5369275760
0	0.0120091943	0.8257596203	0.1622311853
0	0.0011529792	0.7565077855	0.2423392353
0	0.0011152755	0.2291943115	0.7696904131
0	0.5808946726	0.3838229719	0.0352823554
0	0.0000000000	0.9554893935	0.0445106065
0	0.0000054155	0.2014927416	0.7985018429
0	0.0000024148	0.2367807238	0.7632168615
0	0.0000000033	0.9282651057	0.0717348910
0	0.0016286085	0.9983547534	0.0000166381
0	0.0501837538	0.5656486022	0.3841676440
1	0.0126037445	0.0933532495	0.8940430060
0	0.0298115568	0.3583912550	0.6117971882
1	0.7419566614	0.1560514639	0.1019918747
1	0.0432944942	0.9554679437	0.0012375620
0	0.1302185546	0.3439046096	0.5258768357
1	0.0524159151	0.4981477402	0.4494363447
0	0.4813420602	0.0864921911	0.4321657487
1	0.0286693154	0.9518768899	0.0194537948
0	0.0000000149	0.3006264233	0.6993735618
0	0.6690311752	0.2965828073	0.0343860175
0	0.0000000522	0.4224162246	0.5775837231
0	0.0630707235	0.2573708130	0.6795584635
0	0.1101002968	0.8898996980	0.0000000052
0	0.2790979418	0.0032404554	0.7176616029
0	0.0773246521	0.1363878291	0.7862875188
1	0.0672722679	0.2664845779	0.6662431542
0	0.0646984399	0.0280295296	0.9072720305
0	0.3398657791	0.6601342209	0.0000000000
0	0.0000360779	0.2407967253	0.7591671968
0	0.7717203849	0.0780178683	0.1502617468
0	0.3522937856	0.3403826325	0.3073235819
0	0.2684975780	0.0936659792	0.6378364428
1	0.2634848660	0.0101786657	0.7263364683
0	0.0392103829	0.6871319544	0.2736576626
0	0.1534072174	0.0774951124	0.7690976702
0	0.0000301335	0.3334169754	0.6665528911
0	0.2733834855	0.2657642319	0.4608522826
0	0.0021277815	0.5125401575	0.4853320609
0	0.0000101451	0.0168902665	0.9830995884
0	0.0879004980	0.0769129400	0.8351865621
0	0.1321400848	0.0689893565	0.7988705587
0	0.1017357632	0.8488241332	0.0494401036
0	0.5208965252	0.0004134898	0.4786899850
0	0.0193737082	0.1585313596	0.8220949322
0	0.4730980474	0.0818326355	0.4450693170
1	0.0117555112	0.9842780362	0.0039664526
0	0.1963778500	0.0721157624	0.7315063876
0	0.9061975625	0.0391435014	0.0546589361
0	0.0000000000	0.1984949263	0.8015050737
0	0.0956177241	0.0275480353	0.8768342406
0	0.2860343633	0.0606446239	0.6533210128
0	0.4370797053	0.5629202947	0.0000000000
1	0.0001284727	0.0111665864	0.9887049409
0	0.8337124778	0.0004600551	0.1658274671
0	0.0282568372	0.0499429084	0.9218002544
0	0.7664461550	0.2295944180	0.0039594270
0	0.0008992269	0.9985027666	0.0005980065
0	0.4054902839	0.1018933210	0.4926163951
0	0.0000000001	0.0000000000	0.9999999999
0	0.4608951052	0.5391048948	0.0000000000
0	0.0135726532	0.0061290346	0.9802983122
1	0.0000209544	0.9973655599	0.0026134856
1	0.0004518484	0.2816158684	0.7179322833
0	0.2450044095	0.0000904311	0.7549051595
0	0.0985656408	0.2009568733	0.7004774859
0	0.0126952975	0.0594558929	0.9278488097
1	0.1680014402	0.5823159626	0.2496825972
1	0.0103789436	0.9896210563	0.0000000002
0	0.0067979522	0.5922375381	0.4009645096
0	0.0004496073	0.5937036456	0.4058467471
0	0.6783842370	0.3216157630	0.0000000000
0	0.4703403425	0.0001075947	0.5295520628
0	0.9979950997	0.0012447292	0.0007601711
0	0.4344323322	0.4798915306	0.0856761372
1	0.0073576721	0.0066098906	0.9860324373
0	0.0000000996	0.0566227915	0.9433771089
0	0.0000000521	0.4101091960	0.5898907519
0	0.2351399178	0.0642877213	0.7005723609
0	0.0239206806	0.0265219254	0.9495573941
0	0.1753434735	0.8088480737	0.0158084528
0	0.6176640131	0.3173988332	0.0649371537
0	0.0033060487	0.4019554764	0.5947384749
0	0.5643013771	0.1177531298	0.3179454931
0	0.3596397925	0.6403602070	0.0000000005
0	0.0118436556	0.3939400644	0.5942162800
0	0.5318921485	0.0037881733	0.4643196782
1	0.5346411394	0.2074254661	0.2579333945
0	0.0067662847	0.2984591574	0.6947745579
0	0.0953434802	0.5835405423	0.3211159775
1	0.0001343202	0.2044844309	0.7953812489
1	0.0328565377	0.9626707700	0.0044726923
0	0.0329345199	0.9611467393	0.0059187408
0	0.1289406982	0.0023216343	0.8687376676
0	0.2065043176	0.3091685571	0.4843271253
0	0.0000161892	0.0043721102	0.9956117007
0	0.0017679329	0.3693006722	0.6289313950
0	0.0005655457	0.7262976509	0.2731368034
0	0.3100805973	0.4075696824	0.2823497203
0	0.0000000402	0.6224549968	0.3775449629
0	0.0000000000	0.0389677136	0.9610322864
0	0.2375095707	0.0010133782	0.7614770512
1	0.3497524447	0.6453600251	0.0048875302
0	0.0000083676	0.6797279310	0.3202637014
0	0.0000000054	0.9992567343	0.0007432603
0	0.0249499593	0.5485681788	0.4264818618
1	0.1277067826	0.7637210672	0.1085721502
1	0.0008903610	0.0054797985	0.9936298405
2	0.2919411073	0.0682772952	0.6397815975
0	0.0000000000	0.9577216654	0.0422783346
1	0.0043135643	0.6120118465	0.3836745892
0	0.0006538576	0.2341131567	0.7652329857
0	0.4153479922	0.4819877035	0.1026643043
0	0.2543262539	0.7456125096	0.0000612365
0	0.0000000000	0.0000000000	1.0000000000
1	0.0000000233	0.0818073655	0.9181926112
1	0.4431341376	0.3008573630	0.2560084995
0	0.0919325720	0.6966524286	0.2114149994
1	0.0147692276	0.8671999261	0.1180308463
2	0.1690488220	0.1596328393	0.6713183387
0	0.2001092245	0.1706812567	0.6292095188
0	0.0047677119	0.9032476706	0.0919846175
0	0.0429282826	0.4178827549	0.5391889626
0	0.0000000000	0.2003758263	0.7996241737
1	0.0000000055	0.3218348557	0.6781651388
0	0.7987223737	0.1770520518	0.0242255745
0	0.0143433790	0.9849093651	0.0007472559
0	0.0000000000	0.1643624787	0.8356375213
0	0.0005398276	0.1377520189	0.8617081535
0	0.7901794655	0.0321416356	0.1776788989
0	0.4265648633	0.4154519340	0.1579832027
0	0.0007775277	0.0527360266	0.9464864458
0	0.0000083895	0.8681241638	0.1318674467
1	0.0158121938	0.1977212834	0.7864665228
0	0.0005545783	0.9518704905	0.0475749312
1	0.0000000000	0.0183527188	0.9816472812
0	0.0026786076	0.9207700740	0.0765513184
0	0.0582273878	0.7656250477	0.1761475646
0	0.0231695277	0.3202063879	0.6566240843
0	0.1957471880	0.0644604502	0.7397923618
0	0.0003547276	0.9682111919	0.0314340805
0	0.0000123190	0.4272584829	0.5727291981
0	0.0031747057	0.1888336775	0.8079916168
0	0.1372833433	0.2068774238	0.6558392330
0	0.0000167474	0.3294117384	0.6705715142
0	0.1708622737	0.0048564638	0.8242812626
0	0.1357033172	0.0947166798	0.7695800029
1	0.4461637808	0.4857390399	0.0680971793
1	0.4472308999	0.4276863745	0.1250827256
1	0.6142323875	0.3267090640	0.0590585485
0	0.4370435946	0.0000473986	0.5629090068
0	0.4039536871	0.2173604694	0.3786858435
0	0.0000000011	0.0073950297	0.9926049693
0	0.2544063472	0.1727488282	0.5728448247
0	0.0407675014	0.9592112901	0.0000212085
0	0.4769326508	0.2953975568	0.2276697924
0	0.0013415639	0.8721380529	0.1265203832
0	0.0018008720	0.0527068431	0.9454922849
0	0.0138821307	0.8208726907	0.1652451787
0	0.1496635637	0.8181831507	0.0321532856
0	0.2578635223	0.6292493713	0.1128871064
0	0.3039132966	0.0655518984	0.6305348051
0	0.0442097900	0.7971324610	0.1586577489
1	0.0679773185	0.0334793610	0.8985433205
0	0.0013739239	0.1431494014	0.8554766748
0	0.0003414142	0.2909780136	0.7086805721
0	0.0004970720	0.0283843744	0.9711185536
0	0.0521572587	0.0000111857	0.9478315556
0	0.0000661197	0.9999315882	0.0000022921
0	0.0054079517	0.9936255786	0.0009664697
1	0.0106636025	0.8348207811	0.1545156163
0	0.0753885073	0.1445355882	0.7800759045
0	0.3433103874	0.0564098103	0.6002798023
0	0.0000000000	0.3912850111	0.6087149889
0	0.7468987920	0.0317328194	0.2213683885
1	0.1014254783	0.0898748567	0.8086996650
0	0.0683049603	0.1722685271	0.7594265126
1	0.0755099214	0.0029085018	0.9215815768
0	0.2024667869	0.1765660409	0.6209671722
0	0.0155745100	0.4889149797	0.4955105102
0	0.0770274935	0.1987198770	0.7242526295
0	0.0000000002	0.7650169533	0.2349830466
0	0.6672500674	0.0227878824	0.3099620502
0	0.1027081415	0.4717647671	0.4255270914
0	0.5917373651	0.2264383764	0.1818242584
0	0.0000000000	0.0390076983	0.9609923017
0	0.0157582245	0.9166676745	0.0675741010
0	0.8592005531	0.0076840753	0.1331153716
0	0.0016296734	0.9530270698	0.0453432568
0	0.0970101484	0.6408064743	0.2621833773
1	0.3825020994	0.6141796286	0.0033182719
0	0.0002464010	0.0041495682	0.9956040308
0	0.2034103172	0.1558294369	0.6407602459
0	0.0000000001	0.6641323302	0.3358676698
0	0.0000000000	0.8343290926	0.1656709074
0	0.0817909774	0.1267903330	0.7914186896
0	0.0000016154	0.9703713002	0.0296270845
2	0.3532221691	0.0000000000	0.6467778309
1	0.2449036823	0.7507235948	0.0043727229
0	0.0287979413	0.0081885188	0.9630135400
1	0.5116314305	0.4721010832	0.0162674863
1	0.0000000000	0.7441738318	0.2558261682
0	0.7452089656	0.2547621704	0.0000288640
0	0.0094402688	0.1176992918	0.8728604394
0	0.7886282613	0.1758946403	0.0354770984
0	0.0219353967	0.0613915504	0.9166730530
1	0.6016380397	0.0127298360	0.3856321243
1	0.0043651836	0.1178983258	0.8777364906
1	0.2642152976	0.5355264062	0.2002582962
0	0.8430608341	0.0333553981	0.1235837678
0	0.0069579853	0.1840364864	0.8090055283
0	0.0000001508	0.9099993312	0.0900005180
0	0.5307982635	0.4402907106	0.0289110258
1	0.0000020164	0.0006321363	0.9993658473
0	0.0126352873	0.9823177493	0.0050469634
0	0.4159996431	0.1431854816	0.4408148753
0	0.0014148468	0.5855036211	0.4130815321
0	0.2013840735	0.3525765209	0.4460394055
0	0.4270151378	0.1021190748	0.4708657873
0	0.0026578786	0.0165359406	0.9808061807
0	0.1936375470	0.8018741269	0.0044883261
0	0.1546320995	0.2095085605	0.6358593401
0	0.0036478302	0.1507472698	0.8456049000
0	0.0794311637	0.0062280013	0.9143408350
0	0.0000000544	0.9716010696	0.0283988760
0	0.9341682080	0.0648779348	0.0009538572
0	0.1018333950	0.8976442447	0.0005223602
1	0.0916072787	0.6372952977	0.2710974236
0	0.3062831145	0.0000820742	0.6936348113
0	0.0002569486	0.3753692840	0.6243737674
0	0.1902248031	0.0169404826	0.7928347143
0	0.3562499469	0.5455782317	0.0981718214
1	0.0072430779	0.0040140266	0.9887428955
0	0.0000025433	0.0530363459	0.9469611108
1	0.8351837026	0.1648162974	0.0000000000
1	0.4762119566	0.2479305680	0.2758574754
0	0.0106804378	0.9841626124	0.0051569497
0	0.4125201760	0.5743717257	0.0131080983
0	0.0707281863	0.1955592139	0.7337125997
1	0.8382932185	0.0000208508	0.1616859307
0	0.8425659788	0.1395535853	0.0178804359
0	0.0474511563	0.0134259702	0.9391228735
0	0.0405233710	0.0027065715	0.9567700576
0	0.0001534997	0.0000711768	0.9997753235
0	0.0740954043	0.0605725856	0.8653320101
0	0.4605443390	0.0140659568	0.5253897041
0	0.5344599238	0.3128020893	0.1527379869
0	0.2182303931	0.6304669649	0.1513026420
0	0.0839203702	0.0002750542	0.9158045756
0	0.0635624763	0.0868389454	0.8495985783
0	0.4695934290	0.2464087294	0.2839978415
0	0.1930105349	0.3833453124	0.4236441527
0	0.3569817576	0.3037046428	0.3393135995
1	0.0662816888	0.4658008313	0.4679174800
0	0.0026714685	0.9834737313	0.0138548002
0	0.0000496088	0.0198928010	0.9800575901
1	0.0019427662	0.4704368054	0.5276204284
0	0.8391717944	0.0225225519	0.1383056538
0	0.4546017683	0.4373380977	0.1080601341
0	0.0019944067	0.0616369807	0.9363686126
0	0.5159082261	0.2243619356	0.2597298383
1	0.3728063231	0.4990280086	0.1281656683
0	0.0015633651	0.0066443061	0.9917923288
2	0.4617834368	0.5089977694	0.0292187937
0	0.0348790830	0.0637784863	0.9013424307
0	0.1600946854	0.7117570809	0.1281482337
0	0.0002727405	0.9801223666	0.0196048929
0	0.8260019940	0.1728054056	0.0011926004
0	0.0057897791	0.0000000000	0.9942102209
1	0.3462209532	0.3720512221	0.2817278247
0	0.1060943066	0.6047597509	0.2891459425
0	0.0262012584	0.2017205399	0.7720782017
0	0.0028583349	0.9969818142	0.0001598510
0	0.3145529374	0.1170084582	0.5684386044
0	0.4119379461	0.0994089381	0.4886531158
1	0.0650736484	0.7285273855	0.2063989661
0	0.4278191032	0.2677253296	0.3044555672
0	0.0545050326	0.1228195809	0.8226753864
0	0.0003210357	0.8673666748	0.1323122895
0	0.3153994887	0.5226879972	0.1619125141
1	0.0001392980	0.8021226056	0.1977380964
0	0.0161107893	0.0060272582	0.9778619525
0	0.0528175214	0.6701471740	0.2770353046
1	0.3570566826	0.3507447530	0.2921985644
0	0.4697497021	0.3053785401	0.2248717578
1	0.0110205062	0.0000000000	0.9889794938
0	0.6311860473	0.0802262217	0.2885877310
0	0.0628953276	0.7812551847	0.1558494878
0	0.0000241739	0.0000000788	0.9999757473
0	0.2261768205	0.7737240151	0.0000991644
0	0.0013500552	0.9093022216	0.0893477232
0	0.0396369870	0.1318161259	0.8285468871
0	0.1797403524	0.0004922148	0.8197674327
1	0.0009719789	0.4569194644	0.5421085568
0	0.0000000000	0.5608431279	0.4391568721
0	0.0114335496	0.2136687902	0.7748976601
0	0.0000003363	0.6466089162	0.3533907475
1	0.0000000005	0.0000000180	0.9999999815
0	0.0450784609	0.8949467894	0.0599747497
1	0.0606180958	0.1138965428	0.8254853613
0	0.3247199499	0.3910122464	0.2842678036
0	0.0000104226	0.9999650750	0.0000245024
0	0.3454432773	0.1423108197	0.5122459030
0	0.0000250138	0.0647311417	0.9352438445
0	0.0054371192	0.0524694270	0.9420934539
0	0.1618738939	0.6517601209	0.1863659852
0	0.0217742407	0.9782257237	0.0000000356
0	0.0004865934	0.9298529824	0.0696604242
0	0.1603059419	0.2481677917	0.5915262664
0	0.0064835450	0.6173684563	0.3761479987
0	0.0220221694	0.0000000030	0.9779778277
0	0.0285453673	0.7772642130	0.1941904198
1	0.0080676562	0.9919323438	0.0000000000
0	0.2110608118	0.7877597404	0.0011794478
0	0.0686235667	0.8399269435	0.0914494897
1	0.0000048793	0.1216227552	0.8783723655
1	0.0000021859	0.8117556340	0.1882421801
0	0.2390452630	0.7464678934	0.0144868436
0	0.6945362925	0.0125068631	0.2929568444
0	0.0002130852	0.8848422431	0.1149446717
0	0.2113447593	0.0000029862	0.7886522546
0	0.0002583583	0.0145038338	0.9852378080
1	0.0348135278	0.0004699980	0.9647164742
1	0.0345203619	0.9654604211	0.0000192170
1	0.6356907818	0.0041223625	0.3601868557
2	0.0079829126	0.5593404519	0.4326766355
0	0.0000000000	0.6374100310	0.3625899690
0	0.0065073433	0.0450384040	0.9484542528
0	0.1231081429	0.0691175796	0.8077742775
1	0.0000000079	0.0000177432	0.9999822489
0	0.0081286820	0.9808137159	0.0110576021
0	0.0000097907	0.9884237366	0.0115664727
1	0.0329149679	0.8091018505	0.1579831816
0	0.8908335171	0.1075762455	0.0015902374
0	0.5155790887	0.1113033837	0.3731175276
0	0.0024720253	0.8662853512	0.1312426235
0	0.0000105935	0.1886984650	0.8112909416
0	0.0193886371	0.1222903355	0.8583210274
0	0.0005217421	0.2500369354	0.7494413225
0	0.9961941161	0.0000000000	0.0038058839
0	0.1112450955	0.0976145949	0.7911403095
2	0.2511902361	0.6563079740	0.0925017899
0	0.1005032026	0.0021113247	0.8973854728
0	0.0002249870	0.5867562901	0.4130187229
1	0.0098992665	0.1775081784	0.8125925551
0	0.5905067233	0.3819519287	0.0275413480
0	0.0202793189	0.1860646172	0.7936560638
1	0.0000000000	0.3557937949	0.6442062051
0	0.0000000015	0.1187676196	0.8812323790
0	0.0933649770	0.0158295156	0.8908055075
0	0.0954060213	0.0000035267	0.9045904520
0	0.0320850046	0.9446042829	0.0233107125
0	0.0823877859	0.0000002106	0.9176120035
0	0.2666446087	0.0000056850	0.7333497063
0	0.1320243607	0.0000000000	0.8679756393
1	0.0106729487	0.9542968921	0.0350301592
0	0.5060830190	0.0420260053	0.4518909758
0	0.0677404076	0.9280602692	0.0041993232
0	0.9635445657	0.0271961213	0.0092593131
0	0.2346600440	0.0906375673	0.6747023887
0	0.0009291394	0.0433823176	0.9556885429
1	0.0000000005	0.2120392817	0.7879607178
0	0.1811724683	0.0528207695	0.7660067622
0	0.0247298772	0.0296003845	0.9456697383
0	0.1633745219	0.1805256436	0.6560998345
1	0.0868083295	0.9002689682	0.0129227023
1	0.1481548309	0.8480095703	0.0038355988
0	0.0000000000	0.7806443886	0.2193556114
0	0.0005031303	0.0480079642	0.9514889055
1	0.1220445783	0.0114851985	0.8664702232
0	0.5036453867	0.0106619717	0.4856926416
0	0.0000001728	0.2939735372	0.7060262900
0	0.0008752087	0.7219093233	0.2772154680
0	0.0000000000	0.0000000000	1.0000000000
0	0.5027018545	0.2661264715	0.2311716740
1	0.7875031515	0.0007721342	0.2117247142
0	0.0267660594	0.0040743715	0.9691595690
1	0.2764609318	0.0149109132	0.7086281551
0	0.1160845697	0.0185278055	0.8653876248
0	0.1667863282	0.8291391585	0.0040745133
0	0.0062380535	0.9568727173	0.0368892292
0	0.1102798696	0.8614336919	0.0282864385
0	0.0000305762	0.9981675230	0.0018019008
0	0.0000511357	0.0284043335	0.9715445308
0	0.4800179560	0.5177742864	0.0022077576
0	0.1293585601	0.0099601167	0.8606813231
1	0.0029324454	0.5014373133	0.4956302412
0	0.0050430987	0.1479414357	0.8470154655
0	0.0072634581	0.9927365419	0.0000000000
0	0.0333542672	0.8190831524	0.1475625804
1	0.0078619412	0.5003024169	0.4918356419
1	0.1669621443	0.1141508832	0.7188869724
0	0.0099191526	0.7250479766	0.2650328708
0	0.0444969865	0.0523078223	0.9031951912
0	0.0056279546	0.6780564709	0.3163155745
0	0.0036901439	0.0000000011	0.9963098550
2	0.2173943603	0.3205431846	0.4620624551
0	0.3249782392	0.2854887629	0.3895329980
0	0.0000068751	0.0091741920	0.9908189329
0	0.2838297887	0.0200548767	0.6961153346
0	0.0386664515	0.8893835895	0.0719499590
0	0.5392944513	0.0965945732	0.3641109755
0	0.0461023777	0.9533744256	0.0005231967
0	0.0662113282	0.6331824830	0.3006061888
0	0.2555381996	0.0027721196	0.7416896808
1	0.1274488178	0.5136820263	0.3588691559
0	0.4964249706	0.3307460294	0.1728290000
0	0.9950920283	0.0048613733	0.0000465984
0	0.2401383734	0.5748163169	0.1850453097
0	0.8534699541	0.0926357072	0.0538943387
0	0.0911330003	0.9088669921	0.0000000076
0	0.0114931282	0.0231403305	0.9653665413
1	0.0981041737	0.4913893814	0.4105064449
0	0.0429769867	0.1444055361	0.8126174772
0	0.5043828270	0.2707810094	0.2248361636
0	0.0000000000	0.2350984235	0.7649015765
0	0.0101347136	0.0000776239	0.9897876625
0	0.0000000684	0.2608547885	0.7391451431
0	0.0300344932	0.2712484884	0.6987170183
0	0.1932197135	0.2162310254	0.5905492611
0	0.0000000037	0.0235077256	0.9764922707
0	0.0633216858	0.9366783142	0.0000000000
0	0.0340846052	0.7720909028	0.1938244919
0	0.7108851789	0.0605214586	0.2285933625
0	0.5650798629	0.0000081310	0.4349120060
1	0.0134182033	0.0014510142	0.9851307825
1	0.0289112529	0.0536359895	0.9174527577
0	0.3567836793	0.4150434220	0.2281728987
0	0.9896852746	0.0103060217	0.0000087037
0	0.0000000133	0.8486898070	0.1513101797
0	0.3721660473	0.0000000000	0.6278339527
0	0.5018655400	0.1155544671	0.3825799929
0	0.0111111439	0.1188144032	0.8700744530
0	0.0010629310	0.3592655608	0.6396715082
1	0.2132273150	0.0276941977	0.7590784872
