0	0.8574017601	0.0190623145	0.1235359254
0	0.4232623215	0.4329822027	0.1437554758
0	0.0049242572	0.9948971489	0.0001785939
0	0.1763658278	0.0759361413	0.7476980309
0	0.0222734327	0.0871795992	0.8905469682
0	0.9365703361	0.0089222098	0.0545074541
0	0.0000086724	0.9999913275	0.0000000000
0	0.3812790581	0.1896864359	0.4290345060
0	0.1711445102	0.0417094767	0.7871460131
1	0.0264963057	0.9423573609	0.0311463334
1	0.3084122097	0.6889494844	0.0026383059
0	0.0284509980	0.9714706013	0.0000784007
2	0.0162280940	0.8937138971	0.0900580088
0	0.9921783446	0.0000000069	0.0078216486
0	0.2040654937	0.5444538029	0.2514807034
1	0.0000003610	0.9978360823	0.0021635567
0	0.7114275405	0.0100591187	0.2785133408
0	0.2196336019	0.0004107199	0.7799556782
0	0.0358627309	0.7689568506	0.1951804184
0	0.0831119231	0.0843033200	0.8325847569
0	0.0674847675	0.9325152325	0.0000000000
1	0.0017139815	0.3825525671	0.6157334514
0	0.1806552674	0.8116687642	0.0076759684
0	0.0000013005	0.5176593967	0.4823393027
0	0.3358582333	0.0477225803	0.6164191865
0	0.0004279348	0.0231194723	0.9764525928
1	0.5556447938	0.0000043219	0.4443508843
0	0.0000000015	0.3519223722	0.6480776263
0	0.0057500196	0.9942367685	0.0000132119
1	0.0001706548	0.1049875712	0.8948417739
0	0.6652486498	0.0000173438	0.3347340064
0	0.1585850406	0.8404430416	0.0009719179
0	0.0108019784	0.0970779878	0.8921200338
0	0.9322615263	0.0435791473	0.0241593264
0	0.0009391365	0.3027612549	0.6962996086
0	0.0000000001	0.3713908882	0.6286091118
0	0.1904337431	0.6478424804	0.1617237766
0	0.9870994562	0.0128994256	0.0000011182
0	0.0315235266	0.7064855578	0.2619909156
1	0.6393320532	0.0001031326	0.3605648141
0	0.1689355683	0.8213316611	0.0097327706
0	0.0220206304	0.1554489150	0.8225304546
0	0.0000031048	0.9993007120	0.0006961832
0	0.0018326308	0.8669158404	0.1312515288
0	0.0346180060	0.0838316685	0.8815503255
0	0.0000000006	0.5891206948	0.4108793046
1	0.3849684231	0.6150257247	0.0000058521
0	0.1632320835	0.0003087869	0.8364591296
0	0.0008454464	0.6753415607	0.3238129930
0	0.9898153167	0.0101846820	0.0000000013
0	0.0963296120	0.0003424596	0.9033279283
0	0.0506672109	0.0000219916	0.9493107975
0	0.5165468666	0.0198774175	0.4635757159
1	0.0407089207	0.9246706063	0.0346204730
0	0.9989388105	0.0010568185	0.0000043710
0	0.6332986252	0.0002636920	0.3664376827
0	0.2911103870	0.7088696908	0.0000199221
0	0.4201177596	0.3431461821	0.2367360583
0	0.0221374821	0.0000014402	0.9778610777
0	0.0314217638	0.0476336450	0.9209445912
0	0.0718743936	0.2410843917	0.6870412147
0	0.1770631326	0.7886824762	0.0342543911
0	0.6826848373	0.2630438268	0.0542713359
0	0.0022402945	0.1343718238	0.8633878817
0	0.8651554845	0.0949616070	0.0398829085
0	0.0000000000	0.0002491671	0.9997508329
0	0.1351206337	0.4494156145	0.4154637518
0	0.0454063900	0.0005766117	0.9540169983
0	0.0000001799	0.8509711025	0.1490287176
0	0.0014618381	0.0100034980	0.9885346639
0	0.8213482694	0.0190483404	0.1596033902
2	0.0690532610	0.4243223816	0.5066243575
1	0.0006813373	0.6729013682	0.3264172946
0	0.7245133348	0.0000040221	0.2754826431
0	0.0000078621	0.9999921379	0.0000000001
0	0.0000000001	0.9999989638	0.0000010361
0	0.0000001014	0.7524095838	0.2475903147
0	0.0003410439	0.9923613546	0.0072976016
0	0.0000000000	0.3187619899	0.6812380101
0	0.2521372518	0.3508756792	0.3969870690
0	0.8463412576	0.1365702133	0.0170885291
0	0.2187399375	0.6053322992	0.1759277633
0	0.0738294772	0.0000524126	0.9261181102
0	0.0830576092	0.0006152911	0.9163270998
0	0.6960829086	0.0266378941	0.2772791973
0	0.0215693280	0.0878433262	0.8905873458
0	0.3359731038	0.0343402064	0.6296866898
0	0.3256033898	0.1195131375	0.5548834727
0	0.1387609273	0.0000025868	0.8612364859
0	0.0000000000	0.9996895049	0.0003104951
0	0.8415513746	0.0693714570	0.0890771684
0	0.5805934019	0.0989782264	0.3204283717
0	0.3961028694	0.2896529029	0.3142442277
0	0.0000811813	0.9883265501	0.0115922686
0	0.0000000004	0.1765096536	0.8234903461
0	0.0085506304	0.0050345072	0.9864148623
0	0.0013742481	0.0008350206	0.9977907312
0	0.0374242371	0.7213902918	0.2411854710
0	0.1747472457	0.0152271656	0.8100255887
1	0.0024558278	0.1193383873	0.8782057849
0	0.0001248027	0.0755342294	0.9243409679
0	0.0004957231	0.0055671853	0.9939370916
0	0.0025299647	0.0004574315	0.9970126038
1	0.1247697833	0.8750529717	0.0001772450
1	0.0948488456	0.9051453890	0.0000057654
0	0.0004694582	0.9992743010	0.0002562407
0	0.0000000000	0.0068338338	0.9931661662
0	0.0833536743	0.2274401354	0.6892061903
0	0.0076703312	0.2669300512	0.7253996176
0	0.1647064485	0.2257954801	0.6094980714
1	0.0000000675	0.6647093504	0.3352905821
0	0.7098343567	0.0021250599	0.2880405834
0	0.6431986213	0.1048291335	0.2519722452
0	0.0003793315	0.4399206717	0.5596999967
0	0.0000004344	0.0561434234	0.9438561421
0	0.0000890223	0.9667650695	0.0331459082
0	0.0010602255	0.0668210927	0.9321186818
0	0.5764022764	0.2347159683	0.1888817552
0	0.0095548885	0.4812956551	0.5091494565
0	0.0042702258	0.0471642151	0.9485655591
0	0.0866744402	0.5102228232	0.4031027366
0	0.7735654429	0.0272187091	0.1992158480
0	0.0000001135	0.0000000000	0.9999998865
0	0.4430367443	0.5569623248	0.0000009309
0	0.0645663209	0.0129040630	0.9225296160
0	0.4141291589	0.1072140786	0.4786567625
0	0.0143703426	0.1986817667	0.7869478907
0	0.9493645399	0.0000719026	0.0505635575
0	0.2097276654	0.4519234257	0.3383489088
0	0.7458056374	0.1555268332	0.0986675294
0	0.1670280011	0.6154812335	0.2174907654
0	0.2378137219	0.0276119620	0.7345743161
1	0.0536240546	0.2651452839	0.6812306615
0	0.0300663162	0.9349420519	0.0349916319
0	0.9970515243	0.0023482442	0.0006002316
0	0.0000001803	0.2251273669	0.7748724528
1	0.0000129832	0.9687046363	0.0312823805
0	0.0350235567	0.7721030724	0.1928733710
0	0.6538116254	0.2516816123	0.0945067623
0	0.0138741469	0.9861245694	0.0000012837
0	0.7060469610	0.2673628089	0.0265902301
0	0.0000001585	0.9999998415	0.0000000000
0	0.8356402079	0.0000064867	0.1643533053
1	0.0079037597	0.7436119016	0.2484843387
0	0.0000200567	0.0233176114	0.9766623319
0	0.7654433541	0.1499519364	0.0846047095
0	0.6704343213	0.3295656690	0.0000000097
1	0.0487193872	0.9237918827	0.0274887301
0	0.0000018610	0.4062850073	0.5937131317
0	0.0000000000	0.9999999997	0.0000000003
1	0.5303820718	0.4676037209	0.0020142073
1	0.0011788789	0.6113977816	0.3874233395
0	0.0071069479	0.7868430710	0.2060499810
0	0.0078109978	0.8078332238	0.1843557784
0	0.0283587640	0.1309754586	0.8406657774
1	0.0079658773	0.9582551520	0.0337789706
1	0.5140666258	0.4819407703	0.0039926039
1	0.2043324589	0.3479477107	0.4477198304
0	0.0001383469	0.0061934382	0.9936682149
0	0.1437193214	0.5220185545	0.3342621240
1	0.1293746402	0.0258639267	0.8447614331
0	0.7551506989	0.0900725941	0.1547767070
0	0.5428952936	0.3605412347	0.0965634717
0	0.0695506316	0.0000000000	0.9304493684
0	0.1251020049	0.8734533839	0.0014446112
0	0.1415826632	0.2248753502	0.6335419867
0	0.0012143243	0.1360476310	0.8627380446
0	0.0443154452	0.9330786670	0.0226058878
1	0.3348436212	0.6646617761	0.0004946028
0	0.1848872912	0.6017375703	0.2133751385
0	0.0072313501	0.9515957147	0.0411729352
0	0.7937831514	0.0060520221	0.2001648265
0	0.8576501456	0.1413244661	0.0010253882
0	0.8746946700	0.0646263708	0.0606789592
0	0.0689866483	0.0256192504	0.9053941013
0	0.0055466041	0.9209382370	0.0735151588
0	0.3822152768	0.2325514624	0.3852332608
0	0.0029778609	0.9907027743	0.0063193648
0	0.2451950920	0.0000000000	0.7548049080
0	0.8507962027	0.0759889369	0.0732148603
1	0.0165652674	0.4382538736	0.5451808589
0	0.0163325622	0.0029701391	0.9806972987
0	0.0615469577	0.2734390472	0.6650139951
0	0.0110587370	0.1841794126	0.8047618504
0	0.0177756417	0.9269874070	0.0552369513
0	0.0000000003	0.0143803553	0.9856196443
1	0.0000000000	0.9901432180	0.0098567820
0	0.0520549180	0.9427331019	0.0052119801
0	0.9131847541	0.0000105300	0.0868047159
0	0.0105257111	0.9857877963	0.0036864926
0	0.1090688943	0.8909311055	0.0000000002
0	0.0000000036	0.1255127587	0.8744872377
1	0.4380251560	0.2343390937	0.3276357504
0	0.9916649167	0.0000717700	0.0082633133
0	0.4746880581	0.1773274923	0.3479844496
1	0.0045864284	0.0504748655	0.9449387061
0	0.0000004371	0.0480638106	0.9519357522
0	0.3249592373	0.4840599557	0.1909808071
0	0.0395719850	0.0000000000	0.9604280150
1	0.0024660990	0.9971160310	0.0004178699
0	0.0064770539	0.7378538637	0.2556690824
0	0.6778219144	0.0031092262	0.3190688595
0	0.0210817597	0.2343075283	0.7446107119
0	0.6447397174	0.0556186749	0.2996416077
0	0.0316036907	0.5920525406	0.3763437687
0	0.0000339096	0.4935275845	0.5064385059
0	0.0241360315	0.3880374207	0.5878265477
0	0.3099194469	0.6796397461	0.0104408070
0	0.1685364729	0.8122475857	0.0192159414
0	0.1072975158	0.0306649009	0.8620375833
0	0.0109108210	0.8724884027	0.1166007764
0	0.1076133928	0.8923857599	0.0000008473
0	0.0826209625	0.9173725801	0.0000064574
0	0.3389096820	0.3079678198	0.3531224982
0	0.0002283835	0.3127865454	0.6869850711
0	0.2665365100	0.4748879500	0.2585755401
0	0.8052835066	0.0000001508	0.1947163426
0	0.0000000000	0.1312279819	0.8687720181
0	0.1529074223	0.7200855006	0.1270070771
0	0.8163788126	0.1089599531	0.0746612343
0	0.7787017604	0.1808709276	0.0404273120
0	0.3006013276	0.3093555797	0.3900430927
1	0.0055377454	0.9573169187	0.0371453359
1	0.1961714038	0.6134751979	0.1903533983
0	0.0000000000	0.2709918528	0.7290081472
0	0.0000000000	0.2963035216	0.7036964784
0	0.1283100117	0.0133831293	0.8583068590
0	0.0000000050	0.0259843305	0.9740156645
0	0.0000000000	0.9778824099	0.0221175901
0	0.1242672402	0.0815599795	0.7941727803
1	0.0714804147	0.9285158832	0.0000037021
0	0.0000118063	0.0000000133	0.9999881804
0	0.1051352462	0.8942568954	0.0006078585
1	0.2243576018	0.7756423934	0.0000000048
1	0.0513424063	0.4284007300	0.5202568637
0	0.8846987030	0.0633253877	0.0519759092
1	0.0558834465	0.2366028709	0.7075136825
0	0.0106717953	0.9832554029	0.0060728017
0	0.0004374314	0.2502653128	0.7492972558
0	0.0708384455	0.0163111955	0.9128503590
0	0.9056937350	0.0748146752	0.0194915897
0	0.1222982800	0.4952762374	0.3824254826
0	0.0003251270	0.6735064691	0.3261684040
0	0.3317648519	0.4438760925	0.2243590556
0	0.3721710907	0.5823041136	0.0455247957
0	0.3386267614	0.0000000004	0.6613732382
0	0.4264159107	0.0760871789	0.4974969104
0	0.3097902326	0.6531469603	0.0370628071
0	0.9072059969	0.0023111848	0.0904828183
1	0.0436835113	0.8164514927	0.1398649959
0	0.0087298380	0.0000000742	0.9912700877
0	0.0000000000	0.0002359701	0.9997640299
0	0.6084175570	0.3507746506	0.0408077924
1	0.3116755120	0.3682930946	0.3200313934
0	0.0000154192	0.0000072611	0.9999773197
0	0.0000000000	0.8383399728	0.1616600272
0	0.0000000077	0.2034236303	0.7965763620
0	0.7544539501	0.1284378804	0.1171081695
0	0.6702952482	0.3115569286	0.0181478232
0	0.1228203483	0.8379514971	0.0392281546
0	0.1650237346	0.6570812646	0.1778950007
0	0.0008128036	0.2277862024	0.7714009940
0	0.0447994997	0.0049777766	0.9502227237
1	0.3528110389	0.6343483433	0.0128406178
0	0.3413358273	0.5705059752	0.0881581974
0	0.5194776068	0.1293881179	0.3511342754
0	0.5119571788	0.4198096095	0.0682332117
1	0.0268616453	0.8430188764	0.1301194782
0	0.0026591730	0.3189777103	0.6783631167
0	0.0510771100	0.5117741591	0.4371487309
0	0.4437346408	0.0000000000	0.5562653592
0	0.0000000004	0.0501609595	0.9498390400
0	0.6430364205	0.1166071821	0.2403563974
0	0.3077290072	0.1436414932	0.5486294996
1	0.6255563841	0.2704888848	0.1039547310
0	0.3666347560	0.0336321746	0.5997330694
1	0.0038461184	0.9927745327	0.0033793490
0	0.0768206443	0.0055369203	0.9176424353
0	0.0000000000	0.9773490309	0.0226509691
0	0.0289737369	0.9550596952	0.0159665679
1	0.9961159069	0.0026608525	0.0012232406
1	0.6063770584	0.2733730656	0.1202498760
1	0.3103263576	0.2069371646	0.4827364778
0	0.8617475178	0.0001018236	0.1381506585
0	0.1123863205	0.0074624128	0.8801512667
2	0.4725475788	0.0489136891	0.4785387321
0	0.6797390469	0.0232318879	0.2970290652
0	0.6820445960	0.2469280374	0.0710273666
1	0.0000000000	0.0184988378	0.9815011622
2	0.0025465164	0.9873892006	0.0100642830
1	0.0029061176	0.6619202569	0.3351736255
1	0.3158240887	0.6319555001	0.0522204113
0	0.3384724588	0.1474268197	0.5141007215
0	0.0000000003	0.9243011922	0.0756988074
0	0.1783102077	0.6506082985	0.1710814938
0	0.0466833862	0.7896675259	0.1636490879
0	0.2495619625	0.0000057917	0.7504322458
0	0.1326432234	0.0017453670	0.8656114096
0	0.7013059070	0.1394300303	0.1592640627
0	0.0022187601	0.5001950676	0.4975861723
0	0.0000001040	0.5125891560	0.4874107399
0	0.7186981875	0.1398771337	0.1414246788
1	0.0000000000	0.3436404092	0.6563595908
1	0.0002147794	0.9950424316	0.0047427890
0	0.0003423869	0.0001630541	0.9994945590
0	0.0876176386	0.1597908994	0.7525914620
1	0.0016234900	0.1202491807	0.8781273293
0	0.5153110414	0.3827428339	0.1019461246
0	0.3568556040	0.3109163194	0.3322280766
0	0.0005791810	0.5745230907	0.4248977284
0	0.0007831576	0.0627315531	0.9364852894
1	0.0005655639	0.9963204355	0.0031140006
0	0.5860986026	0.4131366363	0.0007647611
0	0.0000000000	0.0188551900	0.9811448100
0	0.0012695118	0.5483236537	0.4504068345
0	0.0539468264	0.1080553375	0.8379978362
0	0.0000000000	0.0005595614	0.9994404386
0	0.6814419334	0.0127309809	0.3058270857
0	0.0000785350	0.0789305351	0.9209909299
0	0.3989998963	0.4329866356	0.1680134681
0	0.0059122814	0.5380252331	0.4560624854
0	0.0870677463	0.4068129963	0.5061192575
0	0.1438583965	0.1043295289	0.7518120746
0	0.0000000000	0.6017623289	0.3982376711
0	0.3579287925	0.0000324495	0.6420387581
0	0.0168818960	0.0666350079	0.9164830960
0	0.3139208045	0.4961524664	0.1899267291
1	0.0428475134	0.0104442507	0.9467082360
1	0.5963564279	0.3730938759	0.0305496962
0	0.0000164528	0.1886165526	0.8113669946
0	0.0276029902	0.0670953801	0.9053016297
1	0.2160486753	0.0791022684	0.7048490563
0	0.1434383865	0.0248517922	0.8317098214
0	0.0002326719	0.8697406948	0.1300266333
1	0.0000000000	0.9795712565	0.0204287435
0	0.0885219098	0.5292424864	0.3822356038
0	0.9577912779	0.0000000000	0.0422087221
0	0.2265912221	0.2962392488	0.4771695291
0	0.2232114251	0.6554445751	0.1213439998
0	0.1547079028	0.0065988403	0.8386932569
0	0.0006809505	0.2133490957	0.7859699538
0	0.0000905814	0.9998950685	0.0000143500
0	0.6424411994	0.3571141432	0.0004446574
1	0.0001301223	0.0264755770	0.9733943007
0	0.0262334060	0.0051141676	0.9686524264
0	0.0000136621	0.1298922219	0.8700941160
0	0.0000183152	0.6813170941	0.3186645906
0	0.0008864260	0.5775666061	0.4215469679
0	0.7243173736	0.2142659163	0.0614167102
0	0.6253450587	0.1387330739	0.2359218674
0	0.0882780511	0.8634369310	0.0482850179
0	0.0245758599	0.1288897440	0.8465343961
0	0.0393270839	0.8490224432	0.1116504729
0	0.1372352458	0.0000000000	0.8627647542
0	0.0639507498	0.0691957972	0.8668534530
0	0.8453981779	0.0692958215	0.0853060006
0	0.0459671294	0.0134725815	0.9405602890
1	0.0867856995	0.0913678871	0.8218464134
0	0.1054557268	0.5933091916	0.3012350816
0	0.1163467117	0.8836313445	0.0000219438
0	0.0612639934	0.0982489332	0.8404870734
0	0.0000000000	0.0761851001	0.9238148999
0	0.5599925762	0.4400073913	0.0000000325
0	0.0780027595	0.0911850756	0.8308121649
1	0.0153373823	0.5384512387	0.4462113790
1	0.9838802184	0.0160337701	0.0000860115
0	0.2778468779	0.6978324525	0.0243206696
0	0.0048687848	0.7224185980	0.2727126173
0	0.0024581874	0.3226467871	0.6748950256
0	0.4166214950	0.5252646052	0.0581138998
1	0.7384716341	0.1896304560	0.0718979099
1	0.0000384728	0.9405402123	0.0594213149
0	0.0025877024	0.8005196173	0.1968926802
0	0.2170355152	0.0006138817	0.7823506031
0	0.0000000000	0.9976690720	0.0023309280
0	0.0000003799	0.8948735962	0.1051260239
1	0.0351252798	0.2525720243	0.7123026959
1	0.0000000001	0.6493924646	0.3506075353
1	0.0660011867	0.0956600463	0.8383387670
0	0.0159995792	0.9839876210	0.0000127998
0	0.0132853014	0.6199122804	0.3668024182
1	0.1152751591	0.2168556353	0.6678692056
0	0.3340494566	0.5452620931	0.1206884504
0	0.1273827164	0.4329021110	0.4397151726
0	0.3080434261	0.6762537418	0.0157028321
1	0.0106575060	0.0180064570	0.9713360371
0	0.0005397444	0.0464634474	0.9529968082
0	0.2351347225	0.6525359925	0.1123292850
0	0.3099426937	0.0000041439	0.6900531624
1	0.4905762186	0.3043211839	0.2051025976
0	0.2223444865	0.4614206236	0.3162348899
0	0.0102843685	0.0000120243	0.9897036072
0	0.0000000000	1.0000000000	0.0000000000
0	0.9750267760	0.0020908346	0.0228823894
0	0.0057958341	0.0011493952	0.9930547708
0	0.0158306447	0.5211904397	0.4629789156
1	0.0056845466	0.0000000000	0.9943154534
0	0.0005539008	0.7541260603	0.2453200389
0	0.0000000000	0.9996567262	0.0003432738
0	0.0000000000	0.9993417082	0.0006582918
1	0.6018151561	0.3830669475	0.0151178965
1	0.1599266306	0.4672451854	0.3728281840
0	0.2285799944	0.7438783608	0.0275416448
0	0.0000000000	0.0022843083	0.9977156917
0	0.8270153559	0.0000021318	0.1729825123
0	0.0052558035	0.0124287010	0.9823154956
0	0.3162006163	0.6150245262	0.0687748575
0	0.5822489991	0.0000000065	0.4177509944
0	0.0356827565	0.0249429639	0.9393742796
1	0.0000000000	0.3976295564	0.6023704436
0	0.2318090065	0.0000000000	0.7681909935
0	0.5775666103	0.0308149149	0.3916184747
0	0.0002364229	0.0246375544	0.9751260227
0	0.6328636669	0.0028114174	0.3643249157
1	0.0687783837	0.8015402347	0.1296813817
0	0.0127655811	0.7522066049	0.2350278140
0	0.0000050316	0.3030877128	0.6969072556
0	0.0166168334	0.8572140655	0.1261691011
0	0.1861395393	0.0026787036	0.8111817571
0	0.0184965838	0.9815034162	0.0000000000
0	0.0000000019	0.0304434435	0.9695565546
0	0.7136041616	0.2066220475	0.0797737909
0	0.0000000007	0.0048084456	0.9951915537
0	0.2928489535	0.5834196582	0.1237313883
0	0.0018463518	0.2278990999	0.7702545483
0	0.0002293660	0.0076256957	0.9921449383
0	0.0291367526	0.3472074507	0.6236557967
0	0.8595698957	0.1403700343	0.0000600700
0	0.0030464162	0.3897170181	0.6072365657
0	0.0011901563	0.9384459884	0.0603638553
0	0.0000715510	0.9055487438	0.0943797052
0	0.1459525173	0.8540187921	0.0000286905
0	0.1987104979	0.0934057246	0.7078837775
1	0.0025206274	0.2761528782	0.7213264944
1	0.0092798089	0.9895682810	0.0011519101
0	0.8373132608	0.0021080487	0.1605786905
0	0.0000173231	0.9531421189	0.0468405579
1	0.0312132213	0.8237926173	0.1449941614
0	0.8448980633	0.0953267706	0.0597751661
0	0.0077577936	0.0965295380	0.8957126684
0	0.0642836897	0.0098977022	0.9258186081
0	0.0000000022	0.7443784700	0.2556215278
0	0.0065061084	0.8196085198	0.1738853718
1	0.9376428479	0.0127482474	0.0496089047
0	0.0306129503	0.9632522823	0.0061347673
0	0.5818483787	0.3753698208	0.0427818005
1	0.7385390730	0.2614603156	0.0000006113
1	0.3822446334	0.5457408864	0.0720144802
1	0.9187804923	0.0802684453	0.0009510623
0	0.9536587243	0.0283566639	0.0179846118
0	0.6920528745	0.0000000000	0.3079471255
0	0.7560027860	0.2384699419	0.0055272721
0	0.0000582910	0.7726566972	0.2272850118
0	0.0000000000	0.9669104757	0.0330895243
1	0.1599045033	0.8263867323	0.0137087645
1	0.7784694093	0.0795649993	0.1419655914
1	0.6216743131	0.3487375523	0.0295881346
0	0.1475354522	0.8524557354	0.0000088124
0	0.0437628897	0.7418742796	0.2143628307
1	0.1823122077	0.0144087210	0.8032790713
0	0.0365669241	0.9633413351	0.0000917408
0	0.5975805105	0.1578333564	0.2445861331
0	0.0001577930	0.2501464759	0.7496957311
0	0.1668904536	0.0007643458	0.8323452005
0	0.0088924188	0.7876872720	0.2034203092
0	0.1536118526	0.0023353024	0.8440528450
1	0.1915079849	0.4340564627	0.3744355524
0	0.4331456810	0.3315325953	0.2353217237
0	0.0000003459	0.0816755628	0.9183240912
0	0.0017661801	0.0108323348	0.9874014851
0	0.5708401452	0.0008743646	0.4282854901
0	0.6255259260	0.0000144959	0.3744595782
0	0.4089525948	0.1196018333	0.4714455720
0	0.4247609276	0.3601359821	0.2151030904
1	0.0053723384	0.9941430804	0.0004845812
1	0.0881176282	0.0007715212	0.9111108506
0	0.9587442126	0.0214765580	0.0197792294
0	0.0923430831	0.3884962319	0.5191606849
0	0.3326762338	0.0157276282	0.6515961380
0	0.5070508671	0.0627503905	0.4301987424
0	0.6757239497	0.0004148153	0.3238612350
0	0.0000000000	0.0268188370	0.9731811630
0	0.0340967979	0.4883110186	0.4775921835
0	0.1676771455	0.0469153757	0.7854074788
0	0.0091612230	0.1217939750	0.8690448020
0	0.0057503431	0.3190229276	0.6752267293
0	0.0484178934	0.4610990093	0.4904830973
1	0.0000005922	0.8305457931	0.1694536146
0	0.0705668017	0.0010846832	0.9283485151
0	0.8256904950	0.0027536549	0.1715558501
1	0.5226162300	0.4773375045	0.0000462655
0	0.4951178492	0.3223826447	0.1824995061
0	0.3921715650	0.6044778248	0.0033506102
0	0.0000000000	0.5462866159	0.4537133841
0	0.0147803566	0.0115505668	0.9736690767
0	0.1773658423	0.1918085399	0.6308256178
0	0.0924684439	0.0032988176	0.9042327385
0	0.0045515181	0.7238204869	0.2716279950
0	0.1818415596	0.0006023089	0.8175561315
0	0.0047121993	0.0000056181	0.9952821825
