0	0.2090830766	0.7415755636	0.0493413598
0	0.0011769836	0.9878375322	0.0109854842
0	0.4026040982	0.5252195229	0.0721763789
0	0.0000765864	0.3878613054	0.6120621082
0	0.0420407762	0.2767808083	0.6811784155
0	0.0000000095	0.0072682285	0.9927317619
0	0.0024868356	0.0000190769	0.9974940875
0	0.0000000321	0.4812700377	0.5187299302
0	0.4567536591	0.3613543275	0.1818920135
0	0.5209604488	0.4790395397	0.0000000114
0	0.0000000000	0.0635553987	0.9364446013
1	0.7136276201	0.0000000122	0.2863723677
0	0.0402712506	0.1928446182	0.7668841313
1	0.0609652820	0.9389661644	0.0000685536
0	0.0278146473	0.9583036446	0.0138817080
1	0.0683988111	0.9011711289	0.0304300601
0	0.0000000001	0.1200087503	0.8799912496
0	0.0756505595	0.0000000000	0.9243494405
0	0.6916853220	0.3082811950	0.0000334831
0	0.0357445798	0.0327650029	0.9314904173
0	0.0316019074	0.3287888662	0.6396092264
0	0.0644989562	0.0785200926	0.8569809512
0	0.0301874056	0.9343771661	0.0354354283
0	0.0792218039	0.4078670604	0.5129111357
0	0.0062679211	0.2184686078	0.7752634711
0	0.7474400792	0.0968466121	0.1557133088
1	0.0132606137	0.0006453587	0.9860940275
0	0.8147540150	0.0198027632	0.1654432218
0	0.0000000000	0.9817840986	0.0182159014
0	0.0063910300	0.0471152916	0.9464936784
0	0.0301133421	0.9375803665	0.0323062914
0	0.8600340569	0.1393044699	0.0006614732
0	0.0000000000	0.1305308589	0.8694691411
1	0.3725943816	0.6274056184	0.0000000000
0	0.1928344823	0.0012806486	0.8058848691
0	0.0005494697	0.0294509474	0.9699995829
0	0.0000000000	0.6918380825	0.3081619175
1	0.0001751762	0.7593288310	0.2404959928
0	0.3322874652	0.0200342697	0.6476782651
0	0.0000000000	0.0126849472	0.9873150528
0	0.1792791017	0.7030435244	0.1176773739
0	0.3181091202	0.0002763504	0.6816145294
0	0.0519394000	0.3598343617	0.5882262382
0	0.0047464659	0.6533987803	0.3418547537
0	0.0268044620	0.7019357082	0.2712598298
1	0.9447717434	0.0179301543	0.0372981023
0	0.2628755565	0.7282517066	0.0088727369
0	0.0361837659	0.0000537566	0.9637624775
0	0.0468422213	0.2496781417	0.7034796369
0	0.0007691716	0.7232100514	0.2760207770
1	0.4884303458	0.0002793047	0.5112903495
0	0.0000000000	0.9960363234	0.0039636766
0	0.5647308097	0.0002015292	0.4350676611
0	0.1152738917	0.7969809604	0.0877451479
1	0.0000828867	0.2191961884	0.7807209250
0	0.0201134967	0.8576847485	0.1222017548
1	0.0015222203	0.9984771469	0.0000006328
0	0.0000310943	0.6049496223	0.3950192834
0	0.1706938631	0.0434758128	0.7858303241
1	0.0335474779	0.9614030338	0.0050494883
0	0.0000000005	0.1163478118	0.8836521877
1	0.2247690188	0.7617650447	0.0134659365
1	0.5947226485	0.4052071810	0.0000701705
0	0.4990560232	0.0026987976	0.4982451792
0	0.6312777945	0.0167680858	0.3519541197
1	0.0160584075	0.8788140442	0.1051275483
0	0.1935007800	0.4103358385	0.3961633815
0	0.0642441293	0.0103164258	0.9254394449
0	0.4159785474	0.1220752513	0.4619462013
0	0.0000000000	0.4519022491	0.5480977509
0	0.9775735238	0.0002779706	0.0221485056
1	0.2203741782	0.7640542354	0.0155715864
0	0.8967417372	0.0306154334	0.0726428294
0	0.4683094606	0.2764441236	0.2552464158
0	0.0000000000	0.1820652677	0.8179347323
0	0.1274163246	0.3045139591	0.5680697163
0	0.0037043708	0.9962955929	0.0000000363
0	0.0547119201	0.0504185972	0.8948694827
0	0.3143155181	0.0015228488	0.6841616332
0	0.0000560112	0.6266657431	0.3732782457
0	0.0130926445	0.2004844530	0.7864229026
2	0.0214076529	0.9785923470	0.0000000000
1	0.4125989866	0.5651818336	0.0222191798
0	0.3558448302	0.0155380112	0.6286171586
1	0.5636197340	0.3972110381	0.0391692280
0	0.1157769118	0.2549579479	0.6292651403
1	0.0764125021	0.6011225283	0.3224649696
0	0.0003527744	0.6620017418	0.3376454839
0	0.9468457831	0.0531367598	0.0000174571
1	0.3277632172	0.0050730120	0.6671637708
1	0.6803349051	0.0322139999	0.2874510950
1	0.2895059611	0.3778847623	0.3326092766
0	0.0110772405	0.2396119434	0.7493108161
0	0.8474270484	0.0415650586	0.1110078931
0	0.6437762014	0.3220971817	0.0341266169
0	0.4471863269	0.4904393507	0.0623743224
0	0.0662795121	0.8781939526	0.0555265352
2	0.0403541781	0.9353191324	0.0243266895
0	0.1345199793	0.7731129787	0.0923670420
0	0.0906790307	0.0065990860	0.9027218833
1	0.9061000751	0.0764112255	0.0174886994
0	0.0000001290	0.3323822402	0.6676176308
0	0.0343250592	0.2977857744	0.6678891664
0	0.0223726790	0.2383969718	0.7392303492
0	0.7190571526	0.0660056336	0.2149372138
0	0.0982983446	0.6401742269	0.2615274285
0	0.0000070251	0.0956576069	0.9043353680
0	0.2576289627	0.0680561081	0.6743149292
0	0.7773043617	0.2216915153	0.0010041230
1	0.0929299981	0.0000000198	0.9070699821
2	0.4024744029	0.5975255966	0.0000000005
0	0.4621629042	0.5375381297	0.0002989661
0	0.1292118167	0.0000092700	0.8707789132
0	0.0001102007	0.9822969743	0.0175928250
0	0.7626363734	0.0000305479	0.2373330787
0	0.0232760628	0.0379227982	0.9388011391
1	0.6074495118	0.2883466967	0.1042037914
1	0.0000001318	0.0135792167	0.9864206515
0	0.3947149926	0.0783224356	0.5269625718
0	0.0316114618	0.8860829418	0.0823055965
0	0.0000000000	0.3930601027	0.6069398973
0	0.0000000000	0.0024689497	0.9975310503
0	0.0000000000	0.9954163249	0.0045836751
0	0.0365632428	0.0000973982	0.9633393590
0	0.4381482791	0.4458129873	0.1160387336
0	0.0000000000	0.1171407907	0.8828592093
0	0.0015679067	0.0159892763	0.9824428169
0	0.0002115711	0.0000009386	0.9997874903
0	0.3430105812	0.6569894187	0.0000000001
0	0.0675335633	0.2982280277	0.6342384090
0	0.0034813785	0.2605051042	0.7360135173
0	0.8399162739	0.0000000001	0.1600837261
0	0.4903438208	0.0823227975	0.4273333817
1	0.0071591246	0.9928408754	0.0000000000
0	0.2268646968	0.5675650595	0.2055702438
0	0.0000050141	0.0000000000	0.9999949859
0	0.0000000000	0.0456834338	0.9543165662
0	0.8265151859	0.0036188473	0.1698659668
0	0.0241504057	0.5028959620	0.4729536323
1	0.5371019577	0.0001930603	0.4627049820
0	0.1115305064	0.7756118670	0.1128576266
0	0.6571940348	0.3359048233	0.0069011419
0	0.3198409494	0.6095236414	0.0706354092
0	0.1741944700	0.8253905809	0.0004149492
0	0.0116035217	0.7302139505	0.2581825277
0	0.0000000005	0.6850681186	0.3149318809
0	0.5779920887	0.2174824508	0.2045254605
0	0.0000000000	0.5610302410	0.4389697590
0	0.0339795067	0.9565538222	0.0094666712
0	0.0129082964	0.8182047691	0.1688869345
0	0.2905761093	0.5306580186	0.1787658721
0	0.0703654950	0.0000000012	0.9296345038
0	0.0049561315	0.0418652920	0.9531785765
0	0.0228682893	0.0194152229	0.9577164878
0	0.9471490372	0.0480562606	0.0047947022
0	0.6264996432	0.1347924846	0.2387078723
0	0.0000001117	0.0752533582	0.9247465301
1	0.0001396886	0.9828471162	0.0170131953
0	0.0001219875	0.2509313957	0.7489466168
0	0.0024757196	0.2356526997	0.7618715807
1	0.3272844272	0.6727153960	0.0000001768
0	0.4674157305	0.2559600278	0.2766242417
0	0.8387718947	0.0000000332	0.1612280721
0	0.0000748886	0.0635995889	0.9363255225
0	0.0126366520	0.0667258109	0.9206375371
0	0.0015029834	0.3244392129	0.6740578037
0	0.0010943963	0.0053401493	0.9935654544
0	0.0000000001	0.2255066113	0.7744933886
0	0.0573767373	0.0000000000	0.9426232627
0	0.0000000134	0.4196875639	0.5803124227
0	0.0000000000	0.9602035612	0.0397964388
0	0.2538261954	0.0799090773	0.6662647273
0	0.0000000000	0.2182348593	0.7817651407
0	0.1054139525	0.8646787913	0.0299072562
0	0.0000000000	0.9154007005	0.0845992995
0	0.0000000000	0.3424413671	0.6575586329
0	0.1384141472	0.0318721732	0.8297136796
0	0.0114324772	0.0133806047	0.9751869181
1	0.0142063019	0.9391981557	0.0465955425
0	0.0000000265	0.9497021650	0.0502978085
0	0.0007184956	0.9929933031	0.0062882014
0	0.0001573419	0.0192398540	0.9806028041
0	0.0300945859	0.0000000000	0.9699054141
0	0.0809447900	0.3908022135	0.5282529965
0	0.0056375149	0.0245243765	0.9698381086
1	0.0000000000	0.8676032808	0.1323967192
0	0.1330762093	0.0468437169	0.8200800739
0	0.0056130017	0.6128349395	0.3815520588
1	0.7769585832	0.0354543973	0.1875870195
0	0.0629476222	0.0497606797	0.8872916981
1	0.4499814924	0.2924863230	0.2575321846
0	0.0846131490	0.0377161951	0.8776706559
1	0.0240712339	0.9612382943	0.0146904718
0	0.7210239382	0.0151481748	0.2638278870
0	0.1486806636	0.0101289434	0.8411903930
0	0.0001540243	0.0239391870	0.9759067887
0	0.0050061387	0.9062414529	0.0887524084
0	0.0296212005	0.0000071755	0.9703716240
0	0.7040220991	0.1786906001	0.1172873008
0	0.0000628208	0.0112292097	0.9887079695
0	0.0118361356	0.0000089988	0.9881548657
1	0.0697011775	0.3761758108	0.5541230117
1	0.1177019344	0.3918519615	0.4904461042
0	0.0141850211	0.3118426958	0.6739722832
0	0.0028210351	0.2978573075	0.6993216574
0	0.0000008467	0.9940341423	0.0059650109
0	0.4424385476	0.0332718149	0.5242896375
1	0.0013048219	0.9806902469	0.0180049312
0	0.1116510996	0.8865900839	0.0017588165
0	0.0744562700	0.9069765466	0.0185671834
0	0.0003238741	0.9781139157	0.0215622102
0	0.2634333918	0.2023006241	0.5342659841
0	0.0000008019	0.9608268584	0.0391723397
0	0.1984011002	0.0508728827	0.7507260171
0	0.0000000000	0.0128936256	0.9871063744
1	0.5903595086	0.4067130134	0.0029274780
0	0.0182012335	0.2419765383	0.7398222282
0	0.4041023939	0.5932203095	0.0026772966
0	0.0429809619	0.8739213623	0.0830976758
0	0.1301871389	0.0004195109	0.8693933502
0	0.0000000064	0.0165220558	0.9834779378
0	0.2799188758	0.0487761974	0.6713049268
0	0.0760922073	0.1366502663	0.7872575265
0	0.0000882085	0.9948938167	0.0050179748
0	0.0333663666	0.4023711341	0.5642624992
0	0.0000000000	0.4082394503	0.5917605497
0	0.0253682457	0.4945626033	0.4800691511
0	0.7122021647	0.2421202233	0.0456776120
0	0.2995469222	0.6652164125	0.0352366653
0	0.0000334802	0.0071716043	0.9927949154
1	0.2196379358	0.1236323283	0.6567297359
1	0.0000061580	0.9999938420	0.0000000000
0	0.0227628244	0.0091329143	0.9681042613
0	0.0410219027	0.9530225067	0.0059555906
0	0.1873728064	0.0268335783	0.7857936153
0	0.0002118169	0.1730402611	0.8267479221
0	0.0003723171	0.0082695302	0.9913581527
0	0.5391648815	0.1714510749	0.2893840436
0	0.0245779407	0.0018529588	0.9735691004
0	0.2619885613	0.7380111253	0.0000003134
0	0.0046509791	0.0182616110	0.9770874099
0	0.1649142913	0.3143785374	0.5207071713
0	0.0000000000	0.3675447753	0.6324552247
0	0.1182997589	0.1100804900	0.7716197511
1	0.0000000000	0.5637627104	0.4362372896
0	0.0000000022	0.6010329604	0.3989670374
0	0.9266851028	0.0018761272	0.0714387700
0	0.0065934734	0.2281854797	0.7652210469
0	0.0006228585	0.0368675963	0.9625095452
1	0.0004976106	0.9914562635	0.0080461259
0	0.1048183317	0.5985904331	0.2965912352
0	0.3884763821	0.0000000125	0.6115236055
0	0.3266555222	0.4815679426	0.1917765352
0	0.0002198167	0.8758537298	0.1239264535
0	0.0073630424	0.9568848635	0.0357520940
0	0.1130277982	0.8849451948	0.0020270070
0	0.0002509520	0.5363540117	0.4633950363
0	0.3392147116	0.0121187720	0.6486665164
0	0.9565736681	0.0001947344	0.0432315976
0	0.2816645535	0.0005123908	0.7178230557
1	0.6304517162	0.3333212661	0.0362270177
0	0.1558961491	0.1417350863	0.7023687645
0	0.0901045679	0.3606038189	0.5492916132
0	0.0016869457	0.3542944117	0.6440186426
0	0.0000001427	0.5755816465	0.4244182109
0	0.1283218369	0.1183777556	0.7533004075
1	0.0376684748	0.0793612587	0.8829702665
1	0.2502803392	0.3704549123	0.3792647484
0	0.4081200830	0.0023821113	0.5894978057
0	0.0000767629	0.1477665185	0.8521567187
0	0.0000103114	0.1302839082	0.8697057804
0	0.0000000042	0.0694176433	0.9305823525
0	0.2928866084	0.4138653634	0.2932480282
0	0.0897287983	0.0642847614	0.8459864403
0	0.6951461870	0.0002821540	0.3045716591
0	0.0000238371	0.0000001180	0.9999760449
0	0.0645635722	0.3211227576	0.6143136701
0	0.8266781843	0.1321065983	0.0412152175
0	0.0698072262	0.0010654100	0.9291273637
0	0.0067708462	0.8484153651	0.1448137887
1	0.1829982541	0.2780283119	0.5389734340
0	0.4774017237	0.4525412168	0.0700570596
0	0.0035975291	0.7647510684	0.2316514025
0	0.1193614046	0.0000000000	0.8806385954
0	0.1226923426	0.8513426173	0.0259650400
0	0.0000007652	0.0037631817	0.9962360531
0	0.0249756479	0.0883024061	0.8867219459
0	0.0224466664	0.9576192056	0.0199341280
0	0.0332445668	0.0843879082	0.8823675250
0	0.9727084825	0.0208253688	0.0064661486
0	0.0030166173	0.8164286483	0.1805547344
0	0.0410360196	0.0000000001	0.9589639803
0	0.0137524889	0.0064678803	0.9797796308
1	0.0072995573	0.6829543696	0.3097460731
0	0.8556117353	0.1443882647	0.0000000000
0	0.1835322192	0.0000000001	0.8164677807
0	0.0930791007	0.6500530214	0.2568678779
1	0.0000000435	0.8863546838	0.1136452727
0	0.7496364498	0.0145638205	0.2357997297
1	0.2819798817	0.0013980495	0.7166220689
0	0.1804277354	0.6926028605	0.1269694041
1	0.0000000000	0.1793450002	0.8206549998
0	0.0052263416	0.6846217856	0.3101518728
0	0.4156764805	0.5593633746	0.0249601449
0	0.2875760051	0.0997996460	0.6126243490
1	0.3517642003	0.4533020432	0.1949337565
0	0.0000000000	0.2460793124	0.7539206876
0	0.3855132211	0.4151379886	0.1993487903
0	0.0111012392	0.0310318851	0.9578668758
0	0.2744213874	0.3985806315	0.3269979811
0	0.0147930004	0.2257282239	0.7594787758
0	0.0000000001	0.8245200865	0.1754799134
1	0.1861053905	0.3845607079	0.4293339017
0	0.0019578655	0.0000533084	0.9979888260
0	0.0000739335	0.0128091828	0.9871168837
0	0.0000248051	0.0001439211	0.9998312738
0	0.0023877070	0.0089138722	0.9886984208
0	0.0821490265	0.0503252882	0.8675256854
0	0.2790026975	0.2795453859	0.4414519166
0	0.1284409833	0.8455234277	0.0260355890
0	0.0001091036	0.8787939674	0.1210969290
0	0.0486947329	0.0301559269	0.9211493403
1	0.0000000502	0.9952449704	0.0047549794
0	0.7592167851	0.0036232308	0.2371599841
0	0.0000000000	0.8704357279	0.1295642721
0	0.6915994993	0.0000000048	0.3084004959
0	0.0096453093	0.3994444203	0.5909102704
0	0.0000000018	0.9694991752	0.0305008230
0	0.0012378059	0.6809324785	0.3178297156
1	0.1396936600	0.8603063400	0.0000000000
0	0.0498627468	0.0138329319	0.9363043213
1	0.0009765848	0.9974910906	0.0015323246
0	0.0404232307	0.4875255099	0.4720512594
0	0.0000000000	0.0001202043	0.9998797957
0	0.7991023790	0.0424394811	0.1584581399
0	0.0011557917	0.2024053668	0.7964388415
0	0.0012191520	0.2058539985	0.7929268495
0	0.1911536360	0.0000196025	0.8088267614
0	0.2565127427	0.2176404320	0.5258468254
0	0.1604419980	0.2286522561	0.6109057460
0	0.1292543617	0.1848934243	0.6858522140
0	0.0004093651	0.0000000104	0.9995906245
0	0.9866880617	0.0133111823	0.0000007561
0	0.3729890771	0.2103092685	0.4167016544
0	0.0000235044	0.0416513534	0.9583251422
0	0.3500273377	0.4084967493	0.2414759130
0	0.0002287910	0.4668731138	0.5328980952
0	0.2815511460	0.1249233043	0.5935255498
0	0.1158478165	0.5791556621	0.3049965214
0	0.3369129313	0.3569209487	0.3061661199
0	0.1293178504	0.0009782725	0.8697038771
0	0.4734378410	0.0389880123	0.4875741467
0	0.0104891329	0.6586415115	0.3308693557
0	0.0000000303	0.3550823592	0.6449176105
0	0.1185364166	0.0646753632	0.8167882201
0	0.0060821365	0.6664748714	0.3274429922
0	0.6058522695	0.0000797615	0.3940679690
0	0.0359374430	0.0000000000	0.9640625570
0	0.2166260529	0.1048613328	0.6785126142
0	0.0013545059	0.0000000698	0.9986454243
1	0.0532195034	0.0540065275	0.8927739690
0	0.1248247513	0.5552101516	0.3199650971
0	0.0002687602	0.7012584805	0.2984727593
1	0.1650537484	0.5640498574	0.2708963941
1	0.2383578670	0.0040861977	0.7575559352
1	0.6076047982	0.3860540173	0.0063411844
1	0.1801979222	0.7768650257	0.0429370521
0	0.0000000390	0.4123266984	0.5876732626
1	0.0000000322	0.0017690718	0.9982308960
0	0.9194452700	0.0053283188	0.0752264113
0	0.7858411869	0.0000291469	0.2141296661
0	0.0286578898	0.9713240309	0.0000180794
0	0.1240042581	0.7975099348	0.0784858071
0	0.0000000000	0.2914939711	0.7085060289
0	0.8502028120	0.0286215263	0.1211756617
0	0.2726546180	0.0000129648	0.7273324173
0	0.9727497874	0.0000220314	0.0272281811
0	0.8947427634	0.0001376411	0.1051195955
0	0.0009198244	0.8368075253	0.1622726503
0	0.2796471845	0.1463462483	0.5740065672
1	0.0142435842	0.9064910798	0.0792653360
0	0.8428455898	0.1571488914	0.0000055188
0	0.9438687412	0.0060698185	0.0500614404
0	0.0012010931	0.0677266691	0.9310722377
1	0.0007241585	0.9990326024	0.0002432391
0	0.0000010685	0.0863088465	0.9136900850
1	0.6407638419	0.3592361581	0.0000000000
0	0.5820818057	0.0000000000	0.4179181943
0	0.0002130094	0.2838936727	0.7158933179
0	0.4195405263	0.0248288507	0.5556306230
0	0.2662000667	0.3662217054	0.3675782279
0	0.0076622780	0.0000000109	0.9923377111
0	0.0000240467	0.0908840970	0.9090918563
0	0.0033929584	0.5644417552	0.4321652864
0	0.0204650854	0.3081401781	0.6713947365
0	0.0638505630	0.1312059537	0.8049434834
1	0.3220780593	0.6738606371	0.0040613036
1	0.0000127537	0.9650697024	0.0349175439
1	0.2382956934	0.7342199148	0.0274843919
0	0.0045266709	0.1609533070	0.8345200221
0	0.0634850812	0.5111116853	0.4254032335
0	0.1124318480	0.8191197938	0.0684483582
0	0.0188121925	0.6134175545	0.3677702530
0	0.0389731338	0.7801760038	0.1808508625
0	0.5077271898	0.4750659887	0.0172068215
0	0.0000009717	0.1140656457	0.8859333826
0	0.3474995786	0.0843762022	0.5681242192
0	0.4668364114	0.3607265705	0.1724370181
0	0.0000010900	0.0116004379	0.9883984721
0	0.0012196351	0.0000012625	0.9987791025
0	0.0845949996	0.0045259643	0.9108790361
0	0.0000000000	0.8582146646	0.1417853354
0	0.0930998530	0.4849691268	0.4219310202
0	0.0053383817	0.0574264738	0.9372351445
0	0.0003051996	0.2828385777	0.7168562227
0	0.6434005167	0.1010642457	0.2555352376
0	0.9588541879	0.0411455403	0.0000002717
0	0.1021614678	0.0000000000	0.8978385322
1	0.3124022361	0.6632105902	0.0243871737
0	0.3262685074	0.4094927696	0.2642387230
0	0.4297059175	0.0000000082	0.5702940743
1	0.4505770495	0.4940572830	0.0553656675
0	0.1622118634	0.6981223109	0.1396658257
1	0.0278249712	0.8967716236	0.0754034052
1	0.0011048743	0.9915681201	0.0073270056
0	0.2424657184	0.7364953443	0.0210389373
0	0.0411416177	0.9192356476	0.0396227347
0	0.0708235714	0.8802847116	0.0488917170
0	0.0246599167	0.0000031638	0.9753369195
0	0.0000000000	0.0849572333	0.9150427667
0	0.4911819458	0.2912704619	0.2175475923
0	0.0012550776	0.8833771015	0.1153678209
0	0.0831528213	0.7485814950	0.1682656837
0	0.0005858656	0.6486699679	0.3507441666
0	0.3978659669	0.0000000022	0.6021340309
0	0.3051847658	0.3878462053	0.3069690289
0	0.0815993886	0.0000139830	0.9183866285
0	0.0191707774	0.0124028562	0.9684263663
0	0.8779963968	0.0588731312	0.0631304720
0	0.9174956214	0.0824713020	0.0000330766
0	0.0047055295	0.0008778151	0.9944166555
0	0.0165967862	0.9009481864	0.0824550274
0	0.0000000000	0.6832648308	0.3167351692
0	0.2620009676	0.0836961666	0.6543028658
0	0.0000000000	0.0063140734	0.9936859266
0	0.0000000000	0.2755183782	0.7244816218
0	0.0047177614	0.7035963026	0.2916859359
1	0.0000655336	0.8165705561	0.1833639103
0	0.0003375649	0.4573844710	0.5422779641
0	0.1242981420	0.7039338690	0.1717679890
0	0.0129862450	0.4611277290	0.5258860259
0	0.3273603075	0.2608423938	0.4117972988
1	0.0712297026	0.9286947369	0.0000755605
0	0.1934179953	0.4275353927	0.3790466120
0	0.0000000000	0.8608315140	0.1391684860
0	0.6312726189	0.3685745823	0.0001527988
1	0.0003347833	0.9993396378	0.0003255788
0	0.4086478956	0.0186896002	0.5726625041
0	0.1562715938	0.0503777011	0.7933507051
0	0.4647869586	0.2971827530	0.2380302884
0	0.2859214196	0.7135216631	0.0005569172
0	0.0000000000	0.0879026237	0.9120973763
0	0.0000000244	0.9999999751	0.0000000006
0	0.0360114837	0.5713356361	0.3926528802
0	0.1563605750	0.0123979638	0.8312414612
0	0.9995817236	0.0000451997	0.0003730767
0	0.0419050590	0.7255772120	0.2325177290
0	0.1430908477	0.0036284997	0.8532806526
0	0.0011226814	0.4363510344	0.5625262842
0	0.0000000045	0.2528523258	0.7471476696
0	0.0000000095	0.8336933036	0.1663066869
0	0.0788450398	0.3448331125	0.5763218477
1	0.2721481767	0.7278518233	0.0000000000
0	0.0000001767	0.3460013638	0.6539984595
1	0.0000074596	0.7186743021	0.2813182384
0	0.6954014448	0.1728367271	0.1317618281
0	0.5610460769	0.1266850232	0.3122688999
0	0.0344049748	0.0276597949	0.9379352303
0	0.7498882174	0.2145808403	0.0355309423
0	0.0522221452	0.9126114866	0.0351663682
0	0.1649117572	0.7183417484	0.1167464944
0	0.0000000000	0.0017573298	0.9982426702
0	0.0898353615	0.1928909930	0.7172736455
2	0.0044848486	0.9955151514	0.0000000000
0	0.0000000000	0.8741517685	0.1258482315
0	0.0296425619	0.9703306869	0.0000267511
1	0.1116883611	0.8883116389	0.0000000000
0	0.0988284537	0.6467233563	0.2544481900
0	0.0507201123	0.5663760088	0.3829038790
0	0.9999838436	0.0000161482	0.0000000082
0	0.2409940944	0.6707492016	0.0882567039
0	0.1062824190	0.8670901071	0.0266274739
0	0.7982028756	0.2017912168	0.0000059076
1	0.0617700193	0.7161156887	0.2221142920
0	0.0768567342	0.0107388310	0.9124044349
0	0.3797071652	0.0244254721	0.5958673626
0	0.0010690621	0.8997439096	0.0991870283
2	0.0030448644	0.9400899596	0.0568651760
1	0.1701740752	0.8272967096	0.0025292152
0	0.0019271337	0.0000000000	0.9980728663
