0	0.9215092611	0.0440541467	0.0344365922
1	0.8798355426	0.0527233205	0.0674411369
0	0.8664205948	0.1309484133	0.0026309919
0	0.2177050666	0.7623312692	0.0199636642
1	0.3140774144	0.0093177918	0.6766047937
0	0.8788134404	0.0145878191	0.1065987405
0	0.4439076885	0.5236757491	0.0324165625
0	0.4021206126	0.5358398008	0.0620395867
0	0.2201881473	0.6546820490	0.1251298037
0	0.0407408540	0.9129877317	0.0462714143
0	0.9606852121	0.0113191882	0.0279955996
0	0.0151586926	0.6730083828	0.3118329246
0	0.0990807877	0.4378309274	0.4630882850
0	0.2206151027	0.2865069573	0.4928779399
1	0.4139741868	0.0060339081	0.5799919051
0	0.9081602046	0.0839459621	0.0078938333
0	0.0789098233	0.8624946611	0.0585955157
0	0.9906276165	0.0000000000	0.0093723835
0	0.6605865852	0.0519817138	0.2874317010
0	0.2756648651	0.6380476076	0.0862875273
0	0.6669442440	0.0000012176	0.3330545385
0	0.0335180364	0.1488502546	0.8176317089
0	0.0000318375	0.6043660661	0.3956020964
0	0.1277610980	0.8528469769	0.0193919251
0	0.7958575193	0.1035975058	0.1005449749
0	0.9002373684	0.0991051396	0.0006574920
0	0.4182973333	0.5797225859	0.0019800808
0	0.6188833596	0.0017432109	0.3793734295
0	0.9999280654	0.0000709262	0.0000010084
0	0.9654693165	0.0345305787	0.0000001048
0	0.5988770128	0.3574357337	0.0436872535
0	0.3239871092	0.6704711992	0.0055416916
0	0.9192813763	0.0092716501	0.0714469735
0	0.9385940265	0.0464481747	0.0149577988
0	0.9406609773	0.0003842627	0.0589547600
0	0.8570649950	0.1043037501	0.0386312549
0	0.7738412297	0.1651069756	0.0610517947
0	0.9084181546	0.0000000037	0.0915818417
1	0.0000146325	0.9879851942	0.0120001733
0	0.1916389771	0.8083601923	0.0000008306
0	0.8689315303	0.1256151084	0.0054533613
0	0.5914841715	0.1679438173	0.2405720112
0	0.9977560609	0.0000000004	0.0022439387
1	0.0174965101	0.0492233014	0.9332801885
0	0.2220812137	0.7764128091	0.0015059772
0	0.9148975995	0.0525992854	0.0325031151
0	0.5992225186	0.3232582475	0.0775192339
0	0.2735574683	0.0000000009	0.7264425308
0	0.0000018065	0.0139426373	0.9860555563
0	0.7247940558	0.2542044237	0.0210015205
1	0.8573900426	0.1085383745	0.0340715828
0	0.8158771040	0.0095062989	0.1746165971
1	0.0408066727	0.3170103963	0.6421829310
0	0.6035014891	0.2742523455	0.1222461654
2	0.0000000000	1.0000000000	0.0000000000
0	0.8832901743	0.0000000016	0.1167098241
0	0.1846846552	0.7143170359	0.1009983089
1	0.9541967532	0.0370248246	0.0087784222
0	0.5866954679	0.1408795998	0.2724249322
1	0.8524607865	0.1475392135	0.0000000000
0	0.4567852766	0.0024836766	0.5407310468
0	0.9135796247	0.0055652463	0.0808551290
0	0.4246715100	0.1939837571	0.3813447329
0	0.0000000047	0.9973184121	0.0026815832
0	0.6517741046	0.1239707388	0.2242551567
1	0.4251026342	0.5745056084	0.0003917574
0	0.7798380555	0.0407301286	0.1794318159
0	0.9369825727	0.0570906366	0.0059267907
0	0.7177422488	0.2631011409	0.0191566103
1	0.9475232988	0.0000000000	0.0524767012
0	0.9999999707	0.0000000000	0.0000000293
2	0.0000000000	0.9926886352	0.0073113648
0	0.1704829962	0.8087657934	0.0207512105
0	0.0393746131	0.8525357331	0.1080896539
0	0.1116115863	0.0507999303	0.8375884834
0	0.4400770511	0.4949769487	0.0649460002
0	0.1961710254	0.6544579632	0.1493710114
0	0.4605521590	0.5360395252	0.0034083159
0	0.9188308153	0.0195621744	0.0616070103
0	0.9927341360	0.0062303967	0.0010354673
0	0.3284347114	0.0152849127	0.6562803758
0	0.5965197138	0.2001044162	0.2033758700
0	0.9993318867	0.0000000275	0.0006680859
0	0.0571085112	0.0001327893	0.9427586995
0	0.6996231336	0.0438971375	0.2564797289
0	0.9967732772	0.0017454814	0.0014812414
0	0.0181449558	0.0617293505	0.9201256937
1	0.0040768028	0.9959231972	0.0000000000
0	0.0000013942	0.8011164741	0.1988821317
0	0.0000000072	0.1790121143	0.8209878785
0	0.2809652736	0.1233530411	0.5956816854
0	0.9855790412	0.0086580188	0.0057629400
0	0.3361916648	0.6638083352	0.0000000000
0	0.4842541186	0.0000000014	0.5157458800
0	0.0418405185	0.8079424920	0.1502169895
0	0.9999996343	0.0000003656	0.0000000001
0	0.0230597937	0.9648596563	0.0120805500
0	1.0000000000	0.0000000000	0.0000000000
0	0.8931972701	0.0965563246	0.0102464052
0	0.0264358756	0.9490325858	0.0245315386
1	0.0000000467	0.1095299544	0.8904699989
0	0.1123447911	0.0987730236	0.7888821853
0	0.4113433200	0.0333314019	0.5553252782
0	0.0026811712	0.2252107360	0.7721080928
0	0.5836699025	0.3523246950	0.0640054025
0	0.1768989955	0.5864922723	0.2366087322
1	0.9998297238	0.0000000002	0.0001702761
0	0.0092865109	0.2269246142	0.7637888749
1	0.9999992931	0.0000003718	0.0000003351
0	0.9967981163	0.0026004113	0.0006014723
0	0.9962202434	0.0004005273	0.0033792293
0	0.8253055880	0.0000110560	0.1746833560
1	0.7922478196	0.1430142705	0.0647379100
0	0.0000000000	0.6884999095	0.3115000905
1	0.9288160371	0.0692716510	0.0019123118
0	0.4837305409	0.0114556585	0.5048138007
0	0.9991964465	0.0007934930	0.0000100605
0	0.9999998700	0.0000000000	0.0000001300
0	0.9026307875	0.0490360698	0.0483331428
0	0.0582928570	0.1264333879	0.8152737552
0	0.3040765326	0.4303600717	0.2655633956
0	0.5751219873	0.3515179723	0.0733600404
0	0.9627385042	0.0001079005	0.0371535953
0	0.6676115340	0.3321660939	0.0002223721
1	0.3581813332	0.0365270314	0.6052916354
0	0.7672775049	0.2327224951	0.0000000000
0	0.8704592237	0.0897486140	0.0397921624
0	0.8616750133	0.1296860014	0.0086389854
0	0.8362486588	0.0351652805	0.1285860607
0	0.5841459299	0.2316332704	0.1842207997
1	0.3780738564	0.6208528701	0.0010732735
0	0.4111526341	0.0000000000	0.5888473659
0	0.9428729319	0.0361806286	0.0209464396
0	0.4319488447	0.4629589284	0.1050922269
0	0.1779698998	0.6355933047	0.1864367955
0	0.5121545121	0.2399450111	0.2479004768
1	0.0641160997	0.9358838999	0.0000000004
1	0.0000023728	0.1413593072	0.8586383201
0	0.0918780265	0.9080277203	0.0000942532
0	0.8354791908	0.0590728652	0.1054479440
0	0.4337466220	0.5646898486	0.0015635294
0	0.8013017253	0.1986942189	0.0000040558
0	0.7875709008	0.2123755937	0.0000535055
2	0.9999670004	0.0000000000	0.0000329996
0	0.2145136381	0.7854863581	0.0000000039
0	0.2460677893	0.7538044299	0.0001277808
0	0.9492675249	0.0183403312	0.0323921439
0	0.6868265632	0.0312660656	0.2819073713
0	0.1523885538	0.8474935041	0.0001179422
1	0.0236802106	0.0701551432	0.9061646463
0	0.5820934872	0.1106588314	0.3072476814
1	0.8654038009	0.0273853188	0.1072108803
2	0.0000000223	0.9985019435	0.0014980342
0	0.0115584258	0.5728829826	0.4155585916
0	0.0001634405	0.1543596352	0.8454769244
0	0.8944974668	0.1017972559	0.0037052773
0	0.9765385764	0.0157011357	0.0077602879
0	0.3826317025	0.2098835802	0.4074847174
0	0.0144143889	0.0000016398	0.9855839713
0	0.4393287993	0.0403572471	0.5203139536
0	0.9356916197	0.0547123360	0.0095960443
0	0.3546605235	0.5159335956	0.1294058809
0	0.1389752621	0.6628783103	0.1981464277
1	0.0005428269	0.9994571731	0.0000000000
0	0.1828781704	0.7368806704	0.0802411592
0	0.2937437670	0.5916934238	0.1145628092
0	0.0000000002	0.4380511969	0.5619488029
0	0.1973131751	0.1908051367	0.6118816882
0	0.9263610793	0.0736389207	0.0000000000
0	0.3282391938	0.6493723581	0.0223884481
0	0.3420047846	0.0000040961	0.6579911193
0	0.1237683417	0.6159425756	0.2602890827
0	0.1339040420	0.0282191525	0.8378768055
0	0.8487261317	0.0124376401	0.1388362281
0	0.0000043995	0.0089363762	0.9910592243
0	0.9711650076	0.0006128634	0.0282221290
0	0.9916661718	0.0042941336	0.0040396946
0	0.2944052847	0.6877816769	0.0178130385
0	0.1459864971	0.8439545777	0.0100589252
0	0.9562246585	0.0203466757	0.0234286658
0	0.9518471184	0.0000631978	0.0480896838
1	0.9992886020	0.0007086021	0.0000027958
1	0.0000000000	1.0000000000	0.0000000000
0	0.9969459005	0.0010877980	0.0019663014
0	0.0103103892	0.1489237183	0.8407658925
1	0.9998867175	0.0001130642	0.0000002182
1	0.3493101105	0.6506898884	0.0000000011
0	0.0062490037	0.1205009764	0.8732500199
0	0.7659513293	0.0156764222	0.2183722484
0	0.8472007148	0.1311708558	0.0216284294
1	0.4743860865	0.1364661812	0.3891477323
0	0.9289685287	0.0312818739	0.0397495973
0	0.9320880476	0.0676112232	0.0003007292
0	0.0216613987	0.9618524938	0.0164861076
1	0.0926720543	0.8598681231	0.0474598225
0	0.6497902439	0.3500931660	0.0001165900
0	0.7235859624	0.1552838944	0.1211301433
1	0.6993386525	0.0032599280	0.2974014195
1	0.7831948700	0.0060208207	0.2107843094
1	0.2503704066	0.7168712817	0.0327583117
0	0.7006285526	0.0160465067	0.2833249407
0	0.3966954582	0.0044356791	0.5988688628
0	0.6884264527	0.0000174998	0.3115560475
1	0.1529310460	0.8066699536	0.0403990005
0	0.8113935147	0.1539020816	0.0347044037
0	0.8020945545	0.1271425522	0.0707628933
0	0.6028776987	0.0051480769	0.3919742244
0	0.0175356051	0.9824642453	0.0000001496
0	0.6551292397	0.3294661793	0.0154045810
0	0.2595984465	0.4459400241	0.2944615294
0	0.8397446283	0.1602291420	0.0000262297
0	0.9878558544	0.0101478848	0.0019962607
1	0.9999999434	0.0000000566	0.0000000000
0	0.5404371727	0.4593867027	0.0001761246
0	0.3992734761	0.1695751708	0.4311513531
0	0.9154953338	0.0000000000	0.0845046662
0	0.0014169240	0.0007776715	0.9978054045
0	0.6294217785	0.3658774284	0.0047007931
0	0.4214250179	0.0000015808	0.5785734013
0	0.9690923909	0.0000177044	0.0308899047
0	0.9987825809	0.0012174191	0.0000000000
0	0.6359045324	0.3241310063	0.0399644613
0	0.6638214794	0.3361785206	0.0000000000
1	0.8221783124	0.1778209983	0.0000006893
0	0.0166151162	0.7554127251	0.2279721587
0	0.1028948249	0.8971051751	0.0000000000
0	0.6641861321	0.3180623075	0.0177515604
0	0.9144832852	0.0076437969	0.0778729179
1	0.3889927034	0.3028086834	0.3081986131
0	0.2606906367	0.0295752314	0.7097341319
0	0.8866217771	0.0873127924	0.0260654304
0	0.0688923160	0.9305973846	0.0005102994
1	0.5503047035	0.4496952965	0.0000000000
0	0.8904294036	0.0112329700	0.0983376263
0	0.8763711590	0.1018599309	0.0217689101
0	0.6539283275	0.2227276280	0.1233440444
0	0.2696352427	0.0000000000	0.7303647573
0	0.8495243641	0.0000000216	0.1504756143
1	0.3574380089	0.3155499007	0.3270120904
0	0.3926502553	0.5216222497	0.0857274951
1	0.9755634499	0.0000000003	0.0244365498
1	0.0000000000	1.0000000000	0.0000000000
0	0.4848425558	0.2878692590	0.2272881852
0	0.4452885716	0.3447382862	0.2099731422
0	0.2147313290	0.6157221628	0.1695465081
0	0.8943764990	0.0679733145	0.0376501865
0	0.1385297144	0.7109558823	0.1505144033
0	0.1718644480	0.7649429537	0.0631925983
1	0.9272203894	0.0440908214	0.0286887892
1	0.7551174101	0.0097716740	0.2351109159
0	0.7869443874	0.0984210958	0.1146345168
0	0.9147974207	0.0090182675	0.0761843119
0	0.4488436609	0.0001433961	0.5510129430
0	0.0045829066	0.5397492276	0.4556678657
0	0.9433482252	0.0178904822	0.0387612926
0	0.4413713420	0.5098011413	0.0488275167
0	0.4830381464	0.4689565772	0.0480052763
1	0.9999999333	0.0000000000	0.0000000667
0	0.7867062470	0.0000000000	0.2132937530
0	0.6072680815	0.0077797048	0.3849522137
0	0.0889338486	0.8710195155	0.0400466359
0	0.9436119279	0.0563779543	0.0000101178
0	0.7179920331	0.0031028947	0.2789050722
0	0.7963106661	0.0067977478	0.1968915861
0	0.0912563438	0.9085972286	0.0001464276
0	0.2273584499	0.6488276806	0.1238138696
0	0.0001494398	0.9991632749	0.0006872853
0	0.8988947486	0.0613085228	0.0397967286
0	0.9936865650	0.0056867444	0.0006266906
0	0.2822083991	0.0186020677	0.6991895332
1	0.4787936867	0.4381407623	0.0830655510
0	0.1539037669	0.7871707944	0.0589254386
2	0.9499253078	0.0500730882	0.0000016040
0	0.2034663801	0.5382338113	0.2582998086
0	0.8786841785	0.0058297061	0.1154861154
0	0.9123569529	0.0591754598	0.0284675873
0	0.1043346645	0.8019181238	0.0937472117
0	0.0048102392	0.0000110179	0.9951787430
1	0.2649769042	0.5477992136	0.1872238822
0	0.8300587589	0.1697610216	0.0001802195
0	0.8260036737	0.0090845492	0.1649117771
0	0.8033072231	0.0000880993	0.1966046776
0	0.4181305309	0.3948344267	0.1870350423
0	0.9897321141	0.0102655998	0.0000022861
0	0.9933095115	0.0055493775	0.0011411110
0	0.3268418743	0.6549250345	0.0182330912
0	0.0735004206	0.0337872509	0.8927123285
0	0.7504562783	0.2494518334	0.0000918882
0	0.2153559270	0.0159523135	0.7686917594
0	0.2473296520	0.7196411438	0.0330292042
1	0.7859958650	0.2140041350	0.0000000000
0	0.1099833207	0.7854383799	0.1045782995
0	0.9835329577	0.0137503977	0.0027166445
0	0.7372557409	0.0995682233	0.1631760359
1	0.1571845432	0.8427805184	0.0000349384
0	0.9219422405	0.0780287083	0.0000290512
0	0.3765773550	0.0000000003	0.6234226446
0	0.0010598908	0.9945972677	0.0043428415
1	0.9379371875	0.0620628125	0.0000000000
0	0.9591463238	0.0000000000	0.0408536762
0	0.6144402185	0.1334683013	0.2520914802
0	0.1183075010	0.8011358450	0.0805566540
0	0.9128681561	0.0839654198	0.0031664241
0	0.7477130853	0.2031140744	0.0491728404
0	0.6442071735	0.0000738716	0.3557189549
0	0.7534972962	0.0973160726	0.1491866312
1	0.8889759045	0.0000004885	0.1110236071
0	0.5176265014	0.0000000000	0.4823734986
0	0.7774206464	0.0017948611	0.2207844926
0	0.8828989352	0.0944210753	0.0226799894
0	0.8650830473	0.1271560483	0.0077609044
0	0.3583305972	0.3376877878	0.3039816150
0	0.8820447043	0.0212985025	0.0966567932
0	0.0819871998	0.7335422635	0.1844705367
0	0.8981600815	0.0077480718	0.0940918467
1	0.9271519889	0.0273042613	0.0455437498
1	0.0000000000	0.7286120114	0.2713879886
0	0.9514618831	0.0074752194	0.0410628975
1	0.0975753879	0.9024246121	0.0000000000
0	0.9602138826	0.0063547888	0.0334313286
0	0.3642830828	0.2389680053	0.3967489119
0	0.8796426796	0.0224073782	0.0979499422
0	0.9999276420	0.0000723580	0.0000000000
1	0.3335279597	0.5602426398	0.1062294005
1	0.6851978302	0.0967718401	0.2180303296
1	0.0000000000	1.0000000000	0.0000000000
0	0.3669793103	0.5725380315	0.0604826582
0	0.9260563515	0.0647487191	0.0091949294
0	0.9365052568	0.0321800515	0.0313146917
0	0.8765400560	0.1234599440	0.0000000000
0	0.1427926947	0.8535285818	0.0036787234
0	0.0161292931	0.9120517241	0.0718189829
1	0.4568869881	0.5429761987	0.0001368132
0	0.4121296563	0.2597625318	0.3281078120
0	0.5422402155	0.0211153738	0.4366444107
0	0.5544255223	0.3479529695	0.0976215082
0	0.9752649481	0.0247347913	0.0000002606
0	0.8161319957	0.0005022918	0.1833657125
0	0.9189332964	0.0807456466	0.0003210570
0	0.9263954654	0.0000012531	0.0736032815
1	0.9339446810	0.0650479275	0.0010073915
0	0.9968738475	0.0000000019	0.0031261507
0	0.0944392554	0.8914853780	0.0140753666
0	0.6838394912	0.0000000000	0.3161605088
0	0.8561118755	0.0034940658	0.1403940587
0	0.0269888564	0.9514076798	0.0216034638
1	0.9576847630	0.0092029879	0.0331122491
0	0.1890911873	0.7784456519	0.0324631608
0	0.0716766625	0.9041021724	0.0242211651
0	0.0899568528	0.9100380833	0.0000050639
0	0.9989356959	0.0010382091	0.0000260950
0	0.9966568840	0.0030686404	0.0002744756
0	0.7525893696	0.0020763226	0.2453343078
0	0.1095988066	0.0421429676	0.8482582258
0	0.9643802580	0.0257706972	0.0098490449
0	0.4770283806	0.0000750584	0.5228965610
0	0.0545216415	0.2057914665	0.7396868920
0	0.6864070432	0.2760322734	0.0375606834
0	0.7003839057	0.2635013975	0.0361146969
0	0.2359885212	0.7433050843	0.0207063945
0	0.6638912016	0.0912269220	0.2448818764
0	0.5496279225	0.2989415240	0.1514305535
0	0.8767473628	0.1232526367	0.0000000004
0	0.7945173452	0.1943749329	0.0111077219
0	1.0000000000	0.0000000000	0.0000000000
0	0.9693480889	0.0295878498	0.0010640613
1	0.0000000000	0.9997214734	0.0002785266
0	0.2906795309	0.0567743938	0.6525460754
1	0.0003104867	0.9996731124	0.0000164009
0	0.9403291976	0.0052239891	0.0544468133
0	0.7662396268	0.0960913025	0.1376690707
0	0.6409845997	0.3584810411	0.0005343592
0	0.9994645640	0.0000041474	0.0005312886
1	0.9653884726	0.0346115274	0.0000000000
0	0.0000000758	0.1086095212	0.8913904030
0	0.0590532598	0.9409434372	0.0000033031
0	0.8107323128	0.0458547675	0.1434129197
0	0.4431713320	0.5562645134	0.0005641545
0	0.2360950855	0.0544237779	0.7094811367
0	0.3044700681	0.0000000003	0.6955299316
1	0.5007235885	0.4992764115	0.0000000000
0	0.8593152501	0.1406604887	0.0000242612
0	0.9699236174	0.0000000001	0.0300763825
0	0.8153787994	0.1824149704	0.0022062302
0	0.9998395407	0.0001587616	0.0000016977
0	0.5791194649	0.0000005941	0.4208799410
1	0.5353616690	0.4382176819	0.0264206491
0	0.9009324285	0.0032254777	0.0958420938
0	0.7487426289	0.2511176819	0.0001396892
0	0.5668347778	0.4331652148	0.0000000074
0	0.5983656965	0.3979277207	0.0037065828
0	0.9999999125	0.0000000875	0.0000000000
0	0.9894914224	0.0103959104	0.0001126672
0	0.8840386396	0.0090608009	0.1069005594
0	0.0721836884	0.8890260137	0.0387902979
0	0.5568012602	0.2344147925	0.2087839473
0	0.9966181768	0.0011731085	0.0022087147
0	0.5001314497	0.1404474264	0.3594211239
0	0.9954609056	0.0000969945	0.0044420998
1	0.0647405978	0.8855151037	0.0497442985
0	0.4405320588	0.4131288027	0.1463391385
0	0.3517872831	0.0000000273	0.6482126896
1	0.0564867786	0.9293569048	0.0141563167
0	0.8642655950	0.0162935221	0.1194408829
0	0.2172613280	0.7662762994	0.0164623726
0	0.9597522235	0.0314998275	0.0087479491
1	0.6585487614	0.0481665932	0.2932846455
0	0.8392512043	0.1607478088	0.0000009870
0	0.0167501183	0.0000000000	0.9832498817
0	0.0063524580	0.9822986719	0.0113488701
0	0.5394369960	0.3110265711	0.1495364329
0	0.0069136181	0.3807704337	0.6123159482
0	0.0699092567	0.0114405334	0.9186502099
0	0.7469623746	0.0235837912	0.2294538342
0	0.0642610095	0.7516732085	0.1840657820
1	0.1205753463	0.8793281348	0.0000965189
0	0.0755907686	0.4055735478	0.5188356836
0	0.2011941374	0.3701534043	0.4286524583
1	0.0000015903	0.9922673273	0.0077310824
1	0.0228941537	0.9665098588	0.0105959875
0	0.3170304745	0.0370853878	0.6458841376
0	0.0102695656	0.0385171658	0.9512132686
1	0.1903521500	0.8042331926	0.0054146574
0	0.2391930137	0.7608069858	0.0000000005
0	0.2074406400	0.1949417372	0.5976176228
1	0.0000000000	0.9999999885	0.0000000115
0	0.9997446725	0.0002004398	0.0000548876
0	0.1575335973	0.8294160437	0.0130503591
0	0.0946645271	0.2075313758	0.6978040971
0	0.4642233197	0.5057705906	0.0300060897
0	0.5443078541	0.4556921459	0.0000000000
0	0.0002086662	0.0864193177	0.9133720161
0	0.4070662148	0.5855803239	0.0073534613
1	0.0001169825	0.9829101753	0.0169728422
0	0.7675387795	0.0008376951	0.2316235253
0	0.0645484074	0.7219430982	0.2135084944
0	0.4146651092	0.0137106197	0.5716242711
0	0.1228884704	0.1416676177	0.7354439119
0	0.1597725465	0.8402274535	0.0000000000
0	0.3451968917	0.0856762967	0.5691268116
0	0.3556378839	0.0004470960	0.6439150201
0	0.8414860952	0.1583935223	0.0001203824
0	0.6869883081	0.0000176528	0.3129940391
1	0.0151713103	0.8920094739	0.0928192158
0	0.8857040747	0.1142441479	0.0000517774
0	0.9996476262	0.0003523738	0.0000000000
0	0.0112589493	0.1447295962	0.8440114545
0	0.7202028917	0.0340169899	0.2457801184
0	0.6320958385	0.3678604357	0.0000437259
0	0.9194701407	0.0783847995	0.0021450598
1	0.3800077887	0.0406588901	0.5793333212
0	0.1126389814	0.8683422294	0.0190187892
0	0.7052119836	0.0196029820	0.2751850344
0	0.0619019942	0.9360527158	0.0020452901
0	0.6863839021	0.3136160719	0.0000000260
0	0.3551501758	0.1212259071	0.5236239171
0	0.8585959021	0.1387335349	0.0026705630
0	0.0001668754	0.0006274347	0.9992056898
0	0.9034726554	0.0965271188	0.0000002258
1	0.3365196937	0.6112445978	0.0522357085
0	0.0159766842	0.9725532186	0.0114700972
1	0.9102524272	0.0724201763	0.0173273965
0	0.4678941347	0.4525512594	0.0795546059
0	0.8611494710	0.0321834363	0.1066670927
0	0.2356014067	0.0967067541	0.6676918392
0	0.5043094959	0.0156738052	0.4800166989
0	0.1195512588	0.6595439359	0.2209048053
0	0.3836259190	0.5907526759	0.0256214052
0	0.3941645989	0.5952773576	0.0105580435
0	0.9852889395	0.0147110605	0.0000000000
0	0.9999474205	0.0000488808	0.0000036987
0	0.9999995587	0.0000004406	0.0000000007
0	0.9371510308	0.0138506401	0.0489983291
1	0.5642556305	0.1993688155	0.2363755541
0	0.1032153481	0.5762281675	0.3205564844
0	0.9995117115	0.0000003749	0.0004879136
0	0.3496105180	0.5094297455	0.1409597365
1	0.0435695069	0.9491241398	0.0073063533
0	0.9193527127	0.0806471838	0.0000001035
0	0.8232727314	0.1764881463	0.0002391222
0	0.1500107614	0.8499892293	0.0000000093
1	0.0417371404	0.8772837574	0.0809791022
0	0.9612865266	0.0387134609	0.0000000124
0	0.7446221981	0.2465922458	0.0087855561
1	0.7458817031	0.1335238906	0.1205944063
0	0.6624961159	0.0300459184	0.3074579657
0	0.2628778832	0.0014337235	0.7356883934
1	0.0610454087	0.9389545913	0.0000000000
0	0.4195302199	0.2348236035	0.3456461766
0	0.7759209117	0.0000000000	0.2240790883
0	0.2882006565	0.0000000000	0.7117993435
0	0.9835702303	0.0155357669	0.0008940029
0	0.0209493027	0.8291963936	0.1498543037
1	0.2337974890	0.1404706893	0.6257318218
0	0.9089184633	0.0000080700	0.0910734668
0	0.8911060254	0.1048353202	0.0040586543
0	0.8768473615	0.0000160243	0.1231366141
0	0.7104671595	0.0000014263	0.2895314142
0	0.0000300082	0.0000002835	0.9999697083
0	0.4905828968	0.3888661711	0.1205509321
