0	0.0161430339	0.9838535229	0.0000034432
0	0.0000000685	0.9999999315	0.0000000000
0	0.0195616747	0.9783520822	0.0020862430
0	0.0016904708	0.9695807102	0.0287288191
0	0.9386949959	0.0004381277	0.0608668764
0	0.5523078797	0.0823101504	0.3653819699
1	0.9873529315	0.0126470685	0.0000000000
0	0.7557637262	0.2366958244	0.0075404495
0	0.0003739338	0.9860273251	0.0135987411
1	0.2670022333	0.3594113756	0.3735863911
0	0.0000000000	0.9976602054	0.0023397946
0	0.0466648628	0.0559266045	0.8974085327
0	0.2779726394	0.1428382211	0.5791891394
1	0.1686786413	0.0000000000	0.8313213587
0	0.6342170750	0.0000000000	0.3657829250
0	0.5120479079	0.4879520921	0.0000000000
0	0.0021935533	0.5248868770	0.4729195697
1	0.0000000000	0.9999999705	0.0000000295
0	0.2455248389	0.4406038230	0.3138713381
1	0.0529467071	0.0000000000	0.9470532929
0	0.0945383841	0.8943089857	0.0111526302
1	0.8512837769	0.0386473397	0.1100688833
1	0.2972317624	0.6589241020	0.0438441357
0	0.0753684984	0.2763669790	0.6482645226
0	0.8944334586	0.0954484914	0.0101180500
0	0.0000923539	0.9999076010	0.0000000451
0	0.2947548326	0.3564206112	0.3488245562
0	0.0000190614	0.9955014518	0.0044794868
1	1.0000000000	0.0000000000	0.0000000000
0	0.0001081583	0.9794893747	0.0204024670
0	0.0000002304	0.5384107451	0.4615890245
0	0.0000000399	0.9999999601	0.0000000000
0	0.0373755291	0.9135484146	0.0490760563
0	0.0000000000	0.0051678372	0.9948321628
0	0.0660457956	0.9303915740	0.0035626305
0	0.0156644148	0.1624610629	0.8218745223
0	0.0000000000	0.9990900603	0.0009099397
0	0.8012470733	0.1945370870	0.0042158397
0	0.0606737565	0.9393262335	0.0000000100
0	0.0800304646	0.8437258930	0.0762436424
0	0.0000000000	0.0000000259	0.9999999741
1	0.0032862876	0.6276403133	0.3690733991
0	0.0021674966	0.9978325034	0.0000000000
0	0.0055042966	0.9942341057	0.0002615977
1	0.9999157039	0.0000835903	0.0000007058
0	0.0000000188	0.9759043779	0.0240956033
0	0.0503435559	0.8977392561	0.0519171879
1	0.2994990065	0.1762767104	0.5242242831
0	0.0426524491	0.0213269063	0.9360206446
0	0.2909285443	0.5544632677	0.1546081880
0	0.0000503769	0.8469515528	0.1529980704
0	0.1150298409	0.5907961225	0.2941740367
0	0.4176989947	0.5822992188	0.0000017865
0	0.1221208982	0.6040772623	0.2738018394
0	0.0000008533	0.9955431254	0.0044560214
1	0.9638943915	0.0000000000	0.0361056085
1	0.0708183514	0.0000109880	0.9291706607
0	0.8081343145	0.0475005614	0.1443651241
1	0.4061467642	0.5745816723	0.0192715635
0	0.5053216527	0.1508131460	0.3438652014
1	0.2015127577	0.0211514218	0.7773358205
0	0.2994539016	0.6941109174	0.0064351810
0	0.0211128271	0.9411198004	0.0377673724
0	0.0000000000	0.4459138194	0.5540861806
0	0.2671393970	0.7328605837	0.0000000193
0	0.9488826783	0.0511173124	0.0000000093
0	0.2119567453	0.3457397447	0.4423035099
0	0.2251617962	0.7346208936	0.0402173102
0	0.6702930116	0.0556433419	0.2740636465
0	0.4172875519	0.5062737988	0.0764386494
0	0.0026118006	0.0055513375	0.9918368619
0	0.3192056184	0.1438398228	0.5369545588
0	0.4187016730	0.0846262829	0.4966720441
0	0.0000000000	0.7090966012	0.2909033988
0	0.4642234557	0.5273586580	0.0084178862
1	0.2599343746	0.0000062119	0.7400594135
0	0.1583035076	0.2044571431	0.6372393492
0	0.0000175888	0.9993548415	0.0006275697
0	0.0000788554	0.3621717025	0.6377494421
0	0.2728392849	0.7261925641	0.0009681510
0	0.3232010919	0.6767989081	0.0000000000
0	0.3932225035	0.6066581442	0.0001193523
0	0.0358443412	0.2595909554	0.7045647034
0	0.0457284509	0.5285068563	0.4257646928
0	0.9395329475	0.0043460544	0.0561209981
1	0.9999996216	0.0000000003	0.0000003781
0	0.9938023157	0.0037958006	0.0024018837
0	0.0000000006	0.9934457649	0.0065542346
0	0.0000000000	0.9876845647	0.0123154353
0	0.0000874356	0.9986114466	0.0013011179
0	0.1942045023	0.8057954977	0.0000000000
0	0.7994609461	0.2005390303	0.0000000235
0	0.1924362794	0.0142898030	0.7932739176
1	0.7814240162	0.0021523874	0.2164235964
0	0.0612164603	0.9387835379	0.0000000017
0	0.6598408233	0.2324309253	0.1077282514
0	0.6769744304	0.1450340475	0.1779915221
0	0.0424164328	0.0912209353	0.8663626318
0	0.1356233219	0.2535961902	0.6107804880
0	0.4355657954	0.0242823745	0.5401518301
1	0.2905422096	0.1734886912	0.5359690992
0	0.0130797273	0.0000559307	0.9868643421
1	0.7001889194	0.2997625825	0.0000484982
0	0.8012377195	0.1363263862	0.0624358943
0	0.0455859554	0.1054361068	0.8489779378
0	0.0064708036	0.9434451051	0.0500840913
1	0.3449655741	0.0973723560	0.5576620699
0	0.4519366498	0.2409879426	0.3070754076
0	0.4978662452	0.5021337431	0.0000000118
1	0.0545406379	0.9454593621	0.0000000000
1	0.3226816402	0.6773183598	0.0000000000
0	0.7883823224	0.2116176770	0.0000000006
1	0.3000698705	0.0035978782	0.6963322513
1	0.1096406702	0.0002703391	0.8900889907
0	0.1036661673	0.3697339388	0.5265998939
0	0.2403737302	0.5387127452	0.2209135246
0	0.7453169010	0.2546830990	0.0000000000
0	0.0009983382	0.3423365871	0.6566650747
0	0.0038336783	0.7811300849	0.2150362368
0	0.0009238401	0.9941173720	0.0049587879
0	0.0021507498	0.9975701700	0.0002790801
1	0.0000000038	0.0000000000	0.9999999962
0	0.0027475699	0.0351700955	0.9620823346
0	0.0161193195	0.3796593063	0.6042213741
0	0.7029029739	0.0056219271	0.2914750990
0	0.3738040587	0.6261959413	0.0000000000
1	0.2730128653	0.0000041042	0.7269830305
0	0.0000049027	0.6190529750	0.3809421222
0	0.3224885374	0.4185785428	0.2589329198
0	0.0330935985	0.2827968929	0.6841095086
0	0.1073868966	0.8778777999	0.0147353034
0	0.0154527928	0.9696906120	0.0148565952
0	0.0024450177	0.0096948740	0.9878601083
0	0.9997148267	0.0002851733	0.0000000000
1	0.8900342419	0.1099657581	0.0000000000
0	0.3574119728	0.0369975144	0.6055905128
1	0.9931754976	0.0035353884	0.0032891140
0	0.0264747227	0.9735252773	0.0000000000
0	0.0000001272	0.9999995426	0.0000003302
0	0.4464676687	0.3915361308	0.1619962005
0	0.0217225255	0.0117592411	0.9665182334
0	0.0971078980	0.9028600186	0.0000320834
0	0.0002179923	0.7685916468	0.2311903608
0	0.0001250719	0.9217971844	0.0780777437
0	0.0636794841	0.9265515275	0.0097689884
0	0.0000000000	0.0023778697	0.9976221303
0	0.0000000000	0.9999919464	0.0000080536
1	0.0056291568	0.0000000000	0.9943708432
1	0.1932612863	0.0000003802	0.8067383335
0	0.0000013164	0.9999986836	0.0000000000
0	0.1811292743	0.1072466848	0.7116240409
0	0.1994772189	0.7990843272	0.0014384539
0	0.0155246193	0.9844753807	0.0000000001
0	0.9874459285	0.0125540317	0.0000000399
1	0.4594266704	0.0004734938	0.5400998358
0	0.0000602203	0.8380240296	0.1619157501
0	0.1327581905	0.8671675385	0.0000742710
1	0.0000026704	0.2132244637	0.7867728658
0	0.0000000158	0.4707555154	0.5292444688
0	0.6904052872	0.0157793446	0.2938153681
0	0.0897516054	0.6320325471	0.2782158475
0	0.0682794649	0.1905877421	0.7411327930
0	0.0147352902	0.9852646618	0.0000000480
2	0.9993064816	0.0000000000	0.0006935184
0	0.3349804183	0.2601570507	0.4048625310
0	0.0451053606	0.0493980626	0.9054965768
0	0.3517178680	0.0007408101	0.6475413219
0	0.0022315890	0.3994952238	0.5982731872
1	0.0000000000	0.0000116237	0.9999883763
0	0.7976929288	0.0070878910	0.1952191801
0	0.0000000000	0.4916951421	0.5083048579
0	0.0183061935	0.8430752835	0.1386185230
0	0.0020507938	0.9272579264	0.0706912798
0	0.6485448809	0.1236163129	0.2278388062
1	0.5136537505	0.4514287771	0.0349174723
0	0.0001109160	0.8891971010	0.1106919830
0	0.8307672962	0.1689958686	0.0002368353
0	0.6688918763	0.3096751320	0.0214329918
0	0.3110458699	0.0945902534	0.5943638767
0	0.5644812682	0.4355187318	0.0000000000
0	0.4298244908	0.5660872625	0.0040882467
0	0.0516611116	0.9483368232	0.0000020651
0	0.0181634372	0.0025200356	0.9793165272
0	0.0015681432	0.9830444545	0.0153874023
0	0.7349383506	0.0000569731	0.2650046763
0	0.0495480350	0.2440302072	0.7064217578
0	0.0085105419	0.8861533158	0.1053361423
0	0.9203249709	0.0790994536	0.0005755755
0	0.0470814732	0.4242485401	0.5286699867
0	0.0001384588	0.7122465299	0.2876150113
0	0.5359042334	0.4361720036	0.0279237630
0	0.4949033351	0.4701573805	0.0349392843
0	0.8832114077	0.1167882850	0.0000003073
0	0.8967383447	0.1032614589	0.0000001964
0	0.0000000000	0.8931876814	0.1068123186
0	0.1972268636	0.8027682945	0.0000048419
0	0.0000484823	0.6361903003	0.3637612174
0	0.0026176016	0.9638485676	0.0335338308
0	0.2674820152	0.7322853080	0.0002326768
1	0.9999785202	0.0000000000	0.0000214798
1	0.6882207662	0.2651513263	0.0466279075
0	0.3029096756	0.6882674896	0.0088228348
0	0.0001539618	0.9355991185	0.0642469197
0	0.0000000000	0.9999999176	0.0000000824
0	0.0146374132	0.9851859783	0.0001766085
0	0.0345768647	0.9621137901	0.0033093452
0	0.7050675567	0.1257174729	0.1692149704
1	0.0901364134	0.0018407771	0.9080228095
1	0.1045357562	0.0030990608	0.8923651830
0	0.0000003899	0.8925864951	0.1074131150
0	0.3211499967	0.6735469578	0.0053030455
0	0.0078169065	0.7313825566	0.2608005369
0	0.2107620596	0.0000000000	0.7892379404
0	0.0000000000	0.7590157455	0.2409842545
2	0.9304099140	0.0286702405	0.0409198455
1	0.0000647246	0.3125420967	0.6873931787
0	0.0546195276	0.9448500149	0.0005304575
0	0.0318659519	0.4553554319	0.5127786163
0	0.4498987513	0.5499226956	0.0001785531
0	0.5044550968	0.4925600230	0.0029848803
2	0.7100252210	0.2891069135	0.0008678656
0	0.0610758296	0.9385117950	0.0004123754
0	0.2841840619	0.6513578697	0.0644580684
0	0.0795281357	0.8889202126	0.0315516518
0	0.0000005288	0.4069716076	0.5930278636
1	0.0007950184	0.8552486153	0.1439563664
0	0.0661372010	0.2687688426	0.6650939564
0	0.2362127872	0.6646786522	0.0991085606
0	0.4607284767	0.4930315370	0.0462399862
0	0.7618021457	0.2288311293	0.0093667251
1	0.9991002658	0.0006717349	0.0002279993
0	0.0000000000	0.9999912647	0.0000087353
0	0.3087362948	0.6891585508	0.0021051544
0	0.0828446253	0.0769497581	0.8402056166
1	0.0634040886	0.0001208798	0.9364750316
0	0.0046231798	0.3255597281	0.6698170921
1	0.8635102512	0.1362573962	0.0002323525
0	0.0508010065	0.9424834334	0.0067155601
0	0.0000000025	0.9999999975	0.0000000000
0	0.7356792526	0.2643185591	0.0000021884
0	0.9878677667	0.0016545853	0.0104776481
0	0.1664107770	0.2433002543	0.5902889688
0	0.0460887117	0.9538644521	0.0000468362
0	0.9582524207	0.0414540513	0.0002935279
0	0.9835751723	0.0058850216	0.0105398061
0	0.9906660129	0.0000000007	0.0093339865
0	0.0828043282	0.9171956718	0.0000000000
0	0.3692736418	0.4171814869	0.2135448713
0	0.5909865770	0.4090134230	0.0000000000
0	0.3209231652	0.0003838027	0.6786930321
1	0.0477548517	0.2117477713	0.7404973770
0	0.0037210571	0.9962459484	0.0000329946
0	0.0000034416	0.8958115394	0.1041850190
0	0.0000000000	0.7432656943	0.2567343057
0	0.0000031800	0.9804460737	0.0195507464
0	0.5638913654	0.4361086346	0.0000000000
0	0.1037679363	0.8820232377	0.0142088260
0	0.9918978891	0.0000000000	0.0081021109
0	0.0000000153	0.9752451595	0.0247548252
0	0.8923165402	0.1076834598	0.0000000000
0	0.0021678044	0.0241890449	0.9736431507
0	0.0542996871	0.9437321524	0.0019681605
0	0.0056469814	0.6149899984	0.3793630202
0	0.0164933310	0.9145287771	0.0689778919
0	0.0002098358	0.9459288159	0.0538613483
0	0.3320348078	0.6679651884	0.0000000038
1	0.9901192277	0.0098000629	0.0000807094
0	0.9999989963	0.0000010037	0.0000000000
0	0.0000149305	0.9760575382	0.0239275313
0	0.2414436133	0.7585102279	0.0000461588
0	0.5028985602	0.2015707751	0.2955306647
1	0.9983424722	0.0000000000	0.0016575278
0	0.9872634772	0.0092697068	0.0034668160
0	0.0091241763	0.9908758237	0.0000000000
0	0.0909179402	0.4970513242	0.4120307356
0	0.4847958716	0.4726351849	0.0425689435
0	0.1353862043	0.8614458152	0.0031679805
0	0.0000000327	0.0823819558	0.9176180115
0	0.0000152771	0.0236421469	0.9763425760
0	0.0000000000	0.9548041171	0.0451958829
0	0.3846781948	0.3067626191	0.3085591861
0	0.0487332489	0.8858704822	0.0653962689
0	0.0000000389	0.1326810025	0.8673189586
0	0.0230866040	0.7178313011	0.2590820949
0	0.4518280240	0.5325418409	0.0156301351
0	0.1160397498	0.0676108515	0.8163493987
0	0.0000793963	0.6359629540	0.3639576498
0	0.9962847393	0.0037152606	0.0000000000
1	0.5080886404	0.4919113596	0.0000000000
1	0.0000000000	0.7593154065	0.2406845935
1	0.3059987127	0.0491625512	0.6448387362
0	0.0765910875	0.9130103650	0.0103985476
0	0.8975115016	0.0158840145	0.0866044840
0	0.9320313034	0.0679686965	0.0000000000
0	0.0211615395	0.7520010816	0.2268373790
1	0.8741091304	0.0000000000	0.1258908696
0	0.0304440372	0.6286194964	0.3409364664
0	0.0569658699	0.9430341301	0.0000000000
0	0.2470192401	0.7428013068	0.0101794531
1	0.5541914440	0.0312617152	0.4145468407
0	0.1287571346	0.1766906385	0.6945522269
0	0.1203959579	0.0103356802	0.8692683619
0	0.4418077561	0.0000122455	0.5581799984
0	0.0000003792	0.6772782665	0.3227213543
0	0.0788204115	0.0716373453	0.8495422432
0	0.7313109599	0.0766982243	0.1919908159
0	0.6371795792	0.3495870001	0.0132334207
0	0.8847574022	0.0037617359	0.1114808619
0	0.0846362298	0.2603108260	0.6550529442
0	0.0580392103	0.9419607897	0.0000000000
1	0.1895320406	0.0000543192	0.8104136402
0	0.2100039624	0.4399045861	0.3500914515
0	0.0002331873	0.9733713778	0.0263954349
1	0.2788925086	0.4567110073	0.2643964840
0	0.0000000000	0.0404311614	0.9595688386
1	0.0000044565	0.9999955435	0.0000000000
0	0.0104487742	0.9854895198	0.0040617060
1	0.9243257310	0.0006815745	0.0749926945
0	0.0011946086	0.9988046051	0.0000007863
0	0.0053450568	0.0000000000	0.9946549432
0	0.0952909025	0.5124736492	0.3922354484
1	0.1052520085	0.8160169551	0.0787310365
1	0.4487825275	0.0233476387	0.5278698338
0	0.1117252420	0.7838519266	0.1044228313
1	0.9975643337	0.0023496584	0.0000860078
0	0.0652517441	0.9267697560	0.0079784999
0	0.0014997466	0.9975495475	0.0009507058
0	0.9755360219	0.0244639781	0.0000000000
1	0.1641216203	0.0000011624	0.8358772173
1	0.0058745521	0.9941254479	0.0000000000
0	0.3078314042	0.3820625875	0.3101060083
0	0.1495084791	0.0292044706	0.8212870502
0	0.9804657179	0.0169540279	0.0025802542
0	0.0455753321	0.9330863387	0.0213383292
1	0.9710605918	0.0003070039	0.0286324042
0	0.0005232252	0.9994651188	0.0000116560
0	0.0486940970	0.0000001302	0.9513057728
1	0.0002357826	0.4168495254	0.5829146920
0	0.0540856229	0.2910860376	0.6548283394
0	0.6337088880	0.2744098662	0.0918812458
1	0.2004322886	0.7995677114	0.0000000000
0	0.0264900075	0.0000000000	0.9735099925
0	0.0000000000	0.9231858571	0.0768141429
0	0.4662445476	0.3051073343	0.2286481180
1	0.6039294521	0.0000000000	0.3960705479
0	0.0000000020	0.4983694245	0.5016305735
0	0.1963283229	0.1428891117	0.6607825654
1	0.9637366997	0.0000000015	0.0362632989
0	0.1975160715	0.7888795107	0.0136044179
0	0.9565624542	0.0021161125	0.0413214333
0	0.9999722066	0.0000277934	0.0000000000
0	0.8923027677	0.0012708193	0.1064264130
1	0.7002462369	0.2997525985	0.0000011646
0	0.0001400695	0.0707418865	0.9291180439
0	0.1163555148	0.8836444852	0.0000000000
0	0.8717641247	0.1282358399	0.0000000354
0	0.0003498552	0.3263052203	0.6733449245
0	0.9778578210	0.0221421790	0.0000000000
0	0.0000000000	0.8708242785	0.1291757215
0	0.9948593190	0.0033158625	0.0018248185
1	0.0298287739	0.0000079022	0.9701633239
0	0.0000000000	1.0000000000	0.0000000000
0	0.0261262948	0.9734784825	0.0003952227
0	0.7892257832	0.2092537785	0.0015204384
0	0.3591345128	0.5792934065	0.0615720807
0	0.0297265935	0.9521230648	0.0181503417
1	0.6914917871	0.0063632832	0.3021449297
0	0.0153220794	0.3273266231	0.6573512975
0	0.1945999239	0.0000025814	0.8053974947
1	0.5941465116	0.1315739582	0.2742795302
0	0.1232104118	0.8457964846	0.0309931036
1	0.5581953659	0.2272892813	0.2145153529
0	0.0000000000	0.4889938435	0.5110061565
0	0.0000047294	0.9998694006	0.0001258700
0	0.0999118158	0.9000881842	0.0000000000
0	0.4036689292	0.1124941430	0.4838369278
0	0.0005212854	0.0000000000	0.9994787146
0	0.5489429896	0.0000016058	0.4510554046
0	0.2899101856	0.7100898144	0.0000000000
0	0.0000002040	0.8047327314	0.1952670647
0	0.4778115079	0.5214756045	0.0007128876
1	0.7649481464	0.1411647503	0.0938871032
0	0.2189855297	0.0965953889	0.6844190813
0	0.9995879145	0.0004120855	0.0000000000
0	0.0012126777	0.3779476929	0.6208396294
0	0.0000000000	0.9998106806	0.0001893194
0	0.0004873097	0.9503506494	0.0491620409
0	0.9595892500	0.0333242620	0.0070864880
0	0.0980085729	0.4296275830	0.4723638441
0	0.0000000441	0.5203437884	0.4796561675
0	0.9829986879	0.0169985398	0.0000027723
0	0.0030271209	0.0000000000	0.9969728791
0	0.1603577325	0.0002688343	0.8393734332
1	0.5194940915	0.0012405739	0.4792653346
0	0.7015762444	0.1821595624	0.1162641932
0	0.0000018526	0.9999981474	0.0000000001
0	0.0039037831	0.4976293001	0.4984669167
1	0.0000000138	0.0002351925	0.9997647937
1	0.1327556122	0.0000000000	0.8672443878
0	0.1221436302	0.7571179163	0.1207384535
0	0.0134166551	0.9865833449	0.0000000000
0	0.4460828020	0.0614605965	0.4924566015
0	0.5744265629	0.4255734371	0.0000000000
0	0.0747038503	0.9231937361	0.0021024136
0	0.0000000000	0.0476723876	0.9523276124
0	0.4001372384	0.4634035110	0.1364592506
0	0.1270023768	0.8001644497	0.0728331735
0	0.0159283563	0.9796001781	0.0044714656
0	0.0000000283	0.2219830853	0.7780168864
0	0.9963703698	0.0036296302	0.0000000000
0	0.4599145249	0.5394891850	0.0005962901
0	0.5865541516	0.4134455850	0.0000002634
0	0.0952498607	0.7692585123	0.1354916270
0	0.0000000000	0.9657239246	0.0342760754
0	0.9977067239	0.0022932761	0.0000000000
1	0.0864507814	0.9135492186	0.0000000000
0	0.0000500567	0.1483697884	0.8515801549
0	0.0000000000	1.0000000000	0.0000000000
0	0.8518024922	0.0008389267	0.1473585811
0	0.3002042392	0.2775520796	0.4222436812
0	0.9757553985	0.0200813317	0.0041632698
0	0.7297962802	0.2693814812	0.0008222386
0	0.0597891229	0.0011263043	0.9390845728
0	0.0000000000	0.9983204970	0.0016795030
0	0.6277506994	0.3718388409	0.0004104597
0	0.0000000000	0.9889919367	0.0110080633
0	0.0051799985	0.4611353402	0.5336846613
0	0.0808619362	0.4809301824	0.4382078814
0	0.2086159717	0.7488433805	0.0425406478
0	0.0081974976	0.4521860050	0.5396164973
0	0.8636380288	0.1361390414	0.0002229298
0	0.0735595321	0.9209944623	0.0054460056
0	0.2463605539	0.2136912290	0.5399482170
0	0.6662086191	0.0229524173	0.3108389636
0	0.8409774695	0.1522804024	0.0067421281
0	0.0000990796	0.0000105404	0.9998903799
0	0.0591650855	0.9408349141	0.0000000004
1	0.6801507568	0.0000000000	0.3198492432
0	0.8267432140	0.1732567788	0.0000000072
0	0.5086687614	0.4705069249	0.0208243136
0	0.0110141493	0.8396887766	0.1492970741
0	0.8322650890	0.0570889639	0.1106459470
0	0.4564321345	0.3638534377	0.1797144278
0	0.2634285843	0.3479874896	0.3885839261
0	0.0057034812	0.0006337378	0.9936627810
0	0.9999477931	0.0000051157	0.0000470912
0	0.6612433256	0.0016211766	0.3371354978
0	0.0014068382	0.0157218191	0.9828713427
0	0.0000409708	0.9999561121	0.0000029172
0	0.9236092033	0.0749112454	0.0014795513
0	0.0000228571	0.0000000017	0.9999771412
0	0.3138159736	0.6861840264	0.0000000000
0	0.0000872073	0.9619770315	0.0379357612
0	0.0656359816	0.8678924379	0.0664715805
0	0.9950216285	0.0000533642	0.0049250074
0	0.0003168359	0.7534327271	0.2462504370
0	0.0000000000	0.9937742453	0.0062257547
1	0.1394073516	0.0691605309	0.7914321176
0	0.4601614812	0.0134288808	0.5264096379
0	0.8949320572	0.0000004601	0.1050674828
0	0.0392959553	0.2756890297	0.6850150150
0	0.0015195357	0.9956684218	0.0028120424
0	0.8833607516	0.1066748784	0.0099643700
0	0.3787558138	0.6204432359	0.0008009503
0	0.0106029074	0.7810214345	0.2083756582
1	0.9816249413	0.0070758854	0.0112991733
0	0.0000013238	0.0949203455	0.9050783307
0	0.9727081286	0.0000000106	0.0272918608
0	0.4065986248	0.4893686139	0.1040327613
0	0.0203524755	0.9760033606	0.0036441639
0	0.0036191023	0.9921688498	0.0042120479
0	0.2654806998	0.7345193002	0.0000000000
0	0.0000218246	0.4515806178	0.5483975576
0	0.0148125709	0.9834703967	0.0017170325
1	0.9999999900	0.0000000000	0.0000000100
0	0.0003029720	0.9854263826	0.0142706454
0	0.1216802050	0.0000038861	0.8783159089
0	0.0029979238	0.3280837667	0.6689183095
0	0.3607727819	0.1403298768	0.4988973413
0	0.0000000856	0.3723206224	0.6276792920
0	0.0005989549	0.9993864690	0.0000145761
0	0.0000000000	0.9996141586	0.0003858414
0	0.0487677617	0.2320909567	0.7191412816
0	0.0000017608	0.9997650798	0.0002331594
0	0.0001128387	0.9998871592	0.0000000021
0	0.3394857523	0.6605142477	0.0000000000
0	0.0002551174	0.9987343834	0.0010104992
0	0.0000000000	0.1457978473	0.8542021527
0	0.0000007156	0.9915511365	0.0084481478
0	0.9731580586	0.0001738776	0.0266680638
1	0.9993698380	0.0000001532	0.0006300088
0	0.0721004858	0.9218035468	0.0060959674
1	0.0000360252	0.0000312585	0.9999327163
1	0.0569603468	0.0121363552	0.9309032980
1	0.5912692178	0.0000000000	0.4087307822
1	0.6493492318	0.2139604605	0.1366903077
0	0.7226828612	0.2716874166	0.0056297222
1	0.4720881767	0.0622187636	0.4656930597
0	0.0473416384	0.0540460050	0.8986123566
0	0.3099519569	0.3243198139	0.3657282292
