0	0.0000000000	0.2941478648	0.7058521352
0	0.4892858313	0.0000021968	0.5107119719
0	0.0261546951	0.6188273609	0.3550179440
0	0.0047295316	0.0000000001	0.9952704683
0	0.0000441150	0.5721860255	0.4277698596
0	0.3860592805	0.5896055050	0.0243352145
0	0.0548498329	0.0899542585	0.8551959086
0	0.2650275161	0.6726029357	0.0623695482
0	0.0092820612	0.3071585677	0.6835593711
0	0.7396444218	0.2603555738	0.0000000044
0	0.9941448705	0.0027735203	0.0030816093
0	0.0529486581	0.0313989863	0.9156523556
0	0.1418726085	0.5606034564	0.2975239351
0	0.2375530811	0.5187779201	0.2436689987
0	0.0222353171	0.0000092873	0.9777553955
0	0.0033103566	0.9338713192	0.0628183242
1	0.0003126926	0.4182033130	0.5814839944
0	0.1512718972	0.6417609240	0.2069671788
0	0.0046632132	0.9676490384	0.0276877484
1	0.0243369335	0.2390455232	0.7366175434
0	0.0262919106	0.0013505868	0.9723575026
0	0.9441660341	0.0368600525	0.0189739133
0	0.8070358373	0.1479519707	0.0450121920
0	0.0021762033	0.9958029974	0.0020207994
1	0.6416497619	0.2159699865	0.1423802516
0	0.0237594219	0.9711508655	0.0050897126
0	0.0000802093	0.9853193999	0.0146003908
1	0.7398618523	0.0096520988	0.2504860489
0	0.2188418266	0.7811579059	0.0000002675
0	0.9556720525	0.0114389552	0.0328889923
0	0.0748365486	0.6072489194	0.3179145320
0	0.0493803185	0.4269654416	0.5236542399
1	0.4394489142	0.3073474855	0.2532036003
1	0.6299625161	0.3670919434	0.0029455405
1	0.0000000011	0.6181457553	0.3818542436
0	0.0002635105	0.0443276702	0.9554088192
0	0.0689480510	0.5076982988	0.4233536502
0	0.0025651052	0.9974335813	0.0000013134
0	0.1823197714	0.7519164965	0.0657637322
1	0.0113283452	0.0000013655	0.9886702893
0	0.6019819170	0.3461162773	0.0519018056
0	0.8122420947	0.0086053045	0.1791526008
0	0.9787673615	0.0030408653	0.0181917733
1	0.3695798588	0.0367398852	0.5936802560
0	0.0104779649	0.2882035842	0.7013184509
0	0.0948426425	0.8622802991	0.0428770584
0	0.0360854043	0.1732192064	0.7906953893
1	0.3029061044	0.5657620066	0.1313318890
0	0.0000000006	0.9135294665	0.0864705329
0	0.8002954834	0.1364170594	0.0632874572
0	0.1147258243	0.0000000000	0.8852741757
0	0.0415940361	0.7327876537	0.2256183103
0	0.0459512766	0.2526548862	0.7013938372
1	0.2210832059	0.7356697489	0.0432470452
0	0.0527714891	0.9472285109	0.0000000000
0	0.8724664919	0.0012771526	0.1262563555
0	0.0000000000	0.1078485102	0.8921514898
0	0.3983730335	0.6011251585	0.0005018080
0	0.8272358098	0.1727641902	0.0000000000
0	0.2915788781	0.7084211219	0.0000000000
1	0.3820484469	0.0002641832	0.6176873699
0	0.0795224244	0.7557867128	0.1646908628
0	0.5921469065	0.2431373770	0.1647157165
0	0.0010240622	0.0000002183	0.9989757194
1	0.0002366966	0.2669015696	0.7328617338
0	0.0104572136	0.8794774308	0.1100653556
0	0.0000081563	0.2808013971	0.7191904466
1	0.0451736351	0.7724822226	0.1823441423
0	0.0898628998	0.5287152496	0.3814218506
0	0.0010199996	0.7322861390	0.2666938614
1	0.0113374106	0.1752041491	0.8134584403
0	0.0000000676	0.1247233343	0.8752765981
0	0.0147085891	0.9852639650	0.0000274459
0	0.1752596266	0.6920554463	0.1326849271
0	0.9927728301	0.0045407837	0.0026863862
1	0.0000337328	0.8670557304	0.1329105368
0	0.0191617344	0.1699192221	0.8109190435
0	0.0124559334	0.8591177335	0.1284263331
0	0.0699287152	0.9300712835	0.0000000013
0	0.1037675182	0.8363051526	0.0599273292
0	0.1046714937	0.6020318568	0.2932966495
0	0.0000000049	0.0834091069	0.9165908882
0	0.8601859618	0.0903102635	0.0495037748
0	0.0000000012	0.8711940702	0.1288059286
0	0.9522291610	0.0008120612	0.0469587777
0	0.0018018798	0.8901485750	0.1080495452
0	0.0219208867	0.9249572609	0.0531218524
0	0.0187504739	0.6207102245	0.3605393017
0	0.2050254898	0.5181325716	0.2768419385
0	0.0037935362	0.0640430977	0.9321633661
0	0.0000246848	0.0090348024	0.9909405127
0	0.0626357620	0.0022916658	0.9350725722
1	0.3744369130	0.4887423162	0.1368207708
0	0.0095091648	0.8159520495	0.1745387857
0	0.0000231960	0.7022679430	0.2977088609
0	0.0090836929	0.0573678674	0.9335484397
0	0.3362069639	0.6637930361	0.0000000000
0	0.7483964470	0.0963160582	0.1552874948
0	0.1332207650	0.6025036032	0.2642756318
0	0.2213760257	0.0000000001	0.7786239741
1	0.0000042726	0.5791751759	0.4208205515
0	0.4832695411	0.2067611150	0.3099693439
1	0.0052365677	0.5251654095	0.4695980227
0	0.1279678240	0.8720307151	0.0000014609
0	0.2048908054	0.7645778360	0.0305313586
0	0.9999558767	0.0000000000	0.0000441233
1	0.8197730812	0.0005528814	0.1796740374
0	0.9649932704	0.0000003284	0.0350064011
0	0.1066196130	0.6151731762	0.2782072108
1	0.5553701110	0.0294812958	0.4151485932
0	0.9903134379	0.0096864983	0.0000000638
1	0.0199436493	0.5940544952	0.3860018555
0	0.0000000000	0.9995318596	0.0004681404
0	0.9998237347	0.0000000000	0.0001762653
0	0.2545362356	0.2036086375	0.5418551269
0	0.0000000000	0.0168493932	0.9831506068
0	0.1231197583	0.1586079020	0.7182723397
0	0.0826961761	0.0000000563	0.9173037676
0	0.1304298261	0.7633177856	0.1062523884
0	0.0944527064	0.5105797721	0.3949675215
0	0.7628965430	0.2370632197	0.0000402373
0	0.9530316790	0.0077475939	0.0392207272
1	0.0188955840	0.9149251270	0.0661792891
1	0.9921901326	0.0000001438	0.0078097236
0	0.0534605297	0.5113418799	0.4351975904
0	0.6459876652	0.0579824642	0.2960298706
0	0.0277407696	0.9666200653	0.0056391651
0	0.0000298706	0.9980666911	0.0019034383
0	0.0173348559	0.6375752438	0.3450899003
0	0.7475619272	0.0037342901	0.2487037827
1	0.0107014510	0.9892985490	0.0000000000
0	0.1304492392	0.5709736257	0.2985771351
0	0.9309155530	0.0535108627	0.0155735843
0	0.5597581199	0.3596523680	0.0805895121
0	0.6054163690	0.1588091755	0.2357744556
0	0.1649312837	0.7088097645	0.1262589517
0	0.0196439770	0.1126755954	0.8676804276
0	0.1823520971	0.1482861537	0.6693617492
0	0.3810895536	0.6187856285	0.0001248179
0	0.4173759120	0.0340246493	0.5485994386
0	0.0030511854	0.9002940891	0.0966547255
0	0.3552712481	0.0808455660	0.5638831859
0	0.0000297213	0.6811972245	0.3187730542
0	0.0086010025	0.7959017949	0.1954972025
0	0.0417898335	0.9553270081	0.0028831585
0	0.9145746780	0.0673906595	0.0180346624
1	0.0000000000	0.8035310347	0.1964689653
0	0.0019271873	0.7035183021	0.2945545107
0	0.9655920457	0.0244796075	0.0099283468
0	0.0000000146	0.1272997705	0.8727002149
1	0.9918036977	0.0047337615	0.0034625408
0	0.0898499846	0.0004543022	0.9096957132
0	0.1149801365	0.0274114289	0.8576084346
0	0.1690853556	0.5077832402	0.3231314042
0	0.0778176565	0.7054905996	0.2166917439
0	0.5275514683	0.0293972942	0.4430512375
0	0.9974531319	0.0025467629	0.0000001052
0	0.0416272235	0.8173648213	0.1410079552
0	0.0485225145	0.1205245803	0.8309529052
0	0.9498727081	0.0501272918	0.0000000000
1	0.6240951602	0.3372362422	0.0386685976
1	0.0409984516	0.1575576205	0.8014439280
0	0.6116860537	0.2236598385	0.1646541079
0	0.1548006471	0.1231442088	0.7220551441
0	0.4768556302	0.5231443648	0.0000000051
0	0.9406482594	0.0587874498	0.0005642907
0	0.5867098293	0.1908853044	0.2224048663
0	0.0000052135	0.9769845828	0.0230102037
0	0.8127616070	0.1449694999	0.0422688931
0	0.1441047391	0.0045719837	0.8513232772
0	0.0009106546	0.0000233624	0.9990659830
0	0.7891017909	0.2108905496	0.0000076595
0	0.0925350332	0.6761201249	0.2313448419
0	0.0012468430	0.9987531570	0.0000000000
0	0.5713834889	0.0792379030	0.3493786082
1	0.4233323790	0.0126689711	0.5639986499
1	0.2179447418	0.7214608470	0.0605944112
0	0.1264719375	0.2974236038	0.5761044587
0	0.4089541081	0.3810284223	0.2100174696
0	0.2514967794	0.0943149629	0.6541882576
1	0.0530075520	0.8814449927	0.0655474554
0	0.0248035975	0.0901524247	0.8850439778
0	0.3393449424	0.0001021496	0.6605529080
1	0.0000000020	0.9856587653	0.0143412327
0	0.4896990885	0.5102983438	0.0000025677
0	0.6677427316	0.0585969417	0.2736603266
0	0.0000548119	0.0094373724	0.9905078157
2	0.0000000374	0.1718035530	0.8281964097
0	0.4969646026	0.4990082887	0.0040271087
1	0.0971573356	0.6031605501	0.2996821143
0	0.9999996675	0.0000000000	0.0000003325
0	0.6175286577	0.2484790600	0.1339922823
1	0.1865708525	0.2994469502	0.5139821973
0	0.0495695616	0.6896489948	0.2607814436
1	0.0000000000	0.0345485150	0.9654514850
0	0.4897848334	0.3864307654	0.1237844011
0	0.0040304613	0.9124587939	0.0835107448
0	0.2852231655	0.6481057609	0.0666710736
0	0.1747361240	0.0028527275	0.8224111485
1	0.5080948553	0.4775145190	0.0143906257
0	0.0000898937	0.0000000000	0.9999101063
0	0.0552621115	0.3237286382	0.6210092503
1	0.0048267094	0.9874101717	0.0077631189
0	0.0080725111	0.7575304107	0.2343970782
0	0.9995219701	0.0000006531	0.0004773767
0	0.4831594686	0.4884627827	0.0283777487
0	0.8841950386	0.0836871981	0.0321177633
2	0.0006943666	0.0969158572	0.9023897761
0	0.9900545260	0.0000365305	0.0099089435
0	0.0007694429	0.8941624713	0.1050680858
0	0.0017549227	0.0086062830	0.9896387942
1	0.6660945271	0.1382132255	0.1956922474
0	0.9537685610	0.0256894778	0.0205419612
1	0.0000072779	0.0000000000	0.9999927221
0	0.0000000000	0.5780907227	0.4219092773
0	0.9973055212	0.0026944616	0.0000000172
1	0.2186804923	0.1467018497	0.6346176580
0	0.7142254974	0.2850982027	0.0006762998
0	0.4767150765	0.2835046922	0.2397802313
0	0.5001348228	0.4533627961	0.0465023811
0	0.2659160573	0.6928895759	0.0411943668
1	0.0048225943	0.3512476859	0.6439297198
0	0.4251141069	0.4667808595	0.1081050337
0	0.0099365425	0.0020465729	0.9880168846
0	0.0625704704	0.0000003415	0.9374291881
1	0.0023278338	0.9961688959	0.0015032704
0	0.5512821288	0.4032871392	0.0454307320
2	0.0000000000	0.7915445126	0.2084554874
0	0.0043119228	0.0000000349	0.9956880423
0	0.0194381021	0.3631094707	0.6174524273
0	0.1202109667	0.0762134169	0.8035756164
1	0.0000759246	0.3508187065	0.6491053689
0	0.0000023190	0.9082265044	0.0917711766
1	0.4489739774	0.5470151847	0.0040108378
0	0.1036464284	0.5485712808	0.3477822908
1	0.3998139386	0.0065333106	0.5936527508
1	0.2357794538	0.0151319836	0.7490885627
0	0.0388944759	0.5420871630	0.4190183611
0	0.3569221452	0.6211809668	0.0218968880
0	0.0214142176	0.9431986033	0.0353871790
0	0.1674637683	0.7696574846	0.0628787472
0	0.0900971595	0.0679658722	0.8419369683
0	0.2718109736	0.1662879631	0.5619010633
0	0.9456754805	0.0531261662	0.0011983533
0	0.0000000000	0.1192164945	0.8807835055
0	0.0826925198	0.9173069779	0.0000005023
0	0.0780620798	0.5240588774	0.3978790428
1	0.3439871581	0.3285148216	0.3274980203
0	0.7169114787	0.0008590256	0.2822294957
0	0.0000000000	0.8237917971	0.1762082029
0	0.0002623866	0.8866923317	0.1130452816
0	0.1314978560	0.5552771389	0.3132250051
1	0.0385697009	0.9449964441	0.0164338550
0	0.3295116977	0.6432273729	0.0272609294
1	0.0033910543	0.7744555682	0.2221533775
0	0.0001681578	0.9236686955	0.0761631468
1	0.9166987251	0.0209941354	0.0623071395
2	0.0000353422	0.3074292193	0.6925354385
0	0.0017188289	0.3083236715	0.6899574996
0	0.0000000000	0.5430716124	0.4569283876
0	0.2170171637	0.2581417814	0.5248410549
0	0.0003308058	0.7101500328	0.2895191613
0	0.8793464762	0.0495969140	0.0710566098
0	0.3353414466	0.0003176130	0.6643409404
1	0.0394958749	0.7842967533	0.1762073718
0	0.0000000000	0.0397096996	0.9602903004
0	0.9698938299	0.0019335580	0.0281726121
1	0.1428949843	0.0270288257	0.8300761899
1	0.0195727159	0.3537468200	0.6266804641
1	0.3465016140	0.6118727604	0.0416256256
0	0.2900806704	0.2329601053	0.4769592243
0	0.1111624179	0.8885663165	0.0002712657
1	0.0000454995	0.9831693670	0.0167851334
0	0.2381144687	0.5729849380	0.1889005933
0	0.0062276540	0.9936931940	0.0000791520
1	0.0023862527	0.6429773411	0.3546364062
1	0.0016103692	0.9195048746	0.0788847562
0	0.1178236619	0.2226279250	0.6595484131
1	0.0559888824	0.8175864756	0.1264246420
0	0.5140869633	0.4792547468	0.0066582900
0	0.0038897258	0.5307852841	0.4653249901
1	0.0071896300	0.1024705684	0.8903398016
1	0.0680892894	0.4512795927	0.4806311179
0	0.0006639900	0.0035288086	0.9958072015
1	0.1445163566	0.8332121733	0.0222714701
0	0.1219450402	0.5470427735	0.3310121863
0	0.5150309410	0.4844304379	0.0005386210
1	0.0212893680	0.0009126241	0.9777980079
0	0.2754786500	0.4951225676	0.2293987824
0	0.2100816527	0.7541878562	0.0357304911
0	0.1598801639	0.1080772231	0.7320426131
0	0.8800123591	0.0049463685	0.1150412724
0	0.0035678396	0.9964321604	0.0000000000
1	0.0307241978	0.1010928382	0.8681829640
0	0.1770830696	0.8229168901	0.0000000403
0	0.3516873905	0.0891443292	0.5591682803
1	0.9481267177	0.0022640792	0.0496092031
0	0.3196912499	0.0001875761	0.6801211740
0	0.0856763328	0.0015215104	0.9128021569
1	0.4641715340	0.1799111983	0.3559172676
0	0.9360865092	0.0057135262	0.0581999646
0	0.5344443509	0.4644017808	0.0011538683
0	0.1955463695	0.8044475667	0.0000060639
0	0.0000000000	0.4291855861	0.5708144139
0	0.0167613579	0.4882487391	0.4949899030
0	0.0025111144	0.9516916494	0.0457972362
0	0.1381828313	0.0081102190	0.8537069496
0	0.0428019175	0.6240868157	0.3331112668
0	0.2234039895	0.3289495560	0.4476464545
1	0.8784413060	0.0885004548	0.0330582392
1	0.0006809797	0.9993190168	0.0000000035
0	0.3675365553	0.5164657847	0.1159976600
0	0.0066123331	0.0000000000	0.9933876669
0	0.0018883820	0.6345976454	0.3635139726
0	0.0000000000	0.9264630250	0.0735369750
0	0.1151469232	0.8847741206	0.0000789563
1	0.0845353820	0.9001474805	0.0153171374
0	0.8547207111	0.1205114129	0.0247678760
0	0.1162703126	0.7989948589	0.0847348284
0	0.3288552274	0.0532473892	0.6178973834
0	0.0236435994	0.0930344329	0.8833219677
0	0.0000038502	0.1594533332	0.8405428166
0	0.4423318005	0.5220548541	0.0356133454
0	0.7653069350	0.1711144281	0.0635786369
0	0.7349138083	0.0654487928	0.1996373989
1	0.0002001147	0.5276418208	0.4721580645
0	0.3252847050	0.3266696978	0.3480455972
0	0.0377814223	0.9621866741	0.0000319037
0	0.1568124940	0.0000000000	0.8431875060
0	0.0000100827	0.9999899173	0.0000000000
0	0.3439101492	0.0000000000	0.6560898508
0	0.0002220756	0.7301910862	0.2695868382
0	0.0438863518	0.3014498435	0.6546638047
0	0.0000000000	0.1413333451	0.8586666549
0	0.2777327029	0.5187962423	0.2034710548
1	0.4233516579	0.4876025439	0.0890457982
0	0.4686324679	0.3739728730	0.1573946591
0	0.8627366232	0.0685354273	0.0687279495
0	0.2855508634	0.2929393527	0.4215097840
0	0.9999650333	0.0000000036	0.0000349631
0	0.0000000000	0.9157351676	0.0842648324
0	0.7182445737	0.2780583912	0.0036970352
0	0.2099770208	0.0125024730	0.7775205062
0	0.0000000054	0.2285235269	0.7714764677
0	0.0000000000	0.9525002341	0.0474997659
0	0.1463539660	0.8513907653	0.0022552687
1	0.9822774242	0.0142327156	0.0034898601
0	0.5529596189	0.0085865744	0.4384538067
0	0.1170087664	0.0789426107	0.8040486229
0	0.6941987586	0.2564662569	0.0493349845
1	0.0000001244	0.0480293794	0.9519704962
1	0.0038057198	0.4337299525	0.5624643278
0	0.5567006616	0.4432992560	0.0000000824
1	0.0401901869	0.7063436517	0.2534661614
0	0.0837578641	0.6745847578	0.2416573781
0	0.0000000003	0.9999999997	0.0000000000
0	0.0015829235	0.2359950771	0.7624219994
0	0.0755507680	0.5017118988	0.4227373332
0	0.0000148013	0.3611261150	0.6388590837
0	0.9162345129	0.0642707868	0.0194947003
0	0.6484796472	0.0965344113	0.2549859415
1	0.0242225299	0.9754234582	0.0003540119
0	0.0009590713	0.4674573478	0.5315835809
0	0.0117444742	0.0134493157	0.9748062101
0	0.0031264842	0.0941192977	0.9027542181
1	0.5252059934	0.4746828098	0.0001111968
0	0.0147772822	0.0000000016	0.9852227162
1	0.0000001056	0.9999998942	0.0000000001
0	0.9360020658	0.0466848295	0.0173131047
0	0.0000896636	0.7442344723	0.2556758641
0	0.0095405977	0.9860128895	0.0044465128
0	0.0038766207	0.0000046876	0.9961186917
0	0.0291712177	0.9685124654	0.0023163168
0	0.0030433175	0.6800530081	0.3169036744
0	0.0562308447	0.0904866926	0.8532824627
1	0.2521780545	0.6995728794	0.0482490661
0	0.0011812983	0.9015929778	0.0972257239
0	0.1984097927	0.7993801368	0.0022100705
0	0.2433644353	0.0407730422	0.7158625224
1	0.4738417248	0.0146243827	0.5115338925
0	0.0103894430	0.1981135535	0.7914970034
0	0.3451695656	0.4172187039	0.2376117305
0	0.0435437347	0.9102895149	0.0461667504
0	0.2470130291	0.0000002088	0.7529867621
0	0.0554801949	0.9435175676	0.0010022375
0	0.1693610795	0.5248965174	0.3057424030
0	0.1755464649	0.7838807482	0.0405727869
0	0.0916064403	0.5879339441	0.3204596156
0	0.0019369045	0.6565562982	0.3415067973
0	0.0208867408	0.8550481434	0.1240651158
0	0.0033552525	0.0656910885	0.9309536590
0	0.1966477694	0.3612924605	0.4420597701
0	0.9932710546	0.0067289454	0.0000000000
0	0.9849936209	0.0000113165	0.0149950626
0	0.0582693501	0.9417305071	0.0000001428
0	0.4094790803	0.5904604740	0.0000604457
0	0.6174446130	0.1371336169	0.2454217700
0	0.0001789019	0.9000451073	0.0997759908
0	0.0015892235	0.9608364592	0.0375743173
0	0.1357992190	0.4450108399	0.4191899412
0	0.2492123277	0.0772157069	0.6735719653
1	0.0000022209	0.2372221625	0.7627756166
0	0.7714521966	0.0009691766	0.2275786268
0	0.0304106152	0.3536196990	0.6159696858
0	0.2304887205	0.6536459122	0.1158653673
0	0.0441955696	0.0006395909	0.9551648395
0	0.0008498396	0.9791929513	0.0199572091
0	0.0022204236	0.0522378681	0.9455417083
0	0.8601033062	0.0209575307	0.1189391632
0	0.0683210086	0.9131431677	0.0185358237
0	0.4539910193	0.0828898997	0.4631190810
0	0.0641387868	0.9356235648	0.0002376485
0	0.9387135464	0.0000000000	0.0612864536
0	0.0000000006	0.9072074614	0.0927925380
0	0.3157275536	0.6787313360	0.0055411103
0	0.2960167299	0.1214722462	0.5825110239
1	0.9268437105	0.0477358269	0.0254204626
0	0.0421636790	0.0000000027	0.9578363183
0	0.0686816883	0.1293742859	0.8019440259
0	0.4781462267	0.0000000000	0.5218537733
1	0.0505051109	0.9424114206	0.0070834684
0	0.0036716265	0.0590798743	0.9372484992
1	0.1128797732	0.1367577051	0.7503625216
0	0.0814437574	0.9067941117	0.0117621309
0	0.0017427767	0.0048713466	0.9933858767
0	0.5710283773	0.0000000189	0.4289716038
0	0.6482843643	0.3517156186	0.0000000171
0	0.4228508418	0.5602799712	0.0168691870
0	0.1246194640	0.8753805360	0.0000000000
0	0.4941543216	0.1964668328	0.3093788455
1	0.0418225531	0.7564898335	0.2016876135
0	0.1229309052	0.8609963954	0.0160726994
0	0.0000005035	0.7453034733	0.2546960232
0	0.1354928348	0.8514350254	0.0130721397
0	0.1011407715	0.6987850833	0.2000741452
1	0.0852991585	0.8749275129	0.0397733285
1	0.0793956622	0.8824688280	0.0381355099
0	0.9128030886	0.0305390792	0.0566578322
0	0.9813396748	0.0034650831	0.0151952420
0	0.0003083755	0.9204927367	0.0791988877
0	0.0056323568	0.0762493190	0.9181183241
0	0.0147793422	0.9148216675	0.0703989902
0	0.0003279479	0.1615018043	0.8381702478
1	0.0042354431	0.4717142938	0.5240502631
0	0.0746187765	0.2911560283	0.6342251951
0	0.9237473614	0.0000000090	0.0762526295
0	0.0000000000	0.9763640791	0.0236359209
1	0.0245473360	0.9742841303	0.0011685337
0	0.2392495119	0.5603747160	0.2003757720
0	0.8853057103	0.0000000481	0.1146942417
0	0.1931486962	0.5123300933	0.2945212105
0	0.1424603864	0.0131437689	0.8443958446
0	0.0000000633	0.3516377821	0.6483621545
0	0.8493099487	0.0753645382	0.0753255132
0	0.2345384309	0.7409465294	0.0245150397
1	0.1433742716	0.6494238538	0.2072018746
0	0.0890862613	0.5733081713	0.3376055675
0	0.6430260551	0.1433039774	0.2136699675
1	0.2582191736	0.7190991525	0.0226816739
0	0.0313005330	0.9686994515	0.0000000154
0	0.0016399741	0.9828658940	0.0154941319
0	0.1161925033	0.8803056115	0.0035018852
1	0.0213561897	0.1026779173	0.8759658930
1	0.0138125400	0.1739921126	0.8121953474
0	0.1809874758	0.6179233464	0.2010891778
0	0.0711691858	0.1723396640	0.7564911502
0	0.0692370206	0.7494078889	0.1813550905
0	0.0272842188	0.6134809670	0.3592348142
1	0.0000000000	0.9852069709	0.0147930291
0	0.2950564954	0.7032642055	0.0016792991
0	0.3139331554	0.0000003401	0.6860665045
0	0.0114186901	0.0004419432	0.9881393666
0	0.2434907456	0.7272033648	0.0293058896
0	0.3021736992	0.3868244303	0.3110018705
0	0.4021780748	0.1877062342	0.4101156911
0	0.8266129371	0.1648930746	0.0084939883
0	0.1138058052	0.7656700741	0.1205241207
2	0.0214745182	0.0727689419	0.9057565398
0	0.0000001545	0.1117419037	0.8882579418
0	0.0833944758	0.3772610810	0.5393444432
0	0.1185938322	0.7180699931	0.1633361747
0	0.1379425284	0.8397031771	0.0223542945
1	0.9812243018	0.0009372002	0.0178384980
0	0.2246849337	0.2766865456	0.4986285207
0	0.0273975850	0.1648079132	0.8077945019
0	0.8823157249	0.0009970359	0.1166872392
0	0.0310012095	0.7188312382	0.2501675522
0	0.1106229582	0.0137031502	0.8756738916
0	0.0001646862	0.9533920516	0.0464432622
0	0.3036171533	0.5322912813	0.1640915653
0	0.0009244362	0.6716205506	0.3274550131
0	0.0443671620	0.2489613409	0.7066714971
0	0.0000380632	0.0000000005	0.9999619363
0	0.0000229857	0.9105348376	0.0894421767
0	0.3402025661	0.0008118837	0.6589855502
0	0.6000520766	0.0734914343	0.3264564891
0	0.3259221514	0.2619719770	0.4121058716
0	0.0056875304	0.6641527172	0.3301597525
0	0.0919024207	0.2516122035	0.6564853757
0	0.0000000000	0.7279644160	0.2720355840
