0	0.0000009438	0.0715151550	0.0000000003	0.1267460651	0.8017378358
0	0.0118174652	0.0000000000	0.0940952898	0.0008339562	0.8932532887
0	0.0683725940	0.0219833686	0.0146974227	0.1797459623	0.7152006523
0	0.0000000049	0.1733563934	0.8260966651	0.0004910492	0.0000558874
0	0.0000013436	0.4509089844	0.0081167349	0.0011103984	0.5398625387
0	0.2999998235	0.3494415717	0.0106149447	0.0083988114	0.3315448486
0	0.0321386005	0.5605087988	0.3638078818	0.0063634278	0.0371812912
0	0.0000012386	0.8014201225	0.1768028626	0.0051181750	0.0166576014
0	0.7355303373	0.0744045157	0.1068363801	0.0832259434	0.0000028235
0	0.0000643950	0.0029328312	0.5202313315	0.2969071455	0.1798642968
0	0.0527504331	0.4343289647	0.0991197406	0.4097122802	0.0040885814
0	0.0000011826	0.5458256736	0.3113809147	0.0122336981	0.1305585310
0	0.8720513697	0.0027415431	0.0263445493	0.0008811215	0.0979814164
0	0.0000608786	0.1380938560	0.2432660803	0.1632714759	0.4553077091
0	0.0003958710	0.9619039763	0.0057334349	0.0002881055	0.0316786123
0	0.0243853969	0.0008600288	0.0161259031	0.0000101889	0.9586184824
0	0.0225863534	0.1045595624	0.8144855186	0.0012088738	0.0571596919
0	0.0102933810	0.3745779580	0.0102781903	0.0307943285	0.5740561421
2	0.0073151573	0.9880082214	0.0008812923	0.0000000000	0.0037953289
0	0.2106275945	0.2964022233	0.4672113469	0.0251069501	0.0006518852
0	0.1361640657	0.0026479222	0.8316000327	0.0040489009	0.0255390785
0	0.0003873137	0.0025427382	0.0000001398	0.0078898743	0.9891799340
0	0.0030190268	0.5975230975	0.0042460836	0.0126722716	0.3825395205
0	0.0000153164	0.3935702830	0.0000000010	0.2729733790	0.3334410207
0	0.0000000000	0.3290375577	0.0026612858	0.6134812399	0.0548199166
0	0.1163229828	0.1399939584	0.1999206876	0.0641360848	0.4796262865
0	0.0676603719	0.0789196431	0.0000000029	0.0574778399	0.7959421422
0	0.4600672223	0.1468608155	0.1135494688	0.0317423452	0.2477801483
0	0.5080744035	0.2129075153	0.0063951395	0.2300173943	0.0426055474
0	0.0000000000	0.0063147012	0.1201285365	0.0079757617	0.8655810007
0	0.0010049404	0.6226964462	0.0831573535	0.0455061065	0.2476351535
0	0.0459199233	0.0000000008	0.2818907822	0.2135835975	0.4586056961
0	0.0150928577	0.0139028386	0.0249601648	0.0016981327	0.9443460061
0	0.0010546844	0.1269428095	0.0000000002	0.0061112066	0.8658912993
0	0.0000000050	0.9121302437	0.0093548281	0.0001641856	0.0783507376
0	0.1048140457	0.0579347950	0.0336399519	0.1086079804	0.6950032270
0	0.0000578461	0.2145439329	0.0182469132	0.0494861447	0.7176651632
0	0.0230414165	0.6300795207	0.1037092301	0.0035353466	0.2396344860
0	0.1193732572	0.1765194988	0.0010179435	0.0009228254	0.7021664751
0	0.0000002335	0.2745087025	0.0215541588	0.0150844758	0.6888524295
0	0.0002225892	0.1782677164	0.0000023148	0.0839112068	0.7375961728
0	0.0000000000	0.1078731151	0.0760649611	0.0014454318	0.8146164919
0	0.1837140265	0.2248805692	0.3061334415	0.2004095565	0.0848624064
0	0.0000000000	0.0096526904	0.0000000000	0.0000000000	0.9903473096
0	0.1891192191	0.2608529683	0.0000025465	0.0016538800	0.5483713862
0	0.0714171979	0.0757018335	0.0000008763	0.8162869998	0.0365930925
1	0.0000028556	0.0853009398	0.0311850200	0.7920118093	0.0914993753
0	0.0186947041	0.6820886509	0.0114795244	0.0062701161	0.2814670045
0	0.0089334676	0.1676983385	0.2577813687	0.0484134353	0.5171733898
0	0.0181216454	0.0000197720	0.0000000321	0.0006567566	0.9812017940
0	0.0005153195	0.0572081481	0.0000040479	0.0683173769	0.8739551076
0	0.0367837910	0.4915599215	0.0000000000	0.0005507720	0.4711055155
0	0.0147512871	0.0012045015	0.1011138368	0.0213278477	0.8616025269
0	0.0055306702	0.5918848488	0.1961488844	0.0209271757	0.1855084209
0	0.0000574434	0.2053269347	0.0000008256	0.3725386135	0.4220761827
0	0.0221996390	0.0408517830	0.0000277344	0.8582621441	0.0786586995
0	0.5287184438	0.0006510579	0.0409789580	0.1025939076	0.3270576328
0	0.0000250062	0.7128019959	0.0369060207	0.1314002432	0.1188667340
1	0.0001951403	0.1589832966	0.0651427778	0.6080399364	0.1676388489
0	0.0548260304	0.0028787151	0.2728403147	0.0132891568	0.6561657831
0	0.2219338112	0.1413726519	0.0055768644	0.2726169357	0.3584997368
0	0.0026143698	0.8776447410	0.0245584845	0.0011490132	0.0940333915
0	0.0000000000	0.0569756423	0.8113806864	0.0179055594	0.1137381119
0	0.0221938264	0.8740435338	0.0086091753	0.0000000000	0.0951534645
0	0.0038625287	0.0250462312	0.0000000000	0.3939726472	0.5771185929
0	0.0676467797	0.0140465848	0.0501765502	0.2882965958	0.5798334896
0	0.0000000000	0.0484294074	0.0000297317	0.0056573917	0.9458834691
0	0.0194675558	0.5239888596	0.0016144805	0.0748960761	0.3800330280
0	0.9365282868	0.0361209819	0.0178835264	0.0000000000	0.0094672048
0	0.0000000017	0.0002588438	0.9997354636	0.0000000485	0.0000056424
0	0.0000015154	0.5130946018	0.3674917459	0.1194121369	0.0000000000
1	0.0348365727	0.2522393237	0.6479521974	0.0649716679	0.0000002383
0	0.0034311795	0.6667821798	0.0033677070	0.0000000000	0.3264189336
0	0.0000000066	0.0199011857	0.0000688341	0.0541847125	0.9258452610
0	0.0340038037	0.0932171046	0.0001332239	0.0004603093	0.8721855585
1	0.0759434319	0.0148006062	0.0000168109	0.0070710941	0.9021680570
0	0.2152512586	0.3892741698	0.0622180335	0.0001858140	0.3330707242
0	0.0000014570	0.0348817507	0.1643410086	0.0284501444	0.7723256394
1	0.0000000000	0.6469567984	0.0235618830	0.1004257247	0.2290555939
0	0.0331533869	0.1959087239	0.1347041365	0.5092136177	0.1270201349
0	0.0000015750	0.9234736945	0.0242409517	0.0522817314	0.0000020474
0	0.1860013851	0.4757385729	0.0010027594	0.0151379403	0.3221193423
0	0.0000002746	0.1311356491	0.0000002960	0.0000009092	0.8688628711
0	0.0003340893	0.7883109408	0.0141596177	0.0377362163	0.1594591360
0	0.0000000000	0.3209774626	0.0000000000	0.0269600809	0.6520624565
0	0.0107180839	0.0000392385	0.0004006456	0.1174039174	0.8714381146
0	0.0000002021	0.0075994094	0.0000224779	0.2049605017	0.7874174089
0	0.0463934950	0.7717362811	0.1292767552	0.0309441159	0.0216493528
0	0.0089832436	0.0000000312	0.0000001543	0.0000000000	0.9910165708
0	0.3196485805	0.0761214527	0.0531630141	0.2273963053	0.3236706475
0	0.4484289810	0.1745067389	0.3563805538	0.0011537698	0.0195299565
0	0.0154647700	0.0673004787	0.4558218143	0.0002206880	0.4611922489
0	0.0416222180	0.1030255795	0.0798780292	0.4811938836	0.2942802897
0	0.0782029024	0.3783405846	0.0222548176	0.0266280875	0.4945736079
0	0.3201087507	0.3838901258	0.0688829828	0.0000000576	0.2271180831
0	0.0000000000	0.0001530988	0.0000000000	0.0559013245	0.9439455767
1	0.2360750973	0.0063902254	0.0042437432	0.1165359019	0.6367550322
0	0.1647434701	0.0869678169	0.0000000000	0.0396142985	0.7086744144
0	0.0035629817	0.9817971878	0.0097475320	0.0000437762	0.0048485224
0	0.1756876580	0.3467923820	0.4760648854	0.0000196624	0.0014354122
