0	0.2134939818	0.0493352820	0.0551045287	0.1293659863	0.5527002213
0	0.0388488731	0.0000682039	0.0003402835	0.0001098017	0.9606328378
0	0.7265652627	0.0408237521	0.0013805988	0.1475199721	0.0837104142
0	0.0000000430	0.0179259238	0.2926114487	0.2936916428	0.3957709418
1	0.0021732433	0.1746652040	0.0032882101	0.6572614116	0.1626119311
0	0.0000000388	0.7629411593	0.0000005709	0.0175902096	0.2194680214
0	0.0216920431	0.8886046680	0.0000001138	0.0897007880	0.0000023872
0	0.0000008692	0.8637392962	0.0000017531	0.0000642962	0.1361937852
0	0.6393045303	0.0000000668	0.0002491205	0.0001079348	0.3603383476
0	0.0000001355	0.0005119569	0.0000000000	0.1236854819	0.8758024257
0	0.0006521505	0.4120790352	0.4078345712	0.1328925108	0.0465417322
0	0.0236318648	0.0928464959	0.0051270002	0.0086024304	0.8697922087
0	0.0270552092	0.7742385549	0.1620647990	0.0207555396	0.0158858973
0	0.0000018506	0.2552205983	0.1320864029	0.1756035361	0.4370876120
1	0.0000000008	0.0000156050	0.5026133100	0.1424628152	0.3549082689
0	0.0681651049	0.1395208688	0.1532024139	0.0000562192	0.6390553933
0	0.0967529880	0.8923476053	0.0043318171	0.0000212338	0.0065463559
0	0.0127804187	0.0951422136	0.1418272832	0.0000008682	0.7502492163
1	0.0003493796	0.6021818472	0.1142056326	0.2097604555	0.0735026851
0	0.0018421876	0.0401471335	0.3808740974	0.0001158085	0.5770207730
0	0.1006280987	0.0450815984	0.0000006036	0.0607805652	0.7935091341
0	0.3421951606	0.0503523746	0.3249835905	0.0295183516	0.2529505226
0	0.4213496305	0.0399207011	0.1254630850	0.0094477544	0.4038188289
0	0.0028166496	0.9794862815	0.0036154424	0.0000000037	0.0140816228
0	0.0024692100	0.0112981663	0.0409616495	0.7093092570	0.2359617172
1	0.0000065269	0.3633987096	0.0001667767	0.0750899694	0.5613380173
0	0.0000022777	0.1786229169	0.2333171128	0.0120026221	0.5760550704
0	0.0000000039	0.2434946277	0.0231209922	0.0023138800	0.7310704962
0	0.0637351757	0.3342992511	0.1102113664	0.3362070808	0.1555471260
0	0.0116971312	0.5184283877	0.2371966601	0.0010569836	0.2316208375
0	0.0150386767	0.0030994429	0.0000000000	0.0003162206	0.9815456598
0	0.1048006579	0.8751574732	0.0000021448	0.0200392461	0.0000004780
0	0.2412099336	0.0149982685	0.1986491928	0.0000118655	0.5451307396
0	0.2622351003	0.1562182569	0.0271084481	0.0000004414	0.5544377532
0	0.1353782432	0.5500945418	0.2745037981	0.0000000048	0.0400234121
0	0.0012133125	0.6331320332	0.0000000000	0.0012241047	0.3644305496
0	0.0204828975	0.0510850031	0.1144793206	0.0318729017	0.7820798771
0	0.0000000000	0.3336272262	0.4002600036	0.0213858437	0.2447269265
0	0.0133048151	0.1877970345	0.0000000000	0.6450672880	0.1538308625
0	0.0353463418	0.0210162177	0.6265591785	0.0000000015	0.3170782605
0	0.0000000000	0.0000285833	0.0904035416	0.0006152736	0.9089526015
0	0.0222437105	0.3363188262	0.4208917639	0.0000000148	0.2205456846
0	0.0000000000	0.0000001168	0.8321806613	0.0000358305	0.1677833914
1	0.1646089010	0.0100102428	0.4552808175	0.3701000386	0.0000000001
0	0.0000456977	0.8198401226	0.1109022053	0.0072135851	0.0619983893
0	0.0338497140	0.6870097966	0.0040223260	0.1890138117	0.0861043517
0	0.1163541598	0.3674182562	0.0000000001	0.0007064124	0.5155211716
0	0.0194768245	0.0230636939	0.0000814202	0.0238815742	0.9334964872
0	0.1075222476	0.2852788629	0.2041699566	0.0002757472	0.4027531857
0	0.0000395563	0.0004246954	0.0927036080	0.0715783599	0.8352537803
0	0.5000580266	0.0159325200	0.0002163408	0.3077741574	0.1760189551
0	0.0000000000	0.1469082299	0.0244145985	0.0010758113	0.8276013603
0	0.0000170924	0.0090239745	0.6753233752	0.0002719289	0.3153636291
0	0.4037403796	0.0110799161	0.0000000004	0.2336629526	0.3515167512
0	0.0000025359	0.0443371988	0.0000000000	0.6399847755	0.3156754897
0	0.0860169325	0.5420074458	0.3688393365	0.0030501380	0.0000861471
0	0.0124158977	0.0000000000	0.1608130147	0.0028854284	0.8238856592
0	0.1489304805	0.6445132531	0.0361702203	0.0631013780	0.1072846681
0	0.0009506989	0.0255773524	0.0121859011	0.0274737925	0.9338122550
0	0.0004900102	0.2686187354	0.0106908386	0.0042821139	0.7159183020
1	0.0609913904	0.6212276725	0.1891904151	0.0217181119	0.1068724101
0	0.0455054471	0.1395801842	0.0346558783	0.1214215446	0.6588369458
0	0.0063594165	0.8515445207	0.0468442508	0.0000000000	0.0952518120
0	0.0000000012	0.1849598876	0.2563763365	0.0283445345	0.5303192402
0	0.0000000000	0.3023391229	0.2946861481	0.0429563144	0.3600184146
0	0.3122881201	0.2252275310	0.2119507420	0.2004249621	0.0501086449
0	0.0022806391	0.0310172941	0.8862148574	0.0000000009	0.0804872085
0	0.1044018732	0.0234879398	0.2598887441	0.5018251481	0.1103962948
0	0.5364622131	0.1417387802	0.1851417874	0.1156115579	0.0210456614
0	0.0130755370	0.6379686663	0.0012731429	0.3476642717	0.0000183822
0	0.0735690099	0.0013740196	0.1963619580	0.1570715722	0.5716234403
0	0.1494282149	0.6004178043	0.2081187791	0.0000000005	0.0420352012
0	0.0012304545	0.0117639829	0.0001076600	0.2995782211	0.6873196815
0	0.0738881725	0.0411010762	0.0004179428	0.0840405188	0.8005522896
0	0.0000000013	0.0000000000	0.0246520655	0.0379111959	0.9374367373
0	0.0001636195	0.5725185512	0.0007548470	0.0019640866	0.4245988957
0	0.1058956439	0.0318781072	0.0950263184	0.0921730185	0.6750269120
0	0.4527498613	0.0277653143	0.0299034904	0.0914350053	0.3981463286
0	0.1551550904	0.0032059478	0.1463128701	0.0000041550	0.6953219366
0	0.1413989882	0.0912506504	0.0067867880	0.7529760157	0.0075875576
0	0.0000593024	0.0016861370	0.0509904453	0.2462841180	0.7009799973
0	0.3722657294	0.0003486931	0.0000000000	0.0040233131	0.6233622643
1	0.0000000000	0.6168572220	0.0047159184	0.3559519040	0.0224749556
0	0.0160559083	0.2380931161	0.5434451908	0.1910313302	0.0113744546
0	0.0000007647	0.0002318326	0.2385747758	0.1670935619	0.5940990649
0	0.1632760248	0.0015623747	0.0000004163	0.0002357026	0.8349254816
1	0.3138267710	0.0436116342	0.4632204854	0.1377224274	0.0416186820
1	0.0000136108	0.8804589260	0.0609829341	0.0000013534	0.0585431757
0	0.0108107960	0.0582271075	0.0823406184	0.1169713541	0.7316501240
0	0.0018498796	0.1451152056	0.0000009083	0.0000012484	0.8530327580
0	0.0405901909	0.0786972567	0.0058153924	0.0000000082	0.8748971518
0	0.0000000000	0.7178142522	0.0103251511	0.0915088042	0.1803517925
0	0.0306058881	0.4644467471	0.0364841855	0.0295474670	0.4389157123
2	0.0004251051	0.0000000299	0.0393797347	0.0213619544	0.9388331759
0	0.0560451190	0.1652346092	0.0021478942	0.0414262439	0.7351461337
0	0.0031386835	0.6806885072	0.0000000000	0.1053905407	0.2107822687
0	0.0005433043	0.5227665915	0.0000000288	0.0114837011	0.4652063743
0	0.3445230356	0.0456458713	0.0000000000	0.0440624836	0.5657686095
0	0.6873965540	0.0000012485	0.1873420532	0.1248984903	0.0003616540
0	0.3147722875	0.1067732396	0.0619303516	0.0000000000	0.5165241213
