0	0.0000000455	0.4911401906	0.0564510950	0.3075137319	0.1448949369
0	0.1249132568	0.0026215753	0.0019630357	0.1376022559	0.7328998763
0	0.0090797099	0.0214353042	0.8628547878	0.0006154262	0.1060147720
0	0.0812774927	0.0351931700	0.1334042287	0.4191539624	0.3309711463
0	0.0806043983	0.0000038783	0.5865190214	0.2472532466	0.0856194553
0	0.0055210628	0.0000000030	0.0166282612	0.3217338809	0.6561167922
0	0.0319091271	0.0033637000	0.0015714952	0.9630410394	0.0001146383
0	0.1002270468	0.2549057870	0.0815171419	0.2335605455	0.3297894788
0	0.2358447817	0.0741140780	0.2529788485	0.3960542746	0.0410080171
0	0.0332686916	0.0000000000	0.2379049391	0.7238805525	0.0049458167
0	0.2008606638	0.2613834431	0.1197565252	0.1280315955	0.2899677724
1	0.0763895955	0.0881990318	0.4433350378	0.2347089065	0.1573674284
0	0.2534695631	0.0011154257	0.3025847686	0.4422828562	0.0005473864
1	0.0292049335	0.0306051330	0.0285240420	0.9047402813	0.0069256102
0	0.0000000000	0.0098234498	0.7780795553	0.1202146634	0.0918823314
0	0.0662847477	0.0085591569	0.8626407976	0.0000000001	0.0625152976
0	0.0027781695	0.0004464876	0.0009848920	0.9660585944	0.0297318565
0	0.2181182165	0.0957123935	0.0000222149	0.6805863322	0.0055608429
0	0.1002856195	0.0033781026	0.0000032701	0.5009599534	0.3953730543
0	0.3269134554	0.0001480239	0.2701385962	0.1806703673	0.2221295572
0	0.0000009735	0.0208650313	0.3749950487	0.4739532084	0.1301857380
0	0.1456886275	0.2384576873	0.0169376428	0.0043664724	0.5945495701
0	0.0000000030	0.0000479218	0.2936326807	0.0005717959	0.7057475986
1	0.3114291380	0.5552854708	0.1253259924	0.0012323772	0.0067270217
0	0.1815625699	0.0000000000	0.5112969106	0.2571077141	0.0500328053
0	0.0023167465	0.1476634359	0.0926252386	0.0394087445	0.7179858344
0	0.1354378145	0.0010855028	0.4341623586	0.0302045155	0.3991098086
0	0.0000805607	0.0191067700	0.7167764652	0.2640362041	0.0000000000
0	0.2689950856	0.0002970508	0.6810433869	0.0129792104	0.0366852664
0	0.0905626611	0.2811344173	0.6085855522	0.0154923251	0.0042250442
0	0.0092907701	0.4558288644	0.0006179977	0.0054585767	0.5288037910
0	0.1733409315	0.0000000026	0.6882374514	0.0665034207	0.0719181938
0	0.2837623053	0.0000000000	0.5960591949	0.1000821362	0.0200963636
0	0.0157778854	0.0284076032	0.0193384826	0.0011086127	0.9353674162
1	0.0037651841	0.0001989550	0.0672424963	0.9001046959	0.0286886687
0	0.0000103860	0.0875648651	0.0182424308	0.8366744303	0.0575078879
0	0.0319048040	0.3065044122	0.0004665750	0.0195593970	0.6415648118
0	0.0000000000	0.3124875191	0.0733881325	0.0000000072	0.6141243413
0	0.2701416134	0.0000000000	0.4833459382	0.0302585164	0.2162539320
0	0.6332355755	0.0038723866	0.0009336975	0.3611186970	0.0008396435
0	0.0000000000	0.0254487597	0.9542486036	0.0000009367	0.0203017000
1	0.0000658612	0.1525490504	0.3267328159	0.5200551639	0.0005971087
0	0.7067932036	0.0235607317	0.1648290916	0.1027692647	0.0020477084
0	0.0025639618	0.0023374159	0.1461107353	0.8180205723	0.0309673148
0	0.3018249725	0.0026295427	0.5686844126	0.0657594172	0.0611016551
0	0.6227714829	0.0051141755	0.0358337946	0.2967168846	0.0395636624
0	0.2206572014	0.0353411046	0.0017007415	0.0000000000	0.7423009525
0	0.0000002654	0.9917248344	0.0002438962	0.0080308746	0.0000001293
0	0.0074867019	0.0145221129	0.2730661599	0.7008443508	0.0040806744
0	0.0001271487	0.0000000000	0.0027472536	0.6831777498	0.3139478479
1	0.0044912486	0.0525740240	0.0931140661	0.0139047995	0.8359158619
0	0.3221048616	0.1619407118	0.0246741503	0.0122260003	0.4790542759
0	0.0023031991	0.0000262136	0.5908107555	0.3946213544	0.0122384774
0	0.3247700984	0.0000000000	0.0255610587	0.2084434317	0.4412254112
0	0.0037118770	0.0867406342	0.0005686015	0.7462764996	0.1627023876
0	0.0135572327	0.1176548373	0.4670472057	0.0006167937	0.4011239306
0	0.0000051434	0.0726633354	0.0488112057	0.3342883224	0.5442319931
0	0.0572445906	0.0276365565	0.0051849122	0.0722682730	0.8376656677
0	0.0103331412	0.0000000000	0.1614098659	0.6850761000	0.1431808929
0	0.1120853370	0.1165311127	0.7265426740	0.0289275969	0.0159132794
0	0.0000000000	0.1273054038	0.0196802694	0.8076673072	0.0453470195
0	0.0037581271	0.0905681311	0.2698748794	0.1418333936	0.4939654689
0	0.0031295708	0.0116810784	0.5488242303	0.0035366574	0.4328284631
0	0.0000004055	0.1563080551	0.1277223536	0.6263497644	0.0896194215
1	0.1904110025	0.0356223668	0.0440838409	0.7293779574	0.0005048323
0	0.0106384701	0.0116159880	0.3374853046	0.6378937873	0.0023664501
0	0.0749913467	0.0399405506	0.1674302146	0.2206724383	0.4969654498
1	0.0848057056	0.0004909401	0.8686985129	0.0001993999	0.0458054414
0	0.4288525380	0.0000000001	0.5489543019	0.0014512571	0.0207419029
0	0.2195464034	0.0304775650	0.2301216166	0.3069745311	0.2128798838
0	0.0045409249	0.0017055430	0.1598562010	0.2066150918	0.6272822394
0	0.0113579802	0.0000025520	0.0688486092	0.5692306358	0.3505602228
0	0.3426227170	0.0061740171	0.0075600363	0.1651029581	0.4785402716
0	0.0993012475	0.0000020728	0.0000043718	0.0000000000	0.9006923079
0	0.3676817997	0.0006295430	0.0000000000	0.4597572031	0.1719314543
0	0.2112523599	0.0906423216	0.3000478477	0.3839882338	0.0140692371
0	0.2928351510	0.0000025075	0.2694437193	0.4151328314	0.0225857908
0	0.0320406928	0.7004022136	0.0735979481	0.1400156960	0.0539434495
0	0.0291758853	0.4606721731	0.4995416329	0.0076087725	0.0030015362
0	0.0078908945	0.2363147260	0.5275075574	0.2282749460	0.0000118761
0	0.1124416699	0.3498473153	0.0370324330	0.0000009563	0.5006776256
0	0.0029535496	0.0000000000	0.4243804631	0.5576499714	0.0150160160
2	0.0000809400	0.0000074464	0.4115091013	0.4442851066	0.1441174057
1	0.0622241953	0.0013688953	0.2165409559	0.7110795452	0.0087864083
0	0.0040204704	0.1451133173	0.0730970602	0.0264337637	0.7513353883
0	0.0351149891	0.0086651888	0.8948835100	0.0019860927	0.0593502194
1	0.0047458627	0.0967052135	0.8896381798	0.0077877202	0.0011230237
0	0.0113573218	0.9190191130	0.0000000000	0.0014855891	0.0681379760
0	0.2701755852	0.0000000119	0.6035029809	0.0110857775	0.1152356444
0	0.0000000000	0.0112879988	0.8649711268	0.0226998936	0.1010409808
0	0.1502648328	0.0346155560	0.1201410626	0.0000000000	0.6949785486
0	0.0279402144	0.1424025824	0.4600229527	0.3284194492	0.0412148013
1	0.0803852896	0.0342017419	0.6335657166	0.2518472518	0.0000000000
0	0.0016218288	0.0000322922	0.7902792641	0.0653134744	0.1427531405
0	0.6608479214	0.0052954122	0.0968537741	0.0024359471	0.2345669452
0	0.0000000000	0.2577930902	0.1274138939	0.6147929878	0.0000000281
0	0.1905911793	0.0000000000	0.0000000047	0.1884661128	0.6209427032
0	0.4007741952	0.0004931250	0.2343531704	0.0234421437	0.3409373657
0	0.1691470545	0.0111726457	0.2014111624	0.0076174684	0.6106516691
0	0.0407198082	0.0238570876	0.1330435839	0.0084740841	0.7939054362
