0	0.0973267420	0.1765701620	0.0020850612	0.1028059190	0.6212121158
0	0.3227181766	0.0296008792	0.0627168000	0.0002889412	0.5846752029
0	0.0677297986	0.2110903601	0.0103630059	0.0000000000	0.7108168354
0	0.0007047997	0.7372194818	0.0366988757	0.0179054793	0.2074713635
0	0.0064561265	0.0000103891	0.0642414685	0.0002048975	0.9290871184
1	0.0002523360	0.2596430226	0.1348934813	0.2834983043	0.3217128558
0	0.0013447112	0.2294885825	0.0000000073	0.4824297100	0.2867369890
0	0.2168560267	0.5268044717	0.1958825898	0.0485739356	0.0118829762
0	0.0042393114	0.3507743504	0.0024030478	0.5354060345	0.1071772558
0	0.0000290599	0.0114288000	0.0384798359	0.5174228472	0.4326394570
0	0.7086039696	0.0173130794	0.0819743222	0.1847965505	0.0073120783
0	0.0000044267	0.2336526913	0.0735610679	0.0355210602	0.6572607539
0	0.0000000041	0.0273523900	0.0185815733	0.0077455235	0.9463205091
1	0.2184471200	0.6337627789	0.0238159190	0.0703969538	0.0535772284
0	0.5024047834	0.1590916993	0.0980424315	0.0441340459	0.1963270399
0	0.0028677990	0.3599752294	0.0000663877	0.4095015459	0.2275890379
0	0.0262793585	0.2072285475	0.1856520138	0.0089914495	0.5718486307
0	0.0398225431	0.1384001837	0.2560380490	0.3223492243	0.2433899999
0	0.0128004291	0.9866732056	0.0001579082	0.0001258487	0.0002426084
0	0.0196280561	0.8926206169	0.0002623449	0.0042247418	0.0832642402
0	0.0000000000	0.0069072223	0.4022159214	0.0000197068	0.5908571496
0	0.1886071313	0.0371786739	0.0202156888	0.3747438530	0.3792546530
0	0.0070495558	0.7201987352	0.0835263032	0.0474359085	0.1417894973
0	0.0166000856	0.1762328343	0.0810038333	0.0087892067	0.7173740401
0	0.0000000705	0.3421380983	0.6487990832	0.0090625421	0.0000002059
0	0.0126482357	0.8157211664	0.0000079710	0.0000161422	0.1716064847
0	0.0005274702	0.3076050688	0.0000052940	0.5595858595	0.1322763075
0	0.0999555003	0.0880504687	0.1087848443	0.0007911252	0.7024180614
0	0.2565305766	0.5885740914	0.0000233096	0.0658041910	0.0890678315
0	0.0000378803	0.9645983448	0.0045696804	0.0002422552	0.0305518392
0	0.0000051551	0.2902847333	0.7090548293	0.0000175118	0.0006377705
0	0.1272877677	0.2172767863	0.0572285498	0.0007666116	0.5974402846
0	0.0019875106	0.0085372250	0.0000000000	0.1766720950	0.8128031695
0	0.0162312761	0.0081700962	0.6059124690	0.3448156399	0.0248705188
0	0.0399847694	0.0132319796	0.0000435270	0.2322687462	0.7144709778
0	0.0857968896	0.0172914565	0.0043336239	0.3603117584	0.5322662717
0	0.0000014647	0.0972423108	0.2101795316	0.4569914444	0.2355852485
0	0.1040909670	0.0000000000	0.8794566281	0.0000000000	0.0164524049
0	0.0951950839	0.4673276273	0.0002241741	0.3030664932	0.1341866215
0	0.0000000000	0.0025480473	0.0012222190	0.0076886976	0.9885410361
0	0.9778750601	0.0147526937	0.0000000079	0.0073722382	0.0000000000
0	0.3068345150	0.1827911351	0.2506456981	0.0000000000	0.2597286518
0	0.0781776697	0.2288520811	0.2726717618	0.0187830044	0.4015154829
1	0.0000002197	0.1429532275	0.5638660869	0.0819379560	0.2112425098
0	0.0089476154	0.8459179515	0.0000000310	0.0000000000	0.1451344022
0	0.0000169244	0.0000000010	0.0028551704	0.0339566979	0.9631712062
0	0.1840688954	0.5655372725	0.2399980148	0.0082940969	0.0021017204
0	0.0000711331	0.0000028857	0.0000268610	0.0985739294	0.9013251906
0	0.0000000000	0.5915697631	0.0000882520	0.3339394413	0.0744025436
0	0.0007001472	0.0022580032	0.0051510118	0.0004838713	0.9914069665
0	0.0801760393	0.0026751137	0.0000000000	0.4663036969	0.4508451501
0	0.5742136314	0.0912355564	0.0322001166	0.0000000017	0.3023506940
0	0.3677469471	0.0000053297	0.0000000001	0.1215755342	0.5106721889
1	0.2913081751	0.0024579344	0.0000000000	0.0003147264	0.7059191642
0	0.0003070170	0.1786607167	0.0710236921	0.5247710959	0.2252374784
0	0.0004276044	0.0416572685	0.0029753725	0.0019155856	0.9530241690
0	0.1930693903	0.6163187199	0.0280051124	0.1094680388	0.0531387386
0	0.2152226732	0.4698641606	0.2076486124	0.0194399837	0.0878245702
0	0.0000000000	0.3093797688	0.0000000348	0.2930541692	0.3975660273
2	0.0031875982	0.8137570409	0.0000377033	0.1179569334	0.0650607242
0	0.1499355193	0.2064192621	0.2543473248	0.0858466851	0.3034512087
0	0.0000000001	0.1893581340	0.0073767193	0.0000000000	0.8032651466
0	0.0206472306	0.2709643483	0.0000000000	0.0007939423	0.7075944788
0	0.1028753788	0.4205588420	0.0000427747	0.1426748631	0.3338481415
0	0.5755607124	0.0132558291	0.0014460672	0.3175488993	0.0921884921
0	0.0000888995	0.3616206487	0.0000000000	0.0000002997	0.6382901522
0	0.1289281657	0.5388770340	0.0038302060	0.0000793259	0.3282852683
1	0.0004999809	0.0747994352	0.8970831146	0.0011279154	0.0264895539
0	0.1337423666	0.6909419023	0.0005451500	0.1149227647	0.0598478165
0	0.0000045238	0.0712412121	0.3182033211	0.0190539772	0.5914969658
1	0.2074584846	0.0001888340	0.0000000000	0.7923486023	0.0000040790
0	0.0655351106	0.0237078827	0.7392212248	0.1698440265	0.0016917555
0	0.0149842635	0.5860090002	0.0000000000	0.1329568587	0.2660498777
0	0.0000033697	0.0001825843	0.0233007257	0.0022531634	0.9742601568
0	0.0028071234	0.3075335483	0.0019447010	0.0450974731	0.6426171542
0	0.0000188111	0.0880219108	0.0237754102	0.0009548559	0.8872290120
0	0.0114490378	0.3619159066	0.3728610207	0.0000006691	0.2537733658
0	0.0000032371	0.8861328387	0.0405007192	0.0018755348	0.0714876702
0	0.0003632194	0.1544669470	0.0026668114	0.3707480350	0.4717549871
0	0.0561748712	0.2059338894	0.0525408435	0.2607956528	0.4245547431
1	0.0092451528	0.2546748403	0.0000000000	0.0000000000	0.7360800069
0	0.1517810176	0.0001451847	0.7546202247	0.0025037580	0.0909498151
0	0.0000000123	0.0000000000	0.0839648156	0.3852447041	0.5307904679
0	0.0000000000	0.9430533069	0.0540793769	0.0000295339	0.0028377823
0	0.0000000000	0.0157246035	0.0987259266	0.0959945025	0.7895549674
0	0.0137248274	0.9579458677	0.0019399643	0.0000000000	0.0263893406
0	0.0290646711	0.4675231556	0.0516153507	0.0684270664	0.3833697560
0	0.0000705381	0.3366830646	0.0927249364	0.2380380984	0.3324833625
0	0.0000000000	0.4529285492	0.0095909331	0.0229934650	0.5144870528
1	0.0160543897	0.2090869065	0.2032635020	0.0980382986	0.4735569033
0	0.0012204763	0.9424842020	0.0409692127	0.0107646300	0.0045614790
1	0.1627116800	0.6041770266	0.0770297440	0.1332870684	0.0227944809
0	0.0000559640	0.4479524888	0.3083936312	0.0278682934	0.2157296226
0	0.0000358122	0.0017105782	0.0177754497	0.0006074309	0.9798707290
0	0.2505063465	0.2044935253	0.0301225961	0.0391654654	0.4757120668
0	0.1154075300	0.0411671127	0.0235466882	0.0094786131	0.8104000561
0	0.1608461510	0.3674134097	0.3647159824	0.0000011971	0.1070232598
1	0.0149240813	0.2677407054	0.0000000000	0.0000000875	0.7173351257
0	0.1804203385	0.4626841942	0.0932016261	0.2579756446	0.0057181965
0	0.0009360715	0.8154042307	0.0000000018	0.0972809502	0.0863787458
