0	0.3109049648	0.0000000043	0.5864423768	0.0420517226	0.0606009315
0	0.0554329960	0.0091923664	0.4198481834	0.3447970766	0.1707293776
0	0.0182966194	0.0611746407	0.0064948151	0.0005567892	0.9134771356
0	0.0162045460	0.0190409176	0.6158261201	0.1839428833	0.1649855331
0	0.0000002738	0.0198254210	0.0176377733	0.8301522203	0.1323843117
0	0.0077835666	0.2422136458	0.5318156841	0.0000000073	0.2181870961
0	0.0419912375	0.6659319619	0.0064469706	0.0836293849	0.2020004451
1	0.1443139906	0.0000015340	0.1466989737	0.6023705040	0.1066149978
0	0.0231389047	0.0000006973	0.1301747883	0.0504958445	0.7961897652
0	0.0007965923	0.0306374907	0.2484096012	0.2333468878	0.4868094281
0	0.0417956206	0.0000393708	0.7037423520	0.1539051782	0.1005174784
0	0.0000280997	0.0569241245	0.2941975586	0.1937495084	0.4551007089
0	0.0535065164	0.0000000016	0.5196036930	0.1992531652	0.2276366238
1	0.1839039496	0.4735309657	0.0113332002	0.0320389875	0.2991928970
0	0.0279858348	0.0008300247	0.6850171880	0.2119251060	0.0742418465
0	0.0000000004	0.4774954274	0.4616163219	0.0000000733	0.0608881771
0	0.5333384317	0.0940834544	0.0078269098	0.3084129322	0.0563382719
0	0.2748273551	0.1281932498	0.2997573468	0.0000134540	0.2972085944
0	0.0008164375	0.0219800707	0.6927709190	0.1812631823	0.1031693905
0	0.0000000014	0.0251055040	0.0791377550	0.0100502326	0.8857065069
0	0.1266039448	0.0025319208	0.0250495463	0.7735013246	0.0723132635
0	0.0377324487	0.5980684858	0.0000000654	0.3640496769	0.0001493232
0	0.0002139179	0.0000343257	0.0000268618	0.7407066971	0.2590181974
0	0.0013547429	0.0546985051	0.2592541361	0.5700750701	0.1146175459
0	0.1986920697	0.0008115952	0.1349647236	0.1800684652	0.4854631462
0	0.0252217239	0.0000065434	0.1593434642	0.7927111473	0.0227171212
0	0.0316644775	0.0834436774	0.5601483416	0.2688709775	0.0558725260
0	0.0000007750	0.0070321249	0.3416458023	0.1706329636	0.4806883342
0	0.0000000000	0.1661648554	0.5575005682	0.2344467477	0.0418878286
0	0.2434017880	0.0505368350	0.0033783155	0.6483982992	0.0542847623
0	0.2178115132	0.4507876984	0.0092164360	0.1976905703	0.1244937822
1	0.0523084417	0.0622160545	0.5146747625	0.3485862060	0.0222145353
0	0.0000012964	0.0027425002	0.0119544035	0.3292490081	0.6560527917
0	0.1769203480	0.0122161288	0.5909867213	0.2198721524	0.0000046495
0	0.6045677569	0.0528531184	0.3315680222	0.0110111025	0.0000000000
0	0.0580006640	0.0004827755	0.0719720073	0.4783508056	0.3911937477
0	0.0096248825	0.5788706899	0.2788201337	0.0025740489	0.1301102449
0	0.0181844271	0.0536794420	0.5495154661	0.0000006024	0.3786200623
0	0.0155602174	0.0000270578	0.1237907280	0.8590455015	0.0015764953
1	0.0441029750	0.0000005180	0.0533224919	0.6110209100	0.2915531052
0	0.0370227862	0.0000000000	0.9283461433	0.0320453851	0.0025856854
0	0.0034010281	0.0105286166	0.0263219403	0.4843145811	0.4754338338
0	0.0066089549	0.0025201751	0.2523182547	0.2288363083	0.5097163070
0	0.1681290037	0.0000202449	0.6449547676	0.0002563791	0.1866396046
0	0.0127297305	0.4541576646	0.0024807176	0.5183194883	0.0123123990
0	0.0010792126	0.1005420134	0.2600402497	0.5724416557	0.0658968686
0	0.0007394366	0.0218475264	0.0199494247	0.0000000000	0.9574636123
0	0.0376063124	0.0002420840	0.3913041426	0.5370049009	0.0338425601
0	0.0536981186	0.0770360388	0.2631270438	0.4142901436	0.1918486552
0	0.2507278469	0.0000000543	0.0070743266	0.6089423603	0.1332554119
0	0.0277268408	0.0017883519	0.6150177046	0.0696703265	0.2857967762
0	0.0052693763	0.0001538281	0.9919197400	0.0025787719	0.0000782836
0	0.0000000000	0.0000251479	0.9542325368	0.0001144436	0.0456278717
0	0.8105233103	0.0000018139	0.1735604300	0.0000000000	0.0159144459
0	0.1037791688	0.0000000002	0.5847028208	0.1175479008	0.1939701095
0	0.0007710223	0.2076332609	0.4336505574	0.0000181764	0.3579269829
0	0.0059264988	0.0307362093	0.4063076681	0.5455048297	0.0115247942
1	0.0223910153	0.0000654267	0.4103518956	0.5666073039	0.0005843585
0	0.6179708676	0.0011263321	0.0005630800	0.0862286826	0.2941110376
0	0.0191060679	0.0000000000	0.0049228409	0.2463367311	0.7296343601
0	0.0180506919	0.0545447163	0.0884602071	0.0981854291	0.7407589555
0	0.1027272948	0.1764461899	0.0518332835	0.6663779262	0.0026153056
0	0.0503299743	0.6419202111	0.0000000502	0.1259337998	0.1818159647
0	0.0418261034	0.0065412872	0.0030665765	0.3000446224	0.6485214104
0	0.0121809730	0.1739577050	0.8138613218	0.0000000001	0.0000000000
0	0.1340153927	0.0024220501	0.3149537484	0.5411250166	0.0074837922
0	0.0622279236	0.5160433177	0.0551015509	0.3457027719	0.0209244359
1	0.1820736476	0.0168676692	0.2266124390	0.0841857871	0.4902604571
0	0.7571191988	0.0099756858	0.0553659771	0.1772732519	0.0002658865
0	0.1132453165	0.0042693387	0.0000068911	0.3554833792	0.5269950745
1	0.0241669512	0.6672113167	0.0423803727	0.0497387294	0.2165026300
0	0.3811825937	0.0325629628	0.4302572420	0.0069315912	0.1490656102
0	0.0044811497	0.0002489193	0.0397432626	0.1343847407	0.8211419277
0	0.0000000150	0.0000000000	0.5438325265	0.4444561220	0.0117113364
0	0.0074906265	0.0003433811	0.3573297570	0.0000977627	0.6347384728
2	0.0000000000	0.0000074312	0.0357740077	0.7563280581	0.2078905030
0	0.0000000010	0.8285425897	0.0930711782	0.0510689093	0.0273173218
0	0.2704623021	0.0800736899	0.1018601039	0.0130454865	0.5345584176
1	0.5253527709	0.0826425548	0.0713703730	0.1488964080	0.1717378933
0	0.3375563684	0.0009356487	0.2261621282	0.3197510456	0.1155948091
0	0.0000044702	0.5336941988	0.1512423243	0.3141340762	0.0009249305
0	0.0058669999	0.0000055553	0.9876084133	0.0000146598	0.0065043717
0	0.4570273336	0.0079863669	0.0000000571	0.1212840653	0.4137021771
0	0.0825854117	0.1055469765	0.0018049235	0.7993703930	0.0106922953
0	0.4836887296	0.0065505253	0.0014746645	0.0714729878	0.4368130928
0	0.1759619668	0.3610689925	0.0152324571	0.0786272611	0.3691093225
0	0.0054872486	0.0000000000	0.0310131134	0.6011658233	0.3623338147
0	0.0211423354	0.3151994257	0.0453263678	0.3705095174	0.2478223536
0	0.2425020790	0.6530044235	0.0002888693	0.0004941544	0.1037104739
0	0.1622682912	0.2654120520	0.2090890182	0.0000000010	0.3632306376
0	0.0000000000	0.0572614069	0.3244377252	0.1353156022	0.4829852657
0	0.1806089675	0.5879627455	0.1894922344	0.0061898277	0.0357462249
0	0.0204647306	0.2800600581	0.2983594531	0.3255138296	0.0756019287
0	0.0280900142	0.1170250476	0.0390097456	0.0902444837	0.7256307089
0	0.0169652891	0.1276631081	0.1973537730	0.1892331262	0.4687847036
0	0.1813629116	0.1545705773	0.0561102757	0.3057852985	0.3021709369
0	0.0006209888	0.1130123586	0.3392014683	0.3817291412	0.1654360431
0	0.2447678129	0.1919425595	0.3114159982	0.1950613659	0.0568122634
0	0.0085385736	0.0547777360	0.4176867765	0.3509223138	0.1680746002
1	0.9824642963	0.0010867288	0.0000000000	0.0000000343	0.0164489406
