0	0.0000000000	0.0329980861	0.0000000000	0.0331507587	0.9338511552
0	0.0000000001	0.0002618003	0.0000086114	0.0301661100	0.9695634781
0	0.0000416186	0.3523075635	0.0007041914	0.1479725957	0.4989740309
0	0.0000660570	0.3143242721	0.0761246844	0.2387550891	0.3707298975
0	0.0000544986	0.0988562227	0.4166867977	0.0040404301	0.4803620509
0	0.0504628639	0.0567982330	0.0000000073	0.0003139525	0.8924249433
0	0.0118381304	0.0000000055	0.6479229468	0.1639403237	0.1762985936
0	0.0332406511	0.6187734915	0.0000141650	0.0000000308	0.3479716617
0	0.0000061366	0.7979646228	0.0175375836	0.0908580918	0.0936335652
0	0.0016534768	0.0256631767	0.5941722667	0.0001015923	0.3784094876
0	0.0135181502	0.7753108637	0.0057564519	0.0042207044	0.2011938299
0	0.0000171029	0.1232099404	0.2377044974	0.0006132535	0.6384552058
0	0.0000229208	0.5941244122	0.0000469997	0.0001924110	0.4056132563
1	0.0002025522	0.9043353743	0.0437720059	0.0005986374	0.0510914302
0	0.3900680008	0.0090284724	0.0721637554	0.1453972529	0.3833425184
0	0.0011108103	0.1246082591	0.0001669949	0.8739046713	0.0002092644
0	0.0000000000	0.1113687512	0.0000000000	0.0000000000	0.8886312488
0	0.0000000000	0.4369416094	0.0095986016	0.0001180032	0.5533417858
0	0.0031853755	0.1413564314	0.0021651152	0.1526853667	0.7006077112
0	0.0000000001	0.1490586982	0.0000148314	0.0029026242	0.8480238462
0	0.0120285709	0.1762886151	0.0958470310	0.0075421831	0.7082935999
0	0.0000000000	0.3851700844	0.2346831618	0.3610528462	0.0190939077
0	0.0846109079	0.4658026526	0.0038751938	0.1225091635	0.3232020822
0	0.0007335826	0.1124230773	0.4425175078	0.4443258322	0.0000000000
0	0.0491861637	0.2415517027	0.0148287906	0.2401675679	0.4542657751
0	0.0003892888	0.0021445914	0.0023893666	0.0243099918	0.9707667613
0	0.0308733757	0.3210289875	0.0000000000	0.0248123939	0.6232852429
0	0.9680518390	0.0060962946	0.0001778647	0.0190541211	0.0066198806
0	0.1239110030	0.3175197706	0.0005475419	0.0159290970	0.5420925874
0	0.0009717297	0.8845244398	0.0031644658	0.0000984465	0.1112409182
0	0.0113643914	0.6026645394	0.0000000000	0.1934787004	0.1924923688
0	0.0058934308	0.1694446373	0.1107501960	0.6892893936	0.0246223422
0	0.0226403499	0.4048088933	0.0080376084	0.5630966150	0.0014165335
0	0.0000000049	0.9062570672	0.0015325760	0.0348355396	0.0573748123
0	0.0066321198	0.2442032082	0.0532229487	0.0200952257	0.6758464976
0	0.0000063777	0.6670656674	0.0165815267	0.1197451994	0.1966012289
0	0.3077988411	0.2173390856	0.0516737419	0.3904643868	0.0327239446
1	0.0004527879	0.0000000011	0.0784153281	0.0006420121	0.9204898708
0	0.4820874019	0.1294094466	0.0000000000	0.0348676288	0.3536355227
0	0.4044313534	0.0000000000	0.0012978952	0.0923493247	0.5019214267
0	0.0029392157	0.1817783412	0.0001082450	0.0060279078	0.8091462903
1	0.0629520083	0.0070784530	0.0003170678	0.3290603368	0.6005921340
0	0.2085409889	0.3182798881	0.1449793005	0.0000000000	0.3281998225
0	0.0000000001	0.0004158491	0.0243888957	0.0002412045	0.9749540506
0	0.0416323247	0.1217656255	0.0001253204	0.0770456374	0.7594310920
0	0.0000000000	0.0549758513	0.0019952992	0.1804651857	0.7625636638
0	0.0000024076	0.9800394590	0.0080192307	0.0022325678	0.0097063350
1	0.0000344835	0.3162703247	0.2118226277	0.0433895831	0.4284829809
2	0.1037447007	0.8817670930	0.0064498150	0.0000000061	0.0080383851
0	0.2495654724	0.0000001698	0.0045727984	0.2460228912	0.4998386683
0	0.1743614822	0.5948169370	0.0000000007	0.0408943060	0.1899272741
0	0.0000000000	0.0000101278	0.8551412491	0.0279716609	0.1168769622
0	0.0004333063	0.0250035509	0.0000001978	0.0003074538	0.9742554911
0	0.3886563486	0.1111244083	0.0987008683	0.0692264509	0.3322919239
0	0.2345325608	0.2246016776	0.0150856656	0.1371641596	0.3886159364
0	0.0495625347	0.7152351009	0.0003678842	0.0014865174	0.2333479629
0	0.3183832370	0.0576702539	0.0030570267	0.6208894064	0.0000000760
0	0.0021401680	0.8420870166	0.0000031333	0.0358749139	0.1198947682
0	0.0933994077	0.0045550449	0.2944193641	0.0006803189	0.6069458643
0	0.0070207883	0.5540078624	0.0000000000	0.3869218387	0.0520495106
0	0.0176514136	0.9024869536	0.0000000000	0.0000010480	0.0798605848
1	0.1716365159	0.0689465381	0.0940267253	0.6247485201	0.0406417006
0	0.0000000000	0.0003694195	0.2089285568	0.5469449437	0.2437570800
0	0.0318042103	0.0680999111	0.1613523368	0.5059573271	0.2327862147
0	0.1727693447	0.5078103344	0.0000000000	0.2124457298	0.1069745911
0	0.1744591723	0.0915415483	0.5193869095	0.0030310958	0.2115812740
0	0.0000000000	0.1118857687	0.5938988333	0.0451135817	0.2491018163
1	0.1355679468	0.2176557114	0.0470402300	0.0426659793	0.5570701324
0	0.0043192399	0.1988543364	0.0482925048	0.0734436585	0.6750902604
1	0.0000000000	0.8804810492	0.1005443726	0.0000186589	0.0189559194
0	0.0606094482	0.4489644340	0.0685242237	0.1620723526	0.2598295416
0	0.0264450114	0.4421507639	0.4673240737	0.0002860980	0.0637940530
0	0.0128479053	0.0004680170	0.6091404017	0.0410292359	0.3365144401
0	0.0000000000	0.1952933188	0.1947362491	0.0021092362	0.6078611959
0	0.9272868658	0.0298484529	0.0323666973	0.0001284565	0.0103695275
0	0.2404156040	0.0000972633	0.2061428704	0.1607816270	0.3925626352
0	0.0022763528	0.5571854001	0.0034847436	0.3505061613	0.0865473422
0	0.0085061579	0.0819469448	0.0256639444	0.6158330454	0.2680499075
0	0.4511808553	0.5282734074	0.0000555766	0.0107125200	0.0097776407
0	0.0000000042	0.0399675186	0.2892764469	0.0000000000	0.6707560303
0	0.0001605357	0.5064347542	0.0431278515	0.3012249115	0.1490519471
0	0.9631082627	0.0000000000	0.0354116349	0.0000000000	0.0014801024
0	0.0012817597	0.0193688487	0.5002120135	0.0000000000	0.4791373780
0	0.0001017759	0.7054886715	0.0073360172	0.2726488781	0.0144246573
0	0.2035946930	0.4577202874	0.1363887860	0.0024667424	0.1998294913
0	0.0013713938	0.0668510273	0.5516997167	0.0707194650	0.3093583972
0	0.8096021426	0.0001829990	0.1669488373	0.0003797259	0.0228862952
0	0.0254470281	0.1826649560	0.0556328992	0.0866811342	0.6495739825
0	0.0025254330	0.3605173764	0.0045626781	0.0000001964	0.6323943160
0	0.0000148614	0.9486286005	0.0044306926	0.0271876399	0.0197382056
0	0.0211832932	0.3290508325	0.6183642479	0.0000010145	0.0314006118
0	0.0582792748	0.0000000000	0.6268603768	0.0000000000	0.3148603485
0	0.0770021149	0.5128441763	0.0002317947	0.3921067160	0.0178151981
0	0.0120224111	0.7880062766	0.0535897123	0.0860212623	0.0603603376
0	0.0190552317	0.3398281771	0.0282066514	0.5553291317	0.0575808082
0	0.0025503069	0.0000000025	0.0049687120	0.1159790095	0.8765019691
0	0.9158198679	0.0709695848	0.0017752223	0.0016170976	0.0098182275
0	0.0000003365	0.9355634623	0.0007762228	0.0208906103	0.0427693681
0	0.3762197619	0.4331054363	0.1402707266	0.0503612301	0.0000428450
0	0.0000585682	0.9785823039	0.0005171703	0.0208194781	0.0000224794
