0	0.0058917654	0.8029300349	0.0460092773	0.0936279513	0.0515409711
0	0.0000000000	0.0836127725	0.1150798951	0.0000495097	0.8012578227
0	0.0123132108	0.7993764326	0.0775297833	0.0000012434	0.1107793300
0	0.0927263015	0.2005274490	0.1067025586	0.0067127436	0.5933309473
0	0.0270519341	0.5783399737	0.3934426720	0.0000592429	0.0011061773
0	0.4551659796	0.4494801118	0.0944710639	0.0000000000	0.0008828447
0	0.0001913848	0.2443008149	0.1862497176	0.2165928587	0.3526652239
0	0.0000014116	0.0477958021	0.0025097830	0.3880656243	0.5616273791
0	0.0605511330	0.2496847129	0.6884583665	0.0000000000	0.0013057875
0	0.0025887934	0.0904316409	0.2160823309	0.0000025171	0.6908947178
0	0.0000000000	0.7646525049	0.1791673525	0.0084555065	0.0477246361
0	0.0032650577	0.5456711186	0.4510212107	0.0000000000	0.0000426130
0	0.0041418711	0.0098905293	0.0000000017	0.0040971712	0.9818704267
0	0.0000002365	0.3468491631	0.0000000000	0.0493530682	0.6037975322
0	0.5647673892	0.3482331432	0.0000015931	0.0015446345	0.0854532400
0	0.0152324774	0.0028605528	0.0002344055	0.0474893542	0.9341832100
0	0.5852435558	0.0262244968	0.0000000155	0.1292305465	0.2593013854
0	0.1329815148	0.7625720260	0.0102087864	0.0046005770	0.0896370957
0	0.0377026959	0.9164867545	0.0000000585	0.0000000000	0.0458104911
0	0.1730015907	0.0003192322	0.0000000000	0.0000029995	0.8266761776
0	0.0000000000	0.7063503800	0.0000023757	0.0000000006	0.2936472437
0	0.0000000000	0.0515259346	0.0984427606	0.0911896290	0.7588416758
0	0.0000000002	0.4704434164	0.3392578346	0.1445923334	0.0457064155
0	0.0001388119	0.9096216047	0.0323437670	0.0537846105	0.0041112059
0	0.0000000049	0.8019184316	0.1071847526	0.0000241452	0.0908726657
0	0.0704225267	0.8800515286	0.0246632372	0.0194888264	0.0053738812
0	0.0003202606	0.0996557529	0.2390654599	0.5551287086	0.1058298180
0	0.2671059364	0.0502820599	0.0000000000	0.0305982589	0.6520137447
0	0.1057422810	0.1240175454	0.6001275376	0.0366312288	0.1334814072
1	0.2500793076	0.0669944091	0.1143139423	0.0000741843	0.5685381566
0	0.0002702868	0.0263979361	0.0361091540	0.0000487760	0.9371738471
0	0.0003805981	0.1432159186	0.0203445790	0.0012686107	0.8347902935
0	0.0000000000	0.2538900853	0.0000000515	0.0059825975	0.7401272657
0	0.0078362578	0.2525752085	0.0000004853	0.7390575200	0.0005305284
0	0.0000000000	0.4094814728	0.2177666559	0.0000001897	0.3727516815
1	0.0000000001	0.1179535468	0.0086645610	0.8711876226	0.0021942695
0	0.0317510052	0.8147859756	0.0494239776	0.1040220569	0.0000169846
0	0.0071808263	0.1022757531	0.0000000412	0.0000147906	0.8905285889
1	0.0000000053	0.4750017321	0.0394289167	0.2165832586	0.2689860874
0	0.0503222771	0.4819995826	0.1070782826	0.2054829422	0.1551169155
1	0.0355795226	0.0440809351	0.0006605465	0.1438380877	0.7758409080
0	0.0009778000	0.2759762866	0.0066597738	0.0037978785	0.7125882610
0	0.0005231212	0.3333095701	0.1587892005	0.0103392118	0.4970388964
0	0.0411458337	0.0901048228	0.3857177356	0.0000000000	0.4830316080
0	0.0000089416	0.8524632274	0.0183039545	0.0939050791	0.0353187974
0	0.0723098947	0.3993328330	0.1007756067	0.4259653918	0.0016162738
0	0.0298852069	0.5108551404	0.0000013646	0.0833562971	0.3759019910
0	0.2703788383	0.6268929653	0.0106090416	0.0739550672	0.0181640876
0	0.0000048585	0.3056736379	0.0455561178	0.0500744309	0.5986909549
0	0.2916217767	0.2260083881	0.0262092538	0.0000000000	0.4561605814
0	0.0694026663	0.0000000000	0.0000000000	0.0000000000	0.9305973337
0	0.2181138488	0.0000025808	0.1829552925	0.5069764073	0.0919518706
0	0.0003833762	0.7101679289	0.0041564773	0.2700005955	0.0152916221
0	0.0417450368	0.0200628103	0.1996910990	0.1056144130	0.6328866409
0	0.3882075084	0.0179222655	0.0142312959	0.4375318160	0.1421071141
0	0.0529769166	0.1780435677	0.0000000000	0.0417779537	0.7272015621
0	0.0056606148	0.4759922468	0.0017198422	0.0817896283	0.4348376679
0	0.0000515815	0.0000665159	0.7263724250	0.1345806178	0.1389288599
0	0.3622810929	0.0250846659	0.0201858595	0.5900134456	0.0024349361
0	0.0109571026	0.0005135221	0.4595423829	0.0000000000	0.5289869924
0	0.0004252519	0.1783705284	0.1024045822	0.4904978617	0.2283017758
0	0.0767274574	0.0708591132	0.3157759665	0.0050822936	0.5315551693
0	0.0234346971	0.0971690323	0.1501111395	0.0607588335	0.6685262976
0	0.0001774920	0.4546002667	0.4421659774	0.0000596868	0.1029965771
0	0.0053431369	0.0856820237	0.0000000000	0.5545939785	0.3543808609
0	0.3019603554	0.1207787858	0.0608024044	0.0004885954	0.5159698590
0	0.5749260598	0.0367948976	0.2051068828	0.0283089126	0.1548632473
0	0.0032714641	0.1001917453	0.6508445920	0.0793375499	0.1663546487
0	0.3188099205	0.4975564727	0.0642186876	0.1002118670	0.0192030522
0	0.0825827831	0.0150591707	0.5901789331	0.3112040865	0.0009750267
0	0.0140843548	0.5033858632	0.0000019946	0.4194683755	0.0630594119
0	0.0799195173	0.2909820306	0.0000001220	0.3662557236	0.2628426066
1	0.0000969151	0.1700382743	0.0051996862	0.0001616855	0.8245034390
0	0.0043287223	0.4684469309	0.0000000008	0.0087796756	0.5184446704
0	0.0000063985	0.0339363332	0.4445024776	0.1060675966	0.4154871940
0	0.0008376530	0.0014541947	0.6410341978	0.1550677456	0.2016062088
0	0.0050487131	0.0164757473	0.0431225163	0.6911118753	0.2442411481
0	0.0000000000	0.0379850520	0.0011128797	0.2441634451	0.7167386232
0	0.4038634563	0.0036963737	0.0399273464	0.3014725586	0.2510402650
1	0.0282946149	0.1088383974	0.0000000000	0.1140904808	0.7487765069
0	0.0670120718	0.5731622964	0.1146774223	0.0000000000	0.2451482096
0	0.2624173270	0.3471708742	0.0299605400	0.3578626004	0.0025886585
0	0.0235927555	0.8531375501	0.0000000079	0.0000276354	0.1232420511
0	0.0044222380	0.8609893405	0.0000308078	0.0000000000	0.1345576137
0	0.2306276738	0.0200454756	0.0125463149	0.1698366422	0.5669438935
0	0.0648540959	0.0226666600	0.1264830063	0.0000000094	0.7859962284
0	0.0512494095	0.2471965100	0.3407685895	0.0000000004	0.3607854906
0	0.0176896720	0.8938234762	0.0762656122	0.0004411659	0.0117800737
0	0.0030783135	0.3157023660	0.0000014305	0.0000037568	0.6812141331
0	0.0001754580	0.0360014675	0.4168210724	0.0076708010	0.5393312012
0	0.4699932029	0.4189943944	0.0000000004	0.0000000000	0.1110124023
0	0.0036365777	0.7088552506	0.0000031397	0.0274197544	0.2600852776
0	0.1117560497	0.0027823342	0.0000816191	0.2086136420	0.6767663550
2	0.0136915222	0.1366232378	0.0052443373	0.8105146844	0.0339262183
0	0.0029184560	0.2069040746	0.0001791489	0.7889090235	0.0010892970
0	0.0017057846	0.2927078305	0.0171757081	0.0000128594	0.6883978174
0	0.1504441162	0.7731351882	0.0275257677	0.0456274789	0.0032674490
0	0.0229896776	0.2261275585	0.0000000094	0.7023043094	0.0485784451
0	0.0175103071	0.4652277464	0.0000000000	0.0681180958	0.4491438506
0	0.0000000000	0.0007659703	0.0384180104	0.7400623570	0.2207536622
