0	0.0791918159	0.0002157227	0.0000571911	0.2917488368	0.6287864335
0	0.0000000412	0.0000000000	0.1097715584	0.2385147762	0.6517136242
0	0.0099763667	0.0000995869	0.9225170524	0.0673793323	0.0000276616
0	0.0364755780	0.0000000000	0.0000080999	0.0001027728	0.9634135493
0	0.1201140562	0.0040916736	0.2260702855	0.2683735714	0.3813504133
0	0.0066943370	0.1818308418	0.5835586831	0.0001691796	0.2277469586
0	0.2564338916	0.1875306359	0.1325663496	0.4234685819	0.0000005410
0	0.0063011668	0.0002018718	0.0528022517	0.4916561102	0.4490385995
0	0.1387409673	0.1500056604	0.0000016931	0.5140368924	0.1972147868
0	0.0532329110	0.0114027197	0.0133164426	0.9206420591	0.0014058677
0	0.0526835609	0.0002303439	0.5344482494	0.2776856262	0.1349522196
0	0.0161149038	0.1228478248	0.4478510578	0.0012609290	0.4119252846
0	0.0347315856	0.0462797046	0.0422140821	0.2273069559	0.6494676718
0	0.0338696782	0.0000000000	0.1094799751	0.5457932814	0.3108570653
0	0.0000270490	0.0670443028	0.2646194298	0.0011766067	0.6671326117
0	0.2405672205	0.0018277935	0.0000049543	0.0000011653	0.7575988664
0	0.0000000000	0.0000000001	0.7334175175	0.2647718586	0.0018106238
0	0.1259278084	0.0015316806	0.2072197916	0.5214876340	0.1438330854
0	0.2376198914	0.0000011902	0.0010855783	0.2920370567	0.4692562833
0	0.0007432677	0.2506739755	0.5640116842	0.0205707883	0.1640002843
0	0.3036452890	0.0000047584	0.1703483642	0.0120583968	0.5139431915
1	0.0508950054	0.0116993822	0.1036005236	0.1378769859	0.6959281028
0	0.0390570629	0.3257811969	0.2665318094	0.1790258753	0.1896040556
0	0.6905913180	0.0371687349	0.2164076694	0.0524749147	0.0033573629
0	0.0000304724	0.1497701513	0.2132577996	0.6366652193	0.0002763574
0	0.0000000015	0.0033725845	0.6968010780	0.0463321021	0.2534942338
1	0.0433902980	0.6784168539	0.2365458025	0.0000083269	0.0416387187
0	0.6975305006	0.0013194830	0.1491186377	0.0532321672	0.0987992115
0	0.1129527506	0.0000304030	0.0047201540	0.3395566289	0.5427400636
0	0.0351659775	0.0654226756	0.3539684720	0.0164288001	0.5290140748
0	0.0000000000	0.0000000429	0.8342612983	0.0402194225	0.1255192363
0	0.3118884451	0.0282585839	0.2720827360	0.0000000000	0.3877702350
0	0.0882676863	0.0000164290	0.7060158105	0.0000148620	0.2056852123
0	0.1129812337	0.0016798671	0.3620150358	0.5112938773	0.0120299861
0	0.2154649783	0.0025876835	0.0000094433	0.7641270920	0.0178108029
0	0.0186614106	0.0248056012	0.0334944720	0.4080113882	0.5150271281
0	0.0000003529	0.0000000000	0.3171898889	0.2937498240	0.3890599343
0	0.0009540345	0.0000006712	0.0228230478	0.2320185814	0.7442036651
0	0.0406409706	0.0000000000	0.0946347641	0.8145619390	0.0501623263
1	0.3925408589	0.1607713094	0.0000001881	0.0427063847	0.4039812589
0	0.0497387004	0.3709286748	0.3909313060	0.0302362963	0.1581650225
0	0.4642816163	0.1517293161	0.0004445800	0.2365791173	0.1469653704
0	0.2465170284	0.0018366254	0.0118010436	0.1248768955	0.6149684071
1	0.5958177688	0.0690921924	0.0449191529	0.1929019737	0.0972689122
0	0.0340154274	0.0000005062	0.2375523637	0.5361106923	0.1923210103
0	0.1090311699	0.0051707920	0.6787628737	0.0826207484	0.1244144161
0	0.9248293623	0.0477109229	0.0022580510	0.0251253196	0.0000763442
0	0.6708447206	0.0006579199	0.2412715928	0.0870644783	0.0001612884
0	0.0063938281	0.0552687530	0.7315183737	0.0026894408	0.2041296044
2	0.0863830054	0.0000007211	0.0335614139	0.3253464724	0.5547083872
0	0.0395685872	0.4155628026	0.1115931354	0.2752731981	0.1580022767
0	0.0143986227	0.0632761887	0.0492818876	0.8729528138	0.0000904872
0	0.1605088853	0.0008570262	0.8095307474	0.0000000000	0.0291033411
0	0.0389550023	0.0055369611	0.0121694369	0.6747065639	0.2686320358
0	0.1820134401	0.0617971484	0.2571774524	0.4400559363	0.0589560227
0	0.0008009984	0.0000048373	0.8440588225	0.1369810678	0.0181542740
0	0.0621843851	0.0000150785	0.7881793936	0.0122421378	0.1373790050
0	0.3523518932	0.0621714684	0.2445466905	0.0177968989	0.3231330491
0	0.3170557957	0.0008342187	0.0455751672	0.6364912042	0.0000436143
0	0.0000000000	0.0001208331	0.5289081697	0.2616235072	0.2093474900
0	0.0451017912	0.0745155899	0.1630889743	0.6483157823	0.0689778623
0	0.8039480465	0.0263613986	0.0002067111	0.0000000000	0.1694838439
0	0.2636668787	0.5833053380	0.0008961781	0.0012645037	0.1508671016
0	0.0327521670	0.0372055698	0.0012200947	0.4154413368	0.5133808317
0	0.0000028499	0.1836366237	0.7325944882	0.0837659460	0.0000000922
0	0.0025775251	0.0000006420	0.6290959379	0.0000000513	0.3683258437
0	0.0269108022	0.0085687181	0.6011174181	0.1620835589	0.2013195026
0	0.5073961077	0.0811846998	0.0153828547	0.0002156734	0.3958206644
0	0.0000000000	0.0539239535	0.0332474765	0.4746799582	0.4381486119
0	0.0734462656	0.0593540781	0.5552715847	0.2675459708	0.0443821006
0	0.1437218700	0.0181516462	0.3979638044	0.1873401281	0.2528225512
0	0.4571842510	0.1851244671	0.0610559246	0.2965205986	0.0001147587
0	0.0000000000	0.0301521260	0.0111802158	0.0002640242	0.9584036341
0	0.0002659684	0.1117258899	0.4520578941	0.4121477118	0.0238025358
0	0.0657593777	0.3258284946	0.0035369054	0.1819370679	0.4229381543
0	0.0405365027	0.0000028788	0.0070103347	0.5998205386	0.3526297452
0	0.0000899663	0.0000034804	0.7119709076	0.1928429350	0.0950927108
0	0.0783167152	0.0950452280	0.4789050126	0.0005551401	0.3471779041
0	0.2030224600	0.0000010217	0.0548793374	0.7328194187	0.0092777622
0	0.2282595996	0.0212152496	0.4489912010	0.0990291571	0.2025047927
0	0.0000000000	0.0000043285	0.7128118400	0.0174198057	0.2697640259
0	0.0038206078	0.3744458784	0.2678627592	0.0362785941	0.3175921605
0	0.0000000000	0.0000000000	0.3113549289	0.6882951716	0.0003498995
0	0.0380845975	0.0000329473	0.1120883150	0.0542667217	0.7955274186
0	0.4049158020	0.0000000002	0.1005806295	0.0415647109	0.4529388573
0	0.0476687259	0.0040701389	0.9248308762	0.0232921835	0.0001380754
0	0.0043058930	0.0119417558	0.0609178637	0.9222617938	0.0005726938
0	0.6388816466	0.0000436706	0.2668041383	0.0794796491	0.0147908954
0	0.0057076644	0.0028568828	0.0649888681	0.0000723510	0.9263742337
0	0.0170174381	0.0097429294	0.1452281395	0.5775846362	0.2504268568
0	0.0154524626	0.0784275128	0.0728284327	0.6440521439	0.1892394480
0	0.0278213147	0.0954711769	0.0045687056	0.1765070723	0.6956317304
0	0.0000000004	0.0000008963	0.4080324748	0.2445622762	0.3474043524
0	0.0008311100	0.0107192452	0.4209609459	0.2785297603	0.2889589387
0	0.0864823027	0.0255268388	0.2234710777	0.6635317683	0.0009880125
1	0.1218659541	0.0208937996	0.1251229943	0.3046066219	0.4275106301
0	0.0553762843	0.0000000000	0.7352078350	0.0052597100	0.2041561707
0	0.0385630934	0.0020818071	0.7485986135	0.2099313508	0.0008251352
0	0.0081322764	0.0865413646	0.0168456651	0.7902436615	0.0982370324
0	0.1453946206	0.0024555698	0.2992954649	0.2688456871	0.2840086576
