0	0.0000000523	0.8014008320	0.0010624249	0.1974992660	0.0000374247
0	0.0000010902	0.1087156528	0.0000000000	0.0425323864	0.8487508705
0	0.0002301819	0.0936435797	0.1835130055	0.0334412255	0.6891720075
0	0.0013537173	0.4135264821	0.0056077352	0.0000000000	0.5795120653
0	0.0041983585	0.0862508829	0.0462284217	0.0065162084	0.8568061285
0	0.0126235085	0.0262898454	0.3077094964	0.1930392119	0.4603379378
0	0.0030767141	0.0146959499	0.0058709221	0.7444092836	0.2319471302
0	0.0012531654	0.0067908640	0.0000000000	0.0001928708	0.9917630998
0	0.0002225493	0.0211290028	0.0021957907	0.2037692957	0.7726833615
0	0.8743178862	0.0586436824	0.0000000058	0.0382229184	0.0288155072
0	0.0838121152	0.3904307868	0.3709948652	0.0548197915	0.0999424413
0	0.0992627110	0.4229005937	0.0145386754	0.0049150204	0.4583829995
0	0.1121287317	0.0009789494	0.0000003517	0.0040210137	0.8828709534
0	0.1860647848	0.1649119806	0.0008618294	0.0266428407	0.6215185646
0	0.0652496942	0.8566673777	0.0000000000	0.0780813791	0.0000015489
0	0.1138389012	0.3655986288	0.0000419016	0.0824259480	0.4380946204
0	0.0317816813	0.7890082722	0.0760073567	0.0003030884	0.1028996014
0	0.0327437343	0.4435094784	0.2567567001	0.1360359383	0.1309541490
1	0.0113889715	0.3442056490	0.0827306025	0.5448696355	0.0168051415
0	0.0443515657	0.7127433109	0.0000000360	0.2414120571	0.0014930304
1	0.3250217383	0.1664503458	0.4070299602	0.0948462580	0.0066516976
0	0.3794134363	0.0020464502	0.5033819128	0.0807748013	0.0343833994
0	0.1738457258	0.5499366246	0.0154708882	0.0548356428	0.2059111186
0	0.0000000001	0.0018660015	0.0664748216	0.1236421898	0.8080169870
0	0.0081034264	0.2671328082	0.0000008318	0.0091686901	0.7155942434
0	0.5313901917	0.0000000000	0.0024172530	0.2337004155	0.2324921397
0	0.1321537689	0.0813690485	0.0705570255	0.0109296156	0.7049905415
0	0.0004767993	0.6259985579	0.0948050987	0.0500731520	0.2286463920
1	0.2140978947	0.2419938700	0.0023689620	0.0000000009	0.5415392725
0	0.1264002869	0.2543010751	0.3675925620	0.0037673296	0.2479387465
0	0.0049052548	0.1682620082	0.0019780945	0.0714036526	0.7534509899
0	0.0061925128	0.3255104201	0.5044835534	0.0000000036	0.1638135102
0	0.0000229750	0.0000000000	0.1758630905	0.0000022462	0.8241116883
0	0.0331436110	0.0598058860	0.0008456503	0.0468458309	0.8593590219
0	0.0000000000	0.4497891268	0.5084627628	0.0000141601	0.0417339504
0	0.0000233029	0.0662871031	0.0007384176	0.0000908183	0.9328603580
0	0.0045496446	0.0153251206	0.0000069727	0.0324844315	0.9476338305
1	0.0000000000	0.0337996688	0.0207250618	0.6562667173	0.2892085521
0	0.0332577273	0.0000110003	0.0000000000	0.0006685835	0.9660626889
0	0.0000000045	0.3263784119	0.5222581470	0.0174081277	0.1339553089
0	0.0382438424	0.0244249561	0.0069542390	0.0008176154	0.9295593471
0	0.2576326065	0.0001765630	0.0161714465	0.0042037847	0.7218155993
1	0.0018658788	0.0000233090	0.1298020405	0.0168274224	0.8514813493
0	0.0020241065	0.5242698922	0.3712527716	0.0042830116	0.0981702181
0	0.1705997682	0.1944119421	0.0000000000	0.5730048001	0.0619834897
0	0.0838585905	0.2708484436	0.0000000162	0.5316017163	0.1136912335
2	0.0000703262	0.0585107604	0.0134325577	0.0055211305	0.9224652251
0	0.0320804285	0.1347226073	0.0132724022	0.0436812679	0.7762432940
0	0.0182894523	0.8898485447	0.0000907139	0.0795217922	0.0122494969
0	0.0019732419	0.0672703893	0.0000000455	0.2226126114	0.7081437119
1	0.0587071518	0.0345594440	0.7304010227	0.0411519505	0.1351804309
0	0.0546938201	0.7622867562	0.0434024311	0.1395946997	0.0000222929
0	0.0208219148	0.0655049380	0.0006038184	0.4628506890	0.4502186398
0	0.0000000646	0.0106384288	0.0000000897	0.0000000100	0.9893614069
0	0.0025689100	0.0710869698	0.0080147281	0.0000125493	0.9183168429
0	0.1409911735	0.6026049196	0.0126854215	0.0000162266	0.2437022587
0	0.0102162807	0.5253178433	0.0826291686	0.0196820638	0.3621546437
0	0.0000000000	0.3157643466	0.5407660380	0.0007044709	0.1427651446
0	0.0022852112	0.0000004742	0.0000210609	0.0624841565	0.9352090974
1	0.4163430486	0.1677307517	0.0354241454	0.3106468548	0.0698551995
0	0.2667109807	0.6417134182	0.0001232562	0.0403162609	0.0511360840
0	0.0000031417	0.0136853391	0.1150731675	0.2508180096	0.6204203421
0	0.0041719347	0.3941258956	0.3442655679	0.2422608443	0.0151757576
0	0.0269697311	0.6046847336	0.0000000000	0.0002685343	0.3680770010
0	0.0170080812	0.0591717038	0.7899634682	0.1086644281	0.0251923188
0	0.0649573009	0.4527916956	0.0021182853	0.0000172099	0.4801155083
0	0.0034049607	0.3267985528	0.3306291362	0.0000000652	0.3391672851
0	0.0000000000	0.7895017632	0.0041838983	0.0137475941	0.1925667443
0	0.3156384421	0.0000000004	0.0000000000	0.0005138907	0.6838476667
0	0.0000000105	0.1333471638	0.0006253899	0.1198923817	0.7461350541
0	0.1729686319	0.0483862010	0.3613953392	0.4097618582	0.0074879697
0	0.1263597747	0.7723402012	0.0710534782	0.0152041451	0.0150424009
0	0.0002062170	0.4968354547	0.0984020266	0.0178703068	0.3866859950
0	0.6652786080	0.1279091967	0.1806119613	0.0000208691	0.0261793648
0	0.0000023307	0.1700647060	0.1380230297	0.6787031151	0.0132068184
0	0.0001805566	0.0272712081	0.0000000000	0.3031420269	0.6694062083
1	0.0016439189	0.1537080678	0.2707790125	0.0487380537	0.5251309471
0	0.1230572022	0.0604498799	0.0002035325	0.1022445237	0.7140448617
0	0.0460533941	0.0144983493	0.0033369127	0.0175484984	0.9185628455
0	0.0110858831	0.4681352371	0.0000000000	0.2936241318	0.2271547481
0	0.1175162826	0.0368833203	0.6601872755	0.0077753794	0.1776377423
0	0.0000000000	0.1245652386	0.1181106220	0.6204181403	0.1369059990
0	0.0001559717	0.0000824962	0.0000000000	0.0186832645	0.9810782677
1	0.0000267074	0.7907860942	0.1272446503	0.0000003293	0.0819422188
0	0.0449454750	0.2027998011	0.0027433736	0.2544923772	0.4950189731
0	0.6045795762	0.3714048380	0.0002217766	0.0000000000	0.0237938091
0	0.2182267120	0.0000099429	0.0002375786	0.5046316745	0.2768940920
0	0.2697989081	0.1658606382	0.0184821314	0.0002019305	0.5456563918
0	0.0000345570	0.0879748426	0.0018675075	0.0000000000	0.9101230929
1	0.0803338528	0.0384118224	0.2782562127	0.0278349599	0.5751631522
0	0.3018033866	0.4313936200	0.0004272167	0.0020569154	0.2643188613
0	0.0477082408	0.6686638340	0.1473476020	0.0001021262	0.1361781969
0	0.0002504925	0.0021831545	0.9663909159	0.0000000000	0.0311754372
0	0.0000000092	0.0112305492	0.0512033528	0.0226128220	0.9149532668
0	0.0000000000	0.0668047245	0.0003592427	0.7385778451	0.1942581877
0	0.0173516405	0.1786916273	0.0000000007	0.1841450675	0.6198116640
0	0.0231531915	0.7890739259	0.0001033639	0.0000000000	0.1876695187
0	0.0000000000	0.2478941464	0.6616934961	0.0000000895	0.0904122680
0	0.0467303991	0.0000001329	0.0041081000	0.0040499062	0.9451114619
0	0.0000736248	0.0246667453	0.0000039041	0.2803461043	0.6949096216
