0	0.1943106911	0.1273297111	0.0000000000	0.1649021392	0.5134574587
0	0.0811429186	0.1142310566	0.4705209635	0.3340354791	0.0000695822
0	0.0000000000	0.1029669792	0.5383793719	0.2950679638	0.0635856850
0	0.0053779569	0.0000312753	0.0642214240	0.0035644228	0.9268049210
0	0.0020338078	0.5888415522	0.1717680397	0.0000000000	0.2373566003
0	0.0981352998	0.0000002230	0.1409245064	0.5321212187	0.2288187522
0	0.0443526129	0.3399147286	0.0101632846	0.3470841170	0.2584852569
0	0.3861267892	0.0079665338	0.0008092778	0.2608167900	0.3442806091
0	0.0033602780	0.0163974250	0.7567227682	0.2235195205	0.0000000083
0	0.0594460535	0.0001963837	0.0215852802	0.9185563958	0.0002158868
0	0.2378303466	0.0021281516	0.2352825387	0.5247589631	0.0000000000
0	0.0335973930	0.1882727883	0.1084556357	0.5087830739	0.1608911091
0	0.1055394132	0.0040521062	0.1649275914	0.2382933216	0.4871875677
0	0.2045121172	0.0487257093	0.1677644412	0.5143186903	0.0646790420
0	0.2308621019	0.0000000006	0.5897872502	0.0206292993	0.1587213479
0	0.0000535201	0.1162344836	0.6513855501	0.0000011203	0.2323253258
0	0.0001740860	0.2286904761	0.0166849500	0.0119647842	0.7424857037
0	0.0088229319	0.0153530628	0.0091030101	0.0000000000	0.9667209952
0	0.0000000000	0.0059120205	0.3221328593	0.5788843989	0.0930707212
1	0.0026064848	0.0191253858	0.6142185059	0.2036012759	0.1604483476
0	0.1214177793	0.0000195171	0.6350012502	0.0731455925	0.1704158609
0	0.0755155840	0.2647885624	0.2191119393	0.4388083791	0.0017755351
0	0.0122293226	0.0000520775	0.0911270783	0.0366291285	0.8599623932
0	0.5923987280	0.2315942975	0.1360880705	0.0052162805	0.0347026235
0	0.0876577020	0.0059576798	0.0479448506	0.8525664607	0.0058733069
0	0.0000000000	0.0000371882	0.2437130334	0.7366651456	0.0195846328
0	0.0292176869	0.0000000020	0.3412454102	0.6030270293	0.0265098715
0	0.0409391606	0.0656896526	0.1247066393	0.0377222634	0.7309422841
0	0.0012333744	0.4014389867	0.5408981850	0.0495668681	0.0068625857
0	0.0000025296	0.0000000000	0.6778392626	0.0024243225	0.3197338853
0	0.0029881383	0.0627770154	0.6247383879	0.2946507255	0.0148457329
0	0.0078469631	0.0259614581	0.0243695388	0.7093634516	0.2324585885
0	0.1547045437	0.0193286599	0.0754682350	0.2135785821	0.5369199794
0	0.1214922822	0.0000004869	0.2170276989	0.6231490409	0.0383304910
0	0.0002008631	0.5775523147	0.3411979720	0.0050739321	0.0759749181
0	0.0436477262	0.0035130527	0.5104900457	0.0311826885	0.4111664868
1	0.1422011423	0.0003429829	0.2523362237	0.2352135565	0.3699060946
0	0.5497308837	0.0000000000	0.0023897029	0.2342771755	0.2136022379
0	0.0056885940	0.5293552592	0.0966237395	0.3135816581	0.0547507492
0	0.0010851913	0.0204991175	0.0004408032	0.9278246186	0.0501502694
1	0.0000000125	0.0499142101	0.8182503538	0.1057205927	0.0261148309
0	0.2480818979	0.3241215490	0.2061157364	0.0064101057	0.2152707111
0	0.3993950041	0.0000126469	0.0283534539	0.2526462131	0.3195926821
0	0.0000000000	0.0000869460	0.3151506500	0.6735196366	0.0112427673
0	0.1707487041	0.0340619211	0.0008036300	0.1321568482	0.6622288965
0	0.0027617518	0.0457931124	0.0797487222	0.6002860696	0.2714103440
0	0.4727222880	0.1219538999	0.0047989104	0.0495030329	0.3510218688
0	0.0702524279	0.1163144206	0.1038993689	0.4110338920	0.2984998906
2	0.4722251335	0.0942327875	0.0000002295	0.0030922564	0.4304495931
0	0.0000112966	0.0483037889	0.1355936567	0.1370074784	0.6790837794
0	0.2413930853	0.0000000013	0.0890087947	0.3089174211	0.3606806976
0	0.4831568708	0.0000028139	0.0439761579	0.3660478715	0.1068162859
0	0.0081501470	0.0022629222	0.3130746077	0.6283251910	0.0481871321
0	0.7487528383	0.0507715156	0.0156329876	0.0839765253	0.1008661332
1	0.0055700118	0.5910530888	0.2601170632	0.0000000004	0.1432598358
1	0.1293314153	0.0000000029	0.7759634690	0.0669480281	0.0277570846
0	0.0000265505	0.0000000000	0.0501927805	0.1729022432	0.7768784258
0	0.0000039735	0.0092337141	0.4673537069	0.5170500762	0.0063585293
0	0.5729355936	0.0000000010	0.0097897544	0.1168652051	0.3004094460
0	0.0000006263	0.0533116889	0.0248392152	0.8503966119	0.0714518577
1	0.1862458262	0.2898833203	0.2294889191	0.2362102797	0.0581716546
0	0.0332011197	0.0627985441	0.4453105157	0.2522243031	0.2064655174
0	0.0000342900	0.1220422997	0.6756009724	0.1859917856	0.0163306524
0	0.0000006857	0.0092854185	0.0553417886	0.9268819311	0.0084901761
0	0.0001181607	0.0109739395	0.8413833116	0.0021339256	0.1453906625
0	0.0412198377	0.0008680976	0.0902619783	0.1479202041	0.7197298823
0	0.0000000000	0.0000753850	0.7392621962	0.2348469837	0.0258154351
0	0.0007118264	0.0077031894	0.3252131397	0.3195366623	0.3468351823
0	0.0000000001	0.0008183503	0.0012982690	0.1683388254	0.8295445552
0	0.0040612718	0.0000000000	0.2120028823	0.7724238852	0.0115119607
0	0.0295881489	0.0064180634	0.4478167660	0.4250152540	0.0911617678
0	0.0263913918	0.0722835540	0.8240057936	0.0280995344	0.0492197262
0	0.1791664168	0.0019624172	0.0465428825	0.6071206856	0.1652075979
0	0.0002253328	0.0505669432	0.0331043906	0.0370721166	0.8790312168
0	0.5354550127	0.0000947022	0.0000139692	0.0000000556	0.4644362602
0	0.0011794846	0.0007388529	0.1977800305	0.1165721694	0.6837294626
0	0.3621108319	0.0505419730	0.5865811702	0.0003663765	0.0003996484
0	0.2419268236	0.0042973167	0.0008120560	0.4549762395	0.2979875642
0	0.7024770381	0.0662692290	0.0370862087	0.0524350400	0.1417324841
0	0.0000469632	0.0252140132	0.9163774247	0.0360942728	0.0222673261
0	0.1547363975	0.0000578957	0.1173148818	0.2888281326	0.4390626924
0	0.0370752925	0.3125648396	0.1922459388	0.1859173068	0.2721966223
0	0.0000959968	0.8299859211	0.1124906599	0.0017237829	0.0557036392
0	0.0000395093	0.0008695059	0.4051551477	0.1827589017	0.4111769355
0	0.0000602225	0.0134101719	0.3171775369	0.2287327391	0.4406193296
0	0.0001174987	0.0441945122	0.4033354876	0.0331867129	0.5191657886
1	0.0003455259	0.1132888480	0.1788042301	0.2275210651	0.4800403308
0	0.0000077693	0.0000000000	0.0074584674	0.0301014145	0.9624323488
0	0.1007924859	0.2669377679	0.5436447600	0.0358224774	0.0528025088
0	0.1015736833	0.0360215218	0.6997470053	0.1617891217	0.0008686679
0	0.2032734311	0.0000009441	0.3591971184	0.4144518425	0.0230766639
0	0.0619680464	0.0012973189	0.8889163356	0.0028287103	0.0449895887
0	0.0000000059	0.0155928721	0.6599367252	0.2619007518	0.0625696450
0	0.0002956763	0.0062803202	0.0013229174	0.9105860085	0.0815150776
0	0.1946763852	0.0373914183	0.3667093915	0.3043234143	0.0968993907
0	0.0619528503	0.0000000002	0.2459404487	0.0029094078	0.6891972930
0	0.5967228872	0.0076073357	0.0836884257	0.1080193521	0.2039619993
0	0.3264616889	0.0011385562	0.1069828530	0.4841613819	0.0812555200
0	0.0307617109	0.1623866892	0.0304678635	0.0008870764	0.7754966599
0	0.3782293203	0.0000000000	0.2391005935	0.1141334979	0.2685365883
