0	0.0239763381	0.0029924079	0.7549532947	0.1114864304	0.1065915289
0	0.6524642064	0.0381512642	0.1517409710	0.0337841436	0.1238594148
0	0.0147517637	0.0829232712	0.0040323627	0.8884354828	0.0098571196
0	0.9430438020	0.0000020245	0.0056156166	0.0038953834	0.0474431735
0	0.1626022822	0.5908607259	0.1173490377	0.0301630906	0.0990248636
0	0.0000000000	0.0868555125	0.8262041060	0.0852487179	0.0016916636
1	0.1837165916	0.0015853221	0.2171742077	0.4799721213	0.1175517572
0	0.0000001216	0.0000000060	0.1825063690	0.0007976554	0.8166958480
0	0.0572849215	0.0000603005	0.0019652631	0.7868378376	0.1538516773
0	0.0158367812	0.0540594863	0.3566636927	0.2289806100	0.3444594298
0	0.5020576672	0.0006665259	0.3985755442	0.0000000000	0.0987002627
1	0.0598862577	0.0469545868	0.0043669993	0.8878501224	0.0009420338
0	0.0000393157	0.0168122782	0.2797609632	0.0144148875	0.6889725554
0	0.7011232357	0.0070689902	0.1172715316	0.0394314740	0.1351047684
0	0.0293812897	0.0000000142	0.9042397046	0.0654554924	0.0009234992
0	0.7018770164	0.0435031936	0.0353284778	0.1653762631	0.0539150491
0	0.0000833283	0.0000000001	0.1019042561	0.1065221957	0.7914902198
0	0.0868667747	0.0000061956	0.0417632655	0.3890503821	0.4823133822
0	0.0000000001	0.1530524181	0.8408810886	0.0047850320	0.0012814612
1	0.0422708083	0.0090980246	0.6303455035	0.3180763594	0.0002093042
0	0.0007315767	0.0000000092	0.0228111600	0.0006054718	0.9758517822
0	0.1038502852	0.0001289874	0.1412803576	0.1889128473	0.5658275224
0	0.6407101749	0.0829375339	0.1631488299	0.0017553064	0.1114481550
0	0.0000000000	0.0783810356	0.5934493047	0.2994369338	0.0287327259
1	0.0418999217	0.0652815358	0.1089843968	0.7824202208	0.0014139248
0	0.6667644187	0.0050560656	0.0373752156	0.0123431113	0.2784611888
0	0.0000005014	0.0000000036	0.5711009680	0.2041715118	0.2247270152
0	0.5078242530	0.1824664689	0.1645382534	0.0438506161	0.1013204086
0	0.0000005257	0.4565205941	0.4309273816	0.0367308735	0.0758206250
0	0.0006015664	0.1707806858	0.7165987372	0.0907963065	0.0212227042
0	0.0195049446	0.0161696753	0.0474320852	0.6382834587	0.2786098362
0	0.1421237232	0.0006023160	0.3335029217	0.5230775308	0.0006935082
0	0.8140210317	0.0000020915	0.0055817768	0.1709776685	0.0094174316
0	0.2334763136	0.0529452706	0.0071961331	0.1550160426	0.5513662402
1	0.0082630716	0.1934649906	0.2208564540	0.2667136624	0.3107018214
0	0.0575535885	0.2469873332	0.1883160801	0.3390727580	0.1680702401
0	0.0017655080	0.1785064738	0.0083637374	0.3475046372	0.4638596437
0	0.4403216456	0.0091702021	0.0584933044	0.0103507208	0.4816641271
0	0.0020528688	0.0000000000	0.0969703269	0.0539696485	0.8470071558
0	0.0324528806	0.0762774668	0.1427759934	0.0515164982	0.6969771610
0	0.9346473687	0.0012935433	0.0603930655	0.0036656228	0.0000003996
0	0.0231021227	0.0647206632	0.6663455154	0.2354448206	0.0103868781
0	0.0007619981	0.0942106790	0.1906214740	0.4514525051	0.2629533438
0	0.0123496988	0.0000250388	0.0006460714	0.0653909991	0.9215881918
0	0.0069539830	0.0315406486	0.0043313479	0.4864381128	0.4707359077
0	0.0494809356	0.0252495304	0.0175220628	0.0121836540	0.8955638171
0	0.0971236277	0.0000064148	0.6968197525	0.0000000000	0.2060502051
0	0.0513022462	0.0193520497	0.6017592882	0.2390015222	0.0885848938
0	0.0173238450	0.0024877726	0.0762005851	0.3478342376	0.5561535597
0	0.0130182454	0.2012785859	0.2892908082	0.4933476688	0.0030646917
0	0.0260525695	0.0000339836	0.0633798226	0.0608911281	0.8496424962
1	0.3378178378	0.0000528422	0.2480649856	0.4140381416	0.0000261927
0	0.0258978984	0.0146886042	0.4589529070	0.4536830568	0.0467775336
0	0.0000000000	0.0000259002	0.8471377927	0.0794933183	0.0733429888
0	0.0249144873	0.0308493000	0.0061703461	0.9380640516	0.0000018150
0	0.3260585559	0.0011451708	0.4998048138	0.1726947737	0.0002966858
0	0.2580025454	0.0000000000	0.0165285592	0.4786214451	0.2468474503
0	0.0027669242	0.0441075468	0.0178093825	0.9353153364	0.0000008101
0	0.0000077200	0.0306187414	0.9588729993	0.0002676335	0.0102329058
0	0.0000000000	0.0000001745	0.9521029134	0.0471498110	0.0007471011
0	0.0000000000	0.2139439470	0.3147845347	0.3557101784	0.1155613399
0	0.2556517698	0.0903120947	0.0243795868	0.5889373272	0.0407192215
0	0.0006414630	0.0046390767	0.0615871397	0.6737250777	0.2594072429
0	0.1318046844	0.0842007461	0.0373974685	0.6422377181	0.1043593829
0	0.0263516440	0.3221343266	0.6292353155	0.0222613680	0.0000173460
0	0.6433216011	0.2743051274	0.0001217388	0.0000000000	0.0822515327
0	0.1980866070	0.0118894874	0.1239126525	0.3555775045	0.3105337486
0	0.0001144389	0.0642161705	0.0776868080	0.6964090299	0.1615735528
0	0.3106437693	0.0000000000	0.1186243069	0.0991051049	0.4716268189
0	0.0002227099	0.0000140718	0.6541575840	0.1747946591	0.1708109752
0	0.5539938523	0.0113855024	0.2056790115	0.2285881031	0.0003535306
0	0.0000423091	0.0000000068	0.0748689569	0.0198721023	0.9052166249
0	0.0586371967	0.0107466077	0.2919738664	0.1158900452	0.5227522840
0	0.5728851646	0.0000000043	0.0020881647	0.4143900919	0.0106365744
0	0.0441979330	0.0004188106	0.7614570100	0.0147941107	0.1791321357
0	0.0331042125	0.1166580833	0.5307759131	0.2043667195	0.1150950716
0	0.0244689616	0.0000111938	0.0358546592	0.9396650684	0.0000001170
0	0.0052998869	0.0078738271	0.9790538600	0.0040733413	0.0036990848
0	0.0023893661	0.0000001885	0.2465507833	0.5802763338	0.1707833283
0	0.0066308536	0.0001453153	0.0219174828	0.1728224012	0.7984839471
0	0.4662435583	0.0002098244	0.2125106132	0.3200784730	0.0009575312
0	0.0682703327	0.0354461320	0.2287518092	0.0105675797	0.6569641463
0	0.0709942242	0.0000039828	0.2431421404	0.2726810738	0.4131785788
1	0.2696590880	0.2851594707	0.0000000270	0.0871294280	0.3580519864
0	0.1500025921	0.1372502366	0.4248446034	0.0269478154	0.2609547527
1	0.3069074649	0.0474651437	0.1101387409	0.3647919561	0.1706966944
0	0.5244390599	0.0002885680	0.3906592394	0.0437343059	0.0408788267
0	0.6116027102	0.0000000000	0.0677431902	0.0010202313	0.3196338683
0	0.0082064107	0.0234753177	0.3036634112	0.0643315268	0.6003233336
0	0.3862556930	0.0001522282	0.0000001861	0.0105527618	0.6030391308
0	0.9045034821	0.0216162718	0.0142242208	0.0511335707	0.0085224546
2	0.2766742218	0.6058284157	0.0203195919	0.0492201401	0.0479576305
1	0.1657399197	0.1840026506	0.0233090515	0.6269437160	0.0000046622
0	0.0000569352	0.0124425195	0.3109468124	0.3500674042	0.3264863287
0	0.0066118132	0.0000000084	0.1920555744	0.6666191298	0.1347134742
0	0.0000113115	0.0467238082	0.0530114190	0.2379082660	0.6623451953
1	0.1324617724	0.0527501285	0.0971075635	0.5636350534	0.1540454822
0	0.1491671440	0.2922853705	0.0002111941	0.2344194535	0.3239168379
0	0.1954065254	0.0330893556	0.0583087152	0.0853231159	0.6278722879
0	0.0026891627	0.0140525502	0.5857720585	0.3489642290	0.0485219997
