0	0.0564047054	0.0799734020	0.0030791279	0.8457931887	0.0147495760
0	0.1893463686	0.1831662113	0.2842999414	0.3431874787	0.0000000000
1	0.0000001753	0.5264951296	0.4404579474	0.0329763630	0.0000703848
0	0.3056443331	0.2589468065	0.0000000062	0.1835648855	0.2518439687
0	0.0288699095	0.0003306970	0.3590204957	0.2001592263	0.4116196715
0	0.0053040102	0.0654179299	0.0026374130	0.1475502058	0.7790904411
0	0.4491662386	0.0000161929	0.3882225101	0.0350774068	0.1275176516
0	0.1994398423	0.0000262054	0.7035989352	0.0055582038	0.0913768134
0	0.0620076399	0.0087741425	0.1218758530	0.8034290342	0.0039133304
0	0.0351685178	0.6532558312	0.0701577067	0.1039920546	0.1374258897
1	0.5710997212	0.3333037206	0.0701259779	0.0131528945	0.0123176858
1	0.0648025986	0.0000539943	0.4491535913	0.4317738556	0.0542159601
0	0.0011614781	0.0010567590	0.1224593266	0.0026873314	0.8726351048
0	0.0001344002	0.0015408947	0.3449748764	0.0490089684	0.6043408603
1	0.5633730706	0.0000766452	0.2958627114	0.0403217208	0.1003658520
0	0.0177949159	0.8088780569	0.0000000000	0.1732147537	0.0001122735
0	0.0297769093	0.0027384310	0.0012851432	0.8677399590	0.0984595575
1	0.0404012407	0.0239821072	0.8371800180	0.0906141760	0.0078224582
0	0.0000014645	0.0199257345	0.0205065763	0.0144368978	0.9451293268
0	0.0000195782	0.0030198080	0.1687017008	0.5177420605	0.3105168525
0	0.0000114084	0.2086600702	0.0000036410	0.7911531125	0.0001717679
0	0.6770906473	0.0208272680	0.0040781724	0.2978990317	0.0001048806
0	0.0003502125	0.0006718865	0.3705435202	0.6284250581	0.0000093227
0	0.2882236074	0.1678374684	0.0097966036	0.5031732908	0.0309690299
0	0.1470765369	0.0525595523	0.3623767574	0.0960002791	0.3419868743
1	0.0285026644	0.0008691722	0.0036919777	0.0070359267	0.9599002590
0	0.0000000000	0.0161177886	0.1715340526	0.6073404707	0.2050076881
0	0.1730285705	0.0000232346	0.8022919158	0.0242479901	0.0004082890
1	0.0006147426	0.0556386677	0.6163009068	0.2941457166	0.0332999663
1	0.0372821585	0.0006272018	0.6084750739	0.2804254774	0.0731900884
0	0.3743278207	0.0000044338	0.4705399726	0.0587901150	0.0963376579
0	0.6384137959	0.2617634574	0.0458294207	0.0370660944	0.0169272317
0	0.0008873641	0.0830560740	0.5109669588	0.0533895338	0.3517000692
0	0.4523685349	0.0032681530	0.3953550900	0.1160638508	0.0329443714
0	0.0636939718	0.0357825778	0.7438815373	0.1524322478	0.0042096653
0	0.1838730435	0.1223552635	0.4384352225	0.2212746083	0.0340618622
0	0.1244652602	0.0077592771	0.8628151424	0.0045638327	0.0003964876
0	0.0310977597	0.0160479590	0.1864593516	0.1825882421	0.5838066875
0	0.3256102607	0.0472971545	0.0005145527	0.5553282220	0.0712498102
0	0.4770141739	0.0008400573	0.2109108966	0.2846492827	0.0265855895
0	0.1166785560	0.1903525522	0.1011145288	0.5896633619	0.0021910011
0	0.0000000000	0.0010107008	0.1453329700	0.8033157794	0.0503405498
0	0.0191383299	0.0275388709	0.0433694360	0.6081362756	0.3018170876
0	0.0000793962	0.0023013748	0.0754731366	0.7910324204	0.1311136720
1	0.0930068777	0.1765541328	0.6390362863	0.0898881685	0.0015145347
0	0.3366884819	0.0000000000	0.0430839503	0.1202507229	0.4999768449
2	0.1048350802	0.0122833006	0.6012005822	0.2784378350	0.0032432020
0	0.0037338898	0.0358447651	0.6452329684	0.1530033044	0.1621850724
0	0.1021710661	0.4887724780	0.0393728177	0.3639026958	0.0057809424
0	0.0000000000	0.0115764254	0.4592176368	0.0092547892	0.5199511486
0	0.0042877644	0.0003572142	0.8861655734	0.0651794435	0.0440100046
0	0.2234783819	0.0040526517	0.0174363417	0.0735702913	0.6814623334
0	0.3206920731	0.0000169179	0.0525245858	0.3958821310	0.2308842922
0	0.4558228821	0.1068068616	0.0973568201	0.3378149231	0.0021985131
0	0.0000000240	0.2510848771	0.0162488551	0.7224718735	0.0101943703
0	0.0002314779	0.0089533393	0.6419829394	0.3311256994	0.0177065441
0	0.0000000311	0.0362001793	0.1826951550	0.7786603371	0.0024442975
0	0.1382968037	0.1314962327	0.1499905611	0.4498039464	0.1304124562
0	0.0121837363	0.0069648223	0.4733745752	0.0003693060	0.5071075602
0	0.0000002731	0.1830642235	0.0086449355	0.7492731454	0.0590174225
0	0.0117372696	0.0000001990	0.0548546159	0.6464255420	0.2869823734
0	0.8037146443	0.0001969973	0.0103248604	0.1857634979	0.0000000000
0	0.0831985801	0.0345297733	0.0209405406	0.7763081573	0.0850229486
0	0.0143338709	0.0305659618	0.0594458932	0.1099669567	0.7856873173
0	0.5703510384	0.0016140609	0.1208361580	0.1761687819	0.1310299609
0	0.0000000000	0.0000000000	0.4313655437	0.4392689538	0.1293655025
0	0.0000000672	0.0128474200	0.4298526396	0.3121910629	0.2451088103
1	0.0304216891	0.0018993962	0.0680273472	0.7715735490	0.1280780185
0	0.0247340461	0.0918431481	0.4307818454	0.0000000000	0.4526409604
0	0.7182233423	0.0002771177	0.2231898979	0.0566404810	0.0016691611
0	0.0070192563	0.0000000000	0.7591566993	0.0222884560	0.2115355884
0	0.1171325918	0.0125118991	0.1708525699	0.6422201788	0.0572827604
0	0.6111972366	0.2931612225	0.0243846950	0.0000084610	0.0712483848
0	0.0045311408	0.0000861388	0.0214064145	0.0028339255	0.9711423804
0	0.0315624718	0.1628509230	0.2381678280	0.4492405184	0.1181782589
0	0.2459311406	0.3835380816	0.0688578237	0.1504678281	0.1512051259
0	0.0001143191	0.0754877499	0.5426251352	0.0937930337	0.2879797621
0	0.5268691438	0.0001299374	0.3979177827	0.0196542992	0.0554288368
0	0.0284625639	0.0035117812	0.0174184868	0.0000200385	0.9505871296
0	0.2755861885	0.0202768454	0.0000000000	0.1036056570	0.6005313091
0	0.0138391349	0.2827907514	0.0409943761	0.2343855363	0.4279902012
0	0.1479623784	0.2153594479	0.0005425194	0.6309127242	0.0052229301
0	0.2952346651	0.4450559465	0.0033909242	0.0495302336	0.2067882306
0	0.0054174802	0.0064003351	0.6499452866	0.0236541198	0.3145827783
0	0.1662930513	0.2332111383	0.0303564725	0.5701393341	0.0000000038
1	0.1751271373	0.1254815882	0.0106245884	0.3900752129	0.2986914733
0	0.0371957142	0.0000000000	0.8574916694	0.0056514875	0.0996611289
0	0.2139481084	0.0000000015	0.1300894330	0.4112468479	0.2447156093
0	0.1339334936	0.0006828183	0.0166526204	0.1115673779	0.7371636899
0	0.0015953184	0.0022463899	0.5954060892	0.4003602640	0.0003919385
0	0.0000198912	0.0008314963	0.0358811865	0.0061851752	0.9570822508
1	0.0032727486	0.2968543367	0.1897037855	0.5046438537	0.0055252755
1	0.8542847872	0.0000000002	0.0099332815	0.0780195918	0.0577623393
0	0.0035285659	0.1153004041	0.0002683215	0.3401940539	0.5407086545
0	0.4022470799	0.0001120339	0.3727935770	0.2228794961	0.0019678131
0	0.0420338396	0.2773310481	0.0002730157	0.0738865118	0.6064755847
1	0.1619686188	0.1848696181	0.4100658031	0.0139954480	0.2291005119
0	0.8338485906	0.0000000321	0.0016650379	0.0212240987	0.1432622407
0	0.6645163530	0.0886843086	0.1955292898	0.0392812161	0.0119888325
0	0.3704421673	0.3118868735	0.1383773226	0.0003543715	0.1789392651
