0	0.0050737872	0.6207492348	0.0425939056	0.0694454916	0.2621375807
0	0.0428547818	0.1022842847	0.0908898940	0.1645120476	0.5994589919
0	0.0000008694	0.0221226115	0.4885679900	0.1816147068	0.3076938223
0	0.0000000682	0.1221432065	0.0020165406	0.8756135262	0.0002266585
0	0.0704561566	0.4439422568	0.0287703205	0.0933201558	0.3635111103
0	0.0001793675	0.0000616920	0.2065556348	0.7082954765	0.0849078292
0	0.0000000000	0.0000673618	0.2112246204	0.1220633686	0.6666446492
0	0.1030688292	0.0153930175	0.4056220197	0.0924428745	0.3834732591
2	0.0000115304	0.0013042767	0.2241939277	0.1842026971	0.5902875681
0	0.1322338466	0.1097762748	0.4515908977	0.2960797228	0.0103192580
0	0.0026855175	0.0000000000	0.1353374821	0.1576707666	0.7043062338
0	0.0000090329	0.2584434014	0.0483203694	0.0000718422	0.6931553541
1	0.0807401116	0.0000000050	0.0140139140	0.8980683306	0.0071776388
0	0.5854995562	0.1212936416	0.2570507069	0.0241157426	0.0120403528
1	0.8017557909	0.0038608334	0.0506929263	0.0076408952	0.1360495541
0	0.0093878764	0.0886486981	0.0293051336	0.7552730834	0.1173852086
0	0.8451586112	0.0000000000	0.0598207093	0.0000414312	0.0949792484
0	0.0000000003	0.0620899036	0.1798290315	0.6465415194	0.1115395452
0	0.0008675292	0.0000000000	0.7181575564	0.0999801456	0.1809947688
0	0.0260108172	0.5122880860	0.4260081718	0.0294136108	0.0062793142
1	0.4819732543	0.0305752501	0.0107951084	0.0013980351	0.4752583521
0	0.1846990665	0.0016626792	0.0372116791	0.7723107489	0.0041158263
0	0.0141456091	0.0386671717	0.6669888624	0.2212004931	0.0589978636
0	0.0000000000	0.7887903903	0.0695180236	0.0449418226	0.0967497635
0	0.2550933467	0.0423846656	0.1089903211	0.2125122007	0.3810194660
0	0.0252849003	0.1099490623	0.0077300250	0.3111853056	0.5458507067
0	0.0952254099	0.0604509618	0.6567944457	0.0000000033	0.1875291792
0	0.1439241752	0.0002805287	0.2917139351	0.4552939021	0.1087874589
0	0.2029775538	0.0569932870	0.2612664849	0.2437789719	0.2349837024
0	0.0028757525	0.0011051906	0.9385403620	0.0164328852	0.0410458097
1	0.0544472761	0.0000127111	0.9375684533	0.0079214865	0.0000500729
0	0.0423386771	0.0000000194	0.3977249618	0.2584276431	0.3015086985
0	0.0101210862	0.0000000012	0.0251090423	0.0009179973	0.9638518730
1	0.0128566921	0.0000000000	0.0639387547	0.1311441424	0.7920604108
0	0.0002091958	0.1426380629	0.5240841989	0.2051882794	0.1278802630
0	0.0556234146	0.4690457635	0.2722961920	0.0043114408	0.1987231890
0	0.3329910486	0.0888691454	0.0609639616	0.0000384512	0.5171373933
0	0.6965928500	0.0000000000	0.2989631765	0.0043564070	0.0000875664
0	0.0000000000	0.4133993935	0.0083075529	0.2755545002	0.3027385535
0	0.0007455467	0.0000017758	0.8753867001	0.0074854872	0.1163804902
0	0.0003485078	0.0000000186	0.1855924693	0.3095371881	0.5045218162
0	0.7600317432	0.0000808139	0.1955797741	0.0420985951	0.0022090736
0	0.2554012228	0.0001909463	0.6671728279	0.0724102472	0.0048247557
0	0.1935147081	0.0223769483	0.0512544844	0.6935622392	0.0392916201
0	0.5469302189	0.0000000009	0.1038321654	0.0000000001	0.3492376147
0	0.2504389899	0.0006656253	0.5109670081	0.2379283761	0.0000000006
0	0.0009227433	0.0071955505	0.0270254473	0.9342480866	0.0306081722
0	0.0558167833	0.8175978909	0.0067878598	0.0990038786	0.0207935875
0	0.0467330631	0.0000002287	0.0121336731	0.0000000000	0.9411330352
0	0.0696537802	0.9189543634	0.0005495019	0.0000170946	0.0108252600
0	0.0847247010	0.1211328028	0.0060955641	0.6166511035	0.1713958287
0	0.0000000000	0.0007615256	0.9987734815	0.0004319632	0.0000330298
0	0.0973660289	0.2754739292	0.0048066520	0.5992248369	0.0231285530
0	0.2047734115	0.2831556297	0.2355762918	0.2764562655	0.0000384015
0	0.0154718847	0.0002909491	0.4971607504	0.2193386336	0.2677377821
0	0.6592757133	0.0000593290	0.2918406369	0.0223653214	0.0264589994
0	0.0000000001	0.1379098417	0.6862595502	0.0011057400	0.1747248680
0	0.0368249196	0.1589076206	0.8039409407	0.0003265191	0.0000000000
0	0.0018631401	0.1007693791	0.0254218432	0.8638111156	0.0081345221
0	0.6689012618	0.0000000069	0.3115765740	0.0192245352	0.0002976221
1	0.2785813165	0.0001372357	0.1844952567	0.2773022356	0.2594839554
0	0.0921317916	0.0000000004	0.0000000000	0.0064906631	0.9013775450
0	0.5898907149	0.0048392977	0.1438651399	0.2614048475	0.0000000000
1	0.0020888703	0.0060589075	0.1928346688	0.5184832080	0.2805343454
0	0.0714391340	0.0091206451	0.6546171075	0.2643473294	0.0004757840
0	0.2068074267	0.0457560726	0.7339954889	0.0134410118	0.0000000000
0	0.1568878114	0.0000000000	0.0001179801	0.8428922681	0.0001019404
0	0.0000000000	0.5220566621	0.1291565698	0.3388615342	0.0099252339
1	0.1122161126	0.0061022254	0.7316595321	0.1156162722	0.0344058578
0	0.1768651171	0.2104937287	0.6018786688	0.0079397471	0.0028227383
0	0.6189165071	0.0009976779	0.3155924069	0.0364760953	0.0280173128
0	0.0007047717	0.0000014751	0.4349258886	0.5492465458	0.0151213188
0	0.0052020355	0.0021132817	0.0019567642	0.0136762649	0.9770516537
0	0.0431644527	0.0006194305	0.0876957012	0.4261846163	0.4423357993
0	0.0056584297	0.0095054775	0.0378866182	0.0000201325	0.9469293421
0	0.7403662736	0.0046861447	0.0925558818	0.1481582870	0.0142334129
0	0.1889021655	0.0044838835	0.0122640598	0.6812602707	0.1130896205
1	0.0000095671	0.0078566682	0.0615183251	0.8904407564	0.0401746833
0	0.0000000000	0.0062622735	0.0010788340	0.8147640318	0.1778948607
0	0.0007922365	0.3166010055	0.3167070430	0.0687710722	0.2971286428
0	0.0055035573	0.0000136285	0.6492403462	0.2349647277	0.1102777403
0	0.0002203954	0.0000006185	0.7310171145	0.0765670549	0.1921948166
0	0.1669702128	0.0009704353	0.0947787750	0.5652788877	0.1720016892
0	0.2198798876	0.6301769592	0.0051362145	0.0143810474	0.1304258912
0	0.0710697420	0.0040851304	0.4608561803	0.0000045282	0.4639844191
1	0.0055969450	0.0023269930	0.0048399739	0.9856342642	0.0016018238
0	0.0000000000	0.0000000000	0.2412950724	0.0096534374	0.7490514902
0	0.0011095358	0.0000018631	0.8362534769	0.1345986075	0.0280365167
0	0.0000000217	0.0000494256	0.7498047640	0.1027079920	0.1474377966
0	0.0000009919	0.0431063764	0.1040393324	0.6392382020	0.2136150974
0	0.0100989174	0.2471928820	0.0004687004	0.6195794910	0.1226600092
0	0.0121079988	0.0000359712	0.0000008958	0.0678136716	0.9200414626
1	0.0651444385	0.6839067828	0.0774383474	0.0002366832	0.1732737481
0	0.0000000000	0.0003197895	0.0060414974	0.8249488925	0.1686898207
0	0.0000000000	0.0208818973	0.8785322613	0.0000002644	0.1005855771
0	0.0000039123	0.9718563372	0.0144995844	0.0002135169	0.0134266492
0	0.0000000000	0.0002134969	0.7785940434	0.1990861405	0.0221063192
0	0.0233245916	0.0086679822	0.5014834677	0.4506983439	0.0158256147
0	0.0536495805	0.0114572482	0.4318904129	0.1679995075	0.3350032508
0	0.7488037720	0.0000001189	0.2003747287	0.0192641017	0.0315572786
