0	0.0365327824	0.4731407792	0.0692930363	0.1219439702	0.2990894319
0	0.2811914967	0.0024665740	0.0435452573	0.1951983683	0.4775983037
0	0.4574211243	0.0301317462	0.0434301650	0.4600493764	0.0089675881
0	0.0038575545	0.0038389220	0.6984902016	0.1940583056	0.0997550162
0	0.1908554060	0.4332856104	0.0000056543	0.0016848417	0.3741684877
0	0.0000003032	0.0037376448	0.3583004912	0.1428655365	0.4950960243
0	0.1482507278	0.2117163775	0.5323254364	0.0753148773	0.0323925810
1	0.2728055947	0.0803351916	0.1954879030	0.0136962093	0.4376751015
0	0.1843055194	0.0000306136	0.4356120894	0.2653769852	0.1146747923
0	0.0028909544	0.0011735279	0.8529251504	0.0478845519	0.0951258154
1	0.0714822476	0.0000946838	0.0098426413	0.5221319019	0.3964485255
0	0.1025460182	0.1586920513	0.0134699003	0.7010408166	0.0242512135
0	0.0000000000	0.9439169618	0.0171690223	0.0072962415	0.0316177744
0	0.0000000000	0.0000000000	0.0046680571	0.0154817930	0.9798501499
0	0.6548195903	0.0000000000	0.1940455245	0.0009481504	0.1501867348
0	0.0014149971	0.0007119743	0.0450459419	0.8845911321	0.0682359546
0	0.8031928143	0.1248747109	0.0151621806	0.0378806298	0.0188896644
0	0.1335512523	0.0174117233	0.0067688915	0.8077407005	0.0345274324
0	0.6094226779	0.0001894552	0.2275623896	0.0427323618	0.1200931156
0	0.0092831217	0.0065391003	0.0075623478	0.0537508945	0.9228645358
1	0.0001163806	0.0003595501	0.8939829797	0.0920157009	0.0135253886
1	0.0501914923	0.0123452377	0.8657649240	0.0616602680	0.0100380778
1	0.0000000002	0.0049785279	0.8478571371	0.0686916981	0.0784726367
0	0.0000000000	0.4726084834	0.0017896396	0.1523433118	0.3732585652
1	0.6316238938	0.0509988087	0.0738192524	0.1133392767	0.1302187684
0	0.0000239573	0.0001421502	0.0710802767	0.1723125061	0.7564411097
0	0.0394565790	0.4439783269	0.0062734372	0.2455022372	0.2647894198
0	0.2237790894	0.0042817128	0.5915917687	0.1646423399	0.0157050892
0	0.2011541805	0.0000000000	0.3879994407	0.3926984455	0.0181479333
0	0.1533772997	0.0303524929	0.4017674072	0.0000538470	0.4144489532
0	0.0000000000	0.7262172956	0.0000000000	0.2099050488	0.0638776556
0	0.0070160070	0.1351808032	0.6736265282	0.0222641146	0.1619125470
0	0.0270298211	0.0329837045	0.0344073586	0.8392337946	0.0663453213
0	0.0369351488	0.0018698505	0.0411765979	0.0450930415	0.8749253613
1	0.1085345798	0.1281897331	0.0690122431	0.5431949683	0.1510684757
0	0.7078641815	0.0000036980	0.0108384715	0.0769375167	0.2043561322
0	0.5626488964	0.0176503456	0.3662450944	0.0043315943	0.0491240693
0	0.0000001919	0.3281186038	0.0141824114	0.1668816754	0.4908171175
0	0.0120306925	0.1052887655	0.2425181759	0.0249381347	0.6152242314
0	0.0138762228	0.1825632021	0.3449286312	0.4209073166	0.0377246273
0	0.0000154895	0.0259632338	0.1926476595	0.4367005402	0.3446730770
1	0.7966583229	0.0694224594	0.0486584439	0.0845939629	0.0006668109
0	0.0204550728	0.2252084417	0.1041699438	0.4972556740	0.1529108677
0	0.0074581705	0.0282223090	0.8384049008	0.0444468477	0.0814677720
0	0.0008361777	0.0033430761	0.0245735145	0.1985586807	0.7726885509
0	0.0389387995	0.1433917980	0.1728602003	0.3878705684	0.2569386338
1	0.6176303193	0.0158809043	0.2936810692	0.0454380524	0.0273696549
0	0.0000222698	0.1693979350	0.0605503648	0.7699622069	0.0000672235
0	0.3787541515	0.0158839759	0.1492057985	0.1957535964	0.2604024777
0	0.0538824078	0.0002445376	0.4525436259	0.3238732374	0.1694561912
0	0.0000000000	0.0656559657	0.0000221085	0.0009425005	0.9333794253
0	0.1000872317	0.0068364794	0.0235056236	0.7227103612	0.1468603041
0	0.1492318946	0.2764350896	0.3006722983	0.0967267586	0.1769339589
0	0.3558257978	0.0000000000	0.1024748727	0.5413195395	0.0003797900
0	0.5687075123	0.0114815819	0.0959229382	0.1341344604	0.1897535072
0	0.0051209371	0.0237328161	0.7998021350	0.0014851636	0.1698589481
0	0.1024622239	0.0738262865	0.0143090697	0.7549171022	0.0544853177
1	0.0000000171	0.0135230379	0.0000000001	0.8182973994	0.1681795454
0	0.0454292392	0.0013037189	0.4311665528	0.0153418256	0.5067586635
0	0.0022913713	0.0000000000	0.5676230754	0.0121836866	0.4179018667
0	0.0458912968	0.0937726829	0.0201293486	0.8001053636	0.0401013081
0	0.0000000000	0.1161268618	0.2039184975	0.0202554382	0.6596992025
2	0.0535214049	0.0808999693	0.0514518669	0.6082975027	0.2058292561
0	0.1176627778	0.3966479269	0.1776087394	0.2937882390	0.0142923169
0	0.0063465955	0.0000000000	0.3660755083	0.3691146981	0.2584631980
0	0.0023954589	0.0000000000	0.7907540380	0.0336866629	0.1731638402
0	0.0036714616	0.0424108995	0.5557855817	0.1809359887	0.2171960684
0	0.0143979057	0.0213021366	0.0931624935	0.8711230326	0.0000144316
0	0.0033781644	0.0001880596	0.0298122011	0.9658188839	0.0008026909
0	0.2187916997	0.1615219693	0.0288631008	0.2396785168	0.3511447134
0	0.0002094734	0.0332713251	0.1238350886	0.3126568087	0.5300273041
0	0.0158974470	0.0000000017	0.9714204351	0.0126811372	0.0000009790
0	0.1187380947	0.0000009819	0.0018978274	0.0672407276	0.8121223683
0	0.0000001574	0.0056313450	0.6739600997	0.0000000445	0.3204083533
0	0.0149368340	0.3339294004	0.0504164141	0.0283092266	0.5724081249
0	0.0261835781	0.0208527801	0.9366145889	0.0130096725	0.0033393804
0	0.0338795976	0.0000000000	0.3714013370	0.5943052269	0.0004138386
0	0.5896960538	0.0000005369	0.2425062026	0.0898411810	0.0779560257
0	0.0028103522	0.0080682291	0.1889924391	0.1591478680	0.6409811116
0	0.0099876868	0.0030751793	0.3633179369	0.2795587804	0.3440604166
0	0.0000000017	0.2535362892	0.3599113629	0.3628898152	0.0236625310
0	0.0005901706	0.0000000004	0.5006054822	0.4973734674	0.0014308794
0	0.0080692625	0.0765005903	0.0738234091	0.6981405248	0.1434662133
1	0.0040429272	0.0148804342	0.6342978762	0.1921489650	0.1546297975
0	0.0006488149	0.1045802858	0.0171370802	0.2567731031	0.6208607160
0	0.1151783448	0.0000029646	0.0614934237	0.0557952837	0.7675299832
0	0.1125093491	0.0401401544	0.0797496847	0.6458295004	0.1217713113
0	0.1287056827	0.7135693541	0.0315838765	0.1212963785	0.0048447083
0	0.1094896190	0.1544407930	0.1463238629	0.4495103679	0.1402353572
0	0.0812595632	0.0000000012	0.0021462487	0.8602636610	0.0563305258
0	0.3722887260	0.0023961580	0.4435312728	0.1816223398	0.0001615034
1	0.4566708164	0.0000000219	0.4277322830	0.1155929178	0.0000039609
0	0.0000000055	0.0511785001	0.4949755621	0.2975110940	0.1563348383
0	0.0070285867	0.0000019006	0.9650653497	0.0000059767	0.0278981863
0	0.0942114689	0.0469829908	0.2429245086	0.2686334083	0.3472476234
0	0.1116938575	0.6221530034	0.2309475728	0.0352055663	0.0000000000
0	0.0007860935	0.0482162516	0.0487389282	0.4538463625	0.4484123643
0	0.0089348638	0.0000000002	0.9155726231	0.0343060390	0.0411864739
0	0.1537824037	0.0117561649	0.8172502165	0.0132041491	0.0040070658
1	0.8362539115	0.0009097954	0.0000000000	0.1603789722	0.0024573209
