0	0.1015277503	0.6423748727	0.2462773121	0.0065877662	0.0032322987
0	0.0000000001	0.0000000007	0.6037293182	0.3621735165	0.0340971646
1	0.0279811019	0.0223733769	0.0583817485	0.5209960097	0.3702677630
1	0.0133577939	0.2106257350	0.2754300700	0.0154623104	0.4851240907
1	0.3358147721	0.0012594574	0.3241054240	0.2696960094	0.0691243371
0	0.7325509232	0.0000110016	0.2250360129	0.0300390879	0.0123629743
0	0.0045391032	0.0549743985	0.4776973267	0.3408965116	0.1218926600
0	0.9123755529	0.0007114635	0.0017697845	0.0023395086	0.0828036904
0	0.0000033186	0.0000000000	0.8488731172	0.1509281091	0.0001954551
0	0.0318950227	0.0235683576	0.8742212127	0.0001085607	0.0702068464
0	0.0000686422	0.1940458645	0.4340741895	0.3707359958	0.0010753080
0	0.0514014101	0.0664160033	0.8418271314	0.0100797722	0.0302756831
0	0.0754578211	0.0000000000	0.1597590871	0.1570563429	0.6077267489
0	0.3161901669	0.0269714946	0.0000711888	0.3579377195	0.2988294302
0	0.1024464671	0.2086930975	0.2623470970	0.0911581960	0.3353551424
0	0.1516398666	0.0015208411	0.1878603810	0.1182042563	0.5407746550
0	0.5192068021	0.0000131516	0.1225650442	0.3527773448	0.0054376574
0	0.1523990347	0.0616643453	0.0464227135	0.1116312439	0.6278826627
1	0.0000020169	0.0000049618	0.8856812096	0.1142804175	0.0000313941
0	0.0001064025	0.0000000525	0.4190120978	0.0101198209	0.5707616263
0	0.3138979009	0.2069346527	0.2835113628	0.1257308998	0.0699251838
0	0.0733685104	0.0012511151	0.0024622539	0.0117041898	0.9112139308
0	0.2807213380	0.0168268621	0.3668936787	0.0870233782	0.2485347430
0	0.0013382332	0.0143092205	0.8639957495	0.0353951376	0.0849616593
1	0.0445173568	0.0000000012	0.1033580140	0.8410902907	0.0110343372
0	0.0954651891	0.0892114943	0.1304502290	0.6625457345	0.0223273531
0	0.6730109003	0.0000000002	0.1341989980	0.0385584050	0.1542316965
0	0.0941646409	0.0476336867	0.2992518444	0.5291050705	0.0298447575
0	0.0605649128	0.0000005763	0.6960694147	0.1667556319	0.0766094642
0	0.0648539398	0.0102117459	0.1126511209	0.5304346195	0.2818485739
0	0.2624145293	0.0033394134	0.0000312463	0.0875901861	0.6466246249
0	0.1610190252	0.0229533594	0.7126668261	0.0782090416	0.0251517477
0	0.2192946711	0.0574466674	0.0766184442	0.0017965428	0.6448436744
0	0.2223135728	0.7009316314	0.0524243921	0.0191917909	0.0051386128
0	0.0032928115	0.0102725523	0.5884070478	0.3426242448	0.0554033436
1	0.1311567813	0.0178703555	0.0032864771	0.5970824303	0.2506039559
0	0.6333340888	0.0000000000	0.3018405286	0.0000000000	0.0648253826
0	0.0000943478	0.1064317629	0.0843890421	0.4143249441	0.3947599032
0	0.6603526296	0.1733312117	0.0000206249	0.1362876710	0.0300078628
0	0.8120837088	0.0008269445	0.0049155568	0.1005122441	0.0816615458
0	0.0498648247	0.0087395270	0.2493686222	0.4728132070	0.2192138191
0	0.0385663759	0.0165283887	0.0999374551	0.2911515175	0.5538162629
0	0.9403379746	0.0258273704	0.0274190672	0.0000000016	0.0064155862
0	0.0068093864	0.0000000647	0.0135955010	0.7485620372	0.2310330107
0	0.0242661518	0.1097750920	0.0436555889	0.2507529083	0.5715502590
0	0.0014134662	0.0461295404	0.3354392713	0.3599332782	0.2570844439
0	0.0029977246	0.0004875182	0.8019587679	0.1487099912	0.0458459982
0	0.0944086010	0.0000026667	0.6708242859	0.2278819431	0.0068825033
0	0.0000077125	0.4930470605	0.1025699425	0.3550290212	0.0493462632
0	0.6660779895	0.0065955084	0.2105229280	0.1165896943	0.0002138798
0	0.0577721294	0.0099518316	0.8475832010	0.0404181336	0.0442747045
1	0.1299094341	0.0000000000	0.1794354070	0.4942462174	0.1964089415
0	0.0153516731	0.0032306742	0.6279796071	0.0078223786	0.3456156670
0	0.1651381680	0.4565039193	0.2299818036	0.0082205657	0.1401555434
0	0.0000514184	0.0005617670	0.4344758362	0.0572700408	0.5076409376
0	0.0343544017	0.0051202854	0.5119036923	0.4436062327	0.0050153878
0	0.0364396945	0.0000757101	0.8344786805	0.0548754781	0.0741304368
1	0.9035697903	0.0000006966	0.0421662402	0.0000002402	0.0542630328
0	0.1913226702	0.1115498166	0.0182261006	0.5104551801	0.1684462326
0	0.0000007850	0.0000000000	0.0053013955	0.4728649627	0.5218328568
0	0.0026705748	0.0000000002	0.1164285864	0.0032356773	0.8776651613
0	0.8306590543	0.0000000050	0.0509138500	0.1114160874	0.0070110033
0	0.0010487229	0.1824674871	0.1731414888	0.0071967863	0.6361455149
0	0.0106713500	0.0000000000	0.9135336348	0.0265753657	0.0492196495
0	0.0000000069	0.0282107235	0.1799467124	0.7910590563	0.0007835008
0	0.6850942797	0.1059505045	0.0275929425	0.0003383392	0.1810239340
2	0.4731753608	0.0077425183	0.0000285809	0.0199194272	0.4991341128
0	0.0000011882	0.2171470558	0.6134934606	0.1594254270	0.0099328683
0	0.0002277058	0.1238520789	0.0279277105	0.7106552809	0.1373372238
0	0.0189424351	0.0191351543	0.5671667486	0.1075358479	0.2872198141
0	0.1031050166	0.0000003589	0.0000061932	0.8090749554	0.0878134759
0	0.0000000178	0.0000727811	0.2283400421	0.7657440554	0.0058431036
0	0.0000543677	0.1282350077	0.4496031840	0.0797271979	0.3423802428
0	0.0027775889	0.0013064889	0.0029360090	0.0059699794	0.9870099339
0	0.0000000000	0.0000000000	0.0026681255	0.7146100212	0.2827218533
0	0.2460932300	0.2861683363	0.2353202142	0.1131938852	0.1192243344
1	0.3075659430	0.0349667857	0.5861875025	0.0000064661	0.0712733026
0	0.1270194185	0.0003747077	0.7860921598	0.0377975809	0.0487161332
0	0.1195510854	0.0000195619	0.7075828352	0.0254020780	0.1474444395
1	0.0225399601	0.0002665721	0.0617688841	0.1034344420	0.8119901417
0	0.0123727152	0.6194890018	0.0599261286	0.0885981854	0.2196139689
0	0.0076935033	0.0000094937	0.9320550016	0.0292779598	0.0309640417
0	0.1592853235	0.0094963674	0.8131626118	0.0176457259	0.0004099715
0	0.1003329114	0.5641221896	0.2057094398	0.1238642043	0.0059712549
0	0.8909947039	0.0004653172	0.0000000512	0.0244264956	0.0841134321
0	0.4292780222	0.4490768800	0.1188452976	0.0027998002	0.0000000000
1	0.0000984675	0.1657888063	0.3967945302	0.4243190335	0.0129991626
0	0.0071112337	0.0000000001	0.0048566211	0.4421296086	0.5459025365
0	0.2919737796	0.0026943168	0.6124397611	0.0000179673	0.0928741752
0	0.1393087648	0.0449403328	0.5090371214	0.1896719318	0.1170418492
0	0.0043372692	0.0000000000	0.7769838860	0.0000015862	0.2186772586
0	0.5764560772	0.0000000000	0.0171147481	0.4064267297	0.0000024450
0	0.0000002592	0.0000076295	0.7412104871	0.0215636175	0.2372180067
1	0.0057486942	0.1068585706	0.4429496603	0.4428747538	0.0015683211
0	0.0027864673	0.0000192897	0.0191036694	0.6820951699	0.2959954037
0	0.0000084408	0.0453361888	0.0651077388	0.8888168556	0.0007307760
0	0.0241972860	0.0687521293	0.1244478078	0.1522577773	0.6303449996
0	0.0080395510	0.1861614048	0.2623970242	0.2260372356	0.3173647843
0	0.2618879891	0.3420989229	0.2618431614	0.0827116242	0.0514583024
0	0.0000000000	0.0000000000	0.6432373615	0.2892467149	0.0675159236
