0	0.1595926102	0.0000325340	0.5514480254	0.0001267531	0.2888000773
0	0.0120723217	0.0000000000	0.0202769801	0.0293001665	0.9383505317
0	0.0583456114	0.1064353386	0.0000000000	0.5388216326	0.2963974174
0	0.0031153936	0.0169045658	0.4334697726	0.0018887630	0.5446215050
0	0.0885174286	0.0006140125	0.5949145626	0.1566969042	0.1592570921
0	0.0037982727	0.0505573367	0.3723406008	0.5571239578	0.0161798320
0	0.1106756465	0.0086664181	0.4052432295	0.2659478791	0.2094668267
0	0.0035894410	0.0181824593	0.9714690227	0.0063552750	0.0004038019
0	0.0081865205	0.0031281031	0.0727394963	0.4767496337	0.4391962465
0	0.0000331330	0.0473890500	0.2762984884	0.0860549630	0.5902243656
0	0.0725758034	0.0116714940	0.2688089491	0.3680019865	0.2789417670
0	0.0000048699	0.0169250082	0.6228211107	0.0204911374	0.3397578737
0	0.0010464443	0.0000000301	0.4122656494	0.0739758565	0.5127120198
0	0.0369559055	0.2308737370	0.6681455912	0.0049990947	0.0590256715
0	0.3752826178	0.0389214145	0.0975127785	0.4193072395	0.0689759497
0	0.0005043629	0.1302571355	0.0000176425	0.0033705561	0.8658503030
0	0.5311361281	0.0254165840	0.0035127074	0.4211053224	0.0188292581
0	0.0709271578	0.0280925116	0.0006596204	0.8127469871	0.0875737231
0	0.3287139234	0.0025183556	0.3567786147	0.2112541189	0.1007349873
1	0.0000000000	0.0539165644	0.8572071013	0.0069553833	0.0819209509
0	0.0523419449	0.0000000135	0.7497082554	0.0069192972	0.1910304890
0	0.0424776322	0.0020364692	0.3318141794	0.1788322332	0.4448394859
0	0.0000004606	0.1600607500	0.0169195707	0.1323466157	0.6906726031
0	0.1267809950	0.0000000198	0.0195513782	0.4837859285	0.3698816786
0	0.0132677311	0.0938095261	0.0011384920	0.3134774702	0.5783067806
0	0.0039124667	0.0027024944	0.0215694405	0.0102021849	0.9616134134
0	0.4429532922	0.0473976652	0.3911804752	0.0305798557	0.0878887117
0	0.0020362001	0.0124131123	0.2336453700	0.6351498114	0.1167555063
0	0.1030728927	0.1417154053	0.1037569140	0.2862403259	0.3652144621
1	0.0000000022	0.0000518434	0.9802670537	0.0000005678	0.0196805329
0	0.0000000000	0.5100481340	0.0529795303	0.0404992658	0.3964730700
1	0.0740991179	0.0000661344	0.8941507793	0.0316820889	0.0000018796
0	0.3014620099	0.0202239428	0.3563876248	0.2624300438	0.0594963787
0	0.0171214818	0.0029985475	0.2523643822	0.6154176983	0.1120978903
0	0.0000000000	0.0060057269	0.6526758943	0.2535016560	0.0878167228
0	0.0086574663	0.0418346509	0.0269348704	0.5563338308	0.3662391816
0	0.0140716692	0.0000037213	0.9598593240	0.0078182075	0.0182470779
0	0.0026385932	0.0910366149	0.5001716790	0.0098003215	0.3963527914
0	0.6535477417	0.1421261935	0.2008196088	0.0034311637	0.0000752923
0	0.0000000012	0.0123731851	0.0431688549	0.2465513181	0.6979066407
0	0.0000000016	0.9537059036	0.0000000000	0.0373046219	0.0089894729
0	0.1876017002	0.0000006150	0.5271302185	0.2541195412	0.0311479251
0	0.2297750232	0.0000000019	0.0055793413	0.0192439774	0.7454016562
1	0.0000000000	0.5154456071	0.0161253781	0.0554238312	0.4130051837
0	0.0789521425	0.2979599845	0.2079210669	0.0666435154	0.3485232908
0	0.0818441199	0.2562088163	0.6244727876	0.0000000000	0.0374742762
0	0.2968174415	0.0457799608	0.5740864819	0.0101415249	0.0731745910
0	0.0950354766	0.0250338206	0.4475906519	0.1888519801	0.2434880708
0	0.4152652874	0.0008066074	0.4197607858	0.0069348010	0.1572325184
0	0.4545580444	0.0606396218	0.4847924548	0.0000098789	0.0000000000
0	0.0000017765	0.0166435189	0.1015711113	0.7881228461	0.0936607471
0	0.0478358037	0.0000330461	0.0007818934	0.1530687921	0.7982804646
0	0.0016151834	0.0000000000	0.8758983879	0.1207647532	0.0017216756
0	0.0019127733	0.0000000563	0.2471342853	0.5542325768	0.1967203082
0	0.0072767025	0.4477169048	0.0188917650	0.0418954059	0.4842192218
0	0.5668118807	0.0000000000	0.0235260682	0.1372310417	0.2724310095
0	0.0107641312	0.2960996181	0.0810027709	0.4378267977	0.1743066821
0	0.9375974322	0.0034403314	0.0433794357	0.0015183619	0.0140644388
0	0.0001434270	0.2183971368	0.0698225633	0.1946311698	0.5170057031
0	0.6296323361	0.1449159736	0.1248064681	0.0681789229	0.0324662994
0	0.3316746690	0.0831443482	0.0573914011	0.0004049526	0.5273846290
0	0.0210223973	0.0719606611	0.5608541435	0.0647979127	0.2813648854
0	0.0000111994	0.0313689614	0.1181774062	0.0717091292	0.7787333039
0	0.0002093777	0.2315994414	0.0027742349	0.4703194570	0.2950974890
0	0.0050502988	0.0004235350	0.4384476744	0.4161319300	0.1399465618
2	0.0024827103	0.1224659571	0.1532071563	0.6694602619	0.0523839144
0	0.0047297673	0.0001273041	0.0353607246	0.6350931407	0.3246890633
0	0.0000048864	0.0000019012	0.3303269562	0.6525576870	0.0171085692
0	0.0454401442	0.0000001982	0.9008300047	0.0072031990	0.0465264539
0	0.0610154057	0.0002216566	0.5717670771	0.2131366034	0.1538592572
0	0.0001627309	0.1314026649	0.1198662287	0.1928759239	0.5556924516
0	0.0226653861	0.0005534313	0.0000259199	0.0153073004	0.9614479623
0	0.0076506141	0.1864885967	0.0226704964	0.5968575035	0.1863327893
0	0.2329717517	0.0759504139	0.0225203926	0.0000000000	0.6685574418
0	0.0174171258	0.0007297005	0.2811149906	0.1244294139	0.5763087692
0	0.2419999825	0.3794760633	0.0003145913	0.1733357663	0.2048735966
0	0.1093242119	0.0000000019	0.7389702519	0.0817966843	0.0699088500
0	0.1720499353	0.0080074798	0.0371144758	0.7549322048	0.0278959043
0	0.0529511344	0.0000476287	0.6376150210	0.0000333612	0.3093528546
0	0.0270132165	0.0000000000	0.3435724340	0.0081421738	0.6212721757
0	0.4983698423	0.2717228458	0.1839027768	0.0014198778	0.0445846573
1	0.0258515073	0.0423638152	0.0902241115	0.8336910111	0.0078695549
0	0.1130014693	0.0090979113	0.0284151369	0.6875948823	0.1618906002
0	0.0084760739	0.0000000000	0.5114392903	0.0092939460	0.4707906897
0	0.0075904392	0.0108525532	0.3975817939	0.0650567811	0.5189184326
0	0.4907759000	0.1593708544	0.3042138533	0.0082295152	0.0374098771
0	0.0003882313	0.0859259937	0.3860579097	0.2958949691	0.2317328962
0	0.0022924093	0.8473682073	0.0000331629	0.1503062103	0.0000000103
0	0.4559809187	0.0000006493	0.3459769071	0.0003304068	0.1977111180
1	0.1514327889	0.0000000000	0.0817765192	0.0010004971	0.7657901948
0	0.0039153179	0.6332250960	0.0224650893	0.2613207215	0.0790737754
0	0.8365042618	0.0513765394	0.0330927584	0.0210728541	0.0579535863
0	0.0010947243	0.0187573171	0.0000070443	0.9399347485	0.0402061658
0	0.0176461583	0.0637934775	0.0974523953	0.6816206547	0.1394873142
0	0.0886574508	0.2883042199	0.1963876517	0.0043435452	0.4223071324
0	0.0271939026	0.0001870378	0.7446710642	0.1877215526	0.0402264428
1	0.0000000006	0.0074118441	0.5083587536	0.2960137893	0.1882156124
1	0.0000021101	0.3985969293	0.3528303100	0.1021257637	0.1464448870
0	0.0066258020	0.0879895842	0.4894607653	0.0191089861	0.3968148623
0	0.0423946913	0.0002402804	0.1768568940	0.7424903500	0.0380177843
