0	0.0000459339	0.2006212468	0.0003888744	0.0244772653	0.7744666797
0	0.0007346009	0.1122770803	0.0336873233	0.4063309984	0.4469699971
0	0.0227733718	0.0510235603	0.0000004145	0.2714163104	0.6547863429
1	0.0707183048	0.0558140513	0.0037760040	0.7972605307	0.0724311091
0	0.0000000000	0.0003205340	0.0559377993	0.0006123687	0.9431292980
0	0.3177229630	0.0872087786	0.3989857602	0.1847860698	0.0112964284
0	0.0265222166	0.3496811017	0.0000013486	0.0371432811	0.5866520519
0	0.0000000014	0.1215914096	0.0304728438	0.0045866728	0.8433490723
0	0.1380405749	0.0463925119	0.0668854127	0.7479338870	0.0007476136
0	0.1672737560	0.0001948274	0.0018930515	0.0014315707	0.8292067946
0	0.0000102142	0.9750008914	0.0003941770	0.0000340781	0.0245606392
0	0.0377008974	0.2819558772	0.0466276100	0.0000000000	0.6337156154
0	0.5776975407	0.0030332743	0.0000000000	0.0080138852	0.4112552998
0	0.0000000584	0.2687314355	0.5766393695	0.0447580978	0.1098710389
0	0.0000021636	0.1268636187	0.4792438847	0.0000329570	0.3938573760
1	0.0000963342	0.7407017952	0.0000658241	0.0000000276	0.2591360189
0	0.0100862582	0.0545272594	0.0174350758	0.0000000000	0.9179514066
1	0.0000056340	0.6425061777	0.0564531501	0.0100888384	0.2909461997
0	0.1859225503	0.2094837543	0.0000285476	0.0000217148	0.6045434329
0	0.6005344751	0.0000000767	0.1310898328	0.0004084394	0.2679671761
0	0.0172201714	0.0512096677	0.9308896816	0.0000407935	0.0006396857
0	0.4416712945	0.1009441240	0.0000000000	0.0000080211	0.4573765604
0	0.0000000000	0.0003724612	0.1273026527	0.0560962474	0.8162286387
0	0.0000009401	0.1258964021	0.0173181890	0.3271997253	0.5295847435
0	0.1530364312	0.0178593301	0.1713021480	0.0255035375	0.6322985532
0	0.0036298003	0.6780248905	0.0123459753	0.2802891133	0.0257102206
0	0.0900072724	0.3393917699	0.0969125873	0.4380980024	0.0355903679
0	0.2172367907	0.1151817537	0.0004211832	0.3674776820	0.2996825904
0	0.0000000002	0.7627133775	0.0011630778	0.2301422210	0.0059813235
0	0.0380097366	0.7860428348	0.0000040951	0.1590098723	0.0169334612
1	0.0000000102	0.1640663094	0.0290910749	0.0000075451	0.8068350604
0	0.0050337017	0.2445508271	0.2167898967	0.0499725558	0.4836530187
0	0.3292551857	0.1634088211	0.0000000061	0.4834162348	0.0239197523
0	0.0000000000	0.0007004667	0.9992670422	0.0000000062	0.0000324849
0	0.1023989105	0.0110550014	0.0307791866	0.0000000000	0.8557669015
0	0.0000058383	0.0007789307	0.7402962011	0.0300239504	0.2288950796
0	0.0296192404	0.1216676732	0.8219503223	0.0000000000	0.0267627640
0	0.0631964689	0.6582829136	0.1150530123	0.1123394977	0.0511281074
0	0.0000000000	0.3514241626	0.1413096145	0.4897788485	0.0174873744
2	0.0000000000	0.0548238447	0.1968694073	0.2822297242	0.4660770238
0	0.0485460104	0.9167754580	0.0053152910	0.0250022659	0.0043609747
0	0.2291639883	0.0064166040	0.0016574231	0.0441882012	0.7185737834
0	0.1616551101	0.1462883262	0.0000161174	0.2449721440	0.4470683022
1	0.0486016384	0.5754156427	0.0774491539	0.2180686626	0.0804649025
0	0.0000428585	0.3173425626	0.6679309512	0.0145175505	0.0001660773
0	0.2942905902	0.0728780385	0.0000013875	0.0764282610	0.5564017228
1	0.0000417624	0.0685256916	0.3816081178	0.4587824455	0.0910419828
0	0.0000000000	0.2242713355	0.6700104951	0.0839145426	0.0218036268
0	0.0023590890	0.1967728610	0.0090301436	0.1269648866	0.6648730198
2	0.0000000000	0.5664917856	0.1697478142	0.2251419699	0.0386184303
1	0.0026452018	0.5052823015	0.0000000000	0.0076557012	0.4844167955
0	0.0011313908	0.2235830523	0.0442098712	0.0036686311	0.7274070545
0	0.0205893281	0.0848444717	0.3552747131	0.0221099427	0.5171815443
0	0.1251521157	0.7629897316	0.0088109124	0.0090099033	0.0940373371
0	0.0095654639	0.5095763772	0.0552430447	0.0376217877	0.3879933263
0	0.5414885236	0.3180162115	0.0126849291	0.0006322674	0.1271780685
0	0.0143913064	0.4546109187	0.0004943134	0.0000000000	0.5305034615
0	0.3484050179	0.0048941447	0.0564760065	0.4390636094	0.1511612214
0	0.0000000000	0.1752663249	0.0000020923	0.2730843900	0.5516471928
0	0.0000000000	0.5275096538	0.0561972415	0.0019832256	0.4143098791
0	0.0163055390	0.6589858658	0.0003698514	0.0662930801	0.2580456637
0	0.0052687446	0.5986380714	0.0023817624	0.0385516585	0.3551597631
0	0.0000001156	0.9437969720	0.0000099583	0.0469811093	0.0092118449
0	0.0000000000	0.0000022932	0.0157663521	0.0136082695	0.9706230852
0	0.0236690321	0.0648138632	0.0042612519	0.0000009592	0.9072548935
0	0.0004152468	0.2109569650	0.0016936696	0.0024695718	0.7844645469
0	0.0000000000	0.0001008811	0.0298266524	0.6195525277	0.3505199388
0	0.2258695330	0.1882143055	0.2406250220	0.0011246246	0.3441665148
0	0.2452255764	0.0396714396	0.0285673949	0.6799023891	0.0066332000
0	0.0233237405	0.6875305328	0.0000232950	0.0397402265	0.2493822054
0	0.0015240435	0.7462749799	0.1368586194	0.0669682557	0.0483741015
0	0.0000000000	0.0521046180	0.0000002203	0.0152069450	0.9326882168
0	0.0482315936	0.6413985248	0.1265066539	0.0000001538	0.1838630739
1	0.0016710401	0.0342687637	0.0000010660	0.0006163491	0.9634427811
0	0.0000002190	0.8317900637	0.0419998520	0.0013260623	0.1248838030
0	0.0001444300	0.0010822325	0.0000630679	0.1192922008	0.8794180689
0	0.1734855520	0.1936432752	0.0000000219	0.2744584904	0.3584126605
0	0.2545214293	0.6772185708	0.0000000010	0.0069581076	0.0613018913
0	0.0766120545	0.0027290664	0.2370324853	0.0893744430	0.5942519508
0	0.0000000138	0.2127641194	0.0588448533	0.0453773245	0.6830136890
0	0.0003624114	0.0202414618	0.0673774405	0.0000001545	0.9120185318
0	0.0121458100	0.0021780133	0.0903239565	0.6733069616	0.2220452586
0	0.0178730231	0.1356644273	0.0000000000	0.5031714237	0.3432911259
0	0.0383160718	0.9483449835	0.0000000000	0.0126113465	0.0007275982
0	0.0061235487	0.0000363286	0.0000292987	0.8176181812	0.1761926428
0	0.0000006889	0.1733391312	0.0030741301	0.2667845714	0.5568014784
0	0.6485992102	0.2131406521	0.0099091634	0.0396437540	0.0887072203
0	0.0005299322	0.2073462804	0.1358378365	0.4269575139	0.2293284370
0	0.0002627121	0.2941673919	0.0000000000	0.0008284326	0.7047414634
1	0.0955971680	0.1371969917	0.0004625962	0.0243763403	0.7423669038
0	0.0006643934	0.2345878063	0.4087815536	0.3559661152	0.0000001315
0	0.0014961069	0.0076421127	0.0725237963	0.0354910197	0.8828469644
0	0.1883081547	0.0045684276	0.0982015604	0.0000322829	0.7088895743
1	0.3468252479	0.1922824865	0.1070462463	0.3116753797	0.0421706396
0	0.0860111782	0.1379882475	0.1329063774	0.0045181747	0.6385760222
0	0.1420585869	0.0000000000	0.0000213379	0.3639160287	0.4940040466
0	0.0002062797	0.3614676821	0.3090507578	0.0342490097	0.2950262706
0	0.0136457496	0.0590255483	0.0000670521	0.1142265380	0.8130351120
0	0.1169978598	0.1398149074	0.0000776906	0.1019752232	0.6411343189
0	0.0000115341	0.1212856559	0.0279626159	0.0494247642	0.8013154299
