0	0.1625986028	0.0001657822	0.0167349102	0.8204928776	0.0000078272
0	0.0304972629	0.0696133130	0.4231009807	0.0003345521	0.4764538913
0	0.0457833362	0.0056323656	0.0890910907	0.4962003621	0.3632928453
0	0.5670178441	0.0622311268	0.0041770325	0.1787209616	0.1878530350
0	0.2527634041	0.0000000000	0.4481280069	0.1492324401	0.1498761488
0	0.0000076821	0.0000081347	0.0280967986	0.2331972585	0.7386901261
0	0.3824199937	0.2141437592	0.0236250423	0.0000000555	0.3798111492
0	0.0148500817	0.0000180241	0.1120542675	0.4156489992	0.4574286275
0	0.2281914955	0.0305075995	0.2357026350	0.5002931823	0.0053050878
0	0.0248201121	0.0000077786	0.9634452635	0.0000000000	0.0117268458
0	0.0000170026	0.0353777231	0.0699212536	0.4295545171	0.4651295035
0	0.0554400315	0.2182640146	0.5119952318	0.0029270896	0.2113736324
0	0.3796237324	0.4987703005	0.1175879027	0.0000094492	0.0040086153
0	0.4223297532	0.0329671074	0.3459210015	0.0509586567	0.1478234812
0	0.0073008209	0.0056818261	0.0645440654	0.8640161893	0.0584570984
0	0.1359662229	0.2862988666	0.3067654619	0.0882196641	0.1827497845
0	0.0003305697	0.1858588117	0.0000080982	0.2458085070	0.5679940134
0	0.2156084088	0.0024822679	0.4139867192	0.0000008875	0.3679217166
0	0.0255293121	0.0005870707	0.6750627108	0.0154559571	0.2833649492
0	0.1803752663	0.8029925425	0.0119557222	0.0000001297	0.0046763393
0	0.0161423655	0.2549131571	0.2737643356	0.0904787731	0.3647013687
0	0.0000000317	0.0097268038	0.9549472451	0.0014352610	0.0338906584
0	0.1432370782	0.1382324675	0.0556995314	0.6628309229	0.0000000000
0	0.0691369929	0.5034799836	0.1727483787	0.2437750297	0.0108596150
0	0.0242979436	0.0055120599	0.5153100132	0.4508398134	0.0040401698
0	0.0242299948	0.0050729850	0.1596620060	0.0362051193	0.7748298949
0	0.1974039053	0.1006435541	0.0891450504	0.6128022131	0.0000052771
0	0.0009433657	0.6444553774	0.0000351982	0.0962809631	0.2582850956
0	0.7466900281	0.1080534304	0.0213368537	0.0000000000	0.1239196879
1	0.0190318500	0.0011869255	0.1286391903	0.8026192041	0.0485228301
0	0.0539594304	0.0391413726	0.4673057377	0.0249367462	0.4146567132
0	0.0002399994	0.0674181008	0.0009349934	0.0737537975	0.8576531090
0	0.3965807570	0.0231359063	0.0000112928	0.1029830808	0.4772889632
0	0.0000441426	0.0001537547	0.7918298966	0.1467210141	0.0612511921
0	0.1393185285	0.1650583466	0.0160054589	0.0000002005	0.6796174655
0	0.3088422411	0.0941127159	0.0036750859	0.3112035158	0.2821664413
0	0.0548752137	0.9018452405	0.0410995730	0.0021799729	0.0000000000
0	0.2252164027	0.3750783914	0.0020985550	0.3244154781	0.0731911728
1	0.1857393542	0.0000000040	0.5295203534	0.2769072978	0.0078329905
0	0.0021536215	0.0000000035	0.0793081179	0.8380704281	0.0804678291
0	0.0000191584	0.0557577507	0.2582208875	0.3898569066	0.2961452968
0	0.0352341408	0.0000000000	0.4450600415	0.2154275502	0.3042782675
0	0.9216609865	0.0001951753	0.0184418837	0.0540022914	0.0056996632
0	0.0299107273	0.0051236407	0.1814395665	0.7469648410	0.0365612244
2	0.0005200825	0.0159309284	0.5509979144	0.0000064651	0.4325446096
0	0.1414093571	0.1850280068	0.1121613532	0.1983672620	0.3630340209
0	0.0000583259	0.0365303476	0.6827682391	0.0022278387	0.2784152487
0	0.0075822863	0.0054356602	0.1541514997	0.1094661821	0.7233643717
0	0.1160569797	0.0961456955	0.7789193059	0.0000000069	0.0088780120
0	0.0575341832	0.0190229143	0.8533568407	0.0230615179	0.0470245438
0	0.0015967737	0.6765666191	0.1050463197	0.0882965582	0.1284937294
0	0.0205379438	0.3180525517	0.2425470937	0.1517566668	0.2671057441
0	0.1500638657	0.0013574605	0.4505295415	0.0904763578	0.3075727745
1	0.0050668769	0.0620814234	0.7674679443	0.1130507006	0.0523330549
0	0.0000000016	0.2833223931	0.0000000017	0.7129624486	0.0037151549
0	0.0511476530	0.0000000000	0.0688841031	0.2752578001	0.6047104438
1	0.1300008716	0.0813532954	0.0013024923	0.7779476561	0.0093956846
0	0.0155389237	0.0648891121	0.7098089669	0.1646481923	0.0451148049
0	0.0007959556	0.0363301586	0.1389531351	0.0339695834	0.7899511674
0	0.0004052450	0.0115992564	0.2538652642	0.6789959861	0.0551342483
0	0.1352066441	0.0075691934	0.8178001953	0.0393639340	0.0000600333
0	0.7622829898	0.0002571532	0.0199519519	0.1957378149	0.0217700903
0	0.7117079768	0.0297049050	0.0744395063	0.0900147805	0.0941328315
0	0.0000000000	0.9037544900	0.0174397373	0.0667232587	0.0120825139
0	0.0686465060	0.0613478655	0.7154266173	0.0615136340	0.0930653773
0	0.4057398759	0.0879756285	0.4831281673	0.0000701534	0.0230861749
1	0.0004292028	0.1377672160	0.7812684770	0.0310322587	0.0495028455
0	0.0126324773	0.1252921213	0.2259054550	0.4875773841	0.1485925623
0	0.0318710305	0.0000000000	0.5339072075	0.4339295671	0.0002921948
0	0.0176667493	0.0036544467	0.6581832293	0.1970868186	0.1234087561
0	0.0004444559	0.0000085781	0.0105475414	0.9521308065	0.0368686181
0	0.0000000704	0.3024870709	0.0551731762	0.6359931872	0.0063464954
0	0.0002288761	0.0198209011	0.9253102054	0.0011027901	0.0535372273
0	0.3684897116	0.0008418194	0.0690880623	0.1037056641	0.4578747426
0	0.0923111307	0.0057592914	0.0656507779	0.6945571370	0.1417216629
0	0.2273932470	0.0376589210	0.4744239308	0.2597710468	0.0007528545
0	0.5955239080	0.0640289457	0.1825297756	0.0629866219	0.0949307488
0	0.4910155425	0.0000000000	0.3745189976	0.0829831748	0.0514822851
1	0.0651146435	0.0038982767	0.1845760348	0.1169514440	0.6294596009
0	0.0053395043	0.0643877542	0.6433984385	0.0459522114	0.2409220916
0	0.0878166795	0.0083367661	0.4208494847	0.0050097437	0.4779873260
0	0.0901194033	0.0020469640	0.0254350157	0.8809058292	0.0014927878
0	0.0001424122	0.0000038578	0.8611012154	0.0018552540	0.1368972607
0	0.1917583040	0.0495384816	0.7050689953	0.0534821966	0.0001520225
0	0.1028838093	0.0259833371	0.1901409008	0.2188560698	0.4621358831
0	0.0793564608	0.0181846416	0.3828181308	0.2305372751	0.2891034917
0	0.0072863012	0.5450849607	0.0181288607	0.0000008432	0.4294990342
0	0.0001916689	0.5018344959	0.3035050134	0.0831369128	0.1113319089
0	0.2117868457	0.0073272527	0.7013179229	0.0725341085	0.0070338703
0	0.0062207196	0.0000010331	0.8616612280	0.0378132304	0.0943037889
1	0.0527081346	0.3692084121	0.0075573275	0.3193496845	0.2511764413
0	0.0273831873	0.0000119625	0.0092263357	0.9633785146	0.0000000000
0	0.0000005279	0.0406078863	0.6572615389	0.0295649306	0.2725651163
0	0.1261322852	0.0000036093	0.7809625111	0.0928381510	0.0000634434
0	0.0158214584	0.5074165897	0.0524718544	0.1136482498	0.3106418478
0	0.0033887857	0.0307770114	0.1818434969	0.2064654297	0.5775252763
0	0.0278990223	0.8120012761	0.0022574576	0.0446766786	0.1131655654
0	0.0539320737	0.0000000001	0.8482015060	0.0728898274	0.0249765927
0	0.1546588267	0.2587323642	0.0283373842	0.0931869934	0.4650844316
0	0.0000011055	0.0938602569	0.1565972086	0.2038251159	0.5457163132
