0	0.0006623587	0.0000002064	0.8861454060	0.0122466619	0.1009453670
0	0.0000307887	0.0054942500	0.0148271281	0.8374271201	0.1422207131
1	0.0744269252	0.3391090656	0.0002656603	0.5850075217	0.0011908272
0	0.0000113964	0.0467201430	0.9433848114	0.0000196186	0.0098640307
0	0.0237208694	0.4390839514	0.0023942056	0.4060336653	0.1287673083
0	0.3227387209	0.0147811887	0.2675910635	0.1599245016	0.2349645253
0	0.3061294836	0.0000242906	0.6149360705	0.0000000426	0.0789101127
0	0.0337446196	0.2455973916	0.1123355692	0.0144385133	0.5938839063
0	0.3361378664	0.0108489393	0.0030828520	0.6090906074	0.0408397348
1	0.2739820069	0.1048345611	0.4250378378	0.0742354560	0.1219101382
0	0.3717368571	0.2590405682	0.2261383034	0.1307862261	0.0122980452
0	0.0113376056	0.0660686680	0.2730698368	0.3996352336	0.2498886560
0	0.3350246388	0.0109983371	0.0613933864	0.1599151719	0.4326684658
0	0.0422025346	0.0006032692	0.0108665002	0.4474156307	0.4989120653
0	0.3839890605	0.0081365966	0.5397213162	0.0048246944	0.0633283324
0	0.0384914470	0.0260634977	0.4689027857	0.4034295050	0.0631127646
0	0.0003883957	0.0000000000	0.7732718772	0.0209454181	0.2053943090
0	0.0078462403	0.0968025709	0.0427204995	0.5714648835	0.2811658058
1	0.1492139700	0.0245267304	0.1373999185	0.3917061798	0.2971532013
0	0.0616265351	0.0255075579	0.0604214104	0.0003932219	0.8520512747
0	0.0083809701	0.0000013243	0.0232784555	0.6054846838	0.3628545662
0	0.3212303046	0.0001965370	0.0000000000	0.0970834879	0.5814896705
0	0.1245477281	0.3011165302	0.1957724863	0.0454553609	0.3331078944
0	0.0000119472	0.0392182089	0.0006234248	0.8708085948	0.0893378243
1	0.4275806352	0.0319155406	0.0021891979	0.3856496860	0.1526649403
0	0.0057360094	0.0225506431	0.0099459092	0.4488967326	0.5128707057
0	0.1546131438	0.1639155812	0.1452658428	0.5133301969	0.0228752353
1	0.0156724549	0.0097093460	0.0530040718	0.8597112666	0.0619028607
0	0.0000528164	0.2728195511	0.1733111405	0.0000000000	0.5538164920
0	0.0945929470	0.0751779897	0.0847291181	0.7413924386	0.0041075066
0	0.0075964300	0.0774364988	0.6085046949	0.0745842031	0.2318781732
0	0.0952080869	0.0000000363	0.8656433447	0.0000000000	0.0391485320
1	0.0400086837	0.3067437354	0.3566605982	0.1568329211	0.1397540617
0	0.4068294318	0.0000197287	0.4766712614	0.0018088821	0.1146706961
1	0.0414818427	0.0000000000	0.0093646418	0.4399410325	0.5092124830
0	0.0587319410	0.1719582502	0.2107373789	0.5582369889	0.0003354409
0	0.0140178396	0.0000000000	0.0945125721	0.1923639266	0.6991056617
0	0.4622696142	0.4749438745	0.0002666212	0.0340923928	0.0284274973
0	0.1462320766	0.1249770161	0.1791696120	0.1660825056	0.3835387896
0	0.0039325290	0.0000000000	0.8467500754	0.0251663429	0.1241510527
0	0.1558287728	0.0081578811	0.2129628221	0.0938762808	0.5291742432
0	0.0076282308	0.1607152156	0.0000781168	0.1437075121	0.6878709246
0	0.0000000099	0.0421727842	0.4450291253	0.2502638711	0.2625342094
0	0.2144291452	0.2808317304	0.1023439725	0.1852841923	0.2171109596
0	0.1072659984	0.0000000223	0.1463502461	0.6401105678	0.1062731653
0	0.0357787808	0.5231116034	0.1267438565	0.0061070848	0.3082586745
0	0.1502271646	0.0126549596	0.7287766291	0.0186256215	0.0897156253
0	0.0026892015	0.2543407403	0.0266038989	0.4750221489	0.2413440105
0	0.0088078934	0.7618542510	0.1305521019	0.0914472721	0.0073384817
0	0.0501536717	0.0092241495	0.8552010766	0.0567860012	0.0286351011
0	0.7710888528	0.0157348205	0.1816415894	0.0300703880	0.0014643493
0	0.2102081489	0.1814970801	0.1112526388	0.1538710407	0.3431710916
1	0.7077504108	0.0060295698	0.0000001129	0.0000004022	0.2862195043
0	0.0069587598	0.3813415499	0.1268254757	0.2991632255	0.1857109891
0	0.3368311536	0.0008933935	0.1443552691	0.3209604514	0.1969597324
0	0.7415146420	0.0146628070	0.0005113142	0.0491734398	0.1941377969
0	0.0000088846	0.0256710009	0.1686951395	0.1200350505	0.6855899246
0	0.3933343489	0.0002190657	0.2280856097	0.0872020594	0.2911589163
0	0.0016286018	0.0000000000	0.2541167566	0.4170836526	0.3271709890
0	0.0332916651	0.3254842826	0.0366798650	0.1288156549	0.4757285324
0	0.0219347883	0.0000105124	0.0300535061	0.0149826486	0.9330185447
2	0.3656448721	0.1028225661	0.3432174599	0.0926157739	0.0956993281
0	0.1037671001	0.0098879109	0.1548334961	0.6593137911	0.0721977018
0	0.0395630396	0.0000000000	0.0000001429	0.6352235234	0.3252132940
0	0.0000282047	0.0014231179	0.0967559619	0.2050037489	0.6967889667
0	0.0012886724	0.0000000000	0.6598076288	0.0839738342	0.2549298645
0	0.0006718713	0.5496428524	0.0147966619	0.0017356464	0.4331529681
0	0.5169733363	0.1046478928	0.3764330602	0.0019457107	0.0000000000
0	0.8808409847	0.0459195723	0.0222448293	0.0046465188	0.0463480950
0	0.0005386527	0.0514970090	0.8338453131	0.1141070324	0.0000119928
0	0.4035167233	0.0103222872	0.3095230885	0.0020484687	0.2745894323
1	0.1278225040	0.0149101654	0.1631541032	0.6941121889	0.0000010385
0	0.1306995908	0.0000147593	0.4825934214	0.1770412268	0.2096510017
1	0.0363904539	0.0000000000	0.8717528709	0.0837656636	0.0080910116
0	0.1980591554	0.0253975460	0.0000316277	0.5037272373	0.2727844336
0	0.6702128649	0.0000032338	0.2080434236	0.0372209029	0.0845195748
0	0.0037298480	0.0153858182	0.0326431877	0.3462083773	0.6020327688
0	0.0391801012	0.0000000133	0.2744444369	0.6627132552	0.0236621934
0	0.0347469440	0.0000000174	0.6545126574	0.2829072796	0.0278331016
1	0.0324462691	0.0000000000	0.1051352727	0.0155569756	0.8468614826
1	0.0001362994	0.0007733642	0.2805466969	0.0174233316	0.7011203079
0	0.0000000000	0.0012653138	0.4340542244	0.3693533739	0.1953270879
0	0.0783049945	0.0025195007	0.3057497991	0.0231781020	0.5902476037
1	0.0000746003	0.0001499365	0.0102096833	0.9843248743	0.0052409055
0	0.0001421515	0.0202740739	0.0619294570	0.8976054005	0.0200489171
0	0.0000000437	0.0108044927	0.0001568822	0.9890385813	0.0000000000
0	0.0000018840	0.7059702403	0.1790096810	0.0871835889	0.0278346059
1	0.0242023595	0.1401941755	0.1115705973	0.5752067388	0.1488261289
0	0.5663493457	0.0004271166	0.0000000000	0.0002126187	0.4330109189
0	0.0012031383	0.0117282850	0.0255873175	0.7331084399	0.2283728193
0	0.0000000385	0.0000000020	0.6730277060	0.0000000000	0.3269722535
0	0.0241136716	0.0000561675	0.1417700082	0.7100936639	0.1239664888
0	0.0421167899	0.0370115851	0.0002163499	0.2955531116	0.6251021635
0	0.2031754718	0.0026386113	0.0288404578	0.0001342252	0.7652112339
0	0.1837483093	0.0565040496	0.0175702756	0.2507780502	0.4913993153
0	0.0265400862	0.0064295438	0.7529443877	0.0000000370	0.2140859452
0	0.2669626627	0.7158078623	0.0146570026	0.0010900790	0.0014823934
0	0.0037356041	0.0759860344	0.3062223091	0.0000000001	0.6140560522
0	0.0000000000	0.0564392837	0.4642991402	0.4569315756	0.0223300005
0	0.6655875608	0.2800180155	0.0164008050	0.0002298553	0.0377637634
