0	0.0222305386	0.6190267243	0.0000031248	0.0029409477	0.3557986647
0	0.0001165567	0.1126563765	0.0551659707	0.0949272540	0.7371338420
0	0.2373039621	0.6356315298	0.0037742609	0.0000000023	0.1232902449
0	0.0342894851	0.1730297271	0.0000654239	0.0038805628	0.7887348010
0	0.0000140141	0.0090645699	0.0045324128	0.0000085813	0.9863804219
0	0.0159607958	0.7815427077	0.0492952440	0.0253101589	0.1278910937
0	0.1001524696	0.0009124945	0.1371836266	0.0000000001	0.7617514093
0	0.7272096151	0.0372325325	0.1595421907	0.0324537720	0.0435618897
0	0.2809395467	0.0006640394	0.0337981982	0.6304409239	0.0541572919
0	0.0000000007	0.6227600238	0.0000000648	0.3356355056	0.0416044051
1	0.9011719382	0.0000000000	0.0000498767	0.0278762124	0.0709019727
0	0.0031763669	0.2353677855	0.5080651402	0.0312526466	0.2221380608
0	0.3672668162	0.0144329119	0.1212265469	0.0187628046	0.4783109204
0	0.0020922404	0.1371856047	0.3282974434	0.0562503639	0.4761743477
0	0.0025270863	0.7478460142	0.0075370710	0.0000000391	0.2420897894
0	0.8175794222	0.0443488505	0.1372741589	0.0007975320	0.0000000363
0	0.0429567075	0.0516808067	0.1435876314	0.1773175044	0.5844573500
1	0.0241668904	0.2191488631	0.0003270442	0.5237731619	0.2325840404
0	0.2576639664	0.2213158021	0.0000424285	0.0552945380	0.4656832650
0	0.3933870588	0.3722955930	0.0695368644	0.0995890308	0.0651914530
0	0.0000000196	0.2914907565	0.0386890864	0.0073581943	0.6624619432
0	0.0008450744	0.6722538310	0.0000151163	0.0490473018	0.2778386766
0	0.4500361318	0.0000000001	0.0247883146	0.0001242499	0.5250513035
0	0.0011871916	0.8005146982	0.0000347404	0.0000000000	0.1982633698
1	0.0000035460	0.0607044386	0.0000098157	0.5819507096	0.3573314901
0	0.0000000140	0.0740366903	0.0000328225	0.5228570656	0.4030734076
0	0.0000676496	0.1604562314	0.0062709519	0.4117178248	0.4214873423
0	0.0382956757	0.8956263103	0.0365948759	0.0000018693	0.0294812688
0	0.0000000000	0.3702162460	0.0000000063	0.1371415488	0.4926421989
0	0.0051335324	0.0873211459	0.0114165960	0.0098935265	0.8862351993
0	0.0000005542	0.9723949100	0.0233001696	0.0000000129	0.0043043532
0	0.0000289136	0.2169308208	0.0129822187	0.2525831088	0.5174749381
0	0.2378714393	0.0837781516	0.2342577239	0.0079718720	0.4361208132
0	0.0138062380	0.1194641597	0.0000027872	0.0159649181	0.8507618970
0	0.0014401050	0.0229715469	0.0089794632	0.0982644564	0.8683444284
0	0.2865201270	0.4840263413	0.0546082361	0.0003526221	0.1744926736
0	0.6599016017	0.2024426943	0.0003022646	0.0617019170	0.0756515225
0	0.0133124934	0.0274549661	0.5488244084	0.0000065814	0.4104015506
0	0.1814174934	0.0000000437	0.5527728421	0.0000003560	0.2658092648
0	0.0247928635	0.6623267818	0.0000000000	0.2236844742	0.0891958805
0	0.0000000000	0.3117173127	0.0538875682	0.0094856549	0.6249094642
0	0.0079978829	0.1255216423	0.3261786243	0.0089950982	0.5313067524
1	0.0000251714	0.0410693146	0.0011823032	0.4451039527	0.5126192580
0	0.0644603632	0.0093083515	0.6742134659	0.0000000000	0.2520178194
0	0.0000127658	0.2361560499	0.3465811463	0.0134097351	0.4038403029
0	0.0008966322	0.1120810632	0.0290898868	0.1261356681	0.7317967496
0	0.0001475412	0.0064543330	0.1932978638	0.0208291732	0.7792710888
1	0.0000000000	0.2893975092	0.0719150280	0.0160619470	0.6226255158
0	0.0996456847	0.4504683128	0.0159974908	0.0000000000	0.4338885118
0	0.0000002945	0.9111779935	0.0773225399	0.0029091725	0.0085899995
0	0.0142028877	0.3081971260	0.2299207975	0.1394433776	0.3082358113
0	0.0000000000	0.9668430555	0.0000068279	0.0007805532	0.0323695634
0	0.0000413038	0.3291010772	0.0113764638	0.0000002678	0.6594808874
0	0.5886846335	0.0098662125	0.2188954560	0.1359472798	0.0466064182
0	0.0613362549	0.2301362534	0.0000037607	0.0000000369	0.7085236941
0	0.1908079274	0.3730350548	0.0411439215	0.0319864816	0.3630266147
0	0.0024902768	0.3896388666	0.1665822454	0.0310014055	0.4102872057
1	0.0919709221	0.0860499322	0.0057192180	0.0218272576	0.7944326701
0	0.0015231059	0.5084786439	0.0758500134	0.0043289324	0.4098193045
1	0.0000570667	0.0000230819	0.1918664209	0.2534806615	0.5545727689
0	0.0669953433	0.0941848005	0.0000583071	0.4442510065	0.3945105426
0	0.0998819305	0.0991028704	0.0000000361	0.6968458611	0.1041693018
0	0.4212595168	0.5776552924	0.0010600979	0.0000007402	0.0000243527
0	0.0351710779	0.0034047273	0.6988361258	0.0237581240	0.2388299449
0	0.3425991001	0.1855221891	0.3023143870	0.1687914755	0.0007728483
0	0.0142581679	0.3492700239	0.1612495016	0.0578850280	0.4173372786
1	0.0728399771	0.0323500622	0.0000299404	0.0000000001	0.8947800202
0	0.0041389240	0.0088212560	0.0016056886	0.9759583844	0.0094757471
0	0.0032326352	0.0365587337	0.1211794582	0.4591807681	0.3798484049
0	0.1516225034	0.1051943116	0.0333253826	0.6979441641	0.0119136383
0	0.0454742141	0.3672329658	0.0000000000	0.0839578749	0.5033349452
0	0.0755554561	0.9019649500	0.0014166779	0.0048311727	0.0162317434
0	0.0223393497	0.0864279453	0.0038080516	0.0164945317	0.8709301218
0	0.0555008062	0.0177748824	0.1244072027	0.0002782232	0.8020388855
0	0.0000003181	0.7221194745	0.0128361857	0.2270469069	0.0379971148
0	0.0015145148	0.9207308593	0.0658647577	0.0009988354	0.0108910329
0	0.9982579333	0.0000403999	0.0000000000	0.0017016668	0.0000000000
0	0.0090836609	0.0041582300	0.2525978336	0.4706408788	0.2635193967
0	0.0012147580	0.0086106080	0.1218541883	0.2394419588	0.6288784870
0	0.0061687380	0.0004424897	0.0000039630	0.0071557605	0.9862290488
2	0.0060399570	0.0482706493	0.7656443072	0.0000000021	0.1800450844
0	0.0242989556	0.6104353445	0.0527943281	0.0000000000	0.3124713718
0	0.0011723740	0.6923564969	0.0223465901	0.2100643105	0.0740602286
0	0.2871522678	0.6274611537	0.0184873184	0.0646201332	0.0022791268
0	0.4821544809	0.4478517485	0.0550290149	0.0020255395	0.0129392162
0	0.0094672564	0.0016661266	0.0804603698	0.3250135431	0.5833927042
0	0.0017090422	0.2938278819	0.0944343656	0.0004422188	0.6095864915
0	0.0372100697	0.6251993783	0.0170779526	0.3120772932	0.0084353062
0	0.0040256717	0.9841077774	0.0118665510	0.0000000000	0.0000000000
0	0.0000000092	0.5116170880	0.0758294872	0.0563301886	0.3562232270
0	0.0408674574	0.0452845796	0.0002304878	0.1033348531	0.8102826221
0	0.0594005161	0.0000640658	0.3262944832	0.3216107278	0.2926302071
0	0.0165124140	0.1406478628	0.0840175591	0.6808132297	0.0780089343
0	0.0000000000	0.0065826135	0.0641528368	0.0000434080	0.9292211417
0	0.0132096827	0.9125036861	0.0143577463	0.0469470995	0.0129817854
0	0.0000000114	0.9926340876	0.0000000000	0.0000317484	0.0073341526
0	0.2116106402	0.0579522394	0.0056095670	0.7081220608	0.0167054925
0	0.0023159411	0.4339049378	0.4548326316	0.0050077705	0.1039387191
0	0.0006972788	0.7102294107	0.0242867804	0.0006861492	0.2641003809
0	0.2299190825	0.6281443816	0.0017007815	0.0001639214	0.1400718330
