0	0.0071361974	0.5831850972	0.3164469610	0.0606602972	0.0325714471
0	0.1190096232	0.0000015624	0.0017957863	0.8791923134	0.0000007146
0	0.0534870293	0.0052328230	0.5864526887	0.2728177503	0.0820097088
1	0.0411382491	0.0396466642	0.3900137791	0.4985485219	0.0306527857
1	0.0000060290	0.0454796944	0.9250276044	0.0169683549	0.0125183173
0	0.2183183399	0.0004384045	0.1358349257	0.0036014116	0.6418069183
0	0.0712801228	0.3052153641	0.0638958647	0.1253751082	0.4342335403
0	0.0000000000	0.1198893934	0.8401665772	0.0000192227	0.0399248067
1	0.0744432599	0.0572294114	0.0712375407	0.4409459746	0.3561438134
0	0.0385496958	0.1833795582	0.4807696775	0.0691245830	0.2281764856
0	0.0202304638	0.6182466188	0.0090929635	0.0730107527	0.2794192012
1	0.0938430249	0.0066335336	0.0889081244	0.5750648666	0.2355504505
0	0.0264584059	0.0103942162	0.1984379557	0.0783686086	0.6863408136
0	0.0365663289	0.0247278088	0.1216763336	0.0378473403	0.7791821885
0	0.0240893275	0.0000000013	0.0138963494	0.5538598240	0.4081544977
0	0.1163944602	0.1322374895	0.0046194011	0.7321213985	0.0146272507
1	0.1411102153	0.0000051514	0.1031792158	0.4657563250	0.2899490926
0	0.1670241520	0.0000001033	0.4057749288	0.0000000000	0.4272008159
0	0.0363069626	0.6777378836	0.0040322859	0.0155633202	0.2663595477
0	0.3303995581	0.0546841932	0.1622865502	0.3617156186	0.0909140800
0	0.0157323798	0.0000000000	0.2191930189	0.6713755547	0.0936990465
0	0.2224833659	0.0118707942	0.0015143697	0.3864505148	0.3776809554
0	0.0000000040	0.0000000001	0.0479492629	0.4245364002	0.5275143328
0	0.1041860804	0.0000471784	0.5230090868	0.1654466226	0.2073110319
0	0.0009148859	0.0000398316	0.1757667867	0.0000000000	0.8232784958
0	0.0517301568	0.0008612908	0.6200857262	0.0894664902	0.2378563361
0	0.0808943434	0.0270611499	0.0520239139	0.0154933466	0.8245272462
0	0.0194197629	0.0346176097	0.3668023207	0.5785322362	0.0006280705
0	0.1919683261	0.0000000021	0.0000015536	0.5879200417	0.2201100765
0	0.2354083649	0.0004939343	0.7583070280	0.0037648570	0.0020258157
0	0.6861489707	0.0264207651	0.2713931700	0.0114333105	0.0046037837
0	0.0610402471	0.0619245263	0.2046283255	0.0464852261	0.6259216749
0	0.0114076283	0.3817923212	0.2334851774	0.0851910578	0.2881238154
1	0.0015945653	0.2357865163	0.6077090532	0.1272802863	0.0276295789
0	0.1199098632	0.3770879246	0.0000000000	0.0565494792	0.4464527330
0	0.0000027955	0.0946827186	0.2655801625	0.4405378948	0.1991964287
0	0.0000000000	0.3605546070	0.1698586886	0.4050199881	0.0645667162
0	0.0339027186	0.1189155279	0.8384235876	0.0048567622	0.0039014036
0	0.0070137448	0.0264008362	0.0070801392	0.8106597017	0.1488455782
0	0.7735310418	0.0000000000	0.1643322686	0.0056071817	0.0565295079
0	0.0000000001	0.0000000000	0.6898310948	0.0078131055	0.3023557995
0	0.1570338564	0.0000727124	0.1837564022	0.0428171623	0.6163198667
2	0.0000000000	0.0305181099	0.5319535164	0.0000636803	0.4374646934
1	0.0176998065	0.0005393694	0.0476373100	0.9166103085	0.0175132056
0	0.1300503362	0.4272190501	0.0337425526	0.2950564577	0.1139316035
0	0.1866563382	0.3439637466	0.0544463849	0.4135962198	0.0013373105
0	0.0882521874	0.0000000000	0.2028011621	0.0000492821	0.7088973685
1	0.0360945461	0.0000000049	0.4261936958	0.3842989339	0.1534128193
0	0.0009625256	0.0911759715	0.0476791025	0.8314963640	0.0286860364
0	0.0225950183	0.0817153282	0.2015866352	0.2614239077	0.4326791107
0	0.0834271750	0.0613672384	0.0152794131	0.0025522378	0.8373739357
0	0.0002559001	0.0425535041	0.1168047428	0.1462953365	0.6940905164
0	0.0000737294	0.0000010022	0.9103446188	0.0625605747	0.0270200749
0	0.1022171771	0.1317994199	0.6510901411	0.0284917750	0.0864014869
0	0.0022830622	0.0000000000	0.5983064472	0.2509788782	0.1484316124
0	0.0000000009	0.0888214083	0.0053889028	0.0457688512	0.8600208368
0	0.0016589144	0.0000000000	0.2705897933	0.7103141148	0.0174371775
0	0.0268033891	0.1064545453	0.8052062515	0.0588377604	0.0026980537
0	0.0101612226	0.0000000000	0.4692256920	0.4059528334	0.1146602519
1	0.5648827804	0.0000907553	0.0652725189	0.0553152014	0.3144387441
0	0.0000136492	0.0356234367	0.7259305772	0.0482622626	0.1901700742
0	0.0117247441	0.8479866912	0.1027391312	0.0372325407	0.0003168928
0	0.1882140048	0.0373895727	0.5047248963	0.1228885508	0.1467829754
0	0.0024880203	0.0068365468	0.0000002335	0.9906751994	0.0000000000
0	0.0000002775	0.8117294024	0.1469917385	0.0000274679	0.0412511138
0	0.0113454847	0.2852403281	0.0509797345	0.6524123789	0.0000220738
0	0.0000343806	0.0001256642	0.0786881832	0.9088595484	0.0122922236
0	0.0000105547	0.0106925915	0.0587282084	0.8821402109	0.0484284345
0	0.0043640041	0.0000717732	0.4759593029	0.0294878932	0.4901170267
0	0.0000767813	0.1516310519	0.1886819342	0.0296672149	0.6299430177
1	0.0000000000	0.0058948420	0.0792533667	0.0102748346	0.9045769566
0	0.0005384891	0.0000002363	0.0313514166	0.5777954738	0.3903143842
0	0.0043311748	0.5112127894	0.2477931651	0.0001053090	0.2365575617
0	0.0000015456	0.4648067511	0.1420996326	0.1718444001	0.2212476706
0	0.3120203706	0.0088639431	0.0002212338	0.4090174120	0.2698770405
0	0.0000000000	0.0001671988	0.2772835513	0.2094277845	0.5131214654
0	0.0000000000	0.0947497879	0.0160560521	0.5245594756	0.3646346844
0	0.3096372810	0.0005227111	0.0056123589	0.0000633152	0.6841643338
0	0.0216507680	0.0060405383	0.2869186739	0.5773843812	0.1080056386
0	0.4134038902	0.0004983598	0.0168216793	0.3321690858	0.2371069849
0	0.0099177143	0.2223553180	0.0945648893	0.2616603557	0.4115017227
0	0.0001734853	0.1218508000	0.0807905760	0.6495226809	0.1476624577
0	0.1698115709	0.0008042535	0.6383771328	0.0035828652	0.1874241776
0	0.0052164370	0.0000000000	0.9227761691	0.0000163533	0.0719910405
0	0.0090570304	0.4738125409	0.1269386685	0.3398564161	0.0503353441
0	0.0334161615	0.0490798173	0.5123178849	0.3601224298	0.0450637065
0	0.0000666126	0.0590810088	0.5589749099	0.1094129430	0.2724645256
1	0.7657579355	0.0114645125	0.0199962991	0.0223574458	0.1804238070
0	0.1461985181	0.0008334531	0.6166242523	0.0440663652	0.1922774113
0	0.0021526963	0.0000009049	0.0001448889	0.0001485431	0.9975529667
0	0.0041526692	0.1662168187	0.3984008074	0.1233907015	0.3078390032
0	0.0000678704	0.0005121817	0.1241874318	0.7654000776	0.1098324385
0	0.2212422356	0.0010435512	0.0710776983	0.1268069457	0.5798295692
0	0.3870686053	0.2641653925	0.2197384083	0.0056584793	0.1233691146
0	0.7725655185	0.0000001776	0.1216252632	0.1058090332	0.0000000075
0	0.3374849788	0.0198716316	0.4922788002	0.0983547925	0.0520097968
0	0.0000002527	0.0485381617	0.0000011684	0.0001537980	0.9513066192
0	0.0000000112	0.0000688152	0.9753231215	0.0057600130	0.0188480392
1	0.0000010800	0.0570131987	0.8429516137	0.0701330223	0.0299010852
0	0.0600515000	0.0025298152	0.0765074233	0.2026761465	0.6582351149
