0	0.1332702042	0.0710855677	0.3603337510	0.3653205637	0.0699899134
0	0.0000062617	0.0272594238	0.7558484630	0.0000000000	0.2168858515
0	0.0041101023	0.2397291186	0.0609954731	0.1035951799	0.5915701262
0	0.5097846090	0.0000000364	0.4466087949	0.0339637045	0.0096428552
0	0.0098532659	0.0000000147	0.0089035456	0.0490465982	0.9321965757
1	0.0000462482	0.2239994035	0.0947020599	0.2785151371	0.4027371512
1	0.0019934943	0.0457229940	0.3424598342	0.2687836352	0.3410400422
0	0.2535485692	0.0956594634	0.4444836235	0.0000000251	0.2063083188
0	0.3162307718	0.0000000000	0.0354267570	0.1981230433	0.4502194279
0	0.0031024838	0.0031226443	0.9004050354	0.0629424954	0.0304273412
0	0.1063664957	0.0000063696	0.5939053319	0.0656600873	0.2340617155
0	0.0077530674	0.3874284978	0.0364278965	0.4900601663	0.0783303719
0	0.0229318507	0.0000000000	0.0001633153	0.2113885178	0.7655163161
0	0.4081420033	0.0185927338	0.5563654906	0.0168997723	0.0000000000
0	0.0072030249	0.0853131581	0.0189799479	0.5421336348	0.3463702343
0	0.0000000000	0.5234334892	0.0060936978	0.2446077087	0.2258651042
0	0.0786576021	0.0000501998	0.4672397079	0.3307017929	0.1233506973
1	0.0702199214	0.0000287395	0.5596583731	0.2520635133	0.1180294527
0	0.3377753509	0.0000000000	0.1991062996	0.3939071637	0.0692111858
0	0.2336843678	0.0064215727	0.3279525124	0.4212084019	0.0107331452
0	0.0002789749	0.0000027750	0.3952956723	0.0027673438	0.6016552340
0	0.1680561777	0.0040735016	0.7040741767	0.0080137627	0.1157823812
0	0.1091495862	0.0344924494	0.0204900372	0.8080276170	0.0278403102
0	0.0025317600	0.0087495376	0.0432942287	0.0657763532	0.8796481206
0	0.7530092448	0.0000000000	0.0765046943	0.0000000032	0.1704860577
0	0.0029787498	0.0189806814	0.1115129021	0.0770019663	0.7895257004
0	0.0257671445	0.3246549463	0.0655573622	0.1260903421	0.4579302049
0	0.1013519905	0.0034388952	0.7194538938	0.0639725785	0.1117826420
0	0.1694354105	0.7905377270	0.0121513596	0.0124820680	0.0153934349
0	0.0030986960	0.2075349550	0.7148381476	0.0423220388	0.0322061626
0	0.0000000007	0.0024441495	0.1034899668	0.8597310466	0.0343348365
0	0.5564943964	0.0250030141	0.3450898727	0.0401119809	0.0333007358
0	0.0071990730	0.0781052104	0.0211507384	0.0589606005	0.8345843778
0	0.0107880152	0.0006281929	0.3644511046	0.4335364143	0.1905962730
0	0.1226685466	0.0462831644	0.0048200997	0.8110244049	0.0152037844
0	0.0004454740	0.0016340378	0.5443777257	0.0144318855	0.4391108770
0	0.0169474592	0.0323786793	0.0280233863	0.3010127783	0.6216376969
0	0.0567414640	0.2924320725	0.2282968083	0.0667107230	0.3558189322
0	0.4346909188	0.0468665001	0.0331246244	0.2763548658	0.2089630908
0	0.0026745455	0.0099042136	0.0961164790	0.7944468695	0.0968578924
0	0.3760628450	0.1433356543	0.0000003057	0.0013751114	0.4792260836
0	0.0236718302	0.2115718204	0.0002833015	0.4361688687	0.3283041792
0	0.0041265659	0.1065419925	0.2621566245	0.2937234126	0.3334514045
1	0.8221211693	0.0099750875	0.0974487684	0.0448824949	0.0255724800
0	0.6014727675	0.0309842844	0.0477420385	0.0054602216	0.3143406880
0	0.0024942652	0.0000000406	0.1027539447	0.0853414961	0.8094102534
0	0.1839649610	0.1630768264	0.0551869525	0.3408541159	0.2569171442
0	0.3175613082	0.0945457135	0.0399283738	0.4013287242	0.1466358803
1	0.3667484842	0.0033515405	0.5835620850	0.0463378901	0.0000000002
0	0.0000000057	0.0023292262	0.1284416060	0.0000000490	0.8692291131
0	0.0232578454	0.0000008906	0.0883935422	0.1572348119	0.7311129100
0	0.0561721683	0.5728128848	0.1339097549	0.2222184285	0.0148867636
0	0.0000028217	0.2927707055	0.6960495286	0.0000000000	0.0111769442
0	0.0100594739	0.0000000486	0.1151836628	0.3167318722	0.5580249426
0	0.0059157640	0.0777344025	0.0824554373	0.8338943961	0.0000000000
0	0.0000000014	0.0156326570	0.6302101657	0.3312472625	0.0229099134
0	0.0291855929	0.0040142854	0.0693037667	0.5069853182	0.3905110369
0	0.6930554141	0.0064589751	0.0021600575	0.0393660487	0.2589595046
0	0.4903652386	0.0170867603	0.0507665305	0.0107814537	0.4310000169
0	0.9883818205	0.0009711605	0.0000005051	0.0002221191	0.0104243948
0	0.3414478102	0.1274519260	0.4190084474	0.0912655475	0.0208262689
0	0.4549800612	0.0000068871	0.0338877669	0.1609405863	0.3501846986
0	0.0114255431	0.0000000000	0.0991728745	0.7886834226	0.1007181598
0	0.2513665396	0.0014872255	0.0025403159	0.6937718991	0.0508340199
0	0.7228074973	0.1077423041	0.0632528492	0.0082121666	0.0979851828
0	0.0944079720	0.0323083322	0.2442350346	0.4917160309	0.1373326303
0	0.0100671104	0.1425217862	0.4389628058	0.0342023106	0.3742459871
0	0.0001391185	0.8762176473	0.0435768122	0.0008605806	0.0792058414
0	0.0150131981	0.0000025882	0.0745516375	0.0130229199	0.8974096562
0	0.1966305626	0.1426520915	0.5798795715	0.0683056853	0.0125320890
0	0.0115599184	0.0000081685	0.0046875190	0.9810859794	0.0026584148
0	0.1514135205	0.0009438937	0.8369843086	0.0013143859	0.0093438914
0	0.0960070257	0.0350476628	0.3289519396	0.5321531719	0.0078402001
0	0.6442552568	0.1004025976	0.0676618850	0.1865690446	0.0011112159
0	0.0749909283	0.0245996502	0.0168029784	0.6976562298	0.1859502133
1	0.1151547994	0.1312132480	0.7448009672	0.0063212402	0.0025097453
0	0.1339691473	0.0124815676	0.3022953181	0.4362147411	0.1150392259
0	0.0000020249	0.0000014519	0.1889958624	0.8053779909	0.0056226699
0	0.0000000959	0.0639350414	0.8736352062	0.0292263406	0.0332033159
0	0.0557823727	0.0002046977	0.0000000620	0.8823473965	0.0616654710
0	0.0003933988	0.0122478213	0.1849696709	0.2460570192	0.5563320898
0	0.0410595351	0.0000023090	0.0068089697	0.0096359545	0.9424932316
0	0.0000000000	0.0288672411	0.2337064149	0.0220272698	0.7153990742
0	0.0135776536	0.0001340279	0.8418157224	0.1061730492	0.0382995469
0	0.0000000840	0.1438135707	0.1846865023	0.0117464458	0.6597533971
0	0.0000000000	0.0009485093	0.9426640954	0.0038485729	0.0525388223
0	0.0021912725	0.0446669902	0.0056047383	0.8423243963	0.1052126026
0	0.4752813103	0.0032930305	0.0000519036	0.0984206021	0.4229531536
0	0.3362380213	0.0000378873	0.3939793744	0.2693677064	0.0003770106
0	0.0198805518	0.4027646997	0.4975741188	0.0733886761	0.0063919536
2	0.0010882224	0.0059231914	0.1191694788	0.2693389033	0.6044802042
0	0.0004453945	0.0007833214	0.0372664156	0.1032992770	0.8582055915
0	0.0878682198	0.0068317995	0.3866233082	0.5034051303	0.0152715423
0	0.1930190339	0.2943319097	0.0285313158	0.0000000000	0.4841177407
0	0.2782469877	0.0246371415	0.1796103101	0.4802522141	0.0372533467
0	0.0000007818	0.0000000002	0.0290613119	0.0837626918	0.8871752143
0	0.0000054786	0.0132366941	0.5802271691	0.0469781273	0.3595525309
0	0.0621959521	0.0032991043	0.0038110244	0.4770960340	0.4535978853
0	0.4775336250	0.0360020129	0.0004713173	0.0000678963	0.4859251485
0	0.2192169081	0.0284973155	0.2914470850	0.1978987740	0.2629399175
