0	0.0008257391	0.0174484914	0.0359882526	0.0000000122	0.9457375047
0	0.0001337063	0.0000000000	0.0151757327	0.0004018970	0.9842886640
0	0.0357924090	0.6986971184	0.1988772530	0.0000000000	0.0666332195
0	0.0172854314	0.0734560187	0.3852144285	0.1006625007	0.4233816207
0	0.0000418160	0.0629685129	0.1979648640	0.0082465754	0.7307782317
0	0.0032957245	0.0058491738	0.0028213314	0.0013923944	0.9866413759
0	0.0032524346	0.0574190191	0.0003745214	0.0011901986	0.9377638263
0	0.0000001254	0.6591150021	0.0062619278	0.1217017315	0.2129212133
0	0.0012179719	0.0460043036	0.0159198358	0.0258555297	0.9110023590
0	0.1922881709	0.1748154167	0.0102546507	0.3707201426	0.2519216190
0	0.0000000301	0.0003135116	0.0038302299	0.0000000001	0.9958562282
0	0.0269275909	0.2998238054	0.0001842463	0.0000289093	0.6730354481
0	0.0000000003	0.0137859889	0.0020740168	0.0251813860	0.9589586080
0	0.0002204707	0.1132712894	0.0000000000	0.6736856756	0.2128225643
0	0.0167611643	0.5174622840	0.2321251251	0.0530674868	0.1805839399
0	0.0866784566	0.5180781687	0.0681976229	0.0032932160	0.3237525357
0	0.0440639782	0.7561633177	0.0005745776	0.1860608730	0.0131372535
0	0.4952261466	0.1017775455	0.0102319243	0.0022928684	0.3904715152
0	0.0000603995	0.1267698253	0.3990928826	0.3448869778	0.1291899148
0	0.0000000000	0.0647277031	0.0005670519	0.0089474480	0.9257577970
0	0.0986885632	0.5546915858	0.0218972606	0.0000029154	0.3247196750
0	0.1369311914	0.3658357107	0.0000691166	0.0251164705	0.4720475108
0	0.1172111736	0.0279073652	0.0000000000	0.5338685950	0.3210128661
0	0.0110677599	0.0000000005	0.0484981901	0.7094567348	0.2309773147
0	0.0483172706	0.1326418581	0.1537513340	0.0400167379	0.6252727994
0	0.0212125074	0.0011287747	0.1479353215	0.0020026397	0.8277207567
0	0.0538889593	0.0574060956	0.0655071601	0.3027714953	0.5204262897
0	0.0317475801	0.5254572935	0.0000343286	0.3475752801	0.0951855177
0	0.1555056448	0.2843797696	0.0196878554	0.0005696664	0.5398570638
0	0.0068631694	0.8725223509	0.0000000014	0.1196365664	0.0009779119
0	0.2453874929	0.3707061942	0.1444137709	0.1342967341	0.1051958078
0	0.0000000003	0.0435659148	0.0146524496	0.8867968333	0.0549848020
0	0.0030704662	0.1220396314	0.0004099658	0.0029591446	0.8715207919
0	0.0492706996	0.2933630003	0.0367904571	0.0110219440	0.6095538990
0	0.1875207785	0.0552885504	0.0710344821	0.0019692796	0.6841869094
0	0.0057734465	0.1734630209	0.0034829402	0.0507716988	0.7665088935
1	0.0155743525	0.4077608921	0.4369947264	0.0272014273	0.1124686017
0	0.0000000000	0.2785187381	0.0000000000	0.6958741196	0.0256071423
1	0.0000000000	0.8130870434	0.0010093510	0.0034572645	0.1824463411
0	0.1239825847	0.0117716435	0.0205890454	0.0492588209	0.7943979055
0	0.0011458972	0.0205989764	0.0000000000	0.0134376839	0.9648174425
0	0.2004430302	0.7481981955	0.0077610831	0.0000772273	0.0435204640
0	0.0429074729	0.4009484750	0.0046542202	0.0291238867	0.5223659453
1	0.0000000000	0.9944131851	0.0000000539	0.0055864011	0.0000003599
0	0.0847975629	0.0000000000	0.7476025124	0.0223345566	0.1452653680
2	0.1677631216	0.1458756043	0.3134468045	0.0551589006	0.3177555689
0	0.0000000000	0.9227688967	0.0011479389	0.0717889029	0.0042942615
1	0.3827349393	0.1220163288	0.2943162515	0.0003987834	0.2005336970
0	0.1690346086	0.0000028073	0.2136111454	0.0000000011	0.6173514377
0	0.0007592023	0.0116561806	0.1968278367	0.0000000010	0.7907567794
0	0.2311290038	0.0000227788	0.6505055256	0.0000017236	0.1183409681
0	0.0000000526	0.7151930413	0.0000003406	0.1734934309	0.1113131347
0	0.0040551322	0.0736913535	0.0040435905	0.0002092829	0.9180006409
0	0.0000000000	0.1563087799	0.0712423028	0.0285851800	0.7438637373
0	0.0000002311	0.0422865912	0.1776625816	0.0006816531	0.7793689429
0	0.1613447069	0.0144393912	0.0149147328	0.0117050563	0.7975961127
0	0.0489111856	0.0948425883	0.0098826272	0.0058620387	0.8405015602
0	0.0000000184	0.2392350152	0.1545797323	0.0817223404	0.5244628937
1	0.1015685898	0.2404249997	0.3218152883	0.1970540333	0.1391370890
0	0.0101074331	0.2747156331	0.5631919664	0.0206432116	0.1313417559
0	0.0018055211	0.0267150388	0.8273005842	0.1416679781	0.0025108779
0	0.8006894601	0.0426175820	0.0262870487	0.0433940618	0.0870118473
1	0.0703241420	0.0000000001	0.0469108198	0.0027358834	0.8800291547
0	0.0000000657	0.0389339743	0.1581565015	0.0000001195	0.8029093390
0	0.0310654887	0.3718771039	0.0219601667	0.0000000000	0.5750972407
0	0.0000000018	0.0010521179	0.0025585061	0.0000977797	0.9962915944
0	0.1350384180	0.3635948445	0.2602706759	0.0000077792	0.2410882823
0	0.0016651401	0.2862790899	0.0000000705	0.0364499075	0.6756057920
0	0.0021941592	0.7742577972	0.0005477690	0.0000000000	0.2230002746
0	0.0056877520	0.0815958971	0.1058656549	0.0090453443	0.7978053517
0	0.0233787496	0.0031967565	0.0374104680	0.0026344501	0.9333795757
0	0.0061169105	0.0622662907	0.0016303240	0.0193389562	0.9106475185
0	0.1111946770	0.8718325070	0.0162550809	0.0000000002	0.0007177350
0	0.0037549956	0.4320551823	0.4603301370	0.0000169076	0.1038427776
1	0.0166999187	0.4552782421	0.0476881639	0.0900180148	0.3903156604
0	0.0411693352	0.0076184627	0.1294762290	0.4005028250	0.4212331481
0	0.1017219305	0.7452726817	0.0462771763	0.0319651891	0.0747630223
0	0.0024348148	0.7315244426	0.0963228568	0.0000000938	0.1697177920
0	0.6985315540	0.0000001685	0.0085171091	0.0000013737	0.2929497947
0	0.0094345884	0.2742947958	0.7160587291	0.0000000047	0.0002118819
0	0.1182790778	0.0000000003	0.0000001364	0.5622976611	0.3194231244
0	0.0209281669	0.0551478103	0.0716972052	0.0624782166	0.7897486011
1	0.0000000000	0.4622932169	0.1948937512	0.0000000000	0.3428130318
0	0.0000000000	0.1172042599	0.0436075443	0.0000594120	0.8391287838
0	0.0009939709	0.0467394290	0.0254324136	0.0000000000	0.9268341866
0	0.0371918291	0.3156620732	0.0003811787	0.0082644442	0.6385004747
0	0.0000170896	0.0373085726	0.2314108447	0.0577459215	0.6735175716
0	0.1603425234	0.0763352285	0.2231029793	0.2776831500	0.2625361187
0	0.0135005271	0.4388710621	0.3380546627	0.0000023140	0.2095714342
0	0.0303832910	0.0005280097	0.0000000020	0.0179420870	0.9511466103
0	0.3214051863	0.1037536518	0.0161613402	0.0000011460	0.5586786757
0	0.0083485561	0.0052267447	0.4660669764	0.0002482629	0.5201094600
0	0.0017186142	0.5248921050	0.4518017666	0.0000000000	0.0215875141
0	0.0066820340	0.0136736286	0.0000500057	0.3126491706	0.6669451610
0	0.0034351842	0.0990554241	0.0067500335	0.1340787710	0.7566805871
0	0.0000000052	0.3749406887	0.0000000230	0.1431163418	0.4819429413
0	0.0000002330	0.1103214471	0.0048064955	0.0030688295	0.8818029948
0	0.0267385133	0.0001310469	0.0002501341	0.8686597834	0.1042205223
0	0.0000000038	0.6648672976	0.0783641704	0.0036404885	0.2531280396
0	0.0023946626	0.1071641685	0.0176962410	0.1927805515	0.6799643764
