0	0.0732269927	0.0164328385	0.2053532754	0.2943589706	0.4106279229
0	0.1891687767	0.2311550416	0.0000258945	0.4971346040	0.0825156834
0	0.0000000000	0.0000000002	0.4724937239	0.3118977160	0.2156085599
0	0.0000000000	0.0000111024	0.9157563418	0.0030440831	0.0811884727
0	0.0004838488	0.0001405507	0.0535240553	0.3914930073	0.5543585379
0	0.0208464981	0.0000557943	0.0764085479	0.0366093249	0.8660798347
0	0.4418792837	0.2272039745	0.0239099575	0.1478704678	0.1591363165
0	0.0004087734	0.5840762105	0.0847171521	0.2905644323	0.0402334318
0	0.3523055538	0.2302933719	0.0105357697	0.2804309841	0.1264343205
0	0.2380895275	0.1049432839	0.0356348206	0.0000000000	0.6213323680
0	0.0000004355	0.0000039480	0.0507243225	0.4001904615	0.5490808324
0	0.0562942202	0.2387849121	0.0001192009	0.0502514112	0.6545502557
0	0.0000072329	0.1992500803	0.0483036346	0.2956412756	0.4567977766
0	0.2418801057	0.0000145332	0.4760544061	0.2729370673	0.0091138877
0	0.0000707179	0.1235477702	0.3370852218	0.2864879872	0.2528083030
0	0.0235742051	0.0000000000	0.3003121043	0.6619850961	0.0141285945
0	0.0186271434	0.0053799072	0.3051561812	0.6708315960	0.0000051722
0	0.0000040650	0.0172780715	0.9311494116	0.0000296930	0.0515387588
0	0.2640184636	0.0354748955	0.4897957921	0.2106498491	0.0000609996
0	0.0632585905	0.2193442228	0.7122679766	0.0000000000	0.0051292101
0	0.3014510033	0.0204158682	0.1809090999	0.2238719670	0.2733520616
0	0.0162050703	0.0219407359	0.5402034554	0.4051984504	0.0164522880
1	0.7338419527	0.0213495636	0.0038821795	0.0256295976	0.2152967066
0	0.0714986826	0.8418050018	0.0444272961	0.0422690195	0.0000000000
0	0.0034151555	0.7992514800	0.0312056753	0.0120165276	0.1541111616
0	0.0026467330	0.0000000029	0.8873485563	0.0733536720	0.0366510356
0	0.0000000558	0.0000000078	0.8893867017	0.0931123384	0.0175008963
0	0.0001861016	0.0010451506	0.0322642378	0.9543081405	0.0121963694
0	0.2916422368	0.0147017818	0.4252688668	0.0001934150	0.2681936996
0	0.0102344271	0.0518484847	0.2932513934	0.0001055439	0.6445601509
0	0.0005383959	0.0024838917	0.7001035511	0.0062035847	0.2906705765
0	0.0005143116	0.0143661786	0.0112122962	0.0067909121	0.9671163015
0	0.2439536942	0.0002901974	0.4293401597	0.2503920014	0.0760239474
0	0.2317218909	0.4454616114	0.2929127954	0.0080464477	0.0218572546
0	0.0203804593	0.0142792894	0.8254874478	0.1366523381	0.0032004655
0	0.0945381266	0.6967315784	0.1928445240	0.0000520555	0.0158337154
0	0.0026705937	0.1222706605	0.1572671938	0.0049105426	0.7128810093
0	0.1118275696	0.0000000583	0.7843592680	0.0545070804	0.0493060236
0	0.0063843735	0.1960818531	0.4232713334	0.1798026706	0.1944597695
0	0.0108197095	0.0275732436	0.9139322995	0.0000000000	0.0476747473
0	0.2260994400	0.1470541834	0.0056502038	0.1645063264	0.4566898464
0	0.0097073833	0.0073216689	0.0002411894	0.0224302848	0.9602994736
0	0.0023956558	0.6167376166	0.0962548657	0.2464810482	0.0381308136
0	0.0001056977	0.0223172518	0.0027177928	0.5066827731	0.4681764845
1	0.0076887090	0.0000000000	0.9344996199	0.0569452032	0.0008664680
0	0.0044791836	0.0148108538	0.0185076277	0.9115114264	0.0506909085
0	0.3416848264	0.3157508479	0.1165074890	0.2042729509	0.0217838857
0	0.3293838138	0.0000000031	0.0272343517	0.0721218860	0.5712599454
0	0.4613545100	0.0001733877	0.0099555965	0.0190843650	0.5094321408
0	0.7116935111	0.0000000000	0.0295468279	0.2587596609	0.0000000000
0	0.0356007862	0.0000006074	0.1805121343	0.0054707799	0.7784156922
0	0.0026194052	0.0127103867	0.5503005740	0.0020086347	0.4323609994
0	0.1258353747	0.2412770280	0.0075101831	0.6069444495	0.0184329647
0	0.0000024174	0.0191940199	0.2355375890	0.2304457222	0.5148202516
0	0.5434597523	0.0174059830	0.1593946757	0.0083988948	0.2713406940
0	0.2981854108	0.0023172499	0.0946879971	0.3944877233	0.2103216190
1	0.1144207173	0.1305376409	0.0410911500	0.3620280947	0.3519223972
0	0.0045677597	0.1100652382	0.1104242323	0.5907215264	0.1842212433
0	0.0000006603	0.3323874194	0.5763688240	0.0361382879	0.0551048084
0	0.0188074773	0.0205632435	0.5755923187	0.0454765417	0.3395604188
0	0.0416486891	0.1371953548	0.0159011914	0.7725025341	0.0327522307
0	0.0000000000	0.0000000006	0.9424268506	0.0441357542	0.0134373946
0	0.0000000000	0.0138976637	0.0355494789	0.7245407922	0.2260120652
0	0.2473936741	0.0682923076	0.5015028205	0.1438957418	0.0389154560
0	0.0250092696	0.0000000060	0.0552443876	0.4076969312	0.5120494056
0	0.0005539635	0.0600967801	0.0873691657	0.6164219916	0.2355580991
0	0.1032672848	0.0000000000	0.2143860185	0.6818816261	0.0004650706
0	0.4264424553	0.0489917392	0.1909499959	0.0549749704	0.2786408392
0	0.4335260783	0.0000009584	0.3897441689	0.0225488250	0.1541799695
0	0.0000000000	0.1806327479	0.0807216534	0.6729135207	0.0657320781
0	0.3665167268	0.0652703841	0.4643648945	0.0843403969	0.0195075976
0	0.0046851232	0.0000000000	0.6307773091	0.0127901771	0.3517473906
0	0.0249407600	0.0000138599	0.0114372603	0.6769314114	0.2866767085
0	0.3211303392	0.4579705433	0.0000232830	0.0273615259	0.1935143086
0	0.3560630440	0.0001989273	0.0423742705	0.5514263336	0.0499374246
0	0.0470189897	0.0000000422	0.0351400067	0.5698718060	0.3479691553
0	0.1538795632	0.2013816089	0.0000499932	0.6431904335	0.0014984011
0	0.3040893256	0.0021085573	0.0982065748	0.5943041682	0.0012913741
0	0.2369374943	0.0045920079	0.4591021871	0.2780889334	0.0212793773
0	0.0000000000	0.0084862109	0.7250211441	0.1884392241	0.0780534209
0	0.2299682798	0.0523119185	0.0842493477	0.0209351231	0.6125353309
0	0.2599727649	0.0000134919	0.1549013443	0.4147821898	0.1703302091
2	0.0006066962	0.0000000000	0.7711385207	0.2282534666	0.0000013165
1	0.0051069478	0.1347123579	0.6035691738	0.0001860855	0.2564254349
0	0.0004265849	0.0000000001	0.0184942150	0.9794466285	0.0016325715
0	0.0066367708	0.1261574916	0.5840729417	0.0069245576	0.2762082383
0	0.2876734009	0.0013547201	0.6786103431	0.0323615353	0.0000000006
0	0.0149482703	0.0042596798	0.6897906785	0.2428051546	0.0481962167
1	0.3444982717	0.0000799883	0.5103646125	0.1428722689	0.0021848586
0	0.0017736260	0.0246564626	0.8624879850	0.1101718596	0.0009100667
1	0.2398840486	0.0085716575	0.6751900100	0.0000000009	0.0763542830
0	0.0626598889	0.0018221727	0.3970736142	0.0258312770	0.5126130471
0	0.0040232699	0.0962195890	0.1744510634	0.2373399754	0.4879661022
0	0.0000000003	0.1358721404	0.0761237258	0.1189174047	0.6690867288
0	0.1216333749	0.0000000006	0.7153118290	0.0525701556	0.1104846399
0	0.0011314027	0.0494819911	0.2707679319	0.0029173539	0.6757013204
0	0.1951279162	0.2349935273	0.0965161279	0.0049544227	0.4684080059
0	0.0393622511	0.0951668080	0.1310549156	0.4274074313	0.3070085939
0	0.0078654146	0.0040335519	0.5388085413	0.0008525221	0.4484399701
1	0.2193347990	0.0000000000	0.0059366404	0.5202088803	0.2545196803
