0	0.0000000000	0.4034951108	0.0017854343	0.1321889469	0.4625305080
0	0.2746841430	0.2936166021	0.0000173742	0.0080283467	0.4236535341
0	0.0007781136	0.0141927159	0.0854999409	0.6445378761	0.2549913535
0	0.0109234812	0.7040350244	0.0000000092	0.2156826771	0.0693588081
0	0.0195529699	0.0139986811	0.0446893296	0.0000000000	0.9217590195
0	0.0316054367	0.0032363166	0.0012610774	0.0184185853	0.9454785840
0	0.0229379958	0.0006107084	0.0036056430	0.3821900381	0.5906556147
0	0.0000000356	0.0544786785	0.1439887568	0.1347576104	0.6667749187
0	0.7146823748	0.1955176833	0.0252415869	0.0585099919	0.0060483631
0	0.0000000004	0.0621457364	0.0727167592	0.0001301028	0.8650074012
0	0.3153123838	0.2434612244	0.0000000000	0.0090169158	0.4322094760
1	0.1592613538	0.0013922320	0.3642179314	0.0151880039	0.4599404788
0	0.0905842221	0.6081506197	0.0199971726	0.2035707208	0.0776972648
0	0.0138945469	0.2168959235	0.0394124947	0.7240823080	0.0057147269
0	0.0039443654	0.4032751368	0.0035601837	0.2547041457	0.3345161683
0	0.1081159475	0.6780164395	0.0003585461	0.0023471933	0.2111618737
0	0.0833093672	0.2977978580	0.1341796089	0.0021730552	0.4825401106
0	0.0011968369	0.5985050364	0.3208600436	0.0428759836	0.0365620995
0	0.0294030060	0.0146173829	0.0477648455	0.1366661773	0.7715485882
0	0.0247307745	0.0998275571	0.0008468841	0.1563047071	0.7182900771
0	0.0170668400	0.1424370521	0.7282368512	0.0030692298	0.1091900270
0	0.0079433353	0.0000000000	0.5359915092	0.3209259101	0.1351392454
0	0.0056972193	0.0869899064	0.0055726615	0.0823540929	0.8193861199
0	0.0170190790	0.9522723674	0.0000000000	0.0065694993	0.0241390543
0	0.1385902920	0.8309423065	0.0034671216	0.0025341036	0.0244661763
0	0.0000501139	0.0974048960	0.0041875235	0.4746194273	0.4237380393
0	0.3983262359	0.1259486958	0.0200229810	0.0003614993	0.4553405880
0	0.0055486019	0.3137706807	0.0866891967	0.1097392725	0.4842522481
0	0.0000000043	0.3639798138	0.0000000089	0.0353292910	0.6006908821
0	0.0000045360	0.2772603594	0.2488064893	0.2531248339	0.2208037814
0	0.2236782209	0.6495158258	0.0486766525	0.0000301210	0.0780991798
0	0.0217682968	0.9440004483	0.0312953402	0.0000000000	0.0029359148
0	0.0259060964	0.0594626343	0.0374740372	0.0559337658	0.8212234663
0	0.1954608873	0.4867292583	0.0059855968	0.3060239505	0.0058003070
0	0.1144145396	0.1531613822	0.4692225899	0.0000041652	0.2631973230
0	0.0986581100	0.1445708828	0.0030897970	0.0476947676	0.7059864426
0	0.0065746239	0.7027031867	0.0202807076	0.0997976666	0.1706438153
0	0.0072373634	0.6683032612	0.0356908893	0.0001740916	0.2885943945
0	0.0254908469	0.7250200837	0.0151910741	0.0001222509	0.2341757444
1	0.1197053833	0.0025522250	0.5144385245	0.0019182428	0.3613856244
0	0.0027249685	0.3594348474	0.0000438076	0.0004288916	0.6373674848
0	0.2525609800	0.2840177217	0.2994547532	0.0000883304	0.1638782147
0	0.0631064345	0.1666488783	0.2339159946	0.0004355034	0.5358931892
0	0.0000001175	0.5066727657	0.0002810354	0.0988205624	0.3942255190
0	0.1350312026	0.0166740199	0.0000000000	0.8189076341	0.0293871434
0	0.1689076033	0.2818740291	0.4917770246	0.0000000000	0.0574413431
0	0.0002435567	0.0335644270	0.0278769522	0.0000000000	0.9383150642
0	0.0962629903	0.4278407703	0.4156188002	0.0000006142	0.0602768250
0	0.0053810286	0.2514720812	0.4121334651	0.3115051094	0.0195083157
0	0.0108683093	0.0037267666	0.1373584159	0.0740457905	0.7740007178
0	0.0000000001	0.6026965196	0.2436561911	0.0000000000	0.1536472892
0	0.2592989817	0.0759811454	0.0393882788	0.0000507022	0.6252808918
0	0.0000009404	0.4545800779	0.2172589034	0.1277204945	0.2004395838
0	0.2206563812	0.0000090499	0.4696975159	0.1783737782	0.1312632748
0	0.0000000000	0.6087766004	0.2266344123	0.0000000000	0.1645889873
0	0.2067552909	0.0093663099	0.1038410530	0.0018262280	0.6782111181
0	0.1568652204	0.3317652341	0.4029849661	0.1070870559	0.0012975236
0	0.0000006368	0.0007083722	0.0594945644	0.0000000023	0.9397964242
2	0.0001013604	0.2861151169	0.0167312261	0.6970522965	0.0000000000
1	0.0000020200	0.0000911038	0.1857042362	0.3632025595	0.4510000805
1	0.0631368034	0.0054724151	0.0000122089	0.5754914071	0.3558871656
0	0.0762412734	0.3333579357	0.4866470955	0.0028834868	0.1008702086
0	0.4194859220	0.2073104555	0.1064857140	0.0413752158	0.2253426928
0	0.1237272725	0.0229380428	0.1507813416	0.0000000000	0.7025533431
0	0.5392376914	0.1362353121	0.0003782463	0.0016991173	0.3224496329
1	0.0000000002	0.0256334490	0.0000000000	0.0077729840	0.9665935668
0	0.0000000000	0.1968513263	0.1540003173	0.0216496916	0.6274986648
1	0.1644937321	0.4170923356	0.3669256337	0.0445576884	0.0069306102
0	0.0000217731	0.6317782439	0.0063920050	0.3422956537	0.0195123243
0	0.0000000000	0.0016797778	0.6172030576	0.0154931350	0.3656240296
0	0.2374366480	0.7065754066	0.0000105106	0.0382128456	0.0177645892
0	0.0033150373	0.3093968259	0.0001263662	0.5099805087	0.1771812619
0	0.6194601845	0.0348234853	0.1069170294	0.0059961920	0.2328031088
0	0.2516119903	0.0000000000	0.0010450248	0.0000000002	0.7473429848
0	0.4768419226	0.0209115916	0.0094207460	0.0000000345	0.4928257054
0	0.9355335589	0.0520479978	0.0115211130	0.0003613093	0.0005360211
0	0.2129868822	0.2085939504	0.3049246694	0.0037630410	0.2697314570
1	0.0006409556	0.9303876682	0.0066811353	0.0147367355	0.0475535054
0	0.0208928939	0.9611066346	0.0175885390	0.0000042842	0.0004076483
0	0.0521772896	0.6718586740	0.0003072160	0.0000000286	0.2756567918
0	0.0052323028	0.8629602332	0.0187355883	0.0000000000	0.1130718757
0	0.6434132783	0.0427712225	0.0001321610	0.2775807921	0.0361025461
0	0.3223045746	0.3352962736	0.0132655615	0.0000178811	0.3291157092
0	0.0000000000	0.5183760547	0.0464914871	0.0000397400	0.4350927183
0	0.0001081333	0.0904086405	0.0000014455	0.0912530537	0.8182287270
0	0.0022215006	0.0137470414	0.0605392844	0.0011866643	0.9223055092
0	0.0231878843	0.2348589186	0.4029694705	0.1865370777	0.1524466488
0	0.1648783779	0.5169272513	0.0280719908	0.1601485558	0.1299738243
1	0.0006747036	0.9726026281	0.0000537717	0.0248229492	0.0018459474
0	0.0670728043	0.8573542809	0.0235584831	0.0513234276	0.0006910041
0	0.0027798364	0.4374970592	0.0173216218	0.0613683146	0.4810331681
1	0.0466907159	0.5413630603	0.0000000000	0.0218216937	0.3901245300
0	0.1060967173	0.0908346536	0.3064053413	0.0000085837	0.4966547041
0	0.0538807201	0.1999862833	0.1788098053	0.2920699284	0.2752532630
0	0.0030216928	0.5943509526	0.0000000001	0.2900073390	0.1126200156
0	0.0106800059	0.0004880076	0.0025798609	0.0000259987	0.9862261269
0	0.4374651707	0.4724344578	0.0634980009	0.0249359916	0.0016663790
0	0.0000000222	0.0000000355	0.0000112967	0.0111886515	0.9887999941
0	0.0000000005	0.0801017995	0.0828649264	0.0381852032	0.7988480704
1	0.0000000000	0.3385562027	0.0002971034	0.3748755549	0.2862711390
