0	0.6065018442	0.0085755295	0.0743310950	0.0001750316	0.3104164997
1	0.0920245125	0.0102438455	0.8859854944	0.0083360038	0.0034101438
0	0.0282987567	0.0000000000	0.1670045507	0.8046966926	0.0000000000
0	0.0278958164	0.0023340667	0.9451803454	0.0006777136	0.0239120579
1	0.0000000000	0.0668030491	0.4324287805	0.4064491218	0.0943190486
0	0.0316610486	0.0027061525	0.2546708807	0.2467768487	0.4641850695
0	0.0096794654	0.0433976457	0.7994356798	0.1000355528	0.0474516564
0	0.0002529472	0.0078756065	0.8461391151	0.0892626093	0.0564697220
0	0.3050901447	0.2363213419	0.1308804810	0.3253595754	0.0023484570
0	0.1056742342	0.0076302261	0.4538904581	0.2974466939	0.1353583877
0	0.2633073572	0.0007271138	0.4646921302	0.1747032861	0.0965701127
0	0.0125235217	0.0142929960	0.5538335759	0.4186201470	0.0007297594
0	0.0001083181	0.0671634595	0.6094852384	0.1976441635	0.1255988204
1	0.0114343095	0.0020974357	0.2985772414	0.6847188245	0.0031721890
0	0.6718959509	0.0000067589	0.2277822325	0.0750226485	0.0252924092
0	0.0000178779	0.0000133847	0.9314924985	0.0684668640	0.0000093749
0	0.0000093358	0.0163562073	0.0000549302	0.0046379625	0.9789415642
0	0.1017129785	0.0252627234	0.0004583938	0.3533658170	0.5192000872
0	0.2330010527	0.0017329718	0.3373148926	0.4279510828	0.0000000000
0	0.1506919905	0.0323664163	0.0464560765	0.0023487913	0.7681367254
0	0.0160105538	0.0309747713	0.3591030146	0.4781783908	0.1157332695
0	0.1142288801	0.6675305384	0.0811759297	0.0763208324	0.0607438194
1	0.0022597850	0.0002135809	0.1587725154	0.8150305025	0.0237236163
0	0.0243746541	0.0474190778	0.7855504988	0.0779161844	0.0647395849
0	0.0000011716	0.0000000000	0.0000000000	0.0398510463	0.9601477821
0	0.0253221647	0.1841553770	0.7083339923	0.0821884658	0.0000000000
0	0.0685476707	0.0006110050	0.9154656351	0.0067753127	0.0086003765
0	0.3440811421	0.0420709341	0.0003772416	0.5961154849	0.0173551972
0	0.1798484812	0.0000000000	0.1170733451	0.5647059521	0.1383722216
0	0.5252065462	0.0022561252	0.0000048677	0.0139558997	0.4585765611
0	0.0000000009	0.0000000000	0.8834970523	0.0105108330	0.1059921138
0	0.4546108274	0.2069430793	0.0012538642	0.0985835443	0.2386086848
0	0.0233494447	0.0314291725	0.6650068581	0.0000000000	0.2802145247
0	0.0000148648	0.0875270166	0.6154775092	0.0000000000	0.2969806094
0	0.2563717650	0.0025954030	0.7164902671	0.0245180637	0.0000245011
0	0.0000270641	0.2616380288	0.1712061535	0.0711369988	0.4959917548
0	0.0000361392	0.0000003606	0.9375073209	0.0623952114	0.0000609679
0	0.2660071808	0.0000000000	0.2829467368	0.4334457803	0.0176003021
0	0.0071208633	0.0804203937	0.3338697973	0.0346217684	0.5439671773
0	0.0875639282	0.0379593009	0.0060588599	0.5090126622	0.3594052488
0	0.3354439976	0.1374029733	0.0001419315	0.4943380107	0.0326730869
0	0.3666684823	0.0472573279	0.0004659608	0.2930944450	0.2925137840
0	0.0031956976	0.0407681316	0.4847056691	0.4648423788	0.0064881229
0	0.8327861906	0.0601453623	0.0112440257	0.0779767488	0.0178476726
1	0.0308685118	0.0000000000	0.7543973666	0.1037817846	0.1109523369
0	0.2189020168	0.2007758370	0.0276981412	0.0607428932	0.4918811118
0	0.1651991195	0.0924374431	0.5313579130	0.1271247973	0.0838807271
1	0.0029473068	0.0057444572	0.4197995831	0.2177243500	0.3537843029
0	0.0086607893	0.2786765511	0.0247124843	0.4997194859	0.1882306894
0	0.5461455560	0.0357237216	0.0049945298	0.0142539396	0.3988822529
0	0.0001079832	0.1876769056	0.6099596377	0.1502375425	0.0520179309
0	0.0005797998	0.0000493711	0.6757331191	0.0183708454	0.3052668645
0	0.9697377675	0.0000000000	0.0000000036	0.0139377422	0.0163244866
0	0.0036489139	0.1170367106	0.5200826528	0.3277612793	0.0314704434
0	0.0340701559	0.0006526710	0.8448078936	0.0000000000	0.1204692794
0	0.0004014449	0.0575765659	0.5599505393	0.3814949020	0.0005765479
1	0.0905294937	0.0001062922	0.7233979577	0.1855987819	0.0003674745
1	0.0178670719	0.0029878237	0.7213782543	0.2547095505	0.0030572997
0	0.0001894349	0.0236580968	0.4713992682	0.5047532001	0.0000000000
0	0.0006693923	0.0468440126	0.1134280319	0.0038716708	0.8351868924
0	0.5126015883	0.1018056647	0.0482516532	0.1109169221	0.2264241716
0	0.0132760289	0.0653487963	0.2978286260	0.5793899184	0.0441566303
0	0.0448273363	0.0011173154	0.0479429868	0.0487410345	0.8573713270
0	0.0986002245	0.0034155266	0.0526454246	0.7852694828	0.0600693416
0	0.0000000822	0.2411443480	0.5223687495	0.0711139811	0.1653728392
0	0.7068464832	0.0710317801	0.0386833650	0.0362668908	0.1471714809
0	0.0330462328	0.2870599879	0.0000002431	0.1053424742	0.5745510621
1	0.3283496889	0.0185307956	0.2583513828	0.1541975131	0.2405706195
2	0.0183212916	0.0002822688	0.6023454449	0.0397661924	0.3392848023
1	0.0536322305	0.0039136993	0.1123908756	0.8293432312	0.0007199633
0	0.0007452086	0.0004764966	0.0000000001	0.7589395887	0.2398387061
0	0.0075507471	0.0061249113	0.0014689516	0.5812799378	0.4035754522
0	0.0000000000	0.0053161568	0.0307874865	0.0000029158	0.9638934409
0	0.0724261434	0.0653512498	0.7193590785	0.1426957247	0.0001678036
0	0.0207599834	0.0120064250	0.2949122752	0.3872599232	0.2850613932
0	0.0218747298	0.0017689782	0.9226411548	0.0528531863	0.0008619509
0	0.0034102584	0.0011544438	0.0085264676	0.0574757259	0.9294331043
0	0.0000011184	0.0082950757	0.0414401249	0.0000143051	0.9502493759
0	0.0114628565	0.0244707310	0.2791599017	0.5877055490	0.0972009618
0	0.0001070848	0.7583400697	0.1517138284	0.0110684850	0.0787705322
0	0.2057709805	0.0147282749	0.7457852283	0.0336837404	0.0000317759
0	0.1242467469	0.0273896003	0.6901675385	0.0001413573	0.1580547569
0	0.2745599478	0.0000662174	0.2025046368	0.2309596273	0.2919095707
0	0.7722540533	0.0052271219	0.0510106978	0.0875322092	0.0839759179
0	0.0455068645	0.0557933076	0.0988265253	0.2981753905	0.5016979122
0	0.0024949190	0.0675062580	0.9105579841	0.0165579204	0.0028829186
0	0.0454636647	0.0000000000	0.0013818237	0.4572143302	0.4959401814
0	0.4902964264	0.0128549462	0.1445981751	0.3447466748	0.0075037775
0	0.0022768977	0.4408300882	0.0682522418	0.3292442324	0.1593965400
0	0.2440631312	0.0000762575	0.0056396691	0.7254154877	0.0248054544
0	0.0934382939	0.0316655865	0.4182906911	0.0001635681	0.4564418603
0	0.0002530570	0.3028740225	0.1480190638	0.5199288346	0.0289250221
0	0.0426957939	0.3608700414	0.3741553693	0.0362228066	0.1860559889
0	0.0036564627	0.0655791893	0.2332995412	0.4762041386	0.2212606682
0	0.0351110048	0.0000000217	0.0247074777	0.9240863580	0.0160951378
0	0.0000000114	0.0474120377	0.9045306372	0.0439979210	0.0040593927
0	0.0217409065	0.3627859460	0.2157940959	0.3778914919	0.0217875597
0	0.1675748653	0.0000000003	0.4925792448	0.2498981839	0.0899477057
0	0.0000000000	0.2421194833	0.0038533432	0.3228461662	0.4311810073
0	0.0000000000	0.0818688757	0.0625870634	0.0406529164	0.8148911445
