0	0.5159177808	0.0004318359	0.2697157754	0.1693610888	0.0445735192
0	0.0091335633	0.0824725999	0.2402804839	0.1893126257	0.4788007272
0	0.1241131501	0.0000000000	0.0076981009	0.2079389809	0.6602497682
0	0.0001156213	0.0003112527	0.0118731702	0.8346650995	0.1530348562
0	0.0133781308	0.0000022876	0.9866027576	0.0000000000	0.0000168239
0	0.3066271019	0.0000389565	0.0361137245	0.3246844776	0.3325357396
0	0.2914111185	0.0192885111	0.0030491688	0.5765884760	0.1096627256
0	0.0936718502	0.0000000001	0.8693785939	0.0206311829	0.0163183729
0	0.0388764836	0.0000000000	0.0097705768	0.9180067149	0.0333462246
1	0.6246530239	0.0000000002	0.0379530113	0.3333417689	0.0040521957
0	0.4964582710	0.2441447877	0.0309075958	0.1412331081	0.0872562373
0	0.6043039449	0.0304749968	0.0430248761	0.1972592757	0.1249369065
0	0.0476069971	0.2024102767	0.0003249352	0.2749162257	0.4747415654
0	0.0034187785	0.2540296448	0.4494149051	0.2828760344	0.0102606372
0	0.5021902337	0.1597712465	0.1632002898	0.1742470891	0.0005911408
0	0.0968193253	0.1330079349	0.3503101965	0.1081174415	0.3117451018
0	0.0811608817	0.0064547117	0.0423663908	0.0000004350	0.8700175808
0	0.7597429439	0.0228246602	0.0064572998	0.2082980712	0.0026770249
0	0.0742961646	0.0682620795	0.0000421146	0.2585431181	0.5988565232
0	0.2325548096	0.0115509065	0.4132079956	0.0934455131	0.2492407753
0	0.1684551582	0.0000047230	0.5000138284	0.0000023755	0.3315239149
0	0.6029867759	0.0013112489	0.3035057487	0.0177481215	0.0744481050
0	0.0000000000	0.0013662330	0.7555805312	0.0074240079	0.2356292279
0	0.7350261640	0.0000250843	0.1854856308	0.0794631140	0.0000000068
0	0.0816504857	0.0000000000	0.1745916595	0.5575510992	0.1862067556
0	0.5747630602	0.0521091319	0.0031326297	0.2103448797	0.1596502985
0	0.0232513503	0.0867268297	0.4095239353	0.3644243175	0.1160735672
0	0.0069516406	0.1358823089	0.3560570619	0.0001162950	0.5009926937
0	0.9780401217	0.0004802480	0.0214585787	0.0000018909	0.0000191607
0	0.0155685251	0.0007579807	0.0652355771	0.0078483339	0.9105895832
0	0.0000082576	0.0311096261	0.8534593007	0.0932154797	0.0222073359
0	0.0000000000	0.0000000001	0.0165261873	0.3294503536	0.6540234589
0	0.0037598971	0.0015372748	0.3622058337	0.6324969943	0.0000000000
0	0.5786061496	0.0006278934	0.0663214684	0.3374194791	0.0170250095
0	0.1162602356	0.0000810592	0.0111952708	0.2737009733	0.5987624611
0	0.8345296958	0.0000022668	0.0678162199	0.0458101261	0.0518416914
1	0.2956125815	0.0000000000	0.0000000000	0.6856224202	0.0187649983
0	0.0003711054	0.0011662910	0.6345588090	0.0000000000	0.3639037946
0	0.0000056704	0.0058997950	0.4100186427	0.1037232577	0.4803526342
0	0.1870937681	0.2050639710	0.4249485746	0.0407795959	0.1421140904
0	0.0992457021	0.0000011514	0.3861674710	0.0000040943	0.5145815813
0	0.1641093022	0.0753560537	0.0000000000	0.1038669226	0.6566677216
0	0.0320222340	0.1890672919	0.0362535951	0.3380572535	0.4045996255
0	0.0028395729	0.0000000000	0.0000000502	0.7729297169	0.2242306600
0	0.6186950092	0.1888096322	0.1800153071	0.0003070494	0.0121730021
0	0.2966308817	0.0829818145	0.5683463265	0.0071013186	0.0449396587
0	0.4254797089	0.0000000000	0.0422447715	0.4897919525	0.0424835671
1	0.0002616396	0.1158912529	0.0357458297	0.8478717630	0.0002295148
0	0.2270789402	0.0175837073	0.5356542904	0.0845997007	0.1350833614
0	0.0227488348	0.0592704448	0.5526107284	0.3413190669	0.0240509251
0	0.2604500818	0.0145855362	0.0342374642	0.0071006073	0.6836263105
0	0.1947651788	0.1097227343	0.0297707848	0.2969533474	0.3687879547
1	0.1174555969	0.0000000000	0.7300567344	0.1346288735	0.0178587952
0	0.0083156890	0.0123977856	0.7527109588	0.2103636504	0.0162119163
0	0.1542143062	0.0000286508	0.1045629289	0.7188371397	0.0223569744
0	0.0018839211	0.1707994780	0.0034890802	0.8237576126	0.0000699080
0	0.0019167240	0.0000298856	0.3958445343	0.3387705524	0.2634383036
1	0.3191667859	0.0326623443	0.5571586071	0.0906774309	0.0003348318
0	0.0000030224	0.0454509006	0.9229136765	0.0258901728	0.0057422277
0	0.0151698743	0.0004548771	0.1935420587	0.3047087166	0.4861244733
0	0.0000000044	0.0017076117	0.0219188631	0.0469317814	0.9294417393
2	0.9751890183	0.0022963069	0.0201365192	0.0009070351	0.0014711205
0	0.9435888363	0.0009209176	0.0026841823	0.0528060638	0.0000000000
0	0.0013557212	0.0000012733	0.0031945341	0.7269912313	0.2684572401
0	0.0643463271	0.0188462495	0.0348427474	0.1363629325	0.7456017433
0	0.2766816868	0.0000000000	0.6845840750	0.0023568146	0.0363774236
0	0.0000033292	0.4176203816	0.0709610706	0.4122396686	0.0991755500
0	0.0000000086	0.5944792142	0.1457075971	0.0667400108	0.1930731693
0	0.1419747932	0.0000164106	0.0093826179	0.0113539117	0.8372722666
0	0.1399092385	0.0632903956	0.3152272133	0.0405140381	0.4410591145
0	0.0000002475	0.0000000000	0.0641393492	0.6589951818	0.2768652214
0	0.0529250118	0.0161579091	0.4833123107	0.0182913097	0.4293134586
0	0.0007238703	0.0546008558	0.2327804301	0.6787054892	0.0331893546
1	0.0143892904	0.0392220690	0.0460990161	0.6856638587	0.2146257658
0	0.0000000000	0.0329926710	0.7067094839	0.2210294384	0.0392684067
0	0.2421313051	0.0182131944	0.7264942682	0.0063066651	0.0068545672
0	0.4557999947	0.3553524281	0.0606403010	0.1073333497	0.0208739265
1	0.1274644771	0.0778312690	0.3434775324	0.3199862840	0.1312404376
0	0.0145728100	0.0493553682	0.0507460387	0.2403364241	0.6449893589
0	0.2540707422	0.0198609031	0.0000273804	0.0249778296	0.7010631447
0	0.4215033724	0.0505029529	0.0000000000	0.5241282514	0.0038654233
0	0.0001736733	0.3107814978	0.4104681761	0.0000354541	0.2785411988
0	0.5956763002	0.0278606555	0.1283772201	0.0060834515	0.2420023727
0	0.0025081365	0.0008360460	0.3018639178	0.2532119881	0.4415799116
0	0.0000021422	0.0261929687	0.0000000000	0.1462316143	0.8275732749
0	0.0003968599	0.0130056413	0.0001220680	0.8244204214	0.1620550095
0	0.0171414975	0.1801764603	0.1215381267	0.5957061033	0.0854378121
0	0.0000538165	0.0371195023	0.3446966468	0.0230435591	0.5950864753
0	0.6747362399	0.2430993517	0.0515617839	0.0000128191	0.0305898054
1	0.4006487955	0.0005093536	0.0000005993	0.5985939349	0.0002473166
0	0.0043343408	0.0000009432	0.0287302680	0.1761622112	0.7907722368
0	0.2060728622	0.0858398772	0.0012430819	0.4398915971	0.2669525816
0	0.0186882267	0.0196950821	0.0200905939	0.9303221114	0.0112039859
0	0.1377195187	0.0018063003	0.0244685643	0.0118655977	0.8241400190
0	0.0037512728	0.0000000019	0.4560085539	0.5106715006	0.0295686708
0	0.0401134499	0.1513360937	0.0113873974	0.7085748358	0.0885882233
1	0.5482843616	0.1483418615	0.1668911217	0.1316999605	0.0047826947
0	0.0004023538	0.0012040201	0.7548186103	0.0981786899	0.1453963259
1	0.4024980220	0.0144797179	0.4066686270	0.0001249055	0.1762287277
0	0.1212649573	0.0000101889	0.0625486200	0.8115275182	0.0046487156
