0	0.0417344787	0.0376725159	0.0000543950	0.4157769143	0.5047616961
0	0.0001080724	0.0000000000	0.3513452716	0.6484177240	0.0001289319
0	0.0959037254	0.0000007001	0.8601944431	0.0169136635	0.0269874679
1	0.1173316828	0.0244619216	0.6056224410	0.2115903110	0.0409936437
0	0.9789318463	0.0000000130	0.0003633437	0.0158314852	0.0048733118
0	0.0000004584	0.6523189360	0.2142498351	0.1317521285	0.0016786420
1	0.2243415993	0.0029057883	0.6006268876	0.0049166124	0.1672091125
1	0.0081314631	0.0344992203	0.0000000000	0.6125529692	0.3448163474
0	0.0000060412	0.0000003169	0.0521873180	0.9182843018	0.0295220221
0	0.3436347260	0.0572770390	0.1175232375	0.0016951712	0.4798698263
0	0.0440582523	0.0002240796	0.0019501310	0.9537326057	0.0000349314
0	0.0123715961	0.0000000000	0.9363096036	0.0503086413	0.0010101589
0	0.1411211088	0.0084240670	0.0329133312	0.0119725735	0.8055689195
0	0.0003165588	0.0001218700	0.7710927370	0.2284688342	0.0000000000
0	0.0000049471	0.0110014078	0.3812245164	0.2198225965	0.3879465322
0	0.0070434172	0.0076161754	0.0048727873	0.3732458082	0.6072218119
0	0.0605148041	0.0604768827	0.6518095699	0.1363872744	0.0908114689
0	0.3958816750	0.0000000004	0.1980213285	0.0401677649	0.3659292312
0	0.0807465581	0.0024124067	0.0669182566	0.8496156041	0.0003071744
0	0.0247112605	0.0090915716	0.0000018033	0.1492534296	0.8169419350
0	0.0300273201	0.0126471200	0.5382305249	0.0605795487	0.3585154863
0	0.0017464402	0.0821914986	0.2853453536	0.5876449253	0.0430717823
0	0.0021222035	0.0322129194	0.9461352953	0.0167172307	0.0028123511
0	0.1042057517	0.0000004350	0.3361199424	0.5039637550	0.0557101159
0	0.0000000029	0.0529514121	0.8655476085	0.0692203982	0.0122805783
1	0.9690053552	0.0000000000	0.0000000000	0.0132060680	0.0177885768
0	0.0661825303	0.2022553805	0.0046317255	0.2893715197	0.4375588440
0	0.0000432931	0.1857039981	0.0004817799	0.2895696556	0.5242012733
0	0.1916317798	0.0298153878	0.0000000001	0.4473296509	0.3312231815
0	0.0125172421	0.0038041706	0.0270987746	0.7070453570	0.2495344557
0	0.1283930060	0.0817166521	0.0087069383	0.5264904130	0.2546929906
0	0.4942893081	0.0001873977	0.0692900705	0.0595750987	0.3766581250
0	0.2516593474	0.0000010692	0.0139861504	0.0000000039	0.7343534290
0	0.0347746184	0.2058614288	0.3449923518	0.2913584845	0.1230131165
0	0.0086271986	0.0405077829	0.7267780304	0.1254248304	0.0986621576
0	0.0223387541	0.0000000016	0.8162045032	0.0437070344	0.1177497067
0	0.1404807094	0.5090826034	0.3307412980	0.0175229374	0.0021724519
0	0.0040182643	0.6973801016	0.1854942622	0.1108090298	0.0022983421
0	0.0348401988	0.0034296084	0.3820291028	0.0053944434	0.5743066466
0	0.0225213384	0.1539836736	0.0294320847	0.0671104283	0.7269524751
0	0.0084831745	0.0000000058	0.3417452680	0.3143719029	0.3353996488
0	0.0475238285	0.0002829062	0.1522760231	0.6074436281	0.1924736141
2	0.0784656141	0.0289390996	0.6368532415	0.2551162981	0.0006257467
0	0.5259492821	0.0000000000	0.0857721587	0.1900368438	0.1982417154
0	0.0032776872	0.0039940562	0.0167451875	0.0000900235	0.9758930456
0	0.0596281092	0.0060134150	0.5205956428	0.0150981264	0.3986647066
0	0.0075472197	0.0280254913	0.4834785097	0.4527172182	0.0282315611
1	0.1142965121	0.0083993378	0.3617563341	0.0474490134	0.4680988026
0	0.2302133585	0.0360942637	0.0117449288	0.0552546727	0.6666927762
0	0.7260490476	0.0550037275	0.0269029974	0.1784602091	0.0135840184
0	0.0860930643	0.0463239756	0.8574060088	0.0058132544	0.0043636969
0	0.0485383410	0.0001985980	0.0344649105	0.8858278024	0.0309703481
0	0.0001536036	0.0000000562	0.0813792237	0.2607156495	0.6577514670
0	0.0398020279	0.2556279996	0.0061089331	0.0003978266	0.6980632129
0	0.9305734905	0.0028509331	0.0484246457	0.0046655788	0.0134853519
0	0.0378605155	0.0672763051	0.4749582953	0.0162101579	0.4036947261
0	0.1370379470	0.0000000076	0.2762981189	0.3636539979	0.2230099286
0	0.0025614233	0.0011583094	0.2481937831	0.2483730701	0.4997134141
0	0.2168965627	0.0026343313	0.6739251089	0.0008592801	0.1056847170
0	0.4713194968	0.1054286676	0.1737799272	0.0012772825	0.2481946259
0	0.0349063476	0.1634393254	0.7441429689	0.0565442675	0.0009670906
0	0.0058240175	0.0032062173	0.0255837663	0.5176325448	0.4477534542
0	0.0003164145	0.3988069006	0.1003133781	0.0524825997	0.4480807071
0	0.2736970959	0.2035350001	0.0689755659	0.1863574598	0.2674348784
0	0.0422362212	0.0000000000	0.0051103229	0.8688614244	0.0837920315
0	0.2400623937	0.4738207616	0.1480460890	0.1079675822	0.0301031735
0	0.0000000000	0.0063116238	0.0015243354	0.0016318136	0.9905322272
0	0.1919937667	0.0003321688	0.1888714686	0.6187964572	0.0000061387
0	0.0012607349	0.6317223910	0.0000000013	0.1664480032	0.2005688696
0	0.0110689150	0.0012574071	0.8118750122	0.1721788112	0.0036198544
0	0.1652825605	0.0042323690	0.2441946450	0.3368368620	0.2494535635
0	0.5608739137	0.0277082011	0.0524989532	0.1132740199	0.2456449120
0	0.0000694516	0.0901388533	0.6181610058	0.0861779123	0.2054527769
0	0.2942280722	0.0264798576	0.3993974992	0.2582472156	0.0216473554
0	0.4210693440	0.0708800329	0.0014276294	0.4620985710	0.0445244227
0	0.0000148230	0.0036695765	0.2436117914	0.2819735217	0.4707302874
0	0.5474852711	0.0397795018	0.0078506546	0.3829390639	0.0219455086
0	0.0000000000	0.1487950699	0.0083503881	0.6592384295	0.1836161124
0	0.3307421088	0.2263809813	0.2063797045	0.0027874216	0.2337097837
0	0.1816434170	0.0008910957	0.0249958415	0.7540489187	0.0384207271
0	0.2601778519	0.0000001546	0.3252499671	0.0757764133	0.3387956131
0	0.8223045104	0.0000203123	0.0000528533	0.1767248803	0.0008974438
0	0.0834971794	0.0025078795	0.0270995916	0.8863454208	0.0005499287
0	0.0556192228	0.0033515948	0.1078679243	0.8331612580	0.0000000000
0	0.1150964100	0.0460583904	0.0155136590	0.7437224279	0.0796091127
0	0.0456062476	0.0493539025	0.0704887630	0.8335745113	0.0009765756
0	0.0028189387	0.0051004984	0.2615761968	0.7304777935	0.0000265726
1	0.2671677625	0.0902447101	0.0017862312	0.3190692729	0.3217320233
0	0.0389859105	0.0388808108	0.0091190531	0.0026957253	0.9103185004
1	0.0656799353	0.0476098914	0.6260157029	0.0000000001	0.2606944704
0	0.0086992894	0.0011622345	0.0588198048	0.9306220008	0.0006966705
0	0.0581833480	0.0001768360	0.0183709015	0.0437686522	0.8795002623
0	0.3111758311	0.0100633462	0.0000005526	0.6787602701	0.0000000000
0	0.0519588285	0.0242385978	0.2284105661	0.1814316155	0.5139603921
0	0.5502883996	0.2766998109	0.0000000735	0.1503128512	0.0226988648
1	0.3899676005	0.0505971086	0.3549279560	0.0745385280	0.1299688069
1	0.0032259407	0.0050825925	0.8845212025	0.0857573605	0.0214129038
0	0.1836169994	0.0084723894	0.0108422705	0.4296305966	0.3674377442
0	0.0890479871	0.0015328362	0.1817126186	0.6976191229	0.0300874352
0	0.4007797381	0.0011892796	0.3853762499	0.0013751228	0.2112796096
