0	0.1804274300	0.5510295547	0.0104426037	0.0014100101	0.2566904015
0	0.0004116536	0.0884007621	0.1169439974	0.0239045581	0.7703390288
0	0.0464710377	0.0000171613	0.0000039712	0.0003069530	0.9532008767
0	0.0000044503	0.7541930574	0.0000000003	0.0001708853	0.2456316068
0	0.2559226703	0.0000000000	0.0135853445	0.0000555794	0.7304364058
0	0.0272774913	0.4105472787	0.3749727323	0.0054701140	0.1817323837
0	0.0300720932	0.6994851040	0.0000400297	0.0000000000	0.2704027730
1	0.0364980162	0.0000004829	0.0267345126	0.8495207224	0.0872462660
0	0.0309347465	0.0000102417	0.0001160205	0.8728629112	0.0960760801
0	0.1585755819	0.0202188956	0.0004566228	0.0000000153	0.8207488844
0	0.3182809998	0.3397764699	0.0189547732	0.2291385911	0.0938491661
0	0.0057083992	0.9537192097	0.0003643649	0.0293239318	0.0108840945
0	0.0013792818	0.9825217147	0.0000107180	0.0159058287	0.0001824568
0	0.0029155857	0.8550630285	0.1114209056	0.0002270788	0.0303734015
0	0.0712876047	0.5424319321	0.1156927752	0.0021449741	0.2684427138
0	0.0358868215	0.3730942550	0.0001031546	0.3532855079	0.2376302610
0	0.0000000000	0.2695318729	0.0011190390	0.3602282976	0.3691207905
0	0.2192685823	0.1373134110	0.0000174509	0.0185255980	0.6248749578
0	0.4139339777	0.0291265067	0.0335147774	0.1803380112	0.3430867270
0	0.7728627956	0.0082267658	0.1269977938	0.0611041923	0.0308084524
0	0.0132849171	0.7813842137	0.0202443188	0.0843494872	0.1007370632
0	0.4230403145	0.0170293144	0.0828017126	0.0000000000	0.4771286585
0	0.0000001530	0.1209114429	0.3043828421	0.0000000421	0.5747055198
0	0.0000009839	0.0256152618	0.0198952851	0.3335906758	0.6208977934
0	0.1156257925	0.1076564989	0.0228568987	0.6163027500	0.1375580600
0	0.0133083992	0.0115649075	0.0515418222	0.4154002363	0.5081846348
0	0.7225962702	0.0636590897	0.1638526329	0.0498920064	0.0000000008
0	0.0003794552	0.3076727861	0.0000057788	0.0000000167	0.6919419632
0	0.0360259411	0.7690384326	0.0031108963	0.0006915363	0.1911331936
0	0.1431622242	0.1200522917	0.0271584161	0.1267531145	0.5828739536
0	0.5968374245	0.0361187587	0.1486330438	0.0002826373	0.2181281357
0	0.0020032041	0.3121480966	0.1930079324	0.1907782509	0.3020625160
0	0.0042751609	0.0000047476	0.0068989059	0.0000251402	0.9887960454
0	0.0333075458	0.1909716709	0.0000000000	0.1222051877	0.6535155956
0	0.0101154544	0.0001425542	0.0000000000	0.0000000000	0.9897419914
0	0.0277328141	0.9230893720	0.0306060451	0.0021542641	0.0164175046
0	0.4333534875	0.4818159640	0.0000331915	0.0007542189	0.0840431382
0	0.0000397185	0.8741174519	0.0111717836	0.0903972417	0.0242738043
0	0.0000000000	0.7079712020	0.0938811981	0.1118442818	0.0863033182
0	0.1298669217	0.0001344981	0.2780282714	0.5854374848	0.0065328241
0	0.0091643884	0.0658086541	0.0034576434	0.0456206733	0.8759486408
1	0.0013351822	0.0000000000	0.0000000000	0.0000013349	0.9986634828
0	0.0882931889	0.0000077305	0.0000275580	0.5916680380	0.3200034845
0	0.2220079069	0.0188845527	0.2191170979	0.1024668457	0.4375235968
0	0.6356865175	0.0464245979	0.0513741752	0.0561679254	0.2103467840
0	0.0008200651	0.0000208141	0.0558579225	0.0001696147	0.9431315837
0	0.0000316899	0.0000000000	0.0398515241	0.5835208115	0.3765959745
0	0.0254243965	0.2920972607	0.0082391346	0.1370303824	0.5372088257
0	0.0005032817	0.0087831928	0.2503936438	0.2436473512	0.4966725305
0	0.0000287017	0.5042064965	0.1720328973	0.0155023432	0.3082295611
0	0.0443492383	0.0044664731	0.0000000004	0.0044507949	0.9467334934
0	0.0627240304	0.3642428163	0.1461135356	0.2579456004	0.1689740173
0	0.0000000000	0.8377167958	0.0000002112	0.0000000007	0.1622829923
0	0.1167432594	0.0000000000	0.0000000000	0.8832192674	0.0000374732
0	0.4949107935	0.3469383293	0.0024070839	0.0571394481	0.0986043451
0	0.0000429419	0.5822110724	0.0203693772	0.0000480799	0.3973285286
0	0.0752191920	0.6234091310	0.0000000000	0.0053740618	0.2959976151
0	0.0000001251	0.4714387257	0.4654587744	0.0455470796	0.0175552952
0	0.0000000000	0.0011235192	0.0060318959	0.3948902879	0.5979542970
0	0.0645474913	0.4048533426	0.0002340793	0.0000039850	0.5303611017
0	0.0000000000	0.3236891056	0.0000000000	0.0000008779	0.6763100165
0	0.0000343065	0.6523318371	0.0045356276	0.0014376932	0.3416605357
0	0.0003892528	0.0596556879	0.2008589451	0.2128643709	0.5262317433
0	0.4298371750	0.1918459568	0.3781400761	0.0000000000	0.0001767921
0	0.3993399314	0.4688456686	0.0000052046	0.0009622752	0.1308469203
0	0.2205647820	0.0325928840	0.0000000000	0.4705731700	0.2762691640
0	0.0000000000	0.5803029170	0.0000013062	0.0000009726	0.4196948042
0	0.0128951109	0.0063526054	0.5450237623	0.4357285213	0.0000000000
0	0.2085349047	0.1982331137	0.2271344038	0.1279418069	0.2381557708
0	0.0001808181	0.0094427469	0.0000036074	0.0016546239	0.9887182037
0	0.1312113130	0.2580631868	0.0000000236	0.0319068081	0.5788186685
0	0.0000008841	0.1337416588	0.0000001747	0.0000000000	0.8662572824
0	0.0001951633	0.0000000000	0.0023297694	0.0000067107	0.9974683566
0	0.4830562030	0.1107859700	0.0003621781	0.0000003574	0.4057952915
0	0.7980054727	0.0081071248	0.0000286784	0.0000000000	0.1938587241
0	0.0594621109	0.2278298952	0.4062032181	0.0350763542	0.2714284217
0	0.0000000001	0.0000572191	0.1017150671	0.0195077316	0.8787199821
0	0.0041978630	0.0167832158	0.0003637739	0.0012882470	0.9773669004
0	0.2015985814	0.7232889963	0.0000000001	0.0673438273	0.0077685949
0	0.0007175559	0.0223596880	0.0007271136	0.0369461347	0.9392495078
0	0.1911745493	0.0000545763	0.1516576698	0.3227158249	0.3343973797
0	0.3459513731	0.1645873345	0.3808222415	0.0747683124	0.0338707385
2	0.1661059199	0.0079133321	0.3519304994	0.2904993302	0.1835509184
0	0.1380303888	0.1748871280	0.3814839540	0.0006975760	0.3049009531
0	0.0102988331	0.1888513926	0.1108423618	0.1190340094	0.5709734031
0	0.0026673127	0.1640480180	0.1638101556	0.0115059303	0.6579685834
1	0.1380377562	0.0000000000	0.2007257081	0.6602776624	0.0009588733
0	0.0016881274	0.0249773491	0.0000735659	0.0189189356	0.9543420220
0	0.2248895865	0.0636890456	0.0392453820	0.2523821072	0.4197938786
0	0.0103427372	0.1480073829	0.0000005709	0.4902932848	0.3513560243
0	0.0020484369	0.3745002884	0.2104433278	0.3499471992	0.0630607476
0	0.3748443019	0.1191218346	0.0000173761	0.0000012150	0.5060152725
0	0.0207627246	0.5094177148	0.4614379030	0.0000000002	0.0083816573
0	0.0000000000	0.1615491372	0.2838483107	0.1775925227	0.3770100294
0	0.0058500428	0.9839269672	0.0000000000	0.0000000151	0.0102229749
0	0.0000000000	0.0575983876	0.7226132467	0.0330974093	0.1866909565
0	0.0043295826	0.9521933982	0.0429586721	0.0005183452	0.0000000019
0	0.2312807664	0.7627328213	0.0002685444	0.0037671324	0.0019507355
0	0.0000065491	0.0453074340	0.0012121578	0.0000380459	0.9534358131
1	0.4472339265	0.0008627190	0.3597384949	0.0102120472	0.1819528125
