0	0.0000089684	0.0168236941	0.4311868269	0.5383455013	0.0136350093
0	0.5023687746	0.4752491593	0.0020539898	0.0190273255	0.0013007509
0	0.0370810231	0.5287431980	0.2948882464	0.0525906448	0.0866968878
0	0.0024553387	0.0000005002	0.1777354994	0.1477325848	0.6720760769
0	0.0059215789	0.0407011520	0.0112006246	0.8906764891	0.0515001554
0	0.0014409579	0.0000000001	0.0156334646	0.1390781650	0.8438474124
0	0.7913352907	0.0967304645	0.0011502379	0.0916286705	0.0191553364
0	0.3357434984	0.0000209299	0.0285741044	0.1898062827	0.4458551846
0	0.0000397791	0.0000008397	0.8449844917	0.0198434535	0.1351314361
0	0.0047239435	0.8812488458	0.0610916877	0.0453290621	0.0076064609
0	0.0438101518	0.3658130375	0.1742518780	0.0009360199	0.4151889128
1	0.4092072919	0.0274343611	0.2356803363	0.3263195421	0.0013584687
0	0.0006577135	0.1796825836	0.0020632685	0.2915436097	0.5260528247
0	0.0014230434	0.0028673430	0.3691702446	0.5516713453	0.0748680237
0	0.0251323701	0.0354028454	0.0642480086	0.6844847006	0.1907320752
0	0.0027795863	0.0988631998	0.6881923380	0.0284269485	0.1817379275
0	0.0000000125	0.0001856507	0.7585040659	0.2413091490	0.0000011219
0	0.0223118967	0.0052879898	0.0000000000	0.0000993203	0.9723007932
0	0.0225408719	0.0202476221	0.7379229303	0.1830217425	0.0362668332
0	0.0001860904	0.0472944397	0.0118573503	0.7180418171	0.2226203024
0	0.6775704159	0.0991730313	0.1913286012	0.0011080499	0.0308199017
0	0.5666656446	0.0000000000	0.0002318233	0.0000000000	0.4331025321
0	0.1590618714	0.0002063911	0.5802462259	0.1666885671	0.0937969446
0	0.0000136618	0.0009321898	0.0141599585	0.0008937116	0.9840004783
0	0.0100649724	0.0000000000	0.8386979059	0.0845828277	0.0666542940
0	0.0000000001	0.0831806268	0.0123378667	0.0921370962	0.8123444102
0	0.0000000001	0.0000000000	0.1116787563	0.0000005599	0.8883206837
0	0.2582753835	0.0052574102	0.0044745845	0.3269999503	0.4049926714
0	0.0000000082	0.0000000000	0.0024182267	0.0050782074	0.9925035577
0	0.0004890823	0.0000223415	0.0136546780	0.9758749550	0.0099589433
0	0.0010589426	0.0957073120	0.8366606835	0.0176263943	0.0489466676
1	0.0683107491	0.0028020409	0.0162072465	0.5117546454	0.4009253182
0	0.1879992071	0.0001710210	0.0655743250	0.3863082476	0.3599471993
0	0.0104823475	0.1525005849	0.6009459050	0.2354229882	0.0006481745
0	0.1248888722	0.1016441683	0.0711982846	0.6733630165	0.0289056584
1	0.0050612426	0.0011083376	0.9623059183	0.0147690919	0.0167554097
0	0.0067123822	0.0006387364	0.1036994759	0.1143787168	0.7745706887
0	0.0162095381	0.0234832641	0.6946766810	0.1476703580	0.1179601588
0	0.1551805678	0.1168617307	0.1593072893	0.1372270639	0.4314233484
0	0.5679700851	0.3850412453	0.0000322415	0.0466167867	0.0003396413
0	0.2913718771	0.0483709163	0.0000000000	0.2180988702	0.4421583363
0	0.0007251073	0.0961633210	0.6218703911	0.1468226237	0.1344185569
0	0.8785430666	0.0185081972	0.0471110791	0.0431623464	0.0126753106
0	0.0063544319	0.6418026122	0.0647954303	0.0000008462	0.2870466795
0	0.2061293187	0.0042144351	0.0162670702	0.6228225074	0.1505666686
0	0.0965373012	0.0001670640	0.2834644404	0.2247241641	0.3951070303
0	0.8914187678	0.0024473094	0.0511443813	0.0217795657	0.0332099758
0	0.1157632302	0.0017275399	0.3142881762	0.4942192695	0.0740017843
0	0.0172589712	0.0806217623	0.0468787893	0.0055274601	0.8497130171
0	0.1209550702	0.0000002373	0.0004478395	0.4483462835	0.4302505696
0	0.8406634126	0.0011689500	0.0001908543	0.0716331039	0.0863436792
0	0.0031709400	0.2334353679	0.0509087935	0.2216979826	0.4907869160
0	0.0141550020	0.0008552145	0.0040387410	0.7637303534	0.2172206891
0	0.1200990323	0.0000000000	0.0445039916	0.3521893337	0.4832076423
0	0.5812337254	0.0000001522	0.1438290212	0.0000000001	0.2749371010
0	0.8485114170	0.0251135897	0.0004709063	0.0010569183	0.1248471687
0	0.0000001367	0.9032541540	0.0000002764	0.0954584394	0.0012869935
1	0.0696294939	0.0147482377	0.1502789096	0.0035667335	0.7617766252
0	0.0000004906	0.0140955192	0.6455313127	0.0813552171	0.2590174604
0	0.1602074932	0.0081225257	0.7203718733	0.1001509210	0.0111471868
0	0.0047528014	0.1865578526	0.3916513049	0.0472384592	0.3697995818
1	0.4730609772	0.1087841134	0.0775312597	0.3399675913	0.0006560584
0	0.5559483803	0.1140990019	0.1716461915	0.0439641255	0.1143423009
0	0.0000674891	0.0000167584	0.8189487798	0.1690096779	0.0119572948
1	0.0564669288	0.0012281549	0.2307969801	0.0042817175	0.7072262187
0	0.1713818346	0.2358722680	0.3289999813	0.0918411790	0.1719047370
0	0.0014100518	0.0239670814	0.2536023552	0.0122381613	0.7087823504
0	0.7029394349	0.0000000000	0.0019349537	0.0377954978	0.2573301137
1	0.0038535072	0.0310512560	0.7454683541	0.1740051406	0.0456217421
0	0.1132130601	0.2547093796	0.3328424547	0.2689310893	0.0303040162
0	0.1042593442	0.0000292911	0.5545976652	0.2075990666	0.1335146329
0	0.0002988627	0.0199797503	0.0749577872	0.0612735302	0.8434900696
0	0.0000011878	0.0000000000	0.7865525768	0.1875220312	0.0259242043
1	0.0384864213	0.0000000000	0.5700838592	0.1926195216	0.1988101980
0	0.7936811252	0.0000066818	0.0715209096	0.1338844883	0.0009067951
0	0.0002851578	0.3358531508	0.4365275518	0.0041271894	0.2232069502
0	0.0000000142	0.0592168529	0.3925733607	0.5478222695	0.0003875027
0	0.2353564056	0.0000001517	0.1683971908	0.2878892124	0.3083570394
0	0.1031252100	0.1895885588	0.2782343061	0.3452523061	0.0837996190
0	0.8643423727	0.0000851436	0.0001911885	0.1037563436	0.0316249515
0	0.0463125051	0.0002135400	0.7751082316	0.1762198564	0.0021458670
2	0.0145945859	0.0082624332	0.6451785716	0.3284290025	0.0035354067
0	0.0000510067	0.0763063675	0.3359668847	0.2902002977	0.2974754434
0	0.3120347073	0.0041206437	0.3818500740	0.0007714661	0.3012231090
0	0.3274206576	0.0000000366	0.1316546501	0.4298507928	0.1110738629
0	0.1530318664	0.0000033779	0.3823063518	0.3224836975	0.1421747065
0	0.7882593008	0.0290995793	0.0121327305	0.1705081324	0.0000002570
0	0.1690865182	0.0508393242	0.7490657880	0.0309951551	0.0000132144
0	0.0001266634	0.0809875970	0.5577186879	0.2047921395	0.1563749122
0	0.1388505975	0.0567195384	0.7528905243	0.0000000000	0.0515393397
0	0.0003439770	0.3007862035	0.0449037830	0.0121010029	0.6418650336
0	0.0065427508	0.1069294111	0.0147427829	0.7111560884	0.1606289668
0	0.0001476778	0.1030378499	0.1016870850	0.7600438625	0.0350835249
0	0.0000000000	0.0406352228	0.0201414830	0.9381954185	0.0010278757
0	0.0159270831	0.0630199631	0.8555568189	0.0001550322	0.0653411027
0	0.0055905919	0.8517612223	0.0826532779	0.0598135380	0.0001813700
1	0.0201166812	0.0014435156	0.3760270232	0.4889690291	0.1134437509
0	0.1442932503	0.0033710036	0.8248350203	0.0002543583	0.0272463674
0	0.0944079343	0.3903218423	0.0011762672	0.5137686162	0.0003253399
0	0.4985955061	0.0001926728	0.2373384290	0.0000000001	0.2638733919
