0	0.1765292623	0.0853643739	0.1226600789	0.3645738513	0.2508724335
0	0.0000069395	0.7068236958	0.0275011345	0.2650507653	0.0006174648
0	0.7245023793	0.0986744279	0.0078664815	0.1121094674	0.0568472439
0	0.0000017406	0.0000000019	0.0009977870	0.9984533107	0.0005471599
0	0.0419092594	0.0011189779	0.0000215496	0.2059148187	0.7510353944
0	0.0000000000	0.0874100290	0.5883212908	0.0008167928	0.3234518874
0	0.0235038297	0.0000000000	0.2436653143	0.3036599222	0.4291709338
1	0.2760985219	0.0045101816	0.0025784001	0.6782130593	0.0385998372
0	0.0956595615	0.0000014935	0.3611326866	0.2074840890	0.3357221695
0	0.1146003860	0.0037225694	0.1448138150	0.0216278383	0.7152353914
1	0.1673355917	0.0172125237	0.7546105779	0.0205760814	0.0402652254
0	0.0514505883	0.0012789733	0.5806408613	0.2328928222	0.1337367549
0	0.0187212317	0.1900978973	0.3952663700	0.3958826038	0.0000318973
0	0.0003028336	0.0043085285	0.9953350371	0.0000448089	0.0000087919
0	0.0354899830	0.1384064037	0.5856123000	0.0195626163	0.2209286970
0	0.0165900893	0.0000171383	0.0134577451	0.4628643130	0.5070707144
0	0.0478585975	0.1021402405	0.7310156228	0.1189855386	0.0000000007
0	0.1019138639	0.1781140482	0.0000000000	0.6038996053	0.1160724826
0	0.1031670895	0.0123355709	0.0276227746	0.3518954768	0.5049790882
0	0.1935223625	0.0238343680	0.0448644579	0.5261489234	0.2116298882
1	0.3341537834	0.1477845482	0.2765575265	0.1722010691	0.0693030728
1	0.1542847762	0.0058818010	0.8083565816	0.0300441694	0.0014326717
1	0.0591790610	0.0140780630	0.0946813273	0.6967964002	0.1352651485
0	0.5379687556	0.0000000010	0.3048857064	0.0063680340	0.1507775031
1	0.0042650416	0.0477395668	0.7875731063	0.1590819879	0.0013402974
0	0.3946295786	0.0653249457	0.1543678451	0.1398283783	0.2458492523
0	0.0558754180	0.0015824473	0.0602875324	0.0010150510	0.8812395514
0	0.0747248304	0.5334445335	0.1873254348	0.0744933295	0.1300118718
0	0.0204008863	0.0000000000	0.9685360633	0.0105738688	0.0004891816
0	0.0093748954	0.0554415902	0.6062508731	0.0000169807	0.3289156606
0	0.0108514328	0.1407759547	0.2354330139	0.3376089156	0.2753306830
0	0.6102185315	0.0000000000	0.1426757464	0.0052250062	0.2418807159
0	0.0000002009	0.0653599123	0.2083209780	0.3668763653	0.3594425434
0	0.0653457357	0.0000001133	0.0000000000	0.1171638187	0.8174903322
1	0.0708041634	0.0342871527	0.8327018042	0.0599259956	0.0022808840
0	0.0014195357	0.0871737499	0.6593453462	0.0004762149	0.2515851533
0	0.2943376027	0.1755492761	0.0699254579	0.4563511936	0.0038364697
0	0.4077417314	0.0000352957	0.3963041272	0.1731950257	0.0227238199
0	0.0018210645	0.0521338768	0.3052530726	0.3591210100	0.2816709762
0	0.0239045544	0.0270979240	0.3697408738	0.0006219079	0.5786347399
0	0.0395637419	0.0728862040	0.5616957869	0.2520234729	0.0738307943
1	0.1635926288	0.5035373854	0.0760122111	0.0135675031	0.2432902716
0	0.0084508288	0.1341968027	0.0000001293	0.4272764550	0.4300757843
0	0.0130310017	0.1223070670	0.0490250088	0.8149879130	0.0006490096
0	0.0702886853	0.0068016808	0.7777881256	0.0328368978	0.1122846106
0	0.0017052746	0.0134997149	0.0379431757	0.6981933809	0.2486584539
1	0.0464776651	0.0000045676	0.0000006882	0.9535107117	0.0000063674
0	0.1950918617	0.0000000000	0.6845981444	0.1150550938	0.0052549000
0	0.0846005052	0.0623294545	0.3185468447	0.5344916631	0.0000315326
0	0.1157977750	0.0000000926	0.4991596430	0.0058973972	0.3791450922
0	0.0000114497	0.0073978169	0.5043205164	0.4554341133	0.0328361038
0	0.0537967065	0.0001192034	0.2600970432	0.0096036317	0.6763834152
0	0.0005676504	0.0199464445	0.0039574582	0.9658990436	0.0096294032
0	0.0145556422	0.0008519687	0.0578910139	0.9112839660	0.0154174091
0	0.4103765864	0.0185877673	0.3564351091	0.1915933392	0.0230071980
0	0.0000002182	0.0000000000	0.5585214298	0.1673540959	0.2741242560
0	0.0787049393	0.0025030964	0.6554291168	0.2622667737	0.0010960738
1	0.4786570856	0.0000002478	0.1034328830	0.1818998434	0.2360099402
0	0.1038807753	0.0000145687	0.3316881523	0.2952411233	0.2691753804
0	0.0374917339	0.0110488387	0.0700167816	0.7378502895	0.1435923562
0	0.3246775882	0.0000800634	0.0468985986	0.0068993413	0.6214444085
0	0.0000267194	0.0000000067	0.0000000000	0.4733097760	0.5266634979
2	0.3691345934	0.0000000032	0.6250210238	0.0058443797	0.0000000000
0	0.0561472446	0.0465232180	0.0256659120	0.8350918195	0.0365718059
0	0.0001006083	0.0940358173	0.7634476304	0.0941324009	0.0482835432
0	0.2380624735	0.2107573553	0.3552960016	0.0413524995	0.1545316701
0	0.0207786092	0.0009579693	0.1821652862	0.5072307312	0.2888674041
0	0.0540506285	0.0000009671	0.1343315059	0.7453858131	0.0662310853
0	0.1846034008	0.1714502706	0.0337621470	0.5722032286	0.0379809530
0	0.0425686582	0.1179101425	0.3998061789	0.2186618838	0.2210531366
0	0.0239372935	0.0026542326	0.0001841344	0.6604149301	0.3128094094
0	0.2406228804	0.0200289678	0.0445216550	0.1209192506	0.5739072461
0	0.0000000000	0.0512284822	0.1724509864	0.7142592362	0.0620612952
0	0.0001207790	0.0374820279	0.0371684724	0.9252199954	0.0000087252
0	0.0053473125	0.0411390737	0.9029138404	0.0505300524	0.0000697211
0	0.0029107585	0.0000000001	0.4858052810	0.4740098627	0.0372740978
0	0.1965813018	0.1747333206	0.0556171585	0.2633204012	0.3097478179
0	0.1658575728	0.0000513543	0.0851337143	0.6689727468	0.0799846118
0	0.0015199310	0.0002113791	0.9425989402	0.0317472802	0.0239224695
0	0.0562843377	0.0000000179	0.6627247784	0.2808104702	0.0001803958
0	0.1391584074	0.0001814919	0.8558932139	0.0046297955	0.0001370913
0	0.0012404446	0.0000000000	0.9818366893	0.0160280863	0.0008947799
0	0.2589595232	0.0266804072	0.0962815237	0.6005792732	0.0174992728
1	0.1208291621	0.0000000000	0.2847191972	0.0055509753	0.5889006654
0	0.0490629120	0.0410771834	0.0272376515	0.6705388137	0.2120834394
0	0.3890046784	0.0026307365	0.4263607771	0.0864426821	0.0955611261
0	0.1506367452	0.1152770400	0.3510499361	0.3656410708	0.0173952079
0	0.2915303675	0.1198787469	0.1057172341	0.1109979004	0.3718757511
0	0.0030664773	0.0171490230	0.9732251479	0.0012314242	0.0053279276
0	0.0146206990	0.8922866190	0.0556712028	0.0309967842	0.0064246950
0	0.0000000000	0.0000000000	0.1363153663	0.1367946199	0.7268900137
1	0.0075424326	0.0325793102	0.1623205489	0.1067075112	0.6908501971
0	0.0366942987	0.0066046056	0.2073235923	0.0000033995	0.7493741040
0	0.0507722171	0.0029323811	0.7546528361	0.0561979115	0.1354446543
0	0.0130933368	0.0626125643	0.5662305853	0.0019293886	0.3561341250
0	0.7830370367	0.0062433087	0.1398623849	0.0708571350	0.0000001347
0	0.2103984840	0.0000000000	0.0091058186	0.0896743610	0.6908213364
0	0.0000000026	0.0000560462	0.0220705066	0.9093872974	0.0684861473
0	0.5795124342	0.0000520036	0.3650093425	0.0195183585	0.0359078612
1	0.0061311611	0.0073754216	0.6360852624	0.2232270580	0.1271810969
