0	0.2389198288	0.7576308989	0.0008884359	0.0025606272	0.0000002093
0	0.0026765961	0.1911980347	0.0000025953	0.7667413726	0.0393814013
0	0.0000000648	0.0989796642	0.0009578060	0.0182378565	0.8818246085
0	0.2539408871	0.2853967198	0.2143721932	0.0149438184	0.2313463815
0	0.0158697204	0.0000030371	0.0000456539	0.9699455089	0.0141360797
0	0.0002410499	0.0150482685	0.0036839230	0.1131447425	0.8678820161
0	0.0132108119	0.0001471841	0.0252928573	0.0000058836	0.9613432631
0	0.0002326196	0.0001560169	0.0227854321	0.0016381005	0.9751878310
0	0.0000007863	0.0378594979	0.0620655150	0.0000000003	0.9000742004
1	0.0264154896	0.2082012115	0.0090609690	0.7298897494	0.0264325805
0	0.0675383177	0.6617928419	0.0298288288	0.2407888728	0.0000511388
0	0.0002998580	0.0999370326	0.0000000000	0.8994810940	0.0002820155
0	0.0000000000	0.0008584011	0.0023823929	0.0496372645	0.9471219415
0	0.1244995397	0.2491056013	0.0714520594	0.0984207449	0.4565220547
0	0.0000000000	0.9048504389	0.0231170524	0.0138822148	0.0581502939
0	0.2836127233	0.5938557797	0.0056394606	0.0828672844	0.0340247519
0	0.3221906517	0.0702438966	0.0004553635	0.0233816984	0.5837283898
0	0.0582078371	0.9077757768	0.0000358340	0.0339805491	0.0000000031
0	0.0000219882	0.6696688411	0.1149491349	0.0000340060	0.2153260298
0	0.0000000424	0.4230408732	0.0000000000	0.0017849116	0.5751741729
0	0.5965587377	0.3478108393	0.0039571728	0.0035552326	0.0481180177
0	0.0000000000	0.3378805746	0.0000000000	0.0000000000	0.6621194253
0	0.1356292918	0.6961944821	0.1392502844	0.0140496317	0.0148763100
0	0.0000000000	0.4431084537	0.0033365911	0.0412409219	0.5123140332
0	0.1260717991	0.0019341625	0.0124184841	0.0000005696	0.8595749847
1	0.0009071154	0.0004818257	0.0062265419	0.4737895370	0.5185949800
0	0.0002251955	0.0094178257	0.2821911223	0.0024418795	0.7057239770
0	0.0000016347	0.7137492761	0.2022284638	0.0110341536	0.0729864718
0	0.0024319092	0.1155663987	0.8141285926	0.0629547527	0.0049183468
0	0.0020486522	0.6843796882	0.0063264417	0.3072452179	0.0000000000
0	0.0000000000	0.4905736937	0.1457578135	0.0022456032	0.3614228896
1	0.0000000000	0.0000040401	0.0003615779	0.9996331411	0.0000012409
1	0.0083809104	0.0001242393	0.9914527352	0.0000421149	0.0000000002
0	0.8676002839	0.1030436395	0.0282440507	0.0008191796	0.0002928463
0	0.0940418164	0.3545903928	0.0000000000	0.0000000000	0.5513677907
0	0.0405056826	0.1395429214	0.0000000000	0.0456726790	0.7742787170
0	0.0111700158	0.0020613692	0.0001095649	0.2355834889	0.7510755612
0	0.0562660670	0.0011130024	0.0000000000	0.0005041974	0.9421167332
1	0.0000000000	0.0071939868	0.0148749095	0.6471031428	0.3308279609
0	0.0630272739	0.4741981381	0.0529769144	0.0000793627	0.4097183109
0	0.0077009006	0.0000000721	0.0020753557	0.0214815554	0.9687421163
0	0.0004701050	0.4587327777	0.0016816209	0.0398972343	0.4992182621
0	0.0602355275	0.3118109980	0.0001904252	0.0028160987	0.6249469506
0	0.0347746230	0.3019796622	0.6622719925	0.0000000052	0.0009737170
2	0.0481709991	0.0000049663	0.8564613637	0.0953626708	0.0000000000
0	0.0000760609	0.9242423759	0.0001318701	0.0751913886	0.0003583045
0	0.0000152675	0.0564379265	0.0593098440	0.4839976194	0.4002393427
0	0.0000000001	0.4174593894	0.2995537134	0.0283446513	0.2546422457
0	0.0000000000	0.6285579313	0.0000000000	0.0000000000	0.3714420687
0	0.0000000000	0.1562397233	0.7139074298	0.0475377035	0.0823151434
0	0.0000000000	0.0212107722	0.0000046128	0.5723384958	0.4064461192
0	0.0216467850	0.0341215910	0.0818233451	0.7761481694	0.0862601095
0	0.0119409477	0.0001419783	0.0074693756	0.0007338047	0.9797138937
1	0.0000000000	0.3512835966	0.0001190441	0.0000000000	0.6485973593
0	0.0095417767	0.8853619462	0.0000000000	0.0003114321	0.1047848450
0	0.0000000000	0.6873543099	0.0197613427	0.0000000668	0.2928842806
0	0.0000000000	0.0068068898	0.0000000240	0.1380741852	0.8551189010
0	0.1787204011	0.2979695483	0.4387378112	0.0845722084	0.0000000310
0	0.0301117642	0.0950896790	0.1728769204	0.0000030511	0.7019185853
0	0.0519836894	0.0260292406	0.3274315036	0.0000000004	0.5945555660
1	0.0032707231	0.1602210200	0.5008126413	0.3356952767	0.0000003390
0	0.0000000055	0.4243784214	0.1664228604	0.2658242492	0.1433744634
0	0.0964572958	0.0033837690	0.0000121201	0.0166635660	0.8834832492
0	0.1595619612	0.0047268585	0.0000016685	0.4896989921	0.3460105197
0	0.4331651990	0.0000430194	0.0598441987	0.0329143195	0.4740332635
0	0.0729505739	0.0511109550	0.1765759705	0.0000000000	0.6993625006
0	0.1260966076	0.8595274322	0.0143757614	0.0000001988	0.0000000000
0	0.0120384536	0.5345441916	0.0000000000	0.2656896355	0.1877277192
0	0.1926350807	0.0798745051	0.0696956479	0.6573968898	0.0003978765
0	0.0696070254	0.0000228500	0.0983499258	0.0000000385	0.8320201603
0	0.0957311769	0.6798118060	0.1219431955	0.0000021230	0.1025116986
0	0.1434675814	0.0001118432	0.0037459675	0.3177142564	0.5349603516
1	0.3133588407	0.0149140101	0.4312792429	0.0000003765	0.2404475298
0	0.0000000000	0.0000000506	0.0000000000	0.6661315782	0.3338683712
0	0.0000000014	0.0390322091	0.2495183346	0.0400447817	0.6714046732
0	0.0125002845	0.0000009591	0.0001871061	0.0681697747	0.9191418757
0	0.0040487661	0.0696886405	0.0018563878	0.2705780052	0.6538282003
0	0.6175744810	0.1340625122	0.1079577364	0.0403177281	0.1000875422
0	0.2244914188	0.1334816086	0.0025047182	0.0264980021	0.6130242523
0	0.0262753580	0.8922320091	0.0784549007	0.0000000505	0.0030376816
0	0.0020158476	0.3338864756	0.0000009006	0.0000000000	0.6640967761
0	0.1624460252	0.0424360466	0.6852154415	0.0996035216	0.0102989651
0	0.0000027691	0.0063205079	0.0001000793	0.0021334389	0.9914432048
0	0.0000038892	0.0000761122	0.0000000000	0.0615064411	0.9384135575
0	0.0219178134	0.2269909199	0.0015881066	0.5165277801	0.2329753800
0	0.4139515527	0.5507466378	0.0001427789	0.0207903417	0.0143686889
0	0.0515226046	0.0000000067	0.4498776271	0.0000279075	0.4985718541
0	0.0011582160	0.0006003014	0.0133147100	0.0002916252	0.9846351473
0	0.0000046291	0.0002187679	0.0019046381	0.1065016844	0.8913702805
1	0.0775037271	0.4285390238	0.0141903808	0.4605620305	0.0192048378
0	0.0108826991	0.0546365956	0.0300215570	0.0003829187	0.9040762295
0	0.0000000000	0.1693578991	0.2832360508	0.2220158543	0.3253901958
0	0.0601849935	0.0001659575	0.1547712146	0.7752694869	0.0096083476
0	0.0019901776	0.5026837755	0.0089319493	0.1035790768	0.3828150208
0	0.0164126647	0.4108377422	0.0000000000	0.0000001739	0.5727494192
0	0.0100650514	0.0505541623	0.8529071874	0.0046543655	0.0818192334
0	0.1871854292	0.6983648429	0.1069478625	0.0000040482	0.0074978172
0	0.0001271371	0.0000002317	0.9862901193	0.0001003535	0.0134821585
0	0.0002252902	0.0002395242	0.0051581575	0.0030341223	0.9913429057
0	0.0565870487	0.0000005924	0.0683125998	0.0106352361	0.8644645230
