0	0.0504760952	0.0401594639	0.7223398736	0.1464606587	0.0405639087
0	0.0576149093	0.0514687546	0.0000000000	0.6077774314	0.2831389047
0	0.5403988689	0.0146414725	0.0625325901	0.3236236486	0.0588034199
0	0.0000000000	0.0000000000	0.2078515254	0.0354695032	0.7566789714
0	0.0000000000	0.3804107455	0.0155409671	0.0862523671	0.5177959203
0	0.2093058654	0.4040792850	0.0024758287	0.3841390081	0.0000000129
0	0.0483186106	0.1556512206	0.5879244466	0.0836398310	0.1244658912
1	0.0002567594	0.0158057437	0.3915553063	0.5923650813	0.0000171093
0	0.0000041838	0.0112930532	0.3552134037	0.6333769491	0.0001124103
0	0.0000000000	0.2680505207	0.0803990155	0.2997531932	0.3517972705
0	0.2787114091	0.0000014654	0.2702924371	0.3281466064	0.1228480820
0	0.2772876527	0.0000000000	0.0676951500	0.3764671610	0.2785500364
0	0.0000737364	0.1049357325	0.1359617473	0.1928500926	0.5661786912
0	0.0218641582	0.5300255443	0.0078239210	0.4352594893	0.0050268873
0	0.0002224914	0.0000000000	0.8862388707	0.0073416743	0.1061969637
0	0.1691529926	0.0759414307	0.7070262114	0.0322163542	0.0156630111
0	0.0002589888	0.0000000000	0.5203157445	0.1068135065	0.3726117602
0	0.0081431587	0.1396113225	0.0033414764	0.8485487162	0.0003553261
0	0.0222809529	0.1487547943	0.2927010973	0.3154750138	0.2207881417
0	0.0084863588	0.0024602197	0.0482982686	0.6915071648	0.2492479881
0	0.0018967423	0.0040881691	0.6679767251	0.0522546006	0.2737837628
0	0.0212673238	0.0000003906	0.2015969821	0.1575181497	0.6196171538
0	0.3697371420	0.0000133725	0.3024139289	0.0855939241	0.2422416324
0	0.0092724855	0.0003891353	0.4578061444	0.0711063167	0.4614259181
0	0.0000083884	0.0695518498	0.1060281685	0.0376725376	0.7867390556
0	0.1443591002	0.0003340059	0.0309807779	0.3921400464	0.4321860696
1	0.0000236996	0.6853717393	0.2387992310	0.0739008618	0.0019044683
0	0.0831733101	0.0330561338	0.0058074763	0.0245562679	0.8534068119
0	0.0853121999	0.0458908373	0.1766659112	0.2812401266	0.4108909251
0	0.1255040545	0.0000000000	0.1282847401	0.5512863483	0.1949248571
0	0.0002953311	0.0551913264	0.5242158632	0.1698638291	0.2504336503
0	0.7585578313	0.0209891323	0.0314881983	0.0795290298	0.1094358082
0	0.0749200721	0.3012320207	0.2162265447	0.1451334391	0.2624879234
0	0.0546494237	0.7229812940	0.0930301580	0.1079185594	0.0214205649
0	0.0003937059	0.2503621219	0.1842182449	0.2885571804	0.2764687468
0	0.3560149421	0.0000365062	0.4801700890	0.1637713309	0.0000071319
0	0.0276324603	0.0344840679	0.7999549558	0.0472943239	0.0906341920
0	0.3102914805	0.0360062631	0.3375484997	0.1707281137	0.1454256430
0	0.0000542784	0.0000000004	0.0095036241	0.8896340560	0.1008080411
0	0.0359968619	0.0000000000	0.7035302422	0.1045608667	0.1559120292
0	0.0663328593	0.0041423732	0.0397294035	0.0431573273	0.8466380366
0	0.0000000834	0.0113139250	0.0082718529	0.8965606651	0.0838534735
0	0.5841272275	0.0007924914	0.0765369360	0.0078549210	0.3306884241
2	0.8682239775	0.0132151731	0.1092103592	0.0062523089	0.0030981813
0	0.6329397276	0.0246823571	0.0251534401	0.2005662139	0.1166582613
0	0.0031829812	0.0007306147	0.0174529133	0.9234940598	0.0551394311
0	0.2317035606	0.2801282999	0.0008378136	0.4477946324	0.0395356934
0	0.1037326108	0.0000007333	0.1865163381	0.3866614018	0.3230889160
1	0.3485948732	0.0726779028	0.0700859160	0.1200156194	0.3886256885
0	0.0001551947	0.0000000000	0.0042984597	0.5708004332	0.4247459123
0	0.0000404753	0.0223114485	0.9118017472	0.0497986519	0.0160476771
0	0.0000000000	0.0000003170	0.5645070394	0.4227274051	0.0127652385
0	0.0001274055	0.0067118640	0.5123321334	0.0040596975	0.4767688997
1	0.2235776864	0.0000025516	0.7163139819	0.0538537000	0.0062520801
0	0.4745741289	0.0000056420	0.0032452149	0.4940615083	0.0281135059
0	0.1579307178	0.0015355638	0.0035790206	0.7117549869	0.1251997110
0	0.1063339704	0.0080012829	0.0670368273	0.3476964227	0.4709314967
0	0.0000000000	0.0006696892	0.0226920008	0.0077218421	0.9689164679
0	0.0000000009	0.0074078224	0.0015415466	0.9307099857	0.0603406443
0	0.0000000000	0.5222270791	0.2369297373	0.1463686125	0.0944745711
0	0.0373344537	0.0612566042	0.5521972334	0.1790873320	0.1701243767
0	0.0883111811	0.0000000000	0.4626927941	0.0000001920	0.4489958327
0	0.0467357056	0.1420976044	0.3749300615	0.4118078633	0.0244287652
0	0.0363037453	0.0112724545	0.0749285890	0.8537829937	0.0237122176
0	0.0000000002	0.0000000000	0.0000000000	0.5144597180	0.4855402818
0	0.0000115604	0.5110496402	0.1558414527	0.2793810853	0.0537162613
0	0.0000000000	0.0289417130	0.1712433306	0.1314958131	0.6683191432
0	0.2460818685	0.0311335197	0.3389062719	0.3049708538	0.0789074861
0	0.0243681638	0.0000000000	0.8887731097	0.0136752457	0.0731834808
0	0.0588518832	0.0000402423	0.0346095251	0.2787071613	0.6277911880
0	0.0354500068	0.0836940409	0.2203590990	0.3854698349	0.2750270184
0	0.0000643147	0.0262100311	0.9351596199	0.0111597993	0.0274062351
1	0.2991417793	0.0115197166	0.6684894361	0.0006286135	0.0202204545
0	0.1146898480	0.0000000000	0.3859461858	0.0033004811	0.4960634852
0	0.3439439812	0.1606228305	0.3748593017	0.1093710276	0.0112028590
0	0.0240872959	0.0101316660	0.4713955039	0.4488807595	0.0455047747
0	0.0154824464	0.0113339742	0.6206705320	0.2057912173	0.1467218301
0	0.0268529922	0.0012616962	0.2536863751	0.5828776425	0.1353212940
0	0.2660161464	0.0981830039	0.0087869135	0.5549510001	0.0720629361
1	0.3298042814	0.0123210767	0.2886245309	0.2519202607	0.1173298503
0	0.0017170960	0.0000010468	0.0334093315	0.0002424403	0.9646300854
0	0.3342694559	0.0138833536	0.2752227048	0.3623945965	0.0142298893
0	0.0005331451	0.0000003050	0.3906930707	0.0010760016	0.6076974775
0	0.0000008425	0.0000000000	0.6885732797	0.3114258777	0.0000000001
0	0.1520043624	0.1603967677	0.6114751369	0.0157062216	0.0604175114
0	0.0158116059	0.0000000000	0.0513460173	0.9328423289	0.0000000478
1	0.0609349035	0.0065191883	0.0733085038	0.7956766408	0.0635607636
0	0.0974967192	0.3038671756	0.0734546007	0.3164971889	0.2086843156
0	0.0585197093	0.3744491670	0.5530542765	0.0090559998	0.0049208474
0	0.2757206364	0.0000057082	0.0346724464	0.1153558160	0.5742453930
0	0.0182459005	0.0001528516	0.0559781707	0.1790292954	0.7465937817
0	0.0000208670	0.0403163332	0.1320361970	0.8276265424	0.0000000604
0	0.0002513138	0.0256077639	0.5271121590	0.3977073329	0.0493214304
0	0.0110120297	0.0002740492	0.1056833942	0.0978899739	0.7851405530
0	0.3661280864	0.6000031511	0.0012933136	0.0000000000	0.0325754489
1	0.1726242633	0.0000101367	0.1447762645	0.6821371730	0.0004521625
0	0.3588262844	0.0000001985	0.4702788040	0.0136476907	0.1572470226
0	0.0014313388	0.2271570384	0.6170867623	0.0823292597	0.0719956008
0	0.0055433257	0.0000000000	0.0836606976	0.1111352775	0.7996606991
0	0.0000008037	0.0000384083	0.0049129569	0.0089031751	0.9861446560
