0	0.0117493419	0.0001058937	0.3029006496	0.0058942244	0.6793498903
0	0.0037579479	0.2586083322	0.7045547023	0.0234870788	0.0095919387
0	0.5031727707	0.1095214043	0.1302569052	0.1182772432	0.1387716766
0	0.0082983447	0.0235041339	0.8224560280	0.0832424183	0.0624990751
0	0.3493254385	0.0185815435	0.0539634571	0.0220266214	0.5561029395
1	0.0767097708	0.0165073066	0.0615286709	0.7301542170	0.1151000347
0	0.0171832353	0.0037591291	0.0492984721	0.9230862278	0.0066729356
0	0.0803683818	0.1838378224	0.0000000717	0.7102469691	0.0255467550
0	0.2094274918	0.0050151900	0.2476862180	0.0489835250	0.4888875752
0	0.0356354400	0.0000000000	0.3330722454	0.1934662132	0.4378261014
0	0.0185076332	0.1734712807	0.0519211430	0.0299631004	0.7261368426
0	0.0000200782	0.5952936574	0.1541566903	0.0000018449	0.2505277293
0	0.0002599236	0.2133727620	0.3501896801	0.0108907741	0.4252868602
0	0.0000412865	0.0000000000	0.0040019241	0.9057938120	0.0901629774
0	0.0642341186	0.0000000202	0.3684642124	0.0286838761	0.5386177728
1	0.1687677362	0.1880009840	0.0286688514	0.4115588379	0.2030035906
0	0.2962258204	0.0891398969	0.0747307738	0.2477206693	0.2921828396
0	0.6367805719	0.0000102011	0.0975653956	0.0047500532	0.2608937783
0	0.6466081413	0.0304671388	0.1192294079	0.1783588962	0.0253364158
0	0.0441262434	0.0000302516	0.4772186095	0.4285347040	0.0500901914
0	0.0000000000	0.0023467890	0.7683792490	0.2022258287	0.0270481333
0	0.6160105558	0.0000002200	0.0000041615	0.3799407491	0.0040443137
1	0.0284480947	0.4680637707	0.1469063738	0.2361129050	0.1204688559
0	0.4813042406	0.1282419845	0.0368931922	0.0991923567	0.2543682260
0	0.0000000000	0.1521556172	0.1171368618	0.4062844199	0.3244231010
0	0.1309691992	0.0085255355	0.6295424508	0.1563686091	0.0745942054
0	0.0003344380	0.0044435718	0.0367006979	0.9493704671	0.0091508252
0	0.0296439205	0.0005482461	0.6336576968	0.2781763943	0.0579737423
0	0.0000170484	0.0175195367	0.7001542786	0.1906136970	0.0916954392
1	0.5335943030	0.0069323523	0.3687102395	0.0763713590	0.0143917462
0	0.0125653802	0.0155361283	0.0742862016	0.4938839830	0.4037283068
0	0.0718240632	0.0058699563	0.1482979818	0.7544706754	0.0195373232
0	0.0303652016	0.0007418648	0.0652971877	0.3004474427	0.6031483032
0	0.0070562681	0.0123500017	0.9352271687	0.0000124735	0.0453540880
0	0.4580983265	0.0357321280	0.1945113459	0.2143399959	0.0973182038
0	0.0844086958	0.0000714271	0.8874005247	0.0032100036	0.0249093488
0	0.0428576099	0.3819670411	0.0000000065	0.5446309600	0.0305443825
0	0.8210250230	0.0001496338	0.1434690304	0.0013040347	0.0340522781
0	0.0001182271	0.0028777581	0.6865483999	0.0018406390	0.3086149759
0	0.1275664090	0.0631465506	0.1565044159	0.1243380285	0.5284445960
0	0.0003420965	0.0000000655	0.0000000000	0.0000496197	0.9996082182
0	0.0656737221	0.1519244890	0.3237894713	0.3185463016	0.1400660160
0	0.0000000959	0.0004173291	0.0357110486	0.0532746094	0.9105969170
0	0.0102371795	0.0000000014	0.2704729470	0.5052684272	0.2140214449
0	0.0006270989	0.0139549683	0.5365813633	0.1134983783	0.3353381912
1	0.0419325179	0.0017762729	0.7339161409	0.0026969246	0.2196781437
0	0.1461491041	0.0595655111	0.7616471308	0.0165151979	0.0161230560
0	0.7335042482	0.0000000000	0.0000000000	0.0443543812	0.2221413706
0	0.0786228961	0.0764087588	0.8256768843	0.0052206840	0.0140707768
0	0.0136329265	0.0111473312	0.2644161180	0.5269516225	0.1838520018
0	0.0326404739	0.0004054255	0.0778218466	0.2606040291	0.6285282249
0	0.0034150803	0.0001272218	0.8786699440	0.0216441051	0.0961436488
0	0.0000081314	0.0008415003	0.2830150944	0.6493077601	0.0668275138
0	0.0006351781	0.1036342350	0.2140738528	0.5794156675	0.1022410667
0	0.0376586527	0.0208061490	0.1616711240	0.1529753095	0.6268887647
0	0.1659718088	0.0000000000	0.5926247714	0.2370331420	0.0043702779
0	0.0062089199	0.0000000000	0.9644379092	0.0293504753	0.0000026956
0	0.0444303751	0.1509155511	0.1603107913	0.0866077952	0.5577354874
1	0.1288698350	0.0000009370	0.4260708646	0.4143624405	0.0306959229
0	0.4538098450	0.0000834222	0.0000002847	0.3198548486	0.2262515995
0	0.0387013655	0.0627866848	0.6319945139	0.2665168814	0.0000005544
0	0.1195680373	0.0085034194	0.0999660871	0.7716861297	0.0002763266
0	0.0000979983	0.1556041010	0.0005766562	0.7750437372	0.0686775073
0	0.4726109984	0.0000087925	0.0280826260	0.0634936745	0.4358039086
0	0.0328911827	0.0000000000	0.1025353901	0.7059778345	0.1585955927
0	0.0003460129	0.0190396722	0.2764284256	0.2968529808	0.4073329086
0	0.1300483215	0.1968683665	0.1652367586	0.4869251935	0.0209213599
0	0.0007968637	0.0000077208	0.0003665140	0.3177736689	0.6810552325
0	0.3789436102	0.0013750589	0.2032302199	0.3018966997	0.1145544113
2	0.2752279698	0.0209587925	0.0077249923	0.6786360588	0.0174521866
0	0.0000578496	0.0000124401	0.1404222704	0.0682560774	0.7912513626
0	0.1440052106	0.1197913470	0.0002878841	0.3974607360	0.3384548223
0	0.8469815686	0.0046934150	0.0755782459	0.0647531401	0.0079936303
0	0.0728482598	0.1183240101	0.0000022598	0.0517101102	0.7571153602
0	0.0638978616	0.0304250098	0.2544680673	0.0081336503	0.6430754110
1	0.6561254841	0.0000003141	0.2061825428	0.1376916456	0.0000000134
1	0.0116879965	0.0000000000	0.2208855831	0.4331008082	0.3343256123
0	0.0105647092	0.0000000000	0.0590370347	0.9185661333	0.0118321228
0	0.1175564842	0.0011017035	0.4871952826	0.3941465297	0.0000000000
0	0.0554115210	0.0000000000	0.6794785723	0.2216298292	0.0434800774
0	0.0003266419	0.0000000000	0.0229166878	0.5235093938	0.4532472765
0	0.1056700771	0.0359198037	0.7533156927	0.0281149885	0.0769794380
0	0.0000000106	0.2221922223	0.6320805879	0.1270579251	0.0186692541
0	0.2409746130	0.0000000000	0.2816406700	0.2977557623	0.1796289547
0	0.0808007818	0.8039642425	0.1149712538	0.0001738801	0.0000898417
0	0.0819114775	0.4537340523	0.3069813784	0.0002149897	0.1571581020
0	0.0000438633	0.0008372839	0.3919764382	0.0435097906	0.5636326240
0	0.6266051886	0.0001303654	0.1458451021	0.1736019666	0.0538173773
0	0.1060295389	0.2203220114	0.1174966375	0.2041720653	0.3519797469
0	0.0025600703	0.1087958569	0.0000002141	0.4777957666	0.4108480922
0	0.0000047322	0.0107539810	0.0564004788	0.8908276198	0.0420131882
0	0.1522388330	0.0001159677	0.5979791837	0.1756248826	0.0740411331
0	0.1270556066	0.0000020975	0.3530349289	0.2404053849	0.2795019820
0	0.7476643943	0.0000000000	0.1096736954	0.1426571153	0.0000047950
0	0.1950581270	0.1483685625	0.6215368101	0.0147832058	0.0202532945
0	0.4367896097	0.0000000000	0.3707296011	0.1858357202	0.0066450689
0	0.0291328239	0.0035212811	0.0074561888	0.9233585795	0.0365311268
0	0.5620329022	0.0009673178	0.0239027875	0.3312851003	0.0818118923
1	0.6141360863	0.0039863683	0.0048631152	0.3724244787	0.0045899514
0	0.1899799383	0.0000201508	0.5619325345	0.0018328299	0.2462345465
