0	0.0107074270	0.0047702281	0.8107343273	0.1238180589	0.0499699587
0	0.0050722236	0.0000000001	0.7739400835	0.2209874041	0.0000002887
0	0.0176145487	0.0001139134	0.0000053032	0.0628885688	0.9193776660
0	0.0633383419	0.9050157523	0.0104485935	0.0211045366	0.0000927757
0	0.0000000000	0.0020392454	0.1499313294	0.3779983634	0.4700310617
1	0.0798855876	0.0000225380	0.7866585731	0.0056184427	0.1278148585
0	0.0000150380	0.2739092904	0.6412762879	0.0847240084	0.0000753753
0	0.2417642454	0.0024018317	0.7469700581	0.0067806112	0.0020832536
0	0.0018847756	0.0000000000	0.0212356652	0.9161586315	0.0607209277
0	0.0000381049	0.0248732877	0.2385352107	0.6388864323	0.0976669644
0	0.0000008359	0.2971456021	0.6347466265	0.0106685339	0.0574384016
0	0.0000000005	0.0102297423	0.0812088812	0.3042913391	0.6042700370
0	0.2858545898	0.5669290443	0.0000706511	0.0143566306	0.1327890842
0	0.1339135176	0.2010081892	0.1761680393	0.3241551847	0.1647550692
0	0.2070800876	0.0168022133	0.0040992106	0.4050762394	0.3669422492
0	0.5129643534	0.0000000000	0.0593988461	0.0264205841	0.4012162165
0	0.1373021833	0.2509404908	0.2048779512	0.3221028958	0.0847764789
0	0.0054050582	0.0005281543	0.0000001715	0.9826481219	0.0114184940
0	0.0088908242	0.1302235984	0.4423963812	0.2638287728	0.1546604234
0	0.1415660862	0.3280307583	0.3977933052	0.0042028141	0.1284070362
0	0.0001209639	0.0107383450	0.1986449718	0.3189765768	0.4715191425
0	0.1947547624	0.0799409883	0.7087024988	0.0166013677	0.0000003828
0	0.0014660146	0.0000595329	0.1441561909	0.0006504385	0.8536678232
0	0.0352510617	0.0000022166	0.0702287437	0.7997151064	0.0948028716
0	0.0259270923	0.1787902045	0.0007367149	0.0999197619	0.6946262264
0	0.0185595618	0.0490205499	0.7166261292	0.2081085946	0.0076851646
0	0.0781513930	0.2317780418	0.5227111695	0.0002678875	0.1670915082
0	0.0012402993	0.0505024293	0.0880986614	0.6520837515	0.2080748585
0	0.0301769287	0.1968374100	0.5047013547	0.2009136737	0.0673706329
0	0.0001713556	0.0000589586	0.0047305424	0.9604146154	0.0346245280
0	0.0000152455	0.0150956751	0.6452022479	0.0510828009	0.2886040306
2	0.9616345941	0.0010794231	0.0147276693	0.0225543091	0.0000040043
0	0.0001545078	0.0002644778	0.3272063664	0.2338430088	0.4385316392
0	0.0001217343	0.1175707139	0.2896445581	0.5125540166	0.0801089771
0	0.0176577797	0.3229726579	0.0000079463	0.1464157217	0.5129458944
0	0.4868974625	0.0342169912	0.3671424312	0.1117430884	0.0000000267
0	0.0007947746	0.8465666872	0.0562356843	0.0326805903	0.0637222636
0	0.0000227067	0.0138778599	0.1754063979	0.1224073245	0.6882857111
1	0.3835189156	0.0467112793	0.4238288639	0.0189554429	0.1269854982
1	0.0000064834	0.0000000462	0.2866599382	0.7133335314	0.0000000007
0	0.0010469959	0.0005946265	0.2164427346	0.1055437350	0.6763719079
0	0.0000001666	0.5319194260	0.0515272378	0.0000000000	0.4165531695
0	0.0000002346	0.3468650544	0.0822913580	0.0967641810	0.4740791720
0	0.0620431526	0.2053512525	0.5612348919	0.1701117401	0.0012589629
0	0.0558880560	0.0057005190	0.0000171396	0.8728051898	0.0655890956
0	0.0559203692	0.3429554223	0.3910693454	0.2090452325	0.0010096307
0	0.0001068178	0.0278665787	0.2708808729	0.6310468775	0.0700988531
0	0.0284444248	0.0181909572	0.5633236933	0.3900409247	0.0000000000
0	0.8858330473	0.0000349280	0.1025113731	0.0040400284	0.0075806232
0	0.0000000025	0.5031226062	0.1780547094	0.0019731123	0.3168495696
0	0.1317866847	0.0249508242	0.7196951109	0.0097484415	0.1138189387
0	0.0003427722	0.0000343009	0.0013192208	0.2344407454	0.7638629607
0	0.2154257119	0.0160901267	0.2687571866	0.4742092005	0.0255177742
0	0.6199188913	0.1183073489	0.2093747549	0.0066816240	0.0457173809
0	0.0000000000	0.0542004128	0.2315933713	0.3267601653	0.3874460507
0	0.0449390843	0.8152111511	0.0426216514	0.0004858903	0.0967422229
0	0.2917325071	0.0010989698	0.0062258899	0.0099074414	0.6910351918
0	0.0039095196	0.0232125669	0.0062593973	0.0342286987	0.9323898174
1	0.0110068035	0.0642179479	0.2408963359	0.0434816035	0.6403973091
0	0.1258322738	0.0128413616	0.5232931239	0.2771184831	0.0609147576
0	0.0013535925	0.0000000498	0.2660461730	0.5597905795	0.1728096052
1	0.0770249142	0.1210804020	0.7955956284	0.0062978613	0.0000011941
0	0.1311303555	0.0318133897	0.0473894860	0.2280145149	0.5616522539
0	0.0850504720	0.0118513288	0.0963601866	0.0157997481	0.7909382645
0	0.4166419928	0.0000000450	0.3556467797	0.0193820277	0.2083291548
0	0.2374959914	0.1052507513	0.1161267327	0.2964720186	0.2446545060
0	0.0000036548	0.0210015574	0.0055545862	0.3538633059	0.6195768958
0	0.0000000000	0.8812709958	0.0430149629	0.0047439514	0.0709700899
0	0.0000000000	0.0002460256	0.0044951517	0.0275137883	0.9677450344
0	0.0514788120	0.0000157842	0.0013261025	0.2063079606	0.7408713408
0	0.0000000001	0.9981054842	0.0018847221	0.0000005974	0.0000091962
0	0.0958219048	0.0946192250	0.2039869951	0.1736687437	0.4319031314
0	0.0074422734	0.0212467948	0.0196513582	0.9032859502	0.0483736234
0	0.3110194307	0.0290286137	0.0409525099	0.2635039655	0.3554954802
0	0.1204339443	0.0000000000	0.0014290422	0.5088765546	0.3692604589
0	0.0020356698	0.0007257915	0.0134936873	0.9599026024	0.0238422490
0	0.2210534502	0.1655769002	0.5949955294	0.0044867217	0.0138873986
0	0.1134023493	0.0000000048	0.3113968743	0.5750576081	0.0001431635
0	0.0083512962	0.1718933455	0.7166998525	0.1020189826	0.0010365233
0	0.0260174001	0.0000014354	0.4620686707	0.1406406859	0.3712718079
1	0.1555951374	0.0474512677	0.0660464247	0.4490615988	0.2818455714
0	0.0051457241	0.3394623913	0.3462513041	0.0184301599	0.2907104207
0	0.0408764432	0.0000000069	0.0537458337	0.8843078805	0.0210698358
0	0.6118319713	0.0286438376	0.3461112394	0.0000260204	0.0133869312
1	0.0000526652	0.0015555626	0.9485545174	0.0448134823	0.0050237725
0	0.1351244056	0.3837009348	0.0044934397	0.0993192018	0.3773620181
1	0.4608182920	0.0000000002	0.1214834488	0.1960364437	0.2216618154
1	0.8361728192	0.0008489610	0.1470438926	0.0156116453	0.0003226820
0	0.1883933756	0.0067916744	0.1104599609	0.5201077817	0.1742472074
0	0.1154251889	0.7625843285	0.0713404553	0.0030110153	0.0476390121
0	0.0000000000	0.0198857745	0.1166592742	0.1322966269	0.7311583245
0	0.2303845585	0.0066701851	0.4303417654	0.0714665961	0.2611368949
0	0.0021615239	0.0426898738	0.5797351702	0.1401966354	0.2352167968
0	0.2034534003	0.0552233830	0.6411227421	0.0409042307	0.0592962439
0	0.0004742741	0.0107852919	0.6230004765	0.3555503693	0.0101895882
1	0.0075013195	0.0421425466	0.0022975340	0.9291274718	0.0189311281
0	0.0000158258	0.0168881380	0.0055372788	0.0369122119	0.9406465455
0	0.0140658466	0.2754897961	0.0309721333	0.5277664356	0.1517057885
0	0.0000000000	0.0123144670	0.5463301574	0.1907081447	0.2506472309
0	0.0347586944	0.0031489221	0.1555034260	0.3620279412	0.4445610163
