0	0.0262724770	0.0000000061	0.7687553972	0.0000000963	0.2049720234
0	0.0675082183	0.0248350940	0.1144619718	0.4282115026	0.3649832132
0	0.0045278092	0.0000028169	0.1267908760	0.0004782035	0.8682002944
1	0.0742563366	0.1059718243	0.1318518863	0.0997017101	0.5882182428
0	0.1142482928	0.0053825493	0.0542752616	0.0601814169	0.7659124794
0	0.0311408611	0.0050223805	0.3550960172	0.5357731917	0.0729675495
0	0.0000000017	0.0000451299	0.1174142235	0.6766758808	0.2058647641
0	0.0526268401	0.0055098737	0.0220304781	0.6664015996	0.2534312086
1	0.2527994770	0.0543271390	0.1797501567	0.4659267141	0.0471965132
1	0.0105474551	0.5554868141	0.2141216355	0.1754479529	0.0443961424
0	0.0000061761	0.0000006881	0.8713271374	0.0265838652	0.1020821332
0	0.0000000003	0.0411980839	0.5396346990	0.4191672079	0.0000000089
0	0.1041860830	0.0676776639	0.1734699989	0.2025640383	0.4521022159
0	0.0099948277	0.0000000249	0.0838179867	0.7956076228	0.1105795379
0	0.1365584276	0.0315981441	0.4328032823	0.3986617691	0.0003783770
0	0.0066053158	0.0012688303	0.9457212318	0.0031148748	0.0432897474
0	0.0040589017	0.0005514248	0.2328429948	0.7444796106	0.0180670682
0	0.0000000522	0.1174980827	0.3283911270	0.1599547557	0.3941559823
0	0.2156748921	0.0016668747	0.3997175542	0.0677710631	0.3151696159
1	0.0006547791	0.0348526637	0.4219034328	0.0025451846	0.5400439399
0	0.0000000000	0.2209075039	0.2067026252	0.2465365961	0.3258532748
1	0.0168111876	0.0011906290	0.0354971699	0.7001311703	0.2463698432
0	0.0639989741	0.0000006915	0.0711049429	0.3829251405	0.4819702510
0	0.2087109679	0.0001699881	0.0288005267	0.0319747741	0.7303437433
0	0.0000308517	0.0131195123	0.0011653953	0.9802489522	0.0054352885
0	0.0006392995	0.1494842510	0.0259942762	0.8078297690	0.0160524042
0	0.0008532602	0.1661669445	0.4115648755	0.4210467400	0.0003681798
1	0.1251416502	0.2125028274	0.1745147012	0.4414932680	0.0463475533
0	0.0116174649	0.0011319052	0.1065176098	0.0916559162	0.7890771038
1	0.5617853281	0.0008909077	0.0271715449	0.0819428595	0.3282093598
0	0.3211145241	0.0811916361	0.2209593991	0.3388303429	0.0379040979
0	0.1046767337	0.0024477416	0.4474260193	0.1570729947	0.2883765108
0	0.0214822126	0.0633124440	0.5769745751	0.2548158472	0.0834149211
0	0.0025436031	0.0263087540	0.0263502465	0.8333711727	0.1114262238
0	0.0358074587	0.0136939323	0.3802091154	0.5700439314	0.0002455622
0	0.0153756986	0.1409668336	0.6168855353	0.1332490859	0.0935228466
1	0.2176764384	0.0002496029	0.7353415095	0.0003767817	0.0463556676
0	0.3088138547	0.0000002536	0.3211642804	0.0484292099	0.3215924014
0	0.0000133329	0.0013754783	0.0288268991	0.5340847126	0.4356995771
0	0.7169544082	0.0040374149	0.0012624050	0.1298344549	0.1479113170
1	0.0187286190	0.0000000400	0.9280251692	0.0526636339	0.0005825379
0	0.1197713096	0.0000000000	0.1962133023	0.5223936483	0.1616217398
0	0.9588161496	0.0129105758	0.0220899648	0.0006714492	0.0055118606
0	0.0000000000	0.0022524707	0.0000000000	0.6315451814	0.3662023479
0	0.0091420682	0.0054514039	0.9329990609	0.0326781409	0.0197293261
0	0.0935185724	0.0397706477	0.4955607067	0.0000750502	0.3710750230
0	0.5565016253	0.0006970255	0.3373013258	0.0602175224	0.0452825011
0	0.0347471163	0.3966836590	0.0778283216	0.1439999595	0.3467409435
0	0.6112343374	0.1487813158	0.1472283296	0.0000039006	0.0927521166
0	0.0000013013	0.0000000000	0.0004967157	0.2597782555	0.7397237274
0	0.0053542298	0.0890294057	0.2495514533	0.6560649111	0.0000000001
1	0.4083925076	0.0000016100	0.0702713017	0.4473081823	0.0740263984
0	0.0048773295	0.0015064682	0.0000062812	0.1221432208	0.8714667003
2	0.6692176165	0.0000000046	0.2892089602	0.0021596732	0.0394137455
0	0.0008264614	0.0004695644	0.0501490099	0.9409984710	0.0075564933
0	0.0055041086	0.1234385853	0.3084391497	0.5626051121	0.0000130443
0	0.0189359363	0.2772736586	0.0397474423	0.5773259334	0.0867170294
0	0.1252849399	0.0004018819	0.0014527003	0.1456529443	0.7272075336
0	0.0532224037	0.0036934998	0.8878619068	0.0020016063	0.0532205834
0	0.0060764017	0.0686099049	0.0000007296	0.7459273453	0.1793856184
0	0.0144097529	0.0121816763	0.0273658154	0.4757295715	0.4703131840
0	0.0173344118	0.2666749433	0.0000566536	0.4983516652	0.2175823261
0	0.0419981324	0.0000000000	0.0112914674	0.1204186624	0.8262917378
0	0.0022970220	0.0290799746	0.3297681611	0.5645256035	0.0743292388
1	0.0022646097	0.0010931708	0.9290627291	0.0660481823	0.0015313082
0	0.0123530424	0.1001579431	0.1473362382	0.0177415440	0.7224112322
0	0.0657010208	0.0000683961	0.7531028114	0.1579621763	0.0231655955
0	0.2827354955	0.0000000000	0.2938655067	0.3231094637	0.1002895341
0	0.0256045190	0.0131502848	0.0831392200	0.7984093400	0.0796966363
0	0.0915321756	0.0000000147	0.0886791552	0.6133938127	0.2063948417
0	0.0267913191	0.6988974656	0.0558436072	0.0992226335	0.1192449746
0	0.0000000000	0.0443950529	0.0410751117	0.8966303477	0.0178994877
0	0.0000011458	0.0672584968	0.6231261974	0.1065031359	0.2031110241
0	0.2306023749	0.0000000000	0.7381995373	0.0020586316	0.0291394561
1	0.7242141752	0.0039573982	0.2575543247	0.0027536147	0.0115204872
0	0.1017976273	0.0000357990	0.8205418569	0.0205766492	0.0570480676
0	0.0001617171	0.0823013660	0.5483486049	0.0000001359	0.3691881760
0	0.7212398673	0.0573381334	0.1580795914	0.0562018221	0.0071405857
0	0.2276108104	0.0018705863	0.0108991921	0.3320545885	0.4275648227
0	0.1220595053	0.0346812133	0.7706674690	0.0000000113	0.0725918010
0	0.0126222214	0.0345309207	0.9295869763	0.0118650738	0.0113948079
0	0.0721255523	0.0424423966	0.5554120637	0.0241125276	0.3059074599
0	0.0000000000	0.0019751727	0.2478780891	0.3235291419	0.4266175963
0	0.5248221429	0.1035129101	0.0471134189	0.1566576554	0.1678938727
0	0.0009053597	0.2481580232	0.0569701081	0.1940211992	0.4999453098
0	0.0511607208	0.0015917430	0.0387517593	0.0275046755	0.8809911013
0	0.0499932777	0.5540833108	0.0259732236	0.3587976507	0.0111525372
0	0.1786089219	0.3224793485	0.3333300549	0.0578291757	0.1077524990
0	0.0004105985	0.0000107917	0.5557996088	0.2092510497	0.2345279513
0	0.4921795894	0.0451858667	0.3216619314	0.1405578959	0.0004147166
0	0.2680583131	0.0002638900	0.4497470732	0.2299032983	0.0520274255
0	0.0063264572	0.1133553343	0.8803152035	0.0000000004	0.0000030047
0	0.0970675245	0.0073533814	0.1751999313	0.5812499588	0.1391292040
0	0.0009383517	0.0332134731	0.0165290730	0.8838836720	0.0654354302
0	0.0000293716	0.3338888697	0.3343648233	0.1592444981	0.1724724372
0	0.1675827595	0.3409760810	0.4894093812	0.0000483119	0.0019834664
0	0.0005907729	0.2029343714	0.7707810615	0.0130841356	0.0126096587
0	0.0000000000	0.2969756016	0.5599953952	0.0915336035	0.0514953996
0	0.1418129758	0.0026168744	0.3928044396	0.3370858925	0.1256798177
0	0.0208289585	0.0039128000	0.3461725115	0.2145366337	0.4145490963
