0	0.0024835320	0.8663760041	0.0000000163	0.1292402121	0.0019002356
0	0.0013364266	0.2513068530	0.1725934859	0.0000000000	0.5747632346
0	0.0043888869	0.4667088053	0.1353853845	0.2990634842	0.0944534391
0	0.0426728463	0.6590033984	0.1012681978	0.1932504405	0.0038051170
0	0.0091889733	0.0000000005	0.0005816749	0.0412442920	0.9489850594
0	0.0025658176	0.6112248950	0.0000020345	0.3385123470	0.0476949059
1	0.0001616375	0.0714138373	0.1834860313	0.7221841769	0.0227543169
0	0.0125839943	0.0998117249	0.0014598884	0.8861443754	0.0000000170
0	0.0005497616	0.0000000000	0.3823168151	0.0284781074	0.5886553160
0	0.1685282241	0.0958529955	0.0039182120	0.0157780338	0.7159225346
1	0.0059714802	0.3313609749	0.0000000001	0.5592360766	0.1034314682
0	0.0355152309	0.2805009430	0.0000000000	0.0000000002	0.6839838259
0	0.2235955504	0.0639215775	0.0312592055	0.2478928831	0.4333307835
0	0.0000020305	0.0161518756	0.0000000000	0.0211785787	0.9626675152
0	0.0096584811	0.9140207566	0.0000540225	0.0180538004	0.0582129395
0	0.0052299979	0.0635934853	0.0000000000	0.0032270345	0.9279494823
0	0.0856209588	0.0823342859	0.0018990617	0.6813772901	0.1487684035
0	0.0000002476	0.1968890911	0.0004321056	0.2451919097	0.5574866460
0	0.0000000005	0.0018355675	0.0000000000	0.0026577048	0.9955067271
0	0.0000000183	0.0218685822	0.0099181078	0.6066898524	0.3615234392
1	0.0002090190	0.2646326117	0.2336528281	0.5008882272	0.0006173141
0	0.0000000000	0.0084252902	0.0000153892	0.1136897936	0.8778695270
1	0.5959931709	0.3745879229	0.0023896024	0.0000000000	0.0270293038
0	0.0007180877	0.3483841401	0.4788832391	0.1399578104	0.0320567227
0	0.0000000262	0.0687440333	0.0089991365	0.0002202206	0.9220365834
0	0.3889294173	0.0000000442	0.0016335518	0.5931552356	0.0162817511
0	0.9717243967	0.0046328056	0.0236359821	0.0000068134	0.0000000022
0	0.0001018697	0.0185861434	0.0000000000	0.0000011402	0.9813108467
0	0.0000782115	0.0763484379	0.3464768619	0.0000000002	0.5770964885
0	0.0000000000	0.0157432649	0.0207238570	0.5808554888	0.3826773892
0	0.0000105595	0.0132287158	0.0362255868	0.0946979482	0.8558371896
0	0.0099096248	0.0165254125	0.0005834285	0.1211981248	0.8517834095
0	0.0698621366	0.6815099944	0.1835728035	0.0584521833	0.0066028822
0	0.0072535497	0.2502513994	0.0000001188	0.0000000000	0.7424949321
0	0.0000007207	0.1406218275	0.3236567444	0.0268163867	0.5089043208
0	0.0000000000	0.0000379300	0.0000066177	0.1791796967	0.8207757557
1	0.0014844827	0.4924581198	0.0004466616	0.0011062482	0.5045044877
0	0.0000000000	0.1103066417	0.3758366761	0.0000989635	0.5137577187
0	0.0000103297	0.7013681808	0.0580324486	0.2238755587	0.0167134822
0	0.0443191257	0.0408116208	0.0023385961	0.6505891023	0.2619415552
0	0.0186149994	0.4056081201	0.0001902109	0.1966011586	0.3789855110
0	0.0529196704	0.0079092732	0.0062775229	0.0032490868	0.9296444467
0	0.3251888030	0.5506692634	0.0000000000	0.0000007759	0.1241411576
0	0.3821116519	0.2193512748	0.0622151688	0.0238004406	0.3125214639
0	0.5956790816	0.2768374207	0.0572728379	0.0281773214	0.0420333384
0	0.0000003249	0.8768610782	0.0785052112	0.0000000000	0.0446333856
0	0.0581668092	0.6329148519	0.1665353321	0.0014135539	0.1409694528
0	0.0027993065	0.0000185761	0.0000000013	0.0666089599	0.9305731561
0	0.3201128052	0.0016580946	0.0138117021	0.5278917824	0.1365256157
0	0.0000000000	0.6669744884	0.0000000000	0.0023138262	0.3307116854
0	0.0120656295	0.0238397618	0.0000001106	0.0000023956	0.9640921026
0	0.1189743532	0.8510378307	0.0198009608	0.0000000001	0.0101868552
0	0.0000000000	0.1220105165	0.0128352315	0.0011502968	0.8640039552
0	0.0122670192	0.0138348843	0.2900516890	0.0000000000	0.6838464074
0	0.0003521844	0.1038164251	0.5865585855	0.0023211597	0.3069516453
0	0.0242326441	0.4733243596	0.2821487470	0.0000235997	0.2202706497
0	0.1652648445	0.0553465421	0.0073923004	0.2475013451	0.5244949679
1	0.1678043695	0.5650453551	0.0134855042	0.0000045422	0.2536602291
0	0.0000089929	0.0019550089	0.0388525018	0.0156325103	0.9435509861
0	0.0606104371	0.3537668444	0.0000029967	0.0000000000	0.5856197218
1	0.6533717037	0.3227785669	0.0145005631	0.0082714526	0.0010777138
0	0.0000624927	0.0455633048	0.3847040630	0.1225556836	0.4471144558
0	0.0040567369	0.2316446180	0.0214034479	0.0003704788	0.7425247183
0	0.1940469814	0.0423475897	0.0257965029	0.0000528973	0.7377560287
0	0.0000000000	0.3710991409	0.4318584777	0.0011287898	0.1959135917
0	0.0000000000	0.0114015334	0.0000598736	0.0033716493	0.9851669437
0	0.5009966753	0.0022564835	0.0318583080	0.0002765509	0.4646119822
2	0.3968715137	0.0534228635	0.0138924614	0.5242005572	0.0116126041
0	0.0045309951	0.0956759834	0.6753243551	0.1275097255	0.0969589409
0	0.0431344147	0.0017032960	0.6647662303	0.2282516428	0.0621444163
0	0.0000000107	0.0206475448	0.0381973823	0.0000001365	0.9411549257
0	0.0869515759	0.7520898961	0.0000197247	0.0000000159	0.1609387873
0	0.0617523944	0.8210443760	0.0381371708	0.0552967931	0.0237692658
0	0.1669569921	0.3505296540	0.0978983645	0.2451355636	0.1394794257
0	0.0642182535	0.2581963540	0.0484588367	0.0000000000	0.6291265558
0	0.5936518717	0.0105120267	0.0000000000	0.0021676125	0.3936684891
0	0.5284123342	0.2424070221	0.0000000000	0.2037043937	0.0254762500
1	0.5899373605	0.0000000000	0.2246138601	0.0228545591	0.1625942204
0	0.4407458818	0.5498982070	0.0001736229	0.0000030087	0.0091792797
0	0.0118627309	0.0123267767	0.0124641037	0.7277265819	0.2356198068
0	0.0000000000	0.9434683362	0.0024305551	0.0533507365	0.0007503721
0	0.0632001784	0.7652456170	0.0062179185	0.0000000004	0.1653362858
1	0.0000002013	0.9903028644	0.0000380353	0.0000000001	0.0096588990
0	0.0000000063	0.0011313854	0.0169253277	0.0001255956	0.9818176849
0	0.0000069803	0.1048597243	0.0174597205	0.5502411575	0.3274324174
0	0.0249867873	0.7331318252	0.0000000000	0.0000000128	0.2418813747
0	0.0000000000	0.1145561355	0.0914130449	0.2176369900	0.5763938296
0	0.0037013197	0.0519616034	0.9422838084	0.0016772089	0.0003760596
0	0.1674975811	0.0020038229	0.4499837140	0.0000000111	0.3805148708
0	0.0267490725	0.7799927248	0.0124853266	0.0590945810	0.1216782950
1	0.0828247056	0.0588282177	0.6739497610	0.0891911998	0.0952061159
0	0.2441714667	0.0667851370	0.6668690914	0.0113701474	0.0108041574
0	0.0091651391	0.0343508970	0.0155107832	0.0088013569	0.9321718238
0	0.0022795361	0.7771803162	0.0544475682	0.0932435743	0.0728490051
0	0.0000000179	0.2893976607	0.1891841953	0.0061566592	0.5152614669
0	0.0245573354	0.1792609014	0.3679304456	0.0189643241	0.4092869936
0	0.1373272201	0.0757787289	0.7204059258	0.0000004067	0.0664877185
0	0.0950200198	0.2169989274	0.1362905124	0.0000000002	0.5516905402
0	0.0000000000	0.7917019515	0.0162710903	0.0000686448	0.1919583134
0	0.0000000017	0.0193370722	0.0063836394	0.2813718510	0.6929074357
