0	0.0000007399	0.0084802806	0.2849117899	0.6699574567	0.0366497330
0	0.0003632586	0.0961489912	0.0004926652	0.0213820657	0.8816130193
0	0.0259574697	0.0574580541	0.0000007847	0.0192685918	0.8973150996
0	0.0079365720	0.2276926890	0.0000000001	0.2428545839	0.5215161551
0	0.5396195603	0.0062635804	0.0000000000	0.0095915952	0.4445252641
0	0.0000000001	0.9810585093	0.0134262782	0.0010375875	0.0044776249
0	0.0348333500	0.5749228341	0.0028208351	0.1932017612	0.1942212196
0	0.0301667550	0.2325136095	0.0000012051	0.3631932247	0.3741252055
0	0.0740882615	0.5124468237	0.0000000033	0.0725446023	0.3409203091
0	0.0084198552	0.0001388171	0.0000968678	0.1281735156	0.8631709443
0	0.0000026672	0.0637213364	0.0061531724	0.3207517485	0.6093710755
0	0.0617435880	0.0004635524	0.0000898636	0.0000207003	0.9376822957
0	0.0006001833	0.7442972634	0.0000000000	0.2530572995	0.0020452537
0	0.1791291629	0.0425066786	0.2800937088	0.0000124390	0.4982580108
0	0.4841136150	0.0625596306	0.0284362269	0.0043743188	0.4205162088
0	0.0000000181	0.9985209083	0.0000000019	0.0000003997	0.0014786720
0	0.0013262567	0.4628497675	0.2152524563	0.0008976179	0.3196739017
0	0.0002998939	0.0000000000	0.0380272263	0.0304256322	0.9312472475
0	0.0026666939	0.0156028173	0.0000000008	0.7938483320	0.1878821560
0	0.6957219008	0.2687619160	0.0355152637	0.0000009195	0.0000000000
0	0.6547045050	0.0738138740	0.0000002646	0.0003954619	0.2710858944
0	0.0113638768	0.0001251765	0.0210048923	0.8584614752	0.1090445792
0	0.3896520827	0.1355168432	0.0000000000	0.4654230982	0.0094079760
0	0.0483058381	0.0458983808	0.0004420934	0.8465285033	0.0588251845
0	0.1557118902	0.0045657844	0.0566759265	0.1035629528	0.6794834461
0	0.1135222383	0.0000000040	0.4429632145	0.4113183519	0.0321961913
0	0.0031068608	0.1862280097	0.0000000000	0.5463184964	0.2643466331
0	0.0082067961	0.5729405339	0.0000000000	0.0000071342	0.4188455359
0	0.8494028679	0.0000552544	0.0400573975	0.0000000000	0.1104844802
0	0.0017572333	0.1163914626	0.0146456528	0.0993632517	0.7678423997
0	0.1105651392	0.6361022312	0.0000017204	0.0794700920	0.1738608171
0	0.0000000000	0.1889567938	0.3905625488	0.0022753919	0.4182052655
0	0.0000000248	0.0000004128	0.1113699106	0.0000036725	0.8886259792
0	0.0000278928	0.1032999506	0.0003983190	0.7694463896	0.1268274480
0	0.0000000000	0.6667942038	0.0000022408	0.0954029579	0.2378005975
2	0.4367433099	0.0505056818	0.0000000000	0.2199940447	0.2927569636
0	0.0000025102	0.0235532144	0.0372521015	0.0027642849	0.9364278890
0	0.6182533943	0.3811337199	0.0000000017	0.0000004244	0.0006124597
0	0.5445705622	0.3411957895	0.0298055177	0.0000000009	0.0844281297
0	0.0000000000	0.7676990864	0.1240642629	0.0758210210	0.0324156298
1	0.4908151765	0.0327022585	0.0000000000	0.1033462647	0.3731363003
0	0.0008362714	0.0000088058	0.5263111643	0.0488834133	0.4239603452
0	0.0271614983	0.0611475445	0.5180067956	0.3548065573	0.0388776044
0	0.9181622030	0.0012998364	0.0000000000	0.0016152748	0.0789226858
0	0.0000000000	0.5815574656	0.0000159136	0.2757810054	0.1426456153
0	0.0000064555	0.0204490198	0.0000000000	0.1693944841	0.8101500406
0	0.1783893268	0.0510504624	0.0001356948	0.1410682671	0.6293562489
0	0.3548414301	0.0112600502	0.3702449936	0.0000000016	0.2636535244
0	0.0158146379	0.4021453229	0.2327015766	0.1084228654	0.2409155971
0	0.0000024066	0.0568967165	0.3088296196	0.2420807846	0.3921904728
0	0.3014397108	0.2834249321	0.0680217408	0.1131469746	0.2339666416
0	0.0003266256	0.0210563406	0.0701169304	0.2229553534	0.6855447500
0	0.0005336924	0.0358136382	0.3909890313	0.0000000783	0.5726635598
0	0.0059114448	0.5895569269	0.0247252735	0.2671245780	0.1126817768
0	0.0426212576	0.5845106094	0.1587884952	0.0938181043	0.1202615335
0	0.3308606838	0.6324504742	0.0062065115	0.0298872085	0.0005951220
0	0.0695829796	0.2790811609	0.1409073259	0.0000002035	0.5104283302
0	0.0854246028	0.4778309083	0.0000000000	0.0000000002	0.4367444887
0	0.0258291013	0.7129136852	0.0259661084	0.0663024270	0.1689886782
0	0.1696493782	0.1564475088	0.0108899119	0.0000298146	0.6629833865
0	0.0182394637	0.3509359114	0.1519347648	0.0000000000	0.4788898602
0	0.0027866914	0.2267611361	0.0000000000	0.0025065540	0.7679456185
0	0.0393493019	0.5991137507	0.0151895007	0.1445843173	0.2017631294
0	0.5496995966	0.0754780536	0.0168015427	0.2509911700	0.1070296371
0	0.1916048517	0.2602530166	0.0132068166	0.0000000000	0.5349353151
0	0.3322104657	0.0002702209	0.2319407235	0.4188797870	0.0166988029
0	0.0415352686	0.0071202365	0.0722274344	0.0327626333	0.8463544272
0	0.0454535416	0.9287221388	0.0000010915	0.0257666332	0.0000565948
0	0.5418874772	0.0765353374	0.0000000006	0.1757523922	0.2058247926
0	0.0000000000	0.3531640718	0.0186348150	0.0154762273	0.6127248859
0	0.0050778389	0.0027679777	0.3310487564	0.2734865079	0.3876189191
0	0.2353765529	0.5128203119	0.0902039302	0.1395558924	0.0220433126
2	0.0684059470	0.2739500809	0.5164382084	0.0000925875	0.1411131763
1	0.0000288338	0.0091087531	0.3076663369	0.0167543195	0.6664417567
0	0.0001941633	0.0021609147	0.7757713621	0.0027907495	0.2190828103
0	0.0728336100	0.3470949375	0.2888189250	0.2150584097	0.0761941179
0	0.0355099598	0.2659127632	0.4003582758	0.0000000000	0.2982190012
1	0.0000000000	0.0000747358	0.0003680310	0.1888578943	0.8106993389
0	0.2722105917	0.1342368608	0.1008292394	0.4348600022	0.0578633059
0	0.0000000006	0.0227107674	0.0880341345	0.0217756442	0.8674794533
0	0.5107756001	0.3176393874	0.0000000000	0.0317148878	0.1398701248
0	0.6583171839	0.0000000000	0.2317431951	0.0970068817	0.0129327393
0	0.0075573168	0.2479237227	0.0003566807	0.1234263721	0.6207359076
0	0.0000007752	0.2586703143	0.0257564337	0.6172599128	0.0983125640
0	0.8881407282	0.0933103953	0.0000000000	0.0183334333	0.0002154433
0	0.0319103837	0.2601359338	0.1952525499	0.0556996696	0.4570014629
0	0.1144384247	0.0463252054	0.0642196017	0.0544920619	0.7205247062
0	0.1868164033	0.0119541418	0.1116258550	0.0004016852	0.6892019146
0	0.3911612961	0.0601328718	0.0005180813	0.2882583499	0.2599294009
0	0.0750313329	0.7566157214	0.0020986400	0.0704310495	0.0958232562
0	0.0000000000	0.9265056705	0.0299709201	0.0177410926	0.0257823168
0	0.0000000000	0.2368466271	0.1838584798	0.0000000000	0.5792948931
0	0.0576292951	0.1291061571	0.0564698679	0.0600726153	0.6967220646
0	0.0429209375	0.6596903901	0.0000000036	0.1125112661	0.1848774026
0	0.0000001185	0.2610581051	0.0369492887	0.0000006090	0.7019918787
0	0.0184741558	0.1576197878	0.0748884893	0.0000119883	0.7490055788
0	0.0115587567	0.0029349970	0.0499431765	0.0000077818	0.9355552880
0	0.0051457389	0.2950490761	0.0098609890	0.0278977348	0.6620464612
0	0.3638577964	0.1174066189	0.0605017659	0.0206858802	0.4375479386
0	0.0000013869	0.0050929290	0.0631859632	0.5072327850	0.4244869359
