0	0.0000000000	0.2429194679	0.3691159337	0.0643296441	0.3236349542
0	0.0019081097	0.2009768897	0.0005259860	0.0490815283	0.7475074863
0	0.0223463374	0.0911826787	0.0633574591	0.0023303125	0.8207832124
1	0.0673336471	0.0955246906	0.4168542784	0.0000195498	0.4202678341
0	0.0102993496	0.0001563733	0.3857906934	0.0071184964	0.5966350874
0	0.0000000000	0.4923433695	0.0000000357	0.0765826811	0.4310739138
1	0.3378709348	0.1075193234	0.1339359043	0.0022203010	0.4184535366
0	0.2716516587	0.3699090136	0.0000000004	0.0009491198	0.3574902075
0	0.0222707755	0.2489850810	0.0119406363	0.7168034887	0.0000000185
0	0.1615886048	0.0164736927	0.1388762937	0.6463657143	0.0366956946
0	0.2065240899	0.0000214651	0.5841692648	0.0327441627	0.1765410175
0	0.0000103907	0.1136621538	0.8721385615	0.0046435198	0.0095453743
0	0.0084079333	0.0000000004	0.4195784911	0.0008307169	0.5711828583
0	0.0049663798	0.7663595246	0.0000067127	0.0000134134	0.2286539695
0	0.0827702151	0.2765539229	0.1246930119	0.0006111055	0.5153717445
0	0.1618779164	0.3890826205	0.1915136068	0.0000001997	0.2575256566
0	0.0064021730	0.5369131592	0.0000001159	0.0885610751	0.3681234768
0	0.3624469098	0.1058985363	0.0025744739	0.0119010459	0.5171790341
0	0.2220003274	0.0000000886	0.5111759699	0.0028237485	0.2639998656
0	0.0954560266	0.0508540051	0.0217562317	0.0074492784	0.8244844582
0	0.0215698763	0.0000000000	0.3944497179	0.0012097704	0.5827706354
0	0.5326519454	0.0504755487	0.0000007753	0.3875691366	0.0293025940
0	0.0246164820	0.0003579960	0.5118117918	0.1698614902	0.2933522399
0	0.0003425603	0.0539784910	0.0034094159	0.0003451264	0.9419244064
0	0.1160245713	0.8014035808	0.0123318024	0.0151072812	0.0551327643
0	0.0832951930	0.1321396137	0.0012336244	0.0000384268	0.7832931421
0	0.0047379537	0.4277631938	0.0882396720	0.0703268852	0.4089322953
0	0.1716552013	0.8221647649	0.0000000000	0.0061739831	0.0000060507
0	0.1293337336	0.5921544221	0.0003722516	0.0327213116	0.2454182811
0	0.0000710655	0.9426713395	0.0514074545	0.0000000000	0.0058501404
0	0.0650722865	0.2368673302	0.3049318184	0.1032801179	0.2898484470
0	0.0001356768	0.5289056969	0.0163836114	0.4470705542	0.0075044607
0	0.2770929114	0.6552837267	0.0356044846	0.0064155655	0.0256033119
0	0.0013231681	0.2641232205	0.0003242640	0.0064366936	0.7277926539
0	0.1851018020	0.0000182660	0.2747644027	0.3250749363	0.2150405930
0	0.0000000000	0.0136772767	0.0678685326	0.0000020468	0.9184521439
0	0.0372972236	0.0157114796	0.0044204055	0.0466763927	0.8958944986
0	0.0000002470	0.0568902458	0.1726821225	0.1479367564	0.6224906282
0	0.0031679636	0.1082841822	0.0005330986	0.3067142359	0.5813005197
0	0.0018668908	0.7316792660	0.0126607251	0.0005770844	0.2532160337
2	0.6616471316	0.2653238598	0.0154689467	0.0574032635	0.0001567984
0	0.3842219747	0.0932831512	0.1042931379	0.3982778573	0.0199238789
0	0.6092747959	0.0752556580	0.0000000000	0.2005600601	0.1149094860
1	0.2563873955	0.0067742830	0.0000055799	0.1918242962	0.5450084454
0	0.3227799230	0.0031469397	0.0000390984	0.3794244287	0.2946096102
1	0.0001149024	0.2615894519	0.0125830179	0.4094500495	0.3162625783
0	0.2946565212	0.0075438820	0.1091142792	0.2912863425	0.2973989752
0	0.0000547719	0.3421927161	0.0000039804	0.0956199870	0.5621285446
0	0.0000005657	0.2123419519	0.0200833424	0.6957316027	0.0718425373
0	0.0314310523	0.0298408718	0.3574462901	0.0000000000	0.5812817859
0	0.0231621779	0.5798410379	0.3172179844	0.0000068317	0.0797719679
1	0.0124445101	0.1442417601	0.7323740511	0.0000122490	0.1109274297
0	0.9026469892	0.0007960807	0.0202736817	0.0148499389	0.0614333094
0	0.0033574539	0.4186079197	0.0000895146	0.0773719512	0.5005731606
0	0.0013712190	0.2787685726	0.0298112273	0.0000000000	0.6900489811
1	0.4816223037	0.0000000000	0.2111510713	0.0135970482	0.2936295768
0	0.0000000000	0.8903340948	0.0030591523	0.0727803931	0.0338263597
0	0.0035946798	0.1616923088	0.8141680549	0.0000000000	0.0205449565
0	0.0000000000	0.7939963904	0.1262777853	0.0021476289	0.0775781954
0	0.0005588273	0.8984942580	0.0075099116	0.0719381582	0.0214988449
0	0.0794738275	0.9204826250	0.0000000000	0.0000435474	0.0000000000
0	0.0155178018	0.4194606984	0.0413802117	0.1598317890	0.3638094991
0	0.0617662766	0.3801925189	0.0000003050	0.2034186553	0.3546222442
0	0.0005378105	0.6572184281	0.2693685992	0.0687278233	0.0041473390
0	0.2848531259	0.0028231715	0.4129208161	0.0210435455	0.2783593410
0	0.0000705930	0.3004244684	0.0275136246	0.6719912811	0.0000000329
0	0.0506139767	0.7605344848	0.0069788646	0.0002167289	0.1816559450
0	0.0698374220	0.0007378535	0.0000007340	0.2818433234	0.6475806672
0	0.0708273068	0.3454360406	0.0316686954	0.3326282623	0.2194396948
0	0.6911294026	0.0916753070	0.0482888060	0.1689052826	0.0000012018
0	0.0669734978	0.8286328758	0.0000000244	0.0000000000	0.1043936019
0	0.2361652762	0.3346782033	0.1673154815	0.2617117151	0.0001293239
0	0.0000000000	0.0460354276	0.0050918409	0.0448340681	0.9040386634
0	0.1877756519	0.6925202144	0.0002723756	0.0498522582	0.0695795000
1	0.5089211024	0.0515213987	0.4330872320	0.0000306093	0.0064396575
0	0.4316363868	0.0372158794	0.1186450611	0.1407189509	0.2717837218
0	0.0023117508	0.7877455847	0.0423253788	0.0000000000	0.1676172857
0	0.0000000863	0.2504449350	0.0267143761	0.1226849031	0.6001556995
0	0.2701738219	0.0209594551	0.5797033256	0.0048980936	0.1242653038
0	0.0000000000	0.7573830669	0.0000000000	0.0022840385	0.2403328946
0	0.9341588831	0.0023701284	0.0000192611	0.0000000085	0.0634517189
0	0.1045263860	0.1327381321	0.2854112981	0.4773241808	0.0000000031
0	0.1500369275	0.5822921178	0.0000001196	0.0000001335	0.2676707015
0	0.0000020354	0.0250756235	0.0413079655	0.2336807234	0.6999336522
0	0.1126473983	0.1897240595	0.0429165332	0.0000354123	0.6546765966
0	0.0219191873	0.3267045102	0.0447787600	0.0979907398	0.5086068027
0	0.6352776567	0.0205549316	0.3415283256	0.0001908118	0.0024482743
0	0.0000000066	0.7624950378	0.0182842878	0.1277171111	0.0915035566
0	0.2035558453	0.3794039696	0.0129946154	0.0000009142	0.4040446555
0	0.0856537306	0.1009829024	0.0000000000	0.2551458534	0.5582175136
0	0.0394604109	0.3698532169	0.0532431871	0.0172490571	0.5201941280
0	0.0000000000	0.2879415799	0.0054388280	0.3606275818	0.3459920103
0	0.0003706208	0.3901643905	0.5436933531	0.0609336770	0.0048379585
0	0.0000491113	0.4061832974	0.0156251179	0.0067831470	0.5713593263
0	0.0000000000	0.0912453985	0.0000000000	0.1248353877	0.7839192138
0	0.1626468100	0.0056626535	0.0237949010	0.0188878857	0.7890077499
0	0.5871382557	0.0707138011	0.2883940192	0.0182556254	0.0354982986
0	0.0019559804	0.0189548976	0.0000000000	0.0562462018	0.9228429202
0	0.0000011346	0.7063865386	0.1601978029	0.0117260997	0.1216884242
0	0.0052733684	0.9000918676	0.0455192863	0.0192759920	0.0298394857
