0	0.0000000000	0.0147965933	0.3790682893	0.6053441867	0.0007909307
0	0.0572336244	0.0057734259	0.5714324334	0.1573912708	0.2081692456
0	0.0988976259	0.0000003049	0.1937192680	0.5712009572	0.1361818440
0	0.1934234866	0.0917951004	0.0048655937	0.6409792398	0.0689365795
1	0.1789345918	0.0804176007	0.0337094934	0.4668394120	0.2400989021
0	0.0000010035	0.0395250229	0.3106725412	0.4088051481	0.2409962843
0	0.0000063881	0.6786374859	0.2489320602	0.0019623532	0.0704617127
0	0.0155296569	0.0763398607	0.0917380343	0.0000240990	0.8163683492
0	0.0000000000	0.0310114796	0.8683365146	0.0168665762	0.0837854296
0	0.1474697649	0.0001483318	0.4476393815	0.0148932623	0.3898492595
0	0.2480508050	0.0000000000	0.3251455490	0.0994450084	0.3273586376
0	0.1772130842	0.0000001816	0.0002683494	0.0117321132	0.8107862716
0	0.0000477288	0.0005323330	0.0720243769	0.0232126237	0.9041829376
1	0.1610975463	0.0033571068	0.6157747358	0.2134740934	0.0062965177
0	0.0012402461	0.0710063144	0.2829488920	0.4354136989	0.2093908487
1	0.0006567892	0.0510820489	0.2547357159	0.6723834100	0.0211420360
0	0.3900952684	0.0605392335	0.2532949732	0.2144981381	0.0815723868
0	0.0155931630	0.0448835755	0.0001105341	0.9393371801	0.0000755473
0	0.4849698021	0.3464490294	0.0000202604	0.0000287072	0.1685322009
0	0.0246229761	0.1757071163	0.6447135859	0.1326698524	0.0222864693
0	0.0657811085	0.0120792277	0.7724014327	0.0701474894	0.0795907417
0	0.2459394047	0.1388910195	0.1114566934	0.0000783753	0.5036345072
0	0.3785892432	0.0051499822	0.0021507860	0.0009956760	0.6131143125
0	0.4002068839	0.0002695941	0.2066024603	0.0233109476	0.3696101141
0	0.0000309814	0.0097649394	0.5832976037	0.0003908035	0.4065156719
0	0.0031491428	0.0032793042	0.9794283845	0.0131493938	0.0009937748
1	0.0606990919	0.0006227380	0.4771230821	0.4538657348	0.0076893531
0	0.0000000000	0.0453282830	0.8879611913	0.0511250748	0.0155854508
0	0.2376366136	0.6694807013	0.0126598635	0.0747181645	0.0055046571
0	0.7605245056	0.0000000000	0.0774792548	0.0906559062	0.0713403334
0	0.0075068280	0.0000006805	0.0000914639	0.9732350549	0.0191659727
0	0.3223037673	0.0802348853	0.5214212143	0.0760379185	0.0000022146
0	0.0000048561	0.0000032055	0.9322624558	0.0677282132	0.0000012695
0	0.0988922853	0.0030029040	0.1380427702	0.0784088174	0.6816532231
0	0.0368418952	0.0000903998	0.1951752670	0.0038482976	0.7640441404
0	0.0095437413	0.0000000212	0.0000000000	0.0176761020	0.9727801355
0	0.0000000000	0.0142917153	0.0081783401	0.8211913281	0.1563386165
0	0.0000000000	0.0597442834	0.8534919879	0.0492465346	0.0375171942
1	0.1000926145	0.0797234311	0.1029526936	0.6988582340	0.0183730267
0	0.0420506515	0.0785724770	0.0721410282	0.5316613508	0.2755744925
0	0.0000078903	0.2340709349	0.1577120015	0.6081388965	0.0000702768
0	0.0447977722	0.0119318557	0.0280898487	0.7017118182	0.2134687052
1	0.3813099866	0.0000000010	0.4037866376	0.1632597286	0.0516436463
0	0.1522608893	0.0054792281	0.8273584003	0.0040124262	0.0108890560
1	0.6434029627	0.0000001278	0.1974415180	0.1153894608	0.0437659308
0	0.1762842577	0.0070783019	0.0004413942	0.6610282790	0.1551677672
0	0.0000147861	0.0740426107	0.0023230772	0.3878445658	0.5357749601
0	0.0008415836	0.1153770933	0.2619905616	0.6208044048	0.0009863567
0	0.0257964029	0.0167719201	0.0077194956	0.7636795041	0.1860326772
0	0.3709620451	0.0000252914	0.1679112226	0.3684179673	0.0926834735
0	0.0000004488	0.2284354045	0.6668587092	0.0098289004	0.0948765371
0	0.0000000000	0.0000000009	0.6576299966	0.2736932238	0.0686767786
0	0.0046248159	0.6460994738	0.0963877353	0.0001994160	0.2526885590
0	0.1009329105	0.1287612814	0.0441163030	0.0121223211	0.7140671841
0	0.0034505305	0.2313954211	0.7588308633	0.0025888807	0.0037343045
2	0.8545868487	0.0056049220	0.0179917287	0.1076966317	0.0141198689
0	0.8119678640	0.0063926391	0.0810585719	0.0002288299	0.1003520952
0	0.4785611035	0.0492813469	0.1421267541	0.0221205790	0.3079102164
0	0.0019490727	0.0027984331	0.9856906421	0.0095617150	0.0000001370
1	0.5834035697	0.0000469625	0.0047078721	0.3945845077	0.0172570879
0	0.0067209656	0.7485163922	0.0177323016	0.1107049083	0.1163254324
0	0.0001393901	0.0087134161	0.0014713931	0.9795520687	0.0101237321
1	0.7291260416	0.0000246080	0.2198158047	0.0188976668	0.0321358789
0	0.1047459190	0.1975368720	0.6432265641	0.0296954257	0.0247952192
0	0.0119010363	0.0000000000	0.7388881164	0.0028144683	0.2463963790
0	0.9372748805	0.0000000483	0.0380158695	0.0245013686	0.0002078330
0	0.0091927853	0.0126199688	0.8590609530	0.1191257498	0.0000005432
0	0.0051229276	0.1005156240	0.0450386402	0.2609787439	0.5883440644
0	0.4394009922	0.3982110839	0.0878735499	0.0129413444	0.0615730298
0	0.1747326328	0.1539878882	0.0004328807	0.2447198914	0.4261267069
1	0.2135637902	0.0000000000	0.1623100436	0.6176840624	0.0064421037
0	0.0000045199	0.5660245382	0.2816323352	0.0020623221	0.1502762846
0	0.0000000001	0.3343725190	0.1717568977	0.4871358953	0.0067346879
0	0.0575532374	0.0416351447	0.2722278170	0.0391793008	0.5894045001
0	0.0001188752	0.0514882701	0.5773895437	0.2456701946	0.1253331165
0	0.0000001463	0.0161975203	0.1744084823	0.7963866729	0.0130071782
0	0.0642829875	0.0848648775	0.1210081781	0.0879965477	0.6418474093
0	0.0412408834	0.1283772962	0.5491308250	0.0984932266	0.1827577688
0	0.0247321193	0.3399790732	0.5048033147	0.0537862637	0.0766992291
0	0.1280986144	0.0735858738	0.2326935190	0.0547522758	0.5108697171
0	0.0000298515	0.0024812344	0.0232512564	0.9742376565	0.0000000011
0	0.0284350104	0.0000004834	0.8565238118	0.1115260853	0.0035146091
0	0.0395461624	0.0000180871	0.2508724417	0.6890038279	0.0205594809
0	0.0000002022	0.0993966092	0.0000000136	0.7188601622	0.1817430129
0	0.2281926887	0.0749023656	0.0013795094	0.5767056944	0.1188197419
0	0.0415063235	0.0010221231	0.0031541142	0.9536762267	0.0006412125
0	0.0000021023	0.0000000000	0.0590557538	0.8103321693	0.1306099745
0	0.8373906043	0.0000000000	0.0424890654	0.0605221522	0.0595981782
0	0.0324273939	0.0272102823	0.0000398552	0.9348318000	0.0054906686
0	0.0115116897	0.0011005918	0.0311500452	0.6648790739	0.2913585995
0	0.0419598280	0.0000000000	0.1536212000	0.7576941964	0.0467247756
2	0.0224370538	0.0000311482	0.8938953637	0.0807929214	0.0028435128
0	0.1907250058	0.1062281458	0.4304984415	0.2310992161	0.0414491908
0	0.0000000003	0.0015281404	0.0205117508	0.2567137091	0.7212463995
0	0.0670234015	0.0122992484	0.7762165020	0.1415319285	0.0029289196
0	0.1865829075	0.2049394165	0.2821072052	0.0188645573	0.3075059135
0	0.4338146568	0.0016072627	0.0615350372	0.0000000000	0.5030430432
0	0.0390642731	0.1225795182	0.0088094639	0.5302670898	0.2992796549
0	0.0172160849	0.0013848304	0.9607425617	0.0000000000	0.0206565230
0	0.0782214038	0.0203724940	0.0000001572	0.0402609952	0.8611449498
