0	0.0000000000	0.4865067261	0.2364553764	0.0140417833	0.2629961142
0	0.0311112979	0.6548492103	0.0000000000	0.0003363392	0.3137031526
0	0.0004679136	0.0542337209	0.0049072771	0.9333414925	0.0070495958
0	0.0932994991	0.0620328820	0.0485515109	0.0000000240	0.7961160841
1	0.3192973540	0.0114790966	0.5074974163	0.0385653580	0.1231607750
0	0.0059753558	0.8486671063	0.0021200151	0.0002871297	0.1429503930
0	0.1325024804	0.0453410839	0.0032092722	0.0000000006	0.8189471629
0	0.0567516978	0.1014542245	0.0027426076	0.0071803774	0.8318710929
0	0.1998331568	0.5629219585	0.0000000000	0.1354295938	0.1018152909
0	0.0618158477	0.0206267980	0.8164120647	0.0000000000	0.1011452897
0	0.1653917064	0.7344946379	0.0099878678	0.0000000000	0.0901257880
0	0.0464717532	0.8082880043	0.0000000036	0.0141247530	0.1311154860
0	0.0017814499	0.9489372126	0.0122065391	0.0306364111	0.0064383874
0	0.0795043161	0.8539427948	0.0103684509	0.0059265851	0.0502578531
1	0.0000000170	0.2271987836	0.0000000000	0.6268818197	0.1459193797
0	0.9594754258	0.0000000699	0.0047374586	0.0002190278	0.0355680179
0	0.0116860763	0.4437624128	0.5296535118	0.0148979967	0.0000000025
0	0.0000000000	0.0758124540	0.0011563151	0.0973846441	0.8256465868
1	0.0275640733	0.0600334464	0.0007996375	0.0293722460	0.8822305968
0	0.0023336497	0.0047804595	0.3106212497	0.1081514228	0.5741132183
0	0.0033718947	0.2699690883	0.6309396494	0.0931104744	0.0026088931
0	0.0050198545	0.0362867397	0.0006973076	0.2805315167	0.6774645814
0	0.0000000238	0.9458972050	0.0057725007	0.0097921595	0.0385381110
0	0.0138434733	0.2724644905	0.0900646105	0.2922653069	0.3313621188
0	0.2364262831	0.1274241436	0.0151996353	0.5350617609	0.0858881770
1	0.0000000003	0.0002422156	0.9960508576	0.0000000000	0.0037069265
0	0.0000131082	0.0001758306	0.7037637708	0.2960456580	0.0000016325
0	0.1419687219	0.5549599551	0.0084204136	0.0002619342	0.2943889752
0	0.0000000000	0.6435644786	0.1940401229	0.0058884250	0.1565069735
0	0.3078692490	0.3159372859	0.1241620206	0.0000000000	0.2520314446
0	0.0010047633	0.1675260168	0.0165365994	0.0199504110	0.7949822095
0	0.0001465373	0.9239474387	0.0089967826	0.0000000000	0.0669092414
0	0.1892398616	0.0000000000	0.0030161003	0.5068807217	0.3008633164
0	0.1927853066	0.6540108729	0.0010577942	0.0818088028	0.0703372234
0	0.0000000000	0.0001416520	0.0000697514	0.0055331913	0.9942554054
0	0.0089455880	0.0001537872	0.0001018374	0.0005791814	0.9902196061
0	0.0227754779	0.9281951187	0.0000000000	0.0196760615	0.0293533418
0	0.0115203824	0.0012484388	0.0293303878	0.0092079713	0.9486928197
0	0.0000000891	0.6040522770	0.0000359410	0.0018814378	0.3940302552
0	0.1158666186	0.0164128583	0.1065659783	0.2136011018	0.5475534429
0	0.2464364542	0.0088853597	0.0029501835	0.0022257184	0.7395022842
0	0.0641524186	0.0000123413	0.0002606734	0.4811555838	0.4544189828
0	0.0481511065	0.2924909034	0.0000000000	0.0000010518	0.6593569383
1	0.1092939685	0.2493487095	0.0201770185	0.1317113912	0.4894689122
0	0.0000000000	0.5747664022	0.0000049118	0.0899730951	0.3352555909
0	0.0303192090	0.0370659999	0.0000088750	0.0284417965	0.9041641196
0	0.0023307988	0.2466778951	0.0000034356	0.2414117832	0.5095760873
0	0.0000000000	0.2899697048	0.0754919873	0.0002056714	0.6343326365
0	0.0788465539	0.2814071735	0.0000000000	0.5320528971	0.1076933754
0	0.0000185484	0.0642364304	0.0000000000	0.2849533469	0.6507916743
0	0.0457283337	0.8893458882	0.0592174950	0.0000000000	0.0057082831
0	0.0150794940	0.0014862074	0.0000000000	0.2170862186	0.7663480801
0	0.1067963330	0.2326061598	0.0491751765	0.0057474390	0.6056748917
0	0.3692137334	0.0001734390	0.0048349427	0.0169687278	0.6088091571
0	0.0014215396	0.0092382191	0.0794531371	0.0171235383	0.8927635660
0	0.0004044018	0.0228956530	0.0003861521	0.0379474159	0.9383663772
0	0.0000392141	0.0275944803	0.0000009810	0.2277039278	0.7446613967
0	0.0428387324	0.6104712211	0.0016060293	0.0002257392	0.3448582780
0	0.3281523799	0.0028682693	0.6531730713	0.0157218115	0.0000844679
0	0.0000000034	0.0327450969	0.0573814125	0.0067492876	0.9031241996
1	0.5692303948	0.4293650670	0.0000000006	0.0014019073	0.0000026303
0	0.0022494191	0.2977454840	0.0000042467	0.6913692225	0.0086316277
0	0.0000802824	0.0707547420	0.0107572812	0.3482392003	0.5701684941
0	0.9497469821	0.0351351628	0.0000000036	0.0141160898	0.0010017616
0	0.0089394035	0.2264438309	0.0000161760	0.0241890941	0.7404114955
0	0.0000000001	0.0004040638	0.0260642986	0.1537466138	0.8197850236
0	0.1203864918	0.0665075783	0.1202797146	0.0573355782	0.6354906371
0	0.0000000000	0.1108835821	0.0179261747	0.0615725810	0.8096176622
0	0.0527232076	0.0265997952	0.5756022866	0.0469050118	0.2981696989
0	0.0634924517	0.1634643323	0.0244745759	0.7130973941	0.0354712460
0	0.0040036070	0.9842318257	0.0067641038	0.0020770524	0.0029234111
0	0.0021199779	0.3845020512	0.0680574304	0.0275676899	0.5177528507
0	0.0000000155	0.8516463363	0.0475679190	0.0000006508	0.1007850784
0	0.5330061519	0.0267960700	0.3946409569	0.0000000537	0.0455567675
0	0.0335513976	0.1631372932	0.0000000005	0.0180977604	0.7852135483
0	0.0022466142	0.0585676488	0.0060512223	0.0471415295	0.8859929852
0	0.5768420811	0.3222116720	0.0976340744	0.0024075337	0.0009046389
0	0.9676774603	0.0011724968	0.0039352139	0.0257275519	0.0014872770
0	0.6279146707	0.0011499642	0.3694372971	0.0013662001	0.0001318679
0	0.0095136401	0.0861550983	0.0000943605	0.0002735670	0.9039633341
0	0.0003429522	0.3061624969	0.2280516108	0.0254114517	0.4400314885
0	0.0002050635	0.0775646538	0.0565319914	0.0000029145	0.8656953767
1	0.0793664471	0.0493825659	0.0000606527	0.8274411635	0.0437491708
0	0.0019478911	0.0681687851	0.0002304617	0.0296303374	0.9000225247
0	0.1518894229	0.6919781219	0.0000000000	0.0000008148	0.1561316404
0	0.2993151714	0.3218231210	0.1698368454	0.0033489410	0.2056759211
1	0.2611796816	0.0334447673	0.2576655849	0.4477098126	0.0000001536
1	0.0000033008	0.0324984878	0.1547515960	0.6014660371	0.2112805782
0	0.0000337130	0.6787422335	0.2165620483	0.1010384777	0.0036235274
0	0.0006631931	0.2101198237	0.0118108944	0.0000301430	0.7773759458
0	0.0046287051	0.1411441693	0.2787669394	0.4089305434	0.1665296428
0	0.0311069121	0.1299188492	0.0001529499	0.0069549132	0.8318663757
0	0.0002359363	0.0471976628	0.0000326343	0.4436903886	0.5088433781
2	0.2445707636	0.0600257824	0.3050643553	0.3697597734	0.0205793253
0	0.0456045046	0.0000358346	0.0000000012	0.4845192787	0.4698403809
0	0.3367275776	0.0522893686	0.0000001890	0.4147809149	0.1962019498
0	0.0163976410	0.1593209133	0.0188071249	0.3055889727	0.4998853480
0	0.0003694511	0.0000000240	0.2819617087	0.2029978131	0.5146710031
0	0.1568049973	0.1145845902	0.0355420252	0.3499666079	0.3431017794
0	0.0124880467	0.9638959873	0.0002347194	0.0130982531	0.0102829935
