0	0.1024054514	0.0498095032	0.2654237808	0.3658157640	0.2165455006
0	0.0023600589	0.7282077062	0.0000000052	0.0000067129	0.2694255167
0	0.1362293855	0.0000000000	0.0000284418	0.0272619537	0.8364802189
0	0.4111290272	0.2722702037	0.0026950778	0.0075710024	0.3063346889
0	0.2123838366	0.0595380376	0.0000039907	0.0369358112	0.6911383238
0	0.0000000000	0.4211509831	0.0250484492	0.0001086529	0.5536919148
0	0.1514617017	0.6537136669	0.0796950820	0.0000000000	0.1151295494
0	0.0116225171	0.5679038164	0.1156611902	0.0000033556	0.3048091207
0	0.0045518791	0.0000000000	0.9144098357	0.0787078442	0.0023304410
2	0.2238733431	0.0725000109	0.0034316311	0.7001818014	0.0000132135
0	0.0653467525	0.0619488891	0.0621149219	0.0042234146	0.8063660219
1	0.0044409983	0.1349591091	0.0001099178	0.6750954300	0.1853945447
0	0.0000000000	0.4188888394	0.0506366336	0.5024853359	0.0279891911
1	0.1286373132	0.0000000000	0.0000208363	0.0996040616	0.7717377889
0	0.0000447593	0.0790363993	0.5005874185	0.0002933170	0.4200381060
1	0.0272516466	0.1814674970	0.0935128662	0.6977679902	0.0000000000
0	0.0000297423	0.4043318012	0.5589242100	0.0000000000	0.0367142465
0	0.0000342237	0.0102333112	0.0733703423	0.0235780469	0.8927840759
0	0.1273239595	0.4142000494	0.4582172036	0.0000137304	0.0002450572
0	0.0066146570	0.0159543853	0.9650616649	0.0060720383	0.0062972544
1	0.6671078609	0.0406379415	0.1840848965	0.0863847114	0.0217845897
0	0.1469839797	0.0051351500	0.3311049061	0.0010932406	0.5156827235
0	0.0642127501	0.3238354305	0.0049482790	0.0420628147	0.5649407256
0	0.1883300359	0.0026571034	0.0000007507	0.0604894593	0.7485226506
0	0.3296722864	0.0000000000	0.0130878007	0.0000000000	0.6572399130
0	0.0003837458	0.0587983755	0.0008564508	0.0018693411	0.9380920868
0	0.0004031387	0.0000638929	0.3200220762	0.0006160164	0.6788948758
0	0.0000000206	0.5064920326	0.0407326721	0.3486449134	0.1041303613
0	0.0294853499	0.2050999121	0.0000000003	0.0000000000	0.7654147377
0	0.0461913312	0.0057631885	0.5585638712	0.0000000000	0.3894816092
0	0.1338664145	0.1577003739	0.4215272879	0.2309146662	0.0559912575
0	0.0666041544	0.2185746958	0.0452676781	0.0281729991	0.6413804726
0	0.1971349349	0.1351220112	0.0006452686	0.2897483561	0.3773494292
0	0.3620932478	0.5712362246	0.0457251471	0.0202279482	0.0007174323
0	0.8933589770	0.0210881304	0.0491068249	0.0114796759	0.0249663918
0	0.7115067650	0.0369803808	0.0000000000	0.1087386714	0.1427741828
0	0.0090576070	0.6787282690	0.0092656711	0.0000021160	0.3029463369
0	0.6421149185	0.0280087215	0.0031377156	0.0000000045	0.3267386399
0	0.0010588694	0.5923725097	0.3998380532	0.0029521592	0.0037784085
0	0.1194017688	0.3664146840	0.0000000086	0.5048634608	0.0093200778
0	0.5077197788	0.2414068507	0.0000000189	0.0000000000	0.2508733516
0	0.0627695808	0.9332438553	0.0039865639	0.0000000000	0.0000000000
0	0.1267822475	0.7113675092	0.0000030036	0.0007028080	0.1611444318
0	0.2568732331	0.5574749512	0.1131403344	0.0000081772	0.0725033041
1	0.0001168764	0.1079169695	0.0103875989	0.2302774476	0.6513011076
0	0.0582911310	0.0068063668	0.0000000036	0.0744628229	0.8604396757
0	0.0109278481	0.5508609152	0.0046465191	0.0568862761	0.3766784415
0	0.1119020216	0.0606166381	0.3628610593	0.0514835435	0.4131367376
0	0.0006534236	0.7630409140	0.0124433004	0.0000829309	0.2237794311
0	0.0845699441	0.0202096062	0.0141828007	0.0122974696	0.8687401794
0	0.0000221158	0.1255713688	0.8665934357	0.0008565214	0.0069565582
0	0.1197823913	0.1999985037	0.0001985316	0.4738052836	0.2062152899
0	0.9667082259	0.0018987017	0.0010845716	0.0235776332	0.0067308677
0	0.0364691056	0.0036764744	0.0004299035	0.0205654379	0.9388590785
0	0.0000000023	0.1189086659	0.0017655326	0.0497131400	0.8296126592
0	0.0022689229	0.1099826944	0.0015759899	0.0000006497	0.8861717431
0	0.0000003104	0.5377910844	0.0002693581	0.0000014833	0.4619377638
0	0.0000000000	0.0250461849	0.0130266698	0.0001091566	0.9618179888
0	0.0630341823	0.0094422340	0.0173500121	0.8855979973	0.0245755743
0	0.0035456857	0.2422690232	0.3138456667	0.3566343837	0.0837052408
0	0.1343492805	0.3141466237	0.0178802914	0.3818707684	0.1517530360
0	0.0102717927	0.7304126053	0.0000000000	0.0000000000	0.2593156021
0	0.0004878078	0.0867436855	0.0609128635	0.8382598927	0.0135957506
0	0.0154636197	0.0035391424	0.9805358210	0.0004614167	0.0000000001
0	0.0679592626	0.0315498814	0.8492281962	0.0000003204	0.0512623394
0	0.0032267121	0.6916152034	0.0000000000	0.1945362149	0.1106218697
0	0.2169371839	0.3807270091	0.0000000000	0.0204693100	0.3818664970
1	0.0108520307	0.0000000512	0.0852313611	0.3651911479	0.5387254091
1	0.6900420222	0.0360721124	0.2403989114	0.0314079476	0.0020790064
0	0.2145971368	0.3480565339	0.1438535828	0.2917978238	0.0016949227
0	0.0076903768	0.7105679341	0.0000000000	0.0000003677	0.2817413214
1	0.1171240940	0.8162497567	0.0000000276	0.0000000000	0.0666261217
1	0.5736368679	0.0001677204	0.2472233569	0.0000212761	0.1789507787
0	0.3560073943	0.0336697023	0.0001006714	0.4938694003	0.1163528316
0	0.6296317905	0.2794587575	0.0004261451	0.0430908517	0.0473924552
0	0.3187934031	0.1544449379	0.1725235119	0.0438157928	0.3104223543
0	0.2482575876	0.0436164019	0.0000006143	0.0552803245	0.6528450718
0	0.0005411938	0.4814067249	0.3671873781	0.0648638057	0.0860008975
0	0.0055143363	0.8334511173	0.0037209261	0.0000000899	0.1573135304
0	0.0312393180	0.4517654904	0.0037970785	0.3799594621	0.1332386509
0	0.0000335176	0.0287331108	0.0725420991	0.0000000749	0.8986911975
0	0.1035851198	0.0374860558	0.0000000000	0.0161606824	0.8427681420
0	0.0001622999	0.0970480932	0.2449939243	0.6576852927	0.0001103899
0	0.0001022976	0.0199315817	0.0005906087	0.0578276131	0.9215478988
0	0.0000000000	0.0113089545	0.0073752284	0.0000002187	0.9813155984
0	0.0470615102	0.0472837320	0.0002709583	0.8980899186	0.0072938810
0	0.0264694489	0.3619791602	0.0478331335	0.0634134634	0.5003047940
1	0.2354512988	0.0000001652	0.0000000000	0.0021274475	0.7624210884
0	0.0083553427	0.6143979992	0.1188946580	0.0007279374	0.2576240627
0	0.3560778692	0.0000891356	0.0035324369	0.0102161463	0.6300844121
0	0.0000000000	0.5227559886	0.0012528918	0.0019158671	0.4740752525
0	0.1371211615	0.1275166549	0.0000013431	0.0000003762	0.7353604643
0	0.0001169961	0.4491050309	0.0205287062	0.0633053911	0.4669438758
0	0.0092890353	0.9202710506	0.0000000968	0.0147466649	0.0556931523
0	0.2984384785	0.0000022172	0.0000000000	0.1218296166	0.5797296876
1	0.1247099715	0.0000219362	0.3188591126	0.1359548051	0.4204541747
0	0.0000001264	0.0089855623	0.1458768355	0.0000000178	0.8451374580
0	0.0022899124	0.7608821168	0.1030350800	0.1000302097	0.0337626811
0	0.8578927486	0.0179856709	0.0523241539	0.0000000000	0.0717974267
0	0.0503324912	0.2569608137	0.0439814107	0.0069819741	0.6417433104
