0	0.0001666843	0.0285080334	0.0506809317	0.0756899065	0.8449544442
0	0.0000013199	0.0022916562	0.0882311770	0.0044139307	0.9050619162
0	0.0000000000	0.0395345113	0.0004588069	0.0815640764	0.8784426054
0	0.0000248000	0.3573658866	0.1442132217	0.1075796486	0.3908164431
0	0.0047213492	0.6615434567	0.0000079523	0.1553727539	0.1783544879
0	0.0059466365	0.7115201778	0.0002550704	0.2822781146	0.0000000007
0	0.4203686288	0.5074343519	0.0462448490	0.0015772532	0.0243749172
0	0.1679366098	0.2835947041	0.0593657804	0.0642656016	0.4248373040
0	0.0004820740	0.0062404997	0.0003072669	0.1911747210	0.8017954385
0	0.0100801585	0.0639945265	0.0037291815	0.0953120975	0.8268840360
0	0.0278135027	0.8674475241	0.0000000000	0.0205723392	0.0841666340
0	0.4756244644	0.3454089309	0.0027269197	0.1325217616	0.0437179233
1	0.3425850221	0.0003172482	0.1128725264	0.4801535156	0.0640716877
0	0.0157749192	0.0002886102	0.0380270817	0.0567294483	0.8891799406
0	0.1340231891	0.1187616904	0.2266253904	0.4624221394	0.0581675906
1	0.0073623662	0.2087765458	0.0381219208	0.7392568768	0.0064822904
0	0.3217243199	0.1010499444	0.0230769199	0.1827642148	0.3713846011
0	0.1515323769	0.0056093160	0.0289823960	0.6052862211	0.2085896899
0	0.4361255201	0.0000107439	0.0046848733	0.1246310503	0.4345478125
0	0.0311733394	0.0020475711	0.0566651420	0.9101139211	0.0000000265
0	0.1899115387	0.0000000034	0.1356348522	0.1468336215	0.5276199842
0	0.0048873669	0.0000000008	0.0762302070	0.4160755601	0.5028068651
0	0.2003872620	0.0569927147	0.0000006138	0.0445105472	0.6981088624
0	0.3288157597	0.0323533919	0.1894016968	0.4457862410	0.0036429105
0	0.1060064831	0.2740691919	0.1648254425	0.0000751561	0.4550237264
0	0.0000000000	0.4759087855	0.1732097973	0.1875376168	0.1633438005
0	0.1805660314	0.0633764247	0.0000000835	0.5423498535	0.2137076068
0	0.6862382530	0.0511896187	0.2625721194	0.0000000000	0.0000000089
0	0.0000003094	0.0368050084	0.0004805560	0.0231672807	0.9395468454
0	0.3183949750	0.0010200318	0.1408477738	0.1145857488	0.4251514706
1	0.0702609407	0.0393930113	0.2594763738	0.0001256664	0.6307440079
0	0.1853618220	0.0277444165	0.5214836230	0.0144395109	0.2509706276
0	0.0000000000	0.0009233088	0.0023788415	0.0160007252	0.9806971245
0	0.0000145626	0.4517707829	0.0585454650	0.0004255534	0.4892436360
0	0.0002288403	0.0000068994	0.0000000000	0.8549323675	0.1448318929
0	0.0000048859	0.0000013290	0.0000004558	0.0052075028	0.9947858264
0	0.0697635908	0.0000073451	0.0519398312	0.0708772604	0.8074119726
0	0.0143787310	0.2064586095	0.2345776581	0.0023943666	0.5421906348
0	0.0000000000	0.8149774665	0.0000071003	0.0193829214	0.1656325119
0	0.1980064476	0.6034012718	0.0144084531	0.0628149795	0.1213688480
0	0.0002554232	0.0684894793	0.8382032444	0.0078971767	0.0851546765
0	0.0164813342	0.0199510947	0.0094264441	0.0088433199	0.9452978071
0	0.0145367313	0.7417864033	0.0000004067	0.0000001086	0.2436763501
0	0.1000352091	0.1379331503	0.0252941321	0.0000902926	0.7366472159
0	0.0003012451	0.0824366655	0.0000000024	0.8451248747	0.0721372123
0	0.3588179529	0.0489427810	0.0013937437	0.3661629424	0.2246825800
1	0.3036372685	0.0007231717	0.5347036349	0.1606795280	0.0002563969
1	0.6810918002	0.0002869861	0.0302133596	0.0338695077	0.2545383464
0	0.0027065413	0.0900844430	0.0928149849	0.3397712753	0.4746227556
2	0.0000106899	0.0000563065	0.0005872110	0.6064777881	0.3928680047
0	0.0001107185	0.0193859525	0.5619964444	0.0000000000	0.4185068846
0	0.1206817142	0.0855639816	0.0227557817	0.1062339968	0.6647645256
1	0.3055474778	0.0299329631	0.0508305033	0.0011235217	0.6125655342
0	0.0000029860	0.0650593583	0.0041950949	0.0000000000	0.9307425608
0	0.2129293593	0.1200557362	0.0000151137	0.0015886111	0.6654111797
0	0.0270803754	0.4066917211	0.2503251572	0.1218391752	0.1940635710
0	0.0023847593	0.5526022113	0.3875032529	0.0353757175	0.0221340589
0	0.0000000001	0.6900835013	0.0994800785	0.0303860682	0.1800503519
1	0.0224226680	0.0000000000	0.8953739070	0.0000049544	0.0821984705
0	0.5622287961	0.1960518027	0.0000177398	0.0609330316	0.1807686299
1	0.0470507695	0.1581973364	0.0003930436	0.0001153279	0.7942435226
1	0.6971767972	0.0424041101	0.0511135177	0.0014345318	0.2078710432
0	0.1536147418	0.1712391265	0.0001816110	0.0290923274	0.6458721933
0	0.3913379223	0.0196639776	0.0459181317	0.4799603612	0.0631196071
0	0.0139062512	0.4564456982	0.0029044396	0.1266635467	0.4000800644
0	0.0064728395	0.1043792340	0.0628650460	0.0052485068	0.8210343736
0	0.0005012958	0.4796404819	0.1698472812	0.0000000865	0.3500108545
0	0.0204218390	0.0000000701	0.0059614861	0.0000000000	0.9736166047
0	0.2950153262	0.0278050585	0.5564286897	0.1019279822	0.0188229434
1	0.6351541331	0.1031891798	0.0000393422	0.0454297274	0.2161876175
0	0.0083005219	0.4917657860	0.0328852805	0.0160375574	0.4510108542
0	0.0149096485	0.7563964562	0.0000000000	0.2235775087	0.0051163867
0	0.0030104243	0.6468688064	0.1145595729	0.1888998759	0.0466613206
0	0.0001949574	0.1972174887	0.0015353620	0.0010264298	0.8000257621
0	0.3820847834	0.0946498693	0.0005311418	0.0018899008	0.5208443047
0	0.0000000000	0.0183325539	0.5490476377	0.4214751396	0.0111446687
0	0.1836825737	0.5054667995	0.0000003165	0.1459280624	0.1649222479
0	0.0005967386	0.1284079720	0.0294722922	0.0265124677	0.8150105295
0	0.0344178428	0.0035903158	0.8407911893	0.0000000072	0.1212006449
0	0.6400219605	0.0001266780	0.0012567456	0.1605240480	0.1980705678
0	0.0194718594	0.0178904222	0.0260461155	0.0943231352	0.8422684677
0	0.2022026633	0.1330640163	0.0307653822	0.3943584392	0.2396094990
0	0.0442880351	0.0626685797	0.1536533680	0.0197017250	0.7196882922
0	0.0270862893	0.1347156279	0.0327945674	0.1037422688	0.7016612466
0	0.0000053499	0.8469020094	0.0000007733	0.1282250080	0.0248668594
0	0.0000046688	0.2777308841	0.4705644571	0.2405700458	0.0111299442
0	0.0427201573	0.7437504273	0.0929888027	0.1165013459	0.0040392667
0	0.0334031417	0.0653761967	0.0191309818	0.2255585744	0.6565311054
0	0.0000000000	0.3572951530	0.1733902318	0.0589252254	0.4103893899
0	0.0801643000	0.0884554750	0.1604062760	0.1508800239	0.5200939251
0	0.2919845524	0.1059545848	0.0950225405	0.0000000177	0.5070383045
0	0.0720688058	0.1331338784	0.0000000000	0.2522044350	0.5425928808
0	0.1157727249	0.0008153292	0.5411868444	0.0000106077	0.3422144938
0	0.0567515026	0.0956475311	0.0010370657	0.5514585181	0.2951053825
0	0.0975850673	0.7471189027	0.0081318750	0.0000004994	0.1471636556
1	0.3143330492	0.1164276332	0.4361241042	0.0338057843	0.0993094291
0	0.0297121925	0.0864525642	0.0672495309	0.0253964288	0.7911892836
0	0.0058171713	0.1003477425	0.0250020933	0.5629262879	0.3059067048
0	0.0244935001	0.1989184349	0.5846287392	0.0003284365	0.1916308893
0	0.0007584955	0.5550672566	0.3290385559	0.0663897581	0.0487459340
