0	0.0003794704	0.0759726244	0.0039872507	0.5108404980	0.4088201564
0	0.3592528002	0.4148866062	0.1033453741	0.0369567277	0.0855584919
0	0.0000050966	0.0608910927	0.0151700886	0.0000000812	0.9239336409
0	0.0000000000	0.2230317974	0.6949581254	0.0813302778	0.0006797994
0	0.0000005711	0.9803341637	0.0000531195	0.0013011681	0.0183109777
0	0.1412719200	0.0085490989	0.0000000000	0.0000000693	0.8501789119
0	0.0000615416	0.0573030868	0.0321501697	0.0305198787	0.8799653232
0	0.2777160431	0.2365714680	0.0016200345	0.0125243378	0.4715681166
0	0.0063830478	0.0017372937	0.0025562467	0.5203199727	0.4690034392
0	0.0107802513	0.0338020568	0.7184181144	0.0693774054	0.1676221721
0	0.0382279318	0.1212044354	0.0000393270	0.6418482662	0.1986800396
0	0.0002666508	0.3567750464	0.1042360563	0.2259409447	0.3127813017
0	0.6807712267	0.1600896145	0.0000000000	0.0000212428	0.1591179161
1	0.0009283986	0.0000000000	0.8624763885	0.1003082680	0.0362869449
0	0.0106982719	0.4768132239	0.1741921357	0.0360334592	0.3022629094
1	0.0008538695	0.0035914865	0.1526154387	0.0057743995	0.8371648058
1	0.8869346877	0.0409426799	0.0358107854	0.0113785139	0.0249333331
0	0.1547686121	0.2416825678	0.0127522411	0.4559395094	0.1348570696
0	0.0034607161	0.1502712690	0.0829403225	0.2142634384	0.5490642540
1	0.0000093624	0.0343571361	0.9103752698	0.0542182050	0.0010400266
1	0.0052693541	0.1005534106	0.0000000010	0.0171248917	0.8770523426
0	0.2375151396	0.6353804350	0.0040816861	0.0753605027	0.0476622366
0	0.1267757323	0.5658782206	0.0422187644	0.0154022180	0.2497250646
0	0.0000000000	0.8968616033	0.0731235759	0.0184402864	0.0115745344
2	0.0642813716	0.0564693662	0.0021459573	0.8770868069	0.0000164980
0	0.0000186978	0.3358776562	0.0000148997	0.0000098289	0.6640789174
0	0.0000081472	0.5604699257	0.3773383092	0.0322007515	0.0299828663
0	0.0022503607	0.1841459636	0.7024807407	0.0006357777	0.1104871574
0	0.0000317432	0.3584594422	0.0041880710	0.0000000019	0.6373207418
0	0.4626933313	0.0268521326	0.0709025252	0.3351806462	0.1043713648
0	0.0543771989	0.9322401663	0.0055994962	0.0000000000	0.0077831386
0	0.0754480536	0.8745920557	0.0049807963	0.0027465057	0.0422325887
0	0.0000002190	0.2605326890	0.6019320550	0.0023208671	0.1352141698
0	0.2518546578	0.0434694039	0.0351415602	0.0000000000	0.6695343781
0	0.0000000000	0.7495289104	0.0091582358	0.0126112535	0.2287016003
0	0.0615556877	0.3841329212	0.1949830053	0.0044020541	0.3549263316
0	0.0069327757	0.3905957683	0.0007043957	0.0762270258	0.5255400346
0	0.0000179231	0.0117946958	0.0017931511	0.0176124353	0.9687817947
0	0.0042717223	0.1376751982	0.0614338857	0.0000000000	0.7966191939
0	0.0000000000	0.1925906162	0.4965154221	0.1875616889	0.1233322727
0	0.1063997190	0.8755501641	0.0009567727	0.0000048684	0.0170884758
0	0.0038315018	0.0449883640	0.0000001566	0.2302978207	0.7208821569
0	0.1378665338	0.2376758051	0.4498608789	0.1742988322	0.0002979500
0	0.0103167640	0.0459614142	0.0176316121	0.6798445758	0.2462456338
0	0.0000000000	0.0071293859	0.6037530204	0.3834917108	0.0056258829
0	0.1702290463	0.2097265944	0.1703125279	0.0538688925	0.3958629389
0	0.0000177277	0.0157111372	0.0939351443	0.7228630106	0.1674729802
0	0.1539643868	0.1151300002	0.3735470038	0.0204311731	0.3369274361
0	0.6520031882	0.2868437458	0.0026705699	0.0565650258	0.0019174703
0	0.4138947607	0.0000000000	0.0022991951	0.0443881525	0.5394178918
0	0.0034876891	0.0003622809	0.2521205983	0.0000000302	0.7440294015
0	0.0000000001	0.0000000000	0.0843879507	0.1543459746	0.7612660746
0	0.1407706819	0.3967732765	0.0000000005	0.2543274535	0.2081285877
0	0.0020750273	0.0208716587	0.9685804448	0.0053557545	0.0031171146
0	0.0087437451	0.0280680397	0.0078189000	0.0000126942	0.9553566209
0	0.0178754036	0.0400248952	0.0054592264	0.0093498710	0.9272906038
0	0.0027786039	0.3193787000	0.2823648643	0.3153651105	0.0801127213
0	0.0000000000	0.2705327892	0.0003944228	0.0000000001	0.7290727879
0	0.0726554756	0.3531765854	0.2151177196	0.2455758148	0.1134744047
0	0.0022602290	0.0032629511	0.0249152029	0.0011109377	0.9684506793
1	0.2215582410	0.0000720703	0.2521561972	0.4478096346	0.0784038569
0	0.0000000000	0.2555659598	0.0190557715	0.0003760735	0.7250021952
0	0.0343346802	0.0201283774	0.0244176569	0.8994901464	0.0216291392
0	0.0000216858	0.0344473475	0.0000000000	0.0000000000	0.9655309667
0	0.0019917236	0.0010351081	0.0000000102	0.1944517159	0.8025214422
0	0.0056630213	0.1556552875	0.0008833041	0.0084704068	0.8293279802
0	0.0063353209	0.6777922262	0.2253925890	0.0904798527	0.0000000112
0	0.0000506710	0.2357727204	0.0000287197	0.0000000003	0.7641478887
0	0.1305328570	0.0001127979	0.0113814055	0.0204859475	0.8374869921
0	0.0000000000	0.0189357107	0.2675982941	0.0886847660	0.6247812291
0	0.0000000000	0.0001108211	0.0005593472	0.0023872713	0.9969425604
0	0.0495465217	0.0181753648	0.2778222730	0.0089347043	0.6455211362
0	0.0000123386	0.1684138693	0.0008051940	0.1285195356	0.7022490625
1	0.0001500660	0.4454744603	0.4664662163	0.0010590529	0.0868502045
0	0.0104483834	0.3224231365	0.2056073838	0.0213734379	0.4401476584
0	0.1356846360	0.0846230440	0.7514339281	0.0000000000	0.0282583919
1	0.4464459375	0.0064028164	0.5378143385	0.0092110407	0.0001258669
0	0.0920714598	0.1654987497	0.5270675625	0.0119975432	0.2033646849
0	0.1690693650	0.1133097695	0.0381609476	0.0004394362	0.6790204818
0	0.0000000000	0.0012495978	0.0214172971	0.0162442951	0.9610888101
0	0.0000002736	0.0000090647	0.0056967644	0.0000258586	0.9942680386
0	0.1033179162	0.4702219864	0.0388062804	0.0009239729	0.3867298441
1	0.5643698173	0.0639538219	0.2011734910	0.1053261018	0.0651767679
0	0.0070503722	0.0976781539	0.0139123273	0.0000000000	0.8813591465
0	0.0346681648	0.0030912389	0.0471480493	0.0541905098	0.8609020372
0	0.0000000000	0.5103615296	0.4788353272	0.0000166982	0.0107864451
0	0.0021442232	0.4175347314	0.0180705549	0.3593778027	0.2028726877
0	0.0071072823	0.2898786273	0.0702026470	0.0187423063	0.6140691371
0	0.0040003902	0.4355353870	0.0003348452	0.0004149177	0.5597144598
0	0.0003436702	0.3906348086	0.0475146801	0.5114680208	0.0500388203
0	0.0331065035	0.0127473030	0.0000489392	0.0555405306	0.8985567237
0	0.1798440840	0.0252582910	0.0054427536	0.5485492823	0.2409055891
0	0.0130830355	0.4483197184	0.2880858774	0.0559678476	0.1945435211
1	0.0464934114	0.0000000000	0.2076808053	0.6299902290	0.1158355543
0	0.0034774453	0.3844376406	0.3896317425	0.1762631559	0.0461900157
0	0.0000193940	0.0210506302	0.1869653812	0.0688110769	0.7231535176
0	0.0395766358	0.0498482893	0.0245135849	0.0000000033	0.8860614866
0	0.0126529768	0.2079828752	0.0018184008	0.5260039420	0.2515418052
0	0.0001073823	0.9111161999	0.0656403843	0.0000000132	0.0231360204
0	0.0065810801	0.2236841593	0.0113834194	0.6573732829	0.1009780583
