0	0.0170201975	0.0000030352	0.0000000000	0.0331757809	0.9498009864
1	0.0286567178	0.1505458236	0.4656725480	0.0000000000	0.3551249105
0	0.0000107184	0.1144939128	0.0012051377	0.2208719009	0.6634183301
0	0.0394788411	0.5699154338	0.0000973842	0.2731033236	0.1174050173
0	0.0623165684	0.6254603270	0.0829131816	0.0778461036	0.1514638194
0	0.0000000000	0.6071673478	0.0000015611	0.0041959738	0.3886351172
0	0.0000000115	0.7174384613	0.0000009914	0.0022658459	0.2802946900
0	0.3838153977	0.0032845653	0.0320262472	0.0047889244	0.5760848654
0	0.0000007234	0.6274274899	0.0953058857	0.0000172078	0.2772486933
0	0.0715536534	0.0000000000	0.0782503262	0.0222266360	0.8279693844
0	0.0000001933	0.3252526979	0.0204895982	0.0084295779	0.6458279327
0	0.7397246196	0.0033387857	0.1801250507	0.0000078134	0.0768037307
0	0.0000000000	0.2085573331	0.0011567507	0.0110700658	0.7792158504
0	0.0000000472	0.0076046466	0.0875601446	0.3382443040	0.5665908577
0	0.0000000000	0.0135927198	0.0911799319	0.0623699431	0.8328574052
0	0.0039690927	0.8090105967	0.0002264977	0.0151569017	0.1716369110
0	0.0000019959	0.0162292599	0.2713892566	0.0000000000	0.7123794875
0	0.0695266648	0.4670439235	0.2687254241	0.1098151768	0.0848888108
1	0.0509171813	0.0002161904	0.0000000002	0.0000002068	0.9488664214
0	0.0000003567	0.0750052960	0.0087826368	0.1922987255	0.7239129850
0	0.1332181406	0.2057924768	0.0000000000	0.2686041671	0.3923852154
0	0.0975315472	0.0008364145	0.0000000000	0.6773949903	0.2242370480
0	0.2613532723	0.3758769424	0.0000000142	0.0177932902	0.3449764809
0	0.0556671106	0.1760579965	0.0743858029	0.5687071047	0.1251819853
0	0.0785942955	0.1353366372	0.0000000042	0.0530672373	0.7330018257
0	0.2379518453	0.1514211232	0.0000000000	0.0018900190	0.6087370125
0	0.0935587462	0.0456049536	0.0278852801	0.0091220208	0.8238289993
1	0.0000146232	0.2491705579	0.6609198954	0.0898827811	0.0000121424
0	0.0297376915	0.4957264069	0.1478138962	0.0000799219	0.3266420835
1	0.5450072608	0.0685173121	0.0234117816	0.1351499989	0.2279136466
0	0.0269014685	0.1524753287	0.7479844358	0.0591295291	0.0135092379
0	0.0040644748	0.2523887223	0.0019191766	0.1107751535	0.6308524728
0	0.0000367912	0.7624365741	0.0029634399	0.2345471360	0.0000160587
0	0.2209367701	0.0231726635	0.0011685792	0.0060213525	0.7487006347
0	0.0696802649	0.4578693740	0.0892677955	0.0213243441	0.3618582215
0	0.4358642157	0.3585831747	0.0000036725	0.0075931398	0.1979557973
0	0.4496978756	0.5313122670	0.0132420193	0.0047069752	0.0010408628
0	0.0005358632	0.0000000000	0.0952801456	0.3582506648	0.5459333264
0	0.1148144747	0.5326957872	0.0748589490	0.1406547442	0.1369760450
1	0.0593625775	0.0000258111	0.3312440761	0.0444775117	0.5648900235
0	0.1084415190	0.1930971729	0.0147488008	0.2330636822	0.4506488250
0	0.0493669013	0.0498209549	0.0016995657	0.8173092185	0.0818033596
0	0.0056972213	0.2632344314	0.0013059388	0.0132895112	0.7164728973
1	0.8820622578	0.0775906512	0.0403470910	0.0000000000	0.0000000000
0	0.0006297210	0.0736726843	0.2279010381	0.4752079231	0.2225886335
0	0.1262121410	0.0000000000	0.4149002313	0.0000000000	0.4588876277
0	0.0007834608	0.0043061783	0.0558993270	0.4295078983	0.5095031356
0	0.0056922169	0.2015287128	0.0001088989	0.0103106375	0.7823595339
0	0.5574824577	0.0110453994	0.0001641769	0.0000000007	0.4313079653
0	0.0859113101	0.0000000018	0.0177612654	0.0000000000	0.8963274228
1	0.0000000001	0.0000000000	0.4470574669	0.0334703236	0.5194722095
0	0.0000087141	0.1057530818	0.0000003193	0.3450704616	0.5491674232
0	0.0034242359	0.0015093076	0.0062141911	0.0009524406	0.9878998249
0	0.6537633486	0.2339712751	0.0213178943	0.0862275147	0.0047199674
0	0.0198013612	0.2736413358	0.0311739354	0.0990558528	0.5763275148
0	0.0003599271	0.2192866604	0.0010593119	0.0858165536	0.6934775470
0	0.3382782111	0.0304864136	0.0290120635	0.5643371981	0.0378861137
0	0.0001148223	0.2705125505	0.0182193142	0.0643162423	0.6468370707
0	0.0005000181	0.8871739003	0.0004154242	0.0255099275	0.0864007299
0	0.0136171539	0.2114099496	0.2290282853	0.4163651127	0.1295794986
0	0.0003871796	0.8736603954	0.0004631574	0.0997051811	0.0257840865
0	0.0022239136	0.0121586231	0.1490059723	0.8113300163	0.0252814747
0	0.5748706623	0.3598308180	0.0432956544	0.0054230536	0.0165798117
0	0.1005071733	0.0846439323	0.1733062151	0.0000000831	0.6415425961
0	0.1599591919	0.7287929469	0.0792013171	0.0006769576	0.0313695865
0	0.0091984998	0.1754839123	0.6964290838	0.0015650729	0.1173234312
0	0.0448264922	0.1914720830	0.0028097468	0.0703338239	0.6905578540
0	0.1373652728	0.2042622130	0.3188056153	0.0609952856	0.2785716133
0	0.0000000000	0.0133309786	0.9368960096	0.0309530638	0.0188199481
0	0.0000008584	0.7066366708	0.0000000000	0.1126047419	0.1807577288
0	0.0043454865	0.0061620646	0.1904202865	0.0557100538	0.7433621087
0	0.0121692219	0.3674439476	0.0058514435	0.6145352977	0.0000000892
1	0.1963182211	0.0992620532	0.7014718887	0.0000052114	0.0029426256
0	0.0567950073	0.0000013774	0.0792775396	0.0808237000	0.7831023758
0	0.0279267308	0.1961751105	0.1023682408	0.4722051933	0.2013247246
0	0.0546782588	0.1454438620	0.1605187055	0.0011754236	0.6381837500
0	0.0032081055	0.3416761330	0.0000000005	0.1150995329	0.5400162280
0	0.0309519171	0.0030437355	0.1830307364	0.4354282799	0.3475453310
0	0.0015591816	0.9751324695	0.0201511781	0.0000000000	0.0031571709
0	0.0394753325	0.9279547731	0.0006484219	0.0000013254	0.0319201471
0	0.8056486057	0.0389663426	0.0122314761	0.1249069050	0.0182466706
0	0.0029318409	0.1346705757	0.3096123250	0.5020111381	0.0507741202
2	0.0423811075	0.0000000000	0.0052439455	0.9384592089	0.0139157380
1	0.0451720413	0.0000000001	0.1412439853	0.1221878728	0.6913961006
0	0.0183593742	0.1300304512	0.0000003042	0.1395306154	0.7120792550
1	0.0018073345	0.0000683163	0.1402529786	0.0005521302	0.8573192404
0	0.0000000000	0.0212810854	0.0799115064	0.7669996019	0.1318078063
0	0.0000427416	0.0128951137	0.0169068491	0.5976681600	0.3724871357
0	0.0000000000	0.7511702661	0.2435705674	0.0049665121	0.0002926544
0	0.2430152070	0.0156966478	0.1028055086	0.0000001640	0.6384824726
0	0.0211701234	0.0469624450	0.3083725496	0.1713020102	0.4521928718
0	0.0097221600	0.5254294564	0.0043798393	0.0039132559	0.4565552884
0	0.0527087142	0.0192293044	0.0000000018	0.0281240496	0.8999379300
0	0.0000000000	0.0080327325	0.0000001138	0.1586821968	0.8332849568
0	0.1590887797	0.0000000000	0.0120960819	0.0000078884	0.8288072500
1	0.2879156406	0.0016222409	0.1711037163	0.0306911213	0.5086672809
0	0.0001606646	0.7085209853	0.1777860399	0.0002960484	0.1132362618
0	0.0037729781	0.8940523895	0.0147531090	0.0232425541	0.0641789694
0	0.0705042548	0.0516439738	0.1915401912	0.5974770518	0.0888345285
0	0.0008131326	0.4081828681	0.0923294921	0.0000000000	0.4986745071
