0	0.0017947537	0.0000000000	0.0068960867	0.0603601001	0.9309490595
0	0.1352060132	0.0578863158	0.0008937729	0.7250515407	0.0809623573
0	0.0602293314	0.7678935662	0.0661247184	0.0986402173	0.0071121667
0	0.0000003559	0.1453408317	0.0000149420	0.0931739279	0.7614699426
0	0.4530659075	0.5424882653	0.0002285490	0.0036852855	0.0005319927
0	0.0166573968	0.0363720577	0.4599236380	0.0031952885	0.4838516190
0	0.1428162749	0.0095274257	0.2657902488	0.3121644846	0.2697015660
0	0.9977610252	0.0005635021	0.0000144911	0.0015811293	0.0000798523
0	0.7363505752	0.0000000000	0.0610193889	0.0264859175	0.1761441184
0	0.0639763945	0.0279353812	0.0027477884	0.5405286829	0.3648117529
0	0.0000201340	0.0327886565	0.9199959711	0.0000000000	0.0471952385
0	0.5117610726	0.0155521679	0.0000048013	0.4716417723	0.0010401859
0	0.0409006945	0.0000000000	0.0188178560	0.7009475040	0.2393339455
1	0.0014066817	0.0000000001	0.0088571459	0.9247712266	0.0649649457
0	0.0166138404	0.0956320391	0.8091411258	0.0454066452	0.0332063495
0	0.7917110215	0.0010994411	0.0232351832	0.0571717971	0.1267825570
0	0.0337519100	0.1479325319	0.2375999260	0.0877967238	0.4929189083
0	0.0000000008	0.0072152916	0.0948517306	0.6979209971	0.2000119798
0	0.3241540860	0.0187816347	0.0185161130	0.6385444707	0.0000036955
0	0.2258268866	0.0130354062	0.0275810670	0.6855094615	0.0480471786
0	0.3123470041	0.5353935525	0.0000740638	0.1051654783	0.0470199013
0	0.9681836202	0.0044549450	0.0000000000	0.0135682413	0.0137931936
0	0.1540590943	0.0083434542	0.0276693776	0.4095038989	0.4004241750
1	0.5528804590	0.0889563068	0.1483005670	0.1986622295	0.0112004378
1	0.0262275147	0.0040640657	0.9415600209	0.0279956495	0.0001527492
1	0.4248691895	0.0068561472	0.1048034469	0.3887086673	0.0747625492
1	0.6190825038	0.0157926742	0.2242761969	0.0956901058	0.0451585192
0	0.0115946583	0.0074224866	0.8028137574	0.1360173252	0.0421517725
0	0.0781056908	0.0551323799	0.4183094869	0.3764277289	0.0720247136
0	0.0003031512	0.0309647403	0.1358971668	0.8328349417	0.0000000000
0	0.0014684401	0.0164810083	0.9576907305	0.0218045868	0.0025552343
0	0.0000000000	0.1067214238	0.0000316451	0.5617114408	0.3315354903
0	0.0021719717	0.0124906853	0.1375688834	0.1150517494	0.7327167103
0	0.0888600539	0.1743883795	0.4662803010	0.2486395047	0.0218317609
0	0.5461866615	0.0000055928	0.1088431113	0.2260580472	0.1189065872
0	0.1495725644	0.0000004942	0.0764710305	0.1693358550	0.6046200560
0	0.0000000006	0.0864092959	0.0010546771	0.7456549582	0.1668810683
0	0.1838371437	0.0025069451	0.5204938988	0.1808188348	0.1123431776
0	0.0000000000	0.2554035909	0.3572097676	0.0244909044	0.3628957371
0	0.5826231959	0.0002458137	0.0402717051	0.0000006934	0.3768585920
0	0.3388216504	0.0000368008	0.0000005340	0.0533001155	0.6078408994
0	0.2802476467	0.0000000052	0.3972587453	0.2498109964	0.0726826064
0	0.0610937191	0.0073558837	0.0370074847	0.7520925935	0.1424503190
0	0.0492437990	0.0105321879	0.0025810335	0.8065894363	0.1310535433
0	0.0147843832	0.0054880128	0.7238775702	0.2545972899	0.0012527440
0	0.0000000024	0.0000000080	0.4537382970	0.1097890084	0.4364726842
0	0.0098875084	0.2899287540	0.3456039444	0.0799568586	0.2746229347
0	0.0000000796	0.0170564936	0.8836139776	0.0002301536	0.0990992955
0	0.1134680609	0.0818372569	0.0003450503	0.3545749009	0.4497747311
0	0.0993530222	0.0009138775	0.2587877941	0.5942001955	0.0467451106
0	0.2593718319	0.0000000412	0.5118525929	0.1710033986	0.0577721355
0	0.0000000000	0.1965270316	0.0107110998	0.7507245153	0.0420373533
0	0.0250552409	0.3083586891	0.3164061341	0.0861465754	0.2640333606
0	0.0001850205	0.0999435431	0.8893018113	0.0069033005	0.0036663246
0	0.1134167768	0.1499782198	0.0144846761	0.2443923389	0.4777279884
0	0.0338946585	0.0228039972	0.4438595714	0.0000107914	0.4994309815
0	0.0052589363	0.0035835708	0.0322388043	0.7603681153	0.1985505733
0	0.1930265047	0.0000000000	0.1428999807	0.4683418576	0.1957316570
0	0.0745795758	0.6850910365	0.0000000000	0.1034378841	0.1368915036
0	0.0075988794	0.0018657986	0.4562821025	0.0000854162	0.5341678033
1	0.8744891749	0.0235353798	0.0294204681	0.0725313606	0.0000236166
0	0.0165862116	0.0000000018	0.0025700671	0.0084088532	0.9724348662
1	0.4465232797	0.0633176746	0.0299251133	0.1650147822	0.2952191502
0	0.3744454751	0.0218458752	0.5300316725	0.0041038850	0.0695730923
0	0.0000000000	0.0000000000	0.9916304281	0.0013914019	0.0069781700
0	0.1073258737	0.0340100850	0.0000000000	0.6188933566	0.2397706847
1	0.0435615147	0.2049399782	0.3441604798	0.1596351145	0.2477029129
1	0.1169197564	0.0022894288	0.0680545036	0.8113050423	0.0014312689
1	0.0108160005	0.0362354440	0.0502619987	0.8989252718	0.0037612850
1	0.4447181174	0.0599562048	0.3940180653	0.0000087422	0.1012988702
0	0.1636032254	0.3586708421	0.4729580385	0.0000955043	0.0046723898
0	0.1286338404	0.0102742849	0.0356763917	0.0700249996	0.7553904834
0	0.0000000001	0.0381064241	0.4900376041	0.0000006090	0.4718553627
0	0.0819732466	0.2176440095	0.1321482300	0.5343010856	0.0339334283
0	0.4161136940	0.0051407185	0.2644170503	0.2480015310	0.0663270062
0	0.0077965364	0.0000000001	0.8236076298	0.1636855242	0.0049103094
1	0.0863519725	0.0358925648	0.1020770315	0.0421947418	0.7334836894
0	0.0114933670	0.0000474320	0.0121733080	0.0641390194	0.9121468736
0	0.1357831709	0.0035269773	0.3788569644	0.4138324172	0.0680004703
0	0.3921884792	0.0000054737	0.0000483200	0.6077089940	0.0000487330
0	0.4316854152	0.0031315073	0.2266820996	0.3340330646	0.0044679133
0	0.1103721667	0.3419627891	0.3489153897	0.1816461366	0.0171035179
0	0.0109667465	0.0217212891	0.0426241615	0.0744780277	0.8502097752
0	0.7556385821	0.0000000000	0.0000512739	0.0968588174	0.1474513267
0	0.0031786003	0.6551320557	0.0547798011	0.0490676006	0.2378419424
0	0.2632229596	0.0399444489	0.3419386082	0.2995669381	0.0553270452
0	0.6440041579	0.0113682501	0.3270160660	0.0000412188	0.0175703072
2	0.4373597967	0.0000398577	0.0523428637	0.0187723310	0.4914851509
0	0.3168946953	0.1373574085	0.0466273924	0.4318858583	0.0672346455
0	0.0002850769	0.0902645068	0.0000000000	0.2776185970	0.6318318193
0	0.0025603997	0.0421220984	0.2139246796	0.4711511286	0.2702416938
0	0.0115309244	0.0869699807	0.0496266402	0.4245932637	0.4272791910
0	0.0276628121	0.0001995242	0.7459657388	0.1331899060	0.0929820189
0	0.1942333822	0.0024611241	0.1577129030	0.5687358060	0.0768567847
0	0.0032048833	0.0285779377	0.0074047642	0.1435976620	0.8172147528
0	0.0054932310	0.0090100574	0.1238711640	0.4612081458	0.4004174018
0	0.0343350430	0.0005502441	0.0193709422	0.0190556465	0.9266881242
0	0.1459158460	0.3338181370	0.0052519227	0.1518427755	0.3631713189
0	0.0000023010	0.4486674932	0.4311465314	0.1136388121	0.0065448622
0	0.0000000000	0.0302015646	0.2229406071	0.2401182696	0.5067395587
