0	0.0129048383	0.0332197097	0.9529551637	0.0009106551	0.0000096332
0	0.0032040156	0.0042918226	0.9292673764	0.0579945364	0.0052422490
0	0.5994067835	0.0083942939	0.0811160672	0.1810101276	0.1300727278
0	0.0209662531	0.0634936040	0.6925830507	0.0885184324	0.1344386598
0	0.0115391439	0.5023496304	0.4697046316	0.0087003943	0.0077061999
0	0.1672518083	0.0137205487	0.4667683048	0.3194058433	0.0328534949
0	0.0607250480	0.0164578708	0.7077231650	0.0800681947	0.1350257215
0	0.1992641399	0.0496117459	0.7157389912	0.0000747356	0.0353103873
0	0.3748466803	0.0000000003	0.0000000000	0.0345790097	0.5905743097
0	0.0001264866	0.0149551131	0.2663495616	0.1622316606	0.5563371781
0	0.0000186174	0.0444480331	0.4358692235	0.4026756415	0.1169884845
0	0.0000000000	0.6909520088	0.0276798147	0.0561930304	0.2251751461
0	0.0000188824	0.0953182981	0.0671866777	0.7870929714	0.0503831704
0	0.0656440005	0.0417957613	0.0110780666	0.6721413750	0.2093407966
0	0.4946828280	0.0000004402	0.1621822414	0.0055312833	0.3376032072
0	0.0006705120	0.0219488807	0.9618738915	0.0154922986	0.0000144173
0	0.1562601170	0.0185918983	0.2072654618	0.3225781274	0.2953043955
1	0.3849898424	0.0579348762	0.2609879621	0.1316757052	0.1644116141
2	0.2645050030	0.0002416900	0.4618006130	0.0997120081	0.1737406859
0	0.2011911250	0.0000000000	0.0190666088	0.5747437282	0.2049985380
0	0.2149481661	0.2036289949	0.4956219016	0.0322858219	0.0535151155
0	0.2050620830	0.0323221207	0.7607923105	0.0008781245	0.0009453614
0	0.0004004846	0.0928917101	0.0003647319	0.9063430712	0.0000000022
0	0.0140335140	0.8058283907	0.0850390093	0.0024744658	0.0926246202
0	0.1259981313	0.0000004451	0.1952771746	0.4109608975	0.2677633516
0	0.4528710243	0.0083141413	0.0523013041	0.1681606713	0.3183528589
0	0.1000139521	0.4942239497	0.3064356203	0.0993264775	0.0000000003
0	0.0837689154	0.0049346204	0.4998278027	0.2187825416	0.1926861199
0	0.0999126228	0.1576028522	0.0236869574	0.0155726799	0.7032248877
0	0.0655662954	0.2779732858	0.1040767502	0.0145140676	0.5378696010
0	0.0217822421	0.0515427959	0.9265024757	0.0000752815	0.0000972048
0	0.4591594551	0.0039073165	0.5245132242	0.0101384465	0.0022815577
0	0.1190707250	0.8705333729	0.0000000000	0.0009017487	0.0094941534
0	0.0412271159	0.0000343112	0.0979093634	0.7949451993	0.0658840102
0	0.0616447535	0.2144356844	0.5282650155	0.0063015203	0.1893530263
0	0.0426016212	0.0365496371	0.7414374571	0.1173909025	0.0620203821
0	0.0062719863	0.0918753998	0.0019100591	0.8308181861	0.0691243687
0	0.0000685918	0.0255543370	0.4321750891	0.2317094156	0.3104925665
0	0.0266746614	0.4035118068	0.0019247947	0.0229720084	0.5449167286
0	0.0000001921	0.0654994968	0.6817080006	0.0195850811	0.2332072294
0	0.0000026873	0.1085707671	0.0000000044	0.8914265281	0.0000000131
0	0.0004501653	0.0000594103	0.0427480352	0.0006943893	0.9560479999
0	0.0000000001	0.0000255657	0.0302043227	0.8436487195	0.1261213920
0	0.1496162247	0.0018552160	0.0781493570	0.0028882542	0.7674909480
0	0.0883607660	0.0000004293	0.1816272905	0.6875899122	0.0424216020
0	0.2716033603	0.1470340459	0.0415538647	0.0761092046	0.4636995245
0	0.0001632396	0.0186203040	0.4033447387	0.4615540767	0.1163176409
0	0.0000000181	0.1283814250	0.2481157661	0.0376264539	0.5858763369
0	0.0066907726	0.1012134917	0.1429273843	0.2407003913	0.5084679600
1	0.0906132509	0.3861747737	0.2167106086	0.0786799845	0.2278213823
0	0.0091555019	0.0007614133	0.7642061507	0.0717199985	0.1541569355
0	0.5799813676	0.0163660426	0.0748005561	0.0792020896	0.2496499441
0	0.0453742303	0.1706844715	0.0358929125	0.2204409188	0.5276074668
0	0.0000016248	0.4282382981	0.4960110147	0.0654766415	0.0102724209
0	0.0024858537	0.2373922418	0.0798877664	0.0682348428	0.6119992953
0	0.0094122250	0.2128612517	0.4749034123	0.1774366363	0.1253864747
0	0.0000178050	0.5816408656	0.3258457871	0.0314188336	0.0610767087
0	0.2351075601	0.0016619396	0.0058301182	0.6619334547	0.0954669274
1	0.0006874265	0.0125398255	0.1701723498	0.1574141611	0.6591862371
0	0.0100702083	0.0013600359	0.0017951970	0.9799745733	0.0067999854
0	0.2285906353	0.0000000000	0.4438647868	0.3267822417	0.0007623362
0	0.0002153117	0.0070379325	0.0032123437	0.3932371030	0.5962973092
0	0.0152068137	0.1136122968	0.0022972506	0.6017419439	0.2671416949
0	0.0763353764	0.0023911270	0.2452842810	0.2177193655	0.4582698500
0	0.1394151778	0.0000000002	0.1007349879	0.4320680125	0.3277818216
0	0.3834694226	0.0019405548	0.2836138572	0.1238286619	0.2071475035
1	0.0564126069	0.0629312558	0.0726610126	0.0445100271	0.7634850976
0	0.0176224504	0.0264104238	0.9058390627	0.0307267325	0.0194013306
0	0.4380414532	0.0577460157	0.5030563963	0.0010879364	0.0000681985
0	0.1761279518	0.0000000000	0.3677321819	0.0409128185	0.4152270478
0	0.0000116817	0.0000000229	0.4665344427	0.4190785136	0.1143753392
0	0.0098606791	0.0144689793	0.2776618269	0.0685493956	0.6294591192
0	0.0003765771	0.0000000000	0.9218873002	0.0051895467	0.0725465760
0	0.0000011778	0.0330020672	0.4428507060	0.2967032891	0.2274427598
0	0.0766343346	0.0018661953	0.0537891438	0.8669832367	0.0007270895
0	0.4331544315	0.0312669384	0.0291981595	0.1259857299	0.3803947407
0	0.0633130546	0.0041636223	0.0041704901	0.8858539121	0.0424989209
1	0.0088281039	0.0345884217	0.9060511088	0.0028927921	0.0476395735
0	0.0393352396	0.1142187491	0.5758653339	0.0104236524	0.2601570251
0	0.0293758934	0.0432105725	0.7838894176	0.1423788615	0.0011452550
0	0.0058402053	0.0000003528	0.9461281590	0.0448925520	0.0031387309
0	0.7354138010	0.0763001793	0.0463764624	0.0007211954	0.1411883619
0	0.0185784041	0.0000000014	0.0927439841	0.0008327422	0.8878448682
0	0.0097413141	0.0347172605	0.0558491360	0.0966227246	0.8030695649
0	0.0473522104	0.4176228656	0.0003378759	0.0519414998	0.4827455483
0	0.0041279480	0.0152741248	0.6352906534	0.0621622911	0.2831449827
0	0.0735009366	0.0021783196	0.0109682183	0.0283711026	0.8849814229
0	0.0074577529	0.0000001093	0.0253029256	0.0010204968	0.9662187154
0	0.5493080461	0.0583580101	0.0022699638	0.0000291922	0.3900347878
0	0.0248429965	0.0993889992	0.0034846623	0.7048826125	0.1674007295
0	0.4037751441	0.0788616949	0.1169041473	0.2576057708	0.1428532429
0	0.0338423311	0.0000014169	0.8419783897	0.0262376422	0.0979402200
0	0.0087448511	0.0000743579	0.4261255510	0.4723209125	0.0927343276
0	0.0171680564	0.0000912381	0.7520254816	0.0010060944	0.2297091294
1	0.2042952840	0.2740442676	0.3204394899	0.2010542569	0.0001667015
0	0.0239977360	0.0961194727	0.0008576637	0.0133022682	0.8657228595
0	0.0000000000	0.1877916113	0.1087174258	0.2051654863	0.4983254767
0	0.0044878769	0.0006772279	0.8033254842	0.0891076210	0.1024017900
0	0.3516780679	0.5133313290	0.1277141327	0.0000000000	0.0072764704
1	0.6314295042	0.0158069373	0.1824258495	0.0036232781	0.1667144310
