0	0.0180680892	0.0463212965	0.7303713293	0.1020120768	0.1032272082
0	0.0345623946	0.1708225311	0.6043801567	0.0021589829	0.1880759347
1	0.0080365807	0.0006950346	0.0550873699	0.6123182673	0.3238627475
0	0.8483500886	0.0000000000	0.0000000000	0.1516498994	0.0000000120
1	0.0498727782	0.0007578908	0.6163949304	0.0874376316	0.2455367689
0	0.0692455031	0.0000000000	0.0842126036	0.7943236119	0.0522182814
0	0.0023299502	0.0000000004	0.8894081190	0.0000000000	0.1082619304
0	0.0596762139	0.1573492648	0.0602302223	0.7227383435	0.0000059555
0	0.0981432040	0.3469630396	0.0042220139	0.2612978379	0.2893739046
0	0.1392455455	0.0529228408	0.0410743866	0.6826821307	0.0840750964
0	0.0000060043	0.0049724980	0.3603195716	0.3167341635	0.3179677627
0	0.1709494297	0.0000000003	0.0799357028	0.4596443176	0.2894705496
0	0.0799944526	0.0000920379	0.3157688371	0.0009839628	0.6031607097
0	0.1555366704	0.0350683843	0.3432936074	0.2281664043	0.2379349336
0	0.6008079264	0.0000000090	0.0226446562	0.0280563483	0.3484910601
0	0.0101895834	0.1222606361	0.1420760195	0.7254695230	0.0000042380
0	0.0143733596	0.0145024184	0.0846487041	0.0002791644	0.8861963535
1	0.0070922747	0.0000129850	0.1323663802	0.8305273953	0.0300009648
0	0.0000016070	0.5018255457	0.0092097187	0.1567415117	0.3322216169
0	0.0014412163	0.0745827330	0.0000005718	0.0296551675	0.8943203114
1	0.0214250568	0.0117453946	0.5721881958	0.2454945167	0.1491468360
0	0.2945196758	0.0000000000	0.0357940683	0.3273431675	0.3423430884
0	0.0534993056	0.0000010412	0.0193191579	0.9118820394	0.0152984559
0	0.1311584164	0.0049499829	0.0110337070	0.0282631166	0.8245947771
0	0.0000000000	0.1756840068	0.0000010205	0.5171265722	0.3071884005
0	0.2292529480	0.0000000043	0.0103058285	0.0003433441	0.7600978751
0	0.0281721657	0.0005914019	0.2837526010	0.5054647835	0.1820190479
1	0.1739930134	0.0044732909	0.1355802488	0.6583812174	0.0275722295
0	0.0116273024	0.0074316646	0.0698451883	0.1039987350	0.8070971097
0	0.0005664789	0.0001468416	0.0790579667	0.0376630196	0.8825656933
0	0.0036031787	0.0593822701	0.2962865528	0.4114627447	0.2292652536
0	0.0086386437	0.0755435633	0.6434237295	0.0454690579	0.2269250056
0	0.1209897278	0.0000000000	0.0401671238	0.4907706454	0.3480725031
0	0.2428207186	0.0000155028	0.0082484860	0.0842829853	0.6646323074
0	0.0240623114	0.0167889993	0.3926877342	0.3915111132	0.1749498420
0	0.0493873722	0.3843726475	0.0274852728	0.0001309453	0.5386237621
0	0.0083552277	0.4052206927	0.1692498235	0.3697949067	0.0473793494
0	0.0000457549	0.0010644832	0.0163624223	0.1016460466	0.8808812930
0	0.0200108153	0.0000000000	0.2946122641	0.0075062252	0.6778706954
0	0.0971161875	0.0228011928	0.0000932628	0.1695413942	0.7104479627
0	0.0448383982	0.0076481306	0.2823434430	0.0079191713	0.6572508569
0	0.0069914726	0.2836931029	0.3602436994	0.3467997281	0.0022719970
0	0.0252851987	0.0000000000	0.2465472877	0.5057367225	0.2224307912
1	0.0443324444	0.0000025116	0.0579308534	0.8976147369	0.0001194536
0	0.4361206242	0.0762689938	0.0687402602	0.0780398528	0.3408302691
0	0.3165549421	0.0157645277	0.0227855087	0.4892843579	0.1556106636
1	0.1317795123	0.1595545269	0.7007034794	0.0000752830	0.0078871984
0	0.0880368681	0.1607524914	0.0020906227	0.0141344668	0.7349855511
0	0.0870794354	0.0257938176	0.0004721403	0.4341988694	0.4524557373
0	0.0000036096	0.0592988655	0.0835873105	0.7304326229	0.1266775915
0	0.0000000344	0.6936889244	0.0057514876	0.0186496580	0.2819098957
1	0.9676365476	0.0000142218	0.0317196964	0.0001653655	0.0004641687
0	0.0002124658	0.0061940151	0.0383574417	0.0444942234	0.9107418540
0	0.0004553726	0.1514083660	0.3580490334	0.3784069392	0.1116802888
0	0.1972176859	0.4743921112	0.0162842454	0.0118183041	0.3002876535
0	0.2833586387	0.0746016012	0.0263150397	0.5467506915	0.0689740289
0	0.2466124715	0.0000000000	0.0000526465	0.5938495980	0.1594852840
0	0.0494197661	0.0000000000	0.0049577615	0.9241783052	0.0214441671
0	0.2029449480	0.1696683091	0.1581328731	0.3208127511	0.1484411187
1	0.1878542280	0.0214807655	0.2540454121	0.4664771625	0.0701424319
0	0.2150835604	0.0000003712	0.2226732967	0.5569785673	0.0052642044
0	0.0000005240	0.0000000000	0.1585946055	0.7528350498	0.0885698207
2	0.2170462901	0.0032683806	0.3788613223	0.3649903476	0.0358336594
0	0.1058250331	0.0196268743	0.0000069705	0.4777678441	0.3967732780
0	0.3826008056	0.3944982872	0.2117919231	0.0107909735	0.0003180106
0	0.0359740152	0.1016193027	0.0669121040	0.0416987513	0.7537958268
0	0.1067282725	0.3467483359	0.0000165478	0.4092021380	0.1373047057
0	0.0303193655	0.0000000000	0.4825965325	0.0800029691	0.4070811329
0	0.3064759581	0.1174826567	0.0114541234	0.5619010631	0.0026861987
0	0.7119834079	0.1929570020	0.0789440948	0.0156808313	0.0004346641
0	0.0317275283	0.0004349330	0.0004441201	0.6426101725	0.3247832461
0	0.0856679729	0.0000003291	0.1693838346	0.1469754847	0.5979723787
0	0.0081756886	0.0537297782	0.0000257802	0.8189537816	0.1191149714
0	0.2917424861	0.0399027595	0.0987364129	0.3389911272	0.2306272143
0	0.3066576867	0.0000012045	0.0019631712	0.0390611761	0.6523167615
1	0.0325934028	0.0624819577	0.3549494126	0.1518322280	0.3981429989
2	0.4265032671	0.0003211107	0.5473100413	0.0197123559	0.0061532250
0	0.0057321805	0.3258751270	0.0138922946	0.6544857664	0.0000146315
0	0.0010388454	0.1610218130	0.1958673275	0.0294564347	0.6126155793
0	0.0042035185	0.0117994882	0.7441323394	0.0366193346	0.2032453194
1	0.1248153222	0.0497332620	0.3142631765	0.4651250697	0.0460631695
1	0.0055805123	0.0000000000	0.0566595398	0.8313106696	0.1064492783
0	0.0314280595	0.0777027420	0.1180864874	0.0807999325	0.6919827785
0	0.6381416509	0.0000091782	0.0889043052	0.0140439153	0.2589009504
0	0.4640043904	0.0196302475	0.0061202785	0.4902926130	0.0199524707
0	0.0033339165	0.0572002605	0.0002279137	0.5530937176	0.3861441917
0	0.0198613311	0.0038667471	0.5253516065	0.0002525017	0.4506678137
0	0.4859143110	0.0003419204	0.0000000000	0.5128452204	0.0008985481
0	0.3947190961	0.0037892621	0.1975177991	0.2055915434	0.1983822993
0	0.0042216142	0.5603649050	0.0901875788	0.1098760567	0.2353498453
0	0.0708522822	0.0000039048	0.0004797278	0.5766977371	0.3519663481
1	0.6016513788	0.2113696313	0.0583956511	0.0189507503	0.1096325886
1	0.0525142760	0.0006718098	0.9204149066	0.0106898744	0.0157091332
1	0.0062052742	0.0350442491	0.6447213790	0.1497131746	0.1643159230
0	0.0385775479	0.0494452191	0.0626563473	0.0145452009	0.8347756848
0	0.2850620049	0.0352017844	0.1424400325	0.4052316641	0.1320645142
0	0.0451774320	0.0280806756	0.2213281379	0.6985392306	0.0068745239
0	0.0002689114	0.0211204688	0.1772192618	0.1548909868	0.6465003712
0	0.0013935009	0.0483270787	0.5554043138	0.0565213859	0.3383537206
0	0.5243789030	0.0000463523	0.1379317357	0.0292862577	0.3083567513
