0	0.0718142300	0.3337834765	0.0000039855	0.0147670280	0.5796312801
0	0.0000000000	0.6079243663	0.0030235359	0.0076089861	0.3814431117
0	0.0513239752	0.0114164783	0.0292197033	0.0168308911	0.8912089521
0	0.3542888352	0.0005022251	0.0000000000	0.1726177567	0.4725911829
0	0.0982163673	0.0000043353	0.1649967259	0.0027194062	0.7340631653
0	0.0954356075	0.1517053413	0.0002907186	0.0965459675	0.6560223650
0	0.1106280835	0.1645091874	0.2055829045	0.0039679587	0.5153118659
0	0.0043947264	0.0009266086	0.3406216830	0.3439584602	0.3100985218
0	0.8103924524	0.0509819180	0.0000000000	0.0409704048	0.0976552247
0	0.2398113151	0.5593298990	0.1772623069	0.0000887452	0.0235077338
0	0.0000000000	0.0366920816	0.0681116203	0.0845134800	0.8106828180
0	0.0038037117	0.0924374197	0.1307476240	0.7491870009	0.0238242437
0	0.0002305142	0.0000000005	0.0004726910	0.9060146722	0.0932821221
1	0.1904275307	0.0143496560	0.0294457478	0.0180507096	0.7477263559
0	0.0068099326	0.2170249000	0.0000000000	0.6673217982	0.1088433692
0	0.0195227981	0.7143375230	0.1075466616	0.0002469063	0.1583461110
0	0.0000000042	0.3825212990	0.2076453956	0.1419699310	0.2678633702
0	0.0124271320	0.4687069509	0.0250419202	0.3956266744	0.0981973224
0	0.0000000000	0.2359892190	0.0032304188	0.6168398081	0.1439405541
0	0.2299513916	0.3593745501	0.0305286484	0.1343138576	0.2458315522
0	0.0006530170	0.8521594463	0.0419170582	0.0000000024	0.1052704761
0	0.0261968904	0.8527281598	0.0123458209	0.0115703473	0.0971587816
0	0.0279331972	0.7066698075	0.0076176433	0.0000246302	0.2577547218
0	0.6042645650	0.0960947861	0.0997641313	0.0503106780	0.1495658396
0	0.0760315371	0.0070740897	0.0798264663	0.0864806906	0.7505872163
0	0.0000500147	0.3944701821	0.0002574231	0.2080064769	0.3972159031
0	0.0000000000	0.0716051454	0.6691847089	0.1712214046	0.0879887412
0	0.0011428421	0.3656256950	0.2568895564	0.0084533079	0.3678885986
0	0.0766496750	0.2584044704	0.0000077985	0.0442944102	0.6206436459
0	0.0276266953	0.5102528306	0.0476257248	0.1244948065	0.2899999428
0	0.0000000028	0.0216844519	0.0001941906	0.1190854461	0.8590359086
0	0.0000703341	0.2041448352	0.0000000000	0.0003741045	0.7954107263
0	0.7947079847	0.0000086195	0.1178101971	0.0672601028	0.0202130959
0	0.0007519507	0.0000001657	0.0798656913	0.0000000000	0.9193821923
0	0.0043603751	0.0076954105	0.0444224370	0.0268998261	0.9166219513
2	0.0000292725	0.0793696025	0.0586156330	0.5033644705	0.3586210215
0	0.9220390255	0.0063996049	0.0000000000	0.0705340159	0.0010273537
0	0.0000000000	0.6369807955	0.0671210294	0.0069987868	0.2888993883
0	0.0000000000	0.0000000000	0.0000000203	0.5701594485	0.4298405312
0	0.0044359901	0.0431299573	0.0000000000	0.0000146659	0.9524193867
0	0.0884952093	0.0002739498	0.0003218757	0.3299960376	0.5809129276
0	0.0005312474	0.3524193912	0.0528402757	0.3761193515	0.2180897343
0	0.0000069218	0.3740390626	0.0514362756	0.2320545231	0.3424632168
1	0.0868411420	0.0225505401	0.0000032797	0.0000000000	0.8906050381
1	0.9416438947	0.0054876931	0.0005434433	0.0000000010	0.0523249680
0	0.0170040505	0.0506079946	0.0864004771	0.8437229966	0.0022644812
0	0.0002167267	0.9366693515	0.0238006559	0.0344426788	0.0048705871
0	0.0099090918	0.8014665994	0.0000000000	0.0000110977	0.1886132111
0	0.0666618534	0.4074147760	0.0491430675	0.0008884882	0.4758918149
1	0.0000048925	0.0000000000	0.0000002917	0.0784690879	0.9215257279
0	0.0869768643	0.2313777849	0.0000000000	0.0000047103	0.6816406404
1	0.1712056452	0.3849068661	0.0269854425	0.3665828413	0.0503192049
0	0.0364036238	0.0198342493	0.0174750764	0.0008235687	0.9254634818
0	0.1515462545	0.3690742855	0.0130706073	0.4016855777	0.0646232750
0	0.0000013136	0.3897463451	0.0492521785	0.0000049405	0.5609952223
0	0.0000000000	0.0052855830	0.0000020984	0.0377502717	0.9569620468
1	0.5054907707	0.0017816416	0.1655777427	0.3176166411	0.0095332039
0	0.0000000552	0.3261463888	0.0701301935	0.3087524338	0.2949709287
0	0.2125613946	0.4266148063	0.0031957983	0.2582927227	0.0993352781
0	0.0000000759	0.3473974001	0.0113880437	0.0000001113	0.6412143691
0	0.0000000000	0.5990485041	0.0498154543	0.1159680364	0.2351680052
1	0.0025682370	0.9441581638	0.0000000000	0.0513893826	0.0018842166
0	0.5730938648	0.1845438378	0.2382757914	0.0032454191	0.0008410870
0	0.2055626624	0.0977300455	0.0000000000	0.0001854225	0.6965218696
0	0.0041593487	0.0189749505	0.0073055776	0.4934631547	0.4760969685
0	0.0000233045	0.3774913708	0.0000083616	0.0000000000	0.6224769631
0	0.0000238222	0.0385794973	0.2672734536	0.0102554203	0.6838678067
0	0.0002876384	0.7639918931	0.0262953622	0.0000000000	0.2094251064
1	0.0914461645	0.1703899146	0.4228385028	0.0043658090	0.3109596091
0	0.0220351117	0.1724715075	0.0096235491	0.0158067929	0.7800630388
0	0.0000002461	0.0253173840	0.0000000000	0.0251649912	0.9495173787
0	0.0883291730	0.0350123034	0.2110321451	0.0000064517	0.6656199269
0	0.0001438052	0.3212556654	0.0179337017	0.0014487474	0.6592180802
0	0.0000083387	0.0128390748	0.0596750906	0.0289881420	0.8984893539
2	0.1658330311	0.0000000000	0.0528027081	0.0000628253	0.7813014356
0	0.0063350313	0.3710105346	0.0122731108	0.0503288616	0.5600524616
0	0.1808218485	0.0523408390	0.0083547327	0.5141309075	0.2443516722
0	0.2332454623	0.3150659112	0.2350495845	0.0451763508	0.1714626912
0	0.7657306619	0.0815452857	0.1047063879	0.0476888114	0.0003288531
1	0.0148491513	0.0000002927	0.1372960588	0.3046997274	0.5431547699
0	0.0743004452	0.9042090588	0.0173633859	0.0037118005	0.0004153095
0	0.0073654622	0.8782530451	0.0014183615	0.0147721060	0.0981910252
0	0.2337451201	0.5949098444	0.0021128067	0.0234850763	0.1457471525
0	0.2631719057	0.2419578287	0.0009574501	0.0779046331	0.4160081824
0	0.7118871366	0.2663993856	0.0049131189	0.0051429597	0.0116573992
0	0.0324804536	0.0225815372	0.0000000075	0.0006302050	0.9443077968
0	0.2763211889	0.4987985649	0.1743429128	0.0161727774	0.0343645561
0	0.2603958694	0.0000000000	0.1265759188	0.4355224487	0.1775057631
0	0.0000000000	0.3776014832	0.1502417071	0.0911226414	0.3810341684
0	0.0100001602	0.0730695273	0.4336636350	0.0000000000	0.4832666776
0	0.0003812799	0.0000013270	0.1071607829	0.0000012220	0.8924553883
1	0.1147283356	0.3555092497	0.0000104692	0.0000000005	0.5297519450
0	0.0001152010	0.6796424593	0.0019742385	0.0000860329	0.3181820683
0	0.0449338155	0.0192141598	0.0000039073	0.1480576027	0.7877905146
0	0.0070324062	0.2331687106	0.0557041564	0.1290611721	0.5750335547
0	0.0486090417	0.3230636728	0.5483895059	0.0000000322	0.0799377474
0	0.1049623939	0.0000000705	0.0001511185	0.2700870111	0.6247994060
0	0.1019461836	0.0526147280	0.0000000000	0.1851454441	0.6602936443
0	0.1766891546	0.0356945399	0.0442389483	0.1481749387	0.5952024186
0	0.0000100099	0.0012365387	0.2292003242	0.0000000000	0.7695531272
