0	0.0117591487	0.4848294142	0.1029616130	0.1322791921	0.2681706321
0	0.0008951379	0.0000000046	0.0000000066	0.0035414330	0.9955634178
0	0.0318199681	0.2343517753	0.0058736693	0.0483718523	0.6795827349
0	0.0177355829	0.2862151253	0.0313138213	0.0000000000	0.6647354705
0	0.3083741527	0.0784066118	0.2262148527	0.0212273060	0.3657770768
0	0.1442363734	0.2359696566	0.0000004497	0.0477458725	0.5720476478
0	0.3318587127	0.0112598075	0.0000000000	0.2161995836	0.4406818962
0	0.0000000000	0.0000620062	0.0057957653	0.0243125998	0.9698296286
0	0.5128544123	0.0000070325	0.4632874756	0.0016607750	0.0221903047
0	0.0000000000	0.8694881005	0.0258414984	0.0678341789	0.0368362221
0	0.0004162353	0.8797049754	0.1170150755	0.0001746362	0.0026890776
0	0.0370065007	0.0987018838	0.0870048266	0.0010819232	0.7762048658
0	0.0956006416	0.3722792007	0.0245631291	0.0123669260	0.4951901026
0	0.0000013412	0.1028895237	0.0000037568	0.0026122038	0.8944931745
1	0.1724803564	0.0000011265	0.8133784860	0.0028627696	0.0112772614
0	0.0004997401	0.4448826447	0.1699525610	0.0050744562	0.3795905980
0	0.0252767726	0.0679439712	0.5287376480	0.3292749921	0.0487666162
1	0.1524667346	0.0000000001	0.3676358807	0.0000002398	0.4798971449
0	0.0000000000	0.2638582065	0.0363451988	0.0007624430	0.6990341517
0	0.2957569768	0.1364351624	0.0144493446	0.0995394471	0.4538190690
0	0.0413503134	0.3791384725	0.0004760249	0.4622102204	0.1168249688
0	0.1861910254	0.0001047869	0.0295590908	0.0203178064	0.7638272905
0	0.0018138291	0.0122434526	0.7017972762	0.0000372396	0.2841082026
0	0.2939576877	0.5961926042	0.0000031889	0.0033284667	0.1065180525
0	0.0010706278	0.1427193647	0.0000937833	0.0000000000	0.8561162242
0	0.0534079074	0.1036393009	0.0064838905	0.0103276365	0.8261412647
0	0.1027801903	0.5203500425	0.0744293531	0.0587429413	0.2436974728
0	0.0054207762	0.1163342905	0.2614051689	0.0981838961	0.5186558683
0	0.1355771797	0.0003203258	0.0000001184	0.2780604175	0.5860419586
0	0.3554063322	0.0103697810	0.1135715480	0.0000016271	0.5206507116
0	0.2149031539	0.6051028773	0.0833591977	0.0260299156	0.0706048555
0	0.0088438142	0.2379661925	0.0000000000	0.7130203150	0.0401696784
0	0.1027045484	0.2710464169	0.1538293746	0.0003545688	0.4720650914
0	0.5791893982	0.0032793079	0.0072451703	0.3528793960	0.0574067276
0	0.4714378682	0.0579602974	0.0059037526	0.1394307561	0.3252673256
0	0.0383291386	0.0535828560	0.0000000000	0.1101169576	0.7979710477
0	0.0822064975	0.2545702057	0.0135879548	0.1562423492	0.4933929928
0	0.0111225507	0.5422647171	0.0951401237	0.0000000000	0.3514726085
0	0.0000037180	0.0309689575	0.0181002818	0.0000000005	0.9509270422
0	0.0250624318	0.2690108950	0.0000786492	0.0456548728	0.6601931513
0	0.1327110732	0.0167385561	0.0184033710	0.0000000000	0.8321469997
0	0.0124802593	0.0008462089	0.0000320520	0.0249621512	0.9616793286
0	0.0045440877	0.0000569601	0.5693860768	0.0002966525	0.4257162228
0	0.0203301650	0.3316873140	0.2009955058	0.0005099835	0.4464770317
0	0.3991165278	0.3337026707	0.0000000699	0.0000000000	0.2671807316
0	0.0172307373	0.2002617622	0.1482433363	0.0008872538	0.6333769103
0	0.0001454839	0.0586411981	0.4202989973	0.3741356271	0.1467786935
0	0.2713719959	0.0000143332	0.0150529945	0.3359684160	0.3775922605
0	0.0155096190	0.1215933764	0.0000072410	0.8515445645	0.0113451991
0	0.0703391567	0.0000008732	0.0025482523	0.0021814988	0.9249302189
0	0.0000000000	0.4412023556	0.0623465922	0.2308752189	0.2655758333
0	0.0189440063	0.1302773756	0.0058870884	0.0699220501	0.7749694797
0	0.0000505615	0.0899416328	0.8386733691	0.0000000000	0.0713344365
0	0.0027905740	0.0666124732	0.0456381544	0.0000016779	0.8849571205
0	0.2231350432	0.0238257005	0.2074174908	0.4174181355	0.1282036299
0	0.1396561674	0.0000264233	0.0139319392	0.3939810520	0.4524044181
0	0.1080795736	0.6221974231	0.0178385632	0.0815701572	0.1703142829
0	0.0000032617	0.9805672648	0.0006719768	0.0000016786	0.0187558180
0	0.0000000000	0.0003312355	0.1000398256	0.5887258391	0.3109030998
0	0.0594898585	0.1042505909	0.5980223365	0.0100875785	0.2281496355
0	0.4578178096	0.0092179472	0.0521782492	0.0025410566	0.4782449373
0	0.0000007323	0.0109341794	0.3094727818	0.1956029896	0.4839893169
0	0.0842984210	0.4246132627	0.0000096827	0.0427217613	0.4483568723
2	0.0000000000	0.0390838219	0.1884366177	0.7724739069	0.0000056536
0	0.0413709005	0.5100365932	0.0543380657	0.0019308293	0.3923236112
0	0.0088180528	0.0797241675	0.0130800740	0.0000007536	0.8983769521
0	0.3409380523	0.0754719072	0.0006164727	0.0998386806	0.4831348872
0	0.5297390195	0.0223976407	0.0000001074	0.0000000000	0.4478632324
0	0.0000000000	0.8093473732	0.0000000000	0.0204337051	0.1702189217
0	0.2420635931	0.2518797902	0.0017501024	0.5043062432	0.0000002711
0	0.1129985033	0.0715326906	0.0736638975	0.0379414891	0.7038634194
1	0.1583879338	0.0317573704	0.0300958434	0.2350361743	0.5447226780
0	0.0489226260	0.0345016822	0.0456236412	0.2423699008	0.6285821497
0	0.0000000000	0.5478538663	0.0083219997	0.1174916024	0.3263325316
0	0.0000933467	0.0000000000	0.8640335417	0.0650646074	0.0708085042
1	0.0012478003	0.0002642286	0.9909367091	0.0075512621	0.0000000000
0	0.3476956531	0.4197291598	0.0169436768	0.0033275258	0.2123039845
0	0.8227083970	0.1628004113	0.0134182617	0.0001382684	0.0009346616
0	0.0000000000	0.2910414295	0.0000000000	0.2350230800	0.4739354905
0	0.0390237220	0.4101854457	0.4914958133	0.0499615873	0.0093334316
0	0.0017683305	0.0051212087	0.9696901862	0.0091872011	0.0142330736
0	0.0000000000	0.0682075368	0.4472758264	0.0059747585	0.4785418783
0	0.1509932765	0.2894946107	0.0000000000	0.0223827811	0.5371293317
0	0.0328379086	0.0786078025	0.0001002548	0.0020520806	0.8864019536
0	0.0000000000	0.9284716306	0.0131942067	0.0006055103	0.0577286524
0	0.0682891081	0.4019740543	0.0000676786	0.5104593771	0.0192097819
0	0.0000000000	0.0126051394	0.1378459352	0.1135252282	0.7360236972
0	0.0006015363	0.0134439447	0.0218086282	0.9381058041	0.0260400867
0	0.0000248493	0.0034316307	0.3718998957	0.0017697479	0.6228738764
0	0.2337107258	0.0577625424	0.0027829750	0.0953811917	0.6103625651
0	0.0713311135	0.0198862450	0.0017605158	0.0000190578	0.9070030679
0	0.0031932229	0.3488532531	0.0072092906	0.0030231780	0.6377210554
0	0.0000000011	0.2521785263	0.1240168159	0.1980320036	0.4257726531
0	0.2780541948	0.0095503141	0.3112169969	0.2580722046	0.1431062895
0	0.5283274079	0.2658650301	0.0007705295	0.1080066326	0.0970303999
0	0.0927995036	0.5196666121	0.0000000000	0.0129136256	0.3746202587
0	0.9236470945	0.0053098880	0.0413275103	0.0000000000	0.0297155072
0	0.0103592804	0.3874250688	0.0000000000	0.0761089215	0.5261067293
0	0.0000000074	0.2412650287	0.3437345684	0.3265463514	0.0884540440
0	0.0000504782	0.0123209617	0.0284080757	0.0247140752	0.9345064093
