0	0.5713785809	0.0964898187	0.0036522023	0.1399124665	0.1748443498	0.0002846840	0.0060691825	0.0016149658	0.0000000511	0.0057536982
0	0.1266680919	0.1697877057	0.0000105711	0.0089592906	0.1655033446	0.0069710034	0.0273074027	0.0016183120	0.3216171616	0.1715571165
0	0.0013229486	0.2319288103	0.5105497775	0.0000002401	0.0060238198	0.0447691836	0.1413697460	0.0503899763	0.0000000191	0.0136454788
1	0.2675907239	0.0253089312	0.0000020588	0.1524581409	0.1035312064	0.1380855565	0.0101190039	0.0201616673	0.1072016858	0.1755410255
0	0.0289350810	0.0341490031	0.0244456647	0.6392052756	0.0878037753	0.0000413337	0.0000000000	0.1126755668	0.0150579485	0.0576863513
0	0.0558970055	0.0023406452	0.0724806107	0.1237785042	0.0152349533	0.1389832113	0.0373329644	0.0000216275	0.0050149518	0.5489155261
0	0.0255172343	0.0220986992	0.0000983595	0.0313781851	0.0321441080	0.0340360697	0.0220805924	0.2140961253	0.0803703077	0.5381803188
0	0.3143866261	0.0020187214	0.1118994647	0.0000305620	0.0001701594	0.0012724244	0.0017601410	0.0300915550	0.2421764786	0.2961938674
1	0.0250217612	0.0317727004	0.4295147620	0.0002987034	0.0067209590	0.0106464132	0.1170013163	0.1066962031	0.2722492069	0.0000779745
0	0.1485966483	0.0000000006	0.0239504762	0.0024376067	0.1279606732	0.0108177831	0.0000489939	0.4249918362	0.0032947372	0.2579012447
0	0.2632212336	0.0211143841	0.0019557121	0.0749256680	0.0564821349	0.5625598214	0.0000000000	0.0000000000	0.0122926470	0.0074483987
0	0.0397295884	0.3071312351	0.0000001311	0.1059421649	0.2920350509	0.0000042214	0.1648627923	0.0266006453	0.0389284470	0.0247657235
0	0.0333842236	0.0242247127	0.0977749599	0.1039544760	0.6346692965	0.0060017884	0.0077009733	0.0000306243	0.0000000000	0.0922589453
0	0.1492791812	0.0582940971	0.0360945009	0.1499730507	0.1098815863	0.1388170483	0.0000358281	0.0204716126	0.3323623100	0.0047907849
0	0.2052431720	0.0062441366	0.1620284107	0.1558305980	0.2329353011	0.0001264443	0.2105000188	0.0011330231	0.0259588954	0.0000000000
1	0.0001149293	0.0001103048	0.0006108491	0.0644492178	0.1074476840	0.0000000000	0.0016261123	0.0000000000	0.8145159564	0.0111249461
0	0.0365919246	0.1120621018	0.0003972333	0.0024292341	0.0272927636	0.0045527338	0.1300553658	0.0076040312	0.6790136861	0.0000009257
0	0.1400535302	0.0772029778	0.0002418382	0.0040930860	0.0086870762	0.0049910637	0.0000242963	0.0313366834	0.7315368533	0.0018325947
1	0.7726684480	0.0000028345	0.0323429271	0.0050082142	0.1536058606	0.0094795400	0.0000070445	0.0018948635	0.0249719078	0.0000183598
0	0.0969844867	0.0134905344	0.0000519311	0.5327871079	0.2284461044	0.0000000000	0.0022524733	0.0328907259	0.0000023303	0.0930943059
0	0.2426136089	0.1199400137	0.0001666709	0.6106472123	0.0121335301	0.0055585425	0.0001685419	0.0067416113	0.0000000000	0.0020302684
0	0.0528826721	0.0487344175	0.0007147860	0.0112117808	0.0101337303	0.0843779292	0.3038565664	0.0072233839	0.1634081041	0.3174566297
0	0.1359441605	0.0621478686	0.1237653324	0.0026899519	0.5248953920	0.0034384406	0.0079557887	0.0954960269	0.0180265954	0.0256404429
0	0.0059605402	0.2590406971	0.0000000000	0.0000000000	0.0882046395	0.0000000000	0.0002049932	0.0000000000	0.0000097960	0.6465793341
0	0.0428305389	0.0156066701	0.0592655910	0.1653138285	0.0066544587	0.3968859854	0.0624847669	0.0001016898	0.1286112349	0.1222452359
0	0.0020106046	0.1826240323	0.0169405368	0.0256943280	0.5479666353	0.0000000003	0.0435066541	0.0027920060	0.1651844807	0.0132807219
0	0.0899906511	0.3459118878	0.1652752530	0.0093796724	0.0366068464	0.0931996174	0.0410715943	0.0000995425	0.0017017656	0.2167631695
0	0.5909537627	0.1199982110	0.0792039565	0.1172962113	0.0117284649	0.0112423558	0.0041853890	0.0083381626	0.0364677759	0.0205857102
0	0.1317513151	0.5064359963	0.0025039110	0.0714451609	0.1628331334	0.0455509969	0.0576258542	0.0000000000	0.0157496235	0.0061040088
0	0.0480817719	0.0000416112	0.0877045198	0.4023725739	0.0193171551	0.1361598578	0.3058671302	0.0003529614	0.0000679730	0.0000344457
0	0.0610808805	0.0100760976	0.3491853020	0.1289847234	0.1340392109	0.0005548966	0.0989059485	0.0036666170	0.1587417906	0.0547645328
1	0.0183088790	0.0600489135	0.0000000002	0.2449306107	0.0679636336	0.0071076508	0.0196790381	0.0704423437	0.4601154829	0.0514034474
0	0.0280321856	0.3358507900	0.0105105030	0.2360299970	0.0008030490	0.0333862437	0.3242349197	0.0002488088	0.0177776489	0.0131258544
1	0.0729176668	0.0013167960	0.0000771454	0.1553473581	0.0360173526	0.0000000000	0.4220344124	0.0000001463	0.2999202922	0.0123688303
0	0.1007603032	0.0512054353	0.0149456587	0.0000000000	0.5983372591	0.0597669088	0.0004337507	0.0262721367	0.1482785475	0.0000000000
0	0.5845500438	0.0050268381	0.0219084020	0.0000000000	0.0001027273	0.2768906975	0.0674458784	0.0000252773	0.0399220291	0.0041281065
0	0.2052110986	0.2998774374	0.0683475908	0.1398809586	0.1061706803	0.0001033391	0.0464233659	0.0830077407	0.0481710249	0.0028067637
0	0.0228449231	0.0677214203	0.0556957627	0.0000000000	0.2551079280	0.0000000000	0.3944451729	0.0099237133	0.1938134877	0.0004475920
0	0.0487732745	0.0008357465	0.2102782829	0.7135469883	0.0249620474	0.0000130600	0.0000001456	0.0000036195	0.0014999373	0.0000868982
0	0.1669978063	0.1212041925	0.0000000000	0.0034171556	0.0323461138	0.0145863110	0.0928200535	0.3760513040	0.1522834663	0.0402935971
0	0.0091635480	0.0000482991	0.0519128915	0.0098606109	0.0014866894	0.0380897424	0.0006540428	0.0000611331	0.8887180952	0.0000049476
0	0.0000000039	0.1656534599	0.0004111198	0.0723940120	0.0000000369	0.0641962715	0.0075870418	0.0398850735	0.6198859293	0.0299870513
0	0.8602997164	0.0000000009	0.0052322582	0.0004643244	0.0057783331	0.0267308492	0.0171039191	0.0017870828	0.0589299534	0.0236735626
0	0.0632284014	0.5448425059	0.0841796166	0.0000146509	0.0732211978	0.1399796567	0.0569583306	0.0166943301	0.0145374167	0.0063438934
0	0.0994079133	0.0688265085	0.0000002374	0.3349149871	0.2850843027	0.0757304318	0.0126142741	0.0474254301	0.0189213863	0.0570745287
0	0.0953700495	0.0946499598	0.0163041885	0.0000000006	0.4212482567	0.1411683217	0.1098063098	0.0813163163	0.0041990024	0.0359375947
0	0.2918443544	0.0006756105	0.0524842480	0.1569237780	0.0147234526	0.0112077417	0.4066044806	0.0004661211	0.0650702129	0.0000000000
0	0.5304607247	0.0721947407	0.0638838996	0.1067849684	0.0727619692	0.0087249584	0.0000000000	0.0016769590	0.0465072264	0.0970045536
0	0.0354696611	0.2598927535	0.0522539227	0.0000013748	0.0062527775	0.0299357687	0.0216444145	0.0161279156	0.4002582539	0.1781631579
0	0.3585104410	0.0379813759	0.0217261723	0.1904688704	0.0000000468	0.0001536493	0.0002699744	0.3036479122	0.0870284288	0.0002131289
0	0.3799682137	0.1253626899	0.0329345323	0.0567503957	0.1184762432	0.0000002657	0.0046348376	0.0282178940	0.1413356699	0.1123192580
0	0.0814643002	0.0148583121	0.1697138068	0.4340212472	0.0401456528	0.0000000000	0.0687874203	0.0000000000	0.0051152594	0.1858940011
1	0.0100847605	0.0779360986	0.0000000008	0.0019407268	0.1829029245	0.0105383043	0.0598456167	0.0100185075	0.0011368705	0.6455961898
0	0.6124890623	0.0339274201	0.0005135914	0.0194602389	0.1813245150	0.0000000000	0.1023267767	0.0060629938	0.0172135789	0.0266818229
0	0.0265271497	0.0017131184	0.0313291496	0.0056867672	0.0088880944	0.0019747983	0.0000136642	0.0389413464	0.8848913333	0.0000345784
0	0.0010596907	0.0196796458	0.0128264575	0.2428873487	0.0457787538	0.0033794214	0.0000000000	0.0788251390	0.5738300303	0.0217335128
0	0.3330291589	0.0669151540	0.0055625138	0.0173514970	0.1278940273	0.0002181108	0.0000096810	0.0162883177	0.3715066840	0.0612248557
0	0.5740557570	0.0332288384	0.1227243371	0.1364873758	0.1258529269	0.0053327004	0.0022129928	0.0000001468	0.0000000000	0.0001049247
1	0.1112260721	0.1023303352	0.0000000000	0.6707364435	0.0807729229	0.0000043037	0.0000000001	0.0034517833	0.0314158321	0.0000623071
0	0.2922870776	0.0000000000	0.0371859741	0.0426341049	0.5392399100	0.0396943076	0.0001722171	0.0118586604	0.0067796568	0.0301480914
1	0.1626055273	0.0461471570	0.1544601342	0.3343910929	0.0116927290	0.0000430544	0.1785849131	0.0354285741	0.0679797682	0.0086670498
0	0.3112676397	0.0001641963	0.0464480401	0.1757838384	0.0583392995	0.0892813565	0.0000000757	0.0005375053	0.0038377389	0.3143403097
0	0.2080773962	0.2224646560	0.1082160477	0.0010080669	0.0044253630	0.0229628783	0.0000007917	0.2143326329	0.1571534803	0.0613586871
0	0.1382336866	0.0323308261	0.0307805703	0.0013927985	0.1473077365	0.0232452633	0.0000106761	0.0000000000	0.6266925163	0.0000059264
0	0.1813849722	0.0132005986	0.0572608851	0.0000080204	0.4196363752	0.0000000000	0.0402660809	0.0002612826	0.2507923659	0.0371894192
0	0.1525093673	0.0899270189	0.0000000118	0.0381160487	0.4486753754	0.1512150890	0.0000030028	0.0028296405	0.0881222676	0.0286021781
0	0.0147945984	0.0001714278	0.0297533793	0.5236775547	0.0189259988	0.0019243582	0.0001961183	0.2057211774	0.0631551523	0.1416802347
0	0.0780401261	0.0756231039	0.0319181546	0.0015670472	0.0005124690	0.0077136880	0.0000000832	0.0174294150	0.7436431028	0.0435528102
0	0.3715841923	0.0000000000	0.0081439090	0.0379949086	0.4509050082	0.0621617459	0.0000366246	0.0017624235	0.0032581053	0.0641530828
1	0.0380938401	0.0039982872	0.0223994452	0.0232495965	0.0055000903	0.0108578580	0.8100262131	0.0000653484	0.0244835085	0.0613258128
0	0.1310954779	0.0065227477	0.0005547414	0.1302287306	0.6799606527	0.0174612786	0.0044399759	0.0000001194	0.0000019205	0.0297343554
0	0.0000000000	0.0378943483	0.0601205667	0.8449787851	0.0138081391	0.0016879188	0.0126983500	0.0130185222	0.0108007727	0.0049925972
0	0.4395907387	0.1642602348	0.0204273438	0.2332193997	0.0292908956	0.0014326551	0.0000000000	0.0000050381	0.0026409709	0.1091327233
0	0.0739953126	0.0000000060	0.0090476594	0.0000016576	0.0202594396	0.4041890686	0.0000775047	0.0317839293	0.4208890935	0.0397563288
0	0.6651058992	0.0892936524	0.0202798415	0.0057908391	0.0069639625	0.1556645801	0.0004178102	0.0198423952	0.0362749919	0.0003660280
0	0.0151644756	0.4613674537	0.0293463609	0.0548344507	0.1326906968	0.0134512583	0.0000124356	0.0892676459	0.1846569254	0.0192082972
0	0.0026046801	0.0000000000	0.0000000000	0.0042201047	0.1127508674	0.0075854198	0.0354569659	0.0045727862	0.7932286473	0.0395805286
0	0.1650211254	0.1003161970	0.0162413234	0.2173208741	0.3519815677	0.0567764125	0.0124423041	0.0164254318	0.0335430673	0.0299316967
0	0.1117807447	0.1045972751	0.0305881171	0.2667193741	0.0042062910	0.0000517287	0.0045251428	0.0762397888	0.1603442342	0.2409473034
0	0.0265567900	0.1332149152	0.0078425001	0.0750221061	0.0840322550	0.0044814111	0.0317177785	0.0018660008	0.6327005619	0.0025656812
0	0.3461686844	0.0009733576	0.2726621628	0.0474891109	0.0017604222	0.2279378292	0.0000016583	0.0162229768	0.0865398171	0.0002439806
0	0.5578564017	0.0470777988	0.0000009253	0.0057745797	0.0808557711	0.1842637809	0.0661572268	0.0330421782	0.0000017867	0.0249695509
0	0.2159162786	0.3304585120	0.0916797338	0.1856669700	0.0000000318	0.0491210878	0.0363267491	0.0284764817	0.0392720043	0.0230821508
0	0.5899048877	0.0107879848	0.0134409536	0.1491970193	0.0190435043	0.1121872640	0.0269315216	0.0628339913	0.0004738661	0.0151990073
0	0.3157651304	0.0000002931	0.4274026190	0.0006907870	0.0196167113	0.0293446379	0.1465182585	0.0000090118	0.0436675927	0.0169849585
0	0.2746351753	0.3033657029	0.0798433093	0.0987534156	0.0469866813	0.0205250377	0.0000000000	0.0046468033	0.1712438745	0.0000000000
0	0.0057708718	0.0358076240	0.3338263205	0.2210514830	0.0587025358	0.0202912559	0.0000000752	0.0235496690	0.3008610538	0.0001391110
0	0.2993878348	0.2829631325	0.0000963744	0.0766834939	0.0239081509	0.0412535437	0.0059210434	0.1697523855	0.0229683599	0.0770656810
0	0.0787121070	0.0005401500	0.0256393454	0.0271738638	0.5593274894	0.1574637376	0.0587853228	0.0378722085	0.0543218775	0.0001638981
1	0.5928247715	0.0003061691	0.1502770809	0.0087978192	0.0052799692	0.0631309800	0.0664606509	0.0499708538	0.0405706304	0.0223810751
1	0.0709981118	0.0375471624	0.0002566823	0.0207278888	0.0309491060	0.0000000000	0.3217997827	0.0043179304	0.5050123019	0.0083910337
0	0.0000210577	0.0021878926	0.0001715670	0.0217218958	0.5837773057	0.0404398330	0.2741913180	0.0194636981	0.0580241597	0.0000012725
0	0.0487930986	0.0041938977	0.0000000421	0.3686417324	0.0000010633	0.2621921019	0.0597125381	0.0742896101	0.1366900129	0.0454859028
1	0.0000000001	0.0092436013	0.0009274785	0.0046797738	0.3872646051	0.2001003790	0.0000000001	0.0822855228	0.1508922455	0.1646063939
0	0.0201397374	0.0003316886	0.0060292466	0.3742662545	0.0190856581	0.0079715749	0.0934691191	0.0169141880	0.2182846880	0.2435078446
0	0.0187214424	0.0616970858	0.2249025219	0.0607611364	0.0000190622	0.1160181728	0.4422806661	0.0128702922	0.0627256354	0.0000039851
0	0.0000005030	0.0040367780	0.0153215548	0.0379634135	0.0008034836	0.1021270138	0.0000000013	0.0712980081	0.0686172065	0.6998320374
0	0.0947098059	0.1118093956	0.0000076751	0.0705978524	0.0527057312	0.0186022180	0.0000000002	0.0479360219	0.5607814838	0.0428498160
0	0.3535827257	0.4146052642	0.0911112489	0.0004041936	0.0584872630	0.0016643800	0.0283324441	0.0000277985	0.0026147551	0.0491699270
1	0.0431160671	0.0000410804	0.0000029828	0.2484550818	0.1354013679	0.3516489802	0.1775502366	0.0165313994	0.0272527593	0.0000000445
0	0.1762591637	0.0000000000	0.0023599095	0.2442020783	0.0020163690	0.0011687838	0.0001387952	0.1140834861	0.1399964330	0.3197749815
0	0.0000753961	0.0000000102	0.2152863694	0.2841110837	0.0195332758	0.0033654259	0.0000347828	0.0001041391	0.2508602712	0.2266292458
0	0.1886053620	0.4862825403	0.0000002747	0.0843298196	0.0080581788	0.2256928360	0.0063005168	0.0000000072	0.0004944860	0.0002359785
0	0.0311052988	0.0056409430	0.0000000303	0.1220013964	0.0235480948	0.0024561611	0.0038326860	0.0000000000	0.6390548038	0.1723605858
0	0.1524566501	0.0011699486	0.0115964401	0.1907706348	0.0844275529	0.0002230668	0.0000013767	0.4724655812	0.0563009184	0.0305878305
0	0.2995220766	0.1372579711	0.1477920632	0.0534430402	0.1431238934	0.0000000000	0.0022536705	0.1669069910	0.0000006784	0.0496996156
0	0.0076167398	0.1937370815	0.1315328045	0.1035865591	0.2879507074	0.1570199605	0.0201297890	0.0983568216	0.0000027833	0.0000667533
0	0.9579486696	0.0046296395	0.0001024460	0.0014000629	0.0037024327	0.0000000000	0.0000492674	0.0008468868	0.0216601891	0.0096604059
0	0.0028491233	0.0756893326	0.0008405138	0.0562758404	0.0114122968	0.0201810535	0.1503790013	0.0059521395	0.6751491944	0.0012715045
0	0.5678974949	0.0081603730	0.0194902570	0.0549586390	0.0000006722	0.3384869031	0.0004727663	0.0105327306	0.0000001639	0.0000000000
0	0.3294262177	0.0000032005	0.0055827987	0.0022799468	0.4181843613	0.1183344011	0.0000163007	0.0000003706	0.1261723317	0.0000000709
0	0.5032085242	0.0417697986	0.0000028750	0.0000000000	0.3253865575	0.0023470485	0.0000118936	0.0155269870	0.0435467683	0.0681995474
0	0.6303031239	0.0573606963	0.0250413511	0.0179615728	0.1046625910	0.0012538786	0.1423387738	0.0044415816	0.0165885902	0.0000478407
0	0.3352418884	0.0185331784	0.1724747466	0.0003237542	0.4218191792	0.0000000025	0.0000000000	0.0032626779	0.0182448834	0.0300996894
1	0.3071192384	0.0000063856	0.0266481636	0.1896976245	0.0560430487	0.0214482612	0.2589311565	0.0000220222	0.1035337846	0.0365503146
0	0.0566698198	0.7546653218	0.0003618649	0.0792760313	0.0493776060	0.0041749823	0.0462393670	0.0000134843	0.0082968310	0.0009246916
0	0.4968193916	0.0651384752	0.0045883596	0.0001512153	0.3167185543	0.0000000000	0.0017258370	0.0183858192	0.0947511465	0.0017212012
1	0.2895846375	0.0045991608	0.0152540742	0.5679206673	0.0154117461	0.0000499750	0.0011613401	0.0081440942	0.0168695773	0.0810047274
0	0.0341428466	0.0000072446	0.2492996728	0.0009456724	0.3035590413	0.0256054117	0.3578220945	0.0164825948	0.0012902225	0.0108451989
0	0.5986774239	0.2278299712	0.0000021646	0.0391837807	0.0164748088	0.0083962683	0.0595821649	0.0000094116	0.0489197363	0.0009242696
0	0.0000000002	0.0000000083	0.0123597870	0.4211526244	0.0004483309	0.0261245256	0.0005394289	0.0000487472	0.5171015590	0.0222249885
0	0.4965639567	0.0061323427	0.0009506539	0.0008967469	0.1322178669	0.0059051744	0.0002758853	0.1145410684	0.1273275657	0.1151887391
0	0.1057862571	0.0340712255	0.0211537070	0.0469104709	0.0033978807	0.0874529738	0.0364569644	0.0000000000	0.0246600764	0.6401104441
0	0.0822352429	0.0000000000	0.0000000000	0.0531650097	0.5259100493	0.0010926151	0.0201870623	0.0003109484	0.0306003018	0.2864987704
0	0.0084208392	0.3654265767	0.0000082182	0.2591429346	0.0000000000	0.0000000205	0.0335690944	0.1110630339	0.1679810107	0.0543882717
0	0.0000569856	0.0562781256	0.0009101920	0.0000000009	0.2511606080	0.1205216345	0.0000000477	0.0148307007	0.5552061428	0.0010355622
1	0.1331322535	0.1279376588	0.0177683062	0.0209232533	0.0299576011	0.0174755724	0.1246002374	0.0763926470	0.4517657480	0.0000467225
0	0.0245834665	0.0466137460	0.1792458265	0.1087087417	0.1333465832	0.0084337643	0.0013164612	0.0419000011	0.4105165986	0.0453348109
0	0.5114478409	0.2665098165	0.0000000000	0.0112634034	0.0428214180	0.0869358497	0.0632773368	0.0008774048	0.0065074239	0.0103595060
1	0.0000018439	0.5708637824	0.0000000000	0.0001063256	0.0032548885	0.0000149449	0.1739806235	0.0095681293	0.1133164160	0.1288930459
0	0.6397822169	0.0248075159	0.0028675684	0.0000309929	0.0352997597	0.0547101480	0.0275948378	0.1653639659	0.0484789487	0.0010640458
0	0.0000030542	0.0025990808	0.2023689090	0.3364925198	0.2525935180	0.0054501553	0.0003216327	0.2000332499	0.0000743415	0.0000635388
0	0.2913888606	0.1510341513	0.2022847257	0.0696420115	0.0000110596	0.0000000000	0.0143909607	0.0012466206	0.0330341263	0.2369674838
1	0.1367325403	0.0121235460	0.0004691886	0.2679066761	0.0308658423	0.0196141076	0.0265734932	0.5023261625	0.0033494507	0.0000389927
0	0.0799097292	0.0334243570	0.0281259002	0.2600866975	0.0000006325	0.1701544797	0.0281900711	0.0000000000	0.4001081234	0.0000000094
0	0.1566368500	0.5830520133	0.0908066902	0.0000000317	0.0036821392	0.1370565468	0.0029720259	0.0008361048	0.0249575982	0.0000000000
0	0.2127655364	0.2163339228	0.0004060553	0.2638736425	0.0120310936	0.0976647004	0.0003295759	0.1527654168	0.0273933059	0.0164367503
0	0.0009901716	0.1503916344	0.1024929357	0.1952158286	0.5089115639	0.0239679634	0.0000002424	0.0171766915	0.0000000000	0.0008529684
0	0.0635757718	0.0018904085	0.0477870515	0.4065487544	0.4013970318	0.0083085789	0.0305973257	0.0001058512	0.0155901935	0.0241990327
0	0.1680889404	0.0087067432	0.1071631935	0.1171194979	0.1787182508	0.0016643775	0.0002493187	0.0023937030	0.4090958611	0.0068001139
0	0.0553981532	0.1922907186	0.0014679749	0.0000867831	0.0489154208	0.0018413827	0.0675498008	0.0005264345	0.5418453616	0.0900779698
0	0.2025384003	0.4172914263	0.0025951103	0.3236958628	0.0179258474	0.0121936726	0.0000521407	0.0234480793	0.0002226199	0.0000368404
0	0.0831103075	0.1054009241	0.0012155127	0.6132790635	0.0213408782	0.0833479008	0.0058438914	0.0001208097	0.0746048265	0.0117358855
0	0.0127746665	0.0068821222	0.0000000242	0.0391861964	0.0285682521	0.6694434966	0.1775133568	0.0000000001	0.0030695908	0.0625622944
0	0.0578222135	0.0000000076	0.0043133707	0.0131966346	0.0015074411	0.0023706373	0.0000087868	0.0007558815	0.4553769358	0.4646480912
0	0.0460627190	0.0283981793	0.1295650107	0.1949278614	0.4449631390	0.0000000000	0.0001992739	0.0000000000	0.1308285381	0.0250552785
0	0.1154094502	0.0000000000	0.3693086095	0.3077228574	0.0677566743	0.0717623578	0.0047700008	0.0001873777	0.0629816520	0.0001010204
1	0.1426874334	0.0064046985	0.1001198168	0.0774998374	0.5505206783	0.0042980486	0.1059560029	0.0019011547	0.0101711985	0.0004411309
0	0.0304659470	0.0097449895	0.0005873702	0.0208947894	0.0428460060	0.1614797801	0.0302275138	0.1525203774	0.3952950525	0.1559381740
0	0.1524752075	0.0074645454	0.1494112471	0.0739721668	0.5588323234	0.0286119042	0.0000000000	0.0287195489	0.0005130568	0.0000000000
0	0.3358055934	0.0074657330	0.0006163226	0.0590594568	0.1943856277	0.0000000000	0.1646577832	0.1801221875	0.0267124255	0.0311748702
0	0.3201229622	0.0740069260	0.0022173556	0.3047695480	0.1931972748	0.0638743314	0.0028923001	0.0000154296	0.0000001801	0.0389036922
0	0.0068924715	0.0822551765	0.0241522819	0.1635471739	0.1521923897	0.0419720619	0.1411406731	0.2004882113	0.1775658725	0.0097936878
0	0.0463232784	0.0027268582	0.0422971862	0.0713051611	0.0031910257	0.1001965692	0.0000000013	0.0000000014	0.7326786688	0.0012812496
0	0.1064471463	0.0445003307	0.0000000000	0.5359736641	0.2143045735	0.0005477709	0.0023030214	0.0065858592	0.0882560900	0.0010815440
0	0.0158520805	0.0857023877	0.0003501086	0.2737565357	0.0151555391	0.0297177630	0.0050431139	0.1835028397	0.3909191587	0.0000004730
0	0.0193310377	0.0122823880	0.0005503930	0.5539771385	0.2600519823	0.0035440384	0.0002492668	0.0740539368	0.0759592447	0.0000005739
0	0.0248347711	0.0454991278	0.1507826663	0.0233269191	0.1153143977	0.0101606931	0.0000248416	0.0001702829	0.6285274241	0.0013588762
0	0.0000288433	0.0000001343	0.6088337552	0.1970015509	0.0480766978	0.0000000000	0.0316298224	0.0028868953	0.0218184643	0.0897238364
0	0.0302473846	0.0277301391	0.1423935440	0.0902917147	0.3134641394	0.0004274885	0.0001889247	0.1694831618	0.1271183664	0.0986551368
0	0.1041579144	0.0354876219	0.1263182653	0.0155377644	0.0016281250	0.0384007785	0.6730247801	0.0054447505	0.0000000000	0.0000000000
0	0.1592979897	0.0149628106	0.0180678801	0.6819175731	0.0150893165	0.0018789359	0.0942073147	0.0002841454	0.0105553661	0.0037386678
0	0.0247204427	0.1810605316	0.0097153747	0.0439437509	0.2331939751	0.0021595020	0.2260226561	0.0471127717	0.0296932393	0.2023777558
0	0.0001839063	0.1432910464	0.1374336950	0.1904502540	0.0228320532	0.0000397083	0.0000003357	0.0403194036	0.4308432122	0.0346063853
1	0.0001267436	0.2653457154	0.0287220959	0.0116049902	0.1028231840	0.0055357838	0.1067665280	0.3871036620	0.0918370352	0.0001342620
0	0.2226686449	0.2127676501	0.0016081807	0.0009907901	0.0010016017	0.5022148514	0.0113711169	0.0050826699	0.0000000000	0.0422944943
0	0.3465517699	0.0002139160	0.0785919321	0.1779618732	0.0000000000	0.0514944108	0.0000644298	0.0389254695	0.3006545244	0.0055416744
0	0.1791803485	0.0002064889	0.0068246521	0.0466918300	0.5624604700	0.0059917871	0.0009365101	0.0074192195	0.1847566368	0.0055320572
0	0.0913609175	0.5243293039	0.0644404709	0.0634600179	0.0990203911	0.0002623890	0.0056240467	0.0009241086	0.1126143764	0.0379639779
0	0.1549859038	0.0000000002	0.0160521062	0.1045638506	0.6252571708	0.0091520455	0.0012137888	0.0000000160	0.0220554376	0.0667196805
0	0.2067104824	0.0255663531	0.0098848767	0.4459542310	0.0184493153	0.1963554698	0.0000018918	0.0054222604	0.0192926850	0.0723624344
1	0.0903041814	0.0000000909	0.0000183046	0.8835822660	0.0030653472	0.0019165325	0.0000307777	0.0000013046	0.0206599649	0.0004212302
0	0.0421319459	0.0629082847	0.0088607481	0.0000208712	0.1565984981	0.0000480286	0.1016614176	0.1192493621	0.0070396241	0.5014812196
0	0.4104790213	0.0644319851	0.0192687085	0.0583837653	0.2251906908	0.0126706489	0.0377041738	0.0113228551	0.1559427183	0.0046054329
1	0.1300622353	0.1664045589	0.0000665961	0.2872201260	0.0000008534	0.0006328361	0.0100231563	0.3645100426	0.0197759882	0.0213036072
0	0.7937458633	0.0704118723	0.0000000308	0.0032701223	0.0492650256	0.0654661406	0.0036048835	0.0096279976	0.0002232794	0.0043847846
0	0.0256878335	0.0020851678	0.0504240169	0.0224580074	0.0272146351	0.0000016198	0.0000552491	0.0000000000	0.8702340899	0.0018393804
0	0.0814325929	0.0478364569	0.0000003509	0.1350073673	0.1631051742	0.2398216249	0.0020339412	0.1573629698	0.0532046108	0.1201949110
0	0.2465115067	0.2144250776	0.0078949405	0.0802197752	0.0265533340	0.0000001675	0.0077389938	0.0285918381	0.0270976946	0.3609666720
0	0.0100210300	0.0189897814	0.0000000333	0.2228654620	0.0987463926	0.5403908422	0.0002412265	0.0000000000	0.0418564236	0.0668888084
1	0.0000095652	0.0972496528	0.0000002797	0.1773176725	0.3812457847	0.0129821695	0.0016266378	0.0397096509	0.2331026925	0.0567558944
1	0.0002600974	0.0491906336	0.2803905040	0.0000088868	0.1437733885	0.0277652829	0.0000000063	0.0022575507	0.0023276452	0.4940260046
0	0.0035690886	0.0000000000	0.0000000000	0.0001717395	0.0478704737	0.3479122966	0.2520155943	0.0421283194	0.2955894941	0.0107429938
0	0.1697354676	0.1303474353	0.0008938173	0.0994519994	0.0977183491	0.0935468721	0.0123446231	0.0266646883	0.2117342052	0.1575625426
0	0.1091250411	0.2169119143	0.0268561546	0.2514432762	0.0302844764	0.0000054599	0.2658490390	0.0323366245	0.0016926116	0.0654954023
0	0.5281705879	0.0001128634	0.0001666699	0.0000093670	0.2192710006	0.0171729710	0.0003615654	0.0288532585	0.0000000092	0.2058817071
0	0.5812655091	0.2113191857	0.0000000000	0.0378506427	0.1197622953	0.0185626151	0.0002003915	0.0019206712	0.0010066999	0.0281119893
0	0.0473480508	0.1454580083	0.0026262958	0.0001441857	0.0592273717	0.0542705870	0.2341612465	0.0000000000	0.1568970763	0.2998671778
0	0.2704111108	0.0000000000	0.1864372935	0.0709879957	0.4091254077	0.0000054269	0.0545572380	0.0000158156	0.0083181426	0.0001415692
0	0.4724882663	0.0412217375	0.0472227849	0.0088680600	0.0243104221	0.0056147766	0.0000000000	0.0001040169	0.3620685850	0.0381013507
1	0.1259654918	0.2392602788	0.0497735450	0.1091264434	0.0012670142	0.0000343483	0.0393888214	0.4351773655	0.0000000201	0.0000066715
0	0.0463431671	0.0016070894	0.0000671837	0.0000004855	0.7928660238	0.0120847767	0.0089412954	0.0020050746	0.0089547104	0.1271301933
0	0.2108864189	0.0900981489	0.0315936536	0.0190307802	0.3982340582	0.0000009269	0.0009578968	0.0616176764	0.1527500226	0.0348304176
0	0.1060177171	0.0075758288	0.4140373023	0.0105149162	0.0351171329	0.0299536567	0.1064111361	0.0000000000	0.2891574801	0.0012148297
0	0.2885062997	0.0142052128	0.0000150291	0.0016925512	0.1683818156	0.0000000000	0.0430836397	0.0073680614	0.2718432878	0.2049041027
1	0.1651803252	0.0072680184	0.0288342568	0.3890396791	0.0828266037	0.0000000000	0.0360859588	0.0023406575	0.2876879991	0.0007365015
0	0.1048080695	0.0000226237	0.0000000200	0.7093418172	0.1059891305	0.0219296124	0.0141119659	0.0000000305	0.0437945084	0.0000022219
1	0.1393212742	0.3150557186	0.0000000000	0.1167556697	0.1644753640	0.0412145028	0.0320157848	0.0009924406	0.0001207690	0.1900484764
0	0.1416831562	0.0933601551	0.0016151067	0.0590797663	0.0000000000	0.0125306233	0.0000000000	0.5721988365	0.1181014353	0.0014309206
0	0.4043846356	0.0846713962	0.0641705140	0.0134963217	0.0158200116	0.0045030826	0.0045100208	0.0248735709	0.0001942766	0.3833761702
0	0.0109566328	0.0368698243	0.0000134084	0.1832418536	0.0000062925	0.0000000000	0.0267208890	0.0444223284	0.6467706142	0.0509981569
0	0.3160211323	0.0334608657	0.0195143127	0.0013128496	0.2836382200	0.1354113672	0.0005459243	0.0003330799	0.0353778805	0.1743843678
0	0.0469419811	0.3726391158	0.0433115987	0.1896421427	0.0325871485	0.0006928722	0.0050923047	0.1718025047	0.0702263280	0.0670640036
0	0.2663441728	0.2910294487	0.0361037585	0.0857794309	0.1328636587	0.0670379035	0.0013963743	0.0003161778	0.1191281354	0.0000009395
0	0.9191164799	0.0002600327	0.0422815576	0.0000000071	0.0151323680	0.0231298150	0.0000094811	0.0000141443	0.0000548003	0.0000013140
0	0.7782561276	0.0276909104	0.0617685170	0.0062693940	0.0651295169	0.0111556981	0.0000000000	0.0000020224	0.0158968563	0.0338309573
0	0.1244244659	0.1966228224	0.0000000000	0.0410990097	0.4798372580	0.0616346670	0.0144869597	0.0043950842	0.0709648661	0.0065348670
0	0.0784718797	0.1212662995	0.0263513874	0.0023072661	0.0056280920	0.1376979614	0.1097035833	0.0002530513	0.0014023166	0.5169181628
0	0.1164322552	0.0322302994	0.0683150157	0.0957042140	0.1815122927	0.0000000000	0.3236288908	0.1266087490	0.0227222201	0.0328460630
0	0.0974540160	0.2296243476	0.0600775412	0.0037628009	0.2598890535	0.0017159579	0.0072956795	0.0000000036	0.3281775571	0.0120030427
0	0.0233276174	0.0023665095	0.0041172346	0.0180060765	0.0076035959	0.0007980721	0.0000002267	0.0183108645	0.9223125518	0.0031572511
0	0.0003089627	0.0000004203	0.2831881561	0.3481081558	0.2934496963	0.0020763336	0.0071589502	0.0032995924	0.0374139339	0.0249957988
0	0.0064951763	0.2615340246	0.0307084525	0.0863022051	0.4376323618	0.0157609198	0.0035167881	0.1372499831	0.0000048822	0.0207952066
0	0.5513081467	0.0212337352	0.0766350780	0.0761686123	0.0000310989	0.0278184345	0.0000000001	0.0000424124	0.2137068968	0.0330555850
0	0.0399446114	0.0143311246	0.0000001140	0.0329828821	0.0801240645	0.0538425842	0.0042933741	0.0179773396	0.7506496382	0.0058542674
0	0.1799010291	0.0018639620	0.0000417834	0.0000008311	0.0000253501	0.0023537395	0.0000478041	0.7152544726	0.0000050122	0.1005060159
0	0.0129652131	0.5446725523	0.0000003663	0.0000590252	0.0554837299	0.0000028042	0.0000000000	0.0290925751	0.1359474025	0.2217763313
0	0.1106457556	0.1373116508	0.0000000001	0.0209122273	0.6866111236	0.0004985366	0.0408867370	0.0011569162	0.0008034625	0.0011735902
0	0.0486662254	0.0747991674	0.0000023477	0.1622257864	0.0230587525	0.6898546109	0.0005484267	0.0000019394	0.0000492587	0.0007934849
0	0.4029048946	0.0309637610	0.0987619682	0.0156409024	0.0529965261	0.0001640712	0.0000000000	0.0674627231	0.3162309536	0.0148741997
0	0.2611288152	0.3373103172	0.0000000000	0.1471328875	0.0350514080	0.0428889417	0.0004480555	0.0879617674	0.0880755554	0.0000022522
0	0.0540342003	0.0137719199	0.0087574914	0.0043122452	0.8604346281	0.0069564986	0.0160064769	0.0055539634	0.0300886377	0.0000839384
0	0.1919956211	0.0853583088	0.0000062566	0.0000329207	0.4168662809	0.0213307697	0.0008112785	0.0000000000	0.2834650091	0.0001335546
0	0.0567609743	0.2040249857	0.0004658235	0.5921891369	0.0682711077	0.0012476489	0.0334355486	0.0000075138	0.0435972571	0.0000000034
0	0.0792068241	0.0015309609	0.0000362625	0.1572176413	0.0259519881	0.1108356394	0.0056318346	0.0001985012	0.3339033794	0.2854869686
0	0.1479623165	0.1824075484	0.0051241095	0.0200092026	0.0332264888	0.0678482479	0.1578908088	0.0802049354	0.2986631844	0.0066631577
0	0.0784913697	0.0717051158	0.5296250081	0.1876077371	0.0155553244	0.0033550100	0.0045110349	0.0053587778	0.0940133754	0.0097772468
0	0.0348286140	0.0000000004	0.0000000000	0.3179767910	0.0218879317	0.0084331508	0.2146104688	0.0006268431	0.2990479954	0.1025882049
0	0.1273214602	0.0048392699	0.0231309684	0.3687382191	0.3677862813	0.0000017155	0.0033021926	0.0036532134	0.0723214411	0.0289052385
1	0.0773125095	0.0145141008	0.0028954472	0.1621161760	0.4139570194	0.0100728773	0.0021187188	0.1449231950	0.0953015258	0.0767884303
0	0.0760647803	0.2009024751	0.0096766535	0.4243019592	0.0277849572	0.1220602600	0.0000000000	0.0009366091	0.1356314030	0.0026409025
0	0.0153202788	0.0000047941	0.0001651293	0.0359508649	0.2581110753	0.0316451131	0.0086354068	0.0000000000	0.6161192612	0.0340480766
0	0.0934164019	0.0398075003	0.0013410713	0.6936252511	0.0025711294	0.0476805350	0.0206667066	0.0713710080	0.0294396047	0.0000807918
0	0.0136753808	0.4157619956	0.0000009851	0.4724654204	0.0674339958	0.0001198616	0.0002041345	0.0000000000	0.0303340417	0.0000041845
0	0.0841979840	0.2705904536	0.0069057923	0.2992151271	0.2974520319	0.0005118352	0.0030729126	0.0000000013	0.0357608826	0.0022929793
0	0.0217898292	0.4198409893	0.0123785428	0.0034599235	0.0801332303	0.0845318373	0.0295274593	0.0061750060	0.2975305205	0.0446326618
1	0.4838264157	0.2087563284	0.0375688604	0.1421942705	0.0434267272	0.0152818547	0.0342716048	0.0033097713	0.0313533571	0.0000108099
0	0.1469078368	0.0413861892	0.0105892099	0.4218447470	0.2512375670	0.0339004851	0.0003509322	0.0714883214	0.0219892756	0.0003054358
0	0.0054631983	0.0005291429	0.0000000000	0.0335435270	0.4812653487	0.0700784037	0.1078424496	0.0432381475	0.0015164727	0.2565233096
0	0.2486591304	0.0144838228	0.0000000000	0.0497843826	0.0000000000	0.0082775647	0.1413783606	0.4924325767	0.0089406092	0.0360435531
0	0.3319708062	0.0000000341	0.0374973660	0.0956161868	0.1572244612	0.0016324043	0.0000000000	0.0169781999	0.3590805041	0.0000000373
0	0.0215353617	0.0470916232	0.1919702417	0.2694841874	0.0062682634	0.0000000580	0.0268865741	0.0209712028	0.4157893331	0.0000031546
1	0.0988073547	0.0899448251	0.0397933030	0.0156177102	0.0000456316	0.0532811515	0.0372524369	0.0181152165	0.5620416585	0.0851007120
0	0.2475468262	0.0716438816	0.0080488168	0.0638975782	0.2034569662	0.0000000000	0.3093991928	0.0297439498	0.0662627884	0.0000000000
0	0.6779326365	0.0315690274	0.0042681079	0.1273296826	0.0344978099	0.0109172341	0.0473546456	0.0122016686	0.0539291875	0.0000000000
1	0.1188645134	0.0398763124	0.0844990030	0.0826073815	0.0000000000	0.2685460307	0.0012030272	0.0000000000	0.2100795310	0.1943242009
0	0.2107409625	0.1737806892	0.1607306264	0.1597725784	0.0530608827	0.0000000005	0.0004293747	0.0000409165	0.1649619510	0.0764820180
0	0.3234285888	0.2811742235	0.0003880018	0.0134708738	0.0772818366	0.0000086339	0.0000935751	0.2901434361	0.0065462282	0.0074646022
0	0.1224964121	0.1931337125	0.0565282827	0.0004763808	0.3338714816	0.1739896689	0.0106062171	0.0307706193	0.0122162701	0.0659109549
0	0.3722244955	0.0012977469	0.0356482707	0.0000511992	0.0649695383	0.0576385510	0.2205581231	0.0213572792	0.2199636260	0.0062911701
0	0.0312779165	0.2397604351	0.1301631539	0.0000047381	0.5658606677	0.0008190784	0.0001005180	0.0001768899	0.0318288992	0.0000077032
0	0.3798598934	0.0304406864	0.0657379287	0.3157321756	0.0293752141	0.0000000000	0.0003997130	0.1722126809	0.0061726110	0.0000690969
0	0.1688437486	0.0617462984	0.1964828383	0.0000013535	0.1697760243	0.0071541935	0.0922228199	0.2708868518	0.0191616617	0.0137242101
0	0.0000000012	0.1682494717	0.0449995629	0.0056151469	0.0000000136	0.0078041662	0.2290136268	0.0011807523	0.5230937092	0.0200435491
0	0.1452379686	0.0683828002	0.0005980961	0.1578818628	0.3241875237	0.0000226301	0.0987760565	0.0238187476	0.1744905007	0.0066038137
0	0.1187622209	0.0195221451	0.0010338695	0.0000000000	0.3562518438	0.1503133944	0.0019252292	0.0009765171	0.3436894615	0.0075253185
0	0.0038276879	0.1134165461	0.0864019114	0.1907338394	0.1062732872	0.0000844191	0.0020178743	0.0001088538	0.4299221438	0.0672134369
0	0.0722946735	0.5530019902	0.0082538049	0.0000000000	0.0002127452	0.0702757046	0.0034354790	0.0176239552	0.2137458399	0.0611558074
0	0.1619082642	0.0100857801	0.0713283430	0.0000000119	0.0455512988	0.1347473468	0.0000000000	0.3081679309	0.2034299323	0.0647810921
0	0.1032060505	0.3187609474	0.0577371269	0.1232270882	0.2975300819	0.0306323506	0.0650182137	0.0000305896	0.0038224713	0.0000350800
0	0.0264237958	0.0274612441	0.0001551101	0.1195990052	0.0140519415	0.1758754829	0.0000000000	0.0000000001	0.5101093364	0.1263240840
0	0.1210888994	0.0005381553	0.1127940941	0.0959653120	0.4509963388	0.0296708495	0.0000398690	0.0954414545	0.0934636025	0.0000014249
0	0.2262083653	0.0068361727	0.0806404933	0.1670442367	0.0470600217	0.1584255701	0.0000000000	0.0063170387	0.0962400120	0.2112280896
0	0.0000120081	0.0030794785	0.0064208416	0.9381020997	0.0332078157	0.0000712689	0.0000000000	0.0014287559	0.0074324369	0.0102452946
0	0.1204616656	0.0382745520	0.0000000002	0.0425002542	0.2497962500	0.0194843426	0.2585442920	0.0010817346	0.2678851638	0.0019717451
0	0.3217070852	0.0064371563	0.0000000000	0.0018073676	0.0041371108	0.0864860861	0.1809672995	0.0005319042	0.2317053461	0.1662206443
0	0.0000003463	0.0028048395	0.0058394511	0.2983083052	0.1484051667	0.0000000015	0.0000001884	0.0255264929	0.3287617711	0.1903534374
0	0.1556393106	0.0000000040	0.0227564782	0.0249901270	0.2938951138	0.0307026329	0.3591049297	0.1129114005	0.0000000010	0.0000000024
0	0.0024665984	0.0010076314	0.0000000293	0.6025780263	0.2951651441	0.0130604356	0.0000819033	0.0110412113	0.0448680397	0.0297309805
0	0.0324156046	0.0040482539	0.0199572219	0.4566544394	0.0336942920	0.0000061217	0.0011979083	0.4424001698	0.0094330761	0.0001929123
1	0.0050818791	0.0539791173	0.0161058102	0.3923227507	0.0001194089	0.0493965408	0.3033048045	0.1655023623	0.0098960435	0.0042912827
0	0.0189517960	0.0090179269	0.0138648677	0.3889641737	0.0962559998	0.0000007255	0.1093826038	0.2556716544	0.0959584025	0.0119318497
1	0.0374491664	0.5370680610	0.1122541244	0.2559394394	0.0277196194	0.0083991417	0.0197801030	0.0000670104	0.0007218270	0.0006015075
0	0.0103044070	0.0795835550	0.1737107627	0.4826869267	0.0711009249	0.0462605714	0.0648181955	0.0000000787	0.0348230891	0.0367114890
0	0.2355843700	0.3277396436	0.0000000002	0.0754495092	0.0000284681	0.0011947752	0.0733893216	0.0758291581	0.1260100104	0.0847747434
0	0.1042942570	0.1006940573	0.0533483778	0.0038618808	0.0719347420	0.0005459365	0.0000465262	0.0000000000	0.3169387359	0.3483354866
1	0.1272246961	0.0008734598	0.0395376752	0.0353836016	0.0016071643	0.0054630318	0.4437040040	0.0095683914	0.1940793909	0.1425585849
0	0.4279048730	0.0597592096	0.0062954406	0.0000000193	0.0375253561	0.0000000088	0.0071251445	0.0342540368	0.4191690255	0.0079668858
0	0.1089313777	0.2926566043	0.0000000000	0.0281587111	0.1853123942	0.0000000000	0.0898156694	0.0998068740	0.1900093104	0.0053090589
0	0.1398456620	0.2639151473	0.0013712297	0.0000002107	0.0306633829	0.4234275162	0.0254385362	0.0336686066	0.0577605826	0.0239091259
2	0.1026243884	0.0388212261	0.0404025291	0.1061963073	0.0093684971	0.0079733251	0.4386151613	0.1997777134	0.0551251046	0.0010957477
0	0.0529505221	0.0020462970	0.1196523442	0.5301172876	0.0739438268	0.0742885937	0.0012357717	0.0183568457	0.0539819133	0.0734265979
0	0.0723860837	0.1346831194	0.0056271045	0.0186926190	0.2099420674	0.0000000000	0.0457124632	0.0284743060	0.3232583714	0.1612238652
0	0.0043080208	0.1347702393	0.0319574224	0.6484238826	0.1194666207	0.0000001972	0.0232931355	0.0000990067	0.0376814749	0.0000000000
0	0.7390703796	0.0437398561	0.0172901784	0.0097236031	0.0955039312	0.0000000000	0.0000170399	0.0748911261	0.0193709339	0.0003929517
1	0.6035816235	0.0087410834	0.1051728772	0.0067720078	0.0708272189	0.0000000000	0.0000034377	0.0423431002	0.1548667172	0.0076919343
0	0.0208904359	0.1563903526	0.0000025874	0.1721487317	0.0122941106	0.1561120906	0.0000000000	0.2815726454	0.1849118780	0.0156771678
0	0.0527945377	0.0558829813	0.1011015857	0.0842549528	0.0014747904	0.0000013878	0.0189744156	0.0643165934	0.1853297680	0.4358689874
0	0.1800338772	0.3552970788	0.0138160582	0.0760156487	0.0000009189	0.0287171184	0.0000000000	0.0635407219	0.2776934965	0.0048850814
0	0.7459115264	0.0000006107	0.0063177678	0.0269614461	0.1609870674	0.0005341219	0.0054173560	0.0003334660	0.0065191216	0.0470175160
0	0.0891452819	0.0062517467	0.4111638575	0.0322067927	0.1069047127	0.0260553952	0.0918193846	0.0199125446	0.0082638159	0.2082764681
0	0.3788557306	0.0369430267	0.0034135343	0.0381174950	0.0750733663	0.0000000011	0.0000017228	0.0173820711	0.3059453102	0.1442677418
0	0.1963073585	0.0591341014	0.0009574408	0.1349804762	0.0005448901	0.2182672326	0.0004846103	0.1200621861	0.1001491442	0.1691125598
0	0.3746513279	0.0417719817	0.0717730710	0.2147061706	0.0003658688	0.2080470815	0.0085083930	0.0000552954	0.0555313542	0.0245894559
0	0.4367182321	0.2596105915	0.0422032245	0.0000010467	0.0575982479	0.0030456216	0.0024108374	0.0094650872	0.1008243497	0.0881227614
0	0.2222480450	0.0653357345	0.0000000006	0.0046526541	0.2219678226	0.1474900480	0.0647883136	0.0000000000	0.1822292669	0.0912881146
0	0.5289731668	0.0485310607	0.0641607333	0.0845208506	0.0545834109	0.1273447321	0.0000813360	0.0002412736	0.0025168088	0.0890466272
0	0.0164685498	0.0088702334	0.0033514603	0.6670344996	0.0934128513	0.0689074430	0.0002624960	0.0218672855	0.1196494162	0.0001757650
0	0.0578779843	0.0130316492	0.0216984047	0.0407675915	0.6759852900	0.0000000011	0.1022968864	0.0011269829	0.0872152098	0.0000000000
0	0.0016274748	0.1169006678	0.0108071822	0.0013583736	0.1793743478	0.1117124845	0.5685625848	0.0000045358	0.0034772834	0.0061750652
0	0.1249372632	0.0365688117	0.0000292126	0.4900919509	0.0193950333	0.0493373700	0.1420283333	0.0509963012	0.0866157238	0.0000000000
0	0.0027581223	0.4284892018	0.0408226135	0.0000000000	0.0157303710	0.0049694458	0.2833377031	0.0951449508	0.0343720682	0.0943755235
0	0.0021253827	0.1034316440	0.0006878156	0.1734551734	0.3071373172	0.0179531206	0.0012225433	0.0603673906	0.3335895472	0.0000300654
