0	0.1728476554	0.0000049210	0.8053908993	0.0017693691	0.0050451057	0.0046529746	0.0070199795	0.0000000000	0.0032690954	0.0000000002
0	0.0896220687	0.0889364238	0.0144697920	0.5428426850	0.0048267668	0.0978097127	0.0109409245	0.0743144221	0.0762372045	0.0000000000
0	0.0000000000	0.1154319368	0.0351217445	0.0520425753	0.2485666418	0.0465593770	0.2262295639	0.0106488971	0.1027636561	0.1626356076
0	0.1607003317	0.4572220907	0.0321959285	0.0820706929	0.0002160783	0.0095396749	0.0643736677	0.0023530357	0.1893131745	0.0020153249
0	0.0022516987	0.4288979634	0.0040588463	0.3635102685	0.0115282531	0.0652127527	0.0538974759	0.0000000001	0.0360030814	0.0346396599
1	0.0210153883	0.0013649582	0.9484462348	0.0059610960	0.0000000000	0.0000000001	0.0212228758	0.0019821345	0.0000063519	0.0000009604
0	0.0000000000	0.0000000000	0.0887719307	0.0133646902	0.0468112676	0.1342410827	0.7146510019	0.0000000000	0.0000000000	0.0021600270
0	0.0003919440	0.0436624982	0.0326462074	0.4537707797	0.0636706740	0.1922885636	0.0000589865	0.1626182544	0.0309402630	0.0199518292
1	0.2910280178	0.0294816716	0.1262475518	0.0414187215	0.3087501349	0.1049216663	0.0000015437	0.0000940364	0.0980566560	0.0000000000
0	0.0593644952	0.0779193929	0.2139757799	0.0085584481	0.0000064206	0.0000046138	0.3481478267	0.0000085863	0.2705232028	0.0214912337
0	0.0772511269	0.0109843189	0.1021304022	0.2299488954	0.0004663365	0.1484314477	0.1640953119	0.0026583634	0.2640337970	0.0000000000
0	0.0155520947	0.0357010262	0.5591622750	0.0528368964	0.0068817869	0.0488107892	0.0199462350	0.0004658333	0.0459576762	0.2146853871
0	0.0009447236	0.0716490546	0.0000000018	0.0006274427	0.0669598128	0.7197114834	0.0893900160	0.0051675337	0.0455499309	0.0000000005
1	0.0001454220	0.8905300463	0.0000000039	0.0004413528	0.0107610255	0.0496570191	0.0301473984	0.0011171732	0.0169824530	0.0002181058
0	0.0388513256	0.3304068355	0.3397165944	0.0804659670	0.0009406109	0.0003732194	0.0026301359	0.0266897855	0.0908843275	0.0890411984
0	0.0587368642	0.0026744602	0.0921020662	0.4469795969	0.1740263847	0.0007600832	0.0013578882	0.0385247007	0.1484644018	0.0363735539
1	0.0080653163	0.0055331904	0.0000357151	0.0675772726	0.0000000303	0.0303315221	0.1776939616	0.1608133474	0.5499293820	0.0000202621
0	0.0969837554	0.0256177961	0.0013963174	0.4129991945	0.0059662756	0.1947864713	0.0284376671	0.0123724315	0.2049476451	0.0164924461
0	0.0460661559	0.0993504508	0.2417373794	0.1155894315	0.0228003493	0.3404861657	0.0000000132	0.0316173995	0.0477979052	0.0545547494
1	0.0097044800	0.0225276367	0.0100010727	0.4018211568	0.0726106239	0.0311572525	0.1346991135	0.0078725611	0.2107181312	0.0988879714
0	0.4176194817	0.0003043123	0.0000000140	0.0179238691	0.0098345377	0.0394080895	0.4678581489	0.0352487142	0.0023693169	0.0094335156
0	0.0224633986	0.2296454418	0.0346675638	0.0000001741	0.3688724028	0.1026200541	0.0000000002	0.0006066904	0.0422335604	0.1988907138
0	0.0858580421	0.1726082629	0.0328911119	0.6662127965	0.0107546899	0.0000302999	0.0000000000	0.0000434260	0.0273114732	0.0042898976
1	0.0546176437	0.1689487499	0.3398793800	0.0307548177	0.0000933979	0.0507093898	0.2445609037	0.0000056835	0.0990146596	0.0114153742
0	0.0334316209	0.8826408047	0.0000000000	0.0000000036	0.0163769748	0.0074022851	0.0006390194	0.0000000000	0.0595072172	0.0000020743
0	0.0000122118	0.0010645465	0.2940428457	0.0701135490	0.2303625141	0.0000064570	0.1307400998	0.0000000001	0.1291160610	0.1445417150
0	0.0000062969	0.0000000006	0.0000000000	0.0000000151	0.8565274951	0.0322784759	0.0127231763	0.0110063826	0.0000000005	0.0874581572
0	0.0292009468	0.1055357892	0.0647619231	0.2004729714	0.0472833616	0.0080972619	0.1461001810	0.0095400752	0.3770790854	0.0119284044
0	0.0447643003	0.1781597665	0.0265392305	0.3433150285	0.0000003561	0.2213349741	0.0070394402	0.0347615503	0.1426321784	0.0014531752
0	0.0843412938	0.3299743061	0.0050995239	0.0439725622	0.0053801126	0.0490879727	0.0136805909	0.0075104594	0.4609531782	0.0000000001
0	0.0005977612	0.0071686207	0.0076164542	0.6591694645	0.1378730390	0.0066946585	0.1037226554	0.0000003340	0.0695673658	0.0075896467
0	0.1170100516	0.0178840113	0.0172450962	0.0000019315	0.0061252323	0.0560697063	0.0000409144	0.0000000000	0.1705735568	0.6150494996
1	0.0578078017	0.0963494428	0.0330802871	0.0208173235	0.0023440072	0.0293350155	0.4994998157	0.0589369304	0.0000000001	0.2018293761
0	0.0320415141	0.0260236187	0.0007616396	0.2843599787	0.0085825014	0.0145861597	0.0000077483	0.0005421905	0.6329349533	0.0001596956
1	0.0074965675	0.0612887784	0.1101826626	0.4199366257	0.0327070018	0.2984610799	0.0334451208	0.0308246732	0.0018372841	0.0038202059
0	0.0485596119	0.1874588087	0.0229640350	0.5187366127	0.0046659509	0.0044370549	0.1331612144	0.0013161754	0.0544994966	0.0242010395
0	0.0059256941	0.5550933358	0.0060005849	0.0319900698	0.0000000000	0.0155780515	0.1765570278	0.1008840286	0.0432308120	0.0647403955
0	0.5528523914	0.0010136209	0.0081227357	0.0001409438	0.0036486657	0.1090549488	0.0319607768	0.0338606730	0.2591082473	0.0002369965
0	0.0463086211	0.1637643357	0.0417585697	0.6422455136	0.0043159785	0.0111642666	0.0003681756	0.0875902666	0.0024750927	0.0000091799
0	0.4975463218	0.0560661462	0.0493905016	0.1045425706	0.1038508086	0.0490553755	0.0490940119	0.0000000000	0.0178414082	0.0726128556
0	0.3576379679	0.0000811777	0.0000000000	0.0085599115	0.0629999153	0.0075580003	0.5513848615	0.0113185838	0.0003704486	0.0000891333
0	0.0006979216	0.0078125399	0.0007994645	0.1933493715	0.1684403847	0.0747335727	0.2983914982	0.0000007727	0.2557744738	0.0000000004
0	0.2166180147	0.1058773294	0.0001864691	0.1817309175	0.0012125185	0.3629892683	0.0000000849	0.1191161680	0.0003910319	0.0118781978
0	0.3353605185	0.0858417215	0.0460596053	0.0706278652	0.0030627138	0.3039509576	0.1061338669	0.0000860350	0.0132166588	0.0356600574
0	0.0494707689	0.7503110149	0.0003225052	0.0015504857	0.0547138569	0.0033720961	0.0057777677	0.0000000000	0.1247639089	0.0097175956
0	0.1994988524	0.0000007865	0.0578381098	0.5406075294	0.0013582257	0.0000011865	0.0000001921	0.0112741623	0.0604677850	0.1289531703
0	0.0030212970	0.0242681035	0.8241300155	0.0536268540	0.0025127456	0.0337679249	0.0234348562	0.0115859107	0.0194141905	0.0042381021
0	0.0125691364	0.6660103286	0.0239565688	0.0052211752	0.0800315369	0.1169384193	0.0056643940	0.0729149834	0.0164358672	0.0002575904
0	0.5856343287	0.0383587061	0.0059188901	0.0197600579	0.0027856797	0.0170772694	0.0033293157	0.0000360832	0.3270996627	0.0000000067
0	0.4538611282	0.0010013413	0.0005884818	0.0000000001	0.2941989129	0.0030491433	0.0025774583	0.0432984421	0.1962762296	0.0051488625
0	0.0660167402	0.1273084456	0.0146367434	0.5759789751	0.0000052069	0.2003994530	0.0093542374	0.0004523186	0.0001312321	0.0057166476
0	0.6079922726	0.0902040221	0.0004887365	0.0050690904	0.0001462808	0.1450955828	0.0000201490	0.0011003481	0.1472187962	0.0026647216
0	0.0913124794	0.3718131836	0.0420523415	0.0076440798	0.1834753744	0.1502139068	0.0498009285	0.0308833339	0.0728043638	0.0000000083
0	0.2341885864	0.2679148098	0.0005190897	0.1250991819	0.0000035041	0.0002219574	0.1373778169	0.0326498562	0.0176581724	0.1843670254
0	0.4442949786	0.0808391072	0.0261998109	0.1501787248	0.0184130996	0.0000539107	0.0027849441	0.0218532852	0.1269239264	0.1284582125
0	0.0000113575	0.0157695113	0.0000000000	0.1708077272	0.0534969165	0.2660970542	0.0430767871	0.0005924771	0.4233923276	0.0267558413
0	0.0370214044	0.0933104976	0.0069729941	0.0005830764	0.1540087383	0.0777780143	0.0339932933	0.0000000000	0.0962642366	0.5000677450
1	0.0308987038	0.0191039416	0.0993644242	0.2677658617	0.0330347798	0.0367567571	0.2065213144	0.0413085110	0.1839482303	0.0812974760
0	0.0000152818	0.2799546109	0.0091282434	0.0025042366	0.0045985145	0.4003826711	0.2615488709	0.0000100278	0.0323292874	0.0095282556
0	0.0755840315	0.0031650307	0.0883356094	0.3807632252	0.1134086482	0.0007416808	0.0362303434	0.2563502242	0.0000000369	0.0454211697
0	0.0406072141	0.0000000001	0.0008380075	0.2067208727	0.0000000000	0.0065308162	0.0023065502	0.0000000002	0.0638904880	0.6791060510
0	0.0004652551	0.0604708628	0.0102415085	0.2164999104	0.0106544415	0.0102610542	0.6856314592	0.0024001276	0.0000273530	0.0033480277
0	0.6753325690	0.0369544008	0.2620190934	0.0015758996	0.0019416167	0.0212923938	0.0000000459	0.0000202222	0.0004013032	0.0004624553
0	0.1943992815	0.1069334042	0.1599812907	0.1455967353	0.0004045945	0.0145941268	0.0220595401	0.0826274883	0.2734035385	0.0000000001
0	0.0680839615	0.0244958007	0.0015225725	0.0131114047	0.0000000013	0.7316766100	0.0664218072	0.0029182775	0.0027465963	0.0890229682
0	0.0065092151	0.0005762961	0.0000000000	0.0753623876	0.0052095509	0.0183123541	0.3748455608	0.0191921641	0.4923860897	0.0076063816
0	0.0109058001	0.3275822463	0.0463303404	0.1117077951	0.2500978971	0.1245701363	0.0000020300	0.0210088055	0.0300819463	0.0777130030
0	0.0458866379	0.0409840385	0.0002019005	0.1200589771	0.7651332761	0.0000000000	0.0173743478	0.0000063183	0.0103524331	0.0000020706
0	0.0490097790	0.2628179087	0.0011454508	0.0000000000	0.0868703920	0.0001952958	0.0010053707	0.4967861108	0.0122048417	0.0899648505
0	0.3283872510	0.0149534166	0.2439949918	0.3635211230	0.0308969769	0.0000022572	0.0000585334	0.0000000000	0.0181847062	0.0000007438
0	0.0000000000	0.0000000000	0.7052236612	0.1232835354	0.0157622439	0.0562849134	0.0001201016	0.0000000003	0.0865738547	0.0127516895
0	0.0169007374	0.0000018593	0.0125610059	0.1116208426	0.4707547825	0.0084852430	0.1706310977	0.0000000000	0.1749301422	0.0341142895
1	0.0000081849	0.1150828896	0.0231854686	0.1572326025	0.0022832323	0.0109158999	0.0238450665	0.2082389333	0.4592067653	0.0000009569
0	0.0000000000	0.0082497883	0.0071680349	0.0269644098	0.0249675598	0.0000000001	0.0039044958	0.0000000000	0.9286736933	0.0000720180
0	0.0000001414	0.0000002926	0.0000002110	0.0728481381	0.3649784878	0.1092890960	0.0018609782	0.0232120540	0.0803938304	0.3474167705
0	0.0053890227	0.5357954998	0.0000000046	0.0277425334	0.2022116335	0.0367220633	0.0001403933	0.1010760174	0.0061771464	0.0847456856
0	0.0166191125	0.0236261152	0.0125312187	0.1123923813	0.0689460328	0.3691165191	0.3330643597	0.0249835857	0.0003227417	0.0383979332
1	0.0002337538	0.0001521829	0.0000045549	0.0125059638	0.8903549891	0.0147788590	0.0816821766	0.0000000000	0.0002875198	0.0000000000
0	0.0281977705	0.0748996671	0.0186995132	0.2622710924	0.1540542769	0.0775495153	0.0150482180	0.0000018363	0.0814884830	0.2877896274
1	0.2249663505	0.0521508380	0.0001112379	0.0015760232	0.1655249754	0.0761600978	0.0535527718	0.0014568725	0.4168391286	0.0076617043
0	0.0029493115	0.0717376579	0.0786667982	0.0735538468	0.6754118948	0.0553748089	0.0000000000	0.0211725089	0.0025644079	0.0185687649
1	0.0013251070	0.2226193811	0.0006163515	0.1151104729	0.0000000334	0.5480849998	0.0305297463	0.0178930751	0.0376382191	0.0261826137
0	0.0156306053	0.0104496177	0.0540471206	0.0073088198	0.2641768187	0.5514396205	0.0300226652	0.0081777918	0.0182849424	0.0404619980
0	0.0590575805	0.7193600338	0.0304993946	0.0012029007	0.0623511678	0.0690422498	0.0012665421	0.0000000000	0.0001532908	0.0570668399
0	0.0910335072	0.1342075115	0.0074330470	0.0931218724	0.0000087690	0.2853953869	0.0000000655	0.0000096134	0.2532024475	0.1355877795
0	0.0005745923	0.0317011704	0.1745033071	0.6219800895	0.0254517187	0.1178159736	0.0010311006	0.0002302903	0.0132437520	0.0134680055
0	0.0013449915	0.0000014013	0.0000541436	0.0068214874	0.2789144377	0.4584882224	0.2474027741	0.0058275065	0.0008256254	0.0003194102
0	0.2753574539	0.0748158475	0.0013721027	0.0416057646	0.0017646887	0.0331233717	0.0091858209	0.4928217538	0.0699527344	0.0000004620
0	0.0015781982	0.0754181679	0.3070277950	0.0773769690	0.0000000008	0.0001327647	0.2934126402	0.0426870943	0.0287600568	0.1736063132
0	0.0582574326	0.0225592403	0.0618549253	0.0106551947	0.2266482167	0.0262313071	0.5106087314	0.0829935216	0.0001914134	0.0000000169
0	0.1828827436	0.1967544403	0.0000029364	0.2008840291	0.0000000000	0.1279333735	0.0327968431	0.0000047259	0.0307217914	0.2280191166
0	0.0495812226	0.6853698188	0.0044045273	0.0710319773	0.0021767957	0.0064417696	0.0926211227	0.0625707178	0.0233548526	0.0024471955
0	0.0639658758	0.0060808046	0.0000000000	0.1244032689	0.0043621336	0.0971111650	0.5753173164	0.0570080963	0.0532188295	0.0185325099
1	0.0523084731	0.2283235420	0.0010712517	0.0003262260	0.4588112782	0.0000003151	0.0439868326	0.0215949933	0.1640123754	0.0295647127
0	0.0080008219	0.0193098090	0.0025467166	0.9045505663	0.0035608403	0.0218646529	0.0240589468	0.0000024845	0.0016837929	0.0144213688
0	0.0000410184	0.0219726781	0.0000046455	0.7666309965	0.0153477125	0.0141255377	0.0014827132	0.0022155825	0.1675538973	0.0106252183
0	0.0452561054	0.0128311165	0.0020533074	0.0000000458	0.0000002129	0.5629686747	0.2509530206	0.0000000000	0.0000012745	0.1259362422
0	0.0447272658	0.0000000408	0.0187734074	0.0698505375	0.0347039538	0.5295345156	0.0022461947	0.1151817509	0.0000000000	0.1849823335
0	0.1847676183	0.2046157490	0.0000194826	0.1823908073	0.0000380106	0.0323029837	0.3336415376	0.0113055904	0.0457172145	0.0052010060
0	0.0722385548	0.0000027767	0.0277866953	0.7281949473	0.0491536629	0.0614496997	0.0242378637	0.0310174216	0.0014725726	0.0044458055
0	0.1005256297	0.3136392140	0.0308199721	0.3414896394	0.0002253904	0.0000000000	0.0013832874	0.0751481950	0.1131353231	0.0236333489
0	0.0080875544	0.0021054622	0.0000000000	0.2724874444	0.0017887632	0.0553668623	0.6067360437	0.0000000000	0.0000000000	0.0534278700
0	0.0076963804	0.6267278574	0.0081347508	0.0256279028	0.0198436011	0.1223914427	0.1654975139	0.0039203646	0.0188749422	0.0012852442
0	0.0000000946	0.0390129384	0.0134595506	0.0903299872	0.3233503179	0.0641419263	0.0092276234	0.0085941896	0.4518820954	0.0000012766
0	0.0186132866	0.2333400384	0.0000086071	0.0249639624	0.0730185528	0.0029322970	0.0640755878	0.1320469552	0.3791223500	0.0718783628
0	0.0241312943	0.1034793296	0.0000000000	0.6662507750	0.0074154736	0.0000251860	0.0000000000	0.0029049253	0.1123713214	0.0834216948
0	0.0360448239	0.0320600818	0.4292835709	0.1290081887	0.0579576305	0.2574883222	0.0337776251	0.0221907640	0.0021884902	0.0000005026
0	0.0019063099	0.0437243197	0.0078701606	0.0094605149	0.4653401447	0.0647413141	0.0000370040	0.0430277466	0.0004814909	0.3634109947
0	0.2901238981	0.0050192667	0.0000060464	0.5111831546	0.0002544986	0.0450942685	0.0000000000	0.1413413130	0.0032551272	0.0037224269
0	0.1027443886	0.0054401465	0.0051223275	0.0226936589	0.0002915447	0.0000419266	0.1147247459	0.0240713262	0.3322598534	0.3926100817
0	0.0000003248	0.0000666866	0.2635641963	0.0952427443	0.0202752125	0.0041841678	0.0110637013	0.0000055271	0.6035972138	0.0020002254
0	0.0184088526	0.3271420234	0.1257654760	0.0605707329	0.0267275710	0.0005067718	0.2184398588	0.0007009602	0.0288826071	0.1928551462
0	0.0000011011	0.1559272486	0.0377576877	0.2414007562	0.0335158585	0.0008356940	0.4948200877	0.0357415334	0.0000000000	0.0000000328
0	0.0052142875	0.0671290783	0.0013969066	0.7004613245	0.0000000000	0.0000016776	0.0244239640	0.0002486386	0.1705747579	0.0305493650
0	0.0243600863	0.0565474735	0.0000000000	0.1045403466	0.0383905082	0.0494952595	0.0019167998	0.0482643440	0.6753551936	0.0011299885
0	0.1330403606	0.0016209823	0.0929882487	0.0000000000	0.1153666501	0.2509604437	0.0002032343	0.3430363342	0.0511913764	0.0115923697
0	0.0000000000	0.2101662110	0.0006682985	0.7196302232	0.0000098754	0.0145110133	0.0000000000	0.0000003934	0.0065737868	0.0484401983
0	0.2443205878	0.0075090588	0.0181910856	0.0000172055	0.4592364968	0.0381065025	0.1547136920	0.0000000000	0.0755828056	0.0023225654
0	0.2681617917	0.0561085890	0.0002983734	0.2726523651	0.1113084511	0.1005897348	0.0702241328	0.0462862345	0.0742902494	0.0000800784
0	0.0070690175	0.2101603556	0.4960645460	0.0005458050	0.0152088012	0.0021398207	0.0198062237	0.2431525890	0.0058528413	0.0000000000
0	0.7260701139	0.0888114700	0.0057919541	0.0551018861	0.0580235190	0.0000000000	0.0000004067	0.0039374157	0.0000091273	0.0622541071
0	0.0408681283	0.0453683310	0.0005549265	0.6771304033	0.0008886669	0.0000637903	0.0037189082	0.0022437623	0.2266602196	0.0025028638
0	0.0003424710	0.0032214245	0.0000002109	0.0001841839	0.9216070603	0.0579910186	0.0073822235	0.0078743338	0.0013970734	0.0000000000
0	0.0322375641	0.1109385112	0.0193164536	0.0506855896	0.0382822668	0.0268887947	0.0009584528	0.0005667197	0.7201255477	0.0000000999
0	0.0005875267	0.0056475825	0.0000318115	0.0000333456	0.0143849149	0.1933943300	0.0312346462	0.5972688489	0.1574043170	0.0000126767
0	0.0394811472	0.0297448493	0.0769799332	0.0440823120	0.0000000000	0.2994233795	0.0000000000	0.0001938647	0.0000000243	0.5100944899
0	0.2496816608	0.1596242541	0.0514517856	0.1669040063	0.0072775732	0.0009440799	0.0239597156	0.2016811958	0.1384757286	0.0000000000
0	0.3960749084	0.0502764677	0.0147242037	0.1121319838	0.0214657341	0.0132674518	0.2567260118	0.0000000008	0.1272239425	0.0081092955
0	0.1238700214	0.0000145548	0.0000000260	0.2953207810	0.2604083454	0.0063410103	0.0048378957	0.2732330330	0.0359482087	0.0000261237
0	0.8126924475	0.0096802301	0.0029735618	0.0423438467	0.0989331765	0.0209815525	0.0064499692	0.0000000000	0.0006247541	0.0053204616
0	0.0045087465	0.0854809745	0.1342195715	0.0002711808	0.0526742721	0.2518018858	0.0465490492	0.0066506106	0.4178250329	0.0000186760
0	0.1113888939	0.1404153057	0.0747383644	0.1233174565	0.1407920048	0.0001912207	0.0130256619	0.0534835198	0.0013786494	0.3412689229
0	0.0002597583	0.0182546838	0.6395587271	0.2200150592	0.0000363501	0.0137716763	0.0016729667	0.0000608663	0.0000000580	0.1063698544
0	0.5044352027	0.0000250468	0.0021156975	0.0228093423	0.0000016165	0.4278839944	0.0000488139	0.0000504566	0.0321342835	0.0104955457
0	0.2091993989	0.1819530160	0.0013932677	0.0091040126	0.0267232561	0.0800958347	0.2884757738	0.0398268676	0.0467314941	0.1164970784
0	0.0092218359	0.1410277643	0.0175541147	0.4592855107	0.0000000000	0.0086812860	0.0336348569	0.0708338468	0.0293212315	0.2304395533
0	0.0004893351	0.0474385637	0.0051487008	0.6705890956	0.1260376174	0.0915718327	0.0198018288	0.0007987425	0.0381240612	0.0000002222
0	0.2531767303	0.0980537642	0.0008842968	0.0001021007	0.0000000000	0.2943481775	0.0512833968	0.0963006883	0.2010995131	0.0047513324
2	0.0105801621	0.0018289461	0.0131607827	0.8020239473	0.0000034605	0.0000113015	0.0526227248	0.1190868126	0.0006815026	0.0000003596
0	0.0012760606	0.0764081258	0.0339866862	0.8636775251	0.0000001043	0.0011206396	0.0216446935	0.0000001143	0.0000000678	0.0018859827
1	0.5199040105	0.3015475670	0.0000000000	0.0000856100	0.0174257772	0.0000078689	0.1393524602	0.0008512988	0.0067298053	0.0140956019
0	0.4667400924	0.0097991799	0.0002048016	0.3383386208	0.0691773542	0.0096173933	0.0945102074	0.0083126328	0.0007781776	0.0025215400
0	0.0393488959	0.0000000000	0.0005527344	0.0067901913	0.4245962389	0.0169880644	0.1473320081	0.3568232378	0.0000010964	0.0075675327
0	0.0066256409	0.0907044685	0.0435095541	0.0591874607	0.1023321405	0.0158553293	0.4073290812	0.2618470809	0.0004072763	0.0122019676
0	0.0247331537	0.2069160504	0.0083683767	0.0244190603	0.0000001449	0.2284407412	0.0088828148	0.4221287291	0.0529746463	0.0231362825
0	0.0340227578	0.0567117281	0.0000019121	0.1256018212	0.0025799504	0.1167561593	0.4659011426	0.0075925737	0.1903909544	0.0004410004
1	0.1469240788	0.2867441159	0.0033915104	0.2341894936	0.0205055125	0.2170127179	0.0202104149	0.0577209637	0.0029111615	0.0103900309
0	0.5749524257	0.0074426337	0.0803793203	0.0389443844	0.0609640621	0.0747611259	0.0001932062	0.0819083589	0.0323536496	0.0481008332
0	0.0360793535	0.0441485340	0.0193963088	0.0226711066	0.0153909223	0.0277483312	0.0803189596	0.0000000000	0.7057741892	0.0484722949
0	0.1295417428	0.0388064586	0.1292793970	0.6381643769	0.0004517973	0.0133789271	0.0064674356	0.0388230930	0.0042523621	0.0008344097
0	0.0623091872	0.0913534684	0.0813623134	0.4164996178	0.0469621338	0.0218413848	0.0000000034	0.2613611614	0.0167962320	0.0015144978
0	0.0091006054	0.1357835021	0.0559027482	0.0212570915	0.0117980207	0.3175146431	0.2567947859	0.0235670308	0.0619886990	0.1062928732
0	0.0003875372	0.0138961877	0.1329747423	0.0000000001	0.7614179151	0.0096325606	0.0107619257	0.0071345578	0.0000000031	0.0637945704
1	0.0141971345	0.0000281013	0.0017587537	0.0432026569	0.0312915537	0.0640390894	0.0102281113	0.0299940285	0.8035934357	0.0016671349
0	0.1590706515	0.0722036252	0.0022270894	0.1665239142	0.0000000000	0.3253630804	0.1827218401	0.0000288292	0.0000000000	0.0918609702
0	0.2899140691	0.0620713768	0.0645125953	0.0131131268	0.1235104285	0.0648604833	0.0358716108	0.0000000000	0.3377796621	0.0083666473
0	0.4694036836	0.0012728884	0.0000214597	0.0531498849	0.0000185764	0.0486023258	0.2078060438	0.0981910702	0.1215340673	0.0000000000
0	0.0003948803	0.0571638446	0.0296379702	0.0337898702	0.0000000101	0.0630355548	0.2250163632	0.0187138734	0.4710024388	0.1012451943
1	0.6538679988	0.0082568638	0.0401224841	0.0189605266	0.0749312006	0.0634519969	0.1041872767	0.0000002383	0.0218890821	0.0143323321
0	0.1246285159	0.0003920453	0.0494866895	0.0000548653	0.0119714517	0.6240315505	0.1792540792	0.0008149227	0.0093658799	0.0000000000
0	0.2382247463	0.0724871361	0.0740620109	0.1516539103	0.0032130903	0.1354321723	0.0023829129	0.0165159866	0.2059313226	0.1000967118
0	0.1268782128	0.0477760261	0.0000000008	0.4369212801	0.0000000000	0.0500688739	0.0004009113	0.0020131360	0.0336738145	0.3022677444
0	0.0074338617	0.0703009985	0.1745580400	0.6051539554	0.0034494817	0.0286627381	0.0014187770	0.0055210513	0.0320311430	0.0714699533
0	0.2707521776	0.0483351759	0.0000000338	0.1817210855	0.0000003470	0.0728570280	0.0008701608	0.0062053995	0.0000114396	0.4192471523
0	0.0000000148	0.0038729091	0.0678642529	0.0012862200	0.0009105984	0.4052709420	0.0116036036	0.0128317452	0.4956475483	0.0007121658
0	0.0341330237	0.0025344428	0.0075294535	0.4864850081	0.0000073858	0.0438944517	0.0013451546	0.0025503691	0.3816686514	0.0398520593
0	0.0077203034	0.5542239274	0.0000000000	0.3370843410	0.0000026664	0.0023179424	0.0002588406	0.0000592551	0.0982556482	0.0000770754
0	0.2832366147	0.0247942164	0.0000145237	0.0037563670	0.0661365956	0.0011524811	0.0250024131	0.0098210413	0.3250935197	0.2609922274
2	0.0103137138	0.0224673852	0.2090391736	0.4618372563	0.1471519392	0.0666367600	0.0008342885	0.0612945442	0.0001299261	0.0202950133
1	0.3608887007	0.3814026161	0.0052012549	0.0592480205	0.0804615596	0.0498089522	0.0004230304	0.0474893412	0.0118799355	0.0031965890
0	0.0194589214	0.4832700044	0.1404613000	0.0175210497	0.0361014051	0.0078502787	0.0192326123	0.0608040472	0.1771386902	0.0381616909
0	0.0000000844	0.1029839586	0.2947730609	0.3584486193	0.1029788908	0.0000007055	0.0000000000	0.0000000011	0.1006405363	0.0401741432
0	0.1625392107	0.1964282522	0.0634771794	0.0076209370	0.1008350014	0.0028707381	0.0383858740	0.0032796408	0.4245621055	0.0000010610
0	0.1991367007	0.3350332772	0.0066445510	0.0000250311	0.0706580755	0.0000000219	0.0032283985	0.0053317022	0.3304160256	0.0495262163
0	0.0278308107	0.0001896975	0.0212608025	0.0000000000	0.0001906034	0.3660927258	0.0010635086	0.0110580269	0.0000000553	0.5723137693
0	0.0450803120	0.3830246036	0.0951591138	0.0716728921	0.0000200635	0.3783801679	0.0103705922	0.0000010920	0.0006564652	0.0156346976
0	0.0006810168	0.0041490590	0.0010287454	0.0009403258	0.0139836420	0.9565852735	0.0183788827	0.0000004307	0.0002973805	0.0039552436
0	0.0654994075	0.0000000000	0.0299650237	0.0000000007	0.8338611286	0.0203037513	0.0363252189	0.0020375400	0.0120079267	0.0000000028
0	0.1421196344	0.0758942523	0.0455413255	0.0245865203	0.0000000000	0.0094477245	0.2517015062	0.0022960313	0.3130806244	0.1353323811
0	0.5150318167	0.0015590480	0.0287980655	0.0041635327	0.0002423053	0.1691299153	0.0656286376	0.0148019623	0.2006447166	0.0000000000
0	0.3829943298	0.0000803994	0.0012538190	0.1763552921	0.0015720982	0.1479492362	0.1191398969	0.0023745737	0.0814535527	0.0868268019
0	0.1695742700	0.0000000000	0.0097482495	0.5927977234	0.0076057580	0.0760869447	0.0162230283	0.1245736020	0.0001443232	0.0032461010
0	0.1903612388	0.0004399894	0.1268624312	0.5783233648	0.0585968543	0.0009278415	0.0148918257	0.0003565675	0.0006172582	0.0286226286
0	0.0000000248	0.0081738695	0.0019724487	0.0565285327	0.0175314711	0.0752318847	0.0455240649	0.0000807129	0.7949569906	0.0000000000
1	0.0221182532	0.0377220516	0.0018449622	0.4809835289	0.1307697804	0.0056355086	0.0418574786	0.0009975616	0.2725027853	0.0055680897
1	0.0829315295	0.0939958229	0.0164374416	0.0139142438	0.0000764337	0.0002367815	0.0028311685	0.0002546291	0.7891837272	0.0001382222
0	0.1601809260	0.0835014376	0.0000370885	0.0000328191	0.0150868280	0.0000755381	0.5753198976	0.0927920476	0.0727991022	0.0001743154
0	0.2641427736	0.0269478935	0.1314415205	0.0394850920	0.0415223646	0.4119254391	0.0013822617	0.0000000019	0.0671168177	0.0160358354
0	0.0000001496	0.0208448027	0.0057031714	0.0150634736	0.7936919683	0.1341277294	0.0301867119	0.0003815606	0.0000004325	0.0000000000
0	0.0040332318	0.2303141476	0.0000004091	0.1269127214	0.0028160068	0.2448310141	0.0004182423	0.0207090805	0.1184103189	0.2515548275
0	0.6586968341	0.0395300926	0.0602556843	0.0030985561	0.0004127457	0.0007117264	0.0348325721	0.0693887600	0.0161093069	0.1169637219
0	0.0140292461	0.7790242890	0.0477095355	0.0547249510	0.0229264737	0.0019051046	0.0010190572	0.0485352169	0.0301261258	0.0000000000
0	0.1166984451	0.1282430530	0.0450733406	0.0212626320	0.0030349499	0.0432490665	0.1761904105	0.0576380879	0.3199206134	0.0886894011
0	0.0886699576	0.0089180955	0.0005735360	0.1900525173	0.0017811566	0.6921062495	0.0092819533	0.0000000000	0.0040018107	0.0046147235
0	0.2362895484	0.0260069836	0.3637189343	0.0006506899	0.0043908675	0.0000000000	0.0000727473	0.0508176478	0.0333605275	0.2846920537
0	0.0000000000	0.1870081883	0.2190869409	0.0568780455	0.0000000000	0.1231517884	0.0042985311	0.0000103552	0.1652122801	0.2443538705
0	0.1199823831	0.1422919037	0.5185482292	0.0952787563	0.0026674591	0.0063792841	0.0000000000	0.0003171862	0.1118694022	0.0026653962
0	0.0144188038	0.0000240552	0.4862661442	0.0894611729	0.0360615986	0.0028530424	0.0284665932	0.0002799536	0.1641527639	0.1780158722
0	0.0836027894	0.4062183943	0.1175155180	0.0031472125	0.2899821588	0.0000000730	0.0000000912	0.0990132810	0.0004990257	0.0000214561
0	0.6081232259	0.1289390182	0.0000000000	0.0000233777	0.0000000000	0.0129603316	0.0639193997	0.0000001740	0.1858768203	0.0001576526
0	0.0021696493	0.2144072547	0.0000771977	0.5377920365	0.0145639179	0.0164565118	0.0004812011	0.0001577991	0.1557743258	0.0581201061
0	0.0323226059	0.1064186583	0.0101189218	0.0986381498	0.0001094180	0.1566659753	0.2074097592	0.0076098686	0.3604970051	0.0202096380
0	0.2397728138	0.0000000000	0.0177964958	0.0378467383	0.0259650207	0.0013071159	0.0000000000	0.0115531345	0.0000000000	0.6657586810
0	0.0072872101	0.0241678609	0.8814062530	0.0015744536	0.0003667538	0.0006761752	0.0025567338	0.0103579815	0.0713328679	0.0002737103
0	0.0128615834	0.0881148732	0.5103072465	0.1889989655	0.1032172660	0.0450269488	0.0000566500	0.0000024955	0.0514139712	0.0000000000
0	0.0711540935	0.0000183809	0.0000000010	0.0803058783	0.3121912008	0.0116970110	0.0949336522	0.0000000000	0.1770536654	0.2526461167
0	0.1537351768	0.1284176345	0.3463419970	0.1032021632	0.0013189941	0.1171616515	0.0318671460	0.1061541874	0.0118010491	0.0000000006
0	0.4215067022	0.2941319739	0.0000027880	0.1416890188	0.0859393432	0.0153999836	0.0280912133	0.0000000000	0.0000000136	0.0132389634
0	0.0000000070	0.0004698148	0.0460215201	0.5722412287	0.0000000028	0.0377260202	0.0110723718	0.0043238863	0.3066814454	0.0214637028
0	0.0000000007	0.5309657034	0.0000000001	0.0201290774	0.0249007043	0.2735447193	0.0100393831	0.1096996553	0.0001965373	0.0305242190
0	0.2604191009	0.0003400992	0.1245502391	0.3780396298	0.1917878567	0.0314838915	0.0009517123	0.0000018399	0.0041934522	0.0082321784
0	0.0176848135	0.0001832073	0.0011715513	0.5174344294	0.0228211741	0.0025266845	0.0000000105	0.0252674373	0.0358274385	0.3770832536
0	0.0000002111	0.0053812070	0.0488428393	0.6103540520	0.0015649882	0.0000142417	0.2645632283	0.0001655556	0.0021795834	0.0669340933
0	0.2058347105	0.3376593163	0.0732360982	0.0095624551	0.1258232037	0.0003120307	0.0177154702	0.0001915243	0.2296525778	0.0000126132
0	0.0242853013	0.0196170386	0.2989052384	0.0093090305	0.0747068297	0.0154097338	0.2777297203	0.0226077707	0.1876285495	0.0698007873
1	0.0001048481	0.0000066733	0.0000000000	0.1194327961	0.0004989776	0.0069215831	0.0000000000	0.1940119629	0.4064435920	0.2725795668
0	0.0991142700	0.2029580872	0.0001226411	0.6278943512	0.0006146276	0.0028843064	0.0000483861	0.0232136084	0.0124301733	0.0307195487
0	0.2223377476	0.1447442964	0.0000035467	0.0000008042	0.0000000001	0.4809115903	0.0000039802	0.0000000000	0.0062941809	0.1457038537
0	0.0000254874	0.0000000108	0.6198563589	0.1774576453	0.0000063328	0.0000593839	0.0399872751	0.0041209261	0.0574846455	0.1010019342
1	0.1444140176	0.1536322257	0.0447279935	0.1423800584	0.3591444432	0.0511213622	0.0006421067	0.0613009335	0.0426368361	0.0000000233
0	0.2981114571	0.0411732302	0.0000037692	0.0117950644	0.0000000000	0.1620800288	0.0227175304	0.0520026412	0.1028588161	0.3092574626
0	0.2690835703	0.0598556365	0.6228532669	0.0000693870	0.0122975106	0.0000000000	0.0000000000	0.0009369044	0.0326563896	0.0022473348
0	0.0065811532	0.9293093008	0.0000000000	0.0000695807	0.0300739119	0.0000000000	0.0074606782	0.0198753764	0.0017285538	0.0049014450
0	0.0072650290	0.0000000000	0.1382511442	0.2785057506	0.0727755056	0.0927243093	0.0005693554	0.0000000000	0.0034519768	0.4064569290
0	0.0109413968	0.0710746238	0.0016935724	0.0465750062	0.7161137739	0.0001576136	0.0553089130	0.0299696496	0.0596141458	0.0085513047
0	0.1028083729	0.0000000014	0.0030447690	0.0327102107	0.0433652459	0.0674298470	0.0892398479	0.0361017105	0.0000370582	0.6252629365
0	0.2933139238	0.1087043823	0.0000000000	0.0602528998	0.0903060685	0.0608974320	0.0260205570	0.0056354380	0.2754268006	0.0794424979
0	0.0085239869	0.0937917979	0.0104629461	0.0732900261	0.2751840152	0.1247095601	0.3121227912	0.0071474901	0.0005491406	0.0942182459
0	0.6587820821	0.0211914855	0.0000000000	0.2193574935	0.0140039622	0.0386594529	0.0000022710	0.0092215963	0.0292968550	0.0094848015
0	0.6679707374	0.0406674494	0.0494851634	0.0378394045	0.0293858154	0.0410539311	0.0011995846	0.0303802960	0.0615658235	0.0404517945
0	0.4448922831	0.0293229048	0.0000000000	0.0049452867	0.1432222076	0.1004470614	0.0886522275	0.1120621321	0.0486581660	0.0277977307
0	0.0100435804	0.0000065613	0.0001746777	0.3512306414	0.0018555913	0.0708158091	0.2468086609	0.0000000000	0.0095962952	0.3094681827
0	0.0390468254	0.0736607775	0.4028284255	0.1045773328	0.0000917333	0.0620137332	0.1969112683	0.0002963781	0.0005689710	0.1200045550
0	0.1488997590	0.0448777775	0.1880909441	0.2097083578	0.0005168388	0.1532733891	0.0040788681	0.0000000000	0.2447239389	0.0058301268
1	0.0357983561	0.0246992725	0.0000000000	0.3851952778	0.2430284230	0.1273141255	0.0587594921	0.1146181591	0.0052545959	0.0053322981
0	0.0469716558	0.1282362113	0.0487044798	0.0291774511	0.0126763448	0.0000000002	0.2750968826	0.1827590035	0.2635061915	0.0128717794
0	0.9304413175	0.0126449653	0.0000115819	0.0106607250	0.0001155399	0.0000008638	0.0262072138	0.0000062336	0.0128922485	0.0070193108
1	0.0978792911	0.0252229694	0.3510947476	0.3664343019	0.0000000000	0.0093365107	0.0000155288	0.0308876201	0.0661499553	0.0529790751
0	0.0046827526	0.0352011254	0.0000006994	0.1463637756	0.0005160029	0.1621010300	0.0353219154	0.0159120408	0.5993085624	0.0005920955
0	0.3022896059	0.0102190836	0.0025403476	0.0734012068	0.2395863492	0.0000003284	0.0069738985	0.0040008464	0.0404376607	0.3205506728
0	0.0236878270	0.0592405482	0.0005557933	0.0794804213	0.0016651006	0.1574554541	0.0037381748	0.2387715254	0.1005391041	0.3348660510
0	0.0865895592	0.0044755462	0.0930008901	0.0033345378	0.0098022311	0.0591332288	0.0335837241	0.0000000000	0.6888849235	0.0211953593
0	0.1081543020	0.0439348849	0.2802383290	0.3162888673	0.0215666564	0.0196965515	0.0193962700	0.0012352187	0.1894889203	0.0000000000
0	0.2025569653	0.0004863204	0.0567689185	0.6474594048	0.0631455386	0.0034743916	0.0000000000	0.0000156271	0.0260928337	0.0000000000
0	0.1461470829	0.0000000000	0.0061131556	0.0224148195	0.1310907346	0.4621207037	0.2297069866	0.0021654644	0.0002400297	0.0000010230
0	0.0564222336	0.0000182915	0.0194661754	0.0340721872	0.0031874775	0.0002592495	0.1931218060	0.0008585170	0.6347612197	0.0578328425
0	0.3882207930	0.0636967874	0.0158307806	0.1825284809	0.0177709474	0.0000015523	0.0000404539	0.2461865803	0.0857236236	0.0000000006
0	0.0063727684	0.1792648910	0.0241902917	0.0022135757	0.1206903398	0.0262024414	0.0590572657	0.2395677485	0.2310553437	0.1113853342
0	0.1444708302	0.2031155637	0.2929928706	0.0280294700	0.0241096915	0.0000203327	0.0523344707	0.0290253825	0.2256170309	0.0002843572
0	0.3254840028	0.0984164714	0.0025522191	0.0015662434	0.0896386074	0.0555122107	0.0314911623	0.0214842346	0.1480247128	0.2258301355
0	0.3719768996	0.0000040083	0.0000000001	0.1176686804	0.2623752705	0.1430043926	0.0006121398	0.0028561448	0.0563151469	0.0451873170
0	0.0767252505	0.0080339908	0.0373379446	0.0112920274	0.1950319148	0.1608387124	0.2321744655	0.0048388287	0.0000048578	0.2737220075
0	0.0880586813	0.0000308966	0.0008281214	0.0892138403	0.0000000171	0.3571414917	0.0324556523	0.0000000000	0.4210006702	0.0112706291
0	0.0524000157	0.3083641333	0.0051090820	0.1343921745	0.0391089652	0.0000000000	0.0365056086	0.0570551967	0.3670648240	0.0000000000
0	0.0592340565	0.3782923825	0.0006235898	0.4781351582	0.0000000173	0.0144693809	0.0054140830	0.0383670139	0.0174626082	0.0080017097
0	0.7844990897	0.0819983554	0.0560780735	0.0102566995	0.0070094397	0.0000023776	0.0000271270	0.0409995956	0.0191292421	0.0000000000
0	0.2300168448	0.0832272178	0.1003149592	0.2009799175	0.0775320295	0.0033127198	0.0000779964	0.0007946496	0.2685795863	0.0351640792
0	0.0390938913	0.0002646506	0.1199394936	0.0849409405	0.0145739657	0.4052468934	0.0525232382	0.0795970273	0.0409039329	0.1629159666
0	0.0000081929	0.0000270176	0.0054385496	0.2394537484	0.0000000002	0.0128235245	0.0219747300	0.1006492079	0.6194969451	0.0001280839
0	0.0746274509	0.5654545646	0.0355047542	0.1168436832	0.0000002908	0.0001923786	0.0670735229	0.0000000000	0.1146941832	0.0256091717
0	0.1155160825	0.3879662229	0.0069007557	0.1613116488	0.0105862420	0.0841970623	0.0913825705	0.0011119370	0.0584357711	0.0825917073
0	0.6994206147	0.1487179787	0.0000000000	0.0142677561	0.0099543117	0.0991280358	0.0173295105	0.0027956188	0.0078686593	0.0005175145
0	0.0080777220	0.0004060295	0.1280662805	0.4683887613	0.0017949059	0.0369530159	0.0430578710	0.0045533481	0.1157583242	0.1929437417
0	0.2051538970	0.1086070603	0.0186225130	0.0354046686	0.0973352572	0.4807600108	0.0032500396	0.0000002060	0.0491158862	0.0017504613
0	0.0342574472	0.1360973604	0.1059876655	0.0000016625	0.3252824519	0.0000083566	0.1397717409	0.0374345040	0.1572210658	0.0639377451
0	0.0735053841	0.0991565731	0.0243283103	0.5322886710	0.0969624542	0.0000000000	0.0000194730	0.0042416814	0.1692849763	0.0002124766
0	0.0464039994	0.0039938630	0.0195423823	0.0104176919	0.0143961711	0.1945514926	0.0806971454	0.0557180594	0.5717626453	0.0025165496
0	0.0201683780	0.0558010285	0.0031053972	0.8504972264	0.0000009330	0.0007647078	0.0127227871	0.0009014676	0.0400113644	0.0160267100
0	0.0002117953	0.8420208400	0.0562394404	0.0568913089	0.0001060309	0.0000004423	0.0137496269	0.0266700982	0.0039396952	0.0001707219
0	0.1744376185	0.0261930923	0.0825301318	0.1870941963	0.0004852759	0.1228994087	0.0320169532	0.0038152562	0.1513199655	0.2192081017
0	0.0599636239	0.0704883290	0.0000046962	0.1069891375	0.3151726552	0.0465698789	0.0000839039	0.2491532106	0.1222278536	0.0293467112
0	0.0036580379	0.0222532830	0.0051034817	0.3945188370	0.0004061108	0.0081885377	0.3538253299	0.0000000415	0.0325159070	0.1795304337
1	0.0864457972	0.7118196891	0.0000000915	0.1070988258	0.0427238039	0.0026206838	0.0006838734	0.0036982934	0.0397955792	0.0051133627
0	0.2154760541	0.1274410144	0.0039705571	0.1191443053	0.0003896784	0.1057581159	0.0000051613	0.0000841125	0.0726376068	0.3550933940
0	0.0891348078	0.0000000396	0.4962875835	0.0000000013	0.0000000223	0.0153977897	0.0011901320	0.0096358063	0.3341323833	0.0542214341
0	0.0000008669	0.0033091506	0.1678464846	0.0275205429	0.0031917481	0.3841884982	0.0478134426	0.0032193081	0.0408565901	0.3220533679
0	0.0232223293	0.0000762523	0.0605753926	0.1814132204	0.0087145676	0.0000000113	0.0006318523	0.0000079713	0.0331598798	0.6921985231
0	0.0091320944	0.0284354627	0.0012323406	0.9281896267	0.0021299632	0.0038858067	0.0093850804	0.0031608018	0.0004216043	0.0140272192
0	0.0089013326	0.0181708560	0.0000000000	0.0302774398	0.0160727457	0.0002970318	0.0563037392	0.0554906190	0.7180242253	0.0964620105
0	0.1170314336	0.0762887456	0.0261581963	0.2377703370	0.0312050200	0.2111080262	0.0988289519	0.1980887832	0.0000019344	0.0035185717
0	0.3638384058	0.0024929714	0.3210755513	0.0127882665	0.0052940825	0.0965032741	0.1378919065	0.0000000000	0.0552192744	0.0048962675
0	0.0473454007	0.0000297022	0.0000000090	0.5234093483	0.0000002365	0.0635267396	0.0000555424	0.0708735861	0.2947594352	0.0000000000
0	0.2042247646	0.0529108705	0.0016285577	0.0025390796	0.0700067740	0.0000000002	0.0142327590	0.4752371531	0.0451731052	0.1340469361
0	0.0883383223	0.0052087695	0.0071390705	0.0001209837	0.0000000000	0.0427467666	0.0389223417	0.4633527623	0.0509795222	0.3031914612
0	0.2064832441	0.1501767627	0.0229341701	0.4745325095	0.0603032862	0.0000265382	0.0119833971	0.0037001040	0.0236565958	0.0462033922
0	0.3764040380	0.1607276838	0.0000078483	0.2968157922	0.0325973588	0.0000000000	0.0065523136	0.0099095769	0.1011006574	0.0158847309
0	0.3643758072	0.2150294771	0.0000000001	0.2978195355	0.0201759191	0.0006374572	0.0845897875	0.0003762686	0.0168003764	0.0001953714
0	0.0052715818	0.3313893827	0.3117970238	0.1361265892	0.0288510780	0.0572292841	0.0233478121	0.0150824039	0.0611283486	0.0297764958
0	0.0239123539	0.1675417359	0.1436059324	0.2889300272	0.0025959575	0.0001832891	0.2915363176	0.0185777169	0.0016344034	0.0614822661
0	0.5035581387	0.0653698947	0.0850940584	0.0000285808	0.0000000433	0.0365867149	0.0296217065	0.0000981738	0.1340529101	0.1455897788
1	0.0021309618	0.0519485037	0.0008158116	0.2219173898	0.0099898704	0.0004728906	0.1088736525	0.0000353588	0.5801300872	0.0236854737
0	0.0158457497	0.3072080892	0.0103276666	0.1370006206	0.1508519405	0.1420657341	0.0293936496	0.2073065487	0.0000000009	0.0000000000
0	0.0039833932	0.6641484603	0.0995953953	0.0115396232	0.0191236144	0.0002649187	0.1638852457	0.0015591882	0.0359001610	0.0000000001
0	0.0766562427	0.0066069681	0.0018969039	0.1445510456	0.0000179299	0.0000394970	0.0003114817	0.0013908134	0.7526543316	0.0158747860
0	0.0090490730	0.2065526726	0.2126243896	0.0576125485	0.0020875893	0.3068244231	0.0017588116	0.0375699358	0.0464426084	0.1194779480
0	0.5984582947	0.0042058177	0.0000000013	0.0143295775	0.0055756705	0.1537027846	0.0084951009	0.0001349703	0.0651234773	0.1499743053
0	0.4810952673	0.0136616802	0.1241112931	0.0006327503	0.0984087399	0.1775231211	0.0250662398	0.0142618260	0.0288499284	0.0363891539
0	0.3257026951	0.0099836351	0.2453329984	0.0455798995	0.0083257409	0.1252089819	0.1265822987	0.0778408960	0.0313099670	0.0041328874
0	0.1174052072	0.0109649535	0.0085739110	0.5018753794	0.0358441790	0.0000046314	0.1357233894	0.0848946091	0.0572030596	0.0475106804
0	0.0008454932	0.0232793325	0.0000000025	0.4171064648	0.0012103590	0.0089771888	0.3161216581	0.0193739704	0.1255515474	0.0875339833
0	0.3200474885	0.0143742611	0.0355912741	0.3021187377	0.0477179099	0.0447597941	0.1456757887	0.0855386721	0.0041760737	0.0000000000
0	0.0711166024	0.1617131114	0.0001189470	0.0762235450	0.0000174179	0.0212444826	0.0706768909	0.4663282082	0.1294396333	0.0031211613
0	0.0415550166	0.0948463964	0.4238306067	0.0849067170	0.0373610359	0.0921430892	0.0368174189	0.0000000000	0.0710651985	0.1174745207
