0	0.1704289829	0.0000000086	0.0685810102	0.0955095178	0.0035591330	0.0306630070	0.1356927731	0.0017924470	0.2522859529	0.2414871674
0	0.3861060205	0.0000000000	0.0005518079	0.0092586922	0.1024815933	0.0294167892	0.0321386495	0.0867762774	0.0198970188	0.3333731513
0	0.1401455337	0.0008599829	0.0755635916	0.0301343135	0.0039130719	0.0800674517	0.0811773771	0.0032816817	0.2195972218	0.3652597741
0	0.1688675296	0.0000501507	0.2186460821	0.0863511190	0.1541493691	0.2021099269	0.0005807322	0.0000133156	0.0381091914	0.1311225834
0	0.1297418264	0.0254350205	0.4428912089	0.1433673664	0.0000000000	0.0005822840	0.0000000125	0.0148330562	0.0031438083	0.2400054168
0	0.1895584870	0.2856825446	0.0766601577	0.2759042306	0.0313911741	0.0003405941	0.0015821204	0.0889298018	0.0028767039	0.0470741858
0	0.0036387970	0.0000000000	0.4679631197	0.0326389593	0.0000000002	0.1961117709	0.1406022725	0.0205228329	0.0021455577	0.1363766897
0	0.0782361742	0.0027674358	0.2446483334	0.0000223587	0.0006453277	0.3991211657	0.0000079661	0.0058370563	0.1452640348	0.1234501471
0	0.1215474038	0.0101238236	0.4818274438	0.0000171922	0.0553551169	0.0762657888	0.0606781260	0.0173794047	0.0941626223	0.0826430780
0	0.0044990469	0.0000592659	0.2226724040	0.2901911382	0.0305082360	0.2167559424	0.0231082705	0.1360174091	0.0669530513	0.0092352357
0	0.0040346359	0.0001131695	0.4132864463	0.0213734695	0.0050324712	0.3350773083	0.0304163288	0.0000000052	0.1116490896	0.0790170757
0	0.0014138861	0.0056925531	0.1059835572	0.0233720145	0.2746429285	0.2816696663	0.0043723153	0.0025722586	0.2877858527	0.0124949677
0	0.3034183541	0.1340853100	0.0023087822	0.0372821513	0.0444615437	0.0387079623	0.3077360139	0.0733969111	0.0306501318	0.0279528395
0	0.0032602058	0.5565691178	0.0200586030	0.0146824485	0.0081142596	0.2022826046	0.0152355647	0.0005425689	0.1790805896	0.0001740374
1	0.0142151448	0.0006853000	0.1790320148	0.0014418776	0.0319648182	0.0014485252	0.2365776063	0.0000336252	0.5345911376	0.0000099502
0	0.7999694020	0.0000060005	0.0000158939	0.0000170638	0.0000699175	0.1299488775	0.0000181815	0.0699512884	0.0000033749	0.0000000000
0	0.1833554710	0.0002218319	0.1529593965	0.1401451014	0.0800703002	0.3718106806	0.0706392264	0.0002137049	0.0005839048	0.0000003825
0	0.6158135807	0.0001238657	0.0263437603	0.0374647345	0.0158588606	0.0691777236	0.0057051005	0.1150852374	0.0015247466	0.1129023900
1	0.0536631505	0.0086133154	0.0310672918	0.6876056054	0.1081431995	0.0190536816	0.0025052837	0.0395733877	0.0211884784	0.0285866060
1	0.4875215707	0.0000662759	0.0329024175	0.0001660156	0.0004332844	0.0263097946	0.0028248687	0.0077931665	0.0314158009	0.4105668053
0	0.0574685973	0.1313675403	0.1907919088	0.0002651285	0.0223155067	0.2069647678	0.0451443772	0.0453245587	0.0584780295	0.2418795852
0	0.0011893142	0.0000001103	0.0691862916	0.0377509552	0.2418505182	0.0149908473	0.0502126533	0.0169905361	0.1211405721	0.4466882017
0	0.0139973124	0.0000002145	0.0020240581	0.0000000062	0.0174352523	0.0119284689	0.0000000173	0.1003671970	0.0071474623	0.8471000110
0	0.0124210218	0.0001748989	0.0733432041	0.0340012339	0.0420210048	0.0198250271	0.2229706645	0.2885389936	0.2997107511	0.0069932002
0	0.0029206057	0.0000000000	0.0000031177	0.0022550601	0.6624444981	0.0696514033	0.0505421271	0.0766561219	0.0974554434	0.0380716227
0	0.2366738091	0.0000493983	0.0346912705	0.0466074686	0.0000127894	0.0234032706	0.1850617745	0.0839969042	0.0017889044	0.3877144104
0	0.0107937625	0.0175001695	0.0000000007	0.5574657848	0.0000000011	0.0078261598	0.1420208019	0.0000020161	0.0140614564	0.2503298472
0	0.0061202638	0.0023337085	0.0029558632	0.2754091170	0.0331579199	0.3904547892	0.0009866339	0.0036956361	0.2738908589	0.0109952094
0	0.2515528026	0.3794388509	0.0171107553	0.0038219042	0.0046827883	0.0231147204	0.3201868741	0.0000000000	0.0000912821	0.0000000222
0	0.0986413539	0.0058436140	0.0076303971	0.0731348306	0.0806181340	0.3894829054	0.1480513796	0.0306409675	0.0000495674	0.1659068505
0	0.2905535116	0.0047729158	0.0485202764	0.0319529430	0.4265734473	0.0005907059	0.0000000000	0.0011237859	0.0001283374	0.1957840766
0	0.0000805783	0.5502625445	0.3415750105	0.0547103029	0.0000000000	0.0061117411	0.0000719745	0.0129948361	0.0335954458	0.0005975664
0	0.7048713155	0.0677845148	0.0737350349	0.0220743425	0.0017539329	0.0008230337	0.0000002350	0.0336465913	0.0781355715	0.0171754279
0	0.0343528452	0.0000162616	0.0265544580	0.1892010307	0.0018111484	0.0096979112	0.1685980422	0.0005349958	0.4391890211	0.1300442857
0	0.6309867210	0.0000024490	0.0000028987	0.1130153163	0.0297224785	0.0388963058	0.0000011920	0.0160346900	0.0000009215	0.1713370271
0	0.0127374222	0.0694633124	0.0403609640	0.0000978862	0.0000000002	0.0000000000	0.0000009641	0.0517748536	0.7067987362	0.1187658613
0	0.0005036738	0.0000037941	0.1114390879	0.0329865399	0.0609105153	0.1352476153	0.4354364220	0.0000032605	0.1539292119	0.0695398793
1	0.0652627898	0.0131347792	0.0304731959	0.1933570820	0.0374548762	0.1625090998	0.0012166452	0.0000191999	0.4869869633	0.0095853687
0	0.0550900949	0.0042612235	0.1037388838	0.0041222970	0.0348691024	0.0676689726	0.0043548697	0.3503552079	0.3554129278	0.0201264205
0	0.1331316890	0.0239911304	0.0858262021	0.3459737036	0.0206163200	0.0000027284	0.0715763234	0.0340465016	0.1896656934	0.0951697082
0	0.5342853257	0.0140001248	0.0245813719	0.0076322946	0.0015703067	0.2066595703	0.0053189998	0.0255411183	0.0396234640	0.1407874239
0	0.1857924106	0.0000001772	0.2623922413	0.0385907242	0.0003645455	0.0045476317	0.0003450105	0.4482547417	0.0049875934	0.0547249239
1	0.1406366045	0.0148770943	0.1699995552	0.0001028228	0.0000000000	0.2373583952	0.0000000000	0.0147153434	0.0468266584	0.3754835261
0	0.0000000000	0.0013491533	0.0279824684	0.0262194881	0.0864207794	0.0009717475	0.0059737332	0.0214326072	0.8085150048	0.0211350182
1	0.0276434024	0.0000000000	0.0005902346	0.0003428727	0.1246592425	0.0044190304	0.0000000000	0.0806548358	0.6932427798	0.0684476017
0	0.4825004571	0.0023188678	0.0221558309	0.0128518519	0.0248689999	0.0253245619	0.2740068646	0.1496632813	0.0059784610	0.0003308236
0	0.2738527559	0.2250790056	0.0656694526	0.0318862836	0.0002744532	0.0025245812	0.0095344424	0.0968468776	0.0100468237	0.2842853242
0	0.1093375731	0.1218333254	0.2828986708	0.0052798025	0.3151465085	0.0086302747	0.0555232551	0.0005317996	0.0926438938	0.0081748966
0	0.0092050502	0.0015861550	0.2005233895	0.5204410278	0.0000000009	0.0407552336	0.0155505800	0.0237037064	0.1879813056	0.0002535511
0	0.2396252024	0.1180233281	0.0038734156	0.0701201095	0.0284011817	0.0329844102	0.1734484606	0.0234763801	0.0325870554	0.2774604564
0	0.3717395794	0.3121631838	0.1062549233	0.0070596089	0.0674969667	0.0155649948	0.0000115515	0.1196014439	0.0000035493	0.0001041984
0	0.0692881215	0.4317655299	0.3685171594	0.0270541011	0.0105887525	0.0000002888	0.0124984524	0.0609460098	0.0191590865	0.0001824981
0	0.0063659267	0.0391468237	0.3848532405	0.2892672339	0.0004497081	0.0531553722	0.0323745127	0.0080069074	0.0362076621	0.1501726128
0	0.0915077422	0.0016028024	0.2068352627	0.0455884444	0.0000000352	0.0106598496	0.0000457653	0.0057290426	0.0799289772	0.5581020785
0	0.4014205253	0.0052852748	0.0461921891	0.0075142023	0.0194763646	0.0219774077	0.0153127701	0.0182783705	0.2490632385	0.2154796571
0	0.0026097830	0.0001057298	0.3575235341	0.2469296442	0.0057069560	0.2716560437	0.0056843407	0.0000109771	0.0874614462	0.0223115452
0	0.1524138231	0.0342634359	0.2392045304	0.3957254167	0.1276218619	0.0025215870	0.0185284277	0.0059031698	0.0094443020	0.0143734455
0	0.0559261746	0.0052139175	0.0065064368	0.0000000228	0.6186127888	0.0068504257	0.0707795934	0.0070582816	0.0999056918	0.1291466670
0	0.4963005186	0.0000003584	0.0529890618	0.0558472129	0.0393714935	0.0690836704	0.0000759063	0.0005022477	0.2857928683	0.0000366622
0	0.5831555518	0.0344284679	0.0747338255	0.0000054522	0.0117029812	0.0479687876	0.1833095468	0.0174346886	0.0399258064	0.0073348921
0	0.0472191698	0.0804805050	0.1101019826	0.0103991955	0.0904541207	0.0064605997	0.0000000001	0.0359746196	0.5726320929	0.0462777141
0	0.0752295561	0.0000216738	0.0123689368	0.2452082699	0.0133798362	0.2154125475	0.1430220747	0.0004212026	0.0005102989	0.2944256034
0	0.2591591859	0.0000001013	0.1963237870	0.1206502332	0.0000066026	0.1396363574	0.1013960021	0.0498798918	0.0777035433	0.0552442953
0	0.3112021679	0.0003505959	0.2138712517	0.2979067918	0.0217532703	0.0860076979	0.0146024912	0.0142233300	0.0092452352	0.0308371680
0	0.0014163322	0.0030666384	0.0000000335	0.0478008504	0.1521181291	0.0003537260	0.0000704105	0.7946834768	0.0000333990	0.0004570040
0	0.0215944404	0.0834322654	0.0251737750	0.4452314067	0.0000598799	0.0030005872	0.2754592776	0.0000000000	0.0055632524	0.1404851153
0	0.2139153559	0.0119078740	0.0669733724	0.1991716223	0.0140790519	0.1083734408	0.0266160381	0.0000132488	0.3396861144	0.0192638814
0	0.0083955579	0.1928280930	0.0826030497	0.1259535326	0.0722566289	0.4343701020	0.0084083882	0.0066733783	0.0684860532	0.0000252163
0	0.1761156998	0.0165350690	0.0002185655	0.0035107539	0.0217306778	0.0147362346	0.0115488661	0.0189665712	0.7322991789	0.0043383830
0	0.2038225886	0.0032126224	0.0714040776	0.0000000816	0.0406057378	0.1501168831	0.0000000026	0.0016878843	0.0352664682	0.4938836539
0	0.3590219372	0.0000000000	0.0347871755	0.0959634274	0.0629992845	0.0000002037	0.0964983730	0.0000136066	0.2499899985	0.1007259936
1	0.0019899021	0.0033607124	0.0012266917	0.0659655603	0.0000026429	0.3687150042	0.0541656374	0.0001539391	0.0412382900	0.4631816199
0	0.3253600693	0.0733497366	0.0063025109	0.5591455873	0.0000048147	0.0020788884	0.0097346449	0.0055264222	0.0157848130	0.0027125127
0	0.4011702973	0.0010259158	0.4703011017	0.0731285024	0.0000000000	0.0173828773	0.0046733917	0.0000022377	0.0141772407	0.0181384352
0	0.0051670825	0.0367833936	0.0988833544	0.0000000000	0.0860107026	0.0503308307	0.0000000000	0.0001543248	0.7081968102	0.0144735013
0	0.1301657997	0.0000000001	0.7597432018	0.0000745246	0.0318240114	0.0154077389	0.0083095239	0.0000002321	0.0227814696	0.0316934979
0	0.1559874495	0.0086918768	0.0004354890	0.5165494341	0.0005882351	0.0851835622	0.0081085214	0.0053271733	0.0102489335	0.2088793250
0	0.1298843050	0.0000000147	0.0500169395	0.0039290675	0.1861181532	0.0221279786	0.0059566501	0.0000000000	0.4717787880	0.1301881033
0	0.1482898552	0.0400201925	0.2746790458	0.0000260892	0.0390389339	0.2798524623	0.0000138515	0.0030747383	0.0014758305	0.2135290010
0	0.0104511770	0.0000000014	0.4649733069	0.0013430248	0.0000115046	0.0756834672	0.0046459744	0.4426639826	0.0002275598	0.0000000013
0	0.0238848381	0.0284206626	0.3133466821	0.0000127164	0.1373682444	0.2216399899	0.0000000000	0.0000096091	0.2412253622	0.0340918952
0	0.0851710446	0.0001234337	0.4576880867	0.1720808618	0.0000000000	0.0559324867	0.0135827594	0.0599703806	0.1355134744	0.0199374720
0	0.0474724949	0.3385925142	0.4954063447	0.0005857521	0.0581019221	0.0430339916	0.0004644842	0.0000047435	0.0163372099	0.0000005427
0	0.0073651326	0.0444497914	0.0631914463	0.0005169206	0.0002382323	0.7981718452	0.0052093543	0.0394571805	0.0097296649	0.0316704319
1	0.0011968392	0.0048816645	0.0158203015	0.2635121695	0.1138232963	0.0652707903	0.0027349674	0.0000000501	0.4978375147	0.0349224064
0	0.0508744214	0.0369228192	0.0013765930	0.0030236051	0.0917550776	0.0031176351	0.0065868671	0.0000858587	0.2044918602	0.6017652627
0	0.3639145252	0.2101461356	0.1370541802	0.0082893383	0.0011853010	0.1033746853	0.0000405465	0.1759297555	0.0000000095	0.0000655229
0	0.0060388421	0.1437264020	0.0552353711	0.0592792564	0.0004218255	0.0000000320	0.1294637169	0.0000020919	0.6057710104	0.0000614516
0	0.4218056730	0.0062195152	0.1484396331	0.0211950336	0.0358629351	0.0361370215	0.0357304633	0.2189865516	0.0638614646	0.0117617092
0	0.0916294469	0.0008296255	0.0114444345	0.3597755853	0.0010471719	0.4958519530	0.0023330989	0.0028084624	0.0306691035	0.0036111181
0	0.0123130225	0.0327035055	0.1756057988	0.0000310978	0.0000000000	0.2872281358	0.0042772101	0.0000000000	0.4781030642	0.0097381654
0	0.0268363152	0.0126557667	0.2806022048	0.1131859678	0.0000000000	0.0710516346	0.0000001398	0.0413905658	0.4359828764	0.0182945288
0	0.1047057289	0.0331402443	0.0000000363	0.0368835835	0.1703863284	0.0094425556	0.0420696739	0.0819811947	0.0018477156	0.5195429388
0	0.0884624043	0.0000666457	0.1956206696	0.5824989512	0.0154069763	0.0081120016	0.0001037789	0.0904350378	0.0008738549	0.0184196797
0	0.2688284296	0.0007364291	0.0934233596	0.4547839056	0.0311359834	0.0019822715	0.0828687337	0.0029074963	0.0029174427	0.0604159485
0	0.1424856518	0.0247276041	0.0895634208	0.0273489931	0.2100960572	0.0377061208	0.0000075603	0.0000000206	0.4629698601	0.0050947112
0	0.2660849664	0.0000000003	0.2666181069	0.0039719304	0.0015250401	0.3727215223	0.0216167461	0.0277730795	0.0241896756	0.0154989323
0	0.0213823608	0.0141430556	0.4110904129	0.0000019849	0.2009562724	0.0000442746	0.0001148693	0.0858504071	0.2654627968	0.0009535655
0	0.2641906369	0.0129290737	0.0038098552	0.2070240940	0.1180045161	0.1609206863	0.0000094518	0.0000025192	0.1081631918	0.1249459750
0	0.7858526706	0.0087453458	0.0848637566	0.0032613217	0.0013391739	0.0135613716	0.0007944396	0.0090854273	0.0000000000	0.0924964930
0	0.0188770861	0.0120387750	0.1584311719	0.0379650108	0.2365028620	0.0019929938	0.4156732627	0.0001038580	0.1177153799	0.0006995999
0	0.2756400423	0.3068175567	0.0815289122	0.1372913421	0.0520188388	0.0337583790	0.0529143917	0.0021485180	0.0514161323	0.0064658868
0	0.1128170078	0.1102056580	0.0034459576	0.0000000119	0.0833195695	0.3843555522	0.0219783279	0.0698050384	0.0087758847	0.2052969920
0	0.1994586534	0.0000044488	0.1475123533	0.0468942884	0.0031056007	0.0051864301	0.1626333415	0.0653353185	0.3255942596	0.0442753056
1	0.1427022030	0.0000001222	0.0452937804	0.1018573102	0.0000000121	0.0510475337	0.0000000456	0.0102035725	0.0155908964	0.6333045239
0	0.4307557792	0.0365875757	0.1670502402	0.0006784097	0.0184148125	0.0914926051	0.0079918303	0.0630226204	0.1167794723	0.0672266547
0	0.2734169261	0.0025479679	0.1116324606	0.0625645487	0.0010204666	0.0474213368	0.0004653366	0.1016901349	0.1449893220	0.2542514998
0	0.0607128874	0.0053137889	0.1750813928	0.3638883302	0.0107854224	0.2138190948	0.0002220006	0.0885820593	0.0046003055	0.0769947180
0	0.1345348818	0.0171700817	0.0009494808	0.0312660789	0.0091491717	0.0742819380	0.0000000000	0.0254547441	0.0529894252	0.6542041977
0	0.0681002583	0.0000000000	0.1301313720	0.1774035264	0.0124658349	0.1123544526	0.0604173098	0.0000000192	0.4391272267	0.0000000000
0	0.0271541016	0.0000002245	0.1762974627	0.1399678745	0.4680222616	0.0338431512	0.0127941908	0.0000945962	0.1336776280	0.0081485090
0	0.2601588103	0.0322748319	0.2095986135	0.0005521347	0.0000118281	0.0892867911	0.3428236226	0.0254945340	0.0106569522	0.0291418816
1	0.1805107204	0.0082219417	0.0002517121	0.0279478769	0.0237162470	0.0018044560	0.0008409562	0.0000005688	0.5510426201	0.2056629009
0	0.1442186818	0.0495142179	0.0000685195	0.1261389067	0.0711279279	0.5360061391	0.0001678112	0.0259326212	0.0347860463	0.0120391284
0	0.1932916512	0.0002167717	0.4213658643	0.2188006821	0.0993515773	0.0159319183	0.0000039163	0.0000000000	0.0510351799	0.0000024389
0	0.1936255022	0.4277537889	0.0232955257	0.0202762702	0.1936055691	0.0980974960	0.0004171524	0.0004994049	0.0424285488	0.0000007418
0	0.0967066001	0.0000000000	0.4582437160	0.1312083668	0.0023725820	0.0001255333	0.1156519173	0.1088285502	0.0786930668	0.0081696675
0	0.1456819917	0.0000240669	0.1727936633	0.1583817867	0.0595207415	0.0000327507	0.1169978826	0.0075706277	0.3382882856	0.0007082033
0	0.1324790936	0.0007959132	0.5489847135	0.0338921140	0.1325978282	0.0145525186	0.0000009083	0.0000000176	0.0063120969	0.1303847961
0	0.0221685133	0.0009994997	0.0001669652	0.0413811208	0.0000000000	0.0298060827	0.0035659320	0.1331838284	0.3968672899	0.3718607681
0	0.0172489233	0.0017862113	0.9176043753	0.0063301519	0.0050087233	0.0063552060	0.0000000432	0.0000000205	0.0456207974	0.0000455479
0	0.0331899981	0.0565380671	0.0525150026	0.5446598373	0.0223658531	0.0013513137	0.0651066381	0.0766229390	0.1407691583	0.0068811928
0	0.0457221353	0.0000017569	0.0839189513	0.0017764711	0.4578673366	0.1697624469	0.0206430013	0.0009356571	0.2187238178	0.0006484259
0	0.2562672122	0.0000008979	0.0437230419	0.3433952652	0.0001179995	0.1616264704	0.0157689015	0.0263484443	0.0527798380	0.0999719293
0	0.4885413124	0.0082280560	0.0000000051	0.1541065989	0.0187787507	0.0779426092	0.0000000000	0.0830547348	0.0343364599	0.1350114731
0	0.2549243207	0.0001946141	0.1745435051	0.0357494299	0.0703288000	0.0870346181	0.0743528950	0.0899043990	0.0998223920	0.1131450260
0	0.0088457480	0.0948414819	0.1613554918	0.1136825014	0.0023109658	0.0054795084	0.0690897734	0.0000000000	0.3978148346	0.1465796947
0	0.0084383132	0.0319098578	0.0008282302	0.0013899140	0.0061603772	0.0064305887	0.0144843150	0.0241767183	0.8003048474	0.1058768382
0	0.8854510990	0.0046918350	0.0095676997	0.0004174491	0.0001445576	0.0000000000	0.0205525898	0.0000001057	0.0572773489	0.0218973152
0	0.0058095386	0.0003200254	0.0100613801	0.8410621931	0.0261229992	0.0159131186	0.0271043873	0.0429402717	0.0203387237	0.0103273622
0	0.0108354909	0.0169701834	0.3218080135	0.0186564980	0.0016999591	0.0006682486	0.0000001619	0.0877973946	0.5415256907	0.0000383593
0	0.1847039228	0.0040361057	0.0430930811	0.0805996241	0.0003808082	0.0495844446	0.2972934942	0.0000000000	0.3108442218	0.0294642975
0	0.1081762672	0.0063272932	0.2148327160	0.0122294507	0.0000589181	0.0075590522	0.0041400399	0.0000000000	0.6029598818	0.0437163809
0	0.0503942329	0.0000000000	0.0000000017	0.4608998344	0.1730442512	0.0020970571	0.1322515583	0.0006642713	0.1403245498	0.0403242432
0	0.0000287397	0.0076651096	0.4694505066	0.1174627571	0.1437741840	0.1634081558	0.0100383655	0.0615600604	0.0237362378	0.0028758834
1	0.1790863984	0.0996402011	0.0135479702	0.0010012530	0.0182620335	0.0325496736	0.0095505890	0.0000005480	0.2017359547	0.4446253785
1	0.0835744423	0.0005994846	0.1513776109	0.5641202797	0.0061268228	0.1272468233	0.0071269007	0.0000000001	0.0598276356	0.0000000000
0	0.5039338495	0.0001767202	0.0786825293	0.1276962211	0.0034711093	0.0336250399	0.2259717999	0.0009122594	0.0163118766	0.0092185948
0	0.1159676731	0.0114187205	0.2155027389	0.4546146499	0.0169269324	0.0007972279	0.1244595272	0.0017153391	0.0280434406	0.0305537506
0	0.3764413170	0.2369889029	0.0001287600	0.1079059545	0.0514337139	0.0269819387	0.0008368171	0.1749465180	0.0170766160	0.0072594622
0	0.2310211248	0.0000000000	0.4455533333	0.0042234914	0.0043423335	0.0103220617	0.0023046651	0.1361698111	0.0684819970	0.0975811821
0	0.1759691209	0.0405117523	0.1077965330	0.0861101086	0.0128699779	0.1179802091	0.0014024242	0.0861079731	0.1566785493	0.2145733517
0	0.1089029885	0.0000001420	0.3560169057	0.0083617358	0.4031735576	0.0117712248	0.0027471670	0.0046338757	0.1019408711	0.0024515319
0	0.3178658300	0.0456561091	0.0579606141	0.0000048813	0.0917818216	0.0000487856	0.0327431928	0.1016519856	0.0000040868	0.3522826931
0	0.4187136223	0.0000004234	0.0104638085	0.0285223303	0.0001526445	0.1880987058	0.2234686098	0.0000007790	0.1305171648	0.0000619117
0	0.1909431607	0.0000000000	0.1993070348	0.1752902700	0.0000000049	0.0000000763	0.0608029249	0.0793329283	0.2434270841	0.0508965159
0	0.0177931927	0.1198433775	0.6434945311	0.0028336883	0.0001170677	0.0153164210	0.0038995244	0.0592783915	0.1072824656	0.0301413402
1	0.0288396366	0.0039295213	0.0064701376	0.0372998384	0.0214620947	0.6578946788	0.0437008651	0.1394424481	0.0429120393	0.0180487401
1	0.8998582967	0.0000000000	0.0409754147	0.0063423998	0.0100913287	0.0041138678	0.0249189676	0.0000020392	0.0133536809	0.0003440046
0	0.4147377184	0.0158984703	0.1645779692	0.0014806610	0.0272169754	0.0200635591	0.0213535611	0.0592805596	0.0494487126	0.2259418133
2	0.0424875893	0.0004046115	0.0298344085	0.0201323056	0.0000327010	0.7504864586	0.0944155060	0.0074665656	0.0457193015	0.0090205524
1	0.0013906024	0.0000043122	0.8954455584	0.0097293737	0.0342972797	0.0000000000	0.0000000143	0.0000003855	0.0063299108	0.0528025631
0	0.0613362934	0.0075492017	0.4316161196	0.0502257340	0.1807331751	0.1262249324	0.0000946741	0.0169796536	0.1252402162	0.0000000000
0	0.1019729003	0.0203722162	0.2424568099	0.0792075841	0.0129651123	0.2085150318	0.0000005461	0.0232112550	0.0449059417	0.2663926026
0	0.0103317096	0.7017971436	0.0010913394	0.2537753883	0.0028696974	0.0014675073	0.0000000000	0.0134917245	0.0149999423	0.0001755477
0	0.6066375587	0.0002284280	0.0400782147	0.0492540688	0.1577323840	0.0000507658	0.0003198319	0.0694296965	0.0000000000	0.0762690517
0	0.6909693899	0.0047734169	0.0084059224	0.0725792608	0.0000016686	0.0054760215	0.0000046865	0.0137224162	0.2012980735	0.0027691437
0	0.0575666074	0.0638004239	0.0533348050	0.2585606451	0.2421715935	0.0433368163	0.0525779105	0.0187438793	0.1816012921	0.0283060270
0	0.0690993841	0.0000003943	0.0068485092	0.0269412913	0.0057649295	0.0006231513	0.0136629332	0.0065652530	0.8260261027	0.0444680514
0	0.0249403799	0.0988676408	0.0000000000	0.6564461988	0.0351666505	0.0360034925	0.0000000000	0.0000024231	0.0002300717	0.1483431427
0	0.0023933107	0.0466124174	0.0101957344	0.0412023774	0.0149391728	0.0553178222	0.2338708765	0.0313303824	0.5212098430	0.0429280631
0	0.0047305043	0.2008201752	0.0251482777	0.0164334805	0.0000000000	0.0057864035	0.2089841078	0.0164808092	0.3371333519	0.1844828898
0	0.0514678553	0.0467211700	0.4393016126	0.1808121775	0.0000001358	0.0051274195	0.0156656423	0.0190898034	0.0101312847	0.2316828990
0	0.0154790995	0.0195414845	0.0597088186	0.0000000000	0.0134402492	0.0005555490	0.0160843547	0.0407166349	0.8065932344	0.0278805754
1	0.0973630458	0.0515406729	0.0787410233	0.2014852379	0.0624066705	0.3815354117	0.0626952543	0.0344840702	0.0016343224	0.0281142911
0	0.1933505838	0.0001643042	0.3335888932	0.1002947172	0.0187960748	0.1605205675	0.0285212988	0.0000963348	0.0000000000	0.1646672257
0	0.4565708072	0.0209045762	0.2119764858	0.0319849383	0.0046550508	0.0717035248	0.0423774592	0.0318935021	0.1082160087	0.0197176468
0	0.6342594582	0.0589609740	0.1038992593	0.0065112177	0.0000000000	0.1598117702	0.0017811748	0.0016509347	0.0007625139	0.0323626972
1	0.0690689565	0.0317859563	0.4170894593	0.0000000074	0.0866834680	0.0208491795	0.0000000032	0.3499250939	0.0022595877	0.0223382882
0	0.1786572464	0.0000000000	0.0348647727	0.0823834441	0.1517559619	0.0080268325	0.1020023219	0.1660690591	0.0467070814	0.2295332799
0	0.0002325504	0.0811129710	0.0019933049	0.0936594890	0.0670037136	0.0023206487	0.0151490421	0.4208875798	0.0113496117	0.3062910887
0	0.2534463546	0.0000070685	0.3244376876	0.0000398599	0.0800750715	0.0279690073	0.1422428225	0.0005768571	0.0565261768	0.1146790942
0	0.0233695844	0.0191367687	0.0387133054	0.3470501983	0.0000288131	0.0000000691	0.0162732224	0.0706332839	0.2645811604	0.2202135942
0	0.0670893467	0.0025296973	0.0058178378	0.0000000000	0.0178300961	0.8635248932	0.0155340957	0.0239193322	0.0002448508	0.0035098502
0	0.0095392459	0.0000000000	0.0638258898	0.2824418265	0.5063095135	0.0910401330	0.0421883292	0.0000163162	0.0045949521	0.0000437938
0	0.2130392522	0.0031693364	0.5058101436	0.0002558131	0.0000000000	0.0389832728	0.0069082184	0.1723691076	0.0419434370	0.0175214188
0	0.3026393428	0.4238220212	0.0169520422	0.0000000000	0.0150033333	0.0000000571	0.0007297053	0.1928285585	0.0426111870	0.0054137527
0	0.1052310231	0.1126256213	0.0302425390	0.4815485919	0.0024805702	0.1435572274	0.0000002437	0.0007773642	0.1196336279	0.0039031914
0	0.0638648558	0.0000000000	0.0820826935	0.0106034480	0.0003087674	0.2541410733	0.0640587999	0.0108195327	0.5095685976	0.0045522318
0	0.1689514675	0.0000000000	0.0646595571	0.0438623873	0.0197493082	0.0500663847	0.0000021988	0.1192437664	0.3471260663	0.1863388637
0	0.1974970066	0.0868187357	0.0210157164	0.2245769870	0.0000025148	0.0414828819	0.1075090428	0.0014579898	0.2995013294	0.0201377956
0	0.0318278190	0.0000251378	0.3869403721	0.0383178552	0.0122813642	0.0288227375	0.0000089875	0.2259511121	0.2757972258	0.0000273887
0	0.0208558366	0.0326572029	0.2411973964	0.0002395419	0.0000152971	0.2261319007	0.2610464546	0.0806541144	0.0938653071	0.0433369481
0	0.1569603477	0.0682768358	0.0897451297	0.0744548669	0.0465822918	0.0041421547	0.0000000000	0.4311800194	0.0000061572	0.1286521967
0	0.3022239109	0.0011889183	0.2640427466	0.0627168358	0.0742679780	0.1106737952	0.0000088470	0.0961197896	0.0212616802	0.0674954984
0	0.0016490712	0.0010955111	0.0299865528	0.0303681553	0.0178947876	0.0003788516	0.0031958989	0.7945954964	0.0347031638	0.0861325113
1	0.0001136895	0.1069343465	0.0332386099	0.4276308162	0.2835926842	0.0110933655	0.0717104470	0.0051266633	0.0328954122	0.0276639656
0	0.0757698885	0.0191958955	0.0675123078	0.0024005562	0.0126701129	0.0222330783	0.0000018028	0.0000031999	0.3035951174	0.4966180407
0	0.0830396873	0.0960169555	0.1895380610	0.0062542085	0.4295165794	0.0434602929	0.0534240656	0.0002305948	0.0574053725	0.0411141826
0	0.0319095772	0.0056919147	0.2207679336	0.0244789769	0.0543145164	0.2161159409	0.0222006019	0.0000000248	0.1237945863	0.3007259273
0	0.0037234621	0.1392128759	0.0228993798	0.0122029258	0.0590731070	0.1458382993	0.0076309987	0.0183035617	0.5397687235	0.0513466662
0	0.0786184976	0.0144233960	0.0207934693	0.6374985452	0.0219640782	0.0036813211	0.0235380282	0.0000733332	0.1141454554	0.0852638757
0	0.1002107539	0.6583766417	0.0786991790	0.0409488405	0.1178858302	0.0000000000	0.0000355307	0.0033558976	0.0001218568	0.0003654697
0	0.4085440157	0.1218330866	0.0197137014	0.0092336826	0.0097344550	0.0000000626	0.0273593388	0.2233533999	0.1400922881	0.0401359694
0	0.0275014655	0.0007171848	0.1658762889	0.0554443338	0.0076535636	0.0389889813	0.0573474739	0.0016399452	0.4811865892	0.1636441739
0	0.5027625271	0.0000000946	0.0246937791	0.1106259659	0.0270232715	0.0016535030	0.0000000000	0.0712245831	0.0210295141	0.2409867616
0	0.0001391594	0.0492926636	0.2563038944	0.2643816659	0.0270663796	0.0111329074	0.0914388166	0.1664429270	0.0000303870	0.1337711990
0	0.0405781288	0.0000019280	0.1768055506	0.0526681044	0.0479240643	0.2598770838	0.0777943158	0.0150387237	0.3065891849	0.0227229157
0	0.1826189076	0.0000017708	0.0000000000	0.1829440683	0.0000937810	0.2125256767	0.0000461679	0.0000000000	0.3221791120	0.0995905157
0	0.0017761690	0.4366613552	0.2405532032	0.0015937805	0.0000430797	0.1445206737	0.0605995922	0.0187304142	0.0221661178	0.0733556145
0	0.1551756482	0.0074076746	0.1248116985	0.2354858267	0.3938156483	0.0567939276	0.0001397370	0.0000001496	0.0233606484	0.0030090411
0	0.0173598308	0.3953560248	0.0087492193	0.0140628963	0.0512240645	0.3256481641	0.0387662498	0.0506883853	0.0967919550	0.0013532100
0	0.2109741009	0.0190992205	0.0106658666	0.0020151125	0.6732823158	0.0000000499	0.0134724934	0.0009507177	0.0694627743	0.0000773485
0	0.0300459648	0.0027540239	0.8638469281	0.0001946774	0.0005477647	0.0430033014	0.0520081796	0.0000013013	0.0064102985	0.0011875603
0	0.1888416144	0.0335357443	0.5461906025	0.0440423713	0.0030411614	0.0268279271	0.0007153775	0.0335839093	0.0633540529	0.0598672393
0	0.0521242925	0.0387512403	0.1840038931	0.1493158730	0.2555459616	0.1334999404	0.0012256659	0.1409115735	0.0103094716	0.0343120879
0	0.3285561758	0.0077656844	0.1674273613	0.2099034948	0.0330879657	0.0004534159	0.0117056125	0.2044645051	0.0362328229	0.0004029615
0	0.3661794620	0.0083517287	0.1217710272	0.0000000000	0.0000012801	0.0688078516	0.1148004426	0.0086557739	0.2630751835	0.0483572505
0	0.0685731864	0.0007862233	0.3737271189	0.0000555803	0.0881174758	0.1884807999	0.0007585807	0.1212607009	0.0023550755	0.1558852582
0	0.3178470235	0.0123117019	0.1208679129	0.1841111151	0.0735715897	0.0000044670	0.0112613689	0.0007682148	0.0032053909	0.2760512153
0	0.2437986916	0.3498112167	0.0183907215	0.0197876595	0.0062974065	0.0756438497	0.0204083235	0.1958877882	0.0531396295	0.0168347133
0	0.0000149843	0.0000000000	0.0004086561	0.0027709351	0.4092384363	0.0023775943	0.1780255223	0.1979350504	0.0204631582	0.1887656628
0	0.0016791325	0.0006588964	0.0044526545	0.0243890616	0.0211212490	0.0271770443	0.0154401721	0.0232327705	0.7910356108	0.0908134083
0	0.5033629719	0.0094477733	0.0511413864	0.0046944916	0.0012604122	0.3224732328	0.0000170935	0.0053691513	0.0787355064	0.0234979806
0	0.0036913804	0.0268558892	0.0877197026	0.0457533353	0.0000382111	0.0750234849	0.0441825543	0.0255948916	0.2263567852	0.4647837654
0	0.2950499673	0.0724721799	0.2773243770	0.0010218815	0.0875614552	0.0881459735	0.0220481849	0.0002348056	0.1551446815	0.0009964936
0	0.0141213802	0.0032809917	0.0009957954	0.0058072132	0.0011927440	0.0112960776	0.0003473611	0.0167341796	0.9228035747	0.0234206824
0	0.0616481440	0.0000124592	0.0000000000	0.2463063043	0.0000000006	0.4226824187	0.0108999666	0.0080846647	0.1499128935	0.1004531484
0	0.0067089869	0.0192633967	0.0044965239	0.0007805372	0.0561264517	0.0157462361	0.0567721549	0.0000967548	0.8081059978	0.0319029601
0	0.0145465093	0.0394159401	0.0142945372	0.0164524548	0.0030198679	0.1889674566	0.0919814084	0.0000612717	0.6312605527	0.0000000012
0	0.0276516103	0.1352602506	0.0151143968	0.4793746036	0.1257818092	0.2079915705	0.0000454079	0.0054941542	0.0009058764	0.0023803206
0	0.5267816013	0.0000367157	0.0468557769	0.1516801701	0.0080153831	0.1866527821	0.0006251887	0.0000910778	0.0756141204	0.0036471839
0	0.2553378028	0.0000000000	0.1370291903	0.0915268275	0.1164612139	0.1148866961	0.0621409619	0.1698250142	0.0049602166	0.0478320768
0	0.0258501566	0.0002636226	0.0144399763	0.0714963258	0.2403177088	0.0000012111	0.0155335822	0.0025753803	0.6290710813	0.0004509550
1	0.2341566851	0.0203722880	0.0843383228	0.2159403352	0.0569856456	0.0088543856	0.0000000003	0.0000000000	0.1885302851	0.1908220522
0	0.6978506072	0.0000004932	0.0411806914	0.0082724893	0.0329783223	0.0241109322	0.0029679432	0.0024765576	0.0240120230	0.1661499406
0	0.1001792099	0.0422828440	0.2594507270	0.0492601987	0.0000933869	0.0002608244	0.0381302519	0.0085306203	0.5013843527	0.0004275841
0	0.1892864283	0.0004905331	0.1855004530	0.0813041434	0.0115922590	0.1033244094	0.0011295585	0.0575487573	0.2854253742	0.0843980838
0	0.5325824562	0.0136642759	0.0689945174	0.0024499417	0.0609106187	0.0460073499	0.0000000103	0.0020335673	0.2726367158	0.0007205469
0	0.0097055591	0.0000081923	0.0352110100	0.0008346607	0.0285131507	0.0224759428	0.0163572478	0.0000096648	0.7792635191	0.1076210527
0	0.0214594031	0.0950865444	0.3998797084	0.2335811067	0.0390855354	0.0250493161	0.0174086841	0.0060341530	0.0086462420	0.1537693068
0	0.0359072871	0.0000000102	0.1154611388	0.1696462895	0.0002851756	0.0123294523	0.1283354726	0.3219621314	0.2016154303	0.0144576122
0	0.3386641352	0.0015957324	0.0086798533	0.2129177472	0.0053841239	0.0786973511	0.0050109131	0.0227770449	0.0323135932	0.2939595058
0	0.7226987235	0.0575073351	0.0198096659	0.0001757596	0.0071354869	0.0011211976	0.0096192493	0.0967266313	0.0000008298	0.0852051210
0	0.3975420810	0.0000000000	0.0684177699	0.0019653664	0.0914158285	0.0085054227	0.0442346868	0.0604822445	0.2315283678	0.0959082323
0	0.0101300170	0.0000139279	0.0153282116	0.4182985419	0.0552091189	0.0286167067	0.0232515610	0.0431158446	0.2525437063	0.1534923641
0	0.3768389952	0.0687328020	0.0000118262	0.0078923391	0.0117252961	0.0137440685	0.0304407535	0.0091708999	0.4516643057	0.0297787138
0	0.2904145135	0.0061878339	0.0532474765	0.0471208476	0.0344983638	0.0000000141	0.0005434314	0.0000000000	0.3641786450	0.2038088742
0	0.3153092941	0.0204420457	0.0048984595	0.1395031702	0.0001440687	0.0000316348	0.0031329139	0.0068933885	0.4541313533	0.0555136714
0	0.0000000000	0.0008028734	0.0003439643	0.0052953409	0.0194304494	0.0292009382	0.0021249038	0.0051907199	0.9195287520	0.0180820582
0	0.1546837252	0.1649374291	0.1697559968	0.1528567141	0.0000000000	0.0636403817	0.0745636239	0.0313182544	0.1094736254	0.0787702494
0	0.1827415690	0.0107111505	0.0413110444	0.0167313550	0.1993088151	0.1933627289	0.0033467118	0.1001771702	0.0932943982	0.1590150570
0	0.3793738259	0.0002453635	0.0066149280	0.0415307526	0.0013697892	0.1069883953	0.0239379826	0.4263385400	0.0041508839	0.0094495390
0	0.1773511186	0.0000301046	0.0198751630	0.0203772810	0.0523806521	0.0000003703	0.0016836469	0.0033784560	0.6578061724	0.0671170352
0	0.1542065755	0.0000027401	0.0833410445	0.3366167532	0.0000004143	0.0043521575	0.0000000000	0.0000555592	0.1721321579	0.2492925979
0	0.0007633541	0.0000001934	0.1529790171	0.0000158787	0.0368634089	0.0006518675	0.0035417975	0.0049428069	0.1668596028	0.6333820732
0	0.0607465314	0.0145690599	0.0163117419	0.1445796424	0.0153328524	0.1069429731	0.0059878936	0.0876138552	0.3601798805	0.1877355696
0	0.0261305934	0.0261751756	0.3856798474	0.0413089363	0.0038277311	0.0207887360	0.0695172593	0.1070898875	0.1075406468	0.2119411865
0	0.6127727995	0.0144102536	0.0851825291	0.1604401680	0.0000000002	0.0181936712	0.0783509997	0.0132711937	0.0171501504	0.0002282347
0	0.4071784131	0.0190566220	0.0890068587	0.0223143373	0.0590633950	0.0099026644	0.0000000044	0.2352220971	0.0948106033	0.0634450047
0	0.0915442346	0.0048968327	0.0133852690	0.0009818216	0.0127667570	0.0047252313	0.0000000033	0.1546512360	0.6842049068	0.0328437077
0	0.0108425078	0.0620601981	0.0038135779	0.7155237186	0.0273668934	0.1085314736	0.0008955619	0.0000132311	0.0046479629	0.0663048748
0	0.2963101153	0.0000000236	0.0522700221	0.1814877915	0.0066005278	0.3860979473	0.0043369631	0.0301839159	0.0126040018	0.0301086916
0	0.1402204434	0.0004022627	0.4896674451	0.0000000574	0.0000264354	0.0001480883	0.0328046132	0.0186200096	0.3149636820	0.0031469630
0	0.0604587100	0.0127111704	0.0432107380	0.0769113571	0.4719925880	0.0268848046	0.0065862067	0.0001782000	0.1798975753	0.1211686499
0	0.1158947916	0.0727861208	0.2385952037	0.1980965853	0.1081709602	0.0412576568	0.0147791954	0.0212834490	0.1450112597	0.0441247775
0	0.1990540653	0.4157695895	0.1615607670	0.0000104065	0.0440550603	0.0000043180	0.0959122702	0.0004344469	0.0530492547	0.0301498216
0	0.1440120616	0.0000004063	0.0388206830	0.6626405592	0.0045552774	0.0001132888	0.0436703196	0.0475905016	0.0342349940	0.0243619085
0	0.1801222057	0.0000000000	0.0473555352	0.0428598500	0.0540551510	0.3934331041	0.0054559514	0.1517534773	0.0505547858	0.0744099396
0	0.1543997042	0.1221743519	0.1409689629	0.0063141388	0.0340488267	0.0330236302	0.1998356178	0.0051820254	0.0912534528	0.2127992892
1	0.1216585975	0.1203176709	0.5338448054	0.0309981503	0.0797308246	0.0372996860	0.0025505203	0.0000000000	0.0382791784	0.0353205665
0	0.3041390533	0.0995930955	0.0000002814	0.0237209160	0.0751756120	0.1828240763	0.0000000000	0.1130402463	0.1499848302	0.0515218889
0	0.2776084373	0.0030602844	0.1153379806	0.1016112777	0.0000000000	0.0508204377	0.0004528483	0.0172300620	0.4330091474	0.0008695245
0	0.3718913192	0.1497643887	0.0960539350	0.0878339835	0.0001538348	0.0162880901	0.0058077116	0.0000059126	0.2714283710	0.0007724535
0	0.0098068270	0.0083894324	0.0853075159	0.0017677476	0.0027002367	0.0084043057	0.0007798518	0.1305696218	0.0523069051	0.6999675560
0	0.0170316023	0.0172437763	0.0090593802	0.0303683121	0.0000007480	0.0274510056	0.0077120024	0.0020978714	0.0000000009	0.8890353008
0	0.0000000739	0.7612725022	0.0538601567	0.0044962616	0.0245960059	0.0001047790	0.0364270338	0.0063196012	0.1081314723	0.0047921134
0	0.1481715763	0.0528419350	0.0275218906	0.0092869639	0.2371297721	0.4139527989	0.0000522649	0.0255650233	0.0217811552	0.0636966198
0	0.0530055637	0.0006033108	0.0903331021	0.0007201258	0.0000000414	0.0353321626	0.0677585902	0.0267130328	0.6426281797	0.0829058910
0	0.4266682552	0.0071151762	0.0174345117	0.0000534353	0.0004039657	0.0892592938	0.2397934128	0.0793619316	0.1399099185	0.0000000991
1	0.6285483605	0.0167995299	0.1013260040	0.1018406414	0.0239626081	0.0220925263	0.0011414185	0.0354211244	0.0230370921	0.0458306948
1	0.0420301842	0.0001415564	0.1344083849	0.1793324742	0.0051530603	0.4044524552	0.0192323232	0.0004816969	0.1317791644	0.0829887003
0	0.0797681921	0.0005979223	0.0444570108	0.0020541197	0.0113610964	0.0048225422	0.0001811651	0.1096770802	0.7241306804	0.0229501909
0	0.0037009914	0.0568390984	0.0918611655	0.0756328394	0.0012941822	0.0413011021	0.0409833982	0.0005966113	0.1135818055	0.5742088060
0	0.0431171597	0.1039729608	0.0001464891	0.0215603622	0.0042395278	0.0269364538	0.1122262206	0.0000000153	0.6692586882	0.0185421226
0	0.0324980471	0.5889802334	0.0090845916	0.0036817057	0.0038245544	0.0202122705	0.0019732342	0.0174255213	0.3208719508	0.0014478911
0	0.5334764477	0.0089988747	0.0310703211	0.3515121576	0.0000000000	0.0035828409	0.0011622557	0.0638632503	0.0007135481	0.0056203038
0	0.0001221422	0.0248826855	0.0375245611	0.1442101696	0.0236020668	0.0001758312	0.2348033820	0.0093152432	0.5253639052	0.0000000130
0	0.1429823351	0.0281771810	0.2124206667	0.0103999496	0.1031136127	0.0086627365	0.0109056289	0.0180794400	0.4610092246	0.0042492250
1	0.7451348575	0.0494310713	0.0000001331	0.0210593720	0.0217202771	0.0029579357	0.0003969491	0.1410399316	0.0126021817	0.0056572909
0	0.0047475447	0.0075164896	0.0567906330	0.0229120208	0.0030034662	0.3519201021	0.0183586946	0.0880906101	0.3795610736	0.0670993653
0	0.1774658877	0.0018654163	0.5328958080	0.0478768834	0.0318330751	0.0137440175	0.0009442488	0.0472691090	0.0423534041	0.1037521501
0	0.0125143812	0.0456737640	0.0629700698	0.0282239403	0.0741656190	0.0134434735	0.0031882918	0.0001685831	0.6750711342	0.0845807431
0	0.4480190029	0.0002184960	0.0000917505	0.1927528183	0.2206132426	0.0906019109	0.0032083142	0.0000009119	0.0444935528	0.0000000000
0	0.0273788639	0.0008142661	0.1113067828	0.0000004594	0.0004558683	0.0093527867	0.0000015343	0.0535164282	0.7625098365	0.0346631738
0	0.0331969144	0.0025324363	0.1899303626	0.5684091851	0.0279343001	0.0035816815	0.0000000000	0.1628969809	0.0079056124	0.0036125267
0	0.3918102567	0.1108571941	0.1747678196	0.0233919146	0.0467044557	0.1665180126	0.0041783008	0.0000000000	0.0022785911	0.0794934547
0	0.1822115281	0.2626403288	0.1038027020	0.1187710856	0.0647264524	0.0840870549	0.0145211613	0.1423043636	0.0173130082	0.0096223150
0	0.0056499897	0.0022961142	0.0133178237	0.1064165657	0.0167651019	0.3411802086	0.0172836938	0.3588164257	0.0913192218	0.0469548549
0	0.0365212004	0.0000000000	0.0026429320	0.0000002715	0.0752165495	0.6981982734	0.0056540135	0.1235379912	0.0322039386	0.0260248299
0	0.1112496234	0.5543794932	0.1187755449	0.0293253708	0.0327434080	0.0645815403	0.0081359462	0.0000000094	0.0754339698	0.0053750941
0	0.4470144071	0.0110316933	0.1794606139	0.0889941404	0.1682444684	0.0005971029	0.0982669943	0.0000000000	0.0024465921	0.0039439877
0	0.1068881483	0.0021695548	0.4223636848	0.1949813876	0.0716921136	0.0000000001	0.0158360527	0.0036152301	0.1101239422	0.0723298858
0	0.0745290698	0.0171082241	0.0539595725	0.1794031934	0.0740784291	0.0269589943	0.0152448925	0.3854988515	0.0202068333	0.1530119396
0	0.0292806415	0.0952981618	0.1029964984	0.0724862181	0.0245674051	0.5308607426	0.0090490379	0.0000000000	0.0681718869	0.0672894077
0	0.0072387259	0.1238734466	0.2419671465	0.0002778323	0.0486717251	0.0519178833	0.1000483947	0.2947706689	0.1312341767	0.0000000000
0	0.0021007679	0.0489907026	0.1169622179	0.5592129657	0.0000000000	0.2173100823	0.0000132224	0.0282930569	0.0001695740	0.0269474103
0	0.2441856091	0.0000010708	0.2145240828	0.0032840493	0.1035749198	0.0290057554	0.0098294183	0.0032093273	0.0737459209	0.3186398462
0	0.2380650470	0.1447490490	0.0082894316	0.1257744750	0.0049087080	0.0088943929	0.0017922746	0.0107262689	0.0312821740	0.4255181790
0	0.2997468391	0.0268618961	0.0000000000	0.4166250751	0.0169531626	0.0709139059	0.0005317356	0.0219741987	0.0329859599	0.1134072270
0	0.4709351414	0.0215338088	0.0328746338	0.0000063925	0.1182615982	0.2699083990	0.0168412508	0.0059004344	0.0052241912	0.0585141500
0	0.2813581328	0.0000018208	0.0060986501	0.0107391584	0.0011712107	0.0029483295	0.0039062208	0.6303188894	0.0604757418	0.0029818458
0	0.0001059440	0.0097142977	0.7276616647	0.0123705916	0.0037429601	0.0283956842	0.0000000000	0.0155279616	0.1369945220	0.0654863741
