0	0.0050580722	0.0987263920	0.1750317615	0.0362866242	0.0682867726	0.0417904378	0.1949916379	0.0984041119	0.0278470942	0.2535770958
1	0.0000000000	0.0000000000	0.1295426338	0.0047997650	0.0498001860	0.4011996929	0.0046381032	0.2305183359	0.0377862209	0.1417150623
0	0.0511281782	0.0000000000	0.0010997950	0.5013741160	0.0214574204	0.2367875058	0.0918992409	0.0907883815	0.0043253085	0.0011400537
0	0.0055759280	0.0000000102	0.0052806748	0.3585240842	0.0275043595	0.0797079901	0.0161836563	0.3461834763	0.1190580401	0.0419817804
0	0.0000000000	0.1012183744	0.3944931632	0.0000795947	0.0007123580	0.3617212302	0.0746833718	0.0163725902	0.0193358312	0.0313834862
0	0.0000714977	0.0245828807	0.0001124690	0.9311181734	0.0140944242	0.0224946624	0.0000000000	0.0071675343	0.0003583583	0.0000000000
0	0.0190686868	0.0302466848	0.0039748469	0.0551014394	0.0088215880	0.1883550700	0.6339661699	0.0000000000	0.0316367674	0.0288287468
0	0.0078905177	0.0400999766	0.1302379295	0.0779083318	0.3135421615	0.2949146567	0.0018163429	0.0013667081	0.0826281726	0.0495952027
0	0.0085205736	0.0945755779	0.0112478137	0.2376473543	0.0000049821	0.1022365912	0.0000030572	0.3837275420	0.0662658551	0.0957706530
0	0.1234407434	0.0010011949	0.0019698854	0.7137768815	0.0059551379	0.0041897456	0.0000001674	0.0222604215	0.0340859777	0.0933198447
1	0.0220156552	0.0007993933	0.0000269209	0.2577426752	0.1485754765	0.2507366528	0.0634865231	0.2514458766	0.0000000145	0.0051708120
0	0.0000000000	0.0000000000	0.5036266183	0.0134757046	0.1096761747	0.2765140079	0.0000000000	0.0106380076	0.0000048734	0.0860646135
0	0.0320385987	0.0166023523	0.1047314181	0.1301259645	0.0397423629	0.2240653689	0.2537265207	0.0000000001	0.1910475383	0.0079198753
0	0.0152086584	0.0405054092	0.1461342603	0.0109613717	0.1419238284	0.4401765106	0.0000003753	0.1600049011	0.0231111567	0.0219735285
0	0.0043565451	0.0956104348	0.0014081018	0.0478514251	0.0008763990	0.0513374667	0.0112978626	0.6656831223	0.0896953009	0.0318833416
0	0.0227097247	0.0553454870	0.1941227629	0.1039236955	0.0134929218	0.2394102845	0.0125167375	0.1140620758	0.0802715616	0.1641447488
0	0.0006934560	0.0996318347	0.1394445734	0.3441958536	0.1194504219	0.2082099765	0.0858146612	0.0006914419	0.0014256571	0.0004421236
0	0.0006900853	0.0000051307	0.1442060263	0.6446417886	0.0659089876	0.1285022765	0.0107189842	0.0003756581	0.0049500421	0.0000010206
0	0.0162450865	0.0000000000	0.8261818572	0.0005116452	0.0451626956	0.0033689789	0.0054989838	0.0014198153	0.1015221070	0.0000888304
0	0.3226399810	0.0000228179	0.0097151344	0.4192010556	0.0001539128	0.0087683620	0.0596942130	0.1685831383	0.0079200772	0.0033013078
0	0.0269092659	0.0445089722	0.1344954764	0.3787876085	0.0000155673	0.2268661090	0.0545052588	0.1309707463	0.0000786548	0.0028623408
0	0.0003964659	0.0476541405	0.6623971591	0.1834000891	0.0369515063	0.0228935613	0.0449663939	0.0006367750	0.0003911615	0.0003127473
0	0.0005452288	0.0153074797	0.0035980569	0.5931485863	0.1322868610	0.0002401618	0.1748346091	0.0000000000	0.0009662802	0.0790727363
0	0.0060558745	0.0006029334	0.0016593466	0.0974037142	0.0000000525	0.3611751827	0.0204414975	0.0466092313	0.4660371753	0.0000149919
0	0.0140901512	0.0001584269	0.1014677962	0.0000024104	0.0000000000	0.0094021398	0.0020591107	0.5422351735	0.1640204743	0.1665643170
0	0.0017204262	0.1114183889	0.0001269279	0.1281554980	0.3827612391	0.0001728477	0.0106879680	0.3464600929	0.0184266541	0.0000699573
0	0.0051187837	0.1430611428	0.0451540548	0.1529376607	0.3869041636	0.1026891694	0.0001599629	0.0031376665	0.0000000070	0.1608373887
0	0.0000000019	0.0001323723	0.0835738264	0.2667508601	0.0080031400	0.0438944975	0.5826974820	0.0122646794	0.0015477205	0.0011354198
0	0.0000000000	0.0526504801	0.1642163104	0.2710263651	0.0033799874	0.0041299348	0.4885901903	0.0159823332	0.0000243974	0.0000000014
0	0.4452122774	0.0777595192	0.1436002998	0.1886747079	0.0089330597	0.0037576311	0.0000009377	0.0959202036	0.0361413635	0.0000000000
1	0.0000528130	0.0000010304	0.9097805191	0.0000502547	0.0046278622	0.0000060717	0.0315827077	0.0408981024	0.0016230786	0.0113775600
0	0.0570202941	0.0000000017	0.0000120380	0.3793603368	0.0911266010	0.1105103299	0.3304304448	0.0121577344	0.0091479733	0.0102342461
0	0.0486665976	0.0007019684	0.0226246185	0.0426688289	0.0235823698	0.1662315328	0.4407974957	0.2525641644	0.0021371940	0.0000252299
0	0.0063452425	0.0363535134	0.0650112966	0.5758416795	0.1157342654	0.0240525434	0.0000000000	0.0576229711	0.1170649830	0.0019735051
0	0.0000000000	0.0000837838	0.0000061686	0.2086566464	0.0377706580	0.5844581347	0.0000000892	0.1673012968	0.0017232225	0.0000000000
0	0.0025519983	0.0000000001	0.0161477322	0.0168099331	0.0000204217	0.7223356577	0.0006419200	0.1634479013	0.0540338903	0.0240105452
0	0.0459450631	0.0497922326	0.6846294637	0.0055805817	0.0924174344	0.1118682298	0.0078340855	0.0000000165	0.0000034155	0.0019294771
0	0.1608868952	0.2485750908	0.0007236611	0.5043055924	0.0184217326	0.0198864181	0.0000000173	0.0139277905	0.0000009379	0.0332718641
0	0.0186580583	0.0000267972	0.0635384649	0.5078946724	0.1251163185	0.0470190122	0.0003419667	0.0007475267	0.2284137603	0.0082434226
0	0.2030352645	0.0000000000	0.2398202734	0.0546964279	0.0590125850	0.0630466031	0.1313438336	0.0000288176	0.0655126074	0.1835035875
0	0.0000000908	0.0003613813	0.0032148826	0.3969277555	0.1814885130	0.2442373514	0.0057648498	0.1424811187	0.0000000000	0.0255240569
0	0.0921194026	0.0023216613	0.5838347933	0.0475295051	0.1730679830	0.0138501201	0.0000000000	0.0059754941	0.0225828919	0.0587181486
0	0.0014659950	0.0012906792	0.0601258865	0.1507213786	0.1799369905	0.0000000000	0.0002759160	0.3399721169	0.0137660756	0.2524449615
0	0.0000000406	0.0779983373	0.0306520182	0.5276719330	0.0000045397	0.0206473776	0.0033664999	0.2391255046	0.0959433208	0.0045904284
0	0.0000000008	0.0001500563	0.4737287731	0.1091059316	0.0001879562	0.3808848583	0.0223357698	0.0031317498	0.0000000068	0.0104748972
0	0.0064803426	0.0000999311	0.0006315996	0.9357789826	0.0034136908	0.0024677414	0.0384524354	0.0000058426	0.0115117382	0.0011576956
0	0.0163329860	0.0000008645	0.0190123468	0.1662283694	0.0303560725	0.0000000321	0.0554900418	0.2310613747	0.0000216169	0.4814962951
0	0.0000000000	0.0819213721	0.0018714220	0.3434515433	0.0014739547	0.1166374845	0.0280621147	0.1547819038	0.0041098589	0.2676903459
0	0.0122336925	0.0300323407	0.0267751454	0.0234067573	0.1100379902	0.1212023174	0.0128098815	0.0000152708	0.0126857968	0.6508008074
0	0.0025589433	0.0110606319	0.0035633227	0.1647329600	0.0224259771	0.0000000835	0.0440032339	0.0000682263	0.7078202101	0.0437664113
0	0.0625568014	0.0000000000	0.0000000000	0.0005997489	0.0256575088	0.0807171584	0.0017263035	0.2564800540	0.0634619325	0.5088004925
0	0.0368850210	0.3263295412	0.1969133578	0.0467326208	0.0001240283	0.0097392115	0.0103448327	0.0000005799	0.2925537919	0.0803770148
0	0.0254793989	0.0065916046	0.0000000002	0.2370067030	0.2254753688	0.0020629623	0.0136144614	0.2498538901	0.0644673082	0.1754483024
0	0.1052178624	0.0000000066	0.0156809751	0.0018586343	0.0026388309	0.1610599707	0.0495345547	0.0434222955	0.0228570291	0.5977298408
0	0.1710353933	0.0000000093	0.0268018933	0.0646469797	0.1273568647	0.1799776933	0.0163160942	0.0788662418	0.1061432237	0.2288556066
0	0.0000001532	0.0129594569	0.0789345975	0.6581615993	0.0027794136	0.0277345445	0.0002253918	0.0747656796	0.0006105417	0.1438286219
0	0.1330664756	0.0858409886	0.0519132090	0.0080412441	0.0049531131	0.1620152175	0.0000000057	0.2355607669	0.0043697652	0.3142392143
0	0.0097991557	0.0280143148	0.0062305448	0.2494911094	0.0512410067	0.0000148696	0.0000000000	0.4231456125	0.0007258827	0.2313375037
0	0.0000000008	0.0001089474	0.0231542223	0.4064436913	0.0000285751	0.3436375863	0.0006645121	0.2119165914	0.0113636481	0.0026822251
0	0.0937917327	0.0000000000	0.0000912013	0.3174011770	0.0006006375	0.0059436122	0.1510643987	0.1739421232	0.2194716828	0.0376934345
0	0.0039895117	0.0000000613	0.5388160785	0.1488513277	0.0105284712	0.0098588652	0.0000704961	0.2875951755	0.0002900128	0.0000000000
0	0.0168468397	0.0115447616	0.6928310004	0.1191586375	0.0382798250	0.0890410089	0.0263883751	0.0003954642	0.0055139593	0.0000001283
0	0.0780647690	0.0191734589	0.2226290066	0.0212740341	0.0028229510	0.0059536414	0.0004781889	0.6459196980	0.0036818781	0.0000023738
0	0.0095285819	0.0599990886	0.0035643214	0.7680455085	0.0000186271	0.0340652263	0.0308393450	0.0839586840	0.0001237786	0.0098568386
1	0.0006414581	0.0000054424	0.0077961270	0.5919760857	0.1948817469	0.0092564087	0.0050200632	0.1408653607	0.0177510486	0.0318062586
0	0.0865346425	0.0872668037	0.0332154253	0.1262568397	0.0976379572	0.0682754118	0.0000850635	0.0658120887	0.2729335981	0.1619821696
0	0.0000000000	0.1018780036	0.0003107842	0.0286266345	0.0216980000	0.0003766930	0.0000000000	0.1306988778	0.5111358789	0.2052751280
0	0.0121115962	0.0000278601	0.0345231069	0.7019842213	0.0000000000	0.0874395619	0.0525155648	0.1039454297	0.0019774606	0.0054751985
0	0.0273965652	0.1420793988	0.1006197438	0.0348419175	0.0657042133	0.2724561531	0.3282902536	0.0163345355	0.0000000002	0.0122772191
1	0.0003922022	0.0373698141	0.0003292738	0.1870604315	0.0552214232	0.1761140567	0.0292883715	0.5139583111	0.0002606792	0.0000054367
0	0.0102880697	0.3211749229	0.4594808954	0.0410824593	0.0000000074	0.0733024939	0.0000023723	0.0816280120	0.0006064162	0.0124343509
0	0.0000016236	0.3736686978	0.0268555978	0.0580768521	0.0205073487	0.3878245739	0.0000000000	0.0000000107	0.1330627694	0.0000025260
0	0.0000000115	0.0000154512	0.2820885199	0.6094010999	0.0057783328	0.0749283828	0.0000194126	0.0053709910	0.0218419245	0.0005558740
0	0.0000000000	0.0003214026	0.0207187402	0.0431129092	0.1619158497	0.2733362205	0.0000000000	0.3547824297	0.1458124478	0.0000000002
0	0.0132704250	0.0361926923	0.0322083344	0.0739654312	0.0808285033	0.5568465950	0.0065627209	0.0254264476	0.1727013688	0.0019974816
0	0.2373593849	0.0641259642	0.0414669739	0.3005175031	0.0002508253	0.0069890858	0.1154495885	0.1232690244	0.0997660849	0.0108055650
0	0.0701382810	0.0824481328	0.0518448840	0.0368524306	0.0000698476	0.1514828419	0.3568047150	0.2503587622	0.0000000007	0.0000001043
0	0.0437866791	0.0061912124	0.0556026148	0.3449852414	0.0278406689	0.4576450320	0.0000701548	0.0013137096	0.0483993721	0.0141653147
0	0.0000000000	0.3099193844	0.0310240346	0.0154242186	0.1911243958	0.0006080578	0.0000021729	0.0820227971	0.3173014477	0.0525734912
0	0.1670502389	0.0235864975	0.0123682243	0.0070505511	0.0301941588	0.0623319906	0.0207210914	0.0021044256	0.2705555358	0.4040372860
0	0.0000333108	0.3782006645	0.2121249095	0.0643546385	0.1124081719	0.0889467308	0.0000031038	0.1439229995	0.0000000000	0.0000054706
0	0.0026844784	0.0263078470	0.1105180662	0.0026058226	0.0005435002	0.0000008102	0.0017037814	0.8049298848	0.0226739475	0.0280318616
0	0.0976673949	0.0189104397	0.4058837611	0.0844876970	0.0547543192	0.1306679612	0.0000000527	0.2052301039	0.0022509376	0.0001473325
0	0.0046319544	0.1402063178	0.0282915161	0.2511701602	0.0570577868	0.0304821959	0.4302042948	0.0101592060	0.0000028902	0.0477936778
1	0.0000521236	0.0067975222	0.0369280353	0.0079391681	0.0000000000	0.1183264887	0.0486600049	0.0800162502	0.0000000000	0.7012804069
0	0.0000409625	0.0000000002	0.0000000015	0.6506730811	0.0000000006	0.0312990104	0.0195449937	0.0233528394	0.0015422152	0.2735468954
0	0.0530397656	0.0000665471	0.0001138904	0.0720603158	0.1157060918	0.0804336274	0.0367576593	0.1157476889	0.2313043258	0.2947700878
0	0.1560592471	0.2563157029	0.1221357433	0.0150015555	0.0012507399	0.1152189716	0.0012971060	0.0818587826	0.0362734850	0.2145886660
0	0.0845394317	0.0296639957	0.0002147838	0.2083042447	0.0004927039	0.0501240113	0.0382020843	0.0000041133	0.0446156954	0.5438389358
0	0.0310234606	0.0130888083	0.4202984266	0.4947550749	0.0006338764	0.0237814731	0.0043506889	0.0016268075	0.0000000000	0.0104413838
0	0.0000000324	0.0000042491	0.1707904274	0.1022876433	0.0781045826	0.1330837048	0.1776938453	0.2230930461	0.1149338266	0.0000086423
0	0.0000018980	0.1028884860	0.0039369652	0.6350942333	0.1502051514	0.0034683340	0.0179466098	0.0449084682	0.0394882783	0.0020615758
0	0.0020664618	0.0768011658	0.0671615129	0.0000034904	0.0818465921	0.2487814398	0.0995447764	0.1670248765	0.2567238912	0.0000457931
0	0.2389933092	0.4743721842	0.0000287119	0.0472084815	0.1136258584	0.0676894459	0.0000000001	0.0180828736	0.0032322308	0.0367669045
0	0.0343471631	0.0919872158	0.2933138268	0.0023657683	0.0315502346	0.0079285749	0.0000232809	0.0079217595	0.5304832144	0.0000789619
0	0.2169199381	0.0227022829	0.0069832878	0.1434425030	0.0293959285	0.0000000000	0.0050084789	0.3007358214	0.0173281346	0.2574836249
0	0.0069568620	0.0010286108	0.0000000000	0.3555416959	0.1331977337	0.0101681726	0.0000000000	0.3996628614	0.0240972080	0.0693468556
0	0.0019929265	0.0003376267	0.7013574602	0.0299041277	0.0057540061	0.1777046921	0.0000000000	0.0768469479	0.0061022126	0.0000000000
1	0.0331578770	0.0142264370	0.0835127058	0.0038279714	0.0268893917	0.6926544963	0.0036815263	0.0939971102	0.0480524843	0.0000000000
0	0.1232744290	0.0228471689	0.0000000000	0.0253073382	0.8141007342	0.0048641824	0.0000008147	0.0069639462	0.0000000000	0.0026413865
0	0.0024563700	0.0000000000	0.0021534146	0.8785710705	0.0280826989	0.0714807099	0.0000000005	0.0116155552	0.0055967054	0.0000434748
0	0.0000000000	0.0064280471	0.2910129444	0.1899263295	0.1066834938	0.0000000000	0.0640649854	0.3282451573	0.0000108048	0.0136282378
0	0.0395448619	0.0230163678	0.0020928657	0.6062424224	0.0084857872	0.1572604813	0.0427522416	0.0536474891	0.0669574601	0.0000000229
0	0.0272748635	0.0020436750	0.1347576968	0.6968620098	0.0010295241	0.1325987849	0.0003216342	0.0000131157	0.0004350337	0.0046636623
0	0.0241218324	0.0065078361	0.0697720970	0.0469881299	0.8259849998	0.0038552438	0.0006788164	0.0033460174	0.0132308351	0.0055141920
0	0.0000238626	0.0356883967	0.4822814583	0.0003964238	0.3168545802	0.0576928933	0.0128173836	0.0542365979	0.0179204070	0.0220879965
1	0.0003162450	0.0000306961	0.0124198049	0.4979156470	0.0485122632	0.2905982393	0.0182045828	0.0109931797	0.1210075574	0.0000017846
0	0.0000000008	0.0119929094	0.0000000235	0.0000717853	0.3953582028	0.0236948929	0.4455053456	0.1160522015	0.0000000000	0.0073246381
0	0.0165647808	0.0195730521	0.1029425392	0.0923946129	0.0005268204	0.0346081371	0.0185406113	0.2920110504	0.4085498804	0.0142885155
0	0.0000000000	0.0380208415	0.2096903224	0.0609899222	0.0498035314	0.0507285518	0.0007029617	0.5620602456	0.0001974224	0.0278062011
0	0.0000003120	0.0000000000	0.1979799551	0.5484138692	0.0234246437	0.0175039317	0.0002449413	0.0000000000	0.1969259873	0.0155063598
0	0.1067505081	0.1808382718	0.0392733566	0.1545514871	0.0782213983	0.4195022986	0.0000055303	0.0015939612	0.0000076371	0.0192555508
0	0.0000032997	0.3671086994	0.2175813885	0.0720227281	0.0000225467	0.0001129938	0.3171400553	0.0057557017	0.0202493958	0.0000031910
0	0.0007312328	0.0000003257	0.0235925062	0.0554709806	0.1108871528	0.0223626569	0.0182385621	0.5853005676	0.1834160153	0.0000000000
0	0.0000000000	0.0051361232	0.0055548684	0.8259796653	0.0009641709	0.0007787899	0.0000004951	0.1606453914	0.0000189480	0.0009215478
1	0.0461452825	0.5225048926	0.1332321174	0.0095215580	0.2320740702	0.0176496736	0.0000036634	0.0122238366	0.0000000002	0.0266449056
1	0.0057906148	0.0232576567	0.0000000000	0.0583497419	0.0361988037	0.0764529236	0.0001765659	0.7959175352	0.0038561554	0.0000000027
0	0.0000000000	0.0018905878	0.1291959719	0.4231546162	0.0231706153	0.3430595985	0.0350694841	0.0008391333	0.0002976058	0.0433223870
0	0.1624473193	0.0064383854	0.0245371792	0.2325618214	0.4704999908	0.0659645916	0.0020883905	0.0267383185	0.0048291966	0.0038948066
0	0.0000000033	0.0774919091	0.1178941077	0.2621993565	0.1383859733	0.0034877251	0.0794254091	0.2194782658	0.1013403788	0.0002968711
0	0.0043638533	0.1605467551	0.0621724977	0.1311449932	0.0781441913	0.5078639019	0.0463413112	0.0044855455	0.0047504755	0.0001864752
1	0.0001467698	0.0075151722	0.0896554964	0.3367516648	0.0520297194	0.3398185029	0.0003227578	0.1472040362	0.0023121135	0.0242437668
0	0.0037097353	0.0243280242	0.2830684033	0.0481123691	0.0000100173	0.0338419146	0.0005128029	0.5633044317	0.0000385704	0.0430737311
0	0.0362441985	0.0033237464	0.6180263078	0.1586119058	0.0000093207	0.0000020673	0.0161135770	0.0680797188	0.0307272124	0.0688619453
0	0.0287292927	0.1566675453	0.0299934739	0.1134537795	0.0063786851	0.0116104833	0.5590343634	0.0413020480	0.0140247300	0.0388055989
0	0.0731511781	0.0000260552	0.0096751257	0.0829211108	0.0355964053	0.0901243713	0.2322603281	0.4664902722	0.0000000002	0.0097551530
0	0.3103096727	0.0001465708	0.1425980385	0.1596597917	0.0026889080	0.0019306864	0.0549096664	0.0125897736	0.3074768266	0.0076900651
0	0.0957229374	0.0000000000	0.0111268539	0.6381259913	0.0000000548	0.1052495066	0.1028576496	0.0000000224	0.0161845976	0.0307323865
0	0.0338362206	0.0828873737	0.0521559084	0.1112750998	0.0003534917	0.3176459000	0.0007691152	0.3006091708	0.0620829606	0.0383847592
0	0.0157991638	0.0861234437	0.0021616691	0.1843524195	0.0000313493	0.0553739016	0.1570339441	0.0000311772	0.0000026203	0.4990903115
0	0.0097143371	0.0011234223	0.0175214102	0.1740950878	0.2700330608	0.1190566708	0.0000279028	0.3482571085	0.0370031020	0.0231678977
0	0.0443264563	0.0000749984	0.0019141457	0.9053595430	0.0005264370	0.0172382013	0.0000306089	0.0262145467	0.0043124913	0.0000025713
0	0.0066787122	0.0026023848	0.0003816559	0.0293364551	0.2762574675	0.0228041230	0.0004018623	0.6615373391	0.0000000001	0.0000000000
0	0.0235540441	0.0009602988	0.4183221831	0.0954516697	0.0020966633	0.0003018124	0.0000091947	0.3309057724	0.0000000185	0.1283983430
0	0.0773696914	0.0059452040	0.0823787273	0.0242942144	0.4180500216	0.0128231327	0.1082668297	0.0548214141	0.1914098374	0.0246409274
0	0.0589934332	0.0649670030	0.2577906521	0.5558600746	0.0142644339	0.0068516660	0.0344722666	0.0024915369	0.0043087571	0.0000001767
0	0.0416909293	0.0045699960	0.3490322759	0.0300479538	0.0002754691	0.0120787383	0.0016254767	0.4328497672	0.1130083732	0.0148210204
0	0.0170792289	0.0000000000	0.0332560782	0.0013870076	0.0000511330	0.0325220319	0.0187748683	0.0004453354	0.0464890116	0.8499953053
0	0.1800930483	0.0488830541	0.0007688665	0.0199085054	0.0033646167	0.4214401512	0.0078581586	0.0018635069	0.2376996289	0.0781204633
0	0.0003923477	0.0091494001	0.0254060894	0.0726968184	0.0003537857	0.0032410959	0.0082957716	0.8423090035	0.0042884815	0.0338672060
0	0.0608825296	0.0000501486	0.0011563168	0.0236007863	0.0423108665	0.0000000000	0.0007112777	0.7444394180	0.0000321607	0.1268164958
0	0.0000000000	0.0001849890	0.1088843150	0.0027964597	0.5514981480	0.0343585147	0.0009430177	0.0095206408	0.2880432777	0.0037706374
0	0.5799757517	0.0235635387	0.0054920248	0.1997431753	0.0326717322	0.0039479712	0.1355129300	0.0008413565	0.0179734989	0.0002780206
0	0.0298042589	0.0249757593	0.0020800479	0.7852524082	0.0065247757	0.0009913796	0.0000217559	0.0023331294	0.0000000000	0.1480164852
0	0.0162885407	0.0278333756	0.0580442313	0.0605506346	0.0519004909	0.6775288454	0.0172146413	0.0210324116	0.0678003486	0.0018064800
0	0.0613194675	0.0000146695	0.7332856585	0.0215794158	0.0000000001	0.1118971517	0.0599733475	0.0000000009	0.0109193016	0.0010109869
0	0.0001107943	0.0836156609	0.0364587945	0.1404657150	0.0009629294	0.5422520995	0.0151174322	0.1748814045	0.0000000019	0.0061351680
1	0.0000001512	0.0878312178	0.0000000063	0.0000000000	0.3654706830	0.0069139631	0.0024563205	0.4376125664	0.0000059837	0.0997091081
1	0.0023142971	0.1438183916	0.0028041741	0.7301819457	0.0164368293	0.0025869157	0.0000101216	0.0862365524	0.0000085305	0.0156022421
0	0.2241727370	0.0192509239	0.1182065560	0.0000000136	0.4959111955	0.0000000676	0.0000000646	0.0979440410	0.0431981261	0.0013162747
0	0.0000000028	0.0398481704	0.0093441873	0.3081094690	0.0000007620	0.1960014157	0.2552891172	0.0819528729	0.0721570582	0.0372969444
0	0.0350780013	0.0538479427	0.0000022674	0.4307826863	0.0747206428	0.0000000004	0.0867412852	0.0354202466	0.0658351215	0.2175718059
1	0.0775392930	0.0904883075	0.3206749040	0.0091687355	0.0098012901	0.0051277395	0.0000000000	0.1237160240	0.2949661615	0.0685175448
0	0.0467317684	0.0012346574	0.0044542947	0.6110511167	0.1001557740	0.0727980467	0.0637533012	0.0136165871	0.0795455810	0.0066588729
0	0.0246351077	0.0001477058	0.0477668252	0.7953031293	0.0197190611	0.0063443290	0.0034475800	0.0838028024	0.0048011147	0.0140323447
0	0.0000000000	0.0000041037	0.1662585886	0.1337198931	0.0009969198	0.0392802949	0.0016212256	0.0000000004	0.0000000032	0.6581189706
0	0.0079203945	0.1272871714	0.0477774938	0.0347394803	0.1675038547	0.2045384246	0.0006921273	0.3217047177	0.0260030253	0.0618333104
0	0.0777994272	0.0106847383	0.2211267749	0.0017010707	0.0001550097	0.0135490579	0.6338486309	0.0052030704	0.0006391215	0.0352930983
0	0.0550631781	0.0000000030	0.3601476032	0.2002181757	0.0492252431	0.2498510307	0.0476252204	0.0153699627	0.0001729845	0.0223265985
0	0.0026714044	0.0831227076	0.3976436925	0.0965246434	0.0551359981	0.1506772564	0.0000193598	0.0837148175	0.0533683899	0.0771217304
0	0.0250645469	0.0050482480	0.0084459460	0.0667379240	0.0001340259	0.8587788818	0.0020326265	0.0337264400	0.0000312638	0.0000000971
0	0.0000000996	0.0350248329	0.0109588748	0.0813340574	0.0248929530	0.0062430023	0.0205922854	0.8090404284	0.0000987188	0.0118147475
0	0.0022717570	0.4760277311	0.0276625181	0.0000056942	0.0966224104	0.0548520117	0.2702742155	0.0000000000	0.0049166910	0.0673669709
0	0.0002270141	0.0106393099	0.3550408374	0.0055679749	0.0778681188	0.1429005441	0.0324410864	0.3596415484	0.0053344784	0.0103390876
0	0.0000667750	0.1077520320	0.1885150542	0.0274583685	0.1595049274	0.0000061565	0.4410953274	0.0370373609	0.0105835095	0.0279804885
0	0.0036224764	0.0343530556	0.0061498197	0.5636984938	0.0176123620	0.3677021089	0.0034411500	0.0004198416	0.0022427097	0.0007579823
0	0.0154356751	0.0335659486	0.0410472530	0.3491006581	0.0000003640	0.0173789124	0.0045719754	0.3480276148	0.1908704516	0.0000011469
0	0.1719670169	0.0004386953	0.0067534958	0.0123996885	0.7438490950	0.0054113596	0.0424958413	0.0098411853	0.0000000000	0.0068436223
0	0.6029921240	0.0087427564	0.0000027625	0.2706495749	0.0478242865	0.0570689805	0.0101045077	0.0012403533	0.0005229187	0.0008517356
0	0.0517190391	0.0033769085	0.0017363044	0.5913656404	0.0014429268	0.0011126314	0.0007690833	0.2402216595	0.0136156573	0.0946401491
0	0.5691413939	0.0000000344	0.2542942858	0.0046403135	0.0260501608	0.0543160895	0.0000000000	0.0159873377	0.0054848251	0.0700855593
0	0.0000000883	0.1190525729	0.1541130097	0.3979446274	0.0054516788	0.1297659661	0.0873202706	0.0269182270	0.0794335070	0.0000000522
0	0.0181381949	0.1592447615	0.0340684761	0.0200754587	0.0000001203	0.1925190481	0.1723403394	0.0001913313	0.0554148830	0.3480073865
0	0.0000000000	0.0777682023	0.0000000904	0.5297690152	0.0001554024	0.2389337816	0.0073653724	0.0267690891	0.0106845026	0.1085545440
0	0.0011482115	0.0021195160	0.0009495716	0.9153171534	0.0000000428	0.0000404691	0.0571064722	0.0048650665	0.0184339474	0.0000195495
0	0.0415855893	0.0256772691	0.0705132620	0.0386659259	0.4283887052	0.2645280610	0.0202152605	0.0634515865	0.0197579119	0.0272164286
0	0.0008584659	0.0868859096	0.0089770166	0.4635901000	0.0001793698	0.0055753508	0.0738365439	0.2366696606	0.1039134573	0.0195141255
0	0.0000000000	0.0150128594	0.0507499919	0.5469609416	0.0019163340	0.0002022786	0.2658997098	0.0000000002	0.0705818267	0.0486760578
0	0.0326613182	0.0137055578	0.0704804911	0.1771155371	0.4222749260	0.0175816273	0.0927137056	0.1692484469	0.0042183817	0.0000000083
0	0.0005230283	0.0028527328	0.0106680834	0.6160239308	0.0267758221	0.2307696655	0.0291619226	0.0375472967	0.0135790628	0.0320984548
0	0.0013900508	0.0123630072	0.0200951059	0.0956233823	0.0375940187	0.1327532393	0.0000000000	0.4998633851	0.1342639976	0.0660538131
0	0.0000005316	0.2220937988	0.1031807464	0.3143223048	0.0478319485	0.1970131066	0.0000000000	0.0125907453	0.0000048266	0.1029619914
0	0.0000000521	0.3608244441	0.0298155081	0.0199841017	0.2518058105	0.0781979483	0.1092755052	0.0148870234	0.1352096064	0.0000000000
0	0.0235056277	0.0010340099	0.0224168595	0.6035097230	0.0000000001	0.0266886720	0.2950486836	0.0099485716	0.0000081083	0.0178397444
0	0.3958346488	0.2659178898	0.0609204830	0.0000033097	0.0037616130	0.0670844720	0.0711156494	0.1352244293	0.0001375050	0.0000000000
0	0.0024411954	0.0000000139	0.1282903763	0.0094705555	0.0527556780	0.2582769982	0.0008542842	0.0414431951	0.5056089056	0.0008587977
0	0.0486827606	0.0000010845	0.0177664694	0.3482350386	0.0000000000	0.0753647949	0.1676123207	0.1126430848	0.0026580359	0.2270364104
1	0.0547680102	0.0000000095	0.0002566171	0.3418761723	0.0000000114	0.1711704517	0.0263338398	0.3939253245	0.0024322483	0.0092373153
0	0.0058404626	0.0017437452	0.0000003169	0.0796868705	0.0703582770	0.1140971290	0.0000008046	0.1810159205	0.0288271428	0.5184293309
0	0.0323834277	0.0452632871	0.0572357013	0.6210963513	0.0422783030	0.0001094092	0.0958761315	0.0000008129	0.0257816837	0.0799748924
0	0.0000051410	0.1537503835	0.0029645220	0.6865863522	0.0000992521	0.0000000003	0.0260596873	0.0086910325	0.0723272297	0.0495163994
0	0.0087371731	0.0000000118	0.0457110510	0.0450712308	0.0028442676	0.0675061902	0.1251872196	0.6694800365	0.0003025666	0.0351602529
0	0.0000000000	0.0370636576	0.2649228254	0.0123216264	0.0316790084	0.0285385984	0.0209928244	0.0022631181	0.1180337826	0.4841845588
0	0.1207822921	0.0000378347	0.1218099540	0.3307869886	0.0106566926	0.4148155464	0.0000000000	0.0000000001	0.0011106914	0.0000000000
0	0.0000162008	0.0843379856	0.0000000016	0.6292702486	0.0053202678	0.0543298696	0.0000337412	0.0000064331	0.2266823714	0.0000028803
0	0.0034633517	0.1508458438	0.0457109324	0.6476813075	0.0099055210	0.0000113330	0.0000008433	0.0009845821	0.1353908114	0.0060054739
0	0.0000000000	0.1131526887	0.0076150181	0.2003549053	0.0025314428	0.4052120942	0.0290010323	0.2075435249	0.0207931630	0.0137961307
0	0.0125552743	0.0000000000	0.5218366121	0.4320907724	0.0158137832	0.0018132921	0.0000000525	0.0149639609	0.0006646861	0.0002615663
0	0.0060705474	0.0000002814	0.0280998429	0.1637634818	0.1143921956	0.1454959334	0.0029554829	0.5075490951	0.0134292026	0.0182439369
0	0.0000000000	0.0000102402	0.0160268920	0.8927388664	0.0000000236	0.0824834642	0.0000000000	0.0021371578	0.0003490502	0.0062543056
0	0.3978425289	0.0239693235	0.0161912050	0.1223175498	0.0194738750	0.1301929725	0.0233070064	0.1294033753	0.0400552677	0.0972468960
0	0.0003809027	0.0257982764	0.0000948839	0.1617687794	0.0000000000	0.0062415070	0.0550080421	0.7199169471	0.0159193423	0.0148713190
0	0.0619692980	0.0380559065	0.2879368207	0.0050904455	0.0069168906	0.4108327491	0.0001901506	0.0047919868	0.1556813600	0.0285343921
0	0.0164353684	0.0000021863	0.5489269523	0.1328378053	0.0561795791	0.0633944510	0.1148626069	0.0009637444	0.0663896988	0.0000076075
1	0.0102448550	0.0000000000	0.0879941615	0.2386128433	0.2968368631	0.0430176528	0.3115688861	0.0109928582	0.0007308249	0.0000010550
0	0.0000000167	0.0003994378	0.3808274214	0.0375128267	0.3240009642	0.1081221700	0.0320082353	0.0103871647	0.1067398749	0.0000018882
0	0.0403512222	0.0295860369	0.0772404488	0.6134316873	0.0739117214	0.0424423903	0.0060353818	0.0603983101	0.0498544385	0.0067483629
0	0.1535574627	0.0013032503	0.0191821337	0.0500365538	0.0024713345	0.0159590160	0.0000798151	0.7564083572	0.0010020766	0.0000000000
0	0.0014751876	0.0340273015	0.1810455319	0.4106029153	0.0702492584	0.0727452728	0.0529803750	0.0144627811	0.1622086602	0.0002027162
0	0.0006787937	0.0000000153	0.0435303482	0.0425998433	0.0875478882	0.0076771333	0.0164469745	0.0319327667	0.0001694930	0.7694167437
1	0.0068018762	0.0324950443	0.3014773415	0.0366674055	0.0139146918	0.4584951944	0.0092604358	0.0922059767	0.0032138509	0.0454681829
0	0.0277965995	0.0039134503	0.1128677648	0.0998367615	0.0252135652	0.2185941505	0.0000000000	0.0337582462	0.4304236710	0.0475957910
0	0.0000001059	0.0001973010	0.2359927683	0.5205777706	0.0601612112	0.0955135924	0.0000000000	0.0068089229	0.0000045489	0.0807437789
0	0.0000048634	0.2250967938	0.0000064830	0.1316618857	0.0039336566	0.1103661908	0.2215997231	0.2285736013	0.0769881084	0.0017686940
0	0.0000017084	0.0195361370	0.0000000000	0.6080317294	0.0495126291	0.0000106637	0.1382898371	0.1545822177	0.0231939459	0.0068411318
0	0.7915459331	0.0548288021	0.0204088815	0.0283895139	0.0002615173	0.0049646461	0.0213365804	0.0281346633	0.0490268031	0.0011026591
0	0.0008704108	0.0202545231	0.1430146508	0.0001093341	0.1906553577	0.3127852979	0.0000007913	0.0308295897	0.0097310306	0.2917490141
0	0.4201197705	0.0028016214	0.0844686642	0.1495329484	0.0736702909	0.1529271981	0.0064427863	0.0952032580	0.0017365688	0.0130968934
0	0.0000316385	0.0000000102	0.0144146103	0.1634004530	0.1455123753	0.5054060616	0.1158059875	0.0186380144	0.0051590774	0.0316317718
0	0.2057073107	0.0000000000	0.0509167744	0.2149972720	0.0000229254	0.1153447644	0.0000024689	0.0906244067	0.0343203987	0.2880636789
0	0.0079684946	0.0000701672	0.0000815779	0.0211439528	0.0010865536	0.0027848800	0.4228761049	0.0000017356	0.0922017292	0.4517848042
0	0.0034302732	0.0000009359	0.0431681893	0.0086859294	0.0110671642	0.0124699843	0.0059304165	0.0000000000	0.2346876959	0.6805594114
0	0.0000000000	0.0046340653	0.0004004493	0.0070214186	0.0402643625	0.0002946335	0.0026638164	0.0495026603	0.8747162463	0.0205023479
0	0.0000000007	0.0031618269	0.1080355397	0.7329285077	0.0018200379	0.0208757527	0.0034774854	0.1169243846	0.0000000000	0.0127764645
0	0.0083132472	0.0000000829	0.0006881740	0.7267748428	0.0118747150	0.2317101437	0.0206381122	0.0000000000	0.0000002709	0.0000004113
0	0.0122605041	0.0000005799	0.3817375957	0.2760583798	0.0065799919	0.2756274699	0.0000000000	0.0299248269	0.0045648918	0.0132457600
0	0.0067507076	0.0074756918	0.1152284589	0.4564030397	0.0845866676	0.1624198432	0.0517551337	0.0249318306	0.0123487323	0.0780998947
0	0.0000000000	0.0157623241	0.0019944421	0.0286633295	0.2242351999	0.0841683891	0.0000000000	0.6344126225	0.0071574191	0.0036062736
0	0.0003224416	0.0017080245	0.0227505240	0.6660925722	0.0243787683	0.0071850623	0.0063258968	0.0402435115	0.0009968666	0.2299963322
0	0.0149450671	0.0001122668	0.0111135667	0.7146877011	0.0053677592	0.1016442615	0.0022459424	0.0128777003	0.0000797575	0.1369259774
0	0.0003563010	0.1432642906	0.2419742489	0.0006569804	0.0022013108	0.0010837955	0.2051038635	0.0623181697	0.2052549467	0.1377860929
0	0.0164848396	0.1065654676	0.1398864218	0.0011159148	0.1836526446	0.1175958389	0.1757851305	0.2584717679	0.0000004685	0.0004415057
0	0.0113459610	0.0000000319	0.0159722999	0.0093385724	0.0015224923	0.9404955612	0.0058220882	0.0000111376	0.0111879212	0.0043039343
0	0.5704673703	0.0317190756	0.2499108496	0.0000000000	0.0427881959	0.1015536744	0.0000000000	0.0000000000	0.0000289707	0.0035318634
1	0.0000059392	0.2211044689	0.0000000000	0.0508251498	0.4938025155	0.0145913933	0.0788551641	0.0486241927	0.0382501289	0.0539410474
2	0.0218790742	0.4133441389	0.1781539416	0.0941192463	0.0000000000	0.0176303661	0.0663587862	0.0542288911	0.1542844018	0.0000011536
0	0.0088501189	0.0000477875	0.0425809757	0.3282616118	0.2315452136	0.0415460679	0.0128949043	0.2419937980	0.0384345946	0.0538449278
0	0.0197723013	0.0000213458	0.0082387151	0.1372728151	0.0168864596	0.5610256928	0.0858154581	0.1165952945	0.0416994699	0.0126724478
1	0.1027131970	0.0489413793	0.1254505934	0.6366956513	0.0104262599	0.0522156963	0.0003957538	0.0000000000	0.0068735961	0.0162878730
0	0.0002926246	0.0000000000	0.0151318813	0.5966217095	0.0008591723	0.0016374114	0.0002955514	0.0042191669	0.1997968375	0.1811456452
0	0.0401312470	0.0000014485	0.0795159784	0.0450442893	0.2627143438	0.1186785099	0.0220865418	0.2816819309	0.1343537089	0.0157920015
0	0.0164504133	0.0622039432	0.1279724014	0.0205303247	0.1798859999	0.0029407905	0.0673695669	0.4461904448	0.0667195269	0.0097365884
0	0.0016222257	0.0000778073	0.1145017527	0.0854909444	0.0763584849	0.0144897827	0.0889222420	0.0077380863	0.0000505863	0.6107480878
0	0.0053330211	0.0051811858	0.0154731129	0.8207269996	0.0286835877	0.0567111087	0.0000000000	0.0478594403	0.0199858528	0.0000456912
0	0.0679891242	0.0000001687	0.0000000055	0.6102608956	0.0403262586	0.0700782515	0.0787477374	0.0838750461	0.0250651101	0.0236574022
0	0.0002191708	0.0011921067	0.2921776218	0.0354341366	0.1883339546	0.0056584232	0.0126502415	0.2186135535	0.1067270630	0.1389937283
0	0.0059801396	0.3267011873	0.0036667765	0.0317280334	0.0114439953	0.2855509227	0.0000000000	0.0106432166	0.3240785530	0.0002071757
0	0.0609280429	0.0096333533	0.0938500663	0.1670911779	0.2526454178	0.0001525872	0.3396845096	0.0758981354	0.0000000965	0.0001166131
0	0.0000000000	0.0274435034	0.0049778787	0.3886002393	0.0137260481	0.0007042038	0.1559258447	0.0530801293	0.1283743828	0.2271677699
0	0.2422689616	0.0000000000	0.0000908254	0.3498036558	0.0027422172	0.3286156414	0.0761076291	0.0002921827	0.0000788869	0.0000000000
0	0.0167941790	0.0002454793	0.0711008230	0.3327857220	0.2227934352	0.1090715293	0.0000632011	0.2368035459	0.0000840976	0.0102579877
0	0.0000000000	0.0092708443	0.2649199874	0.0096839585	0.0567184085	0.0076199090	0.6136712030	0.0063341428	0.0293526957	0.0024288508
0	0.0575667282	0.0239625155	0.0000014998	0.0649127553	0.3381138119	0.0000000267	0.3397544171	0.0549077217	0.0541843015	0.0665962222
0	0.0109395738	0.0008622258	0.0027387698	0.0582569663	0.0453719499	0.0789249473	0.3672328454	0.2659262772	0.0002996060	0.1694468385
0	0.0175104395	0.0169188514	0.3922951632	0.0307171452	0.4388655615	0.0002288561	0.0175043652	0.0010496969	0.0686691436	0.0162407774
0	0.0000000000	0.0279114368	0.0185153849	0.0437928505	0.1278988242	0.3512451833	0.0833440464	0.3467894363	0.0000003096	0.0005025281
0	0.0077030589	0.1559094684	0.0000000613	0.0173598017	0.0035404004	0.1501239957	0.0000000001	0.0244117248	0.2542708087	0.3866806799
0	0.0241287568	0.0744963557	0.3380068203	0.0441570061	0.0000000012	0.0525906484	0.0552542168	0.2489568018	0.1480118082	0.0143975847
0	0.0011791336	0.2084938982	0.0045183159	0.0102204172	0.0026831039	0.6563743554	0.0748118236	0.0167192808	0.0128879510	0.0121117203
0	0.0355032236	0.0639411630	0.3505871462	0.2060608103	0.0230955235	0.1124094465	0.0000000142	0.0965462745	0.1118430216	0.0000133767
0	0.0000000000	0.0000000000	0.0186337986	0.4904068408	0.0881169843	0.0037587436	0.0042433483	0.1614133709	0.0933777387	0.1400491747
0	0.0000105996	0.0138441225	0.2582323993	0.2921769064	0.0230182511	0.3602010045	0.0001685781	0.0000000000	0.0007366897	0.0516114486
0	0.0133120797	0.0076028378	0.0222755812	0.3155119197	0.4816012280	0.0006485196	0.0891672155	0.0010918010	0.0007120896	0.0680767279
0	0.1932694476	0.0002746866	0.1341540099	0.0062427046	0.0000087382	0.1057249319	0.0000000000	0.0044245867	0.0000000735	0.5559008210
0	0.0428711910	0.0370419417	0.7303929448	0.1046995035	0.0052771075	0.0198460935	0.0000000352	0.0447832693	0.0077066469	0.0073812666
0	0.2633745943	0.0093043492	0.0262220100	0.0882690585	0.1519349513	0.3361621736	0.0440090084	0.0335191678	0.0465289778	0.0006757090
0	0.0464459646	0.0000008962	0.0015658801	0.6674399801	0.0098221579	0.0107577852	0.2426860240	0.0210498577	0.0002314540	0.0000000000
0	0.0843218112	0.0559452226	0.0049441567	0.6360088695	0.0000000003	0.0292980786	0.0822060988	0.0280638292	0.0776746987	0.0015372346
0	0.0000669525	0.0000000159	0.1053926617	0.0006365606	0.0059654266	0.0914404198	0.0289798006	0.7180566747	0.0479258456	0.0015356420
0	0.0608462779	0.0246707444	0.0006226065	0.0121842376	0.0012116135	0.0202426327	0.0002117938	0.7930062632	0.0855970116	0.0014068189
0	0.0099671101	0.0000297110	0.5474785678	0.0321863010	0.1699617485	0.0059621947	0.1273140005	0.1050397656	0.0020221596	0.0000384412
0	0.0255716318	0.0390390833	0.6612779855	0.0529168827	0.0033606893	0.1250563920	0.0000000000	0.0030639824	0.0099288284	0.0797845247
0	0.0369878948	0.3690484217	0.0005303138	0.0724267226	0.0427825600	0.0055000217	0.1720954728	0.2994741242	0.0000000002	0.0011544683
0	0.0000000000	0.0228670278	0.1118191597	0.7008096956	0.0001194834	0.0721275820	0.0111982706	0.0002348353	0.0808239446	0.0000000010
1	0.3633885118	0.0099469074	0.0272877113	0.1221976473	0.0598476981	0.0001233573	0.3645672711	0.0281675923	0.0220720757	0.0024012277
0	0.4146635851	0.0374649255	0.0188112464	0.0110226323	0.3203873269	0.0001118041	0.0201396042	0.1579428785	0.0194559970	0.0000000000
0	0.0000000000	0.0471180814	0.1662169094	0.0209436300	0.3745890050	0.1338108703	0.0125538827	0.0087922732	0.0000000000	0.2359753480
0	0.0121970594	0.0069532726	0.2385653421	0.2477206683	0.0000219250	0.0329240689	0.0273295069	0.3341299828	0.0698210171	0.0303371569
0	0.0587131559	0.0032072678	0.0006177025	0.7088955952	0.0646208423	0.0721703560	0.0027863364	0.0597604993	0.0212759553	0.0079522893
1	0.0000000000	0.1209171016	0.0365830676	0.6565005991	0.0000001213	0.0953441730	0.0000000528	0.0272046396	0.0634502452	0.0000000000
0	0.0004252892	0.2449468270	0.0080906163	0.5819182246	0.0013586053	0.0479447562	0.0068257286	0.0000006140	0.0571555205	0.0513338184
0	0.0278511997	0.0000053295	0.0394329217	0.3498076092	0.0575387408	0.1644090613	0.0550109030	0.1754665841	0.0062198904	0.1242577604
0	0.0301696012	0.0320607228	0.6012986883	0.0085612620	0.0628211244	0.0000000000	0.0048062060	0.0072202689	0.0068539254	0.2462082010
1	0.1301056152	0.0209963982	0.0617789224	0.2540657036	0.0028980549	0.2433352897	0.0000000794	0.0447876084	0.2060606600	0.0359716682
0	0.0001294312	0.0087249672	0.1763526520	0.2479674603	0.1779440045	0.0000048616	0.0081107974	0.0303835103	0.3115132548	0.0388690607
0	0.0000037423	0.4959521105	0.1195148380	0.0000760413	0.0264032987	0.3358940092	0.0000034409	0.0114866319	0.0106353357	0.0000305516
0	0.0000007267	0.4110656693	0.3613447448	0.0019821114	0.0026045461	0.2102215634	0.0009134526	0.0058286237	0.0060385620	0.0000000000
0	0.0046628431	0.0000000000	0.0418117402	0.0305528831	0.0155345283	0.8253046898	0.0530391612	0.0085126535	0.0193872736	0.0011942271
0	0.0111265798	0.0032965864	0.1007040612	0.4046819629	0.0144857024	0.0241597620	0.0028503194	0.0581107194	0.3324729123	0.0481113942
0	0.0000000268	0.0307386292	0.2598544190	0.1528870842	0.0000000008	0.2116802044	0.0000000002	0.1591349879	0.0792072626	0.1064973848
0	0.0002620197	0.0012308048	0.0071676996	0.0000058340	0.0150303943	0.8885612714	0.0161560165	0.0005388025	0.0515445347	0.0195026226
0	0.0006371642	0.2433144329	0.0389553434	0.0275817034	0.3226154324	0.0074457336	0.0569901387	0.2034975576	0.0827523106	0.0162101831
0	0.0127522040	0.0303609725	0.1106859426	0.7519946988	0.0000000000	0.0776641289	0.0136368566	0.0028440548	0.0000611416	0.0000000000
0	0.0002687300	0.0000000000	0.2571395033	0.0855927665	0.0002564423	0.0000318120	0.1138397092	0.3915941404	0.0795330377	0.0717438585
0	0.0360671511	0.0000000000	0.2438147386	0.1046788437	0.4397285290	0.0000261781	0.0050710221	0.0818019023	0.0788509236	0.0099607115
0	0.0922924396	0.0087149021	0.0000000685	0.0432417149	0.0337931913	0.2562090455	0.0015285969	0.2787050180	0.0873276087	0.1981874145
0	0.0000000009	0.0329611526	0.0003887862	0.0075118014	0.0035942332	0.0004896668	0.0020985621	0.9513109227	0.0015327048	0.0001121694
0	0.0000000000	0.0039083903	0.1204319225	0.1679974959	0.5292529839	0.0678571336	0.0000000000	0.0867991145	0.0006040495	0.0231489098
1	0.0000000000	0.0000158288	0.0025922193	0.6874321188	0.0274288443	0.0159862306	0.0037344238	0.2216394321	0.0195528808	0.0216180215
0	0.0439860149	0.0342273502	0.2348172290	0.3750840430	0.0390740864	0.0167565371	0.0017952960	0.0941121242	0.0377527137	0.1223946054
0	0.1207076186	0.0026679762	0.0513520760	0.0683472023	0.0012464435	0.3091321367	0.0425667533	0.3559276662	0.0102487314	0.0378033958
0	0.1395430954	0.0881534505	0.0866121844	0.5210905114	0.0177034923	0.1065072325	0.0000025205	0.0023140243	0.0134494924	0.0246239964
0	0.0000027385	0.1337610339	0.2040123821	0.1609806878	0.0743724066	0.0455323123	0.0140897851	0.3396211472	0.0196449854	0.0079825212
