0	0.0560484409	0.4623150146	0.0157943010	0.1290946437	0.2288457814	0.0081182339	0.0026863747	0.0080297261	0.0656633148	0.0234041689
0	0.1850760391	0.0633653727	0.0000186492	0.2055423269	0.2953154108	0.0077303565	0.2190343305	0.0101437285	0.0000000051	0.0137737807
0	0.0142553046	0.0000873288	0.0318226242	0.0818453955	0.7654874731	0.0439698283	0.0038816929	0.0569208062	0.0005841848	0.0011453618
0	0.1366969672	0.0037087312	0.0197623368	0.6920863846	0.0145886665	0.1048567791	0.0274065877	0.0003381202	0.0000000000	0.0005554268
0	0.4182215004	0.2869665168	0.0290621186	0.0012451002	0.1047479385	0.0831921921	0.0235698094	0.0401851834	0.0128084175	0.0000012231
0	0.2656947469	0.1244271470	0.5038355224	0.0001067082	0.0017911770	0.0086431395	0.0566839089	0.0006168004	0.0382006773	0.0000001723
0	0.0219380443	0.1400952805	0.2052016049	0.0099131557	0.0078268028	0.0003217676	0.0279698943	0.3669548934	0.0000000003	0.2197785561
0	0.0207724556	0.0027893926	0.0555893278	0.0027462066	0.0080646079	0.7719192660	0.0012141067	0.1360669718	0.0000000027	0.0008376622
0	0.0893138180	0.2119349516	0.1368710826	0.0195274611	0.0057507480	0.3127716434	0.0000000000	0.0567924688	0.1141178040	0.0529200225
0	0.0768801148	0.0000000006	0.1040091301	0.0676612614	0.0715706816	0.0373401680	0.1464807547	0.4948545114	0.0000275292	0.0011758482
0	0.0482463197	0.0335442571	0.0643145311	0.0188487094	0.0106678611	0.0173857000	0.0167867211	0.7797072252	0.0000000546	0.0104986207
0	0.0443948993	0.0021820515	0.1709745284	0.2218067670	0.1244589454	0.2682475286	0.0000017086	0.1149057382	0.0009133436	0.0521144894
0	0.0000076352	0.7755758550	0.0413784861	0.0223648294	0.0543314174	0.0878904947	0.0000001348	0.0000000000	0.0184447406	0.0000064068
0	0.0274969171	0.0587812789	0.2695377860	0.0761708223	0.0253129469	0.1684604368	0.0000011695	0.2135422938	0.0185934594	0.1421028893
0	0.1548394758	0.4339761755	0.0128669706	0.0175111856	0.0020515086	0.2958606053	0.0000199855	0.0021657607	0.0735145310	0.0071938015
0	0.0000000000	0.0000000000	0.0807110242	0.3095167181	0.2518357759	0.2699015829	0.0001012307	0.0703700645	0.0114631895	0.0061004142
0	0.0000097119	0.0444794235	0.5162411213	0.0088265446	0.1072349633	0.1300791895	0.0166321314	0.1258400812	0.0506516652	0.0000051681
0	0.0001171783	0.0041602676	0.1702455478	0.1612306363	0.0075254330	0.3130222032	0.0785107076	0.2054100806	0.0000602241	0.0597177216
0	0.0003664835	0.0684613058	0.0000000000	0.0004581271	0.0274703304	0.1303785599	0.0003003113	0.7669287738	0.0000001440	0.0056359642
0	0.0096250052	0.0034059066	0.0476018734	0.0485985846	0.1736974373	0.2413656042	0.3042676653	0.1712567487	0.0000249397	0.0001562350
0	0.0132570590	0.0621267111	0.1717812342	0.0013805382	0.0000000052	0.0940844943	0.0000943506	0.0000012502	0.6572581340	0.0000162232
0	0.0000000000	0.0628648915	0.5595829975	0.0000213220	0.0001725635	0.1932127008	0.0000013855	0.0174618564	0.1666822827	0.0000000000
0	0.0067286010	0.0000000102	0.0299740447	0.1007655494	0.1551833459	0.6885000966	0.0003021331	0.0127312158	0.0056064620	0.0002085414
1	0.1603751066	0.0519774096	0.1951788304	0.0000000000	0.0805064050	0.2282215422	0.2223534968	0.0320442523	0.0030723896	0.0262705676
0	0.0167111361	0.0569895981	0.3072332361	0.0085094637	0.1227504143	0.3551778182	0.0691992846	0.0007653155	0.0000000090	0.0626637245
0	0.0599546117	0.0000000000	0.0104113760	0.1982828387	0.0663877022	0.4903581795	0.0111974971	0.1039183799	0.0000997881	0.0593896267
0	0.5137357499	0.0163149544	0.1620737638	0.0142777613	0.0038199705	0.2735746031	0.0000002601	0.0162024997	0.0000000230	0.0000004140
0	0.0579369008	0.0000000859	0.0116229280	0.0012704951	0.0168734036	0.8585333377	0.0001199264	0.0410399956	0.0000479071	0.0125550198
0	0.0000872011	0.1968451254	0.0731286104	0.0715966536	0.0018211502	0.1219058017	0.2617843922	0.1614565696	0.0706255254	0.0407489704
0	0.1082871297	0.0859968917	0.2961688166	0.3108674622	0.1346875737	0.0104081004	0.0179923356	0.0000000000	0.0355915913	0.0000000987
0	0.0118639225	0.0083602240	0.1604323593	0.0438807339	0.4375371019	0.1351153085	0.0005613325	0.1970442604	0.0000000000	0.0052047571
0	0.0197093392	0.3001879679	0.0272790987	0.0008008747	0.5982974480	0.0041405232	0.0290601967	0.0031090994	0.0000379948	0.0173774573
0	0.0657164949	0.1774345496	0.0641068554	0.0137641438	0.5425314947	0.1164645454	0.0000134710	0.0000000012	0.0000420623	0.0199263817
0	0.0356018070	0.2123675344	0.6736692824	0.0138190996	0.0031402898	0.0000000050	0.0038570982	0.0439119709	0.0000000000	0.0136329128
0	0.1614047735	0.0094836119	0.0001508386	0.4961091900	0.0585343859	0.0856448951	0.1107498235	0.0001447464	0.0777777349	0.0000000001
0	0.0173158001	0.1713204868	0.0080289598	0.0011067732	0.5305545927	0.2611480181	0.0018586478	0.0038612893	0.0000779614	0.0047274707
0	0.0000000000	0.0160632552	0.0012386340	0.8856220755	0.0066322148	0.0036082788	0.0201490458	0.0147939621	0.0000000637	0.0518924702
0	0.0300705923	0.0655350771	0.8475125988	0.0000000006	0.0001707706	0.0109638766	0.0027650275	0.0246614998	0.0183201189	0.0000004379
1	0.0001341008	0.0123709050	0.0000000012	0.0282460322	0.0289792389	0.8598925059	0.0003486821	0.0194831639	0.0503704970	0.0001748730
0	0.0225942030	0.0001242893	0.2460894034	0.0856857630	0.0158795077	0.0963571637	0.5024427391	0.0187954110	0.0000181612	0.0120133587
0	0.1501739897	0.3008663056	0.0296446102	0.0101373958	0.0491505583	0.1355936378	0.0057251969	0.0000000000	0.1239075058	0.1948007999
0	0.0535167993	0.0011112011	0.3845765006	0.2779434203	0.0137141251	0.0900464559	0.1384610874	0.0041807040	0.0364497063	0.0000000000
0	0.0000002451	0.0548081355	0.0741105334	0.4676859580	0.3075995103	0.0548818468	0.0228116433	0.0013358363	0.0145595313	0.0022067600
0	0.0000153347	0.2316588445	0.5724503524	0.0107095819	0.0270180966	0.1250255089	0.0000000000	0.0131593304	0.0072153344	0.0127476162
1	0.0010710751	0.0221613573	0.0072788970	0.0018339365	0.9524197730	0.0035247518	0.0064658656	0.0014957056	0.0025090527	0.0012395854
0	0.0390171098	0.1951775919	0.1643026862	0.1542487025	0.1655199045	0.1439188783	0.0046477429	0.0977931672	0.0000464775	0.0353277393
0	0.0325376042	0.0074656603	0.2780653485	0.0000000093	0.0202886349	0.4438653849	0.0691985746	0.1485784691	0.0000000047	0.0000003096
0	0.3185342248	0.0028632969	0.0012196872	0.1333437647	0.0267867022	0.0362791005	0.0012340095	0.0012825128	0.1571995897	0.3212571116
0	0.0346038538	0.0779895644	0.0476812104	0.0000000000	0.0009990685	0.1607508327	0.0000000000	0.4595931383	0.2183612041	0.0000211278
0	0.1728678041	0.0000121122	0.4578653708	0.0204091793	0.0105368349	0.0624587886	0.0987504276	0.0000002289	0.0000000000	0.1770992537
0	0.0761366878	0.0018006121	0.3019872904	0.1843738914	0.0069965466	0.0006197776	0.0024391799	0.1585503550	0.0887817643	0.1783138948
0	0.0175544351	0.0007664937	0.0000000000	0.0640237478	0.7831870914	0.1257745842	0.0051259628	0.0016292385	0.0000379686	0.0019004779
0	0.0084298329	0.0003754445	0.0746648312	0.0843164906	0.0000000000	0.8091552684	0.0128521392	0.0021714488	0.0080345351	0.0000000094
0	0.0086617971	0.0869711090	0.0250840252	0.5431723528	0.0225963512	0.1633405625	0.0532324349	0.0010845907	0.0037451657	0.0921116108
0	0.1528929116	0.0002508371	0.0600009587	0.1244763474	0.6132044703	0.0000000001	0.0086702058	0.0231847106	0.0007588811	0.0165606773
0	0.0031562990	0.0418583320	0.7341475444	0.0671821613	0.1244938873	0.0012806700	0.0035566257	0.0000000018	0.0243244291	0.0000000495
0	0.1204766431	0.1915360376	0.1681366985	0.3326315739	0.0403146038	0.0876652388	0.0000000001	0.0054498937	0.0537893104	0.0000000000
0	0.0007774786	0.1987225993	0.1005142420	0.0690605894	0.0065945529	0.2126613355	0.2215350099	0.0747193613	0.1136237416	0.0017910894
0	0.0783176982	0.0921752703	0.2063800869	0.1996045171	0.0232924764	0.0781364971	0.0000369398	0.1264695544	0.0577676415	0.1378193181
0	0.0094772026	0.0284863707	0.0075964786	0.0335685318	0.1844132672	0.6706563638	0.0461921038	0.0025728295	0.0008896810	0.0161471712
0	0.4570828565	0.0398057731	0.0247186943	0.1967737810	0.0042745365	0.0869279223	0.1198767174	0.0433054189	0.0001445320	0.0270897679
0	0.0120168126	0.2783792891	0.1943246020	0.1502685255	0.0153613863	0.0544199881	0.0010668143	0.0000251853	0.0000001586	0.2941372382
0	0.0185352641	0.0000000003	0.3241640475	0.2950388415	0.0529725178	0.2146911448	0.0051035358	0.0683271132	0.0152134107	0.0059541244
0	0.0072171919	0.2876796813	0.1166476327	0.0284708926	0.0280611246	0.2656295929	0.0000000000	0.1013047693	0.0104153074	0.1545738074
0	0.3766047620	0.0839262719	0.0664759653	0.0531388433	0.1099166496	0.0837487836	0.0315681319	0.1716022807	0.0160092601	0.0070090516
0	0.0115788919	0.0031443919	0.0554411780	0.3578443861	0.1306705761	0.3299486900	0.0685850718	0.0243927082	0.0183934742	0.0000006317
0	0.1624766289	0.1296582330	0.0108740723	0.3425853363	0.0000000000	0.0073475073	0.0421526570	0.0019069989	0.1918517609	0.1111468054
0	0.6825962572	0.0672006655	0.0077654185	0.0341063112	0.0642488566	0.0777972855	0.0515754380	0.0001520709	0.0000452417	0.0145124548
0	0.1341593973	0.0019980457	0.0356016319	0.0123053148	0.6858382890	0.0431465801	0.0060447308	0.0566545209	0.0078506032	0.0164008863
0	0.0506969478	0.1572829443	0.0021583958	0.6488122321	0.0079039737	0.0054354528	0.0000000046	0.0198083152	0.1059079226	0.0019938111
0	0.0418820742	0.0203383417	0.1219374853	0.0448811793	0.1355361760	0.1322119740	0.0945248034	0.3901732284	0.0025902869	0.0159244507
0	0.0001040725	0.4717751868	0.3055885960	0.1016156196	0.0212004154	0.0102474634	0.0048644371	0.0596904151	0.0249137898	0.0000000042
0	0.0040488649	0.5021868174	0.0406577393	0.0370163704	0.0762447764	0.0114637583	0.0000000002	0.0368015686	0.0000262956	0.2915538089
0	0.4522885137	0.0185741271	0.0649790121	0.2627691714	0.1778230046	0.0212149865	0.0000334977	0.0000063776	0.0023113093	0.0000000000
0	0.5925563994	0.0260855776	0.0000576411	0.0730199938	0.0898502077	0.2072457698	0.0001266348	0.0000001230	0.0000019542	0.0110556987
0	0.0000163338	0.0190809451	0.1754005178	0.4462078318	0.0592616346	0.2613787336	0.0080370611	0.0012551355	0.0000000000	0.0293618068
0	0.2574554349	0.0157793246	0.0060699641	0.0138773964	0.0130537092	0.2929260739	0.0181695577	0.0336833558	0.3443106370	0.0046745463
0	0.0044287899	0.0004810353	0.4017902998	0.0030396266	0.0005635554	0.5070787594	0.0826163496	0.0000000000	0.0000000000	0.0000015841
0	0.0978201702	0.0586896832	0.0011538637	0.0162917493	0.0082944514	0.7836498819	0.0014640818	0.0009350454	0.0002250809	0.0314759922
0	0.1690522206	0.0001183051	0.0005563029	0.0027767524	0.0050361441	0.1433651417	0.0000000000	0.6691411386	0.0000507308	0.0099032638
0	0.0370440940	0.0036050103	0.1694649272	0.1184711321	0.0001552258	0.0311627213	0.0016953837	0.4685154271	0.0002248123	0.1696612663
1	0.0001459816	0.2523190561	0.0000001338	0.0000000000	0.0497014924	0.0449026320	0.0058263256	0.0045315584	0.6416845620	0.0008882580
1	0.0028182041	0.2954563062	0.0055938342	0.0021752207	0.6439755019	0.0311342080	0.0023461129	0.0149216877	0.0015789224	0.0000000020
0	0.0372865634	0.0068263350	0.2048173209	0.0000000020	0.0000059283	0.2653689966	0.0000310540	0.3971061660	0.0200688589	0.0684887749
0	0.0001072261	0.1252159701	0.0576581169	0.0880447970	0.4178054627	0.0082458724	0.0028974501	0.1096662522	0.0027217952	0.1876370573
0	0.0134708807	0.0149536783	0.0263312871	0.5968982658	0.2354080126	0.0429564864	0.0019232310	0.0588789030	0.0091792551	0.0000000000
0	0.0385922561	0.0820263088	0.2706763148	0.0179527280	0.0011934599	0.2894982297	0.0037502093	0.1819458473	0.0995068835	0.0148577626
0	0.6346226568	0.0739123793	0.0002853944	0.0000000000	0.0000000000	0.1565201301	0.0993528376	0.0001435999	0.0118772986	0.0232857032
0	0.0707614958	0.0000000000	0.7299739592	0.0523751532	0.0117971464	0.0271430018	0.0876189337	0.0000040277	0.0035870049	0.0167392774
0	0.0169214886	0.0007276156	0.0507793592	0.0893845522	0.2716454190	0.3288761030	0.0000000000	0.0106212114	0.1870013991	0.0440428519
0	0.2216219459	0.4247494362	0.0550263849	0.0563798429	0.0000011009	0.0550022526	0.1440902120	0.0000218153	0.0000001129	0.0431068964
0	0.4859414516	0.0673392487	0.0899103655	0.0228221422	0.0217284959	0.1970104319	0.0050931958	0.0152614047	0.0000061040	0.0948871599
0	0.2354893714	0.3606553489	0.1890282214	0.0770666135	0.0013091192	0.0849330826	0.0300382927	0.0214794509	0.0000000000	0.0000004993
1	0.0015960608	0.9201922598	0.0014498912	0.0000106971	0.0275919237	0.0324030592	0.0000000436	0.0017421737	0.0150135110	0.0000003799
0	0.1218748296	0.0130997546	0.1451822583	0.3620110449	0.0047034240	0.0591996600	0.2270639027	0.0584070090	0.0023985799	0.0060595370
0	0.4702841573	0.0000074821	0.0000000038	0.1733625748	0.2619201231	0.0006214217	0.0289721500	0.0000000007	0.0075085996	0.0573234869
0	0.0004183472	0.8954725857	0.0203992002	0.0047350396	0.0089986640	0.0216283335	0.0000077999	0.0001306358	0.0282342785	0.0199751156
0	0.0080054844	0.3218231424	0.0459103277	0.1271827772	0.0383231576	0.2540838180	0.0000014161	0.2028948474	0.0017682565	0.0000067729
0	0.0002728390	0.2634971257	0.2142775781	0.0645522980	0.1973810501	0.0152211433	0.0000000000	0.2430316643	0.0000000000	0.0017663016
0	0.1936954751	0.0032212929	0.2568842978	0.0992260544	0.0000032016	0.0265103231	0.0000000000	0.0137591322	0.0000892212	0.4066110016
0	0.0479784147	0.0252282171	0.0000661002	0.0005888294	0.2686301201	0.2102572923	0.4180608164	0.0095055757	0.0110334584	0.0086511757
0	0.0079959050	0.0057150615	0.3237207390	0.3662550137	0.0034943754	0.1621937262	0.0861973223	0.0058750701	0.0385523511	0.0000004358
0	0.0034387563	0.0842245851	0.0006879401	0.0119938847	0.0244129399	0.3834905237	0.4806722770	0.0106389210	0.0004401721	0.0000000000
0	0.0001224953	0.0109368134	0.8803799377	0.0424443758	0.0013785932	0.0147357646	0.0006213686	0.0489045480	0.0004667875	0.0000093159
0	0.1775027078	0.0000000016	0.5109400577	0.2805492413	0.0008185876	0.0000002792	0.0168901347	0.0006676262	0.0021403471	0.0104910166
0	0.0000000000	0.0255765460	0.2030810622	0.1879579827	0.0930925513	0.1775034075	0.0000053732	0.0007821274	0.0025025308	0.3094984190
1	0.0053853206	0.2017645391	0.0969457804	0.2939294280	0.1050323660	0.0892346902	0.0000761092	0.0089694569	0.0132097697	0.1854525400
0	0.0183658166	0.0079280085	0.1741401269	0.1764180527	0.0000000001	0.6034070165	0.0000058009	0.0179867025	0.0012663535	0.0004821219
0	0.2147359919	0.0135600102	0.4300730601	0.0360847824	0.0862380532	0.0026336920	0.0094643050	0.0102033657	0.0568695734	0.1401371662
0	0.0031852194	0.0320102509	0.8217949350	0.0097483230	0.0414399884	0.0214442169	0.0005326059	0.0603668161	0.0088159165	0.0006617278
0	0.0240902105	0.1393522061	0.0149150080	0.0001595489	0.0041449463	0.3202289016	0.1675199984	0.0049453351	0.3244347620	0.0002090831
0	0.0424563993	0.7968522675	0.0000243828	0.0445458801	0.0045286722	0.0513216992	0.0000087138	0.0010826059	0.0022158920	0.0569634872
0	0.1394214462	0.0000006994	0.7150737333	0.0005280943	0.0541520537	0.0034343741	0.0017618484	0.0745359892	0.0024558194	0.0086359420
0	0.0011515854	0.0223782534	0.1206424828	0.3427065486	0.0262993226	0.3904374728	0.0047905537	0.0000000002	0.0895276588	0.0020661217
0	0.0027295950	0.0001337876	0.2424566797	0.0330349694	0.6226199533	0.0762759220	0.0172202233	0.0000000002	0.0000000000	0.0055288695
0	0.1786373709	0.0481961726	0.0049776553	0.6630097181	0.0784265825	0.0001093214	0.0036133875	0.0230237380	0.0000034361	0.0000026176
1	0.0285434248	0.1493591386	0.0911366643	0.0000003164	0.5018381966	0.1482360924	0.0000000000	0.0372782806	0.0005105683	0.0430973180
0	0.3475833336	0.0000000000	0.0000047400	0.0316177588	0.0631321690	0.0034576444	0.0090102471	0.4452320543	0.0999620528	0.0000000000
0	0.1250221478	0.0000051604	0.0058950078	0.0678686613	0.1761972348	0.1144042262	0.1088250543	0.3632659114	0.0062079128	0.0323086831
0	0.2809435233	0.2020057270	0.1456295849	0.0566283147	0.0412889420	0.0033861020	0.1259911945	0.0654453040	0.0582170447	0.0204642629
0	0.0422045001	0.2508559441	0.1347257263	0.1922662800	0.0042965487	0.2422482022	0.0101140205	0.0001419120	0.0000006547	0.1231462113
0	0.0525851392	0.0439448862	0.0150641611	0.0030976543	0.4980572059	0.2148619296	0.0003984369	0.0010850855	0.1656179433	0.0052875579
0	0.0189932914	0.4836035839	0.1079444479	0.0096810320	0.1146276909	0.1663533683	0.0460471807	0.0316270244	0.0022914497	0.0188309308
1	0.3970504140	0.0143283909	0.1075183822	0.0237117648	0.0848115878	0.3229387842	0.0000000000	0.0249504128	0.0074098896	0.0172803736
0	0.2060856569	0.1361069650	0.2067964323	0.1489408595	0.0243824512	0.0000320745	0.0000834571	0.2054936446	0.0380450295	0.0340334294
0	0.0805973721	0.1022968271	0.5590764390	0.0455471569	0.1419055104	0.0154351415	0.0012892098	0.0395212600	0.0142978365	0.0000332466
0	0.0388873894	0.0000000024	0.6802828324	0.0776651843	0.0560031286	0.1429778383	0.0000064141	0.0040459065	0.0000427649	0.0000885391
0	0.2560392201	0.1272003995	0.0000004889	0.1280145936	0.1798879419	0.0008952043	0.0142729577	0.0756079888	0.2168582816	0.0012229236
1	0.0393843610	0.5665278493	0.0063421600	0.0000000042	0.0107947184	0.1486108366	0.0089299298	0.0027135793	0.2075280776	0.0091684837
0	0.0596272422	0.0249119663	0.0807960858	0.2150967066	0.2044826245	0.0230281126	0.0000015077	0.0906655235	0.1874113971	0.1139788337
0	0.0065715894	0.0109499555	0.0011928453	0.0278492247	0.0000000203	0.2189942502	0.3587609511	0.3638253513	0.0016783546	0.0101774577
1	0.0004526347	0.0243295570	0.0207906620	0.0263114789	0.7430856914	0.1474341065	0.0000562890	0.0040037007	0.0010155578	0.0325203221
0	0.0170146052	0.5456304681	0.0000358254	0.0001034578	0.0000000722	0.0001561124	0.0403822393	0.3423803248	0.0029641235	0.0513327713
0	0.0000907725	0.5364313369	0.0059914294	0.0213912099	0.0561833930	0.0133101916	0.0000000000	0.3153035145	0.0512981522	0.0000000000
0	0.1250905200	0.0388294048	0.0001559260	0.7022321399	0.0228391066	0.0268437528	0.0008329573	0.0010845486	0.0820916441	0.0000000000
0	0.0905441924	0.1593381696	0.1614612820	0.0219233254	0.0029898950	0.0801244580	0.0526537882	0.0202201084	0.0733286202	0.3374161608
0	0.0110553966	0.0033326044	0.0253086437	0.0474600251	0.1207691315	0.6718995466	0.0000772689	0.1093438937	0.0012418375	0.0095116521
0	0.0173778138	0.0053444890	0.4325619407	0.0660156217	0.0796097428	0.0387942779	0.1220852482	0.0347145419	0.1809305388	0.0225657852
0	0.0100065091	0.0040275979	0.0359272665	0.1438824023	0.4986783038	0.1876915923	0.0003522593	0.0821292280	0.0345028221	0.0028020188
0	0.0002403805	0.0402925858	0.1292273843	0.0099051997	0.0000616518	0.2543254937	0.1772683185	0.2545928553	0.1192394608	0.0148466695
1	0.0819148595	0.0205003152	0.1188145252	0.0007783950	0.2696000544	0.4730511109	0.0007023446	0.0169887193	0.0046673418	0.0129823341
0	0.1335504069	0.1103773063	0.2202949928	0.0032658844	0.0399463233	0.0470585352	0.0564380008	0.2572851786	0.0871608723	0.0446224993
0	0.2543631807	0.0422031330	0.0325660087	0.0000339511	0.0093823785	0.0976246758	0.0322874344	0.4782916401	0.0000421423	0.0532054555
0	0.0000037887	0.0639937279	0.0171154339	0.0070089155	0.5766072535	0.0460676670	0.0053399264	0.2551093547	0.0190256750	0.0097282574
0	0.1703337381	0.0000127323	0.1530771658	0.0003622455	0.0558761396	0.0382239671	0.0046541854	0.4898626477	0.0875971783	0.0000000000
0	0.0124561167	0.0000001800	0.5717737106	0.0363576830	0.0125603253	0.2220786884	0.0000005529	0.1129389013	0.0164996883	0.0153341534
0	0.0189325162	0.0229084784	0.1464969029	0.3743955798	0.0761268163	0.0495997040	0.0000005239	0.0145497720	0.2156999281	0.0812897786
0	0.2371870504	0.0000000000	0.0826297921	0.0713030794	0.0022619619	0.1249209882	0.0369211397	0.4426581514	0.0002183905	0.0018994465
0	0.0000000000	0.3222569602	0.1021884381	0.1834359636	0.3113474024	0.0000006625	0.0393232963	0.0139744355	0.0000287534	0.0274440879
0	0.0294938826	0.0226161036	0.5497416868	0.1677615862	0.0357192635	0.1688600200	0.0000000001	0.0257158118	0.0000916453	0.0000000000
0	0.0299245016	0.4622696851	0.0001060465	0.1117561495	0.0929682724	0.0271046647	0.0630818035	0.0108385654	0.2010766586	0.0008736527
1	0.0067906784	0.7771800802	0.0171888290	0.0560589110	0.0322667994	0.0789671118	0.0291488108	0.0023984519	0.0000003275	0.0000000000
0	0.1165369465	0.0025263508	0.3975830287	0.0703247489	0.1583787512	0.0007194862	0.0192227527	0.0674530303	0.0675049699	0.0997499347
0	0.0278455084	0.0507423990	0.1206736984	0.0322936809	0.0164663522	0.6323144372	0.0580460367	0.0585261249	0.0000902022	0.0030015601
0	0.0000019702	0.1734220111	0.0010610041	0.0111698159	0.0490496426	0.4059436064	0.0529420330	0.2374491980	0.0000001547	0.0689605641
0	0.1372456792	0.0024531036	0.0065614120	0.0011035208	0.0564938268	0.0000120572	0.0463767047	0.0181125111	0.0118063708	0.7198348138
1	0.0300716428	0.1785445714	0.0984980619	0.0000000104	0.2011760536	0.0632458036	0.0046957690	0.0681966017	0.3554692263	0.0001022593
0	0.0000000187	0.0000236859	0.1228466818	0.0000025368	0.3798894242	0.3879679062	0.0000507995	0.0472011839	0.0096468604	0.0523709026
0	0.0018678301	0.1328895166	0.0743207019	0.1752714073	0.1917667115	0.1936634852	0.0006181650	0.0419159707	0.0991540644	0.0885321474
0	0.0004533282	0.0286312761	0.1333639162	0.5113163488	0.1001824409	0.0902562684	0.0843465313	0.0040754855	0.0000000000	0.0473744045
0	0.1082369554	0.0101578841	0.0068808388	0.6196284729	0.0000481260	0.1733747519	0.0371755283	0.0432264955	0.0000017076	0.0012692396
0	0.1573685409	0.0418429043	0.0213645075	0.0416150031	0.0091890826	0.3452769490	0.0360991351	0.0282851109	0.2919864630	0.0269723036
0	0.3447921339	0.0000000872	0.0543579572	0.0027306885	0.3239094972	0.0036429129	0.0834996461	0.1080783627	0.0249502773	0.0540384370
0	0.1366438407	0.0000000000	0.1157656031	0.3757070014	0.0526381681	0.1854984127	0.0318149535	0.0782376630	0.0000000000	0.0236943574
0	0.5460586683	0.0000376099	0.0264645445	0.1024028215	0.0438903513	0.0162383903	0.1422747560	0.0000610478	0.0000672903	0.1225045201
0	0.0000538476	0.0087161522	0.0274116236	0.6042925668	0.0000011232	0.1976885540	0.0000000077	0.1607836151	0.0010525097	0.0000000001
0	0.0000000002	0.0079365836	0.0447740018	0.7646574805	0.1219353265	0.0002395095	0.0060767263	0.0506933926	0.0036869790	0.0000000000
1	0.0205484419	0.0009627403	0.0013528811	0.0010753849	0.9180575500	0.0144168859	0.0001146040	0.0041715547	0.0033705073	0.0359294500
0	0.2000501355	0.2447345050	0.0056626819	0.0000000000	0.0056764220	0.3178674490	0.0114429886	0.0366575744	0.0000004194	0.1779078242
0	0.0017444697	0.0862129748	0.1014773174	0.0010226924	0.1700563625	0.0045794146	0.0003593940	0.4582000616	0.0060647493	0.1702825638
0	0.0000128040	0.2863685786	0.0331676809	0.0026226868	0.2440012729	0.3386050970	0.0000016861	0.0107979800	0.0279256541	0.0564965597
0	0.0016300222	0.0075573494	0.0018780531	0.9059520652	0.0000190345	0.0001415584	0.0001726214	0.0418034682	0.0026887269	0.0381571007
0	0.0044230696	0.0109406953	0.0483846768	0.7801445897	0.0164375107	0.1023254626	0.0069286466	0.0225538476	0.0000572328	0.0078042682
0	0.0000204169	0.0000069357	0.8970192691	0.0158174587	0.0386834923	0.0165615106	0.0004913312	0.0000000000	0.0224605080	0.0089390776
0	0.1553849470	0.0206928655	0.3244998343	0.0470684381	0.0101952572	0.0035784572	0.0000007385	0.0000000005	0.4382630878	0.0003163738
0	0.2981546673	0.0215718824	0.0710692685	0.1421402122	0.3270867181	0.1243242302	0.0155728401	0.0000004088	0.0000797443	0.0000000280
0	0.0223376595	0.3694969090	0.3263988498	0.1619563162	0.0032693731	0.1047471323	0.0113069434	0.0000000000	0.0000000000	0.0004868166
0	0.0000000010	0.3721796149	0.0434342297	0.0254433943	0.0087322095	0.0197046787	0.2459096531	0.0302650318	0.0000002616	0.2543309255
0	0.0948405164	0.0000000028	0.1186056113	0.3059600999	0.1317468298	0.0611353052	0.0031867188	0.0230108780	0.0018527132	0.2596613246
0	0.1648483503	0.0000000000	0.0026419368	0.5543555487	0.0069717642	0.1877909038	0.0200190037	0.0000000657	0.0560835717	0.0072888550
0	0.0645012501	0.2895477733	0.0637815037	0.0092805042	0.0005396480	0.0642731492	0.1253298563	0.0237699041	0.0003671994	0.3586092116
0	0.0164045456	0.0468383794	0.0189959981	0.1140826419	0.5286153671	0.1575702848	0.0002089605	0.0881895753	0.0006084393	0.0284858080
1	0.0047984253	0.1153782839	0.1554591183	0.0000000000	0.2881854484	0.3174865297	0.0173781840	0.0209736021	0.0679053683	0.0124350401
0	0.4568036254	0.0229395200	0.2022344606	0.0366368361	0.0001615274	0.0000766990	0.1215145300	0.0120264446	0.0354398108	0.1121665461
1	0.0004816009	0.0096939325	0.2782668326	0.0282234677	0.0313358396	0.2367814114	0.0445039648	0.2954686063	0.0463549616	0.0288893827
0	0.0973949181	0.0133920334	0.3694633735	0.2519258057	0.0213147458	0.0134961701	0.0479761739	0.0649962944	0.0020541607	0.1179863243
0	0.0045352044	0.1752127681	0.6701091513	0.0971877089	0.0019284739	0.0016348701	0.0253871411	0.0096732748	0.0014481453	0.0128832623
0	0.0369224141	0.2335701851	0.0387865448	0.0229468788	0.0439178523	0.4822019423	0.0174253026	0.1189250134	0.0001151804	0.0051886863
0	0.0568029684	0.0442480938	0.0238278446	0.0173692970	0.0058602405	0.0002347331	0.0014912201	0.8161582009	0.0024618386	0.0315455630
0	0.0000349491	0.3358451055	0.2363381212	0.0254248218	0.1406561947	0.0508863105	0.1073955540	0.0343115817	0.0648307956	0.0042765658
0	0.4151309880	0.0001163237	0.2266704144	0.1832178859	0.0375885379	0.0009836576	0.0011714527	0.0882416345	0.0011804728	0.0456986325
0	0.0418039828	0.0275308109	0.8631843996	0.0129219966	0.0122809761	0.0025701233	0.0002878493	0.0259635914	0.0028186616	0.0106376085
0	0.0102808040	0.0221359673	0.1587146104	0.0151275127	0.5538846246	0.1326254715	0.0099837881	0.0591056004	0.0381408611	0.0000007598
0	0.1715795333	0.0563161551	0.1981217040	0.0000530526	0.0820503272	0.2106548999	0.2237951046	0.0548963228	0.0000007930	0.0025321074
0	0.0000020529	0.0024471492	0.8639956192	0.0599704041	0.0098628232	0.0000428174	0.0000000000	0.0181832222	0.0210707161	0.0244251958
1	0.0000686154	0.0061768263	0.0224901112	0.0414250505	0.1314786094	0.2189268457	0.1516001110	0.3787730397	0.0490607904	0.0000000004
0	0.0020746185	0.0000668621	0.0092901920	0.0073295614	0.8438377271	0.0753487138	0.0017051380	0.0138608211	0.0464863650	0.0000000012
0	0.0084540285	0.0006218383	0.8441758590	0.0446927322	0.0133668299	0.0318287177	0.0051546381	0.0072711371	0.0444340967	0.0000001226
0	0.0497864289	0.0147416861	0.0000005524	0.0561019883	0.0410313944	0.1276596376	0.0007147079	0.6814670019	0.0200064829	0.0084901196
0	0.0000000000	0.0055173930	0.3119391952	0.1389399069	0.4101368504	0.0000000205	0.1273379485	0.0000100015	0.0024797505	0.0036389335
0	0.1428423788	0.0000000407	0.0005759817	0.5557244746	0.0000005729	0.0268872721	0.0007211194	0.0073153270	0.0000219796	0.2659108531
2	0.0000000894	0.0034346340	0.0002725508	0.0000000000	0.9934917982	0.0018961265	0.0000000000	0.0000823366	0.0008024510	0.0000200134
0	0.0077094969	0.0093400766	0.5576019670	0.0331256241	0.0052413280	0.3307780920	0.0134808093	0.0426964732	0.0000260854	0.0000000476
0	0.0050686300	0.0000117302	0.0173019332	0.0361626651	0.0151688501	0.7780017507	0.0379461894	0.0000000000	0.0058318791	0.1045063722
1	0.0000024022	0.0140282708	0.0629025440	0.0162491576	0.2235273165	0.6125572872	0.0000585847	0.0706744336	0.0000000034	0.0000000000
0	0.2400794496	0.0291878227	0.0026570627	0.0915714107	0.0001923907	0.0000585399	0.0475653263	0.0467111411	0.5419193419	0.0000575143
0	0.0216369571	0.4406723173	0.3458907614	0.1089244532	0.0007929016	0.0718646007	0.0000000316	0.0087393334	0.0014156721	0.0000629716
0	0.0000000000	0.0633353469	0.0338297562	0.1316873316	0.0000000000	0.1563578989	0.3286240278	0.2566922310	0.0294727908	0.0000006168
0	0.2985667668	0.0761942860	0.0193907934	0.5773332149	0.0000005866	0.0000000002	0.0138438312	0.0066180083	0.0000000000	0.0080525126
0	0.6274355541	0.0444407054	0.0000749108	0.0594299384	0.0307235135	0.1705703188	0.0250174737	0.0065906780	0.0238426384	0.0118742689
0	0.0514171808	0.2077568855	0.0050653313	0.1404173470	0.0034944536	0.4213553497	0.0019121996	0.0496366712	0.0225174447	0.0964271366
0	0.0262202577	0.0068040379	0.3504677275	0.1128894254	0.0950650690	0.3346873587	0.0132398884	0.0000332285	0.0444569082	0.0161360988
0	0.2930289585	0.0545180590	0.4016349422	0.0004669630	0.0142996638	0.1491350245	0.0057405277	0.0781417841	0.0030331432	0.0000009340
0	0.4611258081	0.1899184992	0.0997353145	0.0000160240	0.0494006662	0.0455719715	0.0304541287	0.0735228874	0.0501547338	0.0000999667
0	0.0510591945	0.0000180754	0.0907141794	0.2444886630	0.0278775320	0.0659236238	0.1760693011	0.0436532909	0.0137587802	0.2864373598
0	0.2123634417	0.2386670560	0.0161561086	0.0747591328	0.0426682371	0.0944522859	0.0249146146	0.1048300754	0.0771927936	0.1139962543
0	0.0269807243	0.1076217404	0.3946791120	0.0406333503	0.0000000000	0.0159982219	0.3389100206	0.0540328683	0.0211344722	0.0000094900
0	0.0135276640	0.0000000122	0.3158350983	0.0094008205	0.3779419658	0.0717629359	0.0353381928	0.1059808277	0.0702086603	0.0000038227
0	0.2389866385	0.1034821410	0.0839296151	0.2092910629	0.1448638076	0.0002380212	0.0006099444	0.1629936528	0.0071563287	0.0484487878
0	0.6023805089	0.0000000010	0.3210291166	0.0036619359	0.0170244978	0.0025660429	0.0000000789	0.0507769803	0.0025600783	0.0000007594
0	0.0012038477	0.0315649239	0.0008584356	0.2432324639	0.1203986204	0.0082125034	0.0891122829	0.3120434848	0.0159436125	0.1774298249
0	0.0250186387	0.0880158995	0.3192995259	0.0590153622	0.2546210412	0.0010258306	0.0000000000	0.2275500294	0.0254502458	0.0000034266
0	0.1734052096	0.0550793612	0.0118080802	0.6593406479	0.0768537890	0.0000000001	0.0011727871	0.0185725175	0.0006653331	0.0031022744
0	0.0102177812	0.0000000006	0.0372781645	0.0318982172	0.5590226393	0.2162679347	0.0061386822	0.1241717575	0.0016321228	0.0133726999
0	0.3274242325	0.0000034072	0.1249638071	0.1137574461	0.0000269351	0.0120566949	0.1368314255	0.2821979046	0.0027381469	0.0000000000
0	0.1455664912	0.0126196669	0.0405849027	0.0081533848	0.0000000000	0.1907670771	0.0384910397	0.5563044240	0.0075130137	0.0000000000
1	0.0141009181	0.4249709269	0.0330157293	0.0197288290	0.3093139426	0.0048057831	0.0000766754	0.0000000000	0.1861945958	0.0077925997
0	0.6899596312	0.0023925611	0.0454504058	0.0424861156	0.0863577369	0.0934837495	0.0212177946	0.0040853264	0.0145532754	0.0000134034
0	0.0001203942	0.3777941924	0.4639934668	0.0598930945	0.0455741967	0.0258635663	0.0266666943	0.0000002872	0.0000307308	0.0000633767
0	0.8735607693	0.0000000832	0.0240851398	0.0000071952	0.0000005001	0.0779699107	0.0043106574	0.0151319489	0.0037311123	0.0012026831
0	0.2122750695	0.0038111493	0.1223394230	0.0479673550	0.0000043123	0.0024429796	0.0189285408	0.0217258825	0.0059139883	0.5645912997
0	0.2874141478	0.0081723525	0.0000003189	0.2243409518	0.3327051226	0.1065039961	0.0372068090	0.0013360792	0.0023171682	0.0000030540
0	0.2638880767	0.4305778161	0.0122211334	0.0427027318	0.0400313005	0.0032622150	0.2051695693	0.0014046517	0.0006050068	0.0001374986
0	0.0000000000	0.0276869020	0.0000000000	0.9087283595	0.0275178919	0.0050659152	0.0029254936	0.0233578481	0.0013413993	0.0033761904
0	0.0315003001	0.0000013863	0.0240000639	0.4726021199	0.0013908571	0.0843480318	0.3025534898	0.0025561084	0.0810476427	0.0000000000
0	0.0008917495	0.0001811774	0.0886406630	0.0539867607	0.6128440171	0.0124998930	0.0264376949	0.0000000000	0.0067137192	0.1978043252
1	0.0000011310	0.3240038935	0.1272889150	0.0000972940	0.4517258852	0.0156655229	0.0567449116	0.0018012096	0.0142888090	0.0083824283
0	0.0000123765	0.0000532690	0.0784881852	0.1669509288	0.4987185300	0.1321797239	0.0283759704	0.0164299188	0.0000888285	0.0787022689
0	0.0487540210	0.1846099925	0.0079551572	0.4364257284	0.0795280788	0.0000404360	0.0004925529	0.0597178379	0.0002840423	0.1821921528
0	0.0391878247	0.0229452189	0.0054533820	0.0131976411	0.0025311460	0.8471754519	0.0013423469	0.0083680970	0.0000000002	0.0597988912
1	0.0521934086	0.0049528499	0.7322416849	0.0000045092	0.0961835713	0.0700720543	0.0001931053	0.0037508773	0.0403159899	0.0000919493
0	0.0557407192	0.0939807133	0.1862356686	0.0142355744	0.0007701770	0.1907327018	0.0000000000	0.0749078268	0.3833826901	0.0000139287
0	0.0801948665	0.0074432395	0.2064825439	0.4782349580	0.0483187953	0.0740930392	0.0068790052	0.0019518826	0.0546008476	0.0418008222
0	0.0239723903	0.0561521240	0.3296827890	0.0252767857	0.0009579063	0.4834874141	0.0015454668	0.0519597151	0.0194395242	0.0075258845
0	0.0007240722	0.1177228441	0.4113935851	0.0268356402	0.1475155383	0.0254111489	0.0922256381	0.0985991507	0.0795599002	0.0000124821
0	0.5294155686	0.1749218643	0.0476512526	0.0191442842	0.0296691954	0.0000000030	0.0246150744	0.0000000119	0.0439370187	0.1306457269
0	0.1485257247	0.0905718020	0.0388098627	0.0981064934	0.0243781206	0.5504445537	0.0232714742	0.0022183756	0.0212513711	0.0024222221
0	0.0032816568	0.4357031675	0.0701738133	0.0250389732	0.2323462957	0.1737766346	0.0161942259	0.0036967803	0.0132085542	0.0265798985
0	0.0592361634	0.1097729779	0.1571789339	0.0001575825	0.0484128335	0.5207540418	0.0145370134	0.0533674443	0.0202067214	0.0163762878
0	0.0043621101	0.0443948758	0.3010468971	0.0898940054	0.1026342201	0.3433445043	0.0078467446	0.0010040207	0.0020077757	0.1034648462
0	0.0150537594	0.1330367536	0.0498760954	0.4659656429	0.1173130213	0.0375588007	0.0012217262	0.0889588178	0.0059922086	0.0850231740
0	0.0000012181	0.0000371227	0.2108004106	0.0172404809	0.0000000000	0.1386020802	0.0000000000	0.2425733310	0.3418607170	0.0488846395
0	0.0000904600	0.7136206185	0.0679582848	0.0448866672	0.0064773957	0.0833556050	0.0000008478	0.0123652571	0.0711301495	0.0001147144
0	0.0380107313	0.2274600780	0.0202767652	0.1240208585	0.2509599712	0.1616236631	0.1489778789	0.0000269806	0.0000000003	0.0286430729
1	0.0017198313	0.1174403143	0.0678147013	0.0215848228	0.0700705036	0.6801283750	0.0053358038	0.0058145044	0.0146982428	0.0153929007
0	0.0005919159	0.1906611214	0.0028375026	0.0056890753	0.0172952079	0.0431403984	0.2718785266	0.4591957477	0.0084260574	0.0002844469
0	0.0000000000	0.0161951422	0.8089396362	0.0140119385	0.0230391797	0.0004460651	0.0139208193	0.0542081321	0.0104474711	0.0587916159
0	0.0247666894	0.0119176371	0.0383863475	0.0158868216	0.1984196584	0.1944512119	0.0000000000	0.2025295625	0.2239804479	0.0896616238
0	0.0028401252	0.0527876291	0.0480567372	0.1986727691	0.0316694300	0.4668293231	0.0016175386	0.0000000407	0.1956848630	0.0018415439
0	0.0011085660	0.0000014518	0.2477020368	0.0064718130	0.0350262210	0.0330289857	0.1034736147	0.5138243431	0.0001570791	0.0592058889
0	0.0214533171	0.1728969460	0.2939492644	0.0000000049	0.1633504116	0.0031208156	0.0146994935	0.2726450191	0.0260305850	0.0318541427
0	0.0000000199	0.5857677433	0.0404008927	0.0169121716	0.0169932818	0.1067185768	0.0382625999	0.1688056524	0.0217496173	0.0043894443
0	0.0788639326	0.0005513585	0.1925753013	0.0905172740	0.0394389842	0.5580845185	0.0021835430	0.0358065115	0.0004806563	0.0014979201
0	0.2438747713	0.1105708686	0.0863681865	0.0301038835	0.0000000000	0.4194440358	0.0135349063	0.0000744552	0.0960200977	0.0000087953
0	0.0254028097	0.0282115441	0.1533258810	0.2053908397	0.5739442996	0.0015170876	0.0080473874	0.0015334430	0.0007435108	0.0018831971
1	0.0525951654	0.0012143802	0.0042464625	0.0000018020	0.6553604601	0.1475333501	0.0000000042	0.0052191358	0.1304379415	0.0033912981
0	0.0343920652	0.1703614654	0.4646770953	0.0290135989	0.1721710463	0.1080190107	0.0024359202	0.0017694102	0.0123992419	0.0047611460
0	0.1527313678	0.0133228002	0.4382753787	0.0007607363	0.2704382645	0.0039576916	0.0000000736	0.0892943338	0.0046165984	0.0266027552
0	0.0338004785	0.0127107381	0.1662856998	0.1592719724	0.0001449977	0.5477488803	0.0231831351	0.0543595948	0.0023668442	0.0001276591
0	0.0055237081	0.8446601516	0.0017390249	0.0239157979	0.0687247397	0.0133509458	0.0264349522	0.0156506798	0.0000000000	0.0000000000
0	0.0285690088	0.0004607840	0.8099252950	0.0000000000	0.0210238026	0.0220865442	0.0867736699	0.0295255850	0.0014893914	0.0001459192
0	0.0001499970	0.0404902176	0.5019711315	0.0013541571	0.3362800681	0.0770049696	0.0000000000	0.0369952553	0.0032842581	0.0024699457
0	0.3616836022	0.1967861061	0.0054175157	0.3031695354	0.0085863213	0.0009977377	0.0667081568	0.0559586828	0.0000000002	0.0006923418
1	0.0025053510	0.0441785725	0.0020444944	0.0056104608	0.8293130958	0.0889979428	0.0011032471	0.0011794277	0.0113972750	0.0136701329
0	0.0327542275	0.6536045730	0.0038991042	0.1783044468	0.0000000274	0.0000017356	0.0000000000	0.0000000000	0.1310928818	0.0003430036
0	0.0325404216	0.7457172481	0.0060010506	0.0335062657	0.0000001143	0.0000000000	0.0147904414	0.0086052121	0.0032917047	0.1555475414
0	0.0106871456	0.0157054049	0.7080166216	0.0535799495	0.0615136999	0.1333832875	0.0014370851	0.0059459056	0.0000000000	0.0097309003
0	0.2153272091	0.0256863352	0.1763873904	0.1523805732	0.0532383586	0.1203361000	0.0958592443	0.1597762501	0.0010078570	0.0000006822
0	0.0624633407	0.1667147758	0.0000814126	0.0180085474	0.0709668142	0.0444499991	0.6373086421	0.0000043961	0.0000015008	0.0000005713
0	0.0263456493	0.0492745159	0.0476077946	0.1608017267	0.0011754161	0.3721666990	0.0017113589	0.2851374598	0.0557793797	0.0000000000
0	0.0498866624	0.4707106982	0.2177957344	0.0045914385	0.1732791496	0.0603156482	0.0006558772	0.0082612641	0.0078014602	0.0067020673
0	0.4073581333	0.0100731212	0.2113627240	0.2265645710	0.0228832242	0.0749061226	0.0000014543	0.0294233160	0.0000425477	0.0173847857
0	0.0524369879	0.2487363079	0.1058989637	0.1747155949	0.0401987000	0.3450795922	0.0023971453	0.0298500969	0.0000000010	0.0006866103
0	0.1471404136	0.0966454349	0.0811030269	0.4296494988	0.0084137119	0.0072757047	0.0000000000	0.0030820618	0.2266744394	0.0000157081
0	0.0674206194	0.0484625498	0.0289079393	0.0190550815	0.0516943159	0.4261064640	0.0255542624	0.1186514726	0.1674620118	0.0466852835
0	0.0195865464	0.0007669400	0.2189624652	0.3858368547	0.1432990435	0.1238816563	0.0041057927	0.0944806716	0.0008251685	0.0082548609
0	0.1428051728	0.0000013266	0.1667694983	0.0116992198	0.1718389096	0.4396911923	0.0002672017	0.0010097778	0.0659176958	0.0000000053
0	0.0027442473	0.0187245934	0.0028678270	0.0061346765	0.1319006762	0.0196745535	0.5440961415	0.0175306670	0.1842158264	0.0721107911
1	0.0729052351	0.0021142036	0.1370087432	0.1195337874	0.0551167499	0.1508736233	0.0830448499	0.2480912299	0.1313115777	0.0000000000
0	0.1467456207	0.0000000001	0.3692541465	0.2490311808	0.0421075225	0.0000000000	0.0137676775	0.0187951678	0.0000397608	0.1602589232
0	0.0079216982	0.0002470516	0.2374543727	0.5669348776	0.0001835764	0.1338551151	0.0235807403	0.0296641778	0.0000000001	0.0001583902
0	0.0037539434	0.1708158992	0.0000004654	0.1000467577	0.4153734038	0.0923283372	0.0237021913	0.1340309210	0.0599344316	0.0000136494
0	0.0422713852	0.0469248169	0.5034730710	0.0062973884	0.0000007749	0.3895367082	0.0100841185	0.0009727795	0.0004294321	0.0000095253
0	0.1827008852	0.0000000002	0.5535224496	0.1104507021	0.0054324412	0.0840290713	0.0024586976	0.0131661698	0.0392815978	0.0089579852
0	0.0333593526	0.0057742549	0.5905401576	0.0668010618	0.0196080844	0.1061255367	0.0001051962	0.0000513789	0.1632188718	0.0144161051
0	0.0011274807	0.4200728893	0.0013009489	0.0201582670	0.0151427897	0.1773163945	0.1362632519	0.1939120251	0.0021058574	0.0326000956
1	0.0077103102	0.9460427512	0.0066487047	0.0000150891	0.0232047045	0.0050015711	0.0000367145	0.0000167141	0.0096155783	0.0017078624
0	0.0036096072	0.1098365666	0.2818198403	0.0591827196	0.0655068196	0.1162356242	0.0087295805	0.0188490088	0.2063338335	0.1298963996
0	0.0049708584	0.0636697946	0.0803013074	0.0065332300	0.0075802566	0.3866199848	0.2421906313	0.0274972440	0.1806366710	0.0000000220
0	0.0010592161	0.0077583569	0.1336044042	0.5348577276	0.0109230458	0.1565064724	0.0124864096	0.0341932204	0.0697029015	0.0389082454
0	0.0008321108	0.0360857854	0.0413215987	0.4099183400	0.3396245158	0.0014401183	0.1120253787	0.0092976397	0.0494543584	0.0000001542
0	0.0021710915	0.4175813661	0.0013316986	0.0026465550	0.5335778212	0.0035275709	0.0000010919	0.0219769685	0.0152777260	0.0019081102
0	0.5969795607	0.2243330065	0.0059988674	0.0055800240	0.0004000516	0.0005525581	0.0000000002	0.1233083706	0.0000000029	0.0428475580
