0	0.0236917637	0.0013278486	0.0194867313	0.0523946002	0.8355669774	0.0096929392	0.0575111582	0.0002758561	0.0000000016	0.0000521236
0	0.0097014704	0.0000000000	0.0008550474	0.0453184498	0.0664608771	0.0011535554	0.5884103622	0.2817227851	0.0001527140	0.0062247385
0	0.0126665875	0.0011423310	0.0353360181	0.0089907423	0.0816767810	0.4784417617	0.1400673310	0.2011852946	0.0007968790	0.0396962738
0	0.0249124127	0.0829226013	0.0246255420	0.1097900573	0.0004477788	0.0184111966	0.1442939113	0.2944997282	0.2877528528	0.0123439190
0	0.0892518301	0.0000000000	0.0002158384	0.0006326778	0.0010785227	0.5129268866	0.0000354960	0.1547514108	0.1947823520	0.0463249855
0	0.0579435623	0.0070968577	0.2930733059	0.0636343503	0.3270261663	0.1289647179	0.0001029774	0.1216599406	0.0001962648	0.0003018568
0	0.0000117373	0.0018074895	0.0000000000	0.0012060370	0.9681707030	0.0022651683	0.0008779189	0.0227200900	0.0000000019	0.0029408542
0	0.0000000750	0.6855154370	0.0225134910	0.0986379027	0.0520865859	0.0000002973	0.0025208824	0.1088598658	0.0020723266	0.0277931364
0	0.3611981041	0.0004967489	0.0012070242	0.0000000002	0.0413625968	0.0005973138	0.1449127914	0.1240101474	0.2870529207	0.0391623525
1	0.0039444474	0.0016960347	0.0047899449	0.0042072050	0.0290121970	0.0559363865	0.0176933840	0.8474351805	0.0020527893	0.0332324308
0	0.0513640618	0.0003454204	0.0000000037	0.0704045542	0.2671419763	0.4014259216	0.0619787306	0.0013173394	0.0752755032	0.0707464889
0	0.0123121675	0.0101248567	0.4157666626	0.0179159719	0.0919779947	0.0338277668	0.1582135471	0.2592929158	0.0005681168	0.0000000000
0	0.0319440162	0.0489741221	0.0000000000	0.1949249919	0.0000000000	0.0619646359	0.0203023218	0.3828602801	0.2474348110	0.0115948209
0	0.0080653951	0.0000006071	0.0213637793	0.0000000000	0.6823009870	0.1611330103	0.1008617600	0.0253197376	0.0009547235	0.0000000000
0	0.0000000000	0.0002414217	0.0000174716	0.0001727429	0.0029422164	0.0755004627	0.3107568178	0.2257783373	0.1315077311	0.2530827985
1	0.2539041721	0.0947908064	0.0013528911	0.0039643765	0.0540706224	0.0364864913	0.1095656140	0.0861730316	0.0497060001	0.3099859944
1	0.0035094714	0.0008486189	0.4513820322	0.0174540373	0.2812336373	0.0008349651	0.0795239506	0.0041858396	0.1576051494	0.0034222981
0	0.0070964825	0.0000018759	0.1414632465	0.0457683078	0.3576457786	0.0001770850	0.1839494127	0.0059649112	0.2506628051	0.0072700948
0	0.1533072116	0.0093272234	0.0035224578	0.0538892726	0.1259665197	0.0001096579	0.2594941699	0.2585046753	0.1215349329	0.0143438789
0	0.0161083524	0.0000816417	0.2671042664	0.0978518023	0.0709790576	0.0000000002	0.0357218607	0.4777140446	0.0339834217	0.0004555523
1	0.0339612920	0.0607816097	0.0392375627	0.1272924448	0.3342507134	0.0117703331	0.2071236245	0.0394696493	0.1148596833	0.0312530872
1	0.2778240246	0.0006580797	0.1257371561	0.0000000000	0.0341056413	0.1137952520	0.0321112753	0.3254756938	0.0902927436	0.0000001336
0	0.0057400573	0.0000010016	0.0000002375	0.0286920921	0.3505939835	0.0000060876	0.0000059926	0.5109061013	0.0980136353	0.0060408113
0	0.1595270632	0.0000001962	0.0000000000	0.0000000733	0.0302000067	0.4610917870	0.1002703941	0.2378982494	0.0043183812	0.0066938490
0	0.0000000000	0.6688039321	0.0004321558	0.0000172085	0.0217636622	0.0576895968	0.0018477013	0.0132203731	0.1938277232	0.0423976470
0	0.0021089463	0.0075328346	0.0008717351	0.0130385639	0.8881045560	0.0000000000	0.0029422734	0.0758795435	0.0030151268	0.0065064204
0	0.0121612951	0.0482698863	0.0216964426	0.0282864061	0.3607942988	0.0405645764	0.2966164097	0.0000402480	0.1224103452	0.0691600920
0	0.0115735551	0.0155132799	0.0000000000	0.0047856494	0.0013237724	0.0012030981	0.0976181515	0.7489244999	0.0504843511	0.0685736426
0	0.3965144057	0.2706883379	0.0000300974	0.0122260036	0.0109676939	0.2186497818	0.0304599741	0.0492463028	0.0109421088	0.0002752940
0	0.0088911872	0.0000004221	0.0116770486	0.1676633242	0.0351363676	0.7344906634	0.0000019576	0.0253283208	0.0136787814	0.0031319271
0	0.0084650990	0.0325567497	0.0002606289	0.1691431500	0.1814210335	0.0357175735	0.0486192908	0.4110878633	0.0069392639	0.1057893475
0	0.0884017763	0.0697776081	0.1351521392	0.0627853820	0.1313419381	0.0247579645	0.1686680734	0.2685924806	0.0168857572	0.0336368805
0	0.0000000000	0.0136988976	0.0008741540	0.0330286537	0.8980901815	0.0447594936	0.0047329486	0.0014592456	0.0033564254	0.0000000000
0	0.0136007144	0.0056643878	0.0000069952	0.0052118118	0.3814814743	0.5404968603	0.0000005476	0.0533474850	0.0001897236	0.0000000000
0	0.0057309510	0.0001274629	0.0728655714	0.0000005109	0.6549979678	0.0003990986	0.0000000000	0.2658782251	0.0000000000	0.0000002123
0	0.0164138765	0.0223680465	0.0135256442	0.0013354326	0.0099799731	0.6267433775	0.0002922650	0.0000000000	0.0147404903	0.2946008944
0	0.0743230106	0.0000000000	0.0001425380	0.0017495494	0.0791042606	0.4984121713	0.0261020170	0.1637282969	0.0243876697	0.1320504865
0	0.0000001479	0.3600586065	0.0181918311	0.0461312039	0.1807160242	0.2864367650	0.0747415516	0.0334882477	0.0000011851	0.0002344370
0	0.0152707911	0.0259581416	0.0635782688	0.0030998870	0.2628627357	0.1268858427	0.0367215163	0.3695197038	0.0003567490	0.0957463640
1	0.0072487379	0.0091230478	0.0000743909	0.0014044236	0.0446625101	0.4273539124	0.1437392416	0.3660189214	0.0002693026	0.0001055118
0	0.1444810108	0.0649340034	0.0028762434	0.0000000065	0.2869051568	0.0368206292	0.0131438929	0.0005731611	0.1653556432	0.2849102526
0	0.0000080146	0.0000002490	0.0757037159	0.0035915830	0.1116978550	0.0000000000	0.0067571192	0.2428450787	0.5191390908	0.0402572938
0	0.0166045582	0.0064204870	0.0015754998	0.0002034156	0.0037072662	0.0007076834	0.0066109555	0.9613693783	0.0026291066	0.0001716493
1	0.1780648406	0.0431838253	0.1932315934	0.0373972392	0.2817203627	0.0583383193	0.0322747748	0.1751260610	0.0000001035	0.0006628801
0	0.0107336787	0.0003248363	0.0000000000	0.0000000000	0.0970076178	0.0004147086	0.0023460299	0.3198274881	0.5693456404	0.0000000000
0	0.2404931689	0.0705518330	0.0000001010	0.0035761346	0.1963100441	0.0990088849	0.0000000000	0.3729833893	0.0154543726	0.0016220715
0	0.2657536269	0.1207385792	0.0011815548	0.0011351904	0.1786566174	0.0027049685	0.1100432451	0.2863387944	0.0181325789	0.0153148444
0	0.0106405360	0.0816946108	0.0001909126	0.0065172640	0.0672106395	0.0766063849	0.4747938546	0.0000000000	0.2227538385	0.0595919591
0	0.0224381427	0.1854425829	0.0000009852	0.0000000267	0.5663240816	0.1760061997	0.0345820506	0.0002583305	0.0013692506	0.0135783494
0	0.0976789620	0.0288170984	0.0001324130	0.0004780064	0.4104922117	0.0000000000	0.1332089720	0.3230063211	0.0002031880	0.0059828275
0	0.0000000229	0.0081973300	0.0000001508	0.0239329691	0.0598683691	0.4561895665	0.1027328933	0.2956456857	0.0534329825	0.0000000300
1	0.0017677070	0.0000000000	0.3164314264	0.0131315537	0.0922730395	0.0542714091	0.0087444276	0.2513972501	0.1505187032	0.1114644834
0	0.4362707455	0.0000559406	0.0003460753	0.2405476165	0.0545509230	0.0320339147	0.0597900229	0.1556397763	0.0132324338	0.0075325513
0	0.3986383022	0.1327463039	0.0272278943	0.0000255728	0.4306745024	0.0002369411	0.0000000019	0.0004496841	0.0000000000	0.0100007973
0	0.0618369763	0.0206738187	0.1612773200	0.1300813808	0.2093081939	0.0687612207	0.0000105022	0.2871820304	0.0606544970	0.0002140600
0	0.0171367086	0.0432013205	0.2502443930	0.0036768061	0.2494728545	0.0822881144	0.1077378867	0.0953259761	0.0000417569	0.1508741832
1	0.1024398675	0.0131898170	0.0088967311	0.0176060055	0.0581593177	0.3846880882	0.3115637252	0.0077494532	0.0293170935	0.0663899011
0	0.0519722063	0.0016043039	0.0017835412	0.0000000819	0.2836725340	0.0075867471	0.1225272776	0.2294282738	0.1012055994	0.2002194349
0	0.0000284549	0.0655095467	0.0036477102	0.0000000417	0.5828053045	0.2366618474	0.0934018953	0.0028076418	0.0090433858	0.0060941718
0	0.0035589500	0.0451872113	0.0401957940	0.0001298798	0.1885680573	0.0040019074	0.3943678238	0.0142078165	0.0070973446	0.3026852155
0	0.0002248417	0.0168530843	0.0062056135	0.0501075640	0.1242442629	0.0299648048	0.0069036916	0.6435448407	0.0024716098	0.1194796867
0	0.3097390806	0.0233688286	0.0080248102	0.1778413597	0.2553433580	0.0066308226	0.0000041775	0.0127284976	0.0247720386	0.1815470266
0	0.0653603446	0.0005346806	0.0026168541	0.1412397638	0.1519238227	0.0030598918	0.0566949829	0.3840377233	0.1847689683	0.0097629679
0	0.0000001927	0.2028646129	0.1708779275	0.5147773811	0.0462195463	0.0000025524	0.0156536362	0.0000182520	0.0136879456	0.0358979532
0	0.0076353980	0.0000000176	0.0000000042	0.0244806579	0.8961701196	0.0398418319	0.0184037947	0.0055498068	0.0000201250	0.0078982442
0	0.0004449161	0.0000271975	0.0000016667	0.0041612091	0.0059876597	0.6654269386	0.0167267287	0.2051036580	0.0944297374	0.0076902881
1	0.0001889804	0.0004050774	0.0127717208	0.0817988055	0.0262566247	0.0663348762	0.0829047528	0.0630072221	0.6634779613	0.0028539788
0	0.0005513010	0.5767275614	0.0000000000	0.0001158550	0.0088874712	0.1793585053	0.0218565695	0.1509989882	0.0570000304	0.0045037181
0	0.0082784719	0.0000000000	0.0000000016	0.1109997438	0.0103126340	0.1418158325	0.0299280623	0.6872910589	0.0009972175	0.0103769775
0	0.0000850954	0.0000000000	0.0016501867	0.0000334110	0.2586736783	0.0522322854	0.1353567463	0.4829419525	0.0392429350	0.0297837093
0	0.1225281053	0.0002106897	0.0000070479	0.0009478692	0.0165300400	0.1907653019	0.6456442393	0.0212870815	0.0020776041	0.0000020211
0	0.0309097251	0.0771836907	0.0188405125	0.0595749841	0.6856444174	0.0010238599	0.0523000795	0.0020694938	0.0172193712	0.0552338657
0	0.1226943712	0.0000122927	0.0980346699	0.0000037731	0.1472744900	0.0002079756	0.0169385055	0.4816303194	0.1327798236	0.0004237790
0	0.0003607216	0.0029543444	0.0436689342	0.0005840341	0.8122932080	0.0025460928	0.0019910071	0.0061854567	0.0012082256	0.1282079754
1	0.0854249809	0.0000039531	0.0000382691	0.0000041419	0.0858269566	0.4052382374	0.0480018468	0.3015719398	0.0686332302	0.0052564443
0	0.1234765938	0.0010801846	0.0129995091	0.0067957206	0.6740368247	0.1236946232	0.0482672770	0.0000000000	0.0022207171	0.0074285498
0	0.0783915733	0.0000882211	0.0037381788	0.0004358939	0.3984770823	0.1777368244	0.1612721529	0.1416421720	0.0001796252	0.0380382762
0	0.0291950380	0.0181627119	0.0359366766	0.1130530698	0.0859679389	0.0000000000	0.1892621103	0.3157089068	0.0093165992	0.2033969485
0	0.0000000000	0.2719665476	0.0004597773	0.2383199754	0.0439337762	0.0054624487	0.0536680227	0.0727107768	0.1864656102	0.1270130652
0	0.0001471546	0.0102342378	0.0002850244	0.0000000000	0.7773649831	0.0573863600	0.0105349407	0.0452737784	0.0143159907	0.0844575304
0	0.0000086283	0.3241146685	0.0005230850	0.0000007788	0.0168458826	0.2502032059	0.2457986247	0.1470164718	0.0154885781	0.0000000764
0	0.1861293208	0.1426087534	0.0173798304	0.0021628720	0.0020699571	0.0494585451	0.2674464192	0.3154389157	0.0157311461	0.0015742401
0	0.0065445774	0.0260688957	0.0002993032	0.1162599004	0.0751137222	0.0279814290	0.3579930658	0.0840092256	0.3057285407	0.0000013398
0	0.0838817265	0.0127153152	0.0577740520	0.0012372210	0.0430179479	0.0735038315	0.0118100814	0.1302712204	0.0000000294	0.5857885747
0	0.3504968504	0.0000000004	0.1255479845	0.0345046869	0.0330167417	0.2611510014	0.0576942835	0.1151259768	0.0046757209	0.0177867534
0	0.0007983802	0.0000000000	0.1675137151	0.0058818349	0.0667206961	0.0005845346	0.3317545239	0.4262300705	0.0005128116	0.0000034332
0	0.0000247380	0.0832163825	0.0000000000	0.0000103575	0.6712545904	0.0758991883	0.0356821181	0.0742496550	0.0140940289	0.0455689413
0	0.0035912228	0.0179806876	0.0133546362	0.0015483354	0.0095604175	0.4426737270	0.0587977464	0.4481450676	0.0000284552	0.0043197042
0	0.1710398125	0.1109102521	0.0068136804	0.0463542692	0.3982005325	0.1038349307	0.1202667860	0.0005106873	0.0420603515	0.0000086977
0	0.0785801819	0.0003898348	0.0000063032	0.0601047245	0.0541157049	0.0134440748	0.0377241213	0.7312705852	0.0046946230	0.0196698465
1	0.2071606427	0.0397452697	0.0641160337	0.0088903522	0.4869552482	0.0055454993	0.0826218286	0.0242579454	0.0720154160	0.0086917643
0	0.0697821326	0.1311052361	0.0224493378	0.0847587528	0.0133528513	0.1810142655	0.0190895117	0.0071831232	0.4121091275	0.0591556615
0	0.0218226247	0.1375632062	0.0002784889	0.0143905517	0.6945967807	0.0130868514	0.0081789286	0.0880838136	0.0005756167	0.0214231375
0	0.0202119679	0.3310403916	0.1555492876	0.0168733617	0.0000031598	0.0000036901	0.0000285295	0.2218668901	0.0807100255	0.1737126962
0	0.0777902285	0.0187595851	0.0000000000	0.0000805367	0.0446254514	0.2924119963	0.0616083119	0.0011866518	0.4830877493	0.0204494888
0	0.0147636429	0.5641354116	0.0669309284	0.0000009334	0.0397728931	0.1782488897	0.0000076377	0.0269055071	0.0852621579	0.0239719982
0	0.2079209423	0.0399370698	0.0626895010	0.0000000000	0.1294866734	0.1164015260	0.0117137352	0.3569732595	0.0185021896	0.0563751031
0	0.0233947391	0.0125525297	0.0039136395	0.0205570073	0.3385704217	0.1309497103	0.0957522221	0.1415234633	0.0287432567	0.2040430102
0	0.0305305527	0.0044805598	0.0000000000	0.0157236003	0.8372862717	0.0232326783	0.0058505710	0.0586178871	0.0122183579	0.0120595212
0	0.0519088188	0.0684134045	0.0209769453	0.0000666213	0.3176972838	0.0000111954	0.0688406364	0.4139833493	0.0580170233	0.0000847219
0	0.0918180800	0.0000000000	0.5004092505	0.0253667977	0.3633142822	0.0040562336	0.0001013863	0.0025105162	0.0124234536	0.0000000000
1	0.4999404751	0.0815832160	0.0092302390	0.0001533156	0.0395841808	0.0019116499	0.0000037061	0.1041676460	0.1695236813	0.0939018903
0	0.0671985447	0.0000000000	0.7865426888	0.0000059915	0.0283542844	0.0005989597	0.0373842718	0.0233176130	0.0330285589	0.0235690872
1	0.4486072930	0.0084188582	0.0233601136	0.0000663121	0.0362726526	0.0337520706	0.1819786050	0.0058583923	0.0075671018	0.2541186008
0	0.4782894816	0.0385755194	0.0000063747	0.0951017123	0.0525419333	0.1726731420	0.0001545131	0.0389093719	0.0995165021	0.0242314495
0	0.0012415867	0.0191644350	0.0247305730	0.0000000000	0.7876544659	0.0155757336	0.0017832840	0.0334937753	0.0348606808	0.0814954657
0	0.1053166593	0.0001532277	0.0000000000	0.0092802712	0.0142656892	0.0599833102	0.0169215649	0.7410444494	0.0006072124	0.0524276158
0	0.3907601598	0.1082130034	0.0005190423	0.0180730746	0.1351667153	0.0023137693	0.1318871799	0.0260669024	0.1627946491	0.0242055038
0	0.0015156663	0.0011729052	0.1200181618	0.0003742303	0.2779188389	0.1200771740	0.1148910719	0.3602243999	0.0036790654	0.0001284862
1	0.0291718020	0.0031396669	0.0017332258	0.0000000000	0.0592307309	0.0230533979	0.0604882215	0.7879537417	0.0134386601	0.0217905532
0	0.0013576559	0.0225982461	0.0001073982	0.0595246520	0.1940057375	0.1471090883	0.2019031219	0.2525928514	0.0000024229	0.1207988259
0	0.0039359481	0.0000013252	0.0002197398	0.0000281753	0.3283477121	0.3779758543	0.0014507492	0.0522811725	0.0630697154	0.1726896081
0	0.0148384064	0.0008869571	0.0051954495	0.0000000002	0.7466541150	0.0018355299	0.0255145638	0.1412836844	0.0000009527	0.0637903411
0	0.0027641898	0.0129691801	0.2599917152	0.0308940315	0.1413573112	0.2814823914	0.2176511360	0.0145212921	0.0383687522	0.0000000005
0	0.2611857572	0.0000000574	0.0407750095	0.0000094114	0.0964674123	0.2412811391	0.0339552158	0.1599774313	0.0273762728	0.1389722933
0	0.0995474048	0.0579063969	0.1091364178	0.0759267502	0.3999827298	0.0358964933	0.0000047181	0.1057437616	0.0246984346	0.0911568927
0	0.0001719548	0.0524156887	0.0826638911	0.0000000003	0.1404220194	0.0606965978	0.0000000000	0.3432162803	0.3204096393	0.0000039283
0	0.0106764092	0.0460953069	0.0004653467	0.0053906659	0.0000000960	0.0142975708	0.7633088359	0.0220455629	0.0308444257	0.1068757800
0	0.0000775763	0.0000573346	0.0000011740	0.0000000005	0.6574125443	0.1163421974	0.0478207775	0.0404745962	0.0000000346	0.1378137645
0	0.0802344349	0.1676322865	0.0001889528	0.1447181544	0.0238234834	0.2178172060	0.0000004117	0.1532071406	0.0000040863	0.2123738434
0	0.0253887036	0.0458489821	0.0013413470	0.2517283434	0.0043609380	0.2842577907	0.0830951400	0.2463153527	0.0001801981	0.0574832045
0	0.0211389493	0.0253012246	0.0615448976	0.0005447143	0.3627423727	0.1940950271	0.1449013404	0.1709365347	0.0012267564	0.0175681829
0	0.1301382045	0.1033618232	0.5799373763	0.0039422386	0.0396774429	0.0027167463	0.1000990803	0.0000662337	0.0399300835	0.0001307706
0	0.0000002590	0.0073297618	0.0000000181	0.0000000000	0.4115458714	0.0421440691	0.0149902582	0.0041509449	0.0285966058	0.4912422116
1	0.1338190986	0.0147316875	0.1830591128	0.0000000179	0.2996527146	0.0702041975	0.0037281751	0.0744427028	0.0984550287	0.1219072645
0	0.0429174609	0.0121475036	0.0231619323	0.0000042591	0.8441458098	0.0000000756	0.0183824075	0.0000589475	0.0433622720	0.0158193317
1	0.0226454260	0.0216828236	0.2799311551	0.1514649909	0.0007159297	0.0000000000	0.0673832132	0.1292378043	0.2831215185	0.0438171387
0	0.0529158375	0.0000000000	0.0000625265	0.0171662833	0.6953041483	0.0000001177	0.1136541274	0.1201105785	0.0000010988	0.0007852821
0	0.1099918343	0.0000791191	0.0924690911	0.0000072833	0.0532009699	0.0190411386	0.0001279225	0.4906878159	0.0822426987	0.1521521266
0	0.0000000119	0.0309566166	0.0023191878	0.0000580668	0.0050033670	0.0000005191	0.0247578204	0.0427795368	0.8937270957	0.0003977779
0	0.1238941804	0.0000000000	0.0140905220	0.0000268104	0.0103730870	0.0010324590	0.3529935846	0.1170172086	0.0000291751	0.3805429729
0	0.2173269302	0.0000000000	0.0472505112	0.0053392904	0.5529068072	0.0014174610	0.0766087998	0.0000084034	0.0000110781	0.0991307188
0	0.1203621372	0.0236656672	0.0000000000	0.0059120468	0.3458504053	0.3370183664	0.0188804051	0.0301843774	0.1091094071	0.0090171875
2	0.0009369410	0.4459902318	0.0206926961	0.0053364313	0.3752368185	0.0000012463	0.0883505691	0.0262736381	0.0000000368	0.0371813911
0	0.1004713543	0.0111281644	0.0725219557	0.0895926099	0.0000006225	0.0138953333	0.3063883794	0.3870326316	0.0189689489	0.0000000000
0	0.4713079764	0.0306807735	0.2854268978	0.0195112319	0.0000000038	0.0000000571	0.0163714928	0.1762115839	0.0004899829	0.0000000000
0	0.0626574133	0.0203274559	0.0000005821	0.0000353294	0.0702060071	0.0163202051	0.0266504210	0.8029209506	0.0003754540	0.0005061815
0	0.3398707742	0.0685034511	0.0038745497	0.0274972694	0.0053102080	0.0000011095	0.0187443886	0.0470135505	0.4884947004	0.0006899985
0	0.1598225382	0.1415728444	0.0268226414	0.0000418527	0.5861061742	0.0011100163	0.0226627202	0.0390705608	0.0122908189	0.0104998328
0	0.0824889490	0.0060273364	0.0056570490	0.1623993796	0.0241769675	0.5522073692	0.0002930807	0.1020235993	0.0000008285	0.0647254406
0	0.0111382713	0.0129742544	0.0000000009	0.0007395141	0.1360645795	0.0000895068	0.0296716120	0.7745592931	0.0225566611	0.0122063068
0	0.1987873656	0.0980750174	0.0001287204	0.0000463280	0.0562887401	0.0534242801	0.0000000000	0.3320242787	0.0100639099	0.2511613599
0	0.0577513847	0.2441016290	0.0681994091	0.0923628638	0.2310803045	0.0944998041	0.0125525613	0.0099783112	0.0907614674	0.0987122650
0	0.4205395955	0.0000023964	0.0473854169	0.1658389126	0.2559473682	0.0942035958	0.0011334458	0.0000000000	0.0146704457	0.0002788231
0	0.0710694579	0.0547468429	0.0008670548	0.0056821206	0.0928883363	0.6377275021	0.0000000225	0.0692658835	0.0627662058	0.0049865735
0	0.0024120916	0.0244273095	0.0000047931	0.0103942772	0.1517222634	0.0272944923	0.6925911598	0.0433343526	0.0470159050	0.0008033556
1	0.3576466541	0.0000021471	0.1450193994	0.0000001290	0.1030170526	0.0036262033	0.0001072748	0.2225084908	0.1456642121	0.0224084368
0	0.0000000000	0.0028408319	0.0070935630	0.0427145224	0.7100828072	0.2169684208	0.0073588063	0.0128519995	0.0000027319	0.0000863172
0	0.1127187065	0.0260735142	0.0610411120	0.0077236089	0.0086568117	0.0321415319	0.0827499213	0.6499962098	0.0135580381	0.0053405456
1	0.1053765846	0.1645810840	0.0000206768	0.0000001014	0.0000000056	0.3395956091	0.1311967909	0.1428982129	0.0132347827	0.1030961520
0	0.2813141750	0.0133287259	0.0024017112	0.0004091122	0.0474247987	0.2257062442	0.2869337471	0.0448587592	0.0288003948	0.0688223317
0	0.0000011069	0.5276426964	0.0000000000	0.0200302297	0.1772623454	0.0035085095	0.0863622650	0.0034012215	0.0014127445	0.1803788812
0	0.0060459749	0.0179294454	0.0000002049	0.0053716925	0.1603377858	0.0186055665	0.0091024671	0.4479380462	0.1475733970	0.1870954196
1	0.0556792458	0.0282583550	0.5872231931	0.0000042217	0.0029822092	0.1544174048	0.0103844183	0.1217615172	0.0270666720	0.0122227630
0	0.5205892671	0.0093816032	0.0051403743	0.0000000000	0.1652808859	0.0244240067	0.1653277731	0.0343709392	0.0745978415	0.0008873090
0	0.1277330722	0.0127064216	0.0086003570	0.2262320594	0.5613104987	0.0214034867	0.0307072450	0.0090500696	0.0016163826	0.0006404072
1	0.7994449383	0.0028733167	0.0001256543	0.0000000000	0.0011681160	0.0569434911	0.0000050155	0.0952795104	0.0000000000	0.0441599576
0	0.4762808859	0.0282361072	0.0000785823	0.0000443925	0.0000084682	0.1073105110	0.0263986202	0.3167984704	0.0000000001	0.0448439622
0	0.0026481394	0.0065018196	0.0566819959	0.0000166600	0.0337226556	0.5176209476	0.0357927770	0.0572302157	0.2892379954	0.0005467938
0	0.0183703489	0.0334683758	0.0279344684	0.0126009822	0.1119127659	0.0540563079	0.1060957655	0.6301366625	0.0041321498	0.0012921731
0	0.9307844401	0.0265567351	0.0006158230	0.0083922446	0.0095109676	0.0000253286	0.0000007606	0.0080797643	0.0065128091	0.0095211270
0	0.0009774125	0.0369943418	0.0000397399	0.0010751228	0.5254168986	0.1891928568	0.0498414185	0.0174965101	0.0129252880	0.1660404108
0	0.0561113668	0.0015412527	0.2920999034	0.0311741358	0.2492564407	0.1957915668	0.0283966588	0.1149149192	0.0292939179	0.0014198380
0	0.1095082660	0.0316265225	0.0051465769	0.0000004453	0.0121143719	0.3584507860	0.0436234108	0.4374138781	0.0021059367	0.0000098059
0	0.0647250331	0.0035833978	0.0045304999	0.0000117509	0.0000009981	0.0235768669	0.0000000000	0.5141514348	0.0884362886	0.3009837299
0	0.0303880021	0.0553853283	0.2629419806	0.0000004570	0.0116676230	0.0103031382	0.1494996753	0.4793330739	0.0000124023	0.0004683193
0	0.0595241426	0.0897091150	0.0040034548	0.0215683139	0.2762967216	0.0518346841	0.0000266237	0.4943731112	0.0019575137	0.0007063194
0	0.0508775331	0.0041960803	0.0044557537	0.0003182696	0.2065645440	0.4910954466	0.0345651406	0.0155171450	0.1909161199	0.0014939671
0	0.1667565856	0.5231665350	0.0000002060	0.0000000000	0.0090445905	0.0355420782	0.0000000092	0.1913271335	0.0348426390	0.0393202230
0	0.0599052017	0.1332167827	0.0713175847	0.0195670361	0.3418269459	0.0646229286	0.0192497265	0.1816029812	0.0887498930	0.0199409195
0	0.0007647110	0.0372606479	0.3726254388	0.0361902267	0.2279017649	0.0605861563	0.0046215581	0.2280918246	0.0150257701	0.0169319015
0	0.3850849528	0.0000000000	0.1368236114	0.2198918207	0.0074195348	0.0714608451	0.0868189277	0.0227012753	0.0494569394	0.0203420928
0	0.0865110982	0.0278534098	0.0368540607	0.0000000000	0.2524271852	0.2369000775	0.0043298726	0.3433823941	0.0000369083	0.0117049937
0	0.4756290893	0.0016407290	0.0045180559	0.0074243456	0.0320584721	0.0000019174	0.0633839815	0.0001945739	0.4151488353	0.0000000000
0	0.1512082208	0.0000000013	0.1028447354	0.1602866428	0.1986877263	0.0181550562	0.0625206286	0.0003649662	0.0239734208	0.2819586015
0	0.4808446663	0.0086438393	0.0003832499	0.1769395366	0.0189075862	0.0219906907	0.1508396434	0.0724046803	0.0298787206	0.0391673868
0	0.0055764093	0.0001534797	0.0099881290	0.0000737632	0.3143566845	0.0000000000	0.0159282176	0.6144598251	0.0361542069	0.0033092850
0	0.1039470221	0.1859842080	0.0001612751	0.0000008665	0.2067202251	0.0313812804	0.0000000001	0.1827931739	0.1576422269	0.1313697218
0	0.2590766546	0.0000000000	0.0929524877	0.0001709182	0.2186246003	0.0997700386	0.0000572361	0.1853990184	0.0765706778	0.0673783683
0	0.1455692384	0.0008633672	0.0000000000	0.0077745463	0.0130976072	0.0097765354	0.0002018078	0.1970780134	0.0574468704	0.5681920139
0	0.2812986795	0.0008469102	0.0466648799	0.1563040548	0.1101231240	0.3132927854	0.0000000565	0.0674150255	0.0199953774	0.0040591068
0	0.3192859841	0.0548749433	0.0000000000	0.0000000158	0.0386208268	0.0115716167	0.0273544910	0.0094446981	0.5381314947	0.0007159295
0	0.0023008238	0.0055252711	0.0000177385	0.0459358617	0.1043062236	0.0109996625	0.0144458644	0.6287362978	0.1496041742	0.0381280824
0	0.0106294793	0.0836306151	0.0558745234	0.0101417627	0.4621421087	0.1494587140	0.0000000048	0.0713147607	0.1567999940	0.0000080373
0	0.2130782949	0.0649793755	0.0025512600	0.0006705663	0.2563797564	0.1040758094	0.0005617979	0.3051349859	0.0000464174	0.0525217361
1	0.0483479397	0.0044073035	0.0016270728	0.0269309452	0.2081175890	0.1320568226	0.0482835931	0.5266347296	0.0035695240	0.0000244804
0	0.0558979552	0.0000221970	0.0000000000	0.0021421499	0.0067364533	0.0507866436	0.0274145725	0.0000000000	0.8453615407	0.0116384878
0	0.0166733787	0.0950993537	0.3155390273	0.0018982885	0.5125364676	0.0010730535	0.0018320969	0.0184641984	0.0102192630	0.0266648723
0	0.1464581520	0.0032893259	0.2307019766	0.0322085620	0.0000015967	0.1374952690	0.0216216531	0.3407635358	0.0000021486	0.0874577802
0	0.1741235077	0.0000000429	0.0425276731	0.0291908679	0.1529247177	0.0060256963	0.5669037234	0.0214131023	0.0037049911	0.0031856775
0	0.0119424533	0.0096754872	0.0007756427	0.0000000003	0.0004548849	0.0125239505	0.0002109248	0.0297913002	0.9150615406	0.0195638155
0	0.0000000000	0.0000000000	0.0897937261	0.0001054572	0.1824128048	0.1611274148	0.1673523273	0.0494454994	0.0397693150	0.3099934553
0	0.0191304890	0.0340550641	0.0526351132	0.2828580202	0.0872675335	0.0000000000	0.0000008343	0.2085725242	0.2830731806	0.0324072409
1	0.0000015010	0.0838024612	0.0000927750	0.0020731470	0.2124892100	0.0264827742	0.0674212878	0.4920168313	0.1156162103	0.0000038022
0	0.0004854166	0.0000000000	0.0000001396	0.1608323357	0.2562264094	0.3274825206	0.1882437424	0.0357576429	0.0263643504	0.0046074424
0	0.1665156907	0.0117550560	0.0122316719	0.3342626016	0.1273278711	0.1495457940	0.0006163691	0.0046546267	0.1261226012	0.0669677177
0	0.0004812173	0.0760241374	0.0000494538	0.0015374050	0.0761472086	0.0435381036	0.0000000000	0.7328003736	0.0661311111	0.0032909896
0	0.1949148123	0.0077224253	0.0000000493	0.1105727280	0.1333594074	0.1114795426	0.2664114665	0.0785547827	0.0969847762	0.0000000097
1	0.4244901488	0.0000092996	0.0063685629	0.0007803822	0.0424979811	0.1004550614	0.0085799819	0.1404204877	0.1248188391	0.1515792553
0	0.1682066335	0.1427337019	0.0000042228	0.0006826115	0.0931070346	0.0885150816	0.0254990618	0.4098436645	0.0238531735	0.0475548143
0	0.1514102901	0.1223081257	0.0185215947	0.0129512297	0.0891773129	0.0524824007	0.5331138680	0.0173944570	0.0000000000	0.0026407212
0	0.0000000000	0.0526456998	0.0000000000	0.1338337134	0.0781411878	0.1182064513	0.1914930552	0.3290931417	0.0227818200	0.0738049307
1	0.1936631437	0.0000000571	0.0000082594	0.0571103792	0.3623581791	0.0107129958	0.0528951659	0.3100946378	0.0000220228	0.0131351591
0	0.0526018766	0.0069067783	0.0012662894	0.0449273342	0.7131543838	0.0000008165	0.0030579051	0.0246522245	0.1530695158	0.0003628758
0	0.0000000000	0.0054337634	0.0044305368	0.0114479325	0.7692492667	0.0779830093	0.0876295278	0.0346845954	0.0090198370	0.0001215311
0	0.0000008998	0.0593288187	0.1318170629	0.0177930150	0.2815885073	0.0524551236	0.0265544958	0.1483412654	0.0000005288	0.2821202826
0	0.0302396744	0.0023152754	0.0578934597	0.0655683455	0.7710207826	0.0124062040	0.0135612088	0.0009825589	0.0000000004	0.0460124903
0	0.3188751505	0.0019910617	0.1413712646	0.0016865043	0.1087218054	0.0645440360	0.0751856240	0.1881960632	0.0987612249	0.0006672653
0	0.0000104550	0.0007220267	0.0185013878	0.0502605015	0.6427641415	0.0093404171	0.0000808316	0.1306672354	0.1459948031	0.0016582005
1	0.0975905749	0.2286045069	0.0252980635	0.0000341211	0.1578564266	0.0000000001	0.2063845461	0.1870274526	0.0926847877	0.0045195205
0	0.0715298299	0.0424513549	0.0011681453	0.0193757929	0.5165557505	0.0294851062	0.1674033234	0.0454844848	0.0045685672	0.1019776449
1	0.0000004132	0.0153957392	0.1561532261	0.0236072359	0.0520244757	0.0686407421	0.6039614279	0.0032671663	0.0718650201	0.0050845534
0	0.0109327417	0.0291529791	0.0034460557	0.0006014295	0.3988866433	0.0190109859	0.0457145945	0.4640395344	0.0045427666	0.0236722692
0	0.0008790511	0.0447444630	0.0020637166	0.0545766155	0.0312876895	0.0351227914	0.0109575204	0.7763809490	0.0349609699	0.0090262335
0	0.0289092369	0.2557538186	0.0000000000	0.3972743187	0.0079350094	0.0361234456	0.0134698922	0.1103078442	0.1463986382	0.0038277961
0	0.0768629164	0.0484041467	0.3602334134	0.0004188997	0.0000111290	0.1538482792	0.0000000013	0.2300195015	0.1241975896	0.0060041232
0	0.0720963064	0.4392761777	0.0000000000	0.0157128507	0.0001189420	0.0164724821	0.0105262795	0.1016827825	0.1497859949	0.1943281841
1	0.0887013942	0.1593538065	0.0043012966	0.0344976626	0.0009012852	0.0818485929	0.0998937842	0.2078982651	0.0489667325	0.2736371801
0	0.0000000000	0.0000000008	0.0001317119	0.0000000000	0.3383740772	0.0612326367	0.1774180099	0.1255486115	0.0000083492	0.2972866027
0	0.0795229296	0.0011360710	0.0214307046	0.0231271348	0.0355870248	0.0208182695	0.0113710890	0.6056753622	0.2004916801	0.0008397343
0	0.3079825310	0.0000002478	0.0000519618	0.0000000000	0.0647466249	0.0092993980	0.0044416133	0.5337388507	0.0787014710	0.0010373016
0	0.1055648235	0.1139798999	0.0000000000	0.0123098441	0.1286193602	0.4769984863	0.0123466782	0.0501186993	0.0248180030	0.0752442056
0	0.0190336379	0.0004724067	0.0000000134	0.0151983405	0.6768877673	0.0191406884	0.0003469712	0.2630051343	0.0007474803	0.0051675600
0	0.0488648312	0.0281756100	0.0282053996	0.0000000000	0.1595864725	0.0287135187	0.0000000000	0.7040304786	0.0024212086	0.0000024807
0	0.0183998712	0.0979231684	0.0130652559	0.1020279791	0.2010528591	0.3255632940	0.0106751946	0.0557485663	0.0314676747	0.1440761368
0	0.3470504829	0.0081993958	0.0280594115	0.0046068866	0.1232373812	0.0723006993	0.0277683977	0.2932964065	0.0173655381	0.0781154005
0	0.0000556700	0.0001558221	0.1143279092	0.0020585786	0.1164586278	0.0311139307	0.0000002795	0.6879064626	0.0000000372	0.0479226823
0	0.0032174672	0.0005779466	0.0152907262	0.0000000000	0.7827955404	0.1013019234	0.0840031777	0.0000000000	0.0115033426	0.0013098759
0	0.0398153848	0.0126974786	0.0000000000	0.0000000000	0.0758678390	0.0004163762	0.0046722727	0.0923012338	0.7709204618	0.0033089531
0	0.0000000039	0.2690791008	0.0011594140	0.0032325057	0.3913627812	0.0039467442	0.2878005478	0.0340687437	0.0093497248	0.0000004339
0	0.4623381207	0.0566952783	0.0000000000	0.0034296328	0.1127763133	0.0037859247	0.0235418444	0.0661750853	0.0000815894	0.2711762112
0	0.0000544589	0.0020027359	0.0001717694	0.0000031546	0.5883072302	0.0942310802	0.0003520308	0.2463014222	0.0685761176	0.0000000000
1	0.0277016260	0.0000000000	0.0125105648	0.0000862847	0.3270691866	0.3602180948	0.0000014928	0.0003995241	0.0043775909	0.2676356353
1	0.0246774682	0.0001951450	0.0121817739	0.0000174698	0.0060586446	0.4111523652	0.3318874511	0.0980935016	0.0743535194	0.0413826612
0	0.0044844766	0.2611420169	0.0862362480	0.0000001593	0.0408636277	0.2148413523	0.0000001006	0.3871925588	0.0000044914	0.0052349683
0	0.0018336032	0.0000000404	0.0000073443	0.1252523377	0.2087912459	0.3542285506	0.0365118040	0.0782843894	0.0035378279	0.1915528568
0	0.0109480779	0.0000000000	0.0520848381	0.0007206754	0.0205688189	0.0228105586	0.0003269636	0.0047787208	0.8877608867	0.0000004601
0	0.2244226124	0.0003043120	0.0190389082	0.0081104740	0.6132752219	0.0103069801	0.0887236582	0.0088511684	0.0196150279	0.0073516368
0	0.0591957778	0.6341081701	0.0436046621	0.0010380346	0.0692822624	0.0075292483	0.0441425128	0.1168416001	0.0001581534	0.0240995784
1	0.0253826949	0.0322182017	0.0251016059	0.0856099532	0.0000130412	0.0664512053	0.2095251595	0.0329779820	0.3536360456	0.1690841109
0	0.0577279470	0.0125144830	0.0010850211	0.0423453627	0.2522240179	0.0137708240	0.3773435724	0.2134840943	0.0000000001	0.0295046774
1	0.0428450960	0.0037590089	0.2095327646	0.0000064802	0.4366474245	0.2675429227	0.0262730859	0.0008359361	0.0125572809	0.0000000000
0	0.0220043477	0.0128401007	0.0756559202	0.0095315780	0.1861223457	0.1122464251	0.0351016748	0.0481875654	0.3830113257	0.1152987168
0	0.0030323302	0.1120821946	0.0013367277	0.2886142413	0.0217578599	0.0000001296	0.4347916611	0.0178075074	0.0305200116	0.0900573365
0	0.1165596809	0.0007367625	0.1559497265	0.0000000000	0.1028109981	0.4146930900	0.0850563953	0.0567712720	0.0000031473	0.0674189273
0	0.4131133411	0.1055333805	0.1106833438	0.2875933619	0.0037033286	0.0022701672	0.0120919553	0.0201724090	0.0425909014	0.0022478112
0	0.0239530127	0.0350829471	0.0191245572	0.1021619283	0.0767027379	0.1401453861	0.0670179205	0.5224011178	0.0000000526	0.0134103397
0	0.0748352472	0.0524592845	0.0662496752	0.2737558030	0.1066497422	0.3756547929	0.0000261817	0.0013368412	0.0219905460	0.0270418859
0	0.0586784322	0.0331678126	0.0275323245	0.0487130918	0.0297063838	0.0076303986	0.4770387335	0.2694726242	0.0320988044	0.0159613945
0	0.0026674170	0.1512875912	0.0000238119	0.1440633832	0.1218439847	0.3108597963	0.0000113102	0.1860989084	0.0524303540	0.0307134429
0	0.0320459864	0.0000010566	0.0000571493	0.0000827620	0.0284508495	0.2418561529	0.0000892062	0.5300053815	0.0246490829	0.1427623726
0	0.1302869988	0.0001192900	0.0778126196	0.0003218073	0.1045533109	0.2239618178	0.2170388155	0.2183617697	0.0275435705	0.0000000000
0	0.0000000000	0.0339257754	0.0221559327	0.0955164632	0.5093593613	0.0759759208	0.0775388654	0.1513355699	0.0002970053	0.0338951060
0	0.0026954006	0.3212930341	0.0000000000	0.3325519707	0.0491941440	0.0062384573	0.0000137030	0.2065961155	0.0103567128	0.0710604620
0	0.0126399004	0.0192314938	0.2982564958	0.3049670262	0.0000000000	0.1082266553	0.2170484647	0.0319683825	0.0001627169	0.0074988643
0	0.3782091043	0.0049097579	0.1439618722	0.0010316532	0.0000000000	0.0465418003	0.0017227906	0.3226304162	0.0000000000	0.1009926052
0	0.0000000000	0.0003486059	0.0001671812	0.0000164595	0.0009370878	0.6332667359	0.0000234521	0.0929728909	0.1207989683	0.1514686183
0	0.0163205664	0.0000134826	0.0029692133	0.0094650496	0.6573454008	0.0011391628	0.0000000000	0.2288765569	0.0752485881	0.0086219795
1	0.2281259880	0.0047362640	0.0113642261	0.0009038692	0.3597722367	0.0000000148	0.0429121365	0.3016369524	0.0412247877	0.0093235247
0	0.0676334789	0.1949761879	0.0004112654	0.0000162836	0.0075236622	0.1099660118	0.1460097747	0.0750454396	0.3138324356	0.0845854604
0	0.6075041012	0.0356586344	0.0545434708	0.0000158762	0.1585777313	0.0506490885	0.0000309725	0.0371697370	0.0000078247	0.0558425633
0	0.5795120407	0.0000000000	0.0000176907	0.1171794122	0.0244267944	0.0150024205	0.0283583632	0.1989210292	0.0336680277	0.0029142215
0	0.0219385158	0.0000084159	0.0176704788	0.0036422112	0.2349817108	0.0427994360	0.0212395642	0.2413060541	0.1079973323	0.3084162808
0	0.3241977351	0.0049463130	0.1619382071	0.0577541251	0.0078802254	0.0742566927	0.0550142967	0.2094895669	0.0123571005	0.0921657376
0	0.0000001464	0.0048071539	0.0000000000	0.0000000000	0.0976919396	0.1591413903	0.1689274622	0.4590470479	0.1059243887	0.0044604710
0	0.0896423134	0.0000000000	0.0064428905	0.0424959979	0.0837998384	0.6272557091	0.0000044013	0.1469990918	0.0000000000	0.0033597577
0	0.0000037615	0.1014902057	0.2290209743	0.0000000000	0.1560934549	0.1764416566	0.0115787790	0.1251244282	0.2001363828	0.0001103569
0	0.0234088517	0.0000059225	0.0092087834	0.0000000026	0.0622981354	0.6915858409	0.0324162268	0.0168338135	0.0702296930	0.0940127303
0	0.0017599524	0.0002098648	0.0000001622	0.0025056994	0.1780433996	0.0663811120	0.0015590095	0.7480396912	0.0005623565	0.0009387525
0	0.1216646820	0.0029799862	0.0000877552	0.0014626111	0.0841344591	0.5975877077	0.0036852694	0.1061034472	0.0462092001	0.0360848821
0	0.0000000000	0.0001526131	0.0290768314	0.0000055002	0.1791917600	0.1272590302	0.0491756193	0.6133258389	0.0009943314	0.0008184753
0	0.0000000420	0.0016327019	0.0024722746	0.0031925857	0.1615042102	0.1058802988	0.4682459079	0.0794078803	0.1765875720	0.0010765267
0	0.0000000102	0.0091313719	0.0271579651	0.0000000000	0.0143548287	0.0016242461	0.0410815727	0.6073407883	0.2928216571	0.0064875600
0	0.0282685967	0.0000739984	0.0122272149	0.0108103207	0.8883834303	0.0072361057	0.0001044096	0.0124168270	0.0404787515	0.0000003453
0	0.0240016186	0.0788675357	0.0548852245	0.0001520771	0.0411583158	0.7514796382	0.0199303485	0.0048653122	0.0064677116	0.0181922179
0	0.0000492616	0.0135700549	0.0000000000	0.0132309036	0.8106654248	0.0000000003	0.1624409298	0.0000434035	0.0000000000	0.0000000216
0	0.1830802258	0.0000179648	0.0012686096	0.2157353666	0.4029140873	0.0087347077	0.1076933498	0.0805092670	0.0000464214	0.0000000000
1	0.0000017144	0.0009028044	0.0022714648	0.0000039306	0.0182803146	0.7890518989	0.0308893225	0.0667615535	0.0917401164	0.0000968799
0	0.3121358460	0.0019957506	0.0428791846	0.0691449646	0.3539166795	0.0764047047	0.0143170454	0.1091886389	0.0047276294	0.0152895564
1	0.0095454979	0.0227511521	0.0844483038	0.2490604650	0.0284554851	0.0523291853	0.0677250693	0.1526646808	0.2952858105	0.0377343501
0	0.0052742424	0.0000001035	0.0664344135	0.0000000000	0.0522070319	0.0056339936	0.2338385696	0.1405092545	0.1775740205	0.3185283705
0	0.0531024742	0.0047287884	0.0000000002	0.0071006148	0.1928064172	0.5560874466	0.0445565434	0.1104721399	0.0094047853	0.0217407898
0	0.0805976051	0.0000000000	0.0391860948	0.1274140468	0.0094033352	0.0225710171	0.0000000051	0.7100706346	0.0107571747	0.0000000866
0	0.1861223085	0.0002740876	0.2815047681	0.0230160313	0.1679509676	0.0007909057	0.0535243940	0.1301167558	0.1202145935	0.0364851878
0	0.0979542694	0.0036010559	0.0000037311	0.0014968584	0.4387693523	0.3112122782	0.0243303510	0.0237251021	0.0989070012	0.0000000004
0	0.0194443962	0.0007761487	0.0014534403	0.0032976131	0.8627605447	0.0007679634	0.0464143151	0.0437140196	0.0110014747	0.0103700842
0	0.0035861872	0.0848300192	0.0760072395	0.0000001581	0.0626446409	0.0018838755	0.2346424125	0.5160325374	0.0000441888	0.0203287410
0	0.0005448994	0.0018216586	0.0682073510	0.0059112205	0.6146047950	0.0051451094	0.1242565780	0.0872107508	0.0865403032	0.0057573342
0	0.0035920224	0.1147868022	0.0000000002	0.0414431087	0.5039608094	0.0074624717	0.0022365576	0.2960207948	0.0303884416	0.0001089914
0	0.0088928177	0.0118889025	0.0188973733	0.0000573078	0.2469791213	0.0000004145	0.1848797738	0.5132206714	0.0053760223	0.0098075954
0	0.0000385708	0.0000000000	0.0002227154	0.6382480559	0.0692582379	0.2641407020	0.0103406268	0.0006208165	0.0010412576	0.0160890171
1	0.0448841698	0.0784422300	0.1186337358	0.0000004901	0.0076530618	0.0228166581	0.3254334523	0.3766119961	0.0003744539	0.0251497520
0	0.0434643520	0.0358210327	0.0020381823	0.0126783641	0.2753138683	0.1212181265	0.0006164887	0.3092710165	0.0495312061	0.1500473628
0	0.0213930298	0.0427486831	0.0486868316	0.0471008083	0.0909955035	0.0648852695	0.3821928590	0.0732807060	0.1958388427	0.0328774664
0	0.0249896423	0.0743095184	0.0000000000	0.3803459348	0.0469029928	0.0333351232	0.2484666964	0.1841517359	0.0000012529	0.0074971033
1	0.0108747807	0.0299928425	0.0510734193	0.0184277371	0.0031936892	0.7595318023	0.0147937112	0.0435024849	0.0236357310	0.0449738019
0	0.0074932732	0.0356329321	0.0103848396	0.0002764366	0.5496175956	0.0007726245	0.0016994087	0.3332736436	0.0139597176	0.0468895285
0	0.2570530834	0.0335270842	0.0000604668	0.0000000050	0.2739860320	0.0001541132	0.0001160280	0.3991920017	0.0156831522	0.0202280335
0	0.3146116515	0.0036543683	0.0000194162	0.0625574871	0.0948788554	0.0189233951	0.0580796983	0.3837990907	0.0615148303	0.0019612070
0	0.1734112285	0.0353948213	0.0253692753	0.0002616744	0.0161987756	0.0500799628	0.4203970864	0.2311174262	0.0463532115	0.0014165380
0	0.0829334745	0.0929724646	0.2348564073	0.0001813984	0.2161463786	0.1153301630	0.0651490213	0.1475088238	0.0000000000	0.0449218684
0	0.1613023826	0.1384967330	0.0264304599	0.0706951163	0.0000000012	0.0000000073	0.4028089681	0.1649010374	0.0353652943	0.0000000000
0	0.0310265119	0.0000889271	0.0030719938	0.0000001775	0.1081647274	0.0127881518	0.0000000392	0.4245259824	0.0023016751	0.4180318137
