0	0.0000106829	0.0240188980	0.3118784196	0.1226650458	0.0244173447	0.1136456507	0.0212439535	0.0027410173	0.3435015530	0.0358774345
0	0.5857713827	0.0000000126	0.1044810507	0.1972910539	0.0016373262	0.0114843930	0.0414753143	0.0001122492	0.0289779680	0.0287692493
0	0.2257302651	0.0007720792	0.1165887057	0.0591668640	0.0003648759	0.0002755324	0.0283410227	0.0039946792	0.0032428728	0.5615231031
0	0.1539116237	0.0000000124	0.0010386075	0.0910641752	0.0000100140	0.0002912478	0.3041574090	0.1314215643	0.2215174292	0.0965879169
0	0.1527831177	0.0000000000	0.1523498363	0.3583864898	0.0341279134	0.0843139411	0.1687734116	0.0365180929	0.0089755039	0.0037716934
0	0.0331798468	0.0921335338	0.3924517830	0.2154422247	0.0387735851	0.0055692190	0.0004216251	0.0048542471	0.0258879500	0.1912859853
0	0.0803525895	0.0019150777	0.0131485106	0.0367634373	0.0172892453	0.1722168013	0.0344915713	0.5746906882	0.0061020168	0.0630300619
0	0.0472885110	0.0000354515	0.6818681694	0.1058635739	0.1242082773	0.0001198820	0.0144311950	0.0028315739	0.0107907927	0.0125625733
0	0.1939296896	0.0725725543	0.1501849290	0.0033348866	0.0608047443	0.0406216247	0.0094082731	0.4631001322	0.0060358885	0.0000072775
0	0.0313222037	0.0000000000	0.0026664156	0.0947491046	0.0045946509	0.1750341959	0.0319991837	0.4602565943	0.0286329114	0.1707447400
0	0.3962437813	0.0003631216	0.0464553049	0.0208014218	0.1222272977	0.0000009385	0.0119243555	0.4019815564	0.0000014403	0.0000007820
0	0.0295057321	0.0433890220	0.5620077338	0.0002360078	0.1602413179	0.0092180851	0.0046573721	0.0659045260	0.0050643177	0.1197758855
1	0.0180576151	0.0238312926	0.0003343395	0.0451192297	0.0596984500	0.0512770772	0.7824066755	0.0000025951	0.0162678165	0.0030049088
0	0.0011256029	0.0000158052	0.0874632364	0.0001236151	0.1317473942	0.1020446568	0.3990519606	0.0000188033	0.2626782345	0.0157306909
0	0.0033207677	0.0266589280	0.0041650060	0.0833425923	0.0546438895	0.4464459563	0.0000003318	0.0014163459	0.0000000000	0.3800061826
0	0.4409224132	0.0634150691	0.1385192508	0.0129548067	0.0000003858	0.0041826197	0.0767025963	0.0762252662	0.0095008424	0.1775767497
0	0.2887137962	0.0000018336	0.2993280068	0.0310986950	0.0000000009	0.0771939568	0.0489959619	0.0000000037	0.0000312061	0.2546365391
0	0.2307260143	0.0000000000	0.3219034943	0.0005873968	0.0160020033	0.0024837290	0.0782016186	0.2685025190	0.0000000000	0.0815932247
0	0.2279620465	0.0000000000	0.2388736043	0.0393684238	0.0293873729	0.0253474979	0.0018147326	0.0423509329	0.0385741854	0.3563212038
1	0.4215948626	0.0074535174	0.0032358668	0.2067319057	0.0000000000	0.0063633165	0.0191869114	0.1719217166	0.0000000000	0.1635119031
0	0.1685739110	0.4104255874	0.0006616786	0.0003802970	0.0294101562	0.0446328260	0.0156861533	0.0862456471	0.0044316572	0.2395520861
0	0.1731020550	0.0005390455	0.1174524897	0.4255262784	0.0000794591	0.0955644827	0.0001184357	0.0310636517	0.0000002565	0.1565538456
0	0.8830365573	0.0347385695	0.0224727375	0.0000000000	0.0305982296	0.0127537139	0.0094719062	0.0068208048	0.0000095265	0.0000979547
0	0.0000057170	0.0332389285	0.2534336336	0.0176542220	0.0025218992	0.2790679691	0.0925414578	0.0759421235	0.2424938893	0.0031001599
0	0.0316652845	0.0000071311	0.0016898304	0.0005217661	0.0598117671	0.0761950444	0.0010016981	0.0110174488	0.1313897184	0.6867003111
0	0.0226297934	0.0959984575	0.0526794692	0.0172478216	0.0065368792	0.0044146518	0.0988895412	0.4507486932	0.1195309042	0.1313237887
0	0.3411877289	0.0000004162	0.1646295101	0.0819736350	0.0000000000	0.0154929112	0.0360907106	0.2951877994	0.0098992130	0.0555380755
0	0.0000000020	0.0829300877	0.2196269341	0.0100925044	0.2805354882	0.1610316471	0.0000000064	0.1895382091	0.0000000000	0.0562451208
0	0.4424303329	0.0000003761	0.4426811827	0.0484552483	0.0253699254	0.0000716737	0.0000596334	0.0154400952	0.0254915323	0.0000000000
0	0.4362090521	0.0002678999	0.0473254376	0.0028484918	0.0000012196	0.0486400821	0.0010300567	0.1690057389	0.0121380358	0.2825339855
1	0.0584346356	0.1611312309	0.0063383878	0.0591461322	0.1798936271	0.0001275197	0.2401961706	0.2940634698	0.0000000000	0.0006688263
0	0.3115044733	0.0000004504	0.1383668992	0.0833120241	0.0548850742	0.0000401822	0.0028965182	0.0813554206	0.0944809560	0.2331580017
0	0.0105860893	0.1500057346	0.1778494940	0.0454848112	0.3812522962	0.0031458052	0.0835003368	0.1020656843	0.0275889831	0.0185207653
0	0.0000948199	0.0699160485	0.2043372163	0.1487500710	0.1176657858	0.0573099450	0.3676640531	0.0003474804	0.0018001587	0.0321144212
0	0.4963369249	0.0034466146	0.0047126385	0.0044715884	0.0000016281	0.1557186049	0.0000000000	0.0664128220	0.0000000000	0.2688991785
0	0.1799283150	0.1114361848	0.0003722624	0.1164303223	0.0000000000	0.0650801732	0.0649010244	0.2137332011	0.0006643236	0.2474541933
1	0.2809975269	0.2035664096	0.0000703796	0.0357084587	0.0376660609	0.0240293180	0.0295363909	0.2730380956	0.0334133711	0.0819739887
0	0.0528650118	0.0000000000	0.1502145493	0.3492939576	0.0092314994	0.0000000000	0.0009787898	0.4234441572	0.0070970212	0.0068750137
2	0.0083947558	0.0087481267	0.0330971460	0.0001775781	0.0152234991	0.0069917768	0.6093105829	0.0740898389	0.0433100344	0.2006566613
0	0.1927827331	0.0000000007	0.0000170574	0.1168677367	0.0000032710	0.0839702624	0.0869289507	0.1777453395	0.2368574056	0.1048272429
0	0.8379040540	0.0000002975	0.0003218429	0.0412397367	0.0010193731	0.0229766000	0.0000140121	0.0754971184	0.0000000000	0.0210269654
1	0.2127438747	0.2943828308	0.0430153424	0.0001303000	0.0661557069	0.0170126640	0.0000000000	0.0038736033	0.0000952709	0.3625904068
0	0.1801868126	0.0963571333	0.1719399837	0.0281303538	0.0001697744	0.0577530701	0.0458024074	0.1311520149	0.0377157028	0.2507927470
0	0.0262405923	0.0123024276	0.3659892078	0.0786108643	0.0835487453	0.0000000027	0.0000016634	0.3317882599	0.0000000000	0.1015182367
1	0.0000000269	0.0056656935	0.0004153189	0.0032477208	0.7667456910	0.0683472516	0.0321742202	0.0498988959	0.0000000005	0.0735051806
0	0.0116520831	0.0249950991	0.0005871700	0.0084178536	0.0456480379	0.0019434298	0.5342156615	0.3147936191	0.0476190826	0.0101279632
0	0.5234756710	0.0000011823	0.1566774043	0.2301076047	0.0000000000	0.0033088935	0.0000272754	0.0091259867	0.0067183790	0.0705576031
0	0.0949889977	0.0301095819	0.0849527842	0.4772283772	0.0251237872	0.1322705205	0.1352830944	0.0059997823	0.0129484380	0.0010946366
0	0.0000009137	0.0000020662	0.3006648353	0.0311841676	0.0000000000	0.0023050909	0.0311353490	0.0259523872	0.0000000157	0.6087551744
0	0.0041708009	0.0183458153	0.1559244676	0.3059645393	0.0891435195	0.0504411474	0.0467719118	0.0009015696	0.3008427588	0.0274934698
0	0.1266093242	0.0060591205	0.1233755746	0.0584816132	0.0000199586	0.4739929077	0.0986201759	0.1119280662	0.0008292187	0.0000840405
0	0.0767236683	0.0171610047	0.0007873776	0.0000000000	0.0057930926	0.0000013191	0.7947423407	0.0922931746	0.0079206990	0.0045773235
0	0.1452256029	0.0178875507	0.0860780587	0.0461379767	0.0000000000	0.4876996404	0.1292756310	0.0338254753	0.0034438524	0.0504262120
1	0.0000000000	0.1237274665	0.0000000000	0.0000127474	0.0009872266	0.0475412056	0.1077406166	0.0006021019	0.0000000000	0.7193886354
0	0.0957017657	0.0331463613	0.5250408291	0.0424152416	0.0816650674	0.1199184441	0.0449527835	0.0163644731	0.0026307910	0.0381642432
0	0.2689513553	0.0010513821	0.3498139216	0.0503355162	0.0586655030	0.1592361736	0.1021838539	0.0000516406	0.0000000011	0.0097106525
0	0.0000002262	0.0000000046	0.0432548828	0.0018341185	0.1001995978	0.0062207946	0.1829545607	0.4179551872	0.0624217683	0.1851588593
0	0.0626608649	0.0000015668	0.0347132893	0.0884610380	0.0278028997	0.2214493507	0.2655747800	0.2091777656	0.0571735488	0.0329848962
0	0.0623039571	0.1326029730	0.1173003224	0.0722112862	0.0600194517	0.4606814237	0.0002036945	0.0005320213	0.0118892856	0.0822555845
0	0.6395181275	0.0775425584	0.1192246108	0.0000102302	0.0112779408	0.0002044069	0.0592287848	0.0362161639	0.0024969881	0.0542801887
0	0.1414011233	0.0044753069	0.0509216228	0.3638356020	0.0019287312	0.0380516048	0.0000001017	0.1368574919	0.1653741282	0.0971542872
0	0.0779439408	0.0000000000	0.1519406365	0.1795504170	0.0872035809	0.0965017762	0.1308922342	0.0828044401	0.0025127520	0.1906502223
0	0.0698182846	0.0000000000	0.7326519242	0.0450270781	0.0000001227	0.0180160048	0.0506586921	0.0837424178	0.0000324502	0.0000530256
0	0.0064290353	0.0310944303	0.1442851722	0.0052120094	0.3849826472	0.0326522786	0.0261120695	0.1111911368	0.0014771285	0.2565640922
2	0.3059937975	0.0042965755	0.0174918657	0.0000000000	0.0423447532	0.0440772567	0.0468736277	0.0519095864	0.0165985698	0.4704139675
0	0.0248124274	0.0324789076	0.0001149347	0.0466962519	0.0000000000	0.1411043925	0.1748512784	0.0638685696	0.0006540671	0.5154191709
0	0.1309923591	0.0024866317	0.0100114837	0.0128445062	0.0365054002	0.0954811742	0.0972608617	0.3545879261	0.2360865571	0.0237430999
0	0.0676981578	0.0000000004	0.0669783473	0.0005606625	0.0641561321	0.0006747137	0.3604572766	0.0333819240	0.3565411990	0.0495515867
1	0.0220825751	0.0005865214	0.0000000016	0.0562532172	0.1125974294	0.0012508704	0.0000007672	0.6205492418	0.1862472619	0.0004321139
0	0.0273305025	0.0981991962	0.1846640262	0.1267536733	0.1631733689	0.0592817698	0.2251638107	0.0374600021	0.0000000000	0.0779736503
0	0.0501338136	0.0194878701	0.1639843212	0.0707372354	0.0508923111	0.0209805509	0.0087204397	0.0264630217	0.0000002415	0.5886001949
0	0.1254731687	0.0003258849	0.0235025074	0.0001241119	0.6328453138	0.0565409505	0.0384802485	0.0017589419	0.0180602874	0.1028885850
0	0.0010258248	0.0151403393	0.0005581065	0.0218681955	0.0080561813	0.0368752127	0.0065898142	0.8675079079	0.0010515101	0.0413269076
0	0.0032477565	0.0000000394	0.0000000019	0.0155502443	0.0011950314	0.3514042768	0.2927521347	0.0012550350	0.0000006277	0.3345948522
0	0.0000000000	0.0868605390	0.3430073454	0.0330275505	0.0219320908	0.0000000511	0.0756382521	0.2939640554	0.0010040456	0.1445660701
0	0.0063188655	0.0355268206	0.0083341736	0.0083431740	0.0011080251	0.2327867086	0.0030920616	0.6748880486	0.0054356241	0.0241664985
0	0.0000891253	0.0535478039	0.1127695400	0.0229714026	0.2659434112	0.0000000000	0.1701414916	0.2112255490	0.0000000124	0.1633116640
0	0.0004019859	0.0318495619	0.5290398182	0.0410320505	0.3160334583	0.0187886460	0.0568185000	0.0001956236	0.0000004559	0.0058398997
0	0.0482197235	0.0123409339	0.0906815600	0.1251237029	0.0002039834	0.2967033525	0.2121963244	0.0726792094	0.0386822198	0.1031689902
1	0.0013702933	0.0003674447	0.0028244668	0.0000006107	0.0089563756	0.0128018768	0.0053920607	0.0081086165	0.0000002126	0.9601780423
0	0.1129605019	0.0136672497	0.7348040207	0.0000988833	0.0095311919	0.0000007968	0.0000000000	0.0197356332	0.0123229063	0.0968788162
0	0.8355703546	0.0141788245	0.0163332359	0.0033333813	0.0552914602	0.0595890096	0.0000000009	0.0144941003	0.0010065375	0.0002030950
0	0.0897182406	0.0000000162	0.0045228168	0.0132589199	0.8330550928	0.0000000003	0.0004648147	0.0005869375	0.0510213900	0.0073717713
0	0.5492104107	0.0000000025	0.0940841083	0.0000002997	0.0000016483	0.0296964681	0.0000000000	0.0282714000	0.0474972567	0.2512384057
0	0.3282463630	0.0010619447	0.0738040830	0.0539395010	0.0039484468	0.0000000000	0.3560612451	0.0000286319	0.0778011696	0.1051086148
0	0.1861753171	0.0000668951	0.0000002460	0.1862652669	0.0154058464	0.0491201999	0.1233407000	0.0935464222	0.2610656871	0.0850134191
0	0.1673804169	0.0000850940	0.2991039641	0.4501348790	0.0007652752	0.0000000007	0.0000515060	0.0448064239	0.0183125222	0.0193599179
0	0.2049221506	0.0000000000	0.0613324227	0.0094952843	0.0007592347	0.1295466540	0.0607809182	0.1415585486	0.0027050537	0.3888997332
0	0.7062782155	0.0096929576	0.0517601123	0.1168607592	0.0024496740	0.0371603533	0.0561703655	0.0000035750	0.0000000000	0.0196239875
0	0.2069760176	0.1262602707	0.0016913387	0.0000000000	0.1220167413	0.0006069188	0.0000000000	0.1634717594	0.3641203868	0.0148565667
1	0.6500703161	0.0000000000	0.1371496581	0.0955976407	0.0000000000	0.0061909274	0.0000017966	0.0000000000	0.0001780654	0.1108115956
0	0.2872889740	0.0000000000	0.0148342033	0.0000021577	0.0671990106	0.0000000000	0.0223420836	0.0955185250	0.0000026053	0.5128124406
0	0.0255170877	0.0312657829	0.1311668756	0.0566455975	0.4536965244	0.0000008492	0.0077877851	0.0814264037	0.0001486397	0.2123444543
0	0.0144103377	0.0000543576	0.0199171471	0.6052251913	0.0116990654	0.1106306114	0.0892241240	0.0694700809	0.0078626380	0.0715064466
0	0.0618597287	0.0000003290	0.1729919199	0.0000042627	0.0017766686	0.7398914185	0.0111910618	0.0099106164	0.0023739935	0.0000000008
0	0.1702875626	0.0412000499	0.0283802413	0.0254920357	0.0000004194	0.0063416437	0.5961307896	0.0444790713	0.0265601607	0.0611280260
0	0.7071598413	0.0000516799	0.0808582237	0.0000000002	0.0001154574	0.1184484535	0.0005679608	0.0111228207	0.0100408365	0.0716347261
0	0.0190838083	0.0000000151	0.1288326195	0.0000000514	0.0854050713	0.0915604370	0.6409021745	0.0156183867	0.0106492254	0.0079482110
0	0.1364348876	0.0314059359	0.0000000001	0.5635828228	0.0773630590	0.0033076079	0.1256002220	0.0000534985	0.0109886377	0.0512633285
0	0.2436091111	0.0000000000	0.0005881967	0.1119978479	0.0381646497	0.0053780452	0.0000014286	0.0288187225	0.0004449775	0.5709970207
0	0.1469324162	0.0352541733	0.3532515292	0.2552188846	0.0108600578	0.0223616617	0.0070268313	0.1607270454	0.0000055263	0.0083618742
0	0.0194885701	0.0000000000	0.1226541506	0.0051519915	0.0122479954	0.4608533712	0.0271633476	0.1078497524	0.2432695205	0.0013213007
1	0.0100437955	0.0239322340	0.0000000021	0.0131929476	0.0168587349	0.0001758336	0.0084093598	0.0447976040	0.0020433812	0.8805461071
0	0.0020267117	0.1502504685	0.0816157389	0.0010598067	0.0072296954	0.0083421467	0.0189970468	0.0002742425	0.4295630962	0.3006410467
0	0.3193901398	0.1151127594	0.0429265268	0.1566888600	0.0086296404	0.1103306935	0.0075737494	0.2388692645	0.0000013439	0.0004770224
0	0.0245419213	0.0313051566	0.5302748981	0.0000918660	0.0607827055	0.0001423201	0.0022914279	0.0205857998	0.3269081778	0.0030757269
0	0.4078233293	0.0865013462	0.2224325128	0.0631758792	0.0068705059	0.0200030728	0.0000191151	0.0112189362	0.0364409253	0.1455143771
0	0.3738496732	0.0140435772	0.1747010626	0.0038991370	0.0000000568	0.0227299737	0.0230737332	0.1876088523	0.1650249208	0.0350690132
0	0.3477368486	0.3144026921	0.0000001405	0.0806875734	0.0000000000	0.0143611712	0.0000001374	0.0203637379	0.0789682082	0.1434794908
0	0.0938275880	0.0281695668	0.0233140300	0.1050475845	0.0000055724	0.4541965286	0.1951607882	0.0013590020	0.0988334042	0.0000859352
0	0.0006891414	0.0010985609	0.4702339447	0.0000000103	0.0568173996	0.0128841486	0.0009192163	0.1640369646	0.1487526303	0.1445679832
0	0.1770954978	0.0044258973	0.3734656410	0.0000000000	0.0448066259	0.0000927711	0.0040197186	0.0000000000	0.3885321208	0.0075617275
0	0.1773688013	0.0157215956	0.4138581861	0.0485922269	0.0000111053	0.1229761599	0.0662367537	0.1128706430	0.0417483290	0.0006161992
0	0.0501535441	0.0004706133	0.0361888096	0.1468902858	0.0053020801	0.0550575462	0.0000000000	0.0174757632	0.0000015521	0.6884598056
1	0.6321304888	0.0179492617	0.0000000000	0.0079840907	0.2840563477	0.0197688733	0.0058387152	0.0000000105	0.0216152911	0.0106569209
0	0.1019878299	0.0142772324	0.1398700907	0.1380110508	0.2683043074	0.2006577435	0.0889037952	0.0228692848	0.0010606627	0.0240580025
0	0.1663985936	0.0077993874	0.0510433619	0.0641265832	0.0615544788	0.0965834984	0.0716262552	0.3021642013	0.0508363793	0.1278672609
0	0.1177673970	0.0001003399	0.1415548737	0.0125446635	0.2417945541	0.1422709630	0.1226891925	0.2069793610	0.0000000000	0.0142986553
0	0.0925299385	0.0037940270	0.0550335196	0.0015218342	0.0308988218	0.0290503141	0.0010907301	0.7091655605	0.0608162373	0.0160990168
0	0.0070329103	0.0000053330	0.0293166398	0.0017914878	0.0410163434	0.0392634560	0.0001308277	0.6719745716	0.0000153056	0.2094531247
0	0.0575996966	0.0000000002	0.0000058342	0.0032092311	0.0001597099	0.0127367276	0.3445875022	0.0146218944	0.0000000000	0.5670794038
0	0.0000000000	0.1998335131	0.0101526921	0.0288387507	0.0784984296	0.0343123444	0.4835317732	0.0119003590	0.0001136392	0.1528184986
0	0.0328913175	0.0082480110	0.2217818824	0.0392596732	0.1723348510	0.3261784375	0.0422840107	0.0871170704	0.0372408262	0.0326639199
0	0.7494447010	0.0013223458	0.0919710678	0.0532880063	0.0035907116	0.0001933199	0.0668956548	0.0166271324	0.0095455036	0.0071215567
0	0.0700219883	0.0560968468	0.0018398281	0.3980960727	0.0255886312	0.1282574038	0.0162277228	0.2754820865	0.0283700850	0.0000193347
0	0.0196037061	0.0020632881	0.8639880975	0.0582374262	0.0097559789	0.0079559204	0.0021963837	0.0332181317	0.0000000002	0.0029810673
0	0.2001501656	0.0041652256	0.1363666221	0.0280004033	0.3302347120	0.0019751058	0.0433404321	0.0792388917	0.0122742779	0.1642541639
0	0.3896342092	0.0000780219	0.1521343469	0.0102409426	0.0633028750	0.0222838197	0.0421462117	0.1569767985	0.0178775697	0.1453252048
0	0.0223043750	0.0401676559	0.0703360928	0.1874546480	0.0000000001	0.1527535474	0.1332904762	0.2885395318	0.0353814125	0.0697722603
0	0.0638180192	0.0030970765	0.0823779421	0.0002891831	0.0000000000	0.0380449565	0.0000036056	0.1512396641	0.2566370471	0.4044925057
0	0.0012042277	0.0219727143	0.1620511797	0.1658063979	0.0018377854	0.2221463139	0.0000047428	0.4246359093	0.0001051639	0.0002355651
0	0.5327267770	0.2078023748	0.0204430619	0.0017929022	0.0351784484	0.0000926880	0.0295654880	0.1221711967	0.0285801902	0.0216468728
1	0.3858655030	0.0099637229	0.0000004926	0.0000008897	0.0624470002	0.0036500466	0.0726475633	0.1349439772	0.0711738031	0.2593070012
0	0.4200927170	0.3154890564	0.0003510870	0.1798386318	0.0011657328	0.0003453456	0.0000584871	0.0825920826	0.0000668595	0.0000000001
0	0.1715007149	0.0043898736	0.1819700878	0.2013923300	0.0068307455	0.1118074787	0.0000000261	0.2988531825	0.0000000000	0.0232555610
0	0.8493993756	0.0001341538	0.0731623334	0.0000003210	0.0231197870	0.0046142893	0.0000005145	0.0000211418	0.0100201382	0.0395279455
0	0.0000038718	0.1573245487	0.1878729123	0.0000625015	0.0003579832	0.0051697160	0.0000000000	0.6343182751	0.0000000693	0.0148901221
0	0.2857236321	0.0000000000	0.0668952658	0.0602109861	0.3490954561	0.0743381416	0.0052162228	0.0069039229	0.1011143779	0.0505019947
0	0.2048930383	0.0096406383	0.0838258177	0.0234230506	0.0337173206	0.2216573624	0.1149377623	0.1327774943	0.1434336773	0.0316938382
0	0.4631645933	0.1049739684	0.0316950241	0.0140596573	0.0606588838	0.0117656989	0.0000000072	0.2919329855	0.0217488942	0.0000002874
0	0.5515716398	0.0008360322	0.0239686017	0.0137476685	0.0463517913	0.0524239671	0.0033030134	0.0004781545	0.0340577561	0.2732613754
0	0.0976904328	0.0147893272	0.2606979245	0.0090857192	0.0072330536	0.2957251978	0.0602276320	0.0387488897	0.0395228424	0.1762789808
0	0.0032633240	0.0014751426	0.0000004320	0.0596083501	0.4449043577	0.0021256128	0.0000000150	0.4789590566	0.0000000000	0.0096637091
0	0.1012594438	0.0004868944	0.0324520900	0.4384454987	0.0935371233	0.0072439370	0.0016780616	0.3194198739	0.0000012394	0.0054758379
0	0.5708613035	0.0846839113	0.0234858080	0.0000000000	0.0111074450	0.0025511624	0.0472311850	0.1250855177	0.0499418903	0.0850517769
0	0.2172278928	0.0065289241	0.0001448502	0.0042541702	0.0088323326	0.0442376923	0.4442724871	0.1868720791	0.0218392891	0.0657902825
0	0.0668230404	0.3542143669	0.2527108197	0.0001604811	0.0157777575	0.2838447793	0.0002478661	0.0065416930	0.0034385964	0.0162405995
0	0.0005088937	0.0000001211	0.5886352242	0.0013918809	0.0006977639	0.1402458964	0.2608119320	0.0000000743	0.0000000000	0.0077082135
0	0.0378709318	0.0000000000	0.0366226874	0.2499999044	0.0505229268	0.0010605959	0.0000000000	0.5261870427	0.0247089249	0.0730269862
0	0.0761746475	0.0000000026	0.0044439977	0.0036585853	0.0000000000	0.0692098060	0.1798415765	0.2091632469	0.0000011573	0.4575069801
0	0.1327120215	0.0008646370	0.0324822309	0.2728887961	0.0025928119	0.0437881992	0.0000017852	0.3639111107	0.0104865878	0.1402718198
0	0.0000000000	0.0001063606	0.3285521539	0.0485930690	0.2018893459	0.1114109774	0.1894680000	0.0030312815	0.1112850102	0.0056638015
0	0.0643104924	0.0262583400	0.0020678504	0.0000000407	0.1640859517	0.1642401097	0.0000000040	0.3611532169	0.0001058812	0.2177781131
0	0.1815769072	0.0000045719	0.0238659092	0.0594562749	0.0001235628	0.2071867728	0.0159681320	0.0002918560	0.0000063250	0.5115196883
0	0.2256346041	0.0000000000	0.1578681353	0.2697057882	0.0162893237	0.2825349300	0.0006463921	0.0049381919	0.0009193845	0.0414632504
0	0.0338461697	0.0000008601	0.0015183828	0.1244014401	0.0136939616	0.0441357012	0.0919421102	0.0981759739	0.5922853988	0.0000000016
0	0.3021996543	0.0000000000	0.1636119040	0.0114760561	0.0000000028	0.2273074354	0.2599349704	0.0350366900	0.0000000901	0.0004331968
0	0.0320167570	0.0000006696	0.0575965329	0.0148851421	0.0411752273	0.1674529454	0.0002971640	0.2287805956	0.0808408673	0.3769540988
0	0.4780411979	0.0190912332	0.1921685593	0.0746130584	0.0985164271	0.0587025665	0.0286659316	0.0057721376	0.0421314460	0.0022974423
0	0.7052614441	0.0324743440	0.0000667691	0.0297022455	0.0000095906	0.0225930587	0.0272355180	0.1824835781	0.0001527406	0.0000207114
0	0.0003844705	0.0233865491	0.0045474793	0.5085036089	0.0028337518	0.3647541037	0.0061176692	0.0587385243	0.0000029165	0.0307309267
0	0.5625213285	0.0578259944	0.0350943399	0.0589306030	0.0000044846	0.1537924461	0.0468326033	0.0252037828	0.0097302796	0.0500641378
0	0.4565305337	0.0483565491	0.0000000000	0.0000497284	0.0216096058	0.0000234214	0.0613469209	0.0001355692	0.1217976818	0.2901499896
1	0.0021018716	0.0014741746	0.0000000000	0.0115424819	0.0464886294	0.0391298184	0.2050339160	0.2884665945	0.0155607566	0.3902017569
1	0.0196747222	0.0014672154	0.0799137315	0.0706104703	0.0000011586	0.1402148482	0.0039928197	0.1044008028	0.0349817205	0.5447425107
0	0.2123599835	0.0000000000	0.4873965337	0.0200078065	0.2089224339	0.0000000000	0.0000001131	0.0398290695	0.0236022273	0.0078818324
0	0.0000000002	0.0454435517	0.0121650472	0.3878831380	0.1760246448	0.0003875207	0.0570312397	0.0000680341	0.0284377140	0.2925591096
0	0.0066065512	0.1764762475	0.0183738805	0.0399799630	0.0749283790	0.0207012847	0.2092148063	0.1808968556	0.0994935289	0.1733285033
0	0.0016987011	0.1692848334	0.4630108354	0.0304245518	0.0000071733	0.0188838229	0.1444101833	0.0501181134	0.0885323734	0.0336294120
0	0.4005314065	0.0000000000	0.0624373411	0.0000378546	0.0460058515	0.0001563903	0.2279804362	0.0127493375	0.0004761959	0.2496251864
0	0.0765660803	0.0000000000	0.3938563377	0.1115727865	0.1011517642	0.0000000000	0.0046928733	0.2193024915	0.0000018864	0.0928557802
0	0.0000061682	0.0060095464	0.1874827654	0.0000000000	0.0434344451	0.0003020033	0.0660187099	0.1974229210	0.0126239112	0.4866995295
0	0.4530807617	0.1028939420	0.2773943648	0.0000002357	0.1405786591	0.0015897503	0.0021267165	0.0140029777	0.0062071329	0.0021254593
0	0.0759886044	0.0000000394	0.1221397907	0.3467304014	0.0153297787	0.2246566385	0.0840034128	0.0720906972	0.0000000000	0.0590606369
0	0.1797191205	0.0823119844	0.4234973171	0.0002063108	0.0000006451	0.0802926633	0.0693473796	0.0291585765	0.0071999101	0.1282660925
0	0.0339464904	0.0101543155	0.0309858497	0.0121092291	0.5092878410	0.0635478345	0.0071964741	0.2403088473	0.0375154098	0.0549477086
0	0.0613310081	0.0000000676	0.2760171241	0.0187815186	0.0566058151	0.0109707167	0.5377354816	0.0369236332	0.0000997619	0.0015348730
0	0.2295488114	0.0337398082	0.2304077839	0.0000000000	0.0005162193	0.2793303473	0.0685723051	0.1471798138	0.0107012758	0.0000036352
0	0.0013936639	0.0000000001	0.3803335287	0.0010969507	0.0140161862	0.0000000000	0.0005461754	0.0298460028	0.4917243202	0.0810431720
1	0.1032060878	0.0016996437	0.0001552071	0.0619709466	0.1273849707	0.0623446235	0.4539225469	0.1051172012	0.0004918382	0.0837069342
0	0.4661779434	0.0000000008	0.0000117022	0.0219790187	0.0000392366	0.3264008593	0.0661387717	0.0408046198	0.0155856773	0.0628621701
0	0.3795740784	0.0074048285	0.0197951928	0.0000068680	0.3651443445	0.0194409096	0.0006119850	0.0946058496	0.0000005223	0.1134154212
0	0.0001987302	0.0000000000	0.0000000204	0.0271080008	0.0177066830	0.0035798882	0.0000649380	0.6664097655	0.0441086855	0.2408232883
0	0.0332864292	0.0117521135	0.7253250079	0.0000841998	0.0005745504	0.0212586928	0.0000000000	0.1174743313	0.0653839357	0.0248607394
0	0.1337564726	0.1830186119	0.1681123606	0.0677360642	0.0465371857	0.0004049912	0.1480491355	0.0000799444	0.0355612138	0.2167440202
0	0.3828486363	0.0405027611	0.0015486080	0.0767788891	0.0600483179	0.1182719514	0.0000091855	0.0000000282	0.3144519435	0.0055396789
2	0.0704350302	0.0338404665	0.0000053661	0.0000359697	0.0065515755	0.0279040312	0.0499749416	0.2498280471	0.0028059638	0.5586186083
0	0.0728013078	0.0013248206	0.1215988445	0.0835427755	0.0076515615	0.0000176973	0.4246452206	0.0584343394	0.0000351297	0.2299483030
0	0.0667372999	0.0800028873	0.0189793875	0.0000017144	0.0007187237	0.2235948833	0.0526554075	0.5549801924	0.0023295040	0.0000000000
0	0.4663460324	0.0102915543	0.1027265261	0.0049459788	0.0182283152	0.0025271819	0.0000117816	0.3299724407	0.0505709534	0.0143792356
0	0.0539931837	0.0199229958	0.1552791468	0.3020010673	0.0075053528	0.0000315656	0.2722738372	0.1470771540	0.0351182094	0.0067974873
0	0.2393100676	0.0696818246	0.0530598165	0.1044035364	0.0208774398	0.0373879722	0.0687252607	0.1938089461	0.0099751430	0.2027699931
0	0.1671573275	0.1327121737	0.0189819595	0.0084538611	0.0720720153	0.0951023352	0.0525151049	0.2118598744	0.0605543065	0.1805910420
0	0.1779028602	0.1726117598	0.0184314017	0.1733889130	0.0013765742	0.3124820297	0.0000556037	0.0650484228	0.0339689606	0.0447334744
0	0.2286458101	0.0024321029	0.1389029345	0.0394971072	0.1914271060	0.0510356404	0.0211363451	0.2504581208	0.0016288120	0.0748360212
0	0.1516847747	0.4788089065	0.0000000026	0.0008558002	0.0075032987	0.0094785263	0.1793288825	0.1429157109	0.0000053087	0.0294187889
0	0.1603855427	0.0610062641	0.0174295942	0.0000000000	0.0389235929	0.2082588554	0.0120816472	0.0186535409	0.3761062511	0.1071547114
0	0.0586163074	0.0354404199	0.1020872246	0.1838419556	0.2469191210	0.0300419396	0.0180238945	0.0372548882	0.0000001288	0.2877741203
0	0.0001587360	0.0041738195	0.5409840484	0.1408939265	0.1267351990	0.1258345102	0.0000000000	0.0094083086	0.0491067576	0.0027046943
0	0.3684841018	0.0020039609	0.1181633035	0.0000188909	0.2141980452	0.0000000000	0.0068065154	0.2829826166	0.0000000319	0.0073425338
0	0.0012317704	0.0099211733	0.3394507179	0.4632510191	0.0069165837	0.0923923456	0.0001086167	0.0158844271	0.0707172935	0.0001260527
0	0.0365314671	0.0000261350	0.1832332045	0.0003201482	0.0915733799	0.1882449852	0.1734147917	0.1807763526	0.0019789715	0.1439005643
1	0.0000000000	0.0012427184	0.0145236053	0.0318914258	0.0207699892	0.0003200915	0.0252367988	0.6423089020	0.0000008533	0.2637056159
0	0.0452039773	0.1179087265	0.3082265197	0.1863889907	0.0213859806	0.0124636035	0.0000007391	0.0038309005	0.0048263058	0.2997642563
0	0.1470817196	0.0006520738	0.0000150574	0.0000873098	0.0115139996	0.0497413428	0.0442889576	0.0749608799	0.0014280188	0.6702306409
1	0.4653392957	0.0789783682	0.0203755993	0.0044833866	0.0011855261	0.0381100129	0.0055102039	0.1757531608	0.1135082465	0.0967562002
1	0.0100982969	0.3260859824	0.0126194227	0.0001523194	0.0278931348	0.2180129761	0.2716043139	0.0426896593	0.0621670304	0.0286768640
0	0.0641464806	0.2504968386	0.1622326766	0.1651465011	0.0005519350	0.2923391590	0.0419263943	0.0200409809	0.0000899173	0.0030291167
1	0.1046090068	0.6789084902	0.0000049322	0.0218032263	0.0213059846	0.0002129148	0.0458241339	0.0073196038	0.0000000345	0.1200116730
0	0.0036219454	0.0000000701	0.1153994699	0.0629555067	0.0047109875	0.1541994934	0.0973681790	0.0506320120	0.0034748250	0.5076375109
0	0.4132819657	0.0077690646	0.0054050250	0.0913667481	0.0000000000	0.2656929798	0.1588517811	0.0560982509	0.0000000000	0.0015341847
0	0.0000017277	0.0841257900	0.0445890574	0.3896686414	0.1660126396	0.0247902747	0.2371928457	0.0153772217	0.0251078052	0.0131339966
0	0.0190444452	0.0243554485	0.0139002009	0.0021149839	0.0006861727	0.0009577687	0.0556022239	0.7539468028	0.0416373785	0.0877545749
0	0.0989257073	0.0170506273	0.0103981462	0.3552714042	0.0146319296	0.0000000000	0.0000016256	0.3483060878	0.0000000000	0.1554144720
0	0.0000000000	0.0000000086	0.0207438783	0.0341429561	0.7217199507	0.0228486233	0.0004236947	0.0260522777	0.0747731095	0.0992955011
0	0.5521312563	0.0221857581	0.0079764630	0.0060002409	0.0052143628	0.3328096797	0.0000049318	0.0711324225	0.0021474417	0.0003974432
0	0.2952253848	0.3541634280	0.0277898246	0.0243128167	0.0551692063	0.0332801913	0.0000000485	0.0001054922	0.1037219520	0.1062316558
0	0.0001481974	0.0061474613	0.6574364618	0.0192296669	0.0011384627	0.0000179858	0.1158054641	0.0612678213	0.1378290155	0.0009794633
1	0.0046961876	0.2315888894	0.0094170138	0.0000000000	0.1178462256	0.0000343320	0.0763421549	0.2429600449	0.0175066803	0.2996084714
0	0.6675093500	0.0181697829	0.1236401869	0.0003507146	0.0183138643	0.0112533005	0.0016357825	0.1584317029	0.0000000000	0.0006953155
1	0.0235369151	0.1309336111	0.0532531394	0.1630505529	0.3021077870	0.0238166029	0.1344225413	0.0059720871	0.0000000616	0.1629067015
0	0.2062434219	0.0000153920	0.0000000000	0.3929459045	0.0634075404	0.0202455754	0.0058453784	0.0000000000	0.0148951147	0.2964016727
0	0.1880260968	0.0002705623	0.0730333129	0.1421813249	0.0000000000	0.0110573534	0.1323621922	0.1421779241	0.0111025512	0.2997886822
0	0.0126789257	0.0134664764	0.5708647114	0.0020142726	0.0000007602	0.0016517257	0.0101568309	0.3483531464	0.0017603070	0.0390528437
0	0.0452379620	0.0304440507	0.0000015175	0.0225952283	0.0320243849	0.2992905679	0.0124226450	0.5443785722	0.0000000003	0.0136050713
0	0.0069054570	0.0406215924	0.7418722266	0.0121268955	0.0520966991	0.0263353522	0.0987856604	0.0000020168	0.0000000019	0.0212540980
0	0.0261069928	0.0464743023	0.1933099694	0.1387316486	0.3018278097	0.0997753846	0.1552455671	0.0375857350	0.0008639093	0.0000786813
1	0.2793998982	0.0000038869	0.0458018111	0.0869403104	0.3702793531	0.1106164626	0.0370994644	0.0163705182	0.0000000008	0.0534882942
0	0.1014824036	0.0000140574	0.3303398005	0.0000000000	0.0026906442	0.0325192067	0.0229818954	0.3228752389	0.0669814675	0.1201152858
0	0.0060278525	0.0080576260	0.1457028491	0.0349254273	0.0000000000	0.0090227882	0.3527278972	0.0114872493	0.0013897951	0.4306585153
0	0.0087715309	0.0030880180	0.1614034833	0.0112445422	0.2937706963	0.0001920300	0.0337397592	0.0511291955	0.0002439520	0.4364167925
0	0.0271885320	0.0091298198	0.0032814773	0.0004368213	0.0745212221	0.0000001214	0.0630544284	0.7213295422	0.0269701153	0.0740879201
1	0.0968132311	0.5887356484	0.0000000000	0.0001833940	0.0109215449	0.0000180265	0.0271068215	0.0244546285	0.0037876893	0.2479790157
0	0.0414522377	0.1153344829	0.0003951982	0.6328806399	0.0018673140	0.0000096880	0.0749481718	0.0361480110	0.0533042546	0.0436600018
0	0.8739167726	0.0132375865	0.0095925583	0.0534455736	0.0103163199	0.0013645249	0.0046166094	0.0043496263	0.0000000000	0.0291604285
0	0.0155166435	0.1954270168	0.0452818264	0.0038976680	0.0000000000	0.1996168884	0.0000002906	0.1825388079	0.0000000183	0.3577208401
0	0.3374825456	0.0028809452	0.0269702205	0.3445998743	0.0237970525	0.1489260887	0.0010107700	0.0838269854	0.0129174441	0.0175880738
0	0.0232625610	0.0560064555	0.2267616196	0.1028347056	0.0020517482	0.4514927883	0.0689201181	0.0170525753	0.0003586032	0.0512588252
0	0.1594788445	0.0769634205	0.0144045795	0.3013886797	0.0000000000	0.0886944408	0.0014225320	0.2830879414	0.0316248761	0.0429346856
0	0.0070368720	0.0012519256	0.0237149827	0.0543151971	0.0087505314	0.0104043955	0.4818210413	0.0000000042	0.0007487860	0.4119562641
0	0.4263615441	0.0000000002	0.0807767524	0.0008938231	0.0000000000	0.0644849051	0.2653978570	0.0171907649	0.0000000000	0.1448943534
0	0.1384647391	0.0271884498	0.1875561253	0.0760261239	0.1522420638	0.2285389824	0.0258553383	0.0229340812	0.0985038617	0.0426902345
0	0.0321950846	0.1201722519	0.0275976144	0.2073070954	0.0855695944	0.0438969222	0.0258959001	0.2600846560	0.0207361851	0.1765446959
0	0.1332860317	0.2493836431	0.2185308750	0.2381533568	0.0615223846	0.0064069678	0.0532894288	0.0196058969	0.0169413864	0.0028800288
0	0.0369373272	0.0515697331	0.0414191778	0.1110445980	0.0135983288	0.3635291364	0.0483454385	0.0908241740	0.0000311967	0.2427008896
0	0.2797235886	0.1321980314	0.0032315389	0.0124330819	0.0000000000	0.0075090749	0.0007076151	0.5581582918	0.0060345044	0.0000042730
0	0.1390449198	0.2897920863	0.0811124211	0.0037984429	0.0110031800	0.0055796419	0.0673295104	0.0570975523	0.1593255183	0.1859167268
1	0.0014212736	0.1026665109	0.0073701048	0.0124151071	0.0319975165	0.0199357476	0.0219386198	0.0415911076	0.0229356142	0.7377283980
0	0.2853897991	0.4282629586	0.1288737363	0.0014593493	0.0092408511	0.0119446507	0.0000000000	0.0000000071	0.0256093823	0.1092192655
0	0.1000958948	0.0059338828	0.1412357321	0.0005947723	0.0000027417	0.1218807230	0.0000000000	0.4955105925	0.0490275638	0.0857180969
0	0.0007565260	0.0000000000	0.0149744551	0.0000000000	0.0948694631	0.0034291048	0.3374461133	0.4469620172	0.1015622245	0.0000000961
0	0.0694269321	0.0710763584	0.0002496490	0.0818132550	0.0000000002	0.0628095426	0.0000011857	0.0022934202	0.0000417270	0.7122879299
0	0.0057453954	0.0457996197	0.1585005885	0.3576703498	0.1146343217	0.0605214968	0.0024927934	0.1452103502	0.0921743885	0.0172506960
0	0.1638349515	0.0005606955	0.0011204267	0.0000000000	0.0461090480	0.5198713300	0.0000001308	0.1436762361	0.0000989563	0.1247282252
0	0.1129391235	0.0708526562	0.5018738077	0.0044158498	0.0000000000	0.0739894275	0.2000750523	0.0023458075	0.0000173790	0.0334908966
0	0.0445913970	0.0005959567	0.3634947292	0.1998298277	0.0082647038	0.0787931797	0.1520108997	0.0452417583	0.0000781817	0.1070993663
0	0.0000402880	0.0529412121	0.1811569833	0.0000210686	0.0638273397	0.0041014447	0.0000000000	0.5990166005	0.0198759586	0.0790191045
0	0.0297008122	0.0003949607	0.4252661104	0.0388353980	0.1976857973	0.2817545089	0.0000000000	0.0000978854	0.0033233768	0.0229411503
0	0.0343224299	0.0755699794	0.0766915007	0.0001971494	0.0249886387	0.0922415140	0.0045249341	0.6756020289	0.0147441463	0.0011176786
2	0.0520410726	0.0098973660	0.0061708329	0.0042454640	0.4419205294	0.1983535632	0.0228728592	0.1243685111	0.0044580253	0.1356717763
0	0.1464612484	0.0000000000	0.0000037740	0.0000000017	0.0000040329	0.5674685284	0.0000000254	0.2391060166	0.0263900827	0.0205662899
0	0.0621070693	0.0038693318	0.1784896731	0.1139015929	0.0944027950	0.0085544080	0.2028237573	0.0988028330	0.0339245002	0.2031240393
0	0.3904531894	0.0034835932	0.2301397884	0.2372281875	0.0000154368	0.0221807763	0.0001731027	0.0018464752	0.0022931117	0.1121863387
0	0.0001039294	0.0087507725	0.0001083108	0.2495119190	0.0000000000	0.0390052317	0.6026051220	0.0028240366	0.0970906780	0.0000000000
0	0.1506496631	0.0139676077	0.2006117853	0.3061821330	0.0013292178	0.0255451991	0.0736272495	0.2159319281	0.0024757175	0.0096794989
0	0.2421130902	0.0000000000	0.3236415377	0.1243803271	0.0011315845	0.0520187995	0.0000000000	0.2091323582	0.0001759643	0.0474063385
0	0.0065429462	0.0000000002	0.8830346644	0.0068758598	0.0122133765	0.0165155115	0.0001199139	0.0191440916	0.0064419263	0.0491117095
0	0.5396983913	0.0016481690	0.2815775728	0.0017259204	0.0875219788	0.0418817895	0.0000000001	0.0001067497	0.0380629861	0.0077764424
0	0.0183557336	0.0031916215	0.1502410324	0.0008396564	0.0002165241	0.7485004625	0.0141855086	0.0250562466	0.0000273760	0.0393858383
0	0.0000000021	0.0594343253	0.1275256419	0.0466267948	0.0027378713	0.3378979318	0.0000000000	0.1421983539	0.0378160411	0.2457630377
0	0.1170379871	0.0400049283	0.0272200939	0.0000057765	0.0428207728	0.0006971913	0.2861665141	0.0000594325	0.4819642217	0.0040230819
1	0.0089321457	0.5935142192	0.0000220877	0.0018906249	0.0016610303	0.0214879614	0.0666953804	0.0968206153	0.0018267963	0.2071491388
0	0.8058583569	0.0064329786	0.0118313005	0.0218988830	0.0011312255	0.0005347912	0.0208244246	0.1027432180	0.0287199684	0.0000248533
0	0.5946108586	0.0208606444	0.0599014712	0.0093365847	0.0007482921	0.0000000002	0.0195225280	0.0397132546	0.2529209149	0.0023854514
0	0.1201921449	0.0000000000	0.0305807558	0.0164080991	0.0084241390	0.0004208872	0.0009204738	0.0336437990	0.0014858118	0.7879238894
0	0.0595638526	0.0058957670	0.0559970336	0.1048709199	0.0116465976	0.4221805020	0.0002735468	0.0067336690	0.2666840968	0.0661540150
0	0.2282456973	0.0191317645	0.0719270060	0.0279211499	0.0052774537	0.0393425974	0.3941356923	0.0203423734	0.0052263085	0.1884499568
0	0.0429889173	0.0025860305	0.0418190687	0.0586605507	0.0390077781	0.0196413437	0.0000000000	0.7088296421	0.0000000418	0.0864666270
0	0.0000000000	0.0000000090	0.2903690867	0.2208565783	0.1342255751	0.0004070636	0.2552981569	0.0609510445	0.0344634598	0.0034290262
0	0.5703299771	0.0142228716	0.0129933831	0.1227797075	0.0044190180	0.0766492399	0.0002592894	0.0002403961	0.0001533084	0.1979528089
0	0.0025230178	0.0000000000	0.2083360198	0.0153950299	0.0962503494	0.2724015720	0.0000109643	0.3746966513	0.0000000050	0.0303863905
0	0.0007028758	0.0067146516	0.1581256817	0.0997948576	0.0299419965	0.1690824275	0.0009230478	0.4001463925	0.0021534687	0.1324146003
1	0.0170857008	0.0099584150	0.0206073795	0.0010856090	0.0000023725	0.0011014682	0.0016685248	0.0091674370	0.0699603571	0.8693627363
0	0.0011792669	0.0211609061	0.1268729619	0.0102398559	0.0062335362	0.0317064381	0.0000013615	0.7763032923	0.0000386377	0.0262637435
0	0.2592579775	0.0000104198	0.0000000016	0.0145842224	0.0016354634	0.5741269630	0.0000000000	0.0988605374	0.0295154826	0.0220089322
0	0.4337784838	0.0000031463	0.0002308603	0.0332269746	0.0002915287	0.3681991230	0.0092179600	0.0000000000	0.1524387746	0.0026131486
0	0.1151748148	0.0291747679	0.0259216683	0.2926943889	0.0115233932	0.0031655853	0.1240446665	0.1689112498	0.0483135290	0.1810759364
0	0.3271025041	0.1117143036	0.0001035408	0.0040498778	0.0432435363	0.3544306458	0.0355093591	0.0739022672	0.0209271806	0.0290167846
0	0.0308567172	0.0007496405	0.0000000000	0.5803314327	0.1928006424	0.1620429076	0.0002261519	0.0001040905	0.0328883337	0.0000000835
1	0.5461641531	0.0011107169	0.0070630199	0.0714120035	0.0016591549	0.1329390337	0.0036859208	0.0169008495	0.0943998342	0.1246653135
0	0.0043963486	0.3798220433	0.0156216608	0.0953526230	0.0000000832	0.0702447202	0.0896216332	0.0225546560	0.0000141782	0.3223720535
0	0.0519387136	0.0002052317	0.0291263706	0.0391121462	0.0015207487	0.0036171333	0.0541538938	0.8118446707	0.0084810915	0.0000000000
0	0.4639000351	0.1038008691	0.0011723643	0.0332538955	0.0000000007	0.0865177031	0.1413048502	0.0667485103	0.0004652396	0.1028365320
0	0.0000000000	0.0006883978	0.9329092214	0.0290070544	0.0011841949	0.0141328464	0.0090643945	0.0122838222	0.0007053794	0.0000246889
1	0.7371019012	0.0050393010	0.0065169760	0.0018781912	0.0000033157	0.0530422709	0.0496319405	0.0229453943	0.0257178318	0.0981228774
0	0.0148072572	0.0158981691	0.0176176116	0.7243675174	0.0706940597	0.0003802609	0.0064393497	0.0016064630	0.0344532945	0.1137360169
1	0.0424672134	0.0299993506	0.0163519887	0.0518513888	0.0000000000	0.0001724796	0.0125249069	0.4727406783	0.0008694122	0.3730225815
0	0.0979325548	0.3256926853	0.0152478373	0.0142235089	0.1344571143	0.1127100702	0.0002579864	0.0024836652	0.0572409619	0.2397536157
1	0.0046037681	0.0606770180	0.1878465188	0.0218610134	0.0722796261	0.0072965778	0.1076436770	0.0016708431	0.0043782245	0.5317427333
0	0.0120105279	0.0000000000	0.0136920226	0.0095013409	0.1280687150	0.1632579323	0.2712463851	0.3731788889	0.0290410731	0.0000031142
0	0.0000080077	0.0289752061	0.3442283641	0.5419067360	0.0138367627	0.0000054444	0.0600831778	0.0108403991	0.0001106834	0.0000052188
0	0.0370456423	0.0173418658	0.2282144820	0.0389210689	0.0355523861	0.1080972901	0.0385798226	0.1361317871	0.0233333731	0.3367822819
0	0.0705386452	0.0000009530	0.0031705539	0.7631810937	0.0001473839	0.0000000000	0.0278634046	0.0032436945	0.0001495080	0.1317047633
