0	0.0151494455	0.0001194394	0.0060675401	0.1932238442	0.5591618752	0.0000001473	0.0574443799	0.1115450099	0.0000121061	0.0572762124
0	0.0197279646	0.0081256663	0.8169072646	0.0011022058	0.0168046737	0.0259524146	0.0468154827	0.0003697165	0.0000000000	0.0641946113
0	0.0309428492	0.0046202697	0.8027365846	0.0454057228	0.0006845326	0.0022851937	0.0612175065	0.0004522719	0.0309377343	0.0207173347
0	0.1716947267	0.0000000000	0.0001115670	0.0000000775	0.2522022358	0.0131029673	0.1507648124	0.4034354907	0.0000212652	0.0086668573
0	0.1141582341	0.0602845766	0.0231905805	0.1284096687	0.0704204891	0.5740559409	0.0061088115	0.0083423809	0.0002889253	0.0147403923
0	0.1446498556	0.1584199512	0.0478857114	0.0069805678	0.2007856874	0.0168892498	0.2739289101	0.0494297311	0.0178196479	0.0832106877
2	0.0344367054	0.0009942360	0.0007143695	0.2613075590	0.0001177132	0.0235127277	0.2070356534	0.0000219223	0.0056794227	0.4661796908
0	0.6810776799	0.0253181808	0.0278157983	0.1433466901	0.0666584509	0.0114056075	0.0234825838	0.0090441431	0.0031709923	0.0086798733
0	0.0290145446	0.0284133442	0.0023853721	0.6096208773	0.2245249712	0.0305015192	0.0012420043	0.0238569384	0.0003589653	0.0500814634
0	0.0000000000	0.0578182281	0.0634863672	0.2826219124	0.4171821677	0.0714380463	0.0254176161	0.0532964372	0.0085957092	0.0201435158
0	0.0026041625	0.0559912387	0.1395029810	0.0220243591	0.0514062041	0.0000000000	0.6057849407	0.0023233614	0.0838116407	0.0365511118
0	0.1785462173	0.3934849073	0.0629058854	0.2031225170	0.0341078799	0.0031695178	0.0653960681	0.0512842064	0.0019942103	0.0059885905
2	0.0021133537	0.0222452327	0.0011924577	0.0450679989	0.0004183667	0.0192716147	0.0308981448	0.8431038065	0.0040404922	0.0316485321
0	0.0723510371	0.0069269932	0.0000080769	0.0000052556	0.0479354366	0.7510867149	0.0000449777	0.0610006565	0.0003251453	0.0603157062
0	0.1919254259	0.0661014919	0.0060708761	0.0448698847	0.0101903161	0.1807400366	0.0298718897	0.4217853249	0.0026790111	0.0457657430
0	0.0003207724	0.0156623158	0.0003473390	0.0995409784	0.2104590377	0.0687881470	0.0000207121	0.3915756600	0.2132689123	0.0000161253
0	0.5795895180	0.0924923275	0.0000715520	0.0000001971	0.0928279414	0.0485701019	0.0522980328	0.0544402992	0.0000000001	0.0797100301
0	0.2470579282	0.0620610956	0.3795631839	0.0046423541	0.1157125317	0.0004016460	0.0010977510	0.1325300006	0.0012990575	0.0556344514
1	0.1519142869	0.0412481974	0.5503106899	0.0805241776	0.0019042625	0.0064546241	0.0109066708	0.0154481301	0.0417211763	0.0995677844
1	0.0785949909	0.0013913952	0.0029794737	0.3752687664	0.0008247380	0.0135784834	0.1458393022	0.0039456940	0.0868625505	0.2907146056
0	0.1933112455	0.0115090800	0.0176156751	0.1039769687	0.0442711843	0.1504161048	0.0005356195	0.0337680635	0.0000000000	0.4445960586
0	0.0158972046	0.2116752640	0.1224118299	0.0000071929	0.2104179621	0.2144373362	0.0672805870	0.0305238089	0.1263590922	0.0009897222
0	0.0014231768	0.2673552835	0.0000000000	0.1142104466	0.0144927188	0.0294687848	0.1238482282	0.4479390120	0.0011404715	0.0001218777
0	0.0451751400	0.0154208270	0.4131852160	0.0016594730	0.0558422833	0.1486611294	0.0884101180	0.0969313313	0.0512979587	0.0834165233
0	0.0814891903	0.6540847822	0.0068382817	0.0039235897	0.0012116419	0.0074881237	0.0028187051	0.0212591309	0.0437128986	0.1771736559
1	0.0304571501	0.1664163362	0.0381922803	0.1531643440	0.0015666886	0.0084244088	0.0244399419	0.0511813158	0.1362687336	0.3898888006
0	0.0075854088	0.2178519409	0.0823006563	0.2290472334	0.0438502260	0.0010460705	0.0680843477	0.1767033311	0.0328853320	0.1406454533
0	0.1789539785	0.1337200913	0.0077294182	0.0040520919	0.0745649234	0.2059370906	0.0668253867	0.0000098050	0.3281993689	0.0000078454
0	0.0048287028	0.0000711337	0.0572700111	0.0130269922	0.0169322430	0.0340022882	0.0185972238	0.8323296843	0.0229237740	0.0000179470
0	0.1651212868	0.0372355109	0.0855128496	0.0507369746	0.0159015895	0.0742971644	0.4854648113	0.0322052427	0.0000269869	0.0534975831
0	0.0513195784	0.4152044087	0.0031465846	0.0114193934	0.0854364505	0.0062530462	0.1800130667	0.1596510484	0.0642329544	0.0233234688
0	0.0827159803	0.5090762484	0.0920293227	0.0599704926	0.0000000000	0.1828436936	0.0099096699	0.0606466870	0.0000017651	0.0028061403
0	0.0454186839	0.0452494179	0.0000003806	0.0009101868	0.0779324592	0.0547898766	0.1144879294	0.0116390339	0.0000000000	0.6495720317
0	0.0000000165	0.0464663127	0.0691004711	0.0000000000	0.1589557513	0.0115697202	0.1084344554	0.5204305850	0.0741550109	0.0108876769
1	0.0034390322	0.0307401618	0.0000611259	0.2193805931	0.0005641563	0.0000003125	0.0001080452	0.4270063282	0.0383586595	0.2803415853
0	0.0036291659	0.0079882965	0.2645714181	0.0000000018	0.0000049989	0.0009260808	0.0260935917	0.0010115545	0.5229243659	0.1728505259
0	0.0602779803	0.0362671815	0.0000000000	0.6869195527	0.0770765455	0.0198090998	0.0775652556	0.0119198379	0.0147438339	0.0154207128
1	0.0112599762	0.0484347068	0.0195065328	0.0304472638	0.1399553844	0.0285712547	0.0083558075	0.0021995981	0.0015938056	0.7096756703
0	0.4275503874	0.1525257831	0.0197567617	0.1546577468	0.1019964589	0.0886278136	0.0191202056	0.0003642478	0.0296613292	0.0057392657
0	0.2295657927	0.1403936887	0.0231246201	0.0795708439	0.0000006110	0.0052463085	0.0000597414	0.4493738273	0.0300664525	0.0425981138
0	0.0728795519	0.0284182799	0.0223214181	0.0542860803	0.3532338749	0.1009626076	0.0016869121	0.0747700930	0.2866289449	0.0048122374
1	0.0012574463	0.2240994009	0.0312601695	0.0015966638	0.1240989462	0.0109136194	0.0969766015	0.0005680216	0.0000000000	0.5092291307
0	0.1890627996	0.0558899960	0.1888944650	0.0002810605	0.0001653954	0.0643005073	0.2355385872	0.2657432161	0.0000001168	0.0001238561
0	0.0407705817	0.1828673309	0.1546195780	0.0036259293	0.0467036901	0.3386953546	0.1254220885	0.0970091913	0.0001281507	0.0101581048
0	0.0042239750	0.2505272788	0.3871644924	0.0894441472	0.0001813945	0.2225664128	0.0111614846	0.0084831406	0.0150110920	0.0112365820
0	0.0657367897	0.0017242234	0.0817724454	0.0082124213	0.0398490329	0.5948808187	0.0344823854	0.1380376497	0.0311114506	0.0041927828
0	0.0156357150	0.0001433444	0.0000000010	0.0000000001	0.6380628639	0.1545898931	0.0740195868	0.0033166085	0.0905882987	0.0236436886
0	0.3869505788	0.0425263073	0.0033088208	0.0028535221	0.0000230787	0.0067798737	0.4349766477	0.0256188478	0.0092318824	0.0877304405
0	0.0695786803	0.0572877312	0.1024724607	0.0000875478	0.0079338150	0.0053195791	0.1753013373	0.1036562010	0.0241742478	0.4541883999
0	0.9050904711	0.0001159386	0.0004826977	0.0000090163	0.0305394982	0.0376597524	0.0146445279	0.0104968164	0.0009612815	0.0000000000
0	0.0045088885	0.0063856319	0.0754352706	0.1539383818	0.0042147446	0.1791310084	0.0756643945	0.0425061134	0.0758993909	0.3823161754
0	0.0002267919	0.0654864456	0.0516365889	0.1309497919	0.0790175097	0.0431513195	0.5013873932	0.1083484892	0.0185120039	0.0012836662
0	0.1481342912	0.0117341532	0.2050347333	0.0145635711	0.0018501471	0.2618706377	0.0382591003	0.0382280221	0.0066956381	0.2736297058
0	0.4437009762	0.0525825134	0.0678217400	0.0003548011	0.0140146356	0.0001390033	0.0091349926	0.3440652382	0.0448180848	0.0233680148
0	0.5675973947	0.0363220396	0.0038110762	0.0224777522	0.0233795554	0.3096498931	0.0010506280	0.0269533013	0.0000777902	0.0086805694
0	0.0013503397	0.0482087971	0.0102849281	0.0285170195	0.2446662495	0.0129430441	0.5598723512	0.0084129960	0.0197498125	0.0659944624
0	0.0247206510	0.1297640269	0.0045240918	0.0494981972	0.0012131934	0.0021404443	0.7737344371	0.0017406517	0.0006297488	0.0120345578
0	0.1840004275	0.1372634681	0.0000202605	0.0915746209	0.0018061066	0.0000661647	0.0042921340	0.1115991020	0.0002765531	0.4691011626
0	0.1238898715	0.2981610308	0.0142805342	0.0000218079	0.1325497235	0.0000111239	0.0018328520	0.4282327129	0.0000038160	0.0010165274
0	0.0173980673	0.0116327635	0.5784616732	0.0463831666	0.0171264370	0.0187097324	0.0098396728	0.3001736855	0.0002748017	0.0000000000
0	0.0522247987	0.0015456108	0.0068555069	0.0238023747	0.3492174870	0.0042409678	0.1985074625	0.0083947245	0.1097021374	0.2455089296
0	0.0144123453	0.5649948115	0.0048157481	0.0373461535	0.0223165957	0.1576395348	0.0494191636	0.0580442703	0.0910098257	0.0000015516
0	0.3039615116	0.2584615027	0.1430835777	0.1957723957	0.0174555961	0.0252163880	0.0169511266	0.0081852720	0.0032105517	0.0277020780
0	0.0428742530	0.0038916038	0.0359369740	0.0079996443	0.1265319568	0.0154573400	0.0901770082	0.1599854836	0.0683848777	0.4487608586
0	0.0000000000	0.0011763324	0.0620986982	0.7311814214	0.0159197353	0.0303632743	0.1403058281	0.0181125494	0.0000399136	0.0008022471
0	0.0476890807	0.0646951629	0.0000000000	0.0000973678	0.8318176810	0.0072931837	0.0164095861	0.0138527740	0.0113386733	0.0068064905
0	0.0478471544	0.5719405885	0.1005897647	0.0006501444	0.0000004045	0.1219235093	0.0127518997	0.0547702117	0.0894395353	0.0000867877
0	0.0125182698	0.1278090917	0.0898015613	0.0000000424	0.0385383886	0.0228080911	0.5232739186	0.0000000000	0.0040639519	0.1811866846
0	0.3817261893	0.3873234936	0.0000000000	0.1077957024	0.0028124330	0.0879531380	0.0000000000	0.0000000000	0.0008351768	0.0315538667
0	0.0036650788	0.3857239883	0.0063087543	0.0000157901	0.0013114456	0.0056422724	0.0000294811	0.5948141733	0.0011834374	0.0013055785
0	0.0319938371	0.6063074210	0.0000000000	0.0105520063	0.0000087759	0.0007630201	0.2998890917	0.0085666073	0.0114938748	0.0304253660
0	0.0075344872	0.8640942175	0.0011175812	0.0000753223	0.0045221947	0.0000000729	0.1062716407	0.0026762163	0.0005589372	0.0131493300
0	0.0000000000	0.0006661864	0.0507534406	0.0504238785	0.0855031384	0.0439417921	0.5377432126	0.2178655992	0.0128960086	0.0002067438
0	0.0221328204	0.0001356030	0.0615766171	0.0001135745	0.0750308382	0.4762793233	0.3118358421	0.0330839359	0.0008096555	0.0190017901
0	0.0244476125	0.4546981415	0.0004333639	0.0362243437	0.0354351319	0.0238961590	0.0030240807	0.3467389612	0.0240449898	0.0510572157
0	0.0004320351	0.0882349602	0.0000000014	0.1602892634	0.0251944476	0.0000248432	0.4100593546	0.2291234293	0.0246486923	0.0619929730
0	0.4691753541	0.0636797315	0.0965560732	0.0136920116	0.1066012907	0.0095144700	0.1022250897	0.0180825239	0.0000159828	0.1204574724
0	0.0444302893	0.2333508197	0.0222137296	0.0014147589	0.6733540158	0.0091904146	0.0009155258	0.0057007757	0.0094279106	0.0000017599
1	0.0062972329	0.0200538703	0.0043088161	0.2671888857	0.0088223769	0.0152663620	0.0621124958	0.0098117978	0.0416246969	0.5645134656
0	0.3116170834	0.0001949924	0.0526086531	0.0000000000	0.0068393010	0.4183236384	0.0125606842	0.0367172449	0.0176969273	0.1434414754
0	0.0160544245	0.0933327648	0.0000020166	0.0160652516	0.0001036847	0.0015828092	0.0000001213	0.0373945249	0.0000000000	0.8354644024
0	0.0274370659	0.0443134942	0.0396750769	0.0827597181	0.4239762085	0.0084955328	0.0276537587	0.3181102183	0.0032318095	0.0243471171
0	0.0087344500	0.2424783475	0.0354797732	0.0117517662	0.2389263697	0.1026289545	0.3258348531	0.0305820730	0.0021253381	0.0014580747
0	0.0015041453	0.0243552846	0.0103797411	0.0000000041	0.0003087352	0.2271104902	0.2849518637	0.3388521162	0.0021542065	0.1103834131
0	0.2341513968	0.0101304396	0.0947965969	0.0057482625	0.0000498703	0.1485511025	0.2876042185	0.0276072583	0.1822557422	0.0091051124
0	0.0308143638	0.1536769526	0.0513760817	0.0032832311	0.6375924621	0.0151361603	0.0045208241	0.0138016557	0.0000200738	0.0897781947
0	0.0851055745	0.1834631189	0.0869479133	0.0498219352	0.0088114815	0.0063420952	0.0969591329	0.2649023525	0.2084659382	0.0091804578
0	0.2725519951	0.0187779799	0.0000173277	0.0366014604	0.0038554807	0.1167144052	0.0555288960	0.3596737139	0.1352624821	0.0010162590
0	0.0056407913	0.0449572613	0.0000000000	0.0203295134	0.0863819812	0.4358718554	0.1277240421	0.1132381631	0.0000000000	0.1658563922
0	0.4602806936	0.0000000000	0.0991714313	0.0000389361	0.1124552413	0.0290971601	0.0000000128	0.0011179712	0.0115789549	0.2862595987
0	0.0093271874	0.0003612183	0.1199054808	0.1453174555	0.0109857547	0.0009798373	0.1831686233	0.0661777981	0.0013337883	0.4624428564
0	0.0151769472	0.0036839029	0.0027138589	0.0375884145	0.0000000000	0.0000051559	0.5716854324	0.1517450008	0.2174012874	0.0000000000
0	0.0000000000	0.0000421131	0.0000170337	0.0340744294	0.3687754616	0.0515791671	0.0336678134	0.3069349541	0.0004174988	0.2044915288
0	0.0000000024	0.4731596017	0.0000067056	0.0629792553	0.0163019552	0.0042820105	0.0605387550	0.0436280492	0.0000036509	0.3391000143
0	0.0190096672	0.0880269191	0.5889635812	0.0000000000	0.0681098425	0.1912513418	0.0140458659	0.0000000018	0.0271159894	0.0034767909
0	0.0062358305	0.0161241823	0.4818078254	0.0000000001	0.0422890178	0.0495023596	0.0604026840	0.0130384952	0.0344542341	0.2961453709
0	0.0335050897	0.0702043419	0.0002170396	0.0000001413	0.1455852993	0.0090419292	0.0163427561	0.6913908064	0.0191205491	0.0145920475
0	0.0395204571	0.0062713603	0.0381632654	0.1208446730	0.0147980968	0.4154539182	0.0130083633	0.0215010951	0.0000351604	0.3304036103
0	0.0000000673	0.3648929850	0.0853229899	0.0008483935	0.0075324234	0.0154196531	0.0418539195	0.1931136817	0.0013761078	0.2896397788
0	0.0126662709	0.0763625181	0.0007346682	0.1063274622	0.0122238035	0.0064961073	0.5718538255	0.0465125257	0.0011446395	0.1656781790
0	0.0007894854	0.0206973218	0.0188511371	0.0000001838	0.4369721199	0.0037581911	0.1259009848	0.2599178182	0.1320630187	0.0010497394
0	0.0975071832	0.0647573948	0.5222389003	0.2879360822	0.0014601909	0.0043348564	0.0001976319	0.0030292065	0.0095873497	0.0089512041
0	0.2861137171	0.0651880876	0.0205535882	0.1260825863	0.0329959877	0.0381883769	0.0230359407	0.1915321077	0.0466635844	0.1696460234
1	0.4707197933	0.0045429422	0.0000000000	0.2208831433	0.0128474424	0.0999953586	0.0636527167	0.1048502105	0.0225042623	0.0000041307
0	0.0364010095	0.0407835280	0.0002296797	0.0251538097	0.0103623231	0.1381612259	0.1958572832	0.1897089616	0.0000013953	0.3633407840
0	0.0050560549	0.2771318497	0.0003358606	0.0336884947	0.0246947989	0.3170531269	0.0994227755	0.2029871732	0.0197536492	0.0198762166
0	0.1091720665	0.0218517232	0.0248158947	0.0003421679	0.0001427603	0.3275020092	0.2732235045	0.0099793239	0.1822624651	0.0507080847
0	0.4248532431	0.0512920024	0.0000032939	0.0000039304	0.2630115838	0.0470432347	0.0083661672	0.1859341445	0.0179850301	0.0015073698
0	0.6255460749	0.1136350257	0.0401611881	0.0030505905	0.0105133678	0.0328762475	0.0072512806	0.0551885538	0.0146474144	0.0971302568
0	0.0768515435	0.0711711028	0.0020145966	0.0000000157	0.0066042024	0.0122303703	0.1466718398	0.2279343649	0.1033010875	0.3532208764
0	0.0053411009	0.1067710758	0.0437452114	0.1373946854	0.0594072390	0.5487450089	0.0163383476	0.0481427104	0.0333701437	0.0007444770
1	0.0188151958	0.0180252107	0.0043330571	0.0984096101	0.0003126386	0.0289922488	0.7650860994	0.0148799511	0.0190421199	0.0321038686
0	0.0025876863	0.5806069745	0.1963224709	0.0000009103	0.0274707614	0.0926163554	0.0000652400	0.0000003495	0.0152071484	0.0851221033
0	0.0317489921	0.8082745193	0.0841358503	0.0046624350	0.0001030342	0.0151122211	0.0015226027	0.0368488251	0.0000000000	0.0175915202
0	0.5025049695	0.0157953936	0.0023531503	0.1088091219	0.0427785761	0.0000000000	0.1531024013	0.0125084262	0.0087032473	0.1534447138
0	0.0072168523	0.0006559247	0.0521754519	0.0028262169	0.4574074315	0.0021847862	0.0985249814	0.0029278460	0.0112561634	0.3648243458
0	0.4293128975	0.4098309626	0.0120277596	0.0002131888	0.0894182239	0.0141147832	0.0074645894	0.0294023250	0.0077622653	0.0004530046
1	0.0289445544	0.0658730105	0.0000017225	0.0529186630	0.0316290103	0.0007334604	0.2219088133	0.0185617329	0.0074281538	0.5720008789
0	0.0048642807	0.0257262167	0.0080409755	0.0924773704	0.0007418011	0.7179417957	0.0119833285	0.1321601494	0.0008197150	0.0052443670
0	0.0284902210	0.0937540197	0.0925344567	0.0015451713	0.0000009061	0.0431410219	0.0002060643	0.0048086359	0.0264380371	0.7090814661
0	0.0456058348	0.0000000012	0.2481855510	0.0000000000	0.2232069415	0.2502341878	0.0411828309	0.1558551928	0.0334586425	0.0022708174
1	0.0073981152	0.0577033061	0.0708081205	0.0484381566	0.0007707291	0.1056226084	0.1797899425	0.0236641745	0.0710547489	0.4347500982
0	0.0178522993	0.0158361819	0.0000044787	0.0028165674	0.0025847417	0.0668551458	0.2083479593	0.2204849276	0.0004238687	0.4647938296
0	0.0409013967	0.0672417944	0.0000190894	0.0639360918	0.0108113404	0.5532340146	0.0386908430	0.1246646533	0.1005007757	0.0000000008
0	0.0287017378	0.1070908006	0.0027653136	0.0000804310	0.1150648414	0.0028243919	0.0394960243	0.4151669579	0.2807178623	0.0080916394
0	0.1835507454	0.1211716270	0.0003753709	0.0010973794	0.0245071868	0.2910656949	0.1898417064	0.1193924083	0.0000000000	0.0689978810
0	0.1482503264	0.7487702473	0.0043408305	0.0056509340	0.0395338223	0.0000711083	0.0336426656	0.0117998250	0.0000000404	0.0079402002
0	0.0000018035	0.0001780496	0.1859016792	0.0022475473	0.0327606989	0.3513645440	0.0228459024	0.2477367088	0.1569598898	0.0000031764
0	0.0334157413	0.0011142096	0.0495432064	0.4092935805	0.0029630696	0.0084449705	0.0285502917	0.3700645270	0.0000093322	0.0966010713
0	0.0367481358	0.1635674019	0.0000000000	0.3933144939	0.0385058518	0.0771144062	0.2384615133	0.0083409716	0.0006410059	0.0433062197
0	0.0176246705	0.0519770132	0.0085291836	0.0000536927	0.0001249021	0.6095111956	0.0010836729	0.1450878150	0.1548861872	0.0111216672
0	0.0676965541	0.3878351779	0.1406225206	0.1274413776	0.0643340611	0.0000000000	0.1632052571	0.0011993984	0.0128191409	0.0348465124
0	0.7766622959	0.0000025305	0.0256355238	0.0227467692	0.0154625593	0.0052099799	0.0196009338	0.0014441268	0.1317173773	0.0015179035
0	0.2371639133	0.0099738918	0.0904177437	0.1874414896	0.1349063695	0.0150737121	0.1583342522	0.0415604091	0.0282538115	0.0968744072
0	0.1666740665	0.0256947033	0.2841539594	0.0163270275	0.0580599862	0.3415605285	0.0231665634	0.0836476254	0.0001036892	0.0006118506
0	0.2338709607	0.1853146070	0.1267893684	0.0051291189	0.0446677313	0.0709452781	0.0074093099	0.1578600101	0.0758914838	0.0921221319
0	0.1710170944	0.0737178707	0.0005296997	0.0284644084	0.0369119830	0.5524698465	0.0716089403	0.0000047464	0.0293434118	0.0359319989
0	0.0000000002	0.1339472619	0.0057269659	0.0255662325	0.0965892946	0.0007046200	0.0799222219	0.3842542890	0.2723862444	0.0009028696
0	0.0759087243	0.0761277815	0.1040287253	0.0000000000	0.3043747998	0.0241242154	0.1243494796	0.0474394521	0.0713108487	0.1723359733
0	0.0000000000	0.0183340012	0.0970355418	0.0000000000	0.0004802506	0.1096497851	0.1865016626	0.5438078348	0.0252308879	0.0189600361
1	0.0406794330	0.0000008396	0.0099718971	0.6729559270	0.0726404824	0.0039314907	0.1404126370	0.0100118913	0.0434321586	0.0059632432
1	0.0084169195	0.0000171777	0.1892847570	0.0009985461	0.2331475903	0.1261739379	0.0146244005	0.1604717555	0.0036138884	0.2632510270
0	0.0397993910	0.0487319930	0.1923418622	0.2885300305	0.0009583688	0.1700617472	0.0465297353	0.1150952800	0.0968345831	0.0011170089
1	0.0035551802	0.0001312678	0.0000061813	0.3581026073	0.1425080718	0.0006103266	0.2908272448	0.0342987875	0.0951674975	0.0747928351
0	0.0000211022	0.0203041312	0.0000000000	0.0189542247	0.0494116151	0.4163972922	0.3114224574	0.0942380535	0.0269538519	0.0622972718
0	0.0013404957	0.2828681150	0.0314620988	0.0024030352	0.1948496998	0.0047690747	0.0000061689	0.0016397441	0.4804520304	0.0002095374
0	0.4905277462	0.0087358884	0.0271790113	0.0646723538	0.0000001149	0.0392456753	0.1076675939	0.2081682591	0.0221797129	0.0316236443
0	0.0000370915	0.2179113859	0.0692128092	0.0568384691	0.0843853260	0.0613935238	0.4710955628	0.0000060451	0.0308383442	0.0082814423
0	0.0000000000	0.0472276726	0.0000070773	0.0002150811	0.1016523988	0.1385076084	0.1242455117	0.0731588270	0.5149858231	0.0000000000
0	0.0384622662	0.1618466152	0.1727159504	0.0026689491	0.3025890129	0.1281373396	0.0006036242	0.1772946990	0.0000000000	0.0156815434
0	0.2791606013	0.1876078391	0.0068856626	0.0000001115	0.0924193839	0.0064630169	0.4264536601	0.0000014097	0.0010033957	0.0000049192
0	0.0539270140	0.0339653764	0.5245615045	0.0382913898	0.2109738912	0.1160521602	0.0000013878	0.0114014667	0.0015600684	0.0092657408
0	0.2555879727	0.0033189829	0.0677473916	0.0395328849	0.1327798683	0.0000830030	0.1157967585	0.1952498879	0.1895163078	0.0003869425
0	0.2313093969	0.0588529080	0.0617329103	0.0049762302	0.3553133594	0.0058290539	0.0858317373	0.1901767276	0.0000000000	0.0059776762
0	0.0001345316	0.2488793864	0.0000000000	0.0599132280	0.2026753200	0.0000001758	0.0063840086	0.3078142136	0.0122879883	0.1619111477
0	0.1134652558	0.0003940067	0.0559108227	0.2788810186	0.0030601951	0.0001942028	0.1384717887	0.2907193570	0.1160640382	0.0028393146
0	0.0000000000	0.5747673056	0.0166075150	0.0971963563	0.0313754550	0.2179788594	0.0291174981	0.0000008153	0.0329314793	0.0000247160
0	0.1687641002	0.0809170610	0.0002279451	0.0440526899	0.0342289326	0.0449709047	0.1210785111	0.4335376384	0.0672919788	0.0049302382
1	0.1432175718	0.0036159052	0.0047097023	0.1305608394	0.0000033314	0.0209228878	0.0067411942	0.6585865010	0.0068228218	0.0248192451
1	0.0294031357	0.0087290937	0.0079674065	0.1494452964	0.2923563745	0.0174414545	0.2251722818	0.1573015819	0.0000036084	0.1121797666
0	0.0790959262	0.0910291645	0.0004235939	0.3741681451	0.0151950197	0.0800542245	0.1033819833	0.0063700887	0.1771957345	0.0730861194
0	0.0021693027	0.0065243041	0.0000053232	0.0415157265	0.0022005282	0.0007048367	0.1292749412	0.0378904465	0.0000000067	0.7797145844
0	0.0000024823	0.7122248425	0.0009319166	0.0000000002	0.2604255618	0.0007813098	0.0021365354	0.0077502213	0.0000006632	0.0157464668
0	0.0251877324	0.0000000003	0.5547003284	0.0001212011	0.1360548119	0.0921247486	0.1065152768	0.0852959003	0.0000000000	0.0000000000
0	0.0747954449	0.0001849245	0.0249099037	0.4283344108	0.0990355926	0.2416049836	0.0152789795	0.1110791738	0.0000029443	0.0047736423
0	0.1373442253	0.0175214346	0.0183423527	0.0254833667	0.0170505143	0.3909259452	0.3340646720	0.0000163356	0.0591982100	0.0000529437
0	0.0363257225	0.0134841002	0.0000109325	0.4813498903	0.2148196464	0.0029815569	0.2000889687	0.0075348161	0.0148509194	0.0285534470
0	0.0203122171	0.0004619722	0.0000361497	0.0228273297	0.0198886393	0.0490889231	0.0096719843	0.7279459399	0.0000084215	0.1497584232
0	0.0292030393	0.0435660089	0.0667908577	0.0405474334	0.0013309113	0.0641229972	0.2553298994	0.0596215791	0.0350822814	0.4044049922
0	0.4468595988	0.0000000001	0.3883649730	0.0205321270	0.0000000001	0.0797968526	0.0013361950	0.0417633653	0.0211023544	0.0002445337
0	0.2660099978	0.0131476244	0.0002119384	0.0267676836	0.1724663713	0.0000033463	0.5029623491	0.0000000009	0.0049131379	0.0135175503
0	0.0359538982	0.1216523439	0.0008128200	0.3742657688	0.0012472140	0.0000977067	0.0550308375	0.1710511543	0.2036297750	0.0362584816
1	0.0553154941	0.0196424866	0.0397283194	0.0000176365	0.0062482770	0.0000023577	0.0115639240	0.7494169083	0.0000000000	0.1180645964
0	0.0525244077	0.3834869500	0.0055034500	0.0072653097	0.2268403467	0.0026968802	0.1975663855	0.0018522025	0.1221999431	0.0000641247
0	0.0230709546	0.0027188726	0.0000186311	0.0031525367	0.0490452028	0.0016428981	0.0101809726	0.0270399264	0.0131706031	0.8699594020
0	0.0044350659	0.3536718927	0.0104791879	0.0000002286	0.0787892243	0.0311240444	0.0134342303	0.4775302777	0.0000085467	0.0305273016
0	0.0000128847	0.0034813195	0.0000054127	0.1373593550	0.2160063926	0.5469128171	0.0071715740	0.0005711001	0.0870120720	0.0014670722
0	0.1621133091	0.0220629619	0.5045149842	0.0440622697	0.0012245613	0.0190853226	0.0307579764	0.0617896600	0.0099149998	0.1444739550
0	0.0348028407	0.8223169492	0.0000000019	0.0100771683	0.0000000216	0.0000000008	0.0207300065	0.0311786748	0.0541097410	0.0267845952
0	0.1778951364	0.0783841565	0.3543472844	0.0845329251	0.0466943114	0.0567228232	0.0000022550	0.0003429593	0.1981601733	0.0029179754
1	0.7847556351	0.0071391003	0.0096755999	0.0053795447	0.0171221530	0.0018128668	0.0166359722	0.0071105439	0.0219998762	0.1283687081
0	0.1705662907	0.0000003901	0.0371096249	0.0591954254	0.0257116207	0.0067472333	0.0802239891	0.0612162833	0.0000000000	0.5592291425
0	0.0169292490	0.3834228308	0.0260321132	0.0000000012	0.1862654841	0.0530765573	0.1058506574	0.0612099492	0.1662148885	0.0009982693
1	0.0163026947	0.0250000628	0.0482018643	0.3204469549	0.0222411930	0.0477993627	0.4914651323	0.0019221241	0.0034156063	0.0232050050
0	0.0484686746	0.0005446958	0.3371697692	0.1539491155	0.0210293911	0.0022310045	0.1874053000	0.0308090347	0.0000000003	0.2183930144
0	0.0065197338	0.0404708457	0.0119442177	0.1056967182	0.1155651390	0.6038374643	0.0011904573	0.0041138002	0.0000000000	0.1106616238
0	0.1912827239	0.1014637321	0.0199529184	0.0010785967	0.3845208652	0.0000460969	0.0000000000	0.0141276591	0.0000447262	0.2874826814
0	0.0813201962	0.1239996626	0.1880106130	0.1832111053	0.1014178989	0.1801160382	0.0008858969	0.1209155106	0.0000060435	0.0201170347
0	0.2251759548	0.1193517249	0.0021192365	0.0297521189	0.0656974363	0.1235238749	0.0371934531	0.1208172427	0.1873568651	0.0890120928
0	0.0415844760	0.0220192903	0.0000163931	0.3392666707	0.0293246813	0.1104206058	0.0593266525	0.0562183705	0.3058217615	0.0360010983
0	0.0006845908	0.3477617718	0.0006521172	0.0045734095	0.2077592412	0.1649449177	0.2556490157	0.0143762430	0.0035779675	0.0000207256
1	0.0000007379	0.0175067565	0.0012373914	0.3916503850	0.0002066668	0.0352572957	0.2171961028	0.2418916192	0.0008309198	0.0942221248
0	0.0129824559	0.0061782426	0.8741765142	0.0001095989	0.0037918638	0.0287178111	0.0010802176	0.0289817037	0.0067197665	0.0372618257
0	0.0184281368	0.0412022666	0.1119031675	0.0639542619	0.0000000000	0.6449960827	0.0396631824	0.0720569840	0.0063203323	0.0014755857
0	0.4693604439	0.0287271065	0.0000000127	0.0372939618	0.0153835779	0.0277859890	0.0249237434	0.0073335368	0.3482508450	0.0409407829
0	0.0402826309	0.5384368621	0.0207156068	0.0013650308	0.1298203348	0.1977777594	0.0532698464	0.0007652124	0.0009546757	0.0166120408
0	0.0032868358	0.7131224076	0.1238722573	0.0000080789	0.0167773562	0.0266437042	0.0053018813	0.0006771845	0.0197890725	0.0905212217
0	0.5575133820	0.1173468405	0.0021033888	0.0074010182	0.1097777927	0.0062538228	0.1903203256	0.0085676281	0.0000000001	0.0007158012
1	0.0088863716	0.0037992050	0.0529145917	0.6507492112	0.0111343701	0.0080132835	0.0310175613	0.0578651945	0.0306906977	0.1449295133
0	0.0044480233	0.3705950419	0.0022831735	0.0000009169	0.1450641230	0.0343071832	0.0000000000	0.3451383453	0.0168524426	0.0813107502
0	0.0371373738	0.3266518222	0.0107345715	0.0000000000	0.0003514677	0.2507956564	0.0007249839	0.0686104634	0.0000138238	0.3049798373
0	0.0000428945	0.1171244769	0.0000000000	0.0103902455	0.8498712088	0.0011968503	0.0185170335	0.0007478757	0.0020422291	0.0000671858
0	0.3469260745	0.0027762896	0.0013681939	0.0000735378	0.1032818982	0.0192450738	0.4086118847	0.1150757924	0.0005682579	0.0020729972
0	0.0443410463	0.0676709539	0.1446373384	0.0566764237	0.2214334094	0.3483772195	0.0000000000	0.0031297023	0.0297143925	0.0840195140
0	0.0000000000	0.0382377287	0.0883038929	0.0524766461	0.1059146272	0.0000328138	0.0000000775	0.5062594859	0.1362391189	0.0725356090
0	0.0128625083	0.0000971299	0.0003221822	0.0783360419	0.0169151131	0.0158172563	0.6642159260	0.1231323724	0.0764282080	0.0118732620
0	0.0030448382	0.0000025147	0.5455265032	0.0008362766	0.0269879746	0.0519290213	0.3637529893	0.0032883842	0.0046314980	0.0000000000
0	0.0000948186	0.0232762635	0.0065197769	0.0000007452	0.0311467568	0.0317890197	0.4367462308	0.4460290486	0.0186514158	0.0057459241
1	0.0389215297	0.0037884140	0.0019610857	0.0022806801	0.4523184865	0.0000000000	0.0000060916	0.2120711926	0.1638821620	0.1247703578
0	0.0003813155	0.0375009669	0.0130846906	0.0037605844	0.0252924940	0.0121950343	0.0010010449	0.7445104199	0.1571964877	0.0050769617
0	0.0002280235	0.0262305022	0.2266535830	0.0298188933	0.0505526683	0.0466695477	0.2291606424	0.3732211364	0.0164023033	0.0010627001
1	0.0151559817	0.0002283400	0.0000000735	0.2696933252	0.0689665826	0.0000000063	0.6068811111	0.0084409006	0.0257915666	0.0048421124
0	0.0715521547	0.0025304318	0.0000024103	0.0014407868	0.0286554576	0.0011432473	0.0049942789	0.8463922359	0.0393525775	0.0039364193
0	0.0185279148	0.2712161672	0.0365039547	0.0085806199	0.0011259561	0.0698754540	0.0619811671	0.4882252975	0.0000021856	0.0439612832
0	0.3089555863	0.0053834753	0.1590268511	0.0085360890	0.0666949516	0.0823036683	0.0796595687	0.0817770077	0.0000000001	0.2076628020
0	0.0376583191	0.0051471893	0.0000022059	0.0033016004	0.0855959454	0.0001962087	0.0113378558	0.4187288459	0.0100407100	0.4279911196
0	0.5205867572	0.2521252307	0.0000000000	0.0036605624	0.1553560181	0.0098194403	0.0275304600	0.0203054082	0.0000000021	0.0106161211
0	0.0093763552	0.3377722158	0.0005607494	0.0258019930	0.0251592390	0.3808867390	0.0178088222	0.0960856334	0.1060934031	0.0004548499
0	0.0126218799	0.0168118705	0.0000464238	0.0586267888	0.0891810043	0.0327822649	0.0102151531	0.0270490492	0.6886071157	0.0640584499
0	0.2864594211	0.0195313289	0.0074731072	0.0426484043	0.2260468295	0.0099478238	0.3275165820	0.0000874402	0.0685059693	0.0117830938
0	0.4525170255	0.0212314102	0.0427195585	0.0181388348	0.0365440105	0.2475336929	0.0292592297	0.1311317142	0.0001303484	0.0207941753
0	0.2688120813	0.0304674483	0.0849724643	0.0003453030	0.3738459392	0.0508144196	0.1220903136	0.0110138531	0.0012354802	0.0564026973
0	0.1427039398	0.0057660450	0.0087359669	0.1190750854	0.0000061920	0.5430927066	0.0695280351	0.0926637541	0.0184277573	0.0000005180
0	0.0856261918	0.1570529994	0.0114381099	0.0203662617	0.1685338427	0.3110544956	0.1495279320	0.0000917864	0.0285145124	0.0677938680
0	0.0563565268	0.0110876154	0.0189951483	0.0005214902	0.0008812379	0.3792603666	0.1454909709	0.3175682689	0.0091593194	0.0606790555
0	0.0330256193	0.3556555174	0.1566688604	0.0352315000	0.0980244843	0.0079602087	0.1286143103	0.1337924746	0.0421016822	0.0089253428
0	0.2687343141	0.0737990059	0.1651909983	0.0328727417	0.0263209596	0.0018992918	0.1866643282	0.0118317951	0.0244318461	0.2082547192
0	0.0000000000	0.1362763536	0.1280754644	0.2746550907	0.0010468567	0.0923628694	0.3330903917	0.0343558213	0.0000000004	0.0001371518
0	0.4490490840	0.0000166731	0.0312518299	0.0258654712	0.0104944347	0.3313196711	0.1283833227	0.0212423520	0.0023762619	0.0000008994
0	0.2434848553	0.0023003591	0.2049489800	0.2381376584	0.0010586124	0.2998051956	0.0008204606	0.0039875657	0.0000372310	0.0054190819
0	0.4290134432	0.1791674759	0.0085458384	0.0006033776	0.0010619205	0.0016016684	0.2275582766	0.0528699752	0.0113978056	0.0881802186
0	0.0268502389	0.1239743335	0.0087549427	0.3345999374	0.0776061525	0.1391545497	0.0696642464	0.0817977849	0.0000025359	0.1375952781
0	0.0556164851	0.1657526571	0.0000000000	0.1180909863	0.0070243508	0.0335773115	0.1121498688	0.0000093176	0.0031511793	0.5046278436
0	0.2284215449	0.0013670409	0.0025343809	0.5655113474	0.0300458923	0.0881762054	0.0373544960	0.0016559732	0.0361986092	0.0087345097
0	0.0000036904	0.0079977428	0.0341015260	0.0324952869	0.1481023798	0.3951649221	0.0970492908	0.2101236315	0.0624160601	0.0125454697
0	0.0464492409	0.2245512212	0.0431199436	0.0035198271	0.0723187055	0.0040973791	0.4162445414	0.0474577374	0.0977441548	0.0444972490
0	0.0992486425	0.0940782738	0.1078538307	0.0387242741	0.0405932348	0.2429188155	0.0493031140	0.0594377581	0.0116120348	0.2562300218
0	0.0470077170	0.0149510353	0.1633962903	0.0000460522	0.0000000000	0.0851071052	0.1407122303	0.1012222420	0.0199378975	0.4276194301
0	0.0085615584	0.0278745772	0.0153643161	0.0000148491	0.1205770556	0.5435791996	0.0000755877	0.2839357237	0.0000171325	0.0000000000
0	0.0000368508	0.2330590871	0.0088577396	0.0001219443	0.0448435813	0.2968783095	0.2623081595	0.0640530302	0.0732656698	0.0165756280
1	0.1227825293	0.0738493336	0.0269267007	0.5496259911	0.0030868976	0.0365796130	0.0623208100	0.0004022666	0.0225196749	0.1019061832
0	0.0011640782	0.4764456174	0.0020640095	0.0110520025	0.0079111796	0.0078907128	0.2756529535	0.2178157697	0.0000006982	0.0000029786
0	0.0087406031	0.0622573114	0.0411380554	0.0124999725	0.1124378921	0.0021873639	0.0154967521	0.5674403202	0.0066431677	0.1711585616
0	0.1560883418	0.0567729978	0.4721111901	0.0005594496	0.0731364974	0.0851912414	0.1317193055	0.0000000000	0.0000000018	0.0244209746
0	0.0000000000	0.0707884921	0.3021911347	0.0572270824	0.3009886136	0.0052593000	0.0407362684	0.0375967319	0.0048222884	0.1803900884
0	0.0158047715	0.1571668629	0.0000000020	0.4850456267	0.1648211874	0.0744925466	0.0019118404	0.0064911667	0.0003603146	0.0939056812
0	0.0281879189	0.0018991348	0.0081851980	0.0477702550	0.7283029611	0.0323464233	0.0432675740	0.0884349330	0.0021530370	0.0194525649
0	0.0436273832	0.0007608611	0.0009497864	0.0064005524	0.0000733947	0.8131879475	0.1120527924	0.0226208832	0.0001579741	0.0001684250
0	0.0645133655	0.0012546267	0.0000061365	0.1806913777	0.0532393262	0.6116665359	0.0737118404	0.0135076867	0.0002713561	0.0011377483
0	0.0140181610	0.0279107466	0.1741800705	0.1192787009	0.4243785830	0.1019301504	0.0011490509	0.1177726338	0.0017101373	0.0176717656
0	0.2813258584	0.0279459229	0.0622826322	0.0000002883	0.0594287962	0.0056112800	0.0354616569	0.5241334366	0.0000000000	0.0038101284
0	0.0049385909	0.1556507207	0.0086577762	0.0009306648	0.0000000033	0.5134994750	0.1975373612	0.0742945979	0.0000040203	0.0444867897
0	0.0414178167	0.2578578699	0.0099959559	0.4239891942	0.0000865684	0.0159543507	0.0000000044	0.1598720792	0.0000000000	0.0908261605
0	0.0097804346	0.4955352192	0.0284534018	0.0004456540	0.0341569355	0.0379971911	0.0527622100	0.2250527113	0.0485166784	0.0672995641
0	0.4298353589	0.0003496949	0.0093525827	0.4247494110	0.0000396339	0.0673060720	0.0406377146	0.0157328329	0.0000000002	0.0119966989
0	0.5379001397	0.1142591709	0.0223656625	0.1110279342	0.0005402180	0.0584148237	0.0424449671	0.0876809161	0.0000021465	0.0253640213
0	0.1662035545	0.1248698808	0.0008463560	0.0000000169	0.1838578149	0.4002390714	0.0000369518	0.0142158002	0.0082384037	0.1014921498
0	0.0275634452	0.0066701570	0.1173281421	0.0715296684	0.4830696601	0.0434841424	0.1107151248	0.0297237008	0.0191931898	0.0907227697
0	0.0566126756	0.0235082739	0.0000002062	0.0622772118	0.0950060837	0.2670643264	0.3457671417	0.0769868352	0.0038483479	0.0689288976
0	0.0497766072	0.1249391267	0.0890533924	0.0457055761	0.2944257517	0.1481483223	0.0078382108	0.1711884665	0.0574355997	0.0114889465
0	0.5066884977	0.0000000000	0.0011623823	0.0067090492	0.0286047507	0.0955726761	0.1604134529	0.1317849144	0.0000235217	0.0690407549
1	0.0754905712	0.0491648708	0.0206521814	0.0044745139	0.0001378804	0.0229615794	0.0818599872	0.0092479416	0.0669878112	0.6690226630
0	0.3338387549	0.0054927004	0.0083086105	0.0005162784	0.0264158760	0.1354014756	0.1213145517	0.2684053670	0.0000355605	0.1002708251
0	0.0259990683	0.8865270045	0.0130142880	0.0061804356	0.0255499189	0.0005407855	0.0041627470	0.0361701769	0.0000000000	0.0018555753
0	0.0714400295	0.0018984325	0.0000104910	0.5077905752	0.0018998450	0.0019913877	0.0200258250	0.3616397661	0.0000000000	0.0333036479
0	0.0038527348	0.5144922997	0.0950389197	0.0830260018	0.0076675738	0.1146324217	0.0749247501	0.0833485978	0.0008641181	0.0221525826
0	0.0002185113	0.3689978176	0.0000001319	0.2083603301	0.2108944164	0.0049401743	0.1867618066	0.0085168507	0.0000000000	0.0113099612
0	0.8474466037	0.0010292158	0.0014346293	0.0000418983	0.0314766575	0.0014568035	0.0426926295	0.0564776481	0.0129647506	0.0049791638
0	0.0717033255	0.0835604465	0.0549778497	0.0083344216	0.0542164508	0.1655092454	0.1066063602	0.0858322140	0.1299328690	0.2393268173
0	0.1619083751	0.0340916171	0.0096459208	0.2811438278	0.1348475562	0.0000116714	0.1710888519	0.2041464026	0.0000000462	0.0031157308
1	0.4981908277	0.0029010437	0.0130456571	0.0065285226	0.0042180744	0.0125901246	0.2247248901	0.1519751967	0.0067673863	0.0790582769
0	0.0099179422	0.0095685245	0.0852140883	0.0395402687	0.0000826188	0.0373372250	0.5236193889	0.0387183547	0.0451178666	0.2108837225
0	0.0729306136	0.4538532213	0.0000006718	0.0007767596	0.0665101353	0.1269855643	0.1549072428	0.1240355554	0.0000000000	0.0000002358
0	0.0627785201	0.0029849662	0.0187743023	0.0000000814	0.1004214357	0.0220184478	0.0524733331	0.0013896618	0.6329480528	0.1062111988
0	0.3087954815	0.0000021469	0.0012735497	0.0015577954	0.3369541373	0.0178440340	0.0000219076	0.1824057800	0.0628210322	0.0883241354
0	0.0077442580	0.0440477511	0.0039049319	0.0520493000	0.0003636509	0.0000460052	0.0310579223	0.7144155798	0.0003490178	0.1460215830
0	0.0435686853	0.0238530504	0.0460326391	0.0000000000	0.0642704451	0.2314550137	0.1132861632	0.4035176207	0.0165586694	0.0574577131
0	0.2526049893	0.0452278858	0.0005648275	0.1070971245	0.0027114636	0.2767048819	0.0233130459	0.1410023981	0.1507733833	0.0000000001
0	0.0000003325	0.0000113838	0.0000000292	0.0017193879	0.3546206393	0.0504704384	0.1165454116	0.4139600570	0.0006826277	0.0619896927
0	0.0313893695	0.0000652650	0.0000793416	0.0000000000	0.7468398635	0.0000000000	0.0762345811	0.0294150025	0.0141382004	0.1018383764
0	0.2563171190	0.2393477084	0.0851965616	0.0374396641	0.0382186991	0.0671755227	0.1328089928	0.0422909043	0.0045431441	0.0966616841
0	0.0000193060	0.4291831106	0.0468574511	0.0054168607	0.1225936748	0.0578446689	0.3110844514	0.0055190084	0.0035017961	0.0179796720
0	0.0001258531	0.0557448670	0.0165969609	0.0132040304	0.0048462222	0.0172404971	0.1396458556	0.7507647509	0.0000000066	0.0018309561
0	0.0292595340	0.0099663960	0.1216337101	0.0248180374	0.0521369249	0.0080278711	0.6313604875	0.1227920490	0.0000049901	0.0000000000
0	0.1614033472	0.0191618044	0.5786051455	0.0321779623	0.0049596946	0.0006769238	0.0878659604	0.0364898301	0.0319758557	0.0466834759
0	0.0057747853	0.7534835224	0.0137537643	0.0051740658	0.0012371122	0.0048186674	0.0870739463	0.1215080572	0.0000000000	0.0071760792
0	0.1256520546	0.0049141791	0.3886793461	0.0583260070	0.0702294446	0.1590194326	0.0057083557	0.1445431281	0.0079367145	0.0349913378
0	0.0416100245	0.4412801326	0.0000000007	0.0011072081	0.0764392286	0.1193141400	0.1991996387	0.0165679885	0.0001714420	0.1043101963
0	0.2769621998	0.0105559756	0.0313412207	0.4150393934	0.0372527671	0.0212461175	0.1241758466	0.0523157219	0.0031951706	0.0279155868
0	0.0017636297	0.3849654747	0.0316400720	0.0047072972	0.0687856253	0.1132107643	0.2390423251	0.0001375712	0.0085760116	0.1471712289
0	0.0139158320	0.2102799311	0.0109925789	0.1247631127	0.0582166586	0.3074205756	0.0026761388	0.0907154212	0.0003050490	0.1807147023
1	0.0006319403	0.0277837116	0.0355663266	0.1951271208	0.0110968347	0.0429289960	0.1396479003	0.0017599413	0.0973619008	0.4480953276
0	0.0000000000	0.0000056871	0.0149088849	0.0000179480	0.6260179940	0.0000828773	0.0817634985	0.0896509206	0.1607971781	0.0267550116
0	0.2266818578	0.2240145542	0.0288153625	0.0002216498	0.0045951446	0.1087980530	0.0890855706	0.0011731745	0.1314447032	0.1851699297
0	0.0309792903	0.0000010741	0.0005159111	0.0192476147	0.0263060361	0.0000077184	0.0405977056	0.7030073775	0.0180381494	0.1612991230
0	0.0350604055	0.5169927195	0.0302986011	0.3310601537	0.0023851172	0.0050088837	0.0707981273	0.0080764976	0.0002459669	0.0000735276
0	0.2428559044	0.1215087711	0.0545352881	0.0000181488	0.1160968976	0.1045774424	0.0858902201	0.1827014269	0.0001539443	0.0916619564
0	0.0060083217	0.0000000000	0.1320333732	0.0381241596	0.0000000171	0.2843933437	0.1549641537	0.3284103153	0.0000000008	0.0560663149
0	0.0381006845	0.0149964934	0.0357385308	0.0278088997	0.1002608550	0.0622584643	0.0000940111	0.4885969539	0.0000017403	0.2321433671
0	0.0058562267	0.5263254739	0.0099099303	0.0024379431	0.3291733555	0.0066843108	0.0002080378	0.0447766594	0.0460548006	0.0285732618
0	0.0000000038	0.0845749759	0.0092851052	0.1092701081	0.0150856618	0.0000997942	0.1608538323	0.0243852614	0.0000000069	0.5964452504
0	0.1295487346	0.0161381974	0.0216968841	0.2722494621	0.2734251390	0.0054641895	0.0002956441	0.1217591464	0.1564115767	0.0030110261
0	0.0000001417	0.0005855369	0.3602869996	0.0056909988	0.4462819829	0.0275512368	0.0092390026	0.1204736949	0.0298248068	0.0000655990
