0	0.1365728672	0.2000505902	0.0469662273	0.2021748455	0.4142354698
0	0.8279119295	0.0037116622	0.0287731802	0.0575766029	0.0820266252
1	0.2518301522	0.0288503519	0.2322035542	0.4725863182	0.0145296236
0	0.3028862269	0.0458672576	0.2547903807	0.3962988818	0.0001572531
0	0.0370518979	0.2272996332	0.0886585894	0.3369166391	0.3100732404
1	0.0443179654	0.0903691649	0.0011829869	0.1784670334	0.6856628493
0	0.0125453344	0.2592145122	0.0737948843	0.4484712364	0.2059740328
0	0.0000178845	0.5178376446	0.1726956818	0.1488848078	0.1605639812
0	0.0423661133	0.0250062156	0.0519266314	0.5526572171	0.3280438226
1	0.0387751074	0.8411200076	0.0044415187	0.0032651484	0.1123982179
0	0.1396712031	0.1464979859	0.0375667459	0.2937738422	0.3824902229
0	0.0320836067	0.0000001624	0.0705849439	0.3321405157	0.5651907713
0	0.0207768863	0.0001594280	0.1070115276	0.0000000000	0.8720521581
0	0.0104349172	0.3520387170	0.4024036041	0.2351072049	0.0000155568
0	0.9539246886	0.0068526199	0.0251223885	0.0078318712	0.0062684317
0	0.0000039411	0.9999160215	0.0000128069	0.0000539702	0.0000132604
0	0.0984552010	0.4714107981	0.0023880852	0.1437347623	0.2840111533
1	0.1196566836	0.5073218796	0.0000000000	0.2151514431	0.1578699936
0	0.0000000000	0.2874452296	0.2590715382	0.3698108582	0.0836723740
0	0.7442787573	0.0317174351	0.0008803345	0.2055422416	0.0175812315
0	0.0004551739	0.1494279950	0.0080361344	0.6359335213	0.2061471754
0	0.0000044837	0.8987946008	0.0002966784	0.0891750411	0.0117291959
0	0.0617480642	0.0222175296	0.6341289284	0.0404529240	0.2414525537
0	0.0157893804	0.0627385611	0.0384856201	0.8560294398	0.0269569986
1	0.0877174552	0.4174159016	0.0158788136	0.4782845004	0.0007033293
0	0.4845385486	0.1067506393	0.0005661688	0.2745777962	0.1335668470
0	0.2103116783	0.5475736587	0.0389339750	0.0597656591	0.1434150290
0	0.0448755823	0.0191335507	0.0172331035	0.0142308689	0.9045268947
0	0.0073497880	0.9508568048	0.0006030009	0.0049701218	0.0362202845
1	0.1708297536	0.2005832132	0.2961298257	0.3324482143	0.0000089932
1	0.0356398295	0.0005662195	0.0004615783	0.9545973849	0.0087349879
0	0.2622793749	0.0810650372	0.1003761243	0.0808809198	0.4753985438
0	0.1584789548	0.1732488517	0.0419744520	0.3520017305	0.2742960109
0	0.0000094159	0.4103646190	0.1088814725	0.3651104856	0.1156340071
0	0.0046172125	0.0135123865	0.3003871806	0.6676899790	0.0137932414
1	0.0234503373	0.1502272585	0.0540532960	0.0018258282	0.7704432800
0	0.0447387447	0.0188973544	0.7304272230	0.2059306500	0.0000060279
1	0.1452321141	0.3909386485	0.0178910733	0.0126017832	0.4333363810
0	0.9493572143	0.0151619173	0.0290286450	0.0011280681	0.0053241554
0	0.2520191157	0.4743390172	0.2113644004	0.0012322221	0.0610452445
2	0.7720459256	0.0254073207	0.0129121006	0.0205842016	0.1690504514
0	0.0745002744	0.0008143416	0.0185951532	0.1332596898	0.7728305411
1	0.4497046515	0.0023237128	0.1053834913	0.2471516550	0.1954364895
0	0.1042262266	0.0293129537	0.4606715835	0.1125397513	0.2932494850
0	0.0012115337	0.5106135266	0.3065410337	0.1700964970	0.0115374089
0	0.6412755915	0.0448504276	0.0388911883	0.1972240252	0.0777587674
0	0.0000000002	0.1741872258	0.0606792576	0.4093201842	0.3558133321
0	0.0047553828	0.9530424361	0.0221858025	0.0007698986	0.0192464800
0	0.0648848178	0.0335692920	0.0368133993	0.3349662942	0.5297661967
0	0.4719463154	0.1997314201	0.1253172386	0.0307575998	0.1722474261
0	0.1694115134	0.0227644219	0.0496237868	0.0536100344	0.7045902435
0	0.0567168108	0.0474926753	0.0675881056	0.4483957528	0.3798066556
1	0.4690202210	0.1927639211	0.1338250846	0.0649747379	0.1394160354
1	0.6919240404	0.0000000000	0.0000164902	0.0272840062	0.2807754631
0	0.0135510567	0.7037670323	0.0000001185	0.0035979191	0.2790838734
0	0.0389528840	0.2045523189	0.0747611606	0.2037633467	0.4779702898
0	0.0013938040	0.0029163868	0.0289589514	0.1444837945	0.8222470632
0	0.0385296221	0.5619420729	0.3747092574	0.0126616488	0.0121573987
0	0.0150134304	0.9090230188	0.0121774163	0.0003909747	0.0633951599
0	0.0370154469	0.1310785174	0.2241225831	0.0300793512	0.5777041014
0	0.0806982728	0.5025542724	0.0000000769	0.0514903603	0.3652570176
0	0.7651883520	0.0252750073	0.0026298579	0.0058651701	0.2010416127
0	0.0161584657	0.0031882113	0.0022654282	0.9783818701	0.0000060247
0	0.0891777968	0.0664333440	0.4290859838	0.2987226614	0.1165802140
0	0.4210090891	0.0000000014	0.2446049786	0.2823252467	0.0520606841
1	0.0001143451	0.0019281961	0.0000000000	0.9616231856	0.0363342732
1	0.0000509107	0.2556434650	0.1523721658	0.0783808903	0.5135525682
0	0.0929907269	0.0191707575	0.0001384327	0.8633019138	0.0243981690
0	0.2236063035	0.0011320724	0.1179748376	0.1253547616	0.5319320248
0	0.0892826599	0.6181617834	0.2484022964	0.0441187658	0.0000344946
0	0.2118672085	0.7223495456	0.0000000138	0.0464262431	0.0193569890
0	0.0388769395	0.3971219088	0.0079088279	0.2201458648	0.3359464589
0	0.0743887811	0.1072077521	0.0120666148	0.4666957387	0.3396411132
0	0.2678798810	0.0013978307	0.1121754407	0.5388769787	0.0796698689
0	0.0964390274	0.8810907097	0.0000076734	0.0000289745	0.0224336149
1	0.0227937329	0.1582847702	0.0192951715	0.7770772320	0.0225490933
0	0.2966792213	0.0000475221	0.0110680539	0.6063224011	0.0858828015
0	0.0062337616	0.0007316950	0.0337144306	0.9091323612	0.0501877516
0	0.0119851759	0.1113245870	0.4596297097	0.1477061804	0.2693543470
0	0.0313095454	0.0484341078	0.5065961816	0.3577105083	0.0559496570
0	0.0000000063	0.0903473316	0.0301464497	0.2861828026	0.5933234098
0	0.0110714740	0.3197950095	0.3378997556	0.0000024986	0.3312312623
0	0.0315669651	0.9308855281	0.0375337400	0.0000136682	0.0000000986
0	0.0722486244	0.2997833131	0.0009969966	0.4900509417	0.1369201242
0	0.0007959695	0.3546758874	0.0050976011	0.1581052165	0.4813253255
0	0.0023547509	0.0174063789	0.0983182615	0.8819019241	0.0000186846
0	0.0000010562	0.6574358795	0.0285496025	0.0239614403	0.2900520215
0	0.0118841571	0.4061330281	0.1685106049	0.4134722098	0.0000000001
0	0.1483809079	0.1885349069	0.0000000066	0.5102018853	0.1528822934
0	0.0176016610	0.4430975790	0.4784843793	0.0563113717	0.0045050090
0	0.1415074554	0.0988761349	0.0128880661	0.7467283147	0.0000000289
0	0.2775381588	0.0016971157	0.5329203316	0.0002560877	0.1875883061
0	0.1572014734	0.0017537743	0.0508129351	0.7281575366	0.0620742806
0	0.0000000000	0.2350728898	0.0006694265	0.2765844797	0.4876732040
0	0.1292105743	0.2542605011	0.4445177355	0.0001375938	0.1718735953
0	0.4886338818	0.0285451344	0.4172638537	0.0000010471	0.0655560830
0	0.0138407389	0.0314932990	0.0134695913	0.6750170714	0.2661792994
0	0.0137722417	0.9218656505	0.0295295876	0.0234072176	0.0114253026
0	0.2090777218	0.0092886122	0.6099955525	0.0790636516	0.0925744618
0	0.4473400717	0.1546347274	0.0094815368	0.3804009522	0.0081427120
