1	0.3022902075	0.2075649587	0.0000066482	0.1005298223	0.3896083633
0	0.3223621932	0.0394670171	0.0422253713	0.2274253037	0.3685201146
0	0.0550020146	0.1784330377	0.0285593345	0.7154195090	0.0225861042
0	0.0699256325	0.5606658332	0.0623167996	0.3070015297	0.0000902050
0	0.5538411992	0.1829594033	0.0219448904	0.2412545070	0.0000000000
0	0.4131281896	0.0079234726	0.0369709943	0.3605336681	0.1814436755
0	0.0652565653	0.5312304347	0.2578515147	0.1455136376	0.0001478477
0	0.0000063867	0.0007562685	0.0106938665	0.9856439484	0.0028995298
0	0.1279305091	0.1002836643	0.0173533502	0.5946568782	0.1597755983
0	0.4882919386	0.1758103872	0.1498106726	0.0652856489	0.1208013527
0	0.0003704985	0.0142434808	0.0000809995	0.0092613881	0.9760436331
0	0.0199602775	0.0187719628	0.0136209696	0.2328999963	0.7147467938
1	0.0013027389	0.2846960464	0.0272266321	0.6767319995	0.0100425831
0	0.0468836581	0.0624878373	0.0000144287	0.8906140759	0.0000000000
0	0.0045631582	0.2355318018	0.4359509590	0.3228879511	0.0010661299
1	0.0003179864	0.0645676837	0.0000072872	0.0011831239	0.9339239189
1	0.1817753288	0.0201163026	0.0002345498	0.0174025301	0.7804712887
0	0.2024666983	0.4067569057	0.0019289817	0.1811747736	0.2076726406
0	0.4847509745	0.0126850473	0.0282860095	0.3586534290	0.1156245398
0	0.5189782862	0.3173664749	0.0250265040	0.0987120199	0.0399167151
0	0.0130446205	0.3981611868	0.0000715461	0.1225656227	0.4661570239
0	0.0341823450	0.5666658718	0.1629500132	0.0130337055	0.2231680644
0	0.0003039060	0.8769992376	0.0161003472	0.0828718896	0.0237246196
0	0.0003568794	0.5046383723	0.1726645020	0.3222577996	0.0000824467
1	0.5173501310	0.1399646892	0.0101251266	0.2470023652	0.0855576881
0	0.0152080921	0.1351480227	0.1114370091	0.3726856165	0.3655212596
0	0.0445482986	0.0494063378	0.0071734477	0.0005674901	0.8983044258
0	0.4884885317	0.1464196782	0.0781829047	0.1384903432	0.1484185422
0	0.0468597361	0.1153564584	0.1123658305	0.5742404043	0.1511775707
1	0.0884930990	0.0191166949	0.0645017568	0.2765931506	0.5512952987
0	0.0000711523	0.9935680419	0.0018788576	0.0000000008	0.0044819475
0	0.4473434763	0.0006432744	0.5037671755	0.0230682228	0.0251778509
0	0.1209956299	0.1014219633	0.0000981187	0.0441403210	0.7333439671
0	0.0378794046	0.0961098031	0.0818694237	0.5058808184	0.2782605502
1	0.3563737289	0.0460971586	0.2753677585	0.3134952504	0.0086661035
0	0.0191599964	0.0000000001	0.0401972199	0.6132953465	0.3273474370
0	0.1783987146	0.0954043847	0.0000000000	0.6213458859	0.1048510147
0	0.0422294781	0.1855374072	0.0559241777	0.5593388479	0.1569700890
0	0.0269237753	0.0058022703	0.0054464626	0.9577040019	0.0041234898
0	0.5728331630	0.0562873022	0.0116199956	0.2719829962	0.0872765431
0	0.2496036951	0.4421798957	0.0053656441	0.0866001520	0.2162506132
0	0.3746397109	0.3823790158	0.0584629938	0.0747777969	0.1097404826
0	0.7931661966	0.0000000000	0.0041543965	0.0045263184	0.1981530885
0	0.2777936267	0.0699082457	0.0144157851	0.3476956696	0.2901866729
1	0.0000859997	0.2017409391	0.0457126908	0.6915616631	0.0608987072
0	0.0150484755	0.1482960201	0.0408069110	0.7877939841	0.0080546094
0	0.0213408017	0.0000294126	0.7003345901	0.2452298515	0.0330653441
0	0.0027924363	0.0000000406	0.0036059787	0.9847459284	0.0088556160
0	0.0006337293	0.0049574200	0.0014504862	0.8410258271	0.1519325374
0	0.1294149414	0.1545586005	0.0043428176	0.0250198190	0.6866638216
1	0.0921583768	0.0000299323	0.0034537611	0.6391956669	0.2651622629
0	0.0564555803	0.3344857711	0.4322742113	0.0343087880	0.1424756493
1	0.0000000981	0.0000008765	0.0000288549	0.8185694600	0.1814007105
1	0.1642856888	0.2717836837	0.0181610576	0.3824387573	0.1633308126
1	0.0086822948	0.5614543548	0.0927194276	0.1469692555	0.1901746674
0	0.0669220944	0.4313775168	0.2709167469	0.0437742015	0.1870094404
0	0.2174919643	0.1001006329	0.2792301148	0.2613751029	0.1418021851
0	0.0000018005	0.0461695292	0.1797224783	0.0000022291	0.7741039628
0	0.7233941972	0.0376182973	0.0000000000	0.0814622150	0.1575252905
0	0.4290417008	0.0034221770	0.4321691270	0.1292619741	0.0061050211
0	0.2442393216	0.0538711148	0.0107918010	0.2260682623	0.4650295003
0	0.0000000000	0.3730121125	0.2112595067	0.3190846618	0.0966437190
0	0.0889208925	0.4109408720	0.1348551808	0.3215922629	0.0436907918
2	0.0893460599	0.0026061897	0.0381707481	0.4746224291	0.3952545732
1	0.0219083877	0.6510244652	0.0000000003	0.3195397642	0.0075273826
0	0.0106731175	0.0407201441	0.2589967202	0.2751580971	0.4144519211
0	0.1675971230	0.0129682958	0.6394740741	0.0000033130	0.1799571942
0	0.0072568340	0.0002938944	0.0975107678	0.3844175360	0.5105209677
0	0.6050681481	0.0339280745	0.0674754724	0.2640071671	0.0295211379
0	0.0087453083	0.7573610408	0.0442944458	0.1895287015	0.0000705036
0	0.0875686477	0.0000044410	0.2175750330	0.2907446049	0.4041072735
0	0.0007068369	0.0040100166	0.2760800782	0.2911110358	0.4280920325
1	0.0544320917	0.8972376127	0.0213066942	0.0000964717	0.0269271297
0	0.8549430732	0.1122027840	0.0240775303	0.0076896089	0.0010870036
0	0.0046964759	0.2123118654	0.0025969641	0.7138048730	0.0665898215
0	0.0158357063	0.3625609904	0.1964427554	0.4201354053	0.0050251427
0	0.2395900648	0.0618509032	0.0044874162	0.6466644894	0.0474071264
0	0.0408917394	0.3135726747	0.3831917250	0.0056570144	0.2566868465
1	0.0624969034	0.4954629812	0.0024910353	0.2100605906	0.2294884896
0	0.0002084726	0.2793047639	0.0937719950	0.0432224908	0.5834922776
0	0.3566044705	0.3927140737	0.0097909975	0.1316577820	0.1092326764
0	0.3199112726	0.0478988472	0.2063806000	0.4187381107	0.0070711696
0	0.1407261158	0.7589010120	0.0035923634	0.0941658868	0.0026146220
1	0.0000561753	0.0464165760	0.2530568913	0.6397848605	0.0606854969
1	0.1591708776	0.6976555815	0.0000011084	0.1230163761	0.0201560564
0	0.4872771826	0.0004364453	0.3521400569	0.0066393263	0.1535069888
0	0.0000000000	0.0709359133	0.3905057343	0.0226216408	0.5159367115
1	0.2640093943	0.0183240146	0.2446817997	0.3618318159	0.1111529756
1	0.0234700121	0.2756166454	0.3752846446	0.2536983226	0.0719303753
0	0.0152261702	0.0811108286	0.0395217211	0.7124351246	0.1517061555
0	0.0001499149	0.0352346579	0.0291491079	0.9354658424	0.0000004770
0	0.0902047480	0.1084193347	0.0654295708	0.6164402406	0.1195061059
0	0.0000013710	0.8122345365	0.0862222577	0.1015396904	0.0000021444
0	0.0642334372	0.1133749843	0.0010906435	0.7357047800	0.0855961550
0	0.4672864978	0.2282497657	0.2876633226	0.0113181687	0.0054822452
0	0.1410450793	0.0256625768	0.1948981658	0.0323095556	0.6060846225
0	0.1069256633	0.0078306453	0.0126750240	0.7997752707	0.0727933967
0	0.2634484695	0.0637353030	0.0577844371	0.0485625141	0.5664692763
0	0.0503212408	0.2771632449	0.0003349433	0.6670963065	0.0050842645
0	0.0070789920	0.0893506209	0.0000000009	0.3339826673	0.5695877190
