1	0.3285995263	0.0007569006	0.6135817457	0.0175902193	0.0394716081
0	0.8565146010	0.0971592203	0.0021458056	0.0247165104	0.0194638628
0	0.3467148183	0.1298531165	0.0437652122	0.4796668499	0.0000000032
0	0.0240743542	0.7280332800	0.0000390112	0.0869615042	0.1608918503
0	0.5323585593	0.0063331502	0.1393851139	0.0000000000	0.3219231766
0	0.0022988144	0.0102320667	0.0001479317	0.0463332083	0.9409879789
1	0.0017741554	0.0249152313	0.0374411993	0.7390648674	0.1968045465
0	0.1822454755	0.0019047673	0.0289158442	0.1596681462	0.6272657667
1	0.0796782167	0.1604216327	0.2833406468	0.4765253778	0.0000341260
0	0.3132986490	0.1912776496	0.0422013112	0.2189539273	0.2342684629
0	0.0968745003	0.8230897885	0.0325005580	0.0475341215	0.0000010317
0	0.0503342020	0.8815332746	0.0210425265	0.0272596779	0.0198303190
0	0.0029843158	0.0440741663	0.0360349867	0.5019826426	0.4149238887
0	0.0095354629	0.0000000169	0.1560541714	0.6428441951	0.1915661537
0	0.0646987051	0.1548632912	0.1156498718	0.3853061657	0.2794819662
0	0.6980174685	0.0315694891	0.0069244675	0.1536387677	0.1098498072
0	0.2205278770	0.2771296949	0.0480308251	0.3240195080	0.1302920950
1	0.0470156535	0.2252530901	0.0803370627	0.1661042947	0.4812898990
0	0.0018694253	0.5694923026	0.1238095169	0.2964429672	0.0083857880
1	0.6193042960	0.0122025097	0.0116603843	0.1340411633	0.2227916467
0	0.0340924682	0.0000450366	0.2403448201	0.6344111248	0.0911065504
0	0.0000000000	0.2939516974	0.2119198494	0.2523632603	0.2417651929
0	0.1155075457	0.7351997752	0.0000026549	0.0793578366	0.0699321875
0	0.1993063839	0.6011374137	0.0316507906	0.1117401382	0.0561652736
0	0.2658931217	0.0007218536	0.0072012303	0.6540334848	0.0721503096
0	0.2898821161	0.0000000118	0.0194290507	0.2693843124	0.4213045089
0	0.9069758915	0.0353698466	0.0057610583	0.0351239421	0.0167692615
0	0.1304718000	0.2646455074	0.0000000000	0.5925748162	0.0123078765
0	0.0829883429	0.1795479989	0.6258681008	0.0300318156	0.0815637417
1	0.0000195605	0.0440349238	0.0000055130	0.0065458525	0.9493941503
0	0.0993960522	0.5648246510	0.0185030988	0.0046267345	0.3126494636
0	0.2502646024	0.0411485847	0.0037748551	0.1552395433	0.5495724145
0	0.0071198841	0.0131893241	0.0000000000	0.8088141868	0.1708766050
0	0.1002281565	0.0014394369	0.0132227747	0.3600397659	0.5250698660
0	0.0000000000	0.0029780065	0.0016838738	0.9017464581	0.0935916617
1	0.0588412587	0.5685332868	0.0401834240	0.0038921455	0.3285498850
0	0.1868618916	0.0029551018	0.0397419021	0.0002856733	0.7701554312
0	0.0007716213	0.0507072813	0.0030151329	0.0027212763	0.9427846882
0	0.5032517099	0.0030941255	0.1176489934	0.2856673169	0.0903378542
0	0.0004725073	0.7570810757	0.2028625472	0.0000713007	0.0395125691
0	0.0221320057	0.1387680770	0.5173401850	0.3192142218	0.0025455106
1	0.5578820795	0.0597315908	0.0051298798	0.3772406054	0.0000158445
0	0.0010719405	0.0526090513	0.0028740028	0.9427753805	0.0006696249
1	0.0019485544	0.0341108480	0.0000000058	0.0526342719	0.9113063198
1	0.1768384542	0.0312899583	0.0995914166	0.4482641636	0.2440160072
0	0.1743335686	0.0872910747	0.1647275128	0.0847775486	0.4888702953
0	0.0060579753	0.0634094850	0.0000085851	0.5676217624	0.3629021922
0	0.0748656161	0.2858694125	0.0410553594	0.5981726949	0.0000369171
0	0.0001608155	0.8593315263	0.0571957627	0.0794271571	0.0038847385
0	0.1642861275	0.7089768787	0.0387166464	0.0682398630	0.0197804843
0	0.2272154361	0.0365234454	0.1737070674	0.5439863289	0.0185677222
0	0.0162073289	0.5469334066	0.0000000000	0.1408049116	0.2960543529
0	0.2029953141	0.0178784346	0.1252672657	0.6538589856	0.0000000000
0	0.0126361544	0.0822241550	0.0146742136	0.5228722267	0.3675932503
0	0.3209679608	0.5557451736	0.0075413993	0.0545391610	0.0612063053
0	0.7288449392	0.0823815576	0.0044048059	0.0268604124	0.1575082849
0	0.8334315480	0.0581247377	0.0166550217	0.0330600926	0.0587286000
1	0.0033534698	0.0107939386	0.3696208484	0.5481796065	0.0680521368
0	0.0880474825	0.0005107420	0.0092024024	0.3651590078	0.5370803653
0	0.0138696759	0.0417576219	0.5072684343	0.4185201426	0.0185841253
0	0.1558552174	0.1903748299	0.0000000000	0.6537282825	0.0000416702
0	0.0019427935	0.2945535759	0.1905913471	0.1013247192	0.4115875643
0	0.1217810936	0.0413907760	0.0141246992	0.0047602358	0.8179431954
1	0.5110087906	0.1922024210	0.0857522700	0.1081871737	0.1028493447
0	0.8254806261	0.0098040378	0.0518429774	0.1128710733	0.0000012854
0	0.2235739136	0.6025585244	0.0000001975	0.1032219819	0.0706453826
1	0.0181345487	0.0507148753	0.1111538211	0.7621261669	0.0578705880
0	0.1604285608	0.0301911536	0.6334164484	0.0483031334	0.1276607038
0	0.0111095507	0.0200178654	0.9026416422	0.0632696757	0.0029612660
0	0.0139265725	0.0891817828	0.1880737367	0.5673798167	0.1414380912
1	0.7956195681	0.0000171550	0.0581266918	0.0833162339	0.0629203511
1	0.4985158723	0.0807634060	0.0344514228	0.3862690521	0.0000002468
0	0.0003389818	0.5014971949	0.0000033603	0.2703580249	0.2278024381
0	0.3516402057	0.5836990447	0.0067034125	0.0275644582	0.0303928789
0	0.5152612495	0.0839523705	0.0672213553	0.3335650246	0.0000000000
1	0.0045024282	0.0000002338	0.0000028859	0.0140345619	0.9814598902
0	0.0730141187	0.0050516650	0.0000000060	0.1118393259	0.8100948843
1	0.4618621470	0.0910539592	0.0000001070	0.0050950050	0.4419887819
0	0.2481695897	0.2598919232	0.2882186264	0.1884404449	0.0152794158
0	0.1333207667	0.0013416725	0.1005234417	0.5471161200	0.2176979991
2	0.0000988678	0.0422753608	0.0137838740	0.8617239838	0.0821179137
1	0.0330541471	0.0100539134	0.0073535584	0.0146477331	0.9348906479
0	0.0373140610	0.3131839038	0.0434159513	0.5917024666	0.0143836173
0	0.0696231813	0.3616860130	0.1452350048	0.4003717816	0.0230840193
0	0.0248280254	0.8805038355	0.0000000004	0.0926182984	0.0020498403
0	0.2424035954	0.7319316796	0.0122508890	0.0110731367	0.0023406994
1	0.1702336982	0.1421175789	0.4458703745	0.1850488320	0.0567295163
1	0.0629251364	0.4572202918	0.0116459910	0.4347930018	0.0334155791
0	0.0201622286	0.1043463256	0.4780303732	0.3654003699	0.0320607027
1	0.0350886846	0.5455788056	0.1026711698	0.1723457184	0.1443156216
0	0.3912542730	0.1016070201	0.0013409540	0.2142722923	0.2915254606
1	0.0810922706	0.2297703677	0.1594117210	0.1248249515	0.4049006893
0	0.0583105490	0.4413693346	0.0000009740	0.0041284792	0.4961906633
0	0.0702996289	0.8761943951	0.0002013313	0.0262478201	0.0270568245
0	0.0137237794	0.0298672058	0.0862176905	0.0010067445	0.8691845798
0	0.0000884597	0.3310926863	0.2795221171	0.0909702276	0.2983265094
0	0.5668405194	0.1175544780	0.1324701946	0.0896884996	0.0934463083
0	0.3987934314	0.3012802721	0.0118484529	0.1944862462	0.0935915974
1	0.0027782954	0.1663909088	0.0000000059	0.4755541138	0.3552766762
0	0.0270063342	0.5684005134	0.0140658402	0.2825569351	0.1079703771
