0	0.0102563473	0.2973027730	0.3142098832	0.0215889862	0.3566420103
0	0.5540860007	0.4370557041	0.0044770166	0.0000422105	0.0043390680
0	0.4392720026	0.2211211719	0.0494862398	0.1843946260	0.1057259598
0	0.0013119558	0.1158441939	0.0043503537	0.3242067710	0.5542867254
0	0.0000006490	0.1582839758	0.0012665043	0.4144500327	0.4259988382
0	0.0327267041	0.6787550247	0.2190682648	0.0635831728	0.0058668336
0	0.1373417990	0.0217843505	0.2167037342	0.0000000000	0.6241701164
1	0.2617121002	0.0001646688	0.0000000000	0.6759722515	0.0621509794
0	0.0247067180	0.1745685401	0.0140446967	0.7798122185	0.0068678267
0	0.1621321693	0.2590861734	0.0067874631	0.3153202301	0.2566739641
0	0.0004416578	0.0575167157	0.2846774158	0.0284900400	0.6288741708
0	0.2780665949	0.6370657571	0.0795243921	0.0000405711	0.0053026847
0	0.0562071809	0.5359076418	0.0000005130	0.0824000632	0.3254846011
0	0.3196007453	0.0376751788	0.0743155098	0.5678474855	0.0005610806
0	0.0047736642	0.9065060301	0.0544127879	0.0004720888	0.0338354290
0	0.0585910223	0.8250914759	0.0517461745	0.0553654047	0.0092059226
1	0.4583955479	0.0322090628	0.0021983840	0.0142157473	0.4929812580
0	0.0023515737	0.2767258072	0.0584383650	0.2781594172	0.3843248369
1	0.0474053811	0.6788051739	0.0755923606	0.0222567311	0.1759403533
1	0.0105844595	0.0004555307	0.0626530000	0.0141904527	0.9121165570
0	0.0791172855	0.2133890636	0.1971300817	0.2334710079	0.2768925614
0	0.1857531292	0.2061186476	0.4475093204	0.0199233612	0.1406955415
0	0.0242961351	0.0105244428	0.0772065022	0.5180796754	0.3698932445
0	0.1671470788	0.7481823327	0.0248134582	0.0000175099	0.0598396204
0	0.0010392799	0.0649539118	0.0118531322	0.8492170240	0.0729366522
1	0.0001655462	0.0059337026	0.2908215305	0.2839052450	0.4191739757
0	0.0832187609	0.5028105801	0.1608651163	0.0900458402	0.1630597025
0	0.0001167168	0.0927821684	0.0068669480	0.8939003226	0.0063338441
0	0.0812282895	0.0029370468	0.0000425590	0.9078102803	0.0079818244
0	0.7125422524	0.0025173588	0.0960840326	0.0925831701	0.0962731861
1	0.0036888060	0.0531406181	0.6681714918	0.2493491101	0.0256499740
0	0.3974031976	0.2972381182	0.0360029278	0.0000000000	0.2693557564
1	0.0005844121	0.0105919653	0.5742993548	0.1469913170	0.2675329508
0	0.2317872814	0.0000000101	0.7678011618	0.0000790414	0.0003325053
1	0.0464232576	0.2509809051	0.6448078269	0.0000000000	0.0577880104
0	0.3266776567	0.4403119961	0.0000000003	0.0631102780	0.1699000689
1	0.1873079801	0.1900251491	0.2842071521	0.0017316355	0.3367280831
0	0.6535487473	0.1626713637	0.0405683964	0.0315538119	0.1116576807
0	0.0044831596	0.2452369165	0.0001636942	0.4418269872	0.3082892426
0	0.1514069179	0.2491281118	0.3732559515	0.0743382869	0.1518707319
0	0.2505903924	0.1159368504	0.0104134332	0.6230362369	0.0000230872
0	0.2888438925	0.3312999037	0.2646296823	0.1068172804	0.0084092410
0	0.0031019860	0.1623027325	0.2718173867	0.5473401229	0.0154377719
0	0.5046760418	0.0245303561	0.0009403630	0.1137328854	0.3561203537
0	0.0224897286	0.1383089779	0.0174221262	0.5375132772	0.2842658901
1	0.0392493553	0.0439114952	0.0000000062	0.0000004078	0.9168387356
0	0.3578933867	0.0898764478	0.0088281298	0.1166471216	0.4267549141
0	0.1876713274	0.0032562329	0.0003608327	0.3142609410	0.4944506661
0	0.0628635625	0.1622918226	0.5099187715	0.1172306081	0.1476952354
0	0.0538604833	0.0162997020	0.0606313062	0.0009662767	0.8682422319
1	0.0000997468	0.0817536066	0.0431396313	0.7835724825	0.0914345328
0	0.1027923479	0.0187085299	0.0000000010	0.3195889303	0.5589101908
0	0.1373234968	0.0420461274	0.2644461622	0.5561540973	0.0000301164
0	0.0609024123	0.0440633093	0.4230933045	0.4717028749	0.0002380989
2	0.0000002490	0.8134600900	0.0024066070	0.1608746427	0.0232584114
0	0.0044483811	0.9164083373	0.0005250321	0.0293901281	0.0492281215
0	0.0830320991	0.6866350051	0.0000000009	0.1657295974	0.0646032974
0	0.1014553653	0.2020335450	0.0360899372	0.4947952184	0.1656259340
0	0.2059855580	0.2093167235	0.1598887424	0.4245436140	0.0002653621
0	0.0201730826	0.3782875685	0.0210104980	0.1998288992	0.3806999517
0	0.1098892571	0.5780258139	0.0076087183	0.0197063494	0.2847698612
1	0.7665067012	0.0054073962	0.0993778136	0.1080391374	0.0206689516
0	0.0624662711	0.0000807764	0.8971367327	0.0294453717	0.0108708480
0	0.2949120111	0.6211984234	0.0129872113	0.0607117780	0.0101905762
0	0.0444544292	0.0061321676	0.0000744272	0.5239971170	0.4253418589
0	0.5166681020	0.1263896058	0.0369007572	0.2067782625	0.1132632725
0	0.1393055731	0.6168623890	0.1799114158	0.0000055996	0.0639150224
0	0.0046557232	0.0043162461	0.3928669224	0.5885237040	0.0096374043
0	0.0002227902	0.2924935227	0.0495341786	0.3372650188	0.3204844897
0	0.1120672957	0.0004626478	0.0014072037	0.4049105845	0.4811522683
0	0.0279025198	0.0391386035	0.0220094674	0.0003359852	0.9106134240
0	0.3741274088	0.0338725758	0.1799304536	0.2338936123	0.1781759495
0	0.0458010286	0.2858198134	0.0014680342	0.4548018840	0.2121092399
0	0.0002903212	0.0002381178	0.0044263407	0.7721601925	0.2228850278
0	0.0077727932	0.5152262230	0.4506101243	0.0263908595	0.0000000000
0	0.0061762732	0.0047295080	0.4707667514	0.0344800956	0.4838473718
0	0.0550720933	0.0006355071	0.5416129762	0.4026649732	0.0000144502
1	0.2456275172	0.0000133338	0.0090366688	0.0101119810	0.7352104993
1	0.0265028706	0.0113929685	0.0036344336	0.9096073487	0.0488623786
1	0.0308151949	0.4367801138	0.1294013429	0.3126350220	0.0903683264
0	0.4418725468	0.3094586507	0.1874823135	0.0000049927	0.0611814963
0	0.0123767378	0.0466868499	0.0003914694	0.6969126819	0.2436322609
0	0.8407483571	0.0491217449	0.0833424456	0.0041648154	0.0226226370
0	0.1897174329	0.2892000359	0.0681263460	0.3573446363	0.0956115490
0	0.0288631581	0.3981240116	0.0007719429	0.5690517065	0.0031891809
1	0.5859816831	0.2910881372	0.0729219332	0.0243850744	0.0256231721
0	0.0238864598	0.7108186865	0.0001770886	0.0985976143	0.1665201508
0	0.1857515913	0.0757760305	0.0000000370	0.0134525026	0.7250198386
0	0.2074157037	0.0490776940	0.0673028043	0.6599778560	0.0162259420
1	0.0507549824	0.2377730817	0.2737785136	0.1855031876	0.2521902348
0	0.6001387456	0.0000001106	0.0435374565	0.3423432296	0.0139804576
1	0.0012842807	0.0554894227	0.1181056307	0.6828221074	0.1422985585
0	0.6238466856	0.0380524752	0.0069860680	0.0191119580	0.3120028132
0	0.2381742054	0.2375181569	0.0159881066	0.0115260170	0.4967935141
0	0.1810074927	0.0153428275	0.3114512715	0.3112621956	0.1809362127
1	0.8449021739	0.0308734477	0.0001762177	0.1052635520	0.0187846087
1	0.0193531780	0.3842395650	0.2316055081	0.1273356364	0.2374661125
0	0.0013803779	0.0000000000	0.9145671719	0.0840524502	0.0000000000
1	0.0000000104	0.2235837696	0.2609397904	0.0132032670	0.5022731626
0	0.0000112639	0.0683419298	0.0181205559	0.2779618922	0.6355643581
