0	0.2518561191	0.0635373246	0.0000336580	0.0374331751	0.6471397232
0	0.1937788112	0.2284029952	0.1849681963	0.2420426814	0.1508073159
0	0.1471990601	0.2217277904	0.2615658348	0.0042024414	0.3653048733
0	0.0754651089	0.1377190331	0.0000125304	0.1663857559	0.6204175717
0	0.2738271738	0.0099121640	0.0218940157	0.5469558284	0.1474108181
0	0.3569727958	0.0000019109	0.2673378684	0.0465711469	0.3291162780
1	0.0013934098	0.0148969715	0.4244369825	0.5411383952	0.0181342410
1	0.0067985196	0.6702687783	0.1136590344	0.2092692293	0.0000044384
0	0.8635981369	0.0042018016	0.0483831670	0.0445288663	0.0392880281
0	0.0000844889	0.0022175652	0.3002638022	0.4270108955	0.2704232482
0	0.0360355301	0.0022483839	0.0369571427	0.0414324776	0.8833264657
0	0.2450561592	0.0252785183	0.0666457599	0.0165920511	0.6464275115
0	0.2408051462	0.1956012625	0.5328780066	0.0000292895	0.0306862952
0	0.0284973222	0.0055830579	0.8791651180	0.0383097025	0.0484447994
0	0.2789720646	0.0007305616	0.4570289118	0.1959679519	0.0673005101
0	0.1319198854	0.0225976258	0.4856646952	0.3574613374	0.0023564563
0	0.1131286423	0.3339661076	0.3647455092	0.1137813369	0.0743784040
0	0.0995145694	0.0005028293	0.0407244802	0.2211493395	0.6381087816
1	0.0000344552	0.4253094090	0.1855154415	0.1660082382	0.2231324561
0	0.2399671982	0.0014717212	0.0000000210	0.6618565656	0.0967044939
0	0.4649869579	0.0227759293	0.0004997970	0.4959707374	0.0157665785
0	0.2819290708	0.0266603559	0.0000096435	0.4874964943	0.2039044354
0	0.0012790588	0.1310708633	0.2430254296	0.3530165435	0.2716081048
0	0.0422644351	0.0358309788	0.0000046399	0.0193780740	0.9025218722
0	0.0358548144	0.4174349345	0.0000161125	0.1199249446	0.4267691939
1	0.2032762577	0.0526281083	0.0033097033	0.0154009055	0.7253850252
1	0.0023785486	0.0040174087	0.0008418495	0.9614044850	0.0313577083
0	0.4525763745	0.1024890304	0.0300567902	0.0003541481	0.4145236569
0	0.0291644711	0.1167915789	0.6443526433	0.0702098404	0.1394814662
1	0.0002347597	0.2964011638	0.2615485230	0.0294623232	0.4123532303
0	0.0026945616	0.1307266299	0.1118900734	0.6263918420	0.1282968931
0	0.3503433309	0.4276569165	0.2216573314	0.0003422832	0.0000001380
0	0.7275901132	0.0784133108	0.0433062083	0.0766350489	0.0740553189
1	0.0350261159	0.1258949896	0.3370863326	0.3893671446	0.1126254174
0	0.9003130419	0.0577992656	0.0354910420	0.0042768763	0.0021197742
0	0.0013671927	0.0353387380	0.1080974825	0.0584128393	0.7967837475
0	0.0164354631	0.9228005686	0.0124967729	0.0425283745	0.0057388209
0	0.4250070772	0.2560396248	0.0875287183	0.0000000023	0.2314245774
0	0.4691843875	0.0427957234	0.1162017069	0.0584975924	0.3133205898
1	0.3647145477	0.0232001259	0.0000520626	0.1095661302	0.5024671335
0	0.0145534324	0.0086408099	0.0000836934	0.8675653399	0.1091567245
0	0.0050236823	0.0281457574	0.7195697788	0.1904971620	0.0567636196
0	0.1064967748	0.6907659051	0.0000002229	0.0054769665	0.1972601308
0	0.1090616425	0.0453840764	0.2420509558	0.2731957677	0.3303075576
0	0.0009373404	0.0153348155	0.1781817664	0.7825105116	0.0230355660
0	0.0769557982	0.4522434513	0.1044590630	0.3663396598	0.0000020277
0	0.0031107986	0.0727708180	0.4756111617	0.1171470705	0.3313601511
0	0.0670504017	0.0577321918	0.3337026574	0.1053036685	0.4362110806
0	0.1622725049	0.7245517638	0.1076486322	0.0015162236	0.0040108755
0	0.5018527490	0.0538086619	0.0210671765	0.0272657511	0.3960056615
2	0.0454112189	0.0000165603	0.8519403478	0.0193026905	0.0833291825
0	0.0595001850	0.3684711442	0.3098443417	0.2615905751	0.0005937540
0	0.0635114402	0.1009054484	0.1605266938	0.6148590223	0.0601973953
1	0.3302647278	0.2624419311	0.0593064969	0.3474680826	0.0005187616
0	0.2785064994	0.3689865407	0.0065077914	0.0000000002	0.3459991684
0	0.0208239081	0.0000000000	0.1443155022	0.0738652141	0.7609953757
0	0.0163561536	0.1357607697	0.0000000000	0.0000003398	0.8478827368
0	0.4834507861	0.0182808472	0.0708611322	0.4236862176	0.0037210170
0	0.0000000000	0.0443602215	0.7794126160	0.1111344324	0.0650927301
0	0.0015748225	0.1917242317	0.0249382656	0.4979703506	0.2837923295
0	0.1737276681	0.1168170136	0.0000000000	0.6949358401	0.0145194782
1	0.0022326007	0.5000290978	0.0000006672	0.4735445326	0.0241931018
0	0.0179455161	0.0072411233	0.0115164441	0.9631664297	0.0001304868
0	0.0293006951	0.0679306039	0.0110409358	0.5850082114	0.3067195538
0	0.1589006423	0.2928595188	0.1045605268	0.2148170448	0.2288622674
0	0.4981438561	0.1863948579	0.0128727709	0.1616534427	0.1409350724
1	0.0015809489	0.0019495104	0.0000035104	0.2653287313	0.7311372990
1	0.6162199307	0.0886311615	0.0000001123	0.2136113680	0.0815374275
1	0.3514493282	0.4531248384	0.0027345711	0.1309234905	0.0617677719
0	0.1074962372	0.0139319830	0.1114644585	0.0866115224	0.6804957989
0	0.1017499163	0.0331971238	0.3813104264	0.1096798327	0.3740627008
0	0.0000000000	0.7289248999	0.0485986814	0.0000038045	0.2224726142
0	0.0796050875	0.0297908325	0.0270477500	0.0060390116	0.8575173183
0	0.1618106529	0.0184491815	0.1192228515	0.0746236448	0.6258936695
0	0.0460266283	0.7432443352	0.0811533208	0.0679446105	0.0616311052
0	0.3113686079	0.6747693061	0.0114738427	0.0000019382	0.0023863051
0	0.0079844642	0.1948591532	0.0155438360	0.1125801022	0.6690324445
0	0.0093902555	0.1815522109	0.0308749487	0.6755672799	0.1026153050
0	0.0464371285	0.8586145806	0.0000000000	0.0109765956	0.0839716953
0	0.3179978062	0.3706770939	0.1510474420	0.0005568750	0.1597207829
0	0.0970528767	0.0027689501	0.0131124531	0.0777750513	0.8092906688
1	0.0004581020	0.4673973014	0.0003876370	0.5315572343	0.0001997254
0	0.1152172950	0.1916951020	0.5324960563	0.0095499307	0.1510416160
0	0.0452012150	0.0162835885	0.9317819191	0.0067212418	0.0000120356
0	0.4524639682	0.0298709877	0.0000000000	0.5173809468	0.0002840973
0	0.0001233748	0.1502762058	0.0001289994	0.8052168064	0.0442546136
0	0.0619974668	0.4514770393	0.0547283233	0.1045072616	0.3272899090
0	0.0146656930	0.5507156903	0.0032928226	0.3118187808	0.1195070133
0	0.1660733848	0.0000000622	0.0004547126	0.8076675917	0.0258042487
0	0.0707927982	0.0081230732	0.0800999181	0.0000000028	0.8409842077
0	0.0006366273	0.4459692270	0.0575855802	0.4904370195	0.0053715460
0	0.4229986109	0.1707570193	0.2853841367	0.0036376024	0.1172226307
0	0.6262272634	0.0115064819	0.0513842937	0.3108819605	0.0000000005
0	0.7110190397	0.0143657642	0.2509265308	0.0000243504	0.0236643149
1	0.0000000000	0.2434164091	0.0169517043	0.4252387085	0.3143931782
0	0.5640425497	0.1090316168	0.0495207929	0.0003659973	0.2770390433
0	0.0007726206	0.0276642280	0.7946701858	0.1757176094	0.0011753561
0	0.0090147171	0.6846087919	0.0563673079	0.2359357441	0.0140734390
0	0.3795386027	0.0454166850	0.1740841530	0.0219548639	0.3790056954
0	0.2357966223	0.0077919951	0.6444323865	0.0928961146	0.0190828815
