0	0.0866383991	0.8517022895	0.0224556431	0.0000015461	0.0392021222
0	0.6648333980	0.0362139407	0.0843508829	0.0166714489	0.1979303294
0	0.2863556206	0.1492979397	0.1743946792	0.2173598124	0.1725919482
0	0.6509387876	0.1140736115	0.0077147026	0.2272034353	0.0000694629
0	0.4323892942	0.4353377881	0.0549313972	0.0119116277	0.0654298928
0	0.0800624473	0.3635196528	0.1944462344	0.3569881971	0.0049834684
1	0.0141029728	0.2833120637	0.2523656008	0.2253483911	0.2248709717
0	0.0081682202	0.5996443656	0.0000000001	0.3459209464	0.0462664678
0	0.3875974185	0.1087365962	0.4724291211	0.0000005120	0.0312363521
0	0.0300012563	0.7312110989	0.0000000000	0.0567002578	0.1820873870
1	0.3089378294	0.3943611890	0.0000000000	0.1696732958	0.1270276859
0	0.2029400134	0.5494132118	0.0165197177	0.2112929595	0.0198340976
1	0.1600616927	0.0613172059	0.1738498633	0.0824569242	0.5223143139
0	0.0008569951	0.7955756527	0.0251764675	0.0211562098	0.1572346749
0	0.0000942812	0.1541176252	0.1293738499	0.5287703078	0.1876439359
0	0.0189238889	0.0000000000	0.0016535946	0.8594823921	0.1199401243
0	0.0220644438	0.4253435856	0.0045516801	0.0679880026	0.4800522879
0	0.0761156684	0.0767060709	0.0329211398	0.4462267910	0.3680303299
0	0.3231249054	0.0005125725	0.0000048419	0.6762130464	0.0001446337
0	0.6020812431	0.0018884782	0.0059544555	0.3770751878	0.0130006354
0	0.0927376996	0.1643035156	0.0003096091	0.7397461760	0.0029029997
0	0.2870841544	0.2392183690	0.2135619150	0.0800176513	0.1801179102
0	0.2775404622	0.0013350433	0.0110020853	0.2211050546	0.4890173547
0	0.0001257090	0.8693443607	0.0784014586	0.0266217908	0.0255066809
0	0.2099133437	0.2129478356	0.0355337181	0.4211162316	0.1204888710
0	0.0632740365	0.0806571470	0.1711808542	0.0151661985	0.6697217638
0	0.0007583784	0.6992318790	0.0097693599	0.2512312417	0.0390091410
0	0.0892788546	0.1239770757	0.4193387188	0.1641551905	0.2032501605
0	0.5341423206	0.2932237341	0.0400992206	0.0164431865	0.1160915381
0	0.0831922419	0.0241391833	0.0062711137	0.3494804238	0.5369170373
0	0.3178448172	0.4837126607	0.0269344631	0.1644864019	0.0070216571
0	0.0000002244	0.0587204136	0.6283058315	0.3096153434	0.0033581871
0	0.4321925068	0.0024269922	0.0232598954	0.4904060850	0.0517145205
0	0.5146966413	0.3230336979	0.0649590553	0.0945558142	0.0027547914
0	0.1973330355	0.3522543541	0.0323307702	0.2192291813	0.1988526589
0	0.0479888158	0.0955137098	0.0062886567	0.6857232196	0.1644855981
0	0.5604261804	0.1013893494	0.1428672869	0.1952914504	0.0000257330
0	0.0457396540	0.3600140093	0.4682549404	0.0453981922	0.0805932041
0	0.5167641352	0.3403479099	0.0422877499	0.0427010200	0.0578991850
0	0.2575443713	0.0054281977	0.3459206371	0.0755081317	0.3155986623
0	0.0000000000	0.5145053198	0.4590084829	0.0012453731	0.0252408242
0	0.1130690477	0.2719485786	0.0776851974	0.1409722881	0.3963248881
1	0.1141545939	0.0000000037	0.8642723929	0.0139994109	0.0075735987
0	0.0153695033	0.3707535694	0.0048626201	0.1591344879	0.4498798193
1	0.3471817514	0.1039743934	0.0025648987	0.5437214384	0.0025575180
0	0.0577263386	0.2882883890	0.0928970397	0.3007802873	0.2603079453
0	0.0046330499	0.7070134199	0.1353303641	0.0832586442	0.0697645219
0	0.5406522142	0.3122176550	0.0404144726	0.0406385857	0.0660770724
1	0.0165023694	0.1014310913	0.2653536295	0.4472275313	0.1694853784
0	0.0370107575	0.3377652211	0.4138347607	0.2090434305	0.0023458302
0	0.1162608501	0.0447335317	0.8388278337	0.0000886720	0.0000891125
1	0.0035622768	0.9842225308	0.0003624902	0.0091841355	0.0026685668
2	0.6468816698	0.0344372930	0.0000000000	0.2388108451	0.0798701921
0	0.2325566891	0.0082859841	0.4166983158	0.1246210068	0.2178380042
0	0.2657795687	0.4658646865	0.0000223626	0.1356092195	0.1327241626
1	0.5742240761	0.1150271038	0.0425097474	0.0546284606	0.2136106121
0	0.0618464610	0.1301594006	0.0339856685	0.1233815612	0.6506269087
1	0.4546807946	0.2043147525	0.0196218443	0.0125366293	0.3088459793
0	0.4917452625	0.0396291243	0.0170057494	0.2983119337	0.1533079301
0	0.3467948257	0.5676098008	0.0551226650	0.0096417030	0.0208310055
0	0.3545643663	0.0000055996	0.1221019634	0.5231051598	0.0002229108
0	0.2799078287	0.3456395604	0.0792556407	0.0000102390	0.2951867313
0	0.0006340173	0.0744139328	0.6683525615	0.2081198343	0.0484796541
1	0.4750663962	0.0267988006	0.4162223296	0.0818937143	0.0000187592
0	0.0787830422	0.1079784828	0.3549395424	0.0196073756	0.4386915571
1	0.3099438603	0.0824209741	0.2076143111	0.1946301992	0.2053906553
1	0.3348728253	0.0000000000	0.0008054739	0.6636011411	0.0007205597
0	0.7449097029	0.0325657153	0.0013958867	0.2146474629	0.0064812322
1	0.3343301675	0.0225934797	0.2211093465	0.4038891481	0.0180778582
0	0.0000027619	0.6864835150	0.2358232225	0.0776904912	0.0000000093
0	0.6290180764	0.0106260361	0.0698780330	0.1201015017	0.1703763529
0	0.1147863252	0.0155950687	0.0001162816	0.1292776117	0.7402247127
0	0.1624366456	0.1903505389	0.4551726275	0.1232024656	0.0688377224
0	0.0345434849	0.0720798504	0.0008671386	0.8660190728	0.0264904533
0	0.2199644648	0.2312653254	0.0003322528	0.4962020240	0.0522359329
0	0.0272780698	0.6676097102	0.1632330415	0.1417192453	0.0001599332
0	0.0000198025	0.0040615658	0.7223320501	0.2735528029	0.0000337788
0	0.2856460986	0.0558168622	0.4021727035	0.2563249635	0.0000393722
1	0.3519950159	0.0027607782	0.0001737827	0.2959122570	0.3491581663
0	0.9380730939	0.0259973418	0.0114501197	0.0010394632	0.0234399815
0	0.0085503246	0.2227017954	0.0000189993	0.5077063080	0.2610225727
0	0.1945201478	0.0663775963	0.6935227677	0.0069744814	0.0386050068
2	0.0444553648	0.0235867890	0.0024997676	0.5195533843	0.4099046943
0	0.3333034910	0.6202863396	0.0202958676	0.0182403370	0.0078739648
0	0.2232580748	0.2400545291	0.5063957135	0.0301702526	0.0001214301
0	0.2458292720	0.2895017957	0.0000766075	0.0686667107	0.3959256142
1	0.2210210013	0.5770023545	0.0001391505	0.1637076588	0.0381298350
0	0.0448798098	0.2787969720	0.2280693042	0.4482129451	0.0000409689
0	0.7446770825	0.0000007041	0.1327804296	0.1224806227	0.0000611611
0	0.0293231674	0.0293062631	0.0010801889	0.4468947459	0.4933956348
1	0.4276859703	0.2039142541	0.0000028531	0.0976479236	0.2707489989
0	0.0805927919	0.0521743467	0.1415199982	0.2822060296	0.4435068336
0	0.2262461628	0.0205736394	0.6603212951	0.0000000000	0.0928589028
1	0.4575902536	0.0945476744	0.0686766520	0.3791722485	0.0000131715
1	0.0999960787	0.4189185206	0.0004451779	0.0785303032	0.4021099197
0	0.8304548047	0.0034125737	0.0000000000	0.1209177181	0.0452149035
0	0.0755904412	0.1630649363	0.5578272146	0.0043508754	0.1991665324
0	0.2843296372	0.0448826182	0.0738382038	0.0000021614	0.5969473794
0	0.0204777837	0.0142861619	0.0075010980	0.0189115473	0.9388234090
1	0.0226702171	0.0005158973	0.1155434806	0.8537257202	0.0075446848
