2	0.0012051437	0.0000043035	0.1279883398	0.8166377325	0.0541644805
0	0.1446655775	0.5133506050	0.1696806842	0.1675553280	0.0047478054
0	0.0325421480	0.0651354762	0.7550268289	0.1406922113	0.0066033356
0	0.1747961174	0.0032798844	0.0588786084	0.0906280117	0.6724173781
0	0.0273684517	0.2413127109	0.0440595928	0.4042109881	0.2830482565
1	0.1795214083	0.2827886447	0.0502041895	0.2515607024	0.2359250551
0	0.8488662288	0.0933760809	0.0059321113	0.0518255650	0.0000000141
0	0.0307257611	0.0000324805	0.0044967530	0.9647449658	0.0000000397
0	0.0005136337	0.3097178421	0.1331413150	0.4976123851	0.0590148241
0	0.4992151893	0.0001396065	0.1075625828	0.0000000058	0.3930826157
0	0.0000001571	0.2684836207	0.3622784098	0.0519070412	0.3173307711
0	0.0336315594	0.2741130270	0.0310692348	0.0483224648	0.6128637140
0	0.1126574284	0.0374275219	0.0011792983	0.6817194277	0.1670163237
0	0.4837158881	0.0088496377	0.0005575664	0.0318858270	0.4749910809
0	0.0333367397	0.0910509520	0.0103199900	0.3388879100	0.5264044082
0	0.2754471709	0.0000000000	0.1525711533	0.1363686509	0.4356130249
0	0.1400574161	0.2810495032	0.5143679463	0.0589565758	0.0055685585
0	0.0012045194	0.0000478461	0.0107940607	0.0009309585	0.9870226153
0	0.0000002928	0.0145593732	0.6511462580	0.1417156784	0.1925783975
0	0.5602189043	0.0862753606	0.2061848944	0.1100556268	0.0372652138
0	0.0265254050	0.0015587220	0.4632781489	0.3129706076	0.1956671165
0	0.8855614782	0.0727724783	0.0000080749	0.0385326030	0.0031253655
0	0.0168278687	0.0781288082	0.2324332429	0.0351620843	0.6374479960
0	0.2872191217	0.1629027981	0.0739305281	0.0592044976	0.4167430545
0	0.0000000000	0.3949369588	0.0393536870	0.0007883910	0.5649209632
0	0.8814179983	0.1164592737	0.0001395252	0.0015147133	0.0004684894
0	0.1430585392	0.3316170215	0.0725014676	0.4095360533	0.0432869183
0	0.0386780941	0.3921491852	0.1220886383	0.1235717663	0.3235123161
0	0.5683050412	0.0000000330	0.0308706306	0.0130179196	0.3878063756
0	0.0202924774	0.0000000000	0.4554838090	0.5192867676	0.0049369459
0	0.2851724028	0.2827522445	0.0986159244	0.2224898899	0.1109695385
0	0.0000000010	0.1943452929	0.0963774187	0.0444326047	0.6648446826
0	0.0123620717	0.2088218901	0.0097093925	0.7618222616	0.0072843841
0	0.0034005104	0.0043127690	0.1270039339	0.0028607266	0.8624220601
0	0.5976168730	0.3428180692	0.0522997767	0.0000000000	0.0072652810
1	0.2015331480	0.0993743744	0.2717765036	0.3558665939	0.0714493801
0	0.0111816561	0.1638119089	0.2174572024	0.5858205614	0.0217286712
1	0.0449086134	0.6271070997	0.2413935093	0.0019904934	0.0846002842
0	0.0103377627	0.8329424903	0.0047845929	0.1508386799	0.0010964742
0	0.0058352169	0.1272111544	0.2439107545	0.0070130781	0.6160297961
0	0.0681717137	0.0047312895	0.0420708260	0.2387340565	0.6462921143
1	0.0526213766	0.5958832289	0.0730934839	0.0584298308	0.2199720797
0	0.0586505691	0.0244784281	0.8096758855	0.1056387496	0.0015563678
0	0.4153385461	0.1705061827	0.1955872847	0.0296294746	0.1889385120
0	0.0000421788	0.0745948177	0.0693179999	0.6904436181	0.1656013855
0	0.1073830451	0.1621265548	0.0729136214	0.6503710604	0.0072057182
0	0.4213243723	0.2843581320	0.0000014012	0.0939036887	0.2004124057
0	0.0314011623	0.4330764309	0.0002440509	0.1560121404	0.3792662154
0	0.0276384206	0.4922305468	0.1312345804	0.2400112720	0.1088851802
0	0.0080952070	0.0273694368	0.7616079653	0.0275826722	0.1753447188
0	0.0482896776	0.1081180884	0.1484029592	0.3320564333	0.3631328415
0	0.6924117547	0.0014116229	0.2805890741	0.0034634427	0.0221241056
0	0.0000000000	0.1395764218	0.0020482126	0.5376942710	0.3206810946
0	0.2312684671	0.4362835041	0.0006336746	0.1198418927	0.2119724615
0	0.7120548104	0.1630184678	0.0374042093	0.0874721346	0.0000503779
0	0.2356874496	0.3147244204	0.0115548591	0.3089264019	0.1291068689
0	0.0060253607	0.3730696839	0.0653691007	0.1151903219	0.4403455328
0	0.0968662993	0.5617607844	0.0000000007	0.1459576699	0.1954152458
0	0.4233991753	0.2767482194	0.0189905239	0.2791724163	0.0016896651
1	0.1705904866	0.1827794129	0.2356460809	0.0049422943	0.4060417253
0	0.7878813050	0.1029196562	0.0000000000	0.0000022129	0.1091968259
1	0.6101643317	0.1545037421	0.1271124586	0.1073858601	0.0008336075
2	0.2411966398	0.0073368552	0.0216851743	0.6852927034	0.0444886274
0	0.9416857237	0.0000000000	0.0000000061	0.0047445228	0.0535697475
0	0.3289241394	0.0874799586	0.1655686694	0.4123527217	0.0056745109
0	0.0014292921	0.1779470274	0.4838415606	0.0497147029	0.2870674169
0	0.2275867871	0.0361913411	0.0666405587	0.0097943251	0.6597869880
0	0.6305014058	0.2807835204	0.0708461248	0.0000050496	0.0178638993
0	0.0296308634	0.0163954569	0.0063564977	0.8713515995	0.0762655824
1	0.0088839004	0.0990498262	0.1940937159	0.6828889265	0.0150836310
0	0.3769243271	0.0057778983	0.0923392257	0.5167170362	0.0082415127
0	0.4130843607	0.0393921375	0.0291870724	0.2827784215	0.2355580079
0	0.5143526549	0.0876707713	0.1652789565	0.0297298257	0.2029677916
0	0.0011144786	0.0002242814	0.6926547569	0.3060064723	0.0000000109
0	0.2085146217	0.1299198671	0.0372260245	0.0138994569	0.6104400299
1	0.5407846071	0.0064915203	0.0000007137	0.1501654527	0.3025577061
0	0.1518870717	0.2815007320	0.3079375126	0.2268367734	0.0318379102
0	0.0000011191	0.0489407310	0.0052804345	0.8027848110	0.1429929045
0	0.5053055337	0.4324228595	0.0028234522	0.0000000000	0.0594481546
0	0.0146004715	0.2729769659	0.1808541911	0.4144564697	0.1171119017
0	0.0462143725	0.0331663321	0.1651885582	0.0321135425	0.7233171947
0	0.1630266668	0.6087116211	0.0006206413	0.0105958395	0.2170452313
0	0.0313125403	0.0398564378	0.1740001638	0.7497593350	0.0050715231
0	0.0001885069	0.0278200321	0.3145701708	0.6455345903	0.0118867000
1	0.1648774955	0.6514179502	0.1546514220	0.0144130156	0.0146401167
0	0.0000000037	0.0893355721	0.0118200546	0.0121415369	0.8867028328
1	0.0302023488	0.1481078056	0.0176350410	0.5586709297	0.2453838748
0	0.1093643209	0.6712340029	0.0000126797	0.0913325103	0.1280564861
0	0.0501063929	0.0075252512	0.0006234596	0.3535875639	0.5881573324
1	0.0265514787	0.0674511148	0.0000000000	0.4927680256	0.4132293809
0	0.1409233186	0.3184681120	0.1680867099	0.0000491675	0.3724726920
0	0.0000049497	0.0097274600	0.0292316478	0.9419783163	0.0190576263
0	0.3063213123	0.0000135038	0.0254551075	0.5490980826	0.1191119939
0	0.8347842779	0.1104032510	0.0009195722	0.0010156684	0.0528772305
0	0.1486117422	0.4221324319	0.0375164991	0.1894876569	0.2022516700
0	0.0058968193	0.4790792135	0.0087264286	0.0568414805	0.4494560581
0	0.4082015609	0.1262965590	0.4448793139	0.0206220221	0.0000005441
0	0.0000000000	0.0004673871	0.3260515137	0.6729556058	0.0005254934
0	0.0046154450	0.3019952648	0.0856315691	0.0198355657	0.5879221553
0	0.0656169547	0.1767519990	0.7456640878	0.0073499166	0.0046170419
