0	0.3523082749	0.0044145757	0.4930021147	0.1231855340	0.0270895006
0	0.0011755365	0.2879938801	0.0140622044	0.6967683790	0.0000000000
0	0.8473740949	0.0460610022	0.0311996382	0.0455996875	0.0297655772
0	0.1729689858	0.0673520792	0.1535384279	0.5967026583	0.0094378487
0	0.0672361075	0.0022134384	0.8811832000	0.0287682012	0.0205990528
0	0.1771371035	0.3100228582	0.2167412757	0.2960745159	0.0000242468
0	0.0533704161	0.1011846226	0.0000001148	0.8417478043	0.0036970423
0	0.1054581134	0.0556633681	0.0000000000	0.7740070153	0.0648715032
0	0.0001755671	0.1197358007	0.1862714702	0.5947725995	0.0990445625
0	0.0472432131	0.6992807130	0.0540263997	0.1417892661	0.0576604080
1	0.0013138373	0.2745506185	0.0307476199	0.6926715823	0.0007163419
0	0.8395534579	0.0642859016	0.0553463571	0.0167195204	0.0240947629
0	0.1891740897	0.1498992300	0.6590399594	0.0010180006	0.0008687203
0	0.0152651650	0.9472219695	0.0000000602	0.0375128052	0.0000000000
0	0.0065274791	0.2764162203	0.0000000675	0.7165740479	0.0004821851
0	0.0000000075	0.0965407555	0.0774195018	0.7585136700	0.0675260653
0	0.0005392622	0.7673360506	0.0133491061	0.1732631159	0.0455124652
0	0.4947921212	0.0170822027	0.4423051652	0.0265592891	0.0192612217
0	0.0024078499	0.9406371093	0.0009062377	0.0352869880	0.0207618150
0	0.7860850615	0.0000576440	0.0398616725	0.0682125740	0.1057830480
0	0.1919634267	0.0008578715	0.0316752620	0.0935958610	0.6819075788
0	0.4904159483	0.3373842011	0.1643992358	0.0000000001	0.0078006146
0	0.2558233960	0.0053829623	0.0018900146	0.0620922384	0.6748113887
0	0.0300980132	0.8835831024	0.0015304247	0.0407478347	0.0440406249
0	0.1933437125	0.5227392541	0.0000000002	0.1838897431	0.1000272902
0	0.6143250525	0.3446217085	0.0000000161	0.0335339551	0.0075192679
0	0.0681609167	0.2412911142	0.0000026086	0.6892677174	0.0012776432
0	0.3342164915	0.0000001050	0.0623221418	0.6034574951	0.0000037666
1	0.1089518367	0.0513109618	0.0001879945	0.6083187826	0.2312304244
0	0.0006541375	0.0589546469	0.0000037712	0.0000001070	0.9403873374
0	0.0023083725	0.4954342852	0.1084577211	0.0369308076	0.3568688136
0	0.0001437650	0.7690999938	0.0202090495	0.1533225801	0.0572246117
0	0.1815482525	0.7624343701	0.0000282392	0.0559415984	0.0000475398
0	0.3245780665	0.5037086300	0.0227440079	0.1006326490	0.0483366465
0	0.0027710788	0.0292143885	0.1581832558	0.7788426059	0.0309886710
0	0.3709490741	0.2837091257	0.0035892624	0.3417525037	0.0000000341
0	0.0530891959	0.4447751830	0.3166377277	0.1589336406	0.0265642528
0	0.0390805266	0.0320044623	0.0124385233	0.6255010453	0.2909754425
0	0.1128584512	0.1957458184	0.6887080968	0.0001802799	0.0025073537
0	0.5266424876	0.0000000213	0.0008296704	0.3507223463	0.1218054744
0	0.0065237560	0.0057768752	0.1049388565	0.0388501065	0.8439104057
0	0.2430614017	0.0253391199	0.0869312096	0.1749191974	0.4697490714
0	0.0000264573	0.2696233250	0.0001081577	0.2266794218	0.5035626382
0	0.1546799398	0.7100723129	0.0169045652	0.0000000128	0.1183431693
0	0.0000128566	0.6042897317	0.2951609627	0.0538193414	0.0467171076
0	0.1517225751	0.7091044900	0.1074290399	0.0315660622	0.0001778327
0	0.0016297317	0.5552265207	0.0000000000	0.3365537215	0.1065900261
0	0.0391827834	0.0000189607	0.7307050744	0.0791209906	0.1509721908
0	0.0007795885	0.1934070205	0.3459130922	0.4446167248	0.0152835740
0	0.2574032649	0.6196548690	0.0024839994	0.0090203648	0.1114375019
0	0.0438670207	0.8218176999	0.0000000001	0.1301680227	0.0041472565
0	0.1864884212	0.0470450080	0.3553679093	0.3643237823	0.0467748792
0	0.2745662366	0.5909729234	0.0343670916	0.0620806380	0.0380131104
0	0.0084907593	0.7597957522	0.0000000171	0.0337687802	0.1979446913
1	0.0629659837	0.1826431059	0.6620922799	0.0452925885	0.0470060420
0	0.1840206316	0.5810631632	0.1694866486	0.0496267959	0.0158027607
0	0.0020091074	0.3288295691	0.0045796038	0.6252937087	0.0392880110
0	0.0105466137	0.0347358672	0.0094687384	0.9065957981	0.0386529826
0	0.5642581590	0.1327112479	0.2992924472	0.0000114823	0.0037266636
0	0.0811061019	0.0043972826	0.0174394290	0.8324139065	0.0646432801
0	0.4532704049	0.0738007307	0.0063549070	0.4665435285	0.0000304289
0	0.0000054487	0.7004192837	0.1053348865	0.1940539794	0.0001864018
0	0.0059092540	0.9930715799	0.0000771050	0.0009237121	0.0000183491
1	0.2627480702	0.3701704398	0.1082560420	0.2588254445	0.0000000036
0	0.6279297150	0.3061440536	0.0000000000	0.0060952847	0.0598309467
0	0.3020199533	0.0323874443	0.4185015858	0.0289436981	0.2181473185
1	0.0241943770	0.0382385861	0.0132798878	0.7313466021	0.1929405469
1	0.1493158034	0.0296946405	0.0043921702	0.3242591834	0.4923382025
0	0.0643126872	0.6455678710	0.0180086164	0.2219347368	0.0501760885
0	0.2898981565	0.3481813804	0.0358680049	0.2601663229	0.0658861353
0	0.0071929481	0.9419865878	0.0052054102	0.0394599034	0.0061551505
1	0.8394584914	0.0175708000	0.1226012990	0.0203694097	0.0000000000
0	0.9078559460	0.0727379242	0.0000000078	0.0159656411	0.0034404810
0	0.0215905504	0.1292957043	0.0053731444	0.0039815967	0.8397590042
0	0.0193418968	0.3114052956	0.1305229219	0.1730189197	0.3657109660
1	0.3000131381	0.1206007512	0.0154005987	0.5633501399	0.0006353721
0	0.5998225115	0.0088727349	0.0968887564	0.0920139023	0.2024020948
0	0.0000002611	0.6143282165	0.3282534696	0.0404570594	0.0169609935
0	0.1140808825	0.0019994359	0.1165873258	0.5510438760	0.2162884798
0	0.0016700105	0.3744240155	0.4464991704	0.1424593671	0.0349474366
0	0.0757121211	0.0716536824	0.0021695860	0.5598254834	0.2906391271
0	0.0001790314	0.0816353147	0.2740012092	0.1467294402	0.4974550045
0	0.0385167087	0.0220242050	0.2374676326	0.1744422017	0.5275492520
1	0.0202296964	0.0104198871	0.0044704742	0.0200808869	0.9447990554
0	0.1922287146	0.6836739197	0.1015137256	0.0098904147	0.0126932254
1	0.1128435777	0.6425305563	0.1689008261	0.0703490025	0.0053760375
0	0.1456471047	0.0757279702	0.0067731112	0.7709847644	0.0008670495
0	0.0080063060	0.7367177836	0.0007861109	0.1844057155	0.0700840839
0	0.0174717800	0.5356100113	0.2545098313	0.1712830763	0.0211253011
0	0.0005896937	0.0093060338	0.0301149827	0.1982615986	0.7617276912
0	0.3778492381	0.0139017880	0.0353518962	0.3955951205	0.1773019572
0	0.2412518152	0.0000001624	0.0836692348	0.5719583097	0.1031204778
0	0.0173934401	0.0873140513	0.1124613500	0.0003283504	0.7825028083
1	0.0660833743	0.1402577585	0.0666508362	0.2782728737	0.4487351573
0	0.0325609627	0.0923448846	0.0027870410	0.8715328616	0.0007742501
0	0.3749871948	0.0314363248	0.0142123832	0.5441709349	0.0351931623
0	0.0008617711	0.2818622086	0.0113332926	0.0716711553	0.6342715724
2	0.0263250122	0.6368759374	0.3235749213	0.0000008740	0.0132232551
1	0.4911684866	0.0000195906	0.3056955170	0.1786281479	0.0244882578
0	0.0077663639	0.1973375020	0.0134149040	0.0561933284	0.7252879016
