0	0.5885353034	0.0617434262	0.1090646749	0.1708808477	0.0697757478
0	0.0132924565	0.0022965557	0.0003370983	0.0005674224	0.9835064672
0	0.6030727690	0.0098793429	0.0136861989	0.2562911051	0.1170705841
0	0.1274136054	0.0568745850	0.0027017113	0.3744295540	0.4385805443
0	0.7479399952	0.0022696349	0.0361081215	0.0617900244	0.1518922240
0	0.0980252727	0.3403078903	0.0125205445	0.3735246349	0.1756216577
0	0.0096042691	0.1331693274	0.0652270693	0.7582097836	0.0337895506
0	0.4834055718	0.0009204881	0.0361852829	0.0262326726	0.4532559846
0	0.0467020792	0.0136821345	0.0045649090	0.0001237431	0.9349271343
0	0.9418990352	0.0009024832	0.0002845413	0.0212137802	0.0357001600
1	0.4249622314	0.0000004188	0.2946992699	0.2653004739	0.0150376060
0	0.0432548849	0.6009630346	0.0480088865	0.1252341814	0.1825390126
1	0.0493830690	0.1117010645	0.1374819352	0.0494644162	0.6519695151
0	0.4347413673	0.2430450569	0.0000019061	0.0346575070	0.2875541627
0	0.0034784706	0.6996774852	0.1052956334	0.0541231125	0.1374252983
1	0.0056030906	0.5459751578	0.2227375533	0.0575531448	0.1681310535
0	0.0718445189	0.0036692481	0.0008308005	0.6785665287	0.2450889037
0	0.0577969081	0.0061369705	0.0219538919	0.0003831417	0.9137290879
0	0.0010954017	0.5281152477	0.1745150280	0.2962621125	0.0000122100
0	0.5207018039	0.0000000000	0.0313816883	0.4470799227	0.0008365851
0	0.0171774432	0.2665176250	0.2612376539	0.0149037814	0.4401634965
0	0.8316929182	0.1554256433	0.0000374231	0.0091365550	0.0037074603
0	0.0000008872	0.0110310931	0.9348598493	0.0247389597	0.0293692107
0	0.0056311962	0.0376519022	0.1443913987	0.2951892400	0.5171362630
0	0.4580311049	0.0178587501	0.3005884362	0.0917862084	0.1317355005
1	0.0139068549	0.1438065103	0.1808900902	0.1127796748	0.5486168698
0	0.2952794160	0.6239224604	0.0285428041	0.0522552239	0.0000000956
0	0.2550072087	0.2941018366	0.0055277125	0.4301186510	0.0152445912
0	0.0908702616	0.1901932570	0.1422104999	0.5077532769	0.0689727046
0	0.2175774886	0.3298760613	0.0024840759	0.3931387156	0.0569236587
0	0.0821213769	0.0000007016	0.4113931350	0.4069979637	0.0994868228
0	0.7042455296	0.0000000019	0.0000083275	0.0998934610	0.1958526799
0	0.4654176788	0.1298880019	0.0000000000	0.0650092303	0.3396850890
1	0.0565092102	0.0008769296	0.1292173518	0.7937116727	0.0196848356
0	0.0004170848	0.7954948789	0.0220105117	0.1820403932	0.0000371315
0	0.0392822559	0.0290337412	0.0324401922	0.3310459163	0.5681978943
1	0.0006547056	0.4324881243	0.1418709510	0.0141818592	0.4108043599
0	0.2941590176	0.0030007291	0.0218204235	0.1911017416	0.4899180882
0	0.0000008560	0.1169013101	0.0000000000	0.8488795261	0.0342183078
0	0.1306110857	0.6944382560	0.0125808033	0.0707777886	0.0915920664
2	0.0105249883	0.0009857520	0.0002707626	0.0117293082	0.9764891889
0	0.1228279845	0.0056193523	0.1529803099	0.0410794222	0.6774929311
0	0.0000002851	0.0644035148	0.2704481206	0.6175270454	0.0476210340
0	0.1861381927	0.0915370855	0.4507314578	0.2242821784	0.0473110855
0	0.0595444795	0.2396919140	0.1466202139	0.1908615152	0.3632818772
0	0.0111517079	0.2500110190	0.0000000001	0.7388050723	0.0000322007
0	0.0720702106	0.0000897129	0.1538666063	0.2031047897	0.5708686805
1	0.0311970161	0.3845397532	0.0023407613	0.3619960633	0.2199264061
0	0.1582232802	0.0964499520	0.0269020305	0.5255487862	0.1928759511
1	0.0065422711	0.0528591837	0.0740566530	0.8597809103	0.0067609819
0	0.0127968148	0.8990464168	0.0479315903	0.0003631591	0.0398620189
0	0.2913017747	0.4151296503	0.1752643743	0.0000085089	0.1182956917
0	0.0044473414	0.5698663996	0.0000000007	0.4101486848	0.0155375734
0	0.0042388502	0.0478148986	0.0010984442	0.2569478375	0.6898999696
0	0.3514148885	0.0079694652	0.0268945769	0.0942363087	0.5194847607
0	0.0545030456	0.3890787002	0.3107392236	0.0000005104	0.2456785201
0	0.0405560551	0.0194195561	0.0002608732	0.9084067854	0.0313567303
0	0.0248673643	0.0000295791	0.0000000000	0.9749748148	0.0001282417
0	0.0203642118	0.0112961337	0.0040117860	0.0000000005	0.9643278680
0	0.2494140651	0.0502406943	0.0000003778	0.0000000000	0.7003448629
0	0.0030881943	0.5061828601	0.0891913239	0.3305983070	0.0709393147
0	0.0274280899	0.0215492068	0.0017161010	0.0586577000	0.8906489023
0	0.2918764272	0.0000000000	0.0281400769	0.2935494109	0.3864340851
0	0.6118320269	0.2004226609	0.1214656118	0.0622482837	0.0040314166
0	0.2855604393	0.1068361853	0.0685258196	0.1622353395	0.3768422163
0	0.5556897792	0.0087147550	0.2431389064	0.1924009900	0.0000555695
0	0.0024219034	0.1789282849	0.0157785777	0.3679856500	0.4348855840
0	0.0659725082	0.3954785638	0.0741984320	0.2613151238	0.2030353722
1	0.1262956033	0.6208702757	0.0647211675	0.1526308179	0.0354821355
0	0.0040937500	0.0049069556	0.0000066692	0.9484537582	0.0425388669
0	0.0422215574	0.3333952852	0.2990742960	0.0000000006	0.3253088609
0	0.0068670103	0.5689899104	0.3493511541	0.0702079102	0.0045840150
0	0.0655027767	0.0023150724	0.0209464110	0.8652541423	0.0459815976
0	0.7445037417	0.1267444362	0.0012364937	0.0742256210	0.0532897075
0	0.0159387409	0.0226749163	0.0053896669	0.0681140491	0.8878826268
0	0.0629773280	0.2279426178	0.0625394136	0.6465406222	0.0000000183
0	0.3691422477	0.0000642698	0.1515337503	0.1770634342	0.3021962980
0	0.0748516770	0.0505714357	0.0565185858	0.4758570207	0.3422012808
1	0.2456733952	0.6414789125	0.1028102261	0.0054285784	0.0046088878
1	0.3018173815	0.0789177424	0.0000681947	0.0896686122	0.5295280693
0	0.0007290834	0.4001490529	0.2193312429	0.3663298764	0.0134607445
0	0.2577839185	0.1259522900	0.1752325823	0.4394050173	0.0016261920
0	0.5339567040	0.0000000002	0.0027135267	0.0055311643	0.4577986048
0	0.0910064898	0.0416322758	0.0000062580	0.0994002202	0.7679547562
0	0.6226591103	0.1258330112	0.0805454756	0.0118953572	0.1590670457
0	0.2894190628	0.0250840884	0.0416315631	0.2084169132	0.4354483725
0	0.0973454145	0.4182426961	0.4326120854	0.0516957077	0.0001040963
0	0.4315482036	0.0159914479	0.4002836769	0.1396526109	0.0125240607
0	0.0000000026	0.0475855040	0.0138011669	0.2557062632	0.6829070634
0	0.0541006322	0.0118404239	0.0172236818	0.3846931138	0.5321421484
0	0.0081908198	0.1877480954	0.0000000000	0.7845782264	0.0194828584
0	0.0631354648	0.1855720107	0.1278818123	0.1914296200	0.4319810922
1	0.0202209907	0.1426525290	0.0792490518	0.6181808813	0.1396965471
0	0.0014535337	0.2410612986	0.3080048992	0.3517648360	0.0977154325
0	0.0127500763	0.9747548449	0.0000048643	0.0063075759	0.0061826385
0	0.0223204920	0.3416973341	0.0000000317	0.1800001954	0.4559819467
0	0.0000004358	0.1922095565	0.0000000452	0.0291051312	0.7786848313
1	0.0040176719	0.0070044953	0.3630194176	0.3918482102	0.2341102050
0	0.1832554610	0.1130940502	0.5906378232	0.1130114013	0.0000012642
1	0.2211195971	0.6626143513	0.0447404618	0.0639309752	0.0075946147
