0	0.1398271329	0.0744819105	0.4126735608	0.1514258759	0.2215915199
0	0.2416219067	0.1118980486	0.0307779610	0.3691017691	0.2466003146
0	0.0022688790	0.0187251923	0.6405866490	0.0303479564	0.3080713233
0	0.6041553544	0.0169923264	0.0252688861	0.1357892499	0.2177941832
0	0.0000085819	0.0004285949	0.5659155706	0.1045148215	0.3291324312
0	0.0277097583	0.0843077583	0.1423959420	0.3114369627	0.4341495786
1	0.0004995761	0.0221261833	0.0000000000	0.3738756332	0.6034986073
0	0.1895730423	0.2083894623	0.0187037847	0.0686086005	0.5147251101
1	0.4558411320	0.1144251794	0.3750345364	0.0369344181	0.0177647341
0	0.0000000000	0.3821970591	0.0341066914	0.5195147538	0.0641814956
0	0.1475650521	0.0191227825	0.0652228763	0.7676841786	0.0004051104
0	0.2338187945	0.3825404641	0.0311384292	0.0000259034	0.3524764089
1	0.0164994720	0.0414961134	0.2806568277	0.3979229091	0.2634246778
0	0.0004243869	0.0000168205	0.0769281086	0.6671789376	0.2554517463
0	0.1866469677	0.0194556611	0.0846599504	0.0000876380	0.7091497828
0	0.0492375492	0.0648139860	0.0924274576	0.3186958843	0.4748251229
1	0.8839307141	0.0000000000	0.0176563761	0.0947119562	0.0037009536
0	0.0000000357	0.2091133389	0.7596313975	0.0005790267	0.0306762012
0	0.2211041763	0.3489655138	0.0033673969	0.4261440389	0.0004188741
1	0.0006317405	0.3742204559	0.2385333703	0.0580394149	0.3285750185
1	0.1590208767	0.0117571188	0.0039052044	0.8070484115	0.0182683886
0	0.3474381064	0.1995490299	0.0535252535	0.1437283630	0.2557592471
0	0.1228622361	0.3037319544	0.2786906317	0.2409413361	0.0537738417
2	0.4541847530	0.3503978058	0.0034861389	0.1907814747	0.0011498276
1	0.0303041991	0.3935115912	0.0002715166	0.5421365675	0.0337761255
0	0.0109785566	0.7475274795	0.0009683607	0.1242947218	0.1162308814
0	0.4131212301	0.1043442901	0.0215482833	0.2694051290	0.1915810675
0	0.0737846389	0.0611958662	0.1797465830	0.6623758679	0.0228970440
0	0.0213197242	0.1765823119	0.0144108860	0.5291119448	0.2585751330
0	0.1288718609	0.6777583259	0.0001619342	0.1070263543	0.0861815247
0	0.6435508406	0.2155796602	0.0901749786	0.0502192700	0.0004752506
0	0.0084018162	0.2357002525	0.6702359422	0.0792128595	0.0064491296
0	0.1861961589	0.1058381422	0.0040546618	0.7036744332	0.0002366039
1	0.0144148193	0.0706062032	0.1450629913	0.7206524246	0.0492635616
0	0.1545493997	0.0007778259	0.0637284422	0.1514591207	0.6294852115
0	0.4554898610	0.2671294059	0.1424967908	0.1347519974	0.0001319449
1	0.2297683854	0.1132672137	0.0000067672	0.6401076653	0.0168499685
0	0.4197256655	0.0460249891	0.1552804245	0.3723230360	0.0066458850
0	0.0168662335	0.0129225534	0.0680907354	0.0807879326	0.8213325452
1	0.1570064606	0.2801188500	0.2784913559	0.0269192843	0.2574640493
0	0.2451147197	0.0071018755	0.0162702008	0.2253919344	0.5061212696
0	0.0117262828	0.0235754296	0.1007179219	0.6629673091	0.2010130565
0	0.0000001810	0.3828948273	0.2677751832	0.2527659591	0.0965638495
0	0.1341148855	0.5857665324	0.0002174301	0.2793103500	0.0005908021
0	0.0249591565	0.0000720947	0.3732085306	0.3618401467	0.2399200715
0	0.0711171926	0.0036066810	0.5912676471	0.3286514358	0.0053570434
0	0.0081490628	0.2641734979	0.0325791033	0.2758954442	0.4192028918
0	0.7889266428	0.0462200263	0.1028065032	0.0059760125	0.0560708153
0	0.4021985769	0.4836626737	0.0756982411	0.0000004966	0.0384400117
0	0.5128937585	0.3295490506	0.1575571260	0.0000000649	0.0000000000
0	0.0102911844	0.0594578545	0.1666396569	0.7598194201	0.0037918841
0	0.0153716595	0.7143408207	0.0000001645	0.0594030130	0.2108843422
0	0.7843644405	0.0004863378	0.0000000000	0.0080118774	0.2071373443
0	0.7817730667	0.0153828148	0.0000000000	0.1872295851	0.0156145334
0	0.0166910385	0.6354122798	0.0001292548	0.1135565622	0.2342108648
0	0.0062852985	0.0187789645	0.5329224284	0.4060305902	0.0359827184
0	0.0398260250	0.6764489619	0.0000000357	0.2057281220	0.0779968553
0	0.2382036397	0.0990790699	0.3691269978	0.1442070346	0.1493832581
0	0.0725564735	0.2646465847	0.1939199026	0.0437984895	0.4250785497
0	0.3774626114	0.0643441120	0.3078286434	0.0011659493	0.2491986839
0	0.0661134662	0.0452495488	0.0294611327	0.8436110604	0.0155647918
0	0.3709061727	0.3726627224	0.0212347680	0.1461221262	0.0890742106
0	0.4798718323	0.0684704586	0.0459451571	0.2820050857	0.1237074662
0	0.0050624046	0.1717545693	0.2712123530	0.5518948819	0.0000757912
0	0.0000018287	0.0107008347	0.3849790120	0.4081311798	0.1961871449
0	0.3126259234	0.3850830795	0.2970768484	0.0026464560	0.0025676927
0	0.4573612959	0.0364634558	0.0316250313	0.4494546288	0.0250955882
1	0.0191041758	0.0605882690	0.4184579447	0.3737009909	0.1281486196
0	0.3189058252	0.0743611221	0.0067486991	0.2954469225	0.3045374312
0	0.0072769231	0.4916840006	0.2290281800	0.1278663895	0.1441445068
0	0.2329230495	0.0000074415	0.4725713797	0.0806391283	0.2138590009
0	0.4808537072	0.1067510813	0.0265939701	0.0004472447	0.3853539967
1	0.0000405969	0.1520859590	0.2522147504	0.5095987631	0.0860599305
0	0.0039832045	0.6308601343	0.0021977436	0.0178545706	0.3451043471
0	0.5207751517	0.0293175107	0.0000019011	0.4472813439	0.0026240925
0	0.0001557564	0.1294940562	0.4876318197	0.2038226611	0.1788957065
0	0.1459213010	0.0000645347	0.5689062064	0.0130500998	0.2720578581
0	0.1989568761	0.0312293080	0.0013534335	0.4191348907	0.3493254917
1	0.0000021943	0.5144015683	0.1233810784	0.0000000000	0.3622151590
0	0.0246386182	0.0061723001	0.0000121456	0.7913441281	0.1778328080
0	0.0783725855	0.4916860856	0.0000000000	0.3714482138	0.0584931150
0	0.1495719071	0.6816763901	0.0143462092	0.0536974790	0.1007080146
0	0.0316033351	0.2668368900	0.0086888729	0.0103658920	0.6825050101
1	0.0000000481	0.2471113332	0.0013041247	0.6822253854	0.0693591086
1	0.0055174800	0.7773466318	0.1394011036	0.0776858801	0.0000489045
0	0.0045890254	0.0213348056	0.9725212503	0.0012033371	0.0003515817
0	0.0867652665	0.3611561930	0.0996434815	0.2065667771	0.2458682820
0	0.1877509212	0.0841021041	0.1212483895	0.2658833906	0.3410151947
0	0.0246949696	0.2396630550	0.0216009056	0.6279220300	0.0861190398
0	0.0124593505	0.0020568542	0.0084450764	0.8501693814	0.1268693376
0	0.2040971769	0.0388649759	0.1171681532	0.5008602128	0.1390094811
0	0.3976869908	0.0012498275	0.1584408997	0.0000006476	0.4426216344
0	0.0502902077	0.0918343660	0.0485824982	0.8092864634	0.0000064648
1	0.0040163668	0.0387947465	0.0026560663	0.2138518456	0.7406809748
0	0.0236863209	0.0723874741	0.0626655990	0.2506342747	0.5906263313
0	0.0000006878	0.2813865331	0.0844833492	0.0001045354	0.6340248945
0	0.0000811901	0.0081072572	0.7641202491	0.0016516347	0.2260396689
0	0.0055561579	0.2646349247	0.5200483004	0.1894938999	0.0202667170
0	0.0063401517	0.1852492371	0.0800805031	0.7231289572	0.0052011508
0	0.0000000260	0.0721942283	0.6267064389	0.2630236594	0.0380756474
