0	0.0198795431	0.0561096857	0.4362619469	0.4273124798	0.0604363445
0	0.7230226763	0.0453531276	0.0003974669	0.2309093643	0.0003173649
0	0.3146434509	0.3242141235	0.1140052244	0.0646838014	0.1824533997
0	0.7322337752	0.0050830313	0.0000000000	0.0000000201	0.2626831735
1	0.2255122306	0.0002576000	0.0000117074	0.0069708283	0.7672476336
0	0.3574532213	0.0666686187	0.3212087384	0.1094260238	0.1452433978
1	0.0004150852	0.5514719916	0.0933577502	0.0123733588	0.3423818142
1	0.0046864386	0.5119410870	0.3579348514	0.0611063540	0.0643312690
0	0.0000000017	0.0174971762	0.1572003019	0.8253022596	0.0000002606
1	0.2728975440	0.0165923574	0.3157612621	0.3447216129	0.0500272236
0	0.0294264064	0.5109933260	0.1500053315	0.2060855189	0.1034894172
0	0.0044860989	0.9515439661	0.0345411302	0.0079555155	0.0014732893
0	0.0276568620	0.1192388141	0.0027579149	0.0140635039	0.8362829051
0	0.7999021835	0.0740267417	0.0397721155	0.0696908826	0.0166080767
0	0.1246782579	0.0041207172	0.7366585663	0.1270098661	0.0075325924
1	0.0545111611	0.7483658421	0.0455950937	0.0462181128	0.1053097902
0	0.0267361059	0.6249216923	0.0361087924	0.2965209572	0.0157124522
0	0.6608080713	0.0206990026	0.0311160029	0.1794852289	0.1078916943
0	0.2586615976	0.1166722354	0.1964408588	0.2680932376	0.1601320706
0	0.0012626185	0.0135295172	0.3101927242	0.3300317019	0.3449834381
0	0.1154357549	0.3025006952	0.0112488058	0.2818791717	0.2889355724
0	0.0013939051	0.0033303594	0.0009831311	0.9915651197	0.0027274847
0	0.7910621848	0.0423221321	0.0059697672	0.0506214197	0.1100244962
0	0.0007182268	0.6478908201	0.0740316339	0.1957983184	0.0815610008
0	0.0074990003	0.0016644792	0.8123917397	0.0001182308	0.1783265500
0	0.0779239481	0.0448953083	0.0288524389	0.8455096157	0.0028186889
1	0.0248218887	0.1203945688	0.0920733433	0.7068374910	0.0558727082
0	0.3236203069	0.2422475531	0.0004988883	0.1611859608	0.2724472908
0	0.0594557242	0.1305427000	0.0486372090	0.6779222313	0.0834421355
0	0.6877970587	0.0690544923	0.0598303530	0.1130420018	0.0702760942
0	0.1131683262	0.3550824723	0.0009911151	0.3792189521	0.1515391343
0	0.3092998028	0.2588609305	0.0000014352	0.3997763063	0.0320615252
0	0.3018885947	0.5762744816	0.0181995168	0.0864040628	0.0172333441
1	0.0362359578	0.1885197758	0.1555276200	0.0007385023	0.6189781442
0	0.0858805747	0.1037035564	0.0015466024	0.0043189740	0.8045502925
0	0.0000048211	0.2608958930	0.0366944224	0.6714346022	0.0309702613
0	0.7273808034	0.0131709071	0.0600381452	0.0000259711	0.1993841733
0	0.2560662614	0.3087603499	0.2442419617	0.0112007798	0.1797306472
1	0.6199093232	0.0611874105	0.2503112703	0.0334905910	0.0351014051
0	0.0065021471	0.2560016352	0.1463842529	0.5179371745	0.0731747903
1	0.1146943845	0.3866561225	0.0137959643	0.3141961332	0.1706573955
0	0.4195734666	0.0418802070	0.0014988568	0.2608709634	0.2761765061
0	0.0189429140	0.2163575989	0.1343565651	0.5035014455	0.1268414766
0	0.0121636571	0.0882079380	0.0301978967	0.7897655447	0.0796649636
1	0.3854220313	0.0079251834	0.0000873007	0.1058031077	0.5007623768
0	0.3738069617	0.4179270503	0.1003216748	0.0111550230	0.0967892902
0	0.7652906610	0.0041403374	0.0039871812	0.1464755571	0.0801062633
0	0.4933154675	0.1127521497	0.2532127274	0.0054847533	0.1352349021
0	0.2797118835	0.0016958164	0.1102087442	0.5877973235	0.0205862323
0	0.4663632931	0.0000709035	0.0084689016	0.0483941639	0.4767027379
0	0.3960513615	0.4622814795	0.0827200432	0.0589471157	0.0000000000
0	0.3637697310	0.0000170694	0.0468699236	0.3760872952	0.2132559809
0	0.0177519814	0.0002156739	0.0025184465	0.0476180949	0.9318958033
0	0.0000000000	0.0313094858	0.0340312714	0.0585464947	0.8761127480
0	0.1348385805	0.0458612551	0.0137056770	0.5362413329	0.2693531546
0	0.1997654944	0.0010726042	0.0044481877	0.3887329662	0.4059807475
0	0.3425121168	0.2712841387	0.1391685529	0.1463817605	0.1006534312
1	0.0131437262	0.5068911051	0.1403727748	0.2376574595	0.1019349343
1	0.0308316674	0.0007151349	0.0301202786	0.8307767062	0.1075562128
0	0.3129356275	0.1599323966	0.0018604180	0.2722018474	0.2530697104
0	0.0000000000	0.4583864367	0.0394100754	0.0044506856	0.4977528023
1	0.1178470756	0.0441685364	0.1296017159	0.6689461859	0.0394364862
0	0.3153948222	0.0289165470	0.1043819693	0.3433399658	0.2079666957
1	0.8081570829	0.0754154070	0.0002015396	0.0000000000	0.1162259704
0	0.0068678179	0.0048870346	0.8024557922	0.0085891069	0.1772002485
0	0.5029598666	0.0492810608	0.0832781479	0.0191067034	0.3453742213
0	0.1035899373	0.0006025757	0.0000000000	0.8087163467	0.0870911403
0	0.0020011625	0.0000000000	0.0088369489	0.8937208738	0.0954410148
0	0.1958072873	0.0012054359	0.0003341491	0.5811735013	0.2214796264
0	0.0136419253	0.1470370326	0.1459662316	0.5449765201	0.1483782904
2	0.1599691385	0.0293285616	0.0001769810	0.4295607890	0.3809645298
1	0.3360324261	0.1173955481	0.0000030891	0.0867044218	0.4598645149
0	0.1265325320	0.0148238215	0.0000831081	0.0310640788	0.8274964596
0	0.3110069251	0.0461013660	0.0101948774	0.6282722095	0.0044246220
0	0.0001555239	0.1032903116	0.0097651681	0.3239953647	0.5627936318
0	0.0323678758	0.0026114986	0.4360740306	0.5139824490	0.0149641461
0	0.0060007131	0.2286759620	0.0063476587	0.2573820500	0.5015936162
0	0.0004592357	0.0000034642	0.0012806797	0.6467965403	0.3514600802
0	0.1331975379	0.2503876511	0.1181437056	0.2228847606	0.2753863449
0	0.0421863335	0.8382375265	0.0000015785	0.0058951513	0.1136794102
0	0.1016789507	0.1664826516	0.2391104446	0.0785430341	0.4141849191
0	0.0006368397	0.0010668399	0.0004035550	0.8193572269	0.1785355384
0	0.1218216204	0.3074459524	0.0355348548	0.0089025102	0.5262950622
0	0.0000000000	0.8091857883	0.0614547464	0.0575655714	0.0717938938
0	0.0411742877	0.2745293855	0.1015894344	0.4095521634	0.1731547289
1	0.0341161869	0.3162842319	0.2015371880	0.0813793423	0.3666830510
0	0.3744585278	0.0413552217	0.4066016994	0.0680358547	0.1095486965
0	0.0000038453	0.8176413640	0.0324609796	0.1498938111	0.0000000000
0	0.0210420999	0.0156513238	0.1163218068	0.8226488461	0.0243359234
0	0.2286006515	0.0296960445	0.1835523147	0.3978842470	0.1602667423
1	0.3247968383	0.0025345399	0.1915960354	0.0724504606	0.4086221259
0	0.9589503747	0.0207297032	0.0003929151	0.0121857829	0.0077412242
0	0.0007394309	0.0334912178	0.0000000000	0.1446608015	0.8211085499
0	0.0646757095	0.0557666184	0.6401783741	0.2142637951	0.0251155029
0	0.2656678458	0.0000269246	0.2296787439	0.2354878243	0.2691386615
0	0.0173781326	0.0349269321	0.0902980594	0.5475272662	0.3098696097
1	0.9632981840	0.0098310551	0.0031184492	0.0189912877	0.0047610240
0	0.0846983511	0.5808154368	0.0119604831	0.2641510183	0.0583747106
0	0.0485761617	0.0031508721	0.1158545907	0.3128088724	0.5196095032
0	0.6255503287	0.2702691242	0.0000049808	0.0831970854	0.0209784810
