0	0.5365348568	0.0012766097	0.4548575941	0.0000488397	0.0072820997
0	0.0006806271	0.3983326410	0.4622883722	0.1245355512	0.0141628085
0	0.6765413684	0.2557903956	0.0184040116	0.0476105442	0.0016536803
0	0.2671511144	0.1982654990	0.0003505238	0.5183628025	0.0158700603
1	0.1947787545	0.1326089680	0.1574995992	0.5151125718	0.0000001065
0	0.0233314653	0.5495993749	0.0495324904	0.3770131192	0.0005235502
0	0.0446221344	0.0451725759	0.0294469080	0.3424993346	0.5382590471
0	0.0019878475	0.2870315507	0.6887470567	0.0170439052	0.0051896399
0	0.0482898080	0.0890360383	0.2472516162	0.6130491852	0.0023733524
1	0.0031152520	0.0179219485	0.0005200006	0.5134426740	0.4650001249
0	0.0072752209	0.0039801408	0.4307115061	0.3947424039	0.1632907283
0	0.6775100774	0.2356278807	0.0096628565	0.0193407124	0.0578584730
0	0.6154021266	0.0000000000	0.0068789487	0.3712534038	0.0064655208
1	0.0005366798	0.0014997636	0.2688577435	0.0123352455	0.7167705677
0	0.3480205913	0.3157903222	0.1758170536	0.0111798978	0.1491921351
1	0.1889038398	0.1648538240	0.2986925238	0.1980681697	0.1494816427
0	0.4070735486	0.0478477588	0.0657953515	0.0369397512	0.4423435899
0	0.0127728649	0.0883295954	0.0033216851	0.2189105786	0.6766652760
0	0.0007797360	0.0279467160	0.0003541558	0.9551513164	0.0157680758
0	0.0410195831	0.2311523977	0.2054847820	0.1235519288	0.3987913084
1	0.0000000001	0.0949899003	0.0155447024	0.2001345949	0.6893308024
0	0.0039536887	0.2503271418	0.0705675850	0.4327012742	0.2424503103
2	0.4712381663	0.0349136434	0.2867672961	0.1515228061	0.0555580881
0	0.0088387568	0.0372193014	0.0401377892	0.6283940890	0.2854100636
0	0.0476287037	0.2041790158	0.1041978311	0.6292735694	0.0147208799
0	0.0000002002	0.0067079447	0.9391281742	0.0171940296	0.0369696514
0	0.6547101564	0.1480377710	0.0000526265	0.0000132337	0.1971862124
0	0.5904010414	0.2671325160	0.1364954756	0.0036122899	0.0023586771
0	0.0278499869	0.4072223590	0.2534466328	0.3114810213	0.0000000000
0	0.0437519515	0.0021778687	0.0011600795	0.7273640960	0.2255460043
0	0.8047553002	0.0447437280	0.0000000000	0.1420603921	0.0084405797
0	0.5356894386	0.1564323397	0.1240190781	0.0870066995	0.0968524441
0	0.4506495605	0.2664970659	0.2684338402	0.0077650069	0.0066545266
0	0.7669914011	0.0640516777	0.0000000000	0.0037250768	0.1652318444
0	0.3206835217	0.1261712735	0.0087194799	0.3842732919	0.1601524329
0	0.0190596883	0.7741526836	0.0659792024	0.0548850906	0.0859233351
0	0.0073120564	0.1358557648	0.0786570268	0.6191633420	0.1590118101
0	0.1287442039	0.8217859891	0.0002336411	0.0000000009	0.0492361650
0	0.1091691107	0.0771216540	0.0425956453	0.2182031477	0.5529104423
0	0.7226927381	0.0272329121	0.0083687828	0.0075326516	0.2341729154
0	0.0000001777	0.0834026146	0.0000000001	0.1532326247	0.7633645830
0	0.0000073245	0.2782325984	0.0169471962	0.7041755440	0.0006373369
0	0.0537702449	0.4084909047	0.3771373296	0.1581721388	0.0024293820
0	0.0400032533	0.0846740480	0.0002871327	0.3716857184	0.5033498477
0	0.0063978623	0.0000041118	0.0000000000	0.8376052773	0.1559927486
0	0.1671944767	0.6034312643	0.1908110441	0.0000000010	0.0385632139
0	0.0519961278	0.4152044049	0.0000159691	0.1296023555	0.4031811428
0	0.0239079388	0.2337339736	0.0265532500	0.7022104318	0.0135944058
0	0.0000035905	0.3936242030	0.0000648607	0.5884611955	0.0178461504
0	0.0962690595	0.0917962024	0.0827979380	0.4106449968	0.3184918032
0	0.0001633909	0.0000545181	0.0063518889	0.2246108236	0.7688193786
0	0.0168633742	0.1429176207	0.2318328944	0.5446267324	0.0637593782
0	0.0007624413	0.3249330012	0.3362789901	0.3020550955	0.0359704719
0	0.0366140056	0.5610928239	0.0184841820	0.3005345321	0.0832744563
0	0.0355757742	0.7956104268	0.0004240563	0.1561350048	0.0122547379
0	0.0328703056	0.0810269708	0.0260548945	0.0886722132	0.7713756158
1	0.3703024032	0.0001297416	0.0988786218	0.4577472881	0.0729419454
0	0.2374818530	0.1463647789	0.3539212492	0.0319225642	0.2303095547
1	0.2969602797	0.6618000190	0.0172058577	0.0137252625	0.0103085810
0	0.3972954182	0.1165757531	0.0008186385	0.4343735020	0.0509366882
0	0.7338995660	0.0060545149	0.0830408968	0.0813910244	0.0956139980
1	0.0020031927	0.0734840547	0.0000000000	0.7124732902	0.2120394623
1	0.0355175143	0.9036991949	0.0387089274	0.0064515399	0.0156228235
0	0.0043142622	0.5452137712	0.0000898577	0.4310658309	0.0193162780
0	0.4386229821	0.4620856280	0.0012781346	0.0968344873	0.0011787680
0	0.5208555763	0.0254857465	0.0246275649	0.4248730502	0.0041580621
1	0.0146709563	0.0041900933	0.0476725404	0.9332597475	0.0002066626
0	0.6173498705	0.1794400520	0.1839647410	0.0096511759	0.0095941607
0	0.0544758712	0.0033136370	0.0234306649	0.0514968410	0.8672829860
0	0.9010243301	0.0239356794	0.0106748121	0.0000000001	0.0643651783
0	0.5852332629	0.0016571821	0.0073432638	0.0324609390	0.3733053521
1	0.3270226725	0.2608145722	0.0000030878	0.2370454797	0.1751141878
0	0.0876527211	0.2620089561	0.3745623245	0.2756287995	0.0001471989
1	0.1606981189	0.0440280514	0.7101866260	0.0158239656	0.0692632381
1	0.1882224964	0.0843598389	0.0541466554	0.3222703995	0.3510006099
0	0.0113919473	0.2767079405	0.6417140743	0.0001532597	0.0700327782
1	0.9252466663	0.0014799882	0.0147652886	0.0459580337	0.0125500233
1	0.1566933927	0.0373661898	0.0004035620	0.7984148072	0.0071220483
0	0.0143581025	0.5237069672	0.0000016487	0.0799686794	0.3819646022
0	0.0350022879	0.6342245732	0.0000000000	0.3040485944	0.0267245444
0	0.6630622730	0.0101325348	0.0239380824	0.2398381262	0.0630289837
0	0.1640311537	0.3683151627	0.2707413547	0.0069027622	0.1900095667
0	0.0001977834	0.2572361726	0.0000140326	0.3385626324	0.4039893789
0	0.0906036828	0.6888461943	0.0017368240	0.1679374860	0.0508758130
0	0.0008842102	0.5555817842	0.1710995985	0.1729243282	0.0995100789
1	0.0525575340	0.1416165160	0.1329176308	0.6729083192	0.0000000000
0	0.0582194061	0.0679389530	0.0710493216	0.6484368444	0.1543554749
0	0.1508854704	0.0134860757	0.2100140492	0.0130220611	0.6125923436
0	0.5651669474	0.0005397064	0.1674594326	0.0003876535	0.2664462601
0	0.0321286626	0.1211238107	0.1261886200	0.7195996088	0.0009592979
0	0.0757596681	0.1720119280	0.5898101641	0.0284100076	0.1340082321
0	0.9175200486	0.0021389823	0.0034677863	0.0175357707	0.0593374121
0	0.0005565967	0.0783998171	0.0000000013	0.8678245893	0.0532189955
0	0.0649005074	0.3057649562	0.2051426626	0.4241918738	0.0000000000
0	0.1888730067	0.0041147171	0.0644190428	0.0000000001	0.7425932333
0	0.9497140797	0.0197771390	0.0023019032	0.0125293377	0.0156775404
0	0.0068436267	0.2600026063	0.2804561906	0.2061129580	0.2465846184
0	0.2138010310	0.1863826942	0.0078707003	0.5460512198	0.0458943547
0	0.1010785098	0.2238708573	0.2375496747	0.4368021132	0.0006988450
1	0.2259582042	0.4227078478	0.0001563470	0.1346743225	0.2165032784
