0	0.0000000902	0.7894555708	0.0108217495	0.1030703568	0.0966522327
0	0.4225585721	0.0696078520	0.0019058500	0.4337130516	0.0722146743
0	0.6153635050	0.2608790733	0.0000000000	0.1012341794	0.0225232423
0	0.0000000168	0.1626234716	0.0956289873	0.6395878356	0.1021596887
0	0.0000000097	0.0666105976	0.0011760420	0.0449007869	0.8873125638
0	0.0000000272	0.4577598927	0.0000000000	0.5163545677	0.0258855125
0	0.0002334402	0.2208012659	0.0115573501	0.3062326401	0.4611753037
0	0.0190279698	0.0000086741	0.0128110267	0.5919685299	0.3761837994
0	0.0000000000	0.2076785845	0.0084639372	0.7574422284	0.0264152498
0	0.0415461949	0.3185888427	0.0000000010	0.5651562910	0.0747086705
0	0.1878882242	0.2900039615	0.1034523247	0.0536591799	0.3649963097
0	0.2596735804	0.2415764325	0.3491528612	0.1495757747	0.0000213512
0	0.1993687138	0.0002868129	0.7053861521	0.0947948642	0.0001634570
0	0.3921541051	0.5518680184	0.0194474418	0.0365293405	0.0000010942
1	0.0000428877	0.2362381456	0.0000011653	0.0874567693	0.6762610320
0	0.2867803784	0.0091257964	0.1722173347	0.1015612559	0.4303152346
0	0.5694141252	0.0165889710	0.0243941678	0.0000000000	0.3896027360
0	0.4412559729	0.0484955369	0.3571117878	0.0264789259	0.1266577764
0	0.0000000000	0.1406752613	0.0055502714	0.8536585049	0.0001159625
0	0.0281931619	0.8488939351	0.0000003276	0.1161599554	0.0067526200
1	0.1809038153	0.4177195822	0.1267957678	0.0180491301	0.2565317046
0	0.0993580583	0.0081064469	0.0075857047	0.8796267079	0.0053230821
1	0.0388255178	0.0005745579	0.0341419245	0.9077376149	0.0187203849
0	0.6462675774	0.0998067031	0.2534011575	0.0005233075	0.0000012545
1	0.2083508608	0.0382682150	0.0698408687	0.0376196595	0.6459203961
0	0.1113359304	0.0496114098	0.3127093371	0.4755410890	0.0508022337
1	0.1024291570	0.6519843987	0.0045732280	0.2345960078	0.0064172086
0	0.1144761154	0.1054787590	0.0156922774	0.5685686394	0.1957842089
0	0.0409760237	0.0180424624	0.0000013020	0.7898625838	0.1511176281
0	0.0018384442	0.2894036282	0.2360087577	0.0000000000	0.4727491699
1	0.0007774692	0.3056293246	0.1579324565	0.3289971938	0.2066635559
0	0.9627299365	0.0167513095	0.0194032908	0.0007414372	0.0003740259
0	0.0326322979	0.0037394831	0.0000620183	0.0334334142	0.9301327866
0	0.1035055121	0.1607888022	0.0436936629	0.0592295286	0.6327824941
1	0.2841020327	0.1258601218	0.0561390565	0.5337605661	0.0001382229
0	0.0024018220	0.4993854811	0.0016586420	0.0000000061	0.4965540487
0	0.4270584252	0.2374194057	0.0040022726	0.3297881132	0.0017317832
0	0.6328601969	0.2071245477	0.0064797004	0.1371552704	0.0163802847
0	0.0000000009	0.6470294108	0.0000002191	0.0311823688	0.3217880004
0	0.2604815044	0.2552102947	0.0381704427	0.2035608065	0.2425769517
0	0.0144769803	0.6667437017	0.0000352398	0.3187440782	0.0000000000
1	0.2513480021	0.0224786194	0.2685414137	0.4524020493	0.0052299156
1	0.0272940983	0.7033509702	0.0103039973	0.2571728463	0.0018780879
0	0.0000000000	0.1318475030	0.2504890977	0.5871958642	0.0304675351
0	0.2549123164	0.2602762269	0.0939948045	0.3907875199	0.0000291324
0	0.0033279877	0.9962063761	0.0000000000	0.0001024754	0.0003631607
0	0.2107214474	0.0634693744	0.5890796427	0.0546800057	0.0820495299
1	0.0713213107	0.0000046829	0.4314541898	0.1120171517	0.3852026648
0	0.0195715525	0.8688197988	0.0000000000	0.0378746725	0.0737339762
0	0.0003617226	0.2394755370	0.5282836994	0.2276086585	0.0042703826
0	0.0079203839	0.0839344774	0.3205345241	0.0484411243	0.5391694902
0	0.0004680262	0.1374283298	0.0966378778	0.5782551692	0.1872105970
0	0.0078868665	0.7025962732	0.0072306895	0.1391224739	0.1431636968
0	0.5065388058	0.0046701938	0.1312607169	0.3450723847	0.0124578989
0	0.6834800264	0.1011243306	0.0168786219	0.0055404482	0.1929765729
1	0.1432954915	0.7719068659	0.0298874639	0.0458172101	0.0090929687
0	0.0073031495	0.4340630029	0.0833205170	0.3209657293	0.1543476013
0	0.4937992288	0.1371191633	0.1932822297	0.1158458228	0.0599535554
0	0.1899324024	0.1192534300	0.1377764352	0.0022736786	0.5507640539
0	0.0775662518	0.2151904070	0.1277898292	0.1022067225	0.4772467896
0	0.2152726185	0.0887713243	0.1600427167	0.5341897590	0.0017235815
0	0.3595002312	0.0826182833	0.0019885636	0.0584757158	0.4974172060
0	0.0821361632	0.4502138096	0.1188620664	0.3428172450	0.0059707158
0	0.1466693544	0.1124696000	0.0006666091	0.6240678809	0.1161265555
0	0.0794229311	0.4426124011	0.0818863808	0.3181323898	0.0779458973
1	0.0117203238	0.8757737769	0.0000000000	0.0204496857	0.0920562136
1	0.0466848701	0.1109542333	0.2012948055	0.2045160607	0.4365500304
0	0.0129739320	0.0033982330	0.0000295091	0.7893350078	0.1942633181
0	0.7090661743	0.2692793749	0.0000000430	0.0094860936	0.0121683142
0	0.0368780683	0.1536158853	0.5876834817	0.2134310183	0.0083915465
0	0.1605500047	0.6340824256	0.0478384055	0.1570590294	0.0004701349
1	0.2108937054	0.4850656464	0.0000002074	0.3008164702	0.0032239706
0	0.0822098794	0.1271293726	0.1476638482	0.0328533879	0.6101435120
0	0.1605825647	0.6025757149	0.0000000000	0.0206512442	0.2161904762
0	0.3836382252	0.0185106567	0.0025213245	0.0015200576	0.5938097359
0	0.0215463756	0.0210925182	0.0361804527	0.8427481544	0.0784324991
0	0.0191686947	0.0015037685	0.0015188960	0.8574161990	0.1203924418
0	0.0000221254	0.6310583101	0.0002932922	0.3506429523	0.0179833201
0	0.0893113915	0.2271911451	0.0331212278	0.4234791194	0.2268971162
0	0.0721913947	0.0567234398	0.1917173325	0.1182152317	0.5611526013
0	0.0343178614	0.3514093205	0.1283017052	0.0030320608	0.4829390521
0	0.0999853510	0.5100004812	0.0968916363	0.2795422884	0.0135802432
0	0.0132569759	0.5161351876	0.1987773088	0.0000001551	0.2718303727
0	0.0452449753	0.0037035330	0.1407144064	0.3120789056	0.4982581797
0	0.2912621101	0.4102120807	0.1169742887	0.0891157546	0.0924357659
0	0.0076744792	0.2560073011	0.4061732989	0.3038033131	0.0263416077
1	0.0203003133	0.5829839588	0.3463928294	0.0006462073	0.0496766913
0	0.0000000000	0.0222146313	0.0000000000	0.9707042581	0.0070811106
0	0.0074818882	0.0546255099	0.0057816999	0.6650733319	0.2670375701
0	0.0000634462	0.0450853367	0.0101986710	0.0329158412	0.9117367049
0	0.0616438475	0.6298833281	0.0056322373	0.3008433180	0.0019972690
0	0.2997514643	0.0000000024	0.0220333196	0.3412010294	0.3370141843
2	0.5807611695	0.1272276727	0.0000668040	0.2212403936	0.0707039602
0	0.2464124746	0.0147088393	0.1559848478	0.5108703759	0.0720234624
0	0.2061403222	0.0015375485	0.7692323170	0.0106977003	0.0123921120
0	0.2383342288	0.3955192111	0.0235186713	0.2982462636	0.0443816252
0	0.6385344636	0.0000000000	0.1666940709	0.1911875891	0.0035838763
0	0.0468560901	0.0028222835	0.0221950115	0.8787933328	0.0493332820
0	0.1908605175	0.0300312659	0.0212827776	0.6600651975	0.0977602414
0	0.0275530950	0.2006724376	0.3350442212	0.1312332732	0.3054969731
