0	0.8118584383	0.0357956398	0.0003831475	0.1326344672	0.0193283072
1	0.2392351404	0.1114155506	0.1210981266	0.4828763090	0.0453748734
1	0.2417687686	0.6418284965	0.0581759184	0.0025916242	0.0556351924
1	0.0570999911	0.0505425949	0.0185034954	0.0056506883	0.8682032302
0	0.0004603085	0.0659626295	0.0000000064	0.4774152133	0.4561618423
0	0.5135413878	0.3183830101	0.0495785649	0.1101374274	0.0083596099
0	0.2952678001	0.3472282378	0.0080538946	0.2392271257	0.1102229418
0	0.7147750756	0.0516817250	0.0029431285	0.1696314054	0.0609686655
0	0.2494516300	0.0407761291	0.2411773070	0.0130754184	0.4555195154
0	0.0612212908	0.0312276880	0.5481886517	0.0931695489	0.2661928206
0	0.0351108869	0.9000820264	0.0240358402	0.0388646975	0.0019065490
0	0.1309764967	0.5276181601	0.0000002696	0.1131951632	0.2282099103
0	0.0105088834	0.0302374329	0.0033081414	0.1533363514	0.8026091909
0	0.2501387491	0.0000021894	0.0496169089	0.6122382299	0.0880039226
1	0.9201302019	0.0477912133	0.0039879097	0.0258416148	0.0022490603
0	0.3030141776	0.0567102284	0.4045475548	0.0004988390	0.2352292002
0	0.2748089971	0.0477898469	0.0000051362	0.6706987288	0.0066972910
0	0.5532086821	0.0908237770	0.0011434888	0.3264594833	0.0283645687
0	0.1755130029	0.2362237063	0.0319625261	0.3061089593	0.2501918054
0	0.0249564778	0.0635415514	0.0000000011	0.8725966053	0.0389053643
1	0.0332969562	0.4650304389	0.0000686622	0.4795644798	0.0220394629
0	0.1640695909	0.2991969711	0.0000000000	0.3214945652	0.2152388728
0	0.2673192632	0.0314054453	0.3378370083	0.3294887180	0.0339495652
0	0.2367807675	0.2638279803	0.0049599208	0.4267257767	0.0677055546
0	0.4824263215	0.4788439210	0.0209917344	0.0177357594	0.0000022637
0	0.3438554466	0.3218476710	0.1357829533	0.1546261026	0.0438878267
1	0.0763424292	0.0733557011	0.0204844617	0.0951255822	0.7346918258
0	0.0002384253	0.0893976524	0.0000085491	0.8833903627	0.0269650106
0	0.0520526929	0.2597408616	0.0000033851	0.6725773217	0.0156257386
0	0.0108321500	0.0541610898	0.0387598308	0.2587521128	0.6374948166
1	0.0000213224	0.0663858165	0.0000387492	0.0273493048	0.9062048070
0	0.0327069050	0.0492341240	0.0587169363	0.1653776578	0.6939643770
0	0.0523579531	0.0012110813	0.0100046561	0.0451254355	0.8913008740
0	0.3442315659	0.6157925379	0.0122843442	0.0160998631	0.0115916888
0	0.8925485796	0.0972980492	0.0078965012	0.0022568662	0.0000000038
0	0.8858280888	0.0350861324	0.0029115107	0.0054981901	0.0706760781
0	0.7490174670	0.0455340371	0.0443778525	0.0648605536	0.0962100898
0	0.5321822058	0.1862275097	0.0169445564	0.2254282171	0.0392175110
0	0.0331000521	0.0783925936	0.0540434723	0.3203249188	0.5141389632
0	0.6079943945	0.2834279895	0.0262205812	0.0294280367	0.0529289981
1	0.2137113129	0.5549064436	0.0506455728	0.1681286079	0.0126080627
1	0.4665314128	0.0003993535	0.0557969724	0.3690967149	0.1081755464
0	0.2582897942	0.3142097846	0.2968385299	0.0008655110	0.1297963804
0	0.0000001911	0.0775976938	0.3821427671	0.0472603856	0.4929989623
0	0.0296895976	0.0290728243	0.0132782635	0.0776456784	0.8503136361
1	0.4156132949	0.1604440130	0.0000000691	0.0005048601	0.4234377629
0	0.9376012662	0.0054852351	0.0030900499	0.0128750262	0.0409484226
0	0.0000850548	0.1741301891	0.0353186193	0.7603784842	0.0300876525
0	0.3111837095	0.0120008235	0.0000147560	0.6738299207	0.0029707903
0	0.1550794476	0.1491259687	0.2248181244	0.3835204369	0.0874560224
0	0.0012016574	0.7843084256	0.0118492392	0.1646196969	0.0380209809
0	0.0528335546	0.2943575930	0.0459052489	0.5852793708	0.0216242326
1	0.0047015551	0.4492274645	0.4032770488	0.0817069016	0.0610870300
0	0.0579487501	0.3052906487	0.4377916649	0.0002660154	0.1987029210
1	0.7366127521	0.0374527694	0.0295816164	0.0319716390	0.1643812231
0	0.4364921156	0.2287308056	0.0000000003	0.2027080879	0.1320689906
1	0.1082047163	0.0021113498	0.1918348613	0.0466360410	0.6512130316
0	0.2483823636	0.0378777063	0.0000000000	0.4108241216	0.3029158085
0	0.1760533629	0.2798556551	0.0001422077	0.5421140599	0.0018347144
1	0.0000220797	0.4356370069	0.0000128549	0.2669181203	0.2974099381
0	0.5418041877	0.0069996250	0.0756114211	0.1082590176	0.2673257487
0	0.3881690472	0.2641435848	0.0489835375	0.0143797813	0.2843240492
0	0.4085082844	0.0061722816	0.0107868444	0.4812371689	0.0932954208
0	0.4314008456	0.2525569268	0.0000481580	0.1160605191	0.1999335505
0	0.0501029204	0.7024028134	0.0091431600	0.0121956538	0.2261554524
0	0.6105286679	0.1150846648	0.0000935784	0.2534425505	0.0208505384
0	0.1326226830	0.0844542582	0.0198737916	0.0126491635	0.7504001036
0	0.9465783046	0.0053976212	0.0264233716	0.0070540910	0.0145466116
0	0.8257006210	0.0469312622	0.0678209099	0.0559047080	0.0036424990
1	0.0000305381	0.2394838270	0.0773132684	0.3385166441	0.3446557224
1	0.0803948977	0.4343655371	0.0147260014	0.0336360748	0.4368774890
0	0.3805811676	0.0338293429	0.0029892440	0.4416407308	0.1409595146
0	0.0894343098	0.8539602157	0.0000073830	0.0000000024	0.0565980891
0	0.5633315972	0.1606655903	0.0216167090	0.0009636749	0.2534224287
0	0.3224876917	0.0301645505	0.0022075363	0.6238357723	0.0213044491
0	0.4043855123	0.2040215286	0.2762246694	0.0431176066	0.0722506831
0	0.1018406303	0.4960385380	0.0058563015	0.2018515301	0.1944130001
0	0.0477030573	0.1958327221	0.4771102014	0.1468511279	0.1325028913
0	0.0009484657	0.0684611829	0.0000438060	0.1003976699	0.8301488755
0	0.2511729007	0.3662326821	0.0000000000	0.3245580887	0.0580363285
1	0.2515662935	0.0013271504	0.1445083014	0.3107467761	0.2918514785
0	0.0015713569	0.0303711499	0.2226242313	0.1808861109	0.5645471510
1	0.0151659577	0.0070954649	0.0057877436	0.9458269098	0.0261239240
0	0.0090782837	0.4640443181	0.0003740992	0.0244657357	0.5020375633
2	0.2845230325	0.3250755424	0.0000000000	0.3887108080	0.0016906171
1	0.8347857596	0.0025362678	0.0085962090	0.1144418990	0.0396398646
0	0.0149606037	0.0000040940	0.2925733543	0.5003849698	0.1920769783
0	0.2032295055	0.1415143214	0.5409192104	0.1143345541	0.0000024086
0	0.3301992549	0.0939603404	0.3640305808	0.2118097905	0.0000000333
0	0.0027590124	0.4642921780	0.3951720391	0.0347395609	0.1030372096
0	0.3086045105	0.0104131759	0.0426487539	0.4290414465	0.2092921132
0	0.1070186454	0.0217329754	0.0482312556	0.8020419629	0.0209751608
0	0.1434891448	0.1026779013	0.0153696609	0.0000000001	0.7384632930
0	0.0716999105	0.1339869346	0.1176240149	0.5306524346	0.1460367054
0	0.0059624874	0.0038755072	0.0000000002	0.0246083235	0.9655536817
0	0.2216642439	0.4875663611	0.2672084259	0.0016460769	0.0219148922
0	0.5972351011	0.0002867851	0.0011524985	0.0188742690	0.3824513463
1	0.0010179865	0.9061814545	0.0531602586	0.0284418002	0.0111985003
1	0.6648453966	0.0000000238	0.1187588295	0.0000229759	0.2163727742
0	0.0299215539	0.0601193937	0.2376056709	0.6596439250	0.0127094566
