0	0.1671748651	0.0005116145	0.0000007391	0.8321927448	0.0001200365
1	0.0921895544	0.0000044530	0.0018274833	0.0164784616	0.8895000478
0	0.3171300398	0.0000018717	0.6187876735	0.0361888282	0.0278915868
1	0.8437399036	0.0612675891	0.0000235634	0.0010409016	0.0939280423
0	0.0069168466	0.0007408983	0.0110440549	0.0000000000	0.9812982003
0	0.1029664694	0.1656827888	0.2283803803	0.0000011054	0.5029692561
0	0.4892859224	0.3342192805	0.0158216663	0.0007763560	0.1598967748
0	0.3437938197	0.5284451383	0.0039722127	0.0020459567	0.1217428725
0	0.2754103417	0.4696161461	0.2066918795	0.0294887822	0.0187928506
0	0.6740837040	0.0149009373	0.0295078412	0.2746296871	0.0068778304
0	0.9013065319	0.0232123226	0.0000000000	0.0754792355	0.0000019100
0	0.0162956655	0.1138601020	0.0801473100	0.7799548060	0.0097421165
0	0.0002260093	0.2928622050	0.0139513753	0.2113714617	0.4815889487
1	0.0799306952	0.0111455487	0.6159876194	0.2923140646	0.0006220719
0	0.6497073738	0.2546570947	0.0047818981	0.0371539816	0.0536996519
0	0.0266107560	0.0550401400	0.0000000000	0.8945702765	0.0237788275
1	0.0000659603	0.6737139664	0.1864919635	0.1387988947	0.0009292151
0	0.8721316540	0.0303427858	0.0000000000	0.0300457986	0.0674797616
0	0.3552909005	0.2356880337	0.0566064633	0.3412446562	0.0111699463
0	0.0253837099	0.5244203116	0.1847822984	0.0877206485	0.1776930316
0	0.0000284814	0.1728210674	0.0000266518	0.5414539304	0.2856698689
0	0.0047050924	0.0301447280	0.3728416728	0.5748758895	0.0174326174
0	0.2971058979	0.0000066297	0.0263577811	0.3665333389	0.3099963524
0	0.1966230480	0.0008507727	0.2835788049	0.4987075836	0.0202397908
1	0.0124578799	0.7535281808	0.0004302696	0.0054856670	0.2280980026
0	0.0907430410	0.0506288593	0.0030673182	0.1277700162	0.7277907652
0	0.0089883473	0.0161427788	0.8659056507	0.0077081487	0.1012550745
0	0.0033947706	0.0886525847	0.0512339268	0.3576692805	0.4990494373
1	0.4353024919	0.0126176144	0.1567820592	0.0087925363	0.3865052982
0	0.0169600591	0.0000000001	0.3673726833	0.1753238079	0.4403434496
0	0.0765230092	0.1821279915	0.3798603996	0.0367546415	0.3247339582
0	0.1051503650	0.2413044757	0.1477541019	0.1272961759	0.3784948816
0	0.0748120020	0.0750031655	0.3372584385	0.3164804901	0.1964459039
1	0.0838354909	0.5171654897	0.3989829297	0.0000160805	0.0000000092
0	0.2013917429	0.3109197503	0.2671503233	0.0019834301	0.2185547534
0	0.3723011673	0.0616634927	0.0256633191	0.0039844859	0.5363875350
2	0.0216393236	0.5402421460	0.0000000000	0.3006151514	0.1375033790
0	0.5192928926	0.1223071602	0.1873728312	0.0006682925	0.1703588235
0	0.2775584939	0.5864676388	0.0000194340	0.1255782683	0.0103761649
0	0.0000000003	0.0261736533	0.7978636350	0.0702360780	0.1057266334
1	0.0159387832	0.5841652913	0.0139827983	0.0275332389	0.3583798883
0	0.0270692014	0.0605290762	0.1533736750	0.7502732281	0.0087548193
1	0.4660627830	0.0900878224	0.1493748669	0.2689938920	0.0254806357
0	0.0000987822	0.4529594416	0.0093158331	0.0484904762	0.4891354670
0	0.0662370644	0.0000057234	0.0000892785	0.2723436393	0.6613242945
0	0.9191408141	0.0460887074	0.0000001877	0.0001577641	0.0346125267
1	0.4946469206	0.0959769051	0.0000000199	0.0013003025	0.4080758520
0	0.0000000000	0.0234751083	0.4997712401	0.2226062992	0.2541473524
1	0.0628556633	0.9165948043	0.0020807288	0.0175255176	0.0009432860
1	0.2138897250	0.0336133115	0.0021126852	0.1228850464	0.6274992319
1	0.0675724166	0.1371396507	0.0040611246	0.6975850155	0.0936417926
0	0.0420596142	0.0414103216	0.9076054312	0.0089236501	0.0000009828
0	0.0000000035	0.3276851288	0.0000128867	0.6722842572	0.0000177238
1	0.0013252697	0.0087147849	0.1519296397	0.6492647534	0.1887655523
0	0.2270581027	0.1195839669	0.0000145171	0.0994141393	0.5539292740
1	0.1937456075	0.3004772961	0.0016241763	0.5041500871	0.0000028330
0	0.0350117992	0.8829622699	0.0129867741	0.0226782685	0.0463608883
0	0.0001833088	0.7687803973	0.1375371998	0.0286377595	0.0648613346
1	0.8488615265	0.0100784059	0.0000000740	0.0836046888	0.0574553048
0	0.4341350397	0.0477166602	0.1021570570	0.1680838473	0.2479073958
0	0.0288721277	0.0146366803	0.1984965570	0.3146302707	0.4433643643
1	0.1375658888	0.3326469083	0.0003707335	0.1093470875	0.4200693819
0	0.0000000000	0.6284169805	0.3505339103	0.0158405787	0.0052085305
0	0.1213617429	0.3967722172	0.1078945201	0.2924867509	0.0814847689
0	0.3706911554	0.1455653369	0.2717045359	0.0850561364	0.1269828355
0	0.1237788164	0.0884660897	0.0015122712	0.1072470042	0.6789958185
0	0.0019947829	0.0643460598	0.0000000000	0.4907870767	0.4428720806
0	0.0004593259	0.0804202152	0.1650696495	0.0828496777	0.6712011316
0	0.0497787588	0.2752244690	0.3083846070	0.3119452765	0.0546668887
0	0.2737334045	0.0084692036	0.0000013424	0.6033523109	0.1144437386
1	0.0872736077	0.0500050086	0.0081681787	0.0271557607	0.8273974444
0	0.0437635687	0.0452734329	0.0811879316	0.1040113875	0.7257636792
0	0.0010615146	0.0142564707	0.0811534316	0.0476127313	0.8559158518
0	0.5243587226	0.0180598442	0.0766061974	0.3667711761	0.0142040597
0	0.0000000000	0.1085078538	0.0355127732	0.6284589947	0.2275203782
0	0.0071916673	0.1116000715	0.0009608282	0.8345395292	0.0457079038
0	0.0004880379	0.1267208458	0.0042864013	0.0000008381	0.8685038768
0	0.8449753207	0.0751488805	0.0341151478	0.0268603785	0.0189002725
0	0.0243824622	0.0217354277	0.0000002173	0.2513024549	0.7025794379
1	0.4007354000	0.1303797536	0.1849865847	0.0473067690	0.2365914927
0	0.0003262564	0.0095612251	0.0782397976	0.8450013837	0.0668713371
0	0.2658718439	0.0001265835	0.2053022823	0.4178618648	0.1108374255
0	0.0732415567	0.3366997574	0.0457453281	0.5118702361	0.0324431216
0	0.1330569601	0.0177810587	0.7831798195	0.0424367056	0.0235454560
0	0.1901915344	0.4331327533	0.1754917612	0.0236398739	0.1775440772
0	0.1480444840	0.2585682923	0.1323168729	0.3927135962	0.0683567545
0	0.0651172414	0.0000002269	0.3523350154	0.2060862521	0.3764612642
1	0.3350948287	0.2842958140	0.3323980986	0.0150980126	0.0331132460
0	0.7598732004	0.0881209335	0.0015431570	0.1036847280	0.0467779812
0	0.3294501151	0.1431960789	0.2796174093	0.0974005018	0.1503358950
0	0.0206398725	0.3367902469	0.1044155122	0.5379914281	0.0001629402
0	0.4511890914	0.0269472629	0.0545245246	0.2190442801	0.2482948411
1	0.5908355151	0.1348935093	0.0594102647	0.1098816335	0.1049790775
0	0.0425874797	0.0844671997	0.0075753234	0.0010078575	0.8643621397
0	0.0551762031	0.7483367185	0.1135702723	0.0237606883	0.0591561177
0	0.8719198715	0.0302710283	0.0088931859	0.0083213775	0.0805945368
1	0.1128077990	0.3630077043	0.0018447012	0.3558702070	0.1664695885
0	0.2378136363	0.0000069997	0.0067870691	0.3410393776	0.4143529173
0	0.3736233881	0.3029035266	0.0013885673	0.0195994172	0.3024851007
0	0.8475728412	0.0246115623	0.0041679348	0.0000063840	0.1236412777
