0	0.0310756152	0.0786841897	0.0309514658	0.3381827787	0.5211059505
0	0.8808960294	0.0018114393	0.0639232181	0.0209490100	0.0324203031
0	0.2152884567	0.7785874407	0.0000000000	0.0057327975	0.0003913051
0	0.1718929320	0.0163036364	0.5575028309	0.2414840132	0.0128165875
0	0.1208114110	0.0472344101	0.0006708251	0.0137420847	0.8175412690
0	0.7691050601	0.0636903247	0.1168848574	0.0150687711	0.0352509867
1	0.5368926269	0.0002869957	0.0000065309	0.3213304596	0.1414833870
0	0.4943248089	0.2342752201	0.0000000000	0.2388941668	0.0325058042
0	0.4169615984	0.0621836350	0.2131701319	0.1438728429	0.1638117918
0	0.9152625789	0.0187994904	0.0016329979	0.0632383658	0.0010665669
0	0.1536569803	0.1089725942	0.7126108063	0.0071626445	0.0175969747
0	0.4121273677	0.4617264735	0.0387379124	0.0003411738	0.0870670726
1	0.0000000004	0.2452035099	0.0007468478	0.4440901397	0.3099595022
0	0.0408807207	0.0397665693	0.0019005054	0.9174522029	0.0000000018
2	0.0519118948	0.0638516560	0.1819568022	0.7018698578	0.0004097892
0	0.4933233974	0.2905972929	0.0340796030	0.1582578569	0.0237418497
0	0.0311861038	0.0284262061	0.0000003855	0.1144841907	0.8259031138
0	0.0383071839	0.0310076079	0.0000000753	0.7187500154	0.2119351175
0	0.5161206113	0.2409918814	0.1634580592	0.0794294472	0.0000000008
0	0.0042854777	0.0136006637	0.8155519062	0.1665547395	0.0000072128
1	0.0011484265	0.6297759752	0.2298427060	0.0016282126	0.1376046796
0	0.0684571940	0.0000151337	0.0033399326	0.7146619189	0.2135258208
0	0.3688205036	0.3028761093	0.0000016113	0.1271751164	0.2011266595
0	0.3885274410	0.2280957916	0.0000000000	0.3665515809	0.0168251865
0	0.4201124524	0.0002055935	0.3422352242	0.2374467258	0.0000000042
0	0.0369141963	0.4278749745	0.0001278447	0.5319822949	0.0031006896
0	0.0052365265	0.0956551533	0.0727034968	0.7591374051	0.0672674184
0	0.5207185384	0.2618861818	0.0296291334	0.1575149129	0.0302512335
0	0.0002243645	0.6860479303	0.1403771218	0.0080204699	0.1653301135
0	0.4474750917	0.0026740312	0.3523445243	0.0950291615	0.1024771914
0	0.2612528797	0.2235869773	0.0551785730	0.3894976366	0.0704839335
0	0.6063853360	0.0618360180	0.0023819398	0.0590164379	0.2703802683
0	0.9736006528	0.0000000062	0.0011148382	0.0225662057	0.0027182972
0	0.7986178033	0.0306442044	0.1398602019	0.0124925153	0.0183852751
0	0.2734008277	0.1320153445	0.2981019924	0.1981241193	0.0983577161
1	0.1759056220	0.0819928667	0.0322431162	0.1278387324	0.5820196627
0	0.2340010373	0.6069432460	0.0166876483	0.1330226976	0.0093453709
0	0.1982673206	0.2457063389	0.0799384474	0.2638031033	0.2122847898
0	0.1414661383	0.1523830980	0.0000000000	0.0322195144	0.6739312492
1	0.2420791719	0.0000016830	0.1352080907	0.0532185819	0.5694924726
0	0.0426308364	0.4535513770	0.0581922191	0.4264572929	0.0191682745
0	0.4510714591	0.0058942708	0.0000226196	0.3582852299	0.1847264206
0	0.2268502450	0.0000034999	0.1261960655	0.3315318172	0.3154183724
1	0.8667322155	0.1208679890	0.0022964852	0.0101032155	0.0000000948
0	0.0072741731	0.0356921815	0.0726527208	0.7918035220	0.0925774026
0	0.0736903559	0.1118660032	0.0000771010	0.7689753695	0.0453911704
1	0.4526735199	0.3596534094	0.1720922490	0.0147150837	0.0008657380
0	0.2202181310	0.2040062384	0.2932120948	0.0297878185	0.2527757173
0	0.2014649412	0.1962478630	0.0026954077	0.4253654604	0.1742263277
0	0.0014740121	0.5069460093	0.0000000000	0.0002848450	0.4912951336
0	0.9125793374	0.0204876504	0.0000000257	0.0499266760	0.0170063104
0	0.0647553238	0.5667006017	0.3064260316	0.0060637163	0.0560543266
0	0.1615473833	0.6618116148	0.0015983605	0.1741322431	0.0009103983
0	0.1152243528	0.6461598423	0.1443546530	0.0000000001	0.0942611518
0	0.1693234624	0.1827394599	0.0041696635	0.6435998134	0.0001676008
1	0.0846750306	0.0824268124	0.2295381178	0.6024966011	0.0008634380
1	0.0339407555	0.3522738353	0.3066001671	0.2815123307	0.0256729114
1	0.0933350575	0.0644607663	0.0017795050	0.1900305522	0.6503941191
1	0.3703368112	0.2648354417	0.1042905340	0.2134859743	0.0470512388
0	0.1178073523	0.2525820106	0.1145509808	0.2953165272	0.2197431291
0	0.0000001503	0.0000003188	0.4731301642	0.4226598339	0.1042095329
0	0.2363606281	0.4027971705	0.0386211849	0.0464746383	0.2757463781
1	0.9553274338	0.0021721116	0.0015900792	0.0272931544	0.0136172209
0	0.2861705924	0.2072137308	0.0000000001	0.5066156768	0.0000000000
0	0.1901265252	0.0551944204	0.1479929948	0.1316561952	0.4750298644
1	0.0634511242	0.0015531032	0.8178552188	0.0147495546	0.1023909992
0	0.0033585240	0.4790277103	0.0296639927	0.4762762003	0.0116735728
0	0.0960489419	0.0000305302	0.0358995286	0.0233982246	0.8446227748
0	0.0000000000	0.0010031875	0.4636776262	0.3417390271	0.1935801592
1	0.1898980582	0.2214875565	0.5068534681	0.0475144905	0.0342464267
0	0.2551323787	0.0579234983	0.0745355590	0.2303258801	0.3820826840
0	0.0151992045	0.0035763081	0.0006579379	0.0000002116	0.9805663379
0	0.1987033651	0.0098615427	0.0000000000	0.7473768278	0.0440582644
0	0.1898550812	0.4786292774	0.2483943155	0.0003354228	0.0827859032
0	0.5400714600	0.2988638315	0.0002084637	0.0063907231	0.1544655217
0	0.0316785804	0.0286453114	0.0482130884	0.6576499521	0.2338130677
0	0.1505070912	0.2810686607	0.2833017744	0.0154141752	0.2697082985
0	0.6149575701	0.0022113863	0.0000000215	0.3216574198	0.0611736023
0	0.0200336614	0.5059052603	0.1335629625	0.2414963031	0.0990018127
0	0.0025648997	0.3801087507	0.2106651878	0.3062940932	0.1003670686
0	0.1673814592	0.0258339969	0.0000000000	0.5407112225	0.2660733214
0	0.0463321571	0.0172690973	0.0750063548	0.6299885585	0.2314038323
1	0.1498027452	0.0107852062	0.1154625059	0.7206404045	0.0033091383
0	0.3616688533	0.0758149142	0.0334947311	0.4439732912	0.0850482102
0	0.0001234430	0.5297580469	0.0135916486	0.4544872419	0.0020396195
0	0.1820127413	0.0083867489	0.4258838836	0.3615260947	0.0221905316
0	0.2245738628	0.0111849931	0.7600877608	0.0034699011	0.0006834822
0	0.5500155514	0.0500948095	0.0000000000	0.0148413753	0.3850482638
1	0.2883373641	0.0859291088	0.0000000008	0.4009723876	0.2247611387
0	0.0256192354	0.0243482126	0.7264608865	0.0098093593	0.2137623062
0	0.1069007265	0.6513579482	0.0034074599	0.0530354166	0.1852984488
0	0.2255498126	0.0224581764	0.0000000002	0.4307708203	0.3212211905
0	0.0252825305	0.8299232162	0.0798634482	0.0049801668	0.0599506383
0	0.1675240229	0.0007363635	0.2145351390	0.0013761917	0.6158282829
0	0.0105887799	0.3073466443	0.0005971338	0.1337380066	0.5477294354
1	0.1493144072	0.0296379951	0.1488927694	0.0100387179	0.6621161104
0	0.6438021832	0.0000593031	0.0151108521	0.0584929861	0.2825346755
0	0.2199768153	0.0000000000	0.7373286941	0.0087012209	0.0339932697
0	0.0011292371	0.2088811025	0.0875301155	0.4970468288	0.2054127161
1	0.0881219247	0.5439044193	0.0349820843	0.3329915717	0.0000000000
