0	0.0043780162	0.0076024697	0.4608390875	0.4761835151	0.0509969116
0	0.3899095620	0.2465484918	0.0000000000	0.3201459945	0.0433959516
0	0.0793008615	0.8350142477	0.0011980976	0.0545707256	0.0299160676
0	0.0039071984	0.0465902853	0.2221904840	0.7068790703	0.0204329619
0	0.0041576927	0.0051252317	0.0001101155	0.7015531722	0.2890537879
0	0.0350880342	0.0015615910	0.7172841421	0.0351168807	0.2109493520
0	0.0391667457	0.3636227725	0.0303485005	0.5657440723	0.0011179089
0	0.0925980925	0.5295435411	0.1697025049	0.1420894359	0.0660664255
1	0.0261832872	0.3203310167	0.5389617149	0.0321877536	0.0823362276
0	0.1223867416	0.6270309026	0.0559175276	0.0553842496	0.1392805787
0	0.0070519107	0.1355237986	0.0227760222	0.2267766202	0.6078716483
0	0.0000007489	0.0701154112	0.0035224957	0.3850473327	0.5413140115
0	0.7517327662	0.1693931245	0.0054755926	0.0000010556	0.0733974612
0	0.1620736000	0.3003731609	0.0016612889	0.0104928596	0.5253990905
0	0.0000000000	0.5289787417	0.0001454551	0.1325590479	0.3383167552
0	0.0050888552	0.0002738515	0.7576941557	0.2369430980	0.0000000396
0	0.5074517932	0.0139184613	0.0112134691	0.0077630874	0.4596531890
0	0.0000481748	0.1198569838	0.0020187904	0.7822715221	0.0958045288
0	0.0873956942	0.4967473995	0.3268835436	0.0418936108	0.0470797519
0	0.6890129418	0.1085314517	0.0806165858	0.0399587412	0.0818802795
0	0.4792779030	0.1085972632	0.0705921804	0.2880344945	0.0534981589
0	0.1580060694	0.2815945811	0.0588843015	0.0011231789	0.5003918691
0	0.2038096987	0.1022276340	0.5983482076	0.0754866770	0.0201277827
2	0.9405525515	0.0138388203	0.0077886763	0.0377649547	0.0000549971
0	0.1001281921	0.5333090140	0.1409274852	0.1703388404	0.0552964683
0	0.3129458842	0.2272244686	0.2786638876	0.0984380616	0.0827276979
0	0.0004122060	0.0261746905	0.2014596030	0.7347438559	0.0372096446
0	0.0035381539	0.0626312573	0.7209970065	0.1360778437	0.0767557386
0	0.0023672785	0.4727637851	0.2223112149	0.2021973864	0.1003603351
0	0.0000000060	0.6313552002	0.0416811976	0.2713080584	0.0556555378
0	0.0527077184	0.0659805292	0.0376115590	0.8273255185	0.0163746748
1	0.0000059293	0.0002319567	0.0960723070	0.7436031197	0.1600866873
1	0.0268087393	0.0000000101	0.6346759750	0.3211325851	0.0173826905
0	0.8587252096	0.0564130444	0.0000552619	0.0789897710	0.0058167131
0	0.0000000024	0.0059724934	0.8784531575	0.0134020756	0.1021722710
0	0.1102716626	0.0198159896	0.0038370808	0.8535362202	0.0125390468
0	0.1057843564	0.0096287063	0.0580942937	0.5557626864	0.2707299572
0	0.0007676960	0.1711161201	0.2291530039	0.1043085692	0.4946546108
0	0.0166198057	0.4097072499	0.5165993076	0.0570736368	0.0000000000
0	0.0106645515	0.0000034365	0.0945063848	0.0236684099	0.8711572172
0	0.0054891929	0.9763484949	0.0000145401	0.0045709165	0.0135768556
0	0.0103705367	0.0000688115	0.0077228364	0.9817963102	0.0000415052
0	0.3808311024	0.1649827614	0.2034848547	0.2493073747	0.0013939067
0	0.0197993291	0.2503948254	0.0000000000	0.6942452936	0.0355605519
0	0.7131941592	0.0949240246	0.0266015326	0.0001515106	0.1651287730
0	0.0895729716	0.5218721319	0.1895582425	0.0275289609	0.1714676931
1	0.2752997331	0.3725497801	0.0120420642	0.0531166899	0.2869917328
0	0.0495742578	0.0983307070	0.0120929886	0.8332495492	0.0067524974
0	0.0057447538	0.1233487297	0.0197543049	0.7406036876	0.1105485240
0	0.2482081247	0.3340830044	0.0308316991	0.3312596314	0.0556175405
0	0.1504777409	0.0728274091	0.0108194731	0.3176166283	0.4482587486
2	0.1035057718	0.1101761750	0.5891407834	0.1971762277	0.0000010421
1	0.0817636667	0.7692341129	0.0680799448	0.0058015208	0.0751207549
0	0.0010912520	0.0017124684	0.0114592388	0.9829613993	0.0027756416
0	0.0267476627	0.0895277705	0.0374762157	0.3473218192	0.4989265319
1	0.0352851697	0.0002215085	0.5287007522	0.4357923500	0.0000002196
0	0.0504441021	0.8347966002	0.0000007841	0.0381881139	0.0765703997
0	0.1841228626	0.0006044754	0.6114047540	0.2038678960	0.0000000119
0	0.0002086572	0.4452402781	0.1738530889	0.3514399134	0.0292580624
0	0.0198808178	0.2497982739	0.2191026013	0.1958444925	0.3153738144
0	0.0414474055	0.8206083011	0.0002520348	0.0649821801	0.0727100784
0	0.2495480401	0.0037081839	0.0431702710	0.0000000000	0.7035735049
0	0.0122310717	0.3845194864	0.2015488426	0.3663164230	0.0353841763
0	0.0073476734	0.2784947964	0.1978731623	0.3005564154	0.2157279524
0	0.0573834206	0.1309686406	0.0147829292	0.4721278309	0.3247371787
0	0.0873898003	0.1230784373	0.0000006970	0.7895310654	0.0000000000
0	0.0319019617	0.4000232969	0.5617325213	0.0006721595	0.0056700606
0	0.0288390222	0.4903388698	0.0331769974	0.3790872088	0.0685579018
0	0.0023878243	0.0584841956	0.1641606257	0.2943448624	0.4806224920
0	0.0360028238	0.9573453411	0.0066518349	0.0000000000	0.0000000002
1	0.0091911623	0.1387652706	0.3390517537	0.1153841861	0.3976076272
0	0.1342152308	0.0162275038	0.0000030269	0.0227618371	0.8267924014
0	0.0716976148	0.7371039386	0.1632550887	0.0279433574	0.0000000004
1	0.6843945047	0.0814555842	0.2199227266	0.0007814550	0.0134457294
1	0.8593268928	0.1055812997	0.0002271760	0.0348615790	0.0000030525
0	0.1014423077	0.1040033346	0.1149537140	0.6795937100	0.0000069337
0	0.2181651776	0.1787951846	0.0306128988	0.0080142831	0.5644124559
0	0.1550999348	0.0000061188	0.2115348757	0.6333584782	0.0000005925
0	0.0087104290	0.0101570254	0.0497123173	0.2205005279	0.7109197004
0	0.0161709779	0.2967997627	0.0000689122	0.1463091578	0.5406511895
0	0.2158722426	0.2986896162	0.0000000000	0.0000221313	0.4854160099
1	0.0218437376	0.7907135428	0.0000002818	0.0080016792	0.1794407586
1	0.9470982167	0.0492946313	0.0036046763	0.0000024565	0.0000000193
1	0.0000000016	0.0170871302	0.0020635294	0.9806112547	0.0002380841
0	0.2843310418	0.1875114061	0.0192270160	0.3584507847	0.1504797513
0	0.0120860877	0.0198711785	0.2862777036	0.6789413071	0.0028237231
0	0.5493757410	0.0007183682	0.0001006860	0.4331718972	0.0166333076
0	0.0180973159	0.1286798646	0.0018700373	0.8066917640	0.0446610182
0	0.1398810727	0.1232949669	0.0589949735	0.4626665091	0.2151624778
1	0.1505589362	0.0008544557	0.0299719834	0.4178604665	0.4007541582
0	0.1464452904	0.0034690073	0.2420542541	0.6056579159	0.0023735323
0	0.2192108616	0.2937251010	0.0000000000	0.4439951962	0.0430688413
0	0.0344110445	0.4595736179	0.1750869298	0.0833713566	0.2475570512
0	0.7069635134	0.1197148452	0.0000044613	0.0037292387	0.1695879413
0	0.0726799989	0.0181658978	0.0000000038	0.9010717246	0.0080823750
0	0.1183216483	0.1653816580	0.2280326821	0.0069353708	0.4813286408
0	0.0308452757	0.0109978091	0.0077592458	0.0819068715	0.8684907979
0	0.0139956957	0.1652790092	0.0358001847	0.2646602802	0.5202648301
1	0.6841394107	0.0424580993	0.0068216056	0.2665772212	0.0000036632
0	0.1040452646	0.5087985411	0.3262142519	0.0557353061	0.0052066364
