1	0.0202588580	0.0000000212	0.0036382099	0.8831829453	0.0929199656
0	0.0053167106	0.0685013240	0.0922741646	0.7432877614	0.0906200394
0	0.0106681739	0.0632001607	0.0160473970	0.5673197280	0.3427645404
0	0.0055128847	0.0300410720	0.8824432180	0.0681763597	0.0138264656
0	0.5870410704	0.3455793161	0.0317715536	0.0345225122	0.0010855477
0	0.0731257712	0.0172166294	0.0080402092	0.3791059661	0.5225114240
0	0.1098138404	0.0032832491	0.0073035635	0.2199615524	0.6596377947
0	0.1555209325	0.1968361299	0.1164784174	0.5204453235	0.0107191967
0	0.3114719664	0.2837829918	0.3100882115	0.0946422143	0.0000146161
0	0.2458029778	0.7149779688	0.0000571966	0.0290527603	0.0101090965
0	0.2332926678	0.0886478257	0.0786089653	0.5637954825	0.0356550588
0	0.0546301866	0.0563108112	0.1068188030	0.0665826047	0.7156575944
1	0.6581836822	0.0030125070	0.0351242447	0.1717603410	0.1319192252
0	0.0000005953	0.1280507713	0.0000000269	0.1299475981	0.7420010083
0	0.1729843949	0.6461681012	0.0000000155	0.0596787927	0.1211686958
1	0.0889356084	0.2474134370	0.1557927419	0.4891046817	0.0187535310
1	0.0078706555	0.4429074510	0.0571558193	0.3558743729	0.1361917014
0	0.0000030137	0.3211928679	0.5158602614	0.1629431589	0.0000006981
0	0.0000000150	0.3748268165	0.0000611567	0.3453534014	0.2797586104
0	0.0164636146	0.0000323104	0.1220230224	0.2204681718	0.6410128808
0	0.6683807583	0.0053789028	0.2071714218	0.0047280014	0.1143409156
0	0.5223288222	0.3149176041	0.0594814623	0.0126615313	0.0906105801
0	0.0120768279	0.4968532860	0.0032277374	0.4810975204	0.0067446284
0	0.0451622313	0.0825524821	0.0592115742	0.8108597862	0.0022139262
1	0.1045659117	0.0110714770	0.8250466235	0.0584355836	0.0008804041
0	0.9419035592	0.0000000041	0.0018195658	0.0322240063	0.0240528646
0	0.5439759049	0.0124385672	0.0000000000	0.1517762622	0.2918092658
0	0.1263037277	0.0245497973	0.4336971162	0.1027294691	0.3127198897
0	0.0000000000	0.1527558665	0.1018014476	0.0041760410	0.7412666449
1	0.0011439553	0.0043915804	0.6101287024	0.2475953810	0.1367403809
0	0.0029697815	0.0000000127	0.8913499368	0.0276132919	0.0780669771
0	0.0098744523	0.5064871500	0.1254550131	0.2513541624	0.1068292222
0	0.0094088270	0.0232453337	0.0088363191	0.0803070682	0.8782024520
0	0.0895779036	0.4328696263	0.0057631856	0.0305400949	0.4412491895
1	0.0074295730	0.1031283999	0.0081273689	0.2955079098	0.5858067485
0	0.0139343327	0.0016264208	0.0199940645	0.9477409966	0.0167041854
0	0.4182514866	0.0003422866	0.0079668347	0.5678874273	0.0055519648
0	0.0319137421	0.2973329707	0.0925909689	0.5776336549	0.0005286635
0	0.5436088429	0.0594446774	0.1352288468	0.1851728434	0.0765447895
0	0.2746085519	0.0160970413	0.0533523638	0.1757605207	0.4801815223
0	0.1175062636	0.0365859241	0.0962527070	0.2904759448	0.4591791605
0	0.4065016528	0.1631541714	0.0002585050	0.1925633320	0.2375223389
0	0.4231010825	0.0531843309	0.0303520302	0.2578469433	0.2355156131
0	0.1994592872	0.2709378255	0.0002449610	0.4221014529	0.1072564734
1	0.0029610415	0.0401108233	0.0955938870	0.8603924382	0.0009418099
0	0.1205766779	0.6419376428	0.0048986222	0.2080197818	0.0245672753
0	0.4756546196	0.0016653953	0.2024392779	0.1792943019	0.1409464052
0	0.5374595279	0.2647136064	0.1320884911	0.0000000000	0.0657383745
0	0.0000143794	0.4843630969	0.0279550640	0.4869236629	0.0007437968
0	0.5339998860	0.1014016351	0.0489064944	0.2133788643	0.1023131201
1	0.4911333290	0.3219210983	0.0414782396	0.1016859694	0.0437813637
0	0.4570595946	0.0063625694	0.2970872833	0.0216591399	0.2178314128
1	0.0173261657	0.5987825262	0.1138890019	0.0065456750	0.2634566311
1	0.0639239716	0.0332810745	0.6803235518	0.1112984148	0.1111729872
1	0.6364231367	0.0353918525	0.1117357977	0.0531324615	0.1633167517
0	0.0095568426	0.6075428953	0.0549759994	0.0000000304	0.3279242323
0	0.0350520371	0.6178178841	0.2043877757	0.0478482490	0.0948940542
0	0.0632175716	0.6206491596	0.0000000000	0.2259132055	0.0902200633
0	0.0983219153	0.0157073158	0.0153911864	0.8438953911	0.0266841913
0	0.1642432434	0.3666971580	0.0674141953	0.0902285706	0.3114168327
0	0.0571423311	0.0572145963	0.0347402276	0.8507345684	0.0001682766
0	0.0000000000	0.0051358299	0.1638504148	0.0387378541	0.7922759011
0	0.2427828167	0.1937188891	0.1294346354	0.0182064306	0.4158572282
2	0.3070185612	0.0092398268	0.0315426413	0.2971737011	0.3550252697
1	0.2857421624	0.1924449283	0.3826846485	0.0944164457	0.0447118151
0	0.8769257702	0.0084559275	0.0092544049	0.1001482521	0.0052156452
0	0.0000000000	0.3422930371	0.2796126607	0.2534035164	0.1246907857
0	0.0063827724	0.6109899754	0.0000110865	0.0299989476	0.3526172181
0	0.0622054379	0.1798394306	0.4056604560	0.3178149692	0.0344797063
0	0.0000274753	0.0445321814	0.0000112849	0.1369453870	0.8184836714
0	0.0050542260	0.0001544801	0.3105633662	0.3627967963	0.3214311314
0	0.0000056950	0.1077980567	0.0000069697	0.8526330685	0.0395562101
1	0.0000352407	0.2133594008	0.0455719526	0.7353453939	0.0056880120
0	0.0492203152	0.0148981156	0.3656690677	0.5702125014	0.0000000002
0	0.1666430057	0.4148780439	0.0700187111	0.3415212887	0.0069389506
0	0.5227246023	0.0037520287	0.4168877699	0.0481559274	0.0084796717
0	0.0140779399	0.6275978084	0.0042672354	0.3540569712	0.0000000450
0	0.2600374456	0.2072982137	0.0000400710	0.0720180524	0.4606062174
1	0.5769849396	0.3177502678	0.0826600100	0.0178627065	0.0047420762
0	0.0494115497	0.3473704281	0.0511273593	0.5402923392	0.0117983238
0	0.0009914268	0.0003705889	0.0919183381	0.2572789968	0.6494406493
0	0.1509504409	0.5428133580	0.3026128800	0.0035718972	0.0000514239
0	0.7371454187	0.0443979778	0.0284951945	0.1862518618	0.0037095471
1	0.5821649378	0.0144882631	0.1814954286	0.1778782381	0.0439731324
1	0.0039981180	0.1932502023	0.1320578368	0.2620114212	0.4086824217
0	0.2655309119	0.0407061362	0.4374118560	0.1906493368	0.0657017590
0	0.1035564436	0.1510687101	0.0978827405	0.5032064353	0.1442856705
1	0.4443034491	0.0056911989	0.4083980894	0.0221737754	0.1194334871
1	0.7444371018	0.0327854281	0.0000931700	0.0807849539	0.1418993463
0	0.0650543977	0.7148859078	0.0610812038	0.0813866022	0.0775918885
0	0.1063993124	0.0255095265	0.0000050774	0.7057970870	0.1622889967
0	0.0943375526	0.1972015706	0.6025318917	0.0720209900	0.0339079951
0	0.7090416470	0.0026287554	0.0426804987	0.0020922013	0.2435568977
0	0.0499865939	0.1428375667	0.0001427379	0.0025020363	0.8045310652
0	0.0000590350	0.5256558658	0.0001243950	0.0005098097	0.4736508945
0	0.2274367316	0.2020160932	0.0768776324	0.4936695428	0.0000000001
0	0.3625778920	0.0669183245	0.3090194480	0.2591691299	0.0023152056
0	0.0697191284	0.3072692902	0.0000000000	0.5706818726	0.0523297087
0	0.1313942650	0.5926309020	0.1064767756	0.0459935374	0.1235045199
0	0.3574893549	0.0834823600	0.4952987347	0.0627929681	0.0009365823
