0	0.1276703921	0.8476461041	0.0187733151	0.0046917019	0.0012184869
0	0.4681240392	0.0727863088	0.0435430652	0.4152700916	0.0002764952
0	0.3086680081	0.1466089282	0.1934827770	0.3283056685	0.0229346182
0	0.4445563210	0.5180973980	0.0291339853	0.0000000000	0.0082122958
1	0.3275230821	0.1223534644	0.1588906098	0.0000995846	0.3911332591
1	0.0475267014	0.0805664291	0.0158231341	0.7990591883	0.0570245472
0	0.1176556544	0.4017816260	0.0591211807	0.3302516224	0.0911899165
0	0.0016991614	0.0000067725	0.5864305908	0.3824426119	0.0294208635
0	0.0562589079	0.0956348699	0.1438893154	0.5232178491	0.1809990577
0	0.0000038224	0.6238128920	0.0116672151	0.0005479679	0.3639681027
1	0.1123921112	0.3922276420	0.0319867373	0.0212896767	0.4421038328
0	0.0237743957	0.0059415500	0.0354922737	0.0290124847	0.9057792958
1	0.6911340825	0.2687542375	0.0322019693	0.0008917666	0.0070179440
0	0.1303373186	0.7229272512	0.0601963386	0.0375724810	0.0489666105
0	0.0226326638	0.7568324065	0.0000269073	0.1692737184	0.0512343040
0	0.8031932051	0.0319189296	0.0265236175	0.0011632149	0.1372010329
0	0.0980810912	0.0363204264	0.0517701219	0.6884775090	0.1253508515
1	0.0140277952	0.8996185754	0.0000210206	0.0769528462	0.0093797627
0	0.5627778799	0.0060406560	0.0189297027	0.0943992369	0.3178525245
0	0.0118433381	0.4329970471	0.0000000000	0.1119207197	0.4432388951
0	0.0082777153	0.1262408543	0.0000000000	0.0023852874	0.8630961430
1	0.4794698257	0.0764437410	0.0322206096	0.4004020589	0.0114637647
0	0.7096283206	0.0718255987	0.1585066067	0.0585588317	0.0014806422
0	0.3574518235	0.0781609610	0.3422035445	0.0529915224	0.1691921485
0	0.0685456414	0.0124351366	0.0000032441	0.6794591845	0.2395567932
0	0.1416068998	0.0212115082	0.2998009293	0.2558667815	0.2815138812
0	0.4765076280	0.4856931912	0.0001736606	0.0160267673	0.0215987529
0	0.0000002878	0.1116219194	0.2634091328	0.0653697264	0.5595989335
1	0.1794475492	0.6465198094	0.0008174405	0.0158916987	0.1573235022
1	0.0848921760	0.0868973149	0.0008134388	0.1529186617	0.6744784087
1	0.0543264146	0.3015475712	0.0441071347	0.3255343482	0.2744845314
0	0.4534678401	0.0003155287	0.0125184020	0.1444420009	0.3892562283
0	0.3843120967	0.0000000005	0.2268274505	0.0000000000	0.3888604523
0	0.3315548889	0.0000055980	0.3194749110	0.2609040526	0.0880605495
0	0.5967793845	0.1870601691	0.0000000000	0.1357672219	0.0803932245
0	0.8983204675	0.0296581305	0.0064789366	0.0001350886	0.0654073768
1	0.5118640405	0.1133895832	0.1506736203	0.2240279410	0.0000448150
0	0.0120979420	0.0887349690	0.0095752986	0.8701049399	0.0194868505
0	0.0385756802	0.0271224157	0.0089252280	0.0886009416	0.8367757344
0	0.0101095544	0.0173270353	0.0144493050	0.0437032089	0.9144108964
2	0.0232061387	0.0000000000	0.0171571582	0.9578265935	0.0018101096
0	0.0048743631	0.2168964786	0.2034210293	0.0005156522	0.5742924768
0	0.0346805344	0.1980437277	0.1240901834	0.5653758549	0.0778096996
0	0.2904274882	0.0053999593	0.0821510358	0.3252437464	0.2967777704
0	0.0065720853	0.0775347351	0.0028249510	0.5717986779	0.3412695506
0	0.0074797440	0.3305726488	0.0566699530	0.5039116877	0.1013659664
0	0.3016674928	0.0110218060	0.1198487096	0.5371073011	0.0303546905
2	0.0076802642	0.0111024271	0.0000221411	0.9681167312	0.0130784364
1	0.2015734766	0.0504215665	0.4472180535	0.2978831706	0.0029037328
0	0.0307132150	0.3266775178	0.4616340174	0.0000113615	0.1809638882
0	0.0111644896	0.2806395626	0.0168767626	0.3195145751	0.3718046101
0	0.5029703187	0.0778680432	0.0054464080	0.3489480691	0.0647671611
0	0.0000014494	0.0475509979	0.1284468802	0.7483772507	0.0756234218
0	0.2309474595	0.0026443060	0.0116158064	0.0473328002	0.7074596278
0	0.1089228133	0.0553178207	0.1993837037	0.6363702496	0.0000054127
0	0.3385263553	0.1406975323	0.0003232826	0.5171881526	0.0032646772
0	0.0004760235	0.6042395734	0.0222243413	0.3675069883	0.0055530735
0	0.7482383892	0.1763812301	0.0000008794	0.0115102372	0.0638692641
0	0.2727804504	0.0536146087	0.0000003463	0.2263179592	0.4472866354
0	0.7064783286	0.0030741187	0.1708164786	0.0974131962	0.0222178779
0	0.4703517433	0.3448729501	0.0000151725	0.1434942561	0.0412658780
0	0.0634560744	0.7956450000	0.1303191978	0.0031935273	0.0073862005
0	0.0184040805	0.0169172283	0.0937243269	0.1232244723	0.7477298919
0	0.8342568009	0.0787778689	0.0022725496	0.0402075199	0.0444852608
0	0.5081441068	0.0000584451	0.0396434447	0.3835750537	0.0685789497
0	0.0000000000	0.0877568451	0.4100627339	0.4303256322	0.0718547888
1	0.3116991184	0.0114245638	0.1356994456	0.5049422218	0.0362346504
0	0.1507401611	0.0188273099	0.0000000000	0.4214980128	0.4089345163
0	0.0735884214	0.0514447152	0.0639473541	0.1587762285	0.6522432809
0	0.0393495460	0.0063987144	0.0348289491	0.8618229459	0.0575998445
0	0.1369309718	0.0870999315	0.0297791407	0.0233541937	0.7228357624
0	0.0758618414	0.0015282531	0.0609188388	0.3664451928	0.4952458739
1	0.1047709181	0.0363686892	0.2980230002	0.5369923086	0.0238450840
0	0.6228452057	0.1247989807	0.0214774494	0.1288807795	0.1019975848
0	0.0918162455	0.0988789037	0.0623456791	0.5416214259	0.2053377459
0	0.4701053103	0.2860817175	0.0880570569	0.1503468903	0.0054090250
0	0.0334806345	0.2347493654	0.7229736310	0.0070856411	0.0017107280
0	0.0000000000	0.0934734437	0.0000000000	0.4145994183	0.4919271380
0	0.5187024574	0.0034031981	0.1101196451	0.3668949204	0.0008797789
0	0.0563693052	0.0185516470	0.0662682199	0.7859955849	0.0728152430
0	0.0259556739	0.0000000000	0.0005985745	0.9734457515	0.0000000001
0	0.7617953289	0.0196563227	0.0187834964	0.1997647919	0.0000000601
1	0.0405893184	0.6434852617	0.2575028620	0.0355634137	0.0228591442
1	0.2222584048	0.1686333477	0.3615009687	0.1379028010	0.1097044778
0	0.2806271342	0.5068655276	0.0000172321	0.2122724852	0.0002176210
0	0.0049829766	0.5502371752	0.1280112675	0.3140350724	0.0027335084
0	0.0989837710	0.2707344973	0.4954927506	0.1347745108	0.0000144703
0	0.0640980520	0.1956089089	0.1568027196	0.4876147775	0.0958755420
0	0.7046801251	0.0031361463	0.0288573799	0.0341549121	0.2291714366
0	0.7957037192	0.0012671531	0.0002827594	0.2025746079	0.0001717604
0	0.1349492972	0.0187680835	0.0269758373	0.7916385864	0.0276681955
0	0.0007764336	0.9499128076	0.0000000000	0.0310857596	0.0182249992
1	0.0222225469	0.4407569475	0.0000000000	0.0000353432	0.5369851624
0	0.3468347282	0.5107750405	0.0363613060	0.1021633261	0.0038655992
0	0.0150061739	0.0002820655	0.0000000017	0.9845721467	0.0001396122
0	0.8960885596	0.0365503535	0.0027193799	0.0573029479	0.0073387591
0	0.0621285874	0.0359740830	0.0236226614	0.8782420185	0.0000326497
0	0.0131439922	0.2297748115	0.6030554384	0.0286362074	0.1253895505
0	0.2291664726	0.2553482308	0.4451720442	0.0171750537	0.0531381988
0	0.2780718130	0.1877949427	0.0418092480	0.0079794989	0.4843444973
