0	0.6648872573	0.0006807682	0.0000003777	0.1955475410	0.1388840558
0	0.1008267530	0.3315006492	0.1545350885	0.0892783053	0.3238592040
1	0.0000029025	0.1846507053	0.0000000000	0.6301159447	0.1852304475
0	0.0491337142	0.1028783615	0.3305362995	0.5174516248	0.0000000000
0	0.0295400447	0.0096059087	0.0001094881	0.8528948963	0.1078496621
0	0.0661032439	0.3914120260	0.1057925290	0.4083307257	0.0283614754
0	0.3232850414	0.1211725493	0.0003991045	0.5517849857	0.0033583191
0	0.5690260990	0.1311918482	0.0328479934	0.0898357878	0.1770982716
0	0.2721975728	0.3070872925	0.0343909054	0.3679537132	0.0183705162
0	0.0193809427	0.5269973940	0.3080580522	0.0477466531	0.0978169581
0	0.0119825337	0.0004753591	0.3427340027	0.0196353149	0.6251727896
1	0.2033366486	0.4985374657	0.0000000000	0.0000061697	0.2981197160
1	0.0533864458	0.0940422379	0.0603865304	0.4572949600	0.3348898258
0	0.0002963009	0.3116990852	0.3509303849	0.2335509506	0.1035232784
0	0.0107326966	0.0450315128	0.0067114050	0.9291134522	0.0084109334
0	0.8859047492	0.0678166285	0.0280977241	0.0122168821	0.0059640161
0	0.3615123584	0.1701706783	0.0156585131	0.0797193748	0.3729390754
0	0.0146837027	0.3755638243	0.1950799777	0.3543012842	0.0603712111
1	0.0002988712	0.0002423384	0.0984992667	0.7613102277	0.1396492960
0	0.3054228695	0.6541127501	0.0000000000	0.0337166992	0.0067476812
0	0.0148672937	0.0056673508	0.0000001870	0.9789776171	0.0004875514
0	0.5605683476	0.1069028099	0.2261857508	0.0000098487	0.1063332430
0	0.0391093056	0.0950546998	0.5865955307	0.2777725294	0.0014679345
1	0.2953347544	0.6294273857	0.0539576307	0.0023451335	0.0189350957
0	0.0731115743	0.0084433063	0.4497744498	0.4685656614	0.0001050082
0	0.2871389368	0.3946922040	0.0762617564	0.2059695477	0.0359375551
0	0.0857709005	0.2445862385	0.6419543523	0.0016580727	0.0260304359
0	0.4565927479	0.0038230080	0.0274718323	0.1836313499	0.3284810617
1	0.1079241135	0.2564288190	0.1063505229	0.1531085898	0.3761879549
0	0.1968707653	0.0078978133	0.7952314211	0.0000000000	0.0000000003
0	0.0105215991	0.0000245946	0.4828633610	0.3019470273	0.2046434181
0	0.0130188216	0.2083535818	0.0273362757	0.6857368191	0.0655545018
0	0.0040094395	0.1897949376	0.0591300599	0.5561279065	0.1909376565
0	0.0024798415	0.1764931609	0.0000000003	0.7517853254	0.0692416718
0	0.5401691503	0.1525650983	0.1291520983	0.0048272817	0.1732863714
0	0.1032084911	0.6299066522	0.0993779840	0.0180161455	0.1494907271
0	0.0000244040	0.0077237543	0.9577463656	0.0345054759	0.0000000002
0	0.2093069074	0.0190875963	0.6368350867	0.1182079255	0.0165624841
0	0.1687817720	0.0369886310	0.1470880242	0.6470885752	0.0000529975
0	0.0757479988	0.5521209891	0.0094364057	0.3550814457	0.0076131608
0	0.6243367362	0.0942280314	0.0806498411	0.2007826997	0.0000026917
1	0.0376763877	0.3182420696	0.4952138654	0.1487816884	0.0000859889
1	0.2080874202	0.0697275542	0.0329414236	0.4196120004	0.2696316016
0	0.0240650008	0.0045698009	0.0552306501	0.3208526976	0.5952818506
1	0.0107562274	0.1035404078	0.4231505581	0.1156283714	0.3469244352
0	0.0000324922	0.0019323336	0.5493219784	0.4412046454	0.0075085505
0	0.0509930223	0.0454171915	0.0005144798	0.1379275375	0.7651477688
0	0.1012147927	0.0978681186	0.3859446306	0.2422761056	0.1726963526
0	0.0879309911	0.0000000183	0.5564658074	0.0493856076	0.3062175755
0	0.9076237975	0.0094574752	0.0027498146	0.0799493843	0.0002195283
0	0.0910037507	0.3274812584	0.1608817825	0.0440038297	0.3766293787
0	0.0572471332	0.1655784389	0.0006869557	0.1560338255	0.6204536466
1	0.0000000995	0.0806316930	0.1047252261	0.7439513289	0.0706916525
0	0.0483733871	0.0258089641	0.3967869830	0.2711963990	0.2578342667
0	0.4035538585	0.0150955642	0.0009789982	0.2764444671	0.3039271121
0	0.1644816014	0.1079502755	0.0014588768	0.2100841808	0.5160250655
1	0.0000048320	0.1543940023	0.0000015520	0.8455445201	0.0000550936
0	0.3463818207	0.0637366462	0.0000000592	0.5896716380	0.0002098358
0	0.8929770216	0.0293809521	0.0163591728	0.0011490800	0.0601337735
0	0.0430714362	0.0160555836	0.1463818287	0.0374976311	0.7569935204
1	0.3640348784	0.0059991178	0.2419120500	0.2355387375	0.1525152163
0	0.0397780752	0.4814542599	0.0514032955	0.1755078569	0.2518565125
0	0.4513892634	0.1313427865	0.0000475697	0.0000120979	0.4172082825
0	0.1882838918	0.0080840278	0.4586355046	0.2676716944	0.0773248814
0	0.1176735271	0.0905724858	0.0111017470	0.0198571090	0.7607951311
0	0.8971290758	0.0438470948	0.0004343023	0.0176097805	0.0409797465
0	0.2718395784	0.1004961370	0.0014447122	0.4788823189	0.1473372535
0	0.1150862347	0.2521829650	0.0629887053	0.1396363059	0.4301057891
0	0.0013977794	0.0962600703	0.0000000530	0.0349077847	0.8674343125
0	0.1521591416	0.0029388913	0.0016925117	0.3771694820	0.4660399734
0	0.0078863456	0.0014354903	0.0263912803	0.2302483025	0.7340385814
0	0.0349333474	0.0183845632	0.0007744661	0.8834446927	0.0624629307
1	0.6357342648	0.0181445676	0.0117612436	0.0124939355	0.3218659885
0	0.0997334972	0.5631502015	0.0239699111	0.2279941650	0.0851522252
0	0.0107694766	0.0444201741	0.8059878817	0.1383735496	0.0004489179
0	0.1658737567	0.3489057696	0.4319129895	0.0003174104	0.0529900739
0	0.0034827686	0.7396435989	0.0000000073	0.1673277490	0.0895458763
0	0.9925772500	0.0000044836	0.0000000003	0.0074182661	0.0000000000
0	0.3024580053	0.0376152564	0.1240672248	0.1759586131	0.3599009004
0	0.3105562633	0.1618826671	0.1184580434	0.3756592639	0.0334437623
0	0.0927088804	0.0037380877	0.6502988630	0.1201246004	0.1331295685
0	0.0028079923	0.5108473790	0.2901995393	0.1618930050	0.0342520845
0	0.1596036005	0.0742575096	0.0000000000	0.2250032203	0.5411356697
0	0.0034798595	0.3992869898	0.0694650965	0.0012542887	0.5265137655
0	0.0017915707	0.2048198746	0.3119622401	0.4612814090	0.0201449057
1	0.0958326667	0.0518171194	0.2211947869	0.1790478947	0.4521075322
1	0.7216795519	0.1808392466	0.0007188825	0.0000000000	0.0967623189
0	0.1577067904	0.5191591725	0.1321390979	0.1642214912	0.0267734480
0	0.0001597131	0.9476339400	0.0060910761	0.0211484877	0.0249667831
0	0.1734763929	0.4193860236	0.0000000053	0.0009358040	0.4062017742
0	0.3387688664	0.0475485339	0.0133156568	0.3149792758	0.2853876671
2	0.7687482897	0.0008275723	0.0547567111	0.0057339008	0.1699335261
0	0.0028021715	0.7917015054	0.0002043420	0.1882410566	0.0170509245
0	0.0374993072	0.0017775189	0.1610569225	0.2438082630	0.5558579885
0	0.0576947659	0.7286904783	0.1225901215	0.0905098893	0.0005147449
0	0.1321433204	0.3707330983	0.0033255508	0.4691395714	0.0246584591
0	0.1844931181	0.3630511994	0.0026948381	0.3371815065	0.1125793380
0	0.3192689596	0.1644058029	0.1594163743	0.2425948912	0.1143139719
0	0.0847778344	0.0362683453	0.2414709347	0.4148398442	0.2226430415
0	0.0443022430	0.8340504420	0.0116728072	0.1052156041	0.0047589037
