0	0.0271481004	0.0000000155	0.9728518841
0	0.0000000000	0.3392153910	0.6607846090
0	0.0449511897	0.1276915575	0.8273572528
0	0.7352944474	0.0530183043	0.2116872483
0	0.7074927860	0.1221534605	0.1703537536
0	0.9861786160	0.0137751946	0.0000461893
0	0.2487354020	0.7512490011	0.0000155970
0	0.7083470895	0.2895990105	0.0020539000
0	0.6427707161	0.2302822046	0.1269470793
1	1.0000000000	0.0000000000	0.0000000000
0	0.3050720865	0.6736657640	0.0212621495
0	0.0025337256	0.5782085125	0.4192577619
0	0.6815251409	0.0021380819	0.3163367772
0	0.7904073318	0.2072127682	0.0023799000
0	0.2043181922	0.7895135279	0.0061682799
0	0.0000017555	0.9988837962	0.0011144483
0	0.5637383585	0.1425435023	0.2937181392
0	0.7527120952	0.0000893504	0.2471985544
2	0.2256180084	0.0000000254	0.7743819662
1	0.0000018972	0.8245379317	0.1754601711
0	0.0093041792	0.9905008263	0.0001949945
0	0.2031137930	0.7937987794	0.0030874275
0	0.4433823691	0.0330562835	0.5235613473
1	0.0004348906	0.4097860086	0.5897791007
0	0.5481364185	0.3229500971	0.1289134844
0	0.7410788915	0.1389971707	0.1199239378
0	0.4537409715	0.0417133075	0.5045457210
0	0.9786651326	0.0209218450	0.0004130224
0	0.0339390859	0.0004786435	0.9655822706
0	0.1819712925	0.0612853616	0.7567433459
0	0.9720282094	0.0279717711	0.0000000195
0	0.8119722388	0.1731041212	0.0149236401
0	0.9827416607	0.0170572927	0.0002010466
0	0.0136082237	0.3571079028	0.6292838735
0	0.0505886708	0.0466497815	0.9027615476
0	0.0435518878	0.0732685308	0.8831795814
0	0.6509453231	0.1452316065	0.2038230703
0	0.1370267837	0.8601202582	0.0028529580
0	0.0007145727	0.0000671594	0.9992182678
0	0.0018781909	0.2811889404	0.7169328686
0	0.9418297421	0.0566272631	0.0015429948
0	0.0001293847	0.7208611762	0.2790094391
0	0.6055688272	0.0319721407	0.3624590320
0	0.0000000000	0.4445503723	0.5554496277
1	0.0001498125	0.7482731943	0.2515769931
0	0.7278761972	0.1498470802	0.1222767226
0	0.0002891176	0.0001993454	0.9995115369
0	0.0049152913	0.8753653821	0.1197193265
0	0.5942609790	0.2488134751	0.1569255460
0	0.0390859599	0.9047932618	0.0561207783
0	0.6157580764	0.0000000041	0.3842419195
0	0.8696049324	0.0523532145	0.0780418531
1	0.9777947785	0.0067730644	0.0154321571
0	0.5707571790	0.4292428188	0.0000000022
1	0.0080278273	0.0776361166	0.9143360561
1	0.0517586236	0.9206255852	0.0276157911
0	0.0304701129	0.2225773438	0.7469525433
0	0.5542494403	0.2946313033	0.1511192564
0	0.0585504502	0.5844925214	0.3569570284
1	0.0393391025	0.4400907903	0.5205701072
1	0.0040728277	0.9951066903	0.0008204820
0	0.8399519547	0.0440323614	0.1160156838
0	0.6921871701	0.2102332613	0.0975795686
1	0.4911152584	0.4464479854	0.0624367562
1	0.0113436729	0.6054878933	0.3831684338
0	0.0024605186	0.6749054986	0.3226339828
1	0.0000000179	0.8985064355	0.1014935466
0	0.9310672912	0.0000000026	0.0689327062
0	0.0005730644	0.9890000508	0.0104268848
0	0.9495698383	0.0504301312	0.0000000305
0	0.0000000000	0.4293113864	0.5706886136
0	0.3619589678	0.0209713444	0.6170696878
2	0.0162678496	0.3202519960	0.6634801544
0	0.3920181905	0.4807551863	0.1272266231
0	0.3965373633	0.4750402747	0.1284223620
0	0.0889712085	0.0902834715	0.8207453200
0	0.0746901040	0.8406071883	0.0847027077
0	0.5256071402	0.2140848636	0.2603079961
0	0.2721444472	0.4915120847	0.2363434681
0	0.1997632973	0.1270847177	0.6731519851
1	0.0001217932	0.9764527442	0.0234254626
0	0.0914368382	0.3283283905	0.5802347714
1	0.8004072030	0.0040566770	0.1955361201
0	0.0016574482	0.0689991107	0.9293434411
0	0.9629638976	0.0369776406	0.0000584618
2	0.0745735192	0.9254264400	0.0000000408
0	0.0584729425	0.1112559245	0.8302711330
0	0.2365975883	0.5257441658	0.2376582459
0	0.8758272142	0.0744700456	0.0497027402
0	0.0012272830	0.9980329330	0.0007397839
0	0.9823632381	0.0167157675	0.0009209944
1	0.0000000006	0.9784485663	0.0215514331
0	0.3591003358	0.0000237613	0.6408759028
0	0.0002304565	0.0985439589	0.9012255846
0	0.0470255313	0.9527885807	0.0001858881
0	0.0144892243	0.0674776348	0.9180331409
0	0.6821067171	0.0127302175	0.3051630654
0	0.0000006989	0.9586141233	0.0413851778
0	0.1000655247	0.1355623580	0.7643721173
0	0.1617872959	0.8300885645	0.0081241395
