0	0.0006984978	0.2296503636	0.7696511386
0	0.4102799095	0.3853528031	0.2043672874
0	0.0492139809	0.0010071364	0.9497788827
0	0.0000891675	0.9942864704	0.0056243621
0	0.5689274911	0.0168720061	0.4142005028
0	0.9843214917	0.0000000000	0.0156785083
1	0.0353392759	0.0000000000	0.9646607241
1	0.0293299613	0.4977150171	0.4729550216
0	0.9817814445	0.0007987750	0.0174197805
0	0.0000101028	0.4718012895	0.5281886078
0	0.2678712792	0.7321286782	0.0000000425
0	0.9239659719	0.0003740205	0.0756600076
0	0.1558292757	0.2307695968	0.6134011276
0	0.0856491381	0.3262452261	0.5881056358
0	0.9807641968	0.0004681821	0.0187676210
1	0.2111363312	0.7411356250	0.0477280437
0	0.0000059560	0.9384043315	0.0615897125
0	0.0067309048	0.9932681500	0.0000009453
1	0.9155726547	0.0205334466	0.0638938987
0	0.0000627053	0.0994994396	0.9004378551
0	0.9838136262	0.0161863738	0.0000000000
0	0.4100253234	0.3563329348	0.2336417418
1	0.8465411793	0.0703767695	0.0830820512
0	0.0404710882	0.7434441985	0.2160847133
0	0.5802929914	0.3056269472	0.1140800615
1	0.0000067094	0.9203827027	0.0796105879
0	0.0725727190	0.0002121209	0.9272151601
1	0.4490705132	0.5491077939	0.0018216929
0	0.4350593460	0.0070847217	0.5578559324
1	0.4664271241	0.5335579138	0.0000149621
0	0.0899433680	0.5610453584	0.3490112736
0	0.0000409980	0.8171903623	0.1827686398
0	0.4170873087	0.0176317794	0.5652809119
0	0.0074646046	0.8813378317	0.1111975637
0	0.9273495702	0.0720424663	0.0006079635
1	0.9864413889	0.0116731363	0.0018854748
0	0.3172195250	0.5724973040	0.1102831709
0	0.0000004333	0.9999995667	0.0000000000
0	0.3253063530	0.6746169323	0.0000767147
1	0.9784070030	0.0125528663	0.0090401307
0	0.6918511780	0.2241298443	0.0840189777
0	0.2279358569	0.3992932032	0.3727709398
0	0.0140078451	0.7409704083	0.2450217466
1	0.1335297130	0.8663969881	0.0000732989
0	0.9918770541	0.0027954752	0.0053274708
0	0.2182125065	0.1569541703	0.6248333232
0	0.0000084078	0.7546520993	0.2453394929
0	0.0002442904	0.0000221389	0.9997335708
0	0.0392765975	0.7466276893	0.2140957132
0	0.1216344524	0.6051817911	0.2731837565
1	0.2013906679	0.0000000236	0.7986093085
0	0.0000000008	0.8917384654	0.1082615337
0	0.9232144103	0.0421722873	0.0346133024
0	0.0250778712	0.0559472961	0.9189748328
2	0.0075782603	0.9179913345	0.0744304052
0	0.8248030582	0.0000000000	0.1751969418
0	0.6568618883	0.0000000000	0.3431381117
0	0.0000109977	0.9961414713	0.0038475311
0	0.9292401732	0.0425084477	0.0282513791
1	0.4701497205	0.0927069936	0.4371432859
0	0.9298582278	0.0000000000	0.0701417722
0	0.0007485441	0.5752450346	0.4240064214
1	0.1096445404	0.7207378823	0.1696175773
1	0.5239177262	0.0000297346	0.4760525391
1	0.8966295577	0.0568548074	0.0465156349
0	0.0100085117	0.0000000001	0.9899914882
0	0.0016496469	0.9269387683	0.0714115849
0	0.5688586501	0.1827328631	0.2484084868
0	0.3828774172	0.2134593145	0.4036632683
0	0.0034995821	0.9965003950	0.0000000229
0	0.4552450214	0.1859602718	0.3587947067
0	0.1273741302	0.7801775997	0.0924482702
0	0.1673677616	0.7194041401	0.1132280983
0	0.0381946290	0.9612114914	0.0005938796
0	0.5227107744	0.3166529009	0.1606363247
0	0.9999997136	0.0000002845	0.0000000019
0	0.0658046857	0.5633620452	0.3708332691
0	0.0486551571	0.9513418940	0.0000029489
0	0.5989354276	0.2146575701	0.1864070023
0	0.8404422176	0.1508781174	0.0086796650
0	0.8651121134	0.0728544643	0.0620334224
0	0.8623133791	0.0626643021	0.0750223189
0	0.0219645008	0.9686511047	0.0093843945
0	0.5186852447	0.3939420538	0.0873727015
0	0.2743302350	0.4724571384	0.2532126265
1	0.0384218887	0.9608181562	0.0007599551
1	0.1637719001	0.8359658430	0.0002622569
0	0.0532384747	0.6077696991	0.3389918262
1	0.8477514513	0.1511063094	0.0011422393
0	0.1620431811	0.7022822744	0.1356745445
0	0.0068462279	0.0745950598	0.9185587123
0	0.0000000000	0.0030258823	0.9969741177
0	0.2235001013	0.3149385137	0.4615613850
0	0.3848016802	0.3929402750	0.2222580448
1	0.0752239705	0.1843755743	0.7404004552
0	0.0022506759	0.9950890565	0.0026602675
0	0.9709394566	0.0288068837	0.0002536597
0	0.8130943224	0.0005280717	0.1863776058
1	0.9993916820	0.0000000000	0.0006083180
0	0.8908594166	0.0000149963	0.1091255871
