0	0.3820381542	0.0595064818	0.5584553639
0	0.9478339594	0.0521660391	0.0000000015
1	0.4703480404	0.0988320416	0.4308199181
0	0.2447206114	0.0063988269	0.7488805617
0	0.0011304366	0.0512892949	0.9475802685
0	0.3230398589	0.6769601311	0.0000000100
0	0.0000000000	0.0244245610	0.9755754390
0	0.7418386860	0.2577523722	0.0004089418
0	0.4405658507	0.5594341493	0.0000000000
0	0.0277323179	0.9722676821	0.0000000000
0	0.0000002566	0.3272704229	0.6727293205
1	0.0777953047	0.2337367511	0.6884679443
0	0.0012686398	0.5532401742	0.4454911860
0	0.0000000000	0.5370199820	0.4629800180
0	0.7157256399	0.1849447937	0.0993295664
0	0.9836537341	0.0099614760	0.0063847899
0	0.2531833162	0.0000250002	0.7467916836
0	0.0004303520	0.0317533135	0.9678163345
0	0.6427072144	0.3536671160	0.0036256697
0	0.0000257020	0.9813526840	0.0186216139
0	0.0000037274	0.0984064349	0.9015898377
0	0.0177013031	0.0016675821	0.9806311147
1	0.9619152635	0.0257522262	0.0123325103
0	0.9321116374	0.0580991395	0.0097892231
0	0.8996471813	0.1003512481	0.0000015706
0	0.0968248537	0.7319270430	0.1712481033
0	0.5227648806	0.4772333871	0.0000017323
0	0.7449332412	0.1837810644	0.0712856943
0	0.8623791588	0.1212685060	0.0163523352
0	0.0198884791	0.4700378665	0.5100736544
0	0.0199420574	0.0116106048	0.9684473378
0	0.0000000068	0.9999999932	0.0000000000
0	0.1716278154	0.3408751197	0.4874970649
0	0.6250197065	0.0081373397	0.3668429537
0	0.0004057398	0.8777273761	0.1218668840
0	0.5417707359	0.0003755586	0.4578537056
0	0.7227645753	0.0922062992	0.1850291255
0	0.9546971594	0.0007194574	0.0445833831
1	0.9565284046	0.0434610235	0.0000105719
0	0.4989650445	0.1804523827	0.3205825728
0	0.6984564902	0.0000000422	0.3015434676
0	0.0018968095	0.9981031905	0.0000000000
0	0.7042736888	0.2957235436	0.0000027676
1	0.9428870661	0.0090282830	0.0480846509
0	0.4659179277	0.5277451131	0.0063369593
0	0.0053662827	0.2073990552	0.7872346621
0	0.1596450886	0.7838198542	0.0565350572
0	0.1206117962	0.2475107633	0.6318774405
0	0.7569318187	0.2430235175	0.0000446639
0	0.7226147255	0.2769718225	0.0004134520
0	0.0006431157	0.0435731895	0.9557836948
0	0.0429665406	0.8407640148	0.1162694446
0	0.2224734239	0.6050856615	0.1724409146
0	0.9561577894	0.0402873484	0.0035548622
0	0.5919188683	0.3555293888	0.0525517429
0	0.0231683089	0.3968041726	0.5800275185
0	0.9630717059	0.0365314033	0.0003968908
0	0.0047268683	0.1690300441	0.8262430876
0	0.4461667757	0.1313928688	0.4224403555
0	0.0000110615	0.1210868364	0.8789021021
1	0.0000234117	0.9861606864	0.0138159019
0	0.0005127619	0.2162338559	0.7832533822
1	0.7781687753	0.2218312247	0.0000000000
0	0.3217405281	0.4732046854	0.2050547865
2	0.2128879242	0.7703709812	0.0167410946
1	0.0000003356	0.9391841935	0.0608154709
0	0.0000000000	0.1274995245	0.8725004755
0	0.7390101052	0.1199064824	0.1410834125
0	0.9979772524	0.0016201514	0.0004025962
0	0.0236568714	0.8107791116	0.1655640170
0	0.4174862923	0.5719034204	0.0106102872
0	0.6065882377	0.2280920296	0.1653197327
0	0.0118694929	0.2729808125	0.7151496946
1	0.1613340463	0.0179479981	0.8207179557
0	0.2475325318	0.0748576233	0.6776098448
1	0.6222279279	0.0121932678	0.3655788042
0	0.7304901153	0.0000003885	0.2695094962
0	0.0603658760	0.4246338027	0.5150003212
0	0.0000000106	0.9757571556	0.0242428338
0	0.4378020300	0.3045712599	0.2576267101
1	0.4205240011	0.3417040615	0.2377719374
0	0.1087135038	0.4135628133	0.4777236829
0	0.4295354160	0.5573856316	0.0130789524
0	0.0028713251	0.0133985504	0.9837301245
1	0.0022677787	0.2955940927	0.7021381286
1	0.3801024432	0.0000000092	0.6198975477
1	0.5542819154	0.4457177904	0.0000002942
0	0.6509493572	0.3482840716	0.0007665712
0	0.0007365174	0.7628729398	0.2363905428
0	0.4632735563	0.4444360925	0.0922903511
0	0.0000045899	0.0033003728	0.9966950374
0	0.4610121407	0.3666421437	0.1723457156
0	0.0000034837	0.5792914974	0.4207050189
0	0.7038555002	0.2268326045	0.0693118953
0	0.6272543810	0.0000000018	0.3727456172
1	0.7775631604	0.0071814130	0.2152554266
0	0.3638894890	0.4868649216	0.1492455894
0	0.0085987729	0.9913997366	0.0000014905
0	0.2713459920	0.1000787222	0.6285752858
0	0.8342332841	0.0124956777	0.1532710382
