0	0.8562052803	0.1286892533	0.0151054664
0	0.3171343325	0.1137096557	0.5691560118
0	0.0000018816	0.4850975800	0.5149005384
0	0.9832205536	0.0001243935	0.0166550529
0	0.6806220068	0.2147142046	0.1046637886
0	0.9424457863	0.0263297198	0.0312244938
2	0.3310420897	0.0757044254	0.5932534849
0	0.1470074230	0.8409873702	0.0120052068
0	0.8425593405	0.0005125809	0.1569280786
0	0.0264989011	0.2063393749	0.7671617241
0	0.7857680639	0.0000578986	0.2141740375
0	0.1311865326	0.0014695347	0.8673439327
0	0.3685017457	0.3728473980	0.2586508563
1	0.0090288016	0.2655827083	0.7253884901
0	0.0029673380	0.0012409298	0.9957917322
1	0.1149204583	0.0011011453	0.8839783965
0	0.6571015528	0.0000328355	0.3428656117
0	0.0000000000	0.9995763124	0.0004236876
0	0.0076159229	0.7092975426	0.2830865345
0	0.4540576316	0.5459024515	0.0000399169
0	0.0100015796	0.1269699743	0.8630284461
0	0.0004662418	0.3225875623	0.6769461959
0	0.8420545903	0.0002666991	0.1576787106
0	0.2433201235	0.0086870711	0.7479928055
0	0.0520168614	0.3239499320	0.6240332066
0	0.4653434772	0.2297970738	0.3048594490
1	0.0000018360	0.2130132144	0.7869849495
0	0.0008677096	0.0028839400	0.9962483505
1	0.4229695053	0.4818709895	0.0951595052
0	0.6062117237	0.0003161180	0.3934721583
0	0.6946930533	0.2749297959	0.0303771508
2	0.7280145097	0.1782568922	0.0937285981
0	0.5434263988	0.2802973661	0.1762762351
0	0.1495130089	0.8302406546	0.0202463365
0	0.0000000004	0.2639527065	0.7360472930
0	0.4123518809	0.1808016285	0.4068464906
0	0.0013503471	0.0000000000	0.9986496529
1	0.0354468682	0.8698097766	0.0947433552
0	0.0001694918	0.0488387377	0.9509917705
0	0.5974654166	0.3994681725	0.0030664109
0	0.1736926650	0.6347755396	0.1915317954
0	0.0005428376	0.9920576585	0.0073995039
0	0.3282195059	0.5687964214	0.1029840727
0	0.1395175178	0.3427017283	0.5177807539
0	0.1332524440	0.8299612788	0.0367862772
0	0.0487923735	0.9377971829	0.0134104436
0	0.3208225432	0.6791765979	0.0000008588
2	0.0092173429	0.0687469328	0.9220357244
0	0.0008255074	0.9226695434	0.0765049492
0	0.1698388154	0.8301445219	0.0000166627
0	0.9468012191	0.0073982519	0.0458005291
0	0.0871616449	0.0163796204	0.8964587347
0	0.4177279290	0.0010867771	0.5811852939
0	0.1476763508	0.8492843008	0.0030393485
2	0.5076221543	0.4921601828	0.0002176629
0	0.6887361972	0.0779665371	0.2332972657
0	0.4490622670	0.5488367789	0.0021009541
0	0.0004190555	0.3716043223	0.6279766222
1	0.0974117703	0.2752873328	0.6273008969
0	0.6028630924	0.1392075955	0.2579293121
0	0.8143053496	0.0005133076	0.1851813427
0	0.4811052026	0.0153454904	0.5035493070
0	0.0401313167	0.9200652682	0.0398034150
0	0.5158001327	0.0480388922	0.4361609751
0	0.2541245396	0.3400166638	0.4058587966
0	0.8249580076	0.1121259955	0.0629159970
0	0.1606270036	0.1165878959	0.7227851005
0	0.0212427646	0.7699629083	0.2087943271
0	0.0223159992	0.6662677758	0.3114162250
1	0.0425838288	0.4107868017	0.5466293695
0	0.1719739496	0.6911630190	0.1368630314
1	0.8064440005	0.0089859894	0.1845700101
1	0.2539897504	0.7438739102	0.0021363394
0	0.3230211636	0.0106755751	0.6663032614
0	0.0734913130	0.7614832189	0.1650254681
0	0.5803459736	0.0000000000	0.4196540264
0	0.5616759484	0.1688015799	0.2695224717
0	0.0067082095	0.4416445943	0.5516471962
0	0.1188868349	0.4130445341	0.4680686310
0	0.3988932082	0.5968737396	0.0042330521
0	0.9390637697	0.0596078242	0.0013284061
0	0.6843955377	0.2622191095	0.0533853528
0	0.3609108575	0.3330169816	0.3060721609
0	0.6667911490	0.0150267996	0.3181820514
1	0.0122641005	0.9849363452	0.0027995543
1	0.9654089710	0.0318762571	0.0027147719
0	0.0000000000	0.8426373300	0.1573626700
0	0.8363259254	0.1507108447	0.0129632299
0	0.0000000124	0.3341387354	0.6658612522
0	0.0011843681	0.0088667790	0.9899488529
0	0.6869722391	0.0678954855	0.2451322754
0	0.0720108322	0.9094313808	0.0185577870
0	0.0304119110	0.6702690537	0.2993190353
0	0.0957082873	0.8901164524	0.0141752603
0	0.6902460059	0.2972711833	0.0124828108
0	0.9338746250	0.0136364019	0.0524889731
0	0.2031008578	0.0000005575	0.7968985847
1	0.9582490749	0.0103613300	0.0313895950
0	0.9463945730	0.0536046306	0.0000007964
1	0.2685800951	0.0002282066	0.7311916983
