0	0.9502973847	0.0450631085	0.0046395068
0	0.1293298994	0.0005098523	0.8701602482
1	0.7167988417	0.2831971839	0.0000039744
0	0.9531224132	0.0024838994	0.0443936874
0	0.0028809471	0.3540212521	0.6430978009
0	0.0001230339	0.0191189458	0.9807580204
0	0.6115300957	0.0209276195	0.3675422848
1	0.9113522411	0.0000000772	0.0886476817
1	0.5358055931	0.4641942481	0.0000001587
1	0.9023723832	0.0209071158	0.0767205010
0	0.0000000000	0.9929139930	0.0070860070
1	0.6494681296	0.3497381875	0.0007936829
0	0.0000000000	0.9604714387	0.0395285613
0	0.6417946250	0.3515485937	0.0066567812
0	0.9264699622	0.0485356496	0.0249943881
0	0.8843464967	0.0000000000	0.1156535033
0	0.2762005800	0.0017542492	0.7220451708
0	0.5671043347	0.0024624469	0.4304332185
0	0.2647418139	0.6812074111	0.0540507750
0	0.2382254015	0.0000000535	0.7617745450
0	0.8968682227	0.1025900646	0.0005417127
0	0.7651258426	0.0007598075	0.2341143499
0	0.9454671151	0.0011683087	0.0533645761
0	0.3622312976	0.6270383186	0.0107303838
0	0.9480183470	0.0384176706	0.0135639824
1	0.0039242691	0.9958358302	0.0002399006
0	0.3879141313	0.0000023679	0.6120835008
0	0.9978945094	0.0000000000	0.0021054906
0	0.5435984550	0.0515951077	0.4048064373
0	0.3087796517	0.2930739007	0.3981464476
0	0.3695434621	0.6303075154	0.0001490225
0	0.0000000212	0.0871300811	0.9128698977
0	0.2850128377	0.3680766329	0.3469105294
0	0.0004037981	0.9930639156	0.0065322863
1	0.0164133258	0.0322364117	0.9513502625
0	0.7591256763	0.0104056937	0.2304686300
0	0.6757770905	0.3206787238	0.0035441858
1	0.0368783257	0.1394138142	0.8237078602
0	0.1022566347	0.1412110718	0.7565322934
0	0.0000015440	0.0360353671	0.9639630889
2	0.8350515139	0.0311316861	0.1338168000
1	0.9919978245	0.0000000000	0.0080021755
0	0.0086944279	0.0312247273	0.9600808447
0	0.1515941856	0.0000265155	0.8483792989
1	0.0024117233	0.7804119034	0.2171763733
0	0.0132621974	0.5402034395	0.4465343631
0	0.0005638748	0.4643212733	0.5351148519
0	0.0012255250	0.9969511037	0.0018233713
0	0.4956562105	0.5032808758	0.0010629137
0	0.0145270671	0.0005375943	0.9849353386
0	0.2568673184	0.0010600004	0.7420726813
0	0.0013650101	0.3440794679	0.6545555220
0	0.3326949052	0.6410840954	0.0262209995
1	0.5802392951	0.0153231162	0.4044375887
1	0.0920390692	0.0000806204	0.9078803105
0	0.2392467982	0.5664755175	0.1942776843
0	0.0195706712	0.0117478178	0.9686815109
1	0.9431360088	0.0485861307	0.0082778606
0	0.0346734796	0.1648978748	0.8004286456
1	0.2084105342	0.3638859980	0.4277034678
0	0.7824246180	0.1947191853	0.0228561967
1	0.0001142034	0.1120578108	0.8878279858
1	0.1919158031	0.1329610993	0.6751230976
0	0.0622337782	0.1158144073	0.8219518145
0	0.0046105198	0.0007033275	0.9946861527
1	0.2807327848	0.3892320722	0.3300351431
0	0.7966911702	0.0475047831	0.1558040467
0	0.0010730835	0.6433243384	0.3556025780
0	0.0000000001	0.3123178130	0.6876821869
1	0.7831497507	0.1196775422	0.0971727070
1	0.3666800637	0.0137546020	0.6195653344
0	0.5064414356	0.0789838991	0.4145746653
0	0.0155016994	0.7684759596	0.2160223410
0	0.6161262703	0.0167630104	0.3671107193
2	0.0393527603	0.5673517494	0.3932954903
0	0.6405896614	0.3139383571	0.0454719815
0	0.0059031154	0.0122359704	0.9818609142
0	0.2457594593	0.7534277646	0.0008127761
0	0.1659607954	0.8340392045	0.0000000001
0	0.0000000044	0.9727745842	0.0272254113
0	0.7198373092	0.2323479747	0.0478147161
1	0.2187929093	0.0474249739	0.7337821168
0	0.3888366603	0.2656540737	0.3455092661
0	0.2531281879	0.7468717945	0.0000000176
1	0.4239155117	0.5746993854	0.0013851030
0	0.8827871555	0.0277202973	0.0894925472
1	0.8181584892	0.0006533010	0.1811882098
0	0.0132266559	0.1059111742	0.8808621699
1	0.8484608570	0.1504272475	0.0011118955
0	0.9989210484	0.0010186847	0.0000602670
0	0.0009885045	0.6584007757	0.3406107198
0	0.6871878874	0.3128029131	0.0000091995
0	0.9828220620	0.0138117066	0.0033662314
0	0.0000000000	0.9999999876	0.0000000124
0	0.9995237465	0.0000000114	0.0004762421
1	0.0240863553	0.0149352264	0.9609784183
0	0.0136095076	0.7703655000	0.2160249924
0	0.6233094805	0.3590957896	0.0175947298
0	0.0000000000	0.8397580591	0.1602419409
1	0.1919602051	0.3504758302	0.4575639646
