1	0.5566892979	0.2477777496	0.1955329525
0	0.3676004587	0.6219573041	0.0104422372
1	0.1925246085	0.5327819906	0.2746934009
0	0.0233677442	0.2205421072	0.7560901486
1	0.6309093920	0.0047467540	0.3643438540
1	0.0023262973	0.8437628835	0.1539108192
0	0.7031670505	0.1088027693	0.1880301801
0	0.0366729320	0.1893482052	0.7739788627
0	0.0347682934	0.0235932668	0.9416384398
0	0.8080029507	0.1919970492	0.0000000001
1	0.2770689262	0.1720170759	0.5509139979
0	0.8641154877	0.1327384590	0.0031460532
0	0.0051433983	0.1099989996	0.8848576021
0	0.9081821253	0.0094915353	0.0823263394
1	0.0495171305	0.0172491991	0.9332336704
0	0.0025818185	0.9542518040	0.0431663775
0	0.4182301991	0.0000933825	0.5816764183
0	0.3830522836	0.4025034795	0.2144442370
0	0.0442578581	0.8793620738	0.0763800680
0	0.0000007252	0.0612581772	0.9387410977
0	0.3036691883	0.1459688923	0.5503619193
0	0.3907879401	0.3949277811	0.2142842788
0	0.0572581274	0.5764401880	0.3663016847
0	0.0254299745	0.3573396690	0.6172303565
0	0.0755911781	0.0006097188	0.9237991030
0	0.0005255975	0.5056461622	0.4938282402
0	0.3250621747	0.0016860456	0.6732517797
1	0.5646154567	0.3120865955	0.1232979478
0	0.6906710213	0.0987417998	0.2105871789
0	0.0238070751	0.8971785448	0.0790143800
0	0.0093432838	0.8396728395	0.1509838767
0	0.7986398615	0.0187248153	0.1826353231
0	0.0298874084	0.9676630178	0.0024495738
0	0.1210807228	0.8612864245	0.0176328527
0	0.2345828682	0.5064769374	0.2589401944
0	0.5516053977	0.0805701700	0.3678244323
2	0.1605100433	0.0060687984	0.8334211583
0	0.1674166877	0.6998928014	0.1326905108
0	0.0137507888	0.3444719639	0.6417772473
1	0.6368119242	0.0521823419	0.3110057339
0	0.6550693465	0.3448591149	0.0000715387
2	0.6458160608	0.0000001674	0.3541837718
0	0.0000042533	0.6790574896	0.3209382571
0	0.0176248312	0.9630599137	0.0193152552
0	0.9908194991	0.0091805009	0.0000000000
0	0.0137908199	0.0087214081	0.9774877720
0	0.9305337978	0.0267520185	0.0427141837
2	0.0537284900	0.5944784315	0.3517930785
1	0.0077654486	0.9922345514	0.0000000000
0	0.0000000000	0.0111354064	0.9888645936
0	0.8892041223	0.0341560803	0.0766397974
0	0.6520450706	0.0902095687	0.2577453607
0	0.7719989036	0.2161801522	0.0118209442
0	0.0000000000	0.4210426312	0.5789573688
0	0.4255992310	0.5594614735	0.0149392955
0	0.0042207262	0.9197106269	0.0760686469
0	0.0192918005	0.9806772107	0.0000309888
0	0.0090550691	0.9908653957	0.0000795352
0	0.8882468159	0.0963411249	0.0154120592
1	0.7799449809	0.2200550101	0.0000000089
0	0.0002303971	0.9397577089	0.0600118940
0	0.2357467805	0.0000041957	0.7642490238
0	0.0579702815	0.6718585363	0.2701711822
0	0.0014599840	0.0114834095	0.9870566065
0	0.3868561155	0.3889564102	0.2241874743
0	0.3176001521	0.2949306175	0.3874692303
1	0.8656766841	0.1342535562	0.0000697597
0	0.6788167308	0.3107601913	0.0104230779
0	0.0002938404	0.0839587241	0.9157474355
0	0.0960456124	0.2467623093	0.6571920783
0	0.3234495718	0.0011167593	0.6754336689
0	0.0686045091	0.9167944742	0.0146010167
0	0.7353162446	0.2401353363	0.0245484191
0	0.3024462665	0.0010843081	0.6964694253
0	0.0000000186	0.9893221511	0.0106778302
0	0.0076363520	0.9923636480	0.0000000000
1	0.1987366582	0.7914278426	0.0098354992
2	0.3863487120	0.6070835292	0.0065677588
0	0.3534590694	0.6197986017	0.0267423289
0	0.2916562139	0.3066934060	0.4016503801
0	0.4791127919	0.1637860474	0.3571011607
0	0.0001680793	0.0152210747	0.9846108460
0	0.0586982006	0.9410163483	0.0002854510
0	0.0447023395	0.9552976605	0.0000000000
1	0.0149978060	0.8220071351	0.1629950589
1	0.0000137411	0.0000070630	0.9999791959
0	0.2272971135	0.0001206367	0.7725822498
0	0.6382253695	0.0063439414	0.3554306891
0	0.0000085053	0.9772276001	0.0227638945
0	0.8772484899	0.0281406470	0.0946108631
0	0.5878238084	0.0597367914	0.3524394002
0	0.0201673198	0.2461614059	0.7336712744
1	0.1774256278	0.1339381135	0.6886362587
0	0.0942692530	0.7754180743	0.1303126726
1	0.5256247545	0.4731440759	0.0012311696
0	0.3265359594	0.5033529616	0.1701110790
0	0.0375060393	0.9240009135	0.0384930471
0	0.0867486389	0.0000000000	0.9132513611
0	0.2019840045	0.7980159955	0.0000000000
0	0.1064035926	0.8935964070	0.0000000004
