0	0.9973264893	0.0000658372	0.0026076735
1	0.6724003552	0.1773178980	0.1502817468
0	0.9720944485	0.0007844927	0.0271210588
0	0.3214187726	0.0024483475	0.6761328799
0	0.6238588840	0.3017768341	0.0743642819
0	0.0521803055	0.5611749673	0.3866447271
0	0.9912033105	0.0000252119	0.0087714776
1	0.2475680309	0.0452501969	0.7071817722
0	0.9899711534	0.0099652245	0.0000636221
0	0.4455113922	0.1687158388	0.3857727690
0	0.0153062272	0.9846025866	0.0000911862
0	0.0000000000	0.9973128892	0.0026871108
0	0.6341223158	0.0466177457	0.3192599384
0	0.1475943863	0.6978075198	0.1545980939
1	0.1180503187	0.1380388060	0.7439108753
0	0.0000000000	0.8069848522	0.1930151478
0	0.2938099154	0.5350553872	0.1711346974
1	0.0000017838	0.7258922906	0.2741059256
0	0.3629298876	0.6370701059	0.0000000065
0	0.0190143454	0.5711279110	0.4098577436
0	0.9509386311	0.0094401149	0.0396212540
0	0.3903566339	0.1136320169	0.4960113492
1	0.5126007446	0.0893747089	0.3980245465
0	0.0669629497	0.9204198690	0.0126171813
0	0.0002773898	0.0000000000	0.9997226102
0	0.7439105198	0.0300693703	0.2260201099
0	0.0000000000	0.8141822020	0.1858177980
0	0.0011878176	0.9811759771	0.0176362053
0	0.4504573149	0.5450963356	0.0044463494
0	0.9700965206	0.0050353391	0.0248681402
0	0.2376650981	0.0000000000	0.7623349019
0	0.1490580631	0.8406863668	0.0102555701
1	0.0000037600	0.9862905438	0.0137056962
0	0.9317418645	0.0015516488	0.0667064867
0	0.5418790017	0.0005741977	0.4575468006
0	0.5387927610	0.4488618672	0.0123453718
0	0.2048731604	0.7951268396	0.0000000000
1	0.1493631724	0.0000000870	0.8506367406
0	0.3895206451	0.5649600245	0.0455193305
1	0.0483184719	0.6234247984	0.3282567296
0	0.0682146777	0.9316891686	0.0000961537
0	0.9668641121	0.0010536586	0.0320822293
0	0.1545246369	0.0504109090	0.7950644542
0	0.0112727839	0.8296247439	0.1591024722
0	0.6724745093	0.0002441445	0.3272813462
0	0.0316484087	0.6873272531	0.2810243381
1	0.9988536749	0.0000000106	0.0011463145
0	0.0721495782	0.1680385315	0.7598118903
0	0.9023066130	0.0945546862	0.0031387008
0	0.9930132676	0.0007291350	0.0062575973
0	0.4798028451	0.0000081196	0.5201890353
0	0.0000042459	0.9151409939	0.0848547602
0	0.1388152385	0.8582641853	0.0029205762
0	0.0000000010	0.5431540961	0.4568459029
0	0.2540026784	0.2636359659	0.4823613557
1	0.2626563464	0.6821954081	0.0551482455
1	0.0000000000	0.8635898823	0.1364101177
0	0.0484408218	0.0367510202	0.9148081580
0	0.3979299683	0.5443796074	0.0576904243
1	0.7504023499	0.1985235192	0.0510741310
1	0.0441212186	0.0301645510	0.9257142304
0	0.7342434997	0.2636782995	0.0020782008
0	0.3668199997	0.5735419871	0.0596380132
0	0.0248425696	0.0256080370	0.9495493934
1	0.1502499780	0.2083220321	0.6414279899
0	0.0039086893	0.8475151361	0.1485761746
1	0.0005407516	0.1884860493	0.8109731991
0	0.0018184258	0.8141602057	0.1840213686
0	0.3406878237	0.1946785500	0.4646336262
2	0.0000000000	0.0027186896	0.9972813104
0	0.4812290767	0.4631528374	0.0556180858
0	0.9916578743	0.0027886436	0.0055534821
0	0.0000000000	0.0000459038	0.9999540962
0	0.2568576817	0.7039662693	0.0391760490
0	0.0009528463	0.2870311936	0.7120159600
0	0.9999597287	0.0000334118	0.0000068595
0	0.5755977992	0.3718586226	0.0525435781
0	0.3117733452	0.6882264233	0.0000002315
0	0.0156539275	0.2236025286	0.7607435439
0	0.1549749979	0.2312152991	0.6138097029
0	0.4132916605	0.4385555233	0.1481528162
0	0.0003922754	0.0935052041	0.9061025204
0	0.2615496463	0.7384478832	0.0000024705
0	0.1840457298	0.2164847986	0.5994694716
0	0.3134357109	0.5351448180	0.1514194712
1	0.0036738316	0.0869265609	0.9093996075
0	0.7298067823	0.2701929398	0.0000002780
0	0.7664088466	0.1990939503	0.0344972031
0	0.7712343248	0.0871174302	0.1416482450
0	0.0000000000	0.9854490797	0.0145509203
0	0.0032920676	0.4640237689	0.5326841635
0	0.1025038138	0.5755381720	0.3219580143
0	0.0000000100	0.9114906682	0.0885093217
1	0.0000395270	0.7229386422	0.2770218308
0	0.9014661025	0.0915302641	0.0070036334
0	0.0000277316	0.0000003900	0.9999718784
0	0.0579389507	0.8875287831	0.0545322663
0	0.0382801481	0.9397615231	0.0219583288
0	0.3047983860	0.0104881681	0.6847134458
0	0.0000000000	0.1230976184	0.8769023816
