0	0.6441734593	0.0750218311	0.2808047095
0	0.9736788901	0.0263211099	0.0000000000
0	0.9945403265	0.0008515656	0.0046081079
0	0.5877137101	0.4109259555	0.0013603344
1	0.5671718342	0.3299183765	0.1029097894
0	0.0000000000	0.0098023384	0.9901976616
0	0.0990616444	0.0001183628	0.9008199928
0	0.9138700880	0.0846186375	0.0015112745
0	0.0869323690	0.8527079836	0.0603596474
0	0.2071226805	0.0004145341	0.7924627854
1	0.5886261367	0.0712002598	0.3401736036
0	0.7142292809	0.1904034357	0.0953672834
1	0.1420991688	0.8532580030	0.0046428282
0	0.5778861408	0.1318702239	0.2902436353
0	0.8501250111	0.1353318959	0.0145430930
1	0.0307795082	0.7641035015	0.2051169903
0	0.9313408528	0.0119293921	0.0567297552
0	0.6420146950	0.3579751384	0.0000101665
0	0.2177824377	0.4152155229	0.3670020394
0	0.1820597736	0.7403717081	0.0775685183
0	0.0030140195	0.9706868818	0.0262990987
1	0.0034558615	0.0516877831	0.9448563554
0	0.0951387498	0.9048612502	0.0000000000
0	0.7214036536	0.1377454802	0.1408508663
0	0.9340493009	0.0021605197	0.0637901794
0	0.0126933723	0.9597285370	0.0275780907
0	0.3587178108	0.0009217498	0.6403604394
0	0.0002259020	0.0823973301	0.9173767679
1	0.7942188871	0.0000000006	0.2057811123
0	0.0000021370	0.8270695794	0.1729282836
0	0.0003661099	0.9611643470	0.0384695431
0	0.3431919971	0.6510349852	0.0057730177
2	0.8722942383	0.1150215086	0.0126842530
0	0.4187976614	0.0138551871	0.5673471515
0	0.1733644236	0.5815814208	0.2450541556
0	0.1385810305	0.4876268208	0.3737921487
0	0.0694772577	0.0767612004	0.8537615419
2	0.6084019581	0.1430475630	0.2485504789
1	0.9230060297	0.0559395202	0.0210544500
0	0.1620693093	0.6114404601	0.2264902305
0	0.2522294534	0.7235424364	0.0242281102
0	0.3954125765	0.3875554213	0.2170320022
0	0.1435713024	0.0002905355	0.8561381621
0	0.0106619256	0.9893380743	0.0000000001
0	0.0000598924	0.9999400997	0.0000000079
0	0.0027579162	0.9942274549	0.0030146290
0	0.0000002121	0.0225065457	0.9774932422
0	0.7125757243	0.2147299935	0.0726942822
0	0.0515607359	0.6105775195	0.3378617446
0	0.0941126100	0.4026048617	0.5032825283
0	0.8176128180	0.0322671361	0.1501200459
0	0.4125078806	0.3865457648	0.2009463546
1	0.0007092074	0.8282767782	0.1710140144
0	0.2151838749	0.7781557724	0.0066603527
0	0.0041538885	0.2357084573	0.7601376542
0	0.9782217147	0.0119693580	0.0098089273
0	0.2604815644	0.5155764985	0.2239419371
1	0.1305328163	0.0509258826	0.8185413011
1	0.3268401629	0.4230381994	0.2501216376
0	0.0000013286	0.6213446899	0.3786539815
0	0.1861601280	0.0243122024	0.7895276696
0	0.3563995424	0.6267807094	0.0168197482
0	0.0000000118	0.4593209634	0.5406790248
0	0.0000000000	0.9691422312	0.0308577688
1	0.7781773377	0.2190929148	0.0027297475
0	0.0508776496	0.7114252722	0.2376970782
1	0.2534507134	0.2677766766	0.4787726100
0	0.1010470486	0.4463046347	0.4526483166
0	0.1738929799	0.0139175503	0.8121894699
1	0.0030710194	0.9969289805	0.0000000001
0	0.9596525697	0.0076735170	0.0326739134
1	0.2132060470	0.7867939530	0.0000000000
0	0.0589730262	0.1122739759	0.8287529979
0	0.9376757563	0.0591861477	0.0031380960
0	0.7988784292	0.2011215708	0.0000000000
0	0.0042913832	0.9957046798	0.0000039370
0	0.0428300195	0.7820803707	0.1750896098
0	0.1884747066	0.0375880255	0.7739372679
0	0.0273008592	0.6818271392	0.2908720016
0	0.2299384256	0.6616137550	0.1084478194
0	0.9283620857	0.0000247409	0.0716131734
1	0.3834599093	0.0013471562	0.6151929345
0	0.6188018925	0.0740337881	0.3071643194
0	0.7295434089	0.0324080313	0.2380485598
0	0.0234095445	0.0028258197	0.9737646358
0	0.9574576506	0.0000000000	0.0425423494
1	0.1217907316	0.8761134382	0.0020958302
0	0.0000714124	0.9999285797	0.0000000079
0	0.1326372573	0.2456232111	0.6217395317
0	0.2883886927	0.0097359395	0.7018753677
0	0.0849834047	0.1423735708	0.7726430245
1	0.0020215605	0.0000000000	0.9979784395
0	0.0225018957	0.9771784926	0.0003196117
0	0.0176050977	0.2456623415	0.7367325607
0	0.0497382172	0.7223278510	0.2279339318
0	0.0150433847	0.1135077746	0.8714488407
0	0.0112418872	0.9735094601	0.0152486527
2	0.1182991953	0.0511656007	0.8305352040
0	0.0441870632	0.0000000005	0.9558129364
0	0.2561667857	0.6912131397	0.0526200746
