1	0.5567218060	0.3725916960	0.0706864980
0	0.7816307458	0.0248760118	0.1934932424
0	0.1577460183	0.0195774037	0.8226765779
0	0.5372002923	0.3817220772	0.0810776305
0	0.0497309398	0.1219725360	0.8282965243
0	0.7524866962	0.0471927418	0.2003205620
0	0.0001143257	0.7486356365	0.2512500377
0	0.5117272310	0.4684907060	0.0197820629
0	0.0985367568	0.8991002500	0.0023629932
0	0.9998634834	0.0000000000	0.0001365166
0	0.5926207984	0.0000000000	0.4073792016
0	0.3195296481	0.1046372929	0.5758330590
0	0.2968367847	0.4138554779	0.2893077374
0	0.7498570066	0.2483656112	0.0017773822
0	0.9728635157	0.0000013789	0.0271351053
0	0.0048614925	0.0197391399	0.9753993676
0	0.0000064094	0.9933083172	0.0066852734
0	0.9926444190	0.0070146967	0.0003408842
0	0.9032726555	0.0943131827	0.0024141618
0	0.0000000000	0.2401964120	0.7598035880
0	0.0144830828	0.0000000000	0.9855169172
0	0.3629726372	0.5984178908	0.0386094720
0	0.0000149904	0.4688469366	0.5311380730
0	0.6244617697	0.3708780827	0.0046601476
0	0.0733420337	0.7444441124	0.1822138539
0	0.0393431391	0.0550811444	0.9055757164
0	0.4649016589	0.2374570659	0.2976412752
0	0.6857708244	0.0000129835	0.3142161921
0	0.0087632918	0.8126371280	0.1785995801
0	0.4890671787	0.1088632973	0.4020695240
0	0.2542193512	0.2093866885	0.5363939602
0	0.0012560060	0.1117370629	0.8870069311
1	0.0000000000	0.4021041364	0.5978958636
0	0.0530876675	0.3064743850	0.6404379475
0	0.1376939296	0.8408399481	0.0214661222
0	0.9504459912	0.0404310338	0.0091229750
0	0.2256491456	0.3777072360	0.3966436184
0	0.0566259374	0.3714549420	0.5719191206
0	0.0054999071	0.0024009739	0.9920991190
1	0.1594805899	0.2446379911	0.5958814191
0	0.8647629884	0.0847400186	0.0504969931
0	0.0690420057	0.3842725208	0.5466854735
0	0.0000077887	0.6744015473	0.3255906640
1	0.2246985143	0.0810239657	0.6942775199
0	0.3916912454	0.0294908073	0.5788179473
0	0.6740626360	0.0479222727	0.2780150913
0	0.0271371029	0.3401792573	0.6326836398
1	0.4033898177	0.5725240203	0.0240861619
1	0.0001633656	0.1135695659	0.8862670685
0	0.7714476111	0.2285513408	0.0000010481
0	0.0000000000	0.9790154487	0.0209845513
0	0.8426012160	0.1562276022	0.0011711818
0	0.0000000000	0.8851928413	0.1148071587
0	0.2932923839	0.4990807619	0.2076268543
0	0.0000012930	0.1041287578	0.8958699493
0	0.0753629228	0.8157183796	0.1089186976
0	0.0000104656	0.9766569591	0.0233325753
0	0.6900055735	0.2927333124	0.0172611141
1	0.0000115894	0.9186721692	0.0813162414
0	0.0691448980	0.8157316313	0.1151234707
0	0.0000603157	0.5613561378	0.4385835466
1	0.1277595353	0.8722322817	0.0000081829
1	0.2405204302	0.2677888129	0.4916907569
1	0.9744023609	0.0237825312	0.0018151079
2	0.5018915623	0.2286016940	0.2695067437
1	0.4982013507	0.4119972978	0.0898013515
0	0.1200826837	0.3263427115	0.5535746048
1	0.2445231121	0.1034014026	0.6520754853
0	0.0178364614	0.9607121430	0.0214513957
0	0.9936015192	0.0001105451	0.0062879357
0	0.7786111450	0.2207294050	0.0006594501
0	0.1549936558	0.8450017494	0.0000045948
0	0.3109899309	0.4337906482	0.2552194209
0	0.5683772713	0.4315082963	0.0001144324
0	0.5048054449	0.0490191642	0.4461753910
1	0.0376355049	0.9600204676	0.0023440275
1	0.7152235167	0.1550773634	0.1296991199
0	0.1486407131	0.0007106868	0.8506486001
0	0.9999999995	0.0000000000	0.0000000005
0	0.3412614576	0.6066879207	0.0520506218
0	0.2453962407	0.0886839063	0.6659198530
0	0.3897225268	0.1986139502	0.4116635230
0	0.5763801766	0.2873528934	0.1362669300
0	0.0092525089	0.3711000260	0.6196474650
1	0.0460343572	0.3576776593	0.5962879835
0	0.0000000001	0.9999773903	0.0000226097
0	0.1683352561	0.1601228339	0.6715419100
0	0.1081932673	0.7598342791	0.1319724535
0	0.0055999293	0.0538402637	0.9405598070
1	0.0000122351	0.9155304934	0.0844572715
0	0.0298092271	0.9562140276	0.0139767453
0	0.3281621023	0.5135139566	0.1583239411
0	0.8786152962	0.0112523111	0.1101323927
0	0.9273743793	0.0029179232	0.0697076975
0	0.7194362985	0.2731107217	0.0074529798
0	0.0004949680	0.9487835301	0.0507215019
0	0.3701198021	0.6114985108	0.0183816870
0	0.2127715768	0.6145486477	0.1726797755
1	0.0221860783	0.3780902422	0.5997236795
0	0.5845544981	0.1598886310	0.2555568709
