0	0.0770859997	0.6192595019	0.3036544984
0	0.1085940353	0.8318097670	0.0595961977
0	0.0000002167	0.0806126863	0.9193870970
0	0.0000000000	0.4047390130	0.5952609870
0	0.1527462140	0.1337751820	0.7134786040
0	0.0089372170	0.6935175053	0.2975452778
0	0.2908904019	0.0398048331	0.6693047650
0	0.0000154200	0.0024384927	0.9975460873
1	0.1095676949	0.4452521463	0.4451801588
0	0.5585218183	0.2654307407	0.1760474409
0	0.7429557661	0.0007051096	0.2563391243
0	0.9449086980	0.0249489803	0.0301423217
0	0.8217357610	0.0000016306	0.1782626083
2	0.7963479188	0.1705142335	0.0331378477
0	0.0720691021	0.8947049397	0.0332259582
0	0.5206342164	0.4778018487	0.0015639349
0	0.0818999654	0.0023584087	0.9157416259
0	0.3743469409	0.4225807163	0.2030723429
0	0.0582093412	0.8124417100	0.1293489488
0	0.0013502474	0.8286007209	0.1700490317
1	0.6918204550	0.0000359995	0.3081435455
0	0.6186879329	0.3031693471	0.0781427200
0	0.4359189041	0.1568258500	0.4072552459
1	0.2758444852	0.7091574601	0.0149980547
0	0.0736399553	0.8451535269	0.0812065177
0	0.3893914723	0.2080496378	0.4025588899
0	0.0040366057	0.9001927074	0.0957706869
0	0.2242560163	0.7757439406	0.0000000432
0	0.5490977300	0.3377301355	0.1131721345
0	0.0500064693	0.9499935307	0.0000000000
1	0.0046209081	0.8086562358	0.1867228561
1	0.2193131235	0.7672990199	0.0133878567
1	0.3652827316	0.0130627965	0.6216544719
0	0.0242871311	0.9471838977	0.0285289712
0	0.5899826036	0.1808658714	0.2291515250
0	0.6047618624	0.3937068114	0.0015313261
0	0.0000002869	0.3143704537	0.6856292594
0	0.0000000056	0.0000000000	0.9999999944
0	0.9885235837	0.0076935120	0.0037829043
0	0.0826429558	0.0000000001	0.9173570441
0	0.4235907840	0.5764092160	0.0000000000
0	0.0220561274	0.3534857264	0.6244581462
0	0.0103577834	0.4781654363	0.5114767803
0	0.8075459528	0.0210598807	0.1713941665
1	0.0009915301	0.0000774459	0.9989310240
0	0.5673447118	0.3542169135	0.0784383747
0	0.0103343236	0.9896590248	0.0000066516
0	0.0010382687	0.2760315938	0.7229301374
0	0.1078676378	0.4516397529	0.4404926092
0	0.0015891467	0.0000000000	0.9984108533
0	0.0199539562	0.0612505867	0.9187954571
0	0.1237047834	0.8246266245	0.0516685921
0	0.8022869494	0.1969031329	0.0008099177
0	0.5192601558	0.1965542140	0.2841856302
1	0.3831380848	0.0866913008	0.5301706144
0	0.0014659241	0.0000001054	0.9985339705
0	0.1799828570	0.7545972254	0.0654199176
0	0.9610669997	0.0002951440	0.0386378563
0	0.0520588651	0.0162853522	0.9316557827
1	0.5115053320	0.4866906979	0.0018039701
0	0.4208727068	0.0341415584	0.5449857347
0	0.1281096886	0.0389269040	0.8329634075
0	0.4866486049	0.0066852075	0.5066661876
0	0.3871600649	0.6097261485	0.0031137866
0	0.0581134212	0.9188343592	0.0230522196
0	0.0343138848	0.6528109125	0.3128752027
1	0.1820735713	0.1282393814	0.6896870473
0	0.1107669138	0.8157105147	0.0735225716
0	0.0750010884	0.0135001371	0.9114987746
0	0.4276010993	0.0703506374	0.5020482633
0	0.1284228006	0.6768793005	0.1946978988
0	0.0458532087	0.1677546789	0.7863921124
0	0.0001042724	0.2116374082	0.7882583194
0	0.5737399800	0.0017420168	0.4245180031
1	0.8349182517	0.0000004243	0.1650813240
0	0.2169439647	0.7545933079	0.0284627274
0	0.8888453167	0.0996972427	0.0114574406
0	0.4337268168	0.5212217217	0.0450514615
0	0.6244406400	0.2981694582	0.0773899018
0	0.7337211898	0.0592129400	0.2070658701
0	0.5880062903	0.1774483255	0.2345453842
1	0.4866289195	0.0111230717	0.5022480088
1	0.1056439762	0.7145792965	0.1797767273
1	0.4397300773	0.0128929658	0.5473769569
0	0.0000003034	0.9393561813	0.0606435153
0	0.0912299104	0.6394414846	0.2693286050
1	0.0000010551	0.8154195321	0.1845794128
1	0.2709363678	0.7277740924	0.0012895398
0	0.0816645035	0.0689906524	0.8493448441
0	0.0159252401	0.6575389335	0.3265358264
1	0.1468040066	0.8530892420	0.0001067514
0	0.9281975070	0.0000000000	0.0718024930
0	0.1934993902	0.7554859777	0.0510146321
0	0.1013719813	0.8862383610	0.0123896577
0	0.0000232645	0.1932371259	0.8067396096
0	0.0573276469	0.9235382414	0.0191341117
0	0.5644898992	0.4355046424	0.0000054584
0	0.0676606400	0.6419161771	0.2904231829
0	0.8482138355	0.1511799346	0.0006062300
0	0.8618159924	0.0452979500	0.0928860576
