0	0.2068775012	0.0015955494	0.7915269494
0	0.8907760887	0.0055435065	0.1036804048
0	0.7867704521	0.1769581055	0.0362714424
1	0.0000000016	0.5381682060	0.4618317924
0	0.0000111352	0.5610407846	0.4389480803
0	0.0005664943	0.9994335057	0.0000000000
0	0.0114853099	0.0486599661	0.9398547241
1	0.7982690437	0.1352455477	0.0664854087
0	0.3270685267	0.6726217915	0.0003096817
1	0.4086729331	0.3094407557	0.2818863112
0	0.8176007292	0.1790056054	0.0033936654
1	0.7059377761	0.0230797039	0.2709825200
0	0.0742232207	0.6517651751	0.2740116043
0	0.9216708499	0.0782775681	0.0000515820
1	0.0000000000	0.7621095802	0.2378904198
0	0.0000000000	0.3265925534	0.6734074466
0	0.5276948224	0.1489575011	0.3233476765
0	0.4426836711	0.2030238626	0.3542924663
0	0.0382832578	0.0364195040	0.9252972381
0	0.5007123357	0.2271295445	0.2721581198
0	0.5519712247	0.4470855255	0.0009432498
0	0.9275342554	0.0567907040	0.0156750406
0	0.7542783232	0.0306471406	0.2150745361
0	0.7514365409	0.2345259991	0.0140374600
0	0.2248318542	0.0748610035	0.7003071423
0	0.5435798284	0.3159579988	0.1404621728
0	0.0005118575	0.7124388739	0.2870492686
1	0.2438264742	0.1371846327	0.6189888930
0	0.0491902052	0.9351314112	0.0156783836
0	0.7615134696	0.1978129165	0.0406736139
1	0.1279201851	0.8248230777	0.0472567372
0	0.0000200580	0.4382939898	0.5616859522
0	0.8427157277	0.0651416114	0.0921426610
0	0.6632595480	0.3352356801	0.0015047719
1	0.7040456728	0.0000000019	0.2959543253
0	0.2444052691	0.7555947309	0.0000000000
0	0.0040739145	0.0101451211	0.9857809644
0	0.4578810810	0.0000001350	0.5421187839
0	0.8644059559	0.0013516245	0.1342424196
1	0.0000000001	0.0001460479	0.9998539520
0	0.0309176589	0.0669108102	0.9021715309
0	0.6272576938	0.2781796614	0.0945626448
0	0.0254557643	0.9680257625	0.0065184733
0	0.6814993081	0.2955951018	0.0229055901
0	0.3447630374	0.2582126090	0.3970243536
0	0.0000000000	0.9999502212	0.0000497788
0	0.0000020374	0.0000368602	0.9999611024
0	0.0001037324	0.0388046667	0.9610916009
0	0.1826225545	0.0000000126	0.8173774328
0	0.0000000000	0.1335905462	0.8664094538
0	0.4410824902	0.0804314393	0.4784860705
0	0.0000000000	0.0000771047	0.9999228953
0	0.0000089456	0.4582307822	0.5417602722
0	0.0678720650	0.8594441707	0.0726837644
0	0.0000326616	0.0016640057	0.9983033327
0	0.7192051163	0.2797484488	0.0010464349
0	0.7756717278	0.0168090124	0.2075192598
0	0.0002766986	0.2116229335	0.7881003678
0	0.0012483084	0.7367861878	0.2619655038
0	0.7460194898	0.2216932541	0.0322872562
1	0.8741837991	0.1258160025	0.0000001984
0	0.0923128610	0.8917521749	0.0159349641
0	0.0046812916	0.0000000000	0.9953187084
0	0.0150957815	0.9436981478	0.0412060707
1	0.8752275816	0.1235263896	0.0012460288
1	0.9593610016	0.0000135655	0.0406254329
0	0.7546046540	0.2450604305	0.0003349156
0	0.1992718915	0.2612784805	0.5394496280
1	0.4538187661	0.5458972107	0.0002840233
0	0.0187302293	0.6644086224	0.3168611483
1	0.9635504408	0.0364491761	0.0000003831
0	0.6619432565	0.2091563119	0.1289004316
0	0.0000074783	0.2090486215	0.7909439002
1	0.3793478768	0.2956894400	0.3249626832
2	0.6754206589	0.2783109834	0.0462683578
0	0.5073689896	0.3540701341	0.1385608763
0	0.0002931887	0.8385740923	0.1611327190
0	0.3774398682	0.5727581364	0.0498019954
0	0.8442911838	0.1127508954	0.0429579208
1	0.6061624086	0.0001575700	0.3936800214
1	0.0001430631	0.8211340060	0.1787229309
0	0.0486215604	0.0000006598	0.9513777798
1	0.4093271742	0.4934906334	0.0971821924
0	0.1826204845	0.7132376325	0.1041418830
1	0.2268522240	0.0003006153	0.7728471607
0	0.3598313695	0.4371782084	0.2029904221
0	0.1616309850	0.0000000000	0.8383690150
0	0.1740750216	0.2632816137	0.5626433648
0	0.5143957714	0.0000030621	0.4856011665
0	0.3239645730	0.5271520831	0.1488833439
1	0.6683317837	0.2398490369	0.0918191794
0	0.0021856642	0.0423159155	0.9554984203
0	0.9098552838	0.0001947834	0.0899499329
0	0.0905804733	0.0000894795	0.9093300472
0	0.0775043350	0.8856062420	0.0368894231
0	0.3865202123	0.0470119852	0.5664678025
0	0.2936632829	0.6369001786	0.0694365385
0	0.8250987362	0.0222210061	0.1526802577
0	0.0136707764	0.2304493180	0.7558799056
0	0.0479206388	0.1057029229	0.8463764383
