0	0.0059544570	0.4995285975	0.4945169455
0	0.1539836867	0.1837223200	0.6622939933
0	0.7479676586	0.1348355324	0.1171968090
0	0.9999991108	0.0000008886	0.0000000006
0	0.8986945032	0.0068721143	0.0944333826
0	0.0005934378	0.9615246686	0.0378818936
1	0.0286860377	0.9148351168	0.0564788455
1	0.3629108870	0.2780056899	0.3590834231
0	0.0644892923	0.4496325799	0.4858781278
0	0.9694182633	0.0283974389	0.0021842978
0	0.5654357647	0.4334205929	0.0011436424
0	0.9933291333	0.0000000000	0.0066708667
0	0.2419020786	0.3780700544	0.3800278671
0	0.6083391561	0.0000103734	0.3916504705
0	0.9559362207	0.0017047800	0.0423589993
1	0.1250680382	0.0905605362	0.7843714256
0	0.1077658434	0.8922336256	0.0000005310
0	0.8973904290	0.0865152526	0.0160943184
1	0.0025458386	0.9974541614	0.0000000000
0	0.1058886440	0.8774988792	0.0166124768
0	0.9137546146	0.0010275391	0.0852178463
0	0.2598486957	0.0001229243	0.7400283800
1	0.0688805289	0.5450524334	0.3860670378
0	0.5976948530	0.3584255389	0.0438796081
0	0.8007758414	0.1739156511	0.0253085075
1	0.6887399801	0.2296570597	0.0816029603
0	0.0489366745	0.4200958858	0.5309674397
1	0.9651357320	0.0249001176	0.0099641504
0	0.1630376342	0.1051136799	0.7318486859
1	0.9675203063	0.0060970802	0.0263826135
0	0.1292820434	0.5238330099	0.3468849467
0	0.3493894177	0.0068412420	0.6437693403
0	0.3225740671	0.2704393659	0.4069865670
0	0.3530707101	0.0187427126	0.6281865772
0	0.0131243674	0.9365688813	0.0503067514
1	0.1291680845	0.1564703657	0.7143615498
0	0.1357190947	0.4071150907	0.4571658146
0	0.0141697710	0.7217052050	0.2641250241
0	0.1113052106	0.6504359137	0.2382588757
1	0.2915670860	0.1788135970	0.5296193170
0	0.0447399285	0.8485731724	0.1066868991
0	0.3779364441	0.5741989994	0.0478645565
0	0.0033478987	0.9964614413	0.0001906600
1	0.0000066763	0.6716683508	0.3283249729
0	0.0494154126	0.2093603389	0.7412242485
0	0.0082269659	0.1621713270	0.8296017071
0	0.0001264136	0.4897192530	0.5101543334
0	0.0000120694	0.0000478866	0.9999400440
0	0.0234592937	0.0274664864	0.9490742199
0	0.0003614738	0.0112068660	0.9884316601
1	0.4897828498	0.0640822371	0.4461349132
0	0.0203748611	0.7595388592	0.2200862798
0	0.1597013891	0.8259992996	0.0142993114
0	0.0982039355	0.4369566835	0.4648393810
2	0.8270226695	0.0791123981	0.0938649324
0	0.4090023716	0.4020297705	0.1889678579
0	0.0453527748	0.4692287447	0.4854184805
0	0.5102786353	0.2931680219	0.1965533428
0	0.0000002515	0.0567874367	0.9432123119
1	0.0081953179	0.6028115713	0.3889931109
0	0.7705817010	0.2263454444	0.0030728546
0	0.0001922088	0.1152238443	0.8845839469
1	0.9854869346	0.0000065168	0.0145065486
1	0.3882942331	0.5728712783	0.0388344886
1	0.2753753808	0.2376127500	0.4870118692
0	0.0000068674	0.3192195190	0.6807736136
0	0.6600296408	0.0226178562	0.3173525029
0	0.0003617317	0.0018488814	0.9977893869
0	0.0017698358	0.0002505146	0.9979796496
0	0.0162077391	0.9586283944	0.0251638665
0	0.2169833485	0.3786125572	0.4044040943
0	0.0720005594	0.8281136181	0.0998858225
0	0.0071861650	0.1080181578	0.8847956772
0	0.9989416747	0.0010583253	0.0000000000
0	0.1094855190	0.3175660101	0.5729484709
0	0.0137558800	0.8728986622	0.1133454579
0	0.0000000000	0.1344008585	0.8655991415
0	0.0005023137	0.9977768542	0.0017208321
0	0.0000000000	0.9999906093	0.0000093907
0	0.0162060812	0.9774766717	0.0063172471
0	0.9821104585	0.0000000001	0.0178895413
0	0.0641556206	0.8373083426	0.0985360368
0	0.0346261604	0.9653738396	0.0000000000
0	0.5864690990	0.0000752272	0.4134556738
0	0.3874995691	0.0625250956	0.5499753353
1	0.9042386049	0.0905056941	0.0052557010
1	0.9769631700	0.0132942667	0.0097425633
0	0.1012902763	0.5720160291	0.3266936946
1	0.8637196301	0.1361840150	0.0000963549
0	0.4716879404	0.0584612697	0.4698507898
0	0.0563192711	0.4254593295	0.5182213994
0	0.0025677546	0.9974311119	0.0000011335
0	0.3555710168	0.3161407917	0.3282881915
0	0.0514663203	0.0755226236	0.8730110561
1	0.4952366155	0.2265613666	0.2782020179
0	0.0326573084	0.0209247038	0.9464179878
0	0.0003052683	0.3720761304	0.6276186013
0	0.0001232143	0.9464007233	0.0534760624
1	0.5108944273	0.4279947982	0.0611107745
0	0.2487952943	0.2685242111	0.4826804946
