0	0.4784336810	0.5161148213	0.0054514977
0	0.8398602238	0.1210207663	0.0391190099
0	0.1152727170	0.8847272830	0.0000000000
1	0.3885978498	0.3567581629	0.2546439872
1	0.9999833475	0.0000121742	0.0000044783
0	0.3577882793	0.4101210528	0.2320906679
1	0.2057948534	0.7942051466	0.0000000000
0	0.0002028956	0.0079237658	0.9918733386
1	0.0431842312	0.0338280806	0.9229876882
0	0.0466263403	0.9531420225	0.0002316372
0	0.3605964689	0.0003594168	0.6390441143
0	0.0037591647	0.6328723525	0.3633684828
0	0.0000000001	0.2136712245	0.7863287755
0	0.5161231998	0.3118832838	0.1719935164
0	0.3744967317	0.3149783977	0.3105248706
0	0.0091360392	0.0162570637	0.9746068971
0	0.4874003172	0.4035718036	0.1090278792
1	0.6496911068	0.0999890054	0.2503198878
0	0.0159346869	0.2042324600	0.7798328531
0	0.0093686518	0.1902295289	0.8004018193
0	0.0084657556	0.1706284452	0.8209057993
0	0.2424978977	0.4672598240	0.2902422783
0	0.9636612038	0.0248759450	0.0114628512
0	0.0000040679	0.2723505570	0.7276453751
0	0.8318164094	0.1589308180	0.0092527725
0	0.0038932990	0.0494175112	0.9466891899
0	0.0040265947	0.0194900361	0.9764833692
0	0.2571600866	0.6665266241	0.0763132893
0	0.5993485937	0.0000000000	0.4006514063
0	0.0008159448	0.0011398333	0.9980442218
1	0.8044592145	0.1902400971	0.0053006884
0	0.4311052320	0.5688947680	0.0000000000
1	0.7197842064	0.0006379295	0.2795778640
0	0.9319572152	0.0680324724	0.0000103124
0	0.4079919413	0.5832077915	0.0088002672
0	0.1870218630	0.1270528409	0.6859252960
0	0.0044848283	0.6551109358	0.3404042359
0	0.9047796032	0.0006614189	0.0945589780
0	0.1318051484	0.1478201971	0.7203746545
1	0.0000000000	0.0016901498	0.9983098502
0	0.0000063062	0.9019282619	0.0980654319
0	0.3831245351	0.1795368613	0.4373386036
0	0.6797496638	0.2275012253	0.0927491109
0	0.0000000000	0.0000000000	1.0000000000
0	0.6793567111	0.0036933088	0.3169499802
0	0.0107036355	0.7633398946	0.2259564699
0	0.4927798909	0.1003646657	0.4068554433
1	0.9281329915	0.0075507941	0.0643162144
0	0.5669635623	0.4309004582	0.0021359795
1	0.0000000001	0.9999999999	0.0000000000
0	0.0624205966	0.9375794034	0.0000000000
1	0.7563637893	0.0000000061	0.2436362046
0	0.0616138110	0.0000000386	0.9383861504
0	0.0100819733	0.0217433346	0.9681746921
0	0.8010737116	0.1272971359	0.0716291525
0	0.0022238449	0.0243348230	0.9734413322
0	0.1497115329	0.5995178773	0.2507705899
1	0.0795061559	0.0150943275	0.9053995166
0	0.0164006895	0.0003766898	0.9832226207
0	0.0000003844	0.8967174615	0.1032821541
0	0.3339435273	0.5933133462	0.0727431264
0	0.0014399767	0.1612857712	0.8372742521
0	0.0000148873	0.6549450966	0.3450400162
0	0.3864067622	0.5996685286	0.0139247092
0	0.4983120837	0.0000834250	0.5016044913
0	0.0096690487	0.0770564214	0.9132745299
0	0.1240284877	0.8723715456	0.0035999667
0	0.0278865029	0.6008099160	0.3713035812
0	0.6363826863	0.2623954124	0.1012219013
1	0.9494998740	0.0012814245	0.0492187015
0	0.0025064755	0.0316267713	0.9658667532
1	0.9712231055	0.0160604474	0.0127164471
1	0.3310568508	0.4937252168	0.1752179325
2	0.9229052715	0.0011434924	0.0759512361
0	0.7226298456	0.1792498797	0.0981202747
0	0.9988751296	0.0011224044	0.0000024660
0	0.0002665581	0.9993112574	0.0004221845
0	0.4582197956	0.2435081775	0.2982720269
0	0.7034710678	0.1799621453	0.1165667869
1	0.3898111317	0.2295609868	0.3806278815
1	0.9310442276	0.0672118371	0.0017439353
0	0.1815347018	0.8129198292	0.0055454689
0	0.0004466897	0.7690677081	0.2304856022
0	0.0517028317	0.7968222465	0.1514749219
1	0.0875006581	0.5234405152	0.3890588268
0	0.9319787295	0.0249475021	0.0430737684
0	0.7862654424	0.0001698357	0.2135647219
0	0.1692476519	0.6783766594	0.1523756887
0	0.2179423189	0.7710082678	0.0110494133
0	0.0000000000	0.0000064831	0.9999935169
1	0.0235354329	0.4064516486	0.5700129185
1	0.9625839216	0.0025812229	0.0348348555
0	0.3252413120	0.6747570275	0.0000016605
0	0.6293250705	0.3703745107	0.0003004188
0	0.2963028033	0.0048378727	0.6988593240
1	0.9166218279	0.0591498449	0.0242283272
0	0.9535952905	0.0013472194	0.0450574901
0	0.0577932134	0.1241639893	0.8180427974
0	0.0009534755	0.0000413197	0.9990052048
0	0.3438117827	0.6561454783	0.0000427389
