0	0.4169083240	0.4063347468	0.1767569292
1	0.3784872730	0.6069589533	0.0145537737
0	0.2735618346	0.7212471390	0.0051910264
0	0.7248254123	0.0000011143	0.2751734734
1	0.0075079254	0.8068537063	0.1856383682
0	0.0000000000	0.4226288804	0.5773711196
0	0.1709989267	0.7532591275	0.0757419458
0	0.0790057612	0.8314647908	0.0895294480
1	0.0000546609	0.9999453391	0.0000000000
0	0.0886192637	0.0521572811	0.8592234553
0	0.0851685844	0.7315615915	0.1832698241
0	0.6314226046	0.2142047165	0.1543726789
0	0.0018839532	0.9959327931	0.0021832538
1	0.8069352290	0.1685268077	0.0245379633
0	0.1372444857	0.4608632549	0.4018922594
0	0.8759773107	0.0456006770	0.0784220123
0	0.1965622013	0.0000013604	0.8034364383
0	0.2753535061	0.5984576467	0.1261888471
0	0.0162282092	0.0042669029	0.9795048879
1	0.7404314376	0.2480338441	0.0115347183
0	0.7290339292	0.2321301520	0.0388359188
0	0.0106705005	0.8658678867	0.1234616128
0	0.2030604009	0.5705727039	0.2263668952
0	0.0322349705	0.8724677214	0.0952973081
0	0.0309321025	0.0049593260	0.9641085715
0	0.1800488834	0.5835415188	0.2364095978
0	0.0043085998	0.9956914002	0.0000000000
0	0.3416313302	0.1596846621	0.4986840077
0	0.0403131675	0.5570826815	0.4026041509
1	0.9304414475	0.0433590107	0.0261995418
0	0.2082120454	0.6498573329	0.1419306217
0	0.5356389393	0.0034980682	0.4608629924
0	0.1194195747	0.0010884834	0.8794919420
0	0.1693774645	0.6616069243	0.1690156112
1	0.9143604852	0.0423255560	0.0433139588
0	0.0061942442	0.6496878782	0.3441178776
0	0.9226859071	0.0484266783	0.0288874146
0	0.7718393131	0.1104034869	0.1177571999
0	0.3823701736	0.4013335604	0.2162962660
1	0.6212945423	0.1991791278	0.1795263299
1	0.1541742499	0.7092498865	0.1365758636
0	0.0000063535	0.9671881613	0.0328054852
0	0.7779326203	0.1595137284	0.0625536513
1	0.0357195829	0.0003439520	0.9639364651
0	0.5159537552	0.0007591187	0.4832871261
0	0.8941697919	0.1049331395	0.0008970685
1	0.5548698450	0.4364163274	0.0087138276
0	0.0524092201	0.6784040600	0.2691867199
0	0.1324397843	0.3111561188	0.5564040970
1	0.0823014659	0.7107662718	0.2069322623
0	0.8675443887	0.0227320244	0.1097235869
0	0.0000081625	0.7684371121	0.2315547254
0	0.0138374686	0.9861625314	0.0000000000
0	0.1467389456	0.0001001804	0.8531608740
0	0.9524995095	0.0051735377	0.0423269528
0	0.1758694439	0.7931126519	0.0310179042
1	0.0003961181	0.9983835032	0.0012203787
0	0.6479008979	0.3212723594	0.0308267427
0	0.4930179589	0.3523676666	0.1546143745
1	0.4021369508	0.5966778300	0.0011852192
0	0.0015046994	0.9931878917	0.0053074090
1	0.0779659520	0.8961931498	0.0258408982
1	0.0000000000	0.0000663957	0.9999336043
1	0.1840359372	0.7034904353	0.1124736274
0	0.8875354134	0.0001500391	0.1123145476
0	0.5295674743	0.1166838706	0.3537486551
0	0.6450698570	0.0000000000	0.3549301430
0	0.0158148030	0.9835540066	0.0006311904
1	0.6549450584	0.3442301024	0.0008248392
0	0.1785476646	0.8214523085	0.0000000269
0	0.0270860269	0.1198523379	0.8530616352
1	0.1721103940	0.7105102045	0.1173794016
1	0.1027935696	0.8941429669	0.0030634636
0	0.2922553145	0.7029530546	0.0047916309
0	0.9603737747	0.0396262232	0.0000000021
0	0.5647201479	0.1425354799	0.2927443722
1	0.0211741950	0.0000789536	0.9787468514
0	0.0316785511	0.9679109776	0.0004104713
0	0.6386271901	0.2928895911	0.0684832188
0	0.3858323787	0.0074349486	0.6067326727
0	0.7545648088	0.1791256403	0.0663095509
0	0.6953528491	0.0805508319	0.2240963190
1	0.6843007694	0.3156904160	0.0000088145
0	0.0227637142	0.6253847569	0.3518515289
0	0.0416247703	0.0232177770	0.9351574527
0	0.8338918447	0.1661081480	0.0000000073
1	0.2361612432	0.6829377093	0.0809010475
1	0.0000957811	0.3043490020	0.6955552169
1	0.3973316470	0.2439114127	0.3587569404
0	0.4802576415	0.0785278115	0.4412145469
1	0.9170588773	0.0829411166	0.0000000061
1	0.0271992141	0.4023565065	0.5704442793
0	0.0063653030	0.5742266004	0.4194080967
1	0.5391481681	0.2243487899	0.2365030420
0	0.0152788675	0.4154752876	0.5692458449
0	0.2546050340	0.0279172674	0.7174776986
0	0.8498367971	0.0000000000	0.1501632029
1	0.0020522003	0.5115814253	0.4863663744
2	0.0983373197	0.8850036463	0.0166590340
1	0.7400308264	0.2561881942	0.0037809794
