0	0.0016049148	0.1715454382	0.8268496470
0	0.9025841897	0.0020903099	0.0953255005
0	0.2040093733	0.6263885416	0.1696020851
0	0.0032135327	0.1211869839	0.8755994834
0	0.7120187989	0.2198224934	0.0681587077
0	0.1274970879	0.8725023212	0.0000005910
0	0.7662404539	0.2332815313	0.0004780148
0	0.7348622155	0.2489242287	0.0162135557
0	0.0250428655	0.9745762457	0.0003808888
0	0.0216284791	0.0000098807	0.9783616403
0	0.0000000486	0.5172434092	0.4827565422
0	0.4237898809	0.0199210667	0.5562890523
0	0.0138420882	0.9361275208	0.0500303911
0	0.0000315443	0.0000000000	0.9999684557
0	0.7103101365	0.2896878157	0.0000020478
0	0.1215418269	0.8743371089	0.0041210642
1	0.6797932101	0.2814440552	0.0387627348
0	0.0028297346	0.0030993374	0.9940709279
0	0.9085205503	0.0000000398	0.0914794099
0	0.1169327566	0.8830664166	0.0000008268
0	0.0225601969	0.6755393208	0.3019004822
0	0.9347828683	0.0652171317	0.0000000000
0	0.1124026824	0.8845866018	0.0030107158
0	0.1662110133	0.4297412260	0.4040477607
0	0.0337066488	0.7731181326	0.1931752187
1	0.0862053300	0.0000043587	0.9137903113
0	0.0315622866	0.6442044633	0.3242332501
0	0.3261934088	0.5112259682	0.1625806230
1	0.6651052680	0.1335811263	0.2013136057
0	0.3808014575	0.4274982152	0.1917003272
0	0.1281090397	0.0060928596	0.8657981008
0	0.0788127346	0.7127285351	0.2084587303
0	0.6349567151	0.0000000000	0.3650432849
0	0.3246480744	0.3923973554	0.2829545702
0	0.3032940281	0.0012982489	0.6954077230
0	0.0746966017	0.0028906167	0.9224127816
0	0.0000000000	0.9999366842	0.0000633157
0	0.0481277981	0.8805809900	0.0712912119
0	0.2415101799	0.7574382278	0.0010515924
1	0.4493017855	0.4983485575	0.0523496569
0	0.0346033446	0.2189951985	0.7464014568
0	0.0021239869	0.9343612212	0.0635147918
0	0.9968057729	0.0000000000	0.0031942271
0	0.0539460333	0.9316402350	0.0144137318
0	0.0476279804	0.4693121496	0.4830598701
0	0.2170977610	0.0240564312	0.7588458078
0	0.1225020677	0.8774975638	0.0000003685
0	0.2020395703	0.7755066915	0.0224537383
0	0.0241870959	0.7352603415	0.2405525626
1	0.5460672679	0.4498575643	0.0040751678
0	0.4927739497	0.1239951223	0.3832309280
0	0.9220131034	0.0779804722	0.0000064244
0	0.0000003681	0.3877636475	0.6122359844
1	0.3070683921	0.0132318320	0.6796997759
0	0.8565694125	0.0214086607	0.1220219268
0	0.0504975690	0.9231579180	0.0263445130
0	0.5069054674	0.2168094734	0.2762850592
0	0.7957513832	0.2032392611	0.0010093556
0	0.4409419352	0.2136473606	0.3454107042
1	0.2502041226	0.7029347296	0.0468611479
0	0.0000551535	0.9992732296	0.0006716169
0	0.2922674003	0.6908317027	0.0169008970
0	0.0513022171	0.3995301485	0.5491676344
0	0.0079998496	0.6025314592	0.3894686912
0	0.5781579892	0.0191490695	0.4026929413
0	0.0299598016	0.6001324473	0.3699077511
0	0.9975931635	0.0004159627	0.0019908738
0	0.7644633021	0.1515649691	0.0839717288
0	0.1556258160	0.6179064074	0.2264677766
2	0.7128999135	0.2834340225	0.0036660639
0	0.0064999454	0.4651768996	0.5283231550
0	0.0000000047	0.1279929311	0.8720070641
0	0.7322504901	0.2240866662	0.0436628437
0	0.1151776635	0.0000759459	0.8847463906
0	0.0046408212	0.9448569309	0.0505022479
1	0.0359068132	0.9325380263	0.0315551606
1	0.7568015328	0.1059568692	0.1372415981
0	0.0000948945	0.9999037895	0.0000013159
0	0.4176812619	0.5778016997	0.0045170384
0	0.0013421658	0.0883237814	0.9103340529
0	0.4517602858	0.0479869511	0.5002527631
0	0.4557374668	0.0009614942	0.5433010390
1	0.3117348995	0.6197783987	0.0684867018
0	0.9582064439	0.0389400071	0.0028535491
1	0.7623381166	0.1127238828	0.1249380005
1	0.1430510366	0.8061623292	0.0507866342
1	0.2780692414	0.3698691726	0.3520615860
0	0.1779042669	0.1136774284	0.7084183047
0	0.0006259108	0.8423440898	0.1570299994
0	0.9865272010	0.0081092614	0.0053635375
0	0.1716344176	0.6258123039	0.2025532785
0	0.0005637900	0.0028728090	0.9965634010
0	0.4869005814	0.4276795042	0.0854199143
0	0.0784246473	0.7229666066	0.1986087461
0	0.8489141348	0.1250621461	0.0260237191
0	0.5285415202	0.0000255734	0.4714329064
0	0.4937460723	0.0102621225	0.4959918052
0	0.9761751404	0.0000000087	0.0238248509
0	0.8181445994	0.0004247696	0.1814306310
0	0.0019973647	0.7335275135	0.2644751218
