0	0.2849661473	0.7150338527	0.0000000000
0	0.1658970340	0.0010675227	0.8330354434
0	0.6734061075	0.3265913097	0.0000025828
0	0.3385273032	0.0000037239	0.6614689730
0	0.0830718075	0.1025510333	0.8143771592
0	0.0101703777	0.9060891027	0.0837405197
0	0.0018037751	0.4521359600	0.5460602649
0	0.0004012901	0.9930714578	0.0065272520
1	0.2149115806	0.7850826539	0.0000057654
0	0.0661623724	0.9318265329	0.0020110947
0	0.3828176253	0.5586178450	0.0585645297
1	0.0038589667	0.8676254242	0.1285156092
0	0.4559069802	0.1366237770	0.4074692428
0	0.0246048208	0.5444571417	0.4309380376
0	0.0071926269	0.0367361047	0.9560712683
0	0.9090247429	0.0909681929	0.0000070643
1	0.0273266972	0.0000827639	0.9725905389
1	0.2174489932	0.7825408565	0.0000101503
0	0.7053576065	0.2335275684	0.0611148251
0	0.0574092969	0.6603998270	0.2821908761
0	0.0491085967	0.9450254178	0.0058659856
0	0.9117055703	0.0396028138	0.0486916160
1	0.9984811658	0.0015188241	0.0000000102
0	0.0079712979	0.7130489099	0.2789797922
0	0.5047185645	0.0000056177	0.4952758178
0	0.0001065331	0.9937841956	0.0061092712
0	0.0003049141	0.0002263770	0.9994687090
0	0.0647949684	0.1021921314	0.8330129002
0	0.9486792452	0.0513207548	0.0000000000
0	0.0175291644	0.9822874490	0.0001833866
0	0.6362830890	0.0005373088	0.3631796022
0	0.5411760464	0.3273268767	0.1314970768
1	0.9322146891	0.0618384087	0.0059469022
0	0.0965802623	0.0000004667	0.9034192709
2	0.7491288942	0.2508290873	0.0000420185
0	0.1083424979	0.5930221760	0.2986353261
0	0.8206570359	0.1793429638	0.0000000003
0	0.5831705630	0.0352369218	0.3815925152
0	0.5977528689	0.0017642608	0.4004828703
0	0.8468683736	0.0936232021	0.0595084243
0	0.9101973950	0.0255902960	0.0642123091
0	0.2793126182	0.1757402185	0.5449471632
0	0.4337752869	0.1476068133	0.4186178998
0	0.0256294044	0.9270859501	0.0472846456
1	0.2487282363	0.0000166141	0.7512551495
1	0.5135475049	0.0374148159	0.4490376792
0	0.0102875397	0.7013650253	0.2883474350
0	0.1920821529	0.2360774447	0.5718404024
0	0.3591053488	0.3354234154	0.3054712358
0	0.6642365381	0.0055605876	0.3302028742
0	0.0049567846	0.0000629003	0.9949803151
0	0.0399744845	0.8196137891	0.1404117264
0	0.0053126261	0.0129432819	0.9817440920
0	0.4882098138	0.4812453886	0.0305447976
1	0.5874934746	0.4077383658	0.0047681597
0	0.0000010669	0.0058061469	0.9941927862
0	0.3577774644	0.6417250563	0.0004974792
0	0.3388307800	0.4120571638	0.2491120562
0	0.2288480935	0.2794022801	0.4917496264
1	0.9379070883	0.0620929117	0.0000000000
0	0.2258573773	0.2082596292	0.5658829936
0	0.0174819981	0.3125427579	0.6699752440
0	0.0504710451	0.5760435698	0.3734853851
0	0.7035473307	0.0000060862	0.2964465831
0	0.0888891638	0.2547877720	0.6563230642
0	0.9960249813	0.0000000018	0.0039750169
0	0.1836789460	0.0001810960	0.8161399580
1	0.9609741780	0.0390256209	0.0000002011
1	0.1892909768	0.0088587741	0.8018502491
0	0.8677882252	0.1322117748	0.0000000000
0	0.9507821092	0.0114864126	0.0377314782
0	0.0281775862	0.4927391980	0.4790832157
0	0.3045809194	0.6026497844	0.0927692962
0	0.1004766831	0.1845081450	0.7150151719
0	0.6491749681	0.2558158315	0.0950092004
0	0.0172186996	0.7814620384	0.2013192620
0	0.0348663263	0.1745682883	0.7905653854
1	0.6766045624	0.2295144293	0.0938810083
0	0.3059902858	0.6399608129	0.0540489012
0	0.0033500051	0.6179917941	0.3786582008
0	0.1186607985	0.0897555900	0.7915836115
0	0.0199547830	0.0000000249	0.9800451921
0	0.9998987871	0.0000000003	0.0001012126
0	0.0665326569	0.5166895835	0.4167777596
1	0.0000304540	0.9999695459	0.0000000000
0	0.0000000000	0.0000381603	0.9999618397
0	0.5995211836	0.4004788164	0.0000000000
0	0.9999999907	0.0000000001	0.0000000092
1	0.3987629304	0.6010974196	0.0001396500
0	0.0259883878	0.5077663264	0.4662452858
0	0.8659199622	0.1340800374	0.0000000004
0	0.5617030702	0.0014453410	0.4368515888
0	0.1542765422	0.0000027155	0.8457207423
0	0.9475736116	0.0004951902	0.0519311982
0	0.1022819988	0.0497178943	0.8480001069
0	0.3182150156	0.0138610145	0.6679239699
1	0.1109275540	0.3217125902	0.5673598558
0	0.0143091682	0.0126255784	0.9730652534
1	0.2287036436	0.0000033412	0.7712930153
0	0.1316089966	0.8608957033	0.0074953002
