0	0.0000000000	0.0086999677	0.9913000323
0	0.9857137350	0.0025606588	0.0117256062
0	0.0196672052	0.9447223953	0.0356103994
0	0.9999580230	0.0000000014	0.0000419756
0	0.9823392993	0.0176606952	0.0000000055
1	0.9998627578	0.0001372398	0.0000000024
0	0.0000543872	0.0054368060	0.9945088068
2	0.9132118935	0.0867880700	0.0000000364
0	0.7069946762	0.1117960430	0.1812092808
0	0.1888979446	0.0000000378	0.8111020176
0	0.1239746247	0.0238268932	0.8521984821
0	0.6457643820	0.0001702693	0.3540653487
0	0.5592646692	0.4407353308	0.0000000000
1	0.0456109717	0.0000044269	0.9543846013
0	0.5147940559	0.4604711535	0.0247347906
0	0.8456818080	0.1347121204	0.0196060716
0	0.0000001457	0.0156279331	0.9843719212
0	0.9776993891	0.0073325281	0.0149680828
1	0.8674041919	0.0120226002	0.1205732079
0	0.0181070981	0.6927882121	0.2891046898
0	0.8599538370	0.0082542675	0.1317918955
0	0.0000098857	0.1795291476	0.8204609667
1	0.2913615047	0.7085382096	0.0001002858
0	0.0004967625	0.5896864458	0.4098167917
0	0.8973802075	0.0417252954	0.0608944971
0	0.9892216694	0.0011134594	0.0096648712
0	0.9992529064	0.0005278754	0.0002192182
0	0.8134171504	0.1366591426	0.0499237070
0	0.0468412688	0.0673384111	0.8858203201
0	0.2039438548	0.6953902738	0.1006658714
0	0.0506668821	0.5630192617	0.3863138562
0	0.9316197197	0.0260703664	0.0423099139
0	0.6334057947	0.3594240066	0.0071701988
0	0.2570288542	0.0000000000	0.7429711458
0	0.7454736016	0.0000016210	0.2545247774
0	0.0000000000	0.0000493126	0.9999506874
1	0.9992720389	0.0004603798	0.0002675813
0	0.0000000000	0.9400344405	0.0599655595
0	0.0000000000	0.9479895672	0.0520104328
0	0.0002807529	0.1175025670	0.8822166800
0	0.2962166157	0.3231324157	0.3806509686
0	0.0000065381	0.5978886255	0.4021048364
0	0.0774329950	0.0213779718	0.9011890332
0	0.8434829209	0.0000019409	0.1565151382
1	0.5613106611	0.0167237459	0.4219655930
0	0.1097515325	0.0042160854	0.8860323821
0	0.7775975470	0.1551540993	0.0672483537
0	0.8039017637	0.1941627734	0.0019354629
1	0.3627933497	0.1631540821	0.4740525682
0	0.0000003144	0.0034439690	0.9965557165
0	0.2423021909	0.0449810029	0.7127168062
0	0.9707677555	0.0285669594	0.0006652851
1	0.9963815977	0.0004966658	0.0031217365
0	0.1585925520	0.1895695547	0.6518378932
0	0.5695996652	0.2863056796	0.1440946552
1	0.6786846534	0.3212931970	0.0000221496
0	0.8687092090	0.0001596693	0.1311311216
0	0.9999615475	0.0000040975	0.0000343550
0	0.0444356602	0.7691293804	0.1864349594
0	0.9201628436	0.0781245436	0.0017126128
0	0.1985418821	0.0164669941	0.7849911238
0	0.3336967419	0.3658199587	0.3004832994
0	0.6472945824	0.0008922878	0.3518131298
0	0.5034118375	0.2511441705	0.2454439920
0	0.9939574268	0.0019571420	0.0040854313
0	0.5408640310	0.0954589248	0.3636770442
0	0.0363660941	0.1264658235	0.8371680824
0	0.5821440661	0.4120892890	0.0057666448
0	0.8736472964	0.1263527036	0.0000000000
0	0.4281085749	0.0281979432	0.5436934819
0	0.6163064956	0.0000000401	0.3836934644
0	0.6708078672	0.0002509033	0.3289412295
0	0.8553561920	0.0940217781	0.0506220299
0	0.8651456506	0.0002074317	0.1346469177
0	0.2785766105	0.4997806945	0.2216426950
1	0.1192827503	0.6572173960	0.2234998538
1	0.0000022440	0.0017538008	0.9982439553
0	0.2956752997	0.0649963498	0.6393283505
0	0.0494128798	0.7894273303	0.1611597900
0	0.7032471932	0.2677029696	0.0290498372
0	0.2813365643	0.2605796349	0.4580838008
0	0.0000995805	0.9996831953	0.0002172242
0	0.2444421355	0.0160821466	0.7394757179
0	0.6663870640	0.0000000000	0.3336129360
0	0.1752369141	0.7265882786	0.0981748073
0	0.8132901990	0.0000000000	0.1867098010
0	0.4951511154	0.2024785587	0.3023703260
0	0.0374733763	0.8209356924	0.1415909313
0	0.0000831679	0.9999168320	0.0000000000
0	0.3929783166	0.6069681597	0.0000535237
0	0.7878748087	0.0346029905	0.1775222008
0	0.0123185068	0.0251291097	0.9625523835
0	0.9097548266	0.0008770601	0.0893681133
0	0.0130411095	0.0654822768	0.9214766137
0	0.3794219467	0.0114143844	0.6091636689
0	0.5748205593	0.4250308670	0.0001485737
0	0.1484676248	0.8026565340	0.0488758411
0	0.7426188891	0.0394234206	0.2179576904
1	0.7730674391	0.1333404035	0.0935921574
0	0.9380785387	0.0032182940	0.0587031674
