0	0.4675815948	0.0826687478	0.4497496574
0	0.5882132384	0.3710395905	0.0407471710
0	0.0481684495	0.8681027149	0.0837288356
0	0.2845561141	0.0572914699	0.6581524160
0	0.7443393513	0.1671807523	0.0884798964
0	0.0000251403	0.6973570269	0.3026178328
1	0.2713725066	0.3654932649	0.3631342285
0	0.6864229319	0.3135592551	0.0000178130
0	0.7745266951	0.1346388767	0.0908344282
0	0.4081970871	0.5869438686	0.0048590443
0	0.0547942268	0.7250083959	0.2201973773
0	0.0952915149	0.1857552719	0.7189532132
0	0.8322143541	0.1580875282	0.0096981177
0	0.9828636966	0.0032157047	0.0139205987
1	0.9600244887	0.0327839164	0.0071915949
0	0.4364501967	0.2249024848	0.3386473185
0	0.5989439700	0.0359549156	0.3651011144
0	0.2370481275	0.0720271356	0.6909247370
0	0.1641985624	0.0021338601	0.8336675775
0	0.0559317846	0.5606925072	0.3833757082
1	0.0111419303	0.1949517796	0.7939062900
0	0.6108916935	0.0298198711	0.3592884354
0	0.8614538795	0.0002559389	0.1382901816
0	0.0000000033	0.5400751784	0.4599248184
1	0.1589721860	0.1040194815	0.7370083326
1	0.9978193354	0.0000000000	0.0021806646
2	0.3316753748	0.0404665582	0.6278580671
0	0.9978561688	0.0000271068	0.0021167244
0	0.0618896556	0.7030577733	0.2350525711
1	0.3705703722	0.6293760566	0.0000535712
0	0.2580173137	0.0455234304	0.6964592559
0	0.6745170388	0.0137714327	0.3117115285
0	0.0105226785	0.1728344784	0.8166428431
0	0.0000000000	0.7405134884	0.2594865116
0	0.8647824126	0.0309976020	0.1042199854
0	0.0345223651	0.9654776349	0.0000000000
0	0.6472953799	0.0350753162	0.3176293039
0	0.5669142571	0.4285082738	0.0045774690
0	0.0103346288	0.0003702813	0.9892950900
1	0.4790558896	0.0662397770	0.4547043334
0	0.1563367192	0.6493753312	0.1942879496
0	0.0140790991	0.0366418891	0.9492790118
0	0.0242199719	0.9744332163	0.0013468118
0	0.2126103532	0.1989357834	0.5884538634
1	0.9844639363	0.0083405438	0.0071955199
0	0.7591624925	0.0000000000	0.2408375075
0	0.8347965898	0.0014758526	0.1637275576
0	0.0694136294	0.0618511944	0.8687351762
0	0.0009224324	0.1280777356	0.8709998320
0	0.6256434530	0.3665868729	0.0077696741
1	0.3695143686	0.1400131881	0.4904724433
0	0.0016030116	0.9983969884	0.0000000000
0	0.9249539232	0.0044371026	0.0706089742
0	0.8852150671	0.0817817490	0.0330031839
0	0.7672101658	0.2327898138	0.0000000203
0	0.0184961334	0.8565257676	0.1249780990
0	0.5363565665	0.2392690276	0.2243744058
0	0.5995454523	0.0129484431	0.3875061046
0	0.0845192661	0.0009572603	0.9145234736
1	0.6229069655	0.3684815252	0.0086115093
0	0.1172078260	0.8252505730	0.0575416010
0	0.2735195195	0.0961795497	0.6303009308
0	0.5570917616	0.4429082384	0.0000000000
0	0.5690387704	0.1737627538	0.2571984758
0	0.7740194132	0.0001337107	0.2258468761
0	0.0446238614	0.9369551980	0.0184209406
0	0.8449712683	0.0113853300	0.1436434017
0	0.5634259669	0.0000000000	0.4365740331
1	0.8360555060	0.1519508696	0.0119936244
0	0.9989762357	0.0006321312	0.0003916331
0	0.0372061425	0.0024545880	0.9603392695
0	0.0015024795	0.9984975205	0.0000000000
1	0.0000000000	0.9971290953	0.0028709047
0	0.8938704094	0.0053287991	0.1008007915
0	0.0245353477	0.0002099381	0.9752547143
0	0.7598424231	0.2392077015	0.0009498754
0	0.8599586903	0.1400412824	0.0000000273
0	0.3685470700	0.6221955655	0.0092573646
0	0.0750269335	0.7569324613	0.1680406052
0	0.0000000000	0.0296466954	0.9703533046
0	0.4810212613	0.0487677256	0.4702110132
0	0.9393681966	0.0000000000	0.0606318034
0	0.9673418116	0.0077177015	0.0249404869
0	0.9395653179	0.0528432395	0.0075914426
0	0.9760916124	0.0239083028	0.0000000848
0	0.0367887621	0.6587949200	0.3044163179
0	0.3432542429	0.0035128348	0.6532329223
0	0.5382720754	0.3149409282	0.1467869964
0	0.4777996340	0.2412521167	0.2809482494
0	0.7180833583	0.2769112901	0.0050053516
0	0.5174059547	0.0001775621	0.4824164832
0	0.1201399486	0.0014028056	0.8784572458
0	0.0811478664	0.8481379473	0.0707141863
0	0.0001991102	0.0424566423	0.9573442475
0	0.0353057308	0.0000134480	0.9646808212
0	0.1115029087	0.6669812474	0.2215158439
0	0.9920972242	0.0078995872	0.0000031886
0	0.5370043931	0.0000000231	0.4629955838
0	0.2089337415	0.3325132977	0.4585529609
0	0.4858363766	0.2643429259	0.2498206974
