0	0.6142099522	0.0000002594	0.3857897884
0	0.9700589076	0.0298979434	0.0000431490
0	0.9979635904	0.0016091018	0.0004273077
1	0.3573003692	0.1558030990	0.4868965318
0	0.1056206469	0.2696780775	0.6247012756
0	0.0902121662	0.1214537784	0.7883340554
0	0.0000632494	0.1664670520	0.8334696986
0	0.9648723596	0.0019825904	0.0331450500
0	0.2383252895	0.7616705423	0.0000041682
0	0.8575652494	0.0077719574	0.1346627932
0	0.7394791489	0.1096336380	0.1508872131
0	0.0409316570	0.9526390999	0.0064292431
0	0.4505051408	0.5487407721	0.0007540871
0	0.9043028828	0.0752238125	0.0204733047
1	0.0338516158	0.8387210495	0.1274273347
0	0.7523550566	0.0793476918	0.1682972516
0	0.3979854706	0.5872606636	0.0147538658
0	0.3737173672	0.5175473109	0.1087353219
0	0.0081486546	0.9619612408	0.0298901046
0	0.0004250912	0.9976719555	0.0019029533
2	0.1738706755	0.0550740982	0.7710552263
0	0.0830893241	0.6941889931	0.2227216828
0	0.2723502013	0.0024975902	0.7251522084
0	0.9677804659	0.0073638932	0.0248556409
0	0.0172761487	0.5866135784	0.3961102729
1	0.0000000460	0.9999991134	0.0000008406
0	0.7492842486	0.0000720241	0.2506437273
0	0.5559919244	0.0060446408	0.4379634348
0	0.4290523220	0.1999603043	0.3709873737
1	0.0848841565	0.0006125167	0.9145033269
0	0.6974356547	0.3025562263	0.0000081190
0	0.0031344572	0.0290932681	0.9677722747
1	0.2852814111	0.4243336263	0.2903849625
0	0.7946822013	0.1632839265	0.0420338722
0	0.3819763926	0.5602570886	0.0577665188
0	0.5583406304	0.0000000000	0.4416593696
0	0.3290199582	0.5542430866	0.1167369552
0	0.0083072728	0.0011013844	0.9905913428
0	0.5147820486	0.3412004306	0.1440175208
0	0.2393108955	0.0303832481	0.7303058564
0	0.3606958996	0.6385912298	0.0007128707
0	0.0000000000	0.0000001511	0.9999998489
0	0.4727586384	0.0000000001	0.5272413615
0	0.0742818098	0.3885024716	0.5372157186
0	0.1370955125	0.6857755534	0.1771289341
0	0.0000316214	0.9999683786	0.0000000000
0	0.0216112434	0.8186497335	0.1597390231
0	0.3068976272	0.0618164972	0.6312858756
0	0.4524405017	0.0119029206	0.5356565777
0	0.0039861818	0.4014507135	0.5945631047
0	0.0837198213	0.0037115929	0.9125685858
0	0.9837649078	0.0006373353	0.0155977569
0	0.1880181261	0.7989019448	0.0130799292
0	0.8219406559	0.0221583944	0.1559009497
0	0.4323306463	0.5676693537	0.0000000000
0	0.0000000001	0.4551412713	0.5448587285
0	0.2228344745	0.0000083458	0.7771571797
0	0.9645774688	0.0228533444	0.0125691868
0	0.6316836068	0.0012666394	0.3670497538
1	0.4867843113	0.4122526480	0.1009630407
0	0.0009906380	0.9990093412	0.0000000209
0	0.5678191861	0.0031364092	0.4290444047
0	0.9173912689	0.0001208564	0.0824878747
1	0.0568074297	0.0014235873	0.9417689830
0	0.4205716747	0.5732065071	0.0062218183
0	0.1658985561	0.8331105444	0.0009908994
0	0.4438376120	0.3580504247	0.1981119633
0	0.0002545768	0.0247303514	0.9750150717
0	0.9589530779	0.0410468643	0.0000000579
0	0.7235754301	0.2432832361	0.0331413338
0	0.7741217129	0.0562809884	0.1695972987
0	0.0000000000	0.8500074010	0.1499925990
1	0.1502663826	0.5736128778	0.2761207396
1	0.0000000001	0.3471781334	0.6528218664
0	0.0000447177	0.9994796920	0.0004755902
0	0.6145264283	0.0000348843	0.3854386874
0	0.2664741446	0.5922467420	0.1412791134
0	0.7952530163	0.0000760563	0.2046709273
0	0.0000000000	0.2790572711	0.7209427289
0	0.0343428024	0.0270015500	0.9386556475
0	0.8137078732	0.0034305101	0.1828616167
0	0.9678987573	0.0000000000	0.0321012427
0	0.1107326099	0.0024377826	0.8868296075
0	0.8317203736	0.0000000308	0.1682795956
0	0.0036167782	0.1711929552	0.8251902666
0	0.7226709754	0.1879163674	0.0894126572
0	0.0004329958	0.8962322744	0.1033347298
0	0.2920191540	0.6479904992	0.0599903467
0	0.7434337523	0.0001855926	0.2563806551
0	0.8114889913	0.0014218285	0.1870891802
0	0.9188068327	0.0007575730	0.0804355942
0	0.9999854183	0.0000040197	0.0000105621
1	0.7886392427	0.0887710201	0.1225897371
0	0.0232457034	0.3263355694	0.6504187271
0	0.0425528280	0.9380209491	0.0194262229
0	0.1105483420	0.8851475961	0.0043040619
0	0.0000011549	0.3645080991	0.6354907460
0	0.9699358134	0.0230460073	0.0070181793
1	0.7700627028	0.0938091056	0.1361281916
1	0.0670940456	0.0442508211	0.8886551333
