0	0.7334207431	0.0007317093	0.2658475475
0	0.4740681398	0.0016528759	0.5242789844
0	0.2543612580	0.1343894593	0.6112492828
0	0.6712157749	0.2007562784	0.1280279467
0	0.0015111556	0.1058117804	0.8926770641
0	0.3515063554	0.0765696789	0.5719239657
0	0.9363596730	0.0000000000	0.0636403270
0	0.9448730278	0.0527000074	0.0024269648
0	0.9999996698	0.0000002081	0.0000001221
0	0.5500200432	0.1951854917	0.2547944652
0	0.9793628809	0.0000000000	0.0206371191
0	0.5917485547	0.2215332252	0.1867182201
0	0.0915055008	0.8993126498	0.0091818494
0	0.6509449970	0.0005202193	0.3485347838
0	0.9134925857	0.0035287178	0.0829786966
0	0.7817328274	0.0617706747	0.1564964980
0	0.9611693129	0.0387474345	0.0000832526
0	0.9293771131	0.0693438546	0.0012790322
0	0.9520513235	0.0407618157	0.0071868608
0	0.1156481498	0.8617707204	0.0225811299
0	0.1499334944	0.7283755327	0.1216909729
0	0.0875156607	0.9091759385	0.0033084008
0	0.9916021929	0.0079012319	0.0004965752
0	0.0000324270	0.3230903279	0.6768772451
0	0.1678656747	0.0518986075	0.7802357177
0	0.7913557493	0.1265842052	0.0820600456
0	0.9948355431	0.0000000000	0.0051644569
0	0.9705939946	0.0293995713	0.0000064340
0	0.0739916648	0.0002180198	0.9257903154
0	0.5749982049	0.0035476326	0.4214541625
0	0.1240047570	0.0000002072	0.8759950359
0	0.1694496416	0.0000000148	0.8305503435
0	0.7518586168	0.2412779420	0.0068634412
0	0.0017200749	0.0473075146	0.9509724105
0	0.2316957317	0.7682994955	0.0000047728
0	0.2357775190	0.7640641999	0.0001582812
0	0.8837103774	0.0060196001	0.1102700225
1	0.9980246980	0.0004056137	0.0015696883
0	0.0858711014	0.7409444096	0.1731844889
0	0.0113761550	0.9878989762	0.0007248688
0	0.8158851016	0.1749849605	0.0091299379
0	0.2916073774	0.6060046500	0.1023879725
0	0.0186763417	0.7948430756	0.1864805827
0	0.4701272890	0.1479291193	0.3819435916
1	0.8410871930	0.1474203667	0.0114924403
0	0.5567903019	0.0191201113	0.4240895867
0	0.0490366454	0.6399835919	0.3109797627
0	0.4113222384	0.0377641326	0.5509136290
0	0.8290262773	0.0000000153	0.1709737075
0	0.9587729533	0.0387469799	0.0024800668
0	0.7714527090	0.1923948521	0.0361524389
0	0.1147492219	0.4009084488	0.4843423292
0	0.6400893972	0.2765593920	0.0833512108
0	0.9515925351	0.0000000000	0.0484074649
0	0.4919961254	0.4980956609	0.0099082137
1	0.9594337573	0.0380713652	0.0024948775
0	0.3489445764	0.0001420845	0.6509133391
0	0.4633737232	0.0000000000	0.5366262768
0	0.0014424583	0.0341975407	0.9643600010
0	0.0000001800	0.9365125287	0.0634872913
0	0.4056621091	0.3093773866	0.2849605043
0	0.5429839650	0.0677903198	0.3892257152
0	0.6217934389	0.0123475599	0.3658590011
0	0.9013376318	0.0974256766	0.0012366915
0	0.8120375072	0.1879624925	0.0000000002
0	0.0716591702	0.0000000000	0.9283408298
0	0.0956561214	0.5899725234	0.3143713553
0	0.2151515601	0.7492952218	0.0355532181
0	0.9885886524	0.0102871226	0.0011242251
0	0.6948577935	0.2652660914	0.0398761152
0	0.5166302723	0.2625153571	0.2208543706
1	0.7370321122	0.1172774699	0.1456904180
0	0.2803497620	0.3802162366	0.3394340014
0	0.7722723277	0.1946216858	0.0331059866
0	0.9693880741	0.0305982430	0.0000136829
0	0.5790046386	0.4205807025	0.0004146589
2	0.0930479971	0.8939897238	0.0129622791
0	0.3690416325	0.6272094572	0.0037489103
1	0.2127282385	0.6333345641	0.1539371974
0	0.3654849493	0.0324793197	0.6020357310
0	0.6321363446	0.0166076258	0.3512560296
0	0.0676411724	0.1190677782	0.8132910494
0	0.6559844080	0.3224128046	0.0216027874
0	0.7344941528	0.0194704623	0.2460353849
0	0.1402023970	0.8597918868	0.0000057163
0	0.0067171056	0.0682854404	0.9249974540
0	0.0000000000	0.8076808442	0.1923191558
0	0.7378993429	0.0000000015	0.2621006557
0	0.9294568114	0.0492431094	0.0213000792
0	0.4733806861	0.5209833076	0.0056360063
0	0.9992229698	0.0006011853	0.0001758449
0	0.0342354281	0.2220057443	0.7437588276
0	0.9991137458	0.0000000000	0.0008862542
0	0.0310186727	0.0000011170	0.9689802103
0	0.9838279818	0.0161720182	0.0000000000
0	0.0170982505	0.3768840953	0.6060176542
0	0.0263641400	0.9600212987	0.0136145613
0	0.9999986659	0.0000000000	0.0000013341
1	0.9239417401	0.0615779321	0.0144803279
0	0.1344014744	0.5317674256	0.3338311000
