1	0.4778878056	0.2161272775	0.3059849170
0	0.3942347750	0.6057651310	0.0000000940
0	0.0000187076	0.4427832350	0.5571980574
0	0.2238989903	0.2112691686	0.5648318411
0	0.1285569363	0.8679766749	0.0034663887
0	0.8114619011	0.1885380989	0.0000000000
0	0.0000060024	0.7178510493	0.2821429483
0	0.9518577589	0.0206991922	0.0274430490
0	0.7143650903	0.1685807258	0.1170541839
0	0.6522100264	0.0023784400	0.3454115336
0	0.0186219764	0.0541202041	0.9272578195
0	0.2366671067	0.0050639467	0.7582689466
0	0.0258540069	0.4871385477	0.4870074454
0	0.2141083345	0.0161974621	0.7696942035
0	0.4448761432	0.0093372763	0.5457865805
0	0.9925541731	0.0074458269	0.0000000000
0	0.1415654843	0.1427153964	0.7157191194
0	0.8204541219	0.0359934918	0.1435523863
1	0.7619156096	0.0019517579	0.2361326325
0	0.2477367748	0.5754090660	0.1768541592
0	0.7945035679	0.1419402066	0.0635562255
2	0.3451867581	0.0000001629	0.6548130790
0	0.0044610238	0.5976001399	0.3979388362
0	0.9637328988	0.0000000000	0.0362671012
0	0.0507232816	0.3001934687	0.6490832497
1	0.9771504213	0.0198111451	0.0030384336
0	0.6220232524	0.2180801832	0.1598965644
0	0.0069813516	0.0107299275	0.9822887210
0	0.9975475847	0.0024524145	0.0000000007
0	0.3459736225	0.4979414739	0.1560849036
0	0.1907583175	0.0001390805	0.8091026020
0	0.5050835434	0.0000313792	0.4948850774
0	0.6353763167	0.1773186682	0.1873050151
0	0.0112487268	0.0000000029	0.9887512704
0	0.0581334911	0.1616841376	0.7801823713
0	0.0151397094	0.0974208191	0.8874394714
0	0.9925104150	0.0000486492	0.0074409358
0	0.9935745946	0.0023314214	0.0040939840
0	0.0341453937	0.3861008115	0.5797537947
0	0.0469782870	0.9145042817	0.0385174312
0	0.1528608860	0.0412630411	0.8058760728
0	0.7015543149	0.0000028155	0.2984428697
0	0.8389471200	0.1610528800	0.0000000000
0	0.5113518116	0.3124979366	0.1761502518
0	0.2197696959	0.0426136741	0.7376166300
0	0.4104133651	0.2607314617	0.3288551732
0	0.0000151447	0.0174613570	0.9825234983
0	0.3840057043	0.3992742539	0.2167200419
0	0.2143019373	0.7796357216	0.0060623411
0	0.9511040783	0.0097606279	0.0391352938
0	0.2677440916	0.0141076667	0.7181482418
0	0.0000008988	0.7700890942	0.2299100070
0	0.9526515715	0.0383535967	0.0089948318
0	0.9995166027	0.0004821688	0.0000012285
0	0.7528457182	0.2329583155	0.0141959662
0	0.9863588315	0.0000000000	0.0136411685
0	0.4933164919	0.1079122431	0.3987712650
0	0.3810947819	0.0280865152	0.5908187029
0	0.6322750191	0.0613307920	0.3063941889
0	0.0096735507	0.9143595267	0.0759669226
0	0.0273639499	0.8546915999	0.1179444501
1	0.4032243238	0.0319783802	0.5647972961
0	0.0743774894	0.9228306832	0.0027918274
0	0.0000000000	0.7028363262	0.2971636738
0	0.9990459156	0.0000000127	0.0009540717
0	0.0001034534	0.0000013019	0.9998952447
0	0.8992360068	0.0546855854	0.0460784078
0	0.9186952868	0.0794451350	0.0018595782
0	0.0923982396	0.2031342910	0.7044674695
0	0.8458521407	0.0000010199	0.1541468395
0	0.2185947917	0.1669533429	0.6144518654
1	0.4663866136	0.5129064874	0.0207068989
0	0.7062475215	0.0053379936	0.2884144850
1	0.0650816236	0.8665275118	0.0683908645
0	0.0091589684	0.0329171847	0.9579238469
0	0.0000000000	0.8425738631	0.1574261369
0	0.0173268166	0.1334419289	0.8492312546
0	0.1414507351	0.0022772631	0.8562720018
0	0.9036643339	0.0807280942	0.0156075719
1	0.7448037067	0.1660818616	0.0891144317
1	0.8867725873	0.1132274127	0.0000000000
0	0.7285295825	0.0955650059	0.1759054115
0	0.8745436523	0.0000003096	0.1254560381
0	0.9599123730	0.0396020340	0.0004855930
0	0.6318649118	0.3681350881	0.0000000000
1	0.0420363692	0.1071521972	0.8508114336
0	0.0876232570	0.4889508219	0.4234259212
0	0.0016461766	0.0848891269	0.9134646965
0	0.0064454011	0.2092603825	0.7842942164
0	0.8897881295	0.0000000040	0.1102118665
0	0.7964334357	0.0432570159	0.1603095484
0	0.6886417408	0.2914585431	0.0198997161
1	0.4224438408	0.3146111694	0.2629449897
0	0.0065549905	0.8016528423	0.1917921672
0	0.4141279722	0.4219636265	0.1639084012
1	0.7893126093	0.0063060457	0.2043813450
0	0.2282963537	0.2452401944	0.5264634519
0	0.0002627962	0.9996078517	0.0001293521
0	0.0242688076	0.8784733461	0.0972578463
0	0.0001713321	0.6478332541	0.3519954138
