0	0.0702457930	0.8292965156	0.1004576914
0	0.0268495685	0.0612592481	0.9118911834
0	0.9494616674	0.0000819360	0.0504563967
0	0.0570985041	0.9078488628	0.0350526331
0	0.3023851967	0.0052159401	0.6923988632
0	0.8748952391	0.1250418754	0.0000628855
0	0.7645162436	0.0536622115	0.1818215450
0	0.9828383090	0.0061176572	0.0110440339
0	0.9154339805	0.0699812292	0.0145847903
2	0.9695937583	0.0000066800	0.0303995617
0	0.2095614914	0.3932710615	0.3971674470
1	0.9937383220	0.0046472789	0.0016143991
1	0.5854547578	0.3976374171	0.0169078251
0	0.3890218794	0.0289225027	0.5820556180
0	0.3033206803	0.6123437614	0.0843355583
0	0.0000521621	0.0363524848	0.9635953530
1	0.0000004526	0.9947331019	0.0052664455
0	0.3926766618	0.0017588777	0.6055644605
0	0.8798505802	0.0837176808	0.0364317390
0	0.0000000000	0.7850918761	0.2149081239
0	0.4798524843	0.4994922847	0.0206552310
0	0.0000006529	0.6588297956	0.3411695515
0	0.4208321600	0.5776145535	0.0015532865
0	0.7413900746	0.0009164435	0.2576934819
0	0.3519090763	0.1431733182	0.5049176055
0	0.0000025727	0.9633089033	0.0366885240
0	0.9917066719	0.0055402241	0.0027531040
0	0.8056122150	0.1943846313	0.0000031537
0	0.8550395210	0.0003482444	0.1446122346
0	0.9069747446	0.0000000000	0.0930252554
1	0.2092497041	0.7432111847	0.0475391112
0	0.4632827910	0.0797681499	0.4569490591
0	0.4872006052	0.3762278544	0.1365715404
0	0.9817093156	0.0131423181	0.0051483663
0	0.5596918383	0.0026916455	0.4376165163
0	0.1707183388	0.8252597087	0.0040219526
0	0.0906596413	0.0602170804	0.8491232783
0	0.0007123300	0.0032794930	0.9960081770
0	0.4366777461	0.5591196573	0.0042025967
0	0.9994402284	0.0000026839	0.0005570877
0	0.6656143619	0.0157628008	0.3186228373
0	0.2363635781	0.6371703661	0.1264660558
0	0.1564797755	0.0694602240	0.7740600005
0	0.1601757948	0.0000002010	0.8398240042
0	0.5295391407	0.3298784692	0.1405823902
0	0.3859794383	0.0341305867	0.5798899750
1	0.0006411340	0.3182734317	0.6810854343
0	0.5649378955	0.0009265318	0.4341355727
0	0.0352754012	0.0830164762	0.8817081226
0	0.0100939332	0.1142837260	0.8756223408
0	0.4049446407	0.1287936564	0.4662617029
0	0.1499766363	0.0440503816	0.8059729821
0	0.0068536037	0.0001868435	0.9929595528
0	0.9938736496	0.0060753271	0.0000510233
0	0.0126448565	0.0381129083	0.9492422352
0	0.2537786065	0.2934311827	0.4527902108
0	0.0103125297	0.2672511804	0.7224362899
0	0.2128780058	0.7445234431	0.0425985511
0	0.8145911302	0.0000144741	0.1853943957
0	0.0095331919	0.0145778465	0.9758889616
0	0.0254068199	0.8610995772	0.1134936029
0	0.0001292141	0.9990893628	0.0007814231
0	0.0552112345	0.7684993980	0.1762893675
0	0.1240378841	0.8041042138	0.0718579021
0	0.0265033814	0.2625858502	0.7109107685
0	0.5592903495	0.0591574279	0.3815522226
0	0.0151767370	0.9678811559	0.0169421071
0	0.1099052629	0.8306183901	0.0594763470
1	0.2072518160	0.0835786702	0.7091695137
0	0.5347100196	0.1022526081	0.3630373723
0	0.0000596445	0.9356644676	0.0642758879
0	0.4387101762	0.5612256897	0.0000641341
0	0.9031155889	0.0000567969	0.0968276143
0	0.8300878353	0.1512576665	0.0186544982
0	0.0561315450	0.1217973706	0.8220710844
0	0.6948891588	0.0485454321	0.2565654091
0	0.0000000000	0.8130036470	0.1869963530
0	0.4711745889	0.5208474270	0.0079779841
0	0.6759072660	0.0001276126	0.3239651214
0	0.5161279882	0.4838720118	0.0000000000
0	0.8315045593	0.1673047896	0.0011906511
0	0.5098190717	0.0278036989	0.4623772294
0	0.8934814915	0.1017954007	0.0047231078
0	0.5308837532	0.1582105637	0.3109056831
0	0.9995685954	0.0000001719	0.0004312327
1	0.2365244530	0.4499473218	0.3135282253
0	0.5090872147	0.4852300544	0.0056827309
1	0.9177673904	0.0729122986	0.0093203111
0	0.9970013556	0.0025927814	0.0004058630
0	0.5181800338	0.4695504990	0.0122694672
0	0.7460568697	0.2000687766	0.0538743537
0	0.4338300107	0.0426711525	0.5234988368
0	0.0287974270	0.9712025729	0.0000000001
0	0.9018697076	0.0188234740	0.0793068183
0	0.4573844194	0.0439452306	0.4986703500
0	0.0000000000	0.0115147460	0.9884852540
0	0.3769445719	0.6082575366	0.0147978916
1	0.0207024766	0.2684856902	0.7108118332
0	0.9611451357	0.0161067418	0.0227481224
0	0.0000795343	0.0378069615	0.9621135042
