0	0.0000000120	0.0000000000	0.9999999880
1	0.0045845062	0.0256757949	0.9697396989
0	0.6571928236	0.1155084438	0.2272987327
0	0.4388782469	0.5472966034	0.0138251497
0	0.1410993586	0.2176652484	0.6412353930
0	0.8851678945	0.0000091885	0.1148229170
0	0.0005649027	0.9994350973	0.0000000000
0	0.1223246701	0.0000000000	0.8776753299
0	0.0048470947	0.0000000000	0.9951529053
0	0.5869569528	0.0000028633	0.4130401839
0	0.4337952350	0.5048026162	0.0614021488
0	0.0594654628	0.0310456191	0.9094889181
0	0.0023725648	0.0488965460	0.9487308892
1	0.0045079719	0.6905203469	0.3049716812
0	0.2910964407	0.2821111565	0.4267924028
0	0.6715852701	0.0000040442	0.3284106858
0	0.9231846785	0.0364045646	0.0404107569
0	0.7039752115	0.0046670452	0.2913577432
1	0.2634398517	0.3114339232	0.4251262250
0	0.2364147568	0.0797389004	0.6838463428
0	0.3965322290	0.1291916691	0.4742761019
0	0.4748929683	0.4727356252	0.0523714065
0	0.9986719930	0.0013280070	0.0000000000
0	0.3171433755	0.6828413071	0.0000153175
0	0.3279764402	0.0213297105	0.6506938493
0	0.2446577870	0.0479966346	0.7073455784
0	0.9013446100	0.0894004471	0.0092549428
0	0.0124515429	0.0000005522	0.9875479049
0	0.9968105797	0.0000139854	0.0031754349
0	0.0009397779	0.9878924808	0.0111677413
0	0.5943046442	0.0000000000	0.4056953558
0	0.9262985019	0.0551746581	0.0185268399
0	0.8930707878	0.1069291915	0.0000000207
0	0.2333456899	0.7561280008	0.0105263093
0	0.3793866035	0.3576355988	0.2629777977
1	0.9998150662	0.0001849230	0.0000000107
0	0.3063582226	0.6847994341	0.0088423433
0	0.9999999993	0.0000000000	0.0000000007
0	0.1456906395	0.0772596131	0.7770497474
0	0.4756431084	0.0003382820	0.5240186096
0	0.0000495877	0.0000000224	0.9999503899
0	0.9524837155	0.0475152141	0.0000010703
0	0.0691610677	0.0841795917	0.8466593406
1	0.6095501671	0.1906042539	0.1998455789
2	0.0952774848	0.4250486470	0.4796738682
0	0.9846580271	0.0000008843	0.0153410886
0	0.9246436754	0.0303782638	0.0449780609
1	0.9995733218	0.0002013542	0.0002253240
0	0.7800681249	0.0004817207	0.2194501545
0	0.1538358247	0.6857237937	0.1604403817
0	0.9988755651	0.0011081687	0.0000162662
1	0.2199578347	0.7792533637	0.0007888017
0	0.4440895936	0.1131072142	0.4428031922
0	0.1575009645	0.0000000000	0.8424990355
1	0.3126480221	0.1592166699	0.5281353080
0	0.1072493710	0.8281469231	0.0646037059
0	0.9191671030	0.0406086703	0.0402242267
0	0.8463071496	0.1094509551	0.0442418952
0	0.0731932461	0.9262127152	0.0005940387
0	0.4871162957	0.0663558002	0.4465279041
0	0.0076369863	0.7769746689	0.2153883447
1	0.3395156963	0.0000000001	0.6604843037
0	0.7909969951	0.1787826360	0.0302203690
0	0.0444469568	0.9301283911	0.0254246521
0	0.0000000054	0.7700141534	0.2299858412
0	0.8591642290	0.1301707810	0.0106649900
0	0.0000000000	0.0453184735	0.9546815265
0	0.7758580490	0.0004574163	0.2236845347
0	0.9414915856	0.0479915152	0.0105168993
0	0.7183064146	0.1150007121	0.1666928733
0	0.8830981380	0.0237805690	0.0931212930
0	0.1844546456	0.8155450978	0.0000002566
0	0.9997527583	0.0002467564	0.0000004853
0	0.7567826300	0.1886721654	0.0545452046
0	0.1114608345	0.7515470012	0.1369921643
0	0.3406690490	0.1912544706	0.4680764804
1	0.9153081394	0.0846062217	0.0000856389
0	0.5102438735	0.4839711021	0.0057850244
0	0.8322813258	0.0000005057	0.1677181685
0	0.9955015884	0.0001647765	0.0043336352
0	0.7355077205	0.2640793490	0.0004129305
0	0.0714650023	0.5136595185	0.4148754792
0	0.0065860280	0.4185203395	0.5748936326
0	0.6510779900	0.0000000000	0.3489220100
0	0.1592720218	0.0662001028	0.7745278755
0	0.5408723731	0.4492069427	0.0099206842
0	0.8989625858	0.0562890121	0.0447484021
0	0.9974802393	0.0000524100	0.0024673507
0	0.8970262147	0.0546615079	0.0483122774
1	0.0030313287	0.5329990946	0.4639695767
0	0.0325131762	0.4677917726	0.4996950512
0	0.0057464391	0.0001105955	0.9941429654
0	0.5308458309	0.1063472325	0.3628069366
0	0.0041787298	0.9958212697	0.0000000004
0	0.1348372149	0.0693365331	0.7958262520
0	0.3005204250	0.0022273224	0.6972522526
0	0.1496825746	0.8069608660	0.0433565594
0	0.9912447699	0.0087084051	0.0000468250
0	0.6278867154	0.0079965365	0.3641167481
0	0.3025916317	0.6886106966	0.0087976717
