0	0.0008030708	0.1018378152	0.8973591139
0	0.4149876026	0.0000052690	0.5850071284
0	0.3260809626	0.6309995580	0.0429194794
0	0.1002866751	0.0200739044	0.8796394206
0	0.0987254350	0.8966853519	0.0045892131
0	0.0854743141	0.0015404941	0.9129851918
0	0.6106449153	0.3146605154	0.0746945693
0	0.5994981737	0.4005012672	0.0000005591
0	0.8906194127	0.0636567039	0.0457238834
0	0.0139408812	0.9860446814	0.0000144374
0	0.9070779383	0.0038085174	0.0891135443
0	0.6459422292	0.1043226694	0.2497351015
1	0.3806652966	0.3107566181	0.3085780853
0	0.0000282011	0.7954337251	0.2045380738
0	0.0743865594	0.6952419415	0.2303714991
1	0.8171687100	0.1121989174	0.0706323726
0	0.0010061856	0.8755615551	0.1234322592
1	0.0370084662	0.0915892595	0.8714022742
0	0.5880568227	0.2120434852	0.1998996921
0	0.0002741388	0.9418567160	0.0578691452
1	0.0130958857	0.9858263128	0.0010778015
0	0.1855939167	0.5018051654	0.3126009179
0	0.9460764955	0.0458282290	0.0080952754
0	0.2695200115	0.2696240807	0.4608559078
0	0.9969610976	0.0002236041	0.0028152982
0	0.9993511740	0.0002607809	0.0003880451
1	0.0009723720	0.6212307608	0.3777968673
0	0.9999987757	0.0000012243	0.0000000000
0	0.0012145558	0.3399274038	0.6588580405
0	0.8077470502	0.1922378775	0.0000150724
0	0.9998956368	0.0000000042	0.0001043591
0	0.7417620514	0.2475561619	0.0106817867
0	0.1338508013	0.0144885250	0.8516606738
1	0.0020712047	0.7686916591	0.2292371361
0	0.8926636032	0.0328916542	0.0744447426
0	0.1296094334	0.0222874519	0.8481031147
0	0.5105195183	0.0059703757	0.4835101061
0	0.5464901397	0.4467038109	0.0068060494
0	0.0755104795	0.9244011630	0.0000883575
0	0.0019252219	0.9223375991	0.0757371790
0	0.6837255172	0.2172365252	0.0990379576
0	0.8608789269	0.1122456487	0.0268754244
1	0.9201212435	0.0055664534	0.0743123030
0	0.6296768754	0.3703231246	0.0000000000
0	0.2029391024	0.7970487823	0.0000121154
0	0.0144668779	0.0000000000	0.9855331221
0	0.6849915577	0.0000000000	0.3150084422
0	0.2006000523	0.6287831905	0.1706167572
0	0.2398576843	0.5102876244	0.2498546914
0	0.0065606962	0.0006833462	0.9927559576
0	0.0000000374	0.0000000000	0.9999999626
0	0.8014898060	0.0178165774	0.1806936166
0	0.4808054640	0.0027309366	0.5164635993
0	0.9251631277	0.0746824178	0.0001544546
0	0.0203197684	0.0537186171	0.9259616145
0	0.0187120916	0.9797007361	0.0015871723
0	0.3658109538	0.0324021401	0.6017869061
0	0.0050036865	0.0243350662	0.9706612474
0	0.0590149193	0.1064788360	0.8345062447
0	0.0180318854	0.0861859686	0.8957821461
0	0.7278147688	0.1680261361	0.1041590952
0	0.7926483286	0.0001726516	0.2071790198
0	0.1592733992	0.8158624955	0.0248641052
1	0.7643463665	0.2356536335	0.0000000000
0	0.0002258407	0.5093948263	0.4903793329
0	0.0000200284	0.0000000000	0.9999799716
0	0.0468611760	0.0642489973	0.8888898267
0	0.4149889275	0.5843434125	0.0006676600
0	0.0459668367	0.9460283567	0.0080048067
0	0.0470485869	0.0071846078	0.9457668053
0	0.3424537093	0.1514377618	0.5061085288
0	0.0036121452	0.9094761217	0.0869117331
0	0.1467031965	0.6953357404	0.1579610632
0	0.5049183012	0.4907933621	0.0042883366
0	0.4085156478	0.0040212325	0.5874631197
2	0.0004683702	0.0005814838	0.9989501460
0	0.0401333927	0.1774210747	0.7824455325
0	0.0000667350	0.0000000000	0.9999332650
0	0.0000000000	0.9999999985	0.0000000015
0	0.6940153421	0.0000000000	0.3059846579
0	0.9130460136	0.0866373734	0.0003166130
0	0.9473675515	0.0417189189	0.0109135296
0	0.3613813565	0.0882305136	0.5503881298
0	0.9945445478	0.0006873575	0.0047680947
0	0.3342748724	0.6643867088	0.0013384188
0	0.2518000903	0.0676265419	0.6805733678
0	0.3433540502	0.0000000148	0.6566459350
0	0.5087670502	0.1084654317	0.3827675181
0	0.9399202854	0.0257187846	0.0343609300
0	0.7660805315	0.0019483685	0.2319711000
0	0.1740694655	0.0011160927	0.8248144418
1	0.8571709692	0.0416523963	0.1011766345
0	0.0000002983	0.3560148861	0.6439848156
0	0.2489130332	0.7510869668	0.0000000000
0	0.8921998756	0.1057199218	0.0020802026
0	0.7968198739	0.2014519455	0.0017281807
0	0.6060822046	0.0000000000	0.3939177954
0	0.1816599821	0.4171195544	0.4012204636
1	0.9372842151	0.0372273495	0.0254884354
0	0.0006231846	0.1836859015	0.8156909139
