1	0.3018385499	0.3781419234	0.3200195266
0	0.1835730291	0.0456017911	0.7708251798
0	0.2461359637	0.7513818227	0.0024822137
0	0.8921868559	0.0018902845	0.1059228597
0	0.9081948827	0.0770783455	0.0147267719
0	0.3489719886	0.0455706617	0.6054573497
0	0.7389200334	0.1597486010	0.1013313656
0	0.7815150369	0.2105337949	0.0079511682
0	0.0639547492	0.6840634186	0.2519818322
0	0.0807091838	0.4517499673	0.4675408489
0	0.0051634872	0.4134399639	0.5813965489
0	0.8194977109	0.0084890362	0.1720132529
0	0.1464504450	0.6110122358	0.2425373192
0	0.9057276062	0.0000000004	0.0942723934
0	0.5416941463	0.4343746584	0.0239311953
0	0.4842202086	0.0030776690	0.5127021224
1	0.7561673016	0.2312390089	0.0125936895
0	0.9967682846	0.0030761655	0.0001555499
0	0.0095424599	0.0009489168	0.9895086233
0	0.8793586316	0.0379450971	0.0826962714
0	0.6677264526	0.2141211141	0.1181524334
1	0.0856959191	0.0008234494	0.9134806315
0	0.2859039260	0.1308596279	0.5832364461
0	0.2092759813	0.7859261690	0.0047978497
0	0.9063892457	0.0008824743	0.0927282800
0	0.0316115895	0.0290063505	0.9393820600
0	0.1140701242	0.3813336663	0.5045962095
0	0.0787757454	0.9212242546	0.0000000000
1	0.1594821032	0.6915032707	0.1490146261
2	0.8978363306	0.0411591420	0.0610045274
0	0.9954787964	0.0044883137	0.0000328899
0	0.3299441392	0.1787285494	0.4913273114
0	0.5829105186	0.2074072363	0.2096822451
0	0.0697347519	0.1094341869	0.8208310612
0	0.1224004961	0.8639608114	0.0136386925
0	0.9381487815	0.0001029879	0.0617482306
0	0.4724495408	0.1698681343	0.3576823249
1	0.6893031733	0.2357885291	0.0749082975
0	0.5855256477	0.2245036230	0.1899707293
1	0.2132633107	0.7867131588	0.0000235305
0	0.0000000031	0.2103771488	0.7896228481
0	0.0852351348	0.5018996948	0.4128651704
0	0.2467437401	0.7474442547	0.0058120053
0	0.7696440893	0.0067371244	0.2236187863
0	0.0000357893	0.4696281757	0.5303360351
0	0.9994904435	0.0005095564	0.0000000001
0	0.1728569102	0.2988115470	0.5283315428
0	0.2887834551	0.5962422767	0.1149742683
0	0.0931622468	0.7776474201	0.1291903332
0	0.0625426544	0.9290217225	0.0084356230
0	0.0002048446	0.9350000521	0.0647951033
0	0.5101173637	0.0003816307	0.4895010056
0	0.9599316777	0.0233515794	0.0167167429
0	0.5680553544	0.4318824099	0.0000622357
0	0.2444692633	0.2904768834	0.4650538533
0	0.0019468561	0.9973276675	0.0007254764
0	0.3555023066	0.0000000000	0.6444976934
1	0.4862753190	0.5026051804	0.0111195005
0	0.0948638152	0.6455314975	0.2596046873
0	0.0388964445	0.0007293089	0.9603742466
0	0.8194894830	0.1803400270	0.0001704900
0	0.9894314624	0.0105685376	0.0000000000
0	0.0000034331	0.0500494862	0.9499470807
0	0.1858744587	0.7304304653	0.0836950760
0	0.6394480900	0.3275082527	0.0330436573
0	0.0044817570	0.0000000000	0.9955182430
0	0.9860866426	0.0035247848	0.0103885726
0	0.0224539314	0.0552328114	0.9223132572
0	0.0008592960	0.9315801494	0.0675605547
0	0.0573127427	0.8919497134	0.0507375439
0	1.0000000000	0.0000000000	0.0000000000
0	0.8771394577	0.0468770191	0.0759835232
1	0.1038019982	0.5521174363	0.3440805655
0	0.6877288548	0.2094499861	0.1028211591
0	0.7807735227	0.1815647488	0.0376617284
0	0.1450196348	0.0027925500	0.8521878153
0	0.0187134992	0.0022643871	0.9790221137
1	0.4438314874	0.0244879905	0.5316805221
0	0.6945773677	0.0261056170	0.2793170152
0	0.1324227294	0.2015140370	0.6660632336
0	0.0176084665	0.0010352853	0.9813562482
0	0.1944445471	0.0000000007	0.8055554523
0	0.6586263192	0.0002228186	0.3411508622
0	0.5368028305	0.4631656049	0.0000315646
0	0.2419246176	0.0005910161	0.7574843662
0	0.2697456616	0.6917436474	0.0385106910
0	0.9205731307	0.0178704867	0.0615563826
0	0.2596459247	0.2715199072	0.4688341681
0	0.6760552162	0.1152182366	0.2087265472
0	0.2122840768	0.7873975735	0.0003183498
0	0.6862196752	0.3137803242	0.0000000006
0	0.6663909519	0.0000000000	0.3336090481
0	0.0014730348	0.9440595238	0.0544674414
0	0.3060620322	0.5981450579	0.0957929098
0	0.4734432886	0.0468030547	0.4797536568
1	0.9671698574	0.0328286454	0.0000014972
0	0.1369261164	0.3850893519	0.4779845317
1	0.3426843740	0.0000000038	0.6573156222
0	0.9569374719	0.0003631940	0.0426993341
0	0.6852571445	0.3146775800	0.0000652754
