0	0.0618793399	0.9380670883	0.0000535718
0	0.9990083606	0.0000000000	0.0009916394
0	0.9614821701	0.0381524938	0.0003653360
0	0.9724932616	0.0180173150	0.0094894235
0	0.4835762441	0.1384850073	0.3779387487
0	0.9866260608	0.0121208259	0.0012531133
0	0.0020800214	0.9750551682	0.0228648104
0	0.2628371906	0.5964427117	0.1407200977
0	0.0027944509	0.3860654663	0.6111400828
0	0.3963527319	0.1096367243	0.4940105438
0	0.6472604197	0.2569689978	0.0957705825
0	0.0666566606	0.1910261074	0.7423172320
0	0.9607649627	0.0000000000	0.0392350373
0	0.6359542986	0.3617411317	0.0023045697
0	0.8567144953	0.1432687903	0.0000167144
0	0.0003560530	0.4999338078	0.4997101393
0	0.0000030993	0.1093364066	0.8906604940
0	0.9839865254	0.0103506640	0.0056628106
0	0.5590571384	0.0128487896	0.4280940720
0	0.1289341956	0.0935709111	0.7774948933
0	0.9568749644	0.0010113710	0.0421136646
0	0.1567562923	0.0081542225	0.8350894852
0	0.4639261362	0.4355675991	0.1005062647
0	0.0006990598	0.0403108762	0.9589900640
0	0.2925730099	0.7044750307	0.0029519595
2	0.4332782684	0.4737390560	0.0929826755
0	0.0699013085	0.0644803138	0.8656183777
0	0.2371542081	0.7628457918	0.0000000002
0	0.7698565637	0.0346312562	0.1955121800
0	0.7296917468	0.0262694158	0.2440388374
0	0.9697197491	0.0186814494	0.0115988015
0	0.0142668542	0.6484084645	0.3373246813
0	0.2640450542	0.7177079981	0.0182469477
0	0.9893235365	0.0000000000	0.0106764634
0	0.2959091444	0.0643789303	0.6397119253
0	0.5229369876	0.0769405332	0.4001224792
0	0.4327359078	0.5672631849	0.0000009072
0	0.1049633870	0.8950366130	0.0000000000
0	0.8643990196	0.0000028847	0.1355980957
0	0.2989808913	0.0017710576	0.6992480511
0	0.1116092499	0.5156081504	0.3727825997
0	0.8910903223	0.1089096777	0.0000000000
0	0.7155118090	0.2844837862	0.0000044048
0	0.8476540532	0.1523172635	0.0000286833
0	0.4835645993	0.1375208308	0.3789145699
0	0.6752825619	0.2454530643	0.0792643738
0	0.8853012106	0.0000003713	0.1146984181
0	0.7487666914	0.0077095758	0.2435237329
0	0.3171771574	0.6749252598	0.0078975827
0	0.5850280043	0.3853408127	0.0296311831
0	0.9062239673	0.0448641304	0.0489119024
0	0.8984336872	0.0534358746	0.0481304382
0	0.4756431939	0.0000000000	0.5243568061
0	0.2188327400	0.5617949915	0.2193722685
0	0.9811192740	0.0000000000	0.0188807260
1	0.0073221186	0.0000033054	0.9926745761
0	0.2488430126	0.0077567634	0.7434002239
0	0.0251105208	0.0000009812	0.9748884980
0	0.0001549213	0.5230074595	0.4768376192
0	0.5721607554	0.3350618850	0.0927773597
0	0.2901615070	0.0014267350	0.7084117580
0	0.4722095223	0.0001129708	0.5276775069
0	0.8993373849	0.0056617139	0.0950009011
0	0.9758492317	0.0120441508	0.0121066174
0	0.3054360673	0.0084527933	0.6861111394
0	0.9976961164	0.0000000241	0.0023038595
0	0.0013291002	0.0210180126	0.9776528873
0	0.0924100778	0.9044709705	0.0031189517
0	0.1246405824	0.8416732491	0.0336861685
0	0.2175102418	0.1619599812	0.6205297770
0	0.4862915678	0.0000000039	0.5137084283
0	0.3942513077	0.5432945989	0.0624540934
0	0.0493154793	0.9465524717	0.0041320491
0	0.0010418922	0.9849890600	0.0139690478
1	0.7689757595	0.2202344577	0.0107897829
0	0.7540938204	0.0226631888	0.2232429908
0	0.0000344014	0.0355240058	0.9644415927
1	0.1913304840	0.8085204071	0.0001491088
0	0.0000005381	0.9445882199	0.0554112420
0	0.8802084838	0.0482267083	0.0715648078
1	0.3611438197	0.0000000139	0.6388561664
0	0.0000620856	0.8508897711	0.1490481433
0	0.6834224628	0.0000000000	0.3165775372
0	0.2084434726	0.0000000000	0.7915565274
0	0.0337824927	0.1354977629	0.8307197445
0	0.6766434766	0.3233565149	0.0000000085
0	0.1324976425	0.7603926740	0.1071096835
0	0.2961304536	0.1579007655	0.5459687809
0	0.9986757751	0.0000008214	0.0013234035
0	0.3437747695	0.2044249855	0.4518002450
0	0.3392567277	0.1142695929	0.5464736794
0	0.7736844362	0.2046967223	0.0216188414
0	0.9795384560	0.0000008953	0.0204606488
0	0.0302514187	0.9697430065	0.0000055748
0	0.7991914408	0.0000000000	0.2008085592
0	0.3755074043	0.6195527832	0.0049398125
0	0.1512063707	0.2887263844	0.5600672449
0	0.0000000000	0.9993229236	0.0006770764
0	0.9856889614	0.0079929658	0.0063180729
0	0.2940114920	0.7048436188	0.0011448892
