0	0.3432816207	0.0145013599	0.6422170194
0	0.8788052360	0.1198719120	0.0013228520
0	0.3833085949	0.5665383882	0.0501530169
0	0.9873545814	0.0126454186	0.0000000000
0	0.0017944005	0.2269712812	0.7712343183
0	0.7367427480	0.2489827496	0.0142745024
1	0.4171952547	0.4597180398	0.1230867055
0	0.0614326254	0.8366675564	0.1018998182
0	0.9064947447	0.0678718574	0.0256333978
0	0.1654718483	0.0438539281	0.7906742236
0	0.3507012695	0.4711659697	0.1781327609
0	0.3497014078	0.6459182080	0.0043803842
0	0.0176564848	0.3090232267	0.6733202885
0	0.9666661871	0.0000000000	0.0333338129
0	0.2898204463	0.1527725894	0.5574069643
0	0.9732542816	0.0211567455	0.0055889728
0	0.1515519890	0.4036388893	0.4448091217
0	0.7085397090	0.0001997554	0.2912605356
0	0.7185895092	0.0653583135	0.2160521773
0	0.6638798179	0.0067240493	0.3293961329
0	0.0284068633	0.6362434817	0.3353496550
0	0.2009846202	0.4661836811	0.3328316987
0	0.6077085439	0.3091417079	0.0831497482
0	0.0000088165	0.9164343565	0.0835568270
0	0.0288135833	0.2772986536	0.6938877632
0	0.4322604257	0.1059524667	0.4617871076
1	0.4439750344	0.5560133033	0.0000116623
0	0.5752772726	0.3308717144	0.0938510130
0	0.5085532756	0.4914467244	0.0000000000
0	0.5374470653	0.4287213177	0.0338316170
0	0.5482411718	0.0841369297	0.3676218985
0	0.0093725719	0.9905659569	0.0000614711
0	0.0444690083	0.0400339464	0.9154970454
1	0.1125646929	0.8445210976	0.0429142095
0	0.0069634685	0.0240539629	0.9689825686
0	0.2570498327	0.7278241692	0.0151259981
0	0.5346956849	0.0751420861	0.3901622290
0	0.9952771424	0.0047223990	0.0000004586
0	0.8226014775	0.0001325314	0.1772659911
0	0.1228140971	0.0015058958	0.8756800071
0	0.3372251304	0.6627748696	0.0000000000
0	0.0961359498	0.7709441574	0.1329198928
0	0.2057875805	0.0138816248	0.7803307948
0	0.5406456431	0.0000000106	0.4593543462
1	0.0000000000	0.4638569098	0.5361430902
0	0.4089945687	0.0549515392	0.5360538920
0	0.5540152073	0.4456793609	0.0003054318
0	0.0225853313	0.9341429792	0.0432716895
0	0.3437165721	0.0000000000	0.6562834279
0	0.1673199840	0.0000320922	0.8326479237
0	0.0699071059	0.5578679202	0.3722249739
0	0.3015062638	0.6446643519	0.0538293843
0	0.4768798398	0.5231201602	0.0000000000
0	0.4855093089	0.5081197080	0.0063709831
0	0.0410638935	0.0451113909	0.9138247156
0	0.6503940245	0.2920936141	0.0575123614
0	0.8549618040	0.0258224919	0.1192157041
0	0.0206363614	0.0000123791	0.9793512595
0	0.3022354092	0.6262100197	0.0715545710
0	0.1841069425	0.1262091402	0.6896839173
0	0.9586131788	0.0327477989	0.0086390223
0	0.9383328550	0.0058283356	0.0558388093
0	0.2303184785	0.0000000000	0.7696815215
0	0.3968111556	0.3707576600	0.2324311844
0	0.0177596495	0.0004008265	0.9818395241
0	0.4347704290	0.0754822611	0.4897473099
0	0.9992091351	0.0007908649	0.0000000000
0	0.2266570690	0.7733429310	0.0000000000
0	0.3565082999	0.5965405297	0.0469511704
0	0.0000000000	0.0000000000	1.0000000000
0	0.0273742591	0.9377736119	0.0348521290
2	0.7841566938	0.2124813884	0.0033619178
0	0.0334295034	0.0880925752	0.8784779214
0	0.8792738649	0.0271796309	0.0935465043
0	0.9321497133	0.0415919593	0.0262583274
0	0.7585246581	0.0019533188	0.2395220231
0	0.2803851962	0.0087802372	0.7108345667
0	0.5848758369	0.1431430325	0.2719811306
0	0.9676510169	0.0031162989	0.0292326843
0	0.1128694618	0.8138504893	0.0732800489
0	0.2139133437	0.4417701525	0.3443165038
0	0.9041578156	0.0468385107	0.0490036737
0	0.5383798210	0.0000558044	0.4615643746
0	0.0661733910	0.0006892941	0.9331373149
0	0.0016625073	0.9510837788	0.0472537139
0	0.2700385851	0.0000121728	0.7299492421
1	0.6247040041	0.0000000000	0.3752959959
0	0.3307009283	0.5335134074	0.1357856644
0	0.9284768980	0.0714829311	0.0000401709
0	0.3342068175	0.0379860216	0.6278071609
0	0.0509373586	0.3555464876	0.5935161537
0	0.3058561776	0.6490573187	0.0450865037
0	0.5782222171	0.4216154626	0.0001623203
0	0.4724820751	0.2555471519	0.2719707730
1	0.2374113022	0.2319056288	0.5306830690
0	0.0466446680	0.3030193906	0.6503359414
0	0.0107812959	0.9892187041	0.0000000000
0	0.5387435316	0.2634653652	0.1977911032
1	0.0019902632	0.0528518350	0.9451579017
0	0.0342745072	0.8669751182	0.0987503746
