1	0.6801959857	0.0000000000	0.3198040143
0	0.4128740851	0.5726486130	0.0144773019
0	0.7384767274	0.0000000000	0.2615232726
0	0.5122223635	0.0013618255	0.4864158110
0	0.0298794636	0.8151102601	0.1550102763
0	0.0639279280	0.9360651225	0.0000069495
0	0.6083183296	0.0059416636	0.3857400068
1	0.2667939386	0.3113258110	0.4218802504
0	0.2619085268	0.0177543117	0.7203371615
0	0.1286501478	0.2301774720	0.6411723802
0	0.7310060580	0.0721300797	0.1968638623
0	0.1250356272	0.0001445035	0.8748198694
0	0.1379655853	0.0039848331	0.8580495816
0	0.4644641552	0.0001826988	0.5353531460
0	0.8627609019	0.0830954218	0.0541436763
0	0.3091147392	0.0555690268	0.6353162341
0	0.2076720255	0.4599698661	0.3323581084
1	0.2387556033	0.0046988601	0.7565455366
0	0.3771590178	0.6228409822	0.0000000000
0	0.2297178976	0.0000000000	0.7702821024
0	0.6812474005	0.3187525994	0.0000000000
0	0.4829252416	0.0027919725	0.5142827859
0	0.3586636469	0.4818014755	0.1595348777
1	0.5619260711	0.0015093698	0.4365645591
0	0.7588771652	0.1774404650	0.0636823698
1	0.2139194124	0.7860805875	0.0000000000
0	0.5013864265	0.0092571205	0.4893564531
0	0.7944586837	0.1201410370	0.0854002793
0	0.9999493597	0.0000506364	0.0000000039
0	0.0013463328	0.9667639595	0.0318897077
0	0.9796547759	0.0186876390	0.0016575851
0	0.0039640756	0.4314324350	0.5646034894
0	0.1885602700	0.0000000000	0.8114397300
0	0.8968420158	0.0000067183	0.1031512659
0	0.7536201202	0.1642533487	0.0821265311
0	0.8316525460	0.0144763230	0.1538711310
0	0.7589732484	0.0202221373	0.2208046142
0	0.0000000082	0.1121206425	0.8878793493
0	0.9266948956	0.0287844121	0.0445206923
0	0.3569856594	0.0071799017	0.6358344389
0	0.9999985499	0.0000014501	0.0000000000
0	0.3491089017	0.6444592404	0.0064318580
0	0.3209577511	0.5345588793	0.1444833695
1	0.0019235814	0.7772463291	0.2208300895
2	0.0854708056	0.8760983897	0.0384308047
0	0.4929507894	0.5042572791	0.0027919316
1	0.0735184155	0.0168243963	0.9096571881
0	0.6582965100	0.0652558458	0.2764476443
0	0.3186803748	0.6666748671	0.0146447581
0	0.9999995623	0.0000004377	0.0000000000
0	0.9668855290	0.0331144694	0.0000000016
0	0.7625570213	0.0000680289	0.2373749498
0	0.0208888389	0.8204155587	0.1586956024
0	0.1462093855	0.1770793352	0.6767112794
0	0.0199940904	0.2477958134	0.7322100962
0	0.9387243447	0.0611346317	0.0001410236
0	0.0000000125	0.9692058679	0.0307941196
0	0.9217439821	0.0574429637	0.0208130542
0	0.8372454332	0.0094531525	0.1533014143
0	0.1444416383	0.1194904547	0.7360679071
0	0.7389532483	0.0611467379	0.1999000138
0	0.0847617139	0.9149770427	0.0002612433
1	0.0199183313	0.2827091836	0.6973724852
0	0.9878278536	0.0121721463	0.0000000001
0	0.9455400368	0.0540371312	0.0004228320
0	0.0462887022	0.0049209954	0.9487903024
0	0.3385620882	0.6578958757	0.0035420362
0	0.9312066345	0.0000163851	0.0687769804
0	0.0441421001	0.0919987620	0.8638591379
0	0.4675031318	0.3455240428	0.1869728254
2	0.1746728681	0.6003334647	0.2249936672
1	0.4859404114	0.0001854078	0.5138741808
0	0.0142507259	0.6426960243	0.3430532498
1	0.6991694407	0.1898876179	0.1109429414
1	0.7809028224	0.0005843936	0.2185127841
0	0.5401636937	0.0057778791	0.4540584273
0	0.1743475146	0.7972078588	0.0284446266
0	0.9389386856	0.0000000000	0.0610613144
0	0.0000000000	0.9993346367	0.0006653633
0	0.6603921269	0.0000224153	0.3395854578
0	0.2846537832	0.1254785707	0.5898676461
0	0.0268118155	0.0171518567	0.9560363278
0	0.2125028849	0.2986404373	0.4888566779
0	0.5222877789	0.4777067229	0.0000054982
0	0.6444567617	0.2257481536	0.1297950847
0	0.0296891688	0.0036708967	0.9666399345
0	0.9317133079	0.0580091798	0.0102775122
0	0.8886225577	0.1113774342	0.0000000081
0	0.8924449324	0.0000618770	0.1074931906
0	0.2216916694	0.2625947811	0.5157135495
0	0.3892765483	0.4663439813	0.1443794704
0	0.7020316351	0.0023596547	0.2956087102
0	0.6417174302	0.3582815886	0.0000009812
0	0.5774620493	0.0184077809	0.4041301698
0	0.0062988803	0.0003371721	0.9933639476
0	0.1961222305	0.1826429292	0.6212348404
0	0.5890172625	0.1051983111	0.3057844264
0	0.4325889744	0.3151282307	0.2522827949
0	0.7465720569	0.0000000000	0.2534279431
0	0.7399683366	0.0759536296	0.1840780338
