0	0.0000000006	0.0000000000	0.9999999993
0	0.1485024074	0.8514975926	0.0000000000
0	0.1048786904	0.8934549508	0.0016663588
0	0.5834525203	0.0304371566	0.3861103231
0	0.0001651927	0.0000092347	0.9998255726
0	0.3087584130	0.6912415869	0.0000000001
0	0.3028258440	0.6770866771	0.0200874790
0	0.0198946635	0.9188170688	0.0612882676
0	0.0212087300	0.9776071634	0.0011841065
0	0.2869872991	0.0000091835	0.7130035174
1	0.7796596401	0.0321838596	0.1881565004
0	0.0000001104	0.9972047942	0.0027950954
0	0.0009835087	0.9989014664	0.0001150248
0	0.8942634251	0.0001494666	0.1055871082
0	0.0000001780	0.2689672947	0.7310325273
0	0.0393757395	0.0085159097	0.9521083508
0	0.0778758221	0.3616789054	0.5604452725
0	0.9672397636	0.0234633191	0.0092969173
0	0.0096887404	0.5737242465	0.4165870131
0	0.6039706426	0.3795371301	0.0164922273
0	0.3607486686	0.6356746881	0.0035766433
0	0.1592452553	0.4199174231	0.4208373216
0	0.1791594567	0.0275507242	0.7932898191
0	0.7317723483	0.0143248901	0.2539027616
0	0.0497972242	0.0419105831	0.9082921927
0	0.7511614513	0.0804860890	0.1683524597
0	0.9503045177	0.0384927734	0.0112027090
1	0.9220272004	0.0249597403	0.0530130592
0	0.0894790781	0.0107260765	0.8997948453
0	0.5018448126	0.2582870215	0.2398681659
0	0.0220540485	0.0000000000	0.9779459515
0	0.0000000011	0.0008717141	0.9991282847
0	0.2965464552	0.0548379717	0.6486155731
1	0.1825559826	0.7052345720	0.1122094454
0	0.0000000000	0.3892594667	0.6107405333
0	0.0200758160	0.7659667840	0.2139574000
0	0.1401465848	0.3042170127	0.5556364025
0	0.1245948387	0.0245276526	0.8508775087
0	0.9163898661	0.0819402707	0.0016698632
0	0.4839985453	0.1696862526	0.3463152020
0	0.0000850730	0.1366735475	0.8632413795
0	0.5217423579	0.0733559653	0.4049016768
0	0.2554205122	0.5264027747	0.2181767130
0	0.0855576818	0.0005039205	0.9139383978
1	0.8021839489	0.0000000000	0.1978160511
0	0.0133924544	0.1749537096	0.8116538361
1	0.9447483734	0.0103962183	0.0448554083
0	0.0000110472	0.0324781286	0.9675108243
0	0.9955797282	0.0039731901	0.0004470817
0	0.8554432609	0.0587262736	0.0858304655
0	0.9929439615	0.0016164397	0.0054395988
0	0.5748743861	0.4002237038	0.0249019101
0	0.3398295091	0.2637924157	0.3963780753
0	0.0385332917	0.9595244847	0.0019422236
0	0.0248808466	0.9395869657	0.0355321877
0	0.0037727268	0.7587393025	0.2374879708
1	0.8955242708	0.0027917639	0.1016839653
0	0.0000040649	0.1733924673	0.8266034679
0	0.9032412262	0.0967587738	0.0000000000
0	0.3839596240	0.1562119405	0.4598284356
0	0.0848348828	0.9151651032	0.0000000141
0	0.8208526174	0.1791472698	0.0000001128
0	0.3914657250	0.5365818984	0.0719523765
2	0.4737646347	0.4835986259	0.0426367393
1	0.7865462400	0.0961086317	0.1173451284
1	0.4794835323	0.2635323154	0.2569841523
0	0.3714389889	0.4651722147	0.1633887964
0	0.0088283967	0.0000000000	0.9911716033
0	0.0642767360	0.9263118559	0.0094114082
0	0.7177242746	0.2688020509	0.0134736745
0	0.0753392977	0.7692797125	0.1553809897
0	0.5137694122	0.2782200088	0.2080105789
0	0.7838623737	0.0000361544	0.2161014719
0	0.0027232994	0.0000000000	0.9972767006
0	0.9410357866	0.0008077424	0.0581564710
0	0.1032076241	0.0637059423	0.8330864336
0	0.9823741755	0.0000000000	0.0176258245
0	0.0537704118	0.9458976224	0.0003319658
0	0.9901209223	0.0098790740	0.0000000037
0	0.6507796808	0.0035326828	0.3456876365
0	0.6851903427	0.1737572983	0.1410523590
0	0.3706956224	0.3869351368	0.2423692408
0	0.6276601426	0.0071698777	0.3651699797
0	0.0000000000	0.1088144965	0.8911855035
0	0.5038025537	0.4809212844	0.0152761618
0	0.0000003380	0.2413551082	0.7586445538
0	0.8732075794	0.0197969132	0.1069955075
0	0.0296388471	0.8711539909	0.0992071620
0	0.0730368720	0.8084051263	0.1185580017
1	0.0075407653	0.0998592587	0.8925999761
0	0.6953494724	0.0063758602	0.2982746675
1	0.6084831724	0.3531261657	0.0383906619
0	0.6075730365	0.0753800180	0.3170469455
0	0.3559471196	0.6302670774	0.0137858030
0	0.0739534854	0.9217551796	0.0042913350
0	0.0000000000	0.9673987361	0.0326012639
0	0.7748888986	0.0009398243	0.2241712771
0	0.0180812339	0.9819187597	0.0000000064
1	0.0000000355	0.1503782780	0.8496216865
0	0.8690472423	0.0146575410	0.1162952167
