0	0.9358869861	0.0066300329	0.0574829810
0	0.9254899537	0.0745099556	0.0000000908
0	0.0003204932	0.5537627139	0.4459167930
0	0.0404732790	0.0015579074	0.9579688137
0	0.1839908589	0.0000000000	0.8160091411
0	0.5432451206	0.1013915686	0.3553633108
0	0.9257447650	0.0010581534	0.0731970816
0	0.0422261071	0.1400865931	0.8176872998
0	0.6274272374	0.1022055000	0.2703672626
0	0.2465501854	0.0278210773	0.7256287373
0	0.7998759522	0.2001240478	0.0000000000
0	0.3330892264	0.6574141143	0.0094966593
0	0.6325146362	0.0116321727	0.3558531910
0	0.0018618506	0.0042599452	0.9938782042
0	0.0004271136	0.4133983354	0.5861745510
0	0.9668837387	0.0000011596	0.0331151017
0	0.4496502930	0.4347131965	0.1156365105
0	0.9419131828	0.0580868172	0.0000000000
0	0.1991941699	0.8008058301	0.0000000000
0	0.0000000000	0.9511372291	0.0488627708
1	0.0734737085	0.3659624121	0.5605638794
0	0.0060941914	0.0262721538	0.9676336548
0	0.2327828634	0.3734822744	0.3937348622
0	0.7735579324	0.1139147710	0.1125272966
0	0.4747344926	0.5252630685	0.0000024389
0	0.1388903966	0.0000002878	0.8611093156
0	0.3935191722	0.0271735098	0.5793073180
0	0.6595529283	0.3274287652	0.0130183065
0	0.0684358625	0.4304388837	0.5011252538
0	0.5462931687	0.3429098019	0.1107970294
0	0.4269348832	0.0000000547	0.5730650620
0	0.4415963595	0.1992889073	0.3591147332
0	0.9999998427	0.0000000000	0.0000001572
0	0.0318770618	0.0056612373	0.9624617009
2	0.1777330852	0.7291442820	0.0931226328
0	0.9078874234	0.0883323547	0.0037802219
0	0.9947782329	0.0052217663	0.0000000008
0	0.2541781695	0.0631145569	0.6827072736
0	0.3250959746	0.3461302812	0.3287737441
0	0.6338768503	0.3661074945	0.0000156553
0	0.8378676238	0.1145427454	0.0475896308
0	0.0001906189	0.7358050484	0.2640043326
0	0.6994170784	0.0026428419	0.2979400796
0	0.0000000000	0.9999614527	0.0000385473
0	0.9408285062	0.0334298073	0.0257416865
0	0.7777703557	0.0017815790	0.2204480652
0	0.1312105307	0.6587647327	0.2100247366
0	0.1020212676	0.0405537732	0.8574249592
0	0.0491061246	0.0109672769	0.9399265985
0	0.7790641168	0.0000001453	0.2209357379
0	0.3324508454	0.2296773023	0.4378718523
1	0.0008368502	0.9984134651	0.0007496847
0	0.0000029486	0.7633814372	0.2366156142
0	0.1402555219	0.0393426752	0.8204018029
0	0.6838377410	0.0237264813	0.2924357777
0	0.2116662558	0.0000000000	0.7883337442
0	0.6339725425	0.3257210525	0.0403064050
0	0.7655955475	0.2166826220	0.0177218305
0	0.7912696517	0.2002437598	0.0084865885
0	0.0026468500	0.6683032846	0.3290498654
0	0.9481230825	0.0215473399	0.0303295776
0	0.5715229207	0.1492351177	0.2792419616
0	0.1326918068	0.0000191529	0.8672890403
0	0.8882932281	0.1109644493	0.0007423226
0	0.1894070903	0.0013620496	0.8092308600
1	0.1900142584	0.7190086482	0.0909770934
0	0.9999998415	0.0000001583	0.0000000001
0	0.5180715146	0.0572825445	0.4246459408
0	0.9771383546	0.0228547037	0.0000069418
0	0.3692944955	0.6298804442	0.0008250603
0	0.3193980872	0.0954517482	0.5851501646
0	0.9047167549	0.0846851498	0.0105980953
0	0.0076430219	0.7154835926	0.2768733855
0	0.8923035010	0.1076964132	0.0000000857
0	1.0000000000	0.0000000000	0.0000000000
0	0.2794879910	0.0670984421	0.6534135670
0	0.0797152047	0.9152649373	0.0050198580
0	0.0003684384	0.9883493092	0.0112822524
1	0.0119606835	0.0000076975	0.9880316191
0	0.2824818464	0.3563385333	0.3611796203
0	0.0006917865	0.0000000000	0.9993082135
0	0.2573716356	0.1791682122	0.5634601522
0	0.0092307425	0.8430224388	0.1477468188
0	0.1250499728	0.7177144500	0.1572355772
0	0.0036683021	0.2023384960	0.7939932019
0	0.6618446387	0.0000000004	0.3381553609
0	0.4361103631	0.1169261512	0.4469634857
0	0.8268744338	0.1250771773	0.0480483889
0	0.9999932533	0.0000000000	0.0000067467
0	0.9587086371	0.0382240396	0.0030673233
0	0.0774756878	0.9020761924	0.0204481198
0	0.0674341354	0.5356893343	0.3968765303
0	0.9039585273	0.0255641105	0.0704773622
0	0.9775454437	0.0000000000	0.0224545563
0	0.3953438896	0.5257848945	0.0788712159
0	0.6328391988	0.0026045262	0.3645562749
0	0.9627591856	0.0372408093	0.0000000051
0	0.8769523097	0.1198004229	0.0032472674
0	0.0125795417	0.0703504040	0.9170700543
0	0.0319812408	0.0194995459	0.9485192133
