0	0.6202982900	0.3494110703	0.0302906397
0	0.6772546819	0.1503581966	0.1723871214
0	0.0813714118	0.0068234893	0.9118050990
0	0.9399819411	0.0174752331	0.0425428258
0	0.9809246342	0.0190753658	0.0000000000
0	0.9986676259	0.0001497609	0.0011826133
0	0.0886067344	0.2542879203	0.6571053454
1	0.8163782863	0.1773491820	0.0062725317
0	0.0202011250	0.9796500470	0.0001488281
0	0.1105551262	0.0000000000	0.8894448738
0	0.6321765245	0.0671939480	0.3006295274
0	0.3004713212	0.3460622257	0.3534664531
0	0.5604988138	0.0000000002	0.4395011859
0	0.2431804400	0.2722496267	0.4845699333
0	0.0489267454	0.8665721899	0.0845010647
0	0.9999542381	0.0000209921	0.0000247699
1	0.9999961732	0.0000038098	0.0000000170
0	0.2023192973	0.0000000010	0.7976807017
0	0.9987136138	0.0012421069	0.0000442793
0	0.0052246577	0.0330928430	0.9616824993
0	0.9999995589	0.0000000359	0.0000004052
1	0.9940442813	0.0059557032	0.0000000155
0	0.0000095491	0.2021578152	0.7978326357
0	0.4322454533	0.4226191014	0.1451354453
0	0.1623583183	0.5325803012	0.3050613805
1	0.9972269911	0.0027730082	0.0000000007
0	0.6892624576	0.2768195843	0.0339179581
0	0.0639068714	0.0002032504	0.9358898783
0	0.0187219283	0.3477363418	0.6335417299
0	0.3744585721	0.2570966422	0.3684447857
1	0.9734169359	0.0075213143	0.0190617498
0	0.7084389150	0.0000000000	0.2915610850
1	0.9675186807	0.0000023155	0.0324790038
2	0.2863947062	0.7074888393	0.0061164545
0	0.0008200900	0.5634079984	0.4357719116
0	0.0289414326	0.1074315309	0.8636270365
0	0.6972554641	0.0000000000	0.3027445359
0	0.1452019899	0.7094521012	0.1453459089
1	0.2732745160	0.0097541063	0.7169713777
0	0.6914374042	0.3040684827	0.0044941131
0	0.0152516035	0.8729926247	0.1117557718
0	0.4538263159	0.5461736840	0.0000000001
1	0.0049361686	0.2639157359	0.7311480954
0	0.3139915397	0.6420845900	0.0439238702
0	0.9852541052	0.0000000000	0.0147458948
0	0.9117114065	0.0529424614	0.0353461321
0	0.0843330530	0.1580188963	0.7576480508
0	0.0023740840	0.9924631705	0.0051627455
0	0.6992273183	0.0000000000	0.3007726817
0	0.4660048460	0.3665319327	0.1674632213
0	0.5397423868	0.0048605763	0.4553970369
0	0.0310114346	0.0000000000	0.9689885654
0	0.4082265240	0.4897428826	0.1020305934
0	0.0000012145	0.0075767523	0.9924220332
0	0.9626960340	0.0002584861	0.0370454800
0	0.7496240143	0.0000040294	0.2503719563
0	0.3236633628	0.6258083557	0.0505282816
0	0.9365635447	0.0632728495	0.0001636057
0	0.8081853659	0.0046721525	0.1871424816
0	0.9079120371	0.0920879593	0.0000000036
0	0.3291930324	0.0098999644	0.6609070032
0	0.3577399758	0.6416663267	0.0005936976
0	0.0244772126	0.0003161096	0.9752066778
0	0.0421647673	0.0196428730	0.9381923597
0	0.0000236546	0.0000000000	0.9999763454
1	0.8846661677	0.1141725943	0.0011612381
0	0.0002209144	0.5350702708	0.4647088148
0	0.9986067058	0.0001375160	0.0012557782
0	0.7108035487	0.0070775602	0.2821188912
0	0.6048057634	0.3448614191	0.0503328175
0	0.5441847934	0.0000000000	0.4558152066
0	0.0000001546	0.9365571756	0.0634426698
0	0.3771920402	0.5810776364	0.0417303234
0	0.1051122143	0.6259127439	0.2689750418
0	0.0158081877	0.6506299433	0.3335618690
1	0.2597396180	0.0074427436	0.7328176384
1	0.2228440812	0.5809402513	0.1962156675
1	0.9743625037	0.0083227677	0.0173147286
0	0.2960758967	0.3604845717	0.3434395316
0	0.3235397350	0.6266670336	0.0497932314
0	0.8536358550	0.0698512696	0.0765128753
0	0.9670387590	0.0329612410	0.0000000000
0	0.3499341400	0.0554307352	0.5946351247
0	0.8209386672	0.0976810807	0.0813802521
0	0.0662684539	0.9028290623	0.0309024839
0	0.2696434989	0.0132205658	0.7171359353
1	0.0808705643	0.0041991955	0.9149302402
0	0.3982277532	0.1970378588	0.4047343880
0	0.0034248144	0.0003059505	0.9962692351
0	0.1403164011	0.4916757390	0.3680078599
0	0.4514151940	0.3356384609	0.2129463451
0	0.0000015637	0.6592454860	0.3407529503
0	0.6366579641	0.3304490864	0.0328929495
0	0.9518599918	0.0205971167	0.0275428915
0	0.0487758240	0.9512241063	0.0000000697
0	0.9122647465	0.0000000000	0.0877352535
0	0.6421255280	0.1407824808	0.2170919912
0	0.9689985442	0.0061620294	0.0248394264
0	0.0499541919	0.9500173202	0.0000284879
0	0.6996581298	0.0000000000	0.3003418702
