0	0.8700819217	0.0000000001	0.1299180782
0	0.0516697244	0.8973429883	0.0509872873
0	0.3324809045	0.3098070575	0.3577120380
0	0.3973356999	0.1029683615	0.4996959385
1	0.1035924643	0.5073114937	0.3890960420
0	0.8432567311	0.0000073508	0.1567359181
0	0.5282869718	0.4717130255	0.0000000027
0	0.2182240271	0.0143206506	0.7674553222
0	0.7920572738	0.0420000887	0.1659426375
0	0.6806406660	0.1762083408	0.1431509933
0	0.7418935337	0.1033035331	0.1548029332
0	0.3003663602	0.6996335546	0.0000000852
0	0.9386814896	0.0508231105	0.0104953998
0	0.1589465074	0.6052637580	0.2357897347
0	0.0175797396	0.2886260218	0.6937942385
0	0.3872115577	0.4598129436	0.1529754987
1	0.0930315907	0.0000918554	0.9068765539
0	0.3028210623	0.4876904049	0.2094885328
0	0.6829473087	0.0521418430	0.2649108482
0	0.0004354134	0.0000000008	0.9995645858
0	0.0121969367	0.9065060168	0.0812970465
0	0.0256199959	0.9182410817	0.0561389224
0	0.0000000001	0.0794616467	0.9205383532
2	0.3764992642	0.5644331665	0.0590675693
1	0.9564604194	0.0204394321	0.0231001485
1	1.0000000000	0.0000000000	0.0000000000
0	0.5563990170	0.1590549479	0.2845460352
1	0.0000000000	0.9997589008	0.0002410992
0	0.0000050306	0.5940311700	0.4059637994
0	0.8505279288	0.0088307956	0.1406412756
0	0.3020521707	0.6977859702	0.0001618592
0	0.4063258021	0.5936619894	0.0000122085
0	0.0601904060	0.9324375654	0.0073720286
0	0.9419109098	0.0209746812	0.0371144089
0	0.0000037241	0.8976925654	0.1023037105
0	0.0013712207	0.1983447483	0.8002840310
0	0.0315658454	0.0000000000	0.9684341546
0	0.9983476311	0.0000169168	0.0016354521
0	0.5910435799	0.0233641102	0.3855923098
0	0.0249353093	0.0000000002	0.9750646904
0	0.2446219557	0.6598973073	0.0954807369
0	0.1422165416	0.0579439859	0.7998394726
0	0.1072778441	0.0505233570	0.8421987989
0	0.8694970935	0.0009372686	0.1295656379
0	0.0353669029	0.0728183978	0.8918146992
0	0.1818577952	0.8106217394	0.0075204654
0	0.7967688493	0.0132901605	0.1899409902
0	0.5259909465	0.4292994175	0.0447096360
0	0.9450334334	0.0549653159	0.0000012507
0	0.0787246644	0.0136772500	0.9075980856
0	0.9999530670	0.0000125295	0.0000344036
0	0.9653470942	0.0010586237	0.0335942820
0	0.1104099401	0.8789298896	0.0106601703
0	0.0361468709	0.7752048588	0.1886482703
0	0.9120676510	0.0731015350	0.0148308140
1	0.0030827345	0.9969172655	0.0000000000
0	0.3236405235	0.0000429787	0.6763164978
0	0.4833186517	0.1962370236	0.3204443246
1	0.0000000000	1.0000000000	0.0000000000
1	0.0038244063	0.0014223226	0.9947532711
0	0.1561264902	0.0353528666	0.8085206431
0	0.4123430254	0.4452321221	0.1424248524
1	0.1917642211	0.7425452530	0.0656905260
0	0.9695388750	0.0000187391	0.0304423859
0	0.0268653888	0.9721722391	0.0009623721
0	0.0681316756	0.3887936950	0.5430746294
0	0.9531037786	0.0000000000	0.0468962214
1	0.6829933768	0.0150833726	0.3019232506
0	0.4556320141	0.5433047727	0.0010632132
0	0.8870188963	0.0058632678	0.1071178359
0	0.0000000000	0.0000000898	0.9999999102
0	0.7263353826	0.0068807847	0.2667838327
1	0.1627719634	0.4195959902	0.4176320465
0	0.4133828538	0.5633185753	0.0232985709
0	0.9831118216	0.0142297873	0.0026583911
0	0.8682647186	0.0704545010	0.0612807804
0	0.4851736447	0.2443172464	0.2705091089
0	0.5483087163	0.4365050771	0.0151862066
0	0.9923854024	0.0076145565	0.0000000411
0	0.2081503180	0.1291117692	0.6627379128
0	0.0637805540	0.1258791834	0.8103402626
0	0.0096447198	0.9688932987	0.0214619815
0	0.1436346064	0.3079671177	0.5483982759
0	0.9999061310	0.0000938601	0.0000000089
0	0.7420248622	0.1054699345	0.1525052033
0	0.9393757090	0.0005228501	0.0601014410
0	0.3208299980	0.0001506434	0.6790193586
0	0.6909819458	0.3069081675	0.0021098867
1	0.8933567548	0.0000223874	0.1066208578
0	0.6633606354	0.1910402324	0.1455991322
0	0.7839338189	0.1312377219	0.0848284592
0	0.0000292543	0.8004173044	0.1995534413
0	0.1989099609	0.3310060152	0.4700840239
0	0.1179877579	0.0763793856	0.8056328565
0	0.0486651794	0.7617930069	0.1895418137
0	0.0000055252	0.0000000120	0.9999944628
0	0.0044218917	0.3869740918	0.6086040165
1	0.6931418980	0.0487104555	0.2581476465
0	0.4067246170	0.2411959810	0.3520794019
0	0.3296654802	0.4239712802	0.2463632395
