1	0.2048113453	0.6790182254	0.1161704293
2	0.6836414275	0.0000022207	0.3163563518
1	0.3046910755	0.0441957420	0.6511131825
0	0.0210085893	0.3067302338	0.6722611769
1	0.0253739948	0.0000000000	0.9746260052
1	0.8204880861	0.0001570025	0.1793549114
0	0.0437520136	0.0000042990	0.9562436874
0	0.0084776009	0.9915223979	0.0000000012
0	0.2009339507	0.2477711103	0.5512949390
0	0.4042969608	0.0000123252	0.5956907140
0	0.9496228703	0.0503771297	0.0000000000
0	0.4474306257	0.0084782475	0.5440911269
0	0.7204387628	0.0000000000	0.2795612372
0	0.5329864563	0.4653623861	0.0016511576
1	0.3218079312	0.3447539267	0.3334381420
0	0.0001073833	0.1192758562	0.8806167606
0	0.3185457338	0.6632509666	0.0182032996
0	0.1404364195	0.0000000000	0.8595635805
0	0.4625896783	0.4274951954	0.1099151263
0	0.0000000000	0.9999993648	0.0000006352
0	0.2275470218	0.0691617200	0.7032912582
1	0.0473937541	0.1206251660	0.8319810798
1	0.9998765520	0.0000000000	0.0001234480
0	0.0699443556	0.0076166648	0.9224389796
0	0.0472305962	0.1325933460	0.8201760578
1	0.7852908805	0.1027323226	0.1119767969
0	0.4237162865	0.0008869273	0.5753967862
0	0.2122539812	0.7877460188	0.0000000000
2	0.0014041183	0.9980786868	0.0005171948
1	0.0372591447	0.9352999315	0.0274409238
0	0.9999999997	0.0000000000	0.0000000003
1	0.3013322098	0.5228240125	0.1758437776
0	0.0000000604	0.1504239517	0.8495759879
0	0.1091801699	0.0729633856	0.8178564445
0	0.7605542535	0.0035884175	0.2358573290
0	0.0000147950	0.0893034053	0.9106817997
0	0.9646664218	0.0351736468	0.0001599314
1	0.3130683492	0.0000000001	0.6869316508
0	0.9997779000	0.0000321028	0.0001899972
0	0.3451939063	0.0464460205	0.6083600733
0	0.6588362921	0.2475408591	0.0936228488
0	0.0590369933	0.0326879771	0.9082750296
0	0.0182137240	0.1507294154	0.8310568606
1	0.0013428347	0.8591530057	0.1395041597
0	0.3901445137	0.2973466991	0.3125087873
0	0.0008332024	0.0076467413	0.9915200563
0	0.9095235388	0.0619020844	0.0285743768
0	0.5733071819	0.4162921766	0.0104006415
0	0.5064108537	0.1003484399	0.3932407064
0	0.2879647943	0.0000019174	0.7120332883
0	0.0005707532	0.0001053521	0.9993238947
0	0.8749021151	0.0000005680	0.1250973169
0	0.2210436157	0.2120431993	0.5669131850
0	0.4429826456	0.5236141751	0.0334031793
0	0.7435330890	0.2558923924	0.0005745186
0	0.1397501647	0.0705245914	0.7897252438
1	0.6903607856	0.0001526385	0.3094865760
1	0.0000005778	0.0124640806	0.9875353416
1	0.1954645760	0.2261850937	0.5783503302
0	0.0040027433	0.0338104480	0.9621868087
0	0.5213586400	0.0000000000	0.4786413600
0	0.6510047454	0.0002045996	0.3487906550
0	0.0109307425	0.9846430015	0.0044262560
1	0.9189786880	0.0000000000	0.0810213120
0	0.0008275271	0.9741505048	0.0250219681
0	0.0000010921	0.9997746105	0.0002242973
0	0.2586094229	0.7413747405	0.0000158367
1	0.7716976805	0.2069287441	0.0213735754
1	0.2142395731	0.1982215550	0.5875388719
1	0.0003917512	0.6296230771	0.3699851717
1	0.0000106324	0.3021856753	0.6978036924
0	0.8796676354	0.1203132533	0.0000191112
0	0.5056918481	0.0000000000	0.4943081519
0	0.9757059692	0.0000003758	0.0242936550
0	0.7777020754	0.1797631662	0.0425347585
0	0.7277635179	0.0000003899	0.2722360922
1	0.0859469136	0.0000000000	0.9140530864
0	0.7773934597	0.0829955357	0.1396110045
0	0.4976800788	0.2994875876	0.2028323337
1	0.0164785374	0.1378070714	0.8457143911
1	0.0000000000	0.0133439473	0.9866560527
0	0.5794266333	0.0924461388	0.3281272279
1	0.9770575129	0.0178727216	0.0050697654
1	0.2486739691	0.5016877861	0.2496382448
0	0.1396339173	0.0731769831	0.7871890997
1	0.0490458435	0.0972270875	0.8537270690
0	0.0000000000	0.0883210156	0.9116789844
0	0.7910571807	0.0919372601	0.1170055592
1	0.0206263019	0.0002141200	0.9791595782
0	0.0720946717	0.9277943764	0.0001109519
1	0.9598799546	0.0401200450	0.0000000004
0	0.0499701707	0.0012254405	0.9488043888
1	0.2601018417	0.0001871538	0.7397110045
0	0.9708939033	0.0000000000	0.0291060967
0	0.9845529301	0.0000000000	0.0154470699
1	0.8748505412	0.0477427723	0.0774066865
1	0.6438190775	0.0000000000	0.3561809225
0	0.3633860851	0.2314548183	0.4051590966
0	0.0688526795	0.0389182876	0.8922290328
1	0.7573377194	0.1186661695	0.1239961110
