0	0.1936881887	0.7345041026	0.0718077087
0	0.0011798392	0.8908980413	0.1079221196
0	0.5108262466	0.0018372278	0.4873365256
0	0.1341468166	0.0062064711	0.8596467122
0	0.1983779831	0.0000014071	0.8016206098
0	0.0888719629	0.7643495739	0.1467784632
0	0.4446565251	0.0000000198	0.5553434552
0	0.1103077397	0.3183552453	0.5713370150
1	0.9977814090	0.0002251555	0.0019934355
0	0.0312343647	0.9658166611	0.0029489743
0	0.0728573551	0.3953598096	0.5317828353
0	0.3793170867	0.1335666610	0.4871162523
2	0.8243126913	0.0064771884	0.1692101203
1	0.1263878419	0.0021293388	0.8714828193
0	0.6793493369	0.3013284698	0.0193221934
1	0.2897546306	0.4314019663	0.2788434032
0	0.3145906014	0.6854081240	0.0000012746
1	0.5130417144	0.0000109882	0.4869472975
0	0.9808927165	0.0189005796	0.0002067039
1	0.0000000000	0.8518908595	0.1481091405
1	0.8854553106	0.0000004253	0.1145442641
1	0.0348801653	0.7398462574	0.2252735773
2	0.9144613391	0.0149910922	0.0705475687
0	0.6927378169	0.3072613716	0.0000008115
0	0.0383195485	0.9616754989	0.0000049527
1	0.0427274908	0.0128504088	0.9444221005
1	0.9957118202	0.0034817015	0.0008064783
1	0.7505663239	0.0107855510	0.2386481251
0	0.9998342366	0.0001657633	0.0000000001
0	0.0826577378	0.0024860966	0.9148561656
0	0.1582602853	0.2422432293	0.5994964854
1	0.9381478710	0.0618521290	0.0000000000
0	0.0001822135	0.0000000000	0.9998177865
0	0.9332563572	0.0000041581	0.0667394847
0	0.2514918818	0.0000000000	0.7485081182
2	0.0436167667	0.9280765879	0.0283066455
1	0.3670197404	0.4890251880	0.1439550717
1	0.9999829425	0.0000170575	0.0000000000
0	0.3471592642	0.0005673181	0.6522734176
0	0.0640123544	0.0000126275	0.9359750181
1	0.1319475527	0.5728073605	0.2952450867
1	0.7524224382	0.0000000000	0.2475775618
0	0.2470831046	0.7469028113	0.0060140841
0	0.4737765988	0.0000000000	0.5262234012
1	0.9227333937	0.0266914159	0.0505751904
0	0.3133015039	0.6575871347	0.0291113614
0	0.0000058179	0.0000011918	0.9999929902
0	0.0225646110	0.6071326572	0.3703027318
0	0.8727643129	0.0000000000	0.1272356871
0	0.0000000166	0.7539558065	0.2460441769
1	0.9532486678	0.0401537484	0.0065975838
0	0.0193937323	0.0015870705	0.9790191971
1	0.8703625696	0.0000000005	0.1296374299
1	0.7372289413	0.0000000004	0.2627710584
0	0.9995446617	0.0000000293	0.0004553090
0	0.1208699297	0.0000000000	0.8791300703
1	0.7919061554	0.0000000000	0.2080938446
0	0.6069950141	0.3904904396	0.0025145462
0	0.4253917179	0.1188618486	0.4557464335
0	0.7589752211	0.0075650084	0.2334597705
1	0.0000000000	0.7398794255	0.2601205745
0	0.9096672133	0.0000000000	0.0903327867
1	0.9998092550	0.0000000000	0.0001907450
0	0.9977575924	0.0021948593	0.0000475484
2	0.6837134070	0.2200945716	0.0961920214
0	0.0182252813	0.5510750385	0.4306996802
0	0.1050801147	0.3984601427	0.4964597426
1	0.4102817056	0.0023691306	0.5873491637
2	0.9538603310	0.0000000000	0.0461396690
0	0.1376854461	0.0000988290	0.8622157249
2	0.0015915697	0.4594139706	0.5389944597
1	0.1334961311	0.8662430759	0.0002607930
0	0.0051654102	0.8734242749	0.1214103148
0	0.1925080073	0.8074919927	0.0000000000
0	0.6294357608	0.1567489864	0.2138152528
0	0.0474279780	0.1440929981	0.8084790239
0	0.0977486167	0.8671675530	0.0350838303
0	0.8717692225	0.0370350771	0.0911957004
1	0.9431529574	0.0000000000	0.0568470426
0	0.7938011344	0.0010290321	0.2051698335
1	0.0124055312	0.0898040373	0.8977904315
0	0.1564980827	0.5244531299	0.3190487874
2	0.0000234704	0.3947917090	0.6051848206
2	0.1740325475	0.8259674525	0.0000000000
0	0.2295276812	0.0000072395	0.7704650794
1	0.9811361507	0.0103165368	0.0085473126
0	0.0000929253	0.0000000000	0.9999070747
0	0.0195031063	0.0007940143	0.9797028793
0	0.0000074480	0.0371068517	0.9628857004
0	0.9720434347	0.0241981861	0.0037583792
0	0.9997336035	0.0001196859	0.0001467105
0	0.7323046055	0.1578375272	0.1098578673
1	0.6275607024	0.0654471959	0.3069921018
0	0.0522258894	0.0000006706	0.9477734400
0	0.3372925717	0.0008139542	0.6618934741
1	0.9653460179	0.0343563911	0.0002975911
1	0.2998100713	0.4284294581	0.2717604705
0	0.3959349330	0.0440716829	0.5599933840
1	0.0000000000	0.0000000009	0.9999999991
1	0.1363685629	0.8451588941	0.0184725431
