0	0.0018200801	0.6273780427	0.3708018772
1	0.7629874704	0.0000000000	0.2370125296
0	0.8116543896	0.1069489081	0.0813967023
0	0.9832540933	0.0020961814	0.0146497254
0	0.7305618004	0.0003345850	0.2691036146
1	0.0000000000	0.3528710759	0.6471289241
0	0.9184142342	0.0024115852	0.0791741805
1	0.3703748644	0.0112781813	0.6183469542
0	0.0000000000	0.0422298699	0.9577701301
0	0.9085995605	0.0003813322	0.0910191073
0	0.8675977882	0.1324019049	0.0000003069
0	0.0000000040	0.8916799888	0.1083200072
1	0.4389212807	0.5236171358	0.0374615835
0	0.0000027405	0.0000000000	0.9999972595
0	0.8614565711	0.0504874668	0.0880559621
0	0.8644461355	0.1355309655	0.0000228990
1	0.0000000078	0.9999999909	0.0000000013
0	0.0311131660	0.0023423465	0.9665444876
0	0.1313502835	0.6514220095	0.2172277070
0	0.3343692909	0.2851478050	0.3804829041
0	0.4590057343	0.0000782621	0.5409160036
0	0.3634700879	0.2655285194	0.3710013927
0	0.6974603721	0.2823682503	0.0201713776
2	0.0002313838	0.0224393070	0.9773293092
0	0.9076839982	0.0457707874	0.0465452143
1	0.6782430680	0.0657316924	0.2560252396
1	0.4333790108	0.1803765796	0.3862444096
0	0.3163985088	0.0117760117	0.6718254795
0	0.1945625072	0.0555367970	0.7499006958
1	0.5087354144	0.4203651016	0.0708994840
1	0.0015443066	0.0170424361	0.9814132573
0	0.4702923096	0.2644443933	0.2652632971
0	0.0294674537	0.9568677421	0.0136648042
0	0.0227165720	0.9652683444	0.0120150836
0	0.7469886556	0.0726199766	0.1803913678
1	0.0000022732	0.0383667873	0.9616309395
1	0.0000000000	0.5438798371	0.4561201629
0	0.7554866677	0.1716814193	0.0728319131
2	0.0007095377	0.9978753341	0.0014151282
1	0.0545733731	0.4943294108	0.4510972161
1	0.9810304263	0.0139276740	0.0050418996
0	0.7731777315	0.0001218048	0.2267004636
0	0.3504964066	0.5306702062	0.1188333872
0	0.6524820801	0.0760723185	0.2714456014
0	0.1636657623	0.7900929752	0.0462412625
0	0.5221917683	0.0618756287	0.4159326031
0	0.2746141823	0.0126158005	0.7127700172
1	0.4504409251	0.3897942714	0.1597648036
0	0.0110398915	0.6800933446	0.3088667639
1	0.6873069853	0.2916691665	0.0210238482
0	0.9541481373	0.0000000000	0.0458518627
0	0.0034187430	0.8237489343	0.1728323227
0	0.5922205220	0.1144560631	0.2933234149
0	0.9573393339	0.0000001416	0.0426605245
1	0.1750738462	0.0000435229	0.8248826310
0	0.0000000008	0.9999999992	0.0000000000
0	0.9917734989	0.0011559694	0.0070705317
1	0.0017105392	0.9982894608	0.0000000000
1	0.0329589506	0.1946429485	0.7723981009
0	0.4839187238	0.4740272409	0.0420540352
0	0.0171536753	0.9780343839	0.0048119409
0	0.9968065648	0.0031934287	0.0000000064
0	0.0000031288	0.1351197407	0.8648771305
0	0.2883612227	0.0000000073	0.7116387700
0	0.2477840810	0.5561573656	0.1960585534
0	0.0085192289	0.6223787523	0.3691020188
0	0.3050221099	0.4049336665	0.2900442236
0	0.0000000000	0.9640195535	0.0359804465
0	0.8511931844	0.0419312809	0.1068755347
1	0.2709493868	0.0646635645	0.6643870487
0	0.0386777310	0.0000000039	0.9613222651
2	0.0000000002	0.0000151441	0.9999848557
0	0.5478733346	0.2600645925	0.1920620730
1	0.2229521899	0.0001692820	0.7768785280
0	0.0788563244	0.9211436756	0.0000000000
1	0.8603729539	0.1355506590	0.0040763871
1	0.5196071669	0.0787571636	0.4016356694
1	0.0028794080	0.4997851820	0.4973354100
0	0.1965153943	0.0000000011	0.8034846046
0	0.9998152878	0.0000000000	0.0001847122
0	0.5029480631	0.0001581226	0.4968938143
0	0.9682063028	0.0039995915	0.0277941057
1	0.1696128391	0.0000000000	0.8303871609
0	0.9972177822	0.0021336442	0.0006485736
1	0.9909598823	0.0089344318	0.0001056859
0	0.2016576390	0.2429014222	0.5554409388
0	0.7693252478	0.2240473168	0.0066274353
1	0.9621696889	0.0346704558	0.0031598553
0	0.9978900184	0.0021095910	0.0000003906
1	0.0070937839	0.2199734339	0.7729327823
0	0.7933672858	0.2066288788	0.0000038354
0	0.1493718339	0.0000000000	0.8506281661
0	0.0976742666	0.3904576412	0.5118680921
1	0.5864440383	0.3833302879	0.0302256738
1	0.7559736604	0.2440263396	0.0000000000
1	0.7687471466	0.2123708395	0.0188820139
0	0.3037089717	0.0000088391	0.6962821892
1	0.9983265200	0.0016734800	0.0000000000
0	0.3664548792	0.0000048386	0.6335402822
0	0.9411053121	0.0023802753	0.0565144126
