0	0.3641135139	0.0000405657	0.6358459204
0	0.4264709105	0.0017195898	0.5718094997
0	0.8148481072	0.0510414384	0.1341104544
1	0.1483109020	0.8240943087	0.0275947894
0	0.6611655915	0.0000553613	0.3387790472
0	0.2155742166	0.3148780662	0.4695477172
0	0.0282704135	0.9717295865	0.0000000000
1	0.0165388909	0.9834595646	0.0000015445
0	0.8984356713	0.0000000003	0.1015643284
0	0.0365595406	0.9634404594	0.0000000000
0	0.0212629077	0.7962469585	0.1824901337
0	0.7348153956	0.2534156202	0.0117689842
0	0.3240481688	0.6757401579	0.0002116734
0	0.2314753816	0.0010993864	0.7674252320
0	0.2095253183	0.0334878315	0.7569868502
0	0.3554762863	0.2053537601	0.4391699536
0	0.1144745955	0.1313152748	0.7542101297
1	0.1167229055	0.8810766275	0.0022004670
0	0.7744506201	0.0000000000	0.2255493799
0	0.6064301940	0.0191410378	0.3744287682
0	0.0018722959	0.0004048132	0.9977228909
0	0.0003091215	0.2859238253	0.7137670532
2	0.4049210338	0.2027298054	0.3923491608
1	0.1947438039	0.8051171130	0.0001390831
0	0.8583206706	0.0457290339	0.0959502955
0	0.2430640192	0.4508934479	0.3060425330
0	0.4695336667	0.0315247859	0.4989415474
0	0.6835647894	0.0029508899	0.3134843207
0	0.0550857876	0.2385247405	0.7063894718
0	0.5780684318	0.0000000000	0.4219315682
0	0.3150900912	0.0000952912	0.6848146176
0	0.2055447443	0.7069033687	0.0875518871
0	0.9944707516	0.0010980959	0.0044311525
0	0.3605241824	0.1780210465	0.4614547712
0	0.0169580657	0.3315781349	0.6514637994
0	0.4186169849	0.4224786484	0.1589043667
0	0.0000200616	0.1560961047	0.8438838337
1	0.9885596839	0.0112703121	0.0001700040
1	0.7738942145	0.0533466651	0.1727591203
1	0.0118909886	0.0002050854	0.9879039260
0	0.0005992374	0.0007655505	0.9986352121
0	0.6287360963	0.0154204027	0.3558435010
0	0.9952890647	0.0045891553	0.0001217801
0	0.0000015837	0.0237970728	0.9762013435
1	0.0803822332	0.0201914986	0.8994262682
1	0.3497311925	0.0532347057	0.5970341018
0	0.0219863045	0.9776606504	0.0003530451
2	0.0836549285	0.0002729856	0.9160720859
0	0.9356909869	0.0000366892	0.0642723239
1	0.9250500745	0.0638932598	0.0110566656
0	0.0088674680	0.5300807758	0.4610517562
1	0.5319046716	0.4260409125	0.0420544159
0	0.1468861615	0.3106397303	0.5424741081
0	0.0586497934	0.0339699005	0.9073803062
0	0.5157852601	0.1002787788	0.3839359611
1	0.0000006617	0.0936753308	0.9063240075
0	0.3566879179	0.5917476071	0.0515644750
0	0.1834697105	0.0653326083	0.7511976812
0	0.0490056617	0.8522434751	0.0987508632
1	0.4118234122	0.5880200234	0.0001565645
0	0.1059124295	0.5918180323	0.3022695382
1	0.9434898105	0.0540656025	0.0024445870
1	0.0000000000	0.9968782168	0.0031217832
1	0.2897767365	0.0997300307	0.6104932328
1	0.7255623791	0.0000000388	0.2744375821
0	0.3863610248	0.0000000000	0.6136389752
0	0.0305046912	0.0035208908	0.9659744181
0	0.0300416923	0.0000666521	0.9698916555
0	0.9115138655	0.0884159466	0.0000701880
0	0.0000026948	0.0001546562	0.9998426490
0	0.0015261031	0.5810456462	0.4174282507
0	0.2608394200	0.5043126428	0.2348479373
0	0.1087747062	0.8497827028	0.0414425911
0	0.8720071607	0.0366544975	0.0913383418
1	0.6737463152	0.0048734885	0.3213801963
1	0.9868070756	0.0130103321	0.0001825923
1	0.7858614963	0.0023092422	0.2118292616
1	0.9999985351	0.0000000000	0.0000014649
0	0.4262920383	0.0613128608	0.5123951009
1	0.5019174324	0.0002870342	0.4977955334
1	0.6585317848	0.0306005373	0.3108676779
0	0.6259605525	0.1931034917	0.1809359557
1	0.9627327800	0.0017737901	0.0354934299
0	0.0003605191	0.9996073261	0.0000321548
0	0.2052985072	0.7947014928	0.0000000000
0	0.0975792463	0.7042452251	0.1981755286
0	0.0003542215	0.1974678861	0.8021778924
0	0.8988694512	0.0527416985	0.0483888503
1	0.1119651197	0.0083518899	0.8796829904
1	0.7198753586	0.2801230688	0.0000015726
0	0.2820689973	0.7123703136	0.0055606891
0	0.9819247831	0.0000000000	0.0180752169
1	0.9081808807	0.0433698519	0.0484492674
1	0.9742023305	0.0000006265	0.0257970431
1	0.0020822572	0.0092622363	0.9886555065
1	0.0095416631	0.0108114413	0.9796468955
1	0.9985192750	0.0008811849	0.0005995401
0	0.0510642705	0.2485785191	0.7003572104
0	0.8227826740	0.0000000000	0.1772173260
0	0.7923023324	0.0161910599	0.1915066078
