1	0.1188595764	0.8810261140	0.0001143096
1	0.0565104183	0.0000010339	0.9434885478
1	0.8710206193	0.0377884964	0.0911908843
1	0.9979526309	0.0000000000	0.0020473691
1	0.1527909893	0.8460824538	0.0011265569
0	0.2819811960	0.0160408575	0.7019779465
1	0.2960933693	0.6974827235	0.0064239072
0	0.9419360890	0.0311326810	0.0269312300
1	0.8240332304	0.0002355710	0.1757311986
1	0.4531584767	0.3289895867	0.2178519366
2	0.8826128813	0.0000004759	0.1173866428
1	0.8881845199	0.0000002661	0.1118152140
0	0.4238882946	0.5760990753	0.0000126301
0	0.4602542413	0.0012359281	0.5385098306
0	0.8869934567	0.1113862302	0.0016203131
0	0.8680315889	0.0512767473	0.0806916637
1	0.0000000001	0.7821875351	0.2178124648
2	0.9926633099	0.0002593388	0.0070773514
1	0.0149999804	0.1361215224	0.8488784972
0	0.1548908889	0.0163167694	0.8287923417
0	0.0277946065	0.0450525419	0.9271528516
0	0.8699903522	0.0925943171	0.0374153306
0	0.1558485176	0.4551957303	0.3889557521
0	0.8223534040	0.0680608064	0.1095857896
1	0.0027437989	0.9907792944	0.0064769067
1	0.2935385115	0.1127740731	0.5936874154
0	0.1145682957	0.4087890720	0.4766426323
1	0.9021832480	0.0009580794	0.0968586726
1	0.0509702986	0.0000000024	0.9490296990
0	0.7012541128	0.2987437569	0.0000021303
1	0.8052257424	0.0000001288	0.1947741288
0	0.8271840564	0.0000000000	0.1728159436
0	0.0107097697	0.9722782972	0.0170119331
0	0.1825493086	0.0118314511	0.8056192403
1	0.0084365687	0.7793351887	0.2122282426
0	0.9383677743	0.0086966884	0.0529355373
0	0.1163185755	0.0009862173	0.8826952071
0	0.5801182905	0.0000000455	0.4198816640
0	0.0000000012	0.3812069851	0.6187930137
0	0.5033114218	0.0000000000	0.4966885782
0	0.9743375316	0.0173668684	0.0082956000
0	0.0000000003	0.0040514804	0.9959485193
0	0.0047674590	0.0000008517	0.9952316893
1	0.4227708860	0.1568765905	0.4203525234
1	0.4571901324	0.5428095392	0.0000003284
0	0.0193325114	0.9433289056	0.0373385830
0	0.7299109937	0.0303474123	0.2397415941
2	0.0000002495	0.0844509366	0.9155488139
1	0.4473659121	0.5526319740	0.0000021139
0	0.2238036051	0.5969907381	0.1792056568
1	0.8810291730	0.0828017167	0.0361691103
0	0.2454937030	0.0279882497	0.7265180474
0	0.8716020708	0.1126918687	0.0157060605
0	0.2418351944	0.3200315478	0.4381332578
0	0.0000056831	0.8017878789	0.1982064380
0	0.0000000000	0.8232612805	0.1767387195
0	0.4348984444	0.1124760932	0.4526254624
0	0.0148790606	0.0000001109	0.9851208285
0	0.5971587908	0.0000852817	0.4027559275
1	0.8328499793	0.0751203044	0.0920297163
0	0.1282124120	0.8715756634	0.0002119246
0	0.0011888824	0.5352601416	0.4635509760
0	0.9775567150	0.0105218759	0.0119214091
0	0.0000000000	0.6752412460	0.3247587540
0	0.0897166464	0.9102833536	0.0000000000
0	0.8239376044	0.0045582243	0.1715041713
0	0.0001841228	0.1411034466	0.8587124306
1	0.2756320748	0.7242307129	0.0001372123
0	0.0448437056	0.7599260317	0.1952302627
0	0.9447045618	0.0003049625	0.0549904758
0	0.9987562703	0.0008999492	0.0003437805
0	0.0674047646	0.0000004078	0.9325948276
1	0.7235923886	0.0147276636	0.2616799479
0	0.0000000001	0.9998469412	0.0001530587
0	0.0380900022	0.0143423800	0.9475676178
1	0.0019281992	0.9050720204	0.0929997804
2	0.1386492864	0.1132528195	0.7480978941
0	0.1916027064	0.3080178086	0.5003794850
1	0.6087584949	0.1398797449	0.2513617602
0	0.4019209167	0.2417230157	0.3563560677
0	0.8571441795	0.0000000079	0.1428558127
0	0.9836662095	0.0000002898	0.0163335007
1	0.9954933322	0.0000169437	0.0044897241
0	0.6382747152	0.0004946108	0.3612306741
0	0.0336728261	0.9478239085	0.0185032654
1	0.3600126183	0.2761355852	0.3638517965
0	0.9191158247	0.0436756409	0.0372085345
0	0.9996388107	0.0000007032	0.0003604861
0	0.0002679766	0.9725284785	0.0272035449
1	0.0027091384	0.9972908605	0.0000000011
1	0.0240006389	0.0018150252	0.9741843359
0	0.8632826100	0.1361018554	0.0006155346
0	0.0213053602	0.5990063275	0.3796883123
0	0.0024007683	0.0815222416	0.9160769900
0	0.2101648012	0.0235949107	0.7662402881
1	0.1097349277	0.0509385550	0.8393265173
0	0.0438267872	0.0267916575	0.9293815554
1	0.4598604096	0.2374971566	0.3026424338
0	0.0119901564	0.0116578941	0.9763519494
0	0.3783267537	0.4541354349	0.1675378114
