1	0.9032970595	0.0962247546	0.0004781859
0	0.1390601293	0.8230389070	0.0379009637
1	0.6861908013	0.0000007713	0.3138084274
0	0.9166624463	0.0000000000	0.0833375537
1	0.9802143958	0.0091456516	0.0106399526
0	0.6567596832	0.0012986636	0.3419416531
0	0.1352613322	0.0088775385	0.8558611293
2	0.0000000000	0.7668116297	0.2331883703
0	0.0931551507	0.7799761115	0.1268687379
1	0.1505484337	0.8197989523	0.0296526140
0	0.0000000007	0.0000000000	0.9999999993
0	0.9977769245	0.0006544243	0.0015686512
0	0.9644879770	0.0226437842	0.0128682387
1	0.1050874496	0.1936714734	0.7012410770
1	0.6261773715	0.3738226281	0.0000000005
0	0.0000301651	0.4966750363	0.5032947986
1	0.0007632033	0.8184131875	0.1808236091
1	0.6489776088	0.3390454770	0.0119769143
0	0.6558378886	0.2369723818	0.1071897296
0	0.8316785273	0.0719229204	0.0963985523
0	0.4826043341	0.5166098532	0.0007858128
0	0.1837751738	0.0025875325	0.8136372937
0	0.0000000000	0.9999999986	0.0000000014
0	0.3482539653	0.4701772794	0.1815687553
1	0.0026555248	0.9973444683	0.0000000069
2	0.0549381113	0.6864168995	0.2586449892
1	0.9205673580	0.0597956236	0.0196370184
1	0.9137795549	0.0000004296	0.0862200154
0	0.0807727936	0.0049052625	0.9143219440
1	0.8151103084	0.0590768548	0.1258128368
0	0.0000185939	0.0000000070	0.9999813991
0	0.9867556645	0.0001084132	0.0131359223
1	0.4324188755	0.0000108678	0.5675702566
1	0.0319054468	0.9236483365	0.0444462167
0	0.9877194062	0.0000909703	0.0121896235
1	0.8931405349	0.1067488967	0.0001105685
0	0.5301310389	0.0000930422	0.4697759189
0	0.8904655626	0.0461216921	0.0634127453
0	0.4851213013	0.0832989542	0.4315797446
0	0.3494503414	0.0000008930	0.6505487656
0	0.1071915664	0.4565207991	0.4362876346
1	0.1561077834	0.5495518567	0.2943403599
0	0.9999993164	0.0000006826	0.0000000011
0	0.9999843728	0.0000080512	0.0000075760
2	0.8970106206	0.0045384150	0.0984509644
1	0.2341825942	0.7049068779	0.0609105278
2	0.9190427052	0.0401142125	0.0408430823
0	0.0000000000	0.0004237544	0.9995762456
0	0.6657630398	0.2984516784	0.0357852818
1	0.0677968827	0.0032018958	0.9290012215
1	0.5300735532	0.0033943271	0.4665321197
0	0.6594546381	0.2072747011	0.1332706608
0	0.4602624614	0.3415843215	0.1981532172
0	0.6920651401	0.0173846209	0.2905502390
0	0.9996331243	0.0000000000	0.0003668757
1	0.9173862090	0.0616989073	0.0209148837
0	0.0500066288	0.0000000000	0.9499933712
0	0.0078103520	0.0154016772	0.9767879708
1	0.5131514134	0.4043637505	0.0824848361
1	0.0000000000	0.0000000000	1.0000000000
1	0.0940143598	0.0407562872	0.8652293531
1	0.0000000000	0.4099577252	0.5900422748
0	0.7536884952	0.2445044881	0.0018070167
0	0.8957080849	0.0000020884	0.1042898267
0	0.8237234254	0.1742139724	0.0020626021
0	0.0293069138	0.1240502576	0.8466428286
0	0.0911541999	0.8487238275	0.0601219726
0	0.0000324622	0.0000152291	0.9999523087
0	0.1952807750	0.7905652500	0.0141539751
0	0.6793255249	0.2961447051	0.0245297700
1	0.3465531616	0.0306999881	0.6227468504
0	0.7468546828	0.0202060669	0.2329392503
1	0.1671223239	0.1215433834	0.7113342927
0	0.2791036699	0.1065061799	0.6143901502
0	0.6076571154	0.3466262826	0.0457166021
0	0.0551181906	0.9414791667	0.0034026427
0	0.0000000019	0.0000000000	0.9999999981
0	0.0005816119	0.0675287135	0.9318896745
0	0.2579147706	0.7410095037	0.0010757257
0	0.1821188573	0.0225144886	0.7953666541
0	0.3781875880	0.6218120585	0.0000003535
0	0.0193068833	0.8729006751	0.1077924416
0	0.2238067309	0.6021352707	0.1740579984
1	0.5668253620	0.0000895826	0.4330850554
0	0.0278411470	0.0002885115	0.9718703414
0	0.2911796070	0.0000072456	0.7088131474
0	0.0098466710	0.6099524741	0.3802008549
0	0.0471912074	0.0858221687	0.8669866239
1	0.0000431654	0.9083445947	0.0916122399
0	0.0242262576	0.6740523304	0.3017214121
2	0.7451599464	0.2333455938	0.0214944598
1	0.0000000000	1.0000000000	0.0000000000
2	0.9217090210	0.0110952632	0.0671957158
1	0.0000000015	0.9704212746	0.0295787239
1	0.9780325131	0.0219674859	0.0000000010
0	0.7955420542	0.0000000148	0.2044579310
0	0.5717423495	0.3326301761	0.0956274744
1	0.0000271953	0.1269895883	0.8729832164
0	0.0014558622	0.9985441378	0.0000000000
1	0.0027934818	0.1192455316	0.8779609866
