0	0.9999720838	0.0000061249	0.0000217913
0	0.0585445569	0.5043632915	0.4370921516
0	0.0095343660	0.0000012203	0.9904644138
0	0.5021348541	0.2207573701	0.2771077758
1	0.0000000027	0.0846046955	0.9153953018
0	0.8408887313	0.1591112687	0.0000000000
0	0.4682342251	0.5317657463	0.0000000287
1	0.3945351792	0.0228016745	0.5826631463
0	0.4759467588	0.0480622012	0.4759910400
0	0.1890729748	0.0000000000	0.8109270252
0	0.0010520345	0.0150081163	0.9839398492
2	0.7699878004	0.0056690532	0.2243431463
0	0.0353454513	0.1156352627	0.8490192860
0	0.3155710505	0.4024585541	0.2819703954
0	0.9999999727	0.0000000000	0.0000000273
1	0.1468692118	0.8331879770	0.0199428113
1	0.2297732654	0.0537420204	0.7164847142
0	0.6412155343	0.3587841085	0.0000003572
1	0.2300880774	0.0000000202	0.7699119024
0	0.6951577613	0.3048421582	0.0000000805
1	0.0000000000	0.5531927282	0.4468072718
2	0.7160894669	0.0173063655	0.2666041676
1	0.5942694883	0.4050808449	0.0006496668
0	0.4143214221	0.5855232572	0.0001553207
0	0.9346857205	0.0000000001	0.0653142794
1	0.6469915995	0.3269534780	0.0260549226
1	0.7242285480	0.0000000000	0.2757714520
1	0.7881960395	0.0000008154	0.2118031451
1	0.9851096787	0.0000000004	0.0148903209
0	0.7160904946	0.0000144545	0.2838950510
0	0.5035352880	0.1834240204	0.3130406916
0	0.7348606665	0.0195302323	0.2456091012
0	0.3267021020	0.4075588601	0.2657390379
1	0.9127188860	0.0015284963	0.0857526178
0	0.3450432501	0.0207341885	0.6342225613
0	0.9791123473	0.0000000000	0.0208876527
1	0.3639895865	0.6354605304	0.0005498830
0	0.0033250887	0.3144306605	0.6822442508
1	0.2664228626	0.0000001315	0.7335770059
1	0.4748340404	0.0000116829	0.5251542767
2	0.9293870439	0.0706090902	0.0000038659
0	0.4819310903	0.0000023929	0.5180665168
0	0.9886202010	0.0017096448	0.0096701543
1	0.5439557035	0.0007097227	0.4553345738
1	0.0000000000	1.0000000000	0.0000000000
1	0.9280278294	0.0719721546	0.0000000160
0	0.6546270519	0.0751078534	0.2702650947
0	0.5126606773	0.4707515750	0.0165877477
0	0.3116964345	0.0115921159	0.6767114496
1	0.8091307064	0.0265896099	0.1642796837
0	0.6189085340	0.3697684687	0.0113229973
1	0.9990990048	0.0009009952	0.0000000000
0	0.1112342158	0.3360786058	0.5526871784
0	0.3524027994	0.6475962435	0.0000009571
0	0.0090362504	0.9909636770	0.0000000726
0	0.3509503760	0.2784509407	0.3705986833
1	0.8035920271	0.0434622980	0.1529456749
2	0.0011258343	0.9966534177	0.0022207480
1	0.5872412825	0.0000000003	0.4127587173
0	0.0684297776	0.0000001313	0.9315700910
0	0.0022299639	0.9976386156	0.0001314205
0	0.2138293019	0.6977304157	0.0884402823
0	0.1077233977	0.6394393576	0.2528372447
0	0.0011563984	0.1720043000	0.8268393017
0	0.9855037531	0.0051678909	0.0093283561
0	0.8827471180	0.0000000442	0.1172528378
1	0.9717472947	0.0282527053	0.0000000000
0	0.0008814862	0.6855183065	0.3136002074
0	0.3052767964	0.3028375246	0.3918856790
0	0.2284216523	0.0000000000	0.7715783477
1	0.1056130199	0.1119016305	0.7824853496
0	0.0469318243	0.3644560829	0.5886120928
0	0.5275386215	0.0898942296	0.3825671489
0	0.6473923838	0.1081275432	0.2444800730
1	0.9339496629	0.0492668670	0.0167834701
1	0.1684851010	0.0000000026	0.8315148965
0	0.0369436055	0.0136150466	0.9494413478
0	0.0100304242	0.4904885088	0.4994810670
1	0.8031870236	0.1968129764	0.0000000000
0	0.3508435569	0.0000025394	0.6491539037
0	0.9720723863	0.0000504606	0.0278771530
1	0.9993231928	0.0000698320	0.0006069752
1	0.9045870767	0.0026986340	0.0927142894
0	0.0025048053	0.7517348079	0.2457603867
0	0.2390940457	0.1031890016	0.6577169527
0	0.6177471237	0.0073083433	0.3749445330
1	0.0000691387	0.9870350532	0.0128958081
0	0.8266685335	0.0218124595	0.1515190071
0	0.0000180579	0.8189776556	0.1810042866
1	0.3482325542	0.0041172189	0.6476502269
0	0.1353552310	0.0048188671	0.8598259020
0	0.9249996630	0.0750002830	0.0000000541
0	0.0531445673	0.4226911447	0.5241642880
1	0.4761473634	0.3374901638	0.1863624729
1	0.5155612555	0.0621123009	0.4223264436
1	0.2097627380	0.4290149509	0.3612223111
0	0.0000028965	0.1044730939	0.8955240096
0	0.0178760819	0.5497667011	0.4323572170
1	0.7554935500	0.2444961117	0.0000103383
0	0.4535938815	0.0571163981	0.4892897204
