0	0.4566683126	0.4384167328	0.1049149545
0	0.0025323712	0.0000000000	0.9974676288
0	0.9232000687	0.0618509796	0.0149489517
1	0.9938500106	0.0061491337	0.0000008557
0	0.2013310856	0.7330637687	0.0656051457
0	0.9698672022	0.0276396568	0.0024931409
0	0.2647747032	0.7349675822	0.0002577146
0	0.0064594565	0.0543304638	0.9392100798
0	0.0186648709	0.0822602481	0.8990748811
0	0.2028927758	0.0465637215	0.7505435027
0	0.1992579488	0.5767787268	0.2239633244
0	0.4895529203	0.2858296122	0.2246174675
0	0.9534828963	0.0461338664	0.0003832373
0	0.4341864442	0.5566713531	0.0091422027
0	0.0281360526	0.0002129970	0.9716509504
1	0.0188072464	0.4016259682	0.5795667854
0	0.0000014125	0.1226980805	0.8773005070
1	0.0000000000	0.1035155722	0.8964844278
1	0.0000010212	0.0000000000	0.9999989788
0	0.5393888532	0.3307232220	0.1298879248
0	0.0253473667	0.0000000000	0.9746526333
0	0.3701326879	0.0000000000	0.6298673121
1	0.2524356790	0.0079586715	0.7396056495
0	0.9680816865	0.0129349154	0.0189833981
0	0.9154587844	0.0424004966	0.0421407190
0	0.9971179792	0.0028820208	0.0000000000
0	0.0202494248	0.0000000000	0.9797505752
0	0.5734148444	0.4265851478	0.0000000078
1	0.8333867719	0.0362761472	0.1303370809
0	0.4059730470	0.1955385623	0.3984883906
1	0.6956202488	0.0000067548	0.3043729964
1	0.7518510793	0.2077066833	0.0404422374
0	0.0045552673	0.2697968177	0.7256479150
1	0.1437355929	0.8527136468	0.0035507603
2	0.0010305388	0.0084706372	0.9904988241
1	0.2716721903	0.0341011015	0.6942267081
1	0.3295821833	0.0012828901	0.6691349266
0	0.2083355953	0.0000000291	0.7916643756
0	0.8605997396	0.0009634449	0.1384368155
0	0.5747089657	0.3287651935	0.0965258407
0	0.0000000018	0.3799571730	0.6200428252
0	0.9091846914	0.0008252296	0.0899900791
1	0.3384931790	0.0474545479	0.6140522731
1	0.0111956851	0.9885007369	0.0003035780
1	0.0000000000	0.7159096963	0.2840903037
1	0.0208733369	0.4496826482	0.5294440149
0	0.9862814662	0.0104255975	0.0032929363
0	0.1052782767	0.0000056083	0.8947161150
1	0.9586541327	0.0101993556	0.0311465117
1	0.1698662397	0.0000000000	0.8301337603
1	0.3671966142	0.5016498335	0.1311535523
0	0.6578594295	0.3310243854	0.0111161851
0	0.2068520870	0.4896930165	0.3034548965
1	0.2817937362	0.5449178043	0.1732884595
0	0.6218877667	0.3562402940	0.0218719393
1	0.8924124678	0.1016091959	0.0059783363
0	0.9799122346	0.0000000000	0.0200877654
0	0.9757812170	0.0007040684	0.0235147146
0	0.9989869120	0.0000000046	0.0010130834
0	0.9656829697	0.0342628145	0.0000542158
0	0.0252770635	0.0000001750	0.9747227615
0	0.6866639558	0.2826435982	0.0306924460
0	0.4379135402	0.0000092602	0.5620771995
1	0.9193128021	0.0000000000	0.0806871979
0	0.7633077063	0.1561558174	0.0805364763
0	0.8357766114	0.1045364640	0.0596869246
0	1.0000000000	0.0000000000	0.0000000000
1	0.0120520455	0.0267169614	0.9612309931
0	0.2000384880	0.0195155534	0.7804459586
1	0.9185865567	0.0327433932	0.0486700501
1	0.0008292110	0.0007145084	0.9984562806
0	0.1045843387	0.6160517998	0.2793638615
0	0.0000003570	0.0745199443	0.9254796987
1	0.0000000000	0.9243292389	0.0756707611
0	0.0000504473	0.6616829331	0.3382666196
0	0.9999989250	0.0000010691	0.0000000059
1	0.7442595879	0.1416160198	0.1141243923
2	0.2031994024	0.6871827532	0.1096178444
1	0.1798640979	0.2418430472	0.5782928549
0	0.6523822196	0.3314301514	0.0161876290
1	0.7608087924	0.0931842515	0.1460069561
0	0.0106922554	0.1789293085	0.8103784361
0	0.8050546803	0.0866545947	0.1082907250
0	0.0280009059	0.6110391304	0.3609599637
0	0.4801078696	0.5059616529	0.0139304775
0	0.6720041491	0.3251943687	0.0028014822
0	0.7057452976	0.1944029299	0.0998517725
0	0.9995929870	0.0004070130	0.0000000000
1	0.6894526160	0.2914496829	0.0190977011
1	0.9158787815	0.0000000000	0.0841212185
1	0.9999155299	0.0000000229	0.0000844472
1	0.9297580113	0.0702419887	0.0000000000
1	0.0059638779	0.0695967204	0.9244394017
1	0.7264677517	0.2680814518	0.0054507964
0	0.4319143681	0.0120663869	0.5560192449
0	0.0907784578	0.5633387896	0.3458827526
0	0.4165703104	0.5821721103	0.0012575792
0	0.9999998461	0.0000001539	0.0000000000
0	0.7445628072	0.0130458306	0.2423913622
0	0.0000000000	0.0090807323	0.9909192677
