1	0.9761398486	0.0000003975	0.0238597539
0	0.1089676238	0.6193003700	0.2717320062
0	0.3896253360	0.6070941096	0.0032805544
0	0.0061918880	0.3789990205	0.6148090915
0	0.3185500629	0.0230065983	0.6584433388
1	0.1064590107	0.0000000000	0.8935409893
0	0.8006106211	0.0558514229	0.1435379559
0	0.0443573405	0.0005680818	0.9550745777
0	0.2127517452	0.1342933867	0.6529548681
0	0.0000000818	0.9999999180	0.0000000002
1	0.0935412276	0.1468798334	0.7595789390
1	0.6494195823	0.3505804177	0.0000000000
0	0.5724489325	0.3886447148	0.0389063527
0	0.1314097943	0.0026740520	0.8659161537
1	0.3821639324	0.5544751463	0.0633609213
0	0.3980286471	0.4948687416	0.1071026113
2	0.3182750219	0.6384350737	0.0432899044
0	0.2208099670	0.0267878794	0.7524021536
0	0.6432450070	0.0420221520	0.3147328410
0	0.7780015595	0.1620116399	0.0599868006
0	0.0853191200	0.0650273489	0.8496535311
0	0.0002307818	0.5769704053	0.4227988129
0	0.0596121077	0.0736862788	0.8667016134
0	0.7653199214	0.2042131800	0.0304668986
0	0.6544060382	0.3430890194	0.0025049425
0	0.0000000000	0.0147146813	0.9852853187
0	0.2146107080	0.0824743258	0.7029149662
0	0.0347164956	0.1369861897	0.8282973147
1	0.5096795483	0.0002230066	0.4900974451
0	0.9061447973	0.0391633789	0.0546918238
0	0.0100181394	0.2656114282	0.7243704324
0	0.4682991229	0.4600345646	0.0716663125
0	0.3881847904	0.5981529423	0.0136622673
0	0.0598674760	0.1259351001	0.8141974239
0	0.1387964471	0.6799009249	0.1813026280
0	0.0081845958	0.1096286741	0.8821867301
1	0.0001345276	0.9884721452	0.0113933272
0	0.1693413931	0.1458038782	0.6848547287
0	0.8181507202	0.1817418865	0.0001073933
0	0.4323026515	0.5673961402	0.0003012083
0	0.0365194368	0.9634803333	0.0000002299
2	0.7049241669	0.0963575381	0.1987182951
0	0.7652156634	0.0017616441	0.2330226925
1	0.0001165577	0.0504948197	0.9493886225
1	0.0000287455	0.0408260495	0.9591452050
1	0.9731367001	0.0003989390	0.0264643609
0	0.0021158185	0.3390549541	0.6588292274
0	0.9147712535	0.0821205933	0.0031081532
0	0.9441268466	0.0160654302	0.0398077231
1	0.0066913272	0.0094573469	0.9838513259
0	0.9755010863	0.0000129677	0.0244859459
1	0.7043816125	0.0000119905	0.2956063970
0	0.0294142898	0.9705732960	0.0000124141
0	0.8517699427	0.1482300566	0.0000000006
1	0.2896316397	0.0002495233	0.7101188370
0	0.4138550828	0.0004948793	0.5856500380
1	0.7536521532	0.2455712971	0.0007765496
0	0.0000000720	0.8254419630	0.1745579650
1	0.0000000019	0.9050435426	0.0949564555
0	0.2369208466	0.0522277907	0.7108513626
0	0.0062575270	0.0066843988	0.9870580742
1	0.0028327627	0.0000259921	0.9971412452
1	0.7786314197	0.0032986518	0.2180699285
0	0.4450771027	0.4086740999	0.1462487975
1	0.5901137308	0.1370062308	0.2728800384
0	0.8669619569	0.0181032595	0.1149347836
1	0.5583064055	0.1568880404	0.2848055541
1	0.1606874520	0.0152503068	0.8240622413
2	0.1262989038	0.0934472940	0.7802538023
1	0.0085401304	0.0000085060	0.9914513636
1	0.0000000000	0.9999796366	0.0000203634
0	0.0000000000	0.2745523087	0.7254476913
1	0.9594425565	0.0405574435	0.0000000000
2	0.4372942366	0.1395849252	0.4231208382
0	0.7979243545	0.0008210260	0.2012546195
2	0.7847606289	0.0309460220	0.1842933491
0	0.9778110512	0.0093785740	0.0128103748
1	0.3857420369	0.4729742527	0.1412837103
0	0.3459153856	0.0420353011	0.6120493133
1	0.9994668167	0.0000000558	0.0005331275
0	0.4151167417	0.0000000042	0.5848832541
1	0.0412798960	0.0000120018	0.9587081021
1	0.0099892277	0.6693580115	0.3206527608
0	0.3430148817	0.6562305319	0.0007545863
0	0.9918230192	0.0080225738	0.0001544070
0	0.9912344264	0.0016010241	0.0071645495
0	0.0346491922	0.1320740724	0.8332767354
2	0.0083945559	0.0759492274	0.9156562167
1	0.2495548597	0.0000159920	0.7504291483
1	0.0653854125	0.0000000000	0.9346145875
2	0.0013559541	0.6562321118	0.3424119341
1	0.0102879536	0.1473278997	0.8423841467
1	0.0000000000	0.0000000056	0.9999999944
0	0.0574772137	0.9423055977	0.0002171886
0	0.5481096250	0.0069191484	0.4449712266
1	0.1000604046	0.0020403415	0.8978992539
0	0.8599950708	0.1397577035	0.0002472257
0	0.3252603816	0.0000001186	0.6747394998
0	0.2076396406	0.0037757883	0.7885845712
1	0.4213465557	0.0003269499	0.5783264944
