0	0.9708796251	0.0256910718	0.0034293032
1	0.0000360202	0.9365687122	0.0633952676
0	0.0177354393	0.0950445914	0.8872199693
0	0.9750428301	0.0134063006	0.0115508693
1	0.5744907213	0.0203860966	0.4051231821
1	0.9886381141	0.0005931299	0.0107687561
0	0.4238055331	0.0000000080	0.5761944589
0	0.0000000002	0.9957391281	0.0042608717
0	0.8850078800	0.1025806731	0.0124114468
0	0.6173579681	0.2219269874	0.1607150445
0	0.1774887141	0.0000000000	0.8225112859
1	0.3175269938	0.0036457655	0.6788272407
1	0.3841947130	0.5599411648	0.0558641222
0	0.0123846522	0.0407998058	0.9468155420
1	0.6471409569	0.3084952478	0.0443637953
1	0.8189194841	0.0017925594	0.1792879566
1	0.8217728646	0.1766938355	0.0015332999
0	0.0000060680	0.2963649284	0.7036290035
0	0.0093115911	0.0000107483	0.9906776607
0	0.1910193432	0.0434536521	0.7655270047
0	0.4586743241	0.0463712349	0.4949544410
0	0.0002010548	0.0000000204	0.9997989247
0	0.1870442396	0.0584788260	0.7544769344
0	0.1222136163	0.0008615882	0.8769247956
1	0.0122785345	0.0009840295	0.9867374360
0	0.9702837490	0.0000000000	0.0297162510
1	0.0975569847	0.7858607429	0.1165822724
1	0.7240755251	0.2759244749	0.0000000000
2	0.9511830422	0.0485136973	0.0003032605
0	0.1197800332	0.8802199668	0.0000000000
0	0.7744018726	0.0397625170	0.1858356104
0	0.4841753907	0.3863054759	0.1295191334
1	0.9421301798	0.0128278989	0.0450419213
0	0.1317718475	0.0552008490	0.8130273035
0	0.5410013045	0.0159622247	0.4430364709
1	0.4169969021	0.3534312620	0.2295718359
2	0.0313964562	0.0219628067	0.9466407372
1	0.9282253691	0.0000106841	0.0717639469
0	0.9999989208	0.0000010755	0.0000000037
0	0.0463503916	0.1326101660	0.8210394424
0	0.0292789842	0.0001124049	0.9706086108
0	0.7385221995	0.2563879674	0.0050898331
0	0.0325744230	0.0000000047	0.9674255723
1	0.0046581333	0.0022103248	0.9931315419
0	0.0081888007	0.3674471585	0.6243640408
0	0.0015807753	0.7622157976	0.2362034272
0	0.8176771102	0.0000000000	0.1823228898
0	0.9999980897	0.0000019103	0.0000000000
1	0.9477926779	0.0000078352	0.0521994869
0	0.7329743470	0.0569818140	0.2100438389
0	0.1791535875	0.0000000000	0.8208464125
2	0.0056850907	0.0423427145	0.9519721948
0	0.6283524325	0.2835651483	0.0880824192
0	0.0062250382	0.4218292116	0.5719457502
0	0.3053576809	0.0000000000	0.6946423191
1	0.3311879056	0.4681292236	0.2006828708
0	0.1577476125	0.3372396341	0.5050127534
0	0.0478345884	0.0000250795	0.9521403320
1	0.1041589480	0.8958402925	0.0000007595
0	0.6234470905	0.0000757441	0.3764771654
0	0.3387336126	0.0000000000	0.6612663874
0	0.3713300408	0.1025976529	0.5260723063
1	0.7241620761	0.2758373027	0.0000006212
1	0.2106116626	0.0728765101	0.7165118273
0	0.9421528968	0.0578374060	0.0000096971
0	0.0000000000	0.9968098386	0.0031901614
0	0.2723354070	0.1994744433	0.5281901497
0	0.4373844614	0.3544207893	0.2081947493
0	0.6426064836	0.0042600074	0.3531335090
0	0.0001609501	0.0001039753	0.9997350746
0	0.6189087949	0.0497206204	0.3313705847
1	0.8597232308	0.0000301867	0.1402465825
0	0.0000000000	0.1949992900	0.8050007100
0	0.3277496712	0.0002051917	0.6720451371
0	0.0294714267	0.5689075444	0.4016210289
0	0.0192118978	0.0179811404	0.9628069617
0	0.6036586853	0.3962031014	0.0001382133
1	0.8915141504	0.0000546976	0.1084311520
0	0.3750158524	0.5838648559	0.0411192917
0	0.8473813801	0.0000095100	0.1526091099
0	0.9205874398	0.0794070472	0.0000055130
0	0.4429267221	0.5569382139	0.0001350640
1	0.6950044294	0.1168407754	0.1881547952
0	0.9351673380	0.0000000000	0.0648326620
1	0.0011532396	0.0000000000	0.9988467604
0	0.5180972873	0.1548757271	0.3270269857
0	0.4094252037	0.2189176307	0.3716571656
0	0.7262668893	0.2234278225	0.0503052882
1	0.0034923876	0.0239920556	0.9725155568
0	0.9472331623	0.0492067432	0.0035600945
0	0.0000000139	0.2601825881	0.7398173981
0	0.7250037987	0.2621260389	0.0128701624
0	0.0054811627	0.9945174663	0.0000013710
0	0.4588428870	0.5217069748	0.0194501381
0	0.1268044319	0.0026357814	0.8705597867
0	0.9049533615	0.0000459253	0.0950007132
0	0.7087066041	0.2901992234	0.0010941726
0	0.7463965983	0.0000004893	0.2536029124
1	0.6853946653	0.2266607304	0.0879446043
1	0.0390662761	0.9601968763	0.0007368476
