0	0.4118613948	0.1064028085	0.4817357967
0	0.3714958038	0.0490579221	0.5794462740
0	0.2227572414	0.0324197438	0.7448230147
1	0.7666208498	0.0000551952	0.2333239549
1	0.0146071403	0.1462320704	0.8391607893
2	0.2803619156	0.0641414995	0.6554965849
2	0.7826659719	0.0000000000	0.2173340280
0	0.2669900063	0.6309813654	0.1020286283
0	0.8076746575	0.1923253425	0.0000000000
0	0.8769348994	0.0098388747	0.1132262259
1	0.9999529666	0.0000000000	0.0000470334
1	0.2272577112	0.6834782112	0.0892640776
0	0.6020071933	0.0000000619	0.3979927447
0	0.0421285204	0.0002227636	0.9576487160
0	0.1038091310	0.0000004047	0.8961904643
0	0.0124846879	0.0000000000	0.9875153121
0	0.0000000000	0.0044795064	0.9955204936
1	0.9121314822	0.0002037954	0.0876647224
0	0.0057511252	0.0000000026	0.9942488723
1	0.0062968275	0.9507565077	0.0429466648
1	0.4443795861	0.5555677134	0.0000527005
0	0.9863983226	0.0026941204	0.0109075570
1	0.5424892332	0.4471706254	0.0103401414
1	0.3703319456	0.5139457061	0.1157223483
1	0.0444072226	0.0007923266	0.9548004507
1	0.1743247132	0.5623393666	0.2633359202
0	0.8654421647	0.0486273369	0.0859304984
0	0.9602542439	0.0000000000	0.0397457561
1	0.0582119121	0.9287885652	0.0129995227
1	0.6711784438	0.3247121810	0.0041093752
1	0.1635630465	0.8292652912	0.0071716623
1	0.0523373030	0.0935665208	0.8540961763
0	0.2012193621	0.7986382641	0.0001423738
0	0.0042012676	0.9957987324	0.0000000000
1	0.0377601869	0.1650574807	0.7971823325
0	0.3669836761	0.5527981123	0.0802182116
1	0.9949212792	0.0000640704	0.0050146504
0	0.5734911449	0.1526075265	0.2739013286
0	0.6046713386	0.0077938543	0.3875348071
0	0.0446005974	0.9547375483	0.0006618542
1	0.2637664823	0.6819319602	0.0543015575
1	0.0156260067	0.4986036416	0.4857703517
0	0.0000000000	0.2891612899	0.7108387101
0	0.6340806454	0.1304762011	0.2354431535
0	0.6825822334	0.2752633690	0.0421543976
1	0.3101734277	0.0000000000	0.6898265723
1	0.8969982951	0.0013473176	0.1016543873
1	0.4851366373	0.0000008291	0.5148625337
1	0.6921744903	0.0314520824	0.2763734273
0	0.0007005228	0.1080049053	0.8912945719
0	0.0000000357	0.9896944041	0.0103055601
0	0.0565295790	0.3644255842	0.5790448368
0	0.1701505467	0.8298494499	0.0000000033
0	0.2018936464	0.1680429637	0.6300633899
0	0.0000016181	0.0026590451	0.9973393368
1	0.0211756659	0.8092463297	0.1695780044
0	0.9956235039	0.0043756338	0.0000008623
1	0.0774741095	0.5894526329	0.3330732577
0	0.2320879925	0.0287699576	0.7391420500
0	0.8290808922	0.0057126739	0.1652064339
1	0.6081952326	0.3494640787	0.0423406887
0	0.3955580843	0.0925376336	0.5119042821
0	0.2183602843	0.1710271671	0.6106125486
0	0.0793896876	0.2011033355	0.7195069769
0	0.0000000002	0.3672189487	0.6327810511
0	0.9489900716	0.0510099284	0.0000000000
0	0.4749900185	0.5014003060	0.0236096755
0	0.7745348512	0.1705785995	0.0548865493
1	0.0123504912	0.0107610326	0.9768884762
0	0.6130707791	0.3622704920	0.0246587289
0	0.7005727332	0.0000000690	0.2994271977
0	0.0014014370	0.9985360530	0.0000625100
0	0.4760899901	0.0000732862	0.5238367237
0	0.8954548276	0.0001119255	0.1044332469
1	0.9800816618	0.0000000000	0.0199183382
0	0.9987901213	0.0012098787	0.0000000000
1	0.7546725721	0.1075595853	0.1377678426
0	0.0042922611	0.9122042544	0.0835034844
0	0.9938687123	0.0004512818	0.0056800058
0	0.1190225841	0.7038521727	0.1771252432
1	0.9987542277	0.0000143659	0.0012314064
1	0.1255708563	0.7666494126	0.1077797312
0	0.0000000000	0.6297185973	0.3702814027
1	0.6780884449	0.1933712869	0.1285402682
0	0.0534458058	0.0594797446	0.8870744496
0	0.8145037420	0.0082715475	0.1772247105
0	0.0001200043	0.0056314574	0.9942485383
0	0.7138083625	0.0081204882	0.2780711492
0	0.1824980370	0.3972830280	0.4202189350
1	0.0000000000	0.9774745327	0.0225254673
1	0.1331665067	0.7838002426	0.0830332507
0	0.9716517666	0.0168123131	0.0115359204
0	0.3271981677	0.4636251094	0.2091767229
0	0.0674573724	0.0626201428	0.8699224848
1	0.0296902545	0.9081007894	0.0622089561
2	0.0209753727	0.0089679552	0.9700566721
0	0.9404501455	0.0153639975	0.0441858570
0	0.8644845344	0.0000000000	0.1355154656
0	0.0450813271	0.0001282733	0.9547903996
0	0.1108899044	0.3515720178	0.5375380779
