0	0.1286884936	0.7300955609	0.1412159454
0	0.8010154506	0.1765565292	0.0224280203
1	0.7217927282	0.1208738006	0.1573334712
0	0.7584664955	0.2138895654	0.0276439391
1	0.0102935326	0.7441472587	0.2455592087
1	0.0001520522	0.9915873344	0.0082606135
0	0.8239478932	0.0277663303	0.1482857765
0	0.0328051174	0.5192475097	0.4479473729
0	0.0567626500	0.9326623345	0.0105750156
0	0.1120149738	0.6410221254	0.2469629008
0	0.4045175440	0.1470501477	0.4484323083
0	0.0098656537	0.9899925514	0.0001417949
0	0.0000585253	0.0000509630	0.9998905117
1	0.0050912497	0.9949087503	0.0000000000
0	0.9396544362	0.0014314587	0.0589141051
0	0.1130595702	0.5563866853	0.3305537445
0	0.8487997811	0.1511131128	0.0000871061
1	0.4615463957	0.4222002177	0.1162533866
1	0.1933391310	0.0222143463	0.7844465228
0	0.8659146801	0.0724838022	0.0616015177
0	0.0044703601	0.1045710094	0.8909586306
0	0.0000551704	0.8532780973	0.1466667323
0	0.5074311540	0.4632397900	0.0293290559
0	0.7415859804	0.1685805008	0.0898335188
0	0.3094363462	0.0108744891	0.6796891647
0	0.8006012337	0.0008771819	0.1985215843
0	0.0002640565	0.5727340365	0.4270019070
0	0.0002221399	0.9021759076	0.0976019525
0	0.0000032104	0.1207978002	0.8791989894
0	0.9001661521	0.0059262736	0.0939075743
0	0.5397206553	0.0000136328	0.4602657119
1	0.2783047816	0.7216952184	0.0000000000
0	0.1628480814	0.2508169796	0.5863349390
0	0.3506367602	0.6493137388	0.0000495011
0	0.0832244265	0.3778606903	0.5389148832
1	0.3286073586	0.3805520290	0.2908406124
0	0.0000068291	0.9928708522	0.0071223187
0	0.0000197164	0.0037328400	0.9962474437
0	0.0966892975	0.6027567418	0.3005539606
0	0.0920094658	0.8054944334	0.1024961008
0	0.7168059338	0.2556638455	0.0275302207
2	0.7541129508	0.0244464889	0.2214405604
0	0.0010509942	0.0000000000	0.9989490058
1	0.9663500914	0.0280567005	0.0055932080
0	0.0068544036	0.7335098474	0.2596357489
0	0.0530511686	0.5267807698	0.4201680616
0	0.1979187870	0.0016271380	0.8004540750
0	0.2719233505	0.6552006870	0.0728759625
1	0.0108383528	0.9891506724	0.0000109748
0	0.0000530968	0.6663880219	0.3335588813
0	0.8586268527	0.0000000000	0.1413731473
0	0.8346986455	0.0033386181	0.1619627364
0	0.0140119367	0.7631482881	0.2228397752
0	0.4102968653	0.4719900852	0.1177130495
0	0.0169301208	0.8921851959	0.0908846834
0	0.0088209243	0.9911790664	0.0000000093
1	0.0923393837	0.1715611307	0.7360994855
0	0.2541408898	0.7449969059	0.0008622043
1	0.0000000000	0.6279138369	0.3720861630
0	0.5276286088	0.4352967486	0.0370746426
0	0.3148236174	0.3875490808	0.2976273018
0	0.0234571987	0.9637832279	0.0127595734
1	0.1846722566	0.0859394406	0.7293883028
0	0.3567628987	0.5827698579	0.0604672434
0	0.5794142570	0.0103288201	0.4102569229
0	0.9999964100	0.0000000000	0.0000035900
0	0.0000084244	0.8302156553	0.1697759204
0	0.4186051323	0.5813737063	0.0000211614
1	0.3427192298	0.3284831569	0.3287976133
0	0.2366003820	0.3485583613	0.4148412567
0	0.0004981020	0.9994973826	0.0000045153
0	0.1269617055	0.8470983644	0.0259399301
0	0.4097990799	0.0182891135	0.5719118066
0	0.3376373829	0.0547699143	0.6075927028
1	0.0000034866	0.9542044396	0.0457920738
0	0.7496153863	0.2323396392	0.0180449745
1	0.0000000000	0.1714995257	0.8285004743
0	0.5786445440	0.0000002096	0.4213552463
0	0.0163241032	0.4231732071	0.5605026897
1	0.9940709841	0.0059266117	0.0000024042
0	0.0981430763	0.8471626999	0.0546942239
0	0.0000941642	0.0581874116	0.9417184242
0	0.0595366081	0.9404629000	0.0000004920
2	0.4378256335	0.5621740281	0.0000003385
0	0.1476801303	0.0093525899	0.8429672798
0	0.6363976916	0.0005751891	0.3630271193
0	0.8793993816	0.1136096801	0.0069909383
0	0.9864150432	0.0106051987	0.0029797581
0	0.1382406206	0.6778367987	0.1839225807
0	0.0771123958	0.7713441520	0.1515434522
1	0.8803003474	0.1181905594	0.0015090931
0	0.0475137413	0.0026491927	0.9498370660
1	0.2572403113	0.6667547497	0.0760049389
0	0.2272349308	0.7726804691	0.0000846001
0	0.4820330255	0.5011912316	0.0167757429
0	0.2927470517	0.0222028066	0.6850501416
0	0.0249633590	0.4021982551	0.5728383860
1	0.9797530987	0.0007682720	0.0194786293
1	0.8490819464	0.0042422887	0.1466757649
0	0.0542415959	0.0009842566	0.9447741475
