0	0.0231582776	0.3536380842	0.6232036382
1	0.0000000000	0.9990114364	0.0009885636
0	0.0000002367	0.0000000000	0.9999997633
0	0.8320985690	0.0000029670	0.1678984640
0	0.6545720085	0.3399012874	0.0055267041
0	0.0024729809	0.0002622071	0.9972648120
0	0.0765565405	0.0129292397	0.9105142198
0	0.0000019860	0.0933230168	0.9066749972
0	0.9907604406	0.0038413417	0.0053982177
0	0.0094587668	0.9905412331	0.0000000000
0	0.5205768511	0.0544149521	0.4250081968
0	0.7264674111	0.2733692141	0.0001633748
1	0.3025819271	0.6817071884	0.0157108845
0	0.1483089056	0.0136371512	0.8380539433
1	0.0939780650	0.4687166299	0.4373053051
0	0.0020151247	0.3755854288	0.6223994465
0	0.9058883700	0.0940987078	0.0000129222
2	0.3609093332	0.2633882138	0.3757024531
0	0.2754678222	0.4735153737	0.2510168041
1	0.0326948369	0.3574609267	0.6098442364
0	0.9324313969	0.0337386954	0.0338299077
0	0.6005341450	0.1159348689	0.2835309861
0	0.0416510590	0.0058175005	0.9525314405
0	0.0000405461	0.0000000000	0.9999594539
0	0.2912644073	0.6672655185	0.0414700742
0	0.1588480575	0.6551569881	0.1859949544
1	0.1377994988	0.0205279153	0.8416725858
1	0.9802756220	0.0186230629	0.0011013152
0	0.0059823210	0.3618756538	0.6321420253
0	0.9750267059	0.0249732941	0.0000000000
1	0.2084934333	0.3134244344	0.4780821324
0	0.0002262505	0.8686495885	0.1311241610
0	0.6516387785	0.3184821739	0.0298790476
1	0.8832098156	0.0000007123	0.1167894721
0	0.0013276174	0.9986723684	0.0000000143
0	0.2564212439	0.0270410789	0.7165376772
0	0.0367927333	0.9508907677	0.0123164990
0	0.9348846919	0.0036575871	0.0614577210
0	0.0655587342	0.8672825502	0.0671587156
0	0.5574756385	0.0181124269	0.4244119346
0	0.2368115640	0.4159738196	0.3472146164
0	0.9781780633	0.0000004796	0.0218214571
0	0.5110003026	0.0011739600	0.4878257374
0	0.0000000000	0.1994546581	0.8005453419
0	0.0840712457	0.8419677165	0.0739610378
0	0.0896858012	0.2544509146	0.6558632843
1	0.0895165587	0.8997798490	0.0107035923
1	0.1503322894	0.2466952442	0.6029724664
0	0.3034226807	0.1607783612	0.5357989581
0	0.8623166036	0.0547752177	0.0829081787
0	0.3668640180	0.6324957151	0.0006402670
0	0.3908707117	0.6091282264	0.0000010618
1	0.9744984929	0.0000000000	0.0255015071
0	0.0000000207	0.2751627526	0.7248372267
0	0.6577576429	0.0244047590	0.3178375981
0	0.4147536920	0.3826206371	0.2026256710
0	0.5573112939	0.0020008064	0.4406878997
0	0.5216691745	0.4774643659	0.0008664596
0	0.0373600031	0.3164006924	0.6462393045
0	0.0000915614	0.7841352926	0.2157731460
1	0.7544527935	0.2431901569	0.0023570496
0	0.7943325616	0.0000000012	0.2056674373
0	0.0020969111	0.0861675755	0.9117355134
0	0.3952159102	0.0914673547	0.5133167351
1	0.3950400532	0.0526552508	0.5523046960
0	0.0148594859	0.0059857773	0.9791547367
0	0.9975513690	0.0024486310	0.0000000000
0	0.7584134411	0.2406768310	0.0009097279
0	0.1594196214	0.8404891197	0.0000912589
1	0.1047395460	0.3163335832	0.5789268709
0	0.2152439981	0.7307403241	0.0540156778
0	0.1029547447	0.0036023405	0.8934429149
0	0.0204556893	0.7028252933	0.2767190175
0	0.2263905356	0.5901521274	0.1834573371
1	0.0036475424	0.0036847807	0.9926676769
0	0.0051248620	0.1204488914	0.8744262466
0	0.0001021982	0.9998482444	0.0000495574
0	0.0000000000	0.3335645744	0.6664354256
0	0.9983536742	0.0015599870	0.0000863388
0	0.3022757680	0.3349800421	0.3627441899
0	0.7873467304	0.0094163332	0.2032369364
0	0.8602204697	0.0009131858	0.1388663446
0	0.2048793358	0.2894783784	0.5056422858
0	0.0047748847	0.9768171669	0.0184079483
0	0.2894189394	0.3201269028	0.3904541577
0	0.0495870560	0.8861493891	0.0642635550
1	0.7596471233	0.2146225272	0.0257303495
0	0.4813373915	0.0985090252	0.4201535833
1	0.5749935669	0.4250062474	0.0000001856
0	0.2076768580	0.0000524618	0.7922706802
0	0.0524006181	0.9184879033	0.0291114786
0	0.9993430476	0.0005561039	0.0001008486
1	0.3682312756	0.1456585890	0.4861101354
0	0.0852359368	0.8898525160	0.0249115473
0	0.7405417182	0.1862082961	0.0732499857
1	0.0740020195	0.0282214372	0.8977765433
0	0.2245764761	0.6458500540	0.1295734699
0	0.2595678384	0.0064985120	0.7339336495
0	0.1770599720	0.6789953580	0.1439446700
1	0.7430015865	0.0021539976	0.2548444160
