1	0.0037313936	0.1648148107	0.8314537957
0	0.4101294618	0.0212453159	0.5686252222
0	0.8814255508	0.1185744492	0.0000000000
0	0.4865255804	0.4317213986	0.0817530211
1	0.0000000000	0.4301615706	0.5698384293
0	0.0000009942	0.7985925192	0.2014064866
0	0.0000000000	0.6211560168	0.3788439832
1	0.0513229113	0.0283743471	0.9203027416
0	0.0000000059	0.9479768789	0.0520231152
0	0.1532460391	0.0000136342	0.8467403267
0	0.0084689306	0.8543933995	0.1371376698
0	0.3322604165	0.0357875109	0.6319520726
0	0.0350023191	0.9314637536	0.0335339273
0	0.1184549624	0.1301870435	0.7513579940
0	0.8877969512	0.0000000000	0.1122030488
0	0.7323514504	0.2498030129	0.0178455368
0	0.9927704038	0.0057482847	0.0014813115
0	0.0004137879	0.8449341271	0.1546520849
1	0.9990055819	0.0000228646	0.0009715534
0	0.0252240402	0.4330142277	0.5417617320
0	0.0151527628	0.7536537588	0.2311934784
0	0.1639418653	0.7020654077	0.1339927270
0	0.9821081598	0.0177296256	0.0001622145
0	0.1238730245	0.3779627586	0.4981642169
0	0.6857678465	0.2916851528	0.0225470007
0	0.9894696190	0.0105303810	0.0000000000
0	0.3973217763	0.0893222013	0.5133560224
0	0.2470009067	0.0972363254	0.6557627679
0	0.0316527208	0.0728045587	0.8955427205
1	0.0395379094	0.8791648394	0.0812972512
0	0.5159806082	0.4667799632	0.0172394285
1	0.0016076472	0.3517818050	0.6466105478
0	0.1548014788	0.8153375611	0.0298609601
0	0.0000476338	0.3401191480	0.6598332182
1	0.4631900398	0.0898974327	0.4469125275
0	0.0541837361	0.9355857544	0.0102305095
0	0.5846596065	0.0566598083	0.3586805852
0	0.1129895188	0.5943467662	0.2926637150
1	0.0069825220	0.0168159866	0.9762014914
0	0.1062336818	0.0000209100	0.8937454082
0	0.4226386272	0.4907159103	0.0866454624
0	0.9920111953	0.0023627130	0.0056260917
0	0.1133638978	0.0012575161	0.8853785861
0	0.0000044906	0.0672149039	0.9327806056
0	0.0028035001	0.7868990870	0.2102974129
1	0.0000000000	0.6222553019	0.3777446981
0	0.5245943237	0.3508734447	0.1245322316
0	0.0000000053	0.1248177000	0.8751822947
0	0.0438089840	0.0493895249	0.9068014911
0	0.0009287492	0.7236272336	0.2754440172
0	0.0000000227	0.0110871931	0.9889127842
0	0.0010232909	0.1942924737	0.8046842355
0	0.3860865291	0.3885686329	0.2253448380
1	0.2990877877	0.0000138228	0.7008983895
0	0.0214667423	0.9785209065	0.0000123513
0	0.2867700424	0.3894513036	0.3237786541
0	0.8305122790	0.0000000000	0.1694877210
0	0.0015184907	0.9289991501	0.0694823592
0	0.2120026041	0.0000000006	0.7879973953
0	0.0401927205	0.0000006600	0.9598066194
0	0.2459787430	0.7528415888	0.0011796682
0	0.2863162744	0.0000002060	0.7136835196
0	0.0000000000	0.2031535228	0.7968464772
0	0.4039296080	0.5960703900	0.0000000020
0	0.0055027435	0.5105706529	0.4839266036
0	0.9189925509	0.0360288442	0.0449786049
0	0.4086748671	0.5655071274	0.0258180055
0	0.1418961763	0.8024364650	0.0556673587
2	0.5395793417	0.0000000205	0.4604206378
0	0.0000013871	0.1725837997	0.8274148132
0	0.9995234913	0.0004765087	0.0000000000
0	0.4457268349	0.5542731607	0.0000000044
1	0.0001233364	0.8448683384	0.1550083253
1	0.0248926061	0.8887030211	0.0864043728
0	0.6688082527	0.1918254387	0.1393663086
0	0.0037433246	0.2200732809	0.7761833946
0	0.1519461248	0.7870791754	0.0609746998
0	0.0123566111	0.1669893501	0.8206540388
0	0.5173729325	0.0229702680	0.4596567995
0	0.0324406612	0.0083049058	0.9592544330
0	0.3183742788	0.6815265603	0.0000991608
0	0.0035354175	0.6491464485	0.3473181340
0	0.0000007382	0.9958154549	0.0041838069
0	0.0429752341	0.9220043032	0.0350204627
0	0.1913368472	0.0000000106	0.8086631422
0	0.8169322567	0.1774230462	0.0056446971
0	0.1580438840	0.3806459973	0.4613101187
0	0.2053508342	0.0027986217	0.7918505441
0	0.0000140901	0.0851956393	0.9147902706
0	0.0003375736	0.2558740357	0.7437883907
0	0.0015729763	0.4369154260	0.5615115977
0	0.7591353094	0.0066420778	0.2342226128
0	0.5127388109	0.4401716089	0.0470895802
0	0.8510500174	0.0001842414	0.1487657412
1	0.4642021839	0.1869043858	0.3488934303
0	0.1115265416	0.4361464629	0.4523269955
0	0.0038769593	0.6370320246	0.3590910161
0	0.0000000088	0.0000000005	0.9999999907
1	0.9771236142	0.0000000654	0.0228763204
2	0.7223951877	0.2165957845	0.0610090278
