0	0.0849525477	0.2014301984	0.7136172539
0	0.2340784825	0.1383394751	0.6275820424
0	0.0892004431	0.9107308981	0.0000686588
1	0.0053644492	0.7579744478	0.2366611030
0	0.2876830693	0.0186236156	0.6936933150
0	0.0944976830	0.1106617847	0.7948405323
0	0.8857668826	0.0410392498	0.0731938676
1	0.0162165602	0.0000062481	0.9837771916
1	0.5114670641	0.4570255806	0.0315073553
0	0.0166308467	0.1648341880	0.8185349653
0	0.0005202015	0.9993949122	0.0000848863
0	0.4484959347	0.5152676072	0.0362364581
0	0.0074977198	0.8403706241	0.1521316561
0	0.0069061366	0.9800219802	0.0130718832
0	0.0392057867	0.0000532237	0.9607409896
0	0.0020892627	0.1915067392	0.8064039982
0	0.0038065279	0.0287914256	0.9674020465
0	0.0087225032	0.4492676705	0.5420098263
0	0.9986393001	0.0000000000	0.0013606999
0	0.0016171753	0.6108420354	0.3875407893
0	0.0001736664	0.0184131951	0.9814131385
0	0.2457271986	0.0218422868	0.7324305146
0	0.0316734793	0.5833813774	0.3849451432
0	0.0074660075	0.7178758361	0.2746581564
0	0.0444098885	0.6469850599	0.3086050515
0	0.9749070048	0.0250748769	0.0000181183
0	0.9812808560	0.0000000004	0.0187191436
2	0.3961031718	0.5629030700	0.0409937582
0	0.6901660210	0.0012890220	0.3085449570
1	0.0485723692	0.0296072518	0.9218203790
0	0.1059087708	0.4547492315	0.4393419977
0	0.0058094575	0.9543074438	0.0398830987
0	0.0171185481	0.9817460508	0.0011354011
1	0.9254456640	0.0292127354	0.0453416006
1	0.0000000000	0.7088930763	0.2911069237
0	0.2636529848	0.1527068466	0.5836401687
0	0.0372082093	0.0003049450	0.9624868457
0	0.0000136655	0.9493557944	0.0506305401
0	0.4350117824	0.0580468549	0.5069413627
0	0.0017035707	0.9963826777	0.0019137516
1	0.0046454564	0.1216831626	0.8736713810
0	0.9649228882	0.0000000000	0.0350771118
0	0.0000181732	0.0009270614	0.9990547654
1	0.0224197068	0.1062460996	0.8713341936
0	0.9999787148	0.0000212852	0.0000000000
0	0.2659796046	0.5096902710	0.2243301244
0	0.0941017384	0.7448987389	0.1609995227
0	0.3443143739	0.6444665234	0.0112191028
0	0.5608526122	0.4065999627	0.0325474251
1	0.2619564269	0.7058459767	0.0321975963
0	0.0664611918	0.0431025543	0.8904362539
0	0.1710105340	0.0631236957	0.7658657703
0	0.0470241095	0.3251462286	0.6278296620
0	0.1455776819	0.2953248474	0.5590974707
0	0.8976390060	0.0385254164	0.0638355775
0	0.4354488092	0.5645437011	0.0000074896
0	0.1225051285	0.2269123713	0.6505825001
0	0.0021859804	0.9753861618	0.0224278578
0	0.0984445459	0.0303384281	0.8712170260
0	0.0000006829	0.0673062050	0.9326931121
1	0.1789727817	0.2902725445	0.5307546739
0	0.0055096614	0.0047597529	0.9897305858
0	0.3417168017	0.3945747847	0.2637084136
0	0.7263900248	0.0000332885	0.2735766867
1	0.0000001665	0.5178880442	0.4821117893
0	0.2480705723	0.3523667385	0.3995626893
0	0.3316014310	0.6518826430	0.0165159260
0	0.1141575555	0.5153828529	0.3704595916
0	0.0256235115	0.0002890926	0.9740873959
0	0.8960541505	0.0815237079	0.0224221417
1	0.6496954182	0.0555368264	0.2947677554
1	0.9686195393	0.0313516386	0.0000288222
0	0.9999859832	0.0000000003	0.0000140165
0	0.9731387776	0.0265055527	0.0003556697
0	0.5278285782	0.0230234632	0.4491479586
0	0.1813442572	0.7922346457	0.0264210970
1	0.1641352122	0.8358516217	0.0000131661
0	0.0000000000	0.9306526323	0.0693473677
0	0.7179593730	0.2817049354	0.0003356916
0	0.8456224083	0.0176430041	0.1367345876
0	0.7570225789	0.1861068614	0.0568705597
1	0.2247377727	0.5814613220	0.1938009053
0	0.1804346297	0.2456103401	0.5739550302
0	0.0230380175	0.7787774858	0.1981844967
0	0.6651119187	0.3348875181	0.0000005632
0	0.2759214143	0.5502672956	0.1738112902
0	0.2821205163	0.1981609636	0.5197185201
0	0.9535691658	0.0068934475	0.0395373866
0	0.2171130515	0.7762601144	0.0066268341
0	0.0746654468	0.9253335631	0.0000009900
0	0.0013237360	0.8933358358	0.1053404282
0	0.2115168715	0.2983183779	0.4901647507
0	0.0000000490	0.4217252026	0.5782747484
0	0.1278772712	0.0961025197	0.7760202091
0	0.4944551888	0.4654767704	0.0400680408
1	0.5400433677	0.3839933193	0.0759633130
0	0.9262336300	0.0074816110	0.0662847590
0	0.5577735601	0.4422264398	0.0000000001
0	0.2850020563	0.5439401161	0.1710578275
0	0.9123536043	0.0876436189	0.0000027768
