1	0.2508933358	0.4284294003	0.3206772640
0	0.0029997428	0.4358454944	0.5611547628
0	0.0111527818	0.3270712784	0.6617759398
0	0.2290459926	0.4430143652	0.3279396422
0	0.1930329756	0.8069275004	0.0000395240
0	0.6404077715	0.2674430511	0.0921491775
0	0.0031969557	0.0603781228	0.9364249215
0	0.1289127211	0.1576905137	0.7133967651
0	0.9999963262	0.0000000000	0.0000036738
0	0.0007408431	0.0592587907	0.9400003662
1	0.3001975714	0.0841556795	0.6156467490
0	0.3624161437	0.3516569379	0.2859269184
0	0.8127441641	0.0000045944	0.1872512415
0	0.9735016656	0.0032210847	0.0232772497
1	0.9476379047	0.0326172283	0.0197448669
0	0.0582369797	0.5178338873	0.4239291331
0	0.9796044825	0.0011854627	0.0192100548
0	0.0743912598	0.9256087402	0.0000000000
0	0.0200893049	0.5707576252	0.4091530699
0	0.8810133773	0.0408594295	0.0781271932
0	0.0234793573	0.0194546052	0.9570660375
0	0.0028460797	0.8223822160	0.1747717043
0	0.0128688799	0.9858872153	0.0012439048
0	0.8945679527	0.0761911616	0.0292408856
0	0.5092058265	0.1232024570	0.3675917165
0	0.0000000075	0.5824007508	0.4175992417
0	0.5542542546	0.4244011943	0.0213445511
1	0.6055753271	0.3943850921	0.0000395808
0	0.0331450726	0.0631524468	0.9037024806
1	0.1594173519	0.8405517764	0.0000308717
0	0.5326807747	0.4673191983	0.0000000270
0	0.9197252094	0.0004759282	0.0797988624
0	0.0088284798	0.0000461149	0.9911254052
0	0.4433940802	0.5075391647	0.0490667551
1	0.0504995871	0.0341443792	0.9153560336
1	0.4059654517	0.2114662961	0.3825682522
0	0.0003832448	0.0415360229	0.9580807323
0	0.0106378315	0.8160141565	0.1733480120
0	0.7729384515	0.2264848251	0.0005767233
0	0.0021402944	0.0205242539	0.9773354517
0	0.0000116845	0.0270172065	0.9729711090
1	0.6300429898	0.0297358031	0.3402212071
0	0.2478922571	0.6889962110	0.0631115318
0	0.1190091197	0.5962540600	0.2847368203
1	0.3052360771	0.1603751872	0.5343887357
0	0.0838933399	0.2863015524	0.6298051077
0	0.4834142019	0.0408046721	0.4757811260
0	0.1198496040	0.0000000002	0.8801503958
1	0.5549268017	0.4165327899	0.0285404084
1	0.0000000000	0.9173397210	0.0826602790
0	0.9337993495	0.0662006485	0.0000000019
0	0.4018128689	0.5044634059	0.0937237252
1	0.3348861493	0.6272278783	0.0378859724
1	0.2995951719	0.2748599007	0.4255449274
0	0.0002236153	0.0000085774	0.9997678073
0	0.0000000603	0.5018478870	0.4981520527
0	0.0454835402	0.1442984496	0.8102180102
0	0.0000000081	0.2354701650	0.7645298269
0	0.9562144101	0.0229905440	0.0207950459
0	0.5579700220	0.0285302013	0.4134997767
0	0.2628530800	0.0000000366	0.7371468833
0	0.4552914607	0.4724960441	0.0722124952
0	0.0002002651	0.3908804076	0.6089193273
0	0.0017019324	0.0640497776	0.9342482900
0	0.1484770670	0.5951221626	0.2564007704
0	0.0093250061	0.0000923088	0.9905826850
1	0.0067390441	0.5613103980	0.4319505579
0	0.0000000000	0.6432444456	0.3567555544
0	0.0028808321	0.4687634876	0.5283556803
0	0.4976455736	0.3575183837	0.1448360427
0	0.1785945869	0.7809326930	0.0404727201
1	0.9051747660	0.0007882194	0.0940370146
0	0.0337822088	0.8992643031	0.0669534881
0	0.4034855980	0.4710856124	0.1254287897
1	0.5103857296	0.0000197626	0.4895945078
1	0.1440038716	0.1312970708	0.7246990576
0	0.1633840862	0.2413231578	0.5952927560
0	0.9702772389	0.0261032101	0.0036195510
0	0.3805328086	0.6130642173	0.0064029741
1	0.0000011287	0.0221457518	0.9778531195
0	0.0157045758	0.9842749439	0.0000204803
0	0.1872655287	0.8094167599	0.0033177114
0	0.6729924209	0.1270970191	0.1999105600
0	0.6498337332	0.2414817426	0.1086845242
0	0.6085913150	0.2797182126	0.1116904724
0	0.0657481972	0.3212214167	0.6130303861
0	0.0037677052	0.1610701985	0.8351620963
1	0.1767772249	0.3318821334	0.4913406417
0	0.0017277957	0.9698471236	0.0284250807
0	0.0000000000	0.8501224188	0.1498775812
2	0.0013794135	0.8592187434	0.1394018431
0	0.7398047054	0.1236622489	0.1365330457
0	0.6755454724	0.3234001860	0.0010543416
0	0.0031202236	0.9812385063	0.0156412701
0	0.1524131259	0.1231696173	0.7244172567
0	0.9382869563	0.0178306448	0.0438823988
1	0.0031599986	0.9801901552	0.0166498461
1	0.0067589434	0.0000000000	0.9932410565
0	0.0123758110	0.1246561486	0.8629680404
0	0.2414343844	0.1588176539	0.5997479617
