0	0.5509151802	0.2264665737	0.2226182462
0	0.0095721538	0.2247847837	0.7656430625
1	0.0130862336	0.0036954121	0.9832183544
0	0.2981440656	0.7003063542	0.0015495802
0	0.0000000000	0.0000065157	0.9999934843
0	0.9321530813	0.0000000497	0.0678468690
0	0.1097827826	0.0000000000	0.8902172174
0	0.1698465022	0.0003686693	0.8297848284
0	0.6080309853	0.2842731531	0.1076958616
0	0.2978704491	0.6400445690	0.0620849819
0	0.1236287904	0.0099098296	0.8664613800
0	0.7187258736	0.0240414862	0.2572326402
0	0.7323141420	0.0505988467	0.2170870113
0	0.1186615799	0.0990006235	0.7823377967
0	0.8223331169	0.0960196583	0.0816472248
0	0.3711506927	0.1276793243	0.5011699830
0	0.7247504900	0.2727286805	0.0025208294
0	0.6648019225	0.0154981572	0.3196999203
0	0.0566009564	0.0013212692	0.9420777744
0	0.0974632387	0.6158817319	0.2866550293
0	0.1436570432	0.8361374176	0.0202055392
0	0.6748226877	0.3005630106	0.0246143017
0	0.4021469749	0.4145914645	0.1832615605
0	0.5106628493	0.4890980877	0.0002390630
1	0.1146880988	0.8454227772	0.0398891240
0	0.0908785993	0.6653304505	0.2437909502
1	0.2284306066	0.6802809714	0.0912884219
0	0.3334873901	0.0265429350	0.6399696749
0	0.7983978587	0.0000803871	0.2015217542
0	0.6672640968	0.3236720555	0.0090638477
0	0.1192715054	0.2574349264	0.6232935681
0	0.0066958179	0.0031896083	0.9901145738
0	0.5170817160	0.0000000000	0.4829182840
0	0.4732867373	0.0000000150	0.5267132477
0	0.4893957043	0.1748020805	0.3358022152
0	0.8453709989	0.1035937804	0.0510352207
0	0.0827724760	0.6791843885	0.2380431356
0	0.6526017200	0.0000000000	0.3473982800
0	0.8629342697	0.0001004114	0.1369653189
0	0.0542597578	0.9453053781	0.0004348641
0	0.6160164422	0.2168662743	0.1671172834
0	0.4805729930	0.1567616970	0.3626653100
0	0.0101851040	0.8996119329	0.0902029631
0	0.0000000074	0.9458334009	0.0541665917
0	0.0548118093	0.9361048164	0.0090833744
0	0.2796902788	0.1356180150	0.5846917062
0	0.0434494859	0.9565504928	0.0000000214
0	0.2634603845	0.1163110150	0.6202286005
1	0.0000307959	0.3937949390	0.6061742651
0	0.0000000000	0.0037864501	0.9962135499
1	0.6681573672	0.0606556766	0.2711869562
1	0.9270729677	0.0715316431	0.0013953892
0	0.1425293106	0.8574706894	0.0000000000
0	0.3314352044	0.0176780194	0.6508867762
0	0.8809021068	0.0146370840	0.1044608092
0	0.2118929351	0.3280119804	0.4600950845
1	0.9995801578	0.0004189920	0.0000008502
1	0.2433541823	0.7544765193	0.0021692983
0	0.0033954778	0.0230426439	0.9735618783
0	0.5067344430	0.0001688204	0.4930967366
0	0.0111324243	0.9488163889	0.0400511868
1	0.0671421514	0.7443259053	0.1885319433
0	0.0007969636	0.7823249273	0.2168781091
0	0.2861190939	0.0792932725	0.6345876336
0	0.4633864042	0.5326387963	0.0039747995
0	0.2075318539	0.4915813426	0.3008868035
1	0.4012269885	0.0000000000	0.5987730115
0	0.0963373313	0.0058100436	0.8978526251
0	0.8977155289	0.0613535078	0.0409309633
0	0.0490563999	0.2678306300	0.6831129701
1	0.1938053242	0.8061946492	0.0000000266
0	0.1001623667	0.7340586965	0.1657789368
0	0.5025497581	0.4966997619	0.0007504800
0	0.0000313385	0.9999686615	0.0000000000
0	0.0217437239	0.9782562671	0.0000000090
1	0.9814541430	0.0045325442	0.0140133128
0	0.1488084003	0.6588580907	0.1923335090
0	0.9277962634	0.0698698706	0.0023338660
0	0.0118738787	0.9232795357	0.0648465857
2	0.1059571302	0.0000006985	0.8940421713
0	0.9375516251	0.0624483749	0.0000000000
0	0.2988571626	0.6641634479	0.0369793895
0	0.9667717680	0.0185161700	0.0147120620
0	0.1642012953	0.8354840744	0.0003146303
0	0.0852565354	0.9128557367	0.0018877279
0	0.0421391201	0.0006097799	0.9572510999
0	0.0011239891	0.2963120912	0.7025639197
0	0.8507634381	0.0232301458	0.1260064161
0	0.5194767247	0.2265761489	0.2539471263
0	0.0005430432	0.9903854623	0.0090714945
0	0.0225186284	0.9287435708	0.0487378009
0	0.0001025035	0.6426618695	0.3572356270
1	0.9534628261	0.0448220671	0.0017151068
0	0.1181330633	0.1473735504	0.7344933864
0	0.4184071806	0.5088920183	0.0727008012
0	0.6097275225	0.3562923679	0.0339801096
1	0.0000000000	0.6195273236	0.3804726764
0	0.0004968135	0.1327949522	0.8667082343
0	0.0041026883	0.6421561722	0.3537411395
1	0.9481825278	0.0033502242	0.0484672480
