0	0.0784627752	0.7702458759	0.1512913489
0	0.0000000204	0.9629504291	0.0370495504
0	0.9939542357	0.0000000000	0.0060457643
1	0.0000000000	0.9958958413	0.0041041587
0	0.7867855625	0.1022326257	0.1109818118
0	0.4614380032	0.2642872273	0.2742747695
0	0.2953852694	0.0000011812	0.7046135494
0	0.5770781066	0.1278328323	0.2950890611
0	0.1355780044	0.7463287453	0.1180932503
0	0.9290282679	0.0087548414	0.0622168907
0	0.0289027419	0.7158664510	0.2552308071
0	0.0000010575	0.9520281319	0.0479708105
0	0.0016892990	0.8623036082	0.1360070929
0	0.0092164482	0.4369430846	0.5538404673
0	0.9294826543	0.0700517746	0.0004655710
0	0.0379255996	0.9392696623	0.0228047381
0	0.2026922195	0.0000000000	0.7973077804
0	0.0774210188	0.0859959511	0.8365830301
1	0.7141312193	0.0996525137	0.1862162670
0	0.0000000000	0.9987886711	0.0012113289
0	0.0509637998	0.0980231154	0.8510130848
0	0.1483254367	0.4694884349	0.3821861284
0	0.0914970776	0.0037949789	0.9047079435
0	0.2556187629	0.0000025445	0.7443786925
1	0.6402054544	0.0177691209	0.3420254247
1	0.1017605791	0.1398449642	0.7583944567
0	0.3340936473	0.0694867053	0.5964196474
0	0.8973047738	0.0000000230	0.1026952032
0	0.1657663868	0.8174641575	0.0167694557
0	0.0396860685	0.1465372150	0.8137767165
0	0.0384292529	0.9614910149	0.0000797321
0	0.4646134458	0.0384770586	0.4969094956
0	0.0022563383	0.2967528837	0.7009907780
0	0.0161661431	0.2286087385	0.7552251184
0	0.5380629775	0.4118902461	0.0500467764
0	0.5452877837	0.0737803044	0.3809319119
0	0.5414463889	0.0656248091	0.3929288020
0	0.9975727793	0.0000000000	0.0024272207
0	0.7805954670	0.1881980021	0.0312065309
0	0.6723253286	0.3276746714	0.0000000000
0	0.9568839819	0.0324227393	0.0106932788
0	0.8415209084	0.0225770980	0.1359019937
0	0.4576873562	0.0383680496	0.5039445942
0	0.7606032860	0.0249679932	0.2144287208
0	0.0015998881	0.9951525113	0.0032476006
1	0.0000000034	0.9272063617	0.0727936349
0	0.1281804720	0.8718176963	0.0000018318
0	0.9100408739	0.0895091311	0.0004499950
0	0.9219208805	0.0778700015	0.0002091179
0	0.6631823823	0.0064482129	0.3303694048
1	0.0000000000	0.0126300106	0.9873699894
0	0.5946187857	0.0000026797	0.4053785347
0	0.7148827876	0.2851008975	0.0000163149
0	0.0103918961	0.0141240581	0.9754840458
1	0.0777450209	0.7656957960	0.1565591830
0	0.0430064115	0.9547496291	0.0022439594
0	0.9370304064	0.0279563753	0.0350132183
0	0.0010106474	0.5711363503	0.4278530023
0	0.0009825219	0.0080585643	0.9909589138
0	0.5544831789	0.1614718056	0.2840450155
0	0.0000000826	0.0548422871	0.9451576304
1	0.0000000000	0.4549489061	0.5450510939
0	0.8223878142	0.1124888947	0.0651232911
0	0.6916643452	0.1800591129	0.1282765419
0	0.8808043403	0.1191953566	0.0000003031
0	0.0809832017	0.8727648695	0.0462519289
0	0.3915353584	0.5932330569	0.0152315847
0	0.6220447693	0.2758785100	0.1020767207
0	0.9870805801	0.0000004141	0.0129190057
0	0.0007955551	0.5346546090	0.4645498358
0	0.0318796695	0.0000018671	0.9681184634
0	0.9911771079	0.0011033580	0.0077195340
0	0.0519656079	0.5716406411	0.3763937510
0	0.0001271928	0.9860379686	0.0138348386
0	0.0000000000	0.9999998231	0.0000001769
0	0.0005258285	0.0031386039	0.9963355676
1	0.7854805760	0.0000000009	0.2145194231
0	0.0000000000	0.7703671021	0.2296328979
1	0.0000655477	0.1262748934	0.8736595588
0	0.0294388398	0.0055393129	0.9650218472
0	0.9778666681	0.0064596883	0.0156736435
0	0.3734112377	0.5043499298	0.1222388325
0	0.7528266075	0.2464736958	0.0006996968
0	0.2137522783	0.2577384845	0.5285092372
0	0.7986197139	0.0425088021	0.1588714840
0	0.5818396405	0.1774789110	0.2406814485
0	0.8485961695	0.1499440821	0.0014597484
2	0.8590212874	0.0296254382	0.1113532745
0	0.0749743945	0.9248570093	0.0001685962
0	0.3859391655	0.6064583926	0.0076024419
1	0.0000635783	0.0852485785	0.9146878432
1	0.2278514124	0.0823937412	0.6897548464
1	0.4746418750	0.0420427127	0.4833154124
0	0.0136995564	0.7973544230	0.1889460206
0	0.0014867333	0.1858132106	0.8127000561
1	0.0162539349	0.9761915641	0.0075545010
2	0.0000000007	0.8179727565	0.1820272428
0	0.4938789498	0.0004686927	0.5056523574
0	0.3068112514	0.6876417417	0.0055470069
1	0.0013319697	0.9569068915	0.0417611388
