0	0.3196304342	0.4307290944	0.2496404714
0	0.0661539436	0.0001957910	0.9336502654
1	0.0017110155	0.1886156853	0.8096732992
0	0.8315286895	0.1655202443	0.0029510662
0	0.2749303664	0.7220238421	0.0030457915
0	0.1778936734	0.3459061488	0.4762001778
0	0.2281620783	0.6836894159	0.0881485057
1	0.0004471659	0.8904554821	0.1090973520
0	0.8450442338	0.0594130234	0.0955427428
0	0.0551391561	0.9364294896	0.0084313543
1	0.1205613233	0.8470952330	0.0323434437
0	0.2782299366	0.4914158497	0.2303542137
0	0.0247998086	0.0640218020	0.9111783894
0	0.4474358652	0.5525641348	0.0000000000
0	0.0000000000	0.0747843303	0.9252156697
0	0.0222254694	0.8467421346	0.1310323959
0	0.1734564558	0.0515250360	0.7750185081
0	0.8142542619	0.1857455497	0.0000001885
0	0.0471264531	0.3707263736	0.5821471733
1	0.9999992119	0.0000001091	0.0000006790
0	0.2449343101	0.6448119266	0.1102537632
0	0.0076922633	0.9884243187	0.0038834180
0	0.5990631212	0.0104962181	0.3904406608
0	0.9792249350	0.0055203401	0.0152547249
0	0.0092705637	0.2787976118	0.7119318245
1	0.0000000011	0.9999870627	0.0000129361
0	0.0059239433	0.3399057516	0.6541703051
0	0.9365733163	0.0000000000	0.0634266837
0	0.2274141298	0.0067599898	0.7658258804
0	0.5945665282	0.0544550341	0.3509784377
0	0.5957840094	0.3684437429	0.0357722477
0	0.0004689789	0.0289337305	0.9705972906
0	0.0674575224	0.0089856051	0.9235568725
0	0.9741063405	0.0029575003	0.0229361592
0	0.0790808418	0.2466935994	0.6742255588
0	0.0000281508	0.5194596189	0.4805122303
0	0.8663547363	0.1064390132	0.0272062505
0	0.9115775041	0.0687585057	0.0196639901
0	0.0000000000	0.0000000000	1.0000000000
1	0.0000001273	0.9992532266	0.0007466461
0	0.0003513392	0.9935111139	0.0061375469
1	0.4950675482	0.0164665283	0.4884659236
0	0.0590059685	0.4157498905	0.5252441411
0	0.4533068277	0.5053971002	0.0412960721
0	0.1534819784	0.4490073009	0.3975107207
0	0.0136341194	0.8598285926	0.1265372880
0	0.0008770708	0.0000000012	0.9991229280
0	0.6726834718	0.3263928749	0.0009236532
0	0.5146562241	0.1258885119	0.3594552640
0	0.2223568589	0.0462087249	0.7314344162
1	0.3746171402	0.1308757366	0.4945071232
0	0.0680758505	0.2642017003	0.6677224492
0	0.7249142348	0.0000936666	0.2749920986
0	0.0722762535	0.1474353326	0.7802884139
0	0.1347642024	0.2881956729	0.5770401247
0	0.3388658142	0.0000000010	0.6611341847
0	0.9117678711	0.0327920857	0.0554400432
0	0.2335128121	0.6793391036	0.0871480843
0	0.9999996870	0.0000002281	0.0000000850
0	0.8879969354	0.0008168422	0.1111862224
0	0.7503589381	0.2493950088	0.0002460531
0	1.0000000000	0.0000000000	0.0000000000
0	0.1306853581	0.0000203605	0.8692942814
0	0.9258456937	0.0741537854	0.0000005209
1	0.0242792675	0.3349951857	0.6407255468
0	0.0000000000	0.8379266779	0.1620733221
0	0.0160339833	0.2268379578	0.7571280590
0	0.6996706797	0.0000003731	0.3003289472
1	0.1790279583	0.1235489556	0.6974230861
0	0.3793353934	0.3575164023	0.2631482043
0	0.0000068697	0.0002759958	0.9997171344
0	0.9855225483	0.0142296175	0.0002478342
0	0.0000076920	0.1036949166	0.8962973914
0	0.3919212394	0.3645901535	0.2434886071
0	0.4144223566	0.5191163458	0.0664612976
0	0.0017926964	0.2343688116	0.7638384920
1	0.2752968288	0.0012823225	0.7234208487
0	0.2972310641	0.6267107049	0.0760582310
0	0.0214582575	0.9307143685	0.0478273740
0	0.2018113886	0.7943528853	0.0038357261
2	0.8024972466	0.1975027513	0.0000000021
0	0.8923450954	0.0005555366	0.1070993680
0	0.0366599138	0.0000000000	0.9633400862
0	0.2308083635	0.3053427969	0.4638488396
0	0.2447370592	0.2843860087	0.4708769321
1	0.4216048199	0.0000000000	0.5783951801
1	0.3296454839	0.1082334057	0.5621211104
1	0.1167172405	0.0000000000	0.8832827595
1	0.0797548386	0.0000508997	0.9201942617
1	0.0895197919	0.0317623795	0.8787178286
1	0.2922269740	0.2231631357	0.4846098904
0	0.0328051590	0.9659012355	0.0012936055
0	0.8226503655	0.0003635049	0.1769861297
0	0.0116416148	0.6504756343	0.3378827509
0	0.1669388432	0.2761557426	0.5569054142
0	0.9854810390	0.0084109442	0.0061080168
0	0.2748256715	0.0349802575	0.6901940711
0	0.7686695466	0.0000004004	0.2313300530
0	0.1709451745	0.0680343458	0.7610204797
0	0.9991059043	0.0000000000	0.0008940957
