0	0.2566144686	0.0060076748	0.7373778566
0	0.2641164744	0.0000210074	0.7358625181
0	0.7347493514	0.2652506486	0.0000000000
0	0.0588993608	0.7596020173	0.1814986219
0	0.0126013225	0.0942009157	0.8931977618
0	0.0156207377	0.3951188473	0.5892604150
0	0.0098197661	0.0000000000	0.9901802339
0	0.0000178062	0.0000176560	0.9999645378
0	0.2406391737	0.4325649170	0.3267959092
2	0.6743630968	0.2527412101	0.0728956931
0	0.3005353783	0.6969730871	0.0024915346
0	0.0701006476	0.4491547972	0.4807445552
0	0.3407527896	0.1649277233	0.4943194871
0	0.0882631426	0.9116972624	0.0000395951
0	0.0185770153	0.9536955930	0.0277273917
0	0.0689008548	0.3135736343	0.6175255110
0	0.4649548166	0.0920662381	0.4429789453
0	0.0610786398	0.1513214087	0.7875999515
0	0.1679530319	0.0000000001	0.8320469680
1	0.9993901720	0.0005754162	0.0000344118
0	0.0444038200	0.2115011166	0.7440950633
0	0.0209353099	0.0278414994	0.9512231908
0	0.0000000377	0.0050836595	0.9949163028
0	0.5135820604	0.4538407508	0.0325771888
0	0.8983979045	0.1016019208	0.0000001746
0	0.0096384285	0.9889406847	0.0014208868
0	0.6968149850	0.2162450350	0.0869399799
1	0.2529978570	0.1568108333	0.5901913097
0	0.7155911143	0.2844068740	0.0000020117
0	0.2538129744	0.0010982646	0.7450887611
0	0.2587036890	0.5553018828	0.1859944282
1	0.7855985017	0.0188304473	0.1955710510
0	0.0000021042	0.3492661075	0.6507317883
0	0.4266304452	0.0000000360	0.5733695188
1	0.4780513041	0.0558562205	0.4660924754
0	0.8467630769	0.0940370354	0.0591998877
0	0.1802630953	0.0240073624	0.7957295423
0	0.7717353885	0.0016398905	0.2266247210
0	0.0000000000	0.5846082615	0.4153917385
0	0.2279237052	0.7575056524	0.0145706424
0	0.0422868367	0.1312821580	0.8264310053
0	0.0225912316	0.0080621347	0.9693466336
0	0.6322023786	0.2917610123	0.0760366091
0	0.0304691449	0.7649627139	0.2045681412
0	0.2971320507	0.1907486060	0.5121193433
1	0.0000461227	0.2438009570	0.7561529202
0	0.9223846196	0.0772894555	0.0003259249
1	0.3869448260	0.0455418928	0.5675132813
0	0.8040809785	0.1688971189	0.0270219026
0	0.9804857009	0.0195142991	0.0000000000
0	0.7490851506	0.2465625198	0.0043523296
0	0.1329339514	0.4151133627	0.4519526859
1	0.7148237401	0.0054918211	0.2796844389
2	0.9997081572	0.0002478260	0.0000440168
0	0.0000000331	0.8950508246	0.1049491423
1	0.1925986767	0.0000000000	0.8074013233
0	0.8281337575	0.1718662398	0.0000000027
0	0.0003119348	0.0000000000	0.9996880652
0	0.0003795995	0.5294770385	0.4701433620
0	0.5455932748	0.0012220399	0.4531846852
1	0.5767769125	0.1843253099	0.2388977775
0	0.1408922925	0.0189475959	0.8401601116
0	0.9237112373	0.0762887627	0.0000000000
0	0.0134534616	0.0197606083	0.9667859301
0	0.0235603603	0.4781666229	0.4982730168
1	0.1252274632	0.5650399619	0.3097325749
0	0.5909115838	0.4090884147	0.0000000015
1	0.1405428335	0.8594553902	0.0000017763
0	0.5058595770	0.0001964377	0.4939439853
1	0.0877171379	0.9061476753	0.0061351869
0	0.9404567684	0.0582688883	0.0012743433
0	0.4799753825	0.0000009149	0.5200237026
0	0.0000365076	0.5799642950	0.4199991975
0	0.0000000406	0.9948554693	0.0051444901
0	0.4005256092	0.0005321666	0.5989422241
0	0.0225661656	0.1920034319	0.7854304025
0	0.2007541361	0.3970047853	0.4022410786
1	0.0100388215	0.4208897530	0.5690714255
0	0.2043679989	0.7954122293	0.0002197718
1	0.9999998912	0.0000000000	0.0000001088
0	0.0923917255	0.0633535466	0.8442547279
0	0.0053581319	0.2654471227	0.7291947454
0	0.7509549611	0.2390815416	0.0099634973
0	0.8050966911	0.1450902523	0.0498130567
0	0.0000230506	0.9180129785	0.0819639709
1	0.0152601648	0.9847355180	0.0000043172
0	0.9956214825	0.0010077995	0.0033707180
0	0.0040276902	0.8402318619	0.1557404479
0	0.6979467177	0.0756923713	0.2263609110
1	0.3274178336	0.0827622786	0.5898198878
0	0.8357707896	0.1617100756	0.0025191348
0	0.8394789582	0.1167632432	0.0437577986
1	0.0307353459	0.0048736949	0.9643909592
1	0.3430087596	0.6519760060	0.0050152344
0	0.0214294166	0.0000229135	0.9785476699
0	0.0077119097	0.9769858076	0.0153022827
1	0.2245966707	0.0733781495	0.7020251799
0	0.9591945664	0.0408054032	0.0000000303
0	0.8740838185	0.1258908552	0.0000253263
0	0.6057869245	0.3730969918	0.0211160837
