0	0.0000338819	0.7871380106	0.2128281075
0	0.0816550726	0.9183447943	0.0000001332
1	0.7940781960	0.0000084076	0.2059133965
0	0.2503520734	0.4043115878	0.3453363388
0	0.1403655821	0.0000810062	0.8595534117
0	0.1804900433	0.1366959873	0.6828139694
0	0.9503607633	0.0190518776	0.0305873591
0	0.1423049089	0.6903629988	0.1673320923
0	0.0137935343	0.8813631312	0.1048433345
0	0.7814522945	0.1932644058	0.0252832996
0	0.4592402807	0.1265699812	0.4141897382
0	0.8136938033	0.0343205973	0.1519855994
0	0.0602745243	0.7603668131	0.1793586626
0	0.6319618239	0.3680381667	0.0000000094
0	0.2133263790	0.3847321227	0.4019414983
0	0.6049155678	0.3332525296	0.0618319026
0	0.0003366512	0.5321888494	0.4674744994
0	0.0000563825	0.0000926141	0.9998510034
0	0.7579751860	0.1579481558	0.0840766582
0	0.0611812572	0.6339172878	0.3049014550
1	0.0000209506	0.7006884064	0.2992906430
0	0.9677853471	0.0051001307	0.0271145222
0	0.0411913783	0.0076210565	0.9511875652
0	0.5314413841	0.2911676061	0.1773910098
0	0.8386224629	0.0001834996	0.1611940375
1	0.1375673100	0.4725862115	0.3898464786
0	0.0395802145	0.0011400147	0.9592797708
0	0.8657690247	0.0475220243	0.0867089509
0	0.0112637900	0.9668915138	0.0218446962
1	0.3161994283	0.1948240742	0.4889764974
0	0.3254906895	0.0001246327	0.6743846778
1	0.1987724881	0.3660887650	0.4351387469
0	0.2275766517	0.3291760320	0.4432473163
1	0.0583440015	0.4882193675	0.4534366310
0	0.1638868954	0.0052545928	0.8308585118
0	0.0821417130	0.0000055739	0.9178527131
0	0.1594048733	0.6512876799	0.1893074468
0	0.4659342905	0.0014577050	0.5326080045
0	0.5842483531	0.3685132246	0.0472384224
0	0.0878839160	0.9119931682	0.0001229158
0	0.3182063380	0.0000000011	0.6817936609
0	0.2583366403	0.1504672054	0.5911961543
0	0.3816796503	0.0000000000	0.6183203497
0	0.0000000000	0.0530188854	0.9469811146
1	0.1919053144	0.7985618000	0.0095328856
0	0.1801658394	0.7364137662	0.0834203944
0	0.5177942439	0.3151850384	0.1670207177
0	0.0000000002	0.9472310171	0.0527689827
0	0.2583772219	0.4073410628	0.3342817153
0	0.1660734024	0.8198190689	0.0141075287
0	0.4758190461	0.0794647580	0.4447161960
0	0.1052684358	0.8353524843	0.0593790799
0	0.0193317590	0.0996214305	0.8810468105
0	0.2592371327	0.6767714240	0.0639914433
0	0.8421512328	0.0244220413	0.1334267259
0	0.0002658893	0.2132717320	0.7864623787
0	0.9727245778	0.0193892553	0.0078861670
0	0.0836427734	0.9163220570	0.0000351696
0	0.1740511053	0.0186687990	0.8072800957
0	0.9687283417	0.0312716578	0.0000000005
1	0.0035183301	0.3880817572	0.6083999127
0	0.0158221777	0.1081293304	0.8760484919
0	0.2288235642	0.0757328761	0.6954435597
1	0.0009319506	0.7083670458	0.2907010036
0	0.0728341032	0.0310988294	0.8960670674
1	0.0000359739	0.0001355408	0.9998284853
0	0.0000000000	0.6881564516	0.3118435484
1	0.8668027545	0.1255246312	0.0076726143
0	0.0535225903	0.9209885887	0.0254888209
0	0.0208996429	0.0005246148	0.9785757422
0	0.0415528690	0.8583947009	0.1000524301
1	0.4919434110	0.5080565890	0.0000000000
0	0.5028180446	0.0000000018	0.4971819535
0	0.5964943442	0.0000000291	0.4035056267
0	0.2516511092	0.0294944168	0.7188544740
0	0.1677513866	0.8271012257	0.0051473877
0	0.9319812751	0.0451986859	0.0228200390
0	0.6504896642	0.3028554105	0.0466549253
0	0.0000006711	0.9008957194	0.0991036096
1	0.3034737047	0.5468466895	0.1496796058
0	0.9474830406	0.0247120103	0.0278049491
0	0.0262858269	0.0117900815	0.9619240916
1	0.0318865603	0.3594928576	0.6086205821
0	0.2192984527	0.5509944132	0.2297071341
0	0.3402551106	0.2629462991	0.3967985903
0	0.2382336127	0.0577053559	0.7040610314
0	0.0573104169	0.5908239528	0.3518656302
0	0.3276622155	0.6723377845	0.0000000000
0	0.1782972874	0.6757523285	0.1459503841
0	0.9776870421	0.0223129579	0.0000000000
0	0.5381599849	0.1289123833	0.3329276318
0	0.0892393262	0.0188040300	0.8919566438
2	0.4568674809	0.0155035926	0.5276289265
0	0.0000046800	0.0155574440	0.9844378761
0	0.8687766260	0.1258760869	0.0053472872
0	0.8775934964	0.0011599395	0.1212465641
0	0.7879224802	0.0015857398	0.2104917800
0	0.0506254603	0.5468793387	0.4024952010
0	0.8246308389	0.0037598415	0.1716093196
0	0.7846428338	0.0470560606	0.1683011056
