0	0.0273200368	0.5791108208	0.0000833718	0.1195514432	0.0361187595	0.0000000000	0.0580092616	0.1456098195	0.0001144988	0.0340819880
1	0.0000456974	0.0009831614	0.0000000000	0.0065529700	0.0503178038	0.0425330534	0.0641615531	0.0569434792	0.2360429441	0.5424193376
0	0.0308070869	0.0016986721	0.0016834127	0.0014939151	0.2274259365	0.1708467979	0.0512292361	0.0804692547	0.0000000585	0.4343456294
0	0.0125568354	0.0208197806	0.0286273288	0.0320990740	0.0152729891	0.0523109303	0.0401834736	0.7089671791	0.0280778767	0.0610845324
0	0.1781715407	0.0000000001	0.0213955259	0.0103784161	0.0032535992	0.0321353992	0.3111813587	0.1914393160	0.2504667840	0.0015780599
0	0.1138901272	0.0224366932	0.0005905658	0.0049006648	0.0218509867	0.2066036683	0.2947638820	0.0555259174	0.2455685741	0.0338689205
0	0.0007830104	0.0385080816	0.0329888417	0.7004069957	0.0003031082	0.0002970630	0.1817800307	0.0320740462	0.0000000019	0.0128588205
1	0.0000005164	0.0331681247	0.1042386822	0.0705183063	0.0623608535	0.0001302674	0.1222553043	0.0845400169	0.4935690299	0.0292188984
0	0.0793371681	0.0000044012	0.0000006576	0.0189217864	0.0053133625	0.1928028257	0.6354210989	0.0463977016	0.0002058925	0.0215951053
1	0.0459737482	0.1835675840	0.0000001601	0.1377247117	0.0535775044	0.1927396585	0.2318163360	0.1529743825	0.0001486822	0.0014772324
0	0.0860835699	0.0025747238	0.1070811956	0.0560066495	0.0037714745	0.0083553620	0.4598173865	0.0366871306	0.1816275441	0.0579949636
0	0.0070840297	0.1994154286	0.0000923407	0.1833202920	0.0166778179	0.0263788169	0.0380419161	0.1504045982	0.0329304561	0.3456543038
0	0.1023744308	0.0321562252	0.0283798907	0.0462844281	0.0846201089	0.0017327841	0.4157464064	0.1994338178	0.0067524320	0.0825194760
0	0.0163415251	0.0412321659	0.0214538858	0.0041802911	0.0921448465	0.0436768384	0.4034176922	0.0903949914	0.2859864133	0.0011713503
0	0.0246282318	0.0032108393	0.0004833125	0.1076044120	0.0086263296	0.0186298183	0.8119799138	0.0147970614	0.0048950062	0.0051450751
1	0.0799824839	0.0312069139	0.0478522493	0.0517528200	0.1746114506	0.0047783483	0.3130405939	0.2905652248	0.0026423135	0.0035676019
1	0.4269688146	0.0012738342	0.0009731722	0.0000001386	0.0067463894	0.0016962994	0.1987729015	0.0143509273	0.0242227388	0.3249947840
1	0.0015989896	0.0685497479	0.0045608848	0.2347615315	0.0051956427	0.0238194215	0.2542411586	0.0776999092	0.0557407760	0.2738319382
0	0.0000000000	0.1043285818	0.0175812528	0.0015693892	0.6805402901	0.0038949044	0.0394095009	0.0126022133	0.0916691555	0.0484047119
1	0.1257957424	0.1038178450	0.3592820993	0.0472850630	0.0218642791	0.0982587896	0.0000000000	0.0978014387	0.0305249069	0.1153698358
0	0.0020922860	0.0059677569	0.0000000099	0.1476075829	0.0080111887	0.0068696514	0.3283453931	0.0434939107	0.0356972625	0.4219149577
0	0.0741342724	0.0000000118	0.0604443646	0.2817445373	0.0157449450	0.0285765124	0.0000000000	0.0083449044	0.2371839799	0.2938264721
0	0.4275344945	0.0038608289	0.0000379410	0.0195456491	0.4390038128	0.0026579345	0.0579103984	0.0000250296	0.0298629232	0.0195609881
1	0.0000000003	0.7450812712	0.0565106573	0.0537400000	0.0019414100	0.0034497269	0.0277559880	0.0189240035	0.0492337440	0.0433631987
0	0.0000000000	0.0184964309	0.1164363857	0.0936978501	0.0247571148	0.0045515467	0.0339537706	0.5626115603	0.0472898243	0.0982055165
1	0.0106491322	0.0007029009	0.0000067542	0.0006352721	0.0196117088	0.1867676747	0.1499016009	0.0225059921	0.0000002703	0.6092186938
0	0.1385553791	0.1906422620	0.1354937084	0.2522846081	0.0965344219	0.0000000000	0.0689504640	0.0086224423	0.0066815991	0.1022351152
0	0.1873027629	0.0306130940	0.0127581508	0.0074834111	0.0000861488	0.0313615973	0.0000002736	0.1422218626	0.3142312532	0.2739414457
0	0.0359366854	0.0278127401	0.0014805283	0.0274572773	0.0558534230	0.0861468750	0.0012287781	0.0002315170	0.0000036639	0.7638485120
0	0.0039129824	0.0022046767	0.0935489546	0.1059489245	0.0838598073	0.0390220608	0.1450407212	0.5031965641	0.0203674417	0.0028978668
1	0.0085917243	0.0473435203	0.1122738833	0.0356996929	0.4378855950	0.0028094177	0.0227846174	0.0069200405	0.0204128198	0.3052786888
0	0.0003843987	0.0030048222	0.0031787054	0.0247409942	0.0066260784	0.0000001558	0.3369678115	0.3078184527	0.0240322823	0.2932462989
0	0.0000041908	0.0007966756	0.0000005232	0.0001266834	0.2376363835	0.0541771263	0.0742138791	0.2108837246	0.0715255767	0.3506352368
1	0.0105030070	0.0088998812	0.2775111728	0.0217821226	0.0001365737	0.0127712345	0.1363176981	0.2253402987	0.0057717670	0.3009662444
0	0.1138405594	0.0538718899	0.0066396205	0.2335707665	0.0056725332	0.1869260769	0.2094679565	0.1757219597	0.0012450667	0.0130435708
1	0.0138309900	0.1637113903	0.0363089501	0.0001282747	0.0000258070	0.1873626975	0.1249857370	0.0636989722	0.1808436382	0.2291035431
0	0.0151609753	0.0545751131	0.0213154632	0.0332510538	0.0055808025	0.0000000117	0.4546674243	0.0015704745	0.4137700885	0.0001085932
0	0.0704580101	0.3133330353	0.0065047018	0.4094119059	0.0096879307	0.0352781114	0.1276010913	0.0000003980	0.0139931723	0.0137316433
1	0.2843570959	0.0063006549	0.1641040542	0.0647798185	0.0640048558	0.0000000000	0.3608068245	0.0000005704	0.0549329074	0.0007132185
0	0.0041214132	0.0121671003	0.0000075662	0.1414493178	0.5312796499	0.0292242945	0.0040140275	0.0473820623	0.2003471488	0.0300074195
0	0.0013225576	0.0384478651	0.0000793640	0.0308702286	0.0000001019	0.0188058469	0.5396631991	0.0013420413	0.0000231725	0.3694456230
0	0.0059509461	0.0032612794	0.0165967523	0.0994215128	0.4089523894	0.0487036428	0.1962381802	0.1604611386	0.0128035733	0.0476105852
0	0.0080153744	0.0005563066	0.0000000000	0.0061760154	0.0114092945	0.6408817969	0.1073577549	0.0211132588	0.0123766519	0.1921135465
1	0.0004684100	0.0137157621	0.1507116972	0.0076765629	0.8001607725	0.0000920545	0.0009956835	0.0068476838	0.0189101504	0.0004212230
1	0.0207560883	0.0167299593	0.0000000000	0.2833634007	0.0348972284	0.0499441465	0.2641646099	0.2349711827	0.0174060353	0.0777673488
0	0.0000015976	0.6831828491	0.0308525680	0.0602109550	0.0975670179	0.0000001239	0.0233907818	0.0237632085	0.0602924843	0.0207384138
1	0.0074076672	0.0000000000	0.0000003413	0.2088485759	0.1035578301	0.0456539548	0.2458066458	0.0784618295	0.0000020153	0.3102611400
1	0.0480099900	0.0206179360	0.0192923286	0.0000197411	0.0013061225	0.0009730881	0.0575456751	0.8249518128	0.0031109326	0.0241723733
1	0.0001852419	0.0149287290	0.0000000000	0.0098517450	0.0571513867	0.8192672688	0.0134071333	0.0375663703	0.0137404718	0.0339016531
0	0.0984647366	0.0862559357	0.0090818310	0.0252946538	0.0419412218	0.0005693462	0.6000695362	0.0227865360	0.1155350407	0.0000011620
0	0.0000465261	0.3019634342	0.0018682649	0.1706500456	0.0127035826	0.2328915158	0.0322230990	0.0005668874	0.1375868112	0.1094998332
0	0.0000000016	0.0120097693	0.0000592712	0.0000989388	0.0204569799	0.0000000000	0.5459081845	0.3248455754	0.0038134535	0.0928078258
0	0.0018710021	0.0008890997	0.0003835784	0.0430677827	0.0777677439	0.0524462157	0.0732159259	0.0134401021	0.0000000019	0.7369185475
1	0.0162931264	0.0110623417	0.1881887946	0.0000000171	0.3194402338	0.0000000000	0.1278666183	0.1544510439	0.0847631343	0.0979346899
1	0.0229028908	0.1081176933	0.0073296676	0.0661745917	0.3291437407	0.1914408026	0.0877785656	0.1432743965	0.0315924056	0.0122452455
1	0.3089243736	0.0148886492	0.0024109723	0.2057827513	0.0056097509	0.0000000000	0.0691982812	0.3338090159	0.0371994865	0.0221767191
0	0.0128470351	0.0518404802	0.1411118426	0.0994131602	0.1200700493	0.0023994871	0.2051192677	0.1626109332	0.1457560941	0.0588316507
0	0.0584566606	0.0208720432	0.0025186187	0.0000034816	0.0000023440	0.0194571702	0.8531910248	0.0011058336	0.0265363470	0.0178564763
1	0.0388108079	0.1078840706	0.2938465564	0.0010591485	0.1231660720	0.3154675695	0.1162668303	0.0001007917	0.0021675208	0.0012306323
0	0.0572257629	0.0112399686	0.0000000000	0.0221882700	0.2126249620	0.0095996970	0.2955950712	0.0000000404	0.0008249566	0.3907012713
1	0.0371049411	0.0132753642	0.0014372831	0.0116417579	0.0155343347	0.0549812988	0.0118150779	0.5308487738	0.0121044915	0.3112566770
0	0.0551615655	0.0052408966	0.0000446086	0.0000000000	0.0137552198	0.0035997403	0.0105596683	0.0130995060	0.2169007530	0.6816380419
1	0.0004669742	0.0262140497	0.1069579328	0.0500981625	0.5734367480	0.1368428497	0.0000298294	0.0458660742	0.0342565950	0.0258307845
1	0.0582581824	0.3934918875	0.0369605061	0.0693962436	0.0033839179	0.1533518727	0.0653938638	0.0012593375	0.0696262944	0.1488778943
0	0.0000045548	0.3246438520	0.0337705332	0.0123041445	0.0203548196	0.0130424315	0.1442738448	0.0810720592	0.0000036916	0.3705300689
0	0.3538207183	0.0942234753	0.0005523227	0.0147497346	0.1229147633	0.0000000001	0.2194584566	0.0609192219	0.0095912978	0.1237700093
0	0.0689361744	0.0466648798	0.0000000000	0.0038589652	0.1011939797	0.0252379588	0.0167514639	0.1995765580	0.0007530331	0.5370269871
0	0.0372714566	0.1784311649	0.0169883741	0.0522480891	0.6286514397	0.0111008420	0.0585221030	0.0001838564	0.0038470132	0.0127556610
0	0.1311199841	0.0776206567	0.0004801754	0.0017336161	0.0000142351	0.0019740793	0.5447845029	0.0910414513	0.0173718043	0.1338594947
0	0.0133755443	0.0437812550	0.0173487634	0.5869338345	0.0151252444	0.0428525621	0.0000215007	0.2201106203	0.0033036624	0.0571470128
0	0.0057163326	0.0203788974	0.0071894712	0.1539138101	0.5805786858	0.0003680800	0.0588236238	0.1468313181	0.0000000000	0.0261997810
1	0.0599597881	0.0358764490	0.4124569437	0.0043076684	0.0022753064	0.0000000000	0.0488919661	0.0442704025	0.3734520363	0.0185094395
0	0.0000015924	0.1565114794	0.0000110614	0.0001138551	0.3497332024	0.0332998466	0.1720745907	0.0075165569	0.0462107479	0.2345270672
0	0.0178990587	0.5112203265	0.0508935275	0.0226646865	0.1676403573	0.0011598139	0.1964855491	0.0008323988	0.0240374155	0.0071668662
1	0.0165759141	0.0586960733	0.1426772507	0.0042778108	0.0843546325	0.0041565457	0.0015071293	0.6812118727	0.0049525678	0.0015902030
1	0.0500562172	0.0155686621	0.0270367955	0.1456199102	0.0034281608	0.0024864225	0.4582806357	0.2924512898	0.0000000000	0.0050719062
0	0.1089797833	0.0005759229	0.0001261432	0.5107568000	0.3549812652	0.0050740791	0.0055403654	0.0114236023	0.0019010310	0.0006410077
0	0.2721697653	0.2261641838	0.0575422262	0.0469855909	0.0000022342	0.0002801935	0.2956687088	0.0283011898	0.0148485991	0.0580373085
1	0.3985065280	0.0002398667	0.0006431612	0.3045338482	0.0111807851	0.0023493666	0.2154387739	0.0274007183	0.0285725336	0.0111344184
0	0.0277008467	0.0523797804	0.0000686797	0.0087997605	0.2082999690	0.0533375528	0.2204421109	0.0312903500	0.0090689051	0.3886120450
0	0.0014440669	0.0160003551	0.1181667385	0.0016615820	0.1419994607	0.1699291556	0.4967978467	0.0457597090	0.0046037467	0.0036373389
1	0.0230090492	0.0177653202	0.0664057680	0.0891680591	0.1150520145	0.0000009599	0.0271507836	0.6610070875	0.0004409530	0.0000000051
0	0.0086156724	0.0249620176	0.5602118065	0.1532559313	0.0731774182	0.0000000000	0.0302671621	0.0504739899	0.0053315801	0.0937044218
0	0.0109137464	0.0000185464	0.0001022994	0.1358185404	0.0535994009	0.0177781459	0.0051681402	0.7455968971	0.0012080127	0.0297962704
0	0.0011225434	0.0011605562	0.0011135650	0.0000116587	0.0420741365	0.0274193082	0.0305152600	0.0214940294	0.0065674626	0.8685214801
1	0.0391607594	0.0187106503	0.0000165728	0.0103060778	0.0007618660	0.7033325954	0.1716565995	0.0213440820	0.0045122624	0.0301985346
0	0.1642065697	0.0058134255	0.0007975276	0.0310092283	0.2592837652	0.0210444752	0.3871752128	0.0000016280	0.0292964901	0.1013716776
1	0.0000000863	0.0082250276	0.1190424600	0.0493054014	0.1565306485	0.0640293319	0.1080482822	0.4751785979	0.0196398883	0.0000002758
0	0.0621330013	0.0000262110	0.0000000000	0.0153867937	0.0016826014	0.0160884501	0.3718483328	0.0484983008	0.0077060887	0.4766302201
0	0.0604802672	0.0027640657	0.0066889366	0.0021980069	0.0007904297	0.0068967726	0.7820114325	0.0803483636	0.0553799201	0.0024418051
1	0.0000020919	0.1795438688	0.0078710845	0.0971905850	0.1511035783	0.0039982984	0.0103511264	0.0694413565	0.0000000124	0.4804979979
1	0.0018343751	0.0163607788	0.0000266060	0.0385539102	0.1053690142	0.1071860085	0.1342156158	0.2668328783	0.0769714619	0.2526493511
0	0.1334073508	0.0000074325	0.0000000000	0.5895015636	0.0567606881	0.0011570957	0.0041910620	0.0000004064	0.0208438741	0.1941305267
0	0.0000052884	0.0634803851	0.0000610143	0.0183295566	0.3714402834	0.1233071431	0.2125926445	0.0004325414	0.1938045481	0.0165465950
0	0.0182490376	0.0016851853	0.0000004988	0.2081973343	0.0265629131	0.2141332125	0.0334962230	0.0453339975	0.0566940986	0.3956474993
1	0.1337925106	0.0066840197	0.0019067722	0.0526199485	0.3101912678	0.3560335808	0.0000019138	0.0294346573	0.0096778659	0.0996574634
1	0.0006504379	0.0000147534	0.0000000000	0.0000000000	0.0752453307	0.0327129743	0.0196305459	0.0327137333	0.0000000016	0.8390322228
0	0.1429476585	0.0007195018	0.2035321936	0.5024181015	0.0578371742	0.0254911920	0.0122262683	0.0016177830	0.0426156886	0.0105944386
1	0.0246776461	0.0008504950	0.0093171635	0.0034945831	0.0173174790	0.0050028283	0.8813874658	0.0073978066	0.0387996280	0.0117549047
0	0.0072720329	0.0031697843	0.0006872059	0.0031468015	0.0074459974	0.0035564407	0.9673102933	0.0024329568	0.0008512089	0.0041272783
0	0.0033750783	0.0104869955	0.0000002530	0.6754383438	0.0082392880	0.0006590696	0.0697858517	0.1418069478	0.0144895587	0.0757186135
0	0.4488436127	0.0039259978	0.0116913738	0.0002635995	0.3008769937	0.0885066337	0.0000915665	0.0337126431	0.0009154294	0.1111721498
2	0.0183536184	0.0000898058	0.0667004719	0.1615790940	0.1360337113	0.0000211066	0.5534418460	0.0636090881	0.0001712579	0.0000000000
0	0.0158858710	0.0918391228	0.0000009997	0.0000036742	0.2307296201	0.4256470003	0.0442099284	0.0333005344	0.0499206902	0.1084625588
0	0.0003597402	0.0000000081	0.0002137062	0.4689195922	0.0457863550	0.0008551560	0.1005134603	0.0480286074	0.3152822369	0.0200411377
1	0.2025948960	0.0189714991	0.0000000000	0.0274953080	0.0002995614	0.0644884163	0.0371958221	0.0600594290	0.0092215579	0.5796735105
0	0.0000801082	0.1818547869	0.0131209142	0.0531446399	0.4583938489	0.0068118172	0.1611008186	0.0745763553	0.0199628251	0.0309538857
0	0.1647729487	0.0118540979	0.1272232510	0.0389817122	0.0422622455	0.0000303753	0.2129831578	0.1021386050	0.0937222809	0.2060313258
0	0.0004502775	0.0950414669	0.0018945453	0.1325807261	0.1427129505	0.2015822689	0.0140546375	0.3073932750	0.0243036795	0.0799861728
0	0.0006685135	0.2004934452	0.1032193358	0.4018530961	0.1794806240	0.0008366789	0.0521593113	0.0429309996	0.0005047971	0.0178531984
0	0.0000000000	0.0000427344	0.0028162539	0.0711012143	0.0374367930	0.0373797759	0.1071292850	0.1970734578	0.1481833912	0.3988370946
0	0.0790948850	0.0242871236	0.0032087302	0.1120234214	0.0299357355	0.0003035410	0.3964152740	0.1706449117	0.1763314237	0.0077549538
1	0.0138547517	0.0090766271	0.3768370703	0.0393115879	0.1462249367	0.0136151939	0.0455246343	0.0000052123	0.0047667882	0.3507831975
0	0.0016271064	0.0000006110	0.0454209490	0.0372454671	0.0023079895	0.0001974379	0.7592299266	0.0408913229	0.0207296756	0.0923495140
1	0.0037791171	0.0094478237	0.0556127212	0.1650606276	0.2117527626	0.0143188856	0.0692367228	0.1150608210	0.1052937819	0.2504367364
0	0.0392437363	0.1109188309	0.4658763094	0.0380123100	0.0879568646	0.1233631441	0.0721200413	0.0049090550	0.0203917810	0.0372079273
0	0.0563002963	0.0374105528	0.1421834233	0.0000000290	0.0184690672	0.0105771139	0.4324629375	0.0406546868	0.0182910873	0.2436508057
0	0.0002854637	0.0031053933	0.0000007640	0.0345310578	0.0288059279	0.0341586554	0.7584075834	0.0096082524	0.0009795737	0.1301173285
1	0.0075898998	0.0110346030	0.0077110781	0.0099885381	0.0208327479	0.0000123162	0.1274692699	0.0033372593	0.0020519181	0.8099723693
0	0.0072400330	0.1237712445	0.0000000037	0.0011415011	0.0000408793	0.0074948448	0.0008161023	0.0703865324	0.0127188881	0.7763899707
0	0.0037878892	0.0001234283	0.0000000146	0.1828156964	0.0502859556	0.1700260403	0.1447389259	0.1778406678	0.0147762862	0.2556050958
1	0.0919941671	0.0000001843	0.0000000000	0.5453641235	0.0002447420	0.0035894209	0.1799059644	0.0162051833	0.1041487964	0.0585474181
0	0.0693067814	0.1466195502	0.3623544067	0.0775188301	0.0107391583	0.0011828220	0.0679461936	0.0632660410	0.0227871596	0.1782790571
1	0.0273727772	0.0282382529	0.0434770335	0.0528911014	0.0386240024	0.1218346951	0.2069196930	0.3017806843	0.0024128736	0.1764488868
0	0.0004860261	0.0003034286	0.0000000000	0.0071938833	0.0000266524	0.0842465552	0.4640216223	0.0188848676	0.1519361081	0.2729008564
1	0.0469749115	0.0183003996	0.0000000033	0.0077587349	0.0400288211	0.0007608713	0.0506494796	0.0173425006	0.0343315056	0.7838527726
2	0.1146043692	0.0288210031	0.0109431380	0.2814155301	0.0005526863	0.0085555823	0.4510228799	0.0136042652	0.0062437507	0.0842367953
0	0.0000000185	0.0000000003	0.0165354104	0.0486078648	0.1532524882	0.0599854703	0.6437297219	0.0126833037	0.0207196991	0.0444860228
1	0.1579619623	0.3435341779	0.2502843685	0.0033637687	0.0198967224	0.0025777715	0.0930141784	0.0286649239	0.0000067546	0.1006953718
2	0.0000025187	0.0173874863	0.2413069038	0.0018688959	0.4566127850	0.0020138657	0.1342095978	0.0344755187	0.0264677644	0.0856546637
0	0.2822320189	0.0231628195	0.0397071148	0.0077177473	0.0237416550	0.2062250616	0.2021105856	0.0098223509	0.0025349829	0.2027456634
0	0.0024411846	0.0000000002	0.3712526378	0.2319377180	0.0373908715	0.0197493113	0.1274157950	0.0050226357	0.1951144862	0.0096753598
0	0.0039065748	0.2260658503	0.0026987032	0.3526257782	0.0005174504	0.0078712853	0.2506965234	0.0352908973	0.0043704302	0.1159565069
1	0.0816556623	0.0041846594	0.0000000000	0.0000000045	0.0594253871	0.1356602108	0.1832013315	0.0312003442	0.0149515259	0.4897208743
2	0.0261501356	0.0087047016	0.0000184104	0.0071429771	0.0274407917	0.1229907927	0.6305608432	0.1006170138	0.0273311654	0.0490431685
0	0.0322767829	0.1112316748	0.0001736803	0.0000186020	0.2047991508	0.0178335311	0.2406451608	0.0016536172	0.0123454159	0.3790223841
0	0.0454769976	0.1127031400	0.0000000000	0.0032233377	0.0000057763	0.0004129040	0.6944422626	0.0419968531	0.0222393190	0.0794994098
0	0.0093025578	0.0037068397	0.0015215697	0.0011061966	0.1118164655	0.6847140441	0.0399510449	0.0000507704	0.0081800388	0.1396504724
1	0.0003541594	0.0060858025	0.0591125370	0.0630016771	0.0536087027	0.0141658604	0.0092570822	0.3967608815	0.0223425814	0.3753107159
0	0.6571761892	0.0018012381	0.0067087977	0.0096846958	0.1810691268	0.0168818585	0.0217378237	0.0048891560	0.0104811188	0.0895699953
0	0.0376173693	0.0120410542	0.0000023428	0.0000000029	0.0311512834	0.0112129326	0.6884730130	0.2122887944	0.0004647660	0.0067484414
1	0.0008680633	0.0000000013	0.0107179640	0.4318882676	0.3162913678	0.0007874081	0.0665165782	0.1342690803	0.0386219971	0.0000392722
1	0.0483188998	0.0518878839	0.0150510524	0.3857056950	0.0480518786	0.0091799609	0.4411637564	0.0000000000	0.0000028363	0.0006380368
0	0.0053123360	0.0668537363	0.0060559942	0.1644039688	0.0000000061	0.0000044295	0.0000392192	0.7044351682	0.0488804790	0.0040146627
0	0.0000899860	0.0000000000	0.0000000383	0.1039884417	0.4362426413	0.0740041371	0.2524852903	0.0564326339	0.0134844680	0.0632723634
1	0.0656545020	0.0145349000	0.0000006284	0.2293223162	0.0888977208	0.0017061238	0.1294644249	0.1518797676	0.1153643680	0.2031752482
0	0.0845629054	0.0055031265	0.0065983881	0.0024219116	0.0795056638	0.0051888478	0.7744997728	0.0101538954	0.0145350796	0.0170304092
0	0.0512585153	0.0607703137	0.0048721609	0.0001543745	0.0056434565	0.0171350514	0.7632772555	0.0130184298	0.0015709827	0.0822994596
0	0.1004341046	0.1495447010	0.2812735116	0.0903995849	0.0125771108	0.0578348845	0.2055500969	0.0022314083	0.0198913346	0.0802632629
0	0.0000000413	0.0000081403	0.0036897352	0.1009372128	0.0056244134	0.0104223667	0.0141203234	0.0150660814	0.0019312924	0.8482003932
1	0.0247552290	0.0479739807	0.0560966197	0.0012421501	0.0001579114	0.0247069521	0.0085362954	0.0013115341	0.0035449571	0.8316743705
1	0.1075882710	0.0060204059	0.0333357478	0.0000310573	0.0143212693	0.0009295753	0.0140239635	0.6765044087	0.1470869652	0.0001583361
1	0.0000000600	0.1010825698	0.0000000000	0.1893358590	0.1932958308	0.2880644228	0.0582645682	0.0053165964	0.0139595582	0.1506805349
0	0.0812279561	0.0170037828	0.0640557123	0.0345203211	0.0588432781	0.0246946628	0.3184113561	0.1230891923	0.0562133230	0.2219404154
0	0.0390270718	0.0821294568	0.1100196878	0.1200610338	0.1449308631	0.0255040442	0.4046790827	0.0621513141	0.0052241546	0.0062732911
0	0.0923668796	0.0488402902	0.0000000000	0.1744450274	0.1942081436	0.0284751073	0.3136971857	0.0737022138	0.0000000326	0.0742651200
1	0.0095981043	0.0994188495	0.0004152439	0.0222745143	0.1240906541	0.1656199760	0.2701714786	0.0021677809	0.0083494366	0.2978939619
1	0.0000000002	0.0031897162	0.0068201883	0.5020410965	0.0052524626	0.0484176163	0.0683602281	0.1173147570	0.0525169311	0.1960870036
0	0.2076344165	0.0039304092	0.1716827833	0.0000000000	0.1732812659	0.0170535018	0.1988367783	0.1058283490	0.0075662660	0.1141862299
0	0.0019851298	0.0116656625	0.0019812931	0.0133297647	0.6801391640	0.0271099583	0.0000096303	0.0017651908	0.2486152444	0.0133989622
0	0.0335154498	0.6046511701	0.0201889002	0.0000037904	0.0003732015	0.0000000000	0.0827937911	0.0981013608	0.0000047717	0.1603675645
0	0.0136716992	0.2207145193	0.0086321201	0.0888954796	0.4218144574	0.0585434452	0.0597691392	0.1221783824	0.0047519080	0.0010288497
0	0.0222163311	0.0000000000	0.0000000000	0.0041317830	0.0286551930	0.0684232809	0.0078526807	0.1801014068	0.0048094775	0.6838098471
0	0.0000002073	0.0165650313	0.0106577488	0.0500025511	0.0194554701	0.0094389890	0.0302827288	0.0743986041	0.0002946112	0.7889040583
1	0.0023904573	0.3522173739	0.0226976845	0.0029764728	0.1243435708	0.0083736699	0.3589935380	0.0077802585	0.1170541986	0.0031727757
1	0.0000000000	0.0124830950	0.1968798525	0.4304396020	0.1120341995	0.0003782740	0.0905593712	0.1340851923	0.0186641757	0.0044762378
0	0.0010082681	0.0995288792	0.5014831754	0.0035722662	0.0552686881	0.0269748173	0.0369018869	0.0021472766	0.2601547633	0.0129599790
1	0.4372965738	0.0289571020	0.2008293210	0.0502207764	0.0034036827	0.0446616014	0.0397763403	0.1415550696	0.0394275210	0.0138720117
1	0.1960607684	0.0013014258	0.0073634087	0.2374275588	0.0024862384	0.0006563004	0.3855967045	0.1046986850	0.0048851863	0.0595237238
1	0.0463792225	0.0214843298	0.1148127106	0.0814886585	0.0003016612	0.2525591515	0.1059410723	0.0581093216	0.0006281889	0.3182956829
0	0.1981173852	0.0000462602	0.0315021247	0.0985512081	0.0109163616	0.0158606128	0.2931735098	0.0467742972	0.0762681730	0.2287900675
0	0.0265273969	0.0150991898	0.0002403569	0.0745387821	0.0085869394	0.0106038076	0.7484543957	0.0000192702	0.0000000001	0.1159298613
0	0.1834540468	0.0010110609	0.1092305860	0.1170793147	0.0550752431	0.0052035512	0.0412156846	0.2610984382	0.0374960648	0.1891360097
1	0.2270630587	0.0000095523	0.0504042383	0.0000075559	0.3966183159	0.2035916389	0.0002325021	0.0157506792	0.0004216359	0.1059008227
0	0.2055286434	0.0144448897	0.2270955161	0.0148360911	0.1344821469	0.0568323264	0.1026415435	0.0175045174	0.0005279722	0.2261063533
0	0.0033594483	0.3522457267	0.3401815915	0.0018504302	0.0069424245	0.0153446627	0.0109953525	0.2633284287	0.0013375555	0.0044143793
0	0.0828114811	0.0707154137	0.1253393323	0.0003591831	0.1537249564	0.0716474640	0.4196406019	0.0400020852	0.0332610481	0.0024984343
0	0.0875118996	0.0000506995	0.3081759576	0.0102784986	0.3112839257	0.0009218069	0.0714827928	0.0756823683	0.0905134165	0.0440986344
1	0.0100313427	0.0001406084	0.0035907777	0.0131539413	0.0186138082	0.0006025298	0.0000000015	0.1951176269	0.0000459024	0.7587034610
0	0.0198398837	0.0000209812	0.0723853745	0.0631710352	0.2772164277	0.0003052983	0.2477844904	0.1004391125	0.0107664538	0.2080709426
0	0.0106158538	0.0000521884	0.0228658381	0.0942468023	0.2519821199	0.0139054722	0.6049717496	0.0004173196	0.0000805717	0.0008620844
1	0.0089381570	0.0042981766	0.0757669013	0.0074758593	0.2549902345	0.3527598840	0.0052670848	0.0988062450	0.1426637270	0.0490337304
0	0.0236900211	0.1911911513	0.0000033033	0.0099502344	0.0101231748	0.0924860124	0.2408898304	0.1153773104	0.0258227496	0.2904662122
0	0.0052252027	0.0083957333	0.0331238547	0.0011265937	0.4513920505	0.0002057603	0.2277680835	0.0000004673	0.0070756416	0.2656866123
0	0.0351520085	0.0152481593	0.1146926311	0.1647998450	0.0421490147	0.1791164109	0.0937422141	0.1020563006	0.1399539318	0.1130894840
1	0.0108112736	0.7342755845	0.0000001487	0.0053989542	0.0687396598	0.0337660370	0.0048346208	0.0828201247	0.0060699338	0.0532836629
0	0.0383636388	0.2340483059	0.1205779107	0.0447203558	0.2013947952	0.0027403860	0.1114679851	0.0122929943	0.1768214450	0.0575721832
0	0.1122851740	0.1263888212	0.0083868889	0.2889169022	0.0567670400	0.0391243279	0.0285837562	0.3368455738	0.0000000011	0.0027015148
0	0.0010579307	0.0000371567	0.0240797010	0.0005664479	0.4445805259	0.0189616083	0.4053373658	0.0792641292	0.0249465739	0.0011685606
0	0.0000191177	0.0231380428	0.0233520371	0.2818856997	0.0038840127	0.0000031223	0.0659705596	0.3183167278	0.0212434599	0.2621872203
0	0.0519069241	0.2283471140	0.2251422427	0.0214267844	0.0016607696	0.0000004428	0.0861000296	0.0018560948	0.1218569876	0.2617026105
1	0.5605141298	0.0886759742	0.0000000000	0.2511666993	0.0208969094	0.0097412157	0.0643992880	0.0020259636	0.0025770036	0.0000028165
0	0.0000000020	0.0000943057	0.0059271961	0.0008229865	0.1639745972	0.0003897737	0.0870607650	0.6109367752	0.1307931029	0.0000004957
0	0.0138126660	0.0018166441	0.0328013836	0.0443827928	0.4096674572	0.0418327334	0.0680914966	0.0966266894	0.0114316901	0.2795364467
0	0.4007825199	0.0215186897	0.0063772770	0.0214572401	0.0046365610	0.0188736671	0.4405146382	0.0023366382	0.0007371361	0.0827656327
1	0.2340866579	0.0478751324	0.0106686371	0.0294052434	0.0412965259	0.0112249265	0.2319251505	0.0000023720	0.3845834009	0.0089319533
1	0.0010144560	0.0115012510	0.3359358721	0.0000114729	0.1482347544	0.0095379499	0.1211809403	0.3269019007	0.0098573904	0.0358240123
0	0.2542408002	0.0105896098	0.0272651306	0.0038636964	0.0214359476	0.0266525957	0.3084517176	0.2155766188	0.0786836812	0.0532402021
0	0.0082789055	0.0104528136	0.2816236316	0.0000554014	0.4919190778	0.0000145724	0.0333341522	0.1693481784	0.0031265249	0.0018467422
2	0.0736336341	0.4203966431	0.0000002342	0.3923265841	0.0104539267	0.0000000685	0.0027234373	0.0799967439	0.0000000013	0.0204687267
0	0.0120383140	0.1556658837	0.0085013517	0.0325971167	0.0946020481	0.3061915436	0.2938492714	0.0219600895	0.0193035395	0.0552908418
0	0.0909818717	0.0395797561	0.0147431837	0.1159273194	0.0180444134	0.0054213626	0.0683516496	0.4104864530	0.0029222031	0.2335417874
0	0.2878407896	0.0012038646	0.0004737233	0.0000000027	0.0207223026	0.0423688602	0.0361315455	0.0040616759	0.0000043426	0.6071928930
0	0.1024321357	0.0131381916	0.0049561694	0.0439943229	0.0430392395	0.0738856575	0.1925979671	0.0237760499	0.0405573836	0.4616228828
0	0.0230070967	0.1054978689	0.0448636383	0.1768568566	0.1791951177	0.0018752802	0.0947086646	0.2673406170	0.0941406500	0.0125142100
0	0.0843378458	0.0005118556	0.0045000995	0.0024114547	0.3524003105	0.1123088972	0.2314248899	0.0000000000	0.2052306446	0.0068740021
0	0.0000005778	0.0133831419	0.1463782459	0.5712225282	0.0655337054	0.0003207228	0.0942642505	0.0747484915	0.0046294447	0.0295188912
1	0.1192157092	0.0000000000	0.0024799640	0.0120016122	0.0000000000	0.0063509319	0.0219761581	0.6081690548	0.0041001444	0.2257064254
2	0.2577112958	0.0173850285	0.0004744819	0.0522237289	0.0490720957	0.0904165351	0.3426040728	0.1000835198	0.0032280478	0.0868011938
0	0.0368586763	0.0860375162	0.0000000000	0.0216157444	0.2297079746	0.0705093750	0.0277548143	0.4566920323	0.0109034624	0.0599204045
0	0.0830568589	0.0114756251	0.0319150190	0.0428919247	0.0029839308	0.0191100370	0.0346950624	0.7452486557	0.0019996521	0.0266232342
0	0.0230514487	0.0766510262	0.0098136434	0.0018791242	0.3234648397	0.3176210090	0.1624695615	0.0122947112	0.0407382321	0.0320164039
0	0.0000000000	0.4731013851	0.0125744673	0.3217531774	0.1193482036	0.0228677174	0.0257902440	0.0000000043	0.0001050205	0.0244597803
1	0.3769913783	0.0000000500	0.0022987769	0.0032147755	0.0204675738	0.1400161454	0.3836606491	0.0000009222	0.0401235627	0.0332261661
0	0.0274977901	0.0352569409	0.0000000007	0.0044693039	0.0120778935	0.0774243708	0.5896281516	0.0410176122	0.0064146971	0.2062132391
1	0.2270967908	0.0537171190	0.0002253825	0.0874939599	0.0001981674	0.1037284863	0.2514595255	0.1488240136	0.1269962659	0.0002602891
1	0.0296424979	0.0000000009	0.0205715049	0.0003412012	0.0394342798	0.1596901757	0.0042674306	0.4445856957	0.0047319871	0.2967352260
1	0.0788601506	0.2141974135	0.0102584125	0.0197441568	0.0000000000	0.0381032589	0.4105015714	0.1031825169	0.1243702950	0.0007822244
0	0.0249364900	0.0010833416	0.0000004414	0.0030964836	0.0065835737	0.0005895220	0.4895196794	0.2356779226	0.2106893695	0.0278231763
0	0.0000002228	0.1981797071	0.0000000000	0.3232577336	0.0107777887	0.0092050662	0.3355218274	0.0143973042	0.0652548280	0.0434055220
1	0.0292610922	0.0888398867	0.0924353640	0.0118153558	0.0000166027	0.0050863349	0.7130366288	0.0193111984	0.0294691993	0.0107283371
1	0.0024679648	0.0066159991	0.0000387861	0.0000000083	0.0131824529	0.0080802492	0.7497545276	0.0052649058	0.0000085675	0.2145865387
0	0.0003711760	0.0042757784	0.0000000000	0.0007633686	0.0012596084	0.0293379887	0.5712385398	0.0099028737	0.0000000000	0.3828506663
0	0.6894694508	0.0010101036	0.0035704868	0.0329799425	0.0238379852	0.0235648503	0.0595223485	0.0814719570	0.0691419001	0.0154309754
0	0.0010504593	0.0009385672	0.0006521480	0.0055413237	0.0331341324	0.0023687136	0.0883426298	0.3547057724	0.1313829028	0.3818833508
1	0.0129725910	0.0005539247	0.1029284192	0.5498490035	0.0005431072	0.0000000001	0.0000232348	0.1921546550	0.0010577322	0.1399173324
0	0.0630782950	0.0580111273	0.0000000000	0.2901078805	0.0028464164	0.0000000000	0.3512328100	0.0345824596	0.0014608094	0.1986802018
0	0.0007784730	0.1460731853	0.0000000000	0.0068082741	0.0262419119	0.0648092399	0.0000000063	0.0634095955	0.2240432306	0.4678360835
0	0.1268862806	0.1012309328	0.0790227471	0.0000000070	0.3246380792	0.0390585436	0.3090210930	0.0046341566	0.0081162701	0.0073918900
1	0.0210144841	0.0037868602	0.0062922611	0.0236351965	0.0012683823	0.0264093593	0.4880807588	0.0005991346	0.1481513761	0.2807621869
1	0.0000290995	0.0483133204	0.4084902721	0.0583488639	0.0137558417	0.1347028795	0.0291859838	0.1273150706	0.0008931131	0.1789655553
0	0.0000004486	0.0022420134	0.1205134452	0.1796874368	0.1770122196	0.0176187159	0.1044373802	0.3412619795	0.0532289832	0.0039973775
0	0.1953340804	0.0173909581	0.1791143987	0.0038380472	0.0816223815	0.0003123095	0.0157691412	0.3196168778	0.0238095939	0.1631922116
0	0.3484850053	0.0153087928	0.0056836518	0.0000000000	0.0310264340	0.0033752507	0.0429608722	0.3058573912	0.0215393258	0.2257632763
0	0.0094401122	0.0556451870	0.0510692781	0.0227776794	0.0122862088	0.0034142546	0.0114144722	0.8098887646	0.0028207489	0.0212432941
0	0.3461265795	0.0235805207	0.0006697613	0.0174026597	0.0187204712	0.0000000000	0.1087796531	0.0122691955	0.0512793199	0.4211718391
1	0.2031568411	0.1912879508	0.0895463533	0.0381764022	0.0271757513	0.0002915793	0.4214525684	0.0107186015	0.0069853508	0.0112086012
0	0.0206700041	0.0016124238	0.0000000000	0.2605635310	0.0785579753	0.4346724270	0.0818870453	0.0007360346	0.0389214403	0.0823791186
0	0.0276824783	0.1399090795	0.0000026493	0.0163838884	0.0162567344	0.0000000000	0.7763356482	0.0199878760	0.0002060767	0.0032355691
0	0.0595251786	0.0575739047	0.2535564746	0.0000180905	0.3343288880	0.0005114282	0.0456178096	0.0171301419	0.1768808545	0.0548572295
0	0.0009152984	0.0034364676	0.0026318579	0.8208110949	0.0295830278	0.0000000654	0.0568011885	0.0767201688	0.0000020006	0.0090988301
1	0.0023454819	0.0832244752	0.0000000000	0.2861651202	0.5602673044	0.0001204113	0.0029149997	0.0067467428	0.0105597041	0.0476557603
0	0.0009371267	0.2269963554	0.3661891352	0.1624513222	0.0020109154	0.2230262376	0.0117852268	0.0000023595	0.0014523034	0.0051490178
1	0.1809231222	0.0310883134	0.0145445558	0.0013185456	0.0294262580	0.5845622054	0.0298693966	0.0370837922	0.0494805866	0.0417032243
0	0.0682187146	0.1852313616	0.0227127222	0.0411913222	0.0521357932	0.0873161811	0.5259673070	0.0044079261	0.0055281719	0.0072905001
1	0.0232139114	0.0655328764	0.1018773423	0.0902385131	0.0353464935	0.0639749005	0.3375316869	0.0128512967	0.1663112722	0.1031217070
1	0.0324039105	0.1998514701	0.1747058457	0.2222423356	0.1121306258	0.0037947098	0.0752894686	0.0029085133	0.0107742734	0.1658988472
1	0.0223151473	0.0104427755	0.0149129043	0.0606735292	0.3426626848	0.0007754743	0.4259910010	0.1097286783	0.0107853885	0.0017124169
0	0.0706338034	0.0016901606	0.2592183486	0.3375761768	0.0020461150	0.0000000015	0.0246547473	0.0398560112	0.2602158860	0.0041087496
0	0.3247316354	0.0374930635	0.0216635358	0.0043380312	0.0280934781	0.0162829539	0.2219562913	0.0900744327	0.0010051873	0.2543613907
1	0.2212924228	0.0007418815	0.0061462874	0.0345040682	0.5147076057	0.0000000594	0.1132883243	0.0536908854	0.0056820962	0.0499463690
1	0.0684567692	0.0000199437	0.1516668516	0.2047863435	0.3545259446	0.0024923504	0.0443518006	0.0091847848	0.0162538662	0.1482613455
0	0.0175660514	0.0516143131	0.0082395212	0.2105793575	0.0184961429	0.0079819720	0.0016286277	0.1091701784	0.0086771570	0.5660466789
0	0.0007410543	0.0541980114	0.0280730549	0.0405522740	0.4093005929	0.0466088640	0.1548447032	0.0341278585	0.2277057791	0.0038478077
0	0.0543513474	0.0384211100	0.0059190658	0.0024762349	0.0027303148	0.2426151408	0.6037326319	0.0000312732	0.0000123210	0.0497105603
1	0.0032222978	0.0314308942	0.0000944935	0.0000763926	0.0000000123	0.1260187842	0.1418969357	0.0777851798	0.0000000008	0.6194750091
0	0.0032497254	0.0304950852	0.0002758991	0.0457252440	0.0020527404	0.1025494787	0.2520817771	0.0541457183	0.2691275748	0.2402967572
0	0.0294650966	0.0050955112	0.0000000140	0.0004385480	0.1022989717	0.1060103445	0.7220818850	0.0093449164	0.0001034714	0.0251612410
0	0.0001763792	0.0047254900	0.0145814874	0.0739523776	0.6392164334	0.0318402618	0.1318488154	0.0040412362	0.0279612129	0.0716563061
0	0.0013118131	0.0999340520	0.0007442319	0.4601017715	0.0007644487	0.0000003836	0.1308522391	0.0229376240	0.2285900455	0.0547633906
0	0.1015227878	0.0030684051	0.0005797544	0.0384036998	0.0170745116	0.0294653033	0.1333333781	0.0015823328	0.0058088194	0.6691610077
0	0.0239258248	0.1322921591	0.1184231100	0.3088710115	0.1090312413	0.0204763679	0.0083839088	0.2295916834	0.0257721328	0.0232325603
0	0.1117478836	0.0001899421	0.0793146470	0.0405379020	0.0993840970	0.1058156166	0.0812756093	0.3166140704	0.0972140920	0.0679061399
1	0.0008160880	0.4629430195	0.0117432606	0.0513624805	0.3395363042	0.0092532792	0.0622737805	0.0022646733	0.0396594452	0.0201476690
0	0.0496226161	0.0125462215	0.0000943946	0.0002124570	0.6155584883	0.0008216040	0.0397237881	0.1254226770	0.0070090248	0.1489887286
0	0.0081464643	0.0011591652	0.0042652189	0.0010114010	0.0294739206	0.1849820077	0.1940317388	0.0381783724	0.0246893226	0.5140623886
0	0.0022524659	0.0130743767	0.0169796179	0.0969970045	0.0499762889	0.0215804138	0.2142779955	0.0703428161	0.5142923915	0.0002266293
0	0.0090849459	0.2312565589	0.0015164145	0.1476224233	0.0729131904	0.0000516037	0.4055114454	0.1247365391	0.0004637471	0.0068431316
1	0.0033095182	0.0029052966	0.0000000000	0.0000007476	0.0036942659	0.0493347401	0.2677549924	0.0957433786	0.0055369706	0.5717200900
0	0.0062006431	0.0026018728	0.0210475819	0.0080218288	0.7748884676	0.0290145546	0.1225331527	0.0328618498	0.0000034095	0.0028266392
0	0.0594477377	0.0587080914	0.0108735078	0.1035714913	0.4879385434	0.0101271945	0.0001760307	0.0831523908	0.1822880109	0.0037170014
0	0.0061958325	0.0369770651	0.0422800212	0.1019643752	0.0435474005	0.0073054446	0.0423396756	0.0066510047	0.0017762998	0.7109628807
1	0.0200083740	0.3007090909	0.0000033204	0.0487826002	0.0520927530	0.0000484678	0.0348933408	0.0003916189	0.2033778623	0.3396925718
1	0.1043275372	0.0514074046	0.0046383779	0.0261705676	0.0065638204	0.0000000012	0.7415395321	0.0251495891	0.0390261788	0.0011769910
0	0.0899322358	0.1308052653	0.1682544039	0.3344993955	0.1626794431	0.0446200855	0.0462756476	0.0192087828	0.0037236542	0.0000010862
0	0.0450906561	0.0017234794	0.0010436713	0.0018222469	0.0000013700	0.2301395214	0.0710203745	0.0050577648	0.5671569950	0.0769439207
1	0.0035750871	0.0018048405	0.0234456726	0.0121433789	0.0000001027	0.0441860463	0.0038636468	0.0000434272	0.2259524015	0.6849853963
1	0.0047348184	0.0629429788	0.0335991990	0.0000015342	0.0793821635	0.0347785262	0.6693041964	0.0635524362	0.0474498100	0.0042543374
0	0.3064160291	0.2937326970	0.0000000000	0.0162912544	0.0196434442	0.0047847136	0.2434215701	0.0304255251	0.0350011222	0.0502836444
0	0.0046976238	0.3781426044	0.0843899213	0.0857480651	0.0186048163	0.0232556992	0.2925845666	0.0467098958	0.0644392604	0.0014275471
0	0.1139880641	0.0571636443	0.1640438175	0.0012637504	0.0065048250	0.0697655386	0.4342123363	0.0064120018	0.0914148917	0.0552311303
1	0.0080889106	0.0739256757	0.0321448629	0.4211181478	0.0055421067	0.0040104272	0.3780995342	0.0348178295	0.0370321537	0.0052203517
0	0.0152127317	0.0469836847	0.0007949959	0.0931145303	0.1010873051	0.0088291713	0.0855213700	0.5908251154	0.0355675146	0.0220635808
0	0.4041771984	0.0060157289	0.0692057307	0.0000001936	0.2044356941	0.0011538565	0.0000896940	0.1883548061	0.1033587916	0.0232083061
0	0.0915265513	0.0241043826	0.1224055531	0.0867670643	0.4382772478	0.0802599856	0.0891980400	0.0180602101	0.0028128302	0.0465881348
1	0.0000011616	0.0015385854	0.0117856032	0.1669539636	0.3780465613	0.0000000394	0.0321955910	0.0737344893	0.2735437656	0.0622002396
1	0.0951485910	0.0146660627	0.0000000000	0.2290357475	0.3645598735	0.0179299024	0.1965146772	0.0176789419	0.0047572963	0.0597089075
1	0.0012896679	0.1188380312	0.0001346043	0.5523806217	0.0323709448	0.0017813782	0.0536340982	0.0452253649	0.1549651794	0.0393801092
0	0.0923137241	0.0000000004	0.1887534307	0.1918795733	0.2713125622	0.0085458651	0.0277929133	0.0284811040	0.0698401167	0.1210807101
0	0.0464692853	0.0385797567	0.0000000000	0.0041353025	0.0330232859	0.1715130066	0.6133079642	0.0350322612	0.0513275954	0.0066115421
1	0.0737782419	0.0103370379	0.0082663398	0.0009934762	0.0041634266	0.2709495717	0.0472908002	0.0006864257	0.0000000000	0.5835346800
0	0.1020337851	0.0005235541	0.0000000000	0.0214454836	0.0009608801	0.2751372778	0.3369190815	0.1113606284	0.0288408587	0.1227784506
1	0.0176030791	0.0056611707	0.0203282016	0.0083109522	0.1476047693	0.2251928448	0.2570276178	0.1479998941	0.1087089448	0.0615625256
0	0.0284797217	0.0031369686	0.0666322507	0.0000000000	0.5215732409	0.2727785438	0.0157503112	0.0568178076	0.0173538030	0.0174773526
0	0.0000000127	0.0328764185	0.0542546443	0.0002685483	0.0001809681	0.0556608137	0.4771917683	0.0115189412	0.2007317832	0.1673161016
1	0.0307912633	0.0000000000	0.0070954332	0.3044836167	0.0155681613	0.3667202643	0.0395566679	0.2268830204	0.0054812184	0.0034203546
0	0.0009407348	0.0595656384	0.0627293879	0.0266870290	0.1236180850	0.0007310887	0.2497490432	0.2528527212	0.0039318345	0.2191944373
1	0.6294179548	0.0262371829	0.0280163760	0.0331206976	0.0015903743	0.1173401216	0.0124723902	0.1054431548	0.0231994813	0.0231622665
0	0.0029631298	0.0089942767	0.0270073431	0.0380405287	0.1423356184	0.0369876885	0.6824466451	0.0099702275	0.0144634689	0.0367910732
0	0.0129064352	0.0597702429	0.0159527102	0.0335037065	0.0578451165	0.0089048709	0.3176077022	0.0244795953	0.0680600780	0.4009695423
0	0.0143819226	0.0010930750	0.0831471518	0.0415155222	0.1107724046	0.2074799670	0.1921813701	0.0452350322	0.0088677953	0.2953257593
1	0.0000000000	0.1267970327	0.0073415251	0.0596362165	0.0005004457	0.1120617303	0.3356586513	0.0784180809	0.0142269614	0.2653593560
0	0.0994063568	0.0285576920	0.0000000000	0.0098725492	0.1084218524	0.0904386986	0.2468800902	0.2759063153	0.1403318321	0.0001846134
