0	0.0785967995	0.0794339844	0.0504170202	0.1640858148	0.3197556481	0.0180572460	0.0843141891	0.0000039299	0.1941750096	0.0111603584
1	0.1307252141	0.1311713211	0.0366143495	0.3965665471	0.2113199615	0.0765622094	0.0153341981	0.0000000000	0.0017061992	0.0000000000
1	0.5872158006	0.0929109053	0.0043963485	0.0410644729	0.0670752869	0.0612792811	0.1073624264	0.0000010428	0.0005262113	0.0381682242
0	0.0068924369	0.1016720513	0.2541946710	0.0364342044	0.2982387642	0.0000000022	0.1807370743	0.0014499921	0.0055290008	0.1148518028
0	0.0637759430	0.2222176853	0.1380417794	0.2279908580	0.1019991979	0.0018816405	0.1807564487	0.0084561049	0.0547516217	0.0001287205
0	0.0009545815	0.0111987530	0.0354220208	0.0035384095	0.0986376343	0.0000000003	0.0048757085	0.0000075892	0.8288575899	0.0165077129
0	0.0352745699	0.1894042065	0.4851097965	0.0000008955	0.1873483621	0.0000000000	0.0059799545	0.0181936715	0.0000001030	0.0786884406
0	0.0001853363	0.0224496641	0.0086374216	0.1162702563	0.6719569396	0.0000000000	0.0668521891	0.0143028132	0.0629690771	0.0363763027
1	0.0932034560	0.0455101736	0.0000102564	0.4562406265	0.0002309545	0.0006272850	0.0000000062	0.0000211329	0.3788147274	0.0253413816
0	0.1035695007	0.3411922192	0.0205886281	0.0509955297	0.4049316432	0.0024540741	0.0000000000	0.0170532648	0.0235978118	0.0356173285
0	0.0000003798	0.0328268879	0.0276928373	0.3364189605	0.0327960302	0.0750768980	0.0169834310	0.0967942953	0.3813088755	0.0001014045
0	0.0186764428	0.1929511525	0.0138743505	0.0028661136	0.1012022930	0.1860851842	0.0024613351	0.0000000011	0.0769168839	0.4049662433
0	0.0252155265	0.5855769083	0.1672271480	0.1599990937	0.0033596600	0.0000002310	0.0163709607	0.0404147290	0.0011186744	0.0007170683
2	0.0976787092	0.4256209428	0.1464175835	0.1603890234	0.0214397418	0.0000000000	0.1280163060	0.0140815740	0.0000001732	0.0063559462
0	0.0733801295	0.4545428793	0.1050885524	0.0019094230	0.0120657296	0.0028585028	0.0199886630	0.0929121111	0.0113292833	0.2259247261
0	0.5912659168	0.1375700462	0.0000951173	0.2163377491	0.0000000015	0.0204359357	0.0003796926	0.0328703343	0.0000000065	0.0010452001
1	0.0094682864	0.0087436502	0.0127812940	0.0310425733	0.8658836960	0.0250412124	0.0066968944	0.0000052900	0.0356000741	0.0047370293
0	0.0000007947	0.0675202890	0.0045058033	0.1418413019	0.1374591152	0.0664102653	0.1473250131	0.0000000021	0.4347642513	0.0001731642
0	0.2099270499	0.2022585236	0.1584467382	0.1225753268	0.0455771374	0.0001840940	0.1411421693	0.0000007498	0.1198882096	0.0000000015
0	0.0016721378	0.0009156642	0.0000001229	0.2357225114	0.6914078329	0.0092767618	0.0373191851	0.0000000000	0.0236857838	0.0000000000
0	0.0101466231	0.7151889073	0.0186664714	0.0000680326	0.0347249103	0.0000000000	0.0364170603	0.0678161890	0.0884730240	0.0284987821
0	0.0024502146	0.0349913277	0.0795531049	0.2799099298	0.0015823751	0.1180912650	0.4733043679	0.0000000000	0.0099942809	0.0001231342
1	0.1040741304	0.0842005143	0.3432074836	0.0107400831	0.0000138908	0.0045107774	0.0003155004	0.4519888485	0.0009487715	0.0000000000
1	0.5999583346	0.1729475942	0.0089359855	0.1828060582	0.0097678887	0.0006645494	0.0001067669	0.0000000000	0.0248128225	0.0000000000
1	0.6439213153	0.0892265951	0.0000000012	0.1904644981	0.0010916851	0.0275543602	0.0163294606	0.0274894168	0.0007730056	0.0031496619
0	0.3205494499	0.1185304660	0.0026937315	0.0039238666	0.0430577647	0.4153438548	0.0101590447	0.0779707898	0.0000000000	0.0077710320
2	0.0750396168	0.3036309488	0.0124614335	0.0969410000	0.2865116002	0.0000000000	0.0179004452	0.0000000000	0.1095800557	0.0979348997
0	0.1555188451	0.0355720511	0.1846556230	0.0225593090	0.0215427242	0.0018727707	0.0803396694	0.0630065850	0.4320847142	0.0028477082
0	0.0482151425	0.1557870647	0.0134476657	0.0576399197	0.6771743500	0.0066610998	0.0105059435	0.0053880324	0.0249440244	0.0002367573
0	0.0058896747	0.1756429120	0.0637152296	0.0504708903	0.4511269413	0.0000000000	0.1005294673	0.0158111749	0.0597603405	0.0770533692
1	0.1960985441	0.3474279045	0.0765931685	0.0810571830	0.1101869847	0.0682415373	0.0001474768	0.0000017954	0.1139715821	0.0062738235
0	0.2231650254	0.0247910917	0.1273870164	0.0267967209	0.0278531438	0.1203132709	0.2295538120	0.0010017981	0.0000000000	0.2191381209
1	0.1968102678	0.5463533414	0.0548993809	0.0368447632	0.0004299810	0.0081299957	0.1154427282	0.0379758063	0.0031137278	0.0000000076
1	0.0018739670	0.2767356938	0.2759229420	0.4078568786	0.0091970583	0.0000000000	0.0000651976	0.0061135739	0.0222229196	0.0000117692
0	0.0005489177	0.0546048135	0.0028956621	0.1893045932	0.1809513233	0.0000000000	0.4880962269	0.0000000006	0.0831832273	0.0004152354
1	0.0199982136	0.2687303292	0.0256731551	0.2906385636	0.0917518414	0.0383474581	0.0000004685	0.1240220710	0.0293394114	0.1114984880
0	0.0000000000	0.6532969565	0.0161386495	0.0619175433	0.0084160441	0.0000001665	0.0694606097	0.0901025130	0.0442009868	0.0564665306
0	0.6115277125	0.1019142954	0.0809723763	0.0758680786	0.0921210855	0.0336118812	0.0000000000	0.0000001643	0.0011519979	0.0028324083
0	0.0005867039	0.2527000787	0.0034575833	0.1897006607	0.2385166292	0.0009415884	0.0072812428	0.0003793934	0.2477444162	0.0586917033
0	0.0007899448	0.8000977577	0.0104369266	0.0000019642	0.0322093513	0.0312625592	0.0115130931	0.0000000000	0.1136881934	0.0000002098
0	0.0040317224	0.1195241773	0.1087305278	0.1816180806	0.0187899591	0.0009466230	0.0555213484	0.0000000000	0.3224229835	0.1884145780
0	0.0705090547	0.1738727194	0.0339197863	0.0038850579	0.6986338976	0.0079047726	0.0000014904	0.0000004123	0.0106532616	0.0006195473
1	0.0236246527	0.3813894032	0.1418613325	0.0375471431	0.3592122047	0.0000004200	0.0518021965	0.0041643395	0.0003982914	0.0000000165
1	0.0161119064	0.0818116995	0.0962217908	0.4644763007	0.2655464596	0.0335392175	0.0008017387	0.0000057031	0.0048002004	0.0366849833
1	0.0407379280	0.0039098403	0.0356581268	0.5515802590	0.3470216412	0.0037599914	0.0001986047	0.0000000856	0.0142608248	0.0028726982
0	0.0243149813	0.0047936826	0.0318732347	0.0047782508	0.9129888727	0.0020144597	0.0049378241	0.0017158422	0.0002483164	0.0123345353
0	0.0408551505	0.3125942474	0.0063801225	0.0287345842	0.4503618679	0.0004398283	0.0000230205	0.0145954801	0.0569489521	0.0890667464
0	0.2479503052	0.0622003934	0.6015287805	0.0117229205	0.0547253220	0.0086108558	0.0000000000	0.0122719933	0.0009894293	0.0000000000
0	0.3584451358	0.0009876527	0.0560305697	0.4995328592	0.0367337497	0.0000000021	0.0024285156	0.0009873327	0.0392520574	0.0056021251
0	0.6922607987	0.0000041823	0.0000051882	0.0000045118	0.1096474760	0.0000184003	0.0152895605	0.0167680449	0.1509892329	0.0150126045
1	0.1721707460	0.5502303438	0.0904827622	0.0064585042	0.1290006606	0.0209855227	0.0000000135	0.0230128796	0.0000006377	0.0076579298
0	0.1592590688	0.3893631219	0.2021904954	0.0000078437	0.0703173713	0.0115581246	0.0274304385	0.0000125232	0.1028788603	0.0369821524
0	0.0168617981	0.0051520871	0.0064294027	0.9578536851	0.0008971307	0.0045552101	0.0031233667	0.0045963304	0.0005253644	0.0000056246
0	0.0120873667	0.2752758639	0.0209386386	0.0023269388	0.6783180234	0.0000000000	0.0044183150	0.0000105464	0.0000009582	0.0066233489
0	0.1682675078	0.6180755948	0.0073864498	0.0361214000	0.0477329376	0.0007721084	0.0822526971	0.0000017678	0.0320750755	0.0073144612
0	0.0134384081	0.0742671355	0.0323666604	0.0712177239	0.0113560079	0.0000766375	0.4898927117	0.1555535120	0.1048045963	0.0470266067
0	0.0000030783	0.0010958466	0.0736300110	0.2983327003	0.0260217271	0.0000000000	0.4400383338	0.0538998348	0.0222952007	0.0846832674
0	0.0043190065	0.3804222496	0.0005068875	0.1513281446	0.0553942223	0.1127376825	0.0830910683	0.0785171450	0.1326597516	0.0010238420
0	0.0000543102	0.0010002192	0.3179396493	0.0056116164	0.3823704916	0.0000000000	0.0000000000	0.0264130651	0.1213782537	0.1452323944
0	0.1325823710	0.0778525167	0.0287396643	0.4666181343	0.0000048233	0.0345261322	0.0401459303	0.0002876431	0.0041278024	0.2151149824
1	0.0107849581	0.0311726303	0.4637753877	0.0192286209	0.3140631162	0.0354210210	0.0063226582	0.1191180262	0.0000180601	0.0000955214
1	0.0073089197	0.0252804854	0.4064928981	0.0857100570	0.4502942179	0.0070321442	0.0049021111	0.0000000000	0.0000001249	0.0129790419
2	0.0328314473	0.0011998088	0.0015096758	0.9208984243	0.0242311466	0.0097035837	0.0018494658	0.0000337793	0.0072582315	0.0004844367
0	0.0204170444	0.7611393332	0.0113498867	0.0247413034	0.0176722965	0.0000106183	0.0005667609	0.0168226188	0.0038972565	0.1433828814
0	0.0000034788	0.1691415863	0.1642910211	0.2141889809	0.3022095136	0.0010448516	0.0870429125	0.0003521155	0.0000000000	0.0617255396
0	0.2072565002	0.2818905245	0.3154485535	0.0181544769	0.0002021953	0.0082448201	0.1265358184	0.0000000000	0.0035862086	0.0386809025
1	0.0599052311	0.0002494616	0.0004745717	0.0970770158	0.5725727902	0.0000000037	0.0745454669	0.0038145868	0.1650379951	0.0263228772
0	0.0688781780	0.0807118250	0.0103882944	0.3070903974	0.1425391623	0.0127160004	0.0398607275	0.1146020944	0.2231792529	0.0000340677
0	0.0004110510	0.3392578032	0.0818599607	0.0202674524	0.5461735080	0.0003648573	0.0015046778	0.0006364260	0.0016760951	0.0078481684
0	0.0211648748	0.5667084029	0.0099410759	0.0370700281	0.2184878998	0.0039589227	0.0514152607	0.0057258728	0.0807846944	0.0047429679
0	0.1459770399	0.0724052124	0.4770910838	0.0709180207	0.0321402476	0.0107660212	0.0000123520	0.0850959827	0.1055927156	0.0000013243
0	0.0019820196	0.0074882195	0.0197594007	0.0024668251	0.7388938714	0.0005219864	0.0227292975	0.0000000060	0.1645669732	0.0415914006
0	0.3755972344	0.0151831504	0.1706792837	0.2435644671	0.1731783885	0.0000000000	0.0121147171	0.0000000000	0.0012484995	0.0084342594
0	0.1089172093	0.0000000484	0.0011295680	0.1060090530	0.0042200917	0.0074767531	0.0000012931	0.6869672200	0.0852787635	0.0000000000
0	0.0263327175	0.1142885942	0.0900696297	0.0110873195	0.1190486778	0.0058535960	0.0052301408	0.0000000000	0.0060868039	0.6220025206
0	0.3932869293	0.0022843610	0.0115243306	0.0414837700	0.3112795735	0.0361773384	0.1547626020	0.0125826419	0.0000000000	0.0366184533
1	0.0025202848	0.2256952911	0.1501364072	0.0457303794	0.5228418565	0.0002531510	0.0084302746	0.0010883971	0.0433039541	0.0000000042
1	0.0358788653	0.4439270896	0.1277943110	0.0552164084	0.0183050441	0.1247027895	0.0933795159	0.0003806506	0.0590296447	0.0413856808
0	0.2415027736	0.0707331700	0.1251131961	0.0000000072	0.0520048020	0.1367144163	0.1634035031	0.0551878716	0.1553254484	0.0000148117
1	0.0000166445	0.0585701159	0.0708030653	0.0000887303	0.4960831457	0.0000196284	0.0030740921	0.0741602944	0.2781879714	0.0189963121
0	0.0869653045	0.6734274868	0.0346818075	0.0259163412	0.0031214526	0.0007553459	0.0841152590	0.0903225602	0.0000867819	0.0006076604
1	0.0000755953	0.6277966883	0.0055360391	0.0003630911	0.3290510025	0.0012216061	0.0001208971	0.0000009574	0.0173627555	0.0184713676
1	0.0017975429	0.3842582907	0.0304792640	0.2193215457	0.0916693284	0.0000006664	0.0130624920	0.0650296656	0.1943811983	0.0000000059
1	0.0000000000	0.0236603635	0.0850062459	0.0344562869	0.5199703478	0.0045922916	0.2797509230	0.0504229292	0.0000021846	0.0021384275
0	0.0129483842	0.0263079419	0.2147211976	0.0000883602	0.0869781937	0.4263600699	0.0922655755	0.0065731810	0.0046095939	0.1291475021
2	0.0397094607	0.5050126314	0.0806587248	0.0469775032	0.0663183168	0.0020011320	0.0096617960	0.1364972806	0.1120233866	0.0011397678
1	0.2972736373	0.0071920758	0.0828252353	0.0759883533	0.0783577368	0.0517292549	0.0521211719	0.0057198641	0.0313061953	0.3174864754
0	0.1772373799	0.0000000136	0.0000000000	0.0571316260	0.0003517882	0.0017818308	0.1786929933	0.2194780984	0.3653262698	0.0000000000
0	0.4768676622	0.1495863049	0.0024730179	0.2522194410	0.0189453699	0.0001798779	0.0255240977	0.0000000002	0.0407538358	0.0334503924
0	0.0001031506	0.0486112688	0.0005482931	0.1969802233	0.6931303287	0.0142369032	0.0022093101	0.0314052775	0.0056185681	0.0071566765
0	0.0514046030	0.3405582439	0.0686599829	0.1418053403	0.0052077824	0.0000059745	0.2175421399	0.0159570286	0.1244110231	0.0344478815
0	0.4716292036	0.1610147877	0.0000027228	0.0198082946	0.0075732636	0.0249074927	0.0000000000	0.0294338334	0.2703287082	0.0153016934
0	0.0000278310	0.1410754997	0.0326036376	0.0100332258	0.0000000083	0.0129580755	0.0000217992	0.0221554092	0.7811245137	0.0000000000
1	0.0173191394	0.0359695126	0.0023271975	0.1710940389	0.0824262436	0.3661391813	0.0000000005	0.0000002716	0.1910155047	0.1337089098
1	0.5934690157	0.0448159456	0.0330717516	0.0203313415	0.0077075674	0.0739420055	0.0512362724	0.0000000026	0.1734402533	0.0019858443
0	0.0632583091	0.1130977149	0.1101391016	0.5027346061	0.1131622187	0.0355606432	0.0176916557	0.0001703849	0.0287920346	0.0153933312
0	0.0008260246	0.1081324365	0.0401519349	0.2974820302	0.2711962541	0.0235277045	0.0490143910	0.0044261686	0.0745822314	0.1306608244
1	0.0254603361	0.6683440239	0.0219969245	0.0178679807	0.0254413842	0.0039486555	0.2043691095	0.0018482339	0.0113625064	0.0193608452
0	0.0214766660	0.0964005857	0.0027194133	0.2255842175	0.4471108954	0.0573810724	0.1026010257	0.0376362238	0.0054323739	0.0036575264
1	0.0187630557	0.3579986805	0.1872217306	0.1500706713	0.1003721391	0.0000000000	0.0605932244	0.0837533103	0.0412271882	0.0000000000
2	0.0000000155	0.1374282571	0.0292373097	0.7264363196	0.0009463552	0.0238231546	0.0000008501	0.0000000005	0.0211417938	0.0609859437
1	0.0000017404	0.0735336130	0.4072917281	0.0771853440	0.2827438835	0.0000000004	0.0000000000	0.0093820200	0.0017066022	0.1481550683
0	0.0103778930	0.1441113815	0.2097944163	0.0832310104	0.0175386440	0.0022479177	0.1261395230	0.4043059143	0.0015964409	0.0006568589
0	0.0357041662	0.1442256270	0.0347199724	0.5236697655	0.0783289478	0.0310386248	0.0733022611	0.0155540970	0.0367464873	0.0267100508
1	0.0032836979	0.0023897868	0.1157758644	0.8112706606	0.0000058216	0.0002727906	0.0391185067	0.0261476421	0.0007799700	0.0009552593
1	0.0906892367	0.0350093211	0.0014883267	0.0632240725	0.7715670160	0.0004420865	0.0185781659	0.0000000000	0.0011635415	0.0178382331
0	0.5126211500	0.0767312710	0.0194310606	0.0010824747	0.0845823233	0.0145086756	0.0002580382	0.0000009351	0.1845573130	0.1062267586
0	0.4709430338	0.0223076007	0.0648609806	0.0434994572	0.0875027374	0.0002742100	0.0000523085	0.2940422055	0.0165174664	0.0000000000
0	0.1495335386	0.0843546497	0.0076953244	0.0744380195	0.0915125888	0.0032032854	0.0000280001	0.2358520849	0.2975138860	0.0558686226
1	0.2653363804	0.0046672941	0.0063549608	0.4006922549	0.1199882446	0.0049491919	0.0013246635	0.0094309321	0.1732761685	0.0139799091
1	0.0815726183	0.0549765763	0.0382546937	0.5590440758	0.2617965736	0.0000065956	0.0006547672	0.0000047963	0.0013777088	0.0023115944
1	0.0000193894	0.0000496639	0.0065143853	0.2362349703	0.4599836130	0.0055699860	0.0403241228	0.1600515566	0.0000004795	0.0912518333
1	0.0302265387	0.7345351174	0.0231212864	0.1237644548	0.0105226974	0.0102942255	0.0270514012	0.0040603416	0.0316217430	0.0048021940
1	0.1567339151	0.1899395553	0.0597729873	0.0065816354	0.0399557460	0.0000000000	0.0496667351	0.0765416012	0.3883658469	0.0324419778
1	0.0019607881	0.0000268096	0.0078246698	0.0009002339	0.9806264504	0.0008387641	0.0061818881	0.0000000025	0.0001802354	0.0014601580
1	0.0088263633	0.5130357589	0.0741330794	0.0267042252	0.1858252842	0.1170686691	0.0000000000	0.0003047547	0.0000000000	0.0741018653
0	0.0017951834	0.5923637451	0.0477549624	0.0061616798	0.0730573608	0.2092222369	0.0163263317	0.0067573746	0.0465581731	0.0000029521
0	0.2992565267	0.1074525966	0.1121274788	0.3297635494	0.0001590456	0.0000000000	0.0000000026	0.0862580281	0.0436797114	0.0213030608
0	0.0585125086	0.2288671659	0.3314269658	0.1466825880	0.0079436312	0.1087942974	0.0000730005	0.0819136771	0.0082526572	0.0275335084
0	0.7635375420	0.0274199054	0.0012817311	0.1170722685	0.0236966502	0.0013905220	0.0033307682	0.0000949459	0.0000038955	0.0621717713
0	0.4637005293	0.0000126441	0.0000025466	0.2968774014	0.0002577197	0.0042413116	0.0512237671	0.0038440282	0.0592290977	0.1206109542
0	0.0028134027	0.0349047854	0.0000133330	0.0001817454	0.8941029385	0.0076448269	0.0350078935	0.0001004422	0.0252294504	0.0000011822
1	0.0004142493	0.1397197775	0.0258723642	0.0724329930	0.5353431120	0.1143286702	0.0214629280	0.0460206672	0.0290310621	0.0153741765
1	0.3407658336	0.2319227950	0.0257931633	0.0106813441	0.0616384054	0.2172677912	0.0156110465	0.0275241583	0.0339742689	0.0348211937
1	0.0000075562	0.0587039381	0.1374628925	0.4014912242	0.1758042704	0.0139033582	0.0999865343	0.0006539239	0.0216333967	0.0903529055
0	0.7762277956	0.0000000001	0.0008252079	0.0367171498	0.0294080141	0.0000000000	0.0523901210	0.0899473693	0.0052076577	0.0092766845
0	0.2951800938	0.2204543243	0.0341678839	0.3769906962	0.0571526187	0.0000244085	0.0000000000	0.0145787027	0.0000000058	0.0014512662
0	0.4375205046	0.0305820031	0.3340675754	0.0000739554	0.1113421405	0.0000001305	0.0413991945	0.0000000000	0.0338240515	0.0111904445
1	0.0376209353	0.1846216284	0.0723252144	0.3491429850	0.1178705286	0.0057814909	0.0188557812	0.1804822524	0.0321046595	0.0011945242
0	0.0130556546	0.0098148660	0.0116582393	0.0472662818	0.8052518716	0.0114682408	0.0099177608	0.0000232735	0.0915435304	0.0000002812
1	0.0022481833	0.0550578691	0.3531268880	0.0563625243	0.3889226750	0.0000000000	0.0012815066	0.0000001742	0.1053954446	0.0376047350
0	0.4851496678	0.0957851522	0.1103579248	0.0537283425	0.0078315121	0.0615309707	0.1304562846	0.0000115787	0.0547156583	0.0004329085
1	0.0249230798	0.1546162864	0.0013462938	0.0077735276	0.5309954507	0.0001014259	0.1366724814	0.0318506815	0.0581529280	0.0535678449
1	0.0173689757	0.2531547531	0.0803849625	0.1462781469	0.0000000372	0.0504281439	0.0858431193	0.0000001065	0.1377825201	0.2287592348
1	0.1428123569	0.0229081536	0.1503350550	0.1846551836	0.0107814505	0.0041277273	0.2042198709	0.1768722604	0.0002951612	0.1029927806
1	0.4589865549	0.0249962102	0.0044380411	0.1673376534	0.0026441040	0.0000000186	0.0102025597	0.1521857695	0.1785130464	0.0006960422
1	0.0001640175	0.2582758318	0.0004880965	0.0067635909	0.0371689158	0.0105845686	0.6620268815	0.0000000000	0.0166520244	0.0078760731
0	0.0000162116	0.5502052354	0.1007740267	0.0375095431	0.1553380284	0.0046159238	0.1375861929	0.0033081616	0.0002766337	0.0103700428
1	0.2598652293	0.1635486316	0.0363450142	0.0216783283	0.1968418746	0.0213021217	0.0001502374	0.0028520093	0.1994107336	0.0980058201
1	0.0305019529	0.1000956112	0.1943282237	0.2540055786	0.1065543904	0.0192137008	0.0102011167	0.0066158759	0.2756198817	0.0028636680
0	0.0157676040	0.0450680477	0.0012827339	0.8077291328	0.0381058143	0.0025918895	0.0027023192	0.0001649928	0.0010793680	0.0855080978
0	0.0007487802	0.0887462310	0.0110138587	0.0062362308	0.8916815350	0.0006299580	0.0009357959	0.0000003222	0.0000072882	0.0000000000
0	0.0010395474	0.0158370890	0.0029719473	0.0014651548	0.9596629301	0.0000583620	0.0068137115	0.0000054016	0.0102828455	0.0018630108
0	0.0032549809	0.0056238034	0.0029880829	0.0000086871	0.9837161511	0.0000000000	0.0000879054	0.0033841942	0.0000589295	0.0008772655
0	0.0150116914	0.2698910490	0.1422449716	0.3921053818	0.0134461532	0.0049008737	0.0000000000	0.1623974157	0.0000024635	0.0000000000
1	0.0012417247	0.3861369462	0.0018579123	0.0091119227	0.2725732167	0.0153852645	0.0000349047	0.0447855598	0.2688725484	0.0000000000
0	0.2059399267	0.1646585935	0.0914743208	0.0022200835	0.0184381487	0.0000000000	0.0054504847	0.3121230760	0.0542111459	0.1454842202
0	0.0509091840	0.2062232981	0.1241334702	0.0687164810	0.0146895867	0.0087440828	0.0000000000	0.0000471614	0.5260390998	0.0004976360
0	0.3504903804	0.0113072678	0.0987631315	0.1137880278	0.1099039639	0.1149062615	0.0007685416	0.0115417627	0.1647214481	0.0238092146
0	0.9578767139	0.0036940758	0.0043428820	0.0127976886	0.0002351599	0.0028006602	0.0117991615	0.0041763187	0.0022365544	0.0000407851
0	0.0089573132	0.0348246854	0.0105657023	0.0881857779	0.7326931941	0.0000000000	0.0021033746	0.0002766252	0.1134922179	0.0089011094
1	0.0232282428	0.2879225732	0.6109162801	0.0389706631	0.0090054191	0.0000000000	0.0034603826	0.0140804252	0.0067074026	0.0057086113
0	0.0528256859	0.1386053434	0.0928349270	0.2261451126	0.0972084612	0.0175057518	0.0000389141	0.0176742886	0.0973301037	0.2598314117
0	0.3549394592	0.0745964783	0.0044936210	0.1111633602	0.0052376690	0.0000808969	0.2115789732	0.1706043541	0.0348804854	0.0324247027
0	0.0005609993	0.4388021010	0.0228408791	0.0526553062	0.1362893584	0.0964549810	0.0650957165	0.1846661374	0.0012319432	0.0014025779
0	0.0116130701	0.2467134060	0.0023629921	0.2708481179	0.0044295818	0.0749109019	0.2670049974	0.0013744725	0.0647217946	0.0560206657
0	0.0359007540	0.0531045579	0.3987369052	0.0000000030	0.2740494560	0.0000002722	0.0000223546	0.0873501791	0.1312626385	0.0195728794
1	0.4539955653	0.0518068159	0.2548738214	0.0014491129	0.0230622521	0.1032153488	0.0490521114	0.0429216498	0.0084229819	0.0112003405
0	0.0338385203	0.1471158981	0.0000340588	0.0003175899	0.2112742408	0.0214174857	0.1217832218	0.4135577505	0.0327416851	0.0179195491
0	0.1004943320	0.0848000260	0.0659462733	0.0080465267	0.6711814621	0.0000000881	0.0203770857	0.0000000000	0.0000240745	0.0491301316
0	0.4029179676	0.0328457564	0.0205160676	0.0404960094	0.2743525255	0.0056009454	0.0517605959	0.0001069160	0.1714032119	0.0000000044
1	0.0011772169	0.0541229081	0.1761987964	0.0009087980	0.2786623346	0.0000085334	0.0216659902	0.0000594862	0.0000000344	0.4671959018
1	0.0210799791	0.9197065030	0.0189466315	0.0116444100	0.0030193393	0.0000289931	0.0038457580	0.0032720654	0.0101680924	0.0082882282
0	0.0215755486	0.7222911953	0.1198816394	0.0170364589	0.0397096222	0.0048196490	0.0108731105	0.0061269571	0.0448637365	0.0128220825
0	0.6224071691	0.0009222638	0.0654218198	0.0373192698	0.0286004736	0.0114849386	0.0283064966	0.0000619582	0.0000166580	0.2054589525
1	0.4677376476	0.2282473984	0.0123042352	0.0442809113	0.1095546334	0.0424257478	0.0037110457	0.0104227321	0.0054705123	0.0758451361
0	0.1075919851	0.0584383430	0.2374323555	0.0604300424	0.0157919114	0.0355540859	0.0064508035	0.0875296571	0.3748417661	0.0159390499
0	0.0627786943	0.0449631451	0.1217803473	0.3030430565	0.3538627110	0.0000019697	0.1050763282	0.0029331733	0.0055605745	0.0000000000
1	0.1882442918	0.0465240250	0.0760811851	0.0024471552	0.3529539619	0.0026977690	0.3282199684	0.0028315860	0.0000000105	0.0000000472
0	0.1179543725	0.0000001709	0.3937356370	0.0437817650	0.1812972553	0.0986801043	0.0675472789	0.0594031627	0.0283622360	0.0092380173
1	0.0027503149	0.0426769037	0.0000213087	0.0099941964	0.5809864744	0.0000009867	0.0000340209	0.0000119290	0.2660333733	0.0974904921
0	0.2533810841	0.1598383685	0.4077836707	0.0274756989	0.0107401933	0.1185555357	0.0000066860	0.0000285669	0.0221901959	0.0000000000
0	0.0406352737	0.0001138511	0.0851546321	0.0001743182	0.0057291578	0.0813423301	0.1449490348	0.0018620079	0.5053906307	0.1346487637
0	0.8337828708	0.0276351279	0.0068378047	0.1036800787	0.0072305935	0.0000000430	0.0023151157	0.0026820751	0.0158362906	0.0000000000
0	0.4001406088	0.1837112617	0.1432354488	0.0213904834	0.0358153010	0.0004362800	0.1945805114	0.0007406762	0.0003584778	0.0195909510
1	0.1276966003	0.2010510704	0.1446695826	0.0014747875	0.0549100354	0.0021821661	0.3706709714	0.0548130937	0.0425316925	0.0000000000
0	0.0272184796	0.3082125366	0.0660552709	0.5355760873	0.0038766420	0.0009195650	0.0040372593	0.0000000000	0.0000024266	0.0541017325
0	0.0759760019	0.0193282927	0.2027751682	0.0339099880	0.0249376697	0.3148832486	0.0833815877	0.0396416874	0.1152758856	0.0898904702
0	0.3743427081	0.0204739378	0.4299093606	0.0362058435	0.0055031370	0.0190242226	0.1145398573	0.0000003220	0.0000000000	0.0000006111
0	0.6072029703	0.0004332935	0.1002758553	0.1358519996	0.0118294817	0.0000000000	0.0007043445	0.0000169368	0.1419578941	0.0017272243
0	0.3315835868	0.0757636120	0.0023853650	0.3233539300	0.0889280859	0.0000000000	0.0003458437	0.0146949928	0.0067906630	0.1561539209
2	0.0126461599	0.0011242349	0.5152903291	0.1081554959	0.1453945037	0.0000000045	0.0104513450	0.0939954103	0.0039620296	0.1089804871
0	0.3991051059	0.1212116952	0.0885222596	0.1613272348	0.1227043460	0.0000000000	0.0000414832	0.1064160367	0.0000002764	0.0006715622
0	0.5122480298	0.0201793292	0.0239534844	0.1428331460	0.0344054814	0.0345226780	0.0230018046	0.0001007310	0.0108573344	0.1978979813
0	0.0439900584	0.0001542004	0.4344526394	0.4442376839	0.0310274740	0.0148398892	0.0007344077	0.0276301556	0.0000202271	0.0029132643
1	0.0055415493	0.0481003091	0.0438126479	0.0314788354	0.5576743415	0.0000648175	0.0727659112	0.0060781425	0.2342523166	0.0002311289
1	0.1877849237	0.0468835204	0.0225000375	0.0148825166	0.0571842164	0.0111193044	0.3446049419	0.2360926676	0.0040179026	0.0749299689
1	0.1665141314	0.1362846321	0.2588210425	0.2147425838	0.0027749155	0.0074800300	0.0000000000	0.0000000000	0.0525635611	0.1608191036
0	0.1073909442	0.2293070092	0.1567898997	0.3153377607	0.1101139075	0.0000000000	0.0090750530	0.0000000000	0.0719533312	0.0000320945
1	0.0900471193	0.0169048745	0.0367575812	0.0033270435	0.5966740466	0.0000000000	0.0421770677	0.0537460936	0.1441855221	0.0161806515
0	0.0010177116	0.2986731617	0.2106987205	0.0000000266	0.3738883082	0.0023101852	0.0647737697	0.0019324436	0.0280512178	0.0186544552
0	0.0405165771	0.1720431094	0.0679869695	0.2256703100	0.0577056349	0.0097162693	0.0000000872	0.3270637564	0.0647803121	0.0345169742
1	0.0426413511	0.0650426636	0.6177870268	0.1273577974	0.0420128346	0.0000000000	0.0000000184	0.0103318177	0.0824693474	0.0123571431
1	0.2755197015	0.0323838987	0.2009576545	0.3414984933	0.0049060170	0.0003339798	0.0000014549	0.0531418403	0.0903292613	0.0009276987
0	0.0132458988	0.4272379456	0.0823382624	0.0581823631	0.2818789398	0.0024209904	0.0966045532	0.0000000000	0.0010739941	0.0370170526
0	0.0020970635	0.2409932325	0.1943404109	0.0523692311	0.1042436312	0.0022712194	0.2216464745	0.0119917101	0.1245866538	0.0454603729
1	0.0634120752	0.0233367708	0.0087320623	0.0590099174	0.5755745576	0.0003202345	0.1770864796	0.0003867533	0.0017170523	0.0904240969
0	0.1443886124	0.0755830292	0.0355465653	0.0011647024	0.0842622758	0.2593425142	0.2528793795	0.1381028289	0.0047230822	0.0040070102
0	0.0000576619	0.0816288950	0.0067471507	0.0127003022	0.8939663866	0.0000000787	0.0000000000	0.0000008340	0.0047969028	0.0001017882
0	0.5262945449	0.0505372613	0.0059916034	0.1796709986	0.2374860389	0.0000138893	0.0000000000	0.0000000000	0.0000000000	0.0000056636
1	0.4643480164	0.1267827684	0.0212546325	0.0655780832	0.0031186628	0.0000000001	0.0000000000	0.0077007642	0.2518706678	0.0593464045
1	0.0023026576	0.0171624006	0.0000421445	0.0000316707	0.9285241990	0.0045545065	0.0051978777	0.0000520233	0.0418488488	0.0002836713
0	0.8541444036	0.0000478845	0.0000000082	0.0150347934	0.0000227591	0.0028015853	0.0063494467	0.0000000002	0.0858071645	0.0357919545
0	0.0037491873	0.0485716795	0.0478686593	0.1303295720	0.6107323939	0.0189850594	0.0002081623	0.0000000000	0.1200203138	0.0195349725
1	0.0230119483	0.0982336643	0.1694402918	0.0098056720	0.0056227023	0.6623478445	0.0058108493	0.0000000000	0.0000000001	0.0257270273
0	0.1047895118	0.0395763194	0.0554605721	0.2275432010	0.0536444642	0.0000114404	0.2771060414	0.1142059441	0.1170953679	0.0105671378
0	0.0049000697	0.7369148443	0.0060563176	0.0877038213	0.0001715364	0.0000000000	0.0300887461	0.0363519106	0.0884243836	0.0093883704
1	0.0307411257	0.0001386388	0.0364802858	0.5310670750	0.0000233793	0.0816338970	0.0368355301	0.1892026930	0.0504861863	0.0433911891
0	0.0075652316	0.0820965875	0.0090759044	0.0166975959	0.2693749460	0.0305085823	0.0214208985	0.0546717447	0.5085885091	0.0000000000
0	0.0787375825	0.0469459014	0.0247438441	0.2298818886	0.4946140889	0.0000000711	0.0143242190	0.0203380763	0.0000408348	0.0903734932
2	0.9487986701	0.0329058729	0.0040507745	0.0110745356	0.0000000000	0.0000000000	0.0030996685	0.0000000000	0.0000704676	0.0000000107
0	0.0001431666	0.0331144715	0.0000001053	0.3145893984	0.5480236722	0.0000000019	0.0038915049	0.0055839123	0.0801274732	0.0145262937
0	0.0626640179	0.2079958313	0.1508031553	0.2908301635	0.0127426888	0.0234182723	0.1750991904	0.0000057595	0.0054466309	0.0709942901
0	0.2412024822	0.1080833502	0.2866711765	0.2947098714	0.0657731973	0.0002776487	0.0008576187	0.0000489808	0.0023755167	0.0000001574
0	0.0106099461	0.0765368051	0.0384915726	0.0252320938	0.7095501409	0.0309432700	0.0847780545	0.0000000552	0.0000034681	0.0238545937
0	0.2143756322	0.0698412654	0.1418907469	0.4364598574	0.0225196040	0.0054244754	0.0622465398	0.0291650550	0.0173864570	0.0006903668
0	0.0329069365	0.0227701123	0.0000005451	0.0160046649	0.0744627032	0.0000000000	0.0077958662	0.0030327141	0.8256002130	0.0174262446
1	0.0590127716	0.0883033876	0.2944602170	0.0654321696	0.0995531830	0.0002066224	0.0273316974	0.1714635616	0.0322339214	0.1620024683
1	0.7625723928	0.0944634131	0.0128683801	0.0894735500	0.0100773038	0.0029886577	0.0155865818	0.0000002778	0.0099319875	0.0020374554
0	0.0019039078	0.7772399669	0.0989755657	0.0000000514	0.1049147683	0.0162486938	0.0000094071	0.0000629596	0.0005546152	0.0000900641
0	0.0166336602	0.0023507452	0.0693820418	0.0444453880	0.0203389428	0.0266471151	0.0000009674	0.0618910182	0.7469001368	0.0114099843
0	0.0091067131	0.7520037140	0.0296241414	0.0019035107	0.0548598735	0.0000000066	0.0000000053	0.0095034544	0.0652707984	0.0777277826
1	0.3811168886	0.3336322737	0.0096610705	0.0149058671	0.0005119952	0.0211557640	0.0901383798	0.0000000000	0.0975322853	0.0513454758
1	0.0052301529	0.0726998257	0.0033260619	0.3695775927	0.0000000396	0.0000000001	0.0001274278	0.4994861253	0.0299168040	0.0196359700
1	0.0910435018	0.1471840706	0.2329162642	0.0000000892	0.2346892319	0.0006598983	0.1662963347	0.0605146743	0.0566777369	0.0100181981
0	0.0010245206	0.5154170791	0.1096116004	0.0466661908	0.1935610279	0.0000276638	0.0070862756	0.0000339103	0.1085104390	0.0180612925
1	0.0011036372	0.0729247645	0.0680681831	0.6586926988	0.0411792521	0.0014192724	0.0594168337	0.0033203657	0.0097892352	0.0840857573
1	0.0000000089	0.0142116644	0.0042663064	0.0871426233	0.0586784757	0.0055207169	0.0006288056	0.0000011417	0.0331798283	0.7963704287
0	0.0000098263	0.0094601659	0.7903846824	0.0000000072	0.0266757084	0.0035087981	0.1603786073	0.0039463142	0.0000170969	0.0056187934
1	0.0984295351	0.1181283909	0.0263093497	0.0774193375	0.0478306011	0.0000425730	0.0008834230	0.0000315923	0.0409937280	0.5899314694
0	0.0070441794	0.0442760219	0.0615170331	0.7084582625	0.0006951357	0.0099056993	0.0000000000	0.0472164198	0.1115933796	0.0092938687
0	0.0002744299	0.0067004989	0.7093777312	0.2082816834	0.0012518942	0.0051633261	0.0190499818	0.0012202386	0.0094316791	0.0392485369
0	0.1074703277	0.0204868894	0.3445521827	0.0017198826	0.2170850945	0.0084659980	0.0987270255	0.0005469843	0.1323233999	0.0686222154
0	0.0988036352	0.0172544086	0.0014809102	0.0380440654	0.5071886721	0.1127873217	0.0045727584	0.0000770500	0.0800466936	0.1397444847
0	0.0000107818	0.8091972471	0.0035900158	0.0820924843	0.0977570810	0.0062079961	0.0003534008	0.0004858768	0.0001081892	0.0001969271
0	0.0171529578	0.4358347685	0.2254469162	0.0095118420	0.2107828181	0.0000000000	0.0002114564	0.0001304198	0.1009288211	0.0000000000
0	0.0549543248	0.2879028620	0.0601502906	0.0648049354	0.1488867531	0.1073804417	0.0083669885	0.0014677331	0.2504926813	0.0155929895
1	0.0007056038	0.2984843025	0.0000013451	0.2263925956	0.0858403804	0.0289627151	0.3328153269	0.0071641832	0.0195460497	0.0000874978
0	0.2118235100	0.0599558824	0.1103778061	0.1503927712	0.0875877916	0.0008822938	0.3598218902	0.0000157970	0.0031433809	0.0159988770
0	0.0093134202	0.2868649957	0.2100339318	0.0053295929	0.3581207191	0.0346439318	0.0707132578	0.0002812771	0.0142910616	0.0104078120
1	0.1039783722	0.4784279146	0.0431710067	0.0580050736	0.1950700455	0.0000000190	0.0645670406	0.0200322543	0.0036604637	0.0330878097
0	0.3289766923	0.0756336255	0.0012575939	0.1589149547	0.0000667612	0.0000092898	0.1260387556	0.0025874516	0.0783372107	0.2281776648
0	0.0000080968	0.1364271426	0.0000018504	0.0015194661	0.7983285809	0.0002206758	0.0000536162	0.0048762735	0.0178391572	0.0407251403
0	0.7309831643	0.1280942720	0.0059110156	0.0078397427	0.0165858815	0.0000061765	0.0005785113	0.0818865830	0.0281146531	0.0000000000
0	0.4874644999	0.0522746653	0.0799536065	0.0574186914	0.0288881441	0.0349783888	0.0000000000	0.0002510250	0.2000492963	0.0587216828
0	0.0000000585	0.2134698641	0.0810856205	0.0000024588	0.0010313727	0.0000000000	0.0073055021	0.0011665812	0.0148081363	0.6811304059
1	0.0452530873	0.1155809603	0.0608153935	0.2985936480	0.1257035394	0.0026680808	0.2833132761	0.0479293357	0.0015252432	0.0186174357
0	0.2081994546	0.0232548786	0.1220506069	0.6307883746	0.0018887171	0.0000063013	0.0000016149	0.0000497637	0.0028870017	0.0108732866
0	0.1694865931	0.3463262475	0.0029390911	0.0172082952	0.0179719290	0.0171075620	0.0000026715	0.0000000000	0.4289545059	0.0000031047
2	0.0946088511	0.3929090933	0.0593623434	0.0823276341	0.1344959869	0.0382362483	0.0000000077	0.1485952189	0.0237508825	0.0257137338
1	0.2765763009	0.0244383223	0.0059303246	0.4693822225	0.0081517956	0.0064849126	0.0017781191	0.0291772507	0.1666249435	0.0114558081
0	0.1194140342	0.4950613777	0.0471733436	0.1146881169	0.1121725286	0.0000000000	0.0983151110	0.0073519614	0.0000118224	0.0058117041
1	0.0020151114	0.0000042421	0.5423215713	0.1130093068	0.2704632204	0.0512152997	0.0109605909	0.0093056089	0.0000094829	0.0006955655
1	0.1475091203	0.1542946760	0.1166499273	0.2587404598	0.2222131974	0.0282866985	0.0016765386	0.0031551367	0.0000000044	0.0674742409
0	0.3723119465	0.0154619089	0.1558442386	0.0000000153	0.1200872745	0.0021612267	0.2710473120	0.0477533393	0.0039335343	0.0113992039
0	0.0227728536	0.2064284366	0.2202951064	0.0000851894	0.0089979431	0.0020840862	0.3988457538	0.0000000070	0.0089098254	0.1315807984
1	0.2572163082	0.0000000001	0.2354161216	0.0255081202	0.0000026209	0.1137413181	0.0041437874	0.0001377710	0.3080945508	0.0557394018
0	0.4096935095	0.5253756797	0.0148816101	0.0003408392	0.0000000126	0.0005031100	0.0014954701	0.0434794178	0.0042303512	0.0000000000
0	0.0445635654	0.1364133951	0.0355264251	0.1677268054	0.2507820135	0.0456572434	0.2287929861	0.0000190036	0.0000056004	0.0905129618
0	0.8904903412	0.0793550551	0.0062723319	0.0050309069	0.0053307915	0.0000000000	0.0000345423	0.0123066840	0.0011793471	0.0000000000
1	0.4378615508	0.3306596392	0.1303530142	0.0171410440	0.0032964480	0.0000484564	0.0000498568	0.0604731039	0.0200819469	0.0000349400
0	0.5818983945	0.0082669497	0.0962151543	0.0872742744	0.1927475826	0.0216792719	0.0000016096	0.0013307130	0.0000000000	0.0105860500
1	0.0983242144	0.1068936631	0.1407049476	0.0197365520	0.4617871441	0.0001071953	0.0800307171	0.0531780901	0.0000005405	0.0392369358
0	0.0009730988	0.6235652115	0.0187724857	0.0166838831	0.0369542078	0.1203512842	0.0011104971	0.1601594447	0.0095868168	0.0118430704
0	0.3060712407	0.0990116853	0.1929108397	0.0026355318	0.3333442583	0.0000242054	0.0247764631	0.0172576281	0.0000265777	0.0239415700
0	0.0890647435	0.0000046991	0.1858878405	0.0000069130	0.6403692708	0.0000147867	0.0000000372	0.0000104587	0.0684340335	0.0162072171
0	0.1098963672	0.0068091062	0.0398768820	0.2434843533	0.1296474852	0.0181706598	0.0000000000	0.0335387458	0.3818407140	0.0367356865
0	0.0175226009	0.0597437976	0.0077902891	0.0038724955	0.8260649803	0.0038864517	0.0124397675	0.0360901721	0.0000045455	0.0325848998
0	0.0128617782	0.0606202054	0.6382582191	0.0357313321	0.1192272302	0.0506423329	0.0429408875	0.0073563437	0.0323616699	0.0000000008
0	0.0351759217	0.5008921932	0.1404868217	0.1322031237	0.0351582806	0.0107411324	0.0730230672	0.0106409489	0.0003829030	0.0612956075
0	0.2966917648	0.0000049777	0.0898294430	0.0284606876	0.0742616634	0.0328750715	0.0057209445	0.0080857427	0.4638366150	0.0002330899
0	0.4818269069	0.0002655543	0.1055929519	0.0455029248	0.0000108359	0.0013393910	0.0000000000	0.0045534688	0.0607831483	0.3001248181
0	0.0195095003	0.1196340803	0.4375133485	0.0954461934	0.0081295245	0.0000000004	0.2249748439	0.0946519094	0.0001405993	0.0000000000
0	0.0559562721	0.0568882822	0.0833596812	0.0372201093	0.3895191156	0.0028426365	0.0107326938	0.1166266192	0.2429774910	0.0038770992
1	0.0767343240	0.5743220842	0.2177142415	0.0323228700	0.0833056315	0.0000000000	0.0000109128	0.0033108961	0.0122205492	0.0000584907
0	0.0000019066	0.6841903874	0.0846633707	0.0041776920	0.0382477746	0.0009914265	0.0528838382	0.0696277102	0.0041804388	0.0610354550
0	0.2555019258	0.1823034548	0.2230448666	0.0866554353	0.0012062724	0.0374827849	0.0171355455	0.0232601444	0.1690254487	0.0043841216
1	0.0221656288	0.0102135024	0.0884336930	0.0150951422	0.1446000939	0.0010326595	0.6759627289	0.0004479693	0.0217994416	0.0202491404
0	0.2540293143	0.1940538204	0.1145771400	0.0000030426	0.1474416351	0.2420448704	0.0000004096	0.0472589950	0.0005402300	0.0000505426
1	0.0607546655	0.1022704573	0.2588677070	0.0477650736	0.3662025167	0.0001242940	0.0012012957	0.0013534899	0.1016597141	0.0598007861
1	0.2547551142	0.1711120028	0.1567315649	0.0485671120	0.0057540533	0.0112186539	0.0000000357	0.0579107152	0.0123648392	0.2815859088
0	0.0394536107	0.0055754040	0.0055808352	0.8519018893	0.0032068719	0.0468998061	0.0078823021	0.0000000000	0.0171772476	0.0223220331
0	0.0226548599	0.1934550956	0.0468177895	0.1879176963	0.0661724785	0.0983531199	0.3426192883	0.0186958784	0.0000349359	0.0232788576
0	0.1893177331	0.0805279933	0.0005603271	0.1340518852	0.0051488532	0.2715237329	0.0000010312	0.0004278195	0.0017517793	0.3166888451
1	0.5279366826	0.1858582471	0.0107225282	0.0758910015	0.0028624174	0.0005189203	0.0183377811	0.0434015146	0.1344709072	0.0000000000
1	0.1220313355	0.0070248314	0.1040335770	0.5203847308	0.0289646687	0.0000004781	0.0008401096	0.0478915754	0.1638800025	0.0049486909
1	0.0680858637	0.5196439412	0.2776920975	0.1080264058	0.0000005252	0.0000000532	0.0016347910	0.0003844594	0.0022853958	0.0222464671
1	0.2398220457	0.1883821003	0.0000041981	0.5121867347	0.0440046635	0.0073931975	0.0000000000	0.0000000000	0.0009814272	0.0072256330
0	0.3201417374	0.1515934752	0.0463801490	0.0145620653	0.0642108356	0.2994246490	0.0524179006	0.0057573526	0.0041111761	0.0414006593
0	0.0008322050	0.2695326799	0.2300447735	0.2544710842	0.2291306061	0.0000000015	0.0003148809	0.0033957767	0.0062009181	0.0060770741
1	0.0566041496	0.0201992015	0.0452945932	0.1346413516	0.3791785112	0.0013713994	0.0022293692	0.0840596779	0.2758984752	0.0005232713
2	0.0246420365	0.4011838292	0.0370758598	0.4001831489	0.0543171928	0.0018639958	0.0020443286	0.0307638376	0.0312991097	0.0166266610
0	0.1792776449	0.2945053295	0.1069579090	0.1912199854	0.0450452404	0.1698629615	0.0000001359	0.0076408941	0.0054898717	0.0000000276
0	0.9007817700	0.0311644935	0.0018610500	0.0049406154	0.0135144495	0.0016708311	0.0006279715	0.0226321460	0.0167007338	0.0061059392
1	0.0307186432	0.0394736101	0.0000000000	0.3883192731	0.2425035148	0.0000016854	0.0535290668	0.0124045387	0.0330244589	0.2000252091
0	0.0001152265	0.0283733402	0.0059862062	0.0090456061	0.5709325895	0.0000000000	0.0110034492	0.0312160274	0.3414909495	0.0018366054
0	0.4946941310	0.0342250540	0.0912637416	0.0061025545	0.1754421839	0.0770887190	0.0019349791	0.0106174423	0.0005614297	0.1080697649
0	0.0105979006	0.1901615434	0.3864153052	0.0756347256	0.0000006789	0.0086006677	0.0000000003	0.1754164142	0.0816195632	0.0715532009
1	0.4231728991	0.0083332247	0.0026522054	0.0524392954	0.4059741276	0.0001294916	0.0000000000	0.0237328892	0.0834522690	0.0001135980
0	0.2073351925	0.1399791315	0.1742204478	0.2019793823	0.2204024068	0.0308310065	0.0062564528	0.0000235487	0.0035791291	0.0153933021
1	0.4172062671	0.1340061816	0.0349777340	0.2560488756	0.0075108125	0.0684358724	0.0350829351	0.0004760733	0.0196065364	0.0266487120
1	0.0438611269	0.1260492225	0.0004374361	0.0003249014	0.0367161279	0.0001602084	0.7294583467	0.0109102407	0.0519411788	0.0001412107
0	0.0084527161	0.1868248157	0.0037056936	0.5699621539	0.0632183794	0.0220909771	0.0000609180	0.0188545206	0.1081828981	0.0186469274
