0	0.0198223706	0.8420744233	0.0008282372	0.0010237570	0.0380722128	0.0242621182	0.0066974653	0.0647735340	0.0024456789	0.0000002027
0	0.0000000000	0.0316580102	0.7301577377	0.0200430892	0.1245007959	0.0515280469	0.0335340715	0.0004847263	0.0078237926	0.0002697298
1	0.0333292200	0.0503773895	0.2025911619	0.2883032040	0.4144556297	0.0002282824	0.0102369201	0.0004434370	0.0000000000	0.0000347553
0	0.0000000000	0.1950925475	0.0370014411	0.0048706667	0.0139497721	0.0110053116	0.2870605066	0.0928896398	0.3581050964	0.0000250182
1	0.0489149157	0.0509623038	0.0303509106	0.2778732866	0.0274058971	0.0556576151	0.0032518474	0.4383357171	0.0672475041	0.0000000026
1	0.0310828795	0.0007169873	0.0273255732	0.2843810518	0.0000000000	0.0670747863	0.4156205878	0.1541423367	0.0100738966	0.0095819008
0	0.0000000000	0.0273392513	0.5780102999	0.0005201817	0.0299867566	0.0182553697	0.0147852183	0.0757015798	0.0358696018	0.2195317409
1	0.0836411850	0.0000000000	0.0069270137	0.1088127525	0.0620836382	0.1583273261	0.5365148512	0.0206398970	0.0230533164	0.0000000199
0	0.0343413496	0.0000342807	0.0842250760	0.5474412610	0.0000267823	0.0018879971	0.0015611576	0.1241590248	0.1455418497	0.0607812210
0	0.0067473776	0.1474220518	0.0806478260	0.2637668169	0.0435752280	0.0046727496	0.3375687763	0.0467938391	0.0201244240	0.0486809107
0	0.0037012382	0.0464757874	0.0335953974	0.2744231346	0.0006135626	0.0858405736	0.2606329676	0.0303391350	0.2499196138	0.0144585898
0	0.0000042133	0.1392086218	0.0713221462	0.7099564506	0.0359622818	0.0362484957	0.0000002293	0.0068675440	0.0004300133	0.0000000040
1	0.0057060220	0.1184930196	0.0298242324	0.0029065596	0.0274144292	0.0013469364	0.7614905651	0.0100864255	0.0062766202	0.0364551900
0	0.0016907875	0.1460290335	0.2854966260	0.0221269907	0.1374487901	0.2091267669	0.0007934699	0.1793158727	0.0095446542	0.0084270085
0	0.0091364167	0.2820800088	0.0000175446	0.0000000001	0.0129203253	0.0952245870	0.1565589190	0.1739329961	0.0000000000	0.2701292024
0	0.1351338122	0.1708645376	0.0000087450	0.0566652785	0.1396571356	0.1568362300	0.0167541628	0.2194856081	0.0799648469	0.0246296434
2	0.0582708909	0.1073319319	0.0511173471	0.0217577872	0.7263837227	0.0000000000	0.0107094043	0.0000012885	0.0201548075	0.0042728200
0	0.0232230971	0.0000000000	0.0060412205	0.3532212233	0.0070918497	0.0655371967	0.2142405940	0.0784005319	0.1977861341	0.0544581527
2	0.0000000012	0.0217393098	0.0017986053	0.0615954991	0.0053658372	0.0000000091	0.0179600167	0.7348422081	0.0138020438	0.1428964697
0	0.0051510183	0.0414154190	0.0200971956	0.0893790953	0.0002996600	0.6764289186	0.0176445013	0.1086125911	0.0353995654	0.0055720352
0	0.0000276418	0.0001996054	0.0000076521	0.0002384315	0.0005827434	0.0024749645	0.4997719012	0.0000278640	0.0539690883	0.4427001077
1	0.0000063245	0.0316268812	0.0067886098	0.3271579322	0.2695542275	0.0935000515	0.0003238247	0.1795434735	0.0592093176	0.0322893575
1	0.0000239570	0.0105393484	0.0314076658	0.0000098401	0.0020323172	0.0108279591	0.5702910547	0.0011293957	0.3733163815	0.0004220804
0	0.0350989684	0.5811218958	0.0000014937	0.0000000116	0.0092070176	0.0009652612	0.0154095530	0.0382995753	0.3018076047	0.0180886187
0	0.3344816294	0.0118904605	0.1318622863	0.1517423718	0.1145177674	0.0370924524	0.0046343684	0.0928480894	0.0642393569	0.0566912175
2	0.0075112639	0.0007072610	0.1136078806	0.2288886880	0.1184593980	0.0255191939	0.2521096476	0.0005732659	0.2329289216	0.0196944794
0	0.0000000001	0.2461560560	0.0144866707	0.0167079117	0.0045821759	0.0000000009	0.0047384671	0.0262786014	0.6833454582	0.0037046580
0	0.0032006198	0.0459476319	0.0364405871	0.2681243837	0.0004757415	0.0404430658	0.0125755500	0.5914100363	0.0013823838	0.0000000000
1	0.4746500590	0.0454027915	0.0472770220	0.2421831507	0.0723538197	0.0104461290	0.0012464885	0.0000036740	0.0832161813	0.0232206843
1	0.0070679375	0.0009888326	0.0003144191	0.5344414036	0.0010917555	0.0290284187	0.0160812049	0.3992736031	0.0074665908	0.0042458341
0	0.0013546324	0.0388477628	0.0029370788	0.1574646246	0.2794290706	0.0303459033	0.3533581968	0.0340598856	0.0228763905	0.0793264546
0	0.0806587177	0.0545177197	0.0023596878	0.1409331918	0.0170172862	0.1713569600	0.0834314084	0.1271861504	0.3170042224	0.0055346555
1	0.0000014082	0.0172330177	0.0444955381	0.2321720619	0.0324702059	0.0553491076	0.0231310760	0.1591203901	0.3911096455	0.0449175491
1	0.3364508772	0.0000632683	0.1165136531	0.0619912261	0.3278175423	0.0001935914	0.0642236407	0.0927460371	0.0000001360	0.0000000277
0	0.1250973128	0.2380823204	0.2795004970	0.0288949754	0.0154505145	0.0199379232	0.0246403174	0.1732644818	0.0936405637	0.0014910939
1	0.1010102825	0.1466877149	0.0268324557	0.1813752149	0.0221061659	0.0275362616	0.1963388730	0.2264205301	0.0302206142	0.0414718873
0	0.1148048786	0.0000126233	0.0000000000	0.3595373942	0.0000974955	0.1719325486	0.0000178591	0.0039024090	0.2751587657	0.0745360262
0	0.0346397362	0.1536498605	0.0006358324	0.1676362156	0.0000000008	0.0000000000	0.4021823910	0.0051195424	0.2361363908	0.0000000303
0	0.0000301911	0.4038771752	0.2911629792	0.0498833318	0.0671337145	0.0439068327	0.0722304653	0.0011362798	0.0704875168	0.0001515136
0	0.0839447708	0.0288041833	0.0326692218	0.5689341006	0.1576516133	0.0748654510	0.0052260605	0.0020118265	0.0253012214	0.0205915509
0	0.0000000000	0.0330261569	0.2177803935	0.0132613914	0.0270024641	0.4282492472	0.1554185004	0.0128753428	0.0381971223	0.0741893813
0	0.2419113925	0.0108057028	0.0913235442	0.2722541765	0.0179423011	0.0372568950	0.0912462702	0.0898185100	0.1262767469	0.0211644608
1	0.0445850646	0.0412763735	0.0000923073	0.4286343546	0.0009239289	0.0018619130	0.1290582900	0.1610892965	0.1228997241	0.0695787476
1	0.0000000037	0.0093349250	0.4749459992	0.3065726351	0.0535963769	0.0259722301	0.0355385127	0.0002070727	0.0871041152	0.0067281295
2	0.0000000000	0.5885182890	0.0657631955	0.0063811546	0.0000000000	0.0000455077	0.0400030251	0.0397282184	0.2117975860	0.0477630238
1	0.0002508818	0.0071943551	0.1896197214	0.0043223572	0.0034985537	0.0522756266	0.6209805256	0.0259832229	0.0884786694	0.0073960863
1	0.0403831885	0.0380878215	0.0018299958	0.0338417215	0.1972413267	0.1978628627	0.0000000000	0.0000008482	0.4904643184	0.0002879167
1	0.0365203464	0.0595054780	0.2245083507	0.0000001350	0.0235733035	0.1109634906	0.1093752028	0.0004283975	0.0118462815	0.4232790142
0	0.0000169974	0.0898251855	0.1510731389	0.0000000000	0.0022277775	0.0051215093	0.0853042327	0.6623463934	0.0040016500	0.0000831154
1	0.0021508847	0.0040246702	0.0431724831	0.0032792656	0.2111338285	0.1036292155	0.0984673913	0.0016573669	0.5322704554	0.0002144389
1	0.0000654827	0.0112033621	0.0529524437	0.6572751235	0.0403409011	0.0012219692	0.1149174290	0.0074635569	0.1132776361	0.0012820957
0	0.0008649742	0.2828546425	0.0027330318	0.0686217249	0.0000000000	0.1671338722	0.0505434767	0.1510503918	0.0876483567	0.1885495293
0	0.0497474288	0.1122007030	0.0780702826	0.2714490605	0.1485577286	0.0003244178	0.2920182184	0.0035369765	0.0420334293	0.0020617546
1	0.0021508416	0.1827842772	0.6023914062	0.0138826634	0.0106629433	0.0089603437	0.0004249011	0.1057161768	0.0730264466	0.0000000000
1	0.0072321997	0.0408230697	0.0223676008	0.1104208777	0.2411525144	0.0114882297	0.0049712103	0.1330540783	0.3689602077	0.0595300118
0	0.1376561305	0.0431786424	0.0022805350	0.0851179393	0.0265578749	0.0454285045	0.0258598239	0.0437384574	0.0084817945	0.5817002976
0	0.0114280382	0.2427557114	0.0034342498	0.0000707828	0.0001365916	0.3665536186	0.0000042156	0.0284987156	0.0825066863	0.2646113900
0	0.0535465110	0.0052347240	0.0526286187	0.3445791596	0.0916096413	0.1648436058	0.0048550839	0.0164164638	0.2584921317	0.0077940603
0	0.0198716646	0.0163838994	0.0681190319	0.5090101141	0.0483415757	0.0806588930	0.2176109271	0.0009486257	0.0390552685	0.0000000000
0	0.0062868396	0.0000001543	0.0001865847	0.0190984856	0.0165011774	0.1445403755	0.0105580983	0.1061547257	0.5451940898	0.1514794691
1	0.0000000687	0.0326141312	0.0067921866	0.1012735513	0.0006439095	0.1231658380	0.0390302458	0.6811630815	0.0000680898	0.0152488977
0	0.0000087682	0.0531037658	0.1526430875	0.0537272440	0.0004875077	0.0869975317	0.3085558838	0.0000016728	0.0000000905	0.3444744481
0	0.0000010641	0.0754993664	0.0370318834	0.0078823038	0.1761485302	0.0537745712	0.2325238616	0.0030261757	0.4132271299	0.0008851137
1	0.0219945889	0.0347061370	0.7516872302	0.0179159689	0.0000562650	0.0237344986	0.0079627994	0.0188304070	0.1229032544	0.0002088506
1	0.0029097113	0.1451681463	0.1299613966	0.0000000000	0.0000110121	0.0074944633	0.0223530024	0.1468833932	0.0231832472	0.5220356277
0	0.0000000003	0.0479974662	0.0000000001	0.0000000000	0.0002330858	0.0000296581	0.9142114161	0.0118913422	0.0000000882	0.0256369429
0	0.2190772146	0.2297458068	0.0079151327	0.2651058215	0.0171618037	0.0326246729	0.0001533806	0.0000652424	0.2217429128	0.0064080120
0	0.0000094235	0.0507378116	0.0233042171	0.0571859417	0.0000000000	0.0922871429	0.0001987603	0.1517526679	0.1513461088	0.4731779262
0	0.0107536249	0.1935032331	0.0000658301	0.4532278100	0.1731055166	0.0003880311	0.1686841911	0.0000000000	0.0000000000	0.0002717631
1	0.0027563100	0.1456702454	0.0156765175	0.2152728003	0.0370766771	0.3707822802	0.0003577461	0.1695165935	0.0428706439	0.0000201860
0	0.0000026287	0.0012076884	0.0000010702	0.8683017714	0.0183058553	0.0007082300	0.0769446250	0.0126729038	0.0218552274	0.0000000000
1	0.0039280305	0.7667413495	0.0005847188	0.1399920162	0.0154616980	0.0070164063	0.0277217994	0.0384390136	0.0001149673	0.0000000004
0	0.0000000000	0.0000028941	0.4872870117	0.0006188272	0.0000000000	0.0000000000	0.2171797911	0.1029702097	0.1882045215	0.0037367446
1	0.1281449390	0.0000000000	0.5027811784	0.1163233979	0.0563724409	0.0001712860	0.0208604882	0.0014914594	0.0414021345	0.1324526755
2	0.0000000000	0.0033527316	0.0847356644	0.0787392691	0.0000005910	0.0002148309	0.1346412948	0.1177910806	0.4863132033	0.0942113343
0	0.0000000105	0.0000000000	0.0395008682	0.0000312426	0.0018168026	0.0000494481	0.0770034518	0.3804134423	0.2086240055	0.2925607285
1	0.0000000026	0.0122515743	0.0013638560	0.3346726891	0.0000000000	0.1032468300	0.0263485905	0.3800441344	0.1193509996	0.0227213234
0	0.0006004374	0.0224736295	0.0422134402	0.2106972734	0.0934496666	0.1384658776	0.0591806213	0.0041048403	0.1058651723	0.3229490413
1	0.0202263166	0.0054267677	0.1059372299	0.0502973702	0.0034184907	0.0008172587	0.0004730968	0.0346895576	0.0109295848	0.7677843269
0	0.0324816311	0.0000011026	0.4513030812	0.2798072907	0.0003962842	0.0000000000	0.0756963880	0.0000068959	0.1602085139	0.0000988125
0	0.0193022216	0.1410552278	0.0339712809	0.0694406968	0.0411469582	0.0667817444	0.0000013175	0.1724184795	0.2212431091	0.2346389643
1	0.0486499730	0.1192760150	0.1774974055	0.1521956027	0.0000000479	0.0000612313	0.0020754914	0.4600201112	0.0000035614	0.0402205607
0	0.0000000001	0.1497924292	0.0000000000	0.2044667752	0.0167538293	0.2719846329	0.1047561424	0.1512576716	0.0074356077	0.0935529115
0	0.0059274322	0.9441126604	0.0052490750	0.0175944218	0.0091192898	0.0032348731	0.0000485255	0.0035407917	0.0111302398	0.0000426906
1	0.0431185351	0.3063547463	0.0028855391	0.0057548234	0.0000000002	0.0827051140	0.1734209227	0.3346588253	0.0174900939	0.0336114000
0	0.0626487689	0.1696461188	0.0000011100	0.2685539437	0.0000002783	0.0277721902	0.3507193046	0.0598501775	0.0583974046	0.0024107035
0	0.0509688816	0.0560293654	0.0004741482	0.1885429647	0.0000948068	0.0314669565	0.3817619530	0.1547446947	0.0704116165	0.0655046125
0	0.1748873737	0.1560035135	0.2368643518	0.3597109324	0.0464025576	0.0092625731	0.0151015218	0.0000578573	0.0000000001	0.0017093185
0	0.0748834489	0.1462400249	0.0229144933	0.3130258596	0.0004737818	0.0828765378	0.2139038972	0.1343219421	0.0046987950	0.0066612194
0	0.0158485550	0.0002033222	0.0125485645	0.0000000000	0.0104039773	0.0000000015	0.5834429749	0.0013899114	0.3707197475	0.0054429458
0	0.0002222149	0.1404571393	0.3842689798	0.1403313382	0.0385116676	0.0001742380	0.1992913196	0.0265264004	0.0383841790	0.0318325230
0	0.0095834432	0.0000320795	0.0120361904	0.0000056587	0.0139843268	0.0000000008	0.0292443602	0.0485512864	0.8373874554	0.0491751986
1	0.0000000000	0.2949532332	0.0001767534	0.2395906128	0.0882012683	0.0022058123	0.0175246160	0.2608762255	0.0964714708	0.0000000078
0	0.0194781449	0.0240547505	0.3702488886	0.2089399249	0.0000009537	0.0306934357	0.0080132298	0.0286640420	0.0060650618	0.3038415682
0	0.0048735542	0.1813896618	0.1048278634	0.0075574815	0.0375015392	0.0000002747	0.5195684550	0.0388105575	0.0787550486	0.0267155639
0	0.0036787313	0.0002063156	0.0667719676	0.0001176103	0.0093465912	0.0000000000	0.4226786586	0.0013675523	0.4096383388	0.0861942342
0	0.0012547273	0.0046413732	0.2897214135	0.0098031483	0.0001845313	0.0006411048	0.0183247019	0.1171323683	0.0000073019	0.5582893295
1	0.1638625463	0.0838959414	0.0725079971	0.3839734009	0.0062845743	0.0000000076	0.0033866731	0.1876165489	0.0250228705	0.0734494400
0	0.0052714960	0.5239278868	0.0000401801	0.2130643640	0.0000002135	0.0000247036	0.0000154833	0.1642599364	0.0001285635	0.0932671727
0	0.0000058435	0.0369822774	0.3218505860	0.0193134340	0.0000000000	0.0000200125	0.0864211660	0.0821908543	0.4170183030	0.0361975232
1	0.6750602689	0.1502871125	0.0000000006	0.0612828561	0.0065833411	0.0034054302	0.0000000000	0.0629156465	0.0371612127	0.0033041312
0	0.0000000000	0.2477251133	0.0102514765	0.0071121132	0.0005728885	0.1956289969	0.4588362668	0.0000026853	0.0080903521	0.0717801074
0	0.2459331477	0.0849983397	0.0000312719	0.2560451926	0.0874084271	0.0009702079	0.2578820007	0.0148341884	0.0056130231	0.0462842009
0	0.0000000000	0.0774939207	0.5237373568	0.0798629474	0.0566302766	0.1214957433	0.0035307870	0.0210782867	0.0610667524	0.0551039290
0	0.0000000000	0.0846075475	0.0133900677	0.2109915680	0.0017534645	0.1589930733	0.3330647795	0.0879037402	0.1090569177	0.0002388415
0	0.0446598861	0.3769975046	0.1128306789	0.0079652063	0.0000002290	0.0021615036	0.0065667569	0.1329527438	0.2973249361	0.0185405548
0	0.0065593618	0.0777849783	0.0023409352	0.1612793651	0.1824065363	0.0504654941	0.0795417689	0.0104591541	0.4287758069	0.0003865994
1	0.1389446624	0.0003066939	0.2585656781	0.3692621353	0.0049144001	0.1099785605	0.0001153396	0.1085156062	0.0093969239	0.0000000000
0	0.0000000002	0.1473780054	0.3172190986	0.1332320344	0.1563213985	0.1221451327	0.0628263184	0.0146679190	0.0462100928	0.0000000000
0	0.0001791544	0.4727028501	0.1146049008	0.0001234349	0.0084752104	0.0466346374	0.3294459281	0.0097322298	0.0000456875	0.0180559666
0	0.0040258918	0.0891730816	0.0152262217	0.0508551227	0.0247741071	0.0774376177	0.0087986069	0.2988566039	0.4305777047	0.0002750419
0	0.0235109138	0.0814844839	0.0223434765	0.0774073237	0.0563969017	0.3261791234	0.0256951835	0.1934044182	0.1935447810	0.0000333942
0	0.0000000000	0.0002815197	0.1332350579	0.0000000000	0.1304637758	0.1004289649	0.0867147255	0.3178624220	0.2299479647	0.0010655696
1	0.0000000000	0.0049517044	0.2430177539	0.0025385544	0.0029574291	0.0000017605	0.1184127462	0.0046281540	0.1292755153	0.4942163822
0	0.0000002792	0.3082803365	0.0416152066	0.0125053417	0.0000000000	0.0173770124	0.2529655123	0.0195683750	0.0000460213	0.3476419150
0	0.0000000000	0.0000021307	0.0016842942	0.0649459056	0.0513658392	0.6537601972	0.1023656252	0.0245148658	0.0902626059	0.0110985363
0	0.1446172800	0.0254346064	0.0311183213	0.0472182754	0.0002156453	0.0847994068	0.0414665156	0.4532121183	0.0984519675	0.0734658633
1	0.0159458679	0.4928419889	0.0106398380	0.0031312623	0.0012464106	0.2292229783	0.0507383666	0.1276576803	0.0603310111	0.0082445960
1	0.0000502382	0.0000159950	0.0001202395	0.2464552934	0.0060672229	0.0000003511	0.6320274249	0.0309268746	0.0764022887	0.0079340719
1	0.2363369419	0.0004024051	0.0005998261	0.3034024971	0.0012958726	0.2278600445	0.0255116704	0.0223725058	0.0304797114	0.1517385252
0	0.0144255138	0.0199475668	0.0543858640	0.7777755005	0.0241862967	0.0383941782	0.0450999235	0.0024901749	0.0183514371	0.0049435445
0	0.0000000001	0.1555409558	0.5141550342	0.0000004186	0.0000001475	0.0420124379	0.1326800465	0.1552906760	0.0003197690	0.0000005144
1	0.0000002625	0.1944212644	0.1798663143	0.0375242696	0.0023328443	0.1858568962	0.1830871143	0.0000007024	0.1027839937	0.1141263383
0	0.1136222547	0.0000042319	0.0000000000	0.0145887311	0.0694207122	0.4758519581	0.3096629731	0.0166910121	0.0000000637	0.0001580631
1	0.0052225762	0.0568354988	0.5564489298	0.0881883288	0.0072156868	0.1405606921	0.0482781415	0.0000001235	0.0002747998	0.0969752226
1	0.0002165489	0.2482634679	0.0081577931	0.1926867506	0.3828060393	0.0626146281	0.0000259880	0.0020901852	0.0934396683	0.0096989305
0	0.1736791164	0.0034379916	0.0793841720	0.1961360128	0.0277769128	0.1556600932	0.2702919418	0.0416036958	0.0024072447	0.0496228189
1	0.1323093204	0.0188411829	0.1390335925	0.0003201178	0.3228424542	0.0071572668	0.0001092207	0.0242097178	0.2172116875	0.1379654393
1	0.1343803931	0.5972415794	0.0000000000	0.0000036206	0.0000022293	0.0398728055	0.0004551505	0.0238434344	0.2041139834	0.0000868038
1	0.0000000001	0.3198074591	0.0003796498	0.0800359987	0.1253305508	0.0000145180	0.0414617038	0.0002212879	0.0952052170	0.3375436148
0	0.0455741617	0.0235833884	0.0692088017	0.1976044920	0.0000000000	0.3794976521	0.1482181671	0.0000006739	0.1363126609	0.0000000023
0	0.5264540223	0.0701317906	0.1414544203	0.0165903851	0.0032928562	0.0216486981	0.0001256188	0.0121621759	0.0208244948	0.1873155378
0	0.0015171971	0.0115065369	0.1260343332	0.0229495670	0.0012142741	0.3010123865	0.1275731327	0.0187511803	0.0485088194	0.3409325729
0	0.0445642215	0.0070162168	0.0764513407	0.6727800556	0.0091365756	0.0081314408	0.1336153194	0.0000566902	0.0000143727	0.0482337667
0	0.0596788454	0.2317314443	0.4067249500	0.0014109549	0.0000000000	0.0032530029	0.0603575116	0.0908289506	0.1460143402	0.0000000000
0	0.0910055750	0.0166619082	0.0066408258	0.5855162783	0.0431223670	0.0188980282	0.1734716213	0.0000001217	0.0626805280	0.0020027465
0	0.1575164904	0.0907166909	0.0797104809	0.0101199651	0.0120714442	0.1466836760	0.1422409249	0.2407969060	0.0088898567	0.1112535649
1	0.0057829369	0.0165532827	0.0069351451	0.0000006393	0.0096262160	0.0012868499	0.1098951288	0.0566482098	0.1289533024	0.6643182890
1	0.0008836712	0.0269545655	0.0000003268	0.9139654095	0.0508505079	0.0053677681	0.0019282681	0.0000494830	0.0000000000	0.0000000000
1	0.2908772609	0.0951016264	0.0002704288	0.1218250251	0.0097494931	0.0372341975	0.0020884983	0.0999687252	0.3329374425	0.0099473022
2	0.0918375629	0.2195229415	0.0000246262	0.0259109315	0.0426073370	0.0023042504	0.0233273502	0.0397474546	0.5370384381	0.0176791076
0	0.0000000000	0.0099341075	0.1571162881	0.0956346647	0.0019946412	0.1956138503	0.0003891337	0.0036583740	0.5247929217	0.0108660187
1	0.0127963813	0.0520051671	0.0751939539	0.0056577010	0.0291736136	0.0072434382	0.0020198424	0.0137865616	0.4885834046	0.3135399365
0	0.0420086185	0.1176580647	0.2215636425	0.3347767588	0.0059043966	0.1227425341	0.0034783594	0.0000000000	0.0018292485	0.1500383767
0	0.0003227460	0.0002192724	0.0000001280	0.0410255146	0.0298298025	0.8982415955	0.0301809907	0.0000000007	0.0001799496	0.0000000000
0	0.0001454724	0.2488250111	0.3443361329	0.0910534427	0.0000224215	0.0002041523	0.2627214219	0.0005089107	0.0521830344	0.0000000000
1	0.0000000186	0.1902128053	0.0000000711	0.6023719280	0.0000000065	0.0000639874	0.0235318878	0.1208264544	0.0046237435	0.0583690974
1	0.0032725206	0.0001572584	0.6349251123	0.0292710901	0.0275304792	0.0003415481	0.0001363734	0.0193464985	0.1416872915	0.1433318278
1	0.0083163679	0.1450745417	0.0000000454	0.1954278003	0.0247169782	0.0180205891	0.0004283842	0.0234502551	0.4882557948	0.0963092433
0	0.0068801946	0.0815306802	0.0006477466	0.0031469485	0.0043480240	0.0194090586	0.0069818091	0.7956398273	0.0781451322	0.0032705788
0	0.3627019622	0.2090744885	0.0009375269	0.0112212401	0.0016026599	0.4126337555	0.0003193021	0.0000000806	0.0015089837	0.0000000006
0	0.0741750621	0.0554584034	0.1906027003	0.0268989212	0.1367929174	0.0020104009	0.1374965440	0.3706849203	0.0008343059	0.0050458245
0	0.0943167141	0.0066950039	0.0190647114	0.0132928956	0.0579897959	0.0895488396	0.0052398840	0.0002288473	0.7095960211	0.0040272872
1	0.0051230232	0.3879283378	0.0000000000	0.1056645802	0.0001558880	0.0070559003	0.0000005179	0.4064985414	0.0836807429	0.0038924683
1	0.2737802995	0.2426237186	0.0026724564	0.0185648657	0.0004535620	0.1109443289	0.0744387248	0.0673651235	0.0896318149	0.1195251058
0	0.0987414837	0.0614732664	0.6892835183	0.0001271960	0.0676651121	0.0041713263	0.0047403864	0.0097427689	0.0000323526	0.0640225893
1	0.0290479205	0.6711846087	0.0157408695	0.0083940647	0.0000000000	0.0024369593	0.0011390393	0.2073813960	0.0461874388	0.0184877034
1	0.0000004357	0.0910563147	0.1362033359	0.0767959592	0.0000000006	0.0322875698	0.2311506325	0.0002718862	0.2334811104	0.1987527551
0	0.0000000400	0.1460773089	0.0139018640	0.0612010694	0.3402259149	0.3697264483	0.0573582643	0.0065088036	0.0049714874	0.0000287992
0	0.0494664328	0.1248986929	0.2477131290	0.0424818354	0.0000079032	0.1587592943	0.1415193314	0.1114384044	0.0497261053	0.0739888713
2	0.0000000005	0.1937098739	0.0490733783	0.0000908284	0.0805387274	0.0000000000	0.0457605797	0.4740641419	0.1081603732	0.0486020967
0	0.0054840983	0.0237801919	0.0747334683	0.2611231810	0.0078358521	0.0022310602	0.0075497747	0.0114693407	0.4311197267	0.1746733060
1	0.0825623568	0.0117642447	0.0034072291	0.4452235365	0.0000000000	0.0028665773	0.1460910069	0.0807005467	0.0003085646	0.2270759373
0	0.0261047571	0.0005649577	0.0000023069	0.0090310447	0.0402779192	0.8569363961	0.0000002362	0.0354240570	0.0022760882	0.0293822370
0	0.0260245191	0.0078387720	0.0545020348	0.0327976889	0.0000026246	0.0493965931	0.0135483691	0.5813076142	0.2019553140	0.0326264702
0	0.4851982894	0.0011843419	0.0753081033	0.0107401521	0.0232450692	0.1459735293	0.1190731876	0.0550132034	0.0130467889	0.0712173348
1	0.0001573416	0.4326608359	0.0791511482	0.0028442931	0.0822944325	0.1734123528	0.2132998277	0.0066839080	0.0089006292	0.0005952309
0	0.0276162306	0.0035872846	0.2052997239	0.1681310209	0.0011437066	0.3282057371	0.1709928128	0.0003181714	0.0929747629	0.0017305490
1	0.0459418494	0.0455039217	0.0603398740	0.5102670244	0.0547336210	0.0162672135	0.0054727578	0.0069258918	0.2443222026	0.0102256438
1	0.0105079264	0.0322912689	0.0010920639	0.0452128231	0.0000133115	0.0003947116	0.0025603231	0.0088772182	0.0350985841	0.8639517692
1	0.0267827724	0.0030312803	0.5413956471	0.0117885412	0.0727126067	0.0080734899	0.0130843327	0.1205006733	0.0139110066	0.1887196497
2	0.1769307444	0.2368072722	0.0044851813	0.2275910662	0.0003885578	0.0004346630	0.1285417692	0.0915247611	0.0002953546	0.1330006303
0	0.0090477562	0.0113635982	0.4633388265	0.1500246286	0.0444504566	0.1499027766	0.0131533904	0.0151273036	0.0312106101	0.1123806531
1	0.0262494649	0.0006686737	0.0669413581	0.0001159927	0.0000232871	0.0010904898	0.5965774012	0.0326366604	0.2046258069	0.0710708652
0	0.0105901491	0.0287561853	0.0000000001	0.1121469060	0.0039229638	0.3899092029	0.1987977918	0.0000000000	0.0147741249	0.2411026761
1	0.0000000342	0.0512525326	0.0249671737	0.0003743811	0.0424035744	0.0017331040	0.4173875903	0.3510934959	0.0841553926	0.0266327213
1	0.0444556453	0.1985543844	0.1526621423	0.1795612944	0.0006213046	0.0006731671	0.3055406482	0.0245728435	0.0002200855	0.0931384848
0	0.2067275547	0.6008993981	0.0000000397	0.0000920394	0.0004511027	0.0632675046	0.0108676489	0.1036705966	0.0140238903	0.0000002250
0	0.0054906013	0.0000002197	0.2496716953	0.6042132517	0.0706847023	0.0173885528	0.0109996264	0.0283067217	0.0055160499	0.0077285787
0	0.0221296839	0.1623292641	0.5782275614	0.0073011019	0.0000000000	0.0140883852	0.0009554552	0.0673354606	0.1112043916	0.0364286960
2	0.0790623270	0.0000048309	0.3915384352	0.0507292920	0.0887003930	0.0320366404	0.0001043963	0.1907963182	0.1670273623	0.0000000047
0	0.0077641970	0.0003127883	0.0631318139	0.0066327130	0.0000000000	0.0000327358	0.5943643985	0.2683959105	0.0374097569	0.0219556861
1	0.0025332391	0.0196947814	0.1862252797	0.0016471868	0.0226360250	0.5688834586	0.0288267946	0.0299779781	0.0645915125	0.0749837443
0	0.1847501540	0.0516387129	0.2995550971	0.0515740774	0.0182370872	0.1364126034	0.0765939664	0.0012417035	0.0227999699	0.1571966280
0	0.0002382600	0.0013518679	0.2744635621	0.1250086930	0.0000427936	0.5293651694	0.0088361760	0.0000652328	0.0381042409	0.0225240043
0	0.0000082281	0.0052601938	0.0000000290	0.3641654289	0.2394345455	0.0066485565	0.3726021425	0.0086249231	0.0022927027	0.0009632500
0	0.2190284118	0.0000004796	0.1468526206	0.1057453798	0.0019099145	0.2883500089	0.2026249880	0.0293193203	0.0061673398	0.0000015367
0	0.2207914777	0.0066089372	0.2524808978	0.1803554417	0.0920165086	0.0138376268	0.0000002691	0.0040442851	0.2146653074	0.0151992486
1	0.0000000000	0.4294958154	0.0002334917	0.1049581495	0.0000002730	0.0000000006	0.0007978589	0.1198925577	0.0017603275	0.3428615256
1	0.0120886108	0.0699614550	0.0112805430	0.2141251832	0.0299334143	0.0813410192	0.0410379844	0.0395389130	0.0355052214	0.4651876557
1	0.0092953960	0.0000000000	0.0000301461	0.1797370901	0.0008007374	0.0000393801	0.5397845110	0.0009131439	0.1878648189	0.0815347765
0	0.0427744355	0.0000002182	0.0948647707	0.1554345474	0.1489502687	0.0075313078	0.0000001332	0.5458130570	0.0035454627	0.0010857987
1	0.1926509847	0.0003741213	0.0000004948	0.2518826411	0.0964598521	0.3527051737	0.0023296370	0.0042779873	0.0592536180	0.0400654902
1	0.0000000000	0.0157208173	0.2114147565	0.3812000849	0.0000001305	0.0373982036	0.0350425992	0.1840710312	0.0501291638	0.0850232129
0	0.0401654772	0.2128976222	0.0040139736	0.6325426197	0.0481597645	0.0211742029	0.0021714238	0.0044640369	0.0224132531	0.0119976262
1	0.0481558700	0.2773161510	0.0000004706	0.0394206146	0.0860766814	0.0000259706	0.4431550494	0.0029695799	0.0170568384	0.0858227742
1	0.0052570175	0.0000000481	0.0526840126	0.0179760052	0.1198127665	0.1053198997	0.0482991423	0.5913589307	0.0016942432	0.0575979341
0	0.0920182602	0.0220259439	0.1208791543	0.0298516876	0.0032493496	0.2033877874	0.1086204560	0.0029095231	0.2368615414	0.1801962963
1	0.1369101043	0.2518842816	0.0318489615	0.0649310114	0.4823100626	0.0004640457	0.0194619821	0.0035088519	0.0072765898	0.0014041090
0	0.0208820584	0.0169770061	0.0000000000	0.0501877946	0.0074922466	0.0109218850	0.0072127561	0.0416600454	0.8398238841	0.0048423236
1	0.0222503125	0.3295663387	0.1112839340	0.0078714015	0.0000329211	0.0058014025	0.4758460612	0.0126221074	0.0000000000	0.0347255210
0	0.1341842426	0.1679425794	0.3003857229	0.2637356934	0.0030279467	0.0165992641	0.0592484954	0.0510901814	0.0037453004	0.0000405736
1	0.4749693011	0.0119144545	0.1029248243	0.0214986772	0.0088663409	0.0922592870	0.0357282401	0.0584222812	0.1265590780	0.0668575157
1	0.0150544917	0.0804342788	0.0020357646	0.0212964464	0.0419026238	0.1336636067	0.1874368559	0.1645265930	0.3437961877	0.0098531514
1	0.1406168231	0.0774517454	0.0317187198	0.4872729181	0.0108683579	0.0632330992	0.1165334132	0.0000129077	0.0709071445	0.0013848711
2	0.2355769020	0.0000000000	0.0483426045	0.2900448601	0.0047376847	0.0000367898	0.2518776253	0.1325532022	0.0338307123	0.0029996191
0	0.0164498544	0.7448451157	0.0100552629	0.1259064638	0.0000813777	0.0319677778	0.0000957573	0.0499079010	0.0120080660	0.0086824233
1	0.0354981338	0.0213213118	0.0100105580	0.1257594362	0.0226744352	0.0000000003	0.0355342265	0.0526383568	0.0006329251	0.6959306162
2	0.8200331030	0.0062423032	0.0789183772	0.0024289829	0.0241776081	0.0000000712	0.0194595242	0.0195814424	0.0132995353	0.0158590525
1	0.0206092380	0.0001804401	0.3789362855	0.0933032847	0.0198676044	0.2410498541	0.0920473835	0.0369072613	0.1153808274	0.0017178211
1	0.0012660452	0.0374257097	0.0059641894	0.2750974748	0.0003992320	0.0060555014	0.0185416088	0.1789059192	0.3112847692	0.1650595504
0	0.1610624611	0.0061126461	0.3488833090	0.0012459429	0.0001692338	0.1581400049	0.1622222225	0.0056283793	0.1565358005	0.0000000000
1	0.0959511069	0.1079441862	0.0579619301	0.2112161978	0.1070131013	0.1762876584	0.0122972481	0.2297070776	0.0001031814	0.0015183122
1	0.1061400504	0.8110651554	0.0073189257	0.0000003159	0.0169267086	0.0244080462	0.0000011158	0.0002194286	0.0339202531	0.0000000004
0	0.0511308223	0.0406108050	0.0000000585	0.0244873846	0.0000000000	0.0000019412	0.0010587791	0.8801462849	0.0025639243	0.0000000000
1	0.0000003269	0.1502905344	0.0126877350	0.0059746990	0.0921070984	0.1101423514	0.0000037767	0.0131024497	0.0832624085	0.5324286198
0	0.0067239589	0.2351150842	0.2055957829	0.1050043741	0.0000010424	0.0671807549	0.0160871494	0.3252798382	0.0073715253	0.0316404897
1	0.0004850485	0.0652383738	0.0263433151	0.0112575590	0.0387723467	0.5630284880	0.0189894115	0.0088985659	0.2669867750	0.0000001165
0	0.0685765555	0.6013350365	0.0096647076	0.0061056074	0.0242482222	0.0292155168	0.0262483631	0.1184502190	0.1050319859	0.0111237859
0	0.0123746005	0.0017029979	0.0533188338	0.0750785113	0.0196974260	0.8009786472	0.0008530298	0.0119279605	0.0220453720	0.0020226212
0	0.3856723069	0.0179995688	0.1333367234	0.4042242359	0.0070390799	0.0007634383	0.0215522784	0.0072902524	0.0221220496	0.0000000664
0	0.0220418202	0.0156242335	0.0006310849	0.0806267589	0.0183496329	0.0666304879	0.2428075864	0.2000905390	0.3498884000	0.0033094563
0	0.0039597570	0.3081040225	0.0074145787	0.1898340598	0.0491434089	0.2898931362	0.0728910571	0.0228840743	0.0199060885	0.0359698169
0	0.0284527706	0.0103395838	0.0055948755	0.6488058440	0.0000000000	0.0000002774	0.0062128014	0.0521338848	0.0166037298	0.2318562328
2	0.0180490612	0.0066725121	0.0025106682	0.0000000012	0.0000000019	0.1813416853	0.3067103545	0.0967222109	0.3850207378	0.0029727668
0	0.1628418429	0.0337206066	0.0010188499	0.1421090090	0.0009806609	0.1141653847	0.0051896211	0.2077404025	0.2267249734	0.1055086489
0	0.0000000330	0.0060808991	0.8685277968	0.0014096512	0.0000423630	0.0859546035	0.0122644263	0.0179014995	0.0078151431	0.0000035845
1	0.0000005590	0.0219685803	0.6162631043	0.1076999713	0.0006753043	0.1216541415	0.0092696851	0.0039022761	0.0316651279	0.0869012503
0	0.0656698012	0.1502375586	0.0814230427	0.4783219072	0.0806118272	0.0004266276	0.0202751708	0.0000000001	0.1179459548	0.0050881100
1	0.0056635289	0.0020235116	0.0116808963	0.5390426423	0.0029263517	0.0994159744	0.0185602501	0.0507851758	0.2560879258	0.0138137429
1	0.0000002505	0.0278607650	0.0028770177	0.3485736489	0.4285077033	0.0153732359	0.0139890194	0.1627863590	0.0000299123	0.0000020879
0	0.0025839775	0.0386719486	0.4722467501	0.3307936653	0.0365445744	0.0025435876	0.0579241886	0.0576142745	0.0010493610	0.0000276725
0	0.0626571527	0.0113896653	0.2868796743	0.1010651501	0.0069558977	0.1108726217	0.0000000000	0.0326514212	0.0185014671	0.3690269499
0	0.0000039915	0.0614519449	0.0243055581	0.0000516647	0.0808481643	0.2101595145	0.0307271786	0.0012855688	0.5082233504	0.0829430643
1	0.0394154903	0.2991256184	0.0060247544	0.1067330606	0.2834794474	0.2206048453	0.0329721887	0.0077164320	0.0038960140	0.0000321489
1	0.0137891612	0.0000000000	0.0321791796	0.7630378366	0.0109882710	0.0325113444	0.0959473956	0.0352185471	0.0157693893	0.0005588751
0	0.0469691135	0.0000014442	0.1684251439	0.0178873711	0.0932361840	0.1717404437	0.0000575743	0.1052375908	0.2885189046	0.1079262297
0	0.1397329797	0.0234972472	0.0094569634	0.0037278409	0.0000000032	0.0000000001	0.4067030775	0.2767492473	0.1382284071	0.0019042336
1	0.0000008292	0.0063582753	0.0602603536	0.0850432687	0.0257671139	0.0000038238	0.0000009017	0.0139462607	0.1291494410	0.6794697320
0	0.0043861214	0.0157664164	0.0212591255	0.0552543240	0.0028979475	0.0071687428	0.8783863106	0.0136570026	0.0002072483	0.0010167608
0	0.0000694973	0.2097857616	0.2715047734	0.0000000070	0.0000000000	0.0438039988	0.3725985428	0.0741206914	0.0226692450	0.0054474827
1	0.0000000000	0.0008265818	0.0044408027	0.5640528683	0.0717123769	0.0858564931	0.0116470801	0.0225719500	0.0896878055	0.1492040417
0	0.1533256108	0.1499004707	0.0005843704	0.1839609950	0.0545271221	0.0032575519	0.3013990319	0.0095660560	0.1434787912	0.0000000000
0	0.0938885142	0.0923442693	0.0043327663	0.0374182167	0.0000003159	0.2329156962	0.0241049418	0.0007266691	0.0014612242	0.5128073862
0	0.0015377071	0.0742050892	0.0662915385	0.0003156558	0.0354476393	0.0004923187	0.0000059340	0.2139341912	0.6077699261	0.0000000000
1	0.0356401130	0.0930117441	0.0110582472	0.1446620932	0.6269778389	0.0213589970	0.0013709401	0.0088603234	0.0554485008	0.0016112024
0	0.0002595727	0.2879807100	0.1626946094	0.0289553853	0.0089264739	0.0003857125	0.4844422494	0.0025309648	0.0036727051	0.0201516170
0	0.1889633070	0.1141576591	0.0557058877	0.1114941661	0.1771647581	0.0492561239	0.0000000000	0.0000048681	0.3028079004	0.0004453294
1	0.0745533809	0.3192773868	0.0038015618	0.0130404126	0.0310420474	0.0029331195	0.0000000000	0.2991000327	0.0712191477	0.1850329107
0	0.0449642831	0.2771787727	0.1047630291	0.0000036499	0.0284211000	0.0098422588	0.0038208871	0.0086674043	0.5223384801	0.0000001349
0	0.0265159488	0.0133609754	0.4942137548	0.0565250002	0.2068992529	0.0000000578	0.0456128058	0.1043074107	0.0000000021	0.0525647916
0	0.0021223589	0.0012537690	0.0120411229	0.0000000000	0.0185893049	0.0004163799	0.0077783098	0.0034876427	0.5115454646	0.4427656473
1	0.0000263578	0.0007567118	0.2593174882	0.0685925000	0.0360794427	0.2893885119	0.0506589951	0.0113460127	0.0080479548	0.2757860251
0	0.0023603878	0.8088241843	0.1381294238	0.0168772712	0.0001151404	0.0000000917	0.0000001179	0.0285773318	0.0051160511	0.0000000000
0	0.0020540401	0.1395325900	0.0000000000	0.0010021216	0.0000000581	0.0560723317	0.0827136431	0.0000001511	0.3145411700	0.4040838943
1	0.0015219898	0.0520738746	0.0437176163	0.0170818662	0.0338199871	0.0000007422	0.0092485970	0.7947675251	0.0104212227	0.0373465791
0	0.0001256528	0.0002657664	0.0478231510	0.0385058294	0.0000066891	0.0383956585	0.3230566848	0.0048757824	0.5040981350	0.0428466506
0	0.0336537201	0.1799525253	0.0201421663	0.2401814621	0.0656499124	0.3279452029	0.0000000063	0.0280890002	0.1040482839	0.0003377205
0	0.6101141916	0.0285631187	0.0959985085	0.0001225549	0.0344488519	0.0265307415	0.0012922723	0.1275226337	0.0754063197	0.0000008073
0	0.0774650461	0.0278905048	0.0324209419	0.5028215615	0.1827364990	0.0992382590	0.0078591844	0.0455886654	0.0207046372	0.0032747006
0	0.0254803833	0.0000659893	0.0456468897	0.5699922814	0.0044704156	0.0732348316	0.0000209796	0.1994574600	0.0812447901	0.0003859794
0	0.2900583603	0.0109858831	0.3245125077	0.0360316355	0.0688779287	0.1962714384	0.0436603945	0.0000677713	0.0294165463	0.0001175343
0	0.2257804972	0.0391844430	0.0020455567	0.1376500840	0.0000314079	0.4877386076	0.0002497178	0.0444405002	0.0628784796	0.0000007059
0	0.0462104779	0.0001621842	0.0001425462	0.4375615277	0.2619381554	0.0039525331	0.1249986590	0.1250334171	0.0000000183	0.0000004810
1	0.1295520469	0.2126752342	0.1474193845	0.0706694444	0.0033069735	0.0735725142	0.0000000179	0.1474398163	0.2153184244	0.0000461438
0	0.0329872653	0.6796388558	0.2265259923	0.0103992277	0.0278671420	0.0076887500	0.0006782292	0.0057615363	0.0002312302	0.0082217712
0	0.1386424134	0.0059010650	0.0326546351	0.6788507473	0.0171359749	0.0481635439	0.0756172395	0.0017174897	0.0000000000	0.0013168913
1	0.0949130779	0.0010121154	0.1666800687	0.1506420472	0.3607878652	0.0920509420	0.0278458906	0.0193240252	0.0861734589	0.0005705089
2	0.0071311228	0.0619035305	0.1117985944	0.0143244187	0.0073793716	0.2900387405	0.4247565150	0.0180411595	0.0378376582	0.0267888888
0	0.1967249619	0.0000000000	0.2254582814	0.0847032119	0.0359787259	0.0563023801	0.0132395437	0.0007669299	0.0120416033	0.3747843619
1	0.0025555040	0.0180379071	0.0406953792	0.2326225685	0.0002975766	0.0006725274	0.5899122759	0.0000125293	0.1082053116	0.0069884203
1	0.0161840367	0.1322337042	0.0018356643	0.2111186614	0.0448784883	0.3508716884	0.1631274669	0.0743290282	0.0054212540	0.0000000075
0	0.0001272730	0.3394957936	0.0157863118	0.0097878148	0.0000064247	0.0553973547	0.1234399794	0.3003900493	0.1448166023	0.0107523965
0	0.0708335995	0.0211205866	0.0019334781	0.2248915555	0.0041803743	0.0000714821	0.1549375543	0.0441466785	0.2122226459	0.2656620453
0	0.1034495243	0.2350652758	0.0952582081	0.0344848122	0.0310240744	0.0156091302	0.0271089770	0.3128592313	0.1379693505	0.0071714162
1	0.0000001311	0.0000000291	0.0012511449	0.0000175722	0.0019761735	0.0593338698	0.8790155424	0.0027994756	0.0332882595	0.0223178017
0	0.0839834356	0.4062995753	0.0099486284	0.1029509652	0.0000853405	0.0700888443	0.2570045298	0.0571675818	0.0123755373	0.0000955618
1	0.0000090329	0.1610051858	0.0001725478	0.1162209594	0.0005989564	0.3610268447	0.1475500632	0.1070254836	0.0335114894	0.0728794368
0	0.0000148067	0.0024623877	0.1635702805	0.7162507598	0.0350934198	0.0060148389	0.0074154925	0.0587767198	0.0104008560	0.0000004382
1	0.0631003619	0.0196205119	0.0553348014	0.5676282808	0.0504483463	0.1133548509	0.1048921227	0.0000000000	0.0000080897	0.0256126345
0	0.0000000003	0.1407721033	0.2933058604	0.0605524091	0.1786184512	0.1591520820	0.0269601573	0.0218110872	0.1188270786	0.0000007707
1	0.0130631111	0.0002190500	0.0080547614	0.0621000157	0.0365002519	0.0007739240	0.3611547320	0.0183981107	0.0000180724	0.4997179709
1	0.0000000021	0.2004241894	0.3799263799	0.0021629900	0.1469377281	0.2209722525	0.0363953034	0.0126021682	0.0001377862	0.0004412002
1	0.0764954024	0.0095798382	0.3969821288	0.0707645213	0.0011787985	0.3852867984	0.0000295312	0.0554128828	0.0042700922	0.0000000062
1	0.0000231304	0.0390793886	0.0116133226	0.0054309877	0.0263542425	0.0027464735	0.0320233182	0.1454373860	0.7114755252	0.0258162254
1	0.0062260159	0.3047003882	0.0534028875	0.0343212500	0.0751813901	0.1736510214	0.0000052868	0.0000021791	0.3462183013	0.0062912798
1	0.2289599969	0.0690650307	0.2052621340	0.4215128797	0.0183293552	0.0553487267	0.0000000000	0.0010964508	0.0003902893	0.0000351366
0	0.0064614696	0.0124319895	0.0652558944	0.0003075826	0.5100267202	0.2497286736	0.0382857860	0.1174476327	0.0000542397	0.0000000117
1	0.0000000000	0.0176597597	0.1772721780	0.0000000000	0.1403125390	0.0326886796	0.3347627168	0.0330416171	0.1192607712	0.1450017386
0	0.0003428651	0.1447867977	0.0002279039	0.1306387686	0.1888217880	0.2851791655	0.1469250812	0.0337047783	0.0073812062	0.0619916456
0	0.0890194420	0.1526582133	0.0002730588	0.0306312155	0.0000000104	0.0054956530	0.0121261287	0.0000002300	0.2169304765	0.4928655718
0	0.0733972174	0.3138011000	0.0272537639	0.0685808676	0.0094036516	0.0456882068	0.0083074336	0.3538694344	0.0968578456	0.0028404790
1	0.0068763616	0.0284573700	0.0623208031	0.0260429197	0.0001002487	0.0000015149	0.6613753180	0.0514950268	0.0008654356	0.1624650016
0	0.0494742354	0.0880366317	0.0000000000	0.0391814414	0.0193659974	0.2803400913	0.0000000137	0.0003646192	0.5232369693	0.0000000006
1	0.0027385857	0.1262063582	0.0057203189	0.3091601584	0.0508273134	0.0000022272	0.0000036175	0.3658591620	0.0036657858	0.1358164729
1	0.0524082723	0.0435922309	0.1377326978	0.0000010923	0.0656346537	0.0038752299	0.0000000180	0.0035904567	0.1834549333	0.5097104152
1	0.0371923676	0.0081570880	0.0065050320	0.0000000000	0.0000000000	0.0583996259	0.7132485448	0.0734896615	0.0047101963	0.0982974839
1	0.0000032937	0.0021968722	0.0571912112	0.0534699340	0.0258475803	0.0102662052	0.0000000003	0.0000615724	0.8480527839	0.0029105469
1	0.0173309238	0.0086155317	0.0481325500	0.1858096841	0.0466440776	0.0933782222	0.0002284303	0.0440273502	0.5549291496	0.0009040804
0	0.0028188152	0.0059945895	0.0986568702	0.1266897262	0.6987795169	0.0048740195	0.0495023153	0.0123856439	0.0000253111	0.0002731923
0	0.0000017423	0.0453978656	0.0874429962	0.0239431430	0.0015396828	0.0607323240	0.4595089809	0.0000041735	0.2038401649	0.1175889267
0	0.0000002315	0.5455405269	0.0065330005	0.0000000000	0.0000002603	0.3395556898	0.0070534329	0.0013005596	0.0995263796	0.0004899189
0	0.1355547044	0.1145919864	0.0587002139	0.4746340801	0.0725537267	0.0031531374	0.0281056706	0.0154890868	0.0111730135	0.0860443802
