0	0.1962424815	0.1431124442	0.0892172770	0.0042842288	0.1158446935	0.0059768558	0.0357575162	0.0000030164	0.1794693617	0.2300921247
0	0.0011041063	0.5572500274	0.0000000000	0.0318893482	0.0674568638	0.0307805967	0.1609677679	0.0000599927	0.0051241070	0.1453671900
1	0.0070138860	0.0016802323	0.0059454068	0.0174458872	0.1482577896	0.7821652787	0.0281901014	0.0011242170	0.0000704698	0.0081067312
0	0.0011912172	0.0000008478	0.3065808276	0.0009694885	0.1342260506	0.3389215217	0.0942165917	0.0000000137	0.0000000000	0.1238934411
0	0.0102631393	0.3097140342	0.0000000036	0.0018830725	0.0818629718	0.0583698206	0.0211448629	0.0616687535	0.0001116230	0.4549817187
0	0.0000000000	0.0538118370	0.0172984405	0.0082866316	0.0024845316	0.0449770633	0.0000000129	0.0000230069	0.1320947587	0.7410237175
0	0.0175403007	0.1894842596	0.0016666943	0.0000000000	0.5800999157	0.0011782898	0.1692081435	0.0000001895	0.0087520524	0.0320701544
0	0.0122886245	0.0272956307	0.0005285342	0.0222955042	0.3127345956	0.2188571145	0.0816240711	0.0032580458	0.0000000344	0.3211178450
0	0.1357243112	0.7040550713	0.0473063715	0.0007027189	0.0111675817	0.0081650673	0.0243385620	0.0284214731	0.0001768860	0.0399419570
0	0.0038549124	0.0164931725	0.0017745444	0.0000140612	0.1481543758	0.3153925132	0.0000028575	0.4403957523	0.0713042616	0.0026135491
0	0.0677801867	0.0019599812	0.0000007506	0.0048633005	0.3972880275	0.0033439163	0.2871806300	0.0466118431	0.0064997332	0.1844716310
0	0.0000002493	0.0039452891	0.0587135646	0.0553285263	0.3674820377	0.3404361178	0.0473415064	0.0449609748	0.0817917340	0.0000000000
1	0.0060207900	0.1673335409	0.0000433584	0.0191551113	0.0638378833	0.0645500891	0.6685658878	0.0009083941	0.0076617245	0.0019232207
0	0.0655208108	0.0078658430	0.0063359885	0.0306421057	0.0850947776	0.0087706914	0.0280462911	0.0290017051	0.0000220254	0.7386997613
0	0.0317976346	0.2549958708	0.0041383024	0.0000379088	0.0040971634	0.0444181491	0.3130468795	0.1295979972	0.0000000000	0.2178700941
1	0.0000000219	0.0101605208	0.0000090742	0.0687324245	0.2678624455	0.1498793565	0.4865874009	0.0003373022	0.0000019668	0.0164294868
0	0.0211919057	0.2865254189	0.0003048564	0.0000019530	0.1036077955	0.2355143820	0.0019834626	0.0039819689	0.0002916299	0.3465966270
0	0.0030924373	0.0875134799	0.0000002114	0.0202134923	0.0000006566	0.1128903051	0.0083196777	0.0074887930	0.0000002804	0.7604806663
1	0.2280274878	0.2679856349	0.0280440793	0.1667185675	0.0960047257	0.1359304528	0.0256593630	0.0207519260	0.0307248058	0.0001529572
0	0.0000025398	0.1205652970	0.0000902288	0.6056621355	0.1486771213	0.0178397477	0.0141579555	0.0068001557	0.0220605661	0.0641442526
1	0.0046159176	0.0373118765	0.0347967575	0.2715030135	0.1644225788	0.2297436545	0.2506632969	0.0026962232	0.0042388679	0.0000078137
0	0.0032098871	0.0000000030	0.0268472776	0.0006990131	0.0130364826	0.0003554473	0.0199144396	0.6148396212	0.2143696143	0.1067282143
0	0.0000001135	0.3339410229	0.0248964817	0.0083150659	0.0004199077	0.2351503381	0.0225319758	0.0000000278	0.0002242939	0.3745207725
0	0.0132160804	0.1320649685	0.1878139016	0.0642985443	0.4144685896	0.0000134610	0.0031263595	0.0843697172	0.0009021413	0.0997262366
0	0.1995925036	0.3240705233	0.0115299480	0.1035078658	0.0127672918	0.0286390638	0.2174148639	0.0409099117	0.0532421933	0.0083258349
0	0.0002636136	0.1408279546	0.0490892314	0.0502157669	0.2355836413	0.0607605078	0.0000000450	0.0014950138	0.0052805696	0.4564836560
0	0.2038008712	0.0745172137	0.0000000000	0.0276683949	0.0219765890	0.0871462954	0.0075497138	0.0046335650	0.0210725956	0.5516347616
1	0.0096569193	0.0011914003	0.0672861050	0.2206917355	0.0138784241	0.2202755538	0.4364619664	0.0004416418	0.0106718361	0.0194444177
0	0.0868728718	0.0047798042	0.0000000319	0.2445579246	0.2417310845	0.0182260044	0.0678776953	0.0156115600	0.0019181366	0.3184248867
0	0.0000000610	0.0744160152	0.1242530422	0.0541892805	0.3539508440	0.1654347408	0.0230578734	0.0000038727	0.0000000003	0.2046942698
1	0.0000000000	0.0009454368	0.0186519356	0.0007322222	0.2694896721	0.4118404664	0.1589264087	0.0922797989	0.0206907096	0.0264433496
0	0.0688843286	0.0149553424	0.0000944874	0.1883641910	0.2896923790	0.0018414729	0.0434046449	0.1462665780	0.2205363627	0.0259602131
0	0.0000002426	0.0105280619	0.0006174445	0.0275655281	0.2186986694	0.0889794686	0.1266959223	0.0018307448	0.0001550297	0.5249288881
0	0.0278216040	0.1352195662	0.0000147643	0.2635363953	0.0078602111	0.1529512585	0.0531686906	0.1373032483	0.0337861161	0.1883381457
1	0.0102554635	0.0000001919	0.0719476513	0.2712079594	0.0480991735	0.0890422148	0.1900674442	0.0112950520	0.0000399992	0.3080448501
0	0.0736740289	0.0370723632	0.0001695342	0.0907031255	0.3916324709	0.2065657393	0.0494459327	0.0181703326	0.0012726673	0.1312938055
1	0.0000120924	0.0310091810	0.0005809393	0.0001627358	0.0768937559	0.5480671721	0.0034769214	0.0000000000	0.0685650810	0.2712321209
1	0.0000653113	0.0941677674	0.0294778027	0.0078294490	0.1321892654	0.3725199373	0.0229733176	0.0494503729	0.0006642046	0.2906625718
0	0.0005229341	0.0076450462	0.0000000630	0.0000136474	0.9141635670	0.0452267753	0.0003855895	0.0000012984	0.0239586284	0.0080824507
0	0.0143450345	0.1788993139	0.0005731519	0.0732780930	0.5726593739	0.0460367615	0.0495498046	0.0000038866	0.0339580910	0.0306964892
0	0.0096480441	0.0274259142	0.0000000000	0.0018051744	0.0671956211	0.6493848653	0.1563853251	0.0875798209	0.0000000000	0.0005752346
0	0.0011287057	0.0291373891	0.0121717333	0.1929226152	0.0000016410	0.1329331360	0.0003451585	0.0318214888	0.0512609201	0.5482772122
0	0.0000826806	0.1672041153	0.0022297053	0.0084018122	0.7030800597	0.0865846274	0.0012863075	0.0038070477	0.0022913518	0.0250322926
0	0.0424869450	0.0584571961	0.0623611698	0.0155215671	0.5771406154	0.0534810844	0.1361306995	0.0365299990	0.0104480300	0.0074426936
0	0.0000000000	0.0561464411	0.0189101425	0.0013418381	0.1832208986	0.2083768416	0.4622176848	0.0000000001	0.0075375836	0.0622485697
0	0.1110727065	0.1694597040	0.0030307009	0.0399710402	0.1900680561	0.0199223321	0.0298853987	0.1843068541	0.1631785926	0.0891046148
0	0.0197579764	0.1765031704	0.0074847530	0.1720124564	0.0119997560	0.2456211875	0.0405951204	0.0000000000	0.0115559871	0.3144695927
0	0.0001623580	0.1429404282	0.6250056003	0.1015870537	0.0265568319	0.0114587531	0.0350339212	0.0281532949	0.0287055603	0.0003961985
0	0.3073006916	0.0079329325	0.0001880447	0.0024373540	0.1403552181	0.2367857257	0.1553185912	0.0250319911	0.0527697751	0.0718796761
0	0.0000000027	0.0335479378	0.0944017693	0.0417819423	0.0145385281	0.1746562491	0.1597344361	0.1415614584	0.1622769353	0.1775007408
1	0.0011377206	0.0664624470	0.0002141810	0.0096248180	0.3950187876	0.1620393553	0.3285589629	0.0000001524	0.0335121540	0.0034314212
1	0.0095289140	0.0427673057	0.0111996746	0.0037783944	0.1253640973	0.1579171576	0.5970181339	0.0000005879	0.0098236545	0.0426020800
1	0.0038326696	0.0625714363	0.0090338959	0.0148949432	0.0070360949	0.0410665310	0.8324393187	0.0051652391	0.0120455661	0.0119143052
0	0.0559334215	0.1360945690	0.0001459925	0.0000012129	0.5127882802	0.0004429684	0.0254082814	0.0540374421	0.1575433384	0.0576044936
1	0.0003721142	0.0408431319	0.0444210203	0.0490196140	0.1318669792	0.3197558067	0.3693164842	0.0000002431	0.0198245307	0.0245800756
0	0.0000000001	0.0385446200	0.0009418484	0.0000025330	0.0554060135	0.0391918441	0.1151283326	0.0303044241	0.5244731588	0.1960072255
0	0.0098854481	0.0524807587	0.0032709568	0.0000005480	0.2749016045	0.4128101064	0.0117691668	0.0644528837	0.0802855297	0.0901429972
1	0.0151752515	0.0098221248	0.1508937886	0.0134992181	0.3744713515	0.1875583239	0.0496675116	0.0048487102	0.0008550576	0.1932086621
0	0.0256064941	0.0650887449	0.0001247719	0.3258081307	0.0000000039	0.0087362043	0.0757308230	0.0008338563	0.0032494071	0.4948215638
1	0.0034946015	0.0016344196	0.1506205775	0.0342329624	0.0752456397	0.0129783850	0.7033569850	0.0000000000	0.0137321150	0.0047043143
0	0.0308876240	0.0000164704	0.0081437248	0.0002670148	0.0443177039	0.2404585876	0.0190419952	0.0302750313	0.1613532794	0.4652385687
0	0.0016198384	0.0182914488	0.0052156730	0.0000099610	0.7847042411	0.0736417827	0.0020007258	0.0014312731	0.0378810442	0.0752040119
0	0.0332105641	0.0089469473	0.0264268950	0.0000000000	0.0032378226	0.5382875844	0.0531348751	0.0114583495	0.0000000000	0.3252969619
0	0.0175560044	0.0000001098	0.0000001161	0.0000630205	0.0196625552	0.0630344853	0.0448486698	0.0143941140	0.0000050449	0.8404358800
0	0.0011388222	0.0902869412	0.0000019630	0.1042473106	0.0301326164	0.0116940106	0.4591771545	0.0657857613	0.0007100802	0.2368253402
0	0.0137978843	0.1330538199	0.0000000000	0.0115233631	0.0036423846	0.0207245213	0.0385565339	0.3315955472	0.0013208704	0.4457850754
1	0.0052345670	0.4310258950	0.0170433173	0.0021382751	0.0291131543	0.1906609526	0.2024363237	0.0005588790	0.0112260444	0.1105625917
1	0.0000055743	0.0029291204	0.0018893961	0.0196268792	0.0046761130	0.9460765814	0.0174380232	0.0000024043	0.0000000000	0.0073559081
0	0.0116193963	0.0036459002	0.0043494526	0.0405980109	0.0946661075	0.0353702702	0.0588466384	0.0325147876	0.4171036788	0.3012857575
0	0.0267311495	0.0890569630	0.0000818971	0.2407364783	0.0402078903	0.2029283901	0.1602498140	0.0001421279	0.0000671229	0.2397981670
0	0.0056496904	0.3129077947	0.0363044357	0.2449068572	0.0210408093	0.0238073616	0.1172088853	0.0400583897	0.0027651034	0.1953506727
1	0.0000000301	0.0153881197	0.0223071499	0.1566902662	0.0158018289	0.7366012172	0.0235583369	0.0000000247	0.0270470692	0.0026059571
0	0.0407670895	0.0850203052	0.0000000000	0.0034775653	0.0325418795	0.0008670723	0.0085392866	0.0000000000	0.0095521884	0.8192346131
0	0.0000082659	0.0225061128	0.0000000001	0.0158756324	0.0125665866	0.0130238635	0.0004996343	0.0000191568	0.0002922386	0.9352085090
0	0.0575089418	0.1084608310	0.0000166396	0.6066743954	0.0329062537	0.0604246876	0.0531169396	0.0011430229	0.0237751837	0.0559731047
1	0.0000546681	0.0705476861	0.0060800533	0.0173039627	0.2084533661	0.0714461190	0.5324828522	0.0000178005	0.0812602691	0.0123532228
0	0.1331690310	0.0020326161	0.0437783994	0.2377469293	0.0052633973	0.0348938329	0.5234086258	0.0177539405	0.0004681732	0.0014850545
0	0.1694939621	0.2494056214	0.0005499459	0.3464723660	0.1813629600	0.0124421220	0.0000000731	0.0208709986	0.0181308129	0.0012711378
1	0.0138534334	0.0237659079	0.0061764829	0.0401855723	0.0122283731	0.3736195506	0.3320128987	0.0931402384	0.0709668830	0.0340506595
0	0.1103188448	0.2062956773	0.0122212599	0.0157074584	0.5708832326	0.0027100301	0.0664800965	0.0021559997	0.0013532762	0.0118741244
0	0.0003008617	0.3994257380	0.0604773760	0.0539147224	0.0037659374	0.0103056281	0.0415843228	0.0736765951	0.2015229113	0.1550259073
0	0.0000000750	0.0381828248	0.0170919357	0.0207189826	0.1756139162	0.5479554903	0.0001583993	0.1258638775	0.0016852102	0.0727292884
0	0.0219651028	0.0001411356	0.0233873661	0.0322497258	0.0021184115	0.6212849399	0.0250921486	0.1419652292	0.0007952866	0.1310006539
0	0.0045824719	0.0863859423	0.0426269266	0.0163415332	0.6401502061	0.0122533058	0.0000075915	0.0761152245	0.0136920559	0.1078447421
0	0.0243828260	0.0225235213	0.0244962933	0.4273279430	0.0216483605	0.0102386130	0.0000000000	0.0000154963	0.0049881578	0.4643787888
0	0.0041936437	0.0000375588	0.0000000000	0.0240434892	0.4794058502	0.0815163140	0.0371262386	0.1498328669	0.0463162547	0.1775277839
0	0.0000906891	0.0000784545	0.0000003359	0.0040177157	0.9802090869	0.0036995412	0.0035361085	0.0000000003	0.0051544795	0.0032135884
0	0.0385068641	0.0333851858	0.0021930863	0.0000000023	0.0248285121	0.5709370033	0.0519771653	0.0416267308	0.0850091990	0.1515362511
0	0.0202833115	0.0408071632	0.0052552569	0.0398396221	0.0075232195	0.0694142563	0.0000000000	0.0727451670	0.0274263636	0.7167056399
1	0.0032603281	0.0029029121	0.0071062051	0.0122080936	0.1481163039	0.0462588612	0.7629379512	0.0135402064	0.0028159838	0.0008531547
1	0.0000491068	0.0413075432	0.0002943025	0.0147711875	0.0122224890	0.8837088250	0.0360650486	0.0000012766	0.0000000330	0.0115801878
0	0.0506447527	0.6055855549	0.0452270206	0.0483040536	0.0128384895	0.0219323440	0.0819934507	0.0043237596	0.0016987259	0.1274518484
1	0.0062647139	0.0154107157	0.0000047561	0.0000000000	0.0392244670	0.0405278332	0.8796365140	0.0034665265	0.0154540194	0.0000104542
0	0.0283577110	0.0223224716	0.1052901708	0.0000000000	0.3939025950	0.0532652042	0.2053389114	0.0004253627	0.0000004929	0.1910970804
1	0.0003639881	0.0043633131	0.0000000691	0.0123504998	0.0046862754	0.0060498777	0.9708879458	0.0012980310	0.0000000000	0.0000000001
0	0.0033434513	0.0000017335	0.0004373269	0.1255737559	0.0391465497	0.0625261340	0.0297556804	0.5931550794	0.1076010228	0.0384592662
0	0.0339123787	0.3270578883	0.0587296503	0.0000000000	0.0192982683	0.0989162258	0.0072371214	0.3918851825	0.0000036750	0.0629596097
1	0.0000000000	0.0005995755	0.0001858693	0.0042215979	0.0015708677	0.9700148364	0.0118085568	0.0025761329	0.0017173860	0.0073051775
0	0.0056443740	0.0066890543	0.0180941412	0.0501049859	0.0133113088	0.0565683798	0.1616189195	0.5032357416	0.0000012118	0.1847318832
1	0.0000000000	0.0075193073	0.0018659225	0.0050338289	0.1774399745	0.8054920755	0.0022257409	0.0001985553	0.0000027529	0.0002218422
0	0.0000000000	0.1367422239	0.0216184527	0.1659664329	0.0159803899	0.1545000744	0.0219604949	0.0422051799	0.0002470870	0.4407796644
0	0.2269734900	0.0152951024	0.0302746203	0.2924444780	0.0484180505	0.1750517394	0.1474739327	0.0597071463	0.0041271085	0.0002343318
1	0.0000008554	0.0060145017	0.0089715168	0.0115765584	0.2585109854	0.0532947365	0.5181698462	0.0478684918	0.0000000000	0.0955925079
2	0.0001812774	0.0036937725	0.0581700038	0.0678645735	0.0639740583	0.0593591821	0.7158745190	0.0015749789	0.0275521515	0.0017554831
0	0.0432384787	0.2680875835	0.0005891853	0.0185423153	0.1448489251	0.1026180123	0.2199569008	0.0153063478	0.0000000000	0.1868122511
0	0.0004906818	0.4390615312	0.0000000000	0.0026202911	0.4986769614	0.0472517488	0.0022304523	0.0000007827	0.0077772335	0.0018903173
1	0.0462740449	0.0024437741	0.0350982657	0.0234676564	0.5317544135	0.2989081868	0.0550668302	0.0000000000	0.0000524854	0.0069343430
1	0.0000184696	0.0046226317	0.0005042467	0.0109691888	0.3573723606	0.0798109012	0.5095610716	0.0159460068	0.0123773434	0.0088177796
0	0.1804429051	0.0178473572	0.0000000000	0.0801960323	0.0189057808	0.0674027342	0.3976196379	0.0621480182	0.0007041932	0.1747333411
1	0.0000000001	0.0264959167	0.0001546497	0.0020387446	0.0003230319	0.0637009819	0.7014257253	0.0000006016	0.1999797610	0.0058805872
0	0.0008114415	0.0212401898	0.0270084942	0.0436002042	0.4212167186	0.0840891626	0.0003406651	0.0000724647	0.0701484238	0.3314722355
1	0.0238923665	0.0901793239	0.0210102013	0.1480230744	0.2034493600	0.2168134386	0.2959215835	0.0000030109	0.0005725952	0.0001350456
0	0.0106917952	0.0579303833	0.0000000000	0.0109045783	0.8764983765	0.0003880964	0.0112959154	0.0000000000	0.0129924392	0.0192984157
0	0.0520838564	0.0638255189	0.1335674245	0.0000161285	0.2307621719	0.0164146331	0.3476726341	0.0772099276	0.0643664241	0.0140812809
0	0.0236788817	0.0000000000	0.0740416088	0.3546439387	0.2272568681	0.0760504038	0.0014872273	0.0186032647	0.0111814086	0.2130563983
1	0.0035431376	0.0132933917	0.0039943713	0.2063161353	0.0060534234	0.5212334208	0.2445382514	0.0000000502	0.0010115698	0.0000162485
0	0.0003946655	0.0784041422	0.1382422371	0.0045225713	0.0776945187	0.0021971903	0.0000000174	0.0844129686	0.0610136401	0.5531180488
1	0.0000216178	0.0013008992	0.0007132006	0.0261141844	0.0657425462	0.3980008071	0.4924636573	0.0099195115	0.0003575452	0.0053660309
1	0.0001094030	0.0001077966	0.0004435355	0.0056972524	0.0089565294	0.0047277471	0.9752390580	0.0000601074	0.0002275900	0.0044309807
0	0.0000153293	0.0686145621	0.0000003110	0.3679803901	0.1766246573	0.0083335268	0.1571968520	0.1157869098	0.0000388724	0.1054085894
0	0.0042693448	0.0784745428	0.0421835715	0.1149171101	0.1480451943	0.0216318673	0.0001093003	0.1926014337	0.1005483904	0.2972192447
0	0.0020154177	0.0000038667	0.0394733937	0.0138412553	0.0125386790	0.0000000000	0.0046197937	0.0047200865	0.0004213202	0.9223661871
0	0.0001155838	0.0000772228	0.0000717005	0.0528692000	0.5198589405	0.0304587949	0.3211583773	0.0710593586	0.0000000000	0.0043308217
0	0.0704935848	0.0000207805	0.0004984897	0.2558629850	0.4798163978	0.0711922951	0.0001714821	0.1200136704	0.0000131441	0.0019171706
1	0.0017604324	0.0638473400	0.0371178684	0.0635205516	0.0038087993	0.7746483145	0.0476489930	0.0000000000	0.0064470936	0.0012006072
0	0.3236366856	0.0837933209	0.0000000000	0.1127071771	0.2574234812	0.0343206651	0.1096651613	0.0425101309	0.0004598322	0.0354835456
1	0.0000648213	0.0661541721	0.0007808844	0.0323347147	0.0005635724	0.0135231798	0.7543742283	0.0000001129	0.0397119762	0.0924923378
2	0.0012224941	0.0018150533	0.0000175153	0.0222475955	0.0360097425	0.8216716239	0.1151721586	0.0000849063	0.0000028325	0.0017560782
2	0.0060693187	0.0154888094	0.0035387322	0.0045507643	0.2467416626	0.3104110348	0.2430119061	0.0000000000	0.1701877635	0.0000000085
0	0.0017149351	0.0831539054	0.0788173814	0.0881704986	0.4179541104	0.0174304556	0.1320313512	0.1049868883	0.0393115571	0.0364289168
2	0.0002130561	0.0004366024	0.0000817500	0.0023520414	0.0033929373	0.1527834035	0.8378508647	0.0000000048	0.0018362097	0.0010531301
0	0.0426322857	0.0000398561	0.0013269477	0.0432795615	0.0573326084	0.1930141484	0.2638695130	0.0194237085	0.0916151490	0.2874662216
2	0.0000966088	0.0000062676	0.0000000011	0.0119575193	0.0006104682	0.0193564643	0.9675290568	0.0000698142	0.0000000110	0.0003737888
0	0.0004051506	0.0865129331	0.0163594356	0.0000586946	0.0702372130	0.0810780755	0.2513898753	0.0001265225	0.0000000000	0.4938320999
0	0.1091715984	0.0013966637	0.0847352731	0.0000000000	0.0449569966	0.0121207354	0.0000013671	0.0000909694	0.0045545765	0.7429718198
0	0.0356723029	0.0210065473	0.0002396223	0.0000000201	0.5372893186	0.0000000000	0.1710178941	0.1848575966	0.0119629649	0.0379537330
0	0.0000381487	0.2994503474	0.0553341835	0.1296457992	0.1221148667	0.0872408356	0.0050975796	0.0000130045	0.1810256354	0.1200395995
1	0.0043832683	0.0045648250	0.0010768927	0.0154934736	0.0004852439	0.8921798954	0.0809264477	0.0000000010	0.0000071186	0.0008828339
1	0.0076300791	0.1027289384	0.0141559781	0.0263937671	0.0102724425	0.3483496112	0.3552671065	0.0014456578	0.0335607546	0.1001956647
0	0.0002412079	0.4512671631	0.0064377004	0.0162364262	0.0247992679	0.4499912257	0.0275193209	0.0000135403	0.0197395222	0.0037546254
1	0.0008366276	0.0072237787	0.0082986956	0.0079881171	0.0792950224	0.2748906670	0.5927828806	0.0210320163	0.0022488631	0.0054033317
1	0.0025640952	0.0012214494	0.0004448829	0.0403532297	0.0014115200	0.3833541575	0.5394231605	0.0000048441	0.0000000015	0.0312226593
1	0.0140176844	0.2552371841	0.0025576062	0.0355223782	0.0152601095	0.0039533112	0.6561293314	0.0000000198	0.0100954175	0.0072269577
1	0.0112538708	0.0029875181	0.0000000006	0.1395056743	0.0002447759	0.6479125179	0.1644861221	0.0185446356	0.0057045553	0.0093603293
0	0.2107419636	0.0004110230	0.1009689904	0.1011806195	0.1577800320	0.1651985504	0.0365852978	0.0495013121	0.0976049953	0.0800272161
0	0.0270937393	0.0745864408	0.0060788670	0.0000184108	0.0379255569	0.0359033902	0.6960462242	0.0212542444	0.0750395648	0.0260535616
0	0.0013836210	0.0002027476	0.0000821079	0.0371888730	0.1118621996	0.1991096526	0.2477172933	0.0106518452	0.0000000000	0.3918016596
0	0.0000001409	0.0337342293	0.2049608647	0.0005886551	0.2120145950	0.1252866983	0.3851216343	0.0000049635	0.0360235561	0.0022646626
1	0.0072915609	0.0032816690	0.0019649847	0.3643586133	0.1468459373	0.0359180855	0.3972746343	0.0000667860	0.0429953252	0.0000024037
0	0.0000000000	0.1002343533	0.0000000007	0.0076488538	0.1213145557	0.0000000003	0.0034974656	0.0000175217	0.7140567720	0.0532304768
1	0.0092449806	0.0076410485	0.0209593661	0.0074452419	0.0139989186	0.1800025835	0.5608001887	0.0000016576	0.0280659832	0.1718400314
1	0.0080544665	0.0002887848	0.0138336449	0.0010888436	0.0377200089	0.3522176008	0.5065410104	0.0000847438	0.0423365838	0.0378343124
1	0.0042594303	0.0545325400	0.0011263514	0.0001631622	0.0426962068	0.8906682020	0.0028999501	0.0000000000	0.0030870190	0.0005671381
0	0.0357320387	0.1760331991	0.0015442599	0.0000000575	0.0000133671	0.0065529953	0.7769246941	0.0006564581	0.0000368423	0.0025060878
0	0.0000209835	0.0445813184	0.0089001387	0.0289641307	0.0310873276	0.0000027906	0.0000337172	0.0000000000	0.0008520486	0.8855575447
1	0.0024094754	0.0000465679	0.0000038266	0.0152682962	0.3027219241	0.4694578092	0.1893900328	0.0170076406	0.0002770238	0.0034174035
1	0.0000327629	0.0101979565	0.0009953708	0.6824363878	0.0123645540	0.2460925422	0.0039696590	0.0000025509	0.0173602933	0.0265479228
1	0.0001947254	0.0216974625	0.0295363757	0.0074523023	0.0525741306	0.5337814406	0.2879210753	0.0000389295	0.0560741383	0.0107294199
0	0.0950003603	0.0075342929	0.0303372119	0.0000009033	0.4352585521	0.0058345431	0.3206985898	0.0012575635	0.0748753622	0.0292026210
0	0.0961368450	0.0008161912	0.0000000010	0.0122674433	0.2536599182	0.0974681336	0.5060478446	0.0178257244	0.0156860583	0.0000918403
1	0.0018701907	0.0529727466	0.0146031247	0.0366730882	0.1186283152	0.0110552462	0.7551815714	0.0000000000	0.0035676234	0.0054480936
1	0.0195879428	0.0156604289	0.0000024791	0.0567469818	0.0000166023	0.5114932762	0.2876707150	0.0001431534	0.0139758239	0.0947025967
0	0.0000000000	0.0247574087	0.0056622171	0.0099795788	0.6195880297	0.0770439014	0.0372670307	0.0598299935	0.0000000034	0.1658718367
0	0.0000022645	0.5378328725	0.0000000685	0.0933495235	0.1067663374	0.0092612651	0.1727211834	0.0000000000	0.0757358987	0.0043305865
0	0.0000000000	0.3598404308	0.0000000754	0.0002710147	0.0147563053	0.4646227741	0.0580388712	0.0611552797	0.0001513745	0.0411638743
1	0.0062891261	0.2055610005	0.0002957278	0.0786235868	0.0044060711	0.1769953396	0.5193151162	0.0000000000	0.0085140227	0.0000000090
0	0.3224199975	0.0707738452	0.0384899194	0.0037806852	0.0948579023	0.0187273128	0.0672525864	0.1246285140	0.0002174378	0.2588517993
0	0.0955064347	0.1292585834	0.0000000000	0.0757496819	0.3870595186	0.0000002489	0.0001123857	0.1928191800	0.0957393745	0.0237545922
0	0.0000033688	0.1125566042	0.2826941278	0.0460479655	0.2819740460	0.0001730611	0.0077541212	0.0218722740	0.0000000955	0.2469243358
0	0.0554669330	0.0023374287	0.0950580887	0.0030673718	0.6862628103	0.0309733691	0.1227261939	0.0021273038	0.0000000000	0.0019805007
1	0.0030529117	0.0075265119	0.0000105305	0.0122801955	0.0437136385	0.0959440052	0.8201946544	0.0000292727	0.0114224426	0.0058258370
0	0.0127932848	0.0742146189	0.0012764961	0.0426001708	0.0006344449	0.8124846410	0.0097864382	0.0288022104	0.0050990978	0.0123085970
0	0.2784351374	0.0166879316	0.1129922607	0.0032771576	0.0016484874	0.1942111171	0.0068618440	0.0493311261	0.1852761995	0.1512787385
0	0.0000000011	0.0003351311	0.0000005487	0.0001211374	0.0148245598	0.9059373926	0.0410214759	0.0130110140	0.0000006917	0.0247480476
2	0.0000091653	0.0308395244	0.0000450607	0.0092118304	0.1073134395	0.4202019627	0.4210170394	0.0023289144	0.0048260998	0.0042069634
0	0.0000000000	0.0840743392	0.0001199179	0.0186996507	0.8377836092	0.0011248219	0.0355796796	0.0061231759	0.0004943868	0.0160004187
0	0.0011126816	0.0204966842	0.0000006383	0.0077867962	0.3877397170	0.0128602401	0.4565444190	0.0091810243	0.0718892822	0.0323885170
0	0.0000159200	0.1440141059	0.0000000000	0.0681759464	0.1869528567	0.0000000000	0.2599504880	0.0027583468	0.0000000000	0.3381323362
0	0.2309752217	0.0021700668	0.0674993182	0.0319505200	0.0064373846	0.3114852490	0.0267435179	0.1493790438	0.0000000070	0.1733596709
1	0.0329810128	0.0000000000	0.0018354558	0.0105452802	0.0247492119	0.2887090702	0.6399549339	0.0000736407	0.0000000924	0.0011513022
0	0.0082045002	0.0399504992	0.0000172494	0.0550066715	0.0454454945	0.0014714651	0.0414304699	0.5889529631	0.0000050803	0.2195156068
0	0.3703866319	0.0014930697	0.1568793126	0.0139428547	0.0284652660	0.3694311533	0.0000092486	0.0252798279	0.0288545991	0.0052580363
0	0.0026145897	0.0001496617	0.0281378396	0.0341823092	0.0059543325	0.0286202113	0.3538994395	0.2503372364	0.0000003205	0.2961040596
0	0.0717911031	0.0030327967	0.0282480086	0.0009629078	0.0045387861	0.3253108785	0.0193959620	0.0000323980	0.0055102590	0.5411769001
0	0.0078224299	0.1022610304	0.0001265550	0.0000082348	0.7334409707	0.0358028227	0.0000000000	0.0221291214	0.0036590075	0.0947498277
0	0.0240786359	0.0008934964	0.1070861484	0.0054970626	0.0000900751	0.1273778579	0.5993497739	0.0477274226	0.0000305050	0.0878690222
1	0.0109973708	0.0005051653	0.0434145742	0.0723311999	0.8009810638	0.0303034286	0.0254019851	0.0046096055	0.0114225868	0.0000330201
1	0.0000006636	0.0933376820	0.0000000520	0.0027205342	0.0998242290	0.0832361260	0.6989120025	0.0049315072	0.0156108532	0.0014263503
2	0.0003183779	0.0001506215	0.0000011562	0.0503650889	0.0379983382	0.8054255745	0.1044737236	0.0000725416	0.0005275964	0.0006669811
0	0.0383775641	0.0005303880	0.0000330057	0.0400861042	0.1472207723	0.0050346860	0.0559654195	0.0328296207	0.0639496326	0.6159728069
1	0.1260479938	0.0245705171	0.0121261090	0.0128826356	0.1695620831	0.5327694744	0.0066412077	0.0000000054	0.1125384189	0.0028615550
0	0.0001205453	0.1489996774	0.4596511814	0.0000022571	0.0713352107	0.0115181925	0.0071719191	0.1757320775	0.0127290790	0.1127398600
0	0.0000938159	0.0162977778	0.1270847998	0.1917284236	0.2935310754	0.1045669824	0.2567649801	0.0000000000	0.0077326565	0.0021994884
0	0.0000000000	0.0037371081	0.0238296480	0.0358122537	0.5697071458	0.0000090789	0.0384974720	0.0013320954	0.2782345148	0.0488406831
1	0.0000001192	0.0008904526	0.0012031286	0.0053887335	0.0770333106	0.1245011387	0.7486383713	0.0000000000	0.0000000000	0.0423447455
0	0.0207820095	0.0149875444	0.0445110719	0.0120074472	0.0548690879	0.0064117647	0.6397364343	0.0057329875	0.0065753609	0.1943862918
0	0.0000030968	0.0000937264	0.0161589610	0.0488556148	0.1991908469	0.1128844294	0.1075378615	0.0025606264	0.0030202578	0.5096945790
1	0.0000000000	0.0638605880	0.0005691980	0.0331809620	0.0542753102	0.1021315794	0.6326142370	0.0545782341	0.0000571687	0.0587327226
0	0.1293579654	0.0007678841	0.0003921781	0.0144125648	0.7074242767	0.0038139087	0.0286211631	0.0052206882	0.0397245793	0.0702647915
0	0.1743939776	0.0110823120	0.0100824721	0.0022767981	0.0061132419	0.1080649908	0.1916805251	0.0008891010	0.2187063524	0.2767102292
1	0.0037518413	0.0000460936	0.0000017515	0.0345906286	0.3718717323	0.4725147917	0.0088324831	0.0156959395	0.0282176163	0.0644771221
0	0.0000231397	0.1645498394	0.0012573506	0.0939253709	0.0108510544	0.0107379838	0.0106149845	0.7077460755	0.0001292021	0.0001649990
0	0.0056181104	0.0800030475	0.0599437594	0.0052790200	0.1939157358	0.4176825294	0.1334626448	0.0061921237	0.0000000000	0.0979030289
1	0.0035195414	0.0167986183	0.0064628092	0.0000000001	0.0752934659	0.0489045192	0.5117508153	0.0000000000	0.0032155342	0.3340546962
0	0.0063124121	0.0158516083	0.0209170661	0.0000000000	0.0889639556	0.0051686641	0.1398212438	0.0001346089	0.2038263090	0.5190041321
0	0.0116103793	0.6071269565	0.0034620258	0.0114609106	0.2912773144	0.0006942385	0.0245781812	0.0007931524	0.0000000061	0.0489968352
1	0.0151518301	0.0007840878	0.0012512824	0.0043097005	0.0415891136	0.0006941823	0.9074924919	0.0098996634	0.0001698891	0.0186577588
1	0.0044369054	0.1017492737	0.0187608611	0.0233295097	0.0406078768	0.0014658922	0.4306763803	0.0042271942	0.0013661025	0.3733800040
1	0.0012165572	0.0074741808	0.0008422702	0.0014932259	0.0019210434	0.9698610661	0.0070542188	0.0046716930	0.0000532346	0.0054125100
0	0.5185684839	0.1518044587	0.0797866227	0.0657089363	0.0752091057	0.0402111177	0.0135111581	0.0058015793	0.0009331488	0.0484653887
1	0.0036818373	0.0358677610	0.0152889699	0.0679410047	0.0004108364	0.6215819186	0.0745365433	0.0000008852	0.0817538389	0.0989364047
1	0.1142227106	0.0404627697	0.0000017894	0.0616092650	0.2482173962	0.2563860090	0.2661272799	0.0023107004	0.0103300023	0.0003320777
0	0.0000704712	0.0000007388	0.0062925889	0.0126410558	0.0213575664	0.7332740574	0.1855641582	0.0264649649	0.0017926450	0.0125417535
0	0.1885491730	0.0289704311	0.0414197578	0.0000000038	0.0292659995	0.0000000000	0.0305476846	0.0000000100	0.0728174796	0.6084294605
0	0.0000000000	0.0143355165	0.0001239075	0.5412833841	0.0027447454	0.1201410662	0.0104082582	0.0134741819	0.0000054181	0.2974835221
2	0.0003970512	0.0005639437	0.0000000000	0.0013043782	0.0002034798	0.1608529004	0.8364036719	0.0000001366	0.0000164490	0.0002579891
0	0.0000000692	0.1348769832	0.3218138566	0.1244639457	0.0000000000	0.3005478290	0.0145881185	0.0000000000	0.0037305316	0.0999786662
1	0.0050424731	0.0060866736	0.0000000002	0.0233778081	0.0229009145	0.2037956984	0.6429913676	0.0275930919	0.0141625567	0.0540494159
0	0.0010510021	0.1227712316	0.0266937574	0.1338622731	0.0600909723	0.1360044868	0.1622726070	0.0001274502	0.0216494306	0.3354767889
0	0.0000646096	0.0716304605	0.0255966405	0.1953824078	0.2197398481	0.1876055827	0.1787190406	0.0027372768	0.1177876076	0.0007365259
0	0.0059797696	0.1047485148	0.0006329629	0.0286552593	0.7154735604	0.0984900833	0.0005329473	0.0375657178	0.0000365897	0.0078845948
1	0.0002537102	0.0043545666	0.0012072583	0.0011473485	0.0270702208	0.0068626450	0.9507639891	0.0000688118	0.0007972026	0.0074742473
0	0.0085762475	0.0671545030	0.0028798981	0.2830771322	0.0891973556	0.0045602032	0.0000891581	0.0102570466	0.0006909890	0.5335174668
1	0.0249971185	0.0059546480	0.0198293866	0.0586253630	0.3012334956	0.2971297468	0.0180061242	0.0000442056	0.0231766001	0.2510033117
0	0.2334770077	0.1143903399	0.0127134315	0.3646098568	0.0218908006	0.0001946829	0.0848564613	0.1394137031	0.0009770807	0.0274766356
0	0.0000000000	0.0501003154	0.0774222295	0.1567833892	0.0485927147	0.1441445943	0.0085489244	0.0004231265	0.0000051307	0.5139795754
1	0.0002612893	0.0316602865	0.0000000001	0.2636326022	0.1713003323	0.0248372741	0.1738289135	0.0312836872	0.0215656433	0.2816299716
2	0.0003197545	0.0009406726	0.0007415424	0.0019383653	0.0066966696	0.0009682779	0.9874937329	0.0000205854	0.0008448287	0.0000355708
1	0.0000004942	0.0268973686	0.0000000218	0.0036953850	0.0075373494	0.6381730803	0.1974642584	0.0052833441	0.0010173733	0.1199313250
0	0.0508049093	0.0000182651	0.0007183388	0.3564339295	0.0060375649	0.1428536035	0.3174560749	0.0000003650	0.0254092919	0.1002676570
0	0.0022853646	0.0081300778	0.0172277916	0.0514239378	0.0460919965	0.5935259220	0.0505961956	0.1416781035	0.0611171360	0.0279234745
1	0.0032455390	0.0753054322	0.0180727426	0.0484831169	0.0387804445	0.4263760148	0.3804826571	0.0010753996	0.0000000001	0.0081786532
1	0.0010424898	0.0070918944	0.0046860229	0.3381318230	0.1156999699	0.2663260166	0.2237869023	0.0162985746	0.0165091672	0.0104271392
0	0.0332442546	0.0788859867	0.4290792930	0.0641054003	0.0363848365	0.0005059486	0.1653651024	0.0121668786	0.0000082429	0.1802540564
0	0.0340820937	0.0572979484	0.0004091727	0.0295287534	0.1618207295	0.0062938258	0.0495901101	0.0742543105	0.0000000000	0.5867230558
1	0.0000471243	0.0139370126	0.0000310328	0.0116463923	0.3830182426	0.1947198544	0.3771807115	0.0112472651	0.0079883675	0.0001839968
0	0.2893823796	0.0000000002	0.0001790570	0.1134292558	0.0000003933	0.1107740430	0.4120975753	0.0000028817	0.0000000420	0.0741343720
0	0.0549632183	0.0000013100	0.0424309711	0.0115347226	0.0214107881	0.4958749142	0.0655082298	0.0115764889	0.0415022433	0.2551971136
0	0.0197233828	0.0000000000	0.0733101765	0.0916613391	0.6910127000	0.0000001293	0.0780200615	0.0042494854	0.0409735359	0.0010491894
0	0.2830939418	0.0068195414	0.0053276244	0.1032499455	0.0146883003	0.0035170938	0.3986024635	0.0193936684	0.0020899257	0.1632174952
0	0.1174319512	0.3650164686	0.0000283322	0.0539498450	0.0000000000	0.0682265337	0.3689208439	0.0000239834	0.0242538937	0.0021481482
1	0.0000128062	0.0456459573	0.0070686864	0.1489215786	0.0240952053	0.6351739708	0.0954085189	0.0000000000	0.0040849221	0.0395883542
0	0.0013656090	0.4998465733	0.0094339813	0.0343022060	0.3694778134	0.0117604517	0.0480251464	0.0040469662	0.0000000000	0.0217412527
0	0.0469127589	0.0820184267	0.0000000000	0.0000702939	0.3024861601	0.1234423746	0.0003184823	0.1311797944	0.1301247285	0.1834469806
0	0.0012724645	0.0162874385	0.5299935116	0.1339075451	0.0438316935	0.1895571499	0.0621093673	0.0047579331	0.0140812224	0.0042016741
1	0.0001777306	0.0209473436	0.0043712340	0.0153493735	0.0512808783	0.8999882739	0.0040511361	0.0006077486	0.0032185488	0.0000077326
1	0.0000015387	0.0127191143	0.0055116383	0.0011704616	0.0041944764	0.7394222548	0.2354317512	0.0000000000	0.0015306851	0.0000180795
0	0.0521084852	0.0184130281	0.0192691939	0.0126037105	0.3575712657	0.0000000024	0.0066137349	0.0302978925	0.0020713158	0.5010513710
0	0.0029251024	0.0184194406	0.0000044955	0.0004834620	0.0251269427	0.0304537949	0.1746092159	0.0019475096	0.0470830000	0.6989470363
1	0.0049216517	0.0414965027	0.0003185096	0.3169946778	0.0033549776	0.3059617071	0.3129342868	0.0043900996	0.0096275873	0.0000000000
0	0.0234986435	0.3848503598	0.0412396657	0.2458603370	0.1518926890	0.0048287867	0.0027876955	0.0000001385	0.1304689914	0.0145726928
0	0.0000043441	0.4927005784	0.0187514117	0.0596589191	0.0144067955	0.2169870131	0.0203390395	0.0371549831	0.0000000042	0.1399969114
0	0.0097388818	0.1573823575	0.0224997585	0.0329089269	0.0019719075	0.1307001323	0.1160417561	0.0071386757	0.0000026783	0.5216149253
0	0.0008771132	0.0717505343	0.0024864677	0.3083588343	0.0228660518	0.0516214252	0.4398211202	0.0155295124	0.0000013002	0.0866876407
0	0.0964367533	0.0000412530	0.0000000919	0.0099129319	0.1858277185	0.0420428455	0.0568280683	0.0462860728	0.0133541136	0.5492701512
1	0.0038685261	0.0020086898	0.0002063150	0.0063425771	0.1717215265	0.2744916741	0.5412003513	0.0000000055	0.0001603347	0.0000000000
1	0.1306975365	0.0200341499	0.0000084990	0.0371953436	0.0240195126	0.6673556222	0.0987343521	0.0000000000	0.0115922480	0.0103627361
0	0.0000031161	0.1001031674	0.0110550482	0.0026912325	0.0357608500	0.0023805324	0.0144485912	0.0173413009	0.0099879870	0.8062281743
0	0.0063033268	0.0659498326	0.0183515918	0.2525534151	0.1105280615	0.0607289052	0.2263175796	0.0000008001	0.0916045382	0.1676619491
0	0.0007320498	0.0005565337	0.0092455034	0.0001490245	0.9648519970	0.0003289662	0.0143343161	0.0015131250	0.0000000009	0.0082884835
1	0.0236259011	0.2104495096	0.0013849721	0.0209613465	0.0552552339	0.1520950066	0.4809044071	0.0000030805	0.0004650503	0.0548554924
0	0.0949753338	0.1575229991	0.2197112202	0.0551809178	0.0570828649	0.0568480726	0.1334698256	0.0748406460	0.1172339882	0.0331341318
1	0.0012323355	0.0099679885	0.0033546589	0.2736678270	0.0136180875	0.4185609592	0.2087390375	0.0292607445	0.0166146908	0.0249836703
0	0.0000085021	0.0549566692	0.0075489857	0.0002118004	0.5602283075	0.2232577025	0.0686539043	0.0767359038	0.0000000000	0.0083982246
2	0.0003792052	0.0001540063	0.0019315173	0.0022105813	0.0131885709	0.2351695629	0.7213165570	0.0000222739	0.0001556863	0.0254720389
0	0.0015852087	0.1845159563	0.2487301946	0.0031371523	0.1423772561	0.3429608234	0.0254244253	0.0000000000	0.0000002753	0.0512687080
1	0.0000000063	0.0018029834	0.0026319339	0.0091165587	0.0586869962	0.8826827310	0.0416119946	0.0004776944	0.0000000101	0.0029890915
0	0.0000000000	0.0677016801	0.0000282954	0.0000000000	0.0755575256	0.0449652936	0.6447675628	0.0152224131	0.0000000000	0.1517572294
0	0.0947839686	0.0074720937	0.0024326895	0.0273927052	0.2454003570	0.5183602705	0.0707982998	0.0000229538	0.0100276949	0.0233089670
1	0.0211155041	0.0103060812	0.0000007991	0.0931055764	0.4180737667	0.0526514232	0.0848532538	0.0011865038	0.1280633287	0.1906437631
1	0.0001734982	0.0137721531	0.0004013197	0.0935609471	0.1437438478	0.0177365375	0.6505158406	0.0483241328	0.0177504724	0.0140212509
0	0.0081394699	0.1007773846	0.0028711542	0.2137669096	0.2130145959	0.0036021526	0.1952150546	0.0001321219	0.0003790348	0.2621021217
0	0.0385249292	0.1803837965	0.0173008753	0.0000000000	0.2922041951	0.1138069294	0.2315816350	0.1077148763	0.0000000426	0.0184827207
0	0.0130359819	0.0151526544	0.2180651444	0.0177561306	0.0837304177	0.5741958743	0.0415128309	0.0000000000	0.0365035871	0.0000473787
1	0.0017683671	0.0654710472	0.0041222886	0.0436387355	0.5621629389	0.2486842399	0.0548113968	0.0000005102	0.0154755757	0.0038649002
0	0.0000003298	0.1651721772	0.0222590821	0.0759753464	0.0226445184	0.6761912512	0.0178461489	0.0000030935	0.0140711563	0.0058368962
0	0.0058500297	0.0227534024	0.0981071665	0.0124023186	0.5407187535	0.1740924339	0.0135828059	0.0008347890	0.0000739933	0.1315843071
0	0.0054483832	0.1834551187	0.0000000000	0.0004368897	0.0350800204	0.0002588040	0.7297773528	0.0104015659	0.0007314700	0.0344103953
0	0.0491442114	0.1236686989	0.1247182524	0.0007587285	0.1038403468	0.1765342930	0.2962149752	0.0000275814	0.0031171570	0.1219757554
0	0.0629105211	0.0139119102	0.0770742423	0.0000002470	0.0257234421	0.0808898758	0.0472604050	0.2479008983	0.3484670000	0.0958614581
1	0.0000000000	0.0084908305	0.0232561475	0.0108034446	0.3879618866	0.4168994940	0.0496422066	0.0006301670	0.0295055511	0.0728102721
0	0.1899164562	0.0039063522	0.0607554128	0.0023942068	0.0193568834	0.0830942318	0.5164616102	0.1241117003	0.0000030941	0.0000000521
0	0.0000000000	0.0039181252	0.0000018229	0.0009439852	0.0046052857	0.0000815275	0.0001906486	0.0001138345	0.0051511959	0.9849935745
1	0.0008295058	0.0323847588	0.0000076409	0.1522825556	0.0023490795	0.0138852889	0.6104373175	0.0120117900	0.0209909179	0.1548211451
1	0.0000000000	0.0973121631	0.0000000236	0.6207265993	0.0043851945	0.0834828091	0.0334007629	0.0079307823	0.0016638267	0.1510978386
1	0.0025375773	0.0220982684	0.0131278413	0.2079002040	0.3925239946	0.1370296915	0.1945967972	0.0000137192	0.0000000000	0.0301719064
0	0.0000000000	0.6211766259	0.0004529299	0.0003410072	0.0065259002	0.1356250705	0.2060991941	0.0003274182	0.0000163465	0.0294355076
1	0.0000000000	0.0105497135	0.0000000000	0.3329243229	0.3148295473	0.0813402269	0.1192045460	0.0000000000	0.1394153297	0.0017363138
1	0.0189793049	0.0476181306	0.0285468081	0.0002180264	0.4141830369	0.0900647318	0.3800988069	0.0000000000	0.0083369217	0.0119542327
1	0.0000573665	0.0365080945	0.0000894000	0.0796859275	0.0389443824	0.4344226947	0.3787264097	0.0000158602	0.0306655144	0.0008843500
1	0.0058866209	0.0000000001	0.0031912210	0.0354404008	0.0502978978	0.2109265882	0.6594341974	0.0039178406	0.0255080266	0.0053972066
0	0.0015903656	0.0010520033	0.0028806700	0.1199171842	0.0002508480	0.5741421157	0.0048530794	0.0165547424	0.0000000000	0.2787589915
0	0.0057002394	0.1145737337	0.0073177242	0.1598568501	0.0175069870	0.0534868874	0.0161756094	0.0059079036	0.0000898549	0.6193842104
1	0.0961979682	0.0534406927	0.0083529418	0.0045751548	0.0560848494	0.5896267325	0.1256731153	0.0156940557	0.0257722687	0.0245822208
1	0.0020085972	0.0001009711	0.0365893835	0.0000000036	0.2051708216	0.0185685669	0.7085317662	0.0000036985	0.0274961344	0.0015300570
0	0.0001143823	0.0041080303	0.2096192089	0.1352300440	0.0801351948	0.0752317526	0.0909982028	0.1885698234	0.0000048382	0.2159885228
0	0.0083848295	0.0649249985	0.3137623030	0.0122700348	0.0160683448	0.0372296861	0.5275192193	0.0000907205	0.0021062224	0.0176436410
1	0.0451542697	0.0173352704	0.0002392901	0.0148588106	0.0194810328	0.4361991904	0.4137776200	0.0053942524	0.0180133378	0.0295469259
1	0.0025216991	0.0123262011	0.0006022113	0.0038390237	0.0000029331	0.9268886362	0.0247226017	0.0000001693	0.0019418784	0.0271546461
1	0.0002950305	0.1342882749	0.0002976290	0.0619450765	0.0086367888	0.0027606563	0.6022206762	0.0000022873	0.1645737564	0.0249798241
1	0.0172095579	0.0102974408	0.0000072999	0.0052551521	0.1019153278	0.7976827355	0.0435027121	0.0224637758	0.0000157436	0.0016502544
0	0.0006667039	0.0093480012	0.0841844288	0.0031364686	0.0265087869	0.0010841865	0.0477158097	0.0000000385	0.0560811797	0.7712743963
0	0.3104183704	0.1597013651	0.0032099573	0.0000143118	0.2103105437	0.0498975095	0.0331048337	0.0000001852	0.0000000006	0.2333429227
