0	0.0010847181	0.1490468988	0.0042133236	0.0645481999	0.0000033505	0.1474559471	0.4158489359	0.0020248533	0.0529762787	0.1627974941
0	0.2647755542	0.0327655734	0.0388164874	0.2110076744	0.0002737926	0.0224391177	0.1428666835	0.1484708861	0.0000000054	0.1385842251
0	0.0249891829	0.4150148593	0.0087544086	0.0110316277	0.0002952950	0.0103810730	0.4576094247	0.0173986698	0.0157536188	0.0387718403
0	0.0530003759	0.0023595157	0.0005659622	0.0119446799	0.0209065739	0.0569038237	0.3956885182	0.0045930855	0.0983275769	0.3557098881
2	0.0585320611	0.1337325875	0.2058669799	0.4892943138	0.0387268589	0.0425558779	0.0000310741	0.0246756068	0.0000270960	0.0065575439
0	0.0468547439	0.0002455138	0.0000932311	0.0187745969	0.0232495207	0.0118027665	0.0000029021	0.0008446012	0.3093686976	0.5887634261
1	0.2558545727	0.1270828364	0.2132305845	0.0448824063	0.0144105201	0.0138505890	0.2222566573	0.0498350299	0.0475365643	0.0110602395
1	0.0064964256	0.0026295515	0.0237338206	0.0832459192	0.0089034199	0.0121537993	0.7222207225	0.0955476890	0.0391206726	0.0059479798
0	0.3524567581	0.0986612889	0.0156760102	0.0002987186	0.0019387726	0.0074928269	0.0164372612	0.4188798379	0.0312369372	0.0569215885
0	0.3304987062	0.0000016919	0.0582906371	0.1281822108	0.0835341863	0.0016191841	0.0094177316	0.2278980917	0.1073119337	0.0532456268
1	0.2190237021	0.3216112435	0.0928412293	0.0426407097	0.0000000000	0.1722141973	0.0360930682	0.0342013708	0.0270095051	0.0543649741
2	0.0638328731	0.5828120205	0.1019633413	0.1347911887	0.0641502386	0.0000000036	0.0177003668	0.0068849981	0.0000000037	0.0278649656
0	0.0781401137	0.1028684132	0.1404004356	0.1353332819	0.3335325035	0.0067446057	0.1695738125	0.0000000000	0.0314013538	0.0020054801
2	0.0584786509	0.1727107435	0.0050943486	0.4313716596	0.0017573044	0.0137583798	0.1861797053	0.0000156913	0.0001325809	0.1305009357
0	0.0502787726	0.0292339659	0.1518719343	0.2657296168	0.1674613182	0.0680104468	0.0646260299	0.1021033090	0.0014534881	0.0992311184
0	0.0889736540	0.0847226212	0.0000101128	0.2414782622	0.0195682200	0.1760263107	0.0170206889	0.1375814171	0.0547671404	0.1798515728
1	0.0021431349	0.0989450074	0.0734436887	0.2232215947	0.3503507733	0.0115651654	0.0784405026	0.0502818116	0.0264397967	0.0851685246
1	0.0177264191	0.0664405469	0.0843278593	0.6253918514	0.0059841636	0.0467559093	0.0380001348	0.0151989682	0.0186542037	0.0815199437
0	0.3366583149	0.0026123825	0.0947209739	0.0000008547	0.3034793878	0.0000000057	0.0571461643	0.0433352896	0.0205009368	0.1415456898
1	0.0026679118	0.0030497796	0.0292005657	0.0000087975	0.0020227201	0.2793280696	0.0470526357	0.5399670908	0.0942774728	0.0024249564
0	0.2453559588	0.2447514713	0.1734169488	0.0000000009	0.0612679912	0.1230019979	0.0464333073	0.0425136092	0.0406342462	0.0226244685
0	0.0163019350	0.1114696986	0.0254263093	0.0767346737	0.0002789583	0.0072773325	0.1346759417	0.0000023008	0.0184377747	0.6093950753
0	0.3112001552	0.0367557561	0.0221568234	0.0974013622	0.0720089245	0.0001476416	0.3261667070	0.0000000726	0.0726441792	0.0615183782
0	0.0889470595	0.3320905528	0.0000000000	0.0193844942	0.0569056578	0.0009160216	0.4382390457	0.0007151009	0.0061251732	0.0566768942
1	0.0375746320	0.0943975163	0.0454955477	0.3225301671	0.0814521504	0.0292535283	0.3449156921	0.0001895054	0.0336812229	0.0105100377
0	0.0026218346	0.0876670118	0.0000321061	0.0011836425	0.0000026299	0.0004382600	0.3533195558	0.0257506637	0.0081386168	0.5208456788
0	0.0911723471	0.0097274660	0.4978247897	0.0076415628	0.0471260621	0.0781932396	0.1594265367	0.0666010969	0.0201268684	0.0221600305
1	0.4906414046	0.0687496082	0.1066403484	0.0946142984	0.0224594147	0.0000000000	0.1067360437	0.0225620582	0.0000000001	0.0875968236
1	0.0414960652	0.1439265806	0.0186833967	0.0211723823	0.4875100212	0.0074936810	0.0000411283	0.2258701709	0.0105133895	0.0432931843
0	0.0000089414	0.0055462291	0.0504719227	0.1578898087	0.0001232144	0.4360196284	0.1040152865	0.0631238351	0.0137447409	0.1690563928
0	0.6109465478	0.0000000000	0.0029003686	0.0422629768	0.0172631332	0.0131764105	0.2554922008	0.0000000218	0.0556546107	0.0023037298
1	0.0449759454	0.0247532066	0.0955982917	0.4155980069	0.0269052627	0.0146338460	0.2978250279	0.0000000002	0.0610100595	0.0187003531
0	0.0000036035	0.0489922663	0.0163665919	0.4884189189	0.0470681423	0.0066480744	0.3425132205	0.0003434427	0.0495744125	0.0000713269
1	0.0977762023	0.0079806905	0.0196546208	0.0874473186	0.0088893494	0.0012115084	0.5415842151	0.0011234869	0.0802084114	0.1541241966
0	0.1940500559	0.1310938405	0.0042923260	0.0347965141	0.0084635357	0.0025553567	0.0192843051	0.5263910256	0.0457608713	0.0333121692
0	0.2426690939	0.0173059985	0.0241735017	0.2202397948	0.2317899611	0.0000194739	0.0000002238	0.0024729807	0.1868887660	0.0744402056
0	0.0010701741	0.0288326183	0.1884634290	0.1005571429	0.0807000604	0.1797936413	0.2428317456	0.0345484838	0.0080556940	0.1351470106
0	0.0067975007	0.0042679464	0.0014644515	0.0951580586	0.0379120338	0.0073475635	0.0016008461	0.0710916416	0.7172394373	0.0571205205
0	0.0582741132	0.2529637018	0.0224401860	0.1006800113	0.2608918054	0.0401947784	0.0620396120	0.0623169219	0.0000000000	0.1401988699
0	0.0183067141	0.0015832756	0.0000000000	0.0047815911	0.0742179107	0.0082983394	0.0491905193	0.0140109308	0.8048354354	0.0247752836
0	0.0001679138	0.0006807121	0.0142062101	0.2126229358	0.0136572910	0.0247605139	0.1087695318	0.0000000236	0.0240228428	0.6011120251
0	0.0882051387	0.0000097116	0.1166103244	0.3771467570	0.0932606000	0.0111595680	0.1007797874	0.0031041199	0.0028724422	0.2068515507
0	0.3201702533	0.1934724124	0.0418000094	0.0658711763	0.0000216501	0.0000000006	0.1530670536	0.0000007554	0.0247196514	0.2008770375
0	0.0002515324	0.0832173675	0.0003727751	0.0298614720	0.1135037066	0.4376890634	0.0000004531	0.1076278944	0.2123411886	0.0151345470
0	0.6138071480	0.0484871159	0.0014010093	0.0847960069	0.0262815246	0.0520592348	0.0564476547	0.0135958740	0.0886025384	0.0145218935
0	0.0846924027	0.0599558259	0.0011142756	0.4617939911	0.0000000976	0.0692293859	0.0001136969	0.0001573022	0.0247779772	0.2981650448
0	0.2461312620	0.0002365680	0.2434056700	0.0532551020	0.0398308493	0.0371099204	0.2726968720	0.0719276575	0.0354017061	0.0000043929
0	0.0368245467	0.1883333594	0.0413492103	0.0241232006	0.0184090878	0.0004021185	0.5464894671	0.0361303519	0.0040996835	0.1038389742
1	0.1723400740	0.3232961513	0.0026267222	0.2733895357	0.0024417612	0.0033273542	0.0049045053	0.2112932672	0.0061072856	0.0002733432
0	0.3481005605	0.0059773293	0.0049635194	0.0095716610	0.4344435804	0.0162203024	0.0005145404	0.0000000000	0.0781775700	0.1020309365
1	0.0025022425	0.0547893293	0.0981050249	0.0693282691	0.2056543126	0.0038133654	0.0456444282	0.0166458885	0.0000000009	0.5035171387
0	0.1461163970	0.0979012033	0.0261223807	0.0000004266	0.0001363275	0.1194709402	0.0600198264	0.0107761409	0.0779763534	0.4614800041
1	0.6351398095	0.0006513088	0.0252196212	0.2886327362	0.0016205404	0.0000000000	0.0049077539	0.0162724307	0.0000044961	0.0275513032
1	0.0000660230	0.0006439292	0.0690892677	0.8449698602	0.0026194189	0.0106648590	0.0099180667	0.0269012545	0.0293639271	0.0057633937
1	0.0101445814	0.0285463491	0.1277450503	0.1152891009	0.0000484188	0.0514206921	0.3043204691	0.0293411909	0.0420312690	0.2911128784
0	0.0086689048	0.0238612336	0.0198031377	0.0484176527	0.0099552462	0.3198311014	0.2543270323	0.1011226160	0.0001328677	0.2138802076
0	0.2028933244	0.0902045984	0.1830215305	0.0525445975	0.3504817874	0.0000077462	0.0489484503	0.0333723228	0.0154449948	0.0230806476
1	0.1177643589	0.0969902187	0.0223632187	0.5740724333	0.0614125720	0.0674834026	0.0047576524	0.0000000000	0.0063345841	0.0488215593
1	0.0704836688	0.0657442765	0.3401041105	0.0263805146	0.0341168318	0.0013628008	0.4354602925	0.0115191438	0.0122010344	0.0026273263
1	0.0191303764	0.0819725769	0.0005000504	0.2181834417	0.0000238350	0.0223680996	0.6094829760	0.0047322978	0.0034231448	0.0401832013
1	0.0137553670	0.0042661279	0.6419504958	0.0222279294	0.0033492422	0.0008728481	0.1761483591	0.1208669586	0.0015642967	0.0149983752
0	0.0622215223	0.1665688059	0.0000852692	0.0000000000	0.1931482264	0.0940990846	0.0640190174	0.0000048729	0.2799786048	0.1398745966
0	0.8899528510	0.0001954224	0.0026025696	0.0028474493	0.0282408621	0.0071578382	0.0191358198	0.0001081824	0.0100031752	0.0397558299
0	0.2264717530	0.0038852742	0.0121646788	0.3747939014	0.0021543787	0.2050782377	0.1113192935	0.0000148923	0.0044273208	0.0596902696
0	0.0061211178	0.5930108564	0.0660302893	0.0739668725	0.0182620899	0.0294501863	0.0000274877	0.0016939585	0.1457490580	0.0656880836
0	0.0301137158	0.1991540422	0.1748656070	0.1354498957	0.0485025802	0.0908684109	0.0149627426	0.0814472274	0.2237933681	0.0008424101
0	0.0016725524	0.0826244484	0.0104762972	0.7212190309	0.0369679039	0.0039639241	0.0238168344	0.0573324336	0.0271310909	0.0347954841
1	0.0193654421	0.2752404853	0.0029747704	0.0487930597	0.0198347274	0.0097329313	0.0707857291	0.0000000005	0.0421016752	0.5111711791
0	0.1893124017	0.0310248828	0.0774722563	0.1751754333	0.0376072770	0.2757125640	0.0513803416	0.0172203983	0.0373606062	0.1077338388
2	0.0488659351	0.3131626029	0.3603753274	0.1543699643	0.0137786714	0.0219973218	0.0600621616	0.0002915049	0.0001766977	0.0269198130
0	0.0585726471	0.0000000290	0.0009604177	0.0063511412	0.0311648070	0.0568481166	0.0022640266	0.0389815678	0.0040167929	0.8008404541
0	0.0069609674	0.0705721216	0.0002137316	0.0034939306	0.0416309654	0.0269744470	0.1391694825	0.2452048055	0.2357492053	0.2300303430
0	0.0033717668	0.1175684158	0.0204366292	0.0727056511	0.5961788020	0.0000000033	0.0286758717	0.0298406545	0.0543043299	0.0769178758
1	0.2790714970	0.0479756943	0.0281522828	0.5320396743	0.0116903789	0.0063793059	0.0091520456	0.0016611483	0.0173308054	0.0665471675
1	0.1245711465	0.3161463560	0.0214346504	0.1021719511	0.0030391777	0.1882881967	0.0136066045	0.0785682370	0.0952111487	0.0569625314
0	0.0000041797	0.0000154463	0.1007541563	0.1373551500	0.0094786184	0.4460294539	0.0046128776	0.0004879471	0.3010608328	0.0002013379
2	0.0195538534	0.2191680837	0.0984795430	0.1124869296	0.0037262279	0.0003433443	0.5089818570	0.0000227219	0.0183163600	0.0189210791
0	0.0003910066	0.0669055804	0.0198663478	0.1177044987	0.2533235828	0.0111313696	0.0009860926	0.2813768068	0.0000000517	0.2483146631
1	0.3584121312	0.5059996991	0.0043238030	0.0575367444	0.0001313680	0.0106509263	0.0309299498	0.0004328697	0.0001163455	0.0314661629
1	0.0012366141	0.0005507537	0.0001435245	0.9729696295	0.0000924619	0.0017728713	0.0215968566	0.0000631503	0.0007167914	0.0008573468
1	0.1832255343	0.0798605220	0.0564046910	0.0229300269	0.3103841494	0.0204076682	0.1201048424	0.1566968220	0.0001144772	0.0498712666
1	0.0418261006	0.0429696594	0.0947351640	0.1982635333	0.0251236932	0.0627096453	0.0454902843	0.3871021733	0.0001212076	0.1016585390
1	0.0070026029	0.0625048912	0.2457487900	0.1728332633	0.0007155546	0.0451251473	0.2661114711	0.0321160656	0.0034499718	0.1643922421
1	0.0105538659	0.1546771570	0.0029382728	0.5353932476	0.0252092293	0.0006239198	0.1450979692	0.0439436017	0.0055104248	0.0760523120
0	0.1220670170	0.0083724026	0.0000056063	0.0211054009	0.7219350322	0.0504254791	0.0000694535	0.0672036155	0.0043507109	0.0044652820
1	0.0373279841	0.3463977176	0.0468057558	0.1000972755	0.0695258658	0.0895700771	0.1417684050	0.1369045274	0.0039216254	0.0276807663
0	0.0013830690	0.0075766043	0.0190335800	0.6022940823	0.0018804158	0.0003352270	0.1154241278	0.0321189313	0.2199067599	0.0000472025
0	0.0498639068	0.1206388396	0.0000188965	0.0003506245	0.0186218831	0.0853010756	0.4709046152	0.2496485210	0.0000086522	0.0046429855
0	0.0028289126	0.0140834366	0.0032095159	0.4240182800	0.0000000000	0.0648851502	0.0091195168	0.0219084130	0.3835521719	0.0763946030
0	0.0021384104	0.0058454569	0.0497224921	0.6586421945	0.0000101993	0.0030116175	0.0793769547	0.0000004494	0.0000962948	0.2011559304
0	0.1231500607	0.0002123604	0.0000994117	0.1061262328	0.1346377824	0.3880215725	0.0999206507	0.0000002966	0.0096346065	0.1381970255
1	0.0844397905	0.0273533144	0.0000000000	0.0286808865	0.0047912968	0.0001365444	0.7364912091	0.0144900252	0.0685342248	0.0350827083
1	0.0918531455	0.1716733479	0.1886127698	0.1824947410	0.0179418039	0.0765432489	0.0083367747	0.0107699270	0.0000000000	0.2517742412
0	0.0003189751	0.0334346085	0.0147196514	0.0352272816	0.0115836833	0.0341550549	0.1898067948	0.3860143354	0.2542035679	0.0405360470
0	0.0140309441	0.0176813126	0.1104569102	0.2135250635	0.0366955685	0.0003929328	0.0073549413	0.3839305763	0.0098794201	0.2060523306
0	0.0025327080	0.0000015573	0.0000001510	0.2485710212	0.0902521055	0.0009468504	0.0699494485	0.1227638999	0.1906334991	0.2743487591
1	0.3567469999	0.0410165440	0.0000020495	0.3456213477	0.0294471773	0.0002792503	0.1322576491	0.0007916560	0.0000000000	0.0938373262
0	0.0375690900	0.0470331688	0.4861021366	0.0223290135	0.0179320556	0.2026739013	0.1448600884	0.0016389366	0.0114139422	0.0284476670
1	0.0019192063	0.1274010079	0.1414978684	0.0028302728	0.0039936306	0.0007855709	0.6992849591	0.0000000000	0.0142416945	0.0080457895
1	0.0919833663	0.2230390363	0.1059244546	0.4987355006	0.0246348587	0.0008723073	0.0013871328	0.0031738681	0.0402961740	0.0099533014
0	0.0083025992	0.0000599117	0.0213466419	0.0131552763	0.0260877420	0.0000008597	0.0218611594	0.0264205924	0.0066745086	0.8760907089
1	0.6229471737	0.0332405350	0.0001200520	0.0239328952	0.0454744508	0.0364212759	0.0006326574	0.0000061561	0.0000932113	0.2371315926
1	0.0020948597	0.0498464410	0.1125437589	0.0955758211	0.0475783602	0.6338800244	0.0174592737	0.0000002892	0.0033910862	0.0376300856
0	0.4369930101	0.0994681808	0.0000010255	0.2361081757	0.0000517888	0.1691408371	0.0291153394	0.0165329624	0.0039218155	0.0086668648
1	0.2507650691	0.1263314023	0.0641331179	0.4116218047	0.0262750461	0.0275893834	0.0270450303	0.0251272335	0.0242689050	0.0168430077
0	0.0038341477	0.2451800880	0.0017117645	0.0070817173	0.0128411976	0.6092797377	0.0000848382	0.0561211597	0.0089336928	0.0549316566
0	0.0796704439	0.0035217424	0.2253691064	0.0019243333	0.0037614219	0.0655031672	0.0009446863	0.0959662447	0.1532482267	0.3700906272
0	0.0809463626	0.0037217073	0.0360011505	0.3021944071	0.0282530883	0.1732479772	0.1381568582	0.0544902679	0.0611303942	0.1218577867
0	0.6135385198	0.0261678729	0.0183396882	0.0116447164	0.0183579697	0.0019825601	0.3093542448	0.0000178223	0.0005966052	0.0000000006
1	0.0710791095	0.0359488455	0.0131920677	0.4466588790	0.1196874569	0.0000599003	0.2945979126	0.0072632727	0.0036458006	0.0078667551
0	0.1487161548	0.1821522006	0.0000050976	0.0009773000	0.0089029049	0.0015104185	0.3923638979	0.0582752633	0.1244942387	0.0826025236
0	0.0799857780	0.0000000726	0.1632444968	0.0466809129	0.0053341930	0.0025224320	0.1502258722	0.3872324720	0.0079084990	0.1568652716
1	0.0000250638	0.1175397177	0.5194882532	0.0463723228	0.1057556808	0.0319089904	0.0002726946	0.0106591361	0.0784429463	0.0895351944
0	0.0183200851	0.0999007885	0.0820431726	0.1349108153	0.0521579500	0.0316616105	0.3939026196	0.0762602531	0.0007717675	0.1100709377
1	0.0617318459	0.0130432190	0.0008232247	0.5395043996	0.0031739163	0.1682551038	0.1232025734	0.0606902396	0.0083743874	0.0212010903
0	0.0049267834	0.4668545072	0.0409922393	0.0035915440	0.0052449014	0.0346217386	0.3720355372	0.0152487149	0.0000000000	0.0564840340
0	0.0017169328	0.0494416248	0.0094902171	0.0110427069	0.0455792481	0.0007703074	0.4159383500	0.0315126384	0.3049722523	0.1295357222
0	0.0206305993	0.1281991284	0.0984964120	0.0000000000	0.0090503598	0.3043406574	0.1548116923	0.0087827434	0.0552237126	0.2204646947
0	0.2212940878	0.0073098526	0.0305876309	0.2489698219	0.0577945738	0.2907932371	0.0798683970	0.0213569395	0.0420254595	0.0000000000
0	0.0049323923	0.0349816970	0.0235010355	0.1784119269	0.0151019726	0.0000638930	0.5995992939	0.0051825677	0.1330274439	0.0051977772
0	0.3229183273	0.1883512548	0.0010079492	0.0865688295	0.1415124554	0.0212232520	0.1983924953	0.0000000000	0.0316506947	0.0083747418
1	0.0224362456	0.0288471363	0.0044952357	0.0083816376	0.6119407404	0.0292552542	0.0420292855	0.2151265065	0.0000361862	0.0374517719
0	0.4832163298	0.0189236406	0.0747949013	0.0464306375	0.0740460091	0.1583559163	0.0298033582	0.0845094555	0.0299197501	0.0000000014
0	0.1063063523	0.0086603193	0.0305737437	0.1827797846	0.0144329814	0.4119866348	0.1158409745	0.0168851702	0.0496115930	0.0629224464
1	0.0913524724	0.0009897332	0.3458001487	0.0630665845	0.0091305229	0.0183934820	0.3396890585	0.0407082889	0.0105329516	0.0803367573
1	0.1990784024	0.0470791130	0.5791841967	0.0443079088	0.0253164294	0.0083139080	0.0380354239	0.0000000000	0.0582171653	0.0004674523
0	0.5031257638	0.1637904765	0.0025067214	0.0553683831	0.0497987366	0.0028253694	0.0272470312	0.0000986684	0.0218932403	0.1733456091
1	0.0379694159	0.1083724199	0.6204779717	0.0969645778	0.0005027026	0.0053537109	0.0096040033	0.0632161162	0.0310656068	0.0264734748
0	0.0832820214	0.0000733909	0.0153608745	0.1343011184	0.2644233430	0.0437998402	0.1023947077	0.0454434604	0.0354232852	0.2754979583
0	0.0064301183	0.0036114250	0.0744483230	0.0025394180	0.0000000001	0.5866288221	0.0040876210	0.0337871444	0.1825980102	0.1058691180
0	0.0440334343	0.1786743650	0.1086631337	0.1015450086	0.0341671262	0.0012409872	0.0000011022	0.0180305899	0.0044702007	0.5091740522
1	0.0028397164	0.0251967676	0.0265344112	0.1932828331	0.0404790080	0.0015412408	0.2113948357	0.1076700651	0.3905323743	0.0005287478
1	0.1551890528	0.0144672803	0.2003378626	0.0006680241	0.2551675049	0.0016657777	0.2301185834	0.0163526421	0.1202626729	0.0057705992
0	0.1254046440	0.1621523835	0.0046369970	0.1228524661	0.0323434845	0.0407823276	0.1843248190	0.0362568706	0.0170914962	0.2741545115
1	0.1258248052	0.0175257073	0.1393152913	0.3596124125	0.0005884166	0.1721652437	0.0991371436	0.0032381558	0.0000402655	0.0825525586
1	0.0758704858	0.0493065543	0.0182682428	0.1325805675	0.0029294803	0.0275137217	0.0654729263	0.1162403997	0.1055724677	0.4062451540
0	0.1203761937	0.3112097662	0.0573782243	0.2585299517	0.0016893356	0.0247255503	0.0000006478	0.0474309480	0.0886485668	0.0900108157
0	0.0504273970	0.0116879903	0.0137798831	0.0000000193	0.5493604313	0.1079701397	0.1933744736	0.0096529134	0.0060255552	0.0577211971
0	0.0000000001	0.1592056033	0.0346566199	0.0021083989	0.0130491294	0.0044234306	0.0715587016	0.0544755373	0.5450407819	0.1154817970
0	0.0540540214	0.0685945438	0.0136620733	0.5221463427	0.0018360752	0.2392080594	0.0807971423	0.0054415739	0.0045404443	0.0097197236
0	0.0000011619	0.0301413183	0.0021647084	0.0026336527	0.0005906911	0.0101822490	0.0166304184	0.0402904731	0.8918461815	0.0055191455
0	0.0062971763	0.2490645094	0.1289110257	0.0000012170	0.0905213717	0.0163008055	0.4713258917	0.0010355447	0.0325696263	0.0039728317
0	0.0007241154	0.0183218812	0.0000000154	0.1133746827	0.2982210625	0.0159857244	0.1664279529	0.0000000019	0.2809300021	0.1060145615
0	0.0022892013	0.0016700621	0.0310554352	0.0402796461	0.0987901411	0.0069512543	0.6802371900	0.0009913098	0.0043853802	0.1333503800
1	0.0546671532	0.5647622278	0.0021368769	0.1396676898	0.1127911937	0.0000037201	0.1194145156	0.0021405382	0.0000073560	0.0044087288
1	0.0620061012	0.0352479381	0.0226968273	0.1570843863	0.0105403048	0.0712613702	0.1591018607	0.4559928999	0.0001244116	0.0259438997
0	0.1638664379	0.2014742813	0.0046506654	0.0002399692	0.2711327381	0.1156137557	0.2090901666	0.0116282219	0.0072959551	0.0150078089
1	0.0937119724	0.2608311568	0.0058676615	0.3189668258	0.0023211889	0.0031281948	0.0214570087	0.2889987385	0.0043575909	0.0003596616
2	0.0231582820	0.2387678483	0.0001115290	0.7047766397	0.0000000000	0.0085605256	0.0069381442	0.0000918166	0.0002456889	0.0173495257
0	0.0445604662	0.0426099168	0.0337415779	0.0000000002	0.0334244268	0.5076663799	0.2920986766	0.0134963657	0.0004312099	0.0319709799
0	0.2778300616	0.0208640537	0.0000001372	0.0125444841	0.0178371414	0.0647313052	0.0100340579	0.4800362588	0.1033526099	0.0127698902
0	0.0000951595	0.0215420439	0.0053610500	0.0006643487	0.0150384475	0.0451925343	0.7843058920	0.0160716838	0.0000065932	0.1117222471
1	0.2670385194	0.0014858309	0.2176421310	0.3408358858	0.0020891224	0.0221451561	0.0229025561	0.0131452679	0.0265403646	0.0861751658
0	0.1524341948	0.0419684508	0.0588239874	0.2536236468	0.0000000000	0.0039440016	0.4674926651	0.0099129285	0.0001446196	0.0116555054
1	0.2723648021	0.0424724219	0.0282644291	0.1078312200	0.0951073726	0.0500869583	0.2853613849	0.0080381617	0.1027169656	0.0077562837
0	0.0138605801	0.2349342937	0.0129870221	0.1062754877	0.0039524125	0.0000425608	0.6036238319	0.0075666294	0.0085619750	0.0081952068
0	0.0025638513	0.0176926664	0.0316774650	0.0069160659	0.3138657681	0.0046867050	0.3442701760	0.1714107561	0.0000005783	0.1069159680
0	0.0445071739	0.0062349184	0.6253323442	0.1306901447	0.0065576383	0.0035751872	0.0281226725	0.0030700484	0.1178286150	0.0340812573
0	0.0194271719	0.0015834818	0.0078487005	0.0803966607	0.3120924058	0.0663133845	0.4950336270	0.0045190817	0.0077508498	0.0050346364
1	0.1388072238	0.0574079090	0.2117245431	0.4054573657	0.0772801370	0.0005498195	0.0528442308	0.0199548977	0.0069896179	0.0289842554
0	0.8217479049	0.0195869994	0.0000000000	0.0704158501	0.0092897927	0.0141811966	0.0022845870	0.0167905795	0.0014589390	0.0442441507
1	0.1273551451	0.1777161868	0.0843261030	0.0005784179	0.0283044807	0.0098977948	0.2527041607	0.1795048982	0.0083312819	0.1312815309
1	0.0007996382	0.2801447598	0.0512072409	0.1375557343	0.0002624762	0.0242598474	0.3888820149	0.0321175229	0.0411248913	0.0436458740
0	0.0297389996	0.0218943778	0.0035275876	0.0088826182	0.0884881294	0.0003187482	0.3399658551	0.0000174679	0.3635411475	0.1436250687
0	0.0412070913	0.0576806168	0.0010803401	0.0265521727	0.1659111383	0.0055433462	0.0132558368	0.5240338807	0.0000000000	0.1647355771
0	0.0435210746	0.0107392045	0.0122818033	0.0000833237	0.0000000000	0.1256114370	0.6660903450	0.0000003952	0.0000100712	0.1416623457
0	0.3298830004	0.0420529805	0.0652511461	0.0199418775	0.0268136744	0.0941760878	0.2071949563	0.0166801722	0.0298058208	0.1682002839
0	0.0339002633	0.0000012155	0.0268903434	0.1766622236	0.0011641683	0.0434870364	0.0659462682	0.0000299873	0.0043349061	0.6475835879
1	0.3885960292	0.3520091754	0.0568194096	0.1061590358	0.0100090199	0.0074010047	0.0221837978	0.0002366011	0.0000300148	0.0565559117
0	0.0609135294	0.0328772413	0.0346380287	0.0454214833	0.0087562180	0.0000000031	0.0111996381	0.0427798586	0.7008922432	0.0625217561
0	0.1569928135	0.0000003403	0.0191872765	0.1235902732	0.0136716958	0.0412310897	0.4999542484	0.0922156614	0.0194542931	0.0337023081
0	0.1191881258	0.1549497537	0.0000741005	0.0030111117	0.0007997539	0.0010303978	0.1159872721	0.0906419609	0.0653975678	0.4489199560
0	0.0580851126	0.1518735323	0.0148936275	0.6560400183	0.0465466011	0.0277681650	0.0001230748	0.0191998408	0.0073038257	0.0181662021
1	0.0422700829	0.7263224505	0.0118386297	0.1714390986	0.0001653538	0.0045204350	0.0333251259	0.0003054663	0.0000000000	0.0098133573
0	0.1849113022	0.0000648784	0.1009594188	0.0703104284	0.2117600922	0.0082360552	0.1273717548	0.0473870376	0.2258281154	0.0231709170
1	0.0143024014	0.2226618572	0.0130123084	0.0630483808	0.0032366289	0.6190284484	0.0167868499	0.0310004652	0.0168007674	0.0001218924
0	0.0132322571	0.6019306937	0.0001531489	0.0325181042	0.0192097954	0.0105416745	0.0820095721	0.2051798441	0.0271005662	0.0081243440
1	0.0015898910	0.0049577848	0.0059223878	0.0017481184	0.0240925692	0.0063886017	0.2280411697	0.0539362086	0.2306791144	0.4426441545
0	0.0422118480	0.0103988725	0.0292042642	0.1555907117	0.1702503978	0.2010128489	0.1026512917	0.0064052257	0.0169729458	0.2653015936
0	0.0555663862	0.0519050873	0.0000000009	0.0098227943	0.2092560417	0.1753985132	0.1861958757	0.0007260456	0.2639834707	0.0471457844
0	0.0579180396	0.0283672119	0.0122566675	0.2579173564	0.0490393789	0.0068013503	0.0061929191	0.1659789559	0.1442674613	0.2712606591
0	0.0174015811	0.0328091523	0.0000000533	0.2181146624	0.0275066858	0.2748224069	0.0471104428	0.0140266942	0.2956668778	0.0725414434
0	0.3457605178	0.0094787005	0.0368773014	0.0436351921	0.1462329756	0.0052976711	0.2588174666	0.0323018601	0.1210892625	0.0005090523
1	0.1215045127	0.0135136485	0.0921665840	0.0254735190	0.0677909639	0.0150839123	0.2511975104	0.0792691299	0.2470440245	0.0869561949
1	0.1355997561	0.0766181389	0.0030713290	0.4714778332	0.0869931893	0.0045512272	0.1711546875	0.0000000002	0.0000002941	0.0505335447
1	0.0538806406	0.0924461169	0.0023362853	0.3307862498	0.0061559590	0.0712917851	0.1070036779	0.1574082955	0.0488353574	0.1298556325
1	0.3968027135	0.0751007383	0.1208571164	0.0236021924	0.0024611896	0.0037872035	0.1337320206	0.0525097154	0.0782029121	0.1129441980
1	0.0947428862	0.1213447222	0.2811478513	0.0263436123	0.0000000000	0.0180297721	0.0231865978	0.0157113764	0.4178245722	0.0016686095
0	0.0028280445	0.4180903964	0.0037351647	0.4166038343	0.0007005632	0.1019634158	0.0005222271	0.0083224780	0.0466740523	0.0005598237
0	0.0259836571	0.0073228518	0.0184030978	0.0100337365	0.0959982557	0.0217222917	0.0000340938	0.5571406572	0.0000000000	0.2633613582
0	0.6341562781	0.0234124259	0.1107517276	0.0416224728	0.0465308758	0.0001631167	0.1136885516	0.0245865745	0.0000583821	0.0050295948
0	0.1212801337	0.0221454909	0.0000000000	0.0160952996	0.0189690161	0.0312805432	0.5094355939	0.0184932375	0.0463137125	0.2159869725
1	0.0025405492	0.0065601574	0.0094302305	0.2155578552	0.0437537703	0.0037365625	0.1701996173	0.3554286389	0.0242462210	0.1685463978
1	0.1048038041	0.0307441643	0.0385638784	0.0216423859	0.1998391650	0.5052650698	0.0146849513	0.0298024039	0.0065530497	0.0481011275
0	0.0181818307	0.0000000231	0.0070569451	0.0278423765	0.0068214754	0.0516718981	0.7971145503	0.0811766658	0.0000000059	0.0101342291
0	0.3308422127	0.0006770869	0.0000000946	0.0002099469	0.0002271325	0.0003834638	0.0233391752	0.0071069262	0.0892222848	0.5479916763
0	0.2748130932	0.0614094994	0.0000000137	0.1129029797	0.0771149332	0.0162965433	0.1106858333	0.2576174161	0.0557423318	0.0334173564
0	0.1168022139	0.1016739660	0.0658232092	0.0000000000	0.0248930211	0.0777188649	0.2782705132	0.2375239056	0.0646233330	0.0326709730
0	0.0172505254	0.1102297535	0.0273684316	0.1231207907	0.0641342826	0.2034813013	0.2342951343	0.0002135452	0.1723701110	0.0475361243
0	0.0075721615	0.0176909452	0.0000000407	0.1666297876	0.0313559804	0.2494471245	0.3476646532	0.0242791050	0.0693020897	0.0860581123
0	0.0321501403	0.0064020102	0.0898247617	0.1749302283	0.2624370027	0.0053515182	0.1582533472	0.0188576298	0.0138810340	0.2379123275
0	0.1679283925	0.1316636545	0.0174504705	0.0463391919	0.0585086300	0.0033874703	0.0557717118	0.3391753771	0.0139164232	0.1658586782
0	0.0996751453	0.0844903545	0.0003933305	0.0068760388	0.0491499552	0.0531460471	0.0051450649	0.0007124254	0.0233639133	0.6770477251
1	0.1193447640	0.1020576255	0.0124289278	0.0468761889	0.0039538915	0.1764518134	0.3403067329	0.0551800961	0.0000000000	0.1433999599
0	0.0542749960	0.0766097384	0.0000000000	0.0804976643	0.0090088744	0.0000871577	0.4997093110	0.0041694607	0.0419265848	0.2337162126
1	0.0011969370	0.5205715093	0.0781100108	0.0841551246	0.0062534511	0.0055400447	0.1332336483	0.0000002385	0.0021397676	0.1687992681
1	0.8086209085	0.0332213832	0.0072317587	0.0058871670	0.0074536736	0.0793128333	0.0415046462	0.0012799917	0.0000144873	0.0154731505
0	0.0275831696	0.0441128630	0.0004748062	0.0034222175	0.1193016864	0.0580788337	0.5944212110	0.0000000001	0.1192239407	0.0333812718
0	0.0000051970	0.0134666112	0.0096117858	0.0432300932	0.0985469777	0.0128916242	0.2843229024	0.0825706398	0.4341002107	0.0212539580
0	0.1290378334	0.0000000019	0.0437193792	0.0863337339	0.2794778240	0.2790054746	0.0122548627	0.1002130897	0.0277590972	0.0421987034
0	0.1445158781	0.0000020564	0.0355730797	0.0000226734	0.0694444519	0.0122496632	0.5751860690	0.0387859268	0.0136357860	0.1105844156
1	0.0059172358	0.1414004205	0.1158142300	0.0117997932	0.0452081814	0.0103951614	0.3092689177	0.0012816866	0.2469243419	0.1119900316
0	0.0426098801	0.0086892932	0.0077922217	0.0000002678	0.0229739117	0.1958540725	0.4924977285	0.0001136721	0.0729378211	0.1565311313
0	0.0187020449	0.0564567448	0.0113086024	0.1432855163	0.1520131192	0.0078232198	0.4621970014	0.0001530785	0.0000000000	0.1480606726
0	0.0001918071	0.0019717514	0.0504687238	0.3128377980	0.0764476211	0.1214872402	0.2074520566	0.1384513473	0.0581902785	0.0325013759
1	0.4772057772	0.0000001284	0.0156743366	0.1876205094	0.0169488012	0.0250587473	0.0080673576	0.0000069349	0.0316824188	0.2377349887
0	0.0000015957	0.3164916685	0.0000221018	0.1625852960	0.0363784783	0.0010640634	0.2441090279	0.0000000055	0.2345257613	0.0048220015
0	0.0004975079	0.0133748068	0.0000006298	0.0021575284	0.0176917427	0.6743728565	0.0011045457	0.2287462150	0.0037393854	0.0583147817
0	0.1462172209	0.1632804356	0.0293546853	0.0777795477	0.0718044770	0.0883952140	0.1081326095	0.2639872963	0.0002586346	0.0507898792
0	0.2085403037	0.0149780379	0.0058502175	0.2597102629	0.0000079692	0.0000206284	0.1981101388	0.0001636087	0.1405653126	0.1720535204
1	0.0762973046	0.0624766734	0.5025629813	0.2141442815	0.0022805443	0.0974979474	0.0187840606	0.0000099164	0.0177979974	0.0081482930
1	0.2494253922	0.0240235904	0.0066636108	0.0233860215	0.0002259095	0.1718053770	0.1082151510	0.0099377447	0.0269741090	0.3793430939
0	0.0000158818	0.0740874914	0.0100016032	0.0201972576	0.2541957364	0.0155546871	0.0016283718	0.5498911687	0.0232556506	0.0511721515
0	0.0000000058	0.0559816600	0.0000907484	0.0217438323	0.2703866397	0.5502522432	0.0066915916	0.0036159130	0.0912373491	0.0000000169
0	0.0397255242	0.0016461661	0.3564486608	0.2268365907	0.0385116331	0.0142974441	0.0163233028	0.1954351960	0.0650209349	0.0457545472
0	0.0920635980	0.0600335869	0.0014700863	0.1583048734	0.3588904854	0.0859816759	0.0583099642	0.0713798988	0.1119435593	0.0016222717
0	0.1628729061	0.2457396531	0.0517629411	0.2083328482	0.0000069954	0.0826118071	0.0647629289	0.1318608908	0.0429846094	0.0090644198
0	0.0227054198	0.4510938540	0.0045853877	0.0094524798	0.0068471998	0.2030129767	0.0000169807	0.1122094784	0.1816478887	0.0084283344
0	0.2059725894	0.1708393248	0.0000000006	0.0000000152	0.0330197825	0.0046143070	0.0156726142	0.0021172456	0.5617030331	0.0060610876
0	0.0000325595	0.0253351614	0.0010792935	0.0259651975	0.6483203300	0.0299199525	0.1141722095	0.0684993997	0.0184606258	0.0682152705
1	0.0028684323	0.0371619056	0.0190425856	0.0309722205	0.0019081590	0.0086188047	0.8568182644	0.0004999788	0.0299812637	0.0121283854
1	0.0222672084	0.4693191054	0.0000534540	0.4252347409	0.0085717334	0.0120109914	0.0137244016	0.0215043973	0.0043803583	0.0229336093
1	0.0648435401	0.0840451655	0.0445783593	0.3903216105	0.1854435264	0.0107547884	0.1264960091	0.0082591458	0.0050249954	0.0802328593
0	0.0384538861	0.0000005831	0.0019996647	0.6698962419	0.0803934691	0.1009252276	0.0487013748	0.0544395418	0.0000064174	0.0051835934
1	0.7061151648	0.0345778500	0.0064913180	0.0279668706	0.0303938222	0.0262570396	0.0073329854	0.0384228243	0.0053393974	0.1171027277
0	0.0002064594	0.0034685405	0.0000110758	0.5099420495	0.0343633531	0.0005055766	0.3747231224	0.0000317102	0.0364633133	0.0402847993
0	0.0325575041	0.0681136325	0.0065514672	0.0207631339	0.0051716880	0.1828655239	0.1372715955	0.1053321414	0.0011513204	0.4402219932
0	0.1349959580	0.0102905149	0.0000201513	0.1273682798	0.0214230916	0.0000000000	0.6048074016	0.0298436527	0.0005168878	0.0707340623
1	0.2851582625	0.0003150950	0.0000432778	0.6717315013	0.0001252738	0.0000003348	0.0258341032	0.0061069826	0.0106795977	0.0000055714
1	0.0152744393	0.0183424299	0.1656836825	0.0183572670	0.0005720870	0.0000118625	0.6082371718	0.0103598570	0.0000000000	0.1631612030
1	0.4918871089	0.0260709045	0.1152502081	0.1599744142	0.0070916829	0.0533187146	0.1405683132	0.0042182085	0.0000000000	0.0016204451
1	0.0613778882	0.0006138324	0.7218981000	0.0204604246	0.0000196578	0.1399678524	0.0092885255	0.0055755504	0.0406664455	0.0001317232
0	0.0000012071	0.0038420153	0.0134158308	0.0124983921	0.3042236093	0.0041780421	0.1403850753	0.0045398577	0.4738095826	0.0431063877
0	0.0552886899	0.1451071937	0.0070991278	0.0000000000	0.2314315625	0.0894458177	0.2840098839	0.0263043404	0.0097175691	0.1515958149
1	0.0469861508	0.2425873393	0.0842304167	0.2078712122	0.0228982233	0.0548860020	0.1439052202	0.0201416105	0.0000009659	0.1764928591
0	0.2495227796	0.0661426097	0.0719158727	0.0252789167	0.0024840175	0.0003796246	0.1457508587	0.0060608703	0.1995378069	0.2329266434
1	0.6022216548	0.0032429626	0.1002040058	0.0072732794	0.0013527412	0.0000000000	0.2002524344	0.0000763278	0.0407235590	0.0446530350
0	0.0837314107	0.0000000460	0.0440940415	0.0890411342	0.0025367586	0.2042289314	0.1083972932	0.2441323178	0.2118675943	0.0119704723
0	0.0604457225	0.0000047950	0.0319951111	0.0499613307	0.0306271156	0.3751673479	0.0342985607	0.1672095251	0.0188666455	0.2314238461
1	0.0192254265	0.0232385991	0.1582870498	0.2721657766	0.0494180164	0.3081797153	0.0509048300	0.0133344630	0.0340600403	0.0711860828
0	0.2005027865	0.2781505042	0.0000000692	0.1535799982	0.0585612576	0.1040766875	0.0024818630	0.0680732344	0.0051731910	0.1294004086
0	0.0000534074	0.1143180272	0.0065057284	0.0250019918	0.0527848267	0.0064315289	0.0000008526	0.0484247575	0.0370436998	0.7094351798
0	0.2832827465	0.1931218344	0.0461826254	0.0524080002	0.0000004364	0.2474797650	0.1290616167	0.0081244427	0.0022737799	0.0380647529
2	0.0749470986	0.0231420491	0.0609631058	0.6912780554	0.0046924736	0.0863077993	0.0115725130	0.0289009061	0.0000001223	0.0181958767
1	0.1164862172	0.0905960640	0.4815306398	0.0125855566	0.1547331835	0.0000000002	0.0764316534	0.0340233530	0.0002733476	0.0333399847
0	0.0318466044	0.0152593092	0.0001312310	0.9057837612	0.0000000010	0.0000000175	0.0012741548	0.0038532185	0.0021202389	0.0397314636
0	0.1456953531	0.0091111934	0.1163259153	0.3597101018	0.2829553503	0.0558138354	0.0088383205	0.0000197137	0.0002896749	0.0212405417
1	0.0272823247	0.0486305650	0.0423872756	0.7769524532	0.0002414574	0.0170542966	0.0000010626	0.0594291952	0.0000000043	0.0280213654
0	0.0548347001	0.0000000000	0.0035728403	0.1252535670	0.0641328254	0.0611904745	0.3597037717	0.1454348938	0.1858538338	0.0000230933
0	0.0484406477	0.2445154032	0.0000713647	0.0160484434	0.2274680624	0.0188072986	0.2175815051	0.1755476034	0.0515196714	0.0000000000
1	0.0984163492	0.0533703546	0.0093642485	0.6355919844	0.0025525923	0.0000059585	0.0052021924	0.0000000129	0.0177469798	0.1777493274
1	0.4577246269	0.0893535928	0.0203568203	0.0185621315	0.0000000044	0.0051038381	0.1705802472	0.0134694108	0.0000000000	0.2248493279
0	0.3624548180	0.0000001195	0.3725899731	0.0432979960	0.0125370325	0.0324228769	0.0007091407	0.1301670899	0.0013053571	0.0445155962
0	0.6178770079	0.0119786505	0.0000000000	0.0914090888	0.0121865923	0.0759479008	0.0183012512	0.0372837139	0.0731511848	0.0618646098
1	0.0051713349	0.0388546540	0.0051862684	0.2999240829	0.0192539663	0.5162788507	0.0189620972	0.0094791103	0.0708166923	0.0160729431
0	0.0400547136	0.1025070593	0.0038528314	0.0000000940	0.0071653784	0.4864417533	0.1685140138	0.1582634441	0.0332007046	0.0000000075
0	0.0364700606	0.0000393927	0.0076721502	0.1657174907	0.0865161169	0.6458622850	0.0000140816	0.0019325649	0.0445764014	0.0111994558
1	0.4433513811	0.1448558774	0.0015689671	0.0592043838	0.0241080100	0.1261524795	0.0471027140	0.0541364741	0.0000022978	0.0995174153
0	0.0000000000	0.1855869630	0.0045233754	0.1369774345	0.0136651373	0.0002011470	0.0006817618	0.0045280869	0.6487046301	0.0051314639
0	0.4349511091	0.3220294938	0.0171055052	0.0284561681	0.1760784044	0.0000000000	0.0007211447	0.0011307671	0.0004933629	0.0190340448
0	0.1045441580	0.0176589718	0.0065761885	0.1418901535	0.0201557755	0.1026771659	0.1988014620	0.2074558182	0.1337368379	0.0665034688
0	0.1253444001	0.0033853564	0.0006035752	0.1234674163	0.0013528718	0.0000775146	0.5801076747	0.1326206485	0.0100036557	0.0230368867
1	0.0761422603	0.0023545893	0.0122686004	0.1245454831	0.0317915468	0.0908936601	0.2005656092	0.0075139803	0.0006455255	0.4532787449
0	0.2579006058	0.0078137440	0.0000000000	0.4533114062	0.0000099750	0.0382758379	0.1592897647	0.0765438872	0.0031072180	0.0037475611
0	0.0004015142	0.0464980699	0.0167177092	0.0461104630	0.0027236008	0.0036471715	0.0731789593	0.0002445528	0.0022606523	0.8082173072
2	0.5643654209	0.0046210703	0.2660345935	0.0150471029	0.0133772864	0.0113688407	0.0901230545	0.0000022634	0.0002225223	0.0348378450
0	0.0708926633	0.0000000410	0.0000000000	0.0042035815	0.0290958498	0.0391296820	0.6380288496	0.0000314472	0.1210021563	0.0976157292
0	0.0004484671	0.0372246618	0.0000000000	0.1524368429	0.2467107073	0.0000459742	0.3802375432	0.0010093171	0.0423737564	0.1395127302
1	0.0033835748	0.1259905275	0.2026727927	0.3480231140	0.0332049760	0.0306836746	0.0994733971	0.1272102062	0.0026355343	0.0267222028
2	0.0173516503	0.1793364392	0.1323030944	0.6068480610	0.0005870038	0.0060372820	0.0288982688	0.0189480808	0.0094069720	0.0002831476
0	0.0147995419	0.0671968129	0.0181527521	0.0295029922	0.1802443385	0.0362353379	0.1114194224	0.0000000014	0.2266730604	0.3157757404
0	0.0081393497	0.6204666746	0.0089145313	0.1113660005	0.0000022661	0.1230419210	0.0000000000	0.0708982714	0.0004797092	0.0566912761
1	0.0942115131	0.6122554065	0.0734839732	0.0159885270	0.0074199948	0.0355432762	0.0143002003	0.0974343809	0.0068002899	0.0425624380
0	0.0024788499	0.0001361650	0.0000218540	0.6553939392	0.0487317879	0.0146852738	0.1317639106	0.0946764860	0.0503790321	0.0017327013
0	0.0381478507	0.2113813724	0.0000000000	0.0082221675	0.0000000477	0.0388470894	0.6782178853	0.0012283001	0.0162094404	0.0077458467
0	0.1521333480	0.0000378278	0.0211435276	0.7310626367	0.0229086229	0.0234465076	0.0046728126	0.0000000000	0.0002326854	0.0443620313
1	0.0097823000	0.4066907509	0.1966163254	0.1659418059	0.0038053203	0.1464733467	0.0430323316	0.0006466811	0.0256935707	0.0013175674
1	0.0004404560	0.0012814429	0.0104916586	0.4828698083	0.0261848976	0.0000191296	0.0521968229	0.0034199261	0.0280157180	0.3950801401
0	0.0790931103	0.0176614963	0.0000000606	0.0000000764	0.0013018709	0.0002977796	0.0237849217	0.0099958324	0.0008036258	0.8670612260
1	0.3822853483	0.0171645611	0.0394373471	0.2583269837	0.0107758267	0.0222189455	0.0063714285	0.0284746758	0.0070782927	0.2278665906
0	0.0000126795	0.0000989951	0.0187846796	0.0020923740	0.0125980986	0.4504424454	0.0341963955	0.0008145619	0.0373378110	0.4436219594
0	0.0112611571	0.0258102581	0.0006225402	0.0186798088	0.0865441034	0.0309883437	0.4347664707	0.3124382748	0.0638558683	0.0150331750
1	0.0116821015	0.0003967132	0.0751829462	0.0935108414	0.0000843818	0.0002064492	0.5713853783	0.0568104912	0.0055201447	0.1852205527
1	0.0093372863	0.0280605396	0.0531620366	0.4372679188	0.1480082257	0.1292599068	0.0052289349	0.0118515300	0.0256074437	0.1522161775
0	0.2399638292	0.0454952738	0.0198243070	0.0000137166	0.0008502900	0.4440632114	0.0244264901	0.0129894010	0.0116943235	0.2006791573
2	0.0014051477	0.4177252582	0.1893845656	0.1229987807	0.0356298112	0.0378298202	0.0823325591	0.0012073506	0.0107758992	0.1007108074
0	0.0106486169	0.0033349796	0.0154503897	0.0000004348	0.4308932399	0.0698861926	0.2053469047	0.0001269379	0.2642809291	0.0000313747
0	0.9355831481	0.0019941280	0.0000253910	0.0114645806	0.0061239916	0.0000471955	0.0069208037	0.0000549193	0.0080335022	0.0297523399
0	0.0083641691	0.0873934377	0.0000043194	0.0134935525	0.0001744337	0.0075221043	0.5598175444	0.0775521928	0.0016364783	0.2440417678
0	0.1468991784	0.0817801953	0.0000000000	0.0060218126	0.0391919142	0.0649215980	0.0304946313	0.0044665965	0.5911975430	0.0350265306
2	0.0154265871	0.0000004318	0.0006395815	0.9521837835	0.0000327072	0.0000407236	0.0095388776	0.0202339769	0.0011197470	0.0007835837
0	0.1973249517	0.0642408099	0.0937036495	0.0000000000	0.0089946784	0.1295388441	0.3287327461	0.0009771066	0.0417832634	0.1347039504
0	0.0480923900	0.0012203861	0.0166155345	0.1657435450	0.0149827540	0.0000000353	0.0160340574	0.0003506831	0.4795723012	0.2573883133
