0	0.2530091686	0.0000736385	0.1258357982	0.3506507358	0.1110011802	0.0230421923	0.1053416172	0.0023757977	0.0252847236	0.0033851478
0	0.0710921981	0.1368164169	0.0675418493	0.0116047639	0.2882084542	0.3185627684	0.0160361391	0.0081746548	0.0742377191	0.0077250361
0	0.2745362763	0.0012333534	0.0007592478	0.0051002962	0.0952856515	0.0000024816	0.0636677065	0.5298726239	0.0277714532	0.0017709095
0	0.0039616556	0.0009856455	0.0003997165	0.0325605990	0.0000197324	0.0000000001	0.8776544097	0.0000000000	0.0651861757	0.0192320656
1	0.4363444285	0.3086294532	0.0036546908	0.0057792884	0.0620735800	0.0053198196	0.0443974009	0.0032581303	0.0360995625	0.0944436458
0	0.6944292209	0.1638021728	0.0000002238	0.0448901976	0.0004504833	0.0246493379	0.0218644760	0.0036761489	0.0000000001	0.0462377389
0	0.3326335587	0.0897749871	0.0016942793	0.0552984471	0.0013831433	0.0150012166	0.0288600099	0.0266629561	0.4306598127	0.0180315892
0	0.7843190567	0.0289658220	0.0000248695	0.0106197310	0.0089944665	0.0622982585	0.0191715913	0.0819793742	0.0005892353	0.0030375951
0	0.0191666247	0.0015015745	0.0000000000	0.4123198191	0.1468125403	0.2291939342	0.0374291228	0.0528101157	0.0012834049	0.0994828639
0	0.0008601896	0.0120063850	0.0082809289	0.5997280321	0.0340710279	0.2158337365	0.0488729958	0.0000000000	0.0803378764	0.0000088278
0	0.7363467509	0.0017985048	0.0086060743	0.0000221142	0.0000057751	0.2409894862	0.0058094455	0.0018173639	0.0045984483	0.0000060369
0	0.6508200738	0.1743736471	0.0000006241	0.0696421394	0.0341136999	0.0133759263	0.0558326206	0.0000000119	0.0013799206	0.0004613362
1	0.5554302644	0.1622768275	0.0121879519	0.0000012429	0.0000144523	0.0027473934	0.0341028735	0.2074331649	0.0000048701	0.0258009591
1	0.8052323293	0.1013687713	0.0000016300	0.0030690718	0.0000005682	0.0237584868	0.0389593435	0.0053120031	0.0142388546	0.0080589414
1	0.3105107090	0.0607564567	0.3129228232	0.0887331031	0.0493581927	0.0125486612	0.0030792776	0.1559643372	0.0058833450	0.0002430944
0	0.0002923372	0.6194052253	0.0187079293	0.2063583289	0.0000000000	0.0003068536	0.0577274486	0.0931479188	0.0040539583	0.0000000000
0	0.0659785395	0.0249327345	0.0000047363	0.0057407086	0.0000252110	0.5394795288	0.3638385190	0.0000000221	0.0000000002	0.0000000000
0	0.0031498225	0.0023672306	0.0018726416	0.0135699998	0.0127510442	0.8701370245	0.0343779268	0.0000000000	0.0000000000	0.0617743099
0	0.7602211887	0.0291322064	0.0103398077	0.0393568835	0.1166608129	0.0083364956	0.0282221050	0.0000000000	0.0054818916	0.0022486085
0	0.0333250215	0.1214558459	0.0000018596	0.0043431294	0.0066436169	0.0376779864	0.3049283150	0.0010325592	0.4905898955	0.0000017704
1	0.0858370787	0.2124511388	0.0123334433	0.0351252037	0.0064449783	0.1160877760	0.0633930278	0.3972310816	0.0350466065	0.0360496653
1	0.6404961573	0.0275468845	0.1961830829	0.0508140985	0.0000028720	0.0020023247	0.0407591275	0.0376146635	0.0030893617	0.0014914274
0	0.1274706287	0.4325642038	0.0131476769	0.2241386522	0.0031832398	0.1629591348	0.0022060244	0.0000496780	0.0003717608	0.0339090007
0	0.1379465771	0.0670887470	0.0000000000	0.0038764640	0.1209179378	0.0033487737	0.0071438032	0.6148782393	0.0000595516	0.0447399062
0	0.0000396109	0.1607223459	0.1861112393	0.0000000184	0.0894620597	0.2300646607	0.3258070454	0.0000000027	0.0002012360	0.0075917810
0	0.0317096564	0.0000222023	0.0080297202	0.0799274948	0.0098505575	0.7615682875	0.0277594613	0.0001972350	0.0055993755	0.0753360094
0	0.1728344916	0.1985145320	0.0002338802	0.0297930399	0.0000000000	0.4809020890	0.0000008802	0.0000018555	0.1177140936	0.0000051380
0	0.3718560757	0.1897371279	0.1655573457	0.2040050099	0.0264182819	0.0267549882	0.0000000015	0.0156711612	0.0000000081	0.0000000000
0	0.5483776399	0.0829039327	0.0000000000	0.1953400998	0.0176206193	0.0262540897	0.0015793278	0.0382770382	0.0859775441	0.0036697086
0	0.8226004638	0.0000000041	0.0001067496	0.0025648205	0.0194174006	0.0037148134	0.0796420474	0.0011330028	0.0202153876	0.0506053102
0	0.5317163580	0.1510037030	0.0119183703	0.0000000000	0.0004489219	0.2933479227	0.0012815098	0.0003324096	0.0098543560	0.0000964487
1	0.6193654336	0.0958837294	0.0112346400	0.0318839691	0.0315590354	0.1190345251	0.0000453966	0.0002715122	0.0002243586	0.0904974001
0	0.8048180800	0.1043864884	0.0007654152	0.0034774864	0.0013314842	0.0304011452	0.0372028192	0.0168127874	0.0002337532	0.0005705408
0	0.0006023429	0.1523442405	0.0608570173	0.0000000023	0.0546509054	0.0440505164	0.4543649199	0.0001262725	0.1622780659	0.0707257169
0	0.0640879366	0.0105031121	0.0045238036	0.0397713253	0.0738149581	0.0053193029	0.6629367819	0.0000000000	0.0022399099	0.1368028697
0	0.1517466161	0.0708880535	0.0004596907	0.0058981969	0.0001375250	0.3688809188	0.0358576936	0.0111612384	0.3388161665	0.0161539004
0	0.1182947408	0.3765100870	0.0000009270	0.0000076106	0.0502012573	0.2377713313	0.1045895457	0.0665900422	0.0164611321	0.0295733261
0	0.1627976628	0.0002377767	0.0020639047	0.0000086924	0.1841581299	0.5058671460	0.0303795196	0.0003347905	0.1141517815	0.0000005958
0	0.0493601913	0.2580182762	0.0043695815	0.0014047611	0.4802827312	0.1675871973	0.0000623975	0.0105996059	0.0258552234	0.0024600346
0	0.0000316061	0.0043388033	0.0000000007	0.0012784102	0.0021956979	0.7485462828	0.0269316540	0.0045908777	0.2116766833	0.0004099839
1	0.0239033041	0.0713162189	0.0476577754	0.0309412929	0.3083052301	0.0314413906	0.0104132747	0.0000016797	0.3571796458	0.1188401878
1	0.9646856914	0.0016947686	0.0001614015	0.0000472071	0.0002674034	0.0001544282	0.0005993210	0.0311159963	0.0003933939	0.0008803885
1	0.5864563285	0.0639193389	0.0023899011	0.0021686017	0.0074726217	0.2555175980	0.0008644101	0.0094825782	0.0298005655	0.0419280563
0	0.1568938337	0.0000482417	0.0834227564	0.0000000000	0.1296696970	0.0428070301	0.5176395658	0.0131591409	0.0131404050	0.0432193294
0	0.2353604273	0.0162206289	0.1217126228	0.0000938685	0.0000209853	0.4560284124	0.0408579209	0.0820519259	0.0008215594	0.0468316486
1	0.0032461340	0.0000342643	0.0021640602	0.0464677165	0.0000037957	0.0032266619	0.4632706425	0.0002862832	0.0124048347	0.4688956071
0	0.0000011654	0.0328129749	0.0000000000	0.0000045757	0.0551643166	0.7082799014	0.1299073201	0.0051083273	0.0217214566	0.0469999620
1	0.3398479447	0.3822323233	0.1333719416	0.0369892447	0.0397126799	0.0085840311	0.0174407529	0.0211068007	0.0207072167	0.0000070644
0	0.2294021198	0.4359146378	0.0007170211	0.0084921600	0.0053216624	0.0624347310	0.1588966277	0.0494273666	0.0472753620	0.0021183117
0	0.0152632628	0.1798165608	0.0000021969	0.3814384034	0.0984162793	0.0804684783	0.0000003751	0.0664130882	0.0036384212	0.1745429341
0	0.3669487245	0.0000225344	0.2834674726	0.0059578762	0.0727583364	0.0510015985	0.0768252586	0.0005512306	0.1345192864	0.0079476818
0	0.0453155736	0.9183475160	0.0012835077	0.0058571477	0.0017590320	0.0033846061	0.0198864802	0.0000000000	0.0040603969	0.0001057398
1	0.0593452829	0.2357426715	0.0000000008	0.0040572628	0.0128097737	0.0227942891	0.5980567743	0.0528811654	0.0046456407	0.0096671389
0	0.2219114334	0.1232069975	0.0295036640	0.0099051188	0.0000000000	0.4397436064	0.0381322066	0.1233575920	0.0142356424	0.0000037389
0	0.0716209488	0.0000000000	0.0372875362	0.0144320298	0.0000000000	0.5463072796	0.1642301090	0.0522064141	0.0006247032	0.1132909793
1	0.1158696778	0.6220735882	0.0166446078	0.0000209041	0.0160521660	0.0029094529	0.2013071383	0.0235862915	0.0000114534	0.0015247200
0	0.1154009221	0.2995495037	0.0008772317	0.0244157049	0.0014558546	0.4493218670	0.0680744647	0.0006160455	0.0011908409	0.0390975650
2	0.6539219203	0.1093727459	0.0212899536	0.0063765520	0.0000202737	0.0048114275	0.1334913888	0.0696674102	0.0003502457	0.0006980823
0	0.0000081332	0.0763953553	0.0150054319	0.3050537781	0.1411108916	0.2356451923	0.0608352186	0.0000000001	0.0493373954	0.1166086035
1	0.0194495924	0.0152319964	0.0070029066	0.0020492877	0.0000031644	0.0205735265	0.2942073984	0.4223377122	0.0547911401	0.1643532753
1	0.2925048990	0.1039854722	0.0206380719	0.0653865542	0.0654193927	0.0546250040	0.0989216227	0.2973256225	0.0007597947	0.0004335660
0	0.0197221991	0.2064117270	0.0000000005	0.0000005141	0.0098925245	0.3938112625	0.0352519521	0.0195299207	0.1032647269	0.2121151725
0	0.1342948770	0.0916009733	0.0045970164	0.0263019626	0.4685970834	0.0154773270	0.1264560419	0.0000635606	0.1201292397	0.0124819181
1	0.0188495924	0.0090528499	0.0282055625	0.0254239944	0.0028245471	0.0823835616	0.7909066726	0.0196932549	0.0040787857	0.0185811789
0	0.0357364482	0.1352338574	0.0000031823	0.5784830760	0.0309578477	0.0816435406	0.0807709334	0.0057680573	0.0010307172	0.0503723398
0	0.0708195511	0.0007182456	0.0004342945	0.0000000000	0.0215116925	0.1691016127	0.0001516152	0.0055694885	0.0401159092	0.6915775908
0	0.0315967690	0.3815471439	0.0273146127	0.0146161045	0.1889902587	0.0000002320	0.0012491518	0.0020192937	0.0000498639	0.3526165700
0	0.2548132449	0.0000000000	0.1601519246	0.0640381797	0.0000000000	0.0235494192	0.0301967918	0.1157461428	0.0000012966	0.3515030004
0	0.0358854667	0.4931767510	0.1002845182	0.0118164399	0.0394573013	0.0000013838	0.0531846605	0.0000000005	0.0215607163	0.2446327617
0	0.0543945433	0.4630038876	0.0034043247	0.0071832866	0.0019021078	0.3953090755	0.0120721506	0.0559710480	0.0027984061	0.0039611698
0	0.4369122632	0.0853772647	0.0017930036	0.1115211071	0.0244790624	0.0203471641	0.0019786843	0.3173991663	0.0001145249	0.0000777593
0	0.7727057690	0.0349618176	0.0000072796	0.0000309153	0.0055180315	0.0160625449	0.0514462883	0.0000000299	0.0327437508	0.0865235731
0	0.0329699561	0.1127941298	0.3345173511	0.1675335362	0.0035840235	0.0852824521	0.2387379827	0.0233223545	0.0012582138	0.0000000002
0	0.0237841011	0.2722100532	0.3883981177	0.1068997536	0.0116271159	0.0590412569	0.0541447405	0.0223453768	0.0279446249	0.0336048595
2	0.0546114886	0.0026535777	0.0089757803	0.0191386801	0.0154151117	0.0039077029	0.5882193777	0.1287776590	0.0010911243	0.1772094977
1	0.1746741229	0.0787184895	0.0589387589	0.0207031271	0.0562087403	0.0795544922	0.2269513069	0.0108884627	0.2291365075	0.0642259920
1	0.1017588346	0.0604235174	0.0016540367	0.0146381628	0.0559451358	0.0499837180	0.6265320410	0.0108822424	0.0006168860	0.0775654254
0	0.0238588654	0.7800679495	0.0181184564	0.0106647667	0.0073868554	0.0377007882	0.1095340692	0.0085374304	0.0009800381	0.0031507806
0	0.6446272166	0.0509419106	0.0155347835	0.0282507737	0.0465439533	0.0473836802	0.1622559714	0.0000729638	0.0000005935	0.0043881535
0	0.0751871560	0.2497612101	0.0031579264	0.0025046904	0.2142549367	0.2540955090	0.0969363003	0.0000000000	0.0000008675	0.1041014036
1	0.9289870163	0.0040440965	0.0141909361	0.0013101762	0.0000092066	0.0064624508	0.0010398134	0.0207960283	0.0104805285	0.0126797473
1	0.0424675929	0.1310083962	0.1669990664	0.0083384583	0.0000005694	0.0001457402	0.1154445623	0.3051493657	0.1854994526	0.0449467960
0	0.0135308045	0.2289091779	0.0000005494	0.1501981158	0.1353135706	0.0585853228	0.2388751302	0.0615251814	0.0185877305	0.0944744170
1	0.3796484598	0.0364863609	0.0369995859	0.0129587232	0.0001647280	0.0000000214	0.1272527503	0.0255804332	0.0000000000	0.3809089374
0	0.1949854349	0.2239128326	0.0038794763	0.0000260306	0.0000172598	0.1473689050	0.0242867758	0.1398554868	0.2656677983	0.0000000000
0	0.0000005101	0.0648347718	0.0000002748	0.0000000000	0.0036384512	0.4897488033	0.0002941723	0.0103855410	0.3870503982	0.0440470774
0	0.7591286645	0.0712603665	0.0625241659	0.0000019556	0.0594311945	0.0007397442	0.0006430916	0.0000000057	0.0000039143	0.0462668972
1	0.3182910055	0.0983509934	0.0341779839	0.0057780581	0.0245415899	0.0003508881	0.3196383457	0.1053522845	0.0324193954	0.0610994554
1	0.1607553707	0.1114722325	0.0205036206	0.0704070967	0.0003185844	0.0085582849	0.6141911303	0.0000359448	0.0000205802	0.0137371548
0	0.1090146251	0.0000000014	0.0002775073	0.0000750643	0.0000829384	0.1408198921	0.5847785135	0.0435363812	0.0665416024	0.0548734742
0	0.0962506041	0.0295860775	0.2678200682	0.0057884051	0.0389357235	0.2141341535	0.2398512888	0.0835067535	0.0076074204	0.0165195053
0	0.1440625009	0.0721123409	0.0049200146	0.0648833033	0.0476967738	0.4888949173	0.1751732711	0.0005955945	0.0000000085	0.0016612750
0	0.0050943129	0.0994097278	0.2623078488	0.0048308640	0.0065013220	0.1511068026	0.0879634261	0.0000000000	0.0000000129	0.3827856830
0	0.0469208436	0.1565101228	0.0004484670	0.0006782038	0.0000000000	0.4908008667	0.3001977412	0.0000000179	0.0022730847	0.0021706524
0	0.2335177045	0.0345419557	0.1409987848	0.3996441854	0.0022771561	0.1625190078	0.0243008460	0.0003831730	0.0004734283	0.0013437584
1	0.0381839022	0.8025926103	0.0117334055	0.0283736036	0.0183145057	0.0026678212	0.0061589337	0.0580884746	0.0298407773	0.0040459659
0	0.3913192444	0.0775082912	0.0042313544	0.0441916668	0.3205726256	0.1567031612	0.0054672446	0.0000038078	0.0000000000	0.0000026040
0	0.3933425304	0.0146670623	0.2967708072	0.0000635887	0.0668821063	0.0943513311	0.0172538262	0.0096127880	0.0008034600	0.1062524998
0	0.1542741291	0.0840103414	0.0937722936	0.1720389293	0.0036096149	0.0028926537	0.2202031054	0.0624475065	0.2065335976	0.0002178285
1	0.0096546279	0.0844771505	0.2567164262	0.0779926002	0.0359916369	0.0902367811	0.3241756679	0.1196983964	0.0002469562	0.0008097567
0	0.0211142066	0.3425057221	0.0000000001	0.0503074987	0.0489680464	0.1563082876	0.1062113058	0.0865570876	0.1880016732	0.0000261718
0	0.0000066309	0.4899641054	0.0003541963	0.0998982988	0.0350076020	0.2078261550	0.0449203009	0.0947792321	0.0001405321	0.0271029466
2	0.0226371082	0.3849142420	0.0459296977	0.0380629156	0.0058454005	0.0265848763	0.3806658631	0.0093713689	0.0550206250	0.0309679029
1	0.2028529272	0.1520386147	0.5654779144	0.0002618666	0.0185840905	0.0487648319	0.0011935508	0.0076302537	0.0000082551	0.0031876950
0	0.0261034039	0.0632036389	0.0020664758	0.0301912681	0.0854004846	0.1990613296	0.4242309869	0.0024330199	0.1022263529	0.0650830395
0	0.1834680323	0.3636874797	0.0091575487	0.0018775546	0.0100929075	0.1154123574	0.0239344080	0.0030176475	0.0099735102	0.2793785542
0	0.0845654492	0.0474003952	0.0009795587	0.1824542043	0.0000677155	0.2023191243	0.3926404906	0.0519209908	0.0376303012	0.0000217704
0	0.0022886273	0.0168136497	0.0004807742	0.0000000001	0.5789111041	0.0436944273	0.0021258165	0.0142232910	0.1430669396	0.1983953701
1	0.5908175369	0.0935761816	0.0394503824	0.0166514182	0.0605951340	0.0007710592	0.1589311914	0.0076529736	0.0129710704	0.0185830522
0	0.0875392061	0.2094854604	0.0000000000	0.0116184557	0.0188469497	0.3076675004	0.0406626342	0.1626351994	0.1543197215	0.0072248727
0	0.0719801127	0.0331172807	0.0034717195	0.0292351591	0.5314828324	0.0335972767	0.1518988441	0.0093677012	0.1106010309	0.0252480428
0	0.0000378293	0.5088657353	0.0616587036	0.0011468505	0.0000000000	0.0157688604	0.1057002285	0.1643570614	0.0002687570	0.1421959740
1	0.0292924973	0.4183212036	0.0393333796	0.0472610689	0.0284546343	0.0442124560	0.1329479220	0.0003210568	0.0049090525	0.2549467290
0	0.0563597739	0.0471241302	0.6019877941	0.0421860642	0.0010396315	0.0841623409	0.0232503972	0.0260691145	0.0000000000	0.1178207535
1	0.3910694975	0.0332182318	0.1614438430	0.0273428075	0.0055076141	0.0001891350	0.0481044703	0.0034499172	0.0023021666	0.3273723170
0	0.2111226671	0.0877592786	0.0000055444	0.0000000000	0.0477148672	0.4126629038	0.0647475969	0.0099148299	0.1660484785	0.0000238336
0	0.0868376270	0.6408160059	0.0200722173	0.0059693621	0.1642543082	0.0002058913	0.0599557442	0.0034882302	0.0183078764	0.0000927374
0	0.0105066755	0.3755375071	0.0176713083	0.0041962926	0.0667168431	0.3765280506	0.0762333986	0.0019981970	0.0654339257	0.0051778015
0	0.2584773624	0.1947637973	0.0001143570	0.0040044828	0.0121083837	0.3666307162	0.1606673867	0.0000419023	0.0020091479	0.0011824637
0	0.1128254970	0.7790142285	0.0003917394	0.0000000014	0.0222449646	0.0333206722	0.0402149016	0.0118728549	0.0000000310	0.0001151093
0	0.0787703005	0.3035767205	0.0001933401	0.0002489113	0.0080898602	0.1816404188	0.4256609398	0.0000000675	0.0001156363	0.0017038049
0	0.0545358301	0.1674920611	0.2550998940	0.3782891729	0.0801169246	0.0127632021	0.0087427633	0.0380307976	0.0000000000	0.0049293543
0	0.0643930845	0.0379602237	0.0776437200	0.0134174515	0.0328390778	0.0163587170	0.7028543247	0.0009809535	0.0020974537	0.0514549935
0	0.0723192492	0.0000000000	0.0208704586	0.0000000000	0.5653945874	0.0000226858	0.0016488199	0.0037825062	0.0000001567	0.3359615363
1	0.2576299451	0.0083179683	0.0597043331	0.0024712649	0.0335205268	0.0087844463	0.0872776728	0.2974086639	0.1895485504	0.0553366285
0	0.1797295264	0.4846600222	0.1458306755	0.0086671255	0.0773634939	0.0433987025	0.0106725178	0.0007346687	0.0012480933	0.0476951742
0	0.1888615229	0.0258598722	0.0590225787	0.0020684249	0.5046482590	0.0513230192	0.0128061294	0.0611945894	0.0000020231	0.0942135812
0	0.0030086476	0.0000000004	0.0179306650	0.0000000013	0.0000626658	0.0078613545	0.4446255216	0.0211594639	0.4848811439	0.0204705360
2	0.0239126043	0.7188474354	0.0142614591	0.0098785391	0.0058116188	0.0173314952	0.0345567967	0.0992538661	0.0335688907	0.0425772947
1	0.0412685896	0.0144825182	0.0720436632	0.0129477446	0.0230873713	0.0313482028	0.4935060917	0.0026500870	0.0126976588	0.2959680729
0	0.0381406715	0.0009214547	0.0124766888	0.0000000000	0.0248505149	0.0151002817	0.4292739974	0.0838689501	0.2240402862	0.1713271545
1	0.0242145705	0.7798432859	0.0013742473	0.0551969875	0.0000020398	0.0326447798	0.0601658983	0.0446249981	0.0019138380	0.0000193547
1	0.1256878169	0.4823820485	0.0002670325	0.0000000736	0.0280296529	0.0347955547	0.0773679775	0.0037164648	0.0031880840	0.2445652946
0	0.3003882673	0.0001164127	0.0529682677	0.0000112587	0.0024060831	0.0912376621	0.0316771022	0.0189250947	0.5022698514	0.0000000000
0	0.0009108238	0.4604820557	0.0000000009	0.0003530704	0.0355647941	0.4685241318	0.0001641055	0.0000002271	0.0175198769	0.0164809138
0	0.0314680125	0.3097109833	0.1993698909	0.0498353212	0.0000011301	0.0673199635	0.0468079656	0.0541461191	0.0828855324	0.1584550814
1	0.6980368110	0.2589328494	0.0096288177	0.0081296801	0.0090443892	0.0000262916	0.0084790044	0.0010468516	0.0009068245	0.0057684805
0	0.0093867004	0.4363147477	0.0057519811	0.0328721717	0.0108660990	0.2331923164	0.0024271318	0.0000010643	0.2566033839	0.0125844038
0	0.0423989171	0.7452761821	0.0041724709	0.1000522652	0.0284571497	0.0091784052	0.0351954815	0.0048628106	0.0245771390	0.0058291787
0	0.0334338087	0.0324874150	0.0016715346	0.0205725017	0.0000682928	0.2041872177	0.2829729952	0.0024936457	0.0318235701	0.3902890184
1	0.2662767342	0.2242217410	0.0093842618	0.0027090108	0.0076145315	0.1051243650	0.3402592422	0.0215503177	0.0212864985	0.0015732973
1	0.0544456212	0.7182425878	0.0000000000	0.0000000000	0.0000000049	0.0707168739	0.0504318449	0.0035994328	0.0006176533	0.1019459811
0	0.2613091049	0.0665468329	0.0005903136	0.0156066647	0.1815045860	0.0889081619	0.1638780440	0.0030082867	0.0005227210	0.2181252844
2	0.3457343813	0.0156171080	0.0000003911	0.0015016697	0.0014451245	0.0003687803	0.1233929206	0.4960980291	0.0000000009	0.0158415945
0	0.0699073858	0.0300423922	0.0421409863	0.0061463559	0.0983960816	0.1849054097	0.4862421657	0.0178029225	0.0201777117	0.0442385887
0	0.3051990797	0.0001166111	0.0215059046	0.0022279322	0.0142193956	0.0084931686	0.0317233044	0.0057626665	0.0003240067	0.6104279306
0	0.3164759659	0.0511120900	0.0224622720	0.0000394074	0.0001096067	0.1094161965	0.1697897749	0.1361160376	0.0003853245	0.1940933245
0	0.5656674360	0.0026124007	0.0479802104	0.0002785157	0.0000000005	0.2127667538	0.0869509619	0.0112021942	0.0000213659	0.0725201609
1	0.4124619855	0.0000277741	0.0055462151	0.0028027601	0.0072462418	0.0000102213	0.4286365446	0.0121564419	0.0213069934	0.1098048220
2	0.6948735087	0.0076226536	0.0000099160	0.0002023169	0.0652348834	0.0004223096	0.0158922394	0.1921911690	0.0005368288	0.0230141747
1	0.0715593232	0.0114374556	0.0499075859	0.0253047348	0.0000405361	0.1211008125	0.7064096705	0.0130317213	0.0003594865	0.0008486736
0	0.0263487786	0.0515219639	0.0655731369	0.0265612819	0.0000118465	0.0017686497	0.2873547155	0.4791555373	0.0250603209	0.0366437687
0	0.3902837718	0.0120841959	0.0061500398	0.0027989859	0.0349770486	0.4860672507	0.0240061028	0.0365574135	0.0029628492	0.0041123417
0	0.0170423324	0.0037036326	0.0261785954	0.0391276507	0.0306305623	0.1431570423	0.3493758437	0.0000000377	0.0096580711	0.3811262318
0	0.0747571478	0.4455257695	0.0954395879	0.0584661502	0.0008884876	0.2570667859	0.0181936292	0.0117786542	0.0348380538	0.0030457340
0	0.0231677444	0.0000075168	0.0411231470	0.0071379030	0.8020050601	0.0859962659	0.0395282785	0.0000272661	0.0009613952	0.0000454230
0	0.0982800767	0.0363658468	0.0001257941	0.3537605914	0.0019996845	0.2786334338	0.0012779319	0.0577590338	0.1715777400	0.0002198671
0	0.0415777314	0.0958861028	0.0000000000	0.0008229570	0.1181792634	0.0271660102	0.2709495559	0.0006167254	0.0000016214	0.4448000324
1	0.4006909404	0.0000382487	0.0088220690	0.0223956559	0.0224307578	0.0001401621	0.1574084572	0.0479760102	0.1222791616	0.2178185370
0	0.2057117837	0.0253235155	0.0008035497	0.4448961873	0.0313943152	0.0004378999	0.1556308677	0.0144275638	0.0041137146	0.1172606026
0	0.0891245424	0.0028023018	0.0897030162	0.0338911860	0.2088690823	0.4995414755	0.0758001623	0.0000000023	0.0002668634	0.0000013677
1	0.0364786312	0.0274447767	0.0147373227	0.0195615184	0.0134917233	0.0230221426	0.5814686643	0.0185256077	0.0059549812	0.2593146318
0	0.1234460928	0.1627895362	0.0000132922	0.5990406688	0.0071419959	0.0621710627	0.0427720793	0.0004227709	0.0022006887	0.0000018124
0	0.3544888699	0.0267385204	0.0163467872	0.0026240701	0.2131980528	0.0922395067	0.1146849518	0.1035262335	0.0171820093	0.0589709983
1	0.9324655760	0.0051892203	0.0000342273	0.0000000000	0.0096560134	0.0012047528	0.0361562239	0.0000000001	0.0016767524	0.0136172339
1	0.5383403671	0.1832758105	0.0288828097	0.0000004455	0.0000001437	0.0079966596	0.0000937263	0.0053048616	0.0089596670	0.2271455090
1	0.0241761455	0.4642951799	0.0004722661	0.0345580036	0.0055320208	0.0000105224	0.0402860865	0.1580468542	0.1674868427	0.1051360781
0	0.6745937898	0.0535632805	0.0000002921	0.0161440193	0.0010792652	0.0445135591	0.0133909067	0.0002665268	0.0000002566	0.1964481039
0	0.1056265315	0.0002943046	0.0026014990	0.0899007676	0.0000019446	0.3725066831	0.0001349041	0.0359867545	0.2353783013	0.1575683098
0	0.1421352004	0.0009095320	0.0000089933	0.0161735245	0.0281172312	0.2404402676	0.3072546661	0.0224265636	0.0053865310	0.2371474904
0	0.2821885972	0.0751744423	0.0032177580	0.0089933794	0.2984584638	0.2262060450	0.0426526730	0.0162689243	0.0115758733	0.0352638436
2	0.5307235574	0.0522961018	0.1312764180	0.0510721210	0.0000153580	0.0004053514	0.1961768385	0.0130439490	0.0025173892	0.0224729157
0	0.2425536133	0.2538080805	0.0343245225	0.0014907907	0.2337741560	0.1648974769	0.0073160047	0.0579978123	0.0009966226	0.0028409205
0	0.2584116400	0.0343925837	0.0000000000	0.0203126019	0.4029585414	0.1419830911	0.0321687943	0.0203637843	0.0079134468	0.0814955165
0	0.0221462770	0.7698502899	0.0000000008	0.0003260972	0.0454717943	0.0550441202	0.1013644186	0.0039331187	0.0008410679	0.0010228153
1	0.0324547405	0.7364274276	0.0211747275	0.0291727579	0.0054138377	0.0164455743	0.0000002115	0.1587404177	0.0000000001	0.0001703051
0	0.8686764910	0.0032949290	0.0009062830	0.0000000001	0.0322548547	0.0556639571	0.0169651885	0.0000003658	0.0000000000	0.0222379308
1	0.0955447777	0.1274400189	0.0286895827	0.0331100105	0.0443432402	0.1648333157	0.0001783074	0.0000000000	0.0000000000	0.5058607469
0	0.2924566688	0.0753569613	0.0007141344	0.0016745778	0.0100431898	0.1230343435	0.0053480629	0.0479296004	0.0000000000	0.4434424611
0	0.0920674283	0.0849134107	0.0101595491	0.0012222193	0.0002135328	0.1089145694	0.0085456039	0.0072970410	0.6836444912	0.0030221544
0	0.1189792621	0.0006711906	0.0000004116	0.3753348688	0.0525664066	0.0285577002	0.3176610604	0.0137171131	0.0060085723	0.0865034143
0	0.2734428151	0.1116335134	0.0024091020	0.0186666915	0.4092251177	0.0000071589	0.1245836601	0.0000006813	0.0389984626	0.0210327974
0	0.0614585615	0.0229715533	0.0009927906	0.0000221914	0.0516155386	0.4067960136	0.3134382974	0.0011467773	0.0502189800	0.0913392962
1	0.0626425560	0.0021449106	0.4661068164	0.0283297539	0.0284063697	0.2816869887	0.0650842911	0.0047375305	0.0000030012	0.0608577817
1	0.0717983264	0.1557354464	0.0674548782	0.0429895757	0.0444595072	0.1929140773	0.0302895015	0.0005401403	0.0000000028	0.3938185442
0	0.0619675966	0.4588961864	0.0000005057	0.0003558410	0.0812083274	0.1943658314	0.0512089395	0.0000000000	0.1519876882	0.0000090837
0	0.0038864092	0.0284990963	0.1303685941	0.0193918347	0.0041060464	0.0317705955	0.7783023203	0.0036750990	0.0000000000	0.0000000046
1	0.5740054800	0.0726255370	0.0552057290	0.1481691571	0.0018292290	0.0022975453	0.0151894903	0.0064855164	0.0024758179	0.1217164982
0	0.0163927107	0.0032226199	0.0000014899	0.0000012482	0.2903130432	0.0050984626	0.6160602417	0.0140131026	0.0334802337	0.0214168475
0	0.0851456066	0.1791629842	0.2732849898	0.0136540906	0.0000001230	0.4032679280	0.0023309865	0.0402488601	0.0000947097	0.0028097216
0	0.0498566286	0.0093931001	0.2229126397	0.0000710868	0.5503412717	0.0362513765	0.0000148254	0.0539766161	0.0138990142	0.0632834411
0	0.1199842684	0.0140161396	0.0000000000	0.0003496250	0.1352430830	0.0165184918	0.0000017643	0.4991780118	0.2052942191	0.0094143971
0	0.0007212356	0.8268218899	0.0005251518	0.0023210945	0.0014173703	0.0145680877	0.1100375650	0.0000000004	0.0411403458	0.0024472591
0	0.0968622543	0.0163970434	0.0000020770	0.0002075736	0.0739136636	0.3959618803	0.1347629062	0.0004335458	0.2549163025	0.0265427532
0	0.9089497674	0.0311746822	0.0000001091	0.0000027977	0.0002092617	0.0006990108	0.0017199067	0.0162825314	0.0000139230	0.0409480099
0	0.6047584868	0.0083263686	0.1621583006	0.0128444466	0.0037078019	0.0672572667	0.0490561641	0.0818442811	0.0038040103	0.0062428733
0	0.0000002409	0.0000061967	0.0403796539	0.0002904901	0.0095702877	0.1962015602	0.6062108831	0.0037105527	0.1283568566	0.0152732780
0	0.1230563518	0.4652290645	0.0021334121	0.0002771222	0.0004195720	0.3126992241	0.0621008703	0.0102790964	0.0235159222	0.0002893644
1	0.0631285753	0.6540901620	0.0076340641	0.1745587916	0.0069272474	0.0101017543	0.0173118374	0.0000056877	0.0098215308	0.0564203494
0	0.0512130455	0.4506855369	0.0043633926	0.0519366186	0.0193754199	0.0179255481	0.0251309585	0.0006540401	0.3786843554	0.0000310844
0	0.0500274261	0.0087325486	0.0000097649	0.0056279359	0.0346670723	0.4694990005	0.4170131421	0.0000000000	0.0144231095	0.0000000000
0	0.0393352966	0.8857221171	0.0014238118	0.0036561639	0.0252129393	0.0429559388	0.0003447010	0.0000065775	0.0012048493	0.0001376047
0	0.0004243881	0.1019016166	0.0115461364	0.0000000424	0.3476057421	0.2550500002	0.2722204368	0.0000063733	0.0000792575	0.0111660065
1	0.6945166627	0.0101667198	0.0082146298	0.0000340258	0.0079996673	0.0631371916	0.1088281612	0.0172672423	0.0481705102	0.0416651893
0	0.2301721877	0.1072610583	0.0016049571	0.0439374404	0.0582393087	0.0160116635	0.4561699815	0.0254549138	0.0062121530	0.0549363358
1	0.1363871272	0.1989858829	0.2907189867	0.0078103514	0.0000508393	0.0216290494	0.0091498293	0.0011565862	0.0013688055	0.3327425421
0	0.0048866769	0.3520170025	0.0003472191	0.0070571129	0.0000006788	0.3821264464	0.1200984693	0.0006580371	0.0599158323	0.0728925247
0	0.1348205703	0.0044912373	0.0000000000	0.0000159010	0.0165508317	0.7006835683	0.0123590012	0.1066355881	0.0000006565	0.0244426457
1	0.0331738447	0.1506009696	0.0000000000	0.0022192505	0.1284225457	0.2678966587	0.2448251517	0.0050376102	0.0001508017	0.1676731674
1	0.0269411695	0.3042280188	0.2932096737	0.0210458878	0.0008401856	0.1136440343	0.0766811760	0.0454434698	0.0045483162	0.1134180683
2	0.4835453523	0.0085720532	0.0377249062	0.0000000000	0.0005292819	0.0026826928	0.0152008126	0.0051023502	0.0308214148	0.4158211361
0	0.0501068307	0.0945866204	0.0077246581	0.0514961450	0.0035289315	0.1198156090	0.5955758279	0.0000108078	0.0002152635	0.0769393061
0	0.0919534715	0.0000332503	0.3482607182	0.0000000088	0.0000317025	0.0200934031	0.4986316419	0.0004011020	0.0244460812	0.0161486206
0	0.4953675372	0.0369631103	0.0009249384	0.0238001473	0.0008476888	0.0000046554	0.3848521608	0.0016049349	0.0556348260	0.0000000009
0	0.0000835676	0.0000000299	0.0001208037	0.0190254768	0.0668353574	0.5281921989	0.2341498780	0.0028440455	0.0000000025	0.1487486396
1	0.2181446575	0.0136568230	0.5762769165	0.0002599300	0.0000052709	0.0147455491	0.1308956374	0.0296304527	0.0000000007	0.0163847621
1	0.2463246619	0.6490405438	0.0237981990	0.0003767894	0.0004846107	0.0041802892	0.0467265381	0.0024265082	0.0005502307	0.0260916290
0	0.6237752116	0.0000088641	0.0009562911	0.0072219681	0.1983951956	0.0152384002	0.0027321370	0.0356188486	0.1008709559	0.0151821277
1	0.0000561538	0.0351267008	0.0008229109	0.0459682258	0.0163591492	0.0209766537	0.7184343947	0.0449517446	0.0257261857	0.0915778808
1	0.0296564627	0.1598516515	0.0048283312	0.0030696331	0.0075725672	0.0752343670	0.6722762581	0.0056589935	0.0004973599	0.0413543758
1	0.4067982004	0.1124517020	0.0897416253	0.0022594600	0.0000000018	0.0081060264	0.0843297758	0.0188286289	0.0118591176	0.2656254618
1	0.1117586847	0.1416907897	0.0150223736	0.0000000000	0.0771860196	0.1308438656	0.0886698561	0.2115640361	0.1737798071	0.0494845675
0	0.6454667533	0.1010692966	0.0000000000	0.1956853711	0.0065150209	0.0056028001	0.0294370051	0.0000000000	0.0003593190	0.0158644337
1	0.4192278988	0.0436578926	0.0073575140	0.2077425084	0.0078965498	0.1913687759	0.0374509825	0.0134391597	0.0001034610	0.0717552572
1	0.3110857137	0.3281946090	0.1023957180	0.1664462454	0.0061255640	0.0020473166	0.0444836976	0.0213496267	0.0176784224	0.0001930867
1	0.4807482494	0.0131694667	0.0000052289	0.1199092652	0.0251067911	0.1904818066	0.1340711703	0.0250584424	0.0114494836	0.0000000957
2	0.4888108037	0.1544054794	0.0238517404	0.0001002342	0.0000592778	0.0000004072	0.1924126953	0.0066276482	0.0017154995	0.1320162144
0	0.0338766524	0.5357600210	0.0087313680	0.0357045898	0.0435246490	0.2680507109	0.0634553105	0.0059019834	0.0019995025	0.0029952124
1	0.8447802088	0.0550432897	0.0046817279	0.0067866094	0.0007509198	0.0000000000	0.0140738067	0.0450656226	0.0000133039	0.0288045113
1	0.1786109588	0.1362975702	0.0672525536	0.1032898414	0.0000000000	0.0364060864	0.0389382871	0.2073747459	0.0000004060	0.2318295506
0	0.0698678220	0.0035409391	0.0000708909	0.0000000000	0.1027660218	0.6209507800	0.1026286439	0.0006453824	0.0995295085	0.0000000114
0	0.5260090794	0.0073807110	0.0385293847	0.0126011045	0.3982961114	0.0116274221	0.0000000001	0.0031795306	0.0017770998	0.0005995565
0	0.0441922686	0.1088157177	0.0000001286	0.0379822192	0.0000000009	0.0111169588	0.3791811875	0.0000000000	0.1239657310	0.2947457875
0	0.0092470163	0.0035124655	0.0143057192	0.0015146378	0.0486970624	0.0008058320	0.2047239674	0.0191914564	0.0288777853	0.6691240578
0	0.0198607502	0.5053106230	0.0091813893	0.1022867938	0.0039058694	0.2753006205	0.0035502857	0.0722384961	0.0083651670	0.0000000050
0	0.0025915129	0.1114649748	0.0388296528	0.4734776780	0.1712657147	0.0127835641	0.0081042775	0.1695791083	0.0117805361	0.0001229809
0	0.2365839692	0.0247251576	0.1197879416	0.0288835659	0.0033088097	0.3101698690	0.0000000001	0.0518145196	0.0000000219	0.2247261454
0	0.0313655353	0.4446712489	0.0068921440	0.0042914867	0.0545164604	0.0319037338	0.1635115208	0.0537100703	0.2062078093	0.0029299906
1	0.1167156755	0.4421297519	0.0988309204	0.0164276340	0.0002475928	0.0066150324	0.0992937695	0.1334800025	0.0626352798	0.0236243412
0	0.2345832150	0.4551378290	0.0245508906	0.0082810225	0.0045336139	0.2629135360	0.0035516525	0.0022293433	0.0030675857	0.0011513115
0	0.0333150211	0.0098714793	0.0407585314	0.0190287222	0.0074096621	0.3016854889	0.0799147883	0.0206804034	0.4112540432	0.0760818603
1	0.1223943537	0.0024199106	0.0469694686	0.0065307306	0.0002310196	0.0000114179	0.8104718885	0.0006156305	0.0000138411	0.0103417388
0	0.0116167586	0.0005234813	0.0000000000	0.0023738252	0.0203483910	0.0322454017	0.5609764927	0.0038993725	0.3273771178	0.0406391592
0	0.1545145660	0.0685771534	0.0000000017	0.0298169666	0.0157414021	0.0165328498	0.5685006091	0.0639043521	0.0658290370	0.0165830623
0	0.1657554220	0.0005603345	0.0000000000	0.0077424784	0.1317839976	0.0026117434	0.0049506696	0.0007210458	0.5276005626	0.1582737460
0	0.3324212748	0.0009575024	0.1097791483	0.0000000000	0.0718928423	0.3390661621	0.1217956324	0.0237652752	0.0003221624	0.0000000000
1	0.1424926724	0.2371298004	0.0047766447	0.0304748130	0.0019621365	0.0000001576	0.0414183954	0.0198840520	0.5172743927	0.0045869354
0	0.1126879548	0.0604032160	0.0000608293	0.2051314203	0.2129525639	0.0737638603	0.2603992688	0.0026644291	0.0000027914	0.0719336661
0	0.6358868516	0.0269961681	0.0326961021	0.0028542018	0.0837633683	0.0199744167	0.0801140238	0.1029948823	0.0013036767	0.0134163086
0	0.0000535915	0.2871796744	0.0045978762	0.0176807027	0.0000000000	0.5123134005	0.0357717691	0.0526315113	0.0590772366	0.0306942376
0	0.0203483920	0.2697446871	0.0000244042	0.1695544902	0.0902742559	0.0125833377	0.4355393528	0.0000000013	0.0006766545	0.0012544243
0	0.7656363778	0.0001950842	0.0777741268	0.0371698785	0.0001394265	0.0123726382	0.0093245944	0.0025058662	0.0488398273	0.0460421801
1	0.8620670830	0.0591886475	0.0023092918	0.0128638464	0.0000000542	0.0080550181	0.0063787304	0.0007826170	0.0030134295	0.0453412821
0	0.0609480156	0.4184660867	0.0533069428	0.0780049023	0.2699504093	0.0810984448	0.0218929834	0.0161581949	0.0000000005	0.0001740197
0	0.7537782603	0.0998924359	0.0360706406	0.0000000000	0.0411173603	0.0176812533	0.0373431280	0.0031406345	0.0000000000	0.0109762871
0	0.0835860013	0.0016482591	0.0328639881	0.0002653691	0.0469861953	0.7622930897	0.0490587554	0.0114195060	0.0006384789	0.0112403571
1	0.3910606427	0.0660570172	0.0336749810	0.0019061355	0.0023089707	0.0122421066	0.1822789810	0.1001401484	0.0000000001	0.2103310168
1	0.1058626876	0.2814439488	0.0000106443	0.1548784650	0.0000062998	0.0121249774	0.3234946509	0.0012517171	0.0304795649	0.0904470441
0	0.2002384496	0.0200774905	0.0008887390	0.0000001209	0.0009858951	0.3926535655	0.0807465241	0.0008769166	0.2826606012	0.0208716976
0	0.6376792254	0.0994920330	0.0000000044	0.0217003428	0.1012246447	0.0418381810	0.0343525137	0.0385009366	0.0000320757	0.0251800427
1	0.0343618875	0.0189590862	0.1498862362	0.0814079579	0.0000000000	0.0107889590	0.2484365057	0.0116257225	0.1631018370	0.2814318082
0	0.0552656145	0.8296727378	0.0040667103	0.0000003502	0.0178823699	0.0286762500	0.0272033894	0.0226955301	0.0090819262	0.0054551217
0	0.4352491536	0.1031677941	0.0002480336	0.1096417984	0.0541616851	0.2866230320	0.0004190251	0.0000047306	0.0083907890	0.0020939584
0	0.1573870750	0.1700826282	0.2006683655	0.0000004123	0.0001718662	0.1552193777	0.0022509457	0.1714833237	0.0088758262	0.1338601796
1	0.0278452109	0.1054336003	0.3749971428	0.0001628505	0.1407962224	0.0029774896	0.2146940858	0.0209047982	0.0004078607	0.1117807388
0	0.0472736837	0.0211339851	0.0000000009	0.0657081167	0.0004132029	0.0112921133	0.2153364888	0.0034590239	0.0506111026	0.5847722823
1	0.0082844807	0.3303777677	0.0752486817	0.0000000000	0.0074263921	0.0052953175	0.5641614855	0.0041265954	0.0005860382	0.0044932412
0	0.0109987639	0.0060081071	0.0732633577	0.1124124357	0.1895882940	0.0457430869	0.1877015771	0.0046240755	0.3326379942	0.0370223078
0	0.1463634322	0.5762231298	0.0001277286	0.0000000000	0.0002810381	0.0006281281	0.0343716917	0.0033872258	0.2128395784	0.0257780473
1	0.5297332305	0.0135365900	0.0246281944	0.0244532488	0.0466613434	0.0234487902	0.3330719076	0.0000000000	0.0008343038	0.0036323913
1	0.2525444767	0.2156169760	0.0924521328	0.0000000000	0.0208251975	0.2353958767	0.0656841439	0.0203070132	0.0004465902	0.0967275929
0	0.3072164066	0.0000000076	0.0651382726	0.0000000000	0.1498198792	0.1479822969	0.2102576459	0.0240601473	0.0940912535	0.0014340904
1	0.3098667535	0.0821705559	0.1788104114	0.0000000000	0.0200916839	0.0706886886	0.0061294073	0.0000931833	0.0172120664	0.3149372497
0	0.1102732841	0.1665606813	0.0002577342	0.0000673645	0.4749922343	0.1242952409	0.0746488524	0.0000016046	0.0003552228	0.0485477808
1	0.2428739114	0.0546725946	0.0137961745	0.0258466591	0.0721689371	0.3276005945	0.1927452497	0.0250802870	0.0060376003	0.0391779918
0	0.0398288888	0.2732019065	0.0179867411	0.0026860534	0.0702701926	0.0061806514	0.0297355851	0.5098866495	0.0116972402	0.0385260914
0	0.6793864855	0.1236003971	0.0007672550	0.0295198103	0.0306872196	0.0499993123	0.0714946498	0.0000523404	0.0028683728	0.0116241572
0	0.0137150900	0.1236576865	0.0000016934	0.0305841780	0.0070500932	0.1061739869	0.6783725716	0.0002412199	0.0401286052	0.0000748753
0	0.0110126055	0.1721264791	0.1377485368	0.0000000000	0.0258392537	0.0000001837	0.2616313547	0.0069579084	0.0750445197	0.3096391585
0	0.0235140287	0.4108678054	0.0001088637	0.0482224019	0.0013412340	0.1352240201	0.1710555482	0.0420733540	0.0388882454	0.1287044986
0	0.2559076203	0.0003071358	0.0000642995	0.0055641548	0.3741962355	0.0796263424	0.0136216860	0.1450176185	0.0704719657	0.0552229414
0	0.0528868906	0.1142275231	0.0000000000	0.0813214699	0.0357910242	0.2168520181	0.1966063587	0.0000000000	0.2783279504	0.0239867649
0	0.7640773848	0.0219711256	0.0000000000	0.0268932427	0.0359130673	0.0503863733	0.0167582725	0.0009262634	0.0830740252	0.0000002452
1	0.2303953827	0.2819829079	0.1765975721	0.0000002349	0.0000000002	0.0162520639	0.0627018701	0.0085376900	0.0153947918	0.2081374864
1	0.1170516167	0.1592328188	0.0000043407	0.0171993406	0.0532857139	0.0844090957	0.2845820679	0.0106960144	0.0101406746	0.2633983167
1	0.0706156368	0.6344012546	0.0064141088	0.0000395826	0.0021408679	0.0000004036	0.2377663126	0.0030763737	0.0006183758	0.0449270835
2	0.0094557978	0.3902080528	0.0139804097	0.0344990504	0.0002623459	0.0001433008	0.1273312229	0.0711313413	0.0024561587	0.3505323196
1	0.0114980649	0.2259706468	0.0000000057	0.0509083580	0.0545833603	0.0052697663	0.3419985887	0.0059057619	0.1687152706	0.1351501768
0	0.6122265012	0.0091029496	0.0361658417	0.0002851736	0.0382296920	0.2844700725	0.0124395216	0.0068620681	0.0002181587	0.0000000211
0	0.0214769222	0.0508648056	0.0017721195	0.0007326271	0.0190686852	0.4122789884	0.0229902580	0.0011976322	0.4696101932	0.0000077684
0	0.2028650966	0.0000028195	0.0000000000	0.0293858496	0.0005665187	0.3675495075	0.3664353053	0.0001725115	0.0000000541	0.0330223372
0	0.3091473178	0.0703887266	0.0001018498	0.0699446994	0.0050972643	0.0221175943	0.0369662753	0.0001348047	0.0043460273	0.4817554405
0	0.0017359923	0.0602211665	0.0036756658	0.0000006782	0.0193623913	0.4378193391	0.0265672219	0.2181414953	0.0832485584	0.1492274911
0	0.0957008325	0.0087392615	0.0640586663	0.1555971661	0.0001358601	0.0468014750	0.6036446367	0.0008450138	0.0244600839	0.0000170042
0	0.3993453683	0.0046198513	0.0108814809	0.0299822339	0.0924267353	0.3275179727	0.0467150231	0.0052544170	0.0395390534	0.0437178641
0	0.3971555788	0.1121321894	0.0008743402	0.0679959836	0.0540703114	0.0140674768	0.2600950454	0.0000000000	0.0936090744	0.0000000000
0	0.0989833803	0.0005502778	0.1728564177	0.0465881217	0.0462489085	0.0394833332	0.0889257484	0.4866455773	0.0197170163	0.0000012188
0	0.0097568937	0.2574338569	0.0001939896	0.0230555142	0.0030285522	0.4008249772	0.0384423198	0.0000021065	0.0211206934	0.2461410964
1	0.1986944418	0.0946429675	0.0016004719	0.0134307523	0.1863372484	0.0030682903	0.2598046318	0.1004498161	0.0313442702	0.1106271098
0	0.0152185322	0.0227584326	0.0009450629	0.0284064385	0.7778554698	0.0985177434	0.0529293821	0.0033561271	0.0000128113	0.0000000000
1	0.8270838644	0.0000490664	0.0172788306	0.0048377830	0.0063622150	0.0202737021	0.0963960753	0.0233194068	0.0012582200	0.0031408365
0	0.0228053143	0.0427399550	0.0000232788	0.7235997305	0.0342544529	0.1531771316	0.0058034028	0.0000000000	0.0105458444	0.0070508896
1	0.9065629706	0.0187510337	0.0256417490	0.0000000000	0.0000408644	0.0044511752	0.0000272106	0.0010894414	0.0014759785	0.0419595767
