0	0.1852201470	0.1372816424	0.0000586791	0.0000010703	0.0498295471	0.1166103913	0.0612369862	0.2348732317	0.1964253900	0.0184629147
0	0.0193443736	0.0002476706	0.2582870841	0.0131380624	0.0259327147	0.0344907471	0.4596030986	0.0037126798	0.0320119407	0.1532316283
0	0.2634972252	0.4197079594	0.0012136163	0.0319609205	0.0981379996	0.0238580008	0.0144139737	0.0024155768	0.0000079182	0.1447868095
0	0.0020064200	0.0000431139	0.2184575223	0.4430068691	0.0732500553	0.0220456290	0.0809445655	0.0038581789	0.0135618656	0.1428257806
0	0.0454682711	0.0236545477	0.0006984708	0.1482237971	0.4804769933	0.0026500106	0.0783370982	0.0873231003	0.1306713703	0.0024963404
0	0.4607397632	0.1896714540	0.0381236387	0.0094763120	0.0000692274	0.1193471430	0.0651866888	0.0064567439	0.0195192269	0.0914098021
0	0.0000000010	0.0010579391	0.0724727001	0.0063311177	0.0156254337	0.0018847474	0.0791432879	0.0001388179	0.7972009802	0.0261449751
1	0.0410793042	0.0000000000	0.0008708656	0.1202235248	0.0324696599	0.0203185270	0.4167426093	0.3261864502	0.0400456828	0.0020633762
0	0.0114949965	0.3573763894	0.0000000000	0.0621637664	0.1691132387	0.0424007707	0.2220709017	0.1217602739	0.0122539562	0.0013657063
0	0.2280198496	0.0340256773	0.0287346015	0.2488012303	0.1384279049	0.0001565033	0.0718035650	0.1141299740	0.1346135171	0.0012871769
0	0.0215034048	0.0022473626	0.0002391649	0.2010691551	0.0339822919	0.0012046733	0.0152596487	0.6817039713	0.0007369920	0.0420533355
0	0.3420303493	0.0338584581	0.0134915809	0.0895670263	0.0639405831	0.0372096667	0.0966492074	0.1285179022	0.1943536487	0.0003815774
0	0.0331908074	0.0913114154	0.0177658331	0.2101434688	0.2853904454	0.0000000400	0.1031350347	0.1406567846	0.0337101719	0.0846959988
1	0.4046643401	0.0030229705	0.1356901373	0.1430240755	0.2463980110	0.0011255781	0.0000000494	0.0633241264	0.0001138631	0.0026368487
0	0.2707374942	0.1121396691	0.1504204694	0.0273976097	0.0045174437	0.2585206751	0.0068605074	0.0224463769	0.1406906780	0.0062690765
0	0.0000000189	0.0530228342	0.3235651029	0.0000001808	0.0643583104	0.0477439907	0.1217819944	0.0249065988	0.3380012304	0.0266197386
0	0.1704970078	0.0029716593	0.0105232000	0.0050425617	0.0366015227	0.0000000000	0.0032879550	0.1385163929	0.6135550800	0.0190046206
2	0.3488113592	0.0083093905	0.0011894080	0.5549257097	0.0149182426	0.0000000170	0.0000000000	0.0449332278	0.0016959726	0.0252166726
0	0.0931738543	0.0012364340	0.0001031629	0.0165250071	0.0153719204	0.0204475830	0.2926842066	0.5356042633	0.0148948210	0.0099587474
0	0.0002276682	0.0022584005	0.0001754143	0.2300993544	0.2529132928	0.0000000000	0.1226206077	0.3482774670	0.0155732049	0.0278545903
1	0.1103632594	0.0000081992	0.0000000000	0.3083951722	0.0000322476	0.0067247560	0.0000000000	0.5258461378	0.0405045641	0.0081256636
0	0.1066737372	0.0085359463	0.2143790182	0.0633168019	0.1639035018	0.0125126481	0.0000444258	0.0165230910	0.0184141201	0.3956967097
0	0.0036314332	0.0149484981	0.0285390660	0.1814981711	0.3483317771	0.0490408133	0.0928624091	0.0089392400	0.0709994995	0.2012090926
0	0.2283196334	0.0385846575	0.0132147486	0.0011999477	0.0014778885	0.0151555631	0.0008206017	0.0675096314	0.5970433392	0.0366739887
1	0.0344829004	0.0139967323	0.0074471797	0.5273083160	0.2065904231	0.0000543282	0.0001804364	0.1856124327	0.0000234011	0.0243038503
0	0.0444937641	0.0007901687	0.1262332726	0.3858714918	0.0002044407	0.0026620242	0.0003823376	0.4302749910	0.0000003256	0.0090871835
0	0.0221621189	0.0000000000	0.0015045105	0.0306281860	0.1323063887	0.0000000012	0.0583598191	0.7458918023	0.0091368622	0.0000103109
0	0.0403819705	0.0000019644	0.0079920446	0.0445820651	0.7610822619	0.0000147619	0.0139831951	0.0948050466	0.0114101124	0.0257465775
0	0.0001402576	0.0017603491	0.0000007198	0.0203885876	0.0586447354	0.0019964530	0.0627438732	0.6892668472	0.0180211939	0.1470369832
2	0.0069594087	0.0134438214	0.0000340322	0.7889049026	0.0390799971	0.0015878340	0.0006102520	0.1484913469	0.0000000262	0.0008883790
1	0.3410754786	0.0361511357	0.0667489034	0.0703430447	0.0002923460	0.0042302002	0.0799889993	0.3550983362	0.0292231162	0.0168484396
0	0.0091065548	0.0045806268	0.0000199758	0.1628416434	0.2128448358	0.0411239228	0.3706288576	0.1435622326	0.0415520442	0.0137393061
0	0.2114588163	0.2170295476	0.0000354201	0.3753658409	0.1140489001	0.0000571882	0.0780620024	0.0000000482	0.0000177380	0.0039244983
0	0.0391669510	0.3294582192	0.0000000264	0.0145345006	0.0204314372	0.0000011960	0.0034839225	0.0000000306	0.0467803572	0.5461433593
1	0.0600416752	0.0314702041	0.0170187598	0.4825692565	0.0513341816	0.0000000000	0.0064067553	0.0782810511	0.0002450573	0.2726330592
0	0.0298051996	0.0209117857	0.0078551383	0.0010265259	0.0381536737	0.0000002089	0.0027209856	0.4401989819	0.3222195324	0.1371079680
1	0.2173703589	0.0000000660	0.0187810563	0.0748646292	0.5548746205	0.0076804319	0.0000550990	0.0454032696	0.0798265658	0.0011439027
1	0.0016609198	0.0025102142	0.1995477054	0.2432107977	0.1036876017	0.0000000000	0.2985415884	0.0103023648	0.0108185424	0.1297202656
0	0.0067407479	0.0502284086	0.0000013900	0.0637784089	0.0000457986	0.0000000000	0.0529636241	0.0747673535	0.6329418665	0.1185324020
1	0.0015119538	0.3457409276	0.0496012354	0.3606334721	0.1623932790	0.0015997960	0.0037223482	0.0000548490	0.0596308137	0.0151113252
0	0.0293266651	0.0840298110	0.4147003805	0.0125506599	0.2721823631	0.0000000000	0.0405391954	0.0886023603	0.0313622555	0.0267063092
0	0.0010517665	0.0000002459	0.0891980313	0.0081724342	0.0575564487	0.0082116118	0.0947705206	0.0114501393	0.0847856883	0.6448031133
1	0.1214446857	0.0190473242	0.0001309391	0.5344819554	0.3067474327	0.0000000000	0.0134471823	0.0023185290	0.0022340059	0.0001479456
0	0.0414431595	0.0005308171	0.0101641793	0.0165613754	0.0708812343	0.0000000104	0.4333331699	0.1683088408	0.2325781212	0.0261990919
1	0.1030622127	0.0004844021	0.0083417801	0.0384352331	0.2174465674	0.0000000000	0.0000000000	0.2888552558	0.0033417616	0.3400327872
1	0.0645774964	0.0125117073	0.0000061992	0.0546598390	0.0430397219	0.0000083394	0.0003421011	0.0036148172	0.0018523058	0.8193874725
1	0.1942603084	0.0000000000	0.0029631082	0.1693944953	0.0816463555	0.0000000000	0.0175240064	0.2536684695	0.2470718117	0.0334714448
1	0.1741642299	0.0005516539	0.0000000000	0.0600305659	0.3232281130	0.0500266358	0.0000022247	0.2612836505	0.0000000343	0.1307128919
0	0.0006893673	0.0106008765	0.0012135750	0.0569514895	0.0386695248	0.0000089666	0.6553120497	0.0385751543	0.1979789667	0.0000000296
0	0.0260865819	0.0077508622	0.0000329184	0.2447381267	0.0501396792	0.0000092801	0.2898600402	0.1096192846	0.1665837228	0.1051795038
0	0.0197370104	0.0000000000	0.0081031399	0.3417802762	0.0413108179	0.0801313983	0.0012697839	0.0004910641	0.2582796672	0.2488968421
2	0.0582192295	0.0000001098	0.0000240029	0.1884619075	0.3490570648	0.0000000000	0.0010259926	0.0271515645	0.0267491397	0.3493109886
0	0.0195797948	0.1435836155	0.0422790519	0.0077177217	0.0033470023	0.0122802818	0.0568226252	0.0818478011	0.6325420878	0.0000000178
0	0.0032769902	0.0229259646	0.0571212705	0.0005314595	0.0597829003	0.0000000000	0.0405411078	0.0000009507	0.7958190392	0.0200003172
0	0.0514263986	0.3715341286	0.0000530714	0.2804147286	0.1526091140	0.1188103398	0.0139417904	0.0108658835	0.0002768525	0.0000676927
2	0.1031362800	0.0003035576	0.0000000000	0.0243450736	0.4294927085	0.0107363327	0.0000490198	0.1969062654	0.0440333014	0.1909974610
1	0.0000173945	0.0004362463	0.0019625070	0.7357880455	0.0137785676	0.0000000000	0.0008879492	0.0294426804	0.0185931023	0.1990935073
0	0.0972615157	0.0136692031	0.0114624394	0.2119200679	0.1051766516	0.0000000809	0.3379616132	0.2106182277	0.0110053766	0.0009248240
0	0.0027575567	0.0168986282	0.0000000101	0.0894483123	0.0041272145	0.0000000608	0.7561774801	0.1040221647	0.0258274395	0.0007411331
1	0.0552927942	0.0720075972	0.0000007080	0.6516093035	0.1602379629	0.0015366775	0.0189517665	0.0025152150	0.0326801525	0.0051678227
1	0.0056415827	0.0001679669	0.0000662037	0.2568612696	0.1122811087	0.0000770396	0.0284387023	0.5400157889	0.0268394159	0.0296109219
1	0.1935347583	0.0581713193	0.1468873463	0.0339328287	0.0005257169	0.0059153124	0.0443469529	0.0373904003	0.4334583930	0.0458369719
0	0.2789223385	0.0102854571	0.0190353629	0.1669988510	0.1153399766	0.0372901615	0.0005670925	0.2115600635	0.1082160375	0.0517846589
0	0.0641944053	0.0039311537	0.1471792431	0.4825936365	0.0227969207	0.0070139464	0.0071342442	0.0002884392	0.2158131945	0.0490548164
1	0.1434122659	0.0000983225	0.0303275231	0.0000438872	0.2050646682	0.0000000000	0.0082860375	0.4850310881	0.0162372776	0.1114989300
0	0.3513342786	0.2360978757	0.0049588848	0.0040322041	0.0170300212	0.0000000000	0.0723510835	0.2071716124	0.1070014179	0.0000226218
1	0.0567950838	0.0001790383	0.0021870862	0.7255107875	0.0000215601	0.0000000000	0.0000371934	0.0031934124	0.0007249154	0.2113509229
0	0.2198180739	0.0905028089	0.0033341845	0.0134728291	0.1761489001	0.0015702226	0.4625389422	0.0043474428	0.0155384995	0.0127280963
0	0.0710919941	0.0003461297	0.2761980649	0.5301076546	0.0000084902	0.0002234851	0.0324092284	0.0220486376	0.0238044321	0.0437618834
0	0.0021439000	0.1924960314	0.0503154680	0.0352179171	0.0132325248	0.0001570252	0.0053411748	0.0003879283	0.6890768031	0.0116312273
0	0.0051788300	0.0000023508	0.1219931809	0.0022072649	0.0227270822	0.0014935951	0.1112077039	0.0015667467	0.6614753688	0.0721478767
0	0.0527944014	0.0307117877	0.0000063828	0.0553394571	0.0911704510	0.0062683790	0.2657694421	0.4150050933	0.0554514520	0.0274831535
1	0.0681851241	0.0005649322	0.0390635378	0.1072599875	0.0050059933	0.0000000023	0.0000000000	0.6953583848	0.0693753436	0.0151866944
1	0.0103639289	0.0197047187	0.1230925314	0.0362945007	0.7787511786	0.0000000000	0.0070617488	0.0080496134	0.0009090397	0.0157727398
0	0.0740432513	0.0658131964	0.0359481285	0.1177394743	0.3041136731	0.0140026943	0.0015445403	0.2563483792	0.1124604736	0.0179861890
1	0.0063311860	0.1310996310	0.1032913476	0.2537574446	0.2133878844	0.0000000000	0.0027041164	0.0890719270	0.0947413077	0.1056151554
0	0.1363308532	0.0105943501	0.0567626045	0.0084629255	0.0019413971	0.0477129763	0.5792027158	0.0266068733	0.0190373848	0.1133479194
0	0.1905759639	0.0002117826	0.0102772773	0.0559049918	0.0975721720	0.2224049159	0.0091092144	0.0046687039	0.0592942774	0.3499807008
1	0.3498028529	0.0000091023	0.0216726520	0.5644553134	0.0007389142	0.0000000000	0.0034965310	0.0544177857	0.0003839642	0.0050228843
0	0.0021319047	0.0289445798	0.0327372294	0.6375250975	0.0390996424	0.0000000000	0.1352721100	0.0140235249	0.0096658241	0.1006000872
0	0.0141552991	0.0217126914	0.0630060400	0.0880631034	0.0119296468	0.0209752944	0.4720320163	0.0199381391	0.0182067125	0.2699810569
1	0.2092639829	0.0001971410	0.0334627587	0.0129506861	0.3622790429	0.0114857646	0.1026063094	0.2399224860	0.0165509233	0.0112809051
1	0.6998099210	0.0000006392	0.0001786447	0.2078584237	0.0053771751	0.0022618750	0.0197372907	0.0351510946	0.0042057812	0.0254191547
0	0.0809790585	0.0346252429	0.0115070344	0.0698587473	0.0012273687	0.0000394884	0.1167504311	0.5938427942	0.0789249865	0.0122448481
1	0.0189727746	0.0000000005	0.0005173924	0.5780006218	0.2711281753	0.0000001126	0.0055230223	0.0068785875	0.0708129692	0.0481663437
0	0.0900421658	0.0008879422	0.0142342687	0.0572344558	0.0453746563	0.0067299824	0.1605553080	0.0030482987	0.4978129909	0.1240799311
2	0.0261224407	0.0000000000	0.0001401789	0.8821553461	0.0514878027	0.0000000000	0.0000000002	0.0090931583	0.0045407606	0.0264603125
0	0.0659745615	0.0000000000	0.0052619021	0.5040956136	0.0322555780	0.3333983881	0.0007750846	0.0554685483	0.0007392927	0.0020310311
1	0.1389387254	0.0000000000	0.0000000000	0.2717186099	0.0325052620	0.0000041255	0.0089542403	0.0552692608	0.0209282393	0.4716815368
1	0.0209537497	0.0000044760	0.0057671135	0.2988308754	0.4992608583	0.0094348671	0.0000000509	0.1100676707	0.0002970986	0.0553832399
0	0.2648985013	0.0004670591	0.0000005908	0.5253757868	0.0000000009	0.0000000021	0.0070353788	0.0765493703	0.1233682431	0.0023050668
1	0.0051359591	0.0081575588	0.0045377653	0.7888293526	0.0793080570	0.0000000000	0.0028793418	0.0958411423	0.0001839811	0.0151268420
0	0.7026047001	0.0018482344	0.0483898918	0.0013027493	0.0128857725	0.0000180826	0.0125738792	0.0020760592	0.0983023690	0.1199982619
0	0.0113724268	0.0284200522	0.0364231370	0.0127199317	0.0000014413	0.0004430562	0.1969475317	0.0335976776	0.2670491760	0.4130255696
0	0.0140604741	0.1825637429	0.0000676097	0.2315641961	0.4898560590	0.0004865735	0.0000015089	0.0000011226	0.0133515148	0.0680471985
0	0.2338999673	0.1039008688	0.0001276990	0.2308803985	0.0002633817	0.2374245609	0.0357851366	0.0012036968	0.0000000006	0.1565142897
0	0.0153069747	0.0074696910	0.0007826533	0.4004447241	0.0644009320	0.0085540379	0.0858852793	0.0201290316	0.2896519336	0.1073747424
0	0.4401066031	0.0393942066	0.0007057296	0.0342730395	0.3419124014	0.0139677793	0.0012063979	0.0775307318	0.0059315558	0.0449715550
1	0.7430177653	0.0022871406	0.0040508334	0.0149773510	0.0041017276	0.0010247626	0.0050792812	0.0418311686	0.0031787401	0.1804512295
0	0.0023942940	0.0653321575	0.0024209545	0.0097394245	0.0303723655	0.0000034599	0.8542625386	0.0181133170	0.0056131472	0.0117483413
1	0.0423755071	0.0299476025	0.0000000000	0.1904478372	0.0237525647	0.0051030398	0.0000000000	0.6439209690	0.0600474502	0.0044050295
0	0.1866956118	0.1226617433	0.0000013827	0.0612483471	0.0935604794	0.0756632361	0.0000041127	0.0872172101	0.0000040246	0.3729438524
1	0.1327990002	0.0078451993	0.2304192359	0.2160932255	0.2874590358	0.0010925049	0.0000000235	0.0235232909	0.0209669373	0.0798015468
0	0.3329940452	0.0055945560	0.0733481949	0.2621966986	0.0582836358	0.0240887832	0.0174430365	0.0092706476	0.0591336290	0.1576467732
1	0.2444615419	0.0111085666	0.0260937995	0.5153196083	0.1162702461	0.0601546484	0.0000000004	0.0144211883	0.0095457949	0.0026246054
1	0.0055011548	0.0012237400	0.0006996491	0.0144924079	0.0056323782	0.0000014250	0.0041649509	0.8793174521	0.0281103749	0.0608564670
0	0.0004947929	0.0000000530	0.0001289542	0.2718975933	0.5034234355	0.0006380093	0.0075133341	0.1750428463	0.0323390779	0.0085219036
0	0.0112240236	0.0001137878	0.0119555238	0.0289511794	0.6342132710	0.0000000054	0.0740681579	0.0009725908	0.0000000016	0.2385014587
0	0.1144536852	0.0594218219	0.0618239096	0.5314782872	0.0256815823	0.0000000000	0.0789640935	0.1273513100	0.0005528395	0.0002724707
1	0.5778290993	0.0003715324	0.0062579393	0.3973433721	0.0060765675	0.0000000000	0.0000000000	0.0000000008	0.0090739455	0.0030475432
1	0.2788016486	0.4160535215	0.0003858785	0.0988602940	0.0047128242	0.0158270568	0.0015037292	0.1002578947	0.0003327366	0.0832644157
0	0.6414919007	0.0000000000	0.0191353942	0.0396974231	0.0012673271	0.0122422142	0.0903872522	0.0000383267	0.1950340520	0.0007061098
0	0.0240004487	0.0036933767	0.1058074958	0.0262320650	0.1310945706	0.0000397808	0.1168832608	0.0227105645	0.0211631060	0.5483753310
0	0.0053035077	0.0194256734	0.0431904599	0.0002277025	0.0135066740	0.0000003844	0.4554982724	0.3430703128	0.0753050699	0.0444719430
0	0.5766614349	0.0077080982	0.1013399858	0.0508773874	0.0000000671	0.0000180680	0.1441841034	0.0000003995	0.1152178538	0.0039926020
0	0.0052146835	0.2194762260	0.0003689759	0.6798839093	0.0146200428	0.0000539599	0.0079088658	0.0723840369	0.0000120668	0.0000772331
0	0.0150608375	0.0000000000	0.0109236574	0.0002366873	0.1984390955	0.0133489765	0.0052238770	0.0001802639	0.0767564153	0.6798301896
0	0.1700711091	0.0000000002	0.3397778580	0.0096023716	0.0305721739	0.0193471146	0.4012355069	0.0210323786	0.0021730208	0.0061884662
1	0.1308541119	0.0000000000	0.0043913863	0.0140559012	0.0238386131	0.0000000000	0.0003461251	0.0082785920	0.0145636895	0.8036715808
1	0.1547447747	0.0410222071	0.0299839660	0.1825804581	0.0000128352	0.0028517091	0.0003032243	0.3400416635	0.1278849072	0.1205742549
1	0.2245352479	0.0000000000	0.0054648845	0.1300454022	0.0429333080	0.0006866618	0.0010969650	0.5257224224	0.0011133969	0.0684017112
0	0.3689690295	0.0000000074	0.1217169284	0.0710939750	0.0450747423	0.0188043376	0.2640835108	0.0000000017	0.0447378752	0.0655195922
0	0.0531195380	0.0002619312	0.0594746748	0.0464070212	0.0049843292	0.4806475900	0.1227040848	0.0001249746	0.0001307032	0.2321451530
0	0.0000000000	0.0264300760	0.0016514572	0.7744179458	0.0158835844	0.0000005466	0.0537260023	0.0227218796	0.0763029212	0.0288655868
1	0.0988656514	0.0000000000	0.0019644157	0.2605105275	0.0457954616	0.0000770201	0.3831758726	0.0387552587	0.0559873564	0.1148684360
0	0.0010079179	0.0000000000	0.0223298303	0.2059550583	0.0739141303	0.0035912264	0.0590812029	0.0157789357	0.3278026623	0.2905390361
1	0.4212643690	0.0068273325	0.0097522059	0.0237345029	0.1007071133	0.0000000000	0.0133502116	0.1875510611	0.0405765490	0.1962366546
1	0.0971797995	0.0000000000	0.0000000000	0.2084532658	0.0437822213	0.1061100186	0.0137351224	0.4655494709	0.0000009755	0.0651891259
0	0.0000048633	0.2627411900	0.0428439781	0.0158913211	0.0206861814	0.2659503757	0.0140785636	0.1836432678	0.1416056191	0.0525546399
1	0.2061807927	0.0713531001	0.0141642294	0.1230394405	0.1647436476	0.0000090758	0.0044798462	0.0208935437	0.0017968798	0.3933394442
0	0.1275324212	0.0001531483	0.0000673480	0.0615466505	0.5980902248	0.0001433237	0.0011206253	0.0692760859	0.1409647470	0.0011054254
1	0.0099840058	0.0217689225	0.0000000000	0.2921230637	0.0193621547	0.0111703071	0.0085020948	0.1702086365	0.4657912300	0.0010895849
0	0.3268779526	0.0001866484	0.0126287572	0.0432192813	0.1991968014	0.0981383799	0.1900975746	0.0235684068	0.0973771475	0.0087090504
1	0.0037411107	0.0069350450	0.0039796675	0.1249915157	0.4072398279	0.0000000479	0.0000000286	0.4016562237	0.0272202466	0.0242362863
1	0.1760764865	0.0127861433	0.0515962793	0.0811843332	0.1073994059	0.0004551622	0.0000879155	0.0980469968	0.0922204193	0.3801468580
0	0.0575386146	0.0001364762	0.0194540428	0.2118511928	0.1862300818	0.0111747785	0.1264997047	0.0132921971	0.0233661098	0.3504568017
0	0.1708137833	0.0013727913	0.4611920170	0.0147279460	0.0311388139	0.1110468486	0.0176848154	0.0592635988	0.0000996640	0.1326597216
1	0.0000000000	0.0121834667	0.0120088828	0.4527491723	0.2751180035	0.0001452202	0.0000003370	0.1817360499	0.0630691739	0.0029896936
0	0.0068455402	0.0100983586	0.4334707346	0.0198296890	0.1007071228	0.0000000000	0.1037402488	0.0019075889	0.2264363923	0.0969643248
1	0.0008750333	0.0000000000	0.0160297219	0.1382565332	0.0072876101	0.0034343979	0.0001024499	0.0585145685	0.0251823514	0.7503173337
1	0.1017926209	0.0170382590	0.0939257844	0.3921165215	0.0486632310	0.0133325674	0.1101680269	0.0325857231	0.0001134866	0.1902637793
0	0.0285719849	0.0113146888	0.0015436258	0.9160238965	0.0066546436	0.0000020490	0.0052081722	0.0000165503	0.0174937832	0.0131706058
0	0.0044064721	0.0005833295	0.0406895566	0.1731564480	0.0139124822	0.0000084366	0.6844702594	0.0001506352	0.0022398705	0.0803825098
1	0.1824356333	0.0000008221	0.0455925738	0.2172073538	0.0223746314	0.0631165427	0.0032840782	0.4390239821	0.0147137978	0.0122505848
0	0.0012179702	0.0051095172	0.0000000000	0.7626336695	0.1411300134	0.0067739546	0.0247857435	0.0278126057	0.0060288386	0.0245076872
1	0.0361510983	0.0103164976	0.0207727684	0.0747406494	0.1001152152	0.0007544306	0.0093858790	0.6835610740	0.0100840954	0.0541182921
2	0.1264366863	0.0000000000	0.0000000000	0.2735843816	0.1938878668	0.0074602113	0.0000000024	0.2497180997	0.0040178977	0.1448948542
0	0.0612948572	0.0066143668	0.0598447772	0.0789603059	0.4581342694	0.0603568925	0.0658446727	0.0000002690	0.1672498482	0.0416997410
0	0.0016499436	0.0144858663	0.0070146083	0.0042753848	0.0161314891	0.0345279961	0.0153275604	0.9063062029	0.0002809335	0.0000000150
0	0.5227808166	0.0731912962	0.0000009032	0.1900098387	0.0271129876	0.0000173367	0.0817815230	0.0116962258	0.0626474482	0.0307616239
0	0.0000615722	0.0000801290	0.0000000000	0.0041476960	0.1910432190	0.0599490690	0.3222456932	0.0265015077	0.3948935174	0.0010775966
0	0.0218290336	0.0000169098	0.0034124933	0.2147922141	0.0000000000	0.0179922585	0.0000000070	0.2166071579	0.0062692288	0.5190806970
0	0.0734120144	0.0017242914	0.0000135672	0.2236146596	0.4443828898	0.0561115904	0.0672500706	0.0000017650	0.0104440948	0.1230450568
0	0.0019411051	0.0043845609	0.1577754386	0.4530527684	0.0000029870	0.0000000000	0.0347650064	0.0591557877	0.0004130328	0.2885093131
1	0.0755724758	0.0000000060	0.0000648020	0.1389206012	0.3189531313	0.0055080632	0.0111193671	0.3274292029	0.0440013401	0.0784310104
0	0.0120030979	0.0881566699	0.0057585974	0.1980545682	0.1883186698	0.0216591197	0.0002483681	0.0465338840	0.4014935487	0.0377734763
1	0.0973907765	0.0166630885	0.0000000010	0.2657613833	0.2678364826	0.0000529881	0.0348746946	0.1366412322	0.0022660264	0.1785133269
0	0.3432087161	0.0010507289	0.0032278012	0.0547782326	0.2625901630	0.0527207562	0.2245478321	0.0111828564	0.0064664831	0.0402264305
1	0.0494615784	0.0060903666	0.0021727633	0.3924467599	0.0288398694	0.0001960281	0.0019636309	0.4718233032	0.0470057002	0.0000000000
0	0.4021437964	0.0110912391	0.0000356389	0.0286675709	0.4062186734	0.0127590999	0.0774636199	0.0054623881	0.0035805413	0.0525774321
0	0.2885982544	0.0787262355	0.0024885267	0.1037149721	0.0942216179	0.0137984520	0.0001505515	0.1983108090	0.2012611596	0.0187294214
1	0.0402855400	0.0000026817	0.0016725012	0.2002255790	0.0804105450	0.0000010428	0.0182508817	0.0173746669	0.0074620041	0.6343145575
0	0.0746853528	0.0998018361	0.0395770468	0.1928589499	0.0606653487	0.0031419030	0.0053706141	0.0121994962	0.0000509524	0.5116484999
0	0.1973717075	0.0021885510	0.0000172751	0.1907394166	0.0261080290	0.0039456572	0.0780588499	0.0019477748	0.1608925986	0.3387301402
0	0.0762840283	0.0164278790	0.0008640084	0.0379430294	0.6512177095	0.0523105768	0.1308134261	0.0336299839	0.0000894114	0.0004199472
0	0.0001882379	0.1196926894	0.0000044139	0.0009790464	0.0617959538	0.0011718639	0.6925392290	0.0031023901	0.0141358203	0.1063903554
0	0.1115269405	0.4172327342	0.0000000010	0.0347035533	0.3813670831	0.0000000538	0.0225336546	0.0129273010	0.0000084305	0.0197002478
0	0.1572062763	0.0000414218	0.0306083916	0.0779718881	0.0168882839	0.0002366527	0.4293706311	0.1764907552	0.0001480317	0.1110376677
2	0.1414834033	0.0091551924	0.0037269920	0.1366092716	0.0571203462	0.0003477984	0.0004016539	0.6428938048	0.0082582569	0.0000032804
0	0.0030944796	0.0015956563	0.0002910779	0.2315027184	0.2265114684	0.0644033064	0.0637606900	0.1147188719	0.2905197064	0.0036020248
0	0.0734698679	0.0035029707	0.0560118473	0.0385457950	0.1317760694	0.0013102114	0.0000151225	0.4191196694	0.1306057594	0.1456426869
1	0.2867962945	0.0000000008	0.0178042082	0.0065365448	0.0693562031	0.0000000000	0.0139642684	0.5887916891	0.0000793406	0.0166714505
0	0.0285277722	0.0050801398	0.0086590923	0.1204131922	0.0548743099	0.1182430174	0.4011104417	0.0035045818	0.1494945173	0.1100929354
0	0.1652618442	0.0107120559	0.2906452121	0.0356046870	0.0215407221	0.0148956439	0.0401113175	0.0418101620	0.3762085926	0.0032097629
0	0.0123959182	0.0000000000	0.0001259936	0.0749223058	0.5895122926	0.0022131769	0.1150492606	0.2051562113	0.0003678243	0.0002570166
0	0.1391789774	0.3122153577	0.1372114425	0.0068931623	0.0933534167	0.0064753822	0.0644243252	0.0232832485	0.0717902988	0.1451743887
0	0.3924894136	0.0423920906	0.0852028219	0.0417809960	0.3104252503	0.0007186083	0.0007337520	0.0973453418	0.0096130179	0.0192987077
0	0.0271281233	0.0045144941	0.0195707868	0.7992341187	0.0313449655	0.0000788504	0.0158356602	0.0010971740	0.0295860144	0.0716098127
0	0.2536643974	0.0827549945	0.1784662661	0.1032635481	0.0072441282	0.1131459524	0.0004104716	0.2017225212	0.0268159594	0.0325117612
0	0.0105018157	0.0144232230	0.0001924520	0.0375901851	0.1164163101	0.6888386972	0.0099369990	0.0367893619	0.0012680362	0.0840429199
0	0.0687959936	0.0047099846	0.4854132543	0.1061244892	0.0591246594	0.1588485876	0.0000912306	0.0000412977	0.0545857671	0.0622647359
0	0.0089631167	0.0000000000	0.0353329959	0.1181234079	0.0162387285	0.0132674243	0.0308043222	0.0435274288	0.5052287069	0.2285138688
0	0.0101107507	0.0000001036	0.1853809703	0.0138267208	0.0740049615	0.3007659345	0.0713728404	0.0163056797	0.2876249187	0.0406071198
0	0.0626298647	0.0292607415	0.0265787789	0.0039152275	0.0514594719	0.0000000000	0.1270590446	0.0119951992	0.6871016705	0.0000000012
2	0.0932354010	0.0000000000	0.0000267904	0.4756083031	0.3402745839	0.0005232587	0.0007951048	0.0420768070	0.0472764027	0.0001833484
0	0.0001979601	0.0241425369	0.4611995367	0.0924949101	0.1803841325	0.0081073902	0.0957733868	0.0298865566	0.0317971906	0.0760163995
2	0.3516222556	0.0002091323	0.0000000000	0.0032115568	0.5019951276	0.0000000000	0.0046918699	0.0609447716	0.0191182317	0.0582070546
0	0.0464839921	0.0927238672	0.0309675155	0.0351039197	0.3657869680	0.0653287820	0.0226814890	0.0566204645	0.2489865783	0.0353164239
0	0.0986891378	0.0000000021	0.2526139441	0.0000119703	0.0120915518	0.0418517192	0.2367063651	0.2900713848	0.0142590863	0.0537048385
0	0.0113663076	0.0006416872	0.7776611615	0.0363429608	0.0006783677	0.0121087515	0.0198097014	0.0834631737	0.0335551917	0.0243726969
0	0.7400553807	0.0023329038	0.0107429874	0.0254431434	0.0752562138	0.0205979291	0.0082656894	0.0673264798	0.0402151735	0.0097640990
0	0.3850825858	0.2898461917	0.0163299627	0.0757079023	0.0018472996	0.0429609485	0.0918153976	0.0786312900	0.0000000000	0.0177784219
0	0.0406228287	0.3914355772	0.0000037078	0.0105999413	0.0007773483	0.1180284872	0.0143761127	0.1899072896	0.1527307540	0.0815179533
1	0.5056450509	0.0000000000	0.0002265743	0.0091085226	0.0125764260	0.0004435476	0.2638119870	0.0314928841	0.0303634687	0.1463315388
0	0.0268099967	0.0000000000	0.4063016303	0.1131681453	0.4347890744	0.0000599229	0.0153011797	0.0014697345	0.0021003161	0.0000000000
1	0.0192140729	0.0000792752	0.0860762116	0.5497632929	0.2271757907	0.0265061860	0.0031189625	0.0709025379	0.0162156127	0.0009480577
1	0.0640592594	0.0000015942	0.0117832868	0.0410127476	0.0035400205	0.0000006982	0.4529038406	0.0384654197	0.3607672578	0.0274658752
0	0.0097910440	0.0000000000	0.0000000000	0.6978272292	0.2344163687	0.0000034737	0.0045020983	0.0183905821	0.0348377171	0.0002314869
1	0.0004029692	0.0004258351	0.0538729355	0.0815876688	0.0024986651	0.0052049690	0.0000019625	0.0000056712	0.0019267845	0.8540725392
0	0.0778745878	0.0116991902	0.0401852454	0.0101442788	0.2142121411	0.0016010729	0.0672230882	0.0624292835	0.4459259813	0.0687051308
0	0.0000000012	0.0366141511	0.0568257784	0.0413786955	0.0459912236	0.0000000008	0.4010251934	0.1935916185	0.0902569856	0.1343163518
0	0.0324465179	0.0000206913	0.0023331919	0.0010675879	0.1123792762	0.0250245397	0.2402677522	0.1504391326	0.2119914849	0.2240298254
1	0.0026388711	0.0000000002	0.0031916166	0.5681732575	0.3561600511	0.0000000000	0.0000026777	0.0079143732	0.0406834017	0.0212357510
2	0.2353151985	0.0000000000	0.0339847468	0.0783096578	0.0199515087	0.0000000000	0.0020916355	0.6160101180	0.0033385972	0.0109985375
0	0.0107191332	0.0002876172	0.0139431948	0.0000201784	0.3462930584	0.0151069568	0.0366843731	0.4249287375	0.0549536088	0.0970631419
0	0.1105462295	0.0136436853	0.0225290983	0.0000839551	0.1677022189	0.0000000000	0.0682483664	0.0588253468	0.5194915782	0.0389295214
0	0.0254945563	0.2025686357	0.0146734594	0.0257990068	0.0179970726	0.0343578913	0.0003510958	0.1572398140	0.5214639791	0.0000544891
0	0.2606734019	0.0000000783	0.0012884470	0.0003481179	0.0234595316	0.0000100533	0.1796230294	0.0618149831	0.3151432528	0.1576391047
0	0.1983441691	0.0000000058	0.0000000000	0.0011674572	0.0501370305	0.0000684418	0.4427442664	0.0015293603	0.2811124852	0.0248967837
0	0.1740583558	0.0347938154	0.2326985498	0.3825151885	0.0203777970	0.0016058770	0.1278928490	0.0000630648	0.0247586756	0.0012358272
0	0.0463317925	0.0513044595	0.0295905002	0.2656662592	0.0178460338	0.0921868652	0.0894231679	0.0537452838	0.2144499002	0.1394557377
0	0.0720857118	0.0001424804	0.0001077587	0.0755742047	0.1613092675	0.0573461408	0.0003521732	0.1479645620	0.3227541716	0.1623635294
1	0.0534197163	0.1496101216	0.0000000001	0.4639494619	0.0867965593	0.1999258265	0.0015067130	0.0220845487	0.0000000000	0.0227070526
1	0.0000051282	0.0003279788	0.0409928936	0.7942012070	0.0086139824	0.0000015487	0.1303620552	0.0248296155	0.0006655907	0.0000000000
0	0.0737008450	0.0105067436	0.0027336539	0.0132248733	0.0172805266	0.0749248690	0.2916366121	0.1909130974	0.0298860596	0.2951927196
1	0.0481862554	0.0002340869	0.1504062901	0.0375461629	0.0416655813	0.0000063158	0.0012388956	0.3494700596	0.0326739132	0.3385724391
0	0.0922879578	0.0000143494	0.0000107026	0.0580762275	0.4740382604	0.0000000000	0.0629089898	0.0509283696	0.2540382729	0.0076968698
0	0.0074693400	0.0000489680	0.0009604649	0.3205279366	0.5946635965	0.0755567609	0.0000038005	0.0000000014	0.0000000000	0.0007691312
1	0.6447748031	0.0048470895	0.0046041566	0.0886295546	0.0110595729	0.0003104171	0.0570251649	0.1393443793	0.0401933640	0.0092114983
0	0.5434643263	0.0336525241	0.0000000002	0.0251070887	0.0602889439	0.0914707446	0.0428414625	0.0003233478	0.0978665079	0.1049850539
0	0.1195771825	0.0156610586	0.0394588543	0.0124998673	0.2175101761	0.0000000000	0.4611230883	0.0006244331	0.0077133291	0.1258320109
0	0.0355328826	0.0227267453	0.0203117110	0.7402260753	0.0111146068	0.0000229789	0.0643443205	0.0042576836	0.0781404663	0.0233225297
2	0.8434584345	0.0000000000	0.0000000003	0.0622906733	0.0316068637	0.0000000000	0.0094817097	0.0393590984	0.0000022117	0.0138010084
1	0.1475024042	0.0000000136	0.0000000000	0.1121129871	0.0000955882	0.0086583675	0.0081241191	0.5086967237	0.0546140063	0.1601957903
1	0.1918352449	0.0428015110	0.0000555840	0.3643396708	0.3824656132	0.0009376799	0.0002939811	0.0000008851	0.0069972548	0.0102725752
1	0.2944879301	0.0209794123	0.0074971913	0.0091887073	0.3679578778	0.0027033818	0.0000017020	0.2010409758	0.0477296216	0.0484131999
0	0.0403310419	0.0034132310	0.0111534327	0.0181145996	0.0000158661	0.0575759609	0.3882667652	0.0000537430	0.1991778266	0.2818975330
0	0.0972261854	0.0198953465	0.0001114891	0.0000010494	0.0224950748	0.0000000000	0.1825994804	0.1415189562	0.4653825112	0.0707699070
0	0.2043225830	0.0234270702	0.1664484882	0.0025486661	0.1072391723	0.0000000450	0.0002021034	0.0670709383	0.1222407071	0.3065002263
0	0.1948250678	0.0023186153	0.5235154302	0.0368054407	0.0006239224	0.0303704932	0.0067337292	0.0302649935	0.0186680755	0.1558742323
0	0.0052086021	0.0800841039	0.0010054605	0.0099656294	0.1507806049	0.0001172899	0.0009421045	0.2230112273	0.1447943825	0.3840905950
0	0.4268925431	0.0003430314	0.0141365288	0.0793147190	0.1452850794	0.0002679832	0.0035596887	0.0608627515	0.2036604641	0.0656772109
1	0.2752725772	0.0000000000	0.0003216635	0.0074978145	0.0212752251	0.0000000173	0.1952566268	0.0105745706	0.4887270252	0.0010744797
1	0.0377883567	0.0022941757	0.0000000004	0.6796543576	0.0810187598	0.0007527622	0.0021670724	0.0831597539	0.0003103266	0.1128544347
1	0.1916334057	0.0046204145	0.0199867400	0.0658389900	0.3393202602	0.0000000021	0.0883433266	0.2653714799	0.0079058162	0.0169795651
0	0.1059770493	0.0681353603	0.0335954926	0.0234455078	0.2684872776	0.0543723528	0.2441317625	0.0500040923	0.0588768538	0.0929742510
0	0.0818223264	0.0224402434	0.0080737417	0.2186114292	0.1246016438	0.0097317808	0.5346285064	0.0000189619	0.0000713663	0.0000000000
1	0.0508070287	0.0000103086	0.0000268780	0.8402908253	0.0619029389	0.0000000000	0.0000000000	0.0218051527	0.0249085214	0.0002483463
0	0.0360104925	0.0720200547	0.0005719493	0.0280475620	0.0224934668	0.0077102796	0.3992968869	0.3946071588	0.0256589721	0.0135831772
0	0.0301820622	0.0348673990	0.0001246496	0.0032827157	0.1254237711	0.0000000145	0.1001425520	0.4888551751	0.0058678434	0.2112538174
0	0.2709966475	0.0217020884	0.3285600148	0.0355594504	0.0680549182	0.0000000000	0.1501424440	0.0862002315	0.0003797417	0.0384044636
1	0.0004563813	0.0423654655	0.0000000782	0.1369956612	0.1750932118	0.0169688714	0.0539782776	0.5295154759	0.0000000027	0.0446265744
1	0.3002692670	0.0000000000	0.0255066784	0.0673168378	0.0068475102	0.0017081169	0.0000001438	0.0000000000	0.4086519697	0.1896994761
0	0.0081649834	0.0053252397	0.0186653277	0.1967796947	0.0254133301	0.0000000552	0.6154484175	0.0272481042	0.0286085192	0.0743463283
1	0.0334907799	0.0113790917	0.0005477757	0.4475291024	0.2446553131	0.0000000000	0.0008317365	0.0874765547	0.0063235708	0.1677660752
1	0.3105206784	0.0007938786	0.0001053936	0.0617123304	0.0325156450	0.0000014320	0.0036190589	0.5536131473	0.0339091598	0.0032092759
0	0.0039851677	0.0064100301	0.0000368577	0.0025503672	0.0236753653	0.0297937681	0.5594533072	0.0700128025	0.2676850518	0.0363972823
0	0.0158490770	0.0208906172	0.0469790082	0.0174404764	0.7854106445	0.0043335069	0.0310120734	0.0000836029	0.0041747590	0.0738262344
1	0.0225157820	0.0024998262	0.0002725655	0.4271355764	0.0080350983	0.0070841304	0.0080529436	0.1767445330	0.2617767139	0.0858828307
0	0.3302946162	0.0000334837	0.0238132583	0.0010215410	0.0552659016	0.1854098950	0.0000945495	0.1530475938	0.0876031513	0.1634160095
1	0.5080401602	0.0769317179	0.0000000498	0.1542325116	0.0038528262	0.0000000032	0.1630234718	0.0887192107	0.0016920899	0.0035079588
1	0.0304137804	0.1276965283	0.0000000000	0.6272469935	0.0208351913	0.0000000000	0.0482517661	0.0139011340	0.0897748300	0.0418797764
0	0.0647430260	0.0768510693	0.0000012288	0.1023921332	0.2583004046	0.1621703091	0.2610092242	0.0000254418	0.0044048701	0.0701022930
0	0.0029942834	0.0025859363	0.0003290767	0.0768345658	0.1027789724	0.0005992202	0.0134808395	0.0322383219	0.7644108757	0.0037479081
1	0.2803386293	0.0141738455	0.0000000003	0.1458946598	0.3730442345	0.0002356925	0.0000185509	0.0549610704	0.0360714734	0.0952618434
2	0.6603768518	0.0000000089	0.0079541984	0.1932037314	0.0172240811	0.0000034592	0.0000717116	0.0157731820	0.0615303463	0.0438624294
0	0.1224580658	0.0067602198	0.0002442800	0.0305439595	0.0370179927	0.0018657334	0.5866390489	0.2049885438	0.0064665447	0.0030156114
0	0.0288802166	0.6498355943	0.0143908152	0.0223969887	0.0712121820	0.0160570681	0.0143377854	0.0016146951	0.1496100868	0.0316645678
1	0.0307558603	0.0159364556	0.0000000000	0.0129914582	0.8699773693	0.0001828087	0.0028364885	0.0612659962	0.0045731755	0.0014803875
0	0.0007483451	0.0000035495	0.0490200857	0.4421325727	0.2239747668	0.0000576600	0.0348076866	0.1612549362	0.0420312954	0.0459691019
2	0.0567703148	0.0000000327	0.0000168602	0.1525622436	0.0116392130	0.0000000000	0.0127215340	0.7312987226	0.0092580720	0.0257330071
0	0.1356322024	0.0000000438	0.0218047047	0.2522516165	0.1283881582	0.0015293722	0.0105343941	0.0000034608	0.0561155778	0.3937404695
2	0.1427070115	0.0000023018	0.0049454912	0.0957101387	0.0247614605	0.0000000000	0.0473257280	0.6420188430	0.0416815944	0.0008474308
0	0.0000328216	0.1931771088	0.1292474129	0.0767451342	0.0900192094	0.2220448432	0.0933577394	0.1864075186	0.0003775106	0.0085907013
0	0.0330419856	0.0014648510	0.0000014688	0.1967087761	0.0023902155	0.0418751166	0.5099680828	0.0474426424	0.0264282166	0.1406786447
0	0.0279516071	0.0134424497	0.0019595041	0.1350021348	0.1668168880	0.0209456857	0.5668619183	0.0026088934	0.0598753228	0.0045355959
1	0.4145995825	0.0005476658	0.0123204434	0.0208313842	0.1040241215	0.0000000000	0.1124020812	0.0624648979	0.1984403892	0.0743694344
0	0.6436511054	0.0000575815	0.0034030292	0.0054282344	0.3107931564	0.0266357419	0.0056059645	0.0029707404	0.0011697624	0.0002846839
1	0.0235751924	0.0390669593	0.0000000000	0.3202883300	0.0827921421	0.0000000008	0.0383833934	0.4740965526	0.0100453005	0.0117521289
0	0.0528720369	0.0313786623	0.4979564863	0.0089199044	0.1936903676	0.0137096224	0.0431249378	0.0149699347	0.0013080577	0.1420699898
1	0.0261796584	0.0008746638	0.0000000000	0.2211988431	0.4953668134	0.0000547477	0.0645666443	0.0056691767	0.1549116666	0.0311777860
1	0.0006187099	0.0000001033	0.0202784551	0.1395025996	0.3401576952	0.0000017183	0.0477391729	0.4220216289	0.0127551975	0.0169247193
0	0.0008785157	0.0000009819	0.0000000002	0.0000000373	0.0175146370	0.0000192989	0.0420492479	0.0006205295	0.0000605399	0.9388562117
0	0.2904933577	0.0000001978	0.0000660398	0.0016680605	0.1531617490	0.1016902780	0.0733876062	0.3104956472	0.0046842930	0.0643527707
2	0.4786641406	0.0094389831	0.0000000000	0.0317118459	0.0043506457	0.0000028080	0.0637161196	0.3591885025	0.0070974573	0.0458294975
0	0.2201373683	0.0283196335	0.0000000000	0.0024892704	0.0049384034	0.0045613181	0.0237323994	0.3765192250	0.3388980339	0.0004043480
0	0.4505747831	0.1082344050	0.0803764604	0.0168817907	0.0302202737	0.0023148550	0.0049272490	0.0000000000	0.0692111263	0.2372590568
0	0.6510512869	0.0025483950	0.0000169509	0.0042776204	0.0000889465	0.0714122448	0.2076162608	0.0343945086	0.0235183323	0.0050754538
0	0.0096056952	0.0023618352	0.1793517138	0.0866712677	0.0349617895	0.0507851829	0.0493589851	0.0017581307	0.0012752833	0.5838701167
0	0.0010043807	0.0000192398	0.0000000001	0.8615369796	0.0051682523	0.0005628482	0.0051594729	0.0137076601	0.0624073890	0.0504337773
1	0.3064781551	0.0044194375	0.0404637339	0.2543495940	0.1180426050	0.0000000002	0.0359222651	0.1082950060	0.0110767348	0.1209524684
1	0.4426659224	0.0000000001	0.0227797302	0.2890856515	0.1889753374	0.0000000000	0.0313368814	0.0007050131	0.0001035516	0.0243479123
0	0.0064545737	0.0000587171	0.0048590825	0.2836087020	0.3698777905	0.0075904982	0.1496147692	0.1241852429	0.0326532010	0.0210974230
0	0.0302115884	0.0306752231	0.0000089415	0.0286380641	0.0392189204	0.0000000000	0.7890485917	0.0366220265	0.0003254742	0.0452511700
0	0.1132719585	0.2261394651	0.0211576225	0.1772167523	0.1329085740	0.0000000976	0.0000004368	0.0672430616	0.2082526950	0.0538093367
1	0.0433530831	0.0145214071	0.0404082135	0.0390446668	0.1055053932	0.0000009599	0.0000000144	0.5233664153	0.0211318339	0.2126680126
0	0.0357404505	0.0000566162	0.0007965476	0.6809257513	0.0340265412	0.0011995868	0.0100183747	0.0455470954	0.0346956783	0.1569933580
1	0.0210637428	0.0009434497	0.0031095191	0.2455667899	0.1596975355	0.0029084526	0.0037571129	0.0584477123	0.4994982200	0.0050074653
1	0.2706184461	0.0000012041	0.0014655386	0.1635266993	0.4988751317	0.0000000930	0.0010714145	0.0644327548	0.0000087178	0.0000000000
1	0.0004948519	0.0018337804	0.0205777017	0.1661231683	0.1232408352	0.0000000064	0.0013201862	0.6340233295	0.0021012739	0.0502848665
1	0.0062699314	0.0243433334	0.0027048593	0.2885108590	0.1930017982	0.0002786382	0.0841063500	0.3752712914	0.0144319199	0.0110810192
0	0.1579251769	0.0000000188	0.0001270241	0.0232237899	0.4049625288	0.0019464541	0.1272477307	0.0412922141	0.0332581174	0.2100169452
1	0.0450968713	0.0000002913	0.2441596200	0.0349357876	0.2617950973	0.0602855598	0.0279744144	0.0711810703	0.0006630706	0.2539082173
0	0.0000002350	0.0054172208	0.0000000261	0.1104187824	0.2255577673	0.1302889088	0.1810058614	0.1170314434	0.0000000000	0.2302797547
1	0.7410403888	0.0265078309	0.0012479324	0.0566501996	0.0190514842	0.0000000091	0.0000025518	0.1497698826	0.0005747940	0.0051549266
0	0.0481444527	0.1647005796	0.0000001476	0.0291571603	0.0748967190	0.1382064616	0.3775967898	0.0082070200	0.0110933648	0.1479973045
0	0.1190903624	0.0001540724	0.0000000000	0.0023070597	0.0845925178	0.0044517113	0.3003925629	0.0960894019	0.1532401010	0.2396822106
1	0.1038956972	0.0421374605	0.0000000000	0.4212729876	0.2453895748	0.0441247634	0.0006571720	0.0028045861	0.1298059478	0.0099118106
0	0.1228840908	0.1831506018	0.4182857436	0.0004707510	0.1140074209	0.0341005160	0.0000000299	0.0021799746	0.0945408394	0.0303800320
1	0.0512761719	0.0091273133	0.0000000013	0.8717788366	0.0131606878	0.0040311002	0.0463328129	0.0004036860	0.0034612868	0.0004281031
0	0.7936609817	0.0929513194	0.0019775358	0.0603373894	0.0019905840	0.0000378712	0.0074977247	0.0000000000	0.0264234608	0.0151231331
0	0.2887879805	0.2213974012	0.0060349933	0.0914918288	0.0732146008	0.0435162736	0.2442634154	0.0108198420	0.0144967184	0.0059769461
1	0.1325541849	0.3484884790	0.0281410694	0.1737280372	0.0700007407	0.0000000000	0.0000298075	0.2270946590	0.0015100000	0.0184530223
