1	0.0000000000	0.0000019878	0.0000214163	0.0071187073	0.0004167207	0.2091563099	0.0682363160	0.3032066197	0.0720938491	0.3397480731
0	0.0054295713	0.1052957801	0.1004248797	0.0209914057	0.0001028496	0.5476251888	0.0361508679	0.0163594150	0.1514086213	0.0162114208
0	0.0255165984	0.5078394731	0.0204829867	0.0000000000	0.0124992887	0.2202725413	0.0109012528	0.0021771495	0.1948698979	0.0054408115
1	0.0001664205	0.0000000000	0.0000916502	0.3458905064	0.0131145505	0.0168776105	0.2820472223	0.0885209643	0.2532656571	0.0000254182
0	0.1436315794	0.0093036571	0.0413828821	0.0761619569	0.5925347117	0.0007153929	0.0000018328	0.0234555755	0.1070668605	0.0057455511
0	0.0429996692	0.0390404483	0.4324867177	0.1074990409	0.0898682566	0.0000013657	0.1057739765	0.0829446241	0.0591644694	0.0402214317
1	0.0000000000	0.0000310600	0.0536390141	0.0000384217	0.0206032945	0.0708728223	0.0001515073	0.1843344798	0.2589203086	0.4114090919
0	0.0064549916	0.0070604440	0.0459437573	0.0232148359	0.0354796119	0.6068127525	0.0580373446	0.0149853659	0.1934241176	0.0085867786
0	0.0026736405	0.0035794080	0.0050623863	0.0170680798	0.6933121839	0.0020024165	0.0001072599	0.0669622909	0.0372696542	0.1719626800
0	0.0134406389	0.1642702093	0.2092598534	0.0896926761	0.0093634532	0.0181160559	0.3785676633	0.0000000000	0.0990734281	0.0182160218
0	0.0000130535	0.0038705150	0.5772584361	0.0000877234	0.0631812681	0.1107868803	0.0021524768	0.1412215101	0.0987054892	0.0027226474
1	0.0000000002	0.0967951259	0.0184950723	0.2740708227	0.0215319449	0.0723391328	0.3436381043	0.0949313668	0.0042656932	0.0739327371
2	0.0000000000	0.0000000000	0.0000000072	0.0000000000	0.0000115877	0.0901102205	0.1260372809	0.0000040497	0.0479550237	0.7358818302
1	0.0000000000	0.0000001242	0.0438702909	0.0430156617	0.0000000000	0.1649900623	0.3349063878	0.1934017595	0.0675232423	0.1522924713
0	0.0400788236	0.0965075660	0.6537052726	0.1423553858	0.0026450039	0.0263465030	0.0048572121	0.0038416472	0.0027699672	0.0268926185
1	0.0000000000	0.0000001426	0.0000000000	0.0051280257	0.1464132029	0.0591594507	0.0031172411	0.0093649968	0.7765857154	0.0002312248
1	0.0000009084	0.0000000000	0.0055923054	0.1392298311	0.0704223565	0.1160641208	0.1372035521	0.4544816525	0.0025451309	0.0744601423
0	0.0376948240	0.3176500350	0.1696515093	0.0154984060	0.0097906176	0.1694096922	0.0214138470	0.0953135910	0.0000001464	0.1635773315
0	0.0308523676	0.0534893020	0.3431892412	0.1033075766	0.0095831700	0.2022399334	0.0193727727	0.0010476037	0.1178122226	0.1191058103
0	0.0000003461	0.0397004859	0.0561513577	0.0449064030	0.0560926634	0.0003027570	0.0766161526	0.2093405915	0.4567779698	0.0601112729
0	0.0991063961	0.0271337189	0.2383538389	0.0000054032	0.0114802033	0.4359209803	0.1041762691	0.0001281711	0.0836823059	0.0000127132
2	0.0049452706	0.0000459886	0.0000000000	0.0000050029	0.0000000051	0.0000078676	0.0006505841	0.0000022085	0.7931949758	0.2011480968
0	0.1121771019	0.0061067212	0.1897915916	0.1952364639	0.0203564285	0.0186169242	0.1463950098	0.1221241299	0.0536095737	0.1355860553
1	0.0048811788	0.0000092034	0.0305498925	0.0833316749	0.0009301091	0.2372949024	0.0513415377	0.0362261604	0.0027288156	0.5527065253
0	0.0000157204	0.0498019817	0.0119242431	0.0198476001	0.0451597399	0.5065586079	0.0100534599	0.2988104408	0.0557538469	0.0020743593
0	0.0009021513	0.0000000000	0.0000181729	0.0297545242	0.0000688795	0.0009999713	0.0334818669	0.0000000005	0.9299076339	0.0048667995
1	0.0000000000	0.0090157073	0.0038265523	0.0517691092	0.0135054802	0.1233982215	0.0157814043	0.0000465281	0.0002242842	0.7824327130
0	0.0032915023	0.0192939409	0.0139455527	0.0582227573	0.0207164404	0.1784082096	0.0516722975	0.1407837933	0.1426120137	0.3710534923
0	0.0038529589	0.0541031000	0.2243232041	0.0000272389	0.0018185801	0.4966728236	0.1315144787	0.0024360495	0.0852515662	0.0000000000
0	0.0690949777	0.0362670987	0.0980586254	0.0031381956	0.1253284488	0.6416806742	0.0000230525	0.0046332576	0.0076542538	0.0141214158
0	0.0392694282	0.0251125299	0.0650548014	0.8247335075	0.0000000004	0.0145632718	0.0229446097	0.0001422034	0.0081796476	0.0000000000
1	0.0001059308	0.1962600537	0.0223108647	0.0293378805	0.5019678305	0.0456895279	0.0286721472	0.0000070639	0.1755260798	0.0001226209
0	0.1626467472	0.2531302744	0.0035608703	0.0135055771	0.0108493282	0.1901459048	0.1383057770	0.1405562855	0.0851226915	0.0021765441
0	0.0013791829	0.0017582376	0.0203464964	0.0596077628	0.0057577835	0.1501339480	0.3956166566	0.0010669362	0.2665759047	0.0977570912
1	0.0139551396	0.0095769438	0.0000101715	0.0619067898	0.1031764931	0.2503935291	0.0357785773	0.0000345096	0.1862142617	0.3389535845
0	0.0003914070	0.0128284117	0.0029489243	0.0000000002	0.0054044217	0.0491249142	0.0060333154	0.2576920014	0.5483949363	0.1171816678
0	0.0094358766	0.0677796993	0.0130067118	0.0026195905	0.2604001559	0.0005409245	0.0000000000	0.6442126327	0.0000692847	0.0019351239
1	0.0035471647	0.0029148873	0.0000150774	0.1788088461	0.0454692469	0.0884963532	0.2961593979	0.0147174416	0.2992293291	0.0706422557
0	0.0087958135	0.0057964802	0.1514506865	0.0256517052	0.0689647196	0.0327800177	0.2303785775	0.0052156006	0.4675474171	0.0034189821
0	0.0129021571	0.0034834580	0.0002954877	0.6028662964	0.0000296591	0.2183756125	0.0091530122	0.0045253547	0.0391656545	0.1092033079
0	0.1055816114	0.0482368073	0.0233598721	0.0000000000	0.0747869379	0.0285441606	0.2351651443	0.0000000012	0.0013870894	0.4829383759
0	0.0000023889	0.0264162583	0.0659620732	0.0001453467	0.0000020631	0.1942983079	0.0001029278	0.2202985994	0.0030106165	0.4897614182
0	0.0000000000	0.0807905365	0.1622529260	0.0951610989	0.0111021262	0.2414816297	0.0089230008	0.2285239314	0.1356047855	0.0361599649
0	0.0000000000	0.0005932888	0.0582163173	0.1512041532	0.0000022100	0.6847273978	0.0044113525	0.0279206307	0.0215572897	0.0513673599
1	0.0390691041	0.0048156126	0.0660177933	0.0005634353	0.0697185717	0.0629468305	0.1226462629	0.1165867538	0.4370622084	0.0805734275
0	0.0035597398	0.0052827727	0.0068876102	0.0221812854	0.0091610372	0.7311906151	0.0123040774	0.0075826154	0.0061012396	0.1957490072
0	0.0000000000	0.0655096553	0.4083212509	0.0000000000	0.0055112553	0.0017061713	0.0834478774	0.0085585535	0.0036942750	0.4232509614
0	0.0018685948	0.0012293586	0.0063142204	0.0000000000	0.0001487527	0.0993226770	0.0008150849	0.0000000001	0.1612932454	0.7290080660
0	0.0475177582	0.0270104687	0.3618963304	0.2455674087	0.0353125151	0.1669922608	0.0000000168	0.0242373815	0.0124110881	0.0790547718
0	0.1657189401	0.0183227777	0.0222901108	0.1810291186	0.1068204072	0.0348376038	0.0402141469	0.3034653408	0.1149078967	0.0123936574
1	0.0018984460	0.2582729142	0.0004964934	0.0190960882	0.0000218184	0.0093968447	0.1559512653	0.0752919834	0.3023427538	0.1772313926
1	0.1476790641	0.0006041165	0.0000002520	0.0000000000	0.0000000000	0.0050231661	0.3457349202	0.0117136526	0.1677291769	0.3215156517
0	0.0000006921	0.0707641002	0.1923630826	0.0064534947	0.0019979604	0.7217685359	0.0010026907	0.0026376204	0.0004944785	0.0025173444
1	0.0000000548	0.0000000000	0.0002309550	0.0364900305	0.0000000000	0.0669427326	0.0520681189	0.0620446536	0.5756503443	0.2065731103
0	0.0000000000	0.1158281570	0.0155448473	0.2319970145	0.0717359768	0.2047240060	0.0959794746	0.0043436380	0.0371955201	0.2226513657
0	0.0024026443	0.4738293960	0.4847605548	0.0058661984	0.0002378038	0.0211933170	0.0026514011	0.0000043306	0.0090220556	0.0000322985
0	0.0001563897	0.0135539462	0.0167299567	0.0002487278	0.0000000000	0.5592992981	0.0894552464	0.0943669038	0.2013433020	0.0248462292
1	0.0025898562	0.1907754378	0.0000000000	0.0004375895	0.0916877540	0.0000000000	0.0155370937	0.0000000000	0.0007115089	0.6982607600
0	0.0624389832	0.0234028233	0.9076544492	0.0000271512	0.0039492203	0.0000618106	0.0013852326	0.0007841412	0.0000017238	0.0002944646
0	0.0676289145	0.0895686316	0.0406844142	0.0000169928	0.0000000000	0.4084565789	0.2405687826	0.0225221011	0.1303397279	0.0002138565
2	0.0000000000	0.0000000000	0.0000000669	0.0113469467	0.0259712112	0.0000000030	0.9392478779	0.0000000002	0.0161282789	0.0073056153
0	0.0000003348	0.0085601438	0.0011023974	0.0021792006	0.0000187076	0.0880567608	0.2688165599	0.1797402348	0.3011040851	0.1504215753
0	0.0073766763	0.0000168542	0.2684887028	0.0010678929	0.2073744940	0.4050235075	0.0089132383	0.0000000097	0.0973848296	0.0043537947
0	0.6835791710	0.0007119945	0.0334447077	0.0174432346	0.0000138939	0.0004201753	0.0169271127	0.0010222750	0.0006507197	0.2457867155
0	0.0634591771	0.0770289449	0.0430783785	0.3811668537	0.0000406715	0.0100983844	0.0680739899	0.2421792328	0.1118750248	0.0029993426
0	0.0000191157	0.0002546032	0.0008606415	0.9625627829	0.0004573360	0.0008538921	0.0009880398	0.0034982818	0.0006277877	0.0298775193
1	0.0448533826	0.1028307194	0.0319856727	0.0191230446	0.0576534959	0.0250187525	0.2114859044	0.0834333821	0.1001925760	0.3234230697
1	0.0014536932	0.0198214742	0.0319245462	0.0000000000	0.0000040868	0.1813946719	0.1138915939	0.0186347676	0.6100385744	0.0228365919
0	0.0000000182	0.0613498330	0.0598272019	0.6714394270	0.0065987891	0.1261682662	0.0030905021	0.0018015237	0.0697206077	0.0000038311
1	0.0830098972	0.7387217656	0.0012366812	0.1578958632	0.0008234287	0.0000676180	0.0001925362	0.0000230766	0.0081618983	0.0098672352
1	0.0000000249	0.0000000000	0.0007003934	0.0100999323	0.0143954111	0.4082112346	0.0863460261	0.0001005779	0.0011159980	0.4790304018
0	0.0024487224	0.0256604469	0.0379586868	0.1405104582	0.0541495295	0.0402185952	0.0074363279	0.0000953598	0.2112486863	0.4802731871
0	0.0087469401	0.5334844129	0.0902954382	0.2473853281	0.0212552284	0.0372873653	0.0081677989	0.0000000000	0.0238296438	0.0295478441
0	0.1833751321	0.0194694740	0.0003660992	0.1830369374	0.0000594069	0.2831818502	0.0862591620	0.0152861330	0.0266817532	0.2022840519
0	0.0182649641	0.0086776601	0.2612834565	0.0119398914	0.0347398886	0.1485973927	0.1999615016	0.3036983145	0.0062719947	0.0065649359
1	0.0098908012	0.0079091056	0.0369106141	0.0000000000	0.2441404269	0.0006541362	0.2890670616	0.1512168076	0.0866664907	0.1735445560
0	0.0009551328	0.2635911389	0.0000000452	0.0012075651	0.0000115404	0.0000244940	0.3706268322	0.0000000000	0.2048253278	0.1587579235
0	0.0244518343	0.0034886552	0.0096466112	0.0123550094	0.0063853882	0.0095146310	0.2048628028	0.0024988107	0.6976727890	0.0291234682
1	0.0000000040	0.0001555726	0.0012466097	0.0002996364	0.0001960338	0.0084805243	0.0129564881	0.0000000000	0.0000105588	0.9766545723
0	0.0000001207	0.1153711185	0.0229067033	0.4655367256	0.0005688538	0.0000000235	0.0079966863	0.2843838293	0.0490164696	0.0542194694
1	0.1660971131	0.6813604066	0.0000135962	0.0008008912	0.1277644570	0.0036537767	0.0003847954	0.0000000000	0.0079122810	0.0120126828
0	0.0578609641	0.0869162209	0.1662894689	0.0666560215	0.1278159172	0.0316896259	0.0018513133	0.4580290593	0.0000613246	0.0028300843
1	0.0000596411	0.0015459068	0.0025892787	0.0001729755	0.0000000000	0.0563202697	0.5124479736	0.0598060046	0.0406215687	0.3264363813
0	0.3234969004	0.0059863680	0.0587737838	0.0739371058	0.2214893224	0.1825644203	0.0012231561	0.0063878821	0.0029535503	0.1231875108
0	0.0000864762	0.0048903640	0.4550889350	0.0100774823	0.0140650918	0.3347917377	0.1020068406	0.0002848338	0.0492660798	0.0294421587
0	0.0082390109	0.0257994536	0.0550418396	0.0870897059	0.0145863535	0.0886340343	0.0216412757	0.0042551633	0.6475563902	0.0471567729
0	0.3149165218	0.3922002279	0.0000000000	0.0000000002	0.0753879962	0.0461704548	0.1298152599	0.0050963179	0.0204220344	0.0159911869
0	0.0067019222	0.0815821477	0.0000179240	0.4117148383	0.0198177875	0.0497895563	0.0000000000	0.0135367879	0.0092997207	0.4075393154
1	0.0000000000	0.0000000022	0.1593351168	0.0273498123	0.1523947039	0.3061378733	0.0739735193	0.2332556278	0.0475533443	0.0000000000
0	0.0055595993	0.0165455878	0.0155113472	0.0023290989	0.0162633891	0.7125701848	0.1481348552	0.0000001257	0.0004768217	0.0826089902
1	0.0013710783	0.0058954216	0.0011413356	0.0000000000	0.0864103418	0.1456041221	0.0547833652	0.0000000000	0.0471278276	0.6576665079
2	0.0000035315	0.6630536667	0.0000000000	0.0367180727	0.0000000000	0.0537453848	0.0132920790	0.0180268201	0.0068869484	0.2082734967
1	0.0972426965	0.1706671444	0.0058725668	0.0000020467	0.0000000206	0.3673921356	0.0223901918	0.0083158883	0.1654069347	0.1627103746
0	0.0000017421	0.0916332881	0.1258445208	0.0367968803	0.0115166190	0.5953849340	0.0062629655	0.0482016039	0.0691327969	0.0152246494
0	0.0000000000	0.0007511270	0.0000000000	0.1504512093	0.0757281310	0.5073186714	0.0000000000	0.0347342211	0.2250712997	0.0059453406
1	0.2417075500	0.0738957538	0.0000000000	0.0766798692	0.0000000023	0.0000000001	0.0055759319	0.0000524660	0.0000000707	0.6020883560
1	0.0273796510	0.0019893227	0.2066465889	0.0084211854	0.0031088391	0.0407974407	0.0091282284	0.0000000000	0.0135679772	0.6889607666
1	0.0491243771	0.3019941859	0.1216422467	0.0000000000	0.1430570427	0.1390025924	0.0475609303	0.0000000000	0.0342990219	0.1633196030
0	0.0008031211	0.2273299997	0.2332384066	0.0151795908	0.1556409611	0.3603676688	0.0071266230	0.0003135930	0.0000000359	0.0000000000
1	0.0000000000	0.0372081217	0.0000001057	0.4357624475	0.0180571875	0.3615050222	0.0000727734	0.1019419458	0.0155931369	0.0298592594
1	0.0002155827	0.0262139053	0.0258041796	0.5360568304	0.0681270870	0.0000501123	0.0615502719	0.0002926417	0.0819148847	0.1997745043
0	0.0000004550	0.0822516420	0.2162334616	0.0000037151	0.0000068339	0.0047852493	0.0189510310	0.0012462497	0.3666572891	0.3098640733
0	0.0069444290	0.0499479947	0.0068727917	0.2077358442	0.0000000000	0.3761642325	0.0076697090	0.1269562584	0.1802401371	0.0374686034
1	0.0058115205	0.0135588298	0.0133664917	0.0224030143	0.0000102266	0.0046357442	0.1179206806	0.0022493564	0.0382090920	0.7818350440
0	0.0004122366	0.0000001330	0.6639428577	0.0001600089	0.0399388825	0.1157853960	0.0071044445	0.0212040292	0.1395350520	0.0119169596
1	0.0000000000	0.0300310500	0.0000253919	0.0000028431	0.0370157062	0.7456899330	0.1728262781	0.0001362424	0.0140381122	0.0002344432
0	0.0678614552	0.0135489871	0.0123410814	0.0000024033	0.0272404866	0.0467120632	0.0060769436	0.4192661789	0.0590301469	0.3479202538
0	0.0000003172	0.0387264314	0.2555774472	0.0015906447	0.0839527454	0.2393367560	0.0309645890	0.0129311692	0.3339992276	0.0029206724
1	0.0000003776	0.0000000000	0.0000000000	0.0000000000	0.1832130239	0.5334644720	0.1261045050	0.0000004476	0.1544726410	0.0027445330
0	0.0000032986	0.0274222326	0.0648771357	0.0226839818	0.1400460716	0.0970006552	0.2165130254	0.0089695565	0.4214728451	0.0010111973
0	0.0249734796	0.0867953088	0.0000000000	0.0094171313	0.0013514275	0.7041121134	0.0001626007	0.0074469068	0.0232300684	0.1425109635
0	0.0046956199	0.0091659966	0.0093103363	0.0000000882	0.0165994425	0.0105095802	0.4301032104	0.4726211341	0.0469788326	0.0000157591
0	0.1882506344	0.0646862605	0.0179441975	0.0692675985	0.0000003065	0.0733921618	0.0000000221	0.5740833948	0.0070644589	0.0053109650
0	0.0000098594	0.0000000000	0.0017507130	0.2967394354	0.0038954625	0.2978541282	0.1515502802	0.2481998752	0.0000000846	0.0000001616
2	0.0000000000	0.0000181995	0.2269475927	0.0593583806	0.3922340432	0.0008261998	0.0000000000	0.0000000002	0.2872370054	0.0333785786
0	0.1529556753	0.0713889782	0.0936613325	0.0645868132	0.1021871403	0.1468057991	0.0733977416	0.0613862558	0.2336302639	0.0000000000
0	0.0026566256	0.0012469862	0.0000165790	0.3778629505	0.0059955506	0.0009106839	0.0126386662	0.1283855569	0.0037911491	0.4664952520
1	0.0000000000	0.0156742247	0.0000455925	0.0005383115	0.0395023690	0.0263647807	0.0858460299	0.0449729891	0.0029601080	0.7840955948
0	0.0007396829	0.0066379297	0.0905592471	0.0843734416	0.0019023366	0.2697590004	0.0694475916	0.2667072408	0.0834719999	0.1264015293
0	0.1170383991	0.0813511705	0.0467273289	0.1729117068	0.0251588102	0.0034226264	0.0822954830	0.4646509347	0.0000457713	0.0063977691
0	0.0113636043	0.1250782148	0.0000000021	0.5265671149	0.0214940533	0.0246893179	0.1825982699	0.0070279351	0.0350213853	0.0661601024
0	0.0000000000	0.0000000001	0.2501374239	0.3171846779	0.0000295084	0.0006073452	0.0722283296	0.0602121353	0.0752648867	0.2243356929
0	0.0363985315	0.0000332037	0.0064212519	0.0401350206	0.0633559384	0.0170582365	0.0258296182	0.1552429205	0.4967641759	0.1587611028
1	0.0000024523	0.0022233431	0.0043304881	0.0000000000	0.2382234749	0.5653898983	0.1341720347	0.0002135719	0.0554088560	0.0000358807
0	0.0000582481	0.0044285251	0.0021567620	0.1412385432	0.2577322965	0.4020071351	0.0130745233	0.0255249585	0.0726222469	0.0811567613
0	0.0000004241	0.0002467236	0.0171078674	0.0005497410	0.0468309689	0.0778982987	0.5681211024	0.0031120384	0.2860746103	0.0000582252
1	0.0000000033	0.0044829094	0.0648703110	0.1526841435	0.3272284980	0.0131107278	0.0425570866	0.0005794397	0.1864868315	0.2080000491
0	0.3923697261	0.0001072249	0.0005206560	0.0385499746	0.0009779815	0.0039020083	0.2082878779	0.0759208734	0.2793634622	0.0000002151
0	0.1575123179	0.1387408570	0.1712802959	0.0009918826	0.0852566556	0.2667485149	0.0915373971	0.0000000157	0.0159563992	0.0719756641
1	0.0076498715	0.0007598791	0.0496350241	0.1645519950	0.3838654781	0.0215324171	0.0204123280	0.0017759211	0.0373665497	0.3124505363
0	0.0456339767	0.0038072838	0.2425663403	0.0111933712	0.0409992358	0.1106248959	0.1265707618	0.0482381863	0.3698711552	0.0004947931
1	0.0802899392	0.0014024320	0.0000266401	0.2186986340	0.1036119932	0.1019716356	0.0037186059	0.0000000003	0.4296234211	0.0606566987
1	0.0000546459	0.0000007172	0.0000000000	0.0192340140	0.0011854414	0.4851559646	0.0134399559	0.0009784227	0.0869627260	0.3929881122
1	0.0000000000	0.0957674480	0.0000000000	0.0047912661	0.0000000000	0.0416645147	0.0363893996	0.0017587606	0.0721321133	0.7474964977
0	0.0108237662	0.0000351844	0.4547446847	0.0140819007	0.0026724600	0.0000445453	0.2098731893	0.1864208975	0.0390762680	0.0822271040
0	0.0000578926	0.1545729924	0.0000000000	0.0000018888	0.3445881848	0.2529570135	0.2160498430	0.0001196952	0.0005243814	0.0311281083
1	0.0026888373	0.0627157085	0.0000000000	0.0118724882	0.2334182719	0.3382102252	0.0206969306	0.0299991163	0.0000000001	0.3003984219
1	0.0000000612	0.0004884123	0.0000777897	0.0000712317	0.0000000000	0.6646334517	0.2846273352	0.0013747297	0.0384861672	0.0102408213
0	0.0000000010	0.0000603317	0.0000773752	0.0909745578	0.0067891039	0.6130002418	0.0030382399	0.0004413932	0.0371392337	0.2484795219
1	0.0000000000	0.0000041755	0.0000000000	0.0000116686	0.0007795670	0.0122388236	0.0000003327	0.7963931593	0.0822489250	0.1083233483
1	0.0120848590	0.0000000000	0.0000006679	0.0029192359	0.7197233316	0.0000001426	0.0258959735	0.1627208198	0.0736237698	0.0030311998
1	0.0318509223	0.0000030978	0.0000000732	0.0006736455	0.0026533001	0.0435099551	0.0347595161	0.0010453356	0.1160753318	0.7694288225
1	0.0000000000	0.0000000083	0.0707448520	0.5081887132	0.1211109843	0.0418443789	0.0013015686	0.0850296775	0.0434268515	0.1283529657
0	0.0532059411	0.0000510885	0.0195668472	0.0131721288	0.0130652168	0.5129068131	0.0380281385	0.0157126494	0.1758400180	0.1584511586
0	0.0170244450	0.2124728159	0.0712950123	0.1695825741	0.0017049022	0.1493913567	0.0020274959	0.0572642121	0.2897086160	0.0295285698
1	0.4999435327	0.0000087806	0.0000000127	0.1313097968	0.0000000106	0.1614383706	0.0925922152	0.0571920229	0.0000000000	0.0575152580
1	0.0000517051	0.0958863570	0.0000001361	0.1593667639	0.0000000000	0.3714941194	0.0054644992	0.1675490419	0.0497586167	0.1504287609
0	0.0040485762	0.3052662393	0.1543176130	0.0212090198	0.0000010197	0.1342067503	0.0103464699	0.2013582763	0.0000019594	0.1692440761
1	0.0510078897	0.0044618986	0.2275119372	0.0000844725	0.0725255113	0.0662483203	0.0711291141	0.0000750494	0.0363509540	0.4706048529
1	0.0425110598	0.0425424036	0.0000000001	0.0023120112	0.0383923194	0.1303137265	0.0666752540	0.0000000007	0.5271377290	0.1501154956
0	0.0256068863	0.0465914254	0.0000000000	0.1162829581	0.0048405822	0.0876420823	0.0084013499	0.1922432658	0.4688273065	0.0495641434
0	0.0000185856	0.0589353007	0.0472564382	0.0006972397	0.1241963837	0.3286631214	0.2975496050	0.0004054504	0.0005489784	0.1417288971
0	0.0159459575	0.0000394642	0.5025613224	0.0486712980	0.0004354552	0.0000228472	0.0200270105	0.0087165114	0.2588736650	0.1447064685
0	0.0000000004	0.0000006207	0.0897518323	0.0146410412	0.1806793609	0.5378427735	0.0169013440	0.0000008645	0.1538098962	0.0063722664
0	0.0000107713	0.0455565393	0.0695837575	0.1315382577	0.0026265138	0.0000116626	0.0180525870	0.6049101599	0.1023617411	0.0253480097
0	0.0058256048	0.4637734364	0.3056821234	0.0000000000	0.0002819678	0.1365831948	0.0385047272	0.0362172574	0.0131125319	0.0000191562
0	0.2843464787	0.0128966488	0.0619942684	0.1324319863	0.0027396570	0.2312313738	0.0121023999	0.0000934403	0.1602500949	0.1019136520
0	0.0120164502	0.0007139962	0.0044801281	0.0700523490	0.1417999602	0.1047694359	0.0000896719	0.0095953871	0.0728134929	0.5836691284
0	0.1892983583	0.0585472313	0.1965953130	0.0781816980	0.2169957841	0.0403369332	0.0488916740	0.0516905211	0.0827685111	0.0366939759
1	0.3960257052	0.1076530650	0.0185820157	0.0000000000	0.0912582390	0.0058680683	0.0514507552	0.0000000000	0.1455319502	0.1836302014
0	0.0000030394	0.0001232482	0.1846326830	0.0055990645	0.1360050543	0.3600261843	0.0089802886	0.0794867947	0.1786205799	0.0465230631
0	0.0006683950	0.0464631407	0.1536858499	0.1052653335	0.0033207646	0.0088079173	0.0004589474	0.1898025749	0.4915270766	0.0000000001
0	0.0000025749	0.0024624968	0.0000000001	0.0594775481	0.0004093463	0.1041318807	0.0195416914	0.0440299723	0.2326551485	0.5372893409
1	0.0359580778	0.0062871913	0.0008376410	0.0000018267	0.0153899194	0.6930699044	0.0081649765	0.0218778777	0.0000000018	0.2184125835
1	0.0000000000	0.0000000027	0.0000000000	0.5743268925	0.0000222015	0.0003688181	0.2637131253	0.0000000000	0.0345406572	0.1270283027
0	0.0101698426	0.0531674521	0.0337435825	0.1945544983	0.0436959156	0.2274907363	0.0436171828	0.2734204522	0.0230098880	0.0971304496
1	0.1111044582	0.0009928618	0.0010174441	0.0031348795	0.0062548306	0.0405035408	0.3380695347	0.0055858618	0.0324622303	0.4608743582
1	0.0000010018	0.0000937637	0.0000000418	0.0459825385	0.0991921042	0.0011631858	0.8400636382	0.0000000000	0.0134146155	0.0000891104
1	0.0001609606	0.0147894244	0.0000051617	0.0000666845	0.1281152349	0.0314260297	0.4501120449	0.0685077920	0.2395549417	0.0672617257
1	0.0000000000	0.0000000000	0.0000573667	0.0002202702	0.0092358232	0.0006674230	0.1190656535	0.0017390019	0.0244039023	0.8446105593
0	0.0299918643	0.0256613129	0.3372952865	0.1712266256	0.0000000000	0.0467710317	0.0105533324	0.0667408486	0.2166730488	0.0950866493
1	0.0234448017	0.0198619795	0.0064282127	0.0338585480	0.0083779116	0.4005443752	0.1787123419	0.0018539720	0.0678275068	0.2590903505
1	0.0000000184	0.0463820728	0.0015991441	0.0183567577	0.0142216216	0.0193179850	0.0000000000	0.1055934796	0.6841703212	0.1103585996
0	0.0302277185	0.1209061488	0.0480592673	0.0044161031	0.0027772640	0.5166846750	0.0084337297	0.0489213665	0.0872100629	0.1323636642
0	0.0000721152	0.1453939065	0.0858753330	0.0000004444	0.1983067580	0.1840240238	0.1826211263	0.0082023612	0.0175400066	0.1779639249
0	0.0005932271	0.0973997737	0.4608759984	0.0492277784	0.1275173050	0.0034339191	0.0347212902	0.1463441262	0.0000000388	0.0798865431
1	0.1645100165	0.0000000000	0.0000010355	0.0000003574	0.2299634366	0.1642221899	0.0903720618	0.3213168136	0.0156306659	0.0139834227
0	0.0000000030	0.0870829885	0.0021471066	0.0467968491	0.3460819915	0.1668472155	0.0001099896	0.0395120389	0.0502197606	0.2612020568
0	0.0005089525	0.0097864148	0.0000000001	0.0000000000	0.0000000557	0.8226777601	0.0293743218	0.0000000000	0.1282623526	0.0093901424
1	0.0000356024	0.0034587936	0.0053253632	0.0014104425	0.0053367340	0.0001224217	0.7582028365	0.0511045379	0.1430721124	0.0319311558
0	0.0000000000	0.0007301246	0.6689583967	0.0000009738	0.0016370535	0.2460588895	0.0104021783	0.0005680625	0.0160344969	0.0556098242
0	0.0029057830	0.0000543246	0.0979841606	0.1810631433	0.0000042721	0.0779599621	0.0103520698	0.0044009217	0.0551741299	0.5701012330
0	0.0000177386	0.0194857054	0.1049065337	0.2542119097	0.0020390051	0.0271262478	0.0014895725	0.0000000000	0.4999806249	0.0907426623
0	0.0000003511	0.0010489243	0.4211222538	0.2907305532	0.0095139087	0.0147036150	0.0571161829	0.0658792519	0.1141594315	0.0257255275
0	0.0248321108	0.0031610804	0.2741689558	0.1485525632	0.2539447639	0.0134957140	0.0099347005	0.0202697973	0.2515645792	0.0000757347
1	0.0240147752	0.0051858603	0.1284963699	0.3004964624	0.0916792195	0.1375881308	0.2134740067	0.0000000025	0.0937684673	0.0052967054
0	0.0000106350	0.5351605023	0.0974613547	0.0013831715	0.0000000000	0.3497723790	0.0000000002	0.0085935532	0.0001704905	0.0074479135
1	0.0000000000	0.0025143018	0.0154242684	0.0304879262	0.0014396429	0.0414261779	0.0309454247	0.1814558964	0.0573793702	0.6389269915
0	0.0028760669	0.0053986799	0.0010357302	0.0000000127	0.0000000000	0.0103599281	0.0006300361	0.0000003446	0.9436328404	0.0360663611
1	0.0006634622	0.1154444771	0.0057386847	0.0000000790	0.0426788013	0.0879626222	0.0300522631	0.0000000000	0.1374001480	0.5800594624
0	0.0000098175	0.0002765012	0.5514382678	0.0023597039	0.1027315547	0.2124671780	0.0609904750	0.0000000000	0.0018822942	0.0678442076
0	0.0005487061	0.0000000000	0.1821894746	0.0027657673	0.0000000000	0.0595390754	0.2028708284	0.0263124642	0.4134180055	0.1123556785
0	0.0053760193	0.5273409570	0.3345531556	0.0026945185	0.0000025695	0.0000002564	0.0000670515	0.0008831821	0.0754130042	0.0536692860
1	0.2491262742	0.0005440532	0.2995928449	0.0472374042	0.0001019363	0.1536947388	0.0000061227	0.0204551137	0.2292404088	0.0000011032
0	0.0000000046	0.0200573866	0.1273008048	0.1125444497	0.0268164722	0.1390805426	0.0908189682	0.3435397704	0.1082423909	0.0315992099
0	0.0034126434	0.0680527804	0.0729051539	0.1286908371	0.4358105598	0.2505254897	0.0018463000	0.0307284240	0.0071808154	0.0008469964
1	0.0016067134	0.0085888619	0.0030611164	0.0739758590	0.0415481224	0.0000025396	0.0197590296	0.0560418650	0.7925783396	0.0028375531
1	0.0000014209	0.0012952002	0.1358981172	0.0000000000	0.0000000000	0.0718018530	0.4252975657	0.0000001672	0.3401139907	0.0255916851
0	0.0225882118	0.0511179282	0.0541259405	0.0188388805	0.4740220110	0.3152291866	0.0000000747	0.0047199765	0.0019490163	0.0574087738
1	0.0010412549	0.0000000000	0.0010424148	0.0003393926	0.0172560070	0.1360813290	0.1982724392	0.0401937398	0.4325532188	0.1732202039
0	0.0115436380	0.0006815939	0.1234311461	0.5038895255	0.0268581417	0.0001307928	0.0176866932	0.0614039694	0.2520042799	0.0023702194
0	0.0000000065	0.3867490446	0.0080959818	0.0001688250	0.2685404519	0.1136249158	0.0308120441	0.1855908796	0.0064178196	0.0000000313
0	0.0013488866	0.0155389166	0.0000000000	0.0107365957	0.4677078397	0.1390007669	0.0466610524	0.0059726802	0.1955965275	0.1174367345
0	0.0002252209	0.0000652575	0.0025429253	0.0041947871	0.0312611726	0.9123969897	0.0035467660	0.0051417238	0.0178655216	0.0227596355
0	0.0007440298	0.0931972935	0.0008032634	0.0188101198	0.0674315332	0.3547383579	0.0797298133	0.3474695192	0.0342270738	0.0028489962
1	0.0279406624	0.3003699779	0.0002026399	0.2628819939	0.0000002229	0.0000000000	0.1125212427	0.0000000000	0.1342597376	0.1618235227
0	0.0000000000	0.2423949913	0.0365268354	0.0135642865	0.0000252373	0.0488861728	0.1415288017	0.1972149709	0.3198586486	0.0000000556
0	0.0996542098	0.0000000000	0.0083803700	0.1547351993	0.0641585586	0.0729598525	0.1527629656	0.1548256184	0.0389475930	0.2535756328
0	0.0000849624	0.2601847406	0.0005601200	0.0521303528	0.1239397334	0.3657971914	0.0215685462	0.0036039925	0.0204926064	0.1516377543
0	0.0271108925	0.0936724291	0.0000029133	0.0008953517	0.0000704989	0.0077456061	0.0000000000	0.0239738941	0.5192907175	0.3272376969
1	0.0167413333	0.0000000004	0.0000000000	0.0042817328	0.0687553528	0.0218668249	0.0123566278	0.0614070488	0.0308490993	0.7837419799
0	0.0000005442	0.0000003055	0.0000063139	0.0645311582	0.0006419668	0.0412210700	0.3684430372	0.0971068116	0.3861504935	0.0418982991
0	0.0000001765	0.0064698518	0.0113319343	0.0001920673	0.0021282069	0.0359510121	0.9053054360	0.0000000000	0.0008767998	0.0377445154
2	0.0001030684	0.0000000000	0.0000000041	0.0000000004	0.5375973905	0.2338637683	0.0000003553	0.0000000000	0.1111013874	0.1173340256
1	0.0285365447	0.0099397420	0.0000000000	0.0127116021	0.0328290744	0.0185446385	0.0756135363	0.0000000000	0.6526912813	0.1691335806
0	0.0000143753	0.3031894032	0.2399823341	0.0834459319	0.0023262399	0.2930076321	0.0107849335	0.0003073446	0.0336715928	0.0332702127
0	0.0000999756	0.4474998103	0.1149178969	0.3087773139	0.0457732139	0.0167438869	0.0179392459	0.0000027200	0.0319308257	0.0163151108
0	0.0085143419	0.1005026427	0.0952280057	0.1437039830	0.0355829535	0.1678866449	0.0001723972	0.4121902359	0.0223233999	0.0138953953
0	0.0556476700	0.5517393136	0.0413204483	0.1165848312	0.0000000000	0.0697822578	0.0040373504	0.0037603222	0.0198147260	0.1373130805
0	0.0655101823	0.1640130435	0.2980742860	0.0868999082	0.0000069578	0.0000001356	0.0858065484	0.0004845875	0.0000000284	0.2992043223
1	0.0000009390	0.0024441861	0.0009310529	0.0176870383	0.0004491042	0.0002248371	0.0008075343	0.0288540620	0.9472238182	0.0013774280
0	0.0874111685	0.4502000501	0.0000020892	0.2172816193	0.0162800597	0.1191928765	0.0867754107	0.0009854725	0.0188790912	0.0029921623
1	0.0001621794	0.0001301347	0.0110091817	0.0000000000	0.0077292215	0.0939779370	0.8283458255	0.0294690162	0.0000563504	0.0291201538
2	0.0644825076	0.0709201683	0.0000009206	0.0000744336	0.0000000000	0.4073176085	0.0147410403	0.0000000036	0.0170588873	0.4254044303
2	0.0000006271	0.0017637969	0.0000000000	0.0023838499	0.0089869046	0.0051117704	0.0351262854	0.0100953286	0.1931139908	0.7434174463
0	0.0000535938	0.0954100377	0.0194654577	0.0064765205	0.0000365434	0.3472917812	0.0047630677	0.0142647112	0.0230311985	0.4892070884
1	0.0000000000	0.0161379161	0.0000000000	0.0415228982	0.0000002840	0.6465572133	0.0444119892	0.0066617253	0.0117574081	0.2329505659
1	0.0000000000	0.0000000000	0.0000000000	0.2964520292	0.2302789395	0.1235242391	0.0000010463	0.0000000000	0.0843978656	0.2653458803
0	0.0029835454	0.0823701927	0.5661389459	0.1009653598	0.0062204351	0.0326374253	0.0465378335	0.1615991655	0.0003944638	0.0001526332
1	0.0011538299	0.0095320128	0.0000000000	0.7892172717	0.0193601841	0.0702158018	0.0609234306	0.0000033851	0.0000000000	0.0495940840
1	0.0000110064	0.0009680565	0.0006330231	0.0004693836	0.0000687255	0.0155426807	0.2708728949	0.0838924558	0.2543234683	0.3732183052
1	0.0363498527	0.0000029633	0.0141719545	0.0026558655	0.0095343664	0.9311422648	0.0005219431	0.0001558570	0.0000024877	0.0054624450
0	0.0579754023	0.3925876427	0.0013060069	0.1025440720	0.0000015253	0.0114057871	0.0497511721	0.0090897683	0.2521621401	0.1231764833
0	0.0582283626	0.0102949261	0.0786949587	0.0000000000	0.0197637548	0.2606295594	0.2298245091	0.2909871396	0.0033080261	0.0482687636
0	0.0596597639	0.0603909905	0.4291872469	0.0216254502	0.0076147723	0.0901980717	0.1483436348	0.0794545252	0.0349161390	0.0686094055
0	0.0355523067	0.4402206668	0.0000000000	0.0031416239	0.0090729961	0.1167236591	0.0000006334	0.3892424011	0.0046695047	0.0013762082
0	0.0011086022	0.0000000000	0.1077610560	0.0000944319	0.0620092753	0.2467010436	0.0964409730	0.0635113528	0.1860147713	0.2363584939
0	0.0047894184	0.0135636476	0.0000220627	0.0467698095	0.0008074123	0.0009840062	0.7655951894	0.0061068960	0.1608357646	0.0005257934
0	0.0034967103	0.0734205382	0.0328786053	0.0072002681	0.0349096008	0.0908722796	0.0487315089	0.4571315798	0.0180104613	0.2333484477
1	0.0213661617	0.0577823540	0.0004712707	0.0350801758	0.0000000000	0.2833468123	0.1763418641	0.0826461560	0.3233956376	0.0195695677
1	0.0000000000	0.0000038962	0.0239775242	0.0096484418	0.0377423970	0.0005964026	0.0507229062	0.2700357256	0.0104963078	0.5967763987
0	0.1460786011	0.0037336541	0.1053699279	0.1607723068	0.0871315406	0.0216995196	0.0062566908	0.0191403882	0.0367527655	0.4130646054
1	0.0037076862	0.0065870482	0.0233952246	0.3807210508	0.0362521237	0.0000000032	0.3879341561	0.0120545863	0.0628681441	0.0864799768
0	0.0000037246	0.1676979485	0.0009610833	0.0008992174	0.0083577311	0.5964050471	0.0214518640	0.0264507191	0.0000127434	0.1777599215
0	0.0008240803	0.0000000000	0.0045736385	0.7685407352	0.0497731252	0.0645329905	0.0455495739	0.0000000391	0.0163199784	0.0498858389
1	0.0000015964	0.0000000000	0.0454154081	0.0000003788	0.0702380214	0.0001173394	0.5469287765	0.0121314191	0.2513225518	0.0738445086
0	0.0634523116	0.0115015798	0.0011427649	0.0323867477	0.0363133853	0.0015654362	0.0192734651	0.0104880501	0.8192875324	0.0045887269
0	0.0023071884	0.1255408676	0.0000000058	0.0000000000	0.8386924356	0.0139110316	0.0107475494	0.0086041279	0.0000000076	0.0001967861
0	0.0046878440	0.0000000152	0.0479650863	0.0626971470	0.0132153982	0.0867958523	0.0045148793	0.0507555780	0.0007999543	0.7285682454
0	0.3259786986	0.1836743182	0.2280711597	0.0033594465	0.0135853360	0.1830684450	0.0074711672	0.0274986758	0.0068411986	0.0204515545
0	0.0514166623	0.0665366819	0.0410355332	0.0566723774	0.0106345604	0.1140846378	0.2308176624	0.3723345983	0.0387704360	0.0176968504
0	0.0000106447	0.0088182650	0.0019438029	0.1606445055	0.1569644604	0.0826344893	0.1668686414	0.2015551002	0.1402205676	0.0803395229
1	0.0796915888	0.0000550181	0.0998078812	0.3498712225	0.1025968258	0.0464579861	0.0012862852	0.1161074670	0.2041171613	0.0000085640
0	0.3907216300	0.0112135398	0.0130461269	0.0029602539	0.0341390305	0.0193345897	0.0422996308	0.0007887991	0.1688525955	0.3166438038
0	0.0000007521	0.0064609471	0.0376283770	0.2546644739	0.0013715846	0.3711886846	0.0000001056	0.0206001845	0.2312757091	0.0768091815
2	0.0129941437	0.0140935853	0.0000000000	0.0000000000	0.0000045674	0.0035356599	0.0034057824	0.1109825730	0.0708759272	0.7841077611
0	0.0020902962	0.4729276692	0.0792168656	0.1709371398	0.1038454879	0.0872986734	0.0326376561	0.0066072109	0.0425607478	0.0018782531
0	0.0440679696	0.1903480281	0.0016855561	0.2212773900	0.0436918446	0.0998939295	0.0450616300	0.0000700373	0.0248102186	0.3290933963
1	0.0000008144	0.0000000000	0.0000000000	0.2281005117	0.0053004218	0.1798030508	0.4363679323	0.0000012362	0.1334653869	0.0169606460
0	0.0000005909	0.1248492391	0.0029099743	0.0221267897	0.0004584741	0.0059825212	0.1373648410	0.0002446043	0.3869058906	0.3191570749
0	0.1149055511	0.0073767787	0.0292405330	0.0050151413	0.0052525580	0.6123656311	0.0000003776	0.0025807417	0.0207240461	0.2025386414
1	0.0165966681	0.0000027682	0.0675468126	0.1820948814	0.0000000001	0.0000023164	0.1967084083	0.0693472470	0.3428561172	0.1248447807
0	0.0832112184	0.0519369116	0.1207996834	0.0311339080	0.3300150003	0.0660448529	0.0000496201	0.0002578767	0.3164633193	0.0000876092
0	0.1647914037	0.0001947159	0.1552337194	0.0309841360	0.0124437438	0.3526825216	0.0000008514	0.0781472232	0.0000000000	0.2055216851
0	0.0677935942	0.0731359087	0.0000001024	0.0000023366	0.0000000010	0.5443647418	0.0020571425	0.0755525398	0.1662179025	0.0708757305
0	0.0061595626	0.1708348844	0.0597831469	0.4405671627	0.1401119691	0.0100529923	0.0586705019	0.0001222166	0.0976760343	0.0160215292
0	0.0835307666	0.0002201578	0.0032094826	0.0000009528	0.0049589322	0.7183457582	0.0254756411	0.1158155175	0.0385173558	0.0099254355
0	0.0096899496	0.0040099432	0.0115279623	0.1816020023	0.0716321264	0.1425659894	0.0084357388	0.0275735165	0.5429580824	0.0000046890
0	0.0000000000	0.0287414128	0.0398853639	0.0016060530	0.0157656212	0.1479476274	0.0269274559	0.0210443971	0.7180820630	0.0000000056
0	0.0587846224	0.0490027621	0.0120951243	0.0055354312	0.0078605330	0.0483049363	0.6003835455	0.0821236744	0.1030693626	0.0328400083
1	0.0000649136	0.0795866816	0.0081841683	0.3992360095	0.0000030624	0.0000000000	0.0181823900	0.0365912435	0.4527553981	0.0053961330
0	0.0000000000	0.0000000028	0.0076896900	0.0006379038	0.0000000000	0.0227604232	0.2074169314	0.4265524137	0.2028713061	0.1320713289
1	0.0000000179	0.1885374329	0.0493455319	0.0000000000	0.0505752355	0.2690397790	0.0170561928	0.0000960084	0.3298057509	0.0955440507
1	0.0000000143	0.0001935869	0.0000000018	0.2071004154	0.0415287300	0.4905732014	0.0000000006	0.0115554057	0.0041108070	0.2449378368
2	0.0000000000	0.0000000000	0.0000000000	0.3716451051	0.0228780161	0.0509726519	0.1228013272	0.0026255867	0.3288774237	0.1001998894
1	0.0059189086	0.0691521003	0.0000000000	0.0006386254	0.0373741494	0.0063075900	0.1382729677	0.0000000000	0.1911469883	0.5511886703
1	0.0000000000	0.1648247066	0.0002261625	0.0034770834	0.0026255919	0.0553683304	0.6034979016	0.0011179162	0.1088406809	0.0600216266
0	0.0488080300	0.1258929731	0.0000000019	0.0159587353	0.0423568795	0.1434595432	0.0000000522	0.0695415024	0.4638901666	0.0900921157
0	0.1394055784	0.0540474626	0.0037482604	0.0230704684	0.0229550694	0.6117228679	0.0000003625	0.0181808765	0.1266111841	0.0002578698
0	0.0002683638	0.2187520348	0.0001044183	0.0075508804	0.2514912913	0.0177413436	0.3340044975	0.1227886330	0.0122304621	0.0350680753
0	0.0000000308	0.0456834890	0.0321113046	0.0087409247	0.0144993117	0.5978081719	0.0344099829	0.1239855133	0.1427612711	0.0000000000
0	0.0009821766	0.0000004069	0.0001835578	0.4430081145	0.0000004093	0.2066572965	0.0001550312	0.1489943960	0.1854037794	0.0146148317
1	0.0108454740	0.0107300072	0.0299379742	0.4489591102	0.0003140597	0.0029099300	0.0512684820	0.0000260865	0.0192911185	0.4257177578
1	0.0000000000	0.0002260741	0.0877534537	0.0317183562	0.0336238209	0.0000074601	0.0212715588	0.0000000001	0.7541292445	0.0712700316
0	0.0000000000	0.1509982187	0.0481782654	0.0000000003	0.0006028085	0.0699708748	0.1597032734	0.5152280350	0.0531527514	0.0021657726
0	0.0000000000	0.0000240356	0.0106574039	0.0374429294	0.0126480844	0.6211514936	0.0006521797	0.2148274710	0.0024920398	0.1001043626
0	0.0000005069	0.0941979174	0.0263878138	0.1791481117	0.0000630376	0.4935019944	0.1311767623	0.0103016026	0.0541697085	0.0110525446
0	0.0197294565	0.0128098183	0.0010879059	0.0368644972	0.0001488115	0.3758472421	0.4332618854	0.0645069761	0.0519202223	0.0038231847
0	0.3178109010	0.0000085162	0.1327852353	0.1490815116	0.0618957355	0.1437501498	0.0052267344	0.0374873705	0.1514841939	0.0004696517
0	0.0100535472	0.0436059895	0.0802216078	0.2657922473	0.0367095566	0.4966654421	0.0003468358	0.0108186942	0.0557860795	0.0000000000
0	0.0488247047	0.0075838176	0.4059037308	0.0000000005	0.0778872164	0.0673668623	0.0000168103	0.1937663962	0.1913089901	0.0073414710
0	0.0155227324	0.0045528796	0.0455881488	0.0042759005	0.1398549264	0.6842047284	0.0000000158	0.0000000001	0.0007040149	0.1052966532
0	0.0331860585	0.2025457616	0.0217758690	0.0549656561	0.3863383728	0.1619414492	0.0001958416	0.0044615401	0.0562588706	0.0783305806
1	0.0032806882	0.0128726112	0.0027148576	0.0026212755	0.0181356535	0.0493226765	0.0308065959	0.0000000000	0.1290399645	0.7512056771
0	0.0509330422	0.0020372614	0.0004898219	0.2052361785	0.0001217461	0.3493569588	0.3641691425	0.0000000000	0.0000000000	0.0276558486
0	0.0232954293	0.0588031438	0.1910669781	0.2551422224	0.0346227977	0.1226506016	0.0060094609	0.1044384670	0.1879458312	0.0160250680
1	0.0000580498	0.0000552616	0.0010465514	0.0000000006	0.1216605547	0.6992118360	0.0000005258	0.0007546101	0.0353411748	0.1418714352
0	0.0157485110	0.1198454948	0.0000000032	0.0001376805	0.0027322103	0.0005043368	0.0015318944	0.1058325046	0.0282790524	0.7253883121
2	0.0000002063	0.0015117039	0.0004550164	0.0000000000	0.0283329571	0.0000024893	0.0227469657	0.0000000013	0.0099319619	0.9370186980
0	0.0002801089	0.0000139275	0.0000010680	0.0989479699	0.0172910967	0.2483570063	0.0012880222	0.0000000000	0.4928459013	0.1409748993
1	0.0000000000	0.0342387394	0.0080448805	0.5256793631	0.0291366952	0.0792977281	0.2946633899	0.0117223911	0.0009498107	0.0162670021
0	0.3861504613	0.0594023830	0.0075290240	0.2538126755	0.0000238510	0.0000751028	0.0267171505	0.0000533960	0.0001426123	0.2660933436
0	0.0000000000	0.0005302592	0.0306475409	0.2142805194	0.0000000000	0.2161817435	0.4114566082	0.0017144971	0.0000870195	0.1251018122
