0	0.0593071313	0.0270833788	0.0850602965	0.3139521418	0.5145970515
0	0.7063769012	0.0000054521	0.0728813588	0.0009886757	0.2197476122
0	0.9996558096	0.0000000000	0.0000000002	0.0000000000	0.0003441902
0	0.0000482774	0.0000000000	0.9038186269	0.0001340128	0.0959990829
0	0.3273304568	0.5460126863	0.0266782901	0.0608730626	0.0391055042
0	0.1735377405	0.7391260370	0.0113653439	0.0028456694	0.0731252092
1	0.4273892063	0.0083147821	0.0111777194	0.0690410808	0.4840772115
1	0.9322822619	0.0071587073	0.0190851757	0.0175282076	0.0239456475
2	0.8911064540	0.0317563462	0.0695757035	0.0070627396	0.0004987567
0	0.4789335529	0.4981512099	0.0075404387	0.0033527469	0.0120220515
0	0.7722581091	0.0004539056	0.2190415846	0.0066445830	0.0016018177
1	0.8884302347	0.0094401636	0.0563824579	0.0455706486	0.0001764951
0	0.4058019291	0.4552354959	0.1389625484	0.0000000266	0.0000000000
0	0.0239218071	0.0238125939	0.0269679793	0.8538917896	0.0714058301
1	0.8765842065	0.0222821058	0.0987561010	0.0012448525	0.0011327343
0	0.0005433319	0.1856912050	0.6471366767	0.0000000224	0.1666287640
0	0.6858424767	0.0390549654	0.2726228368	0.0000069670	0.0024727541
0	0.0012479228	0.9452078804	0.0010718705	0.0000004545	0.0524718719
0	0.7479221121	0.0425213692	0.0929220672	0.0211344175	0.0955000340
0	0.0810496714	0.4863268484	0.3747321769	0.0008933022	0.0569980011
0	0.6171045882	0.1790332790	0.0018089785	0.0899852698	0.1120678846
0	0.0000131502	0.0499528174	0.0398573623	0.9101762651	0.0000004049
1	0.8846031305	0.0584268450	0.0480914310	0.0088785935	0.0000000000
0	0.2927334540	0.0273536443	0.0048083099	0.6750913361	0.0000132557
0	0.3783791999	0.0012470717	0.4782371556	0.1320204705	0.0101161023
0	0.3679198360	0.0013514955	0.5958716809	0.0048250800	0.0300319076
1	0.0103708520	0.0000000000	0.7539463347	0.0000000000	0.2356828133
1	0.4269329629	0.0677316767	0.4229129002	0.0720988442	0.0103236160
0	0.1700974351	0.0212844477	0.5593671491	0.2489258015	0.0003251665
0	0.0011648392	0.3871959434	0.1191759312	0.0004359916	0.4920272946
1	0.0455003735	0.0112649050	0.9432128976	0.0000000727	0.0000217513
2	0.0157781767	0.1767077787	0.3375038594	0.1977779400	0.2722322452
1	0.0000000040	0.1645915393	0.4576364808	0.1375043629	0.2402676130
0	0.3238405641	0.0539214284	0.6168959191	0.0043420299	0.0010000585
0	0.4085667680	0.0045484626	0.0001629152	0.4499995273	0.1367223269
2	0.8816433334	0.0239956485	0.0943610177	0.0000000000	0.0000000004
0	0.0946384666	0.0007253267	0.0123359776	0.8205822179	0.0717180112
0	0.0072090324	0.6496885761	0.0546428335	0.2884595579	0.0000000001
1	0.7708126041	0.0159509874	0.2127925613	0.0000000000	0.0004438473
1	0.0596704846	0.0176944345	0.0772925772	0.0000000000	0.8453425036
0	0.0000000068	0.0795171470	0.2853982676	0.2007806650	0.4343039136
0	0.1949909242	0.0115399278	0.7743068186	0.0048143100	0.0143480194
2	0.0036930407	0.0000074264	0.2587401304	0.6343478519	0.1032115506
1	0.9950454576	0.0044077297	0.0004393967	0.0000005183	0.0001068978
1	0.2051314932	0.0000000000	0.0002669616	0.0000000000	0.7946015452
0	0.1857001666	0.2824120895	0.5315754295	0.0002980019	0.0000143125
0	0.3630660100	0.3779926961	0.0078004204	0.0255168107	0.2256240627
1	0.0000000000	0.0003664877	0.7704605275	0.1655989223	0.0635740626
0	0.3746770179	0.2009789678	0.0547828501	0.0000034250	0.3695577393
0	0.3579247540	0.0000000000	0.4908662920	0.1512087924	0.0000001616
0	0.7351627553	0.1974274899	0.0061316593	0.0498304769	0.0114476186
1	0.1905875992	0.2153446843	0.5742422264	0.0152308104	0.0045946797
1	0.3891461141	0.1229449756	0.4138907015	0.0654717024	0.0085465065
0	0.0022347168	0.0051132969	0.0161373746	0.2090740910	0.7674405206
0	0.3928512102	0.0053952013	0.5578471400	0.0068489840	0.0370574646
0	0.0186850814	0.0000583053	0.9492338949	0.0320227184	0.0000000000
0	0.5333205566	0.0117508798	0.0546692019	0.4002593452	0.0000000165
0	0.9464992743	0.0111877693	0.0354522290	0.0000000000	0.0068607274
1	0.0000000005	0.0000802268	0.2122881629	0.7854209591	0.0022106506
0	0.3742628523	0.5488371129	0.0001072775	0.0000000000	0.0767927573
0	0.8914926858	0.0019207857	0.0000000001	0.0046718161	0.1019147122
1	0.1890646516	0.0084501387	0.0978901942	0.4147743735	0.2898206421
1	0.0540120640	0.0000000000	0.7671660777	0.0013997308	0.1774221274
1	0.0312348329	0.0889091777	0.6382217081	0.0069041051	0.2347301762
0	0.0779238573	0.0131114369	0.1347118963	0.0000000001	0.7742528094
0	0.2466722088	0.4496321901	0.0000066982	0.0000000000	0.3036889029
1	0.9156538591	0.0003548219	0.0764434502	0.0075478688	0.0000000000
0	0.2474857909	0.0000230533	0.2597041842	0.4927862034	0.0000007683
0	0.2777645054	0.2181725896	0.4666604707	0.0374024343	0.0000000000
0	0.2999982813	0.0003508601	0.4545989610	0.2437539836	0.0012979141
0	0.1279246478	0.1461777894	0.5269037421	0.1989937975	0.0000000231
0	0.0811114460	0.0950692530	0.3285815241	0.1561296372	0.3391081397
0	0.2502973931	0.3686093628	0.3797021347	0.0013911094	0.0000000000
0	0.0146521554	0.9259218845	0.0381766922	0.0211897502	0.0000595178
0	0.0281987827	0.1454263604	0.1101165824	0.7162582745	0.0000000000
0	0.2351427733	0.0150079297	0.4442059197	0.0000000000	0.3056433773
0	0.0182286619	0.0000000000	0.8479615257	0.0195378219	0.1142719905
1	0.0021426630	0.0046551622	0.2556016586	0.7376005072	0.0000000090
0	0.2749664374	0.0806052931	0.2658238442	0.0000148633	0.3785895619
1	0.0101499861	0.0000111125	0.5414514596	0.0168475317	0.4315399101
2	0.0930506375	0.0069493318	0.0000000006	0.0000000000	0.9000000300
1	0.8004752875	0.0000000000	0.1833326060	0.0156360403	0.0005560663
0	0.6231562699	0.0879105024	0.1979072682	0.0000005535	0.0910254060
1	0.7998139237	0.1976060752	0.0000059840	0.0019162808	0.0006577363
0	0.3679677721	0.0193877545	0.5122888213	0.1003484561	0.0000071960
1	0.8354486360	0.0000000000	0.0496065737	0.0039643727	0.1109804176
0	0.0067808786	0.0012238302	0.0219632775	0.0000000000	0.9700320136
1	0.0814301839	0.3449792543	0.3437721182	0.2297776594	0.0000407842
0	0.1670241199	0.2825914203	0.4888606048	0.0580146714	0.0035091836
1	0.0577156076	0.0083366373	0.6437019288	0.2901742991	0.0000715272
1	0.2189087015	0.0293469534	0.2422691788	0.3703580127	0.1391171535
1	0.1629130978	0.6938892997	0.1363710672	0.0000031704	0.0068233648
0	0.3762712482	0.0882883612	0.0000022668	0.5354125819	0.0000255419
0	0.0080028502	0.0900089610	0.0529150015	0.6974690768	0.1516041105
0	0.5354671168	0.0037880868	0.4594409747	0.0000000000	0.0013038217
0	0.0020612846	0.1075621797	0.2308381464	0.6595383892	0.0000000000
1	0.9103640950	0.0023606666	0.0857949897	0.0005423186	0.0009379302
0	0.4377977597	0.0092961670	0.4151868207	0.0785718485	0.0591474042
1	0.3993292745	0.0013109043	0.5158244965	0.0000000000	0.0835353247
0	0.0597053631	0.0000000000	0.9315441237	0.0085200551	0.0002304580
