0	0.4689991739	0.0000000000	0.3730552545	0.0379925948	0.1199529767
1	0.0056555704	0.0017008528	0.1330097099	0.8595571019	0.0000767649
1	0.0314686782	0.0011931694	0.9669652017	0.0000000000	0.0003729508
1	0.7319585504	0.0000011023	0.2462546565	0.0000143315	0.0217713593
0	0.2898945287	0.5308278451	0.0006789579	0.1692781725	0.0093204958
1	0.0319559834	0.5529877450	0.0002072678	0.0240812429	0.3907677608
0	0.8459011730	0.0388804588	0.0937145028	0.0158248057	0.0056790597
0	0.3551136955	0.0000151472	0.4610585872	0.0874413334	0.0963712367
1	0.0145913387	0.0000000000	0.9573651151	0.0000000003	0.0280435460
0	0.0161914144	0.0839943180	0.4352450316	0.0000000000	0.4645692360
1	0.7804731522	0.0013067331	0.0000437164	0.0281487919	0.1900276065
0	0.1900419603	0.5392031456	0.0009880045	0.1904046683	0.0793622213
0	0.1663114227	0.3578450393	0.4592871306	0.0160067816	0.0005496258
1	0.1100612140	0.0084299597	0.0032056343	0.0389298793	0.8393733127
1	0.4640143664	0.4432700743	0.0743419974	0.0048709648	0.0135025971
0	0.5781554121	0.0873769365	0.3309024028	0.0035652485	0.0000000002
1	0.7271776972	0.2677426820	0.0037851838	0.0012369568	0.0000574802
1	0.5386422347	0.0270167325	0.2936209770	0.1403234698	0.0003965861
0	0.6957590209	0.0002168699	0.0393563207	0.0698772323	0.1947905562
0	0.3624839842	0.2600338768	0.3713503972	0.0061302088	0.0000015330
0	0.0923338964	0.8349847330	0.0000005291	0.0271640983	0.0455167433
0	0.1992840827	0.4179602906	0.0397723135	0.0002906990	0.3426926142
2	0.5046246586	0.1686110052	0.0017322740	0.3250265622	0.0000054999
1	0.0000619134	0.0000000000	0.9024605438	0.0781523528	0.0193251900
0	0.0589796651	0.0412016282	0.8619734184	0.0378451250	0.0000001633
0	0.6568550105	0.0134294412	0.1076184934	0.2220970549	0.0000000000
1	0.7889715214	0.1999757349	0.0110527437	0.0000000000	0.0000000000
0	0.0736617620	0.0063952214	0.1027852932	0.0330073084	0.7841504150
1	0.0960066207	0.2782850401	0.5343334476	0.0762835756	0.0150913160
1	0.3620815683	0.0004296091	0.2901169381	0.3347859451	0.0125859394
0	0.0019937590	0.0000006360	0.9971636997	0.0008412443	0.0000006609
0	0.0027119277	0.0544306981	0.1051116559	0.0032683467	0.8344773717
0	0.0324851952	0.0036833385	0.0173583886	0.9062502258	0.0402228519
1	0.0434335238	0.0781269061	0.5271186229	0.3513209467	0.0000000005
2	0.3074623392	0.4222678387	0.0507602369	0.0000000006	0.2195095847
0	0.0005115236	0.0156331862	0.9051298675	0.0316607191	0.0470647035
1	0.8101386718	0.0741371643	0.1044418947	0.0008111331	0.0104711361
1	0.1214216108	0.4909950674	0.3539572722	0.0302348947	0.0033911548
0	0.8473029814	0.0329861666	0.1002402597	0.0178683014	0.0016022909
0	0.0067277684	0.0291525487	0.3136492645	0.0046645324	0.6458058861
0	0.0850144010	0.0000001036	0.9114271427	0.0025046553	0.0010536974
1	0.0284813845	0.8720755198	0.0419321256	0.0008592699	0.0566517002
0	0.4321821733	0.4118551437	0.0001098831	0.1537785502	0.0020742497
1	0.3947102266	0.0000002123	0.0546799256	0.0773659452	0.4732436903
0	0.2835385046	0.0140726794	0.6916649326	0.0064786472	0.0042452362
0	0.6913595173	0.0000000000	0.0010386548	0.3076018279	0.0000000000
0	0.9604491302	0.0000492670	0.0086902422	0.0003160848	0.0304952757
0	0.5404846845	0.0251199159	0.0808088559	0.3412492926	0.0123372512
0	0.5373291192	0.0000240810	0.0032733160	0.4587743233	0.0005991604
0	0.9265113515	0.0037219308	0.0072247298	0.0621784982	0.0003634896
0	0.0614250816	0.1646971054	0.4329256166	0.3372356694	0.0037165271
0	0.9425921737	0.0010363842	0.0511221502	0.0043526863	0.0008966055
1	0.6812662020	0.0050469143	0.1907181091	0.1210576610	0.0019111136
0	0.1031472804	0.0635550754	0.2924954890	0.4912974281	0.0495047272
0	0.0079040559	0.0000000000	0.7270618100	0.2649100720	0.0001240621
1	0.5080529953	0.0000029664	0.0784022246	0.0000000000	0.4135418137
1	0.7904268737	0.0499621955	0.0496662448	0.1099445983	0.0000000877
1	0.2778284908	0.0000519309	0.6534258417	0.0000000000	0.0686937365
0	0.0141655472	0.0138031366	0.8830954607	0.0864750555	0.0024608000
1	0.6590387741	0.2431891852	0.0002307119	0.0975413285	0.0000000004
2	0.0116108203	0.0002271725	0.0140310037	0.9741310035	0.0000000000
0	0.0390698880	0.0000000000	0.5868992738	0.0113204272	0.3627104111
0	0.8097709087	0.0811793470	0.0956408420	0.0000000000	0.0134089023
1	0.4535640727	0.0001381844	0.5168044820	0.0000001848	0.0294930761
0	0.3569216070	0.0109873447	0.6300818826	0.0000204085	0.0019887571
0	0.2719874111	0.5562100794	0.1543191052	0.0174721234	0.0000112808
1	0.6004850682	0.0000006223	0.3975128247	0.0001146510	0.0018868338
0	0.1595436282	0.0000000001	0.2351164417	0.6017215566	0.0036183735
2	0.2634858626	0.1885436033	0.1670059467	0.0086244440	0.3723401434
0	0.0386821526	0.0744549661	0.5641031878	0.3226855004	0.0000741931
1	0.6562746676	0.3077682910	0.0266283956	0.0000626373	0.0092660085
0	0.0846472911	0.0000000000	0.8937962268	0.0000001933	0.0215562888
0	0.2043781608	0.0192261781	0.7762966072	0.0000989641	0.0000000897
0	0.0000009987	0.5198813233	0.1865658346	0.2518302998	0.0417215436
0	0.2237377112	0.0197420672	0.0365419316	0.4467478738	0.2732304162
2	0.0191982599	0.0000000012	0.6657520638	0.0010752400	0.3139744351
1	0.0174817863	0.0008036009	0.8312229973	0.0000000000	0.1504916155
0	0.0000000001	0.0004197214	0.7265903348	0.2556584585	0.0173314851
1	0.0036206316	0.0023911768	0.2995145578	0.0216336009	0.6728400329
0	0.0089281988	0.0000584488	0.4189643226	0.5720490298	0.0000000000
0	0.8126982065	0.1276149577	0.0018650353	0.0578218004	0.0000000000
0	0.3228159120	0.1884001933	0.4619145001	0.0101730167	0.0166963778
1	0.8922539210	0.0877796970	0.0047623744	0.0148107143	0.0003932933
1	0.0000196694	0.1824229857	0.6349606536	0.1474482889	0.0351484025
1	0.0301526072	0.1611306147	0.7691549990	0.0039569707	0.0356048084
0	0.8934813941	0.0644240164	0.0352696023	0.0060987412	0.0007262460
0	0.0041329645	0.1745174592	0.1305130179	0.5041472997	0.1866892587
0	0.3366879713	0.0080142713	0.6165893296	0.0338366101	0.0048718178
1	0.2635305091	0.0016936907	0.4450628481	0.2897129521	0.0000000000
0	0.8358365202	0.0001377578	0.1501216966	0.0000296532	0.0138743722
1	0.6951481755	0.0007684526	0.1672030063	0.0267908583	0.1100895073
0	0.0026955799	0.0004704915	0.4656049073	0.0000767858	0.5311522354
0	0.3002179734	0.6117763683	0.0477504834	0.0351142945	0.0051408804
1	0.6220830263	0.0000000550	0.0607492645	0.1764625067	0.1407051474
0	0.2578365968	0.0026751922	0.7121156668	0.0138878097	0.0134847345
1	0.2602339032	0.3320325875	0.3881073039	0.0051327849	0.0144934204
0	0.0442226207	0.0000437337	0.0644838278	0.0738516875	0.8173981303
0	0.1421287361	0.3504423701	0.0000000009	0.4395893371	0.0678395558
2	0.5316479883	0.0017184780	0.3347641228	0.0000000000	0.1318694109
0	0.1938182200	0.0004131776	0.0351899103	0.0561701417	0.7144085504
