0	0.0000000000	0.0022852641	0.9415603084	0.0561544270	0.0000000004
0	0.4388693491	0.0762402844	0.0000000048	0.4848903618	0.0000000000
1	0.0248922665	0.6562566704	0.0648545238	0.2476527077	0.0063438316
1	0.5926646470	0.0000000000	0.3803476068	0.0000053422	0.0269824040
1	0.9279666278	0.0000075665	0.0712735028	0.0003804099	0.0003718930
0	0.2968185434	0.3338844922	0.2289990192	0.0837109028	0.0565870424
1	0.6569873734	0.0000000000	0.2511423012	0.0206379081	0.0712324173
0	0.1180148166	0.5739056774	0.2315083514	0.0655687557	0.0110023989
0	0.0000171520	0.0370918930	0.6928495514	0.2700307717	0.0000106319
0	0.1244976375	0.0809643720	0.7204520048	0.0027811624	0.0713048234
0	0.6409187305	0.2933716845	0.0150644969	0.0056578665	0.0449872215
1	0.0497252834	0.0048300023	0.2468630356	0.6985803152	0.0000013635
0	0.0000000000	0.0000004810	0.7947440435	0.1658127567	0.0394427188
0	0.0488271730	0.0530902966	0.2171857485	0.3488386442	0.3320581376
1	0.0000543854	0.0000000000	0.0262699377	0.2466822780	0.7269933988
1	0.8208810231	0.1137290800	0.0000001023	0.0182059800	0.0471838146
2	0.0402009148	0.0458185017	0.0000005231	0.9076604274	0.0063196330
0	0.1346151585	0.2055157724	0.6598342471	0.0000348219	0.0000000000
1	0.9498089564	0.0034342133	0.0111232396	0.0353003411	0.0003332497
1	0.0058190414	0.1029074508	0.8146884910	0.0764912589	0.0000937579
0	0.5762696814	0.0152619837	0.3771200543	0.0207977617	0.0105505188
1	0.9753568149	0.0041874422	0.0000000177	0.0003275363	0.0201281888
0	0.4830776748	0.3518207024	0.0793696325	0.0002766610	0.0854553292
0	0.0092676787	0.4139691014	0.4062047420	0.1449115127	0.0256469652
0	0.8573643693	0.0000011728	0.0001867758	0.0238642900	0.1185833921
2	0.4495818020	0.0659862647	0.3089864777	0.0000004727	0.1754449830
1	0.1621516535	0.0138123230	0.0000086374	0.4907605798	0.3332668063
1	0.6435672128	0.0021921081	0.3302547919	0.0239858871	0.0000000000
1	0.2571549151	0.4254391957	0.1857791830	0.0021827890	0.1294439172
0	0.1281432265	0.7956221560	0.0023292314	0.0057135945	0.0681917916
1	0.8364679314	0.0092349988	0.0863087978	0.0003228037	0.0676654683
0	0.6314756604	0.0080267262	0.1175905275	0.0006952344	0.2422118515
0	0.0841263085	0.0049326102	0.8195413856	0.0913103474	0.0000893482
0	0.2215147887	0.0000000000	0.1087208734	0.0132930212	0.6564713166
0	0.0905116762	0.0000000000	0.0035396381	0.8017276739	0.1042210118
0	0.5271178403	0.0010395225	0.0084974392	0.3365146023	0.1268305956
0	0.1609383851	0.0115795877	0.6841029021	0.0047589204	0.1386202048
0	0.6333183005	0.3281779130	0.0215218814	0.0118228885	0.0051590165
0	0.0005798090	0.0001015655	0.8271472764	0.0000010901	0.1721702590
0	0.0003582465	0.3240140041	0.0985121302	0.3855055988	0.1916100204
0	0.0801966759	0.0012446794	0.2912760092	0.0538106985	0.5734719370
0	0.3796355693	0.0000000000	0.5523341786	0.0121695559	0.0558606962
0	0.5707028837	0.0290697836	0.4002241797	0.0000031529	0.0000000000
0	0.8778956484	0.0788305485	0.0432160488	0.0000577362	0.0000000181
1	0.0305041611	0.6702834050	0.0332623183	0.2659501156	0.0000000000
0	0.1451124149	0.7463048963	0.1002907678	0.0082919209	0.0000000000
1	0.2204696575	0.0000000001	0.5152291574	0.0122948845	0.2520063005
0	0.0150441981	0.1659635581	0.8164184226	0.0019457986	0.0006280226
0	0.1820406267	0.0099144106	0.6121696649	0.1945878860	0.0012874117
1	0.0000562299	0.3459782147	0.0840907889	0.0062352591	0.5636395074
1	0.8908174268	0.0187678809	0.0295632271	0.0265703501	0.0342811151
1	0.0503001761	0.5802954157	0.0185348225	0.1338812775	0.2169883081
1	0.0868605721	0.0001465907	0.1983936551	0.0000048294	0.7145943527
1	0.2071469634	0.0281874495	0.6305248737	0.1339836086	0.0001571048
0	0.9398971905	0.0080601349	0.0385019705	0.0117361162	0.0018045878
1	0.2725974995	0.0000006656	0.1910461007	0.5346905957	0.0016651385
1	0.0000000002	0.0000000008	0.9568325466	0.0431456526	0.0000218000
1	0.0634812529	0.0806577067	0.5992184398	0.0959004181	0.1607421825
2	0.8320433799	0.0757273830	0.0389655384	0.0144009362	0.0388627625
0	0.3855282649	0.0347412817	0.4823831128	0.0701333855	0.0272139551
0	0.8345255819	0.0164108286	0.1412341775	0.0000011285	0.0078282835
1	0.1025497832	0.6215809348	0.1979527230	0.0000101516	0.0779064075
1	0.6303748866	0.0006054102	0.1749252657	0.1940943807	0.0000000569
0	0.0448310702	0.0342640891	0.8961269259	0.0247779148	0.0000000000
1	0.5244085957	0.0212113808	0.1781026146	0.0180504017	0.2582270072
0	0.0016032000	0.0739424678	0.0000613191	0.9201381807	0.0042548324
1	0.1202208462	0.0000000000	0.4985286429	0.0242240119	0.3570264991
1	0.5521425087	0.0351015158	0.4126166069	0.0001177362	0.0000216323
0	0.5319747806	0.0071532488	0.3969472038	0.0000000000	0.0639247667
0	0.0359024760	0.0218422108	0.2188624734	0.7233928398	0.0000000000
2	0.9492939221	0.0000000000	0.0497351464	0.0009278393	0.0000430922
0	0.2675728007	0.0896563687	0.6427462471	0.0000000000	0.0000245835
1	0.0392364345	0.5971411149	0.0035631293	0.0072079496	0.3528513717
0	0.5577448992	0.3454631417	0.0061459763	0.0000337434	0.0906122394
0	0.3414372068	0.0942781477	0.0092210810	0.2901802098	0.2648833547
0	0.1977430913	0.0000725948	0.2274118279	0.5735652966	0.0012071894
1	0.8454222610	0.0000003494	0.0328345849	0.0898282579	0.0319145468
0	0.7770168056	0.0000013626	0.0047458127	0.1191242253	0.0991117939
1	0.1418315748	0.2226227413	0.3133249351	0.1566411983	0.1655795505
1	0.8709131492	0.0037528122	0.0595969657	0.0170305148	0.0487065580
0	0.4313624831	0.0024809514	0.2316743035	0.3057366387	0.0287456233
1	0.0007325537	0.0000000266	0.0974044364	0.8793210556	0.0225419277
0	0.8703395255	0.1069468172	0.0116296798	0.0045092856	0.0065746919
0	0.8661075665	0.0491012234	0.0135145785	0.0481821271	0.0230945044
0	0.2669886061	0.4293253701	0.0155055414	0.0001183767	0.2880621058
0	0.6010390015	0.0100961770	0.0863462180	0.1319805968	0.1705380067
0	0.0142373685	0.0000385823	0.0000326022	0.6601678153	0.3255236317
2	0.9773288990	0.0000187914	0.0223675141	0.0001004160	0.0001843795
0	0.0012395630	0.0036491639	0.4235516731	0.5629629179	0.0085966821
0	0.0224984378	0.0937468753	0.7422119507	0.0709887270	0.0705540092
2	0.1478726912	0.4357991108	0.0000000000	0.3956430534	0.0206851446
1	0.8276683993	0.0824563340	0.0000001201	0.0544363179	0.0354388287
0	0.3512242576	0.0190310202	0.0000195756	0.0174534289	0.6122717177
0	0.5340720190	0.2195320819	0.2397258370	0.0065526684	0.0001173937
0	0.9911869056	0.0000000000	0.0071083018	0.0001303707	0.0015744219
0	0.0274634446	0.0000000000	0.9217736613	0.0032289352	0.0475339589
0	0.3737689062	0.0029704242	0.4255972846	0.0555739702	0.1420894147
0	0.1426774870	0.8093180556	0.0004465202	0.0000000000	0.0475579371
1	0.7492995353	0.0004103055	0.2499622224	0.0000000000	0.0003279368
0	0.0000000210	0.0119374818	0.0000000000	0.9880624972	0.0000000000
