1	0.0048208758	0.4048089566	0.1468398833	0.2288699877	0.2146602966
1	0.3113601249	0.0948976686	0.0000000000	0.0060619293	0.5876802772
0	0.2785244186	0.0629119284	0.4488969543	0.2096644339	0.0000022648
0	0.6645977252	0.0037603664	0.0318102981	0.2464328588	0.0533987515
0	0.3248690907	0.0938031894	0.0873179180	0.0330459762	0.4609638256
1	0.9549700592	0.0000000000	0.0234982438	0.0196307455	0.0019009515
0	0.0286548185	0.0000000000	0.0745178678	0.8801884739	0.0166388399
0	0.0818491043	0.1180768248	0.7395574350	0.0499565618	0.0105600741
1	0.0760323943	0.0447425791	0.2544128661	0.3421412125	0.2826709481
0	0.9441278655	0.0008727888	0.0000529763	0.0120639487	0.0428824207
0	0.9144960144	0.0000000000	0.0565782137	0.0079825577	0.0209432142
1	0.0001583651	0.0661681841	0.5901374582	0.3382666049	0.0052693878
1	0.0091071174	0.0090228797	0.1350012625	0.4728080039	0.3740607364
0	0.1197647827	0.3342077701	0.0013248279	0.0000058200	0.5446967993
1	0.0135307655	0.0036675477	0.0279273208	0.0001294687	0.9547448974
1	0.4401729917	0.0454653234	0.0296395656	0.4780900281	0.0066320911
2	0.9599206135	0.0000000000	0.0394243671	0.0000000000	0.0006550194
0	0.0002203121	0.4038056043	0.5448015437	0.0510159262	0.0001566137
0	0.1136300775	0.0030409827	0.0722341086	0.0046383023	0.8064565290
1	0.0670770797	0.0000000000	0.8617182804	0.0517674137	0.0194372263
0	0.8395104471	0.0303251054	0.0308240953	0.0056605645	0.0936797877
0	0.0000173099	0.0965756064	0.0614816001	0.3237147731	0.5182107105
1	0.3197282473	0.2143042473	0.4432434539	0.0226541330	0.0000699184
0	0.8167933227	0.0540239644	0.1230031203	0.0061795927	0.0000000000
1	0.5488717919	0.0342151925	0.2076577663	0.0664999769	0.1427552725
0	0.0883409310	0.0193045515	0.3592304936	0.0798322730	0.4532917509
1	0.7913430949	0.0737781470	0.0001974928	0.0000000013	0.1346812640
0	0.4739825343	0.0005182555	0.0005795685	0.5197328863	0.0051867553
0	0.8012715050	0.0706797879	0.0309979332	0.0970507740	0.0000000000
0	0.0000000002	0.0000000000	0.0000052435	0.5886390261	0.4113557301
0	0.0224195841	0.7877155072	0.0000424527	0.1707613252	0.0190611308
1	0.2163760071	0.0003113367	0.0001019191	0.0011252591	0.7820854781
0	0.0753212399	0.4981941503	0.3616617831	0.0648228267	0.0000000000
0	0.1931734336	0.3712553969	0.2662609930	0.0114693158	0.1578408607
0	0.2048586741	0.7516413432	0.0259890394	0.0120768467	0.0054340965
1	0.0151033950	0.0000000000	0.9025614610	0.0769755959	0.0053595481
0	0.0018057229	0.0382925307	0.8496925065	0.0127144720	0.0974947679
1	0.0001807544	0.0244110208	0.0001488177	0.0440150468	0.9312443603
0	0.0043030426	0.1523980715	0.7882431923	0.0021749072	0.0528807864
0	0.0212328717	0.0000141120	0.9425238015	0.0000000019	0.0362292129
0	0.0247240355	0.4558558720	0.0013184918	0.0000635299	0.5180380707
0	0.5062944304	0.3784159612	0.0879454746	0.0263340597	0.0010100740
0	0.0577334754	0.4397407351	0.4767837590	0.0257420199	0.0000000107
0	0.0003865255	0.2043179309	0.0182534693	0.7234712670	0.0535708073
0	0.1433421753	0.2332519286	0.4999892857	0.1234166104	0.0000000000
1	0.0243109023	0.0201250886	0.9453592676	0.0000933988	0.0101113427
0	0.2166485607	0.5820316722	0.0639791635	0.1311225498	0.0062180539
1	0.2516649523	0.3938911232	0.0622255794	0.1706972788	0.1215210664
0	0.0007528641	0.0191408264	0.9169962132	0.0000000713	0.0631100250
0	0.3289191314	0.0879171103	0.0084369914	0.4315356520	0.1431911150
0	0.1361498633	0.0051217954	0.0000234434	0.1866312559	0.6720736419
1	0.3548759473	0.1340919861	0.1071275540	0.1495754773	0.2543290352
0	0.5658466115	0.0810663402	0.0063648810	0.3366943838	0.0100277835
0	0.0716212932	0.0000549401	0.7471787981	0.0000000000	0.1811449686
0	0.1408037435	0.4120591338	0.4384764595	0.0000000000	0.0086606632
1	0.1325830610	0.5449324964	0.3224836361	0.0000000000	0.0000008065
0	0.6138260993	0.0588065801	0.1420343608	0.0773592484	0.1079737115
0	0.9679347196	0.0000025857	0.0000000002	0.0320626945	0.0000000000
0	0.7059715029	0.0005626090	0.2883593353	0.0000000000	0.0051065528
0	0.6642441939	0.0170463574	0.0374519769	0.0085177351	0.2727397367
0	0.0329607220	0.6036146962	0.1160477632	0.1543207713	0.0930560473
0	0.4026206442	0.5841587803	0.0006716311	0.0011278876	0.0114210568
0	0.2764434954	0.0000341976	0.0344712706	0.6890510364	0.0000000000
1	0.9977157338	0.0000000000	0.0015958541	0.0006613288	0.0000270833
0	0.2879628142	0.1368662269	0.3522151522	0.2145946848	0.0083611219
0	0.1068684340	0.0008748377	0.2053424736	0.3734686680	0.3134455867
0	0.5871438101	0.0000000000	0.0194126867	0.3932556463	0.0001878569
0	0.0320304532	0.4032597096	0.1485630039	0.2810066048	0.1351402285
0	0.0011920440	0.1701078231	0.8173703131	0.0112275291	0.0001022908
0	0.4552388594	0.0280001179	0.0607700820	0.4555732397	0.0004177009
0	0.1466543808	0.0000000262	0.0003164179	0.0000701698	0.8529590053
0	0.0177257470	0.0011850727	0.9789724682	0.0000000000	0.0021167121
0	0.3874221217	0.0000000000	0.4671050544	0.0000835068	0.1453893172
0	0.0000370871	0.0027420150	0.2133718535	0.0243862632	0.7594627813
0	0.1906807714	0.0835296537	0.2737984123	0.3646046068	0.0873865558
0	0.5358783564	0.1383588755	0.0012418254	0.3245209426	0.0000000000
0	0.4051343960	0.0000000000	0.5925933583	0.0019692582	0.0003029875
0	0.0395867298	0.2928650395	0.0087462446	0.2386146725	0.4201873136
0	0.3708967114	0.1334386988	0.4128086418	0.0605894322	0.0222665158
1	0.0744550126	0.7185768768	0.2051811124	0.0003818366	0.0014051616
1	0.1681546015	0.0146214077	0.3655871114	0.2479985250	0.2036383544
1	0.7653226773	0.1670087659	0.0415955837	0.0150649977	0.0110079754
0	0.0061560444	0.0000000000	0.7766975671	0.1952751184	0.0218712700
1	0.3343432608	0.1977595420	0.0007173868	0.0140461799	0.4531336304
0	0.6385424302	0.0332271593	0.1009149433	0.2272517821	0.0000636851
0	0.1037825630	0.0037719867	0.1531205357	0.3433748853	0.3959500292
2	0.0200370024	0.2709166858	0.0193734527	0.0227706809	0.6669021781
0	0.0031201062	0.0058815653	0.9892600785	0.0007616500	0.0009766000
0	0.4245556021	0.0008491743	0.4781802353	0.0198350933	0.0765798949
0	0.7969332941	0.0000050441	0.0000237171	0.1110635365	0.0919744082
0	0.7355696390	0.2600881239	0.0043422360	0.0000000000	0.0000000011
0	0.9552606146	0.0000567573	0.0071441753	0.0374850099	0.0000534429
0	0.1073352321	0.0004367516	0.8572217260	0.0001887967	0.0348174937
0	0.7816239929	0.0813266087	0.1197646042	0.0172847942	0.0000000000
0	0.0979113995	0.0633602576	0.7568874259	0.0818409017	0.0000000152
2	0.0000002897	0.0000000000	0.5889606930	0.0087366270	0.4023023903
0	0.1816342960	0.0002991126	0.6502054771	0.1678611143	0.0000000000
1	0.0024024195	0.4249726386	0.1096791283	0.4613158585	0.0016299551
1	0.4811765748	0.0097878145	0.1710054880	0.0000147346	0.3380153880
1	0.2372111187	0.0000000026	0.4078120214	0.3547843707	0.0001924866
