1	0.0207182148	0.0210843344	0.0108578744	0.9206904134	0.0266491631
1	0.2374255340	0.0396699858	0.0015914792	0.0007007230	0.7206122780
1	0.9231285865	0.0152883908	0.0403340619	0.0212383893	0.0000105715
0	0.0799515869	0.0009830996	0.8565279735	0.0000093202	0.0625280198
1	0.1614239741	0.6780033483	0.0000000003	0.1537212332	0.0068514442
1	0.0604731238	0.0537898345	0.0004749898	0.3648111392	0.5204509127
1	0.6193423818	0.0881201746	0.0742524875	0.1950893660	0.0231955900
1	0.3274083421	0.0394193028	0.3024422291	0.2052229378	0.1255071882
2	0.6333753314	0.0011532629	0.2157142991	0.0051775577	0.1445795489
2	0.9008462839	0.0573121059	0.0000015517	0.0358173057	0.0060227529
0	0.8634434545	0.1137367638	0.0209105101	0.0019092716	0.0000000000
0	0.0000000000	0.0518663214	0.6370172777	0.3109734203	0.0001429806
1	0.0098264297	0.9113461405	0.0788258592	0.0000005848	0.0000009859
0	0.1403934814	0.0908256622	0.6348351131	0.0703202941	0.0636254492
1	0.9157156884	0.0531869634	0.0123825524	0.0187147957	0.0000000001
0	0.4025463544	0.1235966934	0.1921363269	0.2657320159	0.0159886094
2	0.9186380347	0.0177222339	0.0006460999	0.0510719266	0.0119217048
0	0.3026667651	0.0000135359	0.6906289550	0.0065649636	0.0001257805
0	0.5757425798	0.0336045602	0.2174813431	0.0389640817	0.1342074352
0	0.4840077790	0.0000000000	0.3173433620	0.0575830426	0.1410658163
1	0.6107549135	0.2785426138	0.1031026977	0.0000270726	0.0075727024
1	0.9089418251	0.0000000000	0.0910393903	0.0000000000	0.0000187847
0	0.7979847959	0.0516303333	0.0796387321	0.0203694072	0.0503767315
0	0.4997943886	0.2563570409	0.0343755452	0.2039848644	0.0054881608
0	0.1408001771	0.0003422811	0.0238304990	0.8289753203	0.0060517225
2	0.5325445413	0.4673570944	0.0000000191	0.0000914413	0.0000069039
1	0.8714620046	0.0003410052	0.1281842211	0.0000000000	0.0000127691
0	0.7748243211	0.1492360104	0.0000008024	0.0000000000	0.0759388660
0	0.2436570546	0.0201866700	0.0645570820	0.6715447825	0.0000544111
2	0.1435277084	0.0058173695	0.1846672924	0.4516453232	0.2143423066
0	0.4424682237	0.0308209426	0.5244736252	0.0021791593	0.0000580491
1	0.3757233383	0.0000000000	0.1552082115	0.2836438784	0.1854245719
1	0.1535251688	0.0000026442	0.8282963573	0.0000021098	0.0181737199
0	0.0000000193	0.0000003026	0.1562254524	0.1333284155	0.7104458101
0	0.1850900041	0.0913674250	0.0248171183	0.5460038453	0.1527216074
0	0.3928381518	0.0001028069	0.0049251941	0.6021334917	0.0000003555
0	0.1013558112	0.0229752566	0.5903145174	0.0246514222	0.2607029926
0	0.0058471563	0.0000000003	0.6999988237	0.2875000879	0.0066539317
0	0.9058026939	0.0466916231	0.0472895512	0.0000030160	0.0002131158
0	0.2039250947	0.0040109936	0.7874310748	0.0000088147	0.0046240222
0	0.5138471019	0.1126849043	0.0016938345	0.3717741593	0.0000000000
0	0.7543180666	0.0000026039	0.1235618891	0.1205169282	0.0016005122
0	0.1051747763	0.0006641023	0.0001192205	0.8846012339	0.0094406670
1	0.0000179228	0.4149924513	0.3047933210	0.1685227219	0.1116735830
0	0.9998995599	0.0000032626	0.0000143145	0.0000828630	0.0000000000
0	0.0738476817	0.5218567622	0.1235440995	0.2807498186	0.0000016380
2	0.4567360848	0.1194527619	0.1371423848	0.0203969396	0.2662718289
0	0.0619472740	0.0440629597	0.8892860696	0.0000001371	0.0047035596
2	0.0160643400	0.0868146838	0.3419190346	0.1048028535	0.4503990881
2	0.0021638924	0.5387907177	0.4071769372	0.0518684528	0.0000000000
0	0.0658475244	0.6501427040	0.0192396545	0.2633422436	0.0014278735
1	0.0006646781	0.1008332785	0.8590188549	0.0392428602	0.0002403283
0	0.4903259616	0.0413027056	0.3949026440	0.0715930223	0.0018756664
0	0.0000000000	0.6788439080	0.0001042025	0.0000005876	0.3210513019
0	0.5222105982	0.3818890224	0.0826282630	0.0000000000	0.0132721164
0	0.3430422283	0.4990960982	0.0157700400	0.1417625910	0.0003290424
2	0.7423829319	0.0205790260	0.2359968520	0.0008001951	0.0002409951
0	0.1231362512	0.0000000003	0.8626081784	0.0015355008	0.0127200692
1	0.3156199718	0.0587995970	0.1512663853	0.4662295389	0.0080845070
0	0.3720526616	0.1855346508	0.4029008556	0.0395118320	0.0000000000
0	0.2121142964	0.0709637368	0.1200541424	0.3311229845	0.2657448399
2	0.8943657461	0.0178211550	0.0695554793	0.0168099600	0.0014476596
1	0.3783496257	0.0873228539	0.4886969911	0.0042336045	0.0413969248
1	0.6055901495	0.0635198945	0.0765674939	0.0826959140	0.1716265481
0	0.1025679471	0.0000000501	0.8966962366	0.0007349260	0.0000008402
0	0.0734142740	0.8103847673	0.0768327398	0.0003657286	0.0390024903
1	0.0248993102	0.0540054276	0.9034461150	0.0176491472	0.0000000000
0	0.1380456112	0.0029565783	0.7463177282	0.0793447960	0.0333352863
0	0.4070128024	0.0003251776	0.5830578277	0.0039959548	0.0056082376
0	0.2267587282	0.0152035041	0.5029487677	0.0004101636	0.2546788364
0	0.0168635795	0.2185489044	0.0686437404	0.0220160113	0.6739277644
0	0.0017944767	0.0011210691	0.0000273993	0.9914253630	0.0056316919
0	0.0242684810	0.8096585027	0.1102509779	0.0000000000	0.0558220384
0	0.7834147084	0.0413627654	0.0760968302	0.0924024787	0.0067232173
1	0.0571203612	0.0000000000	0.0002896068	0.0072563417	0.9353336903
1	0.9342904259	0.0000112472	0.0033574402	0.0465517052	0.0157891817
0	0.2767882832	0.0001021395	0.0013050507	0.1956448124	0.5261597142
2	0.9543068554	0.0034769791	0.0422161655	0.0000000000	0.0000000000
0	0.9316925715	0.0000000000	0.0683066582	0.0000007703	0.0000000000
0	0.8037196987	0.0745044471	0.1099531004	0.0071657390	0.0046570148
1	0.0667454045	0.0000000000	0.8508120602	0.0824425352	0.0000000000
1	0.0012885763	0.0000000002	0.0057332413	0.9929781822	0.0000000000
1	0.1500535075	0.4317926734	0.3591546561	0.0571090548	0.0018901082
1	0.0846098518	0.2060945808	0.4064819570	0.0720385076	0.2307751028
0	0.8438940001	0.0000000087	0.0000000182	0.0031327432	0.1529732298
1	0.2475800050	0.0001984266	0.5690918550	0.1716916431	0.0114380703
0	0.9162239900	0.0228577620	0.0045588082	0.0387768835	0.0175825563
0	0.6063322578	0.0059674539	0.3704125388	0.0120870590	0.0052006906
1	0.1612037197	0.4714312277	0.3673616496	0.0000000000	0.0000034030
1	0.2684365022	0.0000000334	0.0071869240	0.0370035884	0.6873729520
0	0.0149092520	0.0566882787	0.3524148969	0.5621297492	0.0138578232
2	0.0050643977	0.6118663082	0.2563980712	0.1262897790	0.0003814439
0	0.4092712613	0.0000000000	0.5354910970	0.0243396991	0.0308979425
1	0.0000003249	0.0000009770	0.8731027983	0.1266373022	0.0002585976
0	0.2722006249	0.0000013218	0.0605014746	0.4904998994	0.1767966792
1	0.7416723143	0.0101867204	0.2481409653	0.0000000000	0.0000000000
0	0.6903654844	0.0657502154	0.0266089168	0.2157577240	0.0015176594
0	0.1529945623	0.0000000019	0.2059027484	0.3315003493	0.3096023381
0	0.0518865328	0.7544214566	0.1266892905	0.0650150294	0.0019876906
1	0.0298302013	0.0031058045	0.9595592034	0.0069694505	0.0005353402
