0	0.6846622266	0.0145441648	0.1210646485	0.0073571792	0.1723717809
2	0.0415503586	0.0178359525	0.8517805614	0.0106896999	0.0781434275
1	0.0116431793	0.6278763808	0.2384239197	0.1220505673	0.0000059529
0	0.0000000017	0.7179747305	0.2199650609	0.0000000000	0.0620602069
0	0.9434436131	0.0000000000	0.0558601949	0.0006961134	0.0000000786
0	0.4988222753	0.0180465640	0.4830436692	0.0000006579	0.0000868337
0	0.3409186097	0.0637165953	0.5953533908	0.0000029504	0.0000084539
0	0.0564225572	0.0506799592	0.2250195739	0.0476948669	0.6201830429
1	0.4261553824	0.0000000000	0.4385311299	0.0687277506	0.0665857371
1	0.9856091696	0.0113701831	0.0000018754	0.0000000366	0.0030187354
1	0.0158141621	0.0076507326	0.9610887090	0.0148079031	0.0006384931
0	0.3275068260	0.0321731660	0.6193526231	0.0194607398	0.0015066451
2	0.0267546021	0.0039896665	0.1989360663	0.1662136482	0.6041060170
0	0.2018184209	0.2257504299	0.2206099152	0.3326610150	0.0191602190
1	0.0120678775	0.0409985308	0.2792999375	0.0013239770	0.6663096773
1	0.0343423719	0.0022667728	0.8378081969	0.1255684770	0.0000141814
0	0.8034525517	0.0022696376	0.0860497756	0.0839415406	0.0242864944
2	0.0137075543	0.3837013184	0.4609335213	0.1416435957	0.0000140103
1	0.0181825694	0.0502083687	0.7955462041	0.0164518594	0.1196109985
0	0.0876757652	0.1028937283	0.1625548280	0.0128745339	0.6340011446
0	0.1915867101	0.0000000089	0.4785641136	0.2002327332	0.1296164342
0	0.3915329372	0.0753378455	0.4046512876	0.1262549034	0.0022230263
0	0.0071230574	0.0308036280	0.2243614788	0.0002276074	0.7374842284
0	0.8861013907	0.0000085972	0.0932040515	0.0052508626	0.0154350980
0	0.8041458291	0.0001013812	0.0091852861	0.0000000000	0.1865675036
0	0.0590721261	0.1281204978	0.7939535713	0.0171252961	0.0017285086
1	0.2004903978	0.0028286019	0.7878502073	0.0005726330	0.0082581600
1	0.3105910928	0.3454675080	0.0041816594	0.0426256194	0.2971341203
0	0.0281394341	0.1318885879	0.4582928982	0.3816732960	0.0000057839
1	0.7766754953	0.0013871111	0.1744755126	0.0173135811	0.0301482999
0	0.0001641577	0.0000000000	0.9411135706	0.0015650202	0.0571572514
0	0.9871253835	0.0005730911	0.0058247433	0.0064718673	0.0000049148
0	0.6136811213	0.0000005192	0.1195460242	0.2657058057	0.0010665295
1	0.0443599707	0.0799842876	0.0867978166	0.0000004922	0.7888574329
0	0.0376921832	0.0010426502	0.9096285569	0.0405003641	0.0111362455
1	0.6462774708	0.0106291476	0.0000000028	0.3430933766	0.0000000022
1	0.1696196566	0.0005762624	0.7824913410	0.0471786390	0.0001341010
1	0.6690649732	0.0000000000	0.2387020798	0.0029350143	0.0892979327
1	0.2911890959	0.2025270431	0.1660202870	0.3201129742	0.0201505997
0	0.1270673133	0.0750372846	0.5098461092	0.2880492930	0.0000000000
1	0.0002064775	0.0019505438	0.9671551847	0.0106203660	0.0200674281
0	0.2212370723	0.6330836231	0.1453984071	0.0002804632	0.0000004344
0	0.4963958489	0.0677450846	0.3734511967	0.0043215355	0.0580863343
0	0.6256912231	0.0479351124	0.3144032092	0.0119704551	0.0000000003
1	0.6339737748	0.0033026721	0.0943741317	0.0000258878	0.2683235337
0	0.9997015875	0.0000000000	0.0002983966	0.0000000082	0.0000000077
0	0.5320234189	0.2578352624	0.1958854683	0.0139320940	0.0003237562
0	0.3409443607	0.0963283008	0.5627228237	0.0000015737	0.0000029411
0	0.0008329569	0.4556576649	0.4650778288	0.0000010055	0.0784305439
0	0.0154732744	0.0000000148	0.3352121458	0.6480310962	0.0012834689
0	0.0000000018	0.7003204154	0.1836012351	0.0377580871	0.0783202606
1	0.1130012971	0.0362544780	0.5340761528	0.3166678288	0.0000002433
0	0.0123745248	0.0173818604	0.9146240983	0.0000000000	0.0556195165
0	0.6921885278	0.0025194794	0.0000045113	0.1400343321	0.1652531493
0	0.3217069347	0.4747098774	0.1375439413	0.0660392466	0.0000000000
0	0.4904425396	0.0000000000	0.0150197293	0.4943576404	0.0001800907
0	0.0094563478	0.0015941475	0.7095747220	0.1287894443	0.1505853384
1	0.0000214612	0.9239920145	0.0049819684	0.0001278207	0.0708767352
1	0.0009180045	0.0000000000	0.4474954045	0.5334253498	0.0181612412
2	0.3896463135	0.1967205768	0.1333583955	0.2802747137	0.0000000005
0	0.3289978700	0.6701507136	0.0000000000	0.0008511881	0.0000002283
0	0.2736228718	0.0390536183	0.4781115439	0.1768098708	0.0324020953
0	0.0114128429	0.0020785361	0.6697436013	0.0003055071	0.3164595126
0	0.8821946195	0.0029028122	0.0956659836	0.0176556645	0.0015809202
2	0.1624896905	0.1713723451	0.2851259965	0.2694258059	0.1115861620
0	0.0121131064	0.0000078698	0.5314732916	0.4564057322	0.0000000000
0	0.0222488316	0.8198079006	0.1567261702	0.0012152307	0.0000018669
0	0.0000571587	0.1934177612	0.4666904234	0.0000000000	0.3398346568
2	0.0000000001	0.0000000000	0.9988263750	0.0011736249	0.0000000000
0	0.9824534648	0.0000000524	0.0060117878	0.0012410641	0.0102936309
0	0.0147710418	0.1883325835	0.2396783368	0.2839731548	0.2732448831
2	0.0469226665	0.0809878404	0.3178036577	0.4590099922	0.0952758432
0	0.0000000000	0.0000244895	0.2018644945	0.0008891163	0.7972218997
0	0.3049930709	0.1174777971	0.4600408733	0.1174881069	0.0000001519
0	0.7357032922	0.0406692115	0.2233650750	0.0002624105	0.0000000107
0	0.0417166110	0.0053817937	0.8039315570	0.0606079581	0.0883620801
2	0.5737258251	0.3112643910	0.0003470783	0.0000000177	0.1146626878
1	0.1418042784	0.0086468268	0.4267850853	0.0869714599	0.3357923496
0	0.0425031416	0.1145935509	0.6690724435	0.0567339432	0.1170969208
1	0.5791770490	0.1017639596	0.2421228742	0.0523381419	0.0245979752
1	0.0000305219	0.1945418463	0.2838183699	0.3633254818	0.1582837800
0	0.0114134428	0.7227811728	0.0004809928	0.2651625023	0.0001618893
0	0.0274661806	0.0000000000	0.5544926015	0.3327809795	0.0852602384
0	0.1078902994	0.0000000000	0.8688230147	0.0003553890	0.0229312968
0	0.6818777644	0.0916038195	0.1466875436	0.0798110867	0.0000197858
1	0.2133423436	0.0006791187	0.0143891839	0.7715893538	0.0000000000
1	0.0000830854	0.0000100877	0.5841999814	0.3798696744	0.0358371711
0	0.9603193920	0.0004627864	0.0253311583	0.0138837889	0.0000028745
0	0.5764464498	0.0094131755	0.0344519884	0.0235765770	0.3561118094
0	0.1575805379	0.2170898428	0.5050481133	0.0000159801	0.1202655258
1	0.7525043769	0.0822978025	0.0328619527	0.0442822504	0.0880536176
0	0.3208420000	0.0047701277	0.6416566682	0.0049355340	0.0277956701
0	0.8136945829	0.0275216342	0.0000000000	0.1587834706	0.0000003123
1	0.9323554949	0.0119048399	0.0370228564	0.0179207458	0.0007960629
0	0.4117460906	0.0129538974	0.5217126202	0.0531979675	0.0003894243
1	0.9603436760	0.0003425413	0.0210537419	0.0055693219	0.0126907189
0	0.0005795294	0.0000003942	0.0089174237	0.0307746937	0.9597279590
0	0.5749362906	0.0015549605	0.3481906026	0.0009694608	0.0743486854
1	0.8544498988	0.0200336495	0.1222826377	0.0028164080	0.0004174060
1	0.4586576965	0.0599198786	0.2742050844	0.1842821899	0.0229351506
