0	0.1200090132	0.0000133122	0.8693637791	0.0000000000	0.0106138955
1	0.2859899142	0.0246970587	0.5331291301	0.0943302513	0.0618536456
1	0.4096057077	0.0000214590	0.3064221893	0.2839490269	0.0000016172
0	0.8450521643	0.0713985894	0.0044667713	0.0003802286	0.0787022463
1	0.7699589975	0.0155250058	0.1199320193	0.0940549297	0.0005290477
0	0.0401627678	0.5576943067	0.1954253576	0.2044727080	0.0022448599
0	0.0603086278	0.1200823791	0.0031105929	0.7820029405	0.0344954597
1	0.0400165150	0.6799317155	0.0000000971	0.2704177771	0.0096338953
0	0.4120420277	0.0122961203	0.4473346358	0.0878374482	0.0404897679
2	0.0000062535	0.4904996640	0.5020319459	0.0074443665	0.0000177702
2	0.1559372041	0.1316903788	0.1292900041	0.0000000034	0.5830824095
0	0.0000249504	0.0023497065	0.9422189749	0.0537869783	0.0016193899
0	0.0014353931	0.0000000000	0.2112730405	0.3444765584	0.4428150080
0	0.0589317927	0.0172936359	0.7856784632	0.0067020904	0.1313940178
1	0.0890621040	0.0000005195	0.8166916372	0.0157958114	0.0784499279
1	0.8122820377	0.0001249636	0.0000000000	0.0072534401	0.1803395586
0	0.1875060263	0.2612207135	0.1032288182	0.4413042945	0.0067401475
1	0.0190748917	0.0000000000	0.0108102029	0.5343263046	0.4357886008
0	0.9804383244	0.0194116692	0.0000000065	0.0000000000	0.0001499998
0	0.7582173194	0.1972503308	0.0021562293	0.0000000000	0.0423761205
1	0.1453086837	0.1528219743	0.1442386426	0.0031950891	0.5544356103
0	0.0000002617	0.7438562704	0.0050447737	0.0000000004	0.2510986938
0	0.1288351697	0.0006432750	0.8547469476	0.0008746801	0.0148999275
0	0.6272862112	0.0000000000	0.1354690495	0.1848672263	0.0523775130
0	0.3455895681	0.3233678326	0.0064654552	0.3245746602	0.0000024839
2	0.5272399068	0.4701119487	0.0000000000	0.0018100362	0.0008381083
1	0.0100128518	0.2695248696	0.5344193158	0.1791541817	0.0068887811
1	0.3657045132	0.0000017325	0.4719348425	0.1072686056	0.0550903061
1	0.6538948751	0.1967581006	0.0185162637	0.0487284987	0.0821022619
0	0.2141126051	0.0514487775	0.6389547593	0.0933491375	0.0021347206
0	0.0802993855	0.1314211184	0.7847335488	0.0035459473	0.0000000000
0	0.0119415774	0.0000003151	0.0788394518	0.0403967175	0.8688219382
0	0.0006268739	0.0240824057	0.9565188907	0.0066870023	0.0120848274
1	0.0524574463	0.1644768258	0.7829572627	0.0000618464	0.0000466188
0	0.2280441597	0.0000173428	0.0919404645	0.0418102133	0.6381878197
0	0.0483378318	0.4787655965	0.0027232498	0.4006653437	0.0695079781
0	0.0126925257	0.1307282988	0.8178462848	0.0387328900	0.0000000007
0	0.0855314188	0.2325816740	0.0721144482	0.4990309645	0.1107414945
1	0.0000000012	0.0187286621	0.8580442368	0.0003626091	0.1228644908
0	0.0731737811	0.5743394879	0.2011261769	0.0185882416	0.1327723125
1	0.6143832907	0.0005523026	0.1779790011	0.0853759102	0.1217094954
2	0.9740060310	0.0015138227	0.0000031822	0.0227480304	0.0017289337
1	0.0749711227	0.2672483615	0.0099562535	0.6374511894	0.0103730729
0	0.0319103858	0.0372216688	0.1498574754	0.0000075368	0.7810029332
0	0.5114624036	0.0763899977	0.4053440870	0.0053954315	0.0014080802
1	0.0506649713	0.0069491297	0.9216294246	0.0145646397	0.0061918347
1	0.0569394799	0.0074225478	0.9356379384	0.0000000340	0.0000000000
2	0.6954099039	0.2345740673	0.0700149771	0.0000000032	0.0000010485
1	0.0234832990	0.3682851981	0.3037012674	0.2815492084	0.0229810271
2	0.4528653746	0.0196663926	0.0199295780	0.4479484546	0.0595902001
0	0.4085389282	0.1188759567	0.4418153636	0.0300408697	0.0007288818
1	0.2488327496	0.1088336413	0.0002360446	0.6047589370	0.0373386276
0	0.4908384413	0.2606307664	0.1355642335	0.1129150607	0.0000514982
0	0.1249597609	0.0000058786	0.3515464241	0.0510908741	0.4723970623
0	0.7249568910	0.0725939801	0.0254144536	0.1199493711	0.0570853042
0	0.5559438841	0.1903885621	0.0000028908	0.2215551197	0.0321095434
0	0.8082304020	0.0403005104	0.1051644247	0.0000000000	0.0463046629
0	0.4316070791	0.0290674945	0.0187621716	0.4661407087	0.0544225462
0	0.3607231906	0.0051918830	0.4300104448	0.2040744815	0.0000000000
0	0.0771931283	0.2510488922	0.3576760415	0.3140819077	0.0000000303
0	0.1112377971	0.0896966694	0.7916205592	0.0074449743	0.0000000000
2	0.9515528016	0.0277182146	0.0020945067	0.0016658902	0.0169685868
1	0.0000000000	0.0008237413	0.8302776188	0.1171233887	0.0517752512
0	0.0156627880	0.0000100027	0.5978465074	0.1201242065	0.2663564953
0	0.3202590497	0.2531441215	0.0075248915	0.0000000000	0.4190719373
0	0.0038545246	0.9168607934	0.0040316370	0.0752495959	0.0000034491
0	0.2870365740	0.0000000000	0.0447165263	0.2145534653	0.4536934344
0	0.6408253210	0.2400413162	0.0000000034	0.0000281732	0.1191051862
1	0.1853520195	0.2313905304	0.4316741841	0.1020168387	0.0495664272
0	0.6462503515	0.0201885404	0.0922743790	0.0042564862	0.2370302429
0	0.3881372474	0.0901928717	0.5216698789	0.0000000000	0.0000000020
0	0.7390940381	0.2608053177	0.0000000000	0.0000000007	0.0001006435
0	0.1170362932	0.0000028186	0.8675391112	0.0000000000	0.0154217771
1	0.7334568571	0.0005284110	0.2566367909	0.0093779409	0.0000000000
0	0.0000000161	0.0000000000	0.8807765059	0.0009345041	0.1182889739
0	0.9466848098	0.0001097605	0.0324445085	0.0063513769	0.0144095443
0	0.1301004862	0.0000000000	0.6027002594	0.0000000088	0.2671992457
0	0.7001269493	0.0000000044	0.2903650983	0.0089098014	0.0005981467
0	0.3203265912	0.0025646855	0.2625965126	0.2722006928	0.1423115179
1	0.7446011114	0.0227751887	0.1974677321	0.0051372593	0.0300187085
0	0.2102034107	0.0157477790	0.2074487158	0.2693071418	0.2972929527
0	0.7629263599	0.0004223982	0.1577979534	0.0004759382	0.0783773503
0	0.1431502063	0.3358273086	0.4703487799	0.0482181470	0.0024555582
0	0.1345330883	0.0002029785	0.5963623639	0.2533917976	0.0155097717
2	0.0019856247	0.0425869490	0.8358896638	0.0000000495	0.1195377129
1	0.4395272141	0.0132768899	0.5443146521	0.0028341552	0.0000470886
1	0.0006576641	0.0339199102	0.5676870639	0.0000000000	0.3977353618
1	0.3621469773	0.0249415960	0.0000003154	0.4505107567	0.1624003546
1	0.0526714814	0.0002805039	0.0256755001	0.0308981276	0.8904743870
0	0.0018720727	0.1756899145	0.2876944422	0.5347286321	0.0000149385
0	0.1645242449	0.0000000000	0.2570043416	0.1029665105	0.4755049030
0	0.2755370160	0.0011564994	0.6818343767	0.0414721079	0.0000000000
1	0.7834556294	0.0000000000	0.0908187805	0.0000346883	0.1256909018
1	0.0172604171	0.0000000000	0.9824793068	0.0002602761	0.0000000000
1	0.3760877143	0.1781261420	0.1010287693	0.0525485184	0.2922088561
0	0.0000001513	0.9575927879	0.0011501909	0.0215800106	0.0196768593
1	0.6467071589	0.0274753542	0.2240841325	0.0772582239	0.0244751305
2	0.5402952865	0.0291669222	0.1098952451	0.0031624489	0.3174800973
0	0.3125589187	0.0000005164	0.1809993794	0.0000484621	0.5063927233
0	0.6028309943	0.0014298854	0.3160897084	0.0000046788	0.0796447331
