0	0.7642373867	0.0542393194	0.0648066091	0.0878855620	0.0288311229
0	0.1830947297	0.1194581989	0.0635520706	0.5349092518	0.0989857489
0	0.0388193180	0.0000000001	0.8550637661	0.0475943969	0.0585225188
1	0.1222725454	0.5721794308	0.0154931397	0.0187055882	0.2713492958
1	0.9793513406	0.0094532255	0.0111888328	0.0000066011	0.0000000000
0	0.0617838338	0.0000125407	0.0726410873	0.4010607504	0.4645017877
0	0.3036994768	0.0000000000	0.3733175795	0.0217497444	0.3012331993
0	0.0504539501	0.0000294794	0.1488326030	0.7567023354	0.0439816320
0	0.9011761291	0.0153352880	0.0000289243	0.0413861849	0.0420734738
1	0.0078783341	0.0541459940	0.5519869685	0.0295805420	0.3564081614
1	0.8572181748	0.0000000000	0.0560123865	0.0863153774	0.0004540613
0	0.0802339759	0.0000000137	0.0002452214	0.7106662017	0.2088545873
0	0.0208642154	0.0000000000	0.0000000000	0.7682138684	0.2109219163
1	0.9792391778	0.0207285208	0.0000000000	0.0000037226	0.0000285788
0	0.9202815725	0.0000000003	0.0768003304	0.0000868041	0.0028312927
2	0.0000000018	0.0937644445	0.0850351480	0.0024033769	0.8187970288
1	0.4960998291	0.0000002377	0.0644352521	0.3296022695	0.1098624116
0	0.4804183342	0.1400959662	0.2877505713	0.0791480959	0.0125870323
0	0.1416059079	0.0000017918	0.8583788905	0.0000134098	0.0000000000
0	0.8117039608	0.0378600376	0.0000008972	0.1040204213	0.0464146830
0	0.2226671696	0.1354629831	0.4675139510	0.0000001225	0.1743557737
1	0.7286441947	0.2149905162	0.0327495981	0.0030543917	0.0205612993
0	0.9712714472	0.0000018091	0.0286836476	0.0000370433	0.0000060527
0	0.1624631698	0.1241875584	0.3822557968	0.0210161911	0.3100772838
1	0.7550560149	0.1078795820	0.0000000000	0.0000063155	0.1370580876
2	0.4536955976	0.0104863312	0.1801532812	0.3312803726	0.0243844174
0	0.2066859455	0.0000032018	0.3950006545	0.0000044230	0.3983057752
0	0.0396116430	0.0015247560	0.8936269005	0.0652367005	0.0000000000
0	0.1266720338	0.0530786408	0.4703097862	0.0000015589	0.3499379803
0	0.1307654454	0.1776932719	0.0410304959	0.4499133976	0.2005973892
0	0.0221877706	0.1702550754	0.2709989180	0.5364921277	0.0000661082
0	0.0395759417	0.1034404035	0.0425099860	0.2651924130	0.5492812558
1	0.2706029341	0.0000699309	0.0994904802	0.4394899752	0.1903466796
0	0.8546657854	0.0218599278	0.0876523945	0.0358218923	0.0000000000
0	0.0358688107	0.1017397949	0.7345303685	0.0257677243	0.1020933017
0	0.0219496275	0.0061383390	0.5833494106	0.3885626229	0.0000000000
0	0.9958289303	0.0000000551	0.0000000000	0.0041683172	0.0000026975
1	0.3803245333	0.0000000000	0.2879724927	0.2844990730	0.0472039009
0	0.6193404176	0.1999644882	0.0050551708	0.0000000121	0.1756399113
0	0.0435749657	0.2933751151	0.6379756846	0.0250742346	0.0000000000
0	0.1669937590	0.2629926086	0.0712445668	0.4956970452	0.0030720205
0	0.4973493625	0.4891715636	0.0000000000	0.0133791117	0.0000999623
0	0.0000000000	0.1592681292	0.7197786746	0.0036247552	0.1173284411
1	0.7908167399	0.0000000009	0.0033124921	0.0283967022	0.1774740648
1	0.0158505479	0.0497672962	0.0279038000	0.3126657691	0.5938125869
0	0.1135336670	0.4263845462	0.0076475686	0.4524341924	0.0000000259
0	0.7872793015	0.0063552101	0.0555186061	0.1507998574	0.0000470249
1	0.9958780388	0.0000000932	0.0000794523	0.0000000001	0.0040424156
1	0.0559333292	0.0786735395	0.4347172259	0.4202731574	0.0104027480
1	0.5747151968	0.0836863361	0.0096759561	0.1377551914	0.1941673196
1	0.0023597376	0.0585866644	0.8549716278	0.0110037239	0.0730782462
0	0.7585472920	0.0024858606	0.1041760259	0.0798969222	0.0548938993
1	0.0439624227	0.0629942296	0.2917191145	0.1158776421	0.4854465912
0	0.1643082064	0.0266504733	0.3605977997	0.0037965693	0.4446469514
1	0.6240211710	0.0005403733	0.2819843269	0.0930221248	0.0004320040
0	0.0000019959	0.0034336191	0.0662329108	0.0000945949	0.9302368793
2	0.9083602553	0.0228395361	0.0033057644	0.0654944441	0.0000000000
0	0.0000002557	0.4715256953	0.2914132135	0.0681952404	0.1688655952
1	0.7667368110	0.0646436464	0.0955414650	0.0000000000	0.0730780776
1	0.2900716948	0.0365998452	0.5846220218	0.0000008137	0.0887056245
0	0.9900638838	0.0000065760	0.0001304846	0.0097931380	0.0000059175
0	0.1780065895	0.0000029397	0.8217363213	0.0002541494	0.0000000001
0	0.6676928902	0.0806425347	0.1188296808	0.0114202320	0.1214146623
0	0.9192794392	0.0700019943	0.0061075301	0.0000818241	0.0045292123
2	0.1484347437	0.7689063273	0.0822538303	0.0003854947	0.0000196040
1	0.0493911871	0.1646739809	0.1367188717	0.6254831630	0.0237327972
0	0.4373626713	0.0000000000	0.2691470474	0.2433398756	0.0501504058
1	0.5289605126	0.2601671712	0.0909505564	0.1198956271	0.0000261327
2	0.5855869096	0.0000000029	0.2768618359	0.1375512355	0.0000000161
0	0.4969716851	0.0000897360	0.0008932737	0.1167390279	0.3853062774
0	0.5197496935	0.2332772851	0.0261152936	0.0179312987	0.2029264292
0	0.4730432417	0.0036297784	0.2665339346	0.2567925285	0.0000005168
0	0.0951644732	0.0539418583	0.0755820904	0.0000399383	0.7752716398
0	0.2956238695	0.0000000000	0.1823330412	0.2350049264	0.2870381628
0	0.0514082399	0.4264812363	0.3389104752	0.0000000000	0.1832000486
0	0.1757602351	0.0000520414	0.2431097038	0.0000006171	0.5810774026
1	0.8131051186	0.0048507510	0.0719275670	0.1100825594	0.0000340041
1	0.8285346039	0.0019820112	0.0000060050	0.0009837539	0.1684936260
0	0.8036028801	0.0259005070	0.0340892792	0.1353936764	0.0010136574
0	0.1598047485	0.0000000000	0.7385936648	0.0882447024	0.0133568843
0	0.8164716554	0.0000037540	0.0083926237	0.0678504029	0.1072815641
0	0.1521520926	0.0000147667	0.1817896236	0.3950707712	0.2709727459
0	0.7523926656	0.2474416121	0.0001556671	0.0000000000	0.0000100552
0	0.2995007600	0.0390013948	0.3755757843	0.1510627204	0.1348593407
0	0.2270010481	0.2753052672	0.1312454379	0.2585845928	0.1078636540
0	0.7166011609	0.2094428695	0.0019778336	0.0004142576	0.0715638785
1	0.1943374667	0.0004403810	0.2562992705	0.5489228818	0.0000000000
1	0.1180219564	0.0159495865	0.0911853234	0.7396801601	0.0351629736
2	0.4716653929	0.0132816270	0.0003262773	0.1306606076	0.3840660951
1	0.0359005856	0.0139571657	0.9250522212	0.0006952911	0.0243947364
1	0.2532761903	0.0900442112	0.2166851086	0.0038231978	0.4361712922
0	0.8864497806	0.0045423569	0.0213773977	0.0876235014	0.0000069634
1	0.8349600240	0.0012032597	0.0000104090	0.0640627201	0.0997635872
1	0.0205939285	0.9623636847	0.0000026571	0.0071605062	0.0098792236
0	0.0478418916	0.0034663307	0.3088476877	0.6398440768	0.0000000132
2	0.0012990133	0.0092462227	0.7581144780	0.2282097276	0.0031305585
1	0.0920633434	0.1400062259	0.3722196581	0.0288737182	0.3668370544
0	0.1927037873	0.5355229390	0.0888060268	0.1770673763	0.0058998706
2	0.1488836034	0.2585297812	0.5120597718	0.0022967580	0.0782300856
0	0.2283861397	0.2780999022	0.1231130431	0.3704009151	0.0000000000
