1	0.0491374316	0.6460126662	0.0257002397	0.0036276322	0.2755220303
0	0.0181550094	0.0194970336	0.0237984423	0.9151114484	0.0234380663
0	0.3213004896	0.5149601069	0.1622895251	0.0000000005	0.0014498779
0	0.1143865031	0.5759595625	0.0304876131	0.0000681319	0.2790981894
1	0.4677538245	0.0179348509	0.0000000002	0.5142924711	0.0000188533
0	0.8867465171	0.0000026215	0.1109257871	0.0016755226	0.0006495518
1	0.1817618102	0.0001833942	0.7429461089	0.0130505206	0.0620581661
0	0.1209598140	0.0009965459	0.7451973647	0.0612286276	0.0716176478
0	0.4682975195	0.0076741510	0.0952978554	0.1310348496	0.2976956246
0	0.3117980184	0.0000000019	0.3159963058	0.3630165921	0.0091890817
0	0.1310435794	0.0000386538	0.4221937426	0.0000000000	0.4467240242
0	0.3578349524	0.5296014544	0.1125342785	0.0000000000	0.0000293146
0	0.0546400209	0.8950911776	0.0000000986	0.0000927232	0.0501759796
0	0.1852221223	0.7203638583	0.0013925052	0.0009157904	0.0921057239
0	0.4663830621	0.0030624623	0.1741763363	0.0448651495	0.3115129898
0	0.2401488966	0.1770146269	0.0204699014	0.5623665751	0.0000000000
0	0.7180248628	0.2110271353	0.0000052246	0.0254246463	0.0455181310
0	0.0384726515	0.0000002460	0.6700332348	0.0015995734	0.2898942943
1	0.3886625978	0.0258501344	0.5854803499	0.0000000000	0.0000069179
1	0.8092635137	0.0673563615	0.0011535441	0.1193614098	0.0028651710
1	0.0325581489	0.6677085627	0.0062481323	0.0000000012	0.2934851549
1	0.0301197610	0.5858752746	0.0000000000	0.0765091456	0.3074958188
0	0.3555352472	0.0000262958	0.6187150668	0.0000000000	0.0257233902
0	0.4030890418	0.0311729544	0.5639528894	0.0000547356	0.0017303789
1	0.3657398122	0.1466432109	0.0101386687	0.1316753979	0.3458029103
0	0.4303232013	0.0478114979	0.2904893407	0.0864612471	0.1449147130
0	0.5613491735	0.1233458568	0.0481789818	0.1094282763	0.1576977117
0	0.7192532173	0.0253947596	0.2552855056	0.0000040786	0.0000624390
0	0.1346470187	0.2409267235	0.0805974102	0.5438173842	0.0000114634
0	0.7492352934	0.1173247250	0.1243387664	0.0051676356	0.0039335796
1	0.3960807588	0.0180130974	0.4560933201	0.1249498260	0.0048629977
0	0.0119986323	0.7264122896	0.2093517799	0.0522372982	0.0000000000
0	0.8817444289	0.0032541115	0.0116711078	0.0000000016	0.1033303503
0	0.3066671947	0.0003103768	0.0932055322	0.5998168963	0.0000000000
1	0.0000323503	0.3580948385	0.0331669077	0.5858918233	0.0228140803
0	0.0002433424	0.0186471357	0.0003872466	0.0000000000	0.9807222753
0	0.6236747418	0.3320431732	0.0007062997	0.0435757853	0.0000000000
0	0.0194389147	0.4437157321	0.0000000000	0.5254636586	0.0113816946
1	0.2600305997	0.4118488501	0.0005013067	0.3261910081	0.0014282354
0	0.8394631097	0.0407113528	0.0936826211	0.0261429164	0.0000000000
1	0.6162595503	0.3007201311	0.0046206806	0.0782026481	0.0001969899
0	0.0762288145	0.2410996877	0.3632856471	0.0462199955	0.2731658553
1	0.9606153481	0.0000005127	0.0389897919	0.0000002359	0.0003941115
1	0.0002660771	0.5758733299	0.4204716466	0.0000888216	0.0033001249
1	0.4201194504	0.2016339449	0.3579552691	0.0158135583	0.0044777773
1	0.8356246764	0.1498035022	0.0000951839	0.0015957780	0.0128808595
0	0.4457594553	0.0000000343	0.2977300883	0.2422698321	0.0142405901
1	0.0462740480	0.0000022628	0.4848479950	0.4028982152	0.0659774790
0	0.0947266171	0.0002947675	0.6624239255	0.1791863696	0.0633683203
1	0.0997797753	0.0394754929	0.8586745737	0.0020701581	0.0000000000
0	0.3597541485	0.0000675622	0.5950922786	0.0036310831	0.0414549276
1	0.9808747397	0.0000000000	0.0107378261	0.0083874342	0.0000000000
0	0.0189967362	0.1646104740	0.0134146672	0.0030844948	0.7998936278
0	0.3850800757	0.2968544574	0.3169132887	0.0010904491	0.0000617292
1	0.3206903520	0.0182029061	0.3965048583	0.0207700979	0.2438317857
1	0.5269120443	0.0005065246	0.3524584674	0.0962598699	0.0238630937
0	0.9012415081	0.0001762424	0.0142939243	0.0814820741	0.0028062510
0	0.3688062278	0.0006051436	0.6022061327	0.0000000000	0.0283824959
0	0.2361441688	0.0168350026	0.0688276399	0.0000013265	0.6781918621
1	0.0004159115	0.0039704106	0.6767672403	0.0000762079	0.3187702296
0	0.1793588730	0.2786080480	0.3139152538	0.0854573630	0.1426604622
0	0.0893167452	0.5704515806	0.0844929368	0.0000300291	0.2557087084
1	0.0498683954	0.5775904953	0.2668657182	0.0951407821	0.0105346090
1	0.0516016826	0.2410794994	0.1518373742	0.3802307457	0.1752506981
1	0.8687347264	0.0001411252	0.1031558183	0.0154196375	0.0125486926
1	0.3626260175	0.0000000000	0.1714349502	0.4659388457	0.0000001866
0	0.0164237172	0.0863735114	0.8971465568	0.0000125732	0.0000436413
0	0.3764002405	0.0475239625	0.4778713997	0.0092428750	0.0889615224
0	0.3977808843	0.5541168021	0.0000229167	0.0480086306	0.0000707664
0	0.6385334258	0.0011042255	0.0206003107	0.1247480000	0.2150140380
0	0.8997471525	0.0740761278	0.0261767196	0.0000000001	0.0000000000
0	0.0283896375	0.4467843606	0.4991243544	0.0007466383	0.0249550093
0	0.0000000007	0.0960310399	0.8143812644	0.0895876950	0.0000000000
1	0.0000566306	0.0007586497	0.8417185409	0.0628070335	0.0946591454
1	0.0000006137	0.0000000000	0.7220917093	0.2624414038	0.0154662731
0	0.5219907969	0.2418301511	0.2356756868	0.0002357122	0.0002676531
0	0.5922100585	0.0467943765	0.3609944064	0.0000000000	0.0000011585
0	0.8213375669	0.0727810876	0.0943189651	0.0115622823	0.0000000981
0	0.1672580254	0.1545217054	0.4443057953	0.1257418697	0.1081726043
0	0.2923107211	0.0000000000	0.0095649518	0.5087354898	0.1893888373
0	0.5577200335	0.0004395949	0.0643987146	0.0005981822	0.3768434748
0	0.1725526276	0.3611390546	0.1372511752	0.3269105788	0.0021465638
0	0.8088369465	0.0554163886	0.0064554259	0.0450123260	0.0842789129
1	0.2276592593	0.0260330999	0.3851566911	0.0178782127	0.3432727370
0	0.5316027674	0.0422695386	0.3164413324	0.1096863616	0.0000000000
1	0.0000078788	0.0133711540	0.0003553467	0.5854293763	0.4008362443
0	0.0255126369	0.3410589530	0.3937915168	0.0798770838	0.1597598094
1	0.3982393463	0.0000000000	0.5935261595	0.0000004088	0.0082340853
1	0.0007476006	0.9880971053	0.0057226086	0.0054303144	0.0000023711
1	0.0000000000	0.6511319025	0.0465459736	0.0000023219	0.3023198020
0	0.0490627860	0.1952012237	0.7315237716	0.0061534802	0.0180587385
1	0.5304112531	0.0195359496	0.4159743773	0.0000089246	0.0340694954
0	0.5088303863	0.0031503990	0.0085851675	0.0250341117	0.4543999356
1	0.9204101730	0.0033736542	0.0012727374	0.0079738532	0.0669695823
1	0.0165734120	0.2776556876	0.2244394549	0.4370731005	0.0442583450
0	0.8976172131	0.0003491944	0.0188602091	0.0000003040	0.0831730794
2	0.0398657844	0.6760233944	0.1887519233	0.0000000000	0.0953588978
2	0.2612779224	0.3397828378	0.3614610794	0.0000000017	0.0374781587
0	0.0014525933	0.0000619436	0.1075897130	0.8907939342	0.0001018159
0	0.8099911100	0.0000058313	0.0584575205	0.0396289828	0.0919165554
