0	0.5504172956	0.0116608449	0.4379218337	0.0000000000	0.0000000258
0	0.6938773406	0.1655131557	0.0871470530	0.0534612973	0.0000011534
0	0.2788083941	0.0552320858	0.4703925539	0.1945934084	0.0009735579
0	0.0005938717	0.0000222214	0.1859905133	0.3328453637	0.4805480299
2	0.5919839634	0.0008473959	0.1702064262	0.1987759483	0.0381862661
0	0.1465848294	0.0033224950	0.1677018375	0.0504881908	0.6319026473
1	0.0000000000	0.0000116416	0.8937540727	0.1033024082	0.0029318775
0	0.3569102047	0.0002428949	0.0453185577	0.0002216621	0.5973066806
0	0.6384857685	0.0013640054	0.2269683551	0.1307206047	0.0024612663
1	0.2800554993	0.2231770273	0.0156040219	0.0000073678	0.4811560837
1	0.9254540716	0.0000000000	0.0124535057	0.0620909682	0.0000014545
0	0.9003613985	0.0064691406	0.0918225173	0.0012915142	0.0000554295
0	0.7185343445	0.2578716608	0.0187338246	0.0048585439	0.0000016261
0	0.0006947556	0.0002320782	0.9518108473	0.0245228928	0.0227394260
1	0.2709803624	0.3283009104	0.3986940431	0.0020246841	0.0000000000
0	0.5634120891	0.0430170477	0.3234023189	0.0028883328	0.0672802116
0	0.1100086782	0.0257977143	0.5343720041	0.1518143221	0.1780072814
0	0.5721408626	0.0730555112	0.3523270339	0.0021957314	0.0002808609
1	0.3260638242	0.0031243900	0.3332292241	0.3375825617	0.0000000000
0	0.2237130563	0.0457009208	0.4462172421	0.0000095570	0.2843592237
1	0.0000000619	0.0002925909	0.0000002268	0.4480942708	0.5516128496
1	0.1180599446	0.1302337894	0.7465983627	0.0050716438	0.0000362596
0	0.0687690547	0.6126167641	0.1908814401	0.0065120627	0.1212206783
0	0.3938548844	0.5251749836	0.0000139624	0.0066517466	0.0743044230
1	0.7896086244	0.0000001223	0.1332842107	0.0771070406	0.0000000020
1	0.0952066259	0.0799807857	0.7889109169	0.0031595901	0.0327420815
0	0.0098960046	0.9363279454	0.0424944021	0.0112058218	0.0000758262
1	0.0205604803	0.0000000007	0.1444743657	0.7709170818	0.0640480715
1	0.2663716399	0.0396662731	0.0593898096	0.3072492270	0.3273230504
0	0.2203578453	0.0028714200	0.7582256719	0.0001139514	0.0184311114
1	0.0011302760	0.1027047043	0.2744608628	0.0000000000	0.6217041570
0	0.0363934064	0.0313551253	0.3681007799	0.5641491743	0.0000015141
0	0.1206152872	0.4569808915	0.2111864270	0.2112155398	0.0000018545
1	0.7424724800	0.0232115727	0.0296397905	0.1630867437	0.0415894131
0	0.6029004537	0.0757585930	0.1370175934	0.0216738932	0.1626494666
1	0.9134039183	0.0030656458	0.0166211032	0.0000000000	0.0669093327
1	0.7311489590	0.0266698780	0.0458984738	0.0000000000	0.1962826891
1	0.0000461546	0.0137610763	0.0000085004	0.9740019097	0.0121823591
0	0.0919722014	0.0052380820	0.9025184318	0.0002708072	0.0000004775
1	0.0033271135	0.9768325241	0.0157934967	0.0040468658	0.0000000000
0	0.6836774596	0.0004436291	0.2624090826	0.0235897430	0.0298800856
0	0.4667063561	0.0000160115	0.4293913799	0.0000000506	0.1038862019
0	0.0174575486	0.8331034572	0.1457794579	0.0036593293	0.0000002070
1	0.0182982083	0.0026350354	0.8294998128	0.0033093849	0.1462575586
1	0.0008437195	0.8070277236	0.0853869988	0.1057210981	0.0010204600
1	0.7430954772	0.2328005514	0.0049717667	0.0082922435	0.0108399611
0	0.3547854904	0.0061857129	0.0121431916	0.0848689577	0.5420166474
0	0.9219977333	0.0000008694	0.0776326606	0.0003648502	0.0000038864
0	0.0777166270	0.0162281743	0.4522924824	0.0320284550	0.4217342612
2	0.4314520327	0.0574069935	0.0000000001	0.4901466169	0.0209943568
0	0.3076424067	0.0953156668	0.1133823301	0.3960425965	0.0876169998
0	0.0701707463	0.4998055438	0.3722700939	0.0063553492	0.0513982668
1	0.7201808548	0.1879283369	0.0845649991	0.0056923353	0.0016334738
1	0.7406868150	0.0000936957	0.0000000000	0.0253777549	0.2338417344
0	0.6159757831	0.1902065596	0.0027855999	0.0671883747	0.1238436827
1	0.9994802288	0.0000002363	0.0000068155	0.0001221640	0.0003905555
0	0.8581334355	0.0152117762	0.0162172595	0.1012365682	0.0092009605
1	0.0000932414	0.1573012246	0.2803935032	0.0398800803	0.5223319505
0	0.7117144859	0.0111133584	0.2539697919	0.0232018733	0.0000004904
0	0.0284992207	0.0878559628	0.6073120381	0.2763327784	0.0000000000
0	0.0677250154	0.0268453345	0.2719944904	0.1800365538	0.4533986060
0	0.0891745300	0.1931654057	0.3732382296	0.0785104003	0.2659114343
0	0.2921327086	0.0031329514	0.6743037310	0.0304301213	0.0000004877
0	0.0594955477	0.0338899040	0.0157628044	0.8837428698	0.0071088741
0	0.1978763239	0.3286352935	0.0078850088	0.4208395158	0.0447638580
0	0.3401805852	0.0022449999	0.0123585362	0.2945195965	0.3506962822
1	0.0387757844	0.0000000076	0.3017003546	0.4186283783	0.2408954750
0	0.8371550525	0.0373897027	0.1238476932	0.0000000000	0.0016075516
0	0.0782108906	0.0518869598	0.4878231100	0.3820780252	0.0000010144
0	0.7843986626	0.0039629043	0.1088857151	0.0011916487	0.1015610693
1	0.4477952330	0.0792505906	0.1481791518	0.0643870604	0.2603879641
0	0.5563532345	0.0992273270	0.2903252892	0.0004419618	0.0536521874
1	0.0880437064	0.0265709444	0.7324922872	0.0582467351	0.0946463269
1	0.6910573045	0.0895267048	0.0004610317	0.2189549591	0.0000000000
0	0.4363023912	0.3115853108	0.0001613386	0.0061168574	0.2458341020
1	0.0178274222	0.0044349857	0.8638863058	0.1138512864	0.0000000000
1	0.0350553274	0.0000000000	0.0026427713	0.3231595446	0.6391423566
0	0.0000011385	0.0384129709	0.8037635973	0.0000000000	0.1578222933
0	0.2671536867	0.0007556734	0.4984848855	0.2101928960	0.0234128583
0	0.0597745957	0.0061601485	0.6608010438	0.0033421143	0.2699220977
0	0.6439647733	0.2881702379	0.0000002050	0.0678647838	0.0000000000
0	0.7327465280	0.0017993246	0.1706442491	0.0847156064	0.0100942919
0	0.7857262488	0.0803567001	0.0374058335	0.0909249282	0.0055862894
2	0.6771292290	0.0225750284	0.0623296531	0.0184817351	0.2194843544
1	0.0084451646	0.0004861477	0.8050673980	0.1776549890	0.0083463008
0	0.5937419817	0.0000006399	0.2227711291	0.1834004993	0.0000857501
0	0.3734907345	0.0053589542	0.2161679010	0.3765931350	0.0283892753
0	0.0888074641	0.0188126288	0.8552083515	0.0371712722	0.0000002835
0	0.1340128802	0.0320342659	0.0861295043	0.0700518560	0.6777714935
0	0.1282480992	0.0043392385	0.6660135759	0.0002800885	0.2011189978
1	0.0036365027	0.0447449851	0.0019010643	0.0137721856	0.9359452623
0	0.9961340649	0.0000000000	0.0038643525	0.0000000000	0.0000015827
0	0.3389423945	0.1551304239	0.2476618485	0.2354632405	0.0228020925
0	0.4311432052	0.0000000326	0.0222207382	0.5440053549	0.0026306691
0	0.7121358337	0.0058327558	0.2749487428	0.0070826509	0.0000000168
0	0.3817391176	0.5242224599	0.0763051776	0.0145094750	0.0032237699
0	0.4768159653	0.1841023586	0.2568476245	0.0779338987	0.0043001528
0	0.4526711159	0.4831584607	0.0279150529	0.0331564945	0.0030988760
0	0.6299589692	0.0002380665	0.0000000011	0.3696384575	0.0001645057
0	0.0081649606	0.0384970062	0.9028207513	0.0505172820	0.0000000000
