0	0.0016909380	0.0000076509	0.9896246105	0.0086763753	0.0000004254
1	0.6299794072	0.0792951036	0.2078213410	0.0828845730	0.0000195752
0	0.2791584774	0.1687399676	0.1770816859	0.1517585964	0.2232612727
1	0.3702717882	0.2433324237	0.2905433968	0.0000000000	0.0958523913
1	0.9882411494	0.0000250479	0.0067440413	0.0040016930	0.0009880683
1	0.4989606289	0.1697460754	0.0966653360	0.1091666033	0.1254613564
0	0.0009017543	0.0000000000	0.9417286993	0.0114356423	0.0459339040
0	0.2843036832	0.3089062296	0.2398666972	0.0000000037	0.1669233864
0	0.2518756808	0.0795572161	0.0202559117	0.0201100261	0.6282011654
1	0.1911040000	0.0000000872	0.0596589455	0.7290157616	0.0202212057
0	0.0565591814	0.4096224783	0.4594617805	0.0743565572	0.0000000026
1	0.7735587617	0.0935001415	0.0000040258	0.1329363904	0.0000006805
1	0.8644982144	0.0073047735	0.0876101918	0.0000000025	0.0405868178
0	0.0317201532	0.3571600489	0.0848253944	0.0031447781	0.5231496254
0	0.4742355580	0.1036283183	0.4146068753	0.0041068857	0.0034223627
1	0.0474107648	0.2870671820	0.5658300620	0.0963336231	0.0033583682
0	0.1966668995	0.1827022900	0.0000000000	0.0567989912	0.5638318193
0	0.0222201555	0.0258279630	0.5656999239	0.3748943234	0.0113576342
1	0.3538762683	0.0941498165	0.0257914259	0.4963831616	0.0297993277
0	0.0024646944	0.9497902573	0.0000000000	0.0477444870	0.0000005613
0	0.2348266800	0.0065923633	0.5315404211	0.0000004058	0.2270401298
0	0.5778478662	0.0199757152	0.3011207091	0.0145482469	0.0865074626
0	0.1628269770	0.0182698885	0.6957719241	0.0137324599	0.1093987505
0	0.4545169047	0.0072846551	0.3794217711	0.1553776783	0.0033989909
0	0.5615374110	0.0058233957	0.0205385235	0.0111875234	0.4009131464
1	0.1091395204	0.4337123499	0.2838795364	0.1283390284	0.0449295649
0	0.3587390885	0.2700434409	0.3711919170	0.0000238899	0.0000016637
0	0.1448564276	0.0834186285	0.7662917340	0.0000000785	0.0054331315
0	0.3517873051	0.0026023906	0.5622183092	0.0004671044	0.0829248907
2	0.1883728402	0.0110099787	0.0000000000	0.8001248548	0.0004923262
0	0.0038367078	0.0192944706	0.1583030417	0.7722904979	0.0462752819
0	0.0017474355	0.0000000000	0.9681159280	0.0300856160	0.0000510206
0	0.6869182132	0.0000000000	0.0269271270	0.2861536014	0.0000010585
0	0.3928043074	0.1187794894	0.0001710470	0.4877955383	0.0004496178
1	0.2870793720	0.4251060773	0.2189901303	0.0313332931	0.0374911273
2	0.0180687290	0.0245010362	0.9181444042	0.0338568596	0.0054289710
1	0.0091100063	0.0084968481	0.9731934469	0.0002274292	0.0089722696
0	0.1880201236	0.0000000000	0.6847505522	0.0278747450	0.0993545792
0	0.3251894377	0.4259212353	0.0043573949	0.0050984971	0.2394334350
0	0.0008777323	0.4884479713	0.2441601121	0.2107736719	0.0557405123
0	0.0214068646	0.0009067681	0.3263412145	0.3900393767	0.2613057761
2	0.6653579942	0.0000000003	0.0246316987	0.2649399969	0.0450703099
0	0.0654642280	0.0000429684	0.7189651986	0.2155247343	0.0000028707
1	0.9920347450	0.0000649833	0.0002850781	0.0031115341	0.0045036595
0	0.0048338940	0.0003743728	0.9663201589	0.0250264145	0.0034451598
0	0.6904398847	0.0012196059	0.2830186982	0.0000000002	0.0253218111
1	0.2558179551	0.0023775283	0.4337436745	0.1456856768	0.1623751653
1	0.0514778834	0.0000004350	0.0236321398	0.6243490419	0.3005404999
1	0.0132133677	0.0014216014	0.0000954103	0.4473851929	0.5378844277
1	0.2305097098	0.4570970853	0.0038830589	0.3085101460	0.0000000000
1	0.1129735547	0.3512314207	0.5124272132	0.0233678114	0.0000000000
1	0.1540335861	0.0007050753	0.1628393168	0.4526652412	0.2297567806
2	0.3085458611	0.0000000000	0.2015370908	0.4897100490	0.0002069992
0	0.0001111780	0.0013231553	0.6936276432	0.3025927802	0.0023452433
0	0.3815573941	0.0261462788	0.2195595921	0.0006154706	0.3721212643
0	0.1211392654	0.3217103139	0.4724799892	0.0464453359	0.0382250955
1	0.1533546973	0.2468756955	0.2237801538	0.3759894526	0.0000000008
0	0.0249687096	0.0000000000	0.9331446690	0.0000027326	0.0418838888
1	0.4658125884	0.0166428558	0.4886085267	0.0003300028	0.0286060263
1	0.4724886869	0.4788203214	0.0457362959	0.0005461265	0.0024085693
0	0.5950783667	0.0000000008	0.0845344094	0.0016073327	0.3187798905
2	0.3451435859	0.0223826041	0.6286224996	0.0000604628	0.0037908476
1	0.2782646594	0.0235849941	0.5888796824	0.0419005756	0.0673700886
0	0.7044182416	0.0123483447	0.0715148029	0.0218823564	0.1898362544
0	0.0000271806	0.1873575653	0.7965612862	0.0150930630	0.0009609049
0	0.5989783862	0.2212229713	0.1589182166	0.0208735896	0.0000068364
0	0.1464730172	0.1935175961	0.5948840646	0.0459985485	0.0191267737
0	0.7995791070	0.1187488711	0.0721849221	0.0000000000	0.0094870998
0	0.4668452995	0.0000000079	0.4641839875	0.0668962020	0.0020745030
1	0.0832149095	0.0131493516	0.2180380085	0.0241332654	0.6614644650
2	0.0182654130	0.0000000000	0.9298841552	0.0300703196	0.0217801122
1	0.4979008508	0.3593898114	0.0748892654	0.0678194115	0.0000006610
0	0.1124703034	0.0000001315	0.5288151198	0.3110400349	0.0476744104
0	0.1314482179	0.0021613392	0.7642507058	0.0010867977	0.1010529394
0	0.2595602472	0.0288815751	0.7115581776	0.0000000000	0.0000000000
0	0.1062454630	0.0000000000	0.4114174902	0.0028092964	0.4795277504
0	0.0329546836	0.0654546174	0.0133689971	0.8882217018	0.0000000000
1	0.7800497510	0.0102692543	0.0167687312	0.1929122635	0.0000000000
0	0.0000001118	0.7311046380	0.0605970111	0.1272801870	0.0810180521
0	0.0045095038	0.4232124476	0.0150340141	0.0068544239	0.5503896106
0	0.1246821767	0.0000000000	0.1007434007	0.2632041018	0.5113703208
0	0.0091237794	0.0009391056	0.0584950692	0.9313924909	0.0000495548
0	0.0020015722	0.6321354935	0.3276861845	0.0381764470	0.0000003028
0	0.0285881872	0.7232723364	0.1880624205	0.0000348646	0.0600421913
1	0.7756218723	0.0010410563	0.0438411962	0.0291110979	0.1503847774
0	0.2101586129	0.1153393689	0.0002196503	0.6608369641	0.0134454038
0	0.0000000000	0.0003922199	0.9988788194	0.0002252404	0.0005037203
0	0.7157711044	0.2200327596	0.0035694817	0.0000003779	0.0606262763
0	0.7923400959	0.0001184756	0.2070286074	0.0004313031	0.0000815179
0	0.1138202691	0.2685631497	0.6171422594	0.0002206880	0.0002536338
0	0.0926305233	0.4076029549	0.0819725652	0.3679196064	0.0498743502
2	0.0357615818	0.0338663169	0.3791794848	0.5511816297	0.0000109868
1	0.2729788889	0.0025646673	0.0037989982	0.4505188142	0.2701386313
0	0.0144211082	0.0000000000	0.8699722039	0.0071691156	0.1084375724
0	0.5808610877	0.2175985682	0.1872371340	0.0023744198	0.0119287903
0	0.9102140521	0.0000000000	0.0236203362	0.0144960543	0.0516695575
1	0.9948694560	0.0000010020	0.0000000000	0.0000040234	0.0051255186
1	0.0713361429	0.1628061518	0.6931416819	0.0727132659	0.0000027575
0	0.7161474455	0.0137567884	0.1136240860	0.1183971480	0.0380745320
1	0.0243843723	0.2009724205	0.4870821380	0.2768894548	0.0106716144
