0	0.9999548733	0.0000000015	0.0000358306	0.0000028566	0.0000064380
0	0.1203512832	0.0106628063	0.6311418523	0.0195641854	0.2182798729
1	0.0029445633	0.0000000000	0.8770756353	0.0044393904	0.1155404110
1	0.6814954819	0.0005297711	0.0005462392	0.1529504471	0.1644780607
0	0.3739244159	0.1957907948	0.4144173324	0.0000000000	0.0158674569
0	0.8842296922	0.0072635353	0.0299914868	0.0468673153	0.0316479705
0	0.3198163528	0.1767649523	0.0000000030	0.5034186918	0.0000000000
0	0.0001008617	0.2623043052	0.5165955296	0.2209993036	0.0000000000
0	0.4848088309	0.0000000000	0.3628092541	0.0379874047	0.1143945103
0	0.6192156308	0.3194431934	0.0070690658	0.0441566340	0.0101154761
1	0.8555652150	0.1182961035	0.0000287675	0.0222947610	0.0038151530
0	0.6659537015	0.0302721401	0.1198685499	0.1839056085	0.0000000000
0	0.2650590484	0.0160021729	0.7062737909	0.0000058415	0.0126591464
0	0.7734765908	0.0559237578	0.0612742723	0.0003052581	0.1090201209
0	0.3036454238	0.0788211684	0.2145337971	0.2811957850	0.1218038257
1	0.0343739283	0.0000021282	0.1884914921	0.7630632661	0.0140691853
1	0.0057117276	0.0107675475	0.0447788016	0.9387352943	0.0000066290
0	0.0866291364	0.1873615494	0.1555901656	0.5704191486	0.0000000000
0	0.0000000000	0.0396416045	0.9501690567	0.0101893343	0.0000000046
0	0.8240711665	0.0000000000	0.0705105541	0.0869050937	0.0185131856
0	0.0259172023	0.0684400754	0.8669114701	0.0000000027	0.0387312495
0	0.2055102697	0.1897817651	0.2903862820	0.2374250901	0.0768965931
0	0.2357151349	0.0848451584	0.2020092380	0.0000001573	0.4774303114
1	0.0121466526	0.0078299105	0.8301883255	0.1498350861	0.0000000253
0	0.7710522589	0.0375868263	0.1538984823	0.0013515532	0.0361108793
0	0.3634099599	0.2142257735	0.0984296610	0.3239346046	0.0000000010
0	0.1291221610	0.0003232778	0.8175419708	0.0453830712	0.0076295192
0	0.3765480773	0.3554439167	0.2609948200	0.0000000000	0.0070131860
1	0.3660093826	0.1647374179	0.2126747614	0.2558507806	0.0007276575
2	0.3566048774	0.0000000000	0.5935569029	0.0000000515	0.0498381682
0	0.3902314327	0.0000677612	0.3511697159	0.0000000000	0.2585310902
0	0.0001820987	0.1867606768	0.7299037960	0.0641304285	0.0190230000
1	0.0853555016	0.0000011303	0.0000000000	0.0000000000	0.9146433680
0	0.4593276268	0.2359171483	0.1469086677	0.0323774057	0.1254691515
0	0.0225990618	0.9217921369	0.0197978673	0.0000000874	0.0358108466
0	0.0045761866	0.0710133813	0.5665344257	0.3578760064	0.0000000000
1	0.8549631279	0.0051887333	0.0764363742	0.0623739753	0.0010377893
0	0.0185303408	0.1170273031	0.8467544752	0.0136215936	0.0040662873
0	0.4284272508	0.0189176963	0.0273407181	0.5253106515	0.0000036833
1	0.0174823204	0.7171401058	0.2506715511	0.0147060156	0.0000000071
1	0.2317050735	0.6259035761	0.0025239822	0.0000326769	0.1398346913
0	0.8655003140	0.0000000022	0.1344993920	0.0000000000	0.0000002918
0	0.1623674399	0.0097421164	0.7083853326	0.0942959451	0.0252091660
0	0.0000000000	0.3567318959	0.5014778503	0.0473940323	0.0943962215
0	0.7793797259	0.0020856169	0.2091934030	0.0000954206	0.0092458337
1	0.1699714778	0.0224122269	0.0009672893	0.0548507534	0.7517982526
0	0.2843344229	0.0000000029	0.3858623750	0.0394911344	0.2903120648
0	0.5633347017	0.0004681663	0.4297308240	0.0061116343	0.0003546737
1	0.0018232948	0.0196599559	0.9783803704	0.0000003583	0.0001360205
0	0.1473799185	0.0185408550	0.0043756787	0.0041336479	0.8255698999
1	0.0346024569	0.0083761680	0.0556642275	0.9013210227	0.0000361249
0	0.1180746811	0.8648235162	0.0038296451	0.0000009711	0.0132711865
1	0.0000163305	0.7760528146	0.0001344659	0.2145857555	0.0092106335
1	0.0098078610	0.5221372011	0.0000000000	0.4113884264	0.0566665115
0	0.5863038514	0.4066638479	0.0069257546	0.0000000309	0.0001065152
1	0.1539070463	0.5772178604	0.2001044344	0.0497544902	0.0190161687
0	0.2835841910	0.3785806214	0.3073367208	0.0298912533	0.0006072135
0	0.3096698331	0.0103787007	0.4635906800	0.0798589124	0.1365018738
1	0.9133536733	0.0000002311	0.0010889042	0.0741315050	0.0114256864
0	0.3797934909	0.2049758583	0.3664210015	0.0029816372	0.0458280121
0	0.0328059194	0.5196674078	0.0003351829	0.0002303831	0.4469611068
1	0.0559631072	0.0000000000	0.0196517664	0.8888808794	0.0355042469
1	0.0181459314	0.3300809625	0.5602064059	0.0915667001	0.0000000000
0	0.3078976987	0.6611268780	0.0300359239	0.0002371671	0.0007023323
1	0.5296656782	0.0224251900	0.3797830124	0.0000055936	0.0681205258
1	0.0271403975	0.4298444312	0.5170918251	0.0202247814	0.0056985649
0	0.1147395370	0.8121955223	0.0057121125	0.0673528282	0.0000000000
1	0.1945836990	0.0194980194	0.3370006675	0.2815809822	0.1673366319
0	0.2842419725	0.0000729398	0.0091167990	0.7065682886	0.0000000001
0	0.3618440151	0.0164625764	0.1619216590	0.4597698302	0.0000019193
2	0.0011797285	0.2216986881	0.7493896192	0.0277319642	0.0000000000
0	0.0585310351	0.2111926133	0.4657989444	0.0077072669	0.2567701403
0	0.6119788356	0.0036773255	0.1142310858	0.1848483995	0.0852643535
0	0.5939180096	0.0215288154	0.0000985045	0.3261427174	0.0583119531
0	0.9034795953	0.0814707852	0.0030357361	0.0000000000	0.0120138834
1	0.8025941135	0.0000937085	0.0395447513	0.1251718053	0.0325956214
1	0.3420082795	0.3760316665	0.0237112949	0.1321548523	0.1260939067
0	0.0031769106	0.1157995861	0.0057423280	0.0332626568	0.8420185185
1	0.1989975866	0.2504576558	0.1469905395	0.2789276656	0.1246265526
1	0.3247008817	0.0000000214	0.5965473376	0.0787517593	0.0000000000
0	0.0609886353	0.4789753284	0.4472529038	0.0127773902	0.0000057424
0	0.6826842140	0.3092276339	0.0001994625	0.0078886854	0.0000000042
0	0.4102093724	0.0450623521	0.5215394438	0.0001410492	0.0230477826
1	0.3028368762	0.0001070562	0.1398615552	0.0000035179	0.5571909945
0	0.0745146554	0.2953623920	0.6301171140	0.0000018338	0.0000040049
1	0.1975061546	0.1179635351	0.6468610368	0.0376619535	0.0000073199
0	0.2006965544	0.2955414603	0.4667861521	0.0035449618	0.0334308715
0	0.0844113529	0.0156338491	0.4210317491	0.3959111799	0.0830118690
0	0.0134080572	0.0000000000	0.5574227319	0.4291692109	0.0000000000
0	0.5810451190	0.3613223067	0.0005370937	0.0024520177	0.0546434630
1	0.6290954581	0.0001563053	0.2625710639	0.0000000000	0.1081771727
1	0.3406363409	0.4187616834	0.0675397016	0.1482953548	0.0247669193
0	0.8180122367	0.0153352122	0.0005740186	0.0025977042	0.1634808283
0	0.0469756750	0.0003529398	0.9362126290	0.0164582309	0.0000005252
0	0.1631737794	0.0057371859	0.0715651237	0.5157149650	0.2438089461
1	0.9910999342	0.0002113973	0.0000000002	0.0069478739	0.0017407943
1	0.0305299511	0.0008844417	0.9672245306	0.0000298286	0.0013312480
1	0.5075788294	0.0013260642	0.2087234479	0.0000000000	0.2823716585
2	0.1403777045	0.8576981964	0.0000000000	0.0009395194	0.0009845796
0	0.6908953462	0.0393910350	0.0039149325	0.0002310128	0.2655676735
