1	0.1564488666	0.0520969995	0.7712525338	0.0009454976	0.0192561025
0	0.6493131948	0.0470640211	0.0000000000	0.3035191437	0.0001036404
0	0.3966219978	0.0092700211	0.3312842388	0.1942896357	0.0685341065
0	0.2655620352	0.3394323629	0.3870716345	0.0061850511	0.0017489163
0	0.2867746999	0.0000000211	0.0369076045	0.6748386641	0.0014790104
0	0.5252145625	0.2138114661	0.2413476839	0.0000000025	0.0196262850
0	0.0565400891	0.0036974427	0.0701678831	0.0517194897	0.8178750954
1	0.4944858293	0.1613862979	0.0150812435	0.3290463647	0.0000002647
0	0.7068466523	0.0000002484	0.2703195245	0.0152735245	0.0075600503
0	0.1957992665	0.0004478530	0.3000065701	0.0994137486	0.4043325618
1	0.0480494656	0.0042273715	0.0054503700	0.8038818780	0.1383909148
1	0.0397535730	0.0217736060	0.6310933386	0.3050405804	0.0023389019
0	0.0044546079	0.0995351736	0.2827611449	0.5058604488	0.1073886249
1	0.0355145873	0.1643248484	0.0008113509	0.1675614976	0.6317877158
0	0.1671080491	0.0000000000	0.8127467716	0.0196436386	0.0005015407
0	0.0280393945	0.0000018450	0.1934654870	0.7784930231	0.0000002504
0	0.7239508089	0.0000269532	0.0014794348	0.0026003718	0.2719424313
1	0.6717919088	0.0000000004	0.3075456063	0.0124683477	0.0081941368
0	0.1255035078	0.0505861893	0.0866228999	0.7372594547	0.0000279484
0	0.0043896624	0.0210608280	0.9736328151	0.0009166945	0.0000000000
1	0.7029348087	0.0015930236	0.2142642317	0.0809805694	0.0002273666
1	0.3913303204	0.0219054548	0.0984339943	0.4832214250	0.0051088056
0	0.0135864835	0.0477962623	0.9376570848	0.0000000000	0.0009601694
0	0.3083795394	0.0003685658	0.6474920270	0.0421169653	0.0016429025
0	0.0684025620	0.0214158159	0.0709964867	0.1921068897	0.6470782458
1	0.9661653466	0.0000000000	0.0000226562	0.0172253452	0.0165866520
1	0.0199416940	0.0155774077	0.9639670117	0.0005061788	0.0000077078
0	0.0155464433	0.0237446960	0.1233892745	0.0000000000	0.8373195862
1	0.1932106845	0.0097039236	0.7551526282	0.0418194430	0.0001133207
0	0.1518316810	0.4105816060	0.3333067400	0.0838666220	0.0204133510
0	0.0278958068	0.0058699906	0.9182456777	0.0000000001	0.0479885249
1	0.5138648340	0.3187085058	0.0699068443	0.0975142601	0.0000055559
0	0.6220492374	0.0381309358	0.3385872591	0.0011920835	0.0000404842
0	0.8970751380	0.0005967109	0.0000000000	0.0026795088	0.0996486423
0	0.8010149477	0.0000003458	0.0495750577	0.1436360868	0.0057735620
0	0.4637647023	0.0467815924	0.0000000057	0.0000000001	0.4894536995
0	0.3372327510	0.2531435526	0.2274749212	0.0124850262	0.1696637491
0	0.7950184840	0.0015406029	0.1292459971	0.0021375492	0.0720573668
0	0.3734028577	0.5874637256	0.0377974902	0.0000000000	0.0013359265
0	0.1874997951	0.0160051713	0.4137928460	0.1395740572	0.2431281304
1	0.8070058907	0.0003826189	0.0150078655	0.0489333438	0.1286702812
0	0.0001147165	0.0002886698	0.7711488979	0.2045212575	0.0239264583
0	0.2323185260	0.0000019783	0.2412616564	0.3103858969	0.2160319423
0	0.7671730355	0.0000824745	0.1850238863	0.0258078407	0.0219127630
0	0.9971550758	0.0003326964	0.0016815997	0.0007978769	0.0000327512
0	0.0569500406	0.0112513097	0.8773361563	0.0544623927	0.0000001007
1	0.0468336611	0.0000102626	0.6303595332	0.1265457209	0.1962508221
1	0.8822934982	0.0622776774	0.0526462730	0.0027825513	0.0000000000
2	0.2060028058	0.0007534963	0.7165019394	0.0000000000	0.0767417585
1	0.1866890287	0.0129241225	0.0823666732	0.6423203713	0.0756998043
0	0.0636675653	0.6452070524	0.0000032762	0.0290570485	0.2620650577
1	0.6361714907	0.0293848496	0.3310628688	0.0033807904	0.0000000004
0	0.6086276752	0.0920365513	0.0308361002	0.2684996733	0.0000000000
0	0.8250210903	0.0668535410	0.1013106918	0.0068146717	0.0000000053
0	0.0009298539	0.1079719766	0.1528683406	0.0384512738	0.6997785551
1	0.8725113776	0.0000000001	0.0089649059	0.1082912178	0.0102324987
0	0.7775049741	0.0000008434	0.1568845012	0.0002076129	0.0654020684
0	0.0711910034	0.1082039805	0.1915289578	0.4763597063	0.1527163520
0	0.0421969123	0.0000000001	0.9535345102	0.0009723494	0.0032962280
0	0.3272219040	0.5926008695	0.0000108684	0.0696777194	0.0104886386
0	0.1156463010	0.1461926532	0.1412811821	0.2712863466	0.3255935171
0	0.0596578810	0.1401789134	0.1507509712	0.0914900310	0.5579222034
0	0.5022099180	0.1818457991	0.0757609362	0.1683962371	0.0717871096
0	0.0183738883	0.2489428701	0.2947058646	0.4379773770	0.0000000000
0	0.0342384338	0.1350189090	0.4956240385	0.0000000000	0.3351186187
0	0.4653992287	0.0161093282	0.3961546158	0.0000000026	0.1223368247
0	0.9768049537	0.0000003072	0.0142937008	0.0022794211	0.0066216172
0	0.8722995387	0.0232922236	0.0472284812	0.0004643390	0.0567154175
1	0.4997084933	0.0593436479	0.2726902221	0.0130585827	0.1551990540
0	0.3026437471	0.0863566916	0.0009473894	0.6100521647	0.0000000072
0	0.0245814801	0.1202409162	0.4736451937	0.0520615190	0.3294708910
0	0.9997910721	0.0002022840	0.0000000014	0.0000066425	0.0000000000
0	0.0009232232	0.0077129889	0.6272108352	0.1284044618	0.2357484910
0	0.0849191483	0.6077059899	0.0784754361	0.0832468939	0.1456525318
0	0.1605116932	0.0000000000	0.8317466404	0.0001550487	0.0075866177
0	0.6974594720	0.0001297773	0.0680785793	0.2283412316	0.0059909397
0	0.6458480835	0.0014726520	0.3442764877	0.0074695886	0.0009331882
0	0.6165664385	0.0000196358	0.0137678530	0.0000000218	0.3696460508
1	0.8896918043	0.0000366111	0.0000000000	0.1037962816	0.0064753029
1	0.4399944369	0.0154712314	0.2308131943	0.0550045005	0.2587166370
2	0.4512846438	0.0000000000	0.0000000000	0.0001808630	0.5485344932
1	0.0001325081	0.0469738968	0.7635988846	0.0023008296	0.1869938809
1	0.8749969188	0.0000274958	0.0446041055	0.0646167488	0.0157547310
0	0.9219802862	0.0000002028	0.0424954486	0.0354373140	0.0000867484
0	0.2859867611	0.0000000168	0.7140132220	0.0000000000	0.0000000000
1	0.6944899223	0.0001519859	0.0000000000	0.2933615477	0.0119965441
0	0.1990123391	0.0000765719	0.0869450622	0.6034551033	0.1105109236
0	0.9039222213	0.0888854668	0.0035124147	0.0019536873	0.0017262099
0	0.3611925619	0.0010065941	0.5590882491	0.0785246987	0.0001878962
0	0.9842590794	0.0097183775	0.0012944990	0.0033396302	0.0013884139
0	0.5516478115	0.0174448250	0.3620043631	0.0379735591	0.0309294413
0	0.0000000002	0.2754808152	0.0438440400	0.5154220049	0.1652531397
0	0.1017720440	0.8238792810	0.0000000017	0.0069061640	0.0674425093
1	0.0000000001	0.5950515347	0.3811149987	0.0002719797	0.0235614868
0	0.3250928396	0.0000000024	0.1070661157	0.4934664744	0.0743745679
1	0.0205202427	0.0002011430	0.9410656501	0.0000429275	0.0381700366
1	0.7328070846	0.0016379050	0.0243096535	0.2370899546	0.0041554023
0	0.0520984248	0.0000000000	0.9080075818	0.0000000000	0.0398939934
1	0.2226260024	0.0000000000	0.7254257323	0.0194051339	0.0325431313
1	0.5773252838	0.4164411110	0.0005308055	0.0000179125	0.0056848873
