0	0.0577960273	0.0407457300	0.2092758586	0.6551353118	0.0370470723
0	0.7022494524	0.0158139850	0.2669899128	0.0000000000	0.0149466498
0	0.0113299269	0.7977958546	0.0374929431	0.0000000001	0.1533812753
0	0.2446481429	0.0076388632	0.3679834970	0.2587133593	0.1210161377
2	0.0576631925	0.3651372247	0.0393905567	0.1054785944	0.4323304316
1	0.6860478089	0.0000000000	0.0813611840	0.0013201509	0.2312708562
0	0.7838028234	0.0000001123	0.0000023926	0.1508955672	0.0652991045
1	0.1322935824	0.2146083046	0.5347602583	0.0360454512	0.0822924036
0	0.1654604224	0.0023431143	0.5232724070	0.3089236330	0.0000004233
0	0.0571126644	0.0460244937	0.2225301514	0.0000000397	0.6743326507
0	0.6447103316	0.0066080126	0.0431183522	0.2251547465	0.0804085571
1	0.9557775454	0.0000100982	0.0012388265	0.0155860154	0.0273875146
0	0.0142599820	0.0394448669	0.8950628309	0.0512308700	0.0000014501
1	0.0244975597	0.0000000957	0.0000296278	0.9754727165	0.0000000002
0	0.1475156165	0.0021069292	0.8500693891	0.0003080652	0.0000000000
0	0.3475147464	0.0062547232	0.1197019198	0.1479785104	0.3785501002
2	0.4370443228	0.4525360961	0.0038563822	0.0535626413	0.0530005575
0	0.0000144240	0.0300319717	0.9066246582	0.0111117031	0.0522172430
0	0.1793638395	0.0000021187	0.0206440578	0.0771092736	0.7228807104
0	0.0393805656	0.0062503093	0.0250696557	0.9292994694	0.0000000000
0	0.9176582632	0.0436047259	0.0386174153	0.0000000000	0.0001195955
0	0.9935771978	0.0004634018	0.0000021512	0.0007237566	0.0052334926
0	0.3573682806	0.3288140832	0.2348545425	0.0012645413	0.0776985524
0	0.0611263546	0.0122939098	0.8991707592	0.0255450508	0.0018639256
0	0.7189203611	0.0685020979	0.0156249933	0.0002253011	0.1967272467
0	0.0912867185	0.0000000004	0.8993527165	0.0040794714	0.0052810932
0	0.4170330804	0.0066135872	0.5763533319	0.0000000000	0.0000000006
0	0.1656034759	0.0011625533	0.8224883268	0.0104485142	0.0002971298
1	0.7783743884	0.0552871238	0.0169193047	0.0860960366	0.0633231466
0	0.2839191090	0.0104437028	0.2070443252	0.1569751034	0.3416177597
0	0.0020334834	0.0000000017	0.0018888980	0.9524260361	0.0436515808
0	0.5187801852	0.0000000000	0.0883647070	0.0004956964	0.3923594114
1	0.6538677631	0.0586532397	0.1283902473	0.0056505445	0.1534382054
0	0.0947561622	0.2876497064	0.1087404165	0.3956938061	0.1131599087
1	0.3174296293	0.0202497215	0.3544704785	0.0084494574	0.2994007132
0	0.0012248628	0.0349573289	0.9563896458	0.0061890881	0.0012390743
0	0.0288972052	0.4081483510	0.0339200560	0.2387476870	0.2902867007
0	0.8008255211	0.0665379146	0.0004355503	0.1165731796	0.0156278344
1	0.2711175035	0.0000848594	0.1011118731	0.2083462458	0.4193395182
0	0.4681577620	0.0188792055	0.0056950679	0.4291564065	0.0781115581
1	0.0001212874	0.0010554111	0.6052227835	0.0001403337	0.3934601843
1	0.2089072280	0.1509446168	0.6345274070	0.0000000000	0.0056207483
0	0.6419323172	0.0096198685	0.1073111707	0.2244156408	0.0167210028
0	0.6849090862	0.0091266422	0.1124457583	0.0207240704	0.1727944429
1	0.0745407095	0.0058882388	0.4312282158	0.4796917383	0.0086510976
2	0.9461531514	0.0176563776	0.0114167600	0.0105768712	0.0141968398
1	0.0334636297	0.5767195647	0.0000008379	0.3010693246	0.0887466431
0	0.7131688734	0.0104773673	0.1104671935	0.1000807365	0.0658058293
1	0.0631745104	0.7505496458	0.0541059289	0.0253781833	0.1067917317
1	0.0019288575	0.0670570574	0.8246039377	0.0000000000	0.1064101474
0	0.8950263163	0.0000000001	0.0026937406	0.1022210119	0.0000589311
1	0.0001096581	0.0016126006	0.0010849522	0.9253147637	0.0718780254
1	0.0066309170	0.1484213767	0.5991081769	0.2131386695	0.0327008599
0	0.1392784793	0.0197438242	0.3280190051	0.5122798479	0.0006788436
0	0.1722541960	0.0000085286	0.2690628287	0.1324362734	0.4262381732
0	0.1745613708	0.7149602616	0.0305046005	0.0000102435	0.0799635236
1	0.0699465525	0.0000382885	0.3392820437	0.0000000000	0.5907331153
0	0.0839870303	0.0000080363	0.4471509690	0.0109769981	0.4578769662
0	0.2969602179	0.0444180674	0.2277630765	0.0717082697	0.3591503685
1	0.6385778939	0.0023571187	0.3189145314	0.0400832783	0.0000671777
1	0.0395674746	0.0012475078	0.2291421701	0.7261391907	0.0039036568
0	0.8245657177	0.0000301754	0.0298326423	0.0607286704	0.0848427943
0	0.0101914214	0.1877221555	0.3653270815	0.3651619277	0.0715974139
0	0.1156687449	0.0000000000	0.8256421053	0.0510301343	0.0076590155
0	0.0246918932	0.2095717321	0.0553383611	0.7103980135	0.0000000000
0	0.0300870404	0.0000000000	0.0050170925	0.4646801149	0.5002157522
0	0.7147160804	0.0688061526	0.1693417409	0.0085471254	0.0385889006
0	0.0358200227	0.4696102438	0.0000473762	0.2202860081	0.2742363491
0	0.4790350096	0.0025614492	0.1093738536	0.3815242489	0.0275054385
1	0.0000060943	0.0112274071	0.8854798301	0.1023103833	0.0009762852
2	0.3699422749	0.0005307122	0.3847394240	0.0077140649	0.2370735241
0	0.9427150792	0.0337493170	0.0080541360	0.0000000079	0.0154814599
0	0.8306545233	0.0024631424	0.0978992459	0.0387032968	0.0302797916
0	0.2631386527	0.0429466282	0.4703881391	0.0000000159	0.2235265641
0	0.0438917127	0.1622710892	0.6428709622	0.1509662359	0.0000000000
1	0.0309675147	0.0484878106	0.8836455711	0.0281310822	0.0087680214
0	0.2453358489	0.5014311506	0.0000000000	0.2531990337	0.0000339668
1	0.1498231142	0.1442156608	0.1014998468	0.5554061572	0.0490552211
0	0.6753251521	0.0421495605	0.2079379071	0.0002513891	0.0743359912
0	0.2257059519	0.2725481373	0.0074661987	0.4942708886	0.0000088235
2	0.3690668715	0.0472989338	0.5805621320	0.0010628240	0.0020092387
0	0.0001513347	0.0001685992	0.9713300427	0.0030995983	0.0252504250
0	0.0153152251	0.0013802925	0.4459235918	0.5140786692	0.0233022214
0	0.0533630948	0.0092282306	0.4858236027	0.4515850507	0.0000000212
0	0.8990268788	0.0000000000	0.0040537301	0.0244181093	0.0725012818
0	0.0480458650	0.6816150752	0.0471099157	0.2184810799	0.0047480642
0	0.4616203098	0.1628165969	0.2381827898	0.1373803034	0.0000000000
1	0.2296466934	0.0395352970	0.7293913036	0.0014266896	0.0000000163
0	0.7922876081	0.0193119593	0.1543321384	0.0310472594	0.0030210348
0	0.0477168648	0.0893613757	0.7551563996	0.0420081795	0.0657571804
2	0.6856615176	0.0000092784	0.1722857748	0.0001349805	0.1419084486
1	0.9653464403	0.0000219520	0.0183148854	0.0154297325	0.0008869897
0	0.9577170273	0.0077200582	0.0014730489	0.0000006053	0.0330892602
0	0.2042439400	0.1372798319	0.0385819796	0.6198582614	0.0000359871
0	0.0003598474	0.2806908482	0.7132888072	0.0000000000	0.0056604972
1	0.0660727818	0.2255679176	0.0000004544	0.0783330774	0.6300257688
0	0.0000000000	0.0001098641	0.8203666535	0.0000000000	0.1795234824
1	0.5129142063	0.0666170064	0.0709980928	0.1393002259	0.2101704686
1	0.0239944073	0.2148921014	0.7350787914	0.0260346999	0.0000000000
1	0.3236569819	0.0000000000	0.2704136275	0.0000000789	0.4059293117
