1	0.1525300527	0.2689784280	0.1309036129	0.4457715299	0.0018163765
0	0.8150945572	0.0100088889	0.1723803974	0.0025161541	0.0000000025
1	0.4053909304	0.0614766659	0.0427133322	0.2582640449	0.2321550266
0	0.4982278992	0.1511451279	0.0003405570	0.3502864160	0.0000000000
0	0.2059953541	0.0000697677	0.7620241576	0.0040112659	0.0278994546
1	0.0270674543	0.2872213206	0.3845515771	0.0000000594	0.3011595887
0	0.4220387922	0.0175159373	0.2515341440	0.0041993394	0.3047117871
1	0.9476399370	0.0004542621	0.0411037727	0.0001637035	0.0106383247
0	0.7728697258	0.0000522446	0.0540516755	0.1597130573	0.0133132967
0	0.6668910121	0.0000058725	0.1805654155	0.1525261177	0.0000115821
0	0.3413119458	0.0086093474	0.6332200991	0.0000275740	0.0168310337
1	0.0000000000	0.0415186588	0.6096898136	0.3485946033	0.0001969243
0	0.7581718995	0.0000000004	0.1876172758	0.0000000030	0.0542108214
0	0.0429117194	0.0928883941	0.1951829020	0.1407059946	0.5283109899
1	0.0000006131	0.1456923543	0.0507293661	0.3236400095	0.4799376570
0	0.1911000482	0.0460295234	0.0281003552	0.4801107105	0.2546593626
1	0.9513063278	0.0486764051	0.0000000021	0.0000149305	0.0000023345
0	0.9939253246	0.0000000551	0.0001581522	0.0059164638	0.0000000043
0	0.0000080711	0.0013786944	0.8561700273	0.0793931732	0.0630500340
1	0.0000000000	0.0989325791	0.8808747465	0.0000303832	0.0201622912
0	0.1876282735	0.0000039262	0.7654967455	0.0000000000	0.0468710548
0	0.1106355883	0.0006451810	0.1965931673	0.6837716281	0.0083544354
0	0.0000005960	0.1417679275	0.0424294212	0.0000000000	0.8158020553
1	0.0000496889	0.0296262977	0.8431731393	0.0526084072	0.0745424668
2	0.3981540180	0.0322513178	0.0313015291	0.0007289857	0.5375641495
0	0.0000041748	0.4217140742	0.4062877728	0.0759832070	0.0960107711
0	0.6905410175	0.1134084749	0.1301174735	0.0000317128	0.0659013212
0	0.0001003252	0.0195484722	0.0000000000	0.8818744471	0.0984767554
1	0.0293364435	0.1579952676	0.7981419584	0.0003700021	0.0141563284
0	0.0724167588	0.0919986637	0.5371109119	0.2807802754	0.0176933902
0	0.0247194842	0.0149672721	0.7431502075	0.2171630363	0.0000000000
1	0.3000927322	0.0175687937	0.2025024791	0.4787191323	0.0011168626
1	0.0598371769	0.2278619075	0.3248255997	0.0347529236	0.3527223923
0	0.0175389546	0.0000000000	0.9132751833	0.0691858035	0.0000000586
1	0.0024327854	0.0438522472	0.6890029071	0.2640758290	0.0006362313
0	0.2051404708	0.0119443567	0.7017243753	0.0621340793	0.0190567178
0	0.4051483520	0.0388862370	0.0010458195	0.0270487982	0.5278707933
0	0.1087881835	0.0000029834	0.2260764820	0.0021094283	0.6630229229
0	0.0001210557	0.2387098872	0.1045129778	0.3711071972	0.2855488820
0	0.4438781021	0.0026366483	0.4121847315	0.0193353244	0.1219651937
1	0.0003216569	0.0123297750	0.9282405339	0.0591080210	0.0000000132
0	0.0026622319	0.1965746020	0.6803161648	0.0129213592	0.1075256421
1	0.1296656297	0.0041887518	0.4316523704	0.2402424616	0.1942507866
0	0.0668531774	0.0002756856	0.0054147448	0.9274563922	0.0000000000
0	0.8092151298	0.0000000004	0.0902259973	0.0136120808	0.0869467919
0	0.1792817612	0.4769884669	0.0000000000	0.3437244715	0.0000053004
0	0.8118461389	0.0055508933	0.1003744943	0.0821751806	0.0000532929
0	0.1502810984	0.0375103666	0.7836737663	0.0000006544	0.0285341145
0	0.8985694644	0.0088609244	0.0190127319	0.0518113670	0.0217455122
0	0.0109667918	0.8744553784	0.0158652069	0.0000000192	0.0987126037
0	0.7181629319	0.1370428733	0.1256130097	0.0181900763	0.0009911088
0	0.8835481876	0.0147722632	0.0357953302	0.0455486547	0.0203355643
0	0.5603515896	0.0413777010	0.0719117652	0.0185957326	0.3077632117
0	0.8859173220	0.0982454591	0.0154396575	0.0003508222	0.0000467392
0	0.0137505232	0.1483867324	0.6799020141	0.1538063916	0.0041543387
0	0.4670954679	0.1490840849	0.3206101471	0.0054014677	0.0578088324
0	0.4870767248	0.0459205337	0.0594876417	0.4075150981	0.0000000017
0	0.6753180781	0.0000000068	0.0659001138	0.2586410289	0.0001407724
2	0.8826845949	0.0249189467	0.0365460232	0.0058957284	0.0499547068
2	0.7457952177	0.2455024330	0.0056202780	0.0000000000	0.0030820713
0	0.5127476571	0.0612567144	0.4215034486	0.0000000014	0.0044921785
0	0.0216956292	0.0097518618	0.0524240931	0.2259916365	0.6901367794
0	0.8072146082	0.0018078618	0.0210982168	0.0768953941	0.0929839191
0	0.3792126727	0.0586532104	0.0091704126	0.5529634561	0.0000002482
1	0.0175531593	0.0200744122	0.0977199784	0.3164011372	0.5482513129
0	0.0011709588	0.1219397222	0.3687984643	0.5031722323	0.0049186224
0	0.1635278168	0.0000000000	0.0018855689	0.0000007728	0.8345858415
2	0.0085313351	0.5705121993	0.0025196141	0.0032136878	0.4152231637
1	0.0098315326	0.2067836133	0.6121455816	0.1712392725	0.0000000000
0	0.1878945760	0.4339721461	0.1297620567	0.0986720978	0.1496991235
0	0.9766312487	0.0086469261	0.0107665715	0.0000226664	0.0039325874
0	0.7571084709	0.0000083124	0.2379416399	0.0007217932	0.0042197837
0	0.3984002057	0.1561588011	0.0881006799	0.3484583182	0.0088819952
0	0.2913892329	0.1399823992	0.2412473267	0.1494843018	0.1778967395
1	0.6194012262	0.0002932815	0.0000718733	0.1458069414	0.2344266776
0	0.0528151559	0.0000052959	0.8098193126	0.0117053204	0.1256549152
0	0.1639067464	0.0913329952	0.0031316308	0.0000145020	0.7416141256
0	0.4859509614	0.3944174820	0.0000035645	0.1137102670	0.0059177251
0	0.0676942973	0.3221826892	0.6075629584	0.0025600550	0.0000000001
0	0.6645518348	0.0001289137	0.1898081263	0.0000007035	0.1455104217
0	0.4644447700	0.0094294516	0.2040969191	0.3220288431	0.0000000162
2	0.6056657976	0.0000000052	0.0289911979	0.2791811105	0.0861618888
1	0.1181765161	0.3588305872	0.0541098147	0.0002539597	0.4686291223
0	0.0070835852	0.2965672495	0.1760547250	0.5202944400	0.0000000003
0	0.9086952204	0.0000001488	0.0854822897	0.0049157054	0.0009066357
0	0.8350405484	0.0000324275	0.0001529647	0.1647337824	0.0000402769
0	0.8375267476	0.0002800090	0.0658024108	0.0963908326	0.0000000000
0	0.4755976000	0.0104279465	0.0004193568	0.0029631508	0.5105919459
1	0.3327324582	0.0015357970	0.2340513653	0.2141057431	0.2175746364
0	0.3641474016	0.0444117690	0.0000014305	0.0000000000	0.5914393989
0	0.6556853151	0.0558368876	0.1941408285	0.0747324806	0.0196044882
0	0.8104419422	0.1663445158	0.0189915324	0.0000000006	0.0042220090
1	0.2986986368	0.1130180839	0.5834153777	0.0048679013	0.0000000003
1	0.3850188847	0.1236335187	0.4257155313	0.0606595667	0.0049724986
1	0.1982744741	0.0000000000	0.2005559314	0.6011552400	0.0000143545
0	0.0000000006	0.1446000320	0.0348290500	0.1120887482	0.7084821691
2	0.0521695397	0.4683812074	0.1626114344	0.0275731963	0.2892646222
1	0.0573152311	0.1459752270	0.3043877334	0.0567330473	0.4355887613
0	0.0000003998	0.0011696059	0.9282306405	0.0322397157	0.0383596381
1	0.0133782817	0.0053226464	0.0899798994	0.7750260671	0.1162931054
