1	0.0065959209	0.0191031376	0.4335728181	0.4398748303	0.1008532931
0	0.0039027772	0.2221243787	0.4151703460	0.3588024980	0.0000000000
1	0.3490503691	0.0446266347	0.1829894868	0.3619961768	0.0613373326
1	0.0379459101	0.6705184135	0.2713556375	0.0201798865	0.0000001525
0	0.0000037072	0.5251265954	0.0050012147	0.0316711905	0.4381972923
0	0.7341052598	0.0068828133	0.0139147439	0.0007194734	0.2443777096
0	0.6787166408	0.0003080921	0.0005245468	0.1821799630	0.1382707573
0	0.3853089466	0.0001107210	0.4525882856	0.0055255724	0.1564664743
0	0.8168913095	0.0038296260	0.0003434427	0.1780683006	0.0008673212
1	0.0000828927	0.0393987858	0.0155587508	0.9037891224	0.0411704483
0	0.5972850737	0.0089934366	0.0836919028	0.1124118449	0.1976177420
2	0.0010223496	0.6087968965	0.2342330668	0.1556775080	0.0002701791
1	0.0726750820	0.5682902086	0.0537222601	0.1101436287	0.1951688206
1	0.5858077624	0.0064741922	0.0001188815	0.3156366636	0.0919625003
0	0.6876244282	0.0068840354	0.0992066846	0.1681607306	0.0381241211
1	0.0472509077	0.0000669712	0.5158109494	0.3373221345	0.0995490371
0	0.0022191462	0.0019564154	0.4633336153	0.5200295965	0.0124612266
0	0.0101602322	0.0462449995	0.2131763967	0.7304177020	0.0000006696
0	0.2546080441	0.5445690792	0.0190021199	0.1818207568	0.0000000000
1	0.1159225287	0.0016338130	0.2472544502	0.1145499645	0.5206392437
0	0.6365473720	0.1256310959	0.2316250570	0.0059862660	0.0002102091
0	0.8811046953	0.0000000000	0.0996861763	0.0173615929	0.0018475355
1	0.0368577320	0.0013430146	0.9428863619	0.0000000000	0.0189128915
0	0.0360968761	0.0019341280	0.8757712584	0.0130290573	0.0731686802
1	0.3899429892	0.0014240475	0.5963720711	0.0122608921	0.0000000000
0	0.1954078770	0.0656627054	0.7362875824	0.0024305690	0.0002112662
1	0.1023116724	0.0002596043	0.7956896835	0.1016562918	0.0000827480
0	0.2771397295	0.0000001698	0.0270837487	0.6957763521	0.0000000000
1	0.2544621583	0.0933327116	0.0000000001	0.4314988334	0.2207062965
0	0.0253892266	0.1385504988	0.1864581516	0.6495735364	0.0000285867
2	0.1025913387	0.0000000064	0.8318931643	0.0311064320	0.0344090585
2	0.2758345574	0.0425436845	0.4045602507	0.0286449308	0.2484165765
0	0.0002517479	0.0177871091	0.9046774313	0.0320788882	0.0452048234
0	0.9693950731	0.0283553026	0.0000021006	0.0016571088	0.0005904150
0	0.4260011204	0.4779847231	0.0950603958	0.0002988684	0.0006548924
0	0.9680604578	0.0305036589	0.0001218638	0.0013135633	0.0000004561
1	0.8858290370	0.0000000290	0.1024354591	0.0114584947	0.0002769801
0	0.3090379980	0.2412104053	0.0229188165	0.4015476424	0.0252851378
0	0.0228637270	0.0027548406	0.6879831747	0.2863981607	0.0000000969
0	0.0242375254	0.7931439603	0.1617489074	0.0000035481	0.0208660588
0	0.0919865300	0.0055020436	0.5083992434	0.3440740015	0.0500381815
1	0.1033796699	0.1810645362	0.4620631658	0.2267540043	0.0267386238
0	0.3836612788	0.3875423924	0.1951449469	0.0336513818	0.0000000000
0	0.9387097367	0.0001468908	0.0085622618	0.0000007076	0.0525804031
1	0.4231654006	0.1270506096	0.1076795838	0.1314766828	0.2106277232
0	0.3334479903	0.1021756421	0.4236007568	0.0000000000	0.1407756108
0	0.4603896768	0.1135988938	0.3937938964	0.0009485139	0.0312690191
0	0.0248882400	0.0000000000	0.6462525502	0.0000000000	0.3288592099
0	0.9322479777	0.0021785108	0.0569178312	0.0086556803	0.0000000000
1	0.0013246502	0.0007351372	0.0476077687	0.9503324439	0.0000000000
0	0.9397881073	0.0515761367	0.0084982233	0.0000000000	0.0001375328
0	0.0372209465	0.0359052770	0.4920692848	0.2464386458	0.1883658459
1	0.2398624713	0.0372177581	0.7227716077	0.0001481630	0.0000000000
1	0.9892796821	0.0067908880	0.0039200016	0.0000035924	0.0000058359
0	0.4762222865	0.2365415890	0.2865034020	0.0005859374	0.0001467850
0	0.9506336786	0.0000010682	0.0292427102	0.0200409947	0.0000815482
1	0.5324756992	0.1463757029	0.0010897036	0.0697810856	0.2502778087
1	0.3001321513	0.6747154059	0.0000043308	0.0003483327	0.0247997793
0	0.0327433286	0.0102069250	0.9549222058	0.0005158332	0.0016117075
0	0.1879545797	0.1761381215	0.6145932709	0.0001274032	0.0211866246
1	0.5145305862	0.3121086816	0.0023102277	0.0136203428	0.1574301617
0	0.0443382274	0.2043700904	0.6171476415	0.0406369901	0.0935070506
0	0.4170788345	0.0000000000	0.0384601991	0.2709093170	0.2735516494
1	0.0098337179	0.0001207936	0.8327136457	0.1266400078	0.0306918351
0	0.7791993273	0.1855304573	0.0004505536	0.0000000000	0.0348196619
0	0.6684461470	0.1826999089	0.1403232883	0.0033594855	0.0051711704
0	0.0032193720	0.0000000000	0.5048348567	0.4112593090	0.0806864623
1	0.6193611359	0.2534530162	0.0226085720	0.1045772758	0.0000000000
0	0.8632522866	0.0011689567	0.0007817412	0.0000000000	0.1347970154
1	0.0582553061	0.0000006890	0.9259273736	0.0157167226	0.0000999087
0	0.2181528594	0.0245183591	0.1210379069	0.3107517722	0.3255391024
0	0.6576642572	0.1941816424	0.0781701388	0.0000685499	0.0699154117
2	0.0001308706	0.2736922088	0.4351576704	0.1368833386	0.1541359114
0	0.4083402971	0.0113872446	0.0527573771	0.0005306326	0.5269844485
1	0.2688020124	0.0196976694	0.4358642405	0.1511731465	0.1244629312
0	0.0024822851	0.3634649168	0.5678306403	0.0660251808	0.0001969769
0	0.0798907934	0.0201698878	0.2902775018	0.0041356664	0.6055261507
0	0.3513747213	0.0367409692	0.1292948140	0.1073802677	0.3752092277
0	0.0366325054	0.2526271274	0.5717108485	0.0385275045	0.1005020142
1	0.0238712598	0.0250926552	0.9184922120	0.0305096425	0.0020342305
0	0.6727623901	0.0658702613	0.0206860841	0.0000000000	0.2406812645
1	0.0229155695	0.1309709809	0.8289687982	0.0168402421	0.0003044093
0	0.0172332289	0.0001478177	0.8127437829	0.0000000000	0.1698751705
0	0.0000203851	0.0000000161	0.3835839725	0.6154006118	0.0009950146
0	0.4021417403	0.0248691210	0.3720533526	0.1622417586	0.0386940276
0	0.3117122288	0.0556888618	0.0015321897	0.6310118841	0.0000548356
0	0.1850557108	0.0000000005	0.1478065353	0.6671196904	0.0000180630
0	0.0030881300	0.0033299277	0.9770756446	0.0146831137	0.0018231839
0	0.8951241913	0.0418346994	0.0467258695	0.0163152398	0.0000000000
1	0.5506612502	0.0000580373	0.3423928144	0.0975743795	0.0093135186
0	0.3084368653	0.3365978939	0.0000009765	0.3018710819	0.0530931824
0	0.5272509298	0.1908347153	0.2720238332	0.0098904804	0.0000000411
1	0.9104870009	0.0136513149	0.0589892649	0.0167859979	0.0000864214
0	0.5272966545	0.0000000026	0.1694248803	0.1216807366	0.1815977261
2	0.3272948192	0.4026238707	0.2387556319	0.0250965920	0.0062290863
0	0.7469676103	0.0000036289	0.0203139233	0.2088059698	0.0239088676
1	0.0539208238	0.0000000008	0.2387365713	0.0671076572	0.6402349469
0	0.2194512829	0.1550546840	0.5289101356	0.0357985697	0.0607853279
0	0.0399674919	0.0227541748	0.9340551755	0.0032141256	0.0000090321
1	0.0000000000	0.0000884379	0.5340743913	0.2282082599	0.2376289109
