0	0.4270214813	0.0000027114	0.3697899096	0.0131936021	0.1899922956
0	0.0009483698	0.0010963020	0.9503221671	0.0340691436	0.0135640174
0	0.7925814435	0.0002860786	0.1739338561	0.0000013392	0.0331972826
0	0.0850897825	0.0664097222	0.3907931644	0.2879360543	0.1697712768
0	0.5402789973	0.1089236930	0.0460971825	0.0490620034	0.2556381238
0	0.0000187626	0.2768529752	0.0019462884	0.0000000000	0.7211819738
2	0.9509152818	0.0248599816	0.0010948538	0.0002480109	0.0228818720
2	0.2233458983	0.0133042858	0.1650098081	0.1763114980	0.4220285097
1	0.0033647528	0.0530040149	0.6239639444	0.0118951416	0.3077721464
0	0.0000058560	0.0000006492	0.5436981183	0.1536146057	0.3026807708
0	0.7965206985	0.1336006149	0.0560837997	0.0137311004	0.0000637865
0	0.0002185410	0.1671488570	0.0823618076	0.7403665271	0.0099042673
1	0.0006090722	0.5487560676	0.0478933554	0.0250389097	0.3777025951
0	0.0757258141	0.0000000000	0.9242741826	0.0000000033	0.0000000000
1	0.9469953946	0.0268760616	0.0215153860	0.0046131578	0.0000000000
1	0.6779201450	0.0000000000	0.2560184360	0.0000441085	0.0660173104
1	0.0412936013	0.1004818590	0.8509615387	0.0019722425	0.0052907586
0	0.9386768089	0.0000064522	0.0449735411	0.0138617197	0.0024814782
1	0.2167565608	0.0000000000	0.6998295506	0.0677145587	0.0156993300
0	0.5272019246	0.0586102688	0.0499786909	0.1421045002	0.2221046156
1	0.0035213897	0.0740780701	0.0086254066	0.9058107545	0.0079643791
2	0.7442660193	0.0000000000	0.0859051487	0.0431392044	0.1266896276
0	0.8645117047	0.1327667157	0.0008360599	0.0018855197	0.0000000000
0	0.1044153998	0.0041675923	0.2649796017	0.6197210131	0.0067163931
0	0.4412010690	0.1420022478	0.4005757263	0.0000000000	0.0162209569
1	0.2447545722	0.2030138300	0.0004327407	0.1517202097	0.4000786474
0	0.6007316947	0.0000000000	0.1119681095	0.2003202288	0.0869799670
1	0.0867234240	0.2738062347	0.1929173040	0.1997252751	0.2468277622
1	0.1779496030	0.1482915976	0.6736959232	0.0000628761	0.0000000000
0	0.8805399689	0.0885801168	0.0045078470	0.0000505443	0.0263215231
2	0.0000000000	0.0000452988	0.9946068584	0.0047424263	0.0006054165
0	0.5418673666	0.0000000010	0.1992461367	0.2442629919	0.0146235039
1	0.0073882748	0.2335428683	0.1633282732	0.5819382646	0.0138023192
1	0.1409491484	0.0034128040	0.0015621224	0.8482368366	0.0058390886
0	0.8504316748	0.0692152163	0.0040619352	0.0761730165	0.0001181572
0	0.0000000063	0.9056351427	0.0000079459	0.0924627795	0.0018941256
0	0.0633431766	0.0501677093	0.7169880353	0.0156072350	0.1538938437
0	0.0796090307	0.0000002477	0.8488669039	0.0402531232	0.0312706945
1	0.0528510253	0.0000261183	0.9397219276	0.0074009288	0.0000000000
0	0.2222948577	0.0000204472	0.2707817333	0.2334652425	0.2734377193
1	0.0230869830	0.0035339251	0.9733782389	0.0000000000	0.0000008530
0	0.4184075872	0.0017210182	0.5125935441	0.0550965569	0.0121812936
1	0.1632035815	0.4206444209	0.3286928339	0.0859305750	0.0015285888
1	0.2208906419	0.0097655442	0.7526043951	0.0167394033	0.0000000154
0	0.5941010594	0.0100675500	0.0772998784	0.0311464955	0.2873850166
0	0.0037068155	0.0045576313	0.7015181495	0.0103658816	0.2798515221
0	0.2026758898	0.6255051706	0.1323497173	0.0394692164	0.0000000059
0	0.6115935179	0.0016745414	0.3815527190	0.0034733476	0.0017058741
0	0.1578314926	0.0049073871	0.4788758758	0.0645085505	0.2938766940
0	0.3292373524	0.0000000000	0.1980002077	0.4712849787	0.0014774612
1	0.0013943521	0.7146735458	0.0618693507	0.0898566003	0.1322061510
0	0.2159527735	0.0262488800	0.6963201473	0.0000000001	0.0614781991
0	0.9449249833	0.0083929535	0.0220479100	0.0216659572	0.0029681960
1	0.2071167107	0.0000000000	0.7888326429	0.0040506464	0.0000000000
0	0.1253451394	0.8218047461	0.0022001761	0.0215738052	0.0290761332
0	0.1875853159	0.0012541662	0.6972103682	0.0551932703	0.0587568795
0	0.1685703181	0.0000000000	0.7128977302	0.0386775996	0.0798543521
0	0.0741524247	0.1419153045	0.0000000000	0.6942139446	0.0897183262
0	0.6348523981	0.0000000022	0.1510573085	0.0818024307	0.1322878605
1	0.6499212770	0.0000008874	0.2086102656	0.0604959408	0.0809716292
2	0.2437103939	0.0000031568	0.0055334238	0.2921072928	0.4586457327
0	0.0066229543	0.1461486236	0.7180262904	0.1291974646	0.0000046672
0	0.5318295222	0.0726578154	0.3760317560	0.0006264583	0.0188544480
0	0.2650891927	0.0081497300	0.0011936233	0.7248397295	0.0007277246
0	0.9609821433	0.0058188836	0.0300047495	0.0000000003	0.0031942234
0	0.2996622990	0.1988718804	0.4933632469	0.0081025737	0.0000000000
0	0.8707721528	0.0018508549	0.0737405644	0.0536265039	0.0000099241
0	0.1402396028	0.6147473869	0.0000000176	0.1652146545	0.0797983382
1	0.0077094872	0.7801909066	0.0000000000	0.1790137736	0.0330858325
0	0.3387219081	0.1657669355	0.3877608256	0.1077502504	0.0000000804
1	0.0328560270	0.5759952275	0.1950724639	0.1166190529	0.0794572287
0	0.0010233329	0.9889756465	0.0001196000	0.0098782231	0.0000031975
2	0.0022846340	0.7051828397	0.0254883769	0.0756933094	0.1913508400
0	0.6232291164	0.0799792477	0.0140036186	0.0987130359	0.1840749814
0	0.3184504900	0.0000079443	0.3140161063	0.3019805755	0.0655448839
0	0.0273306543	0.0002930078	0.1992970364	0.7730319126	0.0000473890
0	0.0329504526	0.0000000000	0.5748792699	0.0000051782	0.3921650992
0	0.0986550508	0.0185765294	0.8732403978	0.0094757099	0.0000523121
2	0.4789403889	0.0035732859	0.4869904269	0.0000038994	0.0304919989
0	0.1125441572	0.0000177637	0.5307715006	0.0896882651	0.2669783134
0	0.1072191828	0.0254209494	0.0245658324	0.4981275419	0.3446664935
0	0.0000014577	0.0048920319	0.0018052215	0.9933012868	0.0000000020
1	0.0297058249	0.7417639028	0.0000048551	0.1040985006	0.1244269166
0	0.6138492060	0.0665108131	0.2939071969	0.0257325282	0.0000002557
0	0.9059439358	0.0000000000	0.0735473703	0.0093848992	0.0111237947
0	0.1251679451	0.1391891958	0.2455278313	0.4867286058	0.0033864220
1	0.3966734260	0.0692839168	0.0680998705	0.1190472585	0.3468955282
0	0.0010413615	0.0256385009	0.3401040149	0.0430286024	0.5901875205
0	0.9772754215	0.0033282602	0.0006690377	0.0163017355	0.0024255452
0	0.9785813093	0.0214169873	0.0000000036	0.0000001052	0.0000015945
0	0.0708386022	0.0029422717	0.0200600255	0.0000755800	0.9060835207
1	0.6329417667	0.0000000132	0.2824094178	0.0547313918	0.0299174105
0	0.0935556670	0.0058044885	0.1116004339	0.7477586545	0.0412807560
0	0.2389119883	0.2178683952	0.5060736820	0.0099916935	0.0271542410
1	0.7936011377	0.0000000324	0.1474158518	0.0102066388	0.0487763392
0	0.8481967736	0.1283177958	0.0206385759	0.0028422009	0.0000046538
1	0.5933308957	0.0467778331	0.3598318974	0.0000593738	0.0000000000
1	0.5849418420	0.0754441872	0.3309598770	0.0077666929	0.0008874010
0	0.0000000196	0.0205043554	0.2543487846	0.7189708179	0.0061760225
0	0.0060000613	0.1627844383	0.0039733516	0.8100269934	0.0172151554
