0	0.4615958419	0.1898562424	0.3448897102	0.0036379391	0.0000202664
1	0.0590211789	0.2519039593	0.6720785378	0.0051711111	0.0118252130
0	0.0172669622	0.1248096345	0.4437578263	0.1210380998	0.2931274773
0	0.0000296640	0.0260739099	0.5438143691	0.0000001924	0.4300818646
0	0.0183044620	0.5959146969	0.0000073555	0.3856755743	0.0000979113
1	0.1136631498	0.7018099046	0.1463918212	0.0000020394	0.0381330850
0	0.2504791147	0.0017797420	0.6055450919	0.1421960514	0.0000000000
0	0.6680307657	0.1778303440	0.1258680303	0.0208764772	0.0073943828
1	0.1273326285	0.0000000000	0.5519878794	0.2240320488	0.0966474433
1	0.6013902128	0.0267871737	0.1971263401	0.1746962733	0.0000000000
0	0.3436765698	0.1658502037	0.0000001567	0.3553794496	0.1350936202
0	0.3129065377	0.3392655737	0.2312547820	0.1049853999	0.0115877067
1	0.2408345480	0.0000000000	0.2318437792	0.2419440864	0.2853775864
0	0.6547199214	0.0000000001	0.3452756680	0.0000044106	0.0000000000
0	0.2243249558	0.3372593419	0.4009185420	0.0374971603	0.0000000000
2	0.8230522914	0.0000000000	0.0465863908	0.0000077381	0.1303535798
0	0.1071141379	0.0017286683	0.8453318429	0.0458253508	0.0000000000
0	0.8466761583	0.0000000844	0.0084234414	0.0759767291	0.0689235868
2	0.1646731900	0.0294348643	0.8028383130	0.0029577375	0.0000958952
1	0.0624499667	0.9008911208	0.0024180137	0.0342408982	0.0000000007
1	0.0073966688	0.8778904605	0.0973238200	0.0173890507	0.0000000000
0	0.0046239861	0.0309687712	0.8802852869	0.0400182792	0.0441036766
0	0.0082854431	0.3172055285	0.5404414380	0.1051211511	0.0289464393
1	0.0676628722	0.1389276596	0.2849122153	0.3348380301	0.1736592229
0	0.5968934585	0.3042315940	0.0206528461	0.0003136147	0.0779084867
0	0.0000523131	0.8414830124	0.0002591983	0.1580875336	0.0001179425
0	0.6941177398	0.0482905568	0.0145609154	0.0000000000	0.2430307880
0	0.0000000763	0.1934982416	0.1488100138	0.5449218066	0.1127698618
1	0.7279114836	0.1889557715	0.0254942815	0.0000387172	0.0575997461
0	0.8059582520	0.0782795103	0.0000000000	0.0408218972	0.0749403405
1	0.7273939467	0.0043466100	0.0120811361	0.2561783073	0.0000000000
0	0.1411197914	0.0552973238	0.0169609989	0.5411120195	0.2455098664
0	0.4689755142	0.3721636345	0.0013955882	0.0177786417	0.1396866213
0	0.7676371695	0.1176484504	0.0000000000	0.0081267851	0.1065875950
0	0.2351432642	0.5693014527	0.1945565934	0.0000000003	0.0009986894
0	0.0000001352	0.5047233343	0.4941148011	0.0000000000	0.0011617294
0	0.0052390211	0.0105205733	0.5429618970	0.3830944366	0.0581840720
1	0.9878607074	0.0030228241	0.0072530278	0.0018633526	0.0000000881
0	0.2745457998	0.0483189304	0.6321976950	0.0077993484	0.0371382264
1	0.7685961048	0.0000007052	0.0000432948	0.0001300152	0.2312298800
0	0.0415972990	0.3799877054	0.0052492728	0.5731657206	0.0000000022
0	0.6050063384	0.0038123574	0.3266242327	0.0188802920	0.0456767796
1	0.0532805644	0.0436780005	0.8695714769	0.0334699449	0.0000000133
1	0.4456253898	0.2477746826	0.2578697123	0.0465335861	0.0021966292
0	0.1439295359	0.1720124967	0.1747743799	0.0265312282	0.4827523593
1	0.8643014217	0.1352745735	0.0004240048	0.0000000000	0.0000000000
0	0.0109365872	0.1823451207	0.3326395506	0.2080073313	0.2660714102
1	0.5607662644	0.0362832281	0.0584957827	0.0602401006	0.2842146243
0	0.0072031798	0.0009624730	0.0057798550	0.0479285034	0.9381259888
0	0.1230094107	0.8386912096	0.0209901827	0.0004599440	0.0168492530
1	0.6207720063	0.0222461830	0.2849771103	0.0720046109	0.0000000895
0	0.3175301604	0.3650969588	0.2692288146	0.0481256651	0.0000184011
1	0.0000411016	0.0018502332	0.9706486845	0.0274599807	0.0000000000
0	0.0105326009	0.0003676798	0.7443614338	0.1863415142	0.0583967714
0	0.0643944780	0.0000000000	0.2814199340	0.5789785871	0.0752070008
1	0.1649370898	0.5375695686	0.0056421849	0.0018520279	0.2899991288
0	0.6708165804	0.0514358906	0.1920935428	0.0504947203	0.0351592659
1	0.0001823714	0.0246559815	0.7070317113	0.0204975318	0.2476324039
2	0.8017241098	0.0000000000	0.1918011840	0.0064747062	0.0000000000
0	0.2280521532	0.0098307112	0.0008795433	0.2696106601	0.4916269322
0	0.1434500471	0.0505472972	0.0932308961	0.0002429625	0.7125287971
0	0.5746185068	0.0014745052	0.1941777215	0.2226968278	0.0070324388
0	0.0000289535	0.0215677860	0.8133527813	0.1050178496	0.0600326297
1	0.2090953740	0.0000000000	0.0927960074	0.5815799665	0.1165286522
0	0.6295917699	0.0006791537	0.0937954940	0.2759335756	0.0000000068
0	0.0032904775	0.4685311918	0.0470118510	0.0000000000	0.4811664797
1	0.1447760663	0.1268306823	0.0058869969	0.0071116097	0.7153946448
1	0.2669565404	0.0158310584	0.1689416054	0.0075831396	0.5406876561
1	0.7583151080	0.1285252155	0.0586218948	0.0425116809	0.0120261009
0	0.5290827815	0.0699246346	0.1125276923	0.2884648913	0.0000000003
0	0.0030493617	0.5167697157	0.0002113685	0.4764593301	0.0035102241
0	0.0568898688	0.0105294686	0.6677864616	0.2368001411	0.0279940600
0	0.0000000000	0.8555415566	0.1051576491	0.0244673789	0.0148334153
1	0.0969723395	0.0072085990	0.6362559250	0.1422871211	0.1172760154
0	0.0000000840	0.0000013247	0.8251234299	0.1745255738	0.0003495876
1	0.8010826298	0.0101402241	0.1886599456	0.0001058067	0.0000113939
0	0.9003564299	0.0000022070	0.0014992669	0.0979059184	0.0002361778
0	0.1127088759	0.0000011664	0.1802105827	0.0084852487	0.6985941262
0	0.0120619583	0.2402783255	0.0893064559	0.4060487828	0.2523044775
0	0.0766679498	0.0927174849	0.7666381275	0.0593668875	0.0046095503
0	0.0000000000	0.6807939466	0.1121475733	0.0230532318	0.1840052483
1	0.7752113355	0.0989293532	0.1119819707	0.0138770309	0.0000003097
0	0.8882712383	0.0307725876	0.0021580852	0.0787905708	0.0000075181
1	0.5016639263	0.0017625572	0.4965581841	0.0000138894	0.0000014430
1	0.0023759868	0.0021765666	0.2548760469	0.7345737074	0.0059976922
0	0.7046142941	0.0016230490	0.0075130704	0.2598498925	0.0263996940
0	0.6115081124	0.0437867199	0.0000000359	0.0061959201	0.3385092117
0	0.4449245538	0.3677165982	0.1065713304	0.0002270684	0.0805604493
0	0.0309656187	0.0478309072	0.0000000000	0.6491829697	0.2720205045
0	0.0679193373	0.2845593032	0.3480207210	0.2728320387	0.0266685998
0	0.0310403429	0.2829600415	0.2847054324	0.3236883026	0.0776058805
1	0.0013455684	0.6437859495	0.0058819283	0.3485940248	0.0003925290
0	0.8586081131	0.0171427614	0.0871580972	0.0370910283	0.0000000000
0	0.0692956265	0.3027806343	0.1985242917	0.3509367964	0.0784626512
0	0.1266935775	0.0000171227	0.8719146200	0.0000000000	0.0013746798
1	0.0439752621	0.7334149389	0.1911904480	0.0000000005	0.0314193506
0	0.7436004103	0.0223238591	0.2255496807	0.0007838774	0.0077421725
0	0.4418908706	0.0000000000	0.5578510888	0.0002580406	0.0000000000
0	0.0549424727	0.3180524697	0.5660502753	0.0096313526	0.0513234297
1	0.6828992607	0.0950876738	0.0000020464	0.0308310886	0.1911799305
