1	0.2012670868	0.0052796540	0.0466418789	0.7468113803	0.0000000000
0	0.7554019055	0.0018405527	0.0045508843	0.0128738538	0.2253328037
1	0.4650910881	0.0000000037	0.4597870577	0.0002152279	0.0749066226
0	0.1321562659	0.4166642594	0.2579947363	0.0152895895	0.1778951489
1	0.4567196385	0.0002027543	0.4287159257	0.0507045115	0.0636571700
0	0.5791910321	0.0001740405	0.4187067081	0.0000687429	0.0018594764
0	0.0230413543	0.0074499540	0.7690114328	0.0065100307	0.1939872283
0	0.0002417041	0.0248353007	0.1624899623	0.0002461007	0.8121869321
0	0.9645133706	0.0068666002	0.0024314420	0.0037798322	0.0224087549
0	0.0170294748	0.0015841906	0.2440958334	0.7372905011	0.0000000000
1	0.1981575097	0.0000000000	0.7323509454	0.0527873995	0.0167041453
0	0.3332690723	0.1768824246	0.0258072953	0.0044072213	0.4596339865
2	0.0104560939	0.1216174354	0.0851593250	0.0189941520	0.7637729938
1	0.0918677711	0.5642010032	0.0325356366	0.1359617111	0.1754338780
2	0.0006073372	0.9353345407	0.0414349496	0.0225671276	0.0000560449
0	0.0277879182	0.1114272542	0.6993834182	0.1603746650	0.0010267443
1	0.1977377736	0.0012151740	0.6101722196	0.1429673888	0.0479074439
0	0.4228007446	0.0067714303	0.0977979801	0.0200436139	0.4525862311
1	0.9952077303	0.0001114824	0.0002312105	0.0043612484	0.0000883285
1	0.8497138386	0.0001090124	0.0063071293	0.0000359594	0.1438340603
0	0.0680877467	0.0000638138	0.8461589979	0.0387117282	0.0469777134
0	0.0071080645	0.0375620256	0.7701557741	0.1841716019	0.0010025340
0	0.0560350475	0.0000000000	0.2655946141	0.2414536400	0.4369166984
0	0.0320071974	0.0000020410	0.0000000000	0.2614105004	0.7065802613
0	0.1224528900	0.3867336086	0.4196793992	0.0709654617	0.0001686405
0	0.3642148670	0.0000000000	0.0868954017	0.5386330258	0.0102567054
0	0.3236509095	0.0908451119	0.2154300813	0.0003048750	0.3697690224
1	0.4735798486	0.2643646051	0.2620555463	0.0000000000	0.0000000000
0	0.0417636095	0.9491819214	0.0010756708	0.0079750657	0.0000037325
1	0.4964750688	0.0000000000	0.0524216435	0.4446873837	0.0064159040
2	0.0105740829	0.7668815953	0.2199551152	0.0000221563	0.0025670503
0	0.8272613361	0.0003028691	0.0065040539	0.1659317409	0.0000000000
0	0.3809097180	0.3951240674	0.2229612440	0.0010049706	0.0000000000
0	0.0000007511	0.0205862649	0.1928614181	0.7865419350	0.0000096309
1	0.1634650088	0.0021574749	0.4039733421	0.4018192307	0.0285849434
0	0.5175695404	0.0147096246	0.2503118984	0.2162541934	0.0011547432
2	0.6870246582	0.0000060764	0.2939910951	0.0001079006	0.0188702696
0	0.1189818136	0.0046703734	0.2612642017	0.0035680599	0.6115155514
1	0.0214987265	0.0826864430	0.8241059152	0.0000062854	0.0717026300
0	0.1626053971	0.1112735828	0.3188371117	0.0000000007	0.4072839076
0	0.3533105334	0.2135555527	0.2296347495	0.0526257290	0.1508734355
1	0.8107654129	0.0608855199	0.0001735674	0.1094539951	0.0187215047
1	0.0000224168	0.1190269084	0.1555812386	0.7253476137	0.0000218224
1	0.2034174564	0.0048277287	0.3420740712	0.0480243988	0.4016563449
2	0.5281075566	0.1627269892	0.0008131565	0.0000529676	0.3082993300
0	0.0647316863	0.0009246588	0.3446853086	0.2794832284	0.3101751179
0	0.0000223882	0.0022000571	0.9907623650	0.0037266330	0.0032885566
1	0.3013609334	0.2419909476	0.0000088817	0.4566392374	0.0000000000
2	0.0002894825	0.2209268252	0.0431579779	0.0000000000	0.7356257144
0	0.2043495665	0.0094747892	0.3177867841	0.0015140555	0.4668748047
0	0.0975992343	0.1979280431	0.0034651939	0.1007679993	0.6002395294
0	0.9553244277	0.0064706794	0.0031205226	0.0000687908	0.0350155795
0	0.2518247632	0.0000000000	0.7142302077	0.0000000024	0.0339450266
0	0.0000000000	0.0000000002	0.0873414071	0.9022847915	0.0103738012
0	0.1703450411	0.1551911123	0.1480108503	0.3464211945	0.1800318018
0	0.0038000644	0.0135779600	0.9326124828	0.0000000000	0.0500094927
1	0.4491205823	0.0000024771	0.5363315823	0.0001667432	0.0143786150
2	0.6927355678	0.0094198389	0.2775035926	0.0203292143	0.0000117864
0	0.0619826160	0.0174675276	0.1344128398	0.0141041972	0.7720328193
1	0.0018481068	0.0005975608	0.2377041125	0.7569703221	0.0028798978
0	0.1916012690	0.1008706225	0.7007232951	0.0068023919	0.0000024216
1	0.0476833346	0.0000000000	0.2707689696	0.0000000000	0.6815476958
1	0.0047812458	0.4911712255	0.5008429602	0.0000885219	0.0031160466
0	0.2859436351	0.7082399452	0.0057888819	0.0000119211	0.0000156166
0	0.9430476390	0.0041344995	0.0023994716	0.0051549023	0.0452634876
0	0.2119398240	0.0142686983	0.7394551477	0.0018377023	0.0324986278
1	0.3352198264	0.0000067097	0.5302514845	0.1345069236	0.0000150558
0	0.5181388580	0.1012113485	0.0695801979	0.3110628584	0.0000067372
0	0.6500181926	0.2435478602	0.0028736549	0.1011461782	0.0024141142
1	0.1768697960	0.8225106499	0.0005434128	0.0000760733	0.0000000680
1	0.0956108398	0.0069381906	0.0600623102	0.8366801049	0.0007085544
0	0.0034334370	0.0073079955	0.0196959736	0.3948376702	0.5747249237
0	0.0688515112	0.0002033817	0.8942974689	0.0365111566	0.0001364817
0	0.1779587259	0.4473326084	0.0000000000	0.1611397539	0.2135689118
1	0.0811656319	0.5199767910	0.3356931099	0.0007034699	0.0624609974
0	0.0000000314	0.1887907000	0.8111287643	0.0000790016	0.0000015026
0	0.1978962389	0.0000005225	0.0215945853	0.7026422159	0.0778664373
0	0.0015447175	0.2750397879	0.5346986104	0.0705628553	0.1181540289
0	0.3977127390	0.0001394846	0.3497105167	0.0000000031	0.2524372566
0	0.0084801945	0.7884791520	0.1608733268	0.0002205219	0.0419468048
1	0.1934857245	0.0001062207	0.5744563288	0.2063418056	0.0256099204
1	0.0000000000	0.0000337187	0.0508169443	0.9432983914	0.0058509457
2	0.6403638578	0.0000000000	0.2939105268	0.0243226750	0.0414029404
1	0.6752409711	0.0143758449	0.0117849311	0.0656012120	0.2329970408
0	0.0404355242	0.0000000000	0.8934810917	0.0024378374	0.0636455466
0	0.0594427822	0.0000147792	0.6589171547	0.2748018309	0.0068234530
0	0.4135955498	0.0088191658	0.3296920655	0.2269594114	0.0209338075
1	0.0459613385	0.0582586544	0.1284192431	0.0032666837	0.7640940804
0	0.8327313893	0.0487954331	0.1137244368	0.0013742211	0.0033745197
0	0.0805465481	0.0075306160	0.1404830985	0.2823897550	0.4890499824
0	0.9870247033	0.0012515649	0.0002784609	0.0114058071	0.0000394639
0	0.3630753895	0.0083207037	0.6067928924	0.0009182375	0.0208927769
1	0.9559731163	0.0002837149	0.0132060648	0.0296803762	0.0008567279
1	0.1152899124	0.0001128545	0.3867857743	0.1408090115	0.3570024474
0	0.4172191442	0.0000000000	0.4937603047	0.0702842687	0.0187362823
0	0.9966873788	0.0000000000	0.0022886951	0.0010235770	0.0000003490
1	0.0147756564	0.0000000104	0.0092581763	0.7788587497	0.1971074071
0	0.0889706506	0.0410174356	0.8465071610	0.0106738801	0.0128308727
1	0.3975476616	0.0006558267	0.2179899153	0.3753247038	0.0084818926
1	0.0079257984	0.3352127499	0.0439219520	0.6128867996	0.0000527001
