0	0.3382154369	0.0229761224	0.4849985445	0.0000036420	0.1538062542
0	0.4856429940	0.0391195457	0.0071002816	0.0000000003	0.4681371784
0	0.3280561267	0.1278042455	0.1506099578	0.3732734139	0.0202562560
0	0.0060970896	0.9720480578	0.0018975957	0.0190421943	0.0009150626
0	0.3221303637	0.0158087611	0.3524235992	0.2953962182	0.0142410578
0	0.0007835219	0.0658234073	0.9333736676	0.0000162757	0.0000031274
0	0.9881452397	0.0000162499	0.0035924191	0.0082362144	0.0000098770
0	0.0176438888	0.0522768242	0.7622446732	0.1474297871	0.0204048267
0	0.0985978344	0.0002847845	0.0285374412	0.8222591185	0.0503208215
0	0.2020985543	0.0000000000	0.7215864874	0.0207665541	0.0555484042
1	0.2462679771	0.0350057530	0.0000000000	0.6914274859	0.0272987840
0	0.9933231155	0.0014663380	0.0005109783	0.0046872055	0.0000123627
1	0.1765859486	0.0000172658	0.2221789154	0.1748549164	0.4263629538
1	0.3327017488	0.2042650310	0.2708431960	0.0000000000	0.1921900242
0	0.5989661319	0.0547246235	0.3411723300	0.0008994494	0.0042374652
1	0.0471761815	0.7973766707	0.0120289296	0.1366180584	0.0068001599
1	0.1688022543	0.6650410897	0.1654334319	0.0004897595	0.0002334646
2	0.1417527920	0.3658908181	0.3573090068	0.0995926161	0.0354547671
0	0.0000000000	0.0000971651	0.1032314541	0.8761562082	0.0205151727
0	0.4503245915	0.0630588744	0.4093699049	0.0348607149	0.0423859143
0	0.3069073035	0.0310390343	0.3107281199	0.3278507040	0.0234748382
1	0.0658930747	0.5051133691	0.1460851474	0.2639977976	0.0189106112
0	0.0002342093	0.0451358316	0.1782540858	0.5366222952	0.2397535782
0	0.0119522203	0.0022820877	0.7039966135	0.1769990249	0.1047700536
0	0.0665271155	0.1018343242	0.7697971584	0.0040057614	0.0578356405
0	0.3245083977	0.0262240927	0.4688253590	0.0044941937	0.1759479569
0	0.3935253275	0.0000006104	0.2617313203	0.3107464853	0.0339962565
1	0.6307570772	0.0113142043	0.1187103981	0.1905706841	0.0486476363
1	0.0000001119	0.0028724579	0.8743036658	0.1228237644	0.0000000000
0	0.1756271671	0.8216852904	0.0026524057	0.0000351367	0.0000000000
1	0.0571239480	0.6858935602	0.2564641478	0.0000000000	0.0005183439
0	0.8465898500	0.0000000000	0.1526615815	0.0007485685	0.0000000000
1	0.0000000041	0.0897652653	0.6637536724	0.0220848014	0.2243962568
0	0.0000001625	0.0000000000	0.6618546768	0.2519896990	0.0861554617
1	0.4614849595	0.3867166357	0.0360303194	0.1090682137	0.0066998717
0	0.4862726508	0.1300067677	0.0000000000	0.3824869800	0.0012336015
0	0.1189290082	0.0000000052	0.0000007740	0.8712986874	0.0097715252
1	0.2396475835	0.0584668648	0.0919757063	0.4292169153	0.1806929300
0	0.0000001843	0.0012112658	0.3381077032	0.5710333074	0.0896475393
1	0.0107864204	0.0061286181	0.6771659319	0.2229531325	0.0829658971
0	0.6500575157	0.0000000000	0.3370014422	0.0075976734	0.0053433686
0	0.0043280824	0.0000001370	0.8651710804	0.0139225515	0.1165781488
0	0.7606498792	0.0179464639	0.2208893041	0.0005140748	0.0000002780
0	0.0076995829	0.2474278765	0.7448600968	0.0000124438	0.0000000000
1	0.1097349424	0.0762905531	0.0000257268	0.8104012064	0.0035475713
1	0.7141414488	0.0293794102	0.2262531630	0.0244107790	0.0058151991
0	0.6111437361	0.0001250884	0.1985024498	0.0141697622	0.1760589636
0	0.0506099900	0.3972571252	0.2421762760	0.0000017644	0.3099548443
1	0.2468176613	0.6846042855	0.0581950748	0.0017060284	0.0086769500
0	0.4578496844	0.0000006362	0.0985780914	0.4435678690	0.0000037191
1	0.7705633455	0.0049479157	0.1635126184	0.0009933650	0.0599827554
1	0.4710745822	0.0724730592	0.4520490558	0.0037247294	0.0006785734
0	0.2463386968	0.0740771317	0.1890324995	0.4880680849	0.0024835871
0	0.0000118592	0.1897963794	0.0001749601	0.0000000000	0.8100168012
1	0.2090956033	0.3335577388	0.0005124940	0.2119243405	0.2449098235
1	0.0001080434	0.0090037566	0.7564234634	0.2265905164	0.0078742202
0	0.2768548501	0.3324209865	0.1138473821	0.0001612383	0.2767155430
2	0.0744787981	0.2915901587	0.4372164423	0.0000000000	0.1967146009
0	0.3657723056	0.0067818978	0.5964983659	0.0000000257	0.0309474050
1	0.0029839840	0.2204454437	0.7230026289	0.0063999038	0.0471680396
0	0.0000012361	0.0596457473	0.0587546771	0.0000975568	0.8815007827
0	0.2637815139	0.1967767757	0.2140885355	0.3040681278	0.0212850472
1	0.3461276175	0.2140294328	0.0000000310	0.3791935795	0.0606493392
0	0.0461245412	0.0000044736	0.5856476335	0.0000000296	0.3682233221
0	0.1833319299	0.6614446698	0.1480632507	0.0070839022	0.0000762474
0	0.0059892039	0.0001084760	0.1183110924	0.7254298604	0.1501613674
1	0.1763291671	0.0000000772	0.0000083107	0.8092294643	0.0144329807
0	0.0000000025	0.0036520668	0.7541188065	0.2264468542	0.0157822700
1	0.1237221203	0.0048203305	0.6904463710	0.0514625230	0.1295486551
2	0.1898176154	0.0393523739	0.7438658212	0.0000000000	0.0269641895
1	0.0693537546	0.0317959250	0.8573137182	0.0256429207	0.0158936815
1	0.0723609823	0.7775607752	0.0003940216	0.1496842209	0.0000000000
1	0.1471085807	0.0351959387	0.1751140805	0.0000001680	0.6425812321
0	0.4043225186	0.0153459112	0.1073499909	0.4725982781	0.0003833012
0	0.8985191040	0.1014717046	0.0000091915	0.0000000000	0.0000000000
0	0.0339944528	0.2317227053	0.6922198895	0.0405072279	0.0015557245
0	0.0375309860	0.0202901817	0.0000017208	0.4786354275	0.4635416841
2	0.6201810843	0.0000000000	0.3354571948	0.0440352430	0.0003264779
1	0.7188797506	0.2602431605	0.0110305468	0.0098390988	0.0000074433
0	0.0000023017	0.1663055259	0.8303351593	0.0033526004	0.0000044128
0	0.4177377216	0.2538072628	0.2181206575	0.0816417788	0.0286925793
0	0.9441893104	0.0000000000	0.0339240471	0.0054995489	0.0163870936
0	0.9758735890	0.0023533758	0.0212710055	0.0000000697	0.0005019599
1	0.0283800749	0.0000000000	0.0726054829	0.6243833739	0.2746310683
0	0.0064798622	0.1562986451	0.0483956849	0.4284093654	0.3604164424
0	0.7297728676	0.0000000006	0.2278392916	0.0416648812	0.0007229591
1	0.4971274622	0.0401440858	0.0037510935	0.0248186219	0.4341587365
1	0.0216228288	0.0010577026	0.6228583122	0.2404955102	0.1139656462
1	0.6287382855	0.0002542007	0.2425279563	0.0047778240	0.1237017336
0	0.0157487076	0.0090267859	0.0249444390	0.4494174092	0.5008626584
0	0.1356495980	0.4337777681	0.3977175405	0.0327619770	0.0000931163
0	0.0040033829	0.4326468013	0.2281033953	0.1657918671	0.1694545533
0	0.5717013585	0.0605588536	0.1472773368	0.2194143225	0.0010481287
0	0.0000000000	0.0034685354	0.7477619891	0.2481017009	0.0006677746
0	0.0885051708	0.2946515826	0.3479912531	0.0000029086	0.2688490850
0	0.4721649605	0.0563818693	0.2662156871	0.0651169655	0.1401205177
0	0.3186709876	0.2508133780	0.3027890541	0.1277265791	0.0000000012
0	0.0000045212	0.2628588339	0.0031117866	0.5894048594	0.1446199988
0	0.0375941862	0.0312966046	0.0000069975	0.8080783676	0.1230238441
0	0.0571948596	0.0013716564	0.5526797174	0.0547184298	0.3340353367
