0	0.2148430709	0.3712411129	0.4139158162
1	0.1864191090	0.3079528221	0.5056280688
2	0.0000279119	0.0826048443	0.9173672438
0	0.0704479255	0.0187359408	0.9108161337
0	0.0176147134	0.0175785700	0.9648067166
0	0.2072888594	0.7544775180	0.0382336227
0	0.2028582727	0.3213123999	0.4758293274
1	0.0741481544	0.2004627560	0.7253890896
0	0.1625049244	0.8374950756	0.0000000000
0	0.0726992830	0.6408551500	0.2864455670
1	0.4491808238	0.3549550778	0.1958640983
0	0.0000000000	0.0285355019	0.9714644981
0	0.0264554138	0.0008820535	0.9726625327
0	0.0636170491	0.8427719889	0.0936109620
0	0.0000000017	0.0127889253	0.9872110730
0	0.4077169851	0.0000611691	0.5922218458
0	0.8708961003	0.0604847640	0.0686191357
0	0.0000000000	0.0000012502	0.9999987498
2	0.2261575097	0.0000000000	0.7738424903
0	0.8243391254	0.0070607101	0.1686001645
0	0.3406980165	0.5288099621	0.1304920214
1	0.0000343873	0.9958166118	0.0041490009
0	0.9786519248	0.0000000000	0.0213480752
2	0.0275854667	0.9722758000	0.0001387333
0	0.9705996959	0.0294003041	0.0000000000
1	0.4872725891	0.0000000000	0.5127274108
0	0.3785225069	0.0293946494	0.5920828437
1	0.0265751276	0.0427002299	0.9307246425
1	0.7763649652	0.0003939434	0.2232410914
0	0.2611520590	0.7388479391	0.0000000019
1	0.0029351997	0.9714734492	0.0255913511
1	0.3175737249	0.0000000000	0.6824262751
0	0.4064995650	0.5103967035	0.0831037315
1	0.1973918114	0.0260214608	0.7765867278
0	0.0303865881	0.5951061602	0.3745072516
0	0.0000025631	0.0243262911	0.9756711458
0	0.0323824906	0.8429768580	0.1246406514
1	0.3459118067	0.5838597369	0.0702284564
0	0.8784725346	0.0114375543	0.1100899111
0	0.2830848687	0.5137836904	0.2031314409
2	0.9192258370	0.0737132329	0.0070609301
1	0.0455566599	0.0494440234	0.9049993167
0	0.5317261955	0.0021760430	0.4660977615
1	0.1128304730	0.8825742830	0.0045952440
1	0.0170440456	0.0025728969	0.9803830575
0	0.7398162502	0.2601836413	0.0000001084
0	0.2436455073	0.5795146796	0.1768398131
0	0.9388295912	0.0611704088	0.0000000000
1	0.9068743988	0.0767693425	0.0163562587
2	0.1315825914	0.0887484157	0.7796689929
0	0.2688263851	0.7311447470	0.0000288679
1	0.5944057349	0.0010911932	0.4045030719
1	0.0887092121	0.3633382041	0.5479525838
1	0.7711043458	0.0000044311	0.2288912231
0	0.3453723310	0.0020862529	0.6525414161
1	0.3480445725	0.6519554275	0.0000000000
0	0.2440887280	0.0340496320	0.7218616400
1	0.7250403326	0.0018874527	0.2730722147
0	0.0124234252	0.3081402922	0.6794362826
0	0.2184552245	0.0309401776	0.7506045979
1	0.6384671294	0.0945050869	0.2670277837
1	0.9999971847	0.0000028153	0.0000000000
0	0.1781848644	0.0257282101	0.7960869255
0	0.9701525795	0.0077862752	0.0220611453
0	0.0000001241	0.6630854594	0.3369144164
0	0.0757845369	0.6732706503	0.2509448128
0	0.0691645870	0.8605175507	0.0703178623
0	0.1363442779	0.1241575228	0.7394981993
0	0.9875954785	0.0123216478	0.0000828736
0	0.0016291691	0.8462232531	0.1521475778
0	0.9719015177	0.0280983417	0.0000001406
0	0.0003918264	0.9969372560	0.0026709176
0	0.3303956518	0.2533071401	0.4162972081
0	0.1047405961	0.8672238574	0.0280355465
0	0.0550900594	0.8683379816	0.0765719590
0	0.5492471621	0.0276251833	0.4231276547
1	0.0285867468	0.3976909603	0.5737222928
0	0.2323604019	0.0067878328	0.7608517653
0	0.0000000004	0.8613019206	0.1386980790
1	0.4857349821	0.1345800292	0.3796849886
1	0.0000000000	0.0000707045	0.9999292955
0	0.0000142449	0.9991547775	0.0008309776
0	0.3202716948	0.6797283052	0.0000000000
0	0.1798440172	0.7652838569	0.0548721258
0	0.0280116147	0.0169116212	0.9550767641
0	0.0354279635	0.8743890753	0.0901829612
0	0.0016377082	0.9983622918	0.0000000000
0	0.5202838479	0.4783144876	0.0014016646
0	0.4194503187	0.5516068718	0.0289428095
1	0.2110025587	0.7889974413	0.0000000000
0	0.7202471700	0.2793305423	0.0004222878
1	0.7543311358	0.0751803367	0.1704885275
1	0.0000022176	0.5231031637	0.4768946187
2	0.0000033556	0.0138351376	0.9861615068
1	0.0629298585	0.0000176866	0.9370524549
0	0.0044090814	0.8144383569	0.1811525617
1	0.1567979917	0.6562399766	0.1869620317
0	0.3247393517	0.5145962904	0.1606643578
2	0.3175119017	0.0742652320	0.6082228663
0	0.5311827900	0.0373049253	0.4315122847
