0	0.0000000000	0.0374282669	0.9625717331
0	0.7144567927	0.2623094166	0.0232337906
0	0.0823358373	0.4334709361	0.4841932266
1	0.0000000360	0.0877416760	0.9122582880
0	0.0502861456	0.6336372369	0.3160766175
0	0.1143813256	0.0246792128	0.8609394616
1	0.9976163120	0.0023794297	0.0000042583
1	0.9736602601	0.0263397399	0.0000000000
0	0.0327790191	0.8918344371	0.0753865439
1	0.0034156918	0.7341237100	0.2624605982
0	0.0777170246	0.9222558248	0.0000271505
1	0.0148300492	0.0000000043	0.9851699466
0	0.7972951261	0.1497695327	0.0529353412
0	0.6835966048	0.1963351808	0.1200682144
0	0.0042720070	0.3483980379	0.6473299551
0	0.0391291796	0.0000000190	0.9608708014
2	0.7657026326	0.2013023412	0.0329950262
0	0.2511788389	0.0472548751	0.7015662860
0	0.0822813151	0.9127077129	0.0050109720
0	0.3668611014	0.1846030663	0.4485358323
0	0.7852548284	0.2042193471	0.0105258245
0	0.1057607456	0.0176828843	0.8765563701
0	0.1506794584	0.0143375053	0.8349830363
0	0.0000000000	0.0135996438	0.9864003562
1	0.0076308713	0.9880507199	0.0043184088
1	0.9999966970	0.0000033030	0.0000000000
1	0.7813572352	0.1151137755	0.1035289893
0	0.8880174469	0.0657332665	0.0462492866
0	0.0792996780	0.1266559708	0.7940443513
0	0.7574421833	0.2161549869	0.0264028298
0	0.0845476717	0.7395193251	0.1759330032
0	0.9015100017	0.0984856542	0.0000043441
0	0.0003914114	0.0706547711	0.9289538175
1	0.2712369637	0.0851540740	0.6436089623
0	0.0026484214	0.9681705169	0.0291810616
1	0.0000543256	0.3616179063	0.6383277680
0	0.3254523205	0.0000000206	0.6745476589
1	0.0012090689	0.9970692756	0.0017216555
1	0.1839235471	0.8160764529	0.0000000000
0	0.1173923900	0.8592572502	0.0233503598
0	0.1950687682	0.6040625443	0.2008686875
0	0.0158823356	0.3897911864	0.5943264779
0	0.6889752354	0.0656000909	0.2454246737
0	0.1213516617	0.4672156233	0.4114327150
0	0.0485471381	0.0008631402	0.9505897217
1	0.2693629168	0.0433660221	0.6872710611
1	0.2921171141	0.1395008368	0.5683820491
0	0.4818206826	0.1985898602	0.3195894572
0	0.4586423689	0.4858018872	0.0555557439
0	0.0000000000	0.8700393360	0.1299606640
1	0.5892901720	0.1663397638	0.2443700641
0	0.9520023610	0.0466307531	0.0013668859
0	0.1015356912	0.7448763181	0.1535879908
0	0.0024894602	0.3539280964	0.6435824433
1	0.0269794330	0.9228663723	0.0501541948
1	0.2141936753	0.5071636024	0.2786427223
0	0.4768210376	0.4242408767	0.0989380857
0	0.0272166981	0.3964609692	0.5763223327
1	0.4724797587	0.0682381944	0.4592820469
0	0.0010469025	0.6995024475	0.2994506500
0	0.4032201583	0.1192988074	0.4774810344
0	0.1454208200	0.7949420836	0.0596370964
2	0.0005745552	0.6536326264	0.3457928184
1	0.6600107589	0.2030360862	0.1369531549
0	0.5561452513	0.4046516161	0.0392031326
1	0.8776514078	0.0000275206	0.1223210716
0	0.3834692016	0.0102679608	0.6062628376
0	0.9332323106	0.0014174809	0.0653502085
2	0.7878773788	0.1544762802	0.0576463410
0	0.2278059818	0.0346135244	0.7375804938
0	0.0019842640	0.3336846432	0.6643310928
1	0.7834203279	0.1588916964	0.0576879757
1	0.7979592298	0.0529475073	0.1490932629
2	0.0024490539	0.5512670243	0.4462839218
1	0.2826124677	0.2101054582	0.5072820741
0	0.6744425511	0.0027214205	0.3228360284
0	0.7625860775	0.0001021248	0.2373117977
0	0.0237190288	0.0087189354	0.9675620358
0	0.0650192927	0.0478427211	0.8871379863
0	0.5958790864	0.0006340344	0.4034868793
0	0.9972105022	0.0000039237	0.0027855740
0	0.5295661267	0.0219772519	0.4484566214
0	0.0165570588	0.0639123715	0.9195305698
1	0.2820346110	0.0912893398	0.6266760492
0	0.9999809793	0.0000190187	0.0000000020
0	0.0168352566	0.8219434824	0.1612212610
0	0.0315891386	0.3955041575	0.5729067039
0	0.0551995690	0.7047864928	0.2400139382
1	0.0003484882	0.0678063824	0.9318451294
0	0.0241728704	0.0963171236	0.8795100060
1	0.7524923364	0.2470595545	0.0004481091
1	0.4741740837	0.0000079503	0.5258179659
0	0.2612712106	0.6077827251	0.1309460643
0	0.0975343829	0.0000006702	0.9024649469
1	0.0000000000	0.0000000819	0.9999999181
0	0.7288586097	0.0722713184	0.1988700719
0	0.1682731440	0.0488758773	0.7828509787
0	0.9301199121	0.0003808296	0.0694992583
0	0.5137836498	0.4754439251	0.0107724251
0	0.1134325922	0.8865674078	0.0000000000
