1	0.1225003829	0.4780894443	0.3994101727
0	0.1108955123	0.0044974936	0.8846069941
0	0.1028190397	0.2100006601	0.6871803002
1	0.2179764203	0.2384502110	0.5435733687
1	0.0197575414	0.1574687124	0.8227737462
1	0.8571450121	0.0520674140	0.0907875740
0	0.4498987380	0.4804092481	0.0696920139
0	0.0729837168	0.9270162832	0.0000000000
0	0.6517625261	0.2217246639	0.1265128100
0	0.0008161979	0.0382600156	0.9609237865
1	0.0342705077	0.0008407908	0.9648887015
0	0.7216147962	0.0000000000	0.2783852038
2	0.2820229143	0.7179770857	0.0000000000
0	0.5466250085	0.4508293324	0.0025456591
0	0.5982956984	0.4017043012	0.0000000004
0	0.3092273146	0.6906597274	0.0001129580
0	0.6256330392	0.3743669607	0.0000000001
0	0.0000002194	0.0288999011	0.9710998795
0	0.0002363535	0.4089444392	0.5908192073
1	0.3217531829	0.2113410818	0.4669057353
0	0.2585206708	0.7403098260	0.0011695031
0	0.8887782058	0.1094037657	0.0018180285
0	0.3052208989	0.0230507492	0.6717283520
1	0.0634677140	0.4338954234	0.5026368625
0	0.9948186162	0.0005973076	0.0045840763
2	0.0595957822	0.0850066152	0.8553976025
1	0.3013447873	0.1110165115	0.5876387012
0	0.9451513314	0.0323938984	0.0224547702
0	0.2102141012	0.7451091995	0.0446766993
0	0.2532454514	0.5808183671	0.1659361814
0	0.2741212035	0.5646667223	0.1612120742
1	0.0000000000	0.8045697022	0.1954302978
0	0.0859740950	0.8123795940	0.1016463110
1	0.2239859544	0.7255863183	0.0504277273
1	0.0831502780	0.2321425278	0.6847071942
0	0.0000000078	0.0491141979	0.9508857942
1	0.5074502229	0.0723798516	0.4201699255
0	0.0966934110	0.1525861313	0.7507204577
0	0.0240002303	0.4240158267	0.5519839430
0	0.9399317295	0.0581741675	0.0018941030
0	0.0562881588	0.1362832353	0.8074286059
0	0.8049216471	0.1489549355	0.0461234174
0	0.0013944992	0.0682318975	0.9303736034
0	0.5925922199	0.2144291473	0.1929786329
0	0.1847808382	0.3513014176	0.4639177441
0	0.6244930822	0.3331338510	0.0423730668
0	0.0389950647	0.0000000000	0.9610049353
1	0.9637632031	0.0362260943	0.0000107026
0	0.0004680922	0.0001475200	0.9993843878
0	0.1191623394	0.1928154216	0.6880222390
0	0.0257440561	0.4701341446	0.5041217993
1	0.6111487933	0.2510552602	0.1377959465
0	0.0985678657	0.4264124778	0.4750196564
0	0.1198815253	0.0072706769	0.8728477978
0	0.2971262482	0.6598284956	0.0430452562
0	0.6849757511	0.1345529113	0.1804713376
1	0.0134233559	0.9713162601	0.0152603841
1	0.0416898731	0.6440786217	0.3142315052
0	0.5108905938	0.1206850209	0.3684243853
0	0.8874625135	0.0007731004	0.1117643861
1	0.1725799898	0.0000177890	0.8274022212
1	0.1179396756	0.6918429586	0.1902173658
0	0.0000000482	0.8668080624	0.1331918894
1	0.6693643376	0.3296192515	0.0010164109
0	0.0496341857	0.9417475188	0.0086182954
0	0.9530759227	0.0000000000	0.0469240773
1	0.9701376878	0.0246127122	0.0052496000
1	0.8931153188	0.0347857447	0.0720989365
1	0.1252062035	0.3928670108	0.4819267857
0	0.9710622635	0.0289301895	0.0000075471
0	0.3810220821	0.0000000000	0.6189779179
0	0.2270790951	0.4552291517	0.3176917532
0	0.0062912315	0.6986642094	0.2950445592
1	0.2382213256	0.4737273415	0.2880513329
0	0.0168549100	0.3416197633	0.6415253267
0	0.2853373577	0.1009210082	0.6137416341
0	0.2839993594	0.6036894976	0.1123111429
0	0.0481396362	0.8350916364	0.1167687274
1	0.5876431263	0.4047503423	0.0076065314
0	0.4861304428	0.2601516313	0.2537179259
1	0.1624461901	0.4838832129	0.3536705970
1	0.7505091029	0.0003064364	0.2491844607
0	0.4730427953	0.4205694289	0.1063877758
0	0.6421037689	0.3505293125	0.0073669186
1	0.2463303225	0.5163103920	0.2373592855
0	0.6136694697	0.0666567514	0.3196737789
0	0.9943084801	0.0056849757	0.0000065442
1	0.4714547516	0.3667012024	0.1618440461
0	0.0219238973	0.9689266089	0.0091494938
0	0.0000000000	0.0428035785	0.9571964215
0	0.9615112086	0.0384887914	0.0000000000
0	0.1703559890	0.6815061062	0.1481379049
1	0.8560185490	0.0000799670	0.1439014840
0	0.2546724088	0.1994245726	0.5459030187
1	0.8031492356	0.0582011699	0.1386495944
1	0.7721466738	0.0001954655	0.2276578606
0	0.2141606591	0.7352278568	0.0506114841
0	0.8919671100	0.1070061187	0.0010267713
0	0.8185805817	0.0100244053	0.1713950130
0	0.7563734180	0.0000238813	0.2436027007
