0	0.0075016191	0.9089541220	0.0835442589
0	0.0377397113	0.7652859932	0.1969742955
1	0.9160320266	0.0197226086	0.0642453649
1	0.9296006366	0.0627211438	0.0076782196
1	0.0556621545	0.7769496656	0.1673881798
1	0.3658233403	0.2615712268	0.3726054329
0	0.8119759345	0.1880240655	0.0000000000
0	0.0620628978	0.0744905494	0.8634465528
0	0.0079975448	0.1989355590	0.7930668962
1	0.4083793510	0.1148076814	0.4768129676
1	0.1422675124	0.0538243382	0.8039081494
1	0.0161314228	0.0916386154	0.8922299618
1	0.7941604967	0.2058383249	0.0000011784
0	0.2581051044	0.0085023129	0.7333925827
0	0.1844078903	0.0275015963	0.7880905134
0	0.1485618420	0.1748875431	0.6765506149
0	0.9942605113	0.0000008083	0.0057386804
0	0.0000000000	0.9735402139	0.0264597861
0	0.1582469309	0.5481483185	0.2936047507
1	0.0000027723	0.1461956126	0.8538016150
1	0.1779075949	0.0000652190	0.8220271862
0	0.8188599984	0.1727617354	0.0083782663
0	0.0514629413	0.9485011414	0.0000359173
0	0.1093831877	0.1759366787	0.7146801335
0	0.0310376546	0.0422906266	0.9266717188
0	0.0083992719	0.7405697380	0.2510309901
1	0.0023437597	0.2265757901	0.7710804502
1	0.5179393814	0.4722842569	0.0097763617
0	0.3175971765	0.6501815886	0.0322212349
0	0.6868544726	0.0073750714	0.3057704560
0	0.0117063874	0.8222601674	0.1660334452
0	0.0000000000	0.3005210235	0.6994789764
1	0.0115679832	0.7248353638	0.2635966530
1	0.6252265551	0.3747611979	0.0000122470
2	0.2831876083	0.5798629486	0.1369494432
0	0.2302608209	0.7277530624	0.0419861167
1	0.9178230097	0.0821769903	0.0000000000
0	0.0119834454	0.0657758958	0.9222406588
1	0.0030257462	0.4661718332	0.5308024206
0	0.0170317231	0.9814101769	0.0015581001
0	0.0389259652	0.9602768698	0.0007971650
0	0.0011888523	0.7478344909	0.2509766568
1	0.0385212707	0.8320886800	0.1293900492
0	0.4376330437	0.2312641243	0.3311028320
1	0.5842141502	0.4052257498	0.0105601000
0	0.1387510774	0.8603206015	0.0009283210
1	0.0099728718	0.0070245276	0.9830026006
0	0.0001070023	0.6411231083	0.3587698895
0	0.0509870699	0.0142221587	0.9347907714
1	0.0429120067	0.2014222551	0.7556657382
1	0.1938386925	0.4258116345	0.3803496730
1	0.3232675177	0.6578471855	0.0188852968
1	0.1870911189	0.0341983552	0.7787105259
1	0.6396453157	0.3602944336	0.0000602507
0	0.2058665557	0.3619042284	0.4322292159
0	0.6039055680	0.3565424889	0.0395519431
0	0.0005739813	0.8941283684	0.1052976503
1	0.0074051859	0.0557791470	0.9368156671
2	0.9741501262	0.0180319473	0.0078179265
0	0.2196418603	0.5263249201	0.2540332196
0	0.0670651178	0.4945107698	0.4384241123
0	0.0042415856	0.8792996571	0.1164587573
0	0.3816887214	0.0622802230	0.5560310557
0	0.6034066987	0.1076091931	0.2889841083
1	0.2957129985	0.0046671999	0.6996198016
0	0.0000000004	0.1192325728	0.8807674268
0	0.8802573106	0.0810425908	0.0387000985
0	0.0535913715	0.0754917770	0.8709168515
1	0.3548989045	0.3401210834	0.3049800120
0	0.2888192510	0.4912998980	0.2198808510
0	0.8631877063	0.0014119655	0.1354003282
1	0.0030741295	0.2271541048	0.7697717657
1	0.4521694232	0.0015604780	0.5462700988
0	0.9462419182	0.0489976139	0.0047604679
2	0.0905243430	0.4981731073	0.4113025496
1	0.2430384460	0.4308160944	0.3261454596
1	0.1141019101	0.8844013431	0.0014967468
0	0.9513894332	0.0052108541	0.0433997127
0	0.0579103722	0.0144467661	0.9276428617
1	0.4952480773	0.0448621374	0.4598897853
0	0.0000000000	0.9679583756	0.0320416244
0	0.0139251985	0.9791479788	0.0069268228
0	0.5443819555	0.1233412024	0.3322768421
0	0.6997071525	0.1979582670	0.1023345805
0	0.4085321998	0.4009767326	0.1904910675
0	0.4975138531	0.0020528277	0.5004333192
0	0.0348427285	0.1065505377	0.8586067338
0	0.9620283284	0.0000000004	0.0379716712
1	0.2250497116	0.3323822472	0.4425680412
0	0.6234639372	0.3071046679	0.0694313949
0	0.0112370027	0.4479061199	0.5408568774
2	0.0052896802	0.0044989205	0.9902113992
0	0.0001228102	0.1726657740	0.8272114158
0	0.0229387449	0.0858618885	0.8911993666
0	0.0343486226	0.7560177789	0.2096335985
0	0.8618938887	0.1381057477	0.0000003636
1	0.1348909716	0.8580714183	0.0070376100
1	0.0932506717	0.8978094928	0.0089398355
0	0.3844736328	0.2468404004	0.3686859669
0	0.0261372733	0.9692003083	0.0046624183
