0	0.9576022246	0.0061937991	0.0362039763
0	0.0386749834	0.9137687607	0.0475562559
1	0.1977517047	0.0025847970	0.7996634983
1	0.6781347765	0.1312607038	0.1906045196
1	0.1885062611	0.6879689138	0.1235248251
0	0.8907539585	0.0000000054	0.1092460361
0	0.6493665918	0.2315884685	0.1190449397
0	0.4123903948	0.5876096035	0.0000000017
1	0.0332181828	0.6289972907	0.3377845265
1	0.2250958614	0.0252388412	0.7496652974
0	0.8542442040	0.1389013913	0.0068544047
0	0.9998241259	0.0000043143	0.0001715598
1	0.3147978073	0.0656120497	0.6195901430
0	0.3548304207	0.6275906440	0.0175789354
0	0.5262536505	0.0961116551	0.3776346944
0	0.9958447560	0.0000008969	0.0041543471
1	0.8360491766	0.0991968166	0.0647540069
0	0.0801961362	0.0000000000	0.9198038638
1	0.6464444609	0.1972767071	0.1562788320
1	0.7562639980	0.2376485394	0.0060874625
0	0.9678564065	0.0000000104	0.0321435832
0	0.9951646361	0.0023048347	0.0025305292
1	0.5875859455	0.3909711276	0.0214429269
0	0.0000329175	0.9989558269	0.0010112556
1	0.0000000158	0.2935370029	0.7064629812
1	0.9788979883	0.0000000195	0.0211019922
1	0.4085564924	0.4923897214	0.0990537862
0	0.0921605260	0.0041763377	0.9036631362
0	0.9724629869	0.0000000013	0.0275370118
0	0.9908228236	0.0000000186	0.0091771578
1	0.0170369307	0.5622785968	0.4206844725
2	0.7069689651	0.0624826112	0.2305484237
0	0.0403188940	0.9498810616	0.0098000443
0	0.0134802700	0.0571888135	0.9293309166
0	0.0340675157	0.0302249635	0.9357075208
0	0.8850332584	0.1149659623	0.0000007793
1	0.3197905031	0.6802094969	0.0000000000
1	0.8025150965	0.1958459809	0.0016389226
0	0.0286133080	0.3619826673	0.6094040247
0	0.6463145592	0.0029134348	0.3507720059
0	0.9988879436	0.0011087627	0.0000032937
2	0.2035446098	0.5318894710	0.2645659192
0	0.0397213872	0.5915231402	0.3687554726
0	0.6810461082	0.0631838493	0.2557700425
1	0.0000032637	0.0010370010	0.9989597352
0	0.0006232461	0.9490816436	0.0502951103
0	0.0024997400	0.9972392015	0.0002610584
0	0.1087443075	0.8912119197	0.0000437728
0	0.0426056970	0.3065964948	0.6507978082
0	0.2312414829	0.3568494670	0.4119090501
0	0.0000000019	0.0174931744	0.9825068237
1	0.0773011104	0.2748845955	0.6478142940
1	0.8639623575	0.0968183939	0.0392192486
0	0.0632877931	0.7568300407	0.1798821661
0	0.8934187015	0.0000003003	0.1065809981
1	0.4887853015	0.0014968775	0.5097178210
1	0.6091662199	0.0252835540	0.3655502261
0	0.1574151768	0.7018982318	0.1406865914
1	0.0000157775	0.0342040250	0.9657801975
0	0.0625939973	0.8323813691	0.1050246337
1	0.0291486191	0.0011915549	0.9696598259
1	0.8751218445	0.1241626359	0.0007155196
1	0.0607945413	0.0000001760	0.9392052827
0	0.2674301032	0.0066207522	0.7259491446
1	0.3698456279	0.6299830376	0.0001713345
0	0.0138253830	0.8627529962	0.1234216208
0	0.2069206916	0.7910501416	0.0020291668
1	0.9969400125	0.0030363496	0.0000236379
0	0.1878203514	0.4163270285	0.3958526201
1	0.2379812635	0.0000112088	0.7620075277
1	0.3781556959	0.0000000516	0.6218442525
0	0.7765977003	0.0399590987	0.1834432010
2	0.0409787985	0.9192395907	0.0397816109
1	0.7501407836	0.0915264464	0.1583327700
0	0.0000000000	0.0000000000	1.0000000000
1	0.0000000196	0.5191270060	0.4808729744
0	0.0039655386	0.9400459086	0.0559885528
0	0.0000227672	0.0067843913	0.9931928415
0	0.2288134524	0.1067811183	0.6644054293
1	0.0254432858	0.6235288079	0.3510279063
0	0.6569703568	0.0009908054	0.3420388378
0	0.3081518714	0.6914526776	0.0003954511
0	0.1161211542	0.5257690518	0.3581097940
0	0.3883969114	0.6055198456	0.0060832430
0	0.1582307831	0.8417686711	0.0000005459
1	0.8260910632	0.1231051536	0.0508037832
0	0.2018746212	0.0947369444	0.7033884344
0	0.1114668521	0.0011823805	0.8873507673
0	0.2417052174	0.7582646118	0.0000301709
0	0.3609755974	0.6382212052	0.0008031974
0	0.0071907129	0.9708018329	0.0220074542
0	0.0000000000	0.2004450966	0.7995549034
0	0.0040061376	0.0802174640	0.9157763984
0	0.0016439673	0.8027881044	0.1955679283
0	0.7918321689	0.0051442161	0.2030236150
0	0.8492761899	0.0943423194	0.0563814907
0	0.6208196461	0.3786440248	0.0005363291
0	0.3088684144	0.2867076066	0.4044239791
1	0.9730778019	0.0237289860	0.0031932121
0	0.2752688997	0.1157105419	0.6090205584
