1	0.0187838025	0.0585357668	0.9226804307
0	0.0000000000	0.9925862444	0.0074137556
0	0.2147108362	0.7060032638	0.0792859000
0	0.0998460108	0.3748177997	0.5253361894
0	0.4371358734	0.0766480342	0.4862160924
0	0.1374387324	0.1995418042	0.6630194633
0	0.0133626356	0.0135659976	0.9730713667
0	0.0000010239	0.9699197781	0.0300791981
0	0.0472437222	0.0000624796	0.9526937983
0	0.0166178666	0.0000000000	0.9833821334
0	0.0351510395	0.0017734538	0.9630755067
0	0.0027235094	0.2905663898	0.7067101008
0	0.0079972186	0.5872996397	0.4047031416
0	0.6233933665	0.0251285036	0.3514781299
0	0.1146235478	0.0000626154	0.8853138368
0	0.1351622705	0.1557790225	0.7090587070
1	0.0643657695	0.8130987829	0.1225354475
0	0.9773689569	0.0000000001	0.0226310429
0	0.9986279009	0.0013720991	0.0000000000
0	0.4848938251	0.5147251802	0.0003809947
0	0.0413663780	0.0257746500	0.9328589720
0	0.0036002192	0.0471323560	0.9492674248
0	0.9381402541	0.0305051424	0.0313546036
0	0.9999966368	0.0000033632	0.0000000000
0	0.0001145737	0.1110534257	0.8888320006
0	0.0085856024	0.8712491112	0.1201652864
1	0.9328103943	0.0632996226	0.0038899831
0	0.0576386312	0.0258306162	0.9165307526
0	0.0782784326	0.8355951998	0.0861263676
0	0.0173191794	0.2165623532	0.7661184673
0	0.0169064746	0.7553862071	0.2277073183
0	0.3970306917	0.5411286810	0.0618406273
0	0.0000000014	0.0096145006	0.9903854980
0	0.2975003751	0.4631729552	0.2393266697
0	0.6513615242	0.3103811499	0.0382573259
0	0.0770584817	0.1471772626	0.7757642556
0	0.5042903451	0.0000102191	0.4956994359
0	0.0035994193	0.3247745783	0.6716260025
0	0.2545569163	0.7454430825	0.0000000012
0	0.0001880375	0.0125449732	0.9872669894
0	0.1995331801	0.5396032029	0.2608636170
0	0.7088465757	0.0453619670	0.2457914573
0	0.9566919795	0.0000000000	0.0433080205
0	0.4211222619	0.5788777381	0.0000000000
1	0.0000599437	0.0004471220	0.9994929344
0	0.9996882466	0.0001168474	0.0001949060
0	0.0948991003	0.9051008997	0.0000000000
1	0.0000000000	0.3242617970	0.6757382030
0	0.0275121697	0.5052489751	0.4672388552
0	0.0071475169	0.9634011769	0.0294513062
0	0.1000111496	0.8376666315	0.0623222189
0	0.0064607418	0.9923334556	0.0012058026
0	0.0006109597	0.0000000000	0.9993890403
0	0.2108650488	0.0000000000	0.7891349512
1	0.0650328655	0.4004858540	0.5344812805
0	0.0111027875	0.2620815079	0.7268157046
0	0.0005254317	0.9994745575	0.0000000108
0	0.3654297980	0.5946694338	0.0399007682
0	0.0000000000	0.6115187746	0.3884812254
1	0.5487457528	0.3694483322	0.0818059150
0	0.0039371096	0.6598901162	0.3361727742
0	0.0528625089	0.9421277989	0.0050096923
0	0.0012390167	0.1193572755	0.8794037079
0	0.9992726583	0.0000901820	0.0006371597
0	0.0000306908	0.0013365642	0.9986327450
0	0.9631962053	0.0261112439	0.0106925508
0	0.0000508426	0.1711027300	0.8288464274
0	0.0000000000	0.9999728925	0.0000271075
0	0.9992358207	0.0001019174	0.0006622619
0	0.0060064012	0.0213305413	0.9726630575
0	0.6909784896	0.2705036004	0.0385179100
0	0.5033939632	0.0027639575	0.4938420794
0	0.9345475286	0.0654510471	0.0000014243
0	0.7048502188	0.0238773203	0.2712724609
0	0.0082592710	0.9578561352	0.0338845937
0	0.0000000000	0.0527946185	0.9472053815
0	0.3063284288	0.0000001154	0.6936714559
0	0.6119011668	0.3479878882	0.0401109450
0	0.0429959580	0.0009850829	0.9560189591
0	0.0080694291	0.0000000000	0.9919305709
0	0.4745284250	0.5254715749	0.0000000001
0	0.8501596407	0.0624537082	0.0873866511
0	0.1282317005	0.0000000000	0.8717682995
0	0.0589448494	0.0054416516	0.9356134990
0	0.1707554354	0.0541261739	0.7751183908
1	0.3934100096	0.0034760834	0.6031139070
0	0.0509383320	0.0000000000	0.9490616680
0	0.1306140567	0.0848771037	0.7845088395
0	0.0000000000	0.0000068873	0.9999931127
0	0.9449651088	0.0360223702	0.0190125210
0	0.5084672006	0.0298144743	0.4617183251
0	0.0024118325	0.9679658559	0.0296223116
0	0.0000014350	0.0339405728	0.9660579922
0	0.0303101086	0.0005295528	0.9691603386
0	0.2223213516	0.0443932288	0.7332854196
0	0.9543852647	0.0294801558	0.0161345794
0	0.2119626931	0.7880367863	0.0000005206
0	0.0189680170	0.1603165427	0.8207154404
0	0.1606761859	0.0093520745	0.8299717395
0	0.2527965972	0.0019001723	0.7453032305
1	0.0000989619	0.5333434585	0.4665575795
0	0.2885386660	0.0316718368	0.6797894972
0	0.1515515080	0.0067506654	0.8416978266
0	0.0000006773	0.9339363841	0.0660629386
0	0.0005017837	0.1484213370	0.8510768793
1	0.0355725828	0.8754257532	0.0890016641
0	0.9885290420	0.0028571776	0.0086137804
1	0.0015521978	0.0000000000	0.9984478022
0	0.0000280043	0.1150245469	0.8849474488
1	0.9977128061	0.0021316867	0.0001555072
0	0.0000000361	0.1955833734	0.8044165905
0	0.0324506012	0.0000034364	0.9675459625
0	0.4015101372	0.1172994047	0.4811904581
0	0.0419281008	0.6531814352	0.3048904640
0	0.0946333718	0.7858705834	0.1194960448
0	0.0000001767	0.4797745221	0.5202253012
0	0.2139288562	0.1770065252	0.6090646186
0	0.8064441058	0.1908178659	0.0027380283
0	0.3239260449	0.3554980537	0.3205759014
0	0.0000000000	0.8054112949	0.1945887051
0	0.0028678534	0.7496385812	0.2474935654
0	0.6950541550	0.3049137729	0.0000320721
0	0.9980355248	0.0000000000	0.0019644752
0	0.0000000578	0.1303320688	0.8696678735
1	0.1207224201	0.5136525406	0.3656250393
0	0.0786833014	0.0178949411	0.9034217575
0	0.0033403800	0.1472917564	0.8493678636
0	0.0455099928	0.0556016116	0.8988883956
0	0.3701753496	0.5801468855	0.0496777649
0	0.0514335081	0.9485664918	0.0000000001
0	0.7542317364	0.1807608507	0.0650074129
0	0.1086738190	0.1960199953	0.6953061857
0	0.0020539793	0.0000000001	0.9979460206
0	0.2417416101	0.2347031031	0.5235552867
0	0.0001063257	0.6623707043	0.3375229700
0	0.9717507049	0.0000000000	0.0282492951
0	0.9959429811	0.0040519816	0.0000050373
0	0.5104977726	0.0000000013	0.4895022260
0	0.0380409826	0.0371920919	0.9247669254
1	0.0411797657	0.0011133795	0.9577068547
0	0.3373653812	0.1783585538	0.4842760650
0	0.0030377999	0.9083464435	0.0886157566
0	0.2774572561	0.7213263712	0.0012163727
0	0.6013857948	0.1712711862	0.2273430190
0	0.7560500846	0.0007174339	0.2432324815
0	0.0662124991	0.0621658049	0.8716216959
0	0.5833187595	0.4163649800	0.0003162605
0	0.5896469756	0.0245580654	0.3857949589
0	0.1014155675	0.8985843724	0.0000000600
0	0.0145055669	0.0118043419	0.9736900912
0	0.0062775950	0.9937223464	0.0000000586
0	0.0314993010	0.9494672335	0.0190334654
0	0.0003518834	0.8439068613	0.1557412554
0	0.0324688813	0.0008847768	0.9666463419
0	0.0119171050	0.9848519804	0.0032309146
0	0.0904526149	0.1262466242	0.7833007609
0	0.0000000000	0.0108581867	0.9891418133
0	0.0000000000	0.7771956580	0.2228043420
1	0.1142883275	0.1489159361	0.7367957364
0	0.9881884240	0.0083716286	0.0034399473
0	0.1547547842	0.3986878529	0.4465573629
0	0.0000000000	0.8755826772	0.1244173228
0	0.4570391261	0.0000000002	0.5429608736
0	0.2873779927	0.0015636393	0.7110583680
0	0.0667339448	0.0169643928	0.9163016624
0	0.2565910908	0.5391903633	0.2042185459
0	0.8742444769	0.0000000000	0.1257555231
0	0.7097709509	0.0039346340	0.2862944152
0	0.0000000899	0.2149998694	0.7850000407
0	0.3045633283	0.3143212063	0.3811154654
0	0.1487328090	0.0000000000	0.8512671910
0	0.3390054566	0.0902404848	0.5707540586
0	0.2297772690	0.0090085416	0.7612141894
0	0.1191435873	0.5307941768	0.3500622359
0	0.1367073499	0.0217671427	0.8415255074
0	0.7211866701	0.0892303734	0.1895829566
0	0.8585352481	0.0817425160	0.0597222359
0	0.0985538050	0.0000002596	0.9014459354
0	0.0004433662	0.9995205822	0.0000360516
0	0.6595342834	0.1850429769	0.1554227398
0	0.0006472518	0.5709011452	0.4284516030
0	0.2561601121	0.7298680796	0.0139718083
1	0.0000002814	0.1127427491	0.8872569695
0	0.9709543470	0.0001340101	0.0289116429
0	0.0000000510	0.0000033019	0.9999966471
0	0.0001280770	0.2592942707	0.7405776524
0	0.0000000039	0.6806480199	0.3193519762
0	0.0000400644	0.7864104539	0.2135494817
0	0.0730252452	0.0000000008	0.9269747539
0	0.0043354565	0.5139533255	0.4817112179
0	0.2223162970	0.7772678281	0.0004158748
0	0.5765773703	0.3970749668	0.0263476629
0	0.0117992093	0.0038365273	0.9843642635
0	0.3737822491	0.3940509145	0.2321668364
0	0.0000134065	0.0423746742	0.9576119192
0	0.2991596691	0.4124866640	0.2883536668
0	0.0242857649	0.0286569637	0.9470572713
0	0.3138626715	0.2531714576	0.4329658710
0	0.0000000004	0.9859445947	0.0140554048
0	0.7063070145	0.0065364061	0.2871565794
0	0.1538621149	0.1733689472	0.6727689379
0	0.2872836882	0.0117530057	0.7009633061
0	0.0442565877	0.1347063270	0.8210370852
0	0.7529689226	0.0275599263	0.2194711511
0	0.5180648706	0.4705920104	0.0113431190
1	0.2481756936	0.7518029139	0.0000213925
0	0.0000184819	0.0000081192	0.9999733988
0	0.0339826688	0.9254190550	0.0405982762
0	0.0043689963	0.7090676591	0.2865633446
0	0.0000035717	0.3022385180	0.6977579103
0	0.0000000000	0.9521465867	0.0478534133
0	0.6780905676	0.1192052418	0.2027041907
1	0.9133402283	0.0381557643	0.0485040074
1	0.4043568731	0.0426873226	0.5529558043
0	0.0228979690	0.9771020310	0.0000000000
0	0.0000359771	0.0013109475	0.9986530755
0	0.0584232025	0.3440424728	0.5975343247
0	0.0000000000	0.9927818499	0.0072181501
0	0.9807802817	0.0000000000	0.0192197183
0	0.7146646322	0.1115755864	0.1737597813
0	0.0001110198	0.0042703727	0.9956186075
0	0.4467105581	0.2578247096	0.2954647323
0	0.3595699745	0.0027180629	0.6377119626
0	0.0217434150	0.0980266870	0.8802298980
1	0.5157067774	0.1683834241	0.3159097985
0	0.0000000000	0.0000000000	1.0000000000
0	0.8336713993	0.0093410388	0.1569875618
0	0.4862342793	0.0000085587	0.5137571620
1	0.8845905834	0.0910669269	0.0243424897
0	0.0329492439	0.9135749315	0.0534758245
0	0.0451819915	0.0010422438	0.9537757647
0	0.0000000000	0.3745621672	0.6254378328
0	0.0115389086	0.0019571968	0.9865038945
0	0.0014448727	0.7948221233	0.2037330040
0	0.6039686123	0.0000005294	0.3960308584
0	0.5175912797	0.4817394493	0.0006692709
1	0.0000000290	0.8597631241	0.1402368469
0	0.0077364843	0.1409896689	0.8512738468
0	0.0000000314	0.0000000000	0.9999999686
0	0.0086174151	0.0014747708	0.9899078141
0	0.8967250143	0.0000008901	0.1032740956
0	0.0440298733	0.0028585660	0.9531115607
0	0.6747349994	0.3252649949	0.0000000057
0	0.0055491376	0.0698920424	0.9245588200
0	0.4045747619	0.5733903975	0.0220348406
0	0.0241732793	0.9306836005	0.0451431202
0	0.4998335139	0.4775728522	0.0225936339
0	0.2057927336	0.0000011930	0.7942060735
0	0.0000009136	0.0376951981	0.9623038883
0	0.2822186070	0.5218339545	0.1959474384
0	0.0164356250	0.0935445946	0.8900197803
0	0.0095747796	0.8212048990	0.1692203214
0	0.0000147715	0.1110313636	0.8889538649
1	0.0000000002	0.2940803664	0.7059196334
0	0.1655517391	0.0000000560	0.8344482050
0	0.0296523386	0.0603271755	0.9100204859
0	0.9664284934	0.0000081722	0.0335633344
0	0.0529884934	0.5020092605	0.4450022461
0	0.0000295493	0.9610696327	0.0389008180
0	0.0033696178	0.0298239420	0.9668064402
1	0.1724466414	0.0249733930	0.8025799657
0	0.0000000000	0.0000000001	0.9999999999
0	0.5261241197	0.1871162731	0.2867596072
0	0.0653548823	0.0266745751	0.9079705426
0	0.0000000000	0.0000013112	0.9999986888
0	0.2212249709	0.3857811254	0.3929939038
0	0.0960680389	0.0598810652	0.8440508959
0	0.2920849657	0.3583049481	0.3496100862
0	0.0005167896	0.1143158072	0.8851674032
0	0.0545295124	0.9283694618	0.0171010258
0	0.8167861819	0.0162143455	0.1669994726
0	0.9774744352	0.0218013960	0.0007241688
1	0.0150503607	0.0004132116	0.9845364278
1	0.3287270467	0.6710597886	0.0002131646
0	0.3683456983	0.4135254371	0.2181288646
0	0.4078545419	0.1017320864	0.4904133716
0	0.2575419919	0.2853428155	0.4571151926
0	0.8443060060	0.0018231334	0.1538708606
0	0.4946708061	0.0207051852	0.4846240087
0	0.0022228941	0.0000000000	0.9977771059
0	0.0302943051	0.7614328240	0.2082728709
0	0.1199872140	0.3554551994	0.5245575866
1	0.6914414297	0.0134436466	0.2951149237
0	0.7835087736	0.0623543819	0.1541368445
0	0.0306171172	0.0000193340	0.9693635488
0	0.0000001002	0.5363751020	0.4636247978
0	0.0548257572	0.0000000000	0.9451742428
1	0.9204628689	0.0588443943	0.0206927367
0	0.0003938082	0.9979143880	0.0016918038
0	0.0789677546	0.3090221927	0.6120100527
0	0.6412186346	0.0291427696	0.3296385958
0	0.5894770670	0.4020567535	0.0084661795
0	0.0000000000	0.3100457096	0.6899542904
0	0.1390027110	0.2598553485	0.6011419405
0	0.0002100920	0.7529528069	0.2468371011
0	0.0549268608	0.2138170569	0.7312560823
0	0.0000256756	0.0000085337	0.9999657907
0	0.3720246600	0.4009774372	0.2269979028
0	0.0001078600	0.9998920958	0.0000000443
0	0.9972598452	0.0000000000	0.0027401548
0	0.1444181410	0.1705774664	0.6850043927
0	0.0000000052	0.0017061758	0.9982938190
0	0.3041815872	0.2336078269	0.4622105859
0	0.0730991445	0.0053784255	0.9215224301
0	0.1375270256	0.0000000000	0.8624729744
0	0.6856853370	0.2357904456	0.0785242174
0	0.0933390828	0.0356055271	0.8710553901
0	0.0035518272	0.0000000189	0.9964481539
1	0.0290969072	0.0050404324	0.9658626604
0	0.0623524283	0.0005008078	0.9371467639
0	0.5075832852	0.0195077606	0.4729089542
0	0.0121892677	0.0000000867	0.9878106455
1	0.2285185519	0.3417693242	0.4297121239
0	0.0287410824	0.5332130843	0.4380458333
0	0.2927608583	0.2489221735	0.4583169682
0	0.0650265528	0.9349734472	0.0000000000
0	0.2773571845	0.1724915104	0.5501513051
1	0.0000130601	0.0874527322	0.9125342077
0	0.0002172269	0.0278269180	0.9719558551
0	0.0516120861	0.8290993740	0.1192885398
0	0.2231113398	0.3416036587	0.4352850016
1	0.4077231616	0.0000248141	0.5922520242
0	0.6922148476	0.1986123550	0.1091727974
0	0.2157651453	0.0004197446	0.7838151101
0	0.1661647894	0.0000439277	0.8337912829
0	0.3271382702	0.5323845611	0.1404771687
0	0.8756878468	0.1241913461	0.0001208070
0	0.6160403457	0.0032482449	0.3807114094
0	0.0000167203	0.1900105358	0.8099727439
0	0.0617066174	0.4122076265	0.5260857561
0	0.0011768037	0.0000000000	0.9988231963
0	0.6959353066	0.2985993229	0.0054653705
1	0.3078705384	0.1439453985	0.5481840631
0	0.1698702113	0.0000298085	0.8300999802
0	0.0435627954	0.0294270055	0.9270101992
0	0.2000272253	0.0003296879	0.7996430867
0	0.8325186098	0.0056146805	0.1618667097
0	0.0805409751	0.0291089190	0.8903501059
0	0.1514904785	0.8485095214	0.0000000000
0	0.0578440161	0.5834078750	0.3587481089
1	0.0081236848	0.6335579411	0.3583183741
0	0.0045090698	0.4950772961	0.5004136341
0	0.0623848981	0.0000000061	0.9376150958
0	0.6397887240	0.0000043134	0.3602069626
0	0.5769934034	0.4006948976	0.0223116990
0	0.9962279579	0.0018179692	0.0019540729
0	0.2894240341	0.0001244644	0.7104515015
0	0.9695121983	0.0151166033	0.0153711984
0	0.1154712384	0.8273858902	0.0571428714
0	0.2967960675	0.5888091305	0.1143948020
0	0.0087588764	0.1876087595	0.8036323642
0	0.7412295172	0.2566743383	0.0020961445
0	0.1344618732	0.8509724486	0.0145656782
0	0.1702030020	0.3151766609	0.5146203371
0	0.0000007180	0.7732934323	0.2267058498
0	0.4026682647	0.5959666143	0.0013651211
0	0.0051863591	0.0000000097	0.9948136312
0	0.0604477441	0.0326248829	0.9069273730
0	0.0256919617	0.4127732513	0.5615347871
0	0.9400234405	0.0004200539	0.0595565056
0	0.0285733862	0.0402406851	0.9311859287
0	0.1006775973	0.8556591592	0.0436632435
0	0.3305413050	0.3968237118	0.2726349831
0	0.0297798314	0.7595841510	0.2106360176
0	0.0010852949	0.0549778656	0.9439368395
0	0.0102342271	0.0047179413	0.9850478317
0	0.0165875549	0.0002964916	0.9831159535
0	0.1156416504	0.3497207429	0.5346376067
1	0.0000041490	0.2401062361	0.7598896149
0	0.0000699358	0.0512575049	0.9486725593
0	0.0000395891	0.0677469510	0.9322134598
0	0.0015774048	0.7834640938	0.2149585014
2	0.0016981285	0.1237668648	0.8745350067
0	0.2077228043	0.0002543263	0.7920228694
1	0.3460109884	0.0000000000	0.6539890116
0	0.2078303099	0.7917619207	0.0004077694
0	0.3531495603	0.0209657402	0.6258846995
0	0.0192100716	0.0000000000	0.9807899284
1	0.0023222350	0.0498399025	0.9478378626
0	0.0013558792	0.3837895852	0.6148545355
0	0.0382159638	0.9506054539	0.0111785824
0	0.0007044683	0.0001885125	0.9991070192
0	0.0000000000	0.6321147299	0.3678852701
0	0.6171475194	0.3566541135	0.0261983671
0	0.0070615865	0.9229272211	0.0700111924
0	0.8637389503	0.0478024848	0.0884585649
0	0.3372977223	0.1337541626	0.5289481151
0	0.2714230926	0.6499579171	0.0786189903
0	0.0025020883	0.3007060135	0.6967918982
0	0.0008510997	0.9934809882	0.0056679121
0	0.6893529116	0.0022307025	0.3084163859
0	0.0521544575	0.1369183795	0.8109271630
0	0.1118858338	0.3037673993	0.5843467669
1	0.7376339036	0.0000024320	0.2623636644
0	0.8370455383	0.0080104711	0.1549439906
0	0.0000000000	0.8677661894	0.1322338106
0	0.6141232115	0.3858767884	0.0000000001
0	0.8803787405	0.1196212583	0.0000000012
0	0.0011946609	0.4762313579	0.5225739812
0	0.0005798396	0.0736068780	0.9258132824
0	0.0000902600	0.1328455810	0.8670641590
0	0.3389607660	0.0204487808	0.6405904532
1	0.3168409781	0.4263647175	0.2567943044
0	0.6042984741	0.3957015259	0.0000000000
0	0.9702987194	0.0296919663	0.0000093143
0	0.9571265125	0.0353925875	0.0074809000
0	0.7443594255	0.2556379076	0.0000026669
0	0.4637250935	0.4320834918	0.1041914147
0	0.0000211453	0.9998731123	0.0001057424
1	0.4335638917	0.5664361083	0.0000000000
0	0.2610011284	0.0091188720	0.7298799996
0	0.2318897891	0.4441402003	0.3239700107
0	0.2862571372	0.5487888233	0.1649540395
0	0.8646291160	0.0166325826	0.1187383013
0	0.7559397281	0.0007106643	0.2433496076
0	0.0000405743	0.1209323344	0.8790270913
0	0.1538214846	0.0993157310	0.7468627844
0	0.9998592052	0.0000000000	0.0001407948
0	0.0000806717	0.0235566939	0.9763626345
1	0.1106131774	0.8877957822	0.0015910404
0	0.0000111990	0.0578981733	0.9420906277
0	0.0037939268	0.0000000000	0.9962060732
0	0.0000000391	0.0403014648	0.9596984961
1	0.0022575835	0.5418699703	0.4558724462
0	0.0136300995	0.2847690184	0.7016008821
0	0.1306784280	0.0233796577	0.8459419144
0	0.0713102157	0.9286897843	0.0000000000
0	0.0012889944	0.0000334507	0.9986775549
0	0.2911899162	0.6108246838	0.0979854000
0	0.3585325086	0.6414665982	0.0000008932
0	0.1270280533	0.0000000000	0.8729719467
0	0.2078873993	0.1034329029	0.6886796978
1	0.0017658896	0.6774437063	0.3207904041
0	0.0966916993	0.0011271912	0.9021811095
0	0.0417195360	0.3697265124	0.5885539515
0	0.5385088342	0.4018860735	0.0596050923
0	0.6569079527	0.3306139723	0.0124780750
0	0.6647550463	0.0000000000	0.3352449537
0	0.0006402760	0.7933720493	0.2059876748
0	0.0000704085	0.0000000000	0.9999295915
0	0.0000000000	0.0000001347	0.9999998653
1	0.4282499805	0.3139164801	0.2578335394
1	0.9555993373	0.0298251339	0.0145755288
1	0.0002176591	0.0015238098	0.9982585310
0	0.1913579870	0.7491875421	0.0594544708
0	0.0941379057	0.2274074474	0.6784546469
0	0.2720755681	0.5332701995	0.1946542324
0	0.0921102897	0.7071458797	0.2007438306
0	0.1047519944	0.5097657401	0.3854822655
0	0.0852968575	0.6633948950	0.2513082475
0	0.0000000014	0.0012218215	0.9987781771
0	0.6520830817	0.3216550469	0.0262618714
0	0.0053435941	0.0045466767	0.9901097292
0	0.2340115600	0.6652189360	0.1007695041
1	0.1110917802	0.2866547108	0.6022535089
0	0.3715072702	0.1549438514	0.4735488784
0	0.0015611659	0.9221465005	0.0762923336
0	0.4132715512	0.3391191024	0.2476093464
0	0.3299552408	0.0863440247	0.5837007345
1	0.9800201177	0.0195229999	0.0004568824
0	0.2978989871	0.0000000000	0.7021010129
0	0.2195843342	0.0000000027	0.7804156631
1	0.2001669409	0.0051485227	0.7946845364
0	0.7448691331	0.2072992146	0.0478316523
0	0.9457508329	0.0531275998	0.0011215673
0	0.1045933923	0.8847424027	0.0106642050
0	0.0000038425	0.5377692575	0.4622268999
0	0.0000000314	0.3819419008	0.6180580678
0	0.6822111251	0.2914524813	0.0263363936
0	0.0067792073	0.9571837148	0.0360370779
1	0.2379892647	0.0000026503	0.7620080850
0	0.1002490894	0.0000087468	0.8997421639
0	0.1811470506	0.0701293348	0.7487236145
0	0.5514002725	0.4440661653	0.0045335621
1	0.7816057331	0.1486664196	0.0697278472
0	0.0054721070	0.0000023259	0.9945255671
0	0.8733047740	0.0036246698	0.1230705562
0	0.0588110896	0.2112762558	0.7299126545
0	0.5396782559	0.0576783643	0.4026433798
0	0.1454626826	0.5213018265	0.3332354909
0	0.0000000000	0.0228188061	0.9771811938
0	0.0841424599	0.0156137114	0.9002438287
0	0.1101082127	0.0007839789	0.8891078085
0	0.0434754894	0.8926239131	0.0639005974
1	0.4350702905	0.3749853745	0.1899443350
0	0.1126733665	0.8120669166	0.0752597170
0	0.1103661302	0.3522623274	0.5373715424
0	0.0080317549	0.0001167765	0.9918514686
0	0.4243473571	0.4359974747	0.1396551682
1	0.4502873330	0.0023336873	0.5473789797
0	0.0000360973	0.0922203147	0.9077435880
0	0.9867938431	0.0132055830	0.0000005739
1	0.7917657816	0.0318268003	0.1764074181
0	0.3877449313	0.1519498504	0.4603052183
0	0.0033114676	0.1876783696	0.8090101628
0	0.1024117630	0.2487392225	0.6488490145
0	0.6994175426	0.0837149788	0.2168674786
0	0.0098473578	0.0886883309	0.9014643112
0	0.0037081629	0.5741862645	0.4221055726
0	0.8673229360	0.0084566162	0.1242204478
