0	0.8430329211	0.1045326610	0.0524344179
0	0.2357702110	0.0142560649	0.7499737241
0	0.1213154183	0.8533961531	0.0252884286
0	0.0450992785	0.0001478542	0.9547528674
0	0.3986079602	0.0662522713	0.5351397685
0	0.0371771960	0.2098958870	0.7529269170
0	0.0299337143	0.8940626207	0.0760036650
0	0.1139742676	0.8859427149	0.0000830175
0	0.0569345119	0.7448398991	0.1982255890
0	0.7614255787	0.0279472727	0.2106271486
1	0.4212327278	0.0625749151	0.5161923572
0	0.0436510810	0.2007764076	0.7555725114
0	0.0007935851	0.5689785353	0.4302278796
0	0.9826849170	0.0172235472	0.0000915358
0	0.2181932152	0.1693003356	0.6125064492
0	0.9851989017	0.0148010234	0.0000000750
0	0.0022836562	0.3486583300	0.6490580138
0	0.2270002736	0.7664118326	0.0065878938
0	0.0791458201	0.8488631384	0.0719910415
0	0.3331194727	0.5869152250	0.0799653023
0	0.8475305446	0.0265312385	0.1259382169
1	0.0546451766	0.6120177576	0.3333370658
0	0.1782917377	0.1183871446	0.7033211177
0	0.0051384545	0.5113207606	0.4835407848
0	0.8036525155	0.1962908238	0.0000566607
1	0.1576425182	0.0035038872	0.8388535946
0	0.0001526225	0.3186559282	0.6811914493
0	0.3587990487	0.0595922589	0.5816086924
0	0.0485881782	0.5404133116	0.4109985102
0	0.0014492252	0.0433812120	0.9551695628
0	0.0000000104	0.7718072812	0.2281927084
1	0.0000000000	0.0000020210	0.9999979790
0	0.3474594290	0.2801437571	0.3723968138
0	0.0132548909	0.0000000019	0.9867451072
1	0.0000075530	0.0092744563	0.9907179907
0	0.0002861001	0.6362687619	0.3634451380
0	0.7530259691	0.0000060667	0.2469679642
0	0.4469258974	0.1215164426	0.4315576601
0	0.1006596964	0.8375093492	0.0618309543
0	0.8876710425	0.0097750689	0.1025538885
0	0.4476606698	0.1139201671	0.4384191631
0	0.0033641547	0.0065029014	0.9901329440
0	0.1210738119	0.1604695433	0.7184566447
1	0.0000000000	0.0003324243	0.9996675757
0	0.0719845962	0.2976978663	0.6303175375
0	0.0040893083	0.9443916664	0.0515190253
0	0.0487979375	0.9512007585	0.0000013040
0	0.0806621939	0.1184900777	0.8008477284
0	0.0000007717	0.1478163250	0.8521829032
0	0.0000091793	0.5975380849	0.4024527357
0	0.0513285637	0.3488185534	0.5998528829
0	0.3151372627	0.3189250985	0.3659376388
0	0.0346999082	0.0095802969	0.9557197949
0	0.0173916445	0.9440327399	0.0385756155
0	0.7827053713	0.0438523123	0.1734423164
0	0.3828261446	0.5923235100	0.0248503455
0	0.3444274555	0.2595261392	0.3960464053
0	0.0421447491	0.0293475359	0.9285077150
0	0.0000000207	0.1596542076	0.8403457717
2	0.0236544197	0.0316749822	0.9446705981
0	0.0341345532	0.7502289500	0.2156364967
0	0.0144067846	0.7955568941	0.1900363213
0	0.0000038963	0.9502196117	0.0497764920
0	0.0892465896	0.9107534104	0.0000000000
0	0.0871979325	0.4540940320	0.4587080355
0	0.0051371049	0.0195272184	0.9753356767
1	0.2194461205	0.7780664592	0.0024874203
0	0.0181083952	0.1242781155	0.8576134892
0	0.9541732909	0.0279887366	0.0178379725
0	0.5959298981	0.0000865949	0.4039835071
0	0.9999640116	0.0000353174	0.0000006710
0	0.0000000000	0.9529268304	0.0470731696
0	0.1837225320	0.0000010317	0.8162764363
0	0.0201800874	0.0227572130	0.9570626996
0	0.6556216524	0.0000390723	0.3443392754
0	0.3327505822	0.0015493110	0.6657001068
0	0.0675432908	0.2361499279	0.6963067812
0	0.0006521485	0.2787448552	0.7206029963
0	0.0002475262	0.9812501351	0.0185023387
0	0.0000188432	0.0000000000	0.9999811568
0	0.8778527258	0.1114963632	0.0106509110
0	0.0089534108	0.0039516525	0.9870949368
0	0.1496018567	0.3338775127	0.5165206306
0	0.2439780587	0.3134173550	0.4426045863
0	0.0000000000	0.9830709309	0.0169290691
0	0.1583432086	0.0314638724	0.8101929190
0	0.0124966813	0.0000000015	0.9875033173
0	0.0714519297	0.0409824635	0.8875656068
0	0.6745960110	0.1595119715	0.1658920174
0	0.0197029670	0.0009237037	0.9793733294
0	0.1141976518	0.0275690826	0.8582332656
0	0.8459027368	0.1533224225	0.0007748407
0	0.0075399888	0.7393125147	0.2531474964
0	0.0288296171	0.7595343363	0.2116360466
0	0.0568473027	0.7953375155	0.1478151819
0	0.0199392618	0.2098775232	0.7701832150
0	0.0153186617	0.0283918563	0.9562894821
0	0.0442015786	0.1328239582	0.8229744632
0	0.1036914957	0.4046408784	0.4916676259
0	0.0721955962	0.2170879514	0.7107164524
0	0.0043553317	0.0684367807	0.9272078875
1	0.1048102807	0.3658564821	0.5293332371
0	0.0295063286	0.2089933276	0.7615003438
1	0.0000423285	0.6942373639	0.3057203076
0	0.2060057070	0.0679427067	0.7260515863
0	0.1375501003	0.8609326803	0.0015172194
0	0.0769602736	0.8535933518	0.0694463746
0	0.8706607102	0.0967292164	0.0326100734
0	0.0385201169	0.0187840179	0.9426958652
0	0.0209263479	0.4900201717	0.4890534804
0	0.0013262029	0.8670125117	0.1316612854
0	0.1284513061	0.7862189752	0.0853297187
0	0.0000112219	0.3661643128	0.6338244654
0	0.0000000004	0.3747083007	0.6252916989
0	0.0083173658	0.1813225125	0.8103601216
0	0.0817649385	0.8491054908	0.0691295707
0	0.0020687975	0.5327603180	0.4651708844
0	0.0000000073	0.0209428998	0.9790570929
0	0.3533505775	0.0495182642	0.5971311583
0	0.5649502335	0.4321593043	0.0028904622
0	0.0000000000	1.0000000000	0.0000000000
0	0.8826520996	0.0617914036	0.0555564968
0	0.0213995733	0.6093574690	0.3692429577
0	0.1331097105	0.1909047491	0.6759855403
0	0.0000000000	0.0000000000	1.0000000000
0	0.0101492634	0.3548518446	0.6349988920
0	0.0684288274	0.5725610849	0.3590100878
0	0.0000000029	0.3038375763	0.6961624208
0	0.0005050389	0.6348058228	0.3646891383
0	0.0012871541	0.8552579052	0.1434549407
0	0.3980793634	0.5619420111	0.0399786255
0	0.7774647239	0.1572902806	0.0652449955
0	0.0034141625	0.0277252052	0.9688606323
0	0.0009978870	0.7694045352	0.2295975778
0	0.0295605052	0.9704394948	0.0000000000
0	0.3951588684	0.6047640596	0.0000770719
0	0.5892740439	0.3656524241	0.0450735320
0	0.4058418475	0.2644557917	0.3297023608
0	0.0356329060	0.6538937863	0.3104733078
0	0.1588299692	0.8362057288	0.0049643021
0	0.6857115035	0.2523400046	0.0619484919
0	0.1655302629	0.4721415851	0.3623281520
0	0.2343045437	0.1744680260	0.5912274303
0	0.0000003436	0.5668346892	0.4331649673
0	0.2537553002	0.7099832618	0.0362614381
0	0.0328251162	0.2064945509	0.7606803329
0	0.0023221344	0.1472154913	0.8504623742
0	0.0793517967	0.4170973957	0.5035508076
0	0.0339210070	0.9556586699	0.0104203231
0	0.5486102383	0.0665564983	0.3848332633
0	0.2827465309	0.0435917069	0.6736617622
0	0.1150931100	0.3345116650	0.5503952250
0	0.1046769769	0.8646881663	0.0306348568
0	0.0000000000	0.3894967772	0.6105032228
0	0.0635050256	0.8385480986	0.0979468758
0	0.1431995213	0.0016935884	0.8551068902
0	0.1014676242	0.1273097255	0.7712226503
0	0.1235010764	0.8764989236	0.0000000000
0	0.5362168812	0.4624905012	0.0012926176
0	0.0204622061	0.3086994569	0.6708383370
0	0.0548478458	0.7151385813	0.2300135728
1	0.0298897157	0.9701102842	0.0000000002
0	0.0000000803	0.6599361244	0.3400637952
0	0.0548273508	0.7888861470	0.1562865021
0	0.0251208912	0.9280942309	0.0467848779
0	0.0027701611	0.0019811571	0.9952486818
0	0.0017837804	0.1774391172	0.8207771024
0	0.0372790787	0.7246269894	0.2380939320
0	0.0730693025	0.1049633610	0.8219673364
0	0.0451315456	0.2055322889	0.7493361654
0	0.1036810482	0.7902054866	0.1061134653
0	0.0495673679	0.9449314135	0.0055012186
0	0.8026567254	0.1668498214	0.0304934532
0	0.0542464773	0.2919298084	0.6538237143
1	0.0375123364	0.9231678670	0.0393197966
0	0.7792582660	0.0223114488	0.1984302852
0	0.0624161791	0.0000000005	0.9375838204
0	0.8375264292	0.0369154919	0.1255580789
0	0.0000000000	0.8703431261	0.1296568739
0	0.0001443251	0.0339851486	0.9658705262
0	0.0000005523	0.7752406572	0.2247587905
0	0.0019475035	0.2499850301	0.7480674665
0	0.8928477157	0.0559745693	0.0511777150
0	0.6125379691	0.3874512703	0.0000107606
0	0.5993599457	0.3614948706	0.0391451837
0	0.0610738511	0.8572717273	0.0816544215
0	0.0000000000	0.5632949922	0.4367050078
0	0.2201623008	0.2987577116	0.4810799877
0	0.0082950317	0.0375208295	0.9541841388
0	0.6604706773	0.1714260065	0.1681033162
0	0.2504283770	0.2782819690	0.4712896541
0	0.0014483685	0.4760430663	0.5225085652
0	0.8031865175	0.1345062556	0.0623072269
0	0.0022359635	0.7698256665	0.2279383700
0	0.2808278146	0.0344025407	0.6847696447
0	0.0132350431	0.3673521045	0.6194128524
1	0.1155455827	0.5033020185	0.3811523988
0	0.0000081892	0.9996070968	0.0003847141
0	0.0226189841	0.0191805216	0.9582004943
0	0.0280506931	0.9227506214	0.0491986854
0	0.0112248292	0.9878515121	0.0009236588
0	0.0002984360	0.9989605315	0.0007410326
0	0.5717424412	0.4281811240	0.0000764348
0	0.0050702656	0.5806192611	0.4143104733
0	0.0517560002	0.0320491878	0.9161948120
0	0.0000000000	0.9770548890	0.0229451110
0	0.0199441535	0.9563207424	0.0237351041
0	0.1696976771	0.7437508642	0.0865514586
0	0.0000111336	0.9999781317	0.0000107347
0	0.0171281420	0.0305413821	0.9523304759
0	0.0045566003	0.1224306080	0.8730127918
0	0.0000001628	0.4792982842	0.5207015530
0	0.0000000982	0.9554080242	0.0445918776
0	0.5952559444	0.2220081371	0.1827359185
0	0.3044670503	0.2002632608	0.4952696889
0	0.0253046776	0.0442249862	0.9304703362
0	0.0000000000	0.0550391631	0.9449608369
0	0.0000000000	0.6249069390	0.3750930610
0	0.0324544855	0.8549292360	0.1126162786
1	0.0054663277	0.0002301939	0.9943034784
0	0.0000000001	0.3852992107	0.6147007892
0	0.0256755187	0.3524263275	0.6218981538
0	0.2844598765	0.2502443679	0.4652957555
0	0.0013219356	0.5550879402	0.4435901242
0	0.8246941427	0.1752398024	0.0000660549
0	0.0000000000	0.7337838571	0.2662161429
0	0.0963762534	0.0192612615	0.8843624850
0	0.0346817692	0.0000000002	0.9653182306
0	0.7469026136	0.1284066986	0.1246906878
0	0.3370990844	0.2702700505	0.3926308651
0	0.0218641319	0.4619220748	0.5162137933
0	0.3584263236	0.2564053047	0.3851683717
0	0.6718190625	0.0782628187	0.2499181188
0	0.0781517049	0.8967342532	0.0251140419
0	0.5471994839	0.4327575461	0.0200429699
0	0.0000932347	0.6391704602	0.3607363051
0	0.0000006288	0.5005451711	0.4994542000
0	0.8394955102	0.1296240677	0.0308804221
0	0.1847227420	0.6798215317	0.1354557263
1	0.2541867360	0.6572539518	0.0885593122
0	0.0000003939	0.7661207467	0.2338788594
0	0.9212120599	0.0577686274	0.0210193127
0	0.0009285918	0.6386750925	0.3603963158
1	0.0154366899	0.3148411958	0.6697221143
0	0.1751636124	0.3976744741	0.4271619134
0	0.9355172529	0.0017611490	0.0627215980
0	0.8189506225	0.0000498557	0.1809995218
0	0.0069273853	0.1513315194	0.8417410953
0	0.1861063580	0.5251143592	0.2887792829
0	0.0516100534	0.0024772796	0.9459126671
1	0.0056126429	0.9943873571	0.0000000000
0	0.5207927368	0.2629371876	0.2162700756
0	0.0036191879	0.4532910508	0.5430897613
0	0.0170479671	0.1198793950	0.8630726379
0	0.0006942056	0.5359796305	0.4633261639
0	0.0783789236	0.2364165161	0.6852045603
1	0.3188040213	0.1211805823	0.5600153963
0	0.0271890142	0.0697307472	0.9030802386
0	0.3692586756	0.0000505801	0.6306907443
0	0.3686428674	0.1156083532	0.5157487794
0	0.4073280960	0.5926694716	0.0000024324
0	0.0003788031	0.0171591409	0.9824620560
0	0.0035636482	0.7423215823	0.2541147695
0	0.9764634783	0.0235364944	0.0000000273
0	0.3224970866	0.1550256061	0.5224773074
0	0.0467180886	0.4161979159	0.5370839956
0	0.0000000000	0.9256975745	0.0743024255
0	0.9746324585	0.0191673110	0.0062002305
0	0.4609551295	0.3951044023	0.1439404682
1	0.0030213948	0.0000000052	0.9969786000
0	0.1380172138	0.2312636064	0.6307191798
1	0.2239269532	0.6816193080	0.0944537389
0	0.0542683153	0.1257937295	0.8199379552
0	0.0021546462	0.8877834474	0.1100619064
0	0.5025035542	0.0021596979	0.4953367479
0	0.4061372191	0.5061504377	0.0877123432
0	0.1292061587	0.8248588113	0.0459350300
0	0.0000000012	0.0000455072	0.9999544916
0	0.5210032605	0.4719327995	0.0070639400
0	0.6133084606	0.1628199623	0.2238715770
0	0.5841021336	0.1795132052	0.2363846612
0	0.8786033003	0.0287875799	0.0926091198
0	0.0000000365	0.8995295352	0.1004704283
0	0.2612316649	0.3457854655	0.3929828695
0	0.3676277169	0.0136955625	0.6186767205
0	0.0000000055	0.2545566186	0.7454433758
0	0.1000365664	0.3516265438	0.5483368897
0	0.5434177551	0.0748776111	0.3817046338
0	0.2535158633	0.0000004450	0.7464836917
1	0.1227160073	0.6354091772	0.2418748155
0	0.0426054490	0.7265692463	0.2308253047
0	0.2535015400	0.6350451816	0.1114532784
0	0.0667891920	0.0721706953	0.8610401126
0	0.6440962438	0.1425672257	0.2133365305
0	0.0796917781	0.8177012834	0.1026069384
0	0.0685649340	0.6664497309	0.2649853351
0	0.3434487079	0.0190101336	0.6375411585
0	0.0230948559	0.8486439634	0.1282611807
0	0.2467454098	0.4187900381	0.3344645521
0	0.8232800683	0.0000302247	0.1766897070
0	0.1828201443	0.0861750671	0.7310047886
0	0.4443948286	0.4414607857	0.1141443857
0	0.8169332639	0.0561704227	0.1268963133
1	0.9596969947	0.0372212177	0.0030817876
0	0.7756782690	0.0205012755	0.2038204555
0	0.0260903224	0.6114187641	0.3624909135
0	0.1858492764	0.5465441161	0.2676066074
0	0.0080046700	0.9630551744	0.0289401556
0	0.0000000099	0.2129349419	0.7870650482
0	0.1430781218	0.0035526847	0.8533691935
0	0.0084271281	0.5965507696	0.3950221022
0	0.3211311120	0.0023444057	0.6765244823
0	0.0169306974	0.8931996975	0.0898696051
0	0.0001788330	0.0037888673	0.9960322997
0	0.0406711986	0.9593288014	0.0000000000
1	0.3247022923	0.0499342572	0.6253634506
0	0.0331808274	0.8826004586	0.0842187140
0	0.2067882854	0.7868632137	0.0063485009
1	0.0000010419	0.8789274405	0.1210715175
0	0.1211251729	0.5797142275	0.2991605996
0	0.7377123178	0.2608252432	0.0014624390
0	0.0072628594	0.0931161274	0.8996210132
0	0.0046553816	0.9766832142	0.0186614042
0	0.3854617542	0.3173732125	0.2971650333
0	0.1738891125	0.6438798548	0.1822310327
0	0.0636359233	0.3991677903	0.5371962864
0	0.0121979897	0.7650711418	0.2227308685
0	0.0000000000	0.8379930406	0.1620069594
0	0.5668702495	0.0327529939	0.4003767567
0	0.0414333608	0.6631765928	0.2953900464
0	0.2288283439	0.6483583193	0.1228133368
0	0.0620441606	0.3846585317	0.5532973077
0	0.0028106863	0.0202535842	0.9769357295
0	0.8888295595	0.0537034181	0.0574670224
0	0.0000000000	0.4210032680	0.5789967320
0	0.0421253909	0.9313430741	0.0265315350
0	0.1363274369	0.0117397721	0.8519327909
0	0.7035414948	0.0583536819	0.2381048233
0	0.0036026513	0.1949711982	0.8014261505
0	0.0553199143	0.9398283714	0.0048517143
0	0.0000000004	0.8261446247	0.1738553749
0	0.0000000401	0.0323618843	0.9676380756
1	0.5727393441	0.0000943773	0.4271662787
0	0.5851099826	0.4148900138	0.0000000035
0	0.4681385712	0.3355697807	0.1962916481
0	0.0042317733	0.9721342580	0.0236339687
0	0.0000777495	0.9992844519	0.0006377986
0	0.5696812813	0.0125863485	0.4177323702
0	0.0311177415	0.9688822198	0.0000000387
0	0.4681840295	0.0070417591	0.5247742114
1	0.7394262502	0.0108645097	0.2497092400
1	0.0211676323	0.7291406664	0.2496917013
0	0.6663484826	0.2324527768	0.1011987406
0	0.5192490950	0.4421564046	0.0385945004
1	0.0042256730	0.2263387832	0.7694355437
0	0.0050812061	0.0596574423	0.9352613515
1	0.0843773811	0.6405512699	0.2750713490
0	0.1245944777	0.8344005882	0.0410049341
0	0.0044203994	0.8534865019	0.1420930987
0	0.0000001797	0.7715590210	0.2284407994
0	0.2552119073	0.7039866958	0.0408013969
0	0.0000034393	0.8793535218	0.1206430389
0	0.0000012513	0.9966935061	0.0033052426
0	0.0195771702	0.6194727282	0.3609501016
0	0.3140776397	0.3657666126	0.3201557476
0	0.0961694444	0.1916786823	0.7121518734
0	0.0012917970	0.8241705218	0.1745376812
0	0.2105217349	0.5062676147	0.2832106504
0	0.0254202523	0.7219581454	0.2526216024
1	0.2065220147	0.0058816157	0.7875963697
0	0.0000000000	0.0979362071	0.9020637929
0	0.4730390926	0.3049352846	0.2220256228
0	0.0218555827	0.0849046038	0.8932398134
0	0.0002415560	0.5362625154	0.4634959286
0	0.0407887776	0.8283147501	0.1308964723
0	0.0000014332	0.7906044323	0.2093941345
0	0.0788088510	0.4342744214	0.4869167276
0	0.0549723108	0.8708860098	0.0741416793
0	0.1528477432	0.7313759195	0.1157763373
0	0.0181924925	0.0022784165	0.9795290910
0	0.7978676358	0.2018984856	0.0002338786
0	0.0000000000	0.4978877168	0.5021122832
0	0.0325362069	0.0149448592	0.9525189339
0	0.0034358692	0.4355072472	0.5610568836
0	0.0001894901	0.1217397182	0.8780707917
0	0.0670845551	0.0394474467	0.8934679982
0	0.0343398716	0.0473359357	0.9183241927
0	0.0000000000	0.9323989777	0.0676010223
0	0.1309702373	0.0184593567	0.8505704060
0	0.4606088938	0.0217057482	0.5176853580
0	0.2798954321	0.0450665834	0.6750379845
0	0.0721110939	0.0003868407	0.9275020654
0	0.1555876174	0.1601857395	0.6842266431
1	0.0042628201	0.8847388748	0.1109983051
0	0.1949244384	0.8050753549	0.0000002067
0	0.0332322334	0.6156110805	0.3511566861
1	0.0389710784	0.0258135200	0.9352154016
0	0.0021164843	0.6423031042	0.3555804116
0	0.6445199749	0.1135460027	0.2419340223
1	0.0935779543	0.0713066030	0.8351154427
0	0.0000000000	0.1735217925	0.8264782075
0	0.0000000001	0.9999990096	0.0000009903
0	0.4518469684	0.5212772004	0.0268758312
0	0.0000000263	0.0084322888	0.9915676848
0	0.0000096185	0.5066461109	0.4933442706
0	0.9644318367	0.0000000001	0.0355681632
0	0.9960354791	0.0000000001	0.0039645208
0	0.9248890823	0.0349169103	0.0401940073
1	0.0000009053	0.9880326355	0.0119664593
1	0.4527528616	0.0023438345	0.5449033039
0	0.5738329167	0.0000000110	0.4261670723
0	0.7092632546	0.1698257708	0.1209109745
0	0.1615507864	0.8384480502	0.0000011634
0	0.0000308643	0.9996819024	0.0002872333
0	0.1641240698	0.7074718639	0.1284040663
0	0.0052739770	0.0020601200	0.9926659030
0	0.0000000000	0.9860851472	0.0139148528
0	0.6583259952	0.1213905523	0.2202834526
0	0.0055371417	0.6793257741	0.3151370843
0	0.0035803009	0.7230694995	0.2733501996
1	0.0636588625	0.3748049541	0.5615361834
0	0.3521822976	0.1625402005	0.4852775019
0	0.0895093242	0.8253323968	0.0851582790
0	0.0956924542	0.0713608894	0.8329466564
0	0.2282972107	0.7716810476	0.0000217417
0	0.0000004837	0.2016075899	0.7983919264
1	0.3075638335	0.0177154699	0.6747206966
0	0.4271252207	0.3414722368	0.2314025424
0	0.0301705384	0.4807459544	0.4890835072
0	0.2469791823	0.0286111692	0.7244096485
0	0.0000002295	0.0000000000	0.9999997705
0	0.0091125869	0.9463163250	0.0445710880
0	0.0711135081	0.1808426142	0.7480438777
0	0.3700593472	0.3013846631	0.3285559897
0	0.0108141823	0.9864926914	0.0026931263
0	0.0520432753	0.3184851591	0.6294715656
0	0.2911033154	0.0521202116	0.6567764730
0	0.0006835609	0.8112006584	0.1881157807
0	0.7219844721	0.0000024427	0.2780130852
0	0.6922060591	0.0862502039	0.2215437370
0	0.3268138892	0.4711980377	0.2019880731
0	0.0000000000	0.1409647907	0.8590352093
0	0.0051506043	0.7069386383	0.2879107574
0	0.0033083876	0.8117410611	0.1849505513
0	0.3287218079	0.2391189349	0.4321592573
0	0.0000251286	0.9908105783	0.0091642931
0	0.0000023256	0.8397033771	0.1602942972
0	0.0193646824	0.0108941764	0.9697411412
0	0.2641073558	0.0669694701	0.6689231741
0	0.2456255882	0.0160258213	0.7383485905
1	0.8037757494	0.0483485568	0.1478756938
0	0.7784477212	0.0740978241	0.1474544547
0	0.0009615353	0.2734726069	0.7255658578
0	0.0063616306	0.7257524373	0.2678859321
0	0.0000457665	0.5683032628	0.4316509708
0	0.2104546811	0.0042134155	0.7853319034
0	0.0437804292	0.8400010580	0.1162185128
0	0.8751465845	0.0000000000	0.1248534155
0	0.0169117375	0.0038748190	0.9792134435
0	0.0189413412	0.0666883062	0.9143703526
0	0.0255300912	0.7526003529	0.2218695560
0	0.3001439083	0.3426696868	0.3571864049
0	0.8009158225	0.0037274497	0.1953567278
0	0.0585766887	0.1286343473	0.8127889640
0	0.0690020583	0.5438877142	0.3871102275
0	0.1954694624	0.0000432885	0.8044872491
0	0.7931878308	0.2067478850	0.0000642842
0	0.0000000000	0.9687775053	0.0312224947
0	0.1773514355	0.6829265860	0.1397219785
0	0.3129873427	0.4962901789	0.1907224784
0	0.0105628252	0.7749669038	0.2144702709
0	0.0000376881	0.0000081508	0.9999541611
0	0.1889874310	0.7194458742	0.0915666948
0	0.7850432869	0.2060063480	0.0089503651
0	0.0166592224	0.0321194018	0.9512213758
0	0.1055501570	0.1090566262	0.7853932168
0	0.0436917980	0.2071245636	0.7491836384
0	0.0086497687	0.8631661875	0.1281840438
0	0.0038038975	0.9931532374	0.0030428651
0	0.0079428576	0.7385818343	0.2534753081
0	0.0000000006	0.0051685297	0.9948314697
0	0.0217249278	0.9495964243	0.0286786479
0	0.1102155264	0.8255105750	0.0642738986
0	0.0015563317	0.0465764367	0.9518672315
0	0.0613056222	0.0608837245	0.8778106532
0	0.0001371551	0.1405373492	0.8593254957
0	0.0013720072	0.9916484862	0.0069795066
0	0.0084210140	0.9741827991	0.0173961868
0	0.1180296664	0.0624609289	0.8195094047
0	0.9524284555	0.0000014927	0.0475700518
0	0.0110699419	0.3915563497	0.5973737084
0	0.1985487653	0.4548179564	0.3466332783
0	0.0000070687	0.0076523994	0.9923405318
0	0.8729378278	0.1262986521	0.0007635202
0	0.0225003642	0.7595407569	0.2179588788
0	0.0850601704	0.0000000000	0.9149398296
0	0.2061221261	0.1373485027	0.6565293713
0	0.0094273274	0.0190880371	0.9714846355
0	0.0200378820	0.8053504150	0.1746117030
0	0.3976536710	0.1378005956	0.4645457334
