0	0.9984246465	0.0015753535	0.0000000000
0	0.5019870110	0.4065182616	0.0914947275
0	0.5100488608	0.1795459456	0.3104051936
0	0.1530914703	0.0068086543	0.8400998754
0	0.5008778502	0.4990757029	0.0000464469
0	0.1838493196	0.3629133301	0.4532373503
0	0.9996727446	0.0003272548	0.0000000006
0	0.4113991359	0.3450782649	0.2435225992
0	0.0003408461	0.8301789357	0.1694802181
0	0.0603608796	0.0000832485	0.9395558719
0	0.0523525395	0.9475308070	0.0001166535
0	0.0585372330	0.4800811875	0.4613815795
0	0.0000000000	0.6433279144	0.3566720856
0	0.0980086615	0.1442357728	0.7577555657
0	0.0010590968	0.0000000001	0.9989409031
0	0.0606574059	0.0019034775	0.9374391166
0	0.0004462024	0.2952827553	0.7042710423
0	0.1981989557	0.4148435931	0.3869574512
0	0.1851962551	0.1637527107	0.6510510342
0	0.1942050287	0.0000000032	0.8057949681
0	0.2385224314	0.0083739419	0.7531036268
0	0.8555467623	0.1444532377	0.0000000000
0	0.0000020438	0.0012587385	0.9987392176
0	0.0176754067	0.9820600525	0.0002645408
0	0.8890635647	0.0003455414	0.1105908939
0	0.0089806767	0.6284441335	0.3625751898
1	0.0000000000	0.9751586204	0.0248413796
0	0.0742981377	0.1426291135	0.7830727487
0	0.0221306571	0.9778693429	0.0000000000
0	0.2464183391	0.0311620996	0.7224195613
0	0.8691527336	0.0000000010	0.1308472654
0	0.0000000001	0.3979516305	0.6020483694
0	0.8579919587	0.0051230402	0.1368850011
0	0.9033627341	0.0684400096	0.0281972563
0	0.4141547575	0.5654097926	0.0204354499
0	0.0879416774	0.0297445099	0.8823138127
0	0.0214862184	0.2840157763	0.6944980052
0	0.9999992051	0.0000000000	0.0000007949
0	0.0229262627	0.9599138928	0.0171598444
0	0.3241217230	0.2691808388	0.4066974382
1	0.2066976976	0.0000000000	0.7933023024
0	0.0000135318	0.0002498897	0.9997365785
0	0.0303230327	0.0617034273	0.9079735400
0	0.0868901610	0.2056899470	0.7074198920
0	0.0000305339	0.9758591560	0.0241103101
0	0.4354229216	0.1598659960	0.4047110824
0	0.9888424793	0.0110989307	0.0000585900
0	0.9780485420	0.0219514580	0.0000000000
0	0.0713572749	0.7838836083	0.1447591168
0	0.0000019948	0.0494284533	0.9505695520
0	0.0155410137	0.9665764810	0.0178825052
0	0.9989906477	0.0000597403	0.0009496121
0	0.0000000000	0.1359443596	0.8640556404
1	0.0011233629	0.3839209371	0.6149557001
0	0.2927497421	0.1100282755	0.5972219823
0	0.6680504517	0.0009154570	0.3310340914
0	0.0033266244	0.9739481913	0.0227251843
0	0.4008728436	0.0023895745	0.5967375819
0	0.0371490027	0.9601001938	0.0027508034
0	0.0002925348	0.9937524470	0.0059550182
0	0.0108828292	0.2916394062	0.6974777646
0	0.9972015511	0.0018343251	0.0009641238
0	0.9567213308	0.0034581204	0.0398205488
1	0.9749264039	0.0000000000	0.0250735961
0	0.0000000004	0.9999804659	0.0000195337
0	0.0338993291	0.1769741393	0.7891265316
0	0.8644827389	0.1354067621	0.0001104990
0	0.0000958294	0.0001332100	0.9997709606
0	0.0000000000	1.0000000000	0.0000000000
0	0.5496806323	0.4045771857	0.0457421820
0	0.0421855791	0.7612955668	0.1965188540
1	0.1482592843	0.0000000000	0.8517407157
0	0.7740938152	0.0005058397	0.2254003451
0	0.9631471147	0.0256233896	0.0112294958
0	0.0000000000	0.8082160545	0.1917839455
0	0.1608673767	0.3976980399	0.4414345834
0	0.0048382487	0.9869715469	0.0081902044
0	0.0290213930	0.9176122793	0.0533663277
0	0.3338657109	0.5982624817	0.0678718075
0	0.6109701477	0.3890296815	0.0000001709
0	0.2757518717	0.0404338861	0.6838142423
1	0.0000000000	0.8372498632	0.1627501367
0	0.1960377669	0.0945828469	0.7093793862
0	0.3489349702	0.1367426279	0.5143224019
0	0.0000000000	0.0030262488	0.9969737512
0	0.8092388065	0.0001020256	0.1906591679
0	0.0217075699	0.0000000000	0.9782924301
0	0.0866709966	0.8967614770	0.0165675264
0	0.3220461004	0.5107305159	0.1672233837
1	0.4761066336	0.4601896168	0.0637037496
0	0.0007425505	0.9992568717	0.0000005778
0	0.0000001571	0.3170835312	0.6829163117
0	0.0275751934	0.2572278756	0.7151969310
0	0.1523992276	0.7576373837	0.0899633887
0	0.7954847981	0.0638573717	0.1406578302
0	0.0009882635	0.0000000000	0.9990117365
0	0.0032969638	0.8019328410	0.1947701952
1	0.0424746082	0.6376003594	0.3199250324
0	0.0448169367	0.9326198552	0.0225632082
0	0.6130565973	0.3869434027	0.0000000000
0	0.9995146281	0.0004853719	0.0000000000
0	0.3778960845	0.1511553638	0.4709485518
0	0.0000000000	0.4325183189	0.5674816811
1	0.0253308450	0.8206657884	0.1540033666
0	0.0000002166	0.0008801335	0.9991196499
0	0.0000000000	0.9029762037	0.0970237963
0	0.9753309632	0.0246690368	0.0000000000
0	0.3402842967	0.1073329891	0.5523827141
0	0.0558919000	0.1036403905	0.8404677094
0	0.0063438454	0.2015643289	0.7920918257
0	0.7456566127	0.2443488061	0.0099945812
0	0.0000000051	0.0191326808	0.9808673141
0	0.0212259820	0.1310641703	0.8477098476
0	0.1085908128	0.0064769716	0.8849322156
1	0.2876291587	0.6311508490	0.0812199923
0	0.3889426779	0.2575900475	0.3534672746
0	0.9785097317	0.0214902681	0.0000000002
0	0.0000017440	0.6968686905	0.3031295655
0	0.0000000000	0.9245883914	0.0754116086
0	0.9998433818	0.0000000000	0.0001566182
0	0.9999002246	0.0000134788	0.0000862965
0	0.0067238284	0.9927922690	0.0004839026
1	0.0000000055	0.0346564622	0.9653435323
0	0.4260717744	0.5735926917	0.0003355339
0	0.7723587317	0.2276338899	0.0000073785
0	0.0867495988	0.1373188779	0.7759315232
0	0.3896246896	0.6049376458	0.0054376646
0	0.0454140661	0.3139015801	0.6406843538
0	0.0892748208	0.8187482190	0.0919769603
0	0.0790547195	0.4249504822	0.4959947983
0	0.1971888446	0.8028111554	0.0000000000
0	0.8789912829	0.1210085840	0.0000001331
0	0.5957482854	0.0357001860	0.3685515286
0	0.1796290343	0.8191086499	0.0012623158
0	0.6179569020	0.0000000002	0.3820430978
1	0.5539419876	0.0169177205	0.4291402919
0	0.8855873413	0.0000000000	0.1144126587
0	0.2271939706	0.2306967047	0.5421093247
0	0.0019327858	0.6730046100	0.3250626041
0	0.0410025565	0.1625920125	0.7964054310
0	0.1211220973	0.1413867070	0.7374911957
0	0.0056249357	0.9943750510	0.0000000134
0	0.2203394944	0.0010094795	0.7786510261
0	0.5102250618	0.0000504454	0.4897244928
0	0.4580111343	0.5400549804	0.0019338852
0	0.0163015711	0.5004486047	0.4832498241
0	0.9200795066	0.0422960745	0.0376244189
0	0.0000004709	0.0656436973	0.9343558318
0	0.9367657653	0.0214172968	0.0418169379
0	0.0677386766	0.0000001316	0.9322611918
0	0.0000420635	0.0283305936	0.9716273429
0	0.3907793925	0.6073123861	0.0019082213
0	0.0000000000	0.2408384081	0.7591615919
0	0.1816284636	0.1261144291	0.6922571073
0	0.9425782741	0.0507114274	0.0067102985
0	0.9607348131	0.0000000000	0.0392651869
0	0.1137418820	0.5126429997	0.3736151184
0	0.5373290600	0.1817970079	0.2808739321
0	0.0019899933	0.9980029248	0.0000070819
0	0.0000000000	0.0918554700	0.9081445300
1	0.0002129722	0.0000000001	0.9997870277
1	0.0009374126	0.9989070158	0.0001555716
0	0.3674823837	0.0349584436	0.5975591727
0	0.0353960328	0.0352186572	0.9293853099
0	0.0000000000	0.0386061887	0.9613938113
0	0.9540125643	0.0310627850	0.0149246508
0	0.9918408793	0.0081587223	0.0000003984
0	0.4327964283	0.1503759011	0.4168276707
0	0.9218973406	0.0767024785	0.0014001809
0	0.0000035146	0.9999962230	0.0000002624
0	0.6995932833	0.2166402862	0.0837664305
0	0.3654049778	0.6001928198	0.0344022024
0	0.9650529108	0.0024666371	0.0324804521
0	0.2934056054	0.7065943946	0.0000000000
0	0.0021085239	0.0219936398	0.9758978364
0	0.2298632704	0.3776189039	0.3925178257
0	0.7057012903	0.2824472502	0.0118514595
0	0.7626701117	0.0596757543	0.1776541340
0	0.0000004856	0.0001235177	0.9998759966
0	0.1999683831	0.0192997351	0.7807318817
0	0.9999983694	0.0000016252	0.0000000054
0	0.0696970383	0.0786479056	0.8516550561
0	0.0000977394	0.1655485979	0.8343536627
0	0.5087536727	0.4112237735	0.0800225539
0	0.0690315706	0.0812724753	0.8496959541
1	0.0349768342	0.0000011265	0.9650220392
1	0.0000014022	0.2183057691	0.7816928287
0	0.9396610467	0.0000232843	0.0603156690
0	0.0551371651	0.0000000000	0.9448628349
0	0.0014371497	0.7682261373	0.2303367130
1	0.1700652302	0.5374088388	0.2925259309
0	0.0000000004	0.0000000007	0.9999999988
0	0.2447299886	0.3318946956	0.4233753157
0	0.0353905917	0.9646094083	0.0000000000
0	0.2250883844	0.0896356123	0.6852760033
0	0.5474635591	0.2314994532	0.2210369877
0	0.0177087749	0.0000000626	0.9822911625
1	0.2594543414	0.2906796335	0.4498660251
0	0.0282418973	0.5746605036	0.3970975990
0	0.9324924845	0.0496777951	0.0178297204
0	0.1511137903	0.0216822113	0.8272039985
1	0.0390244069	0.1170163188	0.8439592744
0	0.0000000001	0.8582833992	0.1417166008
0	0.8926131364	0.0390764359	0.0683104277
1	0.9957658197	0.0042321585	0.0000020218
0	0.0337223143	0.3631125752	0.6031651105
0	0.1123411902	0.0010940498	0.8865647600
0	0.0036922178	0.5945513715	0.4017564107
0	0.6975509949	0.0000000000	0.3024490051
0	0.0059844350	0.0000000142	0.9940155507
0	0.0000000009	0.9999999989	0.0000000002
0	0.0000048441	0.9429742370	0.0570209188
0	0.2507579049	0.6199345921	0.1293075030
0	0.0106216333	0.0583595732	0.9310187936
0	0.0000000000	0.0314139320	0.9685860680
0	0.2048032600	0.7870545700	0.0081421700
0	0.3843966257	0.0020610160	0.6135423584
0	0.0539877389	0.9446930066	0.0013192545
0	0.1611774173	0.0726945516	0.7661280312
0	0.9787955333	0.0006058469	0.0205986198
0	0.0008997397	0.0596972808	0.9394029795
0	0.9672886274	0.0000000000	0.0327113726
1	0.0000012329	0.5598648778	0.4401338893
0	0.8283718750	0.0171384175	0.1544897075
0	0.9671730928	0.0000000000	0.0328269072
0	0.0020820197	0.0443328382	0.9535851421
0	0.3107402807	0.0001779946	0.6890817247
0	0.7605550044	0.0040200449	0.2354249507
0	0.0000000052	0.2047452963	0.7952546985
0	0.0032789411	0.0112044653	0.9855165936
0	0.8959464094	0.0000000603	0.1040535303
0	0.8555657875	0.1425032521	0.0019309604
0	0.9003726077	0.0168534972	0.0827738951
0	0.9935465535	0.0001894099	0.0062640365
0	0.1051782666	0.4383159864	0.4565057470
0	0.4631190237	0.0075093040	0.5293716724
0	0.0568821132	0.6586858616	0.2844320252
0	0.3650852503	0.6348933602	0.0000213895
0	0.0001651401	0.9048670795	0.0949677803
0	0.0000000000	0.9846549773	0.0153450227
0	0.0188709665	0.2857593171	0.6953697164
0	0.0176810019	0.6598902505	0.3224287476
0	0.7887624064	0.0524395419	0.1587980517
0	0.2928963225	0.0068121578	0.7002915197
0	0.0001950449	0.9994547221	0.0003502330
0	0.0160332392	0.2020221371	0.7819446238
0	0.0000000000	0.0553115988	0.9446884012
0	0.0509498220	0.0643043718	0.8847458061
0	0.5675239952	0.3126942916	0.1197817132
0	0.0089968438	0.4851763105	0.5058268457
0	0.2408175103	0.0000170423	0.7591654474
1	0.0000013711	0.9999986286	0.0000000004
0	0.4218604976	0.0446437716	0.5334957309
0	0.7501809836	0.2498112891	0.0000077273
0	0.5412873612	0.2620054169	0.1967072219
0	0.6465009868	0.3455464515	0.0079525617
0	0.0000295232	0.9891086563	0.0108618204
0	0.8320698922	0.1574200012	0.0105101066
0	0.9999999968	0.0000000000	0.0000000032
0	0.7004362570	0.2476348416	0.0519289014
0	0.0103648218	0.9169510769	0.0726841012
0	0.9996079629	0.0000000010	0.0003920360
0	0.0000671014	0.1741374083	0.8257954902
0	0.4733379356	0.3875010454	0.1391610190
0	0.1583876708	0.1139635498	0.7276487794
0	0.0243799905	0.0030166199	0.9726033897
0	0.8889219719	0.0601602211	0.0509178070
0	0.3833386641	0.0746900779	0.5419712580
0	0.9630667630	0.0369332370	0.0000000000
0	0.0000003136	0.9999996864	0.0000000000
0	0.9733927543	0.0190138415	0.0075934042
0	0.9960402987	0.0010619091	0.0028977922
0	0.0211375959	0.0000007916	0.9788616125
0	0.0002651809	0.7715325767	0.2282022424
0	0.7537206339	0.2461739949	0.0001053712
0	0.0010806690	0.7365930354	0.2623262956
0	0.0164094697	0.0000072422	0.9835832880
0	0.0240829918	0.0422083446	0.9337086635
0	0.1107744032	0.0000001462	0.8892254505
0	0.5566093754	0.0967771904	0.3466134342
0	0.0000467701	0.8903933432	0.1095598866
0	0.9703877812	0.0061169800	0.0234952388
0	0.8931604186	0.0000000000	0.1068395814
0	0.7748409174	0.2196011723	0.0055579103
0	0.9847337608	0.0148703952	0.0003958440
0	0.0086691653	0.7736388553	0.2176919794
0	0.9760974145	0.0000000000	0.0239025855
0	0.2798375332	0.6675887062	0.0525737606
1	0.1692875477	0.0000000000	0.8307124523
0	0.1215709102	0.4723565711	0.4060725187
0	0.9624889383	0.0339327792	0.0035782825
0	0.0366627747	0.5339314746	0.4294057506
0	0.9993611157	0.0004760136	0.0001628708
0	0.2505213623	0.0219465083	0.7275321294
0	0.0000390527	0.0202357409	0.9797252064
0	0.8581964241	0.0681937324	0.0736098435
0	0.0000224836	0.9999775164	0.0000000000
0	0.3338798413	0.6661178655	0.0000022932
0	0.9999850697	0.0000001260	0.0000148043
0	0.5455811481	0.4540269334	0.0003919184
1	0.0000748008	0.2608933770	0.7390318222
0	0.0682823842	0.4436490141	0.4880686016
0	0.2249405037	0.1751332396	0.5999262567
0	0.0380543830	0.0170144353	0.9449311817
0	0.6133234009	0.3655631383	0.0211134608
0	0.0000000000	0.8810839596	0.1189160404
0	0.0167627977	0.9832289085	0.0000082938
0	0.0009310618	0.6695365370	0.3295324012
0	0.0367209514	0.4939071564	0.4693718922
1	0.0542835769	0.2280240050	0.7176924181
0	0.9110691922	0.0070815771	0.0818492306
0	0.4667027902	0.1961367892	0.3371604206
1	0.9913306929	0.0086672242	0.0000020829
0	0.5973628343	0.0110896604	0.3915475053
0	0.6117626761	0.0001159207	0.3881214031
0	0.1033426971	0.4038816373	0.4927756656
0	0.2529291277	0.7454022580	0.0016686143
0	0.9722469093	0.0121763437	0.0155767470
0	0.9981390168	0.0013767222	0.0004842610
0	0.0000307372	0.3546967001	0.6452725627
0	0.0006696207	0.7481821389	0.2511482404
0	0.4027628373	0.5364425112	0.0607946515
0	0.9391627728	0.0469252185	0.0139120087
0	0.0053855669	0.9946144331	0.0000000000
0	0.1362919701	0.8395270168	0.0241810131
0	0.3877313692	0.2810644126	0.3312042182
0	0.0085778408	0.0006033510	0.9908188082
0	0.9929551147	0.0064607025	0.0005841828
0	0.5800415646	0.2065424499	0.2134159854
0	0.0034765721	0.9370428352	0.0594805928
0	0.9994619244	0.0000005118	0.0005375638
1	0.8297216988	0.0053773129	0.1649009884
0	0.0008291858	0.9991314781	0.0000393361
0	0.9999988817	0.0000000000	0.0000011183
0	0.3448668051	0.6551331949	0.0000000000
0	0.0000007184	0.0000001926	0.9999990890
0	0.9923659017	0.0047780435	0.0028560548
0	0.7795550191	0.0000000090	0.2204449719
0	0.3423452311	0.1274320900	0.5302226788
0	0.0816895660	0.2442159189	0.6740945151
0	0.0735003339	0.2524958484	0.6740038177
0	0.0000000000	0.1624617292	0.8375382708
0	0.0225174506	0.0001837412	0.9772988081
0	0.0975734843	0.2957428494	0.6066836664
0	0.4873558658	0.3155298608	0.1971142734
0	0.2656261102	0.5082997424	0.2260741474
0	0.2378533342	0.7620635366	0.0000831292
0	0.1179626416	0.0306870902	0.8513502682
0	0.0000291632	0.9993140179	0.0006568188
0	0.6477222375	0.1000241139	0.2522536486
0	0.7935102133	0.0022655578	0.2042242289
0	0.9993233068	0.0000000000	0.0006766932
0	0.1838330816	0.3791179754	0.4370489429
0	0.6976157206	0.0000000000	0.3023842794
0	0.8051776138	0.1948223862	0.0000000000
0	0.0000000000	0.2212423332	0.7787576668
0	0.3563676848	0.6436323152	0.0000000000
0	1.0000000000	0.0000000000	0.0000000000
0	0.0003975587	0.5804126006	0.4191898407
0	0.0188703003	0.9260220139	0.0551076858
0	0.1905260706	0.1029395069	0.7065344225
1	0.0000043033	0.0022289057	0.9977667910
0	0.7139974043	0.2739484931	0.0120541027
0	0.0000000000	0.9637818507	0.0362181493
1	0.0001575556	0.9998422329	0.0000002115
0	0.0029830529	0.6475188207	0.3494981264
0	0.0991886747	0.2451298530	0.6556814722
0	0.8687373544	0.1260472326	0.0052154130
0	0.0000016152	0.8741820319	0.1258163528
0	0.0000004660	0.0000000000	0.9999995340
0	0.0113652533	0.1136484828	0.8749862638
1	0.9288294327	0.0137157537	0.0574548135
0	0.0001356724	0.0841254487	0.9157388789
0	0.9948401863	0.0051598137	0.0000000000
0	0.0006240648	0.4204610131	0.5789149221
0	0.2141540593	0.0021284756	0.7837174652
0	0.0000000000	0.0010519493	0.9989480507
0	0.6428139790	0.1366206058	0.2205654153
0	0.0360223517	0.0230864874	0.9408911609
0	0.9989934646	0.0010065300	0.0000000054
0	0.0038446768	0.0419223226	0.9542330007
0	0.3139982976	0.5453035219	0.1406981805
0	0.9999242019	0.0000757981	0.0000000000
0	0.0286402730	0.9713597270	0.0000000000
0	0.3006052435	0.0002740531	0.6991207034
0	0.6737959808	0.1211516913	0.2050523279
0	0.0000000000	0.5734807546	0.4265192454
0	0.0008718897	0.0003874532	0.9987406571
0	0.8852768628	0.1147231372	0.0000000000
0	0.0548108393	0.9448487573	0.0003404034
1	0.6489854125	0.1002389855	0.2507756020
0	0.9579997593	0.0326001268	0.0094001139
0	0.2091921399	0.2749386314	0.5158692287
0	0.4061190519	0.5580837108	0.0357972373
0	0.3559507695	0.3221490877	0.3219001428
0	0.0262886170	0.0000599780	0.9736514050
1	0.0000001167	0.0000000000	0.9999998833
0	0.1154880045	0.8843582917	0.0001537039
0	0.0092792836	0.5227539584	0.4679667580
1	0.0000000000	0.0127727116	0.9872272884
0	0.9946247311	0.0049629328	0.0004123361
0	0.0005298427	0.0000003735	0.9994697839
0	0.9999959390	0.0000040610	0.0000000000
0	0.0000000002	0.1898305633	0.8101694365
0	0.0000531290	0.0000007652	0.9999461058
0	0.7180487284	0.0015597192	0.2803915524
0	0.3073583123	0.0002845518	0.6923571360
0	0.2532567435	0.0622667987	0.6844764578
0	0.1406407157	0.7124712572	0.1468880271
1	0.0000000000	1.0000000000	0.0000000000
0	0.1102406414	0.8897593586	0.0000000000
0	0.0000592032	0.4376217966	0.5623190001
0	0.8252017776	0.0000000000	0.1747982224
0	0.9220268219	0.0779731781	0.0000000000
1	0.9367569936	0.0632429701	0.0000000364
0	0.1122113550	0.6937163414	0.1940723036
0	0.2106162118	0.7893837882	0.0000000000
0	0.6935767153	0.0563929214	0.2500303633
0	0.1128312531	0.8769886892	0.0101800577
0	0.9999997323	0.0000002428	0.0000000249
0	0.8172627182	0.0000172974	0.1827199844
0	0.9336222492	0.0552177384	0.0111600124
0	0.6838731584	0.3113681500	0.0047586916
0	0.0000001311	0.1538347461	0.8461651228
1	0.5543359190	0.0097452387	0.4359188423
0	0.0001406660	0.7636198883	0.2362394457
0	0.7006828216	0.2993171779	0.0000000005
0	0.3915452975	0.6082592656	0.0001954369
0	0.6464098898	0.3461248494	0.0074652608
1	0.1793875199	0.1945895940	0.6260228861
0	0.2516654016	0.4048064980	0.3435281004
0	0.0066755909	0.0537785730	0.9395458361
0	0.0005571954	0.2442025033	0.7552403013
0	0.9985978267	0.0000000931	0.0014020802
0	0.3263757353	0.1468603729	0.5267638918
0	0.9418221527	0.0192063631	0.0389714842
0	0.0000000000	0.1387082809	0.8612917191
0	0.0000237778	0.9999762217	0.0000000005
0	0.0002492392	0.3453376850	0.6544130758
0	0.0020692846	0.9569529287	0.0409777866
0	0.6281892391	0.3714702997	0.0003404612
0	0.0005638965	0.9674512228	0.0319848806
0	0.0000063402	0.9330277517	0.0669659081
0	0.9920417640	0.0079545336	0.0000037024
0	0.0000004880	0.0002345537	0.9997649583
0	0.0024815930	0.0361420208	0.9613763862
0	0.0586991572	0.0800774056	0.8612234372
0	0.0002786282	0.8147531012	0.1849682706
1	0.6255981764	0.3744017816	0.0000000420
0	0.0002327992	0.7662915850	0.2334756157
0	0.0006112438	0.9965148124	0.0028739438
0	0.9760333408	0.0026925597	0.0212740995
0	0.0000000000	0.8400109894	0.1599890106
0	0.0867321769	0.7311336922	0.1821341309
0	0.9590972978	0.0328987082	0.0080039939
0	0.1398862259	0.8017305053	0.0583832689
0	0.0000000313	0.0535784815	0.9464214872
0	0.0778335827	0.0367545463	0.8854118710
0	0.1589665078	0.2442889497	0.5967445425
0	0.0000708878	0.9998882263	0.0000408859
0	0.0933598244	0.0024021128	0.9042380628
0	0.2737442143	0.5027218085	0.2235339772
0	0.0654478696	0.0000000162	0.9345521142
0	0.0260688310	0.0165183590	0.9574128100
0	0.0656036367	0.8760632152	0.0583331481
0	0.0020982483	0.8876260182	0.1102757335
0	0.0000000000	0.2261111988	0.7738888012
0	0.1255524504	0.7846162518	0.0898312978
1	0.0158244218	0.0506365083	0.9335390699
0	0.1389061362	0.3117556292	0.5493382346
1	0.0000763792	0.1270279790	0.8728956418
0	0.0001245805	0.9998754195	0.0000000000
0	0.9903548317	0.0082361799	0.0014089884
0	0.0343118708	0.9075054094	0.0581827198
0	0.0152959738	0.0003104030	0.9843936233
1	0.0338442203	0.1603911035	0.8057646761
0	0.1853073316	0.0707734695	0.7439191989
0	0.8412991212	0.1586661695	0.0000347093
2	0.7538194132	0.0000000000	0.2461805868
0	0.0440343495	0.0027978726	0.9531677779
0	0.0117833702	0.0284379492	0.9597786806
0	0.9232737808	0.0000000435	0.0767261757
0	0.0001298135	0.0162761237	0.9835940628
0	0.0000000000	0.8035434116	0.1964565884
0	0.4666307613	0.0000000000	0.5333692387
0	0.9672364454	0.0269326241	0.0058309305
0	0.8792849033	0.1207150537	0.0000000430
0	0.3498641185	0.6478329754	0.0023029061
0	0.5115572459	0.0000000000	0.4884427541
0	0.3060928056	0.5387696674	0.1551375270
0	0.8998590211	0.0039743732	0.0961666057
0	0.0144542830	0.0230573802	0.9624883368
0	0.6618795613	0.0000001239	0.3381203149
0	0.9940595692	0.0002628254	0.0056776054
0	0.0032298652	0.0041462961	0.9926238387
0	0.5189765084	0.4378888123	0.0431346793
0	0.0042316999	0.9312429767	0.0645253234
0	0.6504465559	0.0000000000	0.3495534441
0	0.0274504983	0.9725495017	0.0000000000
0	0.0086283605	0.8864554488	0.1049161906
