0	0.0003301004	0.9919899008	0.0076799987
0	0.9994565933	0.0000019088	0.0005414979
0	0.7946295412	0.1847643097	0.0206061492
0	0.0000000969	0.9536230186	0.0463768845
0	0.0337909030	0.9236715732	0.0425375238
0	0.0103324578	0.7139244242	0.2757431181
0	0.8201500963	0.0859534130	0.0938964907
0	0.0651167869	0.0075978991	0.9272853140
0	0.9676931958	0.0029592910	0.0293475132
1	0.0644336170	0.7172989454	0.2182674375
0	0.9626414742	0.0082088462	0.0291496796
0	0.7060225556	0.2473202481	0.0466571962
1	0.9770792316	0.0078993388	0.0150214296
0	0.0151414736	0.5091679925	0.4756905339
0	0.0169027314	0.9271309897	0.0559662789
0	0.6253844331	0.3746104648	0.0000051021
0	0.3166324056	0.0906973598	0.5926702346
0	0.0157545938	0.9333854673	0.0508599389
0	0.2731668058	0.6264915908	0.1003416034
0	0.2089611260	0.5935172031	0.1975216709
0	0.1386213264	0.5147921936	0.3465864800
0	0.3841786680	0.5839343776	0.0318869544
0	0.0000002797	0.9827586899	0.0172410303
0	0.3822908753	0.5259122458	0.0917968789
0	0.8142756373	0.1836234416	0.0021009211
0	0.0000000000	0.0000069890	0.9999930110
0	0.0794126949	0.7351746620	0.1854126431
0	0.0309390086	0.3998748608	0.5691861306
0	0.0201641517	0.5450878009	0.4347480474
0	0.0367121500	0.3239882084	0.6392996416
0	0.0055695696	0.4099920560	0.5844383744
0	0.4980460558	0.5012629688	0.0006909753
0	0.7856746961	0.1518632654	0.0624620385
0	0.0000001672	0.8631049945	0.1368948382
0	0.0091204445	0.7053262703	0.2855532852
0	0.5940783822	0.1721868774	0.2337347404
0	0.0535130884	0.0055608374	0.9409260741
1	0.0503535923	0.9484365964	0.0012098114
0	0.0000000000	0.0290342742	0.9709657258
0	0.4601768309	0.1380953275	0.4017278416
0	0.0000000000	0.0515806975	0.9484193025
0	0.0473044555	0.5796612931	0.3730342515
0	0.2524437828	0.4782742750	0.2692819422
0	0.0070276507	0.0047829523	0.9881893970
0	0.1145486837	0.7378183341	0.1476329823
0	0.0000000001	0.9098236671	0.0901763328
0	0.0000000030	0.8906799867	0.1093200103
0	0.0000002627	0.9999734010	0.0000263363
0	0.2539596359	0.5711229622	0.1749174019
0	0.0759395237	0.5669421222	0.3571183542
0	0.0112658360	0.9106080188	0.0781261452
0	0.8362573329	0.0044952491	0.1592474180
1	0.9637646999	0.0342538019	0.0019814982
0	0.2540301578	0.2756294500	0.4703403923
0	0.0000000146	0.0530338156	0.9469661698
0	0.0051196144	0.9948471512	0.0000332344
0	0.0000006871	0.4099405136	0.5900587994
0	0.2428427756	0.7213778845	0.0357793399
0	0.0003363544	0.1052991953	0.8943644503
0	0.0063802077	0.3101108260	0.6835089663
0	0.1551776119	0.2010796168	0.6437427713
0	0.0154251775	0.0728651535	0.9117096690
0	0.5079191531	0.4920808384	0.0000000085
0	0.0079365655	0.3217452879	0.6703181466
0	0.5573050588	0.4360495722	0.0066453691
0	0.0043384106	0.1860664876	0.8095951018
0	0.2435838883	0.7547031062	0.0017130054
1	0.3770289184	0.4997893361	0.1231817454
0	0.0000000000	0.7161781282	0.2838218718
0	0.0055545818	0.5184900566	0.4759553615
0	0.0000587677	0.0857218613	0.9142193710
0	0.0644852022	0.9354885697	0.0000262281
0	0.0000000000	0.7592808666	0.2407191334
0	0.4030923448	0.0160928832	0.5808147720
0	0.0055790449	0.0000180035	0.9944029516
0	0.0279488232	0.8224463050	0.1496048718
0	0.0017836525	0.0917343839	0.9064819636
1	0.6249439078	0.0797155638	0.2953405284
0	0.3588734540	0.3073898657	0.3337366803
1	0.2399997208	0.0198608970	0.7401393822
0	0.8137393970	0.1765096703	0.0097509327
0	0.5520126853	0.4473068995	0.0006804151
0	0.0000043865	0.9747900241	0.0252055894
0	0.2791900051	0.0054111159	0.7153988790
0	0.9935400938	0.0001248432	0.0063350631
0	0.4731638911	0.0970513605	0.4297847484
0	0.0000550360	0.0863945207	0.9135504433
0	0.0684224679	0.9290425528	0.0025349793
0	0.1189122646	0.8469368033	0.0341509321
1	0.0000000000	0.7429481676	0.2570518324
0	0.0007328239	0.9901406404	0.0091265358
1	0.0000000000	0.8884942703	0.1115057297
0	0.1305959652	0.7687304610	0.1006735737
0	0.3347685271	0.4853560673	0.1798754056
0	0.7920262904	0.1606141669	0.0473595426
0	0.3423664333	0.0000006999	0.6576328668
0	0.0615020613	0.1023029052	0.8361950335
0	0.8517833081	0.0758479393	0.0723687526
0	0.6713825150	0.1916270280	0.1369904571
0	0.0000000000	0.1452575336	0.8547424664
0	0.5393318793	0.4606437446	0.0000243761
0	0.8055480615	0.1906475928	0.0038043456
0	0.0598375661	0.4747754271	0.4653870067
0	0.0167581236	0.8116627211	0.1715791554
0	0.1684192172	0.2074022391	0.6241785437
0	0.0000920463	0.9999076629	0.0000002907
0	0.0000214008	0.9846039881	0.0153746111
0	0.2115227380	0.3809383123	0.4075389497
0	0.3292918934	0.3745713553	0.2961367513
0	0.1446518358	0.6917285212	0.1636196429
0	0.9034513790	0.0027027868	0.0938458343
0	0.0985715137	0.5073323738	0.3940961125
0	0.0478840476	0.0060739157	0.9460420367
0	0.0256887329	0.8380350032	0.1362762640
0	0.0281890853	0.1083605184	0.8634503963
0	0.0000000002	0.9113403952	0.0886596047
1	0.0795386240	0.0360573077	0.8844040682
0	0.0000029956	0.5478990017	0.4520980026
0	0.9999996182	0.0000000000	0.0000003818
0	0.0249227660	0.8581584797	0.1169187543
0	0.0829925071	0.4908545187	0.4261529743
0	0.0102309809	0.9892484836	0.0005205355
0	0.3844469362	0.6089743158	0.0065787480
0	0.4806105632	0.0131757168	0.5062137201
1	0.0064082107	0.3257036904	0.6678880989
0	0.1810154769	0.4901634877	0.3288210354
0	0.0052795186	0.8358273664	0.1588931149
0	0.5649319888	0.1752407315	0.2598272797
0	0.0367938682	0.0628363336	0.9003697982
0	0.0444866973	0.7506558536	0.2048574491
0	0.0007427270	0.9364579819	0.0627992911
1	0.0427945270	0.5167942703	0.4404112028
0	0.0420339689	0.1483113999	0.8096546311
0	0.0583136821	0.7905944533	0.1510918646
0	0.0114316108	0.7637167018	0.2248516874
0	0.1735886876	0.8222695622	0.0041417503
1	0.0434497698	0.9565252681	0.0000249621
0	0.1033758953	0.5429732046	0.3536509001
0	0.0000003695	0.8668617336	0.1331378969
0	0.1434082647	0.1083177508	0.7482739845
0	0.0057039990	0.7575809186	0.2367150824
0	0.0464220399	0.7204934294	0.2330845307
0	0.0066287465	0.9917151299	0.0016561237
1	0.2935581931	0.5224117644	0.1840300425
0	0.2534623264	0.0668940213	0.6796436523
0	0.4666557979	0.2018321072	0.3315120949
0	0.9260175933	0.0428310649	0.0311513419
0	0.0000000000	0.8077438462	0.1922561538
0	0.0042760966	0.0000000000	0.9957239034
1	0.8389262595	0.1537113378	0.0073624026
0	0.6036202108	0.0000000000	0.3963797892
0	0.9489933572	0.0444888719	0.0065177710
0	0.0873469534	0.1753714885	0.7372815580
0	0.5445531373	0.2683266583	0.1871202045
0	0.0000000000	0.0289591042	0.9710408958
0	0.3640397912	0.0000015397	0.6359586691
0	0.0216802410	0.4356329712	0.5426867878
0	0.8615028557	0.0017445562	0.1367525881
0	0.0000010972	0.8274231424	0.1725757604
0	0.4638307537	0.5310451735	0.0051240727
0	0.0161289424	0.3216326990	0.6622383586
0	0.0004112182	0.1781549886	0.8214337932
0	0.1345874566	0.1114942759	0.7539182675
0	0.4249335732	0.4720464993	0.1030199275
0	0.9789267894	0.0000003860	0.0210728246
0	0.0001440969	0.9754894233	0.0243664799
0	0.0084912977	0.0565165501	0.9349921522
0	0.0000141861	0.9894586502	0.0105271637
0	0.0000000352	0.9830659380	0.0169340268
0	0.0833840812	0.6493558068	0.2672601119
0	0.0012082967	0.3958947187	0.6028969846
0	0.8871260367	0.1108350430	0.0020389203
0	0.0000000000	0.9242799995	0.0757200005
0	0.2084721700	0.4453567605	0.3461710695
0	0.0000523267	0.7322089225	0.2677387509
0	0.0001712707	0.9984233648	0.0014053645
0	0.0935358404	0.8943266715	0.0121374881
0	0.0161665186	0.8465903058	0.1372431756
1	0.0066095611	0.8926518698	0.1007385691
0	0.9613057563	0.0029132973	0.0357809464
0	0.0001917246	0.9997909667	0.0000173087
0	0.0007041537	0.9669269010	0.0323689453
0	0.3592553098	0.3514347335	0.2893099567
0	0.0069789482	0.9059070973	0.0871139545
0	0.0022246493	0.1793046174	0.8184707333
0	0.0413083571	0.9586916144	0.0000000285
0	0.4083615832	0.5871603339	0.0044780829
0	0.0422953389	0.5328046660	0.4248999951
0	0.0124364704	0.9741035141	0.0134600155
0	0.1467791359	0.0553185492	0.7979023149
0	0.8899698467	0.1067939374	0.0032362159
0	0.0188183299	0.5392042741	0.4419773960
0	0.2679572009	0.7021284635	0.0299143356
0	0.5486195874	0.4513804126	0.0000000000
1	0.0000001297	0.9999975691	0.0000023012
0	0.0290261422	0.0330187690	0.9379550888
0	0.0454955863	0.7689901550	0.1855142587
0	0.7608080233	0.0282141854	0.2109777913
0	0.0000095084	0.9706262651	0.0293642264
0	0.4834383740	0.5165616260	0.0000000000
0	0.9690410696	0.0290923857	0.0018665447
0	0.1725775288	0.5158255968	0.3115968744
0	0.8273041424	0.0634645325	0.1092313251
0	0.6126913219	0.2397937019	0.1475149762
0	0.0070889829	0.3869022680	0.6060087491
0	0.0006937373	0.6817395455	0.3175667172
1	0.0000751561	0.9937951224	0.0061297214
0	0.0050187891	0.9459152689	0.0490659421
0	0.1724269562	0.8018333125	0.0257397314
0	0.0000168483	0.9545051371	0.0454780146
0	0.8002803751	0.0304369456	0.1692826793
0	0.0001916983	0.6463857982	0.3534225035
0	0.5647395758	0.3878109107	0.0474495135
0	0.1823332893	0.4179783459	0.3996883648
0	0.0533737320	0.9466262680	0.0000000000
0	0.8637810927	0.0000390581	0.1361798492
1	0.8206789388	0.1403548973	0.0389661638
0	0.3267329773	0.6664395240	0.0068274987
0	0.0476108153	0.8856558056	0.0667333791
0	0.1703187461	0.2794782651	0.5502029888
0	0.0102172640	0.0029279532	0.9868547828
0	0.3372777047	0.1361268228	0.5265954725
0	0.3415403109	0.6164708630	0.0419888260
0	0.3065153974	0.6773026817	0.0161819210
1	0.0246277022	0.0003660888	0.9750062090
0	0.0549912125	0.9450031468	0.0000056408
0	0.7070409875	0.2830393450	0.0099196675
0	0.1004633744	0.5377910007	0.3617456249
1	0.1708858239	0.8256940754	0.0034201006
0	0.0000001025	0.9870233767	0.0129765207
0	0.1831782639	0.3744837998	0.4423379363
0	0.6216097850	0.3205887179	0.0578014970
0	0.0102914934	0.0548070010	0.9349015056
0	0.0149194278	0.4394770002	0.5456035720
0	0.7686512501	0.0000000023	0.2313487475
0	0.0010549210	0.0844528200	0.9144922590
0	0.4070145371	0.1716269444	0.4213585185
0	0.0000294476	0.9997599357	0.0002106167
0	0.6952446362	0.0007635794	0.3039917843
0	0.0364660490	0.9633861994	0.0001477516
0	0.5539836915	0.3171879097	0.1288283988
0	0.0034609675	0.6475243524	0.3490146800
0	0.1266560872	0.6566263418	0.2167175709
0	0.1919040028	0.0000116401	0.8080843572
0	0.7503430820	0.1866099918	0.0630469262
0	0.7170360828	0.2822367617	0.0007271554
1	0.0292715467	0.3547213419	0.6160071113
0	0.0000000000	0.9816758783	0.0183241217
0	0.1417533635	0.7733087097	0.0849379268
0	0.0000000000	0.7261540788	0.2738459212
0	0.0034763892	0.4017539157	0.5947696951
1	0.1189972337	0.0479710405	0.8330317258
1	0.0001931567	0.0211220961	0.9786847471
0	0.1234902290	0.3946906356	0.4818191354
0	0.9743847331	0.0037263600	0.0218889069
0	0.0000013922	0.9982120446	0.0017865632
0	0.3916972199	0.2815110629	0.3267917172
0	0.4743523517	0.4942020399	0.0314456083
0	0.0112766351	0.9883981617	0.0003252032
0	0.9977566872	0.0001179658	0.0021253470
0	0.0426258608	0.2052503568	0.7521237824
0	0.0485153507	0.8199403923	0.1315442570
0	0.0000000000	0.3644898594	0.6355101406
0	0.8411232803	0.0000012861	0.1588754336
0	0.0225962054	0.8829009616	0.0945028330
0	0.1164007878	0.2105659136	0.6730332986
0	0.0950682073	0.1430727512	0.7618590414
0	0.0016896460	0.0239449251	0.9743654288
0	0.0000884319	0.7088026906	0.2911088775
1	0.0000514647	0.9993853985	0.0005631368
0	0.6134984839	0.0978231880	0.2886783282
0	0.2641396917	0.7356904001	0.0001699082
0	0.3031913362	0.2365167460	0.4602919179
0	0.2036944070	0.7961906700	0.0001149230
0	0.0020674997	0.0465679103	0.9513645900
0	0.5391505289	0.0000447466	0.4608047245
0	0.0000000000	0.9219641238	0.0780358762
0	0.0000000000	0.4522606377	0.5477393623
0	0.0031910507	0.9792542202	0.0175547292
0	0.0833440811	0.9028599092	0.0137960097
0	0.5021131015	0.4978868981	0.0000000004
1	0.2323976566	0.2259862890	0.5416160544
1	0.0003254843	0.9242306560	0.0754438597
0	0.8191199778	0.1262094238	0.0546705984
0	0.0000000000	0.0437892297	0.9562107703
0	0.0164868709	0.9528125329	0.0307005962
1	0.1926075998	0.8073923990	0.0000000013
0	0.0809858494	0.8725239114	0.0464902392
0	0.0739276491	0.9243161636	0.0017561873
0	0.0000000000	0.7700717352	0.2299282648
0	0.9618002138	0.0381997862	0.0000000000
0	0.2511205595	0.0295115392	0.7193679014
0	0.0000000000	0.9938715672	0.0061284328
0	0.0000793314	0.8045985838	0.1953220848
0	0.1812945474	0.8187054526	0.0000000000
0	0.3423128541	0.6441815532	0.0135055927
0	0.8682256838	0.0007324254	0.1310418909
0	0.1005921884	0.1055294677	0.7938783440
0	0.0845642497	0.8034999669	0.1119357834
0	0.0240780327	0.1819078978	0.7940140695
0	0.0000000000	0.0029432422	0.9970567578
1	0.5308407083	0.0682492958	0.4009099959
0	0.0762284279	0.6149646386	0.3088069335
0	0.0077247729	0.1017070133	0.8905682138
0	0.0319440380	0.3914747140	0.5765812480
0	0.4431284955	0.3974771161	0.1593943884
1	0.5001404367	0.0001480402	0.4997115231
0	0.9211415362	0.0000000041	0.0788584597
1	0.0008151634	0.0000000000	0.9991848366
0	0.2374237239	0.6897906254	0.0727856507
0	0.2310416488	0.7192283749	0.0497299763
0	0.0357105033	0.4876857712	0.4766037255
0	0.0000326701	0.2182435608	0.7817237690
0	0.1362887723	0.7413656350	0.1223455927
0	0.2089232286	0.5376341950	0.2534425764
0	0.8125285685	0.0121625919	0.1753088397
0	0.5749947138	0.4250052862	0.0000000000
0	0.1163542041	0.8772491941	0.0063966018
0	0.1209554256	0.8685206632	0.0105239112
0	0.0463906390	0.9270423905	0.0265669705
0	0.5128627467	0.0000000000	0.4871372533
0	0.1129498060	0.8310177599	0.0560324341
1	0.1830042036	0.5572642139	0.2597315826
0	0.1356463464	0.0563645784	0.8079890752
0	0.0000000000	0.0222285349	0.9777714651
1	0.0725693589	0.8951236279	0.0323070132
0	0.0016024828	0.0152975935	0.9830999237
0	0.0064248003	0.7982259938	0.1953492059
0	0.2221259113	0.4286331347	0.3492409540
0	0.0023455199	0.9816562435	0.0159982366
0	0.2763245583	0.1128290404	0.6108464014
0	0.0009446771	0.9949806945	0.0040746285
1	0.1671624359	0.5903046176	0.2425329465
0	0.0900064740	0.5759829744	0.3340105516
0	0.5168618416	0.2423061907	0.2408319678
0	0.0103621934	0.2524488161	0.7371889905
0	0.0949167855	0.9049852364	0.0000979781
0	0.2738392874	0.4001061647	0.3260545479
0	0.0008766124	0.1686166164	0.8305067713
0	0.0049179222	0.9776787971	0.0174032807
0	0.0000000001	0.0000000000	0.9999999999
0	0.0990196873	0.4632936057	0.4376867071
0	0.9337247216	0.0648571679	0.0014181105
0	0.1902770174	0.6524527944	0.1572701882
0	0.0263374898	0.1305267887	0.8431357215
0	0.0437979843	0.5761227772	0.3800792385
0	0.5632510706	0.0834686632	0.3532802662
0	0.3952144204	0.3817992492	0.2229863304
1	0.0000000007	0.9984139610	0.0015860384
0	0.9815324946	0.0010777787	0.0173897267
0	0.4384793771	0.1022780249	0.4592425979
0	0.8114656267	0.0734988797	0.1150354936
0	0.1355575838	0.0475558761	0.8168865402
1	0.8282687746	0.0401817066	0.1315495187
0	0.0145574023	0.4231610662	0.5622815315
0	0.3406408871	0.0002630590	0.6590960539
0	0.1820759719	0.8064969401	0.0114270880
0	0.8458698804	0.1356984749	0.0184316447
0	0.9281542220	0.0690102161	0.0028355619
0	0.0128894113	0.9465431051	0.0405674836
0	0.3878883809	0.6121099130	0.0000017061
0	0.0806901344	0.9192077677	0.0001020979
0	0.4474464933	0.5451648017	0.0073887050
0	0.3481597616	0.6518377467	0.0000024917
0	0.0751948185	0.0000076370	0.9247975445
0	0.0061996406	0.9925805762	0.0012197832
1	0.9966008994	0.0000000975	0.0033990031
0	0.1886770006	0.2471824533	0.5641405461
0	0.0553691133	0.0170719507	0.9275589360
0	0.5752218084	0.4247669805	0.0000112112
0	0.6270531490	0.0276228070	0.3453240440
0	0.0092847791	0.1703075362	0.8204076847
0	0.0000001373	0.9720385187	0.0279613440
0	0.6961202727	0.0000021493	0.3038775780
0	0.0000000119	0.3886297458	0.6113702423
0	0.1389463969	0.8543116593	0.0067419438
0	0.2098813525	0.7901185596	0.0000000879
0	0.0146192688	0.6555010916	0.3298796395
0	0.0000000000	0.9044411746	0.0955588254
0	0.0407559542	0.4817023670	0.4775416787
0	0.2224704824	0.7687507219	0.0087787957
0	0.2330474925	0.0101104637	0.7568420438
0	0.3548587690	0.2249551714	0.4201860596
1	0.2506376271	0.5557187488	0.1936436241
1	0.2503744141	0.4056420906	0.3439834953
0	0.1643645130	0.7986587790	0.0369767080
0	0.0040629315	0.7749141927	0.2210228758
1	0.6158074427	0.3749530906	0.0092394667
0	0.0026736003	0.0000812153	0.9972451843
0	0.1256087786	0.3424890271	0.5319021943
1	0.0000013841	0.8023893962	0.1976092196
0	0.3159688416	0.6378509922	0.0461801662
0	0.0098220556	0.0099835333	0.9801944111
0	0.4933466726	0.4238675090	0.0827858183
0	0.0010122059	0.9989500693	0.0000377248
0	0.1103068606	0.0000047583	0.8896883811
0	0.0000867684	0.2323365293	0.7675767023
0	0.6861039783	0.3004753898	0.0134206319
0	0.9383685562	0.0616313973	0.0000000465
0	0.1927682565	0.6716829935	0.1355487499
0	0.7726664171	0.0205238989	0.2068096840
0	0.0053860658	0.9449115459	0.0497023884
0	0.0000000000	0.0659373966	0.9340626034
0	0.0000008961	0.9999991037	0.0000000002
0	0.3094939540	0.6905042887	0.0000017573
0	0.0322821417	0.3662251379	0.6014927204
1	0.8295492485	0.1703713770	0.0000793745
0	0.8002931955	0.0221565149	0.1775502896
0	0.1040539756	0.5487364210	0.3472096034
0	0.0004232013	0.2211086007	0.7784681981
0	0.0000000000	0.9307023713	0.0692976287
0	0.0014920740	0.5149943058	0.4835136202
0	0.7010644511	0.0024542776	0.2964812713
0	0.0038548570	0.6494117245	0.3467334185
1	0.1039813088	0.8801933143	0.0158253768
0	0.0718378674	0.0024114348	0.9257506978
0	0.0338626848	0.9661144132	0.0000229020
0	0.2456241948	0.0086009086	0.7457748966
0	0.4234750607	0.5753394773	0.0011854620
0	0.7631918358	0.0000000000	0.2368081642
0	0.2520920394	0.0015135529	0.7463944078
1	0.0737355704	0.8772617769	0.0490026527
0	0.9934705673	0.0041640971	0.0023653356
0	0.5828355573	0.3935282767	0.0236361659
0	0.1430833470	0.8569166438	0.0000000093
0	0.1789563165	0.7983515079	0.0226921756
0	0.0368772529	0.7927019051	0.1704208420
0	0.1859620121	0.0233020362	0.7907359517
0	0.0012537876	0.0000505563	0.9986956561
0	0.0033041337	0.9939188796	0.0027769866
0	0.0322926324	0.5718575405	0.3958498271
0	0.0000226914	0.6153224256	0.3846548830
0	0.3307723235	0.3574740839	0.3117535926
0	0.5478453460	0.4520600325	0.0000946215
0	0.0655792570	0.9240363415	0.0103844015
0	0.1701042281	0.8162690849	0.0136266869
0	0.0730914514	0.0191414054	0.9077671432
0	0.0003431779	0.4843315226	0.5153252995
0	0.0578674392	0.0000000002	0.9421325606
1	0.3826618905	0.1644168169	0.4529212926
0	0.0070505123	0.8871545386	0.1057949491
0	0.0710199054	0.5806291317	0.3483509629
0	0.0461236155	0.1862806434	0.7675957411
0	0.9999253602	0.0000714339	0.0000032059
0	0.0051249225	0.8377077482	0.1571673293
0	0.5592315518	0.4397023568	0.0010660914
0	0.0006622428	0.0366901798	0.9626475774
0	0.0411791077	0.0000020719	0.9588188204
0	0.7518673142	0.0077890742	0.2403436116
0	0.0072142454	0.9882569171	0.0045288375
0	0.0007826670	0.1638328264	0.8353845066
0	0.0000000523	0.0002551261	0.9997448216
0	0.0000009570	0.6025117619	0.3974872812
0	0.2335278114	0.4435566072	0.3229155814
0	0.0000000000	0.0000000001	0.9999999999
0	0.0389478248	0.3027289199	0.6583232553
0	0.9413584826	0.0254055327	0.0332359847
0	0.1686361591	0.8089049039	0.0224589371
0	0.0896666490	0.8644159139	0.0459174371
0	0.1573608198	0.8425132016	0.0001259786
0	0.0568130931	0.0741258749	0.8690610320
0	0.0001409041	0.9998191608	0.0000399351
1	0.0084206593	0.9609524076	0.0306269330
0	0.2536222054	0.7308277323	0.0155500623
0	0.4957198178	0.0008238297	0.5034563525
2	0.9438984521	0.0557141249	0.0003874230
0	0.0113559275	0.1633902486	0.8252538239
0	0.0000234867	0.0016069222	0.9983695912
0	0.0000099642	0.7689049728	0.2310850630
0	0.1166540245	0.8820549989	0.0012909766
0	0.0000000000	0.9929158423	0.0070841577
0	0.1843581600	0.2275754041	0.5880664358
0	0.1705171470	0.8294827518	0.0000001012
0	0.0031353766	0.9700516687	0.0268129546
0	0.4430130310	0.0002835850	0.5567033840
0	0.1328725882	0.8471775440	0.0199498678
0	0.0004297916	0.9995692887	0.0000009197
0	0.0006621684	0.0341712491	0.9651665825
0	0.1862899470	0.7769794289	0.0367306240
0	0.0000000000	0.8372974873	0.1627025127
0	0.2440689555	0.5069385879	0.2489924566
0	0.9111427076	0.0009110460	0.0879462464
0	0.2329512272	0.5377395300	0.2293092428
0	0.0000158929	0.8783012567	0.1216828503
0	0.0011844912	0.9988145959	0.0000009129
0	0.0279471434	0.9002659096	0.0717869470
0	0.0814492765	0.2674195703	0.6511311532
0	0.7668524105	0.2331475894	0.0000000002
0	0.2654034227	0.0569886529	0.6776079244
0	0.0000017159	0.0004128759	0.9995854082
0	0.4871016838	0.1983870416	0.3145112746
0	0.0467354619	0.0142088747	0.9390556635
0	0.5639766445	0.3178078595	0.1182154959
0	0.0000010344	0.0336612489	0.9663377168
1	0.0000098744	0.0000000003	0.9999901253
0	0.0580315290	0.6672428450	0.2747256260
0	0.0014887587	0.9982700969	0.0002411444
0	0.8524943103	0.1472905954	0.0002150943
0	0.0000129202	0.1358284853	0.8641585945
1	0.0650991844	0.4344365863	0.5004642293
