0	0.0057414964	0.9792052140	0.0150532896
0	0.0001169086	0.5595426906	0.4403404008
0	0.3671797611	0.3819616403	0.2508585986
0	0.9746230473	0.0135917137	0.0117852390
0	0.0419068426	0.4797618284	0.4783313290
0	0.0766447899	0.6657497775	0.2576054326
0	0.0000000000	0.0000292871	0.9999707129
0	0.0000002043	0.7680056221	0.2319941736
0	0.2089373954	0.1367354764	0.6543271283
0	0.0884520832	0.0000682002	0.9114797166
0	0.1435216463	0.2796921021	0.5767862516
0	0.1890263966	0.0182141803	0.7927594230
0	0.2303689611	0.0593839088	0.7102471301
0	0.7154277935	0.0823528987	0.2022193078
0	0.4043815379	0.0038029417	0.5918155204
0	0.2311953511	0.1113203678	0.6574842810
0	0.0194828154	0.0443996021	0.9361175825
1	0.0000000308	0.6659177155	0.3340822538
0	0.1299690133	0.8185342692	0.0514967176
0	0.5347419806	0.4305182073	0.0347398122
1	0.3098432960	0.0586397702	0.6315169337
1	0.0397451861	0.9557040084	0.0045508055
0	0.6286416821	0.0000056390	0.3713526789
0	0.0452468732	0.7863849584	0.1683681684
0	0.0000000000	0.8081221463	0.1918778536
0	0.0256038360	0.0000000937	0.9743960703
0	0.4022700229	0.0007735444	0.5969564327
0	0.7949707272	0.1971180748	0.0079111980
0	0.9532158617	0.0353031713	0.0114809670
0	0.0797442201	0.3159867517	0.6042690282
0	0.0000109361	0.3479560591	0.6520330048
0	0.0446350525	0.0322086606	0.9231562870
0	0.5621970837	0.2288545803	0.2089483360
0	0.9403463355	0.0020928451	0.0575608194
0	0.0711268382	0.3718918283	0.5569813335
0	0.0077032883	0.0138377221	0.9784589896
0	0.4474629030	0.5520884559	0.0004486412
1	0.2579268578	0.6581354567	0.0839376855
0	0.4742212974	0.0390301852	0.4867485174
0	0.0000808951	0.9999180077	0.0000010972
0	0.0229086999	0.0002871723	0.9768041278
0	0.0094634132	0.8933216033	0.0972149835
1	0.0773149412	0.4905208875	0.4321641712
0	0.1628556568	0.6543955769	0.1827487663
0	0.0630683241	0.1894701186	0.7474615574
1	0.9095203199	0.0904796627	0.0000000175
0	0.3732165490	0.0020024950	0.6247809560
0	0.0054648740	0.3333838637	0.6611512623
1	0.4161986791	0.0018106703	0.5819906507
0	0.5225157036	0.4770248443	0.0004594521
0	0.0313228288	0.3083706013	0.6603065699
0	0.9102607625	0.0000076116	0.0897316259
0	0.3244622149	0.0846080425	0.5909297427
0	0.3358095007	0.3552266008	0.3089638985
0	0.8126797606	0.0040508476	0.1832693917
0	0.1599289420	0.3454493963	0.4946216617
0	0.0631731223	0.0032507357	0.9335761420
1	0.0102292066	0.0035644100	0.9862063834
0	0.4896862807	0.1173533005	0.3929604188
0	0.4065930744	0.0003376990	0.5930692266
0	0.8925475271	0.0051670299	0.1022854430
0	0.0382747392	0.9589587538	0.0027665070
0	0.1348815373	0.0434647140	0.8216537487
0	0.1176207739	0.6919340324	0.1904451937
0	0.6626619632	0.3373380361	0.0000000007
0	0.9711986585	0.0287423067	0.0000590348
0	0.0111031301	0.0000000000	0.9888968699
0	0.6823892263	0.0246682645	0.2929425092
0	0.7560415322	0.0578733179	0.1860851499
1	0.0000054195	0.0000000022	0.9999945783
0	0.1163402952	0.3887151105	0.4949445943
0	0.2618918168	0.4403041618	0.2978040214
0	0.0329774098	0.0070531911	0.9599693992
0	0.5147647564	0.4070170410	0.0782182026
1	0.0002724894	0.0323223326	0.9674051780
0	0.2932742676	0.0000000009	0.7067257315
1	0.5687418331	0.1345738168	0.2966843501
0	0.0000130526	0.1177813319	0.8822056155
0	0.0573742599	0.4565230322	0.4861027079
0	0.9550183562	0.0154585453	0.0295230985
0	0.1038463966	0.8668124011	0.0293412023
0	0.9642348421	0.0259262091	0.0098389488
0	0.4394529747	0.3201922223	0.2403548031
0	0.0043063021	0.9956258847	0.0000678133
1	0.3969511182	0.0271479631	0.5759009187
0	0.9540587529	0.0248669811	0.0210742659
0	0.1885034262	0.0020270005	0.8094695733
0	0.2550281677	0.0102285521	0.7347432802
0	0.9752363805	0.0097089148	0.0150547047
0	0.0709761087	0.0235155061	0.9055083853
0	0.4637831441	0.2307051618	0.3055116941
0	0.1566318484	0.0414981399	0.8018700116
0	0.1712901232	0.6743713168	0.1543385599
0	0.4492372527	0.1168949379	0.4338678094
0	0.8901878938	0.0820353987	0.0277767075
0	0.1911004350	0.7677036698	0.0411958952
0	0.1097173750	0.8766214319	0.0136611931
0	0.1119599011	0.1225476648	0.7654924341
0	0.8208823448	0.0095708994	0.1695467558
0	0.8540131512	0.0000000000	0.1459868488
0	0.3040113832	0.3286674634	0.3673211534
1	0.7324499615	0.0142060437	0.2533439948
1	0.1490146522	0.0095147831	0.8414705648
0	0.9052633648	0.0663900604	0.0283465748
0	0.5211366544	0.3910572275	0.0878061181
0	0.3976983263	0.1573905626	0.4449111110
1	0.1479986096	0.4234781963	0.4285231941
0	0.1220456053	0.0508275264	0.8271268683
0	0.4521908581	0.1962589137	0.3515502282
0	0.7222145717	0.0682471625	0.2095382659
0	0.4534460987	0.1967695130	0.3497843883
0	0.1940165770	0.2684788241	0.5375045990
0	0.0533802580	0.1550409793	0.7915787627
0	0.3291850129	0.3298356935	0.3409792936
0	0.2149387369	0.0046483863	0.7804128768
0	0.1346980319	0.0210316578	0.8442703103
0	0.9206009549	0.0033452836	0.0760537615
0	0.1308455432	0.8690420178	0.0001124390
0	0.9715689791	0.0284310209	0.0000000000
0	0.0007332441	0.1395676097	0.8596991463
0	0.5580666752	0.2844299510	0.1575033739
0	0.1540262820	0.1708670219	0.6751066962
0	0.0058073292	0.9446039502	0.0495887206
0	0.0256853213	0.9743129652	0.0000017135
0	0.7730407188	0.1604396298	0.0665196514
0	0.0875660012	0.0003743886	0.9120596101
1	0.5542503896	0.0683813919	0.3773682185
0	0.6117971196	0.0000000541	0.3882028263
0	0.3693434364	0.5933949237	0.0372616399
0	0.5220158723	0.0326966212	0.4452875066
1	0.0000000000	0.0744161604	0.9255838396
0	0.8810444678	0.0000000000	0.1189555322
0	0.0000002007	0.1860841794	0.8139156199
0	0.5686579930	0.4312875478	0.0000544592
0	0.0000000000	0.0000000000	1.0000000000
0	0.0023320133	0.3009740772	0.6966939095
1	0.0000000000	0.0000038101	0.9999961899
0	0.6080434844	0.2798338531	0.1121226625
1	0.0015890998	0.9278236773	0.0705872230
0	0.0078957287	0.0376799006	0.9544243707
0	0.9794454120	0.0106375890	0.0099169990
0	0.3003273008	0.0034606491	0.6962120500
0	0.0342939233	0.3782836521	0.5874224246
0	0.0090492590	0.1493067727	0.8416439682
0	0.0204947391	0.3214539862	0.6580512748
0	0.0391593982	0.0171733616	0.9436672402
0	0.4268311991	0.0891357082	0.4840330926
0	0.0009856486	0.0912968291	0.9077175224
0	0.9669283921	0.0000000000	0.0330716079
0	0.2408563415	0.1761106423	0.5830330162
0	0.2692524278	0.0000019444	0.7307456278
0	0.5422095308	0.4567621821	0.0010282870
0	0.0000000000	0.0506304282	0.9493695718
1	0.6258093413	0.0400232514	0.3341674073
0	0.0401729500	0.9462483930	0.0135786570
1	0.2783650819	0.0601242574	0.6615106607
0	0.4912923861	0.1336571667	0.3750504471
0	0.1052280317	0.4157957503	0.4789762181
1	0.2096690479	0.0675081815	0.7228227706
0	0.0010364426	0.6466906985	0.3522728590
0	0.0088099167	0.9228894423	0.0683006410
0	0.6555861499	0.0006457189	0.3437681312
0	0.0002236216	0.0000000000	0.9997763784
0	0.0127163178	0.1702707021	0.8170129802
0	0.1037494627	0.0316557269	0.8645948104
0	0.1810248367	0.0044612868	0.8145138765
0	0.2335896573	0.2457592520	0.5206510907
1	0.3000302315	0.0144077907	0.6855619778
0	0.4724862671	0.4831634970	0.0443502359
0	0.1967816693	0.0000002299	0.8032181008
0	0.3583833231	0.1244180003	0.5171986765
1	0.0110468151	0.0000000157	0.9889531692
0	0.0684312844	0.0447786290	0.8867900866
0	0.3314127983	0.4048275091	0.2637596926
0	0.2803450161	0.1172637934	0.6023911904
0	0.4788573321	0.5141738760	0.0069687919
0	0.0002837654	0.2790685938	0.7206476409
0	0.1413019256	0.0005628524	0.8581352220
0	0.9418887862	0.0538404039	0.0042708098
0	0.3704476100	0.2566521733	0.3729002167
0	0.0000000001	0.0971124392	0.9028875607
0	0.0015929716	0.0129498490	0.9854571794
0	0.0214848497	0.0015394498	0.9769757005
0	0.2621933275	0.0135074346	0.7242992379
0	0.3841991835	0.0240001587	0.5918006578
0	0.2210807153	0.4208061048	0.3581131799
0	0.1626934471	0.0000574834	0.8372490695
0	0.9771237195	0.0161163079	0.0067599726
0	0.8612906011	0.0000000000	0.1387093989
0	0.9993058491	0.0002951837	0.0003989672
0	0.1433804578	0.8566189017	0.0000006405
0	0.0647566422	0.2093849514	0.7258584063
0	0.0364556917	0.0000030580	0.9635412503
0	0.6193093843	0.2588115928	0.1218790230
0	0.4371090637	0.1815283284	0.3813626079
0	0.2335021502	0.4308031200	0.3356947298
0	0.5490399346	0.0015348257	0.4494252397
0	0.2924727531	0.0004272170	0.7071000299
0	0.4384028487	0.0093239102	0.5522732411
0	0.0346240367	0.6729028771	0.2924730863
0	0.8386314753	0.0411336365	0.1202348882
0	0.3175576656	0.0472815086	0.6351608259
0	0.0009295770	0.9447539023	0.0543165207
0	0.6627261383	0.2502099051	0.0870639566
0	0.0310095860	0.0445095401	0.9244808739
0	0.7730900667	0.0388592919	0.1880506415
0	0.2534070788	0.0512964142	0.6952965069
0	0.1438919162	0.0236467926	0.8324612913
0	0.9302833741	0.0060399093	0.0636767166
1	0.5976316613	0.4018582552	0.0005100835
0	0.4530763006	0.1981218901	0.3488018093
0	0.7484683477	0.2511574947	0.0003741577
0	0.8133460126	0.0070477407	0.1796062468
0	0.6489231985	0.3152196101	0.0358571914
0	0.0712249190	0.0637804124	0.8649946685
0	0.9463978105	0.0015165890	0.0520856004
1	0.1616303996	0.0094858343	0.8288837662
0	0.7375774520	0.2573464679	0.0050760801
0	0.0059388947	0.9938985179	0.0001625873
0	0.1719100788	0.0531477759	0.7749421453
0	0.1521552568	0.1592599548	0.6885847884
1	0.2426066401	0.0035408423	0.7538525176
0	0.9722017145	0.0000045927	0.0277936928
0	0.2193978112	0.0094015579	0.7712006308
0	0.5307433262	0.2548698767	0.2143867970
0	0.1647405713	0.7292920389	0.1059673897
0	0.0000181259	0.2479540201	0.7520278540
0	0.3548893038	0.3024785575	0.3426321387
0	0.0483402203	0.0857444263	0.8659153534
0	0.0000000000	0.0020422847	0.9979577153
0	0.9833554704	0.0089273468	0.0077171827
0	0.0024827617	0.0031939176	0.9943233207
0	0.9669353325	0.0210008886	0.0120637789
0	0.0638579242	0.0000000001	0.9361420757
0	0.9420310764	0.0000020781	0.0579668455
0	0.2057078952	0.7285096964	0.0657824084
0	0.0012619381	0.7141964357	0.2845416262
0	0.1862514771	0.2375696121	0.5761789108
0	0.0226757936	0.9504919842	0.0268322222
0	0.0356590136	0.0000000000	0.9643409864
0	0.5820081132	0.4055107954	0.0124810914
0	0.0001134191	0.9207426636	0.0791439173
0	0.1374256876	0.7707256546	0.0918486578
0	0.5445844368	0.0000000000	0.4554155632
0	0.0878471086	0.0000033268	0.9121495646
0	0.5208810324	0.1614980574	0.3176209102
0	0.0922734921	0.8996200290	0.0081064788
0	0.9968519181	0.0031475643	0.0000005175
0	0.4449133621	0.1670143729	0.3880722650
0	0.1017616127	0.6012021949	0.2970361924
2	0.9860106861	0.0000000000	0.0139893139
0	0.8130844200	0.0081495204	0.1787660596
0	0.6702366602	0.0000000069	0.3297633329
0	0.9999999992	0.0000000008	0.0000000000
0	0.0031831700	0.8196494369	0.1771673930
0	0.0351283962	0.8581314585	0.1067401452
0	0.0015728443	0.9982826755	0.0001444802
0	0.1151518424	0.1602968975	0.7245512601
0	0.0233208348	0.0000009560	0.9766782092
0	0.1137862835	0.0006023952	0.8856113213
0	0.3688413043	0.6311581757	0.0000005200
0	0.8663304806	0.0032202630	0.1304492564
0	0.5762254948	0.4237304251	0.0000440801
0	0.3360443547	0.0487106625	0.6152449828
0	0.1912974337	0.4097535838	0.3989489825
0	0.0000089824	0.0191148809	0.9808761367
0	0.1055134743	0.0002631359	0.8942233898
0	0.0273735098	0.9477499823	0.0248765079
0	0.0279571069	0.1350174005	0.8370254925
0	0.1375459577	0.8623567583	0.0000972840
0	0.6756265079	0.0857861494	0.2385873427
0	0.0015629019	0.0139534142	0.9844836840
0	0.0126987114	0.0631568795	0.9241444091
0	0.3718835416	0.1157565669	0.5123598915
0	0.1743849920	0.0356389295	0.7899760785
0	0.0604697319	0.0695461936	0.8699840745
0	0.0080923397	0.2144954977	0.7774121626
0	0.1488123183	0.0048296090	0.8463580727
0	0.0129577526	0.9847948653	0.0022473821
0	0.0018657721	0.6510180913	0.3471161366
0	0.0307310946	0.0019009229	0.9673679825
0	0.6996223841	0.0596561701	0.2407214457
0	0.6708594569	0.2877462412	0.0413943019
0	0.5133132706	0.4171927562	0.0694939732
0	0.2260856047	0.0011420919	0.7727723034
0	0.0892157804	0.0328175571	0.8779666625
1	0.0370480658	0.5407185861	0.4222333482
1	0.2993586404	0.6100380830	0.0906032766
0	0.0278789054	0.6777547690	0.2943663257
0	0.0000000000	0.5755327288	0.4244672712
1	0.0000000057	0.5718515688	0.4281484255
0	0.0120872020	0.6236424725	0.3642703255
1	0.1849039820	0.0063182821	0.8087777359
0	0.5581071166	0.0003349121	0.4415579714
0	0.6577399931	0.1494741722	0.1927858347
1	0.2070291265	0.5538149588	0.2391559147
0	0.0000000001	0.5830295697	0.4169704301
0	0.1750904259	0.2549750977	0.5699344764
0	0.0995807354	0.0581295242	0.8422897404
0	0.0318594313	0.8448056555	0.1233349132
0	0.0000000911	0.5567399109	0.4432599980
0	0.0959440114	0.4054809217	0.4985750669
0	0.9226482961	0.0003892139	0.0769624900
0	0.0000000000	0.8466933352	0.1533066648
0	0.9563478055	0.0000780413	0.0435741532
0	0.8362712359	0.0516537030	0.1120750610
0	0.2790260564	0.0011014889	0.7198724547
0	0.0613051121	0.0349939984	0.9037008895
0	0.0196710080	0.2144194157	0.7659095763
0	0.0000007133	0.0112322312	0.9887670555
0	0.0072673999	0.0003119227	0.9924206774
0	0.9873591618	0.0126203356	0.0000205026
0	0.9635383796	0.0352914621	0.0011701583
0	0.0280787496	0.0147818317	0.9571394186
0	0.3603394009	0.0104480721	0.6292125270
0	0.0578441520	0.0002048689	0.9419509792
0	0.5907657477	0.0000026108	0.4092316415
0	0.7121097179	0.2633885223	0.0245017598
0	0.7810537821	0.1046159619	0.1143302560
0	0.0806328863	0.4965995067	0.4227676070
0	0.0529111944	0.4622146730	0.4848741326
0	0.3695468877	0.0000216149	0.6304314974
0	0.3026322844	0.0564888072	0.6408789084
0	0.0455840558	0.3436610221	0.6107549221
1	0.1175286539	0.1833678161	0.6991035300
0	0.8513608687	0.0876293427	0.0610097886
0	0.1067521693	0.4823793628	0.4108684679
0	0.0110553207	0.9542272872	0.0347173921
0	0.0003569569	0.0000000000	0.9996430431
0	0.7667180721	0.0002318476	0.2330500802
0	0.0088059059	0.0000000000	0.9911940941
0	0.0435278214	0.0094616478	0.9470105308
0	0.7237750906	0.2762133118	0.0000115976
0	0.4064699432	0.0000108196	0.5935192371
0	0.2064582003	0.5325090066	0.2610327931
0	0.8867227884	0.0183481287	0.0949290829
0	0.6021152735	0.3978847265	0.0000000000
0	0.0343658009	0.0033380412	0.9622961579
0	0.6365859498	0.2190834564	0.1443305938
0	0.3359847489	0.0081092930	0.6559059581
0	0.1486381083	0.2717644172	0.5795974745
0	0.9567196608	0.0369246213	0.0063557180
0	0.5806857468	0.0262999503	0.3930143029
0	0.9491540555	0.0508127159	0.0000332285
0	0.0169805978	0.1939435973	0.7890758049
0	0.0486301408	0.4683338818	0.4830359774
1	0.1994232243	0.7985092574	0.0020675183
0	0.2368232505	0.7293589122	0.0338178374
1	0.8442070179	0.1557465824	0.0000463997
0	0.5673526264	0.0343718171	0.3982755565
0	0.1894633436	0.5272553813	0.2832812751
0	0.5166610775	0.0065641032	0.4767748193
0	0.0160684864	0.0625749383	0.9213565753
0	0.1097074499	0.8230646211	0.0672279290
0	0.9076070686	0.0020330505	0.0903598809
0	0.5950756930	0.4040412481	0.0008830589
0	0.0327534997	0.7088606553	0.2583858450
0	0.3588986524	0.0000000004	0.6411013471
0	0.0252696623	0.2342237337	0.7405066040
0	0.4626482136	0.0000000112	0.5373517752
0	0.5484490760	0.0014186897	0.4501322343
0	0.8807478202	0.0681912497	0.0510609301
0	0.9056649617	0.0915636244	0.0027714139
0	0.0826986957	0.2640563619	0.6532449424
0	0.1993129535	0.0179907230	0.7826963235
0	0.3616153160	0.0609336972	0.5774509868
0	0.9789283489	0.0043773298	0.0166943213
0	0.0181906216	0.2935602905	0.6882490879
0	0.1042304249	0.2294279565	0.6663416186
0	0.2734959671	0.0013310494	0.7251729835
0	0.0000034984	0.6248878306	0.3751086710
0	0.0299298432	0.0382474488	0.9318227080
0	0.0922883985	0.9071213964	0.0005902051
0	0.4004504870	0.5045526073	0.0949969056
1	0.3490547543	0.5148885925	0.1360566533
0	0.0288847708	0.2498080322	0.7213071971
0	0.4241506287	0.1815918338	0.3942575374
0	0.6037247068	0.0000949324	0.3961803608
0	0.0604198756	0.7943163249	0.1452637995
0	0.7243974853	0.0739324300	0.2016700847
0	0.1146843990	0.0000000000	0.8853156010
0	0.5637008222	0.0037288977	0.4325702800
0	0.2058017778	0.0001149389	0.7940832833
0	0.0002735923	0.0000066927	0.9997197150
0	0.2063799912	0.4789741898	0.3146458190
0	0.4332324341	0.3006041119	0.2661634539
0	0.0143794912	0.0240412293	0.9615792796
0	0.9793105410	0.0000000000	0.0206894590
0	0.6863567022	0.1303513471	0.1832919507
0	0.3982601613	0.0374917787	0.5642480600
0	0.1452159508	0.0069204285	0.8478636207
0	0.7858002820	0.0402014620	0.1739982560
0	0.0014387314	0.4067348174	0.5918264512
0	0.8053028755	0.1901636630	0.0045334615
0	0.9996104803	0.0000000531	0.0003894667
0	0.9870778989	0.0021345192	0.0107875819
0	0.0085787358	0.0002140464	0.9912072179
0	0.0441039688	0.0156753102	0.9402207210
0	0.2475952229	0.4240939233	0.3283108538
0	0.0000000000	0.2373246375	0.7626753625
0	0.3802564731	0.2264887502	0.3932547767
0	0.0399389988	0.1175045134	0.8425564879
0	0.5514064374	0.0289098941	0.4196836685
0	0.2608377650	0.0819630111	0.6571992239
0	0.2909884351	0.0516977308	0.6573138341
0	0.6117268038	0.2523053928	0.1359678033
0	0.8971626152	0.0000313367	0.1028060481
0	0.0473913875	0.9524683031	0.0001403094
0	0.0000000000	0.0001707122	0.9998292878
0	0.3883340266	0.5511715893	0.0604943841
0	0.1151847343	0.8310525856	0.0537626801
0	0.2192862648	0.7807137226	0.0000000127
0	0.0005498324	0.0000000000	0.9994501676
1	0.4375273890	0.2867157414	0.2757568697
0	0.1868594256	0.0021056336	0.8110349408
0	0.0000165260	0.1024048875	0.8975785865
0	0.8925769819	0.0000001028	0.1074229153
0	0.2646165580	0.0000008466	0.7353825954
0	0.1310806303	0.0000073113	0.8689120584
0	0.1254923560	0.7951312687	0.0793763752
0	0.2359132360	0.3255990261	0.4384877379
0	0.0800632920	0.1690993111	0.7508373969
0	0.7887967517	0.2110108234	0.0001924249
0	0.0000007150	0.0000006108	0.9999986742
1	0.5856080150	0.0000297751	0.4143622099
0	0.5999173435	0.0394342906	0.3606483659
0	0.2970835616	0.0000033590	0.7029130794
0	0.1672049243	0.3542332796	0.4785617961
0	0.0268802965	0.5933760955	0.3797436080
1	0.2458609029	0.0058104697	0.7483286273
0	0.3475863517	0.0316469320	0.6207667163
0	0.9933838841	0.0064341630	0.0001819529
0	0.8151029991	0.0323600279	0.1525369730
0	0.3867359486	0.4986757753	0.1145882761
1	0.6270054332	0.3012405684	0.0717539984
0	0.9473223104	0.0095094482	0.0431682414
0	0.5028713596	0.4932103953	0.0039182450
0	0.5827768881	0.0000000000	0.4172231119
0	0.3527199165	0.0000046571	0.6472754264
0	0.0021270007	0.0000001251	0.9978728742
0	0.9521199878	0.0465109809	0.0013690313
0	0.0047069270	0.0033878333	0.9919052397
0	0.6613102756	0.0110996495	0.3275900749
0	0.9971255338	0.0028492838	0.0000251823
1	0.1029069061	0.8547082686	0.0423848254
0	0.0000000005	0.0622475316	0.9377524679
0	0.0244752870	0.2202337817	0.7552909312
0	0.8432338135	0.1514159247	0.0053502618
1	0.9686174217	0.0000000000	0.0313825783
0	0.2393092939	0.6199300408	0.1407606653
0	0.0176281298	0.0000050426	0.9823668276
0	0.5353293096	0.0880841598	0.3765865306
0	0.8392667619	0.1264859270	0.0342473111
0	0.1938169612	0.8059410012	0.0002420376
0	0.5457760751	0.0000037273	0.4542201975
0	0.0133728520	0.9853487586	0.0012783894
0	0.0975427246	0.0031219924	0.8993352830
0	0.6909019195	0.0971985705	0.2118995100
1	0.0084090244	0.0300646882	0.9615262874
0	0.0142290122	0.7381881852	0.2475828026
0	0.6205626939	0.0003469945	0.3790903116
0	0.0199222981	0.0146706032	0.9654070987
0	0.3135644105	0.1870142116	0.4994213779
0	0.4156806575	0.0715710999	0.5127482425
0	0.1771846557	0.6923908510	0.1304244933
0	0.0019869223	0.0884076259	0.9096054518
0	0.5335266390	0.1161781236	0.3502952374
0	0.6384119627	0.0008727561	0.3607152812
0	0.5656342282	0.0078439751	0.4265217968
0	0.7627976870	0.2231536019	0.0140487111
0	0.3247069958	0.0000000000	0.6752930042
0	0.7462693037	0.2537153005	0.0000153958
0	0.3108876790	0.1963159250	0.4927963960
0	0.9768006634	0.0013892516	0.0218100851
1	0.9453417093	0.0093326853	0.0453256053
1	0.0000035979	0.3293880005	0.6706084016
0	0.0456789939	0.4639893116	0.4903316944
0	0.1722492735	0.3218898102	0.5058609163
0	0.0000000000	0.0000746754	0.9999253246
0	0.9056256518	0.0172149372	0.0771594110
0	0.6239756328	0.2832622599	0.0927621073
0	0.7374985993	0.0010422698	0.2614591309
0	0.0011158578	0.2073095065	0.7915746357
0	0.8307295695	0.0000287338	0.1692416967
0	0.0444959204	0.7940542116	0.1614498680
1	0.0029500133	0.1057827306	0.8912672561
1	0.7260014339	0.1779041829	0.0960943832
0	0.7294518764	0.0022831544	0.2682649693
0	0.0135789298	0.0011061752	0.9853148949
1	0.2868322565	0.4739635209	0.2392042226
0	0.0716696067	0.0001829763	0.9281474170
0	0.3380191217	0.0064454105	0.6555354678
0	0.9586281205	0.0000020280	0.0413698516
0	0.0001093076	0.9182755433	0.0816151491
0	0.9471405454	0.0476975870	0.0051618675
0	0.4241686056	0.3322281211	0.2436032733
0	0.2280047673	0.0075723322	0.7644229005
1	0.1547609633	0.2588724133	0.5863666234
0	0.5451264879	0.0000000000	0.4548735121
0	0.2445399083	0.7523917306	0.0030683612
