0	0.8296838840	0.0000000011	0.1703161149
0	0.0048737805	0.9598017570	0.0353244625
0	0.0110543658	0.6123335786	0.3766120556
0	0.0302704686	0.6190648028	0.3506647286
0	0.0001541685	0.2694909706	0.7303548609
0	0.4755396500	0.1999339083	0.3245264418
1	0.0098422520	0.0000000000	0.9901577480
0	0.0677015363	0.7553315489	0.1769669148
0	0.4177135765	0.0000000265	0.5822863970
0	0.0000000682	0.7167205920	0.2832793398
0	0.1276126782	0.7745397128	0.0978476090
0	0.1977273176	0.8022710218	0.0000016606
0	0.0000134858	0.0957838726	0.9042026417
1	0.1671974356	0.0187848613	0.8140177031
0	0.8315166697	0.0961238066	0.0723595237
0	0.0011963816	0.2822104703	0.7165931481
0	0.1575701872	0.8424298128	0.0000000000
0	0.8503742476	0.0079841466	0.1416416058
0	0.7106346209	0.0335328639	0.2558325152
0	0.0052729883	0.3763568456	0.6183701661
0	0.0039440107	0.4087225148	0.5873334746
0	0.7054395884	0.0063849278	0.2881754838
0	0.1112075361	0.0002410307	0.8885514332
0	0.1382634895	0.2634794255	0.5982570850
0	0.0000245107	0.9839929580	0.0159825313
2	0.6824921063	0.3130218141	0.0044860796
0	0.0171902325	0.9415222115	0.0412875560
0	0.0945131517	0.0008329637	0.9046538846
0	0.8576537738	0.0000026838	0.1423435425
0	0.0163701345	0.9521997031	0.0314301624
0	0.0394757001	0.7317116881	0.2288126118
0	0.0000000000	0.0001311093	0.9998688907
0	0.0000000119	0.7222258504	0.2777741377
1	0.0000019180	0.0000288020	0.9999692800
0	0.0417691840	0.0000000000	0.9582308160
0	0.7199876204	0.0756818780	0.2043305016
0	0.0555238686	0.7136103764	0.2308657549
0	0.7414971326	0.2077612045	0.0507416630
0	0.9853648161	0.0044921777	0.0101430061
0	0.9608482086	0.0175967961	0.0215549953
0	0.0219874611	0.4857057419	0.4923067970
0	0.1343945989	0.8464301943	0.0191752068
0	0.9898365207	0.0093137399	0.0008497394
0	0.2789477537	0.0346183866	0.6864338597
0	0.0054461463	0.0732296668	0.9213241869
0	0.3823660282	0.0000000612	0.6176339106
0	0.0240306994	0.8456739647	0.1302953359
0	0.0000051609	0.0000875828	0.9999072564
0	0.7360444860	0.0010698975	0.2628856164
0	0.0367945331	0.5315680342	0.4316374327
0	0.0187755701	0.9656821798	0.0155422501
0	0.3643602394	0.6349208399	0.0007189207
0	0.5241448117	0.0413372874	0.4345179008
1	0.3102657706	0.6836648705	0.0060693589
1	0.3997234356	0.6002762966	0.0000002679
0	0.1198890409	0.1219720158	0.7581389432
0	0.1365580011	0.4407706983	0.4226713006
0	0.1030969409	0.2851496433	0.6117534158
0	0.8148103139	0.1489519877	0.0362376985
0	0.0016847816	0.9804141425	0.0179010759
1	0.0810554820	0.0043424180	0.9146021000
0	0.0000307946	0.5924520022	0.4075172032
0	0.0028900503	0.7829607758	0.2141491739
0	0.0027851705	0.0000000000	0.9972148295
1	0.3657777479	0.3023443628	0.3318778893
0	0.5702133395	0.1474816340	0.2823050266
0	0.9051541197	0.0948458525	0.0000000278
1	0.2612464538	0.1958646550	0.5428888912
0	0.9195912702	0.0000000013	0.0804087285
0	0.0000000000	0.9996388141	0.0003611859
0	0.1752692243	0.0000000000	0.8247307757
0	0.0000037123	0.0003161724	0.9996801153
0	0.0000406846	0.0096428778	0.9903164376
0	0.8129171954	0.0000007791	0.1870820255
0	0.6581195672	0.3397610158	0.0021194170
0	0.2321206502	0.1413405320	0.6265388178
0	0.2068332591	0.6369771544	0.1561895864
0	0.9330564965	0.0669207378	0.0000227657
0	0.0149087351	0.0371611046	0.9479301603
0	0.2599139382	0.5004330135	0.2396530483
0	0.2794464650	0.0677461702	0.6528073648
0	0.0000001705	0.0189802156	0.9810196140
1	0.9969968477	0.0025816542	0.0004214982
0	0.0018296000	0.9969767398	0.0011936602
0	0.0002829377	0.0129375362	0.9867795262
0	0.0000000108	0.5484424705	0.4515575187
0	0.4223847334	0.5411701203	0.0364451463
0	0.4833372831	0.4975890798	0.0190736370
0	0.1302581245	0.6935219438	0.1762199317
0	0.9810911588	0.0002457880	0.0186630531
0	0.9769226666	0.0000000000	0.0230773334
0	0.5284636434	0.2567260834	0.2148102733
0	0.2823843594	0.5616076938	0.1560079468
0	0.5890969363	0.0000000000	0.4109030637
0	0.0040458386	0.0001320561	0.9958221053
0	0.6650227657	0.0151076238	0.3198696106
0	0.0131635598	0.8652821793	0.1215542609
0	0.0678738018	0.9265177591	0.0056084390
0	0.6238752924	0.0008898854	0.3752348222
0	0.0000000179	0.6634165651	0.3365834170
0	0.1219708652	0.0001261079	0.8779030269
1	0.9453363456	0.0000000000	0.0546636544
1	0.3508303745	0.0331508845	0.6160187410
0	0.5811775011	0.0197364289	0.3990860700
0	0.9988427600	0.0011147821	0.0000424578
0	0.8604584869	0.0687873337	0.0707541793
1	0.9140107122	0.0002003931	0.0857888947
0	0.9956164633	0.0000988546	0.0042846821
0	0.0104720293	0.9893819438	0.0001460269
0	0.0491537498	0.0000011256	0.9508451247
0	0.1606268395	0.0005515558	0.8388216047
1	0.1559351484	0.4741819982	0.3698828535
0	0.0000000000	0.7544012119	0.2455987881
0	0.0002377810	0.4704697712	0.5292924478
1	0.7449602836	0.0510923175	0.2039473989
1	0.5860457850	0.4009560866	0.0129981284
0	0.9999583304	0.0000416695	0.0000000000
0	0.9573150568	0.0426849432	0.0000000000
0	0.1232727764	0.8687306202	0.0079966034
0	0.6590165542	0.0006634012	0.3403200446
0	0.6491030950	0.3508171477	0.0000797573
0	0.9337042517	0.0424948217	0.0238009267
0	0.0046203550	0.0051275599	0.9902520851
0	0.6514216503	0.0019023018	0.3466760479
0	0.2727402249	0.5393058882	0.1879538869
0	0.0007212026	0.0016987670	0.9975800304
0	0.5449639232	0.0002531962	0.4547828806
0	0.1129491095	0.3213712481	0.5656796424
0	0.2351828406	0.7648171594	0.0000000000
0	0.0936393950	0.8903898059	0.0159707990
1	0.0279311865	0.8985313709	0.0735374426
0	0.7738542552	0.0019946040	0.2241511408
1	0.0097314705	0.0046332801	0.9856352494
0	0.0000000000	0.3677553948	0.6322446052
0	0.0462979092	0.3347788309	0.6189232598
0	0.9827299085	0.0038881758	0.0133819157
0	0.3784058943	0.2345526517	0.3870414540
0	0.0012745309	0.9987254649	0.0000000043
0	0.1399192976	0.8574012627	0.0026794397
0	0.3350147391	0.0000000000	0.6649852609
0	0.0000000054	0.9831415673	0.0168584273
1	0.0360938567	0.9361935165	0.0277126269
0	0.4926358818	0.0002252283	0.5071388899
1	0.0000001073	0.0050368514	0.9949630413
0	0.2894128802	0.7088771373	0.0017099825
0	0.3297620057	0.3575563998	0.3126815945
0	0.0161576578	0.0189230069	0.9649193353
0	0.6242832539	0.0008674914	0.3748492547
0	0.0863680778	0.0217999587	0.8918319635
0	0.7691082387	0.1512531499	0.0796386114
0	0.3107236513	0.1612172178	0.5280591309
0	0.0000000000	1.0000000000	0.0000000000
0	0.9828668577	0.0000035237	0.0171296186
0	0.9674915603	0.0139385507	0.0185698890
0	0.4729404495	0.5140520989	0.0130074517
0	0.8786285122	0.0873103203	0.0340611675
0	0.5434287369	0.3739925854	0.0825786777
0	0.0000105998	0.1128456102	0.8871437900
0	0.6387740061	0.0152985488	0.3459274451
0	0.4870430399	0.0000003484	0.5129566117
0	0.7997513110	0.1997240790	0.0005246100
0	0.2204057084	0.7163924216	0.0632018700
0	0.0046923723	0.9764223944	0.0188852333
0	0.2187839847	0.7565317893	0.0246842260
0	0.8234029932	0.1358074581	0.0407895487
0	0.0301991528	0.0477633836	0.9220374636
0	0.3980425923	0.4977577906	0.1041996171
0	0.0086584192	0.0009245306	0.9904170502
0	0.0010774352	0.9578920624	0.0410305024
2	0.3399609710	0.0717599009	0.5882791281
0	0.1527559420	0.1166196227	0.7306244353
0	0.8804272310	0.1147702115	0.0048025575
1	0.4073924511	0.2693214113	0.3232861376
1	0.1928788610	0.4772284936	0.3298926454
0	0.7700793038	0.1042825522	0.1256381440
0	0.0080764923	0.9907511750	0.0011723326
0	0.0474230119	0.9317684839	0.0208085043
0	0.0000025807	0.1279262470	0.8720711723
0	0.1931452077	0.0559269377	0.7509278546
0	0.6550729590	0.0040650415	0.3408619995
0	0.7323163129	0.0799019924	0.1877816948
0	0.0017755774	0.0000007547	0.9982236679
0	0.7173825178	0.2824806936	0.0001367887
0	0.9990993360	0.0005660465	0.0003346174
0	0.1246673501	0.8753326499	0.0000000000
0	0.0010156992	0.7133045294	0.2856797714
0	0.4220825932	0.5732379510	0.0046794558
0	0.3117388075	0.0002041316	0.6880570609
0	0.0085958213	0.0000094258	0.9913947529
1	0.2831228438	0.5981796960	0.1186974602
0	0.3085453202	0.5299882857	0.1614663941
0	0.9427672237	0.0144042156	0.0428285607
0	0.4690865526	0.2386440137	0.2922694337
0	0.1684300800	0.2092417638	0.6223281562
1	0.9999938957	0.0000060865	0.0000000178
0	0.0000001454	0.0101653235	0.9898345310
0	0.2157842978	0.6273988462	0.1568168560
0	0.0003290199	0.0837316771	0.9159393030
0	0.4772361703	0.4692976565	0.0534661732
0	0.4879660040	0.4968902271	0.0151437689
0	0.7092854250	0.2796199649	0.0110946101
0	0.5754179200	0.0000247835	0.4245572966
0	0.8902571461	0.0012531550	0.1084896989
0	0.7768341840	0.1913108353	0.0318549807
0	0.9104789553	0.0004707750	0.0890502697
0	0.6875564038	0.3124435962	0.0000000000
0	0.7650130721	0.0667692919	0.1682176360
0	0.7224353901	0.0001291009	0.2774355090
0	0.7185418435	0.0527898958	0.2286682606
0	0.0259863226	0.1122880375	0.8617256399
0	0.0609383840	0.0307117051	0.9083499109
1	0.0006776214	0.8983482180	0.1009741606
0	0.4093949096	0.4712965313	0.1193085591
0	0.0000000434	0.9999999566	0.0000000000
0	0.0006890686	0.3277254469	0.6715854845
0	0.0495941173	0.0364698629	0.9139360198
0	0.3707125100	0.1520707569	0.4772167331
0	0.7393591382	0.2585627271	0.0020781346
0	0.2309394109	0.7040033593	0.0650572297
0	0.3234870255	0.0005808290	0.6759321455
0	0.6325395045	0.3674604955	0.0000000000
0	0.2905116250	0.0000003622	0.7094880128
0	0.3237044846	0.1967223316	0.4795731837
0	0.6755176852	0.1065071923	0.2179751225
0	0.7774530265	0.0456289547	0.1769180188
0	0.9581030417	0.0297079292	0.0121890291
0	0.3218897996	0.2444952123	0.4336149881
0	0.0000606462	0.0000022893	0.9999370645
0	0.0000353526	0.9834942917	0.0164703558
0	0.0533596583	0.0000064248	0.9466339170
0	0.1478172398	0.6755259749	0.1766567853
0	0.6111248729	0.2382267894	0.1506483377
0	0.0465658209	0.0000000000	0.9534341791
0	0.0145190338	0.0162474196	0.9692335467
0	0.0147893096	0.5890890000	0.3961216904
0	0.0015031974	0.0310478116	0.9674489909
0	0.0000000006	0.0195624330	0.9804375664
0	0.0675235644	0.8903107985	0.0421656371
0	0.1048111049	0.0001096887	0.8950792064
0	0.0000000003	0.9746186060	0.0253813936
0	0.3950725158	0.6044602796	0.0004672046
0	0.4184089213	0.5666681359	0.0149229428
0	0.7299366371	0.2691238026	0.0009395603
0	0.0036498311	0.8598880820	0.1364620869
0	0.2462212270	0.0332099394	0.7205688337
0	0.0065890589	0.2243756488	0.7690352922
0	0.9964377980	0.0035612414	0.0000009606
0	0.9300866849	0.0699133151	0.0000000000
0	0.0307237769	0.9405241494	0.0287520737
0	0.0280026284	0.0578028826	0.9141944891
0	0.1252924906	0.1870625653	0.6876449441
0	0.0000149922	0.8266334987	0.1733515091
0	0.4111694933	0.0000000000	0.5888305067
0	0.7341023993	0.2658883164	0.0000092843
0	0.3094338300	0.5327870845	0.1577790855
0	0.8847706226	0.0015901462	0.1136392311
0	0.9470200987	0.0009036850	0.0520762163
0	0.0032774149	0.9967225851	0.0000000000
0	0.2478165790	0.0000663495	0.7521170715
0	0.0155094732	0.8832838251	0.1012067017
0	0.8642950462	0.1357049538	0.0000000000
0	0.0922013242	0.2270113147	0.6807873610
0	0.5309444279	0.2958106124	0.1732449597
0	0.0332596244	0.1514602201	0.8152801555
0	0.0027032399	0.0000000757	0.9972966844
0	0.7657332229	0.1543245232	0.0799422538
0	0.8600443634	0.1390799482	0.0008756885
0	0.7774506294	0.0000000000	0.2225493706
0	0.5420179192	0.1031755249	0.3548065559
0	0.2870102833	0.2153930047	0.4975967120
0	0.8371368063	0.1231890597	0.0396741340
0	0.0201300302	0.9084096098	0.0714603600
0	0.5195429434	0.4357599626	0.0446970940
0	0.2358528452	0.0000000000	0.7641471548
0	0.6576064526	0.1747220384	0.1676715091
0	0.8530737759	0.1039804262	0.0429457979
0	0.0000032225	0.1759809319	0.8240158456
0	0.6187737386	0.0000000279	0.3812262335
0	0.0187030653	0.4411287273	0.5401682074
0	0.8622961351	0.0000000000	0.1377038649
0	0.0205567407	0.0000000000	0.9794432593
0	0.0450304823	0.2561013943	0.6988681234
0	0.0000000000	0.9996987139	0.0003012861
0	0.7371261300	0.1519177457	0.1109561242
0	0.0000000025	0.9999983847	0.0000016129
0	0.4775545234	0.0000000000	0.5224454766
0	0.0046016039	0.3265154693	0.6688829269
0	0.2735126274	0.6405647378	0.0859226348
1	0.0000628091	0.9833282226	0.0166089683
0	0.3557190583	0.6442705605	0.0000103812
0	0.0000000001	0.0097854733	0.9902145266
0	0.7612168079	0.2374755523	0.0013076397
0	0.6357829796	0.2477026058	0.1165144146
0	0.4274915599	0.1394458299	0.4330626102
0	0.0091632877	0.5469192839	0.4439174285
0	0.0000482926	0.1421524928	0.8577992146
0	0.0398463865	0.2153668093	0.7447868042
0	0.3779132738	0.2508041369	0.3712825893
0	0.4091772742	0.2471818733	0.3436408525
0	0.4633029822	0.2177243203	0.3189726974
0	0.4125535918	0.3579699477	0.2294764606
0	0.4290214231	0.0451251585	0.5258534184
0	0.1952599317	0.0000000001	0.8047400682
0	0.1629812757	0.0750749150	0.7619438093
0	0.9291455152	0.0000000044	0.0708544803
0	0.8910879471	0.0972859136	0.0116261393
0	0.0000000000	0.0019538888	0.9980461112
0	0.0000000241	0.1938774988	0.8061224771
1	0.8917091107	0.0000000002	0.1082908891
0	0.7113034495	0.2560310517	0.0326654988
1	0.0000000000	0.9988651440	0.0011348560
0	0.8805803544	0.0910559207	0.0283637249
1	0.7197268419	0.2780512020	0.0022219561
0	0.6511717987	0.3384299500	0.0103982513
0	0.5181182520	0.1604430530	0.3214386950
1	0.8519082330	0.1480917670	0.0000000000
0	0.1981903764	0.5478844603	0.2539251633
1	0.0022427176	0.0085785539	0.9891787285
1	0.1100411496	0.8808384840	0.0091203664
0	0.0063527593	0.9936472395	0.0000000012
0	0.0955926742	0.1811103228	0.7232970030
0	0.9784368917	0.0215624064	0.0000007019
0	0.5580177111	0.2916668381	0.1503154508
0	0.0094552785	0.4599638012	0.5305809203
0	0.0000264211	0.7554517495	0.2445218294
0	0.2416703627	0.7338221216	0.0245075156
0	0.8511229997	0.0143383336	0.1345386667
0	0.3078842467	0.3704976055	0.3216181478
0	0.9322404747	0.0028955433	0.0648639820
0	0.3144035693	0.2440422769	0.4415541538
0	0.3345436977	0.1576340086	0.5078222938
0	0.0000004532	0.2749346017	0.7250649452
0	0.0000005963	0.9992989313	0.0007004724
0	0.0078404407	0.0143508180	0.9778087413
0	0.5476069422	0.0010903683	0.4513026895
0	0.4316745062	0.5666320272	0.0016934666
0	0.9499731116	0.0237120718	0.0263148166
0	0.1409348524	0.8590651449	0.0000000027
0	0.2087259333	0.6484179574	0.1428561094
1	0.4212309019	0.5218799074	0.0568891908
0	0.0001290899	0.9936037371	0.0062671730
0	0.9785837679	0.0000000023	0.0214162298
0	0.0000010809	0.3191569667	0.6808419524
0	0.0113955589	0.0593129862	0.9292914549
0	0.4959721796	0.0718118606	0.4322159599
0	0.4351908551	0.5120886001	0.0527205448
0	0.7908836975	0.2091116454	0.0000046572
0	0.4980531578	0.5018401524	0.0001066898
0	0.2102690895	0.0718070217	0.7179238888
0	0.7318399620	0.0272871122	0.2408729258
0	0.4113105658	0.2220146402	0.3666747940
0	0.6069834434	0.1841292717	0.2088872849
0	0.4082007834	0.5734811849	0.0183180317
0	0.5535982508	0.4463623579	0.0000393913
0	0.0000000096	0.7381173485	0.2618826419
0	0.1463420485	0.0846459364	0.7690120150
0	0.0256953725	0.6575254914	0.3167791361
0	0.9999999270	0.0000000730	0.0000000000
0	0.2736769334	0.0028438945	0.7234791721
0	0.1862235269	0.0041397825	0.8096366906
0	0.0133046782	0.0247747659	0.9619205559
0	0.5801836182	0.2393945256	0.1804218563
0	0.6054325789	0.0514198093	0.3431476118
0	0.0446133639	0.0573904852	0.8979961510
0	0.0000001616	0.9958407790	0.0041590594
0	0.0011926339	0.0000001568	0.9988072093
0	0.9527615805	0.0000000000	0.0472384195
0	0.0091571077	0.0000154506	0.9908274418
0	0.9953671299	0.0000000000	0.0046328701
0	0.4642673013	0.3759420755	0.1597906232
0	0.0000056190	0.6894773557	0.3105170254
0	0.1102589837	0.6261125687	0.2636284476
0	0.0000000000	0.0526998386	0.9473001614
0	0.9943614683	0.0000720934	0.0055664383
0	0.0845350345	0.0001802970	0.9152846686
0	0.2807428140	0.5128637457	0.2063934404
0	0.3633311781	0.6365810124	0.0000878095
0	0.1469928759	0.5894215239	0.2635856001
0	0.0000176500	0.9905725561	0.0094097939
0	0.4152837593	0.0000063014	0.5847099392
1	0.1029966249	0.4797988553	0.4172045197
0	0.0759112173	0.6460343616	0.2780544211
0	0.0000000000	0.9999999995	0.0000000005
0	0.6659679773	0.0827275037	0.2513045189
0	0.6314334335	0.3593713287	0.0091952378
0	0.0001256626	0.9015129009	0.0983614365
0	0.4947894467	0.5052043075	0.0000062458
0	0.1263210979	0.1618185844	0.7118603177
0	0.2772548093	0.1565262595	0.5662189312
0	0.8062125282	0.1697353248	0.0240521470
0	0.2637271237	0.0004410881	0.7358317881
0	0.0068211948	0.0005564846	0.9926223206
0	0.4098178937	0.0308804244	0.5593016818
0	0.0000000652	0.5638984293	0.4361015055
1	0.0000176100	0.9068603681	0.0931220219
0	0.0000366133	0.1321610841	0.8678023026
0	0.0022581113	0.0059552701	0.9917866186
0	0.0174415180	0.6428653380	0.3396931440
0	0.0000000000	0.0186868626	0.9813131374
0	0.9687481132	0.0300816197	0.0011702670
0	0.3458520364	0.6535489165	0.0005990471
0	0.9027895146	0.0453831137	0.0518273718
0	0.8986056187	0.0082138781	0.0931805031
0	0.0370887494	0.6920540439	0.2708572068
0	0.9594518678	0.0005390726	0.0400090596
0	0.0000173986	0.5246105476	0.4753720538
0	0.5353644125	0.3871526892	0.0774828983
0	0.2155512903	0.7410659042	0.0433828055
0	0.0575252782	0.9423081341	0.0001665877
1	0.3108801857	0.5143285183	0.1747912960
0	0.0000782852	0.7458312915	0.2540904233
0	0.0545965126	0.0513586135	0.8940448738
0	0.1405595269	0.1050050304	0.7544354427
0	0.0888518168	0.0412589580	0.8698892252
0	0.8854835568	0.0000000000	0.1145164432
0	0.0225099555	0.0363105784	0.9411794661
0	0.0095503859	0.7006210903	0.2898285238
0	0.9027647117	0.0971954460	0.0000398424
0	0.3600832751	0.5395781796	0.1003385452
0	0.5994444093	0.0000000000	0.4005555907
0	0.9766469719	0.0165604400	0.0067925881
0	0.4294886071	0.1133919306	0.4571194622
0	0.0101615001	0.9897602935	0.0000782063
0	0.0013626450	0.0000000000	0.9986373550
0	0.5422713603	0.4433178972	0.0144107425
0	0.8039334889	0.0000000001	0.1960665111
0	0.0000000000	1.0000000000	0.0000000000
0	0.7226490033	0.2719452472	0.0054057494
0	0.2426658427	0.1359172176	0.6214169397
0	0.0000000514	0.0401569476	0.9598430010
0	0.3884567174	0.6115415704	0.0000017122
1	0.2382016620	0.3494412650	0.4123570730
0	0.9337460506	0.0000020213	0.0662519282
0	0.4891935563	0.0707202456	0.4400861981
0	0.1096911501	0.0330627294	0.8572461205
0	0.6064983328	0.0306776807	0.3628239865
0	0.6083749030	0.3826681493	0.0089569477
0	0.0017772420	0.7799705676	0.2182521904
0	0.4444346885	0.0005857252	0.5549795862
0	0.0000000000	0.8543901976	0.1456098024
0	0.1680607132	0.7381282323	0.0938110545
0	0.0000627338	0.0000000060	0.9999372603
0	0.2677197914	0.4807512196	0.2515289890
0	0.1196373925	0.7872449408	0.0931176666
0	0.7248096902	0.0000518037	0.2751385061
0	0.1711067112	0.3814714680	0.4474218207
0	0.5667983369	0.1819159651	0.2512856980
2	0.1377332982	0.8184548156	0.0438118862
0	0.8029383483	0.0287689881	0.1682926635
1	0.0015367913	0.0520380149	0.9464251937
0	0.0001951965	0.9997846442	0.0000201594
0	0.5547280192	0.2475687014	0.1977032794
0	0.8287471655	0.0272723594	0.1439804751
0	0.7262345295	0.0059916565	0.2677738140
0	0.0007829427	0.2523457484	0.7468713089
0	0.0000158748	0.1248573541	0.8751267711
0	0.9747937340	0.0252062660	0.0000000000
0	0.0473206576	0.0000063565	0.9526729860
0	0.3165363457	0.6834591583	0.0000044961
0	0.0021665617	0.0000659865	0.9977674518
0	0.0774816595	0.3947917564	0.5277265842
0	0.4026964165	0.5859242338	0.0113793497
0	0.0533895744	0.4097885195	0.5368219061
0	0.6104325465	0.3504482973	0.0391191562
0	0.0361363326	0.3963118014	0.5675518660
0	0.0183737637	0.0123366066	0.9692896297
0	0.2186464569	0.3559776199	0.4253759232
1	0.0029663617	0.0000000000	0.9970336383
0	0.2486385798	0.6586522907	0.0927091295
0	0.0458696199	0.8035163811	0.1506139990
0	0.8181441824	0.0013386242	0.1805171934
0	0.1812088923	0.8187911013	0.0000000064
1	0.2323258742	0.7669588963	0.0007152294
0	0.5419751039	0.2661784559	0.1918464402
0	0.2310992406	0.0633107111	0.7055900483
1	0.0209155523	0.9790844476	0.0000000001
0	0.2046620050	0.0000000107	0.7953379843
0	0.5861248864	0.1738286230	0.2400464906
0	0.2747098819	0.7248228546	0.0004672635
0	0.3693908590	0.0604486007	0.5701605403
0	0.5610641521	0.0006241229	0.4383117250
0	0.0150935394	0.9700374240	0.0148690367
1	0.6323368113	0.2350641817	0.1325990070
0	0.0001841192	0.9993113431	0.0005045377
0	0.0913174784	0.7104495928	0.1982329289
0	0.5227259160	0.0596919477	0.4175821363
0	0.0235742906	0.9382820559	0.0381436535
0	0.5613381874	0.1554346059	0.2832272067
1	0.0661925923	0.2597584193	0.6740489884
0	0.0154240088	0.9839470864	0.0006289047
0	0.9201086427	0.0000000006	0.0798913567
0	0.6260795785	0.3738790153	0.0000414062
0	0.0794205873	0.4137521785	0.5068272342
0	0.0002906878	0.0003228731	0.9993864390
1	0.8650433763	0.0000000000	0.1349566237
0	0.6003081349	0.0079971118	0.3916947533
0	0.4020602306	0.5979397694	0.0000000000
1	0.3374276080	0.0571574565	0.6054149355
1	0.2731869283	0.7176964555	0.0091166163
0	0.1852529428	0.3336554425	0.4810916147
