0	0.8625756898	0.1370462750	0.0003780352
0	0.1658855734	0.8335088533	0.0006055733
0	0.8836014470	0.0984659049	0.0179326481
0	0.1318518575	0.1756637924	0.6924843501
0	0.7501219911	0.0000022011	0.2498758077
0	0.9743837064	0.0070224341	0.0185938595
0	0.4873352861	0.3298247810	0.1828399329
1	0.7761046402	0.2130663482	0.0108290115
0	0.1037793897	0.0592795861	0.8369410242
0	0.9561738160	0.0259422229	0.0178839611
0	0.9068495057	0.0825121320	0.0106383623
0	0.6657523944	0.3239041605	0.0103434451
0	0.9963511114	0.0036488868	0.0000000019
0	0.0114887347	0.9876291790	0.0008820863
0	0.4562558338	0.3654948244	0.1782493418
0	0.0190425612	0.0000724208	0.9808850180
1	0.0643020183	0.0082689274	0.9274290543
0	0.5013344115	0.2409615576	0.2577040309
0	0.8800456661	0.1199307625	0.0000235714
1	0.9399935980	0.0343220208	0.0256843812
1	0.6440115303	0.2391700512	0.1168184186
0	0.4581348106	0.3525994573	0.1892657321
0	0.0316659559	0.1932789240	0.7750551201
0	0.6596326311	0.3044111489	0.0359562199
0	0.0371245297	0.9589509781	0.0039244922
0	0.4969366778	0.4837635606	0.0192997615
0	0.2966970349	0.0000000079	0.7033029572
0	0.0307878099	0.0393452106	0.9298669795
0	0.7938830525	0.1425003325	0.0636166150
0	0.0357839774	0.2426947347	0.7215212879
0	0.1403675758	0.3308292852	0.5288031390
0	0.7637774828	0.0000000001	0.2362225171
0	0.2674629544	0.0013853363	0.7311517092
0	0.1454264033	0.6617441490	0.1928294477
0	0.8679779895	0.0491512914	0.0828707191
0	0.9423925306	0.0575822862	0.0000251832
0	0.0533818134	0.0013777532	0.9452404333
0	0.8051841800	0.1947700627	0.0000457573
0	0.0000058482	0.8541222170	0.1458719349
0	0.0000000018	0.8261657181	0.1738342801
1	0.9012833120	0.0158896152	0.0828270728
0	0.8599717489	0.1399638458	0.0000644053
0	0.0978880197	0.8847872299	0.0173247504
1	0.8997797581	0.0927203704	0.0074998715
0	0.7951703779	0.0772910818	0.1275385403
0	0.9049722221	0.0949507585	0.0000770195
0	0.3270235985	0.2371900626	0.4357863389
0	0.1918085481	0.6476907761	0.1605006759
0	0.7815867239	0.0000006056	0.2184126705
0	0.9676887368	0.0311382257	0.0011730376
0	0.8866880631	0.0000000114	0.1133119255
1	0.8502122033	0.0686835280	0.0811042687
0	0.6729876933	0.2059146065	0.1210977001
0	0.6128571774	0.0008393282	0.3863034944
0	0.9999994028	0.0000000000	0.0000005972
0	0.6849245541	0.0002359145	0.3148395314
0	0.7548915360	0.0000644494	0.2450440146
0	0.0190493962	0.7600531141	0.2208974896
0	0.7157596015	0.1194450854	0.1647953131
0	0.8924333848	0.0000246618	0.1075419534
0	0.4172424066	0.0001197754	0.5826378181
0	0.8008835561	0.0501034452	0.1490129987
0	0.3497361489	0.6502638508	0.0000000004
1	0.4306578221	0.3425766685	0.2267655093
0	0.0226876134	0.9273460055	0.0499663811
0	0.3315065709	0.3252221010	0.3432713282
0	0.0098337495	0.0073991867	0.9827670638
0	0.5973420138	0.2274753715	0.1751826146
0	0.6079572544	0.3920231818	0.0000195638
0	0.9297049643	0.0673619696	0.0029330661
0	0.5115070707	0.3632761170	0.1252168123
0	0.4278381132	0.5048414595	0.0673204272
0	0.8839826063	0.1160173937	0.0000000000
0	0.4995256550	0.2484026932	0.2520716518
0	0.9999192598	0.0000000000	0.0000807402
0	0.2398168741	0.0022323417	0.7579507842
0	0.3243653466	0.0345451663	0.6410894871
1	0.3012759472	0.2411939389	0.4575301139
1	0.0524705856	0.7632438169	0.1842855975
0	0.9313315453	0.0686677492	0.0000007055
0	0.0107896929	0.1212993050	0.8679110021
0	0.8504839492	0.1258553347	0.0236607161
0	0.7089899592	0.0053855026	0.2856245382
0	0.2629622623	0.2859161397	0.4511215979
0	0.6416517896	0.3583482104	0.0000000000
0	0.9498507944	0.0000003931	0.0501488124
0	0.6632073503	0.3351997581	0.0015928916
0	0.8786091081	0.0772850641	0.0441058278
0	0.8862683401	0.1108172185	0.0029144415
0	0.3231634812	0.4971781563	0.1796583625
0	0.3226075408	0.6766855674	0.0007068918
0	0.9089462914	0.0745799974	0.0164737111
0	0.8050624586	0.1174198154	0.0775177260
0	0.0000053910	0.0000822924	0.9999123166
1	0.9364183220	0.0026780787	0.0609035993
0	0.8441326062	0.0651862936	0.0906811002
0	0.5104485677	0.0827259850	0.4068254473
0	0.1812349004	0.0293855978	0.7893795018
0	0.0282662286	0.0814067571	0.8903270143
0	0.3103505244	0.0140306282	0.6756188473
0	0.5335268799	0.4664673622	0.0000057579
0	0.0642324787	0.9081710910	0.0275964304
0	0.7345051680	0.1310058016	0.1344890304
0	0.4107128881	0.2248454960	0.3644416159
0	0.8959730094	0.0150734080	0.0889535826
0	0.1928401865	0.7182630215	0.0888967920
0	0.1309209340	0.4886267657	0.3804523003
0	0.4725967595	0.0133327048	0.5140705356
0	0.5589141721	0.3722476170	0.0688382109
1	0.9594343693	0.0001340105	0.0404316202
0	0.0855916282	0.7233189399	0.1910894319
0	0.7776105923	0.2223894077	0.0000000000
0	0.0326198550	0.3395841555	0.6277959894
0	0.2164209962	0.3176055752	0.4659734285
0	0.9771729033	0.0098439710	0.0129831257
0	0.3581588338	0.6418007545	0.0000404117
0	0.0000000552	0.9999999448	0.0000000000
0	0.3294162556	0.6334447298	0.0371390147
0	0.3575104681	0.5001008119	0.1423887200
1	0.9301205130	0.0654802850	0.0043992020
0	0.2296951652	0.3428690230	0.4274358118
0	0.2837412455	0.0257668810	0.6904918735
0	0.9982473934	0.0001616659	0.0015909407
0	0.9798345113	0.0201653364	0.0000001523
0	0.0000000544	0.9708346786	0.0291652671
0	0.7591041847	0.2380341773	0.0028616381
0	0.9119962739	0.0719963955	0.0160073306
0	0.0992167477	0.7847714717	0.1160117806
0	0.6943149516	0.0000024820	0.3056825664
0	0.9118485798	0.0388046117	0.0493468084
0	0.5053522016	0.4945532347	0.0000945637
0	0.2005542436	0.4181682225	0.3812775339
1	0.7318633478	0.0963739428	0.1717627094
0	0.2197168860	0.0001523342	0.7801307798
1	0.4116314965	0.4765466557	0.1118218478
0	0.5350496587	0.1369332362	0.3280171051
0	0.7606090811	0.0016826622	0.2377082567
0	0.8366424801	0.0013808590	0.1619766609
0	0.8066791503	0.1280908972	0.0652299525
0	0.6579339831	0.2192694796	0.1227965373
0	0.2952406842	0.1650977974	0.5396615184
0	0.0033516365	0.2059495710	0.7906987925
0	0.0000000000	0.1120517776	0.8879482224
0	0.7491621685	0.0005060981	0.2503317334
0	0.1799224429	0.8200775571	0.0000000000
0	0.0009388205	0.1344228240	0.8646383556
0	0.0019272757	0.9980727237	0.0000000006
0	0.1728286785	0.0069067122	0.8202646093
0	0.0395397886	0.2916616449	0.6687985664
0	0.0825654038	0.0120565588	0.9053780374
0	0.2434360048	0.2399426325	0.5166213627
0	0.0007300731	0.9992651389	0.0000047880
0	0.7287937935	0.2712057365	0.0000004700
0	0.9662658743	0.0149895239	0.0187446018
0	0.1001344751	0.3568441793	0.5430213456
0	0.0798315022	0.0000001490	0.9201683488
0	0.0222406567	0.0917798393	0.8859795041
0	0.4783106294	0.0001469397	0.5215424309
0	0.0026960018	0.7136991681	0.2836048301
2	0.1929484971	0.1250415378	0.6820099651
0	0.2767980159	0.5418945269	0.1813074572
0	0.0008565090	0.0256004949	0.9735429961
0	0.2319813700	0.6817278312	0.0862907989
0	0.9297915068	0.0701865846	0.0000219086
0	0.8861340071	0.0964764063	0.0173895866
0	0.9374382473	0.0615440796	0.0010176731
0	0.9806282730	0.0000000020	0.0193717251
0	0.1516814967	0.1184525987	0.7298659046
0	0.2065897006	0.2319068837	0.5615034157
0	0.8344226622	0.1581685888	0.0074087490
0	0.9913512398	0.0069098832	0.0017388770
0	0.9315424114	0.0523810277	0.0160765609
0	0.1811624248	0.5999107837	0.2189267915
1	0.8613313150	0.0153007087	0.1233679763
0	0.3108248314	0.0199798695	0.6691952992
0	0.4533552725	0.1547574761	0.3918872514
0	0.8613882349	0.1168900534	0.0217217117
0	0.4984910790	0.5000002621	0.0015086590
0	0.2368744989	0.0484921484	0.7146333527
0	0.0328504204	0.0675676059	0.8995819737
0	0.2734058514	0.6670669325	0.0595272161
0	0.3913003868	0.4659403108	0.1427593024
1	0.0001122173	0.9632704144	0.0366173682
0	0.4752429583	0.0000000000	0.5247570417
1	0.6305845424	0.3694151781	0.0000002795
1	0.7484096476	0.2383122864	0.0132780660
0	0.8441779391	0.1558052442	0.0000168167
0	0.5366885662	0.1061760803	0.3571353535
0	0.1411050119	0.6840917657	0.1748032224
0	0.3057483431	0.6814314369	0.0128202200
0	0.9961633672	0.0007342400	0.0031023928
0	0.6062840594	0.1488006489	0.2449152917
0	0.0069566315	0.2773336798	0.7157096887
0	0.6358393385	0.1226457266	0.2415149349
1	0.1337467923	0.8662305831	0.0000226246
0	0.0910081049	0.8713613903	0.0376305047
0	0.8093675901	0.1904498602	0.0001825497
0	0.8959274537	0.0019901894	0.1020823569
0	0.0495275924	0.3322294117	0.6182429960
0	0.4318539002	0.5455845203	0.0225615795
0	0.9933867455	0.0000494135	0.0065638410
0	0.0116095265	0.0000002450	0.9883902285
0	0.7982445767	0.1731607595	0.0285946637
0	0.6452269766	0.3547722229	0.0000008005
0	0.3552905713	0.6015343546	0.0431750741
1	0.7652569028	0.2346417501	0.0001013471
0	0.9999999998	0.0000000000	0.0000000002
0	0.7770691028	0.1071469909	0.1157839063
0	0.8141983816	0.1553750367	0.0304265817
0	0.5964623172	0.3868502978	0.0166873850
0	0.0237018950	0.1658211932	0.8104769119
0	0.8966704250	0.1033171172	0.0000124577
1	0.6127421543	0.3752516940	0.0120061517
0	0.3399564535	0.1224879752	0.5375555713
0	0.2491341505	0.4508610108	0.3000048387
0	0.8523364285	0.1467347662	0.0009288053
0	0.0256518647	0.7962843151	0.1780638201
0	0.7828506013	0.0429750991	0.1741742996
0	0.0944261008	0.0000553762	0.9055185230
0	0.6713338829	0.0539031391	0.2747629779
0	0.0004969215	0.9922400994	0.0072629791
0	0.2650551156	0.7237679908	0.0111768936
0	0.4706332232	0.4284996965	0.1008670803
0	0.1884834621	0.4094462861	0.4020702519
0	0.6913758496	0.0001659820	0.3084581685
0	0.3769982273	0.4920677089	0.1309340638
1	0.2038588890	0.7961411106	0.0000000003
0	0.9136276438	0.0142131798	0.0721591764
0	0.7141938305	0.2182295832	0.0675765863
0	0.9922788037	0.0025572800	0.0051639163
1	0.4924597146	0.1344463638	0.3730939216
0	0.5629112766	0.0265492377	0.4105394857
0	0.5521986383	0.0576419628	0.3901593989
0	0.8363617031	0.0359529910	0.1276853059
0	0.6889346449	0.3010437776	0.0100215775
0	0.7727561396	0.1791674063	0.0480764541
0	0.0000008339	0.5367677892	0.4632313770
0	0.5769238116	0.3164218088	0.1066543796
0	0.2700902766	0.7299097166	0.0000000068
0	0.8436389273	0.0955701973	0.0607908754
1	0.3481878537	0.1258675995	0.5259445468
0	0.8216162116	0.1783837884	0.0000000000
0	0.2196595658	0.0674761681	0.7128642661
0	0.3207368202	0.3424218805	0.3368412992
0	0.8620904535	0.1202528821	0.0176566644
0	0.9276475475	0.0018581604	0.0704942922
0	0.8648800582	0.1351199418	0.0000000000
0	0.9822434132	0.0001855262	0.0175710606
0	0.5140714530	0.2275626675	0.2583658796
0	0.9067528034	0.0335581114	0.0596890851
0	0.6626631793	0.0998474080	0.2374894127
0	0.0626770084	0.0361547683	0.9011682233
0	0.0085630838	0.8955649710	0.0958719452
1	0.8904171591	0.1060851234	0.0034977174
1	0.9874431709	0.0023011661	0.0102556629
0	0.2908941137	0.0000000000	0.7091058863
0	0.0002585447	0.0373800070	0.9623614483
0	0.8696301938	0.0002390808	0.1301307254
1	0.3288389869	0.0164816127	0.6546794005
0	0.1782928987	0.4657854674	0.3559216339
0	0.7801196655	0.2100261994	0.0098541351
0	0.2645796516	0.0033859015	0.7320344469
0	0.4016198563	0.0265015106	0.5718786332
0	0.9813588286	0.0112026274	0.0074385440
0	0.8402301724	0.0452256454	0.1145441823
0	0.0307968292	0.9692030950	0.0000000758
0	0.2762856997	0.7234424467	0.0002718536
0	0.7003474887	0.2992563126	0.0003961987
0	0.4744997237	0.0001797160	0.5253205603
0	0.1577176023	0.7492268499	0.0930555477
0	0.8151766497	0.1848231199	0.0000002304
0	0.9456917982	0.0384185306	0.0158896712
0	0.3781491359	0.2226587962	0.3991920679
0	0.0024116558	0.1869234488	0.8106648954
0	0.9270660859	0.0000000008	0.0729339133
1	0.7832522338	0.0597147831	0.1570329831
0	0.0142886080	0.2808692773	0.7048421147
0	0.1108557767	0.7552109988	0.1339332245
0	0.9545705811	0.0224622019	0.0229672169
0	0.6969211043	0.0000092909	0.3030696048
0	0.0000000000	0.1269879997	0.8730120003
0	0.5298819964	0.4626077631	0.0075102405
1	0.9803494622	0.0196175470	0.0000329908
1	0.6483348045	0.0103181488	0.3413470467
0	0.9934680867	0.0064773868	0.0000545265
0	0.9144070342	0.0605453181	0.0250476477
1	0.3463668633	0.0000001684	0.6536329683
0	0.3491300651	0.3102389795	0.3406309554
0	0.7792876195	0.0346340472	0.1860783333
0	0.9802975440	0.0000000000	0.0197024560
1	0.4410493951	0.5101741026	0.0487765023
0	0.5423045524	0.1864870225	0.2712084251
0	0.1658310429	0.8135549603	0.0206139968
0	0.9169836898	0.0009592214	0.0820570889
0	0.7152909445	0.2847047214	0.0000043341
1	0.8692354194	0.0332686314	0.0974959492
0	0.8198686613	0.0692202241	0.1109111146
0	0.0332095564	0.0009347194	0.9658557242
0	0.2979855664	0.7020144336	0.0000000000
0	0.0000112660	0.0001809510	0.9998077830
1	0.1115364998	0.0000449035	0.8884185966
0	0.1037408352	0.8923091420	0.0039500229
1	0.2504407328	0.0220508131	0.7275084541
0	0.8629968802	0.0000655003	0.1369376195
0	0.0112367151	0.9887609720	0.0000023129
0	0.9587834799	0.0235946020	0.0176219181
0	0.3572106506	0.0544789490	0.5883104004
0	0.4839906006	0.3495616181	0.1664477813
0	0.6196045692	0.1886540045	0.1917414263
0	0.8529604826	0.0128635265	0.1341759909
0	0.0055677946	0.1627023485	0.8317298569
0	0.8061699992	0.0766777573	0.1171522434
0	0.1096676655	0.8903323345	0.0000000000
0	0.0016707394	0.7128741508	0.2854551098
0	0.6560158378	0.2069978447	0.1369863175
0	0.0022746493	0.9692542647	0.0284710859
0	0.9595170618	0.0033896354	0.0370933028
0	0.0601671901	0.6159234204	0.3239093895
1	0.2643697753	0.7349236988	0.0007065259
1	0.0645261227	0.1547265132	0.7807473640
0	0.8593533369	0.0000000520	0.1406466111
0	0.8421399311	0.0912165014	0.0666435675
0	0.6904661630	0.2486549987	0.0608788383
0	0.9746209603	0.0159784904	0.0094005492
0	0.4157318468	0.2330904173	0.3511777359
0	0.9704631864	0.0211431164	0.0083936972
0	0.9617236372	0.0379990598	0.0002773030
0	0.5549717329	0.4432739035	0.0017543636
0	0.0591165895	0.4590178357	0.4818655748
0	0.8329088743	0.0019654253	0.1651257004
0	0.0758354928	0.8312951522	0.0928693550
0	0.3938076951	0.0058253843	0.6003669207
0	0.0000000048	0.7574508330	0.2425491622
0	0.0062817044	0.9937182932	0.0000000024
1	0.5678300404	0.0794951586	0.3526748010
0	0.7944515263	0.2054759699	0.0000725038
1	0.0296452988	0.0198974585	0.9504572427
0	0.5515603608	0.0000000532	0.4484395860
1	0.0324523909	0.4091338931	0.5584137160
0	0.9959066274	0.0000000000	0.0040933726
0	0.1451719920	0.2967962249	0.5580317831
0	0.6467263254	0.3449543049	0.0083193697
0	0.0346831778	0.0000107464	0.9653060759
0	0.0845220266	0.1300395531	0.7854384203
0	0.2867417198	0.4484558595	0.2648024208
0	0.5141101484	0.4363126115	0.0495772401
0	0.9840092782	0.0159905045	0.0000002173
0	0.9766667164	0.0020360108	0.0212972728
0	0.9633978448	0.0366021552	0.0000000000
1	0.9165982957	0.0834017043	0.0000000000
0	0.9982001775	0.0000000000	0.0017998225
0	0.3011118532	0.6528550186	0.0460331282
0	0.5184395112	0.1026934832	0.3788670056
0	0.0424641564	0.2078573634	0.7496784802
0	0.7523045501	0.2444971201	0.0031983298
0	0.9582536625	0.0138824999	0.0278638377
0	0.0465515368	0.3928292075	0.5606192558
0	0.6701696683	0.2768816720	0.0529486598
0	0.2078207719	0.0140079448	0.7781712833
0	0.6432894451	0.0000000000	0.3567105549
0	0.2671877289	0.7328122630	0.0000000081
0	0.4116150682	0.3046668676	0.2837180641
0	0.9798319615	0.0011518995	0.0190161390
1	0.5420078349	0.1834616900	0.2745304752
0	0.1414050465	0.3410630486	0.5175319049
0	0.3310478194	0.4429192531	0.2260329274
0	0.9879515119	0.0066082958	0.0054401923
0	0.4249879326	0.5732281717	0.0017838957
0	0.3924153835	0.5018833521	0.1057012644
0	0.0162780589	0.0184999238	0.9652220173
0	0.8163966903	0.1805472206	0.0030560891
0	0.5321941636	0.4569361248	0.0108697116
0	0.1287693302	0.7847392128	0.0864914571
0	0.2809623295	0.2259961635	0.4930415071
0	0.2342344728	0.3266905423	0.4390749849
0	0.2652630518	0.7046841823	0.0300527659
0	0.2564057114	0.3776125315	0.3659817571
0	0.0864634770	0.0000000470	0.9135364761
0	0.6243564664	0.3755377891	0.0001057445
0	0.1896358403	0.2264311440	0.5839330157
0	0.2567392663	0.0384063854	0.7048543483
0	0.9358588759	0.0500171445	0.0141239796
0	0.1212656346	0.0215288856	0.8572054798
0	0.8815992893	0.0202301629	0.0981705477
0	0.5182476201	0.0000000801	0.4817522997
2	0.3194735580	0.0109871218	0.6695393202
1	0.4178464902	0.5821102623	0.0000432475
0	0.5436300158	0.1889655484	0.2674044358
0	0.0520531221	0.0625417670	0.8854051108
2	0.0020744255	0.9969328520	0.0009927225
0	0.9739521544	0.0000029206	0.0260449250
0	0.0094353533	0.9892483984	0.0013162483
0	0.0094142206	0.9905857280	0.0000000514
0	0.2518946213	0.0255269203	0.7225784584
0	0.4232118781	0.1151336558	0.4616544661
0	0.0423856598	0.4440705491	0.5135437911
0	0.9449633360	0.0011707884	0.0538658756
0	0.4942942037	0.2746776726	0.2310281237
0	0.9975547050	0.0024376194	0.0000076756
1	0.6772077816	0.3227895445	0.0000026739
0	0.0092056820	0.0226045404	0.9681897776
0	0.9995352022	0.0000040549	0.0004607429
0	0.5716772123	0.0000200984	0.4283026893
0	0.1533141307	0.5597491841	0.2869366853
0	0.9985105237	0.0014894763	0.0000000000
0	0.9999747442	0.0000251328	0.0000001230
0	0.0144163915	0.9443895869	0.0411940215
1	0.0522997853	0.0646469249	0.8830532899
0	0.0672592035	0.0000000001	0.9327407963
0	0.7716005378	0.0670774402	0.1613220220
0	0.8628120680	0.0836976738	0.0534902582
0	0.8620456399	0.1370953494	0.0008590107
0	0.5846266864	0.3794167415	0.0359565721
0	0.0937063300	0.8385898862	0.0677037838
0	0.9681697941	0.0318295172	0.0000006887
0	0.5310284006	0.4427272016	0.0262443977
0	0.0354682828	0.0453561783	0.9191755389
0	0.3781509949	0.6218487484	0.0000002567
0	0.9268406839	0.0492461002	0.0239132159
0	0.8871901802	0.0000000000	0.1128098198
0	0.8568755258	0.0811408432	0.0619836310
0	0.3603045761	0.6374069428	0.0022884811
0	0.4160748105	0.0328950470	0.5510301425
0	0.0349351620	0.4203351068	0.5447297311
0	0.8390515777	0.0000148830	0.1609335392
0	0.9871400800	0.0036045303	0.0092553897
0	0.0260940991	0.8943316230	0.0795742779
0	0.0220374427	0.5002184015	0.4777441558
0	0.5976934246	0.3366151570	0.0656914184
0	0.1892250448	0.6442166482	0.1665583070
0	0.7106574465	0.2739835231	0.0153590303
0	0.9997596495	0.0002403505	0.0000000000
0	0.2916848045	0.2392300635	0.4690851320
0	0.0169239024	0.1015783350	0.8814977627
0	0.6962965042	0.3036995978	0.0000038980
1	0.0823131551	0.2313072300	0.6863796149
0	0.0869305049	0.7827794667	0.1302900284
0	0.3453056730	0.3120289324	0.3426653947
0	0.9211691912	0.0278949529	0.0509358560
0	0.9883798188	0.0116175254	0.0000026559
0	0.2560879818	0.7067669323	0.0371450859
0	0.9672730036	0.0326543834	0.0000726130
0	0.8532187932	0.1081832525	0.0385979543
1	0.0283277304	0.7365074042	0.2351648654
0	0.3771352466	0.0628200082	0.5600447451
0	0.0794010949	0.9183561540	0.0022427510
0	0.9645124330	0.0005079059	0.0349796611
1	0.0457689261	0.1640469195	0.7901841545
0	0.9750442232	0.0246309823	0.0003247944
0	0.8054251369	0.1945499543	0.0000249088
0	0.0919120030	0.4205092255	0.4875787715
0	0.0002559382	0.0002007679	0.9995432940
0	0.1228415090	0.8098023862	0.0673561048
0	0.9965001500	0.0001914493	0.0033084006
0	0.2206569329	0.7697151141	0.0096279529
0	0.0297660876	0.1633625412	0.8068713712
0	0.7643368366	0.2084587443	0.0272044190
0	0.9836034695	0.0002683939	0.0161281366
0	0.9570602960	0.0375957305	0.0053439735
1	0.5860796538	0.2518060267	0.1621143195
0	0.2824984193	0.5155291172	0.2019724635
0	0.2824754717	0.1999856509	0.5175388774
1	0.9894904480	0.0093016674	0.0012078846
0	0.5612826427	0.1087959785	0.3299213788
0	0.3250119824	0.6715632779	0.0034247397
0	0.7391410127	0.2532147350	0.0076442523
0	0.6184311542	0.1289711542	0.2525976916
0	0.7899809995	0.1960065577	0.0140124429
0	0.9775443200	0.0000000000	0.0224556800
0	0.9899531681	0.0001750258	0.0098718061
0	0.0539891747	0.9340892252	0.0119216000
0	0.7195191965	0.0687110375	0.2117697660
0	0.5758385026	0.2803754123	0.1437860850
0	0.8690149013	0.0301231562	0.1008619425
0	0.5703423374	0.1142926473	0.3153650153
0	0.1729971147	0.0398025712	0.7872003141
0	0.4398035454	0.2965626249	0.2636338297
0	0.0061758447	0.9938241544	0.0000000009
0	0.9939185707	0.0060805062	0.0000009231
0	0.0288340970	0.0000460250	0.9711198781
0	0.8885102287	0.1114897455	0.0000000258
0	0.1209713734	0.0843310309	0.7946975957
0	0.6025696963	0.3572573032	0.0401730006
0	0.4102132729	0.5817286873	0.0080580398
1	0.8272814130	0.1711111182	0.0016074688
0	0.7185660396	0.0000894847	0.2813444756
0	0.6308750985	0.0252352019	0.3438896996
0	0.6615931639	0.0773248048	0.2610820313
0	0.0220751257	0.6842234873	0.2937013871
0	0.4709496727	0.5273307042	0.0017196232
0	0.0017850152	0.0119062239	0.9863087609
0	0.0064131791	0.0063025171	0.9872843037
0	0.7003581963	0.1874961983	0.1121456054
0	0.9488084044	0.0000234003	0.0511681953
0	0.0264090558	0.0000000084	0.9735909358
0	0.9895043560	0.0004173476	0.0100782963
0	0.2577713494	0.2365531944	0.5056754562
0	0.4626095301	0.4764905130	0.0608999568
0	0.0052982878	0.2882990506	0.7064026616
0	0.6725977670	0.1811741301	0.1462281028
