0	0.1844801758	0.3565195255	0.4590002987
0	0.0240314525	0.0006247953	0.9753437523
0	0.5906668315	0.3158428634	0.0934903051
0	0.9908474794	0.0091523369	0.0000001837
0	0.0221695876	0.7293725658	0.2484578466
0	0.4533318158	0.3624885786	0.1841796055
0	0.8487786305	0.1366089659	0.0146124037
0	0.1025483358	0.0156924565	0.8817592077
0	0.0000000000	0.2364697716	0.7635302284
0	0.9738956530	0.0261043466	0.0000000005
0	0.0021432058	0.5909335552	0.4069232390
0	0.0000430515	0.0002540509	0.9997028976
0	0.3004898263	0.6042450653	0.0952651084
0	0.7355948178	0.0005482582	0.2638569240
0	0.0000036313	0.0103072378	0.9896891309
0	0.2512386788	0.1011943243	0.6475669969
0	0.0282950305	0.0000000000	0.9717049695
0	0.0862617794	0.1159185997	0.7978196210
0	0.5617172574	0.4382827426	0.0000000000
0	0.6071729513	0.1378566064	0.2549704423
0	0.0014445921	0.0568603466	0.9416950613
1	0.7895676293	0.2082040514	0.0022283194
0	0.0000000059	0.0000028599	0.9999971343
1	0.6426564177	0.3416464205	0.0156971618
0	0.1059119038	0.8938920431	0.0001960531
0	0.9604696439	0.0000000000	0.0395303561
0	0.9881278131	0.0000000000	0.0118721869
0	0.5339601385	0.0000000000	0.4660398615
0	0.9595425027	0.0000000001	0.0404574972
0	0.4056000564	0.3115826112	0.2828173324
0	0.9643122379	0.0349649563	0.0007228058
0	0.7851829750	0.1703500165	0.0444670084
0	0.9635571880	0.0356772426	0.0007655694
0	0.0162567645	0.5895229805	0.3942202551
0	0.9999872241	0.0000000277	0.0000127481
1	0.8382321206	0.1541647565	0.0076031228
0	0.0026292355	0.0048181555	0.9925526091
0	0.9840328031	0.0159671968	0.0000000000
0	0.3740984980	0.6256709477	0.0002305543
0	0.2355511072	0.0000000003	0.7644488925
0	0.0000005567	0.1727826296	0.8272168137
0	0.0032696050	0.9380087984	0.0587215966
0	0.0000030530	0.1730729619	0.8269239851
0	0.0000000000	0.7668709437	0.2331290563
0	0.0855908775	0.0000000000	0.9144091225
0	0.3987069677	0.5773228411	0.0239701912
0	0.0000014709	0.9512111676	0.0487873615
2	0.0121522545	0.7502585771	0.2375891685
0	0.1246193837	0.3430922391	0.5322883772
0	0.0576165048	0.9423834845	0.0000000107
0	0.3535936183	0.4602951690	0.1861112127
0	0.9979799317	0.0000000000	0.0020200683
0	0.4892103132	0.0161263676	0.4946633192
0	0.0000000050	0.0237925980	0.9762073970
0	0.3906514364	0.1440318709	0.4653166927
0	0.0655977554	0.8218453954	0.1125568492
0	0.0001226984	0.0119460889	0.9879312127
0	0.3596274190	0.6044904945	0.0358820865
0	0.0628179105	0.5589022538	0.3782798357
0	0.0000000191	0.1675232933	0.8324766875
0	0.0728036077	0.0025360785	0.9246603138
0	0.9487552423	0.0135310539	0.0377137039
0	0.0120649982	0.1875473639	0.8003876379
0	0.0071940752	0.0000000000	0.9928059248
0	0.6909996269	0.1919891945	0.1170111786
0	0.0931931608	0.8919236141	0.0148832250
0	0.9059391151	0.0080922781	0.0859686067
0	0.9938863737	0.0061135539	0.0000000725
0	0.9489618158	0.0000000309	0.0510381532
0	0.7392500068	0.2607499932	0.0000000000
0	0.0000249682	0.4411838311	0.5587912007
0	0.0292119778	0.0032094243	0.9675785979
0	0.8536810363	0.1463189637	0.0000000000
0	0.1379996384	0.5008778685	0.3611224931
0	0.8758220716	0.0018328228	0.1223451056
0	0.5640808895	0.4328107870	0.0031083235
0	0.1580609479	0.0003975165	0.8415415356
0	0.0000945195	0.6028073752	0.3970981053
0	0.0000233672	0.9527663171	0.0472103156
0	0.6999273445	0.3000671506	0.0000055049
1	0.6342080285	0.3216445967	0.0441473748
0	0.4346086213	0.5653482734	0.0000431053
0	0.0099550416	0.7671829470	0.2228620114
0	0.0364946936	0.1806539340	0.7828513724
0	0.3337605322	0.0026233326	0.6636161352
0	0.1658232479	0.6330290690	0.2011476831
0	0.6556606690	0.3443393310	0.0000000000
0	0.0001783260	0.9996558771	0.0001657969
0	0.0000153810	0.9999846190	0.0000000000
0	0.2532020334	0.6420990502	0.1046989163
0	0.0000000005	0.9770067956	0.0229932038
0	0.0000115757	0.6011237390	0.3988646854
0	0.4790873484	0.0000000000	0.5209126516
1	0.0000000002	0.0009887665	0.9990112333
0	0.7723336426	0.0565255858	0.1711407715
0	0.4257384887	0.2487936246	0.3254678867
0	0.1040793735	0.0601900295	0.8357305970
0	0.0111038332	0.9003633819	0.0885327849
0	0.2703068081	0.7151052357	0.0145879561
0	0.7931634829	0.0699778904	0.1368586266
0	0.4715031553	0.1797402053	0.3487566394
0	0.6380518160	0.0000010079	0.3619471761
0	0.1870233551	0.8129766449	0.0000000000
0	0.6035463486	0.0002243479	0.3962293034
0	0.9983053416	0.0000016515	0.0016930069
0	0.0025637128	0.7520130744	0.2454232128
0	0.7837914084	0.2162085916	0.0000000000
0	0.0000000000	0.9994686638	0.0005313362
0	0.4586236223	0.5084085853	0.0329677924
0	0.1116042227	0.1374424528	0.7509533245
0	0.4762978608	0.0264509623	0.4972511768
0	0.5077032620	0.0175717157	0.4747250223
0	0.9162958053	0.0837041947	0.0000000000
0	0.1066670307	0.2976540447	0.5956789246
1	0.8750478052	0.1249331216	0.0000190732
0	0.0100337092	0.0000000000	0.9899662908
0	0.0023000296	0.5328754754	0.4648244950
0	0.2264448738	0.2109819974	0.5625731288
0	0.4186881876	0.3434165778	0.2378952346
0	0.5151379842	0.4257092696	0.0591527462
1	0.9929940010	0.0052330273	0.0017729717
0	0.1264795424	0.0001626502	0.8733578074
0	0.2014118596	0.7955273607	0.0030607797
1	0.4286861087	0.5377548990	0.0335589923
0	0.0002870891	0.9149021845	0.0848107264
0	0.4390554767	0.1406978491	0.4202466742
0	0.0396737771	0.0000142854	0.9603119375
1	0.0029958447	0.2093960184	0.7876081369
0	0.5536070523	0.0000000000	0.4463929477
0	0.0000000000	0.0007536653	0.9992463347
0	0.9967751478	0.0011820495	0.0020428027
0	0.9999999999	0.0000000000	0.0000000001
0	0.0000000001	0.8434560895	0.1565439103
0	0.0000000000	0.8794442996	0.1205557004
0	0.9602421679	0.0397565445	0.0000012877
0	0.0484259770	0.6967097436	0.2548642794
0	0.9137680075	0.0408922618	0.0453397308
0	0.0020635817	0.1171637122	0.8807727061
0	0.0000000261	0.9950765856	0.0049233883
0	0.0000037550	0.0996499567	0.9003462884
0	0.6353612993	0.0772069152	0.2874317855
1	0.6278661574	0.0372694533	0.3348643893
0	0.2913300857	0.7043017884	0.0043681259
0	0.8869077090	0.0400877206	0.0730045705
0	0.3256486537	0.1316849189	0.5426664275
0	0.0349611515	0.9650388485	0.0000000000
0	0.0694861281	0.0044014834	0.9261123884
0	0.0007736660	0.0549941955	0.9442321385
0	0.8809904768	0.0331879137	0.0858216094
0	0.0001560080	0.9944853052	0.0053586868
0	0.9766414321	0.0000000000	0.0233585679
0	0.4354251516	0.3502029917	0.2143718567
0	0.0489805119	0.1004129626	0.8506065256
0	0.8304599126	0.1194157555	0.0501243319
0	0.7815032771	0.1219928841	0.0965038388
0	0.0000283107	0.0042959782	0.9956757111
0	0.0000337344	0.0003686689	0.9995975967
0	0.0362407324	0.0000000000	0.9637592676
0	0.0111118965	0.7049281856	0.2839599179
0	0.5537065421	0.1214041835	0.3248892744
0	0.5349841673	0.3745505809	0.0904652518
0	0.0000000073	0.7915665312	0.2084334615
0	0.0000035467	0.2176645315	0.7823319218
0	0.0062423580	0.0000000000	0.9937576420
0	0.8144937640	0.1032764926	0.0822297433
0	0.0895865711	0.7952650186	0.1151484103
0	0.8447124023	0.0012321839	0.1540554139
0	0.5965572212	0.0241755868	0.3792671920
0	0.5049667079	0.4649661728	0.0300671193
0	0.1521119580	0.7360574491	0.1118305929
0	0.0268183084	0.6098550038	0.3633266878
0	0.0059236364	0.0029021106	0.9911742530
0	0.4075521455	0.0571635518	0.5352843027
0	0.1087097364	0.0839189074	0.8073713561
0	0.4452248373	0.0000000945	0.5547750682
0	0.5748797129	0.0060544142	0.4190658729
0	0.0773624938	0.3696513425	0.5529861637
0	0.1171902865	0.0388829158	0.8439267977
0	0.0000000000	0.9980331636	0.0019668364
1	0.2602855349	0.7192090454	0.0205054197
0	0.1129581328	0.0894443767	0.7975974905
0	0.6437915804	0.0000084416	0.3561999780
0	0.0001335858	0.9998463087	0.0000201055
0	0.2027856082	0.0571019908	0.7401124010
1	0.8425393002	0.0018369977	0.1556237021
0	0.0001287611	0.1520432706	0.8478279683
0	0.0000017698	0.3933059427	0.6066922875
0	0.5262028035	0.0055114140	0.4682857824
0	0.0000000000	0.0644833969	0.9355166031
0	0.5115830494	0.1818056723	0.3066112783
0	0.0010822550	0.7690924951	0.2298252500
0	0.9337076384	0.0033102844	0.0629820772
1	0.0000385874	0.5101489311	0.4898124815
0	0.0000087464	0.9766431884	0.0233480652
0	0.0000041712	0.9232982918	0.0766975370
0	0.2713987878	0.7285720673	0.0000291449
0	0.0794102221	0.9205896526	0.0000001253
0	0.0000000002	0.9999830631	0.0000169367
0	0.0001057663	0.7929774723	0.2069167614
0	0.2958635217	0.6585553083	0.0455811701
0	0.0359404706	0.5753382286	0.3887213009
0	0.0422903827	0.0715538944	0.8861557229
0	0.1887048983	0.3252456444	0.4860494573
0	0.0001496264	0.9805884256	0.0192619480
0	0.0020003586	0.0028881010	0.9951115404
0	0.8452853411	0.1159775776	0.0387370813
0	0.0000118014	0.0194832716	0.9805049269
0	0.2047193199	0.7952806801	0.0000000000
0	0.0002924364	0.9109632086	0.0887443550
0	0.7901334580	0.1507231716	0.0591433704
0	0.9257935387	0.0521802889	0.0220261724
0	0.7106523734	0.0006752945	0.2886723321
0	0.7682084511	0.0000000000	0.2317915489
0	0.8872796432	0.0485145387	0.0642058181
0	0.0000023133	0.9999967480	0.0000009387
0	0.6742410191	0.0000000000	0.3257589809
0	0.0018987480	0.8850928288	0.1130084232
0	0.0150480354	0.9142838791	0.0706680855
0	0.0895884803	0.8185056015	0.0919059182
0	0.0200900652	0.2399481217	0.7399618132
0	0.0001392774	0.1919966390	0.8078640836
0	0.0176814866	0.0533177249	0.9290007886
0	0.8530373550	0.0163484152	0.1306142297
1	0.0007702833	0.8444948381	0.1547348786
0	0.0060305332	0.9930870487	0.0008824181
0	0.0570417160	0.0473237117	0.8956345723
0	0.6471872547	0.0000000008	0.3528127445
0	0.9110614309	0.0889385691	0.0000000000
0	0.1033054996	0.8944128847	0.0022816157
0	0.0321763351	0.9678236514	0.0000000134
0	0.0000005454	0.3522870088	0.6477124458
0	0.1656776441	0.3120316936	0.5222906623
0	0.0346682800	0.7326753905	0.2326563295
1	0.7773077666	0.1593649072	0.0633273262
0	0.9336871508	0.0660336940	0.0002791552
0	0.9939001408	0.0021373370	0.0039625222
0	0.0000000002	0.9999999998	0.0000000000
0	0.8621243664	0.1378756336	0.0000000000
0	0.5954175059	0.0517167017	0.3528657924
0	0.8700914691	0.0001197894	0.1297887414
0	0.0072804537	0.1177801477	0.8749393985
0	0.0114748667	0.0472808529	0.9412442804
0	0.3069697711	0.1244848788	0.5685453501
0	0.9866368676	0.0065126522	0.0068504803
0	0.3345561392	0.0270158574	0.6384280034
0	0.0044599623	0.2891321540	0.7064078837
0	0.3871906923	0.5379628121	0.0748464956
0	0.0337818791	0.0190798045	0.9471383164
0	0.1300145575	0.0002786567	0.8697067857
0	0.5200724223	0.0167184432	0.4632091345
0	0.2463422308	0.4408631338	0.3127946354
0	0.9964711561	0.0035132937	0.0000155502
0	0.0000014707	0.0000363437	0.9999621856
0	0.2539097902	0.0000323823	0.7460578275
0	0.1994142564	0.2196317483	0.5809539953
0	0.5338863361	0.4661136634	0.0000000006
0	0.0000000000	0.0306688627	0.9693311373
0	0.3771947032	0.5379736555	0.0848316413
0	0.0916859640	0.0243835441	0.8839304919
1	0.0000113156	0.8839610094	0.1160276751
0	0.9146567652	0.0728699142	0.0124733207
0	0.6519856070	0.3071106207	0.0409037722
0	0.0249769505	0.0000004532	0.9750225963
0	0.5855382153	0.0017078294	0.4127539552
0	0.3227251371	0.0000980839	0.6771767790
0	0.9982679704	0.0000000023	0.0017320273
0	0.7775443107	0.2224556893	0.0000000000
0	0.1510770472	0.1064816204	0.7424413324
0	0.9940601772	0.0000000000	0.0059398228
0	0.2341652363	0.7642425924	0.0015921713
0	0.8102942334	0.1828887420	0.0068170247
1	0.7679879928	0.0002898169	0.2317221902
0	0.5732206599	0.1025899200	0.3241894202
0	0.0016965688	0.9607215321	0.0375818992
0	0.0031442811	0.0000052793	0.9968504396
0	0.9808587068	0.0191407947	0.0000004984
0	0.0015194528	0.2079017371	0.7905788101
0	0.0000000000	0.9964139633	0.0035860367
0	0.0000053978	0.0852453208	0.9147492815
0	0.0158117344	0.9697225705	0.0144656951
0	0.1953435226	0.0000000000	0.8046564774
0	0.4240262405	0.3439124520	0.2320613075
0	0.0014749653	0.0564851219	0.9420399128
0	0.4024594269	0.5972688280	0.0002717451
0	0.7327858223	0.2672141777	0.0000000000
0	0.0006782911	0.7213291773	0.2779925316
0	0.0363273419	0.4356520817	0.5280205763
0	0.0615112309	0.0169133787	0.9215753904
0	0.8926909359	0.1073046337	0.0000044304
1	0.0000000004	0.0000470493	0.9999529504
0	0.9981472172	0.0000000100	0.0018527728
0	0.0001218673	0.9723938100	0.0274843227
0	0.1363981654	0.8633127327	0.0002891020
0	0.6115417192	0.1457905276	0.2426677532
0	0.0229409006	0.9738472129	0.0032118866
0	0.1328086712	0.8671913288	0.0000000000
0	0.7661256380	0.1716875499	0.0621868121
0	0.3339772822	0.0803455532	0.5856771646
0	0.0871320601	0.9128679399	0.0000000000
0	0.0000000000	0.9567262306	0.0432737694
0	0.1442093164	0.7683483053	0.0874423782
0	0.0000000000	0.3079509560	0.6920490440
0	0.1237608225	0.7731318316	0.1031073459
0	0.1520770290	0.0344141070	0.8135088640
1	0.0134113301	0.5128063738	0.4737822961
1	0.1504069482	0.8495896249	0.0000034269
0	0.9893567679	0.0100210210	0.0006222111
0	0.0000000000	0.4912883597	0.5087116403
0	0.0006909390	0.0472125318	0.9520965292
1	0.7998094518	0.1990099865	0.0011805617
0	0.9792746448	0.0001546105	0.0205707447
0	0.0256819838	0.8855510499	0.0887669664
0	0.9931115354	0.0061996750	0.0006887896
0	0.8125130699	0.1774354201	0.0100515100
0	0.0000000000	0.9310658721	0.0689341279
0	0.5356714028	0.0000000232	0.4643285741
0	0.9646110859	0.0022158995	0.0331730146
0	0.0619747386	0.4338912712	0.5041339903
0	0.5894994000	0.4105006000	0.0000000000
0	0.8746111282	0.0666119863	0.0587768856
0	0.6823400030	0.3176599970	0.0000000000
0	0.0008971540	0.9991028460	0.0000000000
0	0.0813820704	0.6787941759	0.2398237537
0	0.7860546755	0.2139453242	0.0000000002
0	0.2649656767	0.7313622055	0.0036721178
0	1.0000000000	0.0000000000	0.0000000000
1	0.0000007203	0.1144634502	0.8855358295
0	0.0133453223	0.0927183154	0.8939363623
0	0.0463998965	0.9503648548	0.0032352487
1	0.0066902726	0.0000000000	0.9933097274
0	0.0092963416	0.3029059470	0.6877977114
0	0.0167716425	0.7049578747	0.2782704829
0	0.9997054221	0.0002933509	0.0000012270
0	0.0753021585	0.1720336691	0.7526641724
0	0.0741068242	0.0002408490	0.9256523267
0	0.1399499478	0.7841232658	0.0759267864
0	0.0000000000	0.9999721238	0.0000278762
0	0.3395986384	0.0120237532	0.6483776084
0	0.0207038776	0.9790352943	0.0002608281
0	0.4714081529	0.0002747488	0.5283170983
0	0.4544794519	0.2107969967	0.3347235514
0	0.0212579031	0.9295205636	0.0492215333
0	0.9502072749	0.0240276244	0.0257651007
0	0.5793979082	0.0587124975	0.3618895943
0	0.0000003038	0.3815667949	0.6184329013
0	0.0016763607	0.9965264464	0.0017971930
0	0.2819264763	0.3331601260	0.3849133977
0	0.5964390284	0.3766239033	0.0269370683
0	0.3905308936	0.2986639075	0.3108051989
0	0.0047343626	0.2353640867	0.7599015507
0	0.1649852061	0.0613908348	0.7736239591
0	0.3068537934	0.0171515515	0.6759946551
0	0.6440525052	0.0001109559	0.3558365389
0	0.2372534908	0.6716132526	0.0911332566
0	0.0297872735	0.0000000017	0.9702127249
0	0.2313046303	0.0001158037	0.7685795660
0	0.0000000000	0.3601879718	0.6398120282
0	0.0842760260	0.0749191531	0.8408048209
0	0.1404720613	0.1030244348	0.7565035038
0	0.7472814038	0.0000000022	0.2527185939
0	0.0001706078	0.8896714041	0.1101579881
0	0.3535495084	0.4748509616	0.1715995300
1	0.0003472464	0.1084615157	0.8911912378
0	0.1948602615	0.6700062835	0.1351334550
0	0.0007750794	0.8685846321	0.1306402885
0	0.0012682798	0.0396081574	0.9591235628
0	0.0528658679	0.1739011961	0.7732329361
0	0.0000018815	0.7745024791	0.2254956394
0	0.3830285824	0.1776130134	0.4393584043
1	0.1329592039	0.1024439101	0.7645968860
1	0.9963876172	0.0001730356	0.0034393472
0	0.4689082048	0.5310871730	0.0000046222
0	0.5695189240	0.3810607589	0.0494203171
0	0.1293565508	0.6754641066	0.1951793426
1	0.0022523617	0.9931697980	0.0045778403
0	0.4945726484	0.2213950869	0.2840322646
0	0.0003028762	0.0022481364	0.9974489874
0	0.0005095414	0.8209077365	0.1785827220
0	0.9959340238	0.0000339926	0.0040319836
0	0.8538297259	0.1136275750	0.0325426990
0	0.0280255385	0.1357516847	0.8362227769
0	0.4607156078	0.4590459753	0.0802384169
1	0.3260360537	0.1907325678	0.4832313785
0	0.0000000000	0.5884677856	0.4115322144
0	0.0317387432	0.0016380088	0.9666232479
0	0.0002388634	0.1723042026	0.8274569340
0	0.0010228990	0.1344544817	0.8645226193
1	0.0572241742	0.9427757199	0.0000001058
0	0.5349557950	0.2904429347	0.1746012703
0	0.0000000000	0.0000000000	1.0000000000
0	0.0000000000	0.0216984645	0.9783015355
0	0.0000000000	0.9997952614	0.0002047386
1	0.0204895816	0.0114727335	0.9680376849
0	0.3836955099	0.6163044901	0.0000000000
0	0.6374829925	0.0001236388	0.3623933687
0	0.0015788280	0.0345730161	0.9638481559
0	0.0000163614	0.0645960824	0.9353875562
0	0.9074813844	0.0925186156	0.0000000000
0	0.0000000000	0.0034250945	0.9965749055
0	0.0900816558	0.8743315731	0.0355867711
0	0.9723492076	0.0062406291	0.0214101633
0	0.0000000001	0.6922775121	0.3077224879
1	0.0000000000	0.0000000000	1.0000000000
0	0.0000762889	0.4507975251	0.5491261860
0	0.4212191896	0.2389541698	0.3398266406
0	0.7695001680	0.2304961152	0.0000037167
0	0.0160881045	0.9278587927	0.0560531028
0	0.2000997613	0.7874335698	0.0124666689
0	0.0000000000	0.9974314769	0.0025685231
0	0.0008752591	0.6830524615	0.3160722794
0	0.0728287914	0.9264115797	0.0007596289
0	0.6962551844	0.3037448118	0.0000000038
0	0.9893166578	0.0000063688	0.0106769734
0	0.0027243811	0.0223576977	0.9749179211
0	0.5082394456	0.3357104801	0.1560500743
0	0.9020614614	0.0001425476	0.0977959911
0	0.5634699286	0.1725271015	0.2640029699
0	0.3666801980	0.0219454113	0.6113743907
0	0.0015931698	0.7511108947	0.2472959355
0	0.2197066180	0.0000000000	0.7802933820
0	0.6004654702	0.0000000000	0.3995345298
1	0.5997930435	0.3775682964	0.0226386602
0	0.0000014283	0.4670378798	0.5329606919
0	0.0059726405	0.0016049259	0.9924224337
0	0.0946210117	0.0653408903	0.8400380979
0	0.2050729314	0.0000149628	0.7949121058
0	0.0000022254	0.2181145605	0.7818832141
0	0.0018122985	0.0000000005	0.9981877010
0	0.1162705828	0.8649068197	0.0188225974
0	0.9998113539	0.0001771565	0.0000114896
1	0.0423315046	0.0101331878	0.9475353076
0	0.1462223434	0.8498594511	0.0039182055
1	0.8013006891	0.1256809003	0.0730184107
0	0.3056347120	0.6067285391	0.0876367489
1	0.5113563078	0.4886426803	0.0000010119
1	0.0013376089	0.0111103386	0.9875520525
0	0.9999998974	0.0000001004	0.0000000022
0	0.0000000000	0.0005733576	0.9994266424
0	0.5456289140	0.0000074158	0.4543636702
1	0.7105132443	0.2819906802	0.0074960755
0	0.0003029583	0.5356071715	0.4640898702
0	0.0000000000	0.6106485869	0.3893514131
0	0.9624077313	0.0201517328	0.0174405359
0	0.8151499031	0.0148814793	0.1699686176
1	0.0002480315	0.9997519685	0.0000000000
0	0.3764072144	0.2237945661	0.3997982194
0	0.0913056101	0.0000016375	0.9086927524
1	0.0038722031	0.0750147079	0.9211130890
0	0.1013984050	0.8986011638	0.0000004312
0	0.5124384947	0.4868911171	0.0006703882
0	0.0000148460	0.3866297567	0.6133553973
0	0.1602023643	0.0018650844	0.8379325513
0	0.6608404648	0.0093818621	0.3297776730
1	0.8474216372	0.0000000000	0.1525783628
0	0.4795795320	0.0260091044	0.4944113636
0	0.0251703434	0.0000085071	0.9748211495
0	0.0174407269	0.0000000036	0.9825592695
0	0.6676064272	0.0000000616	0.3323935113
0	0.7520461720	0.2203536416	0.0276001864
1	0.0000022794	0.0659940562	0.9340036644
0	0.9943766292	0.0056233708	0.0000000000
0	0.9993961322	0.0006038678	0.0000000000
0	0.4037861972	0.0000092810	0.5962045217
0	0.0509965253	0.0000003390	0.9490031357
0	0.1683770251	0.8252814258	0.0063415492
0	0.0161202183	0.0493799040	0.9344998777
0	0.9999921877	0.0000078123	0.0000000000
0	0.6995882705	0.2253647353	0.0750469942
1	0.0151008157	0.6227318612	0.3621673231
0	0.0080687130	0.1097406248	0.8821906622
0	0.0000504430	0.3764826922	0.6234668648
0	0.1784125533	0.7668123286	0.0547751181
0	0.0043641741	0.0000950417	0.9955407842
0	0.9954252359	0.0045747265	0.0000000376
0	0.2132465311	0.5299819270	0.2567715419
0	0.4705282330	0.0273331649	0.5021386021
0	0.9999944589	0.0000055411	0.0000000000
0	0.0252476403	0.7439908908	0.2307614689
0	0.9867795060	0.0000000000	0.0132204940
0	0.3810685145	0.1484327368	0.4704987487
0	0.6929746352	0.2810957544	0.0259296104
0	0.0000000012	0.7142216363	0.2857783626
0	0.0039715272	0.3395349004	0.6564935724
0	0.0103433267	0.9557420036	0.0339146698
0	0.0011528166	0.9140453666	0.0848018168
0	0.0000025349	0.5612895374	0.4387079277
0	0.0193966506	0.1403584851	0.8402448643
1	0.0047699167	0.0038977306	0.9913323527
1	0.6701094081	0.1143626517	0.2155279402
1	0.8375034068	0.0000120678	0.1624845255
0	0.0037389174	0.9910244452	0.0052366374
0	0.8560662340	0.0000000829	0.1439336831
0	0.5498255571	0.0870853356	0.3630891073
0	0.0000050588	0.7672561058	0.2327388354
0	0.3994285558	0.6004288662	0.0001425780
0	0.0254821934	0.7997455411	0.1747722655
0	0.1314694276	0.8572577884	0.0112727840
0	0.8031539914	0.1663647580	0.0304812505
0	0.1093367099	0.0005142760	0.8901490140
0	0.0046668609	0.9882001694	0.0071329697
