0	0.0000000000	0.6671139708	0.3328860292
0	0.0149732410	0.0000000000	0.9850267590
0	0.7562109103	0.2399186814	0.0038704083
0	0.9328701574	0.0012124841	0.0659173585
0	0.1696769355	0.6544728873	0.1758501772
0	0.0020482427	0.1223551773	0.8755965801
0	0.7035086416	0.0870933913	0.2093979670
0	0.0000000000	0.9371086782	0.0628913218
0	0.1006042126	0.0135316764	0.8858641110
1	0.0000001127	0.1306538091	0.8693460782
0	0.1243022882	0.5167819911	0.3589157208
1	0.1468297787	0.0146644190	0.8385058024
0	0.0000647104	0.9596587204	0.0402765692
0	0.0000027508	0.1132954706	0.8867017786
0	0.8465248392	0.0116636303	0.1418115305
0	0.0000000000	0.0998108462	0.9001891538
0	0.1212677476	0.0000172443	0.8787150081
0	0.2682849484	0.2847373681	0.4469776835
1	0.0080233270	0.1021410032	0.8898356698
0	0.2455415873	0.6988874690	0.0555709438
1	0.0002950800	0.0001300830	0.9995748370
0	0.0040609154	0.8907216228	0.1052174618
0	0.9347919583	0.0000000000	0.0652080417
0	0.9998349571	0.0000007642	0.0001642787
0	0.3310112225	0.0000000107	0.6689887669
0	0.4773634763	0.0063077958	0.5163287279
0	0.5352109529	0.2113469099	0.2534421372
1	0.9392316678	0.0020618681	0.0587064641
0	0.0708730921	0.9187628850	0.0103640229
0	0.9999997213	0.0000000000	0.0000002787
0	0.0072142020	0.0017825253	0.9910032727
1	0.9282806220	0.0708927259	0.0008266522
0	0.0034497056	0.0000070778	0.9965432166
0	0.0364975252	0.2971773937	0.6663250811
0	0.0287194568	0.4764626535	0.4948178897
0	0.1490167608	0.1085466086	0.7424366306
0	0.5365455820	0.0133528734	0.4501015446
0	0.9314327267	0.0651843798	0.0033828935
1	0.7579893656	0.2069969963	0.0350136381
0	0.4098068631	0.2962709639	0.2939221730
0	0.4937017018	0.1169378970	0.3893604013
0	0.0146973722	0.7006985598	0.2846040680
0	0.0376488969	0.0005382865	0.9618128166
0	0.3123157360	0.0008974528	0.6867868113
0	0.1654499940	0.3202857331	0.5142642729
0	0.9422233153	0.0577758138	0.0000008709
0	0.3237828564	0.6518343944	0.0243827493
0	0.1278509073	0.0013797581	0.8707693347
0	0.0084608495	0.3378508029	0.6536883476
0	0.9766360694	0.0233638493	0.0000000813
0	0.0023022544	0.5980533222	0.3996444235
0	0.0426326317	0.0000000051	0.9573673632
0	0.2507955834	0.5844012548	0.1648031618
0	0.0499089201	0.0029614903	0.9471295895
0	0.0003206523	0.5111504553	0.4885288924
0	0.0001841855	0.0007411432	0.9990746713
0	0.0000017809	0.0093397682	0.9906584509
0	0.4496385512	0.4771584433	0.0732030055
0	0.0032571392	0.5974530647	0.3992897961
0	0.1919259138	0.8080740862	0.0000000000
0	0.9935068776	0.0014136609	0.0050794615
0	0.0237500789	0.0082477822	0.9680021389
0	0.2654885875	0.5550676589	0.1794437536
0	0.0014582981	0.7287812785	0.2697604233
1	0.0000000000	0.8178728320	0.1821271680
0	0.0000468723	0.0455727317	0.9543803960
0	0.0099240437	0.0319049745	0.9581709818
1	0.6458883871	0.0119884722	0.3421231407
0	0.0000000001	0.4470549006	0.5529450994
0	0.5805644718	0.0000009987	0.4194345295
0	0.2614109080	0.7378059566	0.0007831354
0	0.1009163678	0.0000060552	0.8990775770
0	0.2451988236	0.7547598800	0.0000412965
0	0.6120359448	0.2855300861	0.1024339691
0	0.0035631075	0.1402365967	0.8562002958
1	0.3383604512	0.0161115527	0.6455279962
0	0.4403823633	0.5451028115	0.0145148253
0	0.0000000000	0.1557560151	0.8442439849
0	0.0163929943	0.8427458067	0.1408611990
0	0.0248969177	0.9074869332	0.0676161491
0	0.1753181098	0.0021897793	0.8224921109
0	0.0469960844	0.9522908765	0.0007130390
0	0.0038178380	0.6245460643	0.3716360977
0	0.1169110304	0.7757721329	0.1073168367
0	0.0039970689	0.8418759457	0.1541269854
0	0.1541220791	0.6775107499	0.1683671710
0	0.0001961867	0.9949602497	0.0048435635
0	0.2219063472	0.5180615231	0.2600321297
0	0.0349334559	0.0021286384	0.9629379057
0	0.8019081807	0.0173461963	0.1807456231
0	0.0335365626	0.6648594458	0.3016039915
0	0.0000000877	0.0000000004	0.9999999120
0	0.0000006245	0.8531633845	0.1468359911
0	0.0000000000	0.3601534437	0.6398465563
0	0.2152839503	0.1822107714	0.6025052783
0	0.0528683564	0.9471300618	0.0000015818
0	0.3201486504	0.3666241489	0.3132272007
0	0.9988862161	0.0009111389	0.0002026450
0	0.0028670967	0.0001053475	0.9970275558
0	0.0606620143	0.1169854959	0.8223524898
0	0.0335908700	0.0025360752	0.9638730548
0	0.2854243133	0.6613209930	0.0532546937
0	0.9712622745	0.0286431870	0.0000945385
0	0.1404900935	0.4748930878	0.3846168187
0	0.0132432226	0.9342219766	0.0525348009
0	0.0000015541	0.0004190273	0.9995794186
0	0.4814706574	0.0325911735	0.4859381691
1	0.7703869978	0.0000006013	0.2296124008
0	0.0756169250	0.9242552197	0.0001278553
0	0.0000094739	0.9557336597	0.0442568664
0	0.3143223783	0.6530851824	0.0325924392
0	1.0000000000	0.0000000000	0.0000000000
0	0.0300205432	0.0000037536	0.9699757032
0	0.8730168605	0.1236091559	0.0033739837
0	0.0013004898	0.9986986623	0.0000008480
0	0.0165213812	0.0004600173	0.9830186015
0	0.2326632228	0.2139637319	0.5533730453
0	0.6088702037	0.2268964202	0.1642333761
0	0.0867064592	0.3238388019	0.5894547389
0	0.0000861277	0.0783207420	0.9215931304
0	0.2018391535	0.7203648106	0.0777960358
0	0.3698775297	0.4699658717	0.1601565986
0	0.8858909615	0.1141090385	0.0000000000
1	0.5307021269	0.1201602860	0.3491375871
0	0.0947396332	0.3646283185	0.5406320483
0	0.2223772832	0.7749776017	0.0026451151
0	0.4322923284	0.2828634059	0.2848442658
0	0.1777810532	0.7630549818	0.0591639649
0	0.0998473569	0.1011137957	0.7990388474
0	0.1064170295	0.0082619507	0.8853210198
0	0.6061638239	0.3938130147	0.0000231614
0	0.7962831886	0.2020494334	0.0016673780
0	0.0000001214	0.5431345670	0.4568653116
1	0.9981837507	0.0006144439	0.0012018054
0	0.9978538073	0.0021461927	0.0000000000
0	0.0000913940	0.9998737844	0.0000348216
0	0.2084160441	0.7915839530	0.0000000028
0	0.1234536095	0.7096815393	0.1668648512
0	0.1315858541	0.0507495151	0.8176646308
0	0.0016688972	0.9069216807	0.0914094221
1	0.2590651227	0.6204091526	0.1205257246
0	0.7793437216	0.0000000000	0.2206562784
0	0.0232043248	0.7164038563	0.2603918189
0	0.0000737024	0.5249071884	0.4750191092
0	0.8125192908	0.1866557139	0.0008249953
0	0.0000000000	0.5319987582	0.4680012418
0	0.0032561675	0.0437849213	0.9529589112
0	0.0003065225	0.0002838814	0.9994095961
0	0.0021303311	0.8267393920	0.1711302769
0	0.0000000000	0.2096217576	0.7903782424
0	0.0959145020	0.5678061859	0.3362793121
0	0.1010690918	0.2287703380	0.6701605703
0	0.8650927447	0.0700900408	0.0648172146
0	0.2031546250	0.0284809366	0.7683644384
1	0.0000000000	0.0185810024	0.9814189976
0	0.1698929662	0.6997661993	0.1303408345
0	0.1993613607	0.7564299251	0.0442087141
0	0.0278563986	0.1305302487	0.8416133527
0	0.2199461017	0.3981255659	0.3819283324
0	0.9266716913	0.0429379573	0.0303903514
0	0.0484982002	0.9400145344	0.0114872654
0	0.5374735839	0.4625261869	0.0000002291
0	0.0385595067	0.8420719341	0.1193685592
0	0.0190688128	0.8961274406	0.0848037466
0	0.2167527870	0.6365660322	0.1466811808
0	0.0167787630	0.5209267494	0.4622944876
0	0.9754377046	0.0000195540	0.0245427414
0	0.1525255662	0.0133985962	0.8340758376
0	0.0000000000	0.9986011923	0.0013988077
1	0.3624877293	0.0000000539	0.6375122168
0	0.6373088196	0.3552508029	0.0074403775
0	0.0000340858	0.9999659142	0.0000000001
1	0.5655519589	0.3080532382	0.1263948029
0	0.6559651599	0.1322168236	0.2118180164
0	0.3608092107	0.6038383344	0.0353524549
0	0.0000020043	0.3503174431	0.6496805525
1	0.4604071618	0.4800141908	0.0595786474
0	0.0197459393	0.9741670573	0.0060870034
0	0.4902342638	0.0046013076	0.5051644286
0	0.0324450683	0.0251579862	0.9423969455
1	0.0000000000	0.9859454708	0.0140545292
0	0.4448593087	0.0003936720	0.5547470193
0	0.2886991644	0.6875692459	0.0237315897
1	0.0398657650	0.3653736096	0.5947606254
0	0.1162848490	0.0000000000	0.8837151510
0	0.0000505846	0.0023323723	0.9976170432
0	0.4442627797	0.4257473019	0.1299899183
0	0.0356469271	0.9438186042	0.0205344687
0	0.0000243094	0.9682627097	0.0317129809
0	0.0619970920	0.0000242402	0.9379786678
0	0.6200988271	0.1065546881	0.2733464848
0	0.4430917626	0.4230365296	0.1338717079
0	0.0240969183	0.8379391163	0.1379639654
0	0.5149673565	0.1808187523	0.3042138913
0	0.0000000000	0.0099527447	0.9900472553
0	0.0976087614	0.9023912386	0.0000000000
0	0.5278269084	0.4721730915	0.0000000001
0	0.9227045423	0.0042756925	0.0730197652
0	0.0022471329	0.9385961762	0.0591566909
0	0.1230411582	0.0000000000	0.8769588418
0	0.2918005419	0.0247512208	0.6834482373
0	0.0649456230	0.0000672242	0.9349871529
0	0.0000003829	0.1507625575	0.8492370596
0	0.0284413924	0.9714563291	0.0001022785
0	0.0282872015	0.0362616477	0.9354511508
0	0.6693646877	0.0761278501	0.2545074621
0	0.3360304007	0.6016933077	0.0622762916
0	0.7942001426	0.0000000000	0.2057998574
0	0.0233726129	0.2241309003	0.7524964867
0	0.6796524291	0.0000000000	0.3203475709
0	0.0724063237	0.8375328419	0.0900608344
0	0.0483383536	0.0018702662	0.9497913802
0	0.7472985049	0.1050465958	0.1476548994
0	0.0108138540	0.0180398256	0.9711463203
0	0.0128750924	0.0000030418	0.9871218658
0	0.6068896210	0.1504348487	0.2426755304
0	0.8459574013	0.1107172193	0.0433253795
0	0.0307601220	0.3759601979	0.5932796801
0	0.5503208565	0.4141221154	0.0355570281
0	0.0712721188	0.0987922559	0.8299356253
0	0.0001659157	0.0174740675	0.9823600167
0	0.0345553141	0.0786649291	0.8867797568
0	0.0254366297	0.6859228284	0.2886405419
0	0.0034871604	0.2088781251	0.7876347145
0	0.0000000000	0.8379364463	0.1620635537
0	0.0546984656	0.0206325490	0.9246689854
0	0.0760573201	0.8416055123	0.0823371676
0	0.2283481348	0.0520870968	0.7195647684
0	0.9687946944	0.0064417984	0.0247635072
0	0.0000000000	0.1396183393	0.8603816607
0	0.0000000237	0.0000000000	0.9999999763
0	0.0014463440	0.0010182407	0.9975354153
0	0.0000055483	0.0168499178	0.9831445340
1	0.7870835172	0.1119499154	0.1009665674
0	0.4934028408	0.5058384781	0.0007586811
2	0.6622081999	0.0000003452	0.3377914549
0	0.3883960874	0.4773407004	0.1342632122
0	0.0632693631	0.0521444968	0.8845861400
0	0.0803081815	0.9188080979	0.0008837205
1	0.3324288481	0.0000000097	0.6675711422
0	0.9825540040	0.0099753939	0.0074706021
0	0.7325423722	0.1822779947	0.0851796331
0	0.7253335572	0.0750147672	0.1996516756
0	0.2027010024	0.1596170750	0.6376819226
0	0.0006511719	0.7777821371	0.2215666910
1	0.9266849038	0.0733150962	0.0000000000
0	0.0000019155	0.0995709523	0.9004271322
1	0.0000000519	0.0107762301	0.9892237180
0	0.0000000000	0.5329913865	0.4670086135
0	0.0787056526	0.8278432854	0.0934510620
0	0.0000000067	0.1695331708	0.8304668225
0	0.7419424286	0.2580575714	0.0000000000
0	0.1467033667	0.7763940074	0.0769026259
0	0.6674819065	0.2222588179	0.1102592756
0	0.0460466255	0.1075305398	0.8464228346
0	0.4564881489	0.0000025923	0.5435092588
0	0.9862243960	0.0137026487	0.0000729553
0	0.0591282684	0.5651879589	0.3756837726
0	0.2119537390	0.0545991276	0.7334471334
2	0.0000000000	0.9999908222	0.0000091778
0	0.2079366048	0.3776151366	0.4144482586
0	0.4014216462	0.5885378865	0.0100404673
0	0.5163168155	0.1762160903	0.3074670942
0	0.8796063620	0.1203935212	0.0000001168
0	0.0000001599	0.0047632413	0.9952365989
1	0.0000043456	0.9999956531	0.0000000013
0	0.4489313429	0.1272800973	0.4237885598
0	0.6382045428	0.2121027128	0.1496927444
0	0.7163587205	0.1939965278	0.0896447517
0	0.3701330359	0.6254837654	0.0043831987
0	0.5256694783	0.0242309948	0.4500995269
0	0.5212674162	0.4780757297	0.0006568541
0	0.9997987439	0.0001969872	0.0000042689
0	0.5126743052	0.0184330242	0.4688926706
0	0.3984661185	0.1004321663	0.5011017152
0	0.0431058213	0.1925292413	0.7643649374
0	0.3915704909	0.3695445632	0.2388849459
0	0.1908404051	0.2221476132	0.5870119817
0	0.3063515605	0.6936484395	0.0000000000
1	0.0025861595	0.8860989871	0.1113148533
1	0.0000000000	0.1851913888	0.8148086112
0	0.0000334900	0.4470903690	0.5528761409
0	0.6503605947	0.2746936269	0.0749457784
0	0.8803915154	0.0903571618	0.0292513228
0	0.4097781012	0.0000161413	0.5902057575
0	0.0208669697	0.3732371690	0.6058958613
0	0.0000000000	0.5320996638	0.4679003362
0	0.0218089033	0.8392829637	0.1389081330
0	0.8476314838	0.1448530109	0.0075155053
1	0.0000000000	0.9844352204	0.0155647796
0	0.0165346791	0.2622018845	0.7212634364
0	0.1479445923	0.8520553900	0.0000000176
0	0.0738792659	0.7396924472	0.1864282870
0	0.4412218032	0.5429582023	0.0158199945
0	0.0010996885	0.5004297963	0.4984705152
0	0.4734446063	0.5264587552	0.0000966385
0	0.0321453003	0.8597434192	0.1081112806
0	0.6586113308	0.2533963759	0.0879922934
0	0.0638197470	0.2972514905	0.6389287626
0	0.0000000403	0.0838217429	0.9161782167
0	0.1035266641	0.8964722097	0.0000011262
0	0.0001601451	0.9998395591	0.0000002957
0	0.0273536869	0.9022826014	0.0703637117
0	0.1664228123	0.0000000000	0.8335771877
0	0.3216916883	0.1801666146	0.4981416971
0	0.2376689065	0.7622682793	0.0000628143
0	0.5969872439	0.3653555988	0.0376571573
0	0.3441764148	0.1474387027	0.5083848825
1	0.2928292789	0.4047249683	0.3024457528
0	0.1711878446	0.0000009005	0.8288112549
0	0.2214437265	0.7298815448	0.0486747288
0	0.0619243934	0.8229789806	0.1150966261
0	0.6922761517	0.3059845033	0.0017393451
0	0.1893480839	0.4979531236	0.3126987925
0	0.0054373992	0.5904288504	0.4041337504
0	0.3398032557	0.6601954480	0.0000012963
0	0.0000000000	0.9999987044	0.0000012956
0	0.7530769586	0.1664877990	0.0804352425
0	0.7210099667	0.2264973577	0.0524926756
0	0.0022717708	0.4086515671	0.5890766621
0	0.0423969981	0.9547617939	0.0028412079
0	0.8042743006	0.0822610414	0.1134646580
0	0.0055205857	0.0054723085	0.9890071058
0	0.0016905473	0.9983094527	0.0000000000
0	0.0000026699	0.9998259182	0.0001714119
0	0.0000000000	0.1943948422	0.8056051578
0	0.5388860796	0.4023479573	0.0587659631
0	0.0000000000	0.6918093354	0.3081906646
0	0.0486095207	0.1162320402	0.8351584391
0	0.0418688464	0.9540176146	0.0041135390
0	0.2709484402	0.0000059800	0.7290455798
1	0.0000000029	0.0013794586	0.9986205385
0	0.2026440699	0.5187092344	0.2786466957
0	0.5619128140	0.0466725704	0.3914146156
0	0.9291780703	0.0101412086	0.0606807211
0	0.7407617718	0.0161175922	0.2431206360
0	0.5993186454	0.3009023675	0.0997789871
0	0.3283708966	0.2776887548	0.3939403486
0	0.2178257751	0.1834780935	0.5986961314
0	0.7504302072	0.0761674171	0.1734023757
0	0.0736204606	0.0000000015	0.9263795378
0	0.0000000013	0.2541463401	0.7458536586
0	0.0002850082	0.0000000000	0.9997149918
0	0.6742449512	0.3257550488	0.0000000000
0	0.1241162426	0.1771258319	0.6987579255
0	0.0245983801	0.0000559497	0.9753456702
0	0.0592639709	0.1007183377	0.8400176915
0	0.0050365819	0.6941105659	0.3008528522
0	0.9685422067	0.0031819903	0.0282758030
0	0.0000016551	0.9999983449	0.0000000000
0	0.0000458485	0.3034943121	0.6964598393
0	0.0000000098	0.9679801979	0.0320197923
0	0.0000000000	0.0029506156	0.9970493844
0	0.0327340408	0.0218226080	0.9454433512
0	0.0381111769	0.5892161856	0.3726726375
0	0.7163765097	0.0264428337	0.2571806566
0	0.8638376902	0.0534112099	0.0827510999
0	0.0100420160	0.1168428494	0.8731151346
1	0.1295695956	0.8704256186	0.0000047857
0	0.7213547714	0.0000000000	0.2786452286
0	0.1043886198	0.0061493056	0.8894620747
0	0.8502174250	0.0405973347	0.1091852403
0	0.9175002499	0.0000001894	0.0824995608
0	0.0915467730	0.9084532270	0.0000000000
0	0.0229005594	0.9291752642	0.0479241764
0	0.9887041400	0.0000000004	0.0112958596
0	0.0000000001	0.0000795709	0.9999204290
0	0.0069549769	0.1704786334	0.8225663897
0	0.0495555802	0.8706082998	0.0798361199
0	0.9986023405	0.0000002175	0.0013974420
0	0.0000019377	0.0000056424	0.9999924199
0	0.1137082000	0.1717490844	0.7145427156
0	0.1068923195	0.7842332767	0.1088744039
0	0.6887585389	0.0007990308	0.3104424304
0	0.4069094922	0.0000000001	0.5930905077
0	0.6785612531	0.1297389274	0.1916998195
0	0.2288140658	0.7710025030	0.0001834312
0	0.0578240506	0.6737598887	0.2684160607
0	0.3722321754	0.1591547522	0.4686130724
0	0.0622860352	0.0000031054	0.9377108594
1	0.0941003696	0.3917411326	0.5141584978
0	0.1427720461	0.4285875421	0.4286404117
0	0.1132386096	0.1379155233	0.7488458671
1	0.1742213552	0.8206327029	0.0051459418
0	0.2433856495	0.7438196442	0.0127947063
0	0.0000000000	0.4241217077	0.5758782923
0	0.2026824561	0.4194402247	0.3778773192
0	0.0412194361	0.9584463354	0.0003342285
0	0.0000000002	0.0000275956	0.9999724042
0	0.0637399466	0.9356777539	0.0005822994
0	0.1456399980	0.4954447348	0.3589152673
0	0.5352942931	0.1303466334	0.3343590735
0	0.8351959189	0.0099824531	0.1548216281
0	0.0055716291	0.0023331869	0.9920951841
1	0.9916123284	0.0083876716	0.0000000000
0	0.0561489248	0.1086118916	0.8352391835
0	0.5535638914	0.0000000000	0.4464361086
0	0.0320993526	0.9679006473	0.0000000000
0	0.0009556043	0.0028999536	0.9961444421
0	0.0940580060	0.4150632530	0.4908787410
0	0.0000267118	0.9995682270	0.0004050612
0	0.0000000000	0.1302910162	0.8697089837
0	0.2949925277	0.7006830474	0.0043244249
0	0.0000985099	0.0200207563	0.9798807338
0	0.1529667563	0.3884546276	0.4585786161
0	0.9985365089	0.0000517715	0.0014117196
0	0.0664707465	0.9335232230	0.0000060305
0	0.8161342164	0.1827466097	0.0011191739
0	0.0000000000	0.9675743554	0.0324256446
0	0.0000000000	0.8496796932	0.1503203068
0	0.0789224909	0.8574355658	0.0636419433
0	0.7244028793	0.1624475434	0.1131495773
0	0.5602146639	0.3998870599	0.0398982761
0	0.0212011719	0.9782531837	0.0005456445
0	0.0093955395	0.9905974409	0.0000070195
0	0.0000000003	0.9972988933	0.0027011063
0	0.7221881587	0.2711366265	0.0066752148
0	0.5852332185	0.0931797292	0.3215870522
0	0.2133977666	0.7156780077	0.0709242257
0	0.1804639380	0.5467422239	0.2727938381
0	0.3083892968	0.1586939107	0.5329167925
0	0.9999902479	0.0000094503	0.0000003018
0	0.0018603139	0.0199897669	0.9781499192
0	0.3879249980	0.3534332501	0.2586417519
0	0.0000000000	0.9999999987	0.0000000013
0	0.5230317006	0.0000000000	0.4769682994
0	0.1087416440	0.2751422161	0.6161161400
1	0.0045450642	0.1911922066	0.8042627292
0	0.1047407917	0.8798972649	0.0153619434
0	0.0016284651	0.7084073537	0.2899641812
0	0.0169623410	0.4473291462	0.5357085128
0	0.7089386664	0.1539303440	0.1371309896
0	0.1240267360	0.0003942459	0.8755790180
0	0.0140266378	0.6194585697	0.3665147925
0	0.0024443517	0.8498069892	0.1477486591
0	0.0739523597	0.5393111817	0.3867364586
0	0.0021823114	0.1744427326	0.8233749560
0	0.0001157045	0.1949210116	0.8049632839
0	0.7551483780	0.0827299285	0.1621216935
0	0.2683869971	0.7306989862	0.0009140166
0	0.0000120203	0.9428939503	0.0570940293
0	0.0242072375	0.0169262292	0.9588665333
0	0.0000000000	0.8559718142	0.1440281858
0	0.0880652942	0.6392814667	0.2726532391
0	0.0025611561	0.9967539410	0.0006849029
1	0.0199898697	0.0050401974	0.9749699329
0	0.3061521508	0.3423312125	0.3515166367
0	0.5568167095	0.4418495965	0.0013336940
0	0.1026978977	0.8973021023	0.0000000000
0	0.0000000000	0.2739843334	0.7260156666
0	0.0768213253	0.0032082054	0.9199704693
0	0.9949369784	0.0016802030	0.0033828186
0	0.2614421422	0.0304748313	0.7080830265
0	0.1237445744	0.7376160166	0.1386394090
0	0.8345571172	0.1654428828	0.0000000000
0	0.0380848173	0.1958440480	0.7660711347
0	0.0000000581	0.9981542253	0.0018457166
0	0.4647460698	0.5273763331	0.0078775971
0	0.0278493119	0.9677660217	0.0043846664
0	0.0000000145	0.9711648423	0.0288351432
0	0.1844443138	0.8152117676	0.0003439186
0	0.0147737611	0.0003687402	0.9848574987
0	0.0081149663	0.9917756665	0.0001093671
0	0.0000604497	0.0017532562	0.9981862941
0	0.0136756872	0.0000025909	0.9863217219
0	0.9855289532	0.0121087923	0.0023622545
0	0.4478526491	0.3048249883	0.2473223626
0	0.5470877441	0.4529122558	0.0000000001
0	0.0001123978	0.0321946512	0.9676929510
0	0.0513845882	0.1506518245	0.7979635873
0	0.8893813649	0.0130705830	0.0975480521
0	0.5113044301	0.0077636563	0.4809319137
0	0.0176215272	0.2941505895	0.6882278832
0	0.0000000000	0.0264761695	0.9735238305
0	0.0225079157	0.0000000000	0.9774920843
0	0.0000000000	0.0397749169	0.9602250831
0	0.9724708336	0.0272759027	0.0002532637
0	0.0018605194	0.9610948513	0.0370446293
0	0.6862993190	0.1298365924	0.1838640886
0	0.9117000941	0.0755098378	0.0127900681
0	0.0019608043	0.8092261615	0.1888130341
0	0.1605208604	0.8318783475	0.0076007921
0	0.0000469792	0.0222650904	0.9776879304
0	0.0750195658	0.9109601703	0.0140202639
0	0.0267396004	0.0005243417	0.9727360579
0	0.0000812525	0.9967992432	0.0031195044
0	0.8706070689	0.1293929311	0.0000000000
0	0.1529105857	0.8444403878	0.0026490265
0	0.9870663021	0.0000000000	0.0129336979
1	0.0000000000	0.0011760388	0.9988239612
0	0.3976404270	0.5707481774	0.0316113956
0	0.9959082416	0.0040369012	0.0000548572
1	0.0000000000	0.1795032501	0.8204967499
0	0.9158462954	0.0404134907	0.0437402139
0	0.2060852457	0.7716756975	0.0222390568
0	0.0740021847	0.0559203536	0.8700774617
0	0.0337271394	0.0841358625	0.8821369981
0	0.9999229195	0.0000770768	0.0000000037
1	0.0000000683	0.9996008483	0.0003990834
0	0.0009857787	0.9552681112	0.0437461100
