1	0.0000070359	0.0027701690	0.9972227951
0	0.9672200127	0.0000014289	0.0327785584
0	0.5911020426	0.2994070727	0.1094908848
0	0.0000031150	0.2116341475	0.7883627375
0	0.0382506737	0.0001224053	0.9616269210
0	0.2658830523	0.0499206373	0.6841963104
0	0.7979882210	0.0001092604	0.2019025187
1	0.4978840791	0.0900464429	0.4120694780
0	0.0310747162	0.0969164502	0.8720088336
0	0.0324763063	0.0000003844	0.9675233094
0	0.1750455865	0.2930537222	0.5319006913
0	0.7572850202	0.0029532417	0.2397617381
0	0.1121344661	0.0387245002	0.8491410337
0	0.8543141298	0.0636542037	0.0820316666
0	0.0335306226	0.0262812594	0.9401881180
0	0.1448498516	0.0022037089	0.8529464395
0	0.1573410137	0.3511039903	0.4915549960
0	0.3762452180	0.5511556231	0.0725991588
0	0.0000068973	0.9999224215	0.0000706812
0	0.0000000003	0.2754549564	0.7245450433
0	0.0391309488	0.8278462741	0.1330227771
0	0.0053379511	0.1243134442	0.8703486048
1	0.1731592075	0.7731850510	0.0536557415
0	0.0023078948	0.5511807773	0.4465113278
0	0.4125803347	0.0292156865	0.5582039788
1	0.2674903007	0.1393317390	0.5931779602
0	0.3539165159	0.3422429732	0.3038405109
0	0.1284012350	0.6675526930	0.2040460720
0	0.9789535959	0.0000001164	0.0210462877
0	0.0004198842	0.0694052363	0.9301748794
0	0.1128352261	0.8740079393	0.0131568345
0	0.7799948717	0.0978419427	0.1221631856
0	0.0000591756	0.9999408244	0.0000000000
0	0.0000000000	0.0000000000	1.0000000000
0	0.1838993547	0.1142648507	0.7018357946
0	0.5763396843	0.0017542237	0.4219060920
0	0.7517824871	0.1596354535	0.0885820594
0	0.6288649815	0.2722855502	0.0988494683
0	0.4142375409	0.3380046992	0.2477577598
1	0.0015197179	0.0003628465	0.9981174356
0	0.2902447443	0.0000000000	0.7097552557
0	0.5071422493	0.4120494218	0.0808083290
0	0.4278195354	0.5721804646	0.0000000000
0	0.0114108614	0.1101539193	0.8784352192
0	0.0000000000	0.3810786597	0.6189213403
0	0.8507371213	0.1492025488	0.0000603298
0	0.7174997163	0.0000004465	0.2824998373
0	0.3101916590	0.1465439495	0.5432643915
0	0.0253208349	0.0754981602	0.8991810049
0	0.2876555118	0.6681081459	0.0442363423
0	0.4089497914	0.5910502056	0.0000000030
0	0.2243771973	0.3247398139	0.4508829887
0	0.5709770132	0.3486299603	0.0803930266
0	0.0384554047	0.9539077284	0.0076368669
0	0.0822651610	0.9021079603	0.0156268788
0	0.0027277145	0.9931190236	0.0041532618
1	0.1993059504	0.5893202540	0.2113737956
0	0.0068173335	0.9887474948	0.0044351717
0	0.5630241503	0.3211981702	0.1157776795
0	0.4043432995	0.5956567005	0.0000000000
0	0.0449347091	0.4839808898	0.4710844010
0	0.9999980341	0.0000000000	0.0000019659
0	0.7052564417	0.0286773389	0.2660662194
0	0.9108081119	0.0875072218	0.0016846662
0	0.0000231477	0.0898069343	0.9101699180
0	0.0000000000	0.2745971498	0.7254028502
2	0.0478505106	0.0937813931	0.8583680963
0	0.0680515119	0.9318822936	0.0000661945
0	0.2133575578	0.7866424387	0.0000000035
0	0.0238883861	0.0023081087	0.9738035052
0	0.9061802291	0.0000000237	0.0938197472
0	0.3533611844	0.6418917183	0.0047470973
0	0.5839820441	0.0000000012	0.4160179547
0	0.3997028689	0.2568009900	0.3434961410
0	0.9999367764	0.0000006794	0.0000625442
0	0.2067154100	0.1496281478	0.6436564423
0	0.5408483001	0.0490772419	0.4100744580
0	0.5485979283	0.2197645804	0.2316374913
0	0.9129431198	0.0854161422	0.0016407380
0	0.9475886812	0.0519619521	0.0004493667
0	0.1667753137	0.7236599496	0.1095647367
0	0.0086608403	0.4299766923	0.5613624674
0	0.3230497509	0.0039543646	0.6729958845
0	0.6467939991	0.2883026934	0.0649033075
1	0.0020339932	0.0099655139	0.9880004929
0	0.0009815671	0.0402882930	0.9587301400
0	0.0000001153	0.7946118986	0.2053879860
1	0.7285670072	0.0611110541	0.2103219387
0	0.0087933275	0.9853201665	0.0058865061
0	0.6179885099	0.0393991911	0.3426122990
0	0.4082398359	0.5676631342	0.0240970299
0	0.2135074847	0.7864924891	0.0000000262
0	0.6440235038	0.3559764962	0.0000000000
1	0.0000017642	0.3099286002	0.6900696356
0	0.1360367284	0.2429778309	0.6209854407
0	0.6495754769	0.1896009652	0.1608235579
0	0.0116681242	0.1616929808	0.8266388949
0	0.0535592356	0.9464406538	0.0000001106
0	0.5631954664	0.0025533499	0.4342511837
0	0.6795431836	0.1414800818	0.1789767346
