1	0.5870079064	0.2658910145	0.1471010791
0	0.4427603718	0.5567820231	0.0004576051
0	0.0039768641	0.1094005152	0.8866226207
0	0.0699698963	0.9300289321	0.0000011716
1	0.9929464006	0.0070436647	0.0000099347
1	0.0664640012	0.3176159341	0.6159200647
0	0.2782221597	0.6453637240	0.0764141163
0	0.0836523393	0.2575388046	0.6588088561
0	0.2930909064	0.5816760652	0.1252330285
0	0.0005126803	0.5877384397	0.4117488799
0	0.1158809174	0.8841190826	0.0000000000
0	0.5693832384	0.4301704841	0.0004462775
0	0.0004853420	0.8330825429	0.1664321151
0	0.0503110302	0.1958096060	0.7538793638
0	0.0068942032	0.9926170384	0.0004887583
0	0.4613174081	0.0156591864	0.5230234056
0	0.2678825384	0.7210191699	0.0110982917
0	0.0000002081	0.7265885253	0.2734112666
0	0.9234076495	0.0765923505	0.0000000000
0	0.5488245886	0.1946468268	0.2565285846
0	0.8291883301	0.1708108895	0.0000007803
0	0.0173536546	0.5524165144	0.4302298310
0	0.0122155633	0.9868694055	0.0009150312
0	0.0000526624	0.0901814662	0.9097658713
0	0.1103690314	0.6750271411	0.2146038275
0	0.6965352923	0.1133541476	0.1901105601
0	0.9866014575	0.0046850325	0.0087135100
2	0.1575327881	0.8308490614	0.0116181505
1	0.1808123321	0.2525059243	0.5666817435
0	0.9178905475	0.0714910518	0.0106184006
0	0.0774487391	0.6052187673	0.3173324936
0	0.9494826688	0.0215911445	0.0289261867
0	0.3624413004	0.2447010120	0.3928576875
0	0.0617009467	0.0016609954	0.9366380578
0	0.6001662113	0.3745010805	0.0253327082
0	0.8991269416	0.0002383958	0.1006346626
1	0.0873436286	0.3597352627	0.5529211087
0	0.6601399800	0.0788357775	0.2610242425
0	0.2849438438	0.0000000000	0.7150561562
0	0.2424537881	0.7103856970	0.0471605149
0	0.0079806383	0.9536213486	0.0383980131
0	0.8896921256	0.1093409144	0.0009669601
0	0.1530904084	0.0608596545	0.7860499371
0	0.1423080838	0.0143646472	0.8433272689
0	0.5606673661	0.0000026693	0.4393299646
0	0.2545344935	0.1279789429	0.6174865636
0	0.0100099082	0.0127517815	0.9772383102
0	0.2747883633	0.0000102039	0.7252014328
0	0.0070744233	0.9732015081	0.0197240686
0	0.2681829457	0.7312095683	0.0006074860
0	0.3207819426	0.4878408802	0.1913771772
0	0.0387315097	0.9611706706	0.0000978197
0	0.1892701747	0.2051926881	0.6055371372
0	0.2769735790	0.0442867170	0.6787397041
0	0.0004030254	0.7145175560	0.2850794186
0	0.3569226972	0.4594756329	0.1836016699
0	0.0000000000	0.0000000000	1.0000000000
1	0.1555118231	0.4974270795	0.3470610973
0	0.0000053545	0.0000018395	0.9999928060
0	0.2466367419	0.3104721370	0.4428911211
0	0.5706242945	0.2274629045	0.2019128010
0	0.0206249612	0.9027170187	0.0766580202
0	0.0000012907	0.2541882405	0.7458104687
0	0.0860848989	0.2791021197	0.6348129814
0	0.0143779203	0.1039674823	0.8816545974
0	0.5315793455	0.0263159681	0.4421046863
0	0.0365267423	0.3049881534	0.6584851043
0	0.6660153932	0.0000415439	0.3339430629
0	0.3419991031	0.6555832212	0.0024176757
0	0.6741885464	0.0000267746	0.3257846790
0	0.1950206373	0.7839699431	0.0210094196
0	0.2111259299	0.7815267128	0.0073473573
0	0.2072209585	0.4278554589	0.3649235826
0	0.0028025087	0.7663219159	0.2308755754
0	0.1519141611	0.5209182851	0.3271675538
0	0.8218437418	0.0072171744	0.1709390838
0	0.5786789968	0.0001018898	0.4212191134
0	0.3726690808	0.0001482021	0.6271827171
0	0.1311513198	0.3300978866	0.5387507936
0	0.2493986424	0.3744681232	0.3761332344
0	0.3305250459	0.6576169942	0.0118579598
0	0.6660757367	0.0003242950	0.3335999683
0	0.4341808541	0.5658109553	0.0000081906
0	0.0042557849	0.9885152041	0.0072290110
0	0.6092030605	0.1724405991	0.2183563404
0	0.0000764252	0.4759255191	0.5239980557
0	0.0927690717	0.0006485395	0.9065823887
0	0.5915223972	0.0218527664	0.3866248364
0	0.5256045930	0.0394899114	0.4349054956
0	0.0075020770	0.4829572621	0.5095406609
0	0.4073028140	0.5926971860	0.0000000000
0	0.1807977658	0.7945745033	0.0246277309
0	0.7558365300	0.1254849914	0.1186784786
0	0.2859095838	0.7140554851	0.0000349311
0	0.3038058126	0.6174008296	0.0787933578
0	0.3942570963	0.3059003970	0.2998425067
0	0.3410460544	0.0000000000	0.6589539456
0	0.6963491498	0.2162892400	0.0873616101
0	0.0815706787	0.8878715585	0.0305577628
0	0.0021058983	0.0002156981	0.9976784036
