0	0.0008042809	0.9959368179	0.0032589011
0	0.9832234034	0.0167765326	0.0000000640
0	0.2787175912	0.4394567065	0.2818257024
1	0.9950737792	0.0000943118	0.0048319091
0	0.1740616574	0.3008543043	0.5250840383
0	0.0001685090	0.9997861635	0.0000453274
0	0.6973285625	0.0000000397	0.3026713978
0	0.0009582959	0.0000000014	0.9990417027
0	0.0015903030	0.9381402916	0.0602694055
0	0.8964523968	0.0470983078	0.0564492953
0	0.7617172778	0.0575051047	0.1807776176
0	0.0000000149	0.0019632427	0.9980367424
0	0.9930136743	0.0044105550	0.0025757707
0	0.4047422356	0.1451166112	0.4501411533
0	0.0007329563	0.0704381047	0.9288289390
0	0.0000000000	0.6708650417	0.3291349583
0	0.7668920745	0.1781586288	0.0549492967
0	0.1241167022	0.5558506790	0.3200326188
0	0.0000251829	0.2255955055	0.7743793116
0	0.1291394495	0.8707581739	0.0001023766
0	0.0022729587	0.9450529875	0.0526740538
1	0.0554053215	0.9445946785	0.0000000000
0	0.2483934751	0.3793944017	0.3722121232
0	0.4531793904	0.0109219233	0.5358986864
0	0.2827338461	0.5681079776	0.1491581763
0	0.0282191005	0.4413638167	0.5304170828
0	0.0001313900	0.7877030543	0.2121655557
0	0.2492269058	0.4188438335	0.3319292607
0	0.0005267149	0.7590630455	0.2404102396
0	0.0060264714	0.0000156530	0.9939578756
0	0.0170501675	0.8649102383	0.1180395943
0	0.3136770340	0.6854254823	0.0008974837
0	0.1179080321	0.5900283234	0.2920636446
0	0.4793168272	0.2859223264	0.2347608464
0	0.4283315687	0.0000000000	0.5716684313
0	0.3619019351	0.5425517706	0.0955462943
1	0.0574047555	0.6751270990	0.2674681454
1	0.0028578856	0.7299536710	0.2671884434
0	0.0415838897	0.1510790263	0.8073370840
0	0.1699677795	0.6289795715	0.2010526490
1	0.0978816479	0.8997765294	0.0023418227
0	0.8120253356	0.0460546452	0.1419200192
0	0.9964468420	0.0035436039	0.0000095541
1	0.0017284617	0.7204860878	0.2777854506
0	0.3325090529	0.5995740686	0.0679168785
0	0.9970409830	0.0022090142	0.0007500028
0	0.4872444946	0.0053062367	0.5074492687
0	0.4633515632	0.5321289949	0.0045194419
1	0.4501963193	0.0384039751	0.5113997056
0	0.0184795303	0.0012653117	0.9802551580
0	0.5054366532	0.0611953290	0.4333680178
0	0.0216672632	0.0866096344	0.8917231025
0	0.9848039466	0.0045231231	0.0106729303
0	0.8677482752	0.1283217340	0.0039299908
0	0.0000964311	0.0002685524	0.9996350165
0	0.6780040384	0.0323023087	0.2896936529
0	0.2157986142	0.7820574348	0.0021439510
0	0.9661167884	0.0338832116	0.0000000000
0	0.9646770572	0.0003084633	0.0350144795
0	0.2839137748	0.0000000000	0.7160862252
0	0.0368370875	0.0373253574	0.9258375551
1	0.6708139379	0.0000000000	0.3291860621
0	0.0000000000	0.0299811274	0.9700188726
0	0.0066939986	0.0000000889	0.9933059126
0	0.0000000003	0.0397908679	0.9602091319
0	0.1800465364	0.8009598577	0.0189936059
0	0.3442231250	0.6007065467	0.0550703282
0	0.4012593163	0.0498586953	0.5488819884
0	0.1490556598	0.8064582983	0.0444860419
0	0.0192026486	0.9807973514	0.0000000000
0	0.0843689993	0.2480999481	0.6675310526
0	0.0000006716	0.4734290857	0.5265702427
0	0.6773248265	0.0165579486	0.3061172249
0	0.0603232713	0.6635230482	0.2761536805
1	0.0000016628	0.7647760525	0.2352222847
0	0.9330033368	0.0401703437	0.0268263196
0	0.0500467149	0.0464404502	0.9035128349
0	0.1489508485	0.0011242575	0.8499248940
1	0.6254512577	0.2873773581	0.0871713841
0	0.0068503979	0.8273698134	0.1657797887
1	0.0000030789	0.7294369088	0.2705600122
1	0.0069511094	0.3904784679	0.6025704227
0	0.0232735426	0.9449075639	0.0318188934
2	0.0000000000	0.9960921286	0.0039078714
0	0.0058647273	0.0126841068	0.9814511660
0	0.2957121349	0.7042877485	0.0000001165
0	0.7818628474	0.1247865171	0.0933506356
0	0.3097711641	0.6530317813	0.0371970546
0	0.4696652679	0.3002645322	0.2300701999
0	0.0066095203	0.9915256970	0.0018647827
0	0.0264579978	0.4968483590	0.4766936432
0	0.0000048545	0.9562284482	0.0437666972
0	0.2409762571	0.2072938329	0.5517299099
0	0.1626808999	0.8370963895	0.0002227106
0	0.4423489806	0.0901964778	0.4674545416
0	0.9545472876	0.0428657403	0.0025869721
0	0.1989798910	0.8010124779	0.0000076311
1	0.0279972130	0.0000010500	0.9720017371
0	0.2044104693	0.7428784207	0.0527111100
0	0.0822057320	0.0401160556	0.8776782124
