0	0.6589342778	0.1052803384	0.2357853838
0	0.6916519111	0.2304971600	0.0778509290
0	0.8542780593	0.0042891906	0.1414327501
0	0.2034071355	0.7726192945	0.0239735700
0	0.4935684284	0.3440127547	0.1624188168
0	0.8181143354	0.0656060338	0.1162796309
0	0.2633807944	0.0016907970	0.7349284086
1	0.0410050807	0.2700644888	0.6889304305
0	0.0001476069	0.9998311661	0.0000212270
0	0.6617455811	0.2708210109	0.0674334080
0	0.2216628821	0.6555430430	0.1227940750
0	0.0723738563	0.0837658216	0.8438603220
0	0.3420810838	0.6579189149	0.0000000013
0	0.0072063320	0.3623275808	0.6304660872
0	0.0712586159	0.0738653043	0.8548760799
0	0.0000000000	0.6180667946	0.3819332054
0	0.0000096537	0.9991278181	0.0008625283
0	0.0993526574	0.0685087937	0.8321385489
0	0.9134770580	0.0028586613	0.0836642807
0	0.0586518163	0.0000001436	0.9413480400
0	0.0022641844	0.0227895883	0.9749462273
0	0.0710601419	0.8688729481	0.0600669101
0	0.5147539864	0.0029517820	0.4822942316
0	0.9983125493	0.0008705301	0.0008169206
0	0.8652802189	0.1079467405	0.0267730406
0	0.2745511344	0.0232192272	0.7022296385
0	0.1610993056	0.8389006701	0.0000000243
0	0.6306941488	0.3693058512	0.0000000000
0	0.0409683575	0.9590316425	0.0000000000
0	0.2219690904	0.0003483985	0.7776825110
1	0.5996752742	0.2593042927	0.1410204331
0	0.1366102748	0.0000061374	0.8633835877
0	0.0000000000	0.8631937701	0.1368062299
0	0.4129826997	0.2322280442	0.3547892561
0	0.4643132630	0.2993405186	0.2363462183
0	0.0449230163	0.0000000000	0.9550769837
0	0.0043360743	0.9956496873	0.0000142385
1	0.6999379861	0.2215734709	0.0784885429
0	0.3501602800	0.6462063758	0.0036333442
0	0.5453548152	0.0000000109	0.4546451738
1	0.4651224672	0.5028135878	0.0320639450
0	0.0000000000	0.9999801327	0.0000198673
2	0.5355581851	0.4639600172	0.0004817976
0	0.4213007524	0.3973230665	0.1813761811
0	0.0212506483	0.9787489222	0.0000004295
1	0.3208011013	0.6286290133	0.0505698854
0	0.0025692282	0.0000000956	0.9974306762
0	0.9401482430	0.0598517519	0.0000000052
0	0.0058739977	0.1144541755	0.8796718268
0	0.1067970386	0.0596739325	0.8335290289
0	0.9888448401	0.0111551540	0.0000000058
1	0.0000003512	0.0048541173	0.9951455315
0	0.1179440482	0.6446745318	0.2373814200
0	0.8800609407	0.0126094397	0.1073296196
0	0.0000000000	0.7659474681	0.2340525319
0	0.0055229455	0.8374656653	0.1570113893
0	0.0292368082	0.6891690949	0.2815940969
0	0.2653537770	0.2792539156	0.4553923074
1	0.0602330862	0.9334322186	0.0063346952
0	0.8287442875	0.1505835911	0.0206721215
0	0.6921800762	0.2964475623	0.0113723616
1	0.0068276758	0.0000186332	0.9931536911
0	0.9549838168	0.0084938581	0.0365223252
0	0.0039775371	0.6587868378	0.3372356252
0	0.0000404035	0.9927322691	0.0072273274
0	0.1299996935	0.0145821268	0.8554181797
0	0.4498534129	0.1599732374	0.3901733497
0	0.5787820742	0.3096988274	0.1115190984
0	0.4975474880	0.5016273158	0.0008251961
0	0.0137641323	0.8832891733	0.1029466944
1	0.0015077811	0.0666223256	0.9318698933
0	0.0000007093	0.9899905359	0.0100087548
0	0.0752292468	0.0147577975	0.9100129556
0	0.0006637331	0.0807471216	0.9185891453
0	0.1981675206	0.0000004454	0.8018320341
0	0.0579293443	0.4326304069	0.5094402489
0	0.0424325295	0.3430007208	0.6145667497
0	0.0000000000	0.6196774721	0.3803225279
0	0.0336251604	0.9639789580	0.0023958816
0	0.9040380338	0.0801998016	0.0157621646
0	0.5669552845	0.4064990587	0.0265456568
0	0.4637851650	0.5361335073	0.0000813276
0	0.1650224411	0.1679717993	0.6670057597
0	0.2310569185	0.0000000000	0.7689430815
0	0.2014860589	0.7424259360	0.0560880051
0	0.0003060319	0.9588555256	0.0408384426
0	0.4933815657	0.4867038552	0.0199145791
0	0.2031927680	0.7968072320	0.0000000000
0	0.1350197155	0.0441532950	0.8208269895
0	0.5436178892	0.0000000000	0.4563821108
0	0.0000000000	0.9493532776	0.0506467224
0	0.2985998340	0.0001130659	0.7012871001
0	0.0141787401	0.0186670567	0.9671542032
0	0.3710316965	0.1789110623	0.4500572411
0	0.0339018384	0.8421570179	0.1239411437
0	0.1053629337	0.6305519128	0.2640851535
0	0.0259825046	0.5881276363	0.3858898591
0	0.2147846670	0.0000000070	0.7852153259
0	0.1230982515	0.4967862525	0.3801154960
1	0.0527942650	0.7884385930	0.1587671420
