0	0.0000000000	0.0450008737	0.9549991263
0	0.6836773892	0.0087560557	0.3075665552
0	0.0040056385	0.9959943615	0.0000000000
0	0.1140759375	0.3192699327	0.5666541298
0	0.5162763541	0.0980859543	0.3856376915
0	0.0075901790	0.0001754009	0.9922344202
0	0.0015747403	0.9978668393	0.0005584205
0	0.0000048489	0.5535723359	0.4464228152
0	0.3732055057	0.0787356976	0.5480587966
0	0.1000799078	0.0420463508	0.8578737415
1	0.0000000000	0.9582703961	0.0417296039
0	0.2346550258	0.2705087155	0.4948362587
0	0.3248779951	0.4749906954	0.2001313095
1	0.1921353853	0.3189001498	0.4889644649
0	0.5261930638	0.0000003062	0.4738066300
0	0.3214645420	0.1719502950	0.5065851630
0	0.4183257154	0.1101109033	0.4715633813
0	0.1193671466	0.7675158053	0.1131170481
0	0.1998583477	0.1710111829	0.6291304694
0	0.9646899497	0.0275125767	0.0077974735
0	0.0079493427	0.9638290641	0.0282215932
0	0.3477891244	0.4579409306	0.1942699450
1	0.1760815620	0.0000000000	0.8239184380
0	0.0070978060	0.9368070310	0.0560951630
0	0.9700240761	0.0299542124	0.0000217116
0	0.9820338362	0.0169307661	0.0010353977
0	0.0397981352	0.1096182333	0.8505836315
0	0.6337422046	0.1210730471	0.2451847483
0	0.0259690803	0.9740309197	0.0000000000
0	0.9999242324	0.0000689896	0.0000067779
0	0.0118768809	0.8400095676	0.1481135515
2	0.8915039575	0.0513495001	0.0571465424
0	0.1122055755	0.0002143736	0.8875800508
0	0.0020787840	0.9750594989	0.0228617171
0	0.0005357770	0.9979078558	0.0015563672
0	0.0002823121	0.1032891459	0.8964285420
0	0.5046155812	0.0001828050	0.4952016139
1	0.0046757096	0.8215894827	0.1737348077
0	0.0657675953	0.8173748895	0.1168575152
0	0.7606861907	0.0000000001	0.2393138092
0	0.2059675391	0.0001037243	0.7939287366
0	0.3288179611	0.3477970911	0.3233849477
0	0.0926853560	0.7494910509	0.1578235931
0	0.5506377244	0.4319139891	0.0174482864
1	0.0045122643	0.4648061932	0.5306815425
0	0.0000000001	0.5803007241	0.4196992758
0	0.0000000000	0.6958292189	0.3041707811
0	0.9238796059	0.0054828893	0.0706375048
0	0.2687260400	0.7173168873	0.0139570727
0	0.1322636227	0.0438387997	0.8238975776
0	0.6719339966	0.2679043159	0.0601616875
0	0.0000000001	0.0000000000	0.9999999999
0	0.0000082609	0.0016750324	0.9983167066
0	0.8818266174	0.1149469460	0.0032264366
0	0.0001225562	0.5100915853	0.4897858585
0	0.0112964709	0.3126525493	0.6760509799
0	0.0000000195	0.9931277612	0.0068722193
0	0.7902641127	0.2036598622	0.0060760252
0	0.1564626774	0.5478859407	0.2956513819
0	0.6936100938	0.1853391514	0.1210507548
0	0.7788075261	0.0136565543	0.2075359196
0	0.0069178000	0.7690936668	0.2239885332
0	0.9181389594	0.0635189766	0.0183420640
0	0.0081410462	0.8667409085	0.1251180453
1	0.9503213532	0.0014328858	0.0482457609
0	0.0044831404	0.0145223513	0.9809945083
0	0.2053516299	0.4430247325	0.3516236376
0	0.1069553929	0.8926757996	0.0003688075
1	0.0015027404	0.9838183696	0.0146788899
0	0.1403107020	0.0001379529	0.8595513451
0	0.6178170926	0.2575346528	0.1246482546
1	0.5556807382	0.4435615202	0.0007577416
0	0.8682048933	0.1317951067	0.0000000000
0	0.2591189857	0.7191880041	0.0216930102
0	0.2003637112	0.3844484329	0.4151878559
0	0.8598093068	0.1063130805	0.0338776127
1	0.5259841251	0.0000245877	0.4739912872
1	0.0030200005	0.0001370600	0.9968429394
0	0.2790764802	0.0135911363	0.7073323835
0	0.0050023171	0.1571763579	0.8378213250
0	0.5335489931	0.2750294634	0.1914215435
0	0.7765157488	0.2222189396	0.0012653116
0	0.6770815346	0.0000000000	0.3229184654
0	0.0585995332	0.2954935346	0.6459069323
0	0.7745115141	0.2184620385	0.0070264474
0	0.0336513419	0.0451408534	0.9212078046
0	0.0002525658	0.9775302340	0.0222172002
1	0.0004161608	0.0000787581	0.9995050812
0	0.5346178044	0.4653820544	0.0000001412
0	0.8245793041	0.0945236227	0.0808970732
0	0.0000009340	0.0194994004	0.9804996655
0	0.0358660328	0.8547006294	0.1094333378
0	0.8060339067	0.0000000000	0.1939660933
0	0.0061977728	0.6438004901	0.3500017371
0	0.9820904582	0.0165398074	0.0013697344
0	0.1810532853	0.6682088548	0.1507378599
0	0.0287744235	0.3867157132	0.5845098633
0	0.0916020756	0.0730381932	0.8353597312
0	0.0742552501	0.9255744425	0.0001703074
0	0.6784477715	0.3213190211	0.0002332073
