0	0.4868868500	0.4817752308	0.0313379193
0	0.1374136899	0.4159435559	0.4466427542
0	0.5853556009	0.1513234256	0.2633209734
0	0.0399552731	0.0077528085	0.9522919184
0	0.6325583154	0.2991819469	0.0682597377
0	0.0334623480	0.9642658187	0.0022718333
0	0.0000000000	0.6377745886	0.3622254114
0	0.5289605811	0.4710393844	0.0000000345
0	0.0000000000	0.7963141097	0.2036858903
0	0.6543008245	0.0001660771	0.3455330984
0	0.8042955622	0.1950330093	0.0006714284
0	0.4600211768	0.1980910852	0.3418877380
0	0.2219436350	0.3147578734	0.4632984916
0	0.2880960871	0.5767446011	0.1351593118
0	0.9999740907	0.0000008385	0.0000250708
0	0.3857576430	0.0449190308	0.5693233261
1	0.2680355689	0.7186306970	0.0133337341
1	0.0006009951	0.0454049982	0.9539940067
0	0.2700478992	0.7124773244	0.0174747764
0	0.3997186965	0.4551388934	0.1451424101
0	0.2081552876	0.0036608071	0.7881839054
0	0.3220481115	0.1476081692	0.5303437192
0	0.2332082148	0.1142080986	0.6525836866
0	0.0481343691	0.8730419233	0.0788237076
0	0.2083981181	0.0000141193	0.7915877626
0	0.0000000015	0.9830138708	0.0169861276
0	0.1351906769	0.6105652174	0.2542441057
0	0.2639501168	0.6555715572	0.0804783259
0	0.0312612302	0.8104934540	0.1582453158
0	0.0000257962	0.9752359628	0.0247382410
0	0.0000000000	0.9645975480	0.0354024520
0	0.0396142919	0.2357058991	0.7246798090
1	0.1776999638	0.5217252000	0.3005748361
0	0.1509275826	0.7366181548	0.1124542626
0	0.2608612709	0.5546317463	0.1845069828
0	0.0045424941	0.0994410781	0.8960164279
0	0.3372608228	0.5564783110	0.1062608662
0	0.0904212845	0.9095489663	0.0000297492
0	0.7090027960	0.2597725417	0.0312246623
0	0.3374553239	0.3124016889	0.3501429871
0	0.9388008796	0.0006905562	0.0605085643
0	0.3300795604	0.2922469272	0.3776735125
0	0.0090170065	0.4529627490	0.5380202445
0	0.0024457131	0.9051976367	0.0923566502
0	0.0000000000	0.0001002354	0.9998997646
1	0.4615361460	0.4962900722	0.0421737817
0	0.1965119616	0.0000000887	0.8034879497
0	0.0024859308	0.9662177606	0.0312963086
0	0.0981489190	0.8510730464	0.0507780346
0	0.4791002842	0.0602620056	0.4606377102
0	0.0254802364	0.0000139875	0.9745057761
0	0.7364179046	0.0107626328	0.2528194626
0	0.0080087367	0.4628129586	0.5291783047
0	0.6777070727	0.2650932569	0.0571996704
0	0.4518150968	0.5313283969	0.0168565063
1	0.3172977168	0.6495644055	0.0331378778
0	0.0609834535	0.9270770181	0.0119395285
0	0.0169800605	0.3057127219	0.6773072176
0	0.5645724134	0.0000030713	0.4354245153
0	0.9999999120	0.0000000189	0.0000000691
0	0.0065831440	0.9928517558	0.0005651001
1	0.1257043228	0.0507431912	0.8235524860
0	0.0004244166	0.0000000008	0.9995755826
0	0.1030932685	0.0466905764	0.8502161551
0	0.0215219062	0.1309732562	0.8475048376
0	0.8284047380	0.0427959129	0.1287993492
0	0.1718921367	0.0308942823	0.7972135810
0	0.2078515043	0.7834129223	0.0087355734
1	0.4660101312	0.0000000000	0.5339898688
0	0.8990302090	0.1009697910	0.0000000000
0	0.1379957720	0.8461819114	0.0158223166
0	0.0000005161	0.0870646360	0.9129348480
0	0.6486018353	0.0182517284	0.3331464364
0	0.6948877243	0.0785381298	0.2265741459
2	0.8654453457	0.0732535060	0.0613011483
0	0.0000000001	0.9992547807	0.0007452193
0	0.1563015944	0.8436984056	0.0000000000
0	0.0000000033	0.0000356002	0.9999643965
0	0.0091499563	0.0023351870	0.9885148568
0	0.6523173795	0.0887512774	0.2589313431
0	0.9603916133	0.0396083863	0.0000000004
0	0.0373963925	0.9626036014	0.0000000061
0	0.9978100786	0.0004341917	0.0017557297
0	0.3715704881	0.5708595688	0.0575699431
0	0.9998056538	0.0001943462	0.0000000000
0	0.0216661348	0.9673775161	0.0109563491
0	0.5345901131	0.3234636621	0.1419462248
0	0.6747428202	0.0151466750	0.3101105048
0	0.3696321606	0.5387405666	0.0916272728
0	0.8564680939	0.0006276443	0.1429042618
0	0.4974605086	0.2956284376	0.2069110538
0	0.1190183070	0.4241368480	0.4568448450
1	0.2002746738	0.0036614832	0.7960638430
0	0.0444827579	0.0761314722	0.8793857699
1	0.6770731993	0.1417200426	0.1812067580
1	0.9803843642	0.0194119632	0.0002036726
0	0.0003364794	0.5043037278	0.4953597928
0	0.5386132243	0.2251227647	0.2362640110
0	0.3336725787	0.0015594385	0.6647679829
0	0.0041797416	0.0157479986	0.9800722599
