0	0.5200471906	0.4799528094	0.0000000000
0	0.3777456223	0.0559437355	0.5663106422
0	0.6518112919	0.0566672151	0.2915214930
0	0.0009873577	0.9227109473	0.0763016949
0	0.9682685287	0.0317311414	0.0000003300
0	0.2805621153	0.0118778420	0.7075600427
0	0.1689256572	0.4520986658	0.3789756770
0	0.0000000000	0.1658477033	0.8341522967
0	0.1467728245	0.8487420496	0.0044851259
0	0.3238060556	0.6331134977	0.0430804467
1	0.5756617702	0.0223679973	0.4019702326
0	0.3891295882	0.6104638884	0.0004065234
1	0.1526632629	0.4292049921	0.4181317451
0	0.1204663817	0.0000000180	0.8795336003
0	0.9182644257	0.0631568254	0.0185787489
0	0.1620347670	0.8376366517	0.0003285813
0	0.4645888082	0.5354096672	0.0000015246
0	0.6321089740	0.0012158357	0.3666751903
0	0.9672033847	0.0000316958	0.0327649194
0	0.9219278167	0.0780351529	0.0000370304
0	0.0270127703	0.5241670876	0.4488201421
1	0.1069830290	0.2165493752	0.6764675958
0	0.0000000018	0.9947241080	0.0052758901
0	0.9203233400	0.0762551175	0.0034215425
0	0.0512231593	0.9486931000	0.0000837407
0	0.8875236685	0.0956566499	0.0168196815
0	0.1032976865	0.8965459109	0.0001564025
1	0.0000404805	0.9991950160	0.0007645035
0	0.1391644344	0.8444935708	0.0163419947
1	0.7937448638	0.0220719248	0.1841832114
0	0.0622160099	0.7763310572	0.1614529329
0	0.3158872746	0.6068576412	0.0772550842
0	0.7449190599	0.2496795050	0.0054014351
0	0.1037907409	0.7673325960	0.1288766631
0	0.7547161533	0.0579419995	0.1873418472
0	0.0359751184	0.0109183581	0.9531065235
0	0.9776560786	0.0222997419	0.0000441795
0	0.6835483009	0.2059116490	0.1105400500
0	0.9617992241	0.0121225778	0.0260781982
0	0.0790618492	0.7479029276	0.1730352231
0	0.2068007424	0.0018801130	0.7913191446
0	0.4819698962	0.3800340826	0.1379960211
0	0.6548506468	0.0233580151	0.3217913381
0	0.1063997561	0.7235999825	0.1700002614
0	0.9443265818	0.0556696538	0.0000037644
0	0.9690297529	0.0000027509	0.0309674963
1	0.2845511251	0.5561453309	0.1593035440
0	0.2948573183	0.0050670489	0.7000756328
0	0.0000000000	0.0072602321	0.9927397679
0	0.3262866125	0.3813101755	0.2924032119
0	0.6671822656	0.0475567811	0.2852609533
0	0.5678164775	0.2736449326	0.1585385900
0	0.8898787784	0.0000281253	0.1100930963
0	0.0608184475	0.5550001039	0.3841814486
0	0.0000012135	0.7259167650	0.2740820215
0	0.1065507520	0.8926291749	0.0008200731
0	0.0083555530	0.9441515096	0.0474929374
0	0.6419721062	0.0000993711	0.3579285228
0	0.3089688092	0.0000000000	0.6910311908
0	0.0156386784	0.7559829276	0.2283783940
0	0.0521919365	0.7596799329	0.1881281306
0	0.9865882350	0.0000000142	0.0134117508
0	0.0000002677	0.6319459245	0.3680538078
0	0.0020827949	0.6844381585	0.3134790466
0	0.0003402020	0.2336503544	0.7660094436
0	0.7698207787	0.2023249154	0.0278543060
0	0.5428791928	0.3431428086	0.1139779986
0	0.4172369397	0.1112018132	0.4715612472
0	0.3135530644	0.5603164940	0.1261304416
0	0.0000000139	0.6473970590	0.3526029271
0	0.0151794000	0.9470557474	0.0377648527
1	0.0446685149	0.7582371454	0.1970943396
0	0.8836582214	0.1163289636	0.0000128150
0	0.0829912889	0.3962172241	0.5207914870
0	0.7892951576	0.0033826987	0.2073221437
0	0.0585581343	0.0589774991	0.8824643666
0	0.0868349297	0.6294248378	0.2837402326
0	0.7623356093	0.1824271081	0.0552372825
0	0.0000066458	0.1238252520	0.8761681022
0	0.5967037671	0.3386347906	0.0646614423
0	0.3047046446	0.6594761135	0.0358192418
0	0.5943460350	0.4055969116	0.0000570534
0	0.0000869949	0.2085011225	0.7914118825
0	0.9536294913	0.0001620792	0.0462084295
0	0.0100588851	0.8740220549	0.1159190600
0	0.0120495707	0.7356275451	0.2523228842
0	0.0008282684	0.9906894604	0.0084822712
0	0.0245000354	0.9642800523	0.0112199123
0	0.5471269594	0.3589729305	0.0939001101
2	0.0000004554	0.0292330834	0.9707664611
0	0.9922118145	0.0000017902	0.0077863953
1	0.9975317552	0.0000000000	0.0024682448
0	0.1573187627	0.8426812188	0.0000000185
0	0.4540311647	0.0741958107	0.4717730246
0	0.6034412368	0.3854663075	0.0110924557
0	0.9916808352	0.0065111770	0.0018079878
0	0.2366777851	0.0020657467	0.7612564682
1	0.5953462396	0.3938916555	0.0107621049
0	0.1683062892	0.1063397731	0.7253539376
0	0.0000000001	0.0042953855	0.9957046144
