0	0.5047985278	0.0778191168	0.4173823554
0	0.5616263250	0.1318510706	0.3065226044
0	0.7069294692	0.2390146951	0.0540558357
0	0.0007839198	0.1267135735	0.8725025067
0	0.0000432796	0.9636794586	0.0362772618
0	0.1827698698	0.7252673451	0.0919627850
0	0.1498814348	0.8500161122	0.0001024530
0	0.0672307965	0.3208980717	0.6118711319
0	0.9361070533	0.0558471020	0.0080458448
0	0.8495770172	0.0651622720	0.0852607108
0	0.8437276525	0.0000000824	0.1562722650
0	0.9599044785	0.0023965692	0.0376989524
0	0.0196094200	0.9689128675	0.0114777124
1	0.2981203727	0.1327815299	0.5690980974
0	0.9947536473	0.0052458986	0.0000004541
0	0.0000037056	0.8485190260	0.1514772684
0	0.3460856369	0.0042183058	0.6496960573
0	0.2611638221	0.0000018567	0.7388343212
0	0.0638373939	0.3246902855	0.6114723206
0	0.0963376121	0.0141051266	0.8895572613
0	0.4890762609	0.0127488378	0.4981749012
0	0.8647289682	0.0956968072	0.0395742247
0	0.1987670344	0.5986330870	0.2025998786
0	0.6638698504	0.1790605222	0.1570696274
0	0.0781532074	0.0006189233	0.9212278693
0	0.3179417537	0.6713284089	0.0107298374
0	0.7087003035	0.1328765400	0.1584231565
0	0.6796404289	0.0000000343	0.3203595368
0	0.0562097930	0.9188356915	0.0249545156
0	0.0153728629	0.9790045886	0.0056225485
0	0.0913236182	0.1134293328	0.7952470490
0	0.4263659010	0.2054184924	0.3682156066
0	0.1483035062	0.8110411144	0.0406553794
0	0.0028916199	0.0104113644	0.9866970157
0	0.1972483687	0.0146745314	0.7880770999
0	0.4171450996	0.0000000010	0.5828548993
0	0.0813166636	0.3313744341	0.5873089023
0	0.4034323606	0.1730798816	0.4234877578
0	0.0046271997	0.2148964882	0.7804763121
0	0.1286885998	0.0034654130	0.8678459872
0	0.2045728944	0.0011915948	0.7942355108
0	0.8049367268	0.0083970283	0.1866662449
0	0.0822042754	0.0906799942	0.8271157304
0	0.0008208823	0.8365922854	0.1625868323
1	0.7067262483	0.2930661794	0.0002075724
0	0.3246268483	0.6503272583	0.0250458934
0	0.9971713911	0.0028286073	0.0000000016
1	0.0815869214	0.9078224104	0.0105906681
0	0.0096535946	0.3009326976	0.6894137079
0	0.1602796338	0.7883994961	0.0513208701
1	0.0426007137	0.0003641697	0.9570351166
0	0.2208885094	0.0150604226	0.7640510680
0	0.0000000119	0.9738725101	0.0261274780
0	0.9964840218	0.0001719436	0.0033440345
0	0.0181789374	0.0054588542	0.9763622083
1	0.1327616794	0.0001818177	0.8670565028
0	0.0000000000	0.9532678319	0.0467321681
1	0.5928262603	0.4043547404	0.0028189993
1	0.2571885974	0.1346998939	0.6081115087
0	0.8928716617	0.0609929973	0.0461353409
0	0.2510779584	0.1029400213	0.6459820203
0	0.6214571014	0.1086653980	0.2698775007
0	0.3201583663	0.2077941743	0.4720474594
0	0.0502986958	0.1085308991	0.8411704051
1	0.6284689825	0.1205082994	0.2510227182
2	0.1511547769	0.7554956649	0.0933495583
1	0.0198570364	0.7849293673	0.1952135964
1	0.0687069230	0.8208412556	0.1104518213
0	0.0409302621	0.0700179098	0.8890518281
0	0.1917431217	0.1281488158	0.6801080625
0	0.0002426170	0.1393318006	0.8604255824
0	0.9869630969	0.0036486102	0.0093882929
0	0.4440082813	0.5478201111	0.0081716075
0	0.0581386787	0.0002440713	0.9416172500
0	0.3995787512	0.0147453687	0.5856758801
0	0.4331966810	0.5541239874	0.0126793316
0	0.8842267825	0.0238773857	0.0918958318
0	0.0139425960	0.8407415067	0.1453158973
0	0.8901234103	0.0170250286	0.0928515612
0	0.0217209024	0.0167435139	0.9615355836
0	0.9817783490	0.0086838405	0.0095378105
0	0.7416162768	0.2332017088	0.0251820144
0	0.7189278551	0.2609344678	0.0201376771
1	0.0181082806	0.4285478227	0.5533438967
0	0.3013820893	0.5174260595	0.1811918512
0	0.0065709633	0.7901054459	0.2033235908
0	0.0722623907	0.0134319630	0.9143056463
0	0.0409453909	0.3225545253	0.6365000837
0	0.1152818105	0.0144726143	0.8702455752
0	0.0043797218	0.5704428034	0.4251774748
0	0.0000041328	0.5481499834	0.4518458838
0	0.4250911696	0.5733078323	0.0016009981
0	0.1747801914	0.0000299442	0.8251898644
0	0.0926050257	0.0001198982	0.9072750760
1	0.0329019607	0.7368946361	0.2302034032
0	0.2661473104	0.2340807557	0.4997719339
1	0.8723395919	0.0000011241	0.1276592840
0	0.9119832860	0.0880162303	0.0000004837
0	0.9987609484	0.0000000000	0.0012390516
0	0.0014620618	0.9982715851	0.0002663531
