0	0.9908995498	0.0086619876	0.0004384626
0	0.0562228283	0.3638496127	0.5799275590
0	0.4290399734	0.5658939642	0.0050660623
0	0.0163720627	0.9658100576	0.0178178797
0	0.1027419044	0.1021638783	0.7950942173
0	0.1402088464	0.8458107152	0.0139804383
0	0.6975293547	0.1699707107	0.1324999346
0	0.7866395463	0.1514608902	0.0618995635
0	0.6042685903	0.3746023328	0.0211290769
1	0.0604194991	0.6314977547	0.3080827462
0	0.0284202803	0.0425179508	0.9290617689
0	0.0436791266	0.9013293720	0.0549915014
0	0.8121666966	0.0714238355	0.1164094679
0	0.6712255778	0.2939206690	0.0348537532
0	0.0267071333	0.6044624191	0.3688304476
0	0.7139062194	0.2860824688	0.0000113118
0	0.2760048202	0.0000294324	0.7239657474
0	0.0025068539	0.9507460766	0.0467470695
0	0.6542513931	0.2989292284	0.0468193785
0	0.1552857892	0.8393245829	0.0053896279
1	0.3124965082	0.0010876180	0.6864158737
0	0.3539693062	0.6405150249	0.0055156689
0	0.0000000000	0.8379588526	0.1620411474
0	0.0000000009	0.3184337280	0.6815662711
0	0.0000000000	0.9999971898	0.0000028102
0	0.0520088205	0.0000677084	0.9479234710
0	0.9834425993	0.0000957165	0.0164616843
0	0.5962452064	0.0661595475	0.3375952461
0	0.4315325494	0.5679608468	0.0005066038
0	0.2592065217	0.3971109689	0.3436825093
0	0.9048334974	0.0118238171	0.0833426855
0	0.0083341165	0.1156658128	0.8760000707
0	0.5359967071	0.0328844431	0.4311188498
0	0.1504911475	0.8495088525	0.0000000000
0	0.5201238918	0.2963597482	0.1835163600
0	0.9282390974	0.0183742584	0.0533866441
0	0.6157256797	0.1914400140	0.1928343063
0	0.0380596484	0.0168767943	0.9450635573
0	0.1065501920	0.7593513403	0.1340984677
0	0.1360894824	0.6164078161	0.2475027015
0	0.2017916733	0.3720465108	0.4261618160
0	0.1209341719	0.1619011031	0.7171647250
0	0.0597226070	0.8927890020	0.0474883910
0	0.3755387361	0.3227771698	0.3016840942
0	0.0025183349	0.3699710534	0.6275106117
0	0.0050931847	0.0034093249	0.9914974904
0	0.4564278702	0.0629813404	0.4805907894
0	0.0005484811	0.3873254219	0.6121260970
0	0.6586111493	0.2533789106	0.0880099401
0	0.1195021517	0.0758832216	0.8046146266
0	0.0363907628	0.1397717852	0.8238374521
0	0.4744132044	0.4147339266	0.1108528690
0	0.0000000207	0.0000362116	0.9999637677
0	0.0002804430	0.9997194904	0.0000000666
0	0.4315498920	0.5684350480	0.0000150600
0	0.6342158783	0.2274368857	0.1383472360
0	0.0221473089	0.0052697985	0.9725828926
0	0.1215754973	0.7791710078	0.0992534949
0	0.0687708155	0.4365598461	0.4946693384
0	0.0043987266	0.0604300057	0.9351712677
0	0.1619129014	0.2284015067	0.6096855918
0	0.6010300194	0.0015412283	0.3974287523
0	0.8982727603	0.1017272397	0.0000000000
1	0.0092167167	0.0537201638	0.9370631195
0	0.0009177477	0.3516519358	0.6474303165
0	0.0000079655	0.0277225445	0.9722694900
0	0.0741280359	0.8311979441	0.0946740200
2	0.3013731702	0.2770109121	0.4216159178
0	0.3583129312	0.5893791540	0.0523079147
0	0.5092474129	0.0651698536	0.4255827335
0	0.0051833947	0.5209253990	0.4738912063
0	0.0895841454	0.0005797840	0.9098360706
0	0.2381584415	0.5878474477	0.1739941108
0	0.3966607079	0.4539656785	0.1493736135
0	0.1153169423	0.3694539762	0.5152290815
0	0.2426028978	0.6116295984	0.1457675038
0	0.5479315132	0.1480822899	0.3039861970
0	0.1272001744	0.8169475944	0.0558522312
0	0.3994273375	0.0112821067	0.5892905558
0	0.0150397645	0.4715718209	0.5133884146
0	0.5066552610	0.3214435875	0.1719011516
0	0.2820680618	0.7145459098	0.0033860284
0	0.2842645953	0.1027865149	0.6129488898
0	0.0147534220	0.0707086370	0.9145379410
0	0.0000000000	0.0000660380	0.9999339620
0	0.9674318930	0.0293015256	0.0032665814
0	0.1036156335	0.8183030722	0.0780812943
0	0.0102190055	0.0416077408	0.9481732537
1	0.0504116645	0.9196755276	0.0299128078
0	0.1884447341	0.0087063925	0.8028488734
0	0.0220209483	0.2383119286	0.7396671231
0	0.2233388758	0.6062149499	0.1704461743
1	0.0000915313	0.0000359639	0.9998725048
0	0.0681172197	0.1151556673	0.8167271130
0	0.4691012970	0.0000000506	0.5308986524
0	0.0005120111	0.0016312585	0.9978567304
0	0.9813698042	0.0186301958	0.0000000000
1	0.0730194513	0.0005270181	0.9264535306
0	0.5993534581	0.0351414583	0.3655050836
0	0.1903318154	0.1212959682	0.6883722164
