0	0.0005251594	0.9615543656	0.0379204750
0	0.4079512004	0.5886089251	0.0034398745
0	0.0724664554	0.0054203067	0.9221132379
0	0.0001360812	0.9123530353	0.0875108835
0	0.0000039446	0.9997936034	0.0002024521
1	0.0869093596	0.7605032518	0.1525873886
1	0.2847452806	0.3493479782	0.3659067411
0	0.8534246240	0.0073160561	0.1392593199
0	0.3399593915	0.2916948315	0.3683457770
0	0.4780163435	0.4871916252	0.0347920312
0	0.4276324660	0.3325585561	0.2398089779
0	0.0243930337	0.1143000847	0.8613068816
0	0.1506059669	0.8189976275	0.0303964056
0	0.5336209642	0.3332890159	0.1330900199
0	0.0317384674	0.0000007686	0.9682607640
0	0.2894125805	0.3887078182	0.3218796013
0	0.3939160231	0.0557029402	0.5503810367
0	0.4039983397	0.0000000601	0.5960016003
0	0.0441710803	0.9558289197	0.0000000000
1	0.0153643600	0.9781868914	0.0064487486
0	0.6983309190	0.0296250460	0.2720440351
0	0.0000000000	0.9681696578	0.0318303422
0	0.5707481504	0.0775979940	0.3516538556
0	0.0723923669	0.3875240956	0.5400835375
0	0.6256094630	0.2475029354	0.1268876016
0	0.7000064261	0.1546517582	0.1453418158
0	0.3344213316	0.1656578704	0.4999207981
0	0.0025455309	0.8928423980	0.1046120712
0	0.7239015795	0.1778236049	0.0982748157
0	0.4988749046	0.1106768990	0.3904481964
0	0.0003373421	0.1238977201	0.8757649378
0	0.7177226004	0.0019002039	0.2803771957
0	0.2296828158	0.6917249086	0.0785922756
0	0.0747118137	0.6874320757	0.2378561106
0	0.7530739277	0.0721026504	0.1748234219
0	0.3249709878	0.0000000245	0.6750289877
0	0.2324949683	0.7314826526	0.0360223791
0	0.8756583423	0.0077817241	0.1165599336
0	0.9427475180	0.0044263656	0.0528261164
0	0.5545972969	0.1431212261	0.3022814769
0	0.1724377237	0.8273187236	0.0002435527
1	0.7840452729	0.1980970753	0.0178576518
0	0.0046561389	0.9198543061	0.0754895550
1	0.0000008027	0.8145817581	0.1854174392
0	0.0000091314	0.8078112218	0.1921796468
1	0.2530921215	0.1677576642	0.5791502143
0	0.1231610725	0.1449326940	0.7319062335
0	0.1261863360	0.4066973752	0.4671162889
0	0.8454562728	0.1400109271	0.0145328001
0	0.0897080391	0.1833896273	0.7269023337
0	0.0465051234	0.9492552022	0.0042396745
0	0.6433054438	0.1695304529	0.1871641033
0	0.1762025408	0.0038707341	0.8199267252
0	0.0000004790	0.9798268194	0.0201727016
0	0.0221670818	0.9467712312	0.0310616870
0	0.0000000000	0.8226594969	0.1773405031
1	0.3785784513	0.3079857540	0.3134357947
0	0.0000035588	0.2093517685	0.7906446727
0	0.4292248863	0.4245302978	0.1462448159
0	0.6655372548	0.0132659807	0.3211967645
0	0.0592861216	0.0080951361	0.9326187424
0	0.9892094496	0.0068407828	0.0039497676
0	0.1243854540	0.8133386047	0.0622759413
0	0.7449584911	0.0019416431	0.2530998658
0	0.0010871210	0.6125346935	0.3863781855
0	0.8499375303	0.1490811987	0.0009812711
0	0.7938507396	0.1764716435	0.0296776168
2	0.0177087430	0.0540717072	0.9282195498
1	0.0698656251	0.1875377750	0.7425966000
0	0.0000003491	0.0469571375	0.9530425134
0	0.0398020868	0.9066931547	0.0535047585
0	0.9801899552	0.0000086370	0.0198014079
0	0.0000585048	0.1913408033	0.8086006920
1	0.0580646341	0.9412056471	0.0007297188
0	0.0000000000	0.1611685727	0.8388314273
0	0.1646909205	0.7680507471	0.0672583324
0	0.0048980065	0.0029368839	0.9921651096
0	0.0079245044	0.9448836231	0.0471918725
0	0.6485517784	0.0764914036	0.2749568179
0	0.0660761230	0.4787832660	0.4551406110
1	0.4234366647	0.3837751925	0.1927881428
0	0.2185787008	0.1327959283	0.6486253709
0	0.1200606976	0.0945642016	0.7853751008
0	0.9879340667	0.0094263841	0.0026395492
0	0.8760425244	0.0208561637	0.1031013120
0	0.9986595908	0.0009201352	0.0004202740
1	0.7159205064	0.2470071564	0.0370723372
1	0.0637576398	0.0742865415	0.8619558187
0	0.0373847433	0.2387498149	0.7238654418
0	0.0136682315	0.0772381477	0.9090936208
0	0.9741881597	0.0214043152	0.0044075252
0	0.3414694569	0.0000005529	0.6585299902
0	0.1736381769	0.7674991774	0.0588626458
0	0.0438232642	0.0706640457	0.8855126901
0	0.2470809270	0.0278716153	0.7250474577
0	0.1652578556	0.7700131716	0.0647289728
0	0.0000000000	0.0000000000	1.0000000000
0	0.1630625045	0.5594631548	0.2774743407
0	0.0000001483	0.1793712580	0.8206285938
0	0.9692843485	0.0303003541	0.0004152974
