0	0.0120974116	0.4976468847	0.4902557038
0	0.0000776288	0.0000772229	0.9998451483
0	0.7529341747	0.1798898657	0.0671759596
0	0.1715809942	0.0354615648	0.7929574410
0	0.0000792508	0.8149612680	0.1849594812
0	0.0258904093	0.0230960413	0.9510135493
0	0.1382129852	0.6891806811	0.1726063338
0	0.0000000000	0.3888240029	0.6111759971
0	0.7122939205	0.0338781999	0.2538278796
0	0.9977337555	0.0000205496	0.0022456949
0	0.0013555270	0.0004448552	0.9981996178
2	0.4096129907	0.0015403111	0.5888466983
0	0.6613908483	0.1153808379	0.2232283138
0	0.5799595393	0.0000138186	0.4200266421
0	0.0758077743	0.9241921162	0.0000001095
0	0.0020704444	0.9979295427	0.0000000129
0	0.0988426570	0.0331136945	0.8680436485
0	0.4253365449	0.1649623170	0.4097011381
1	0.2229357765	0.7752933268	0.0017708967
0	0.8485523329	0.1127858956	0.0386617715
1	0.3855256702	0.4988731257	0.1156012041
0	0.2820991097	0.1277087563	0.5901921340
0	0.0954580672	0.6505127137	0.2540292191
0	0.2300147760	0.0000000003	0.7699852236
0	0.9552536795	0.0016935603	0.0430527602
0	0.1000573403	0.6508035613	0.2491390984
0	0.0641942873	0.7523791626	0.1834265501
1	0.9977433230	0.0022408843	0.0000157927
0	0.0704854827	0.0000659928	0.9294485245
0	0.5123861240	0.0711652452	0.4164486307
1	0.2740645970	0.6936677146	0.0322676885
0	0.9268942854	0.0032886959	0.0698170187
0	0.0130641477	0.9868730312	0.0000628211
0	0.2840911004	0.2480955460	0.4678133536
1	0.1192186472	0.0029988964	0.8777824564
1	0.2760611698	0.5580010785	0.1659377516
0	0.0567543566	0.0111849976	0.9320606458
0	0.0147229752	0.9852340408	0.0000429840
2	0.6539005022	0.2894736387	0.0566258590
0	0.0092463239	0.8411313683	0.1496223078
0	0.9248776180	0.0741473898	0.0009749922
0	0.6857884944	0.0333806209	0.2808308847
0	0.3416242090	0.0000000002	0.6583757908
0	0.0746639490	0.6796920097	0.2456440413
0	0.8338151697	0.0000000084	0.1661848219
0	0.0497313279	0.9502409886	0.0000276835
0	0.7853463327	0.0116400523	0.2030136149
0	0.6568813899	0.2055783380	0.1375402721
0	0.8731869831	0.0860486434	0.0407643735
1	0.2212252038	0.0300446138	0.7487301823
0	0.7130670324	0.0066101104	0.2803228572
0	0.9385756561	0.0609450577	0.0004792862
0	0.7617076070	0.0092350751	0.2290573179
1	0.0865694322	0.1065091944	0.8069213735
0	0.0622405773	0.9122763102	0.0254831125
0	0.7670845042	0.1921523346	0.0407631611
1	0.9839724690	0.0001673220	0.0158602090
0	0.0000569711	0.8813032404	0.1186397885
0	0.4750976595	0.1118234178	0.4130789227
0	0.9484863251	0.0000000082	0.0515136667
0	0.0172025563	0.9751938273	0.0076036164
0	0.8073215076	0.1513118542	0.0413666383
0	0.0030587116	0.5781233154	0.4188179730
0	0.0792138391	0.6953227253	0.2254634356
0	0.0426653186	0.0268390482	0.9304956332
0	0.0330149514	0.9535397949	0.0134452537
0	0.8554603866	0.1402043684	0.0043352450
0	0.0129752387	0.9248569098	0.0621678515
0	0.1311239210	0.6499010718	0.2189750072
0	0.7498874719	0.0268903078	0.2232222203
1	0.7479021199	0.2376056948	0.0144921853
0	0.7359239719	0.0604356478	0.2036403803
0	0.0000005920	0.9999994080	0.0000000001
0	0.0032191102	0.6466904707	0.3500904190
0	0.1692043743	0.0939488153	0.7368468104
0	0.3054301141	0.6700999689	0.0244699170
0	0.1620332382	0.7743064720	0.0636602898
1	0.0801779998	0.0246524078	0.8951695923
1	0.0000000005	0.5916355192	0.4083644803
0	0.0874219383	0.1069311364	0.8056469253
0	0.0319873196	0.7009639215	0.2670487588
0	0.5288869443	0.0503946604	0.4207183953
0	0.0060167963	0.0000021493	0.9939810544
0	0.1850722522	0.8136359497	0.0012917982
0	0.3257869713	0.4338296789	0.2403833498
0	0.5120992192	0.4563243497	0.0315764310
0	0.0000000403	0.9361103286	0.0638896311
0	0.0003797089	0.2266609103	0.7729593808
0	0.4330296023	0.5668150979	0.0001552998
0	0.5599228935	0.1369258964	0.3031512102
0	0.0000000002	0.9999999998	0.0000000000
0	0.4660638115	0.5339361871	0.0000000013
0	0.0000231340	0.5024320014	0.4975448646
0	0.0003886434	0.9803402888	0.0192710677
1	0.0000000001	0.9894429865	0.0105570134
0	0.3170197183	0.0014135684	0.6815667133
0	0.0118251930	0.3087656582	0.6794091488
0	0.8944202230	0.1055797770	0.0000000000
0	0.2876468214	0.7116326359	0.0007205427
0	0.0931716152	0.8687479132	0.0380804716
