0	0.0000515255	0.9814781000	0.0184703745
0	0.2592545456	0.6295870646	0.1111583898
0	0.3841942054	0.2479208586	0.3678849360
0	0.0816083150	0.4892946266	0.4290970584
0	0.7903640286	0.0913514542	0.1182845172
0	0.8447877138	0.0028287213	0.1523835649
1	0.0375199869	0.9483512993	0.0141287139
0	0.0403799889	0.1325315693	0.8270884419
2	0.3567118163	0.0000000000	0.6432881837
1	0.0000291924	0.1321226186	0.8678481890
0	0.0000905646	0.7326214179	0.2672880175
1	0.7467442923	0.2252151127	0.0280405950
0	0.7467547712	0.2505465764	0.0026986524
1	0.0066547052	0.2817385913	0.7116067035
0	0.0000000000	0.9979128046	0.0020871954
0	0.3539254239	0.0353936558	0.6106809203
0	0.0019159657	0.0001123341	0.9979717002
0	0.0000000008	0.0061606602	0.9938393391
0	0.4601421950	0.3839077409	0.1559500641
0	0.8432722613	0.1519809350	0.0047468037
0	0.6942225717	0.0916979526	0.2140794757
0	0.3857424468	0.0319160930	0.5823414602
0	0.6975387008	0.2967518700	0.0057094291
0	0.0013423780	0.9986576220	0.0000000000
1	0.3220735994	0.0000000467	0.6779263539
0	0.0000059704	0.0781551874	0.9218388422
0	0.1544061665	0.8375514737	0.0080423598
0	0.0761419850	0.3778650830	0.5459929320
1	0.6462818955	0.0465576753	0.3071604292
0	0.7704775274	0.1420570178	0.0874654548
0	0.0827106414	0.7716635000	0.1456258586
0	0.9114149705	0.0883447102	0.0002403193
0	0.0670199777	0.0133657506	0.9196142717
0	0.0021442471	0.9959661194	0.0018896336
0	0.1230917529	0.8460758216	0.0308324255
0	0.6189361853	0.0007220435	0.3803417713
0	0.0000210300	0.0905969456	0.9093820244
0	0.9326598679	0.0000015257	0.0673386064
1	0.0194838003	0.8416934000	0.1388227997
0	0.1237361186	0.8762429552	0.0000209262
0	0.0177134838	0.0135941806	0.9686923355
0	0.5314303312	0.0000022509	0.4685674179
0	0.0060689630	0.8553001866	0.1386308504
1	0.3026591115	0.5946662612	0.1026746273
0	0.1955271922	0.5282205064	0.2762523014
0	0.5780929717	0.0017287514	0.4201782769
0	0.0000001441	0.9994693257	0.0005305301
0	0.0336326729	0.5145483396	0.4518189875
1	0.0641483942	0.7845314218	0.1513201840
0	0.1275808912	0.8724191068	0.0000000019
0	0.9042289044	0.0405068745	0.0552642211
2	0.6637134630	0.2072609283	0.1290256088
0	0.0000018487	0.0000042656	0.9999938857
0	0.0100337074	0.0639718228	0.9259944698
0	0.0040514020	0.9954724720	0.0004761260
1	0.6629091002	0.2579750033	0.0791158965
0	0.0021872747	0.8374336860	0.1603790393
0	0.0007445958	0.0000001785	0.9992552257
0	0.2999005279	0.0000000620	0.7000994101
0	0.7249278073	0.1624853648	0.1125868280
0	0.7625782863	0.1126066066	0.1248151071
0	0.0200680914	0.9685213952	0.0114105134
0	0.0000565262	0.2422736377	0.7576698361
0	0.2923307441	0.0301587983	0.6775104577
0	0.0394863269	0.4277474397	0.5327662334
0	0.0000000062	0.4324325853	0.5675674084
0	0.1311964028	0.8687448249	0.0000587723
0	0.4208864487	0.0711912510	0.5079223003
1	0.0000010224	0.0431286568	0.9568703208
0	0.0009704500	0.9867977006	0.0122318494
0	0.9978145411	0.0012821820	0.0009032769
0	0.1046758109	0.0418463912	0.8534777979
0	0.2772056157	0.6509846141	0.0718097702
0	0.0008065496	0.8474100611	0.1517833893
0	0.1956003182	0.1690851722	0.6353145096
1	0.0026005444	0.0000047165	0.9973947391
0	0.0423908400	0.9525683933	0.0050407667
0	0.0000000022	0.9999493578	0.0000506400
1	0.9417230971	0.0582479203	0.0000289826
0	0.0783822623	0.0000093917	0.9216083460
0	0.1288345934	0.0496832331	0.8214821735
0	0.7938330644	0.0011169388	0.2050499968
0	0.4702741955	0.3485612663	0.1811645382
0	0.4255722680	0.0000043075	0.5744234245
0	0.0268308687	0.7271598347	0.2460092966
0	0.0912027284	0.8031798457	0.1056174259
0	0.9716830168	0.0283169832	0.0000000000
0	0.1928119540	0.2652643236	0.5419237224
0	0.2323865927	0.7676134073	0.0000000000
0	0.0008513866	0.0000214433	0.9991271701
0	0.0355981082	0.0000000000	0.9644018918
0	0.6918096817	0.0000684860	0.3081218323
0	0.3351479298	0.4915205656	0.1733315046
0	0.8140008900	0.1665022796	0.0194968304
0	0.2905088339	0.0025628147	0.7069283514
0	0.0071784763	0.4242393743	0.5685821494
0	0.3396996831	0.6603003124	0.0000000045
0	0.2597503906	0.0191524190	0.7210971903
0	0.0005330247	0.8040673708	0.1953996045
1	0.0134285683	0.4598170361	0.5267543956
