0	0.1547009849	0.4573393379	0.3879596772
0	0.1975675913	0.0158144160	0.7866179927
0	0.2517478333	0.2743432303	0.4739089364
0	0.0030026885	0.5286710895	0.4683262220
0	0.1958204089	0.3799564641	0.4242231270
0	0.0000000905	0.7396276535	0.2603722561
0	0.1731183448	0.8068128063	0.0200688489
0	0.0913762814	0.0737263495	0.8348973691
0	0.9998225593	0.0001658303	0.0000116104
0	0.9178234606	0.0821764741	0.0000000652
0	0.0000521800	0.4950696522	0.5048781677
2	0.6074268757	0.0000000000	0.3925731243
0	0.0000000001	0.1026228251	0.8973771748
0	0.9772777132	0.0226802193	0.0000420676
0	0.7925427994	0.2040642839	0.0033929167
0	0.9033392414	0.0953296442	0.0013311144
0	0.0000005941	0.9493864650	0.0506129409
1	0.2330386332	0.1206694331	0.6462919337
0	0.0000000000	0.5117144372	0.4882855628
1	0.9291620978	0.0009140327	0.0699238694
0	0.0019227378	0.0097658331	0.9883114291
0	0.3346795709	0.1975229288	0.4677975004
0	0.2578585373	0.4200513460	0.3220901167
0	0.2002995647	0.1100190835	0.6896813518
0	0.6435471849	0.3456023088	0.0108505062
0	0.1537896232	0.0270325655	0.8191778113
0	0.0431102216	0.9568868432	0.0000029353
0	0.0333361252	0.7821239513	0.1845399235
0	0.5439840985	0.1541847358	0.3018311657
0	0.0095551422	0.7872839048	0.2031609530
0	0.0000000000	0.6057651158	0.3942348842
0	0.0000137607	0.0000000000	0.9999862393
0	0.2054067587	0.7625111313	0.0320821100
0	0.6146130764	0.1638379232	0.2215490004
0	0.4470235163	0.0284656514	0.5245108322
0	0.0000454616	0.9995264568	0.0004280816
1	0.1003718463	0.7393756208	0.1602525330
0	0.1365896146	0.8389178422	0.0244925432
0	0.5796886357	0.0000280524	0.4202833119
0	0.0178275430	0.5391729257	0.4429995313
0	0.8389714324	0.0143368757	0.1466916920
0	0.0530935256	0.5013946616	0.4455118129
0	0.1062954875	0.8738878175	0.0198166950
0	0.9421793179	0.0075477462	0.0502729358
0	0.2079259903	0.7906285789	0.0014454308
1	0.0000000012	0.4416986544	0.5583013443
0	0.9307443269	0.0678827647	0.0013729085
0	0.9836393724	0.0000000000	0.0163606276
0	0.9620178913	0.0122564743	0.0257256343
0	0.9976361004	0.0000106168	0.0023532827
0	0.7215422731	0.2730037079	0.0054540190
0	0.3579905057	0.2598555247	0.3821539697
0	0.8211744016	0.0034240604	0.1754015380
0	0.8279889492	0.0573454601	0.1146655906
1	0.0562418224	0.4020972683	0.5416609093
0	0.0027472262	0.2869850659	0.7102677079
0	0.3861648551	0.0000000000	0.6138351449
1	0.4785731769	0.3108300989	0.2105967242
0	0.0562996789	0.3840703792	0.5596299420
0	0.5281884993	0.0026951807	0.4691163200
0	0.3943250998	0.5486179084	0.0570569917
0	0.0067861730	0.1462561169	0.8469577102
1	0.9778186159	0.0146756290	0.0075057551
0	0.2231149189	0.6366137229	0.1402713582
0	0.1561209779	0.7249948108	0.1188842113
0	0.4076430766	0.5919050884	0.0004518350
0	0.1243595806	0.1948247793	0.6808156401
0	0.9019492417	0.0610404631	0.0370102952
0	0.3564133084	0.6435866914	0.0000000002
1	0.9670723433	0.0035922501	0.0293354066
0	0.0011134703	0.1256914317	0.8731950979
0	0.3913589398	0.1827159045	0.4259251557
0	0.9823043882	0.0000000000	0.0176956118
0	0.6451223572	0.2115250553	0.1433525875
0	0.2059269968	0.3879921820	0.4060808212
0	0.0027202348	0.0612594457	0.9360203195
0	0.0580388695	0.0776729794	0.8642881511
0	0.3312606233	0.3772449796	0.2914943971
1	0.1149288377	0.0079231484	0.8771480139
0	0.0822969943	0.1967552359	0.7209477698
0	0.5594997469	0.3030078302	0.1374924229
0	0.1730157295	0.0000029733	0.8269812972
0	0.0170972455	0.0939425643	0.8889601902
0	0.0000063745	0.8115353897	0.1884582358
0	0.1321366153	0.8556465323	0.0122168525
0	0.9933034442	0.0066962657	0.0000002901
0	0.7571017251	0.2341437708	0.0087545040
0	0.8704625665	0.1295329900	0.0000044435
1	0.1599027850	0.0006183574	0.8394788575
0	0.0831174571	0.0000001775	0.9168823653
0	0.0144901854	0.0017360047	0.9837738099
0	0.0176598284	0.9814985730	0.0008415987
0	0.9826455405	0.0000019746	0.0173524848
0	0.0000012988	0.0000000000	0.9999987012
0	0.7726264101	0.0000372441	0.2273363457
1	0.7772594691	0.1985855512	0.0241549797
0	0.0215356554	0.0015708291	0.9768935155
0	0.0593787809	0.8879688676	0.0526523515
0	0.4955099426	0.1445202074	0.3599698500
0	0.5917134782	0.0953751995	0.3129113223
