0	0.0000000000	0.4849849850	0.5150150150
0	0.0078356778	0.8573581897	0.1348061326
1	0.6389279386	0.1994261563	0.1616459051
0	0.1544397556	0.8435997229	0.0019605215
0	0.1921827565	0.6749407599	0.1328764836
0	0.0299737911	0.0139556917	0.9560705172
0	0.9891092560	0.0002828152	0.0106079287
1	0.6754660941	0.3245339059	0.0000000000
0	0.0079690286	0.0000035738	0.9920273976
0	0.0000032636	0.0002790198	0.9997177166
0	0.8546995724	0.0661781736	0.0791222540
0	0.0516633809	0.0092227526	0.9391138666
0	0.9984885506	0.0000509517	0.0014604977
0	0.1210708685	0.1226640876	0.7562650438
0	0.0005598720	0.0001205540	0.9993195740
0	0.8350538655	0.1649461345	0.0000000000
1	0.1233019627	0.0086812205	0.8680168167
0	0.3506515145	0.6454806133	0.0038678722
0	0.9619059376	0.0252219119	0.0128721506
1	0.1410249223	0.8589750777	0.0000000000
0	0.0123308720	0.7676233365	0.2200457914
0	0.6930683834	0.3069153750	0.0000162416
1	0.2704742712	0.6681683937	0.0613573351
0	0.3599883164	0.0023221743	0.6376895094
1	0.3169045148	0.6751530800	0.0079424052
0	0.4976854830	0.2027136967	0.2996008203
0	0.0529875687	0.9253485579	0.0216638734
0	0.0000000017	0.2551045381	0.7448954602
0	0.7518681976	0.0388890613	0.2092427411
0	0.5529571962	0.0001744551	0.4468683488
0	0.2924000647	0.2900495973	0.4175503380
0	0.0221929230	0.6669385190	0.3108685580
0	0.0140084264	0.0170914784	0.9689000952
0	0.5861094639	0.3687009096	0.0451896265
1	0.9286327646	0.0012519305	0.0701153049
0	0.3949958727	0.5669379961	0.0380661312
0	0.0705710305	0.9084295341	0.0209994354
0	0.0758400108	0.9170476965	0.0071122927
0	0.6044761086	0.0076511370	0.3878727545
1	0.9775522738	0.0128522809	0.0095954453
0	0.4138185350	0.0402417819	0.5459396832
0	0.8876652021	0.0019779382	0.1103568597
0	0.2255670239	0.0000000000	0.7744329761
0	0.0895870385	0.3897431406	0.5206698209
0	0.1205341435	0.8794596251	0.0000062314
0	0.4070319213	0.0998409655	0.4931271132
1	0.0155387153	0.9844433557	0.0000179289
0	0.0000090452	0.8195338018	0.1804571531
0	0.5168256533	0.4319377525	0.0512365942
0	0.1496689771	0.1908523367	0.6594786861
0	0.5942846586	0.2808081822	0.1249071593
0	0.6294010784	0.3620125384	0.0085863832
0	0.0000263413	0.8313019242	0.1686717345
0	0.0757351843	0.8808924641	0.0433723515
0	0.5236027992	0.2021019672	0.2742952337
0	0.3194220518	0.0574365782	0.6231413700
1	0.2286624622	0.2029783914	0.5683591464
0	0.6681254480	0.3318745520	0.0000000000
0	0.0321113961	0.5686885331	0.3992000708
0	0.6360276429	0.3579496684	0.0060226886
0	0.2578727101	0.0000000990	0.7421271908
0	0.3880393417	0.0288054975	0.5831551608
1	0.6874468613	0.1554247637	0.1571283750
0	0.0347256884	0.0119731586	0.9533011530
0	0.9024160239	0.0000256423	0.0975583338
0	0.6593218273	0.0012469738	0.3394311989
0	0.5773576935	0.3658308153	0.0568114912
0	0.9108850911	0.0424386115	0.0466762974
2	0.0000000001	0.9946148281	0.0053851718
0	0.2656509520	0.7134712599	0.0208777881
0	0.9106482137	0.0537078592	0.0356439271
0	0.7247092101	0.1239240146	0.1513667753
0	0.0839237290	0.9130927890	0.0029834820
0	0.6394649497	0.2259965545	0.1345384957
0	0.3449459393	0.0222225942	0.6328314665
0	0.2804228206	0.7087501581	0.0108270212
0	0.6697154235	0.1628455457	0.1674390308
0	0.6846383426	0.3152979166	0.0000637408
0	0.0035157953	0.7032606094	0.2932235953
0	0.3943130939	0.5523977203	0.0532891858
0	0.0177103378	0.7704043210	0.2118853412
0	0.4616961527	0.0884898650	0.4498139823
0	0.1035674496	0.1527466173	0.7436859331
0	0.9436140154	0.0043416503	0.0520443344
0	0.1787612415	0.3423021856	0.4789365729
0	0.6854378228	0.0781142793	0.2364478979
0	0.0000000004	0.0000000000	0.9999999996
0	0.0000000000	0.9022154688	0.0977845312
0	0.2478466415	0.1655374666	0.5866158919
0	0.1009794709	0.5374961336	0.3615243955
0	0.5080496753	0.3460444270	0.1459058977
0	0.2364344170	0.7635645386	0.0000010444
0	0.8126944890	0.0942412906	0.0930642205
1	0.0320635332	0.9427417518	0.0251947150
0	0.0063556925	0.9875417559	0.0061025516
0	0.6081775764	0.0004375132	0.3913849104
1	0.5392033860	0.0002908078	0.4605058063
0	0.0000014664	0.7590750966	0.2409234370
0	0.1503548911	0.7120525203	0.1375925886
0	0.1830205716	0.8169794284	0.0000000000
