0	0.5344407107	0.4655590639	0.0000002254
0	0.3186269272	0.3101491734	0.3712238994
0	0.1664916965	0.7451489117	0.0883593918
0	0.0078054664	0.5079560759	0.4842384577
1	0.4711453452	0.0302673107	0.4985873441
0	0.0762826203	0.0176594821	0.9060578976
0	0.3883765978	0.0055680078	0.6060553943
0	0.0000000001	0.0000000000	0.9999999999
0	0.1580717562	0.2503163850	0.5916118588
0	0.9176081430	0.0000000001	0.0823918569
0	0.1345148347	0.6136860901	0.2517990753
0	0.0000101181	0.9974994001	0.0024904817
0	0.9665639440	0.0127897900	0.0206462660
0	0.6877327897	0.0008967931	0.3113704173
0	0.9355143095	0.0220617667	0.0424239238
0	0.0000000000	0.4782165168	0.5217834832
1	0.9776288606	0.0000001020	0.0223710374
0	0.0624700924	0.6246202972	0.3129096104
0	0.0000542704	0.0299232983	0.9700224313
0	0.4542980039	0.5372899693	0.0084120268
0	0.0036412482	0.9807431477	0.0156156041
0	0.2781110692	0.3082886853	0.4136002456
0	0.6867809462	0.0205665234	0.2926525304
0	0.0320149382	0.0010496955	0.9669353663
0	0.4265544097	0.5488189498	0.0246266405
0	0.0420201370	0.7161583646	0.2418214984
0	0.2453752436	0.7490355653	0.0055891910
1	0.0118345374	0.9723140839	0.0158513788
0	0.7902368160	0.1737269020	0.0360362820
0	0.0103007853	0.9272131317	0.0624860830
0	0.9702326120	0.0132507810	0.0165166070
0	0.6989816527	0.1020944081	0.1989239392
0	0.0517333931	0.0000062402	0.9482603667
1	0.6942705523	0.3052234546	0.0005059932
0	0.8443774545	0.1556225455	0.0000000000
1	0.0000000954	0.9999999043	0.0000000003
0	0.9982630791	0.0017369209	0.0000000000
0	0.0013082992	0.8602727099	0.1384189909
0	0.2414649887	0.5838487236	0.1746862877
0	0.1561818608	0.8292817628	0.0145363765
0	0.0216928147	0.4212450561	0.5570621291
0	0.5555651538	0.1356293509	0.3088054954
0	0.0092666270	0.8713908651	0.1193425079
0	0.0098062655	0.4530739017	0.5371198329
1	0.6357088366	0.1392700496	0.2250211138
0	0.2891035364	0.5917445213	0.1191519423
0	0.1906716510	0.1105353829	0.6987929661
0	0.6192050402	0.2129832237	0.1678117361
0	0.0092266012	0.7207758682	0.2699975306
0	0.0155881068	0.8849968739	0.0994150194
0	0.9764256772	0.0074858783	0.0160884445
0	0.0266193849	0.0369824375	0.9363981775
0	0.9872396247	0.0107934390	0.0019669363
0	0.8082402853	0.1893931449	0.0023665698
0	0.9317936475	0.0681995217	0.0000068308
0	0.9310546076	0.0288807604	0.0400646320
2	0.7216916472	0.0084207880	0.2698875648
0	0.1268108865	0.8136324419	0.0595566716
0	0.2960054034	0.7039943286	0.0000002680
0	0.0241827257	0.2796051713	0.6962121030
1	0.4576234101	0.2579908704	0.2843857195
0	0.0003206477	0.9731443696	0.0265349826
0	0.0022101176	0.0053742240	0.9924156584
0	0.2089001529	0.4249025169	0.3661973302
0	0.7387963836	0.1508044751	0.1103991413
0	0.6195360062	0.2646246181	0.1158393757
0	0.0000149244	0.0000360787	0.9999489970
1	0.7566923943	0.2377121769	0.0055954287
0	0.0000000000	0.1285932038	0.8714067962
1	0.0338864682	0.4883922420	0.4777212899
1	0.7969261220	0.0671225794	0.1359512986
0	0.9791813474	0.0009112200	0.0199074326
0	0.6387417651	0.3612582322	0.0000000027
0	0.8332544681	0.1667455319	0.0000000000
0	0.0004462423	0.8660473807	0.1335063770
0	0.2128676300	0.7856924692	0.0014399008
0	0.4880255938	0.4582117155	0.0537626907
0	0.9157264238	0.0146537224	0.0696198538
0	0.7570267995	0.0000013160	0.2429718845
0	0.8304758321	0.0234876874	0.1460364805
0	0.3375802597	0.6556974761	0.0067222642
0	0.3174723665	0.2751483050	0.4073793285
0	0.8971002389	0.1028995914	0.0000001697
0	0.2131638431	0.0935071176	0.6933290393
1	0.0003170838	0.2734938065	0.7261891097
0	0.0000000042	0.1359656364	0.8640343594
0	0.0061580707	0.6580048249	0.3358371043
1	0.0000153763	0.7384032917	0.2615813321
0	0.6610239880	0.0000023907	0.3389736214
0	0.7881502455	0.0064339275	0.2054158270
0	0.9453474349	0.0542305172	0.0004220479
0	0.0012203899	0.9326457882	0.0661338219
1	0.4164654321	0.5006003656	0.0829342023
0	0.5706065290	0.3119657440	0.1174277270
0	0.4465586168	0.1420374004	0.4114039828
0	0.5418742771	0.2120818870	0.2460438359
0	0.0153351645	0.1371009083	0.8475639272
0	0.4505503962	0.5256951189	0.0237544849
0	0.0043971070	0.1595552979	0.8360475951
0	0.0086680692	0.4574888430	0.5338430877
