1	0.0463968668	0.1858344876	0.7677686456
0	0.1903159885	0.0295974861	0.7800865253
0	0.3430982204	0.6569017796	0.0000000000
0	0.1765529347	0.8234470570	0.0000000083
0	0.4502258149	0.1296839179	0.4200902672
0	0.0000000015	0.0500644709	0.9499355276
0	0.4077805601	0.3434973674	0.2487220725
0	0.4028376962	0.4293612199	0.1678010839
0	0.5584609007	0.0001628399	0.4413762594
1	0.2125015179	0.0000000003	0.7874984818
1	0.2086467653	0.4477398437	0.3436133910
0	0.0509477235	0.8643306561	0.0847216204
0	0.0002951651	0.1458794100	0.8538254249
0	0.1870807223	0.0035937795	0.8093254982
1	0.0014635469	0.5363124678	0.4622239853
0	0.0000000011	0.0208600741	0.9791399248
0	0.0000000000	0.0295992866	0.9704007134
0	0.0021051006	0.7112184531	0.2866764464
0	0.9136138105	0.0284942743	0.0578919152
0	0.1357431331	0.1337007661	0.7305561009
0	0.9329405735	0.0640319752	0.0030274513
0	0.1106396419	0.2303577716	0.6590025865
0	0.3732960185	0.1949330489	0.4317709326
1	0.0558628316	0.8969991372	0.0471380312
0	0.1260674156	0.0572923695	0.8166402149
0	0.0424455351	0.5082909276	0.4492635372
0	0.0129246518	0.9809151104	0.0061602378
0	0.2711252005	0.7288503145	0.0000244850
0	0.0000000000	0.9999998962	0.0000001038
0	0.1034628855	0.4107282992	0.4858088153
0	0.9652123422	0.0018888662	0.0328987916
0	0.3760908207	0.0629250642	0.5609841151
0	0.0284426462	0.8051924520	0.1663649019
1	0.5463214333	0.0523479795	0.4013305871
2	0.2159070479	0.0000000014	0.7840929507
0	0.1131391758	0.0130118239	0.8738490002
0	0.2905771678	0.4313088048	0.2781140274
0	0.8559435602	0.0690144943	0.0750419455
0	0.0011097409	0.0180709277	0.9808193314
0	0.7519213667	0.2443060564	0.0037725769
0	0.3990182133	0.2040581270	0.3969236597
0	0.9779993780	0.0000006016	0.0220000203
0	0.7882066198	0.0000000002	0.2117933800
1	0.7954480730	0.1111259190	0.0934260080
0	0.4971462314	0.3236104569	0.1792433118
0	0.3372188851	0.0864390183	0.5763420967
0	0.4052068276	0.1806793111	0.4141138613
0	0.0000000085	0.2616029313	0.7383970602
0	0.9900431442	0.0099568022	0.0000000536
0	0.0000000000	0.0002208118	0.9997791882
0	0.0487270644	0.0000000000	0.9512729356
0	0.0741154786	0.0444480909	0.8814364305
0	0.6851787459	0.3134303092	0.0013909448
0	0.0049749129	0.3566614431	0.6383636441
0	0.1734979715	0.8265020285	0.0000000000
0	0.2129478918	0.7861408457	0.0009112626
1	0.1703968801	0.8178568998	0.0117462201
0	0.3251944944	0.6747769489	0.0000285567
0	0.9981522480	0.0000403333	0.0018074187
0	0.3647013041	0.3766432063	0.2586554896
0	0.3999066719	0.3323578952	0.2677354329
0	0.6579872435	0.0496159863	0.2923967702
0	0.0012910083	0.3717534129	0.6269555788
0	0.9977268939	0.0000000000	0.0022731061
0	0.3973456019	0.5477793778	0.0548750203
1	0.0135771082	0.2860344017	0.7003884901
1	0.0019863177	0.9976186369	0.0003950454
0	0.2167705836	0.7579451467	0.0252842697
0	0.0282360497	0.3851114956	0.5866524547
0	0.5352752177	0.4645409987	0.0001837836
0	0.5089213582	0.0678538896	0.4232247522
1	0.0514599548	0.2388218594	0.7097181859
0	0.7512447460	0.2341871033	0.0145681506
0	0.4561836363	0.5438163637	0.0000000000
0	0.7865374014	0.0020347345	0.2114278641
0	0.0440826899	0.6246542755	0.3312630347
0	0.5543969315	0.3319191361	0.1136839324
0	0.0229493994	0.7590373029	0.2180132976
0	0.4089004675	0.5873883827	0.0037111498
0	0.6448745702	0.2401392039	0.1149862259
0	0.5742963145	0.3725978607	0.0531058248
0	0.0005581356	0.0220879230	0.9773539414
0	0.1305835555	0.0177340700	0.8516823745
0	0.8951209243	0.0985808492	0.0062982265
0	0.1980731586	0.8012431096	0.0006837318
0	0.0891378069	0.2356685535	0.6751936396
1	0.2936603457	0.6556098294	0.0507298250
0	0.0000185520	0.9042211998	0.0957602482
0	0.0407799104	0.2746940981	0.6845259915
1	0.0000000000	0.0614461740	0.9385538260
0	0.0000875041	0.1997084373	0.8002040585
0	0.2790239705	0.5001319321	0.2208440974
0	0.1665699082	0.2731719807	0.5602581111
0	0.0000016481	0.0031854048	0.9968129471
0	0.0005648144	0.9900052715	0.0094299141
0	0.2037621856	0.7962378144	0.0000000000
0	0.0920214232	0.1090546416	0.7989239351
1	0.3230067708	0.6589588136	0.0180344156
1	0.0345799600	0.0182823868	0.9471376532
1	0.2065504722	0.7547165098	0.0387330180
