1	0.0340237001	0.6863757167	0.2796005832
0	0.3976108024	0.0000697812	0.6023194164
0	0.8175145320	0.1822690537	0.0002164144
0	0.2520814606	0.7479185378	0.0000000016
0	0.0000039140	0.0000290584	0.9999670276
0	0.0305646525	0.3794546866	0.5899806609
0	0.7205927427	0.1284744884	0.1509327689
0	0.0008939931	0.9569038587	0.0422021481
1	0.1088780329	0.1204640596	0.7706579075
0	0.0017497063	0.0093598981	0.9888903956
0	0.5249746191	0.2628961437	0.2121292371
0	0.3956969394	0.2056543348	0.3986487258
0	0.7678552873	0.2262917577	0.0058529550
0	0.4153473018	0.1446799539	0.4399727443
0	0.0001590498	0.0002222921	0.9996186581
1	0.9881953870	0.0006907167	0.0111138963
0	0.0737805200	0.1077739516	0.8184455284
0	0.6497082156	0.0000000000	0.3502917844
0	0.1792272763	0.8067048953	0.0140678284
0	0.6550956942	0.1746282663	0.1702760395
0	0.5120091542	0.4792160418	0.0087748040
0	0.9988393211	0.0011606789	0.0000000000
0	0.0008353900	0.9840191615	0.0151454485
0	0.8556692570	0.0005414562	0.1437892868
0	0.0007580228	0.9992397689	0.0000022083
0	0.1015120921	0.7961833243	0.1023045836
0	0.2558672772	0.0000000000	0.7441327228
0	0.2243290017	0.7162969582	0.0593740400
0	0.9876344545	0.0002148641	0.0121506813
0	0.0158939627	0.0510350810	0.9330709564
0	0.9885958411	0.0038058667	0.0075982921
0	0.8552487962	0.0000151263	0.1447360775
0	0.8447878533	0.0002402454	0.1549719013
0	0.0017157870	0.2836649057	0.7146193072
0	0.8560979103	0.0120663557	0.1318357340
0	0.9718599032	0.0209435878	0.0071965090
0	0.0000000000	0.0009432336	0.9990567664
0	0.0803166669	0.8764869954	0.0431963377
0	0.0050625356	0.7098770923	0.2850603721
0	0.0170775562	0.6700013429	0.3129211010
0	0.1337392669	0.0263510898	0.8399096434
0	0.2735207666	0.0202337342	0.7062454992
0	0.9973391216	0.0001317269	0.0025291515
0	0.0348884652	0.8258869848	0.1392245499
0	0.7361243287	0.1476426243	0.1162330470
0	0.0893649327	0.8102671280	0.1003679393
0	0.6970264669	0.3029735325	0.0000000006
0	0.1483121880	0.5919364317	0.2597513803
0	0.1839780113	0.4276055657	0.3884164230
0	0.0612195170	0.8072342738	0.1315462092
0	0.7097236578	0.1231354009	0.1671409414
0	0.9486832769	0.0016110689	0.0497056541
0	0.0160605068	0.3942327397	0.5897067534
0	0.6369264911	0.3630735052	0.0000000037
0	0.0000012344	0.0544147548	0.9455840108
0	0.0367958203	0.9563460024	0.0068581773
0	0.0794189874	0.9094023220	0.0111786907
0	0.6997916806	0.1003902764	0.1998180430
0	0.1009153974	0.1819572214	0.7171273812
0	0.1979091322	0.8020897214	0.0000011464
2	0.0000000000	0.8984197774	0.1015802226
1	0.0006443105	0.0153153204	0.9840403691
0	0.3200893195	0.3624614477	0.3174492328
0	0.1517944769	0.5358433977	0.3123621254
0	0.7888355534	0.1693362120	0.0418282346
1	0.8946259177	0.0551649130	0.0502091693
0	0.7607405092	0.0620057009	0.1772537898
1	0.0159121449	0.5698454138	0.4142424413
0	0.8769452405	0.0099666402	0.1130881193
0	0.1342772852	0.8555326767	0.0101900381
0	0.7338491904	0.0229002272	0.2432505824
0	0.1340587448	0.8282989976	0.0376422576
0	0.0001119775	0.9989153231	0.0009726993
1	0.2477483762	0.6884846315	0.0637669923
0	0.1133516514	0.8862357913	0.0004125573
0	0.9224416199	0.0020250903	0.0755332898
0	0.9216831877	0.0283688685	0.0499479438
0	0.0563436646	0.9092523090	0.0344040264
0	0.1634711110	0.5031446433	0.3333842456
0	0.1811603173	0.0286213704	0.7902183123
0	0.6261029192	0.2337216809	0.1401754000
1	0.0904100524	0.3133331997	0.5962567479
0	0.1318302459	0.5015826335	0.3665871206
1	0.0134915074	0.4228476519	0.5636608407
0	0.8606317776	0.0351969240	0.1041712984
0	0.0041091990	0.0007983021	0.9950924989
0	0.0308497244	0.4779596888	0.4911905868
1	0.0979414819	0.1456331958	0.7564253223
0	0.9319845616	0.0004630136	0.0675524247
1	0.0089022149	0.0002338928	0.9908638923
0	0.8397551166	0.0000000009	0.1602448824
0	0.2160680497	0.0000000000	0.7839319503
0	0.8759147299	0.0679853542	0.0560999160
0	0.6149493803	0.2223068402	0.1627437795
0	0.0195811691	0.9220219100	0.0583969210
0	0.0473734566	0.0203981086	0.9322284348
0	0.0955254609	0.7029072155	0.2015673236
0	0.0000000000	0.0345706543	0.9654293457
0	0.4139212602	0.5771826988	0.0088960410
0	0.2585651877	0.5653888841	0.1760459282
