0	0.9329548280	0.0005748962	0.0664702757
0	0.3771663470	0.0234582185	0.5993754345
0	0.1529211234	0.0221802448	0.8248986318
1	0.9829576725	0.0169553880	0.0000869395
0	0.1041726301	0.3024966715	0.5933306985
0	0.2273071441	0.6363770922	0.1363157637
0	0.0151733614	0.0162407333	0.9685859053
0	0.2257221856	0.7736831000	0.0005947144
0	0.7929705635	0.1983416113	0.0086878252
0	0.3364949995	0.0306064183	0.6328985821
1	0.5237136360	0.3508732535	0.1254131105
0	0.9637268068	0.0219108925	0.0143623007
0	0.6408867169	0.0443675796	0.3147457035
0	0.5939996839	0.4059053233	0.0000949927
0	0.2305004306	0.0000000000	0.7694995694
0	0.3306199467	0.0096888716	0.6596911817
0	0.2396061518	0.3007752784	0.4596185697
0	0.4216021027	0.4790551469	0.0993427504
0	0.9223504331	0.0444032716	0.0332462953
0	0.0439436995	0.8657147880	0.0903415125
1	0.6355302633	0.0559580647	0.3085116721
0	0.8866736840	0.0786381159	0.0346882001
0	0.8301008684	0.1698990356	0.0000000960
0	0.6199026680	0.2216412580	0.1584560740
0	0.9995923428	0.0000000038	0.0004076534
1	0.1228457272	0.0989113823	0.7782428905
0	0.3016213844	0.0001318341	0.6982467814
0	0.0245937239	0.1164100407	0.8589962355
0	0.9193859042	0.0019395953	0.0786745005
0	0.6532865633	0.2399957826	0.1067176541
0	0.0145271970	0.0004337900	0.9850390129
0	0.0010708826	0.9100166327	0.0889124848
0	0.4953891127	0.0000000066	0.5046108807
0	0.9114737139	0.0740599713	0.0144663148
0	0.0475081283	0.2557992699	0.6966926018
0	0.8798364265	0.0885007550	0.0316628186
0	0.0104145943	0.5644871468	0.4250982589
0	0.0278390427	0.0001767595	0.9719841978
0	0.6365463154	0.2433710084	0.1200826762
0	0.0010761599	0.7381706704	0.2607531697
0	0.0082453301	0.0554461533	0.9363085166
0	0.1027635542	0.0008128310	0.8964236149
0	0.4145244508	0.5775585893	0.0079169599
0	0.7091606716	0.2905254017	0.0003139267
0	0.0000210578	0.7667198598	0.2332590823
0	0.5281997426	0.0000000013	0.4718002561
0	0.6062941955	0.3900422680	0.0036635365
0	0.0476682523	0.9146199927	0.0377117551
0	0.9903685884	0.0096314037	0.0000000079
0	0.0000014556	0.0000004710	0.9999980734
1	0.0017973951	0.3076686430	0.6905339619
0	0.9981632654	0.0000000000	0.0018367346
0	0.3245920287	0.2884386577	0.3869693136
0	0.0009615455	0.9891882926	0.0098501620
0	0.8242496986	0.1642061353	0.0115441661
0	0.1574094477	0.0057750373	0.8368155150
0	0.9801060921	0.0197058880	0.0001880199
0	0.0000216597	0.0000365866	0.9999417537
0	0.3140428165	0.6858150560	0.0001421276
0	0.1630093204	0.6279982070	0.2089924726
1	0.8701826538	0.0982655276	0.0315518186
0	0.1183274635	0.8057598985	0.0759126380
0	0.0210023446	0.4322223840	0.5467752714
0	0.0000000000	0.1028189391	0.8971810609
0	0.9342211717	0.0007389152	0.0650399131
0	0.3866361594	0.0027256709	0.6106381697
1	0.0568766474	0.9421919048	0.0009314477
1	0.0000000000	0.9998730674	0.0001269326
0	0.0018089825	0.8117854022	0.1864056153
0	0.1098735260	0.3725010337	0.5176254404
0	0.0770367207	0.4429575640	0.4800057153
0	0.1730198596	0.6184279016	0.2085522388
0	0.0378643554	0.0133392890	0.9487963556
0	0.6159682500	0.1382435777	0.2457881724
0	0.1493994473	0.7395614849	0.1110390678
0	0.0000000000	0.9961819726	0.0038180274
1	0.0088187762	0.7004462874	0.2907349364
0	0.2273908429	0.0504114119	0.7221977452
0	0.5697492731	0.0903417097	0.3399090172
0	0.2857295470	0.3136171747	0.4006532783
0	0.3629186870	0.2230813678	0.4139999452
2	0.2444370105	0.0455114826	0.7100515069
0	0.0001181266	0.9795848308	0.0202970426
1	0.5205518032	0.1005012944	0.3789469024
0	0.9002130638	0.0950002543	0.0047866818
0	0.4930607378	0.4651088345	0.0418304277
0	0.0015999239	0.9983979879	0.0000020883
0	0.2124998964	0.2412840486	0.5462160550
0	0.0099138267	0.1203912756	0.8696948977
0	0.2030188813	0.4139076400	0.3830734786
0	0.0000000000	0.2320734502	0.7679265498
0	0.2618595589	0.7373956239	0.0007448172
0	0.0000000019	0.2374036063	0.7625963918
0	0.1283719988	0.0632168431	0.8084111581
0	0.0842874446	0.0878834569	0.8278290986
0	0.0006063095	0.1277106082	0.8716830823
0	0.2607114459	0.4268171454	0.3124714087
0	0.7150674504	0.1425171236	0.1424154260
0	0.3127278167	0.6268611712	0.0604110121
1	0.0741641025	0.2749076566	0.6509282409
