0	0.4961337105	0.4681734349	0.0000000000	0.0356925522	0.0000003024
0	0.2431532701	0.6820413311	0.0173288517	0.0192240438	0.0382525033
0	0.0002122511	0.1745216939	0.5041709099	0.0002628412	0.3208323040
0	0.0143073534	0.0000174848	0.5555727401	0.0114370718	0.4186653499
0	0.4417576484	0.3500735812	0.0009626986	0.0022389312	0.2049671405
0	0.1035820446	0.0000013275	0.8344409003	0.0000585360	0.0619171916
0	0.1297183447	0.0000433377	0.2764630793	0.5937752383	0.0000000000
0	0.0019345525	0.0000000000	0.4623670976	0.4036364583	0.1320618917
0	0.8355784656	0.0207212809	0.0315386068	0.0000015428	0.1121601038
0	0.0204247974	0.3621478013	0.5934665086	0.0000000000	0.0239608927
0	0.0338407826	0.2529761937	0.1473162915	0.4737972819	0.0920694502
0	0.0206038560	0.0154493097	0.0097016453	0.4434893597	0.5107558294
0	0.0002324096	0.9919548132	0.0000000000	0.0075044296	0.0003083475
0	0.2233383793	0.0219579585	0.0214072506	0.2022968834	0.5309995281
0	0.0010712283	0.6019529550	0.2795285274	0.0069018992	0.1105453901
0	0.0428621207	0.0846879772	0.0004399407	0.8663059882	0.0057039732
1	0.0007698677	0.0034087534	0.9820963697	0.0008906228	0.0128343865
0	0.3566234250	0.0009675258	0.0044874793	0.0002186954	0.6377028746
0	0.0000029617	0.2119105878	0.4607143516	0.3259797112	0.0013923876
0	0.0187378651	0.1434634356	0.1738541212	0.5304024649	0.1335421132
0	0.3710270907	0.0000438501	0.0367032953	0.0063854367	0.5858403272
0	0.0000386604	0.5654969074	0.1175913236	0.0000000000	0.3168731087
1	0.0443144535	0.1690216962	0.0852561333	0.0009647598	0.7004429572
0	0.0066194934	0.0157358903	0.9376009129	0.0000000012	0.0400437021
0	0.0006750915	0.0000001009	0.9947273221	0.0035497232	0.0010477623
0	0.0374770476	0.0008849373	0.9299506899	0.0315178053	0.0001695198
0	0.1405129046	0.2072565978	0.0207898303	0.1897726267	0.4416680406
0	0.0196956678	0.0009212326	0.5622227833	0.2991363007	0.1180240157
0	0.4624699219	0.0250472401	0.4860873820	0.0214573784	0.0049380776
0	0.0740299925	0.2472369129	0.1553787007	0.3864509426	0.1369034513
0	0.1857961621	0.0154260034	0.0047339140	0.2692841571	0.5247597634
0	0.0296764178	0.7466226443	0.0892711366	0.0061326606	0.1282971407
1	0.0261613706	0.8971530658	0.0499330006	0.0087874702	0.0179650928
0	0.0954488667	0.1986932539	0.1028335811	0.5542943377	0.0487299606
0	0.6718128828	0.1558763982	0.0124945265	0.0530718366	0.1067443559
0	0.2039890064	0.6828231369	0.1126963255	0.0004257745	0.0000657567
0	0.0572505675	0.1389744502	0.0000000000	0.0391313897	0.7646435925
0	0.0793840890	0.1596511162	0.0210116150	0.6529737100	0.0869794698
0	0.0000144452	0.3378169876	0.4851789003	0.1416145639	0.0353751029
0	0.0885557349	0.0000000000	0.3808177915	0.4367793971	0.0938470766
0	0.5060944255	0.0609046194	0.0083361507	0.4246647985	0.0000000060
0	0.1373800887	0.4723305252	0.0070936443	0.3338411561	0.0493545857
0	0.4269890827	0.4892461252	0.0000000000	0.0774385617	0.0063262304
0	0.0093021468	0.2673839336	0.7232119225	0.0001019957	0.0000000014
0	0.7138716775	0.0750848938	0.0146624185	0.0486311870	0.1477498232
0	0.3004919044	0.0001096958	0.2068017287	0.0023488124	0.4902478586
0	0.1226355298	0.1505470406	0.1165765160	0.5913181055	0.0189228081
0	0.0005822738	0.6253098322	0.3587837994	0.0002212591	0.0151028354
0	0.0797764702	0.8165085402	0.0200900683	0.0110922174	0.0725327039
0	0.0000000009	0.4898906986	0.0095732005	0.4999446712	0.0005914288
0	0.1508789311	0.0000003443	0.0069363192	0.7732461236	0.0689382818
0	0.2792525299	0.0280386091	0.0730380486	0.3998612688	0.2198095436
0	0.0227893815	0.3437552929	0.0000002150	0.5871579574	0.0462971532
0	0.0926953360	0.6368530897	0.1634611092	0.1069869128	0.0000035524
0	0.1729943671	0.2105901775	0.1212669324	0.4951485228	0.0000000003
0	0.1440823949	0.0574496579	0.0299826650	0.3812637451	0.3872215371
0	0.0000003121	0.2920277016	0.0122037598	0.6018478220	0.0939204045
1	0.0065196406	0.0084818944	0.5318180634	0.4531708563	0.0000095453
0	0.0078279476	0.2346821536	0.3318425433	0.0335320460	0.3921153095
0	0.0733875571	0.0802338970	0.0785069537	0.7005185880	0.0673530041
0	0.0000000113	0.0035329480	0.0648922301	0.8816496762	0.0499251344
1	0.0164364354	0.2264739323	0.0070619778	0.3962859880	0.3537416664
0	0.0020677632	0.1322905690	0.0279500250	0.8079371281	0.0297545146
0	0.0715590836	0.1978600416	0.2200104084	0.0365320030	0.4740384634
0	0.1946268314	0.2683075721	0.3754250403	0.1256043316	0.0360362247
0	0.0115815887	0.6544099637	0.2922607481	0.0007200520	0.0410276475
0	0.0422251827	0.0239200005	0.7597433810	0.0047943169	0.1693171189
0	0.0000000000	0.6106144915	0.2621171380	0.1263444171	0.0009239533
0	0.0321816778	0.6479616886	0.0339344534	0.0326309375	0.2532912426
0	0.0000000000	0.0056245124	0.0001458280	0.8946209659	0.0996086937
0	0.0001140102	0.9261600237	0.0618676912	0.0112996490	0.0005586260
0	0.1017169200	0.2308522214	0.5151917678	0.0008349051	0.1514041857
0	0.1184500675	0.1084043771	0.5495679733	0.2051286592	0.0184489229
2	0.0026969321	0.0704935295	0.1307664522	0.7341559588	0.0618871274
0	0.7011459074	0.0002521953	0.2078927746	0.0749362967	0.0157728259
0	0.0020047714	0.0421874185	0.0027439657	0.3044915012	0.6485723432
0	0.0422518808	0.0589481370	0.2197563345	0.0375845167	0.6414591310
0	0.4914259497	0.0256666632	0.0019568652	0.1894100321	0.2915404898
0	0.0339045567	0.5128601972	0.2876560193	0.1655347288	0.0000444980
0	0.0090512435	0.8910228304	0.0536583302	0.0194312328	0.0268363632
0	0.0248044989	0.1508549093	0.0000000002	0.1806536964	0.6436868952
0	0.0341640334	0.0306784341	0.0007475148	0.8874614984	0.0469485193
0	0.2264090252	0.0375904176	0.1977224344	0.4329618036	0.1053163193
0	0.0206471066	0.0051593703	0.9152510766	0.0000000000	0.0589424465
0	0.1134237387	0.0809197224	0.1740762062	0.0004541182	0.6311262145
0	0.1769369060	0.0176548784	0.0761600341	0.3359096262	0.3933385553
0	0.4252862767	0.4133402330	0.1094253746	0.0292188150	0.0227293006
0	0.2653629310	0.1791542015	0.0053286633	0.0681560041	0.4819982000
0	0.2449021148	0.0090214805	0.6002942251	0.1132977640	0.0324844155
0	0.8673113157	0.0000023693	0.1094217187	0.0000000923	0.0232645040
0	0.5169290134	0.0470497688	0.0290225538	0.0030298438	0.4039688202
0	0.0653862864	0.0001179487	0.3733890725	0.5611066925	0.0000000000
0	0.1033618562	0.0054818820	0.8725900944	0.0000489546	0.0185172128
0	0.0370820682	0.8855168287	0.0051353761	0.0092206495	0.0630450776
0	0.0018411841	0.2062186275	0.0382423883	0.2034857055	0.5502120947
0	0.1168090005	0.0411392318	0.0292026786	0.7740233908	0.0388256982
0	0.0406431197	0.0006136163	0.0147089935	0.0091349677	0.9348993027
1	0.0168251620	0.0082688144	0.1717689671	0.0000000000	0.8031370565
0	0.0007781224	0.0121478875	0.9420529119	0.0001658483	0.0448552298
0	0.1621922981	0.0506977963	0.0194325758	0.7258588039	0.0418185260
