1	0.3251058210	0.0937791753	0.2811520596	0.0188131151	0.2811498289
0	0.2256396271	0.0288685726	0.7357996082	0.0001252042	0.0095669879
0	0.0000232616	0.0439257887	0.0731477812	0.7861575802	0.0967455884
1	0.0008909196	0.2357102127	0.5853170120	0.0485894555	0.1294924003
0	0.0013734733	0.1874760952	0.0004707862	0.0000868363	0.8105928091
0	0.0000320610	0.0997797331	0.0000000062	0.5315645514	0.3686236483
0	0.1134743628	0.1305278719	0.1605321570	0.0088974192	0.5865681891
0	0.0436183487	0.8990844530	0.0154001193	0.0112984386	0.0305986403
0	0.2314146848	0.0263559890	0.0685185114	0.3841528427	0.2895579721
0	0.0027896862	0.0014486383	0.2759430026	0.0134189070	0.7063997659
0	0.9681183290	0.0259733089	0.0008724748	0.0020675824	0.0029683050
0	0.0000000000	0.0134344876	0.4172584639	0.5650936679	0.0042133806
0	0.2598702308	0.0000000000	0.2727493184	0.4366313364	0.0307491145
0	0.3377312137	0.0000001139	0.5017814310	0.1604840882	0.0000031532
1	0.0081648296	0.5176253368	0.0000000000	0.0197270704	0.4544827631
0	0.9976490679	0.0023056931	0.0000000000	0.0000452390	0.0000000000
0	0.0000000006	0.2074033751	0.2478903467	0.2204946385	0.3242116391
0	0.2497687581	0.0129964883	0.0843477229	0.1282613789	0.5246256518
0	0.1199777958	0.0660618215	0.0022021424	0.7630133297	0.0487449106
0	0.1265533155	0.0178275686	0.0010247334	0.1700223768	0.6845720056
1	0.0602812713	0.0967020635	0.6243915593	0.0000012705	0.2186238354
0	0.1160285585	0.5756878371	0.0754616381	0.2276642859	0.0051576804
0	0.0468153130	0.0232467703	0.0308354857	0.8991024308	0.0000000002
1	0.0195073476	0.4086360477	0.4377447490	0.0003459604	0.1337658953
0	0.5982154639	0.0345953414	0.1126920120	0.1341293391	0.1203678436
0	0.1983277822	0.1386662034	0.3904631525	0.1868387943	0.0857040676
0	0.2168094933	0.6683970228	0.0786875458	0.0000012361	0.0361047020
0	0.3896584050	0.0351938923	0.4332364633	0.0446281078	0.0972831316
0	0.1771084362	0.0022066028	0.0053535716	0.8138404564	0.0014909331
0	0.0763752912	0.8142575358	0.0217977588	0.0014202744	0.0861491398
0	0.0691569719	0.0673820616	0.1957815942	0.5474716335	0.1202077387
0	0.8685085210	0.0449543451	0.0008151845	0.0857154421	0.0000065073
1	0.3679684639	0.2356107823	0.0000000001	0.1263594492	0.2700613046
0	0.1192674124	0.0722562002	0.0011487001	0.7996058897	0.0077217976
0	0.0000018060	0.8205600729	0.1792936106	0.0000000000	0.0001445105
0	0.1898013060	0.4083413180	0.2934340791	0.1084232969	0.0000000000
0	0.0005853291	0.9550486299	0.0009068965	0.0339870109	0.0094721337
0	0.0982834317	0.2878699276	0.0556478322	0.0573005021	0.5008983065
0	0.0073888646	0.2705608118	0.0331475431	0.4588934286	0.2300093520
0	0.0001159389	0.5023971645	0.0000000866	0.1396801808	0.3578066293
0	0.0000946794	0.0000000003	0.5295938639	0.0584911509	0.4118203055
0	0.0433311930	0.2017217358	0.5330197758	0.2219272955	0.0000000000
0	0.1625163451	0.0823783017	0.0282401721	0.2302587428	0.4966064383
0	0.4924046349	0.4108217311	0.0000001665	0.0908197106	0.0059537568
1	0.0177704182	0.1569607545	0.6545554636	0.1434041886	0.0273091751
0	0.0327713607	0.4516176874	0.4971459822	0.0014456270	0.0170193427
0	0.0000000438	0.0834006837	0.9053598356	0.0000142538	0.0112251831
0	0.0066875931	0.0529005542	0.0000384921	0.9399642128	0.0004091478
0	0.3481586043	0.0000000000	0.0873793295	0.5619173546	0.0025447116
0	0.0472265840	0.0967842070	0.0432019401	0.7158079065	0.0969793624
0	0.1529445809	0.6187603278	0.0000000186	0.0531406203	0.1751544524
0	0.0417331814	0.8073657538	0.0609956841	0.0899053808	0.0000000000
0	0.0898736843	0.2469516209	0.0821595366	0.0414723940	0.5395427643
0	0.3339181670	0.0473252604	0.0000186715	0.1057457944	0.5129921067
0	0.2243926851	0.2844765500	0.0016899608	0.0788242693	0.4106165347
0	0.4575261438	0.5275641413	0.0132663971	0.0015726604	0.0000706574
0	0.6709436870	0.0130081247	0.0001176810	0.2965391730	0.0193913344
0	0.0658825347	0.0792966715	0.3878872742	0.2115515085	0.2553820111
0	0.5200381856	0.0100583198	0.0329414296	0.2931606485	0.1438014166
0	0.1229405497	0.3944286132	0.1970974886	0.0940207674	0.1915125811
0	0.0346987065	0.4628416454	0.0812337948	0.0014523831	0.4197734703
0	0.9636223693	0.0361922981	0.0001155347	0.0000697979	0.0000000000
0	0.0001190698	0.0067295621	0.6495512327	0.0000634146	0.3435367209
0	0.5228111806	0.1045434367	0.1632602559	0.0143429315	0.1950421953
0	0.0106029842	0.1673859373	0.3175215717	0.0300344933	0.4744550136
0	0.0090709951	0.0487518826	0.1430977290	0.7578758282	0.0412035652
0	0.7160306831	0.0193463990	0.1355163627	0.0443884400	0.0847181152
1	0.3628205998	0.0683720755	0.0742162227	0.3882118735	0.1063792285
0	0.0007374271	0.0439538400	0.2744809070	0.2280629447	0.4527648812
0	0.6268009490	0.2092276184	0.0322440115	0.0217232477	0.1100041734
0	0.0090100936	0.0244873076	0.8576736645	0.0910705662	0.0177583680
0	0.1269170794	0.5218227964	0.2626743903	0.0885856786	0.0000000554
0	0.2257814684	0.5276801142	0.0647134106	0.0015314026	0.1802936042
0	0.1069356304	0.2507859041	0.0474803350	0.4446203415	0.1501777890
0	0.0003296371	0.0000001104	0.0765987610	0.6772467642	0.2458247273
0	0.6515330312	0.3383672454	0.0100304284	0.0000686145	0.0000006805
1	0.1677743690	0.4562033574	0.0569299805	0.0563034685	0.2627888247
0	0.2075678268	0.0000000000	0.0000035784	0.5071398133	0.2852887815
1	0.1585050290	0.0013711431	0.7169290971	0.0781115531	0.0450831777
0	0.3650449731	0.1954485913	0.4057528272	0.0083894757	0.0253641326
0	0.4073903964	0.2363876311	0.1044067579	0.0920152563	0.1597999582
0	0.0000485336	0.6879470456	0.0120561376	0.0074395671	0.2925087161
0	0.1774435695	0.2885288631	0.0395104375	0.0071741416	0.4873429882
0	0.3088279479	0.1315457563	0.0286278845	0.5058401112	0.0251583001
0	0.0030544801	0.1079509316	0.0000000012	0.0660230351	0.8229715519
0	0.1671204776	0.0672885882	0.0000173094	0.0027050347	0.7628685900
2	0.7897764761	0.0227734820	0.0092450872	0.0723161115	0.1058888432
0	0.0320648068	0.0125837664	0.9477448291	0.0000000087	0.0076065891
0	0.0176760172	0.8757357315	0.0011228528	0.0796324087	0.0258329897
1	0.1068234350	0.0262708224	0.0458246232	0.0032536593	0.8178274601
0	0.0314324453	0.0101260029	0.9580897772	0.0000646264	0.0002871482
0	0.5784535314	0.2038323371	0.1715945194	0.0314752748	0.0146443373
0	0.1391608066	0.6026389212	0.0963965534	0.0735855396	0.0882181792
0	0.1098658745	0.1075331694	0.5065907064	0.2410129645	0.0349972853
0	0.2057772798	0.3590673893	0.1359677446	0.1078837166	0.1913038697
0	0.1643315827	0.0000439899	0.2581477079	0.1554761855	0.4220005341
0	0.0568565027	0.0836610972	0.0001401567	0.4985764255	0.3607658178
0	0.6637962553	0.0060351585	0.0146926936	0.3154596962	0.0000161964
0	0.2263411927	0.0509246500	0.1261343035	0.3075925842	0.2890072696
0	0.0044461155	0.0060953505	0.1654923828	0.0000418787	0.8239242726
