0	0.1702404301	0.0474640222	0.0810359202	0.7002033362	0.0010562914
0	0.1672474917	0.0268832186	0.0264730723	0.6464773415	0.1329188760
0	0.0029492550	0.2998428097	0.1331021790	0.0000011432	0.5641046130
0	0.0004328060	0.0209533317	0.3378513077	0.6220038461	0.0187587083
0	0.0336294275	0.0034798509	0.7959601161	0.0000001532	0.1669304522
0	0.0002387477	0.0006944441	0.0000000017	0.0091177797	0.9899490268
0	0.8841868951	0.0000000042	0.0640969651	0.0125394806	0.0391766550
0	0.1595644942	0.6225239976	0.1277693385	0.0886873496	0.0014548200
0	0.2293637961	0.0005355058	0.1548323918	0.3452632533	0.2700050530
0	0.0267415272	0.0108759217	0.0068665468	0.3397569855	0.6157590188
0	0.2686824629	0.0076809634	0.0318837870	0.6377114905	0.0540412963
0	0.1108222681	0.2826251957	0.4940979227	0.0458828032	0.0665718103
0	0.0458460978	0.0044022214	0.4573416475	0.3530180574	0.1393919759
0	0.0572742777	0.1804908215	0.0000004491	0.0001447039	0.7620897479
0	0.7678047084	0.1762930976	0.0010830417	0.0548191517	0.0000000005
0	0.0000000032	0.0000000000	0.0000100901	0.1969618362	0.8030280705
0	0.1841216060	0.7418807648	0.0733005697	0.0006894760	0.0000075835
0	0.0200303355	0.0686586177	0.0802072965	0.8073373970	0.0237663533
0	0.0001336043	0.2995432026	0.0909642649	0.2503992538	0.3589596743
0	0.4550064888	0.2987606712	0.0157233232	0.2305091038	0.0000004130
0	0.0069445997	0.2994630190	0.0213746911	0.6410556913	0.0311619988
0	0.1171971423	0.0740823453	0.1081673896	0.0566280879	0.6439250350
0	0.1421016730	0.6768456168	0.0000000000	0.1768165682	0.0042361420
0	0.0374303356	0.1075204380	0.0169682386	0.1276425164	0.7104384714
0	0.0567804127	0.0407817307	0.0000082811	0.8383712642	0.0640583112
0	0.6085280683	0.0000032966	0.1957853914	0.1608121290	0.0348711147
1	0.6546341274	0.0198296712	0.0023175864	0.0562144335	0.2670041816
1	0.0815581382	0.0042976609	0.4247041346	0.3440157394	0.1454243269
0	0.4046535489	0.0415258607	0.0000000259	0.1680337504	0.3857868140
0	0.1484887797	0.2325782411	0.0512307731	0.3197370849	0.2479651212
0	0.0688950184	0.0404272578	0.4199215838	0.1950452934	0.2757108467
2	0.0000046762	0.7566027254	0.0902404930	0.0000000391	0.1531520663
0	0.2051631361	0.0317345978	0.0278560762	0.1731439413	0.5621022485
0	0.0057740536	0.0804210175	0.8660335529	0.0403761932	0.0073951828
0	0.0052180064	0.9460685247	0.0013293469	0.0451457304	0.0022383916
0	0.0209440054	0.0663813167	0.7240541715	0.1537851342	0.0348353721
0	0.0000015655	0.2867396482	0.4202575201	0.1056364021	0.1873648641
1	0.0150433845	0.0866007635	0.2851146875	0.4785833878	0.1346577768
0	0.6021262894	0.0006163450	0.0784167626	0.0000006952	0.3188399078
0	0.0095642661	0.4141908724	0.3464095052	0.2298329572	0.0000023991
1	0.0796622458	0.0370923275	0.4698703741	0.1664427415	0.2469323111
0	0.3128377567	0.0000027651	0.0317142609	0.6481959956	0.0072492217
0	0.0421664571	0.1235481045	0.0179129640	0.6556098828	0.1607625916
0	0.0163238671	0.0000000007	0.0003245714	0.9741683307	0.0091832302
0	0.2610353744	0.6831666289	0.0353207871	0.0074324633	0.0130447462
1	0.2481988844	0.2242760759	0.1108982321	0.2407051824	0.1759216251
0	0.0156198584	0.0020491425	0.9705407671	0.0001343033	0.0116559287
0	0.0039804148	0.1211017597	0.0023121844	0.0415877966	0.8310178445
0	0.0497706519	0.0928228290	0.0394393301	0.7639844513	0.0539827378
0	0.0599494113	0.0000014387	0.0329013001	0.5160117537	0.3911360962
0	0.0050281783	0.1790566599	0.7484219224	0.0401667990	0.0273264404
0	0.0319830550	0.5931661142	0.2614975468	0.0729667369	0.0403865472
0	0.0815045792	0.6761262762	0.0753727565	0.1484613084	0.0185350796
0	0.0085425003	0.0491990540	0.4800604287	0.4445426707	0.0176553463
0	0.0000008907	0.1216939463	0.1887704272	0.4646545277	0.2248802082
0	0.0000711036	0.4213482608	0.2190914180	0.1219572582	0.2375319594
0	0.0612910293	0.6223104953	0.0739309179	0.1341468602	0.1083206974
0	0.0003316526	0.0004746268	0.7572385423	0.1936593208	0.0482958576
0	0.0037155662	0.4157907182	0.3510244299	0.2281089094	0.0013603763
0	0.9228285373	0.0120179459	0.0000035364	0.0000000803	0.0651499001
0	0.4969963602	0.0082575520	0.0387228119	0.0778200383	0.3782032375
0	0.0000003617	0.8168230910	0.0035044949	0.0026178987	0.1770541538
0	0.0013161010	0.1223485534	0.0004237482	0.7155474600	0.1603641375
0	0.7570364907	0.0001766703	0.0005246328	0.2326804313	0.0095817750
1	0.4699178555	0.0942556066	0.0000000000	0.0527067531	0.3831197849
0	0.6193859085	0.0857384517	0.0095185151	0.2000967513	0.0852603733
0	0.8581404225	0.0350241330	0.0101421903	0.0817074313	0.0149858229
0	0.0000715868	0.0000001816	0.1272705778	0.5878390853	0.2848185686
0	0.3139615175	0.0000128842	0.0110701042	0.1740437780	0.5009117162
0	0.0000278999	0.0342135216	0.6005550090	0.0193555174	0.3458480521
0	0.7251310493	0.0098226675	0.0120987217	0.0208244377	0.2321231238
0	0.0432987353	0.1878946570	0.0000000002	0.7485962970	0.0202103105
0	0.1115980935	0.1084954440	0.2126627048	0.3147655405	0.2524782173
0	0.0557143438	0.6063606112	0.0280789701	0.0613872643	0.2484588106
0	0.0913791329	0.0203085068	0.5829639284	0.1973172864	0.1080311456
0	0.7718761885	0.0000000016	0.2274681098	0.0006557002	0.0000000000
0	0.0114528449	0.1501449354	0.2120834032	0.4969022977	0.1294165189
0	0.5169845427	0.1343926147	0.0003040347	0.3478365024	0.0004823056
0	0.1065714084	0.0078177361	0.0236147849	0.2544267907	0.6075692799
0	0.0000561190	0.8368243966	0.0927997626	0.0660856658	0.0042340560
0	0.0650870742	0.0002138983	0.2226663338	0.0000003099	0.7120323838
0	0.0953323940	0.0218758708	0.0070485296	0.8032142293	0.0725289763
0	0.3520083243	0.0507067136	0.3931415006	0.0000129773	0.2041304841
0	0.7494198430	0.0000000000	0.2020787022	0.0407546340	0.0077468209
0	0.1132476943	0.0006803017	0.0001768969	0.8626894098	0.0232056974
0	0.0012207231	0.1009169444	0.1779080526	0.6870185261	0.0329357539
0	0.7427041945	0.1527649571	0.0494189928	0.0008139418	0.0542979139
0	0.0180921694	0.2812191243	0.1526715196	0.1278322876	0.4201848991
0	0.0007876787	0.4584250996	0.2357269091	0.0658931115	0.2391672011
0	0.1974838612	0.0002718570	0.0419028971	0.5580423452	0.2022990395
0	0.4602319018	0.1361616293	0.2665682990	0.0020362897	0.1350018802
0	0.3927908480	0.1486499705	0.1122571493	0.0084004291	0.3379016031
1	0.5023689342	0.3221299665	0.1343126324	0.0105534995	0.0306349674
0	0.3447374170	0.0619348323	0.0037790201	0.4754776719	0.1140710587
0	0.2258602037	0.0000000342	0.2342728837	0.3230010764	0.2168658019
0	0.0276640106	0.1845905269	0.0704034822	0.7156481123	0.0016938680
0	0.1099215531	0.2265371371	0.1481896097	0.3396832384	0.1756684618
0	0.4930626146	0.0001319862	0.0001517046	0.0082968328	0.4983568619
0	0.0135578794	0.0002969521	0.0609970459	0.8974038988	0.0277442238
1	0.0500080610	0.0207005145	0.0883870315	0.8407066918	0.0001977012
