0	0.0024433148	0.0014117262	0.9905336256	0.0001092310	0.0055021024
0	0.0863455488	0.0000464628	0.1069515004	0.0000000031	0.8066564849
0	0.0091204377	0.0528779031	0.1652316804	0.0028548626	0.7699151162
0	0.0154892982	0.0739889123	0.8396906053	0.0005756846	0.0702554997
0	0.4861695322	0.4593997128	0.0054562038	0.0441250903	0.0048494608
0	0.0047418852	0.2024594057	0.0007396329	0.6646126208	0.1274464554
1	0.6217426112	0.0000001470	0.0112417116	0.3241726359	0.0428428943
0	0.1003934588	0.0000122608	0.0001344319	0.0591583402	0.8403015082
0	0.0020475369	0.0000000183	0.1350363635	0.2929550299	0.5699610514
0	0.5426626890	0.0001326030	0.1902735549	0.2132817680	0.0536493851
0	0.4162987982	0.0026487327	0.0003182043	0.5807337813	0.0000004836
1	0.0000045279	0.0649042366	0.3015957000	0.4438176394	0.1896778961
0	0.2799119278	0.0000009006	0.3369238026	0.1338464195	0.2493169496
0	0.2060939486	0.0590798989	0.2587699275	0.4642464242	0.0118098008
0	0.0260316465	0.0712430903	0.0208279133	0.8780551872	0.0038421627
0	0.0900902864	0.1410491645	0.0000000000	0.5209950436	0.2478655055
0	0.2137456221	0.0489584573	0.7372910529	0.0000048667	0.0000000010
0	0.1853290327	0.5342625175	0.1371660112	0.1052542633	0.0379881754
0	0.0800050575	0.3331987105	0.5374762067	0.0243818044	0.0249382209
0	0.0014278333	0.0209425085	0.1215995377	0.5068599187	0.3491702018
0	0.0180874270	0.3066627097	0.0519508482	0.6208681224	0.0024308927
0	0.8380829714	0.0755016060	0.0018374685	0.0845774534	0.0000005007
0	0.2140075334	0.0807740333	0.0462575809	0.5952835831	0.0636772693
0	0.1663809340	0.0553090997	0.1426866537	0.6215537186	0.0140695940
0	0.0070772714	0.0386611460	0.3113041114	0.0142659985	0.6286914727
1	0.0031354984	0.0150203750	0.9248528662	0.0569912605	0.0000000000
0	0.1293927947	0.2925390762	0.0405837062	0.2051568000	0.3323276229
0	0.0000000000	0.7007179444	0.2823777981	0.0094881789	0.0074160786
0	0.0000000000	0.0017435731	0.3351941003	0.0960946541	0.5669676724
0	0.0588075386	0.0047080684	0.9225857919	0.0000176676	0.0138809335
0	0.0391173520	0.0575385425	0.0048759791	0.1397891708	0.7586789556
0	0.0580980894	0.0158685133	0.2530608564	0.5232056049	0.1497669360
1	0.3449444102	0.2172296813	0.3448192115	0.0596189690	0.0333877279
0	0.4862615660	0.1360728910	0.0930207752	0.2328003809	0.0518443870
1	0.3347193792	0.0581605730	0.0857547682	0.5202580225	0.0011072570
0	0.0094158945	0.2856807520	0.2715236060	0.4327994492	0.0005802982
0	0.2400358322	0.0562314571	0.3172222626	0.0014850896	0.3850253585
0	0.0978620144	0.0001407452	0.8769768940	0.0183223643	0.0066979821
0	0.0000126969	0.6579639418	0.0226216001	0.0232675426	0.2961342185
0	0.1557906775	0.2996900331	0.0001604529	0.0030825821	0.5412762544
0	0.2717955328	0.2577491349	0.4605773152	0.0060809987	0.0037970183
0	0.0019117974	0.0507470217	0.0038217524	0.0509465165	0.8925729120
0	0.3769311141	0.0000612958	0.0004533162	0.4606014774	0.1619527965
1	0.2720389228	0.0749718440	0.0022993590	0.0040828332	0.6466070409
0	0.5854120149	0.3729671604	0.0000127978	0.0000667074	0.0415413195
0	0.0170920801	0.9734438073	0.0017007629	0.0070018968	0.0007614529
0	0.0452435456	0.2634746909	0.0002512924	0.6910304708	0.0000000002
0	0.0001551581	0.0007604163	0.2826527527	0.6107294467	0.1057022263
1	0.0002554297	0.2744415954	0.0005212247	0.5514100535	0.1733716967
0	0.2669433992	0.4493380074	0.1230838805	0.0096793053	0.1509554077
0	0.5736905861	0.0007598713	0.0983207448	0.1196775049	0.2075512929
0	0.0826388367	0.3153238263	0.5871001387	0.0059252824	0.0090119159
0	0.3720871966	0.0581071309	0.4270147791	0.0000000012	0.1427908921
0	0.0000000251	0.2233736470	0.0222717818	0.1270479658	0.6273065803
0	0.3240682193	0.0000000000	0.0233509222	0.0128815027	0.6396993558
0	0.1748741327	0.2654308858	0.0184156823	0.5280909991	0.0131883001
0	0.2656564382	0.5736422668	0.0844597749	0.0762303873	0.0000111328
0	0.4578099843	0.1406893918	0.0017561429	0.2140840915	0.1856603894
0	0.1074498227	0.2597891224	0.4993618581	0.0850143003	0.0483848965
0	0.0843590308	0.2812517488	0.0812880232	0.0000156225	0.5530855748
0	0.0739695254	0.3634424832	0.0000071686	0.2252301725	0.3373506504
0	0.0486119757	0.6801006144	0.0000015233	0.0556285236	0.2156573630
0	0.0000000358	0.8067523716	0.0873174105	0.0647755783	0.0411546037
0	0.7438715285	0.0567187137	0.0009374284	0.1635480822	0.0349242471
0	0.3941837927	0.3434332002	0.0076881941	0.2525517369	0.0021430761
0	0.3467698764	0.1875883671	0.1629374799	0.2757390966	0.0269651800
0	0.0000000353	0.0045454393	0.0000000000	0.3282940307	0.6671604947
0	0.0417716905	0.5868167715	0.0073932720	0.3520609485	0.0119573176
0	0.0737872436	0.4742669685	0.0323694415	0.0370015923	0.3825747541
1	0.0019610481	0.0000001583	0.6991508717	0.0017455359	0.2971423860
0	0.4167651773	0.0002216615	0.4827289623	0.1001986202	0.0000855786
0	0.0392368373	0.0361647043	0.0258655168	0.8987323912	0.0000005503
0	0.0223330222	0.6649311225	0.0800388135	0.1838590263	0.0488380155
0	0.1915132758	0.0000004231	0.0000018547	0.6152541766	0.1932302697
0	0.4548757836	0.0179878617	0.2516074799	0.1467580274	0.1287708474
0	0.0455704397	0.0901587710	0.6797876870	0.0057480135	0.1787350888
1	0.5807930304	0.1945085309	0.0000007950	0.2246976438	0.0000000000
0	0.1724907141	0.5480994594	0.1146372134	0.1647726130	0.0000000000
0	0.0372024661	0.1199051612	0.4253435278	0.2321277213	0.1854211236
0	0.1314561526	0.0006948092	0.1187906114	0.0076002796	0.7414581471
1	0.1220288108	0.2527940713	0.0306792554	0.5139012068	0.0805966557
2	0.2030336181	0.0207034809	0.3734280476	0.0059193939	0.3969154595
0	0.0928956379	0.7687749044	0.0197853619	0.1105115217	0.0080325742
0	0.5180756107	0.1016372445	0.1218508797	0.0000000000	0.2584362652
0	0.0075531510	0.6288973328	0.2575462165	0.0754608631	0.0305424366
1	0.6911368753	0.0319930326	0.2181830800	0.0000662123	0.0586207999
0	0.1381711737	0.0000950260	0.4258664025	0.0318177550	0.4040496427
0	0.0025830724	0.5550607309	0.4179200297	0.0000020565	0.0244341104
0	0.0439105480	0.1860457392	0.0061300564	0.6134166380	0.1504970185
0	0.1853674762	0.2646411089	0.3953882868	0.0139258801	0.1406772481
1	0.0728462382	0.2537617006	0.0516517830	0.0284863198	0.5932539584
0	0.0361470768	0.2446801642	0.7183070835	0.0008656755	0.0000000000
0	0.1998721812	0.6326744539	0.1674533238	0.0000000000	0.0000000412
0	0.2099303396	0.1992921328	0.0000000000	0.5890803472	0.0016971803
0	0.2049780442	0.0000572448	0.0000000005	0.0402356806	0.7547290299
0	0.4760945753	0.2565381739	0.0256064981	0.0599177079	0.1818430448
0	0.5479057280	0.0408190892	0.0697603093	0.0004467278	0.3410681458
0	0.7258093705	0.0993906834	0.1707885313	0.0000785993	0.0039328155
0	0.4817494481	0.0002946416	0.5157443829	0.0001718505	0.0020396768
0	0.2190107392	0.3037979011	0.0658554629	0.1587041110	0.2526317859
