0	0.3410492563	0.3238637750	0.2365988898	0.0936690409	0.0048190380
0	0.0458089244	0.0000027095	0.8244769796	0.1296481241	0.0000632625
0	0.0284845536	0.8848719505	0.0862727189	0.0003700778	0.0000006993
0	0.2199361793	0.3939798976	0.0000000000	0.0007516096	0.3853323135
0	0.0446593571	0.5934546049	0.0864785798	0.2623329965	0.0130744618
0	0.0000948720	0.0000000000	0.0748437852	0.8690185928	0.0560427500
0	0.2836815115	0.2908151089	0.0000000149	0.2053521918	0.2201511729
0	0.0353008722	0.5892111571	0.2467193436	0.0959061982	0.0328624290
1	0.6768137284	0.1366267561	0.0887960511	0.0677421949	0.0300212694
0	0.0318934436	0.0205719020	0.0001643012	0.0153716826	0.9319986706
0	0.0457883631	0.0036788419	0.0000000000	0.9368636389	0.0136691561
0	0.0054508496	0.0714326796	0.0985683547	0.8236937720	0.0008543440
0	0.0496619801	0.0125534404	0.9374791474	0.0000000000	0.0003054321
0	0.0014208705	0.4636171114	0.0127270205	0.0638827400	0.4583522576
1	0.0000000002	0.0002111627	0.0135945083	0.9444875276	0.0417068012
1	0.8382284816	0.0111070717	0.0000007290	0.1433235088	0.0073402089
0	0.4525966195	0.1443778167	0.0000000000	0.3225706546	0.0804549092
0	0.1975915000	0.0328722162	0.1063748088	0.0000000002	0.6631614747
0	0.1084829088	0.0000000034	0.0810876529	0.3524709931	0.4579584418
0	0.0000000000	0.5382401975	0.0000798761	0.3123188456	0.1493610807
0	0.1712790126	0.0566514864	0.1769489811	0.0335815940	0.5615389259
0	0.5956812963	0.1593560060	0.0952542450	0.0961988045	0.0535096482
0	0.0000001448	0.5434377741	0.2724718975	0.0022865976	0.1818035859
0	0.2406438729	0.2573466232	0.4547078344	0.0473014291	0.0000002403
0	0.0661417790	0.0657436670	0.0169643143	0.0518956863	0.7992545534
1	0.0987489273	0.1734292032	0.1001042217	0.1333428164	0.4943748314
1	0.0024066268	0.0000000045	0.5146646356	0.1481629574	0.3347657756
0	0.0806594717	0.0003665192	0.0000143993	0.8418774325	0.0770821773
0	0.0010952837	0.5545958315	0.3507363476	0.0234142019	0.0701583354
0	0.2546129643	0.4300058312	0.0878250882	0.0025697229	0.2249863934
0	0.7187444193	0.0215395140	0.0000000001	0.2319731442	0.0277429224
0	0.3236779459	0.1404928392	0.2081911079	0.1477044363	0.1799336708
0	0.4950454649	0.2740056785	0.2094881251	0.0197871447	0.0016735869
1	0.1853864087	0.0000917038	0.4976758135	0.3168460740	0.0000000000
0	0.0000058274	0.0345181143	0.0544691050	0.0118637608	0.8991431924
0	0.0119082677	0.1523595383	0.8157413213	0.0001899857	0.0198008871
0	0.7244187320	0.0759266416	0.0057822734	0.1938718544	0.0000004986
0	0.0000414824	0.5590500808	0.0322514218	0.1284755774	0.2801814375
0	0.0000000000	0.0304148518	0.1633127945	0.8062300322	0.0000423215
0	0.0112531041	0.0513333280	0.2287915876	0.5877140119	0.1209079683
0	0.1761995969	0.0678317458	0.4820235894	0.0573141227	0.2166309451
0	0.4513774551	0.0600385313	0.2027389417	0.1419761475	0.1438689244
0	0.4016260214	0.0000075612	0.0000007440	0.2194373756	0.3789282978
0	0.0106538590	0.2938861236	0.5411382313	0.1510711344	0.0032506517
1	0.0339388859	0.6725031421	0.0200176444	0.2127030134	0.0608373141
0	0.1100402210	0.0587719528	0.0206963557	0.7929858700	0.0175056005
0	0.4230988876	0.0362506126	0.4678320841	0.0726294522	0.0001889635
0	0.4788197338	0.4037675763	0.0924154239	0.0002286022	0.0247686639
0	0.7835882930	0.0000001880	0.2164108185	0.0000007005	0.0000000000
0	0.1442975289	0.0141467104	0.3464377543	0.0162596335	0.4788583729
0	0.0316800383	0.2907245806	0.4556942726	0.2103560128	0.0115450957
0	0.0372434126	0.7674580595	0.0669443094	0.0000000000	0.1283542185
1	0.0909717412	0.0000157572	0.0784711893	0.0005112466	0.8300300657
0	0.0157303574	0.8386549997	0.0690510214	0.0109959434	0.0655676780
0	0.6347759318	0.3304671815	0.0062045925	0.0285522942	0.0000000000
0	0.9474316557	0.0356348787	0.0082128443	0.0084317400	0.0002888812
0	0.3563818193	0.0962431350	0.1098244951	0.4274510440	0.0100995065
0	0.0057577143	0.0000482605	0.9241922333	0.0112235045	0.0587782874
0	0.5230910136	0.1553699289	0.0000004822	0.3194714833	0.0020670921
0	0.4837016990	0.3206699295	0.0000000000	0.0105150276	0.1851133439
0	0.0000000000	0.5509405939	0.1370837481	0.2795502275	0.0324254305
0	0.0001380572	0.0052918465	0.1223382266	0.2653635345	0.6068683352
0	0.2939199258	0.0940600185	0.2972231904	0.3088811108	0.0059157545
0	0.0435476790	0.0000000000	0.3481056407	0.2735333196	0.3348133608
0	0.7639132261	0.0038759427	0.1479777073	0.0246756048	0.0595575191
0	0.1759829136	0.3593920528	0.0073487481	0.0832885752	0.3739877102
1	0.4912305288	0.0013599416	0.0328207971	0.4436891509	0.0308995817
0	0.0027489577	0.0000000000	0.0015198631	0.8286229113	0.1671082679
0	0.0000667044	0.0054762874	0.3040701450	0.4432360923	0.2471507708
0	0.4735006365	0.2379197948	0.0061200009	0.1892374988	0.0932220690
0	0.0519672182	0.1012013377	0.1896248338	0.1140410455	0.5431655647
2	0.5395418364	0.0982102234	0.2135123537	0.0000036617	0.1487319247
0	0.0000000000	0.6564057277	0.0402952670	0.1286171834	0.1746818219
1	0.0458393571	0.2718940999	0.3831053979	0.0585845575	0.2405765876
0	0.3628172119	0.1615284449	0.1133461675	0.0000000000	0.3623081756
0	0.0139465731	0.0002606977	0.9216782729	0.0641144406	0.0000000157
0	0.0297493676	0.0000030347	0.6572212867	0.0055888861	0.3074374249
0	0.4847071382	0.0000000000	0.0559745404	0.4482189329	0.0110993885
0	0.0026802934	0.9890839519	0.0081094787	0.0001262760	0.0000000000
1	0.2091744684	0.0437453851	0.4178407044	0.2534567583	0.0757826838
0	0.0001880158	0.2790145086	0.4803552567	0.0222450525	0.2181971664
0	0.4709996660	0.2730725380	0.0030772136	0.2528505823	0.0000000000
1	0.0752054152	0.0793733598	0.6023480966	0.0896694310	0.1534036974
0	0.4181146949	0.1529068104	0.4283597791	0.0001131848	0.0005055308
0	0.7067297623	0.0505433669	0.0212988712	0.0000028326	0.2214251669
0	0.0631215925	0.7186852686	0.2093758999	0.0004388145	0.0083784245
0	0.7498332309	0.0006139398	0.1149851712	0.1345180904	0.0000495678
0	0.1312399547	0.0911752956	0.3998344942	0.3607948441	0.0169554114
0	0.1006758460	0.6226847769	0.2366774129	0.0034158186	0.0365461455
0	0.0084821247	0.0089931426	0.7230683794	0.0089277046	0.2505286487
0	0.0824080607	0.6967384271	0.0364616900	0.1793849365	0.0050068857
0	0.0165304278	0.0052027368	0.3376173225	0.0320577188	0.6085917942
0	0.5811934826	0.0000062842	0.0062798408	0.3548526239	0.0576677684
0	0.0930747645	0.0309019700	0.6927507863	0.1199087752	0.0633637040
0	0.0302815901	0.0898120873	0.3011283681	0.5787779507	0.0000000038
0	0.4033840610	0.4760096701	0.0058039867	0.1147947199	0.0000075623
0	0.0145708471	0.7250614511	0.2602745290	0.0000000000	0.0000931728
0	0.0505391129	0.5093013890	0.0005267557	0.2784982360	0.1611345064
0	0.2581758842	0.0001736540	0.1505994996	0.5786820528	0.0123689095
0	0.2252173231	0.1515082219	0.0000000000	0.0723763037	0.5508981512
