0	0.2679566955	0.1200570257	0.3904544827	0.0005839223	0.2209478738
0	0.7168892775	0.2696483892	0.0114184483	0.0000000000	0.0020438850
1	0.0072106107	0.1813463124	0.8106240093	0.0006883692	0.0001306984
0	0.0569327189	0.4455208938	0.3182643649	0.1031829312	0.0760990913
0	0.0000058255	0.3909857222	0.1087592076	0.3376367704	0.1626124743
0	0.1762091855	0.3367748399	0.0210112402	0.2214231106	0.2445816238
0	0.2863675258	0.7117608477	0.0014763265	0.0000036334	0.0003916666
0	0.4528640437	0.0414990712	0.0427041680	0.2002713654	0.2626613517
0	0.0234225308	0.0641431864	0.0069003037	0.0875623321	0.8179716470
0	0.7930899336	0.0882964798	0.0042720227	0.0595293679	0.0548121961
0	0.0010965560	0.1173179356	0.0000000000	0.8815853023	0.0000002061
0	0.1211395550	0.6560555749	0.2228000631	0.0000011030	0.0000037040
0	0.0636160659	0.0005378661	0.3222960727	0.0013374632	0.6122125321
0	0.0983701461	0.1883938612	0.0058477799	0.0506478597	0.6567403531
0	0.8594291926	0.0032137120	0.0796868565	0.0576702363	0.0000000027
0	0.4338809082	0.4893222388	0.0014254392	0.0750303356	0.0003410781
0	0.1884435909	0.4567757406	0.1663245509	0.1323529025	0.0561032150
0	0.0034443973	0.4518502623	0.1778917809	0.0006083060	0.3662052535
0	0.0001148966	0.1538904418	0.0015027705	0.0821496040	0.7623422871
0	0.0029124093	0.1527510948	0.2048719319	0.2983605426	0.3411040214
0	0.0000000003	0.0046296574	0.0070677143	0.0000000004	0.9883026276
0	0.0781474384	0.0239955991	0.0009979459	0.4120963964	0.4847626203
0	0.3395342084	0.2680526211	0.0000000001	0.1667361207	0.2256770497
0	0.4685231509	0.0002113506	0.2290857532	0.0020615393	0.3001182061
0	0.0200262847	0.0191146632	0.6341409751	0.1952154133	0.1315026636
0	0.6299700281	0.1701989307	0.0039479163	0.1697468521	0.0261362726
0	0.0021724357	0.0003890798	0.9676686433	0.0191197103	0.0106501309
0	0.2519915720	0.3382391929	0.0000089236	0.4097497034	0.0000106082
0	0.3524779087	0.2788749562	0.3401194918	0.0183502616	0.0101773818
0	0.9538172182	0.0000000050	0.0012302581	0.0414749848	0.0034775339
0	0.1009939633	0.0109835998	0.8880222225	0.0000000109	0.0000002036
0	0.1231465946	0.1533321621	0.0150604482	0.4553917394	0.2530690557
1	0.0163747900	0.1393559671	0.7298696009	0.0212512199	0.0931484221
0	0.0082594680	0.0011001057	0.5493386726	0.0980340417	0.3432677120
0	0.0000000000	0.0416324657	0.4387916339	0.2807269584	0.2388489420
0	0.1129107837	0.6368940563	0.0102344807	0.1141140758	0.1258466035
0	0.5550297515	0.1895590229	0.0024722080	0.0026073447	0.2503316729
0	0.1603981528	0.0412829273	0.4374193579	0.0962273283	0.2646722336
0	0.3696351199	0.0577070054	0.0106017002	0.4139106110	0.1481455635
0	0.0172480045	0.0016796737	0.0395364702	0.5986901542	0.3428456974
0	0.1202361245	0.0952365781	0.7777427174	0.0067792246	0.0000053554
0	0.0606970275	0.0943818296	0.0001814351	0.2730632592	0.5716764486
0	0.1784901839	0.1673659823	0.0000000000	0.1706722278	0.4834716060
0	0.3783947219	0.0006649439	0.0000000000	0.0986877321	0.5222526020
0	0.0444312633	0.0173268403	0.0188686609	0.4078570087	0.5115162269
0	0.4810970917	0.0562865887	0.0529273602	0.0525397062	0.3571492531
0	0.0537576807	0.0346540772	0.1362787843	0.5662094670	0.2090999909
0	0.0314930617	0.0020199109	0.2156086577	0.7508783697	0.0000000000
0	0.1870343571	0.1679260827	0.0013236614	0.6431378112	0.0005780875
0	0.4331362195	0.4200424544	0.0013070915	0.0079957622	0.1375184724
0	0.9027904488	0.0825942096	0.0140133389	0.0000000000	0.0006020027
0	0.0480996883	0.1860903945	0.1051589083	0.6605637665	0.0000872424
0	0.2248372391	0.3599192862	0.3262978924	0.0230982431	0.0658473392
0	0.1376974817	0.2261167092	0.1181963208	0.0014611999	0.5165282884
0	0.4738251744	0.0000000069	0.3197951267	0.1930908637	0.0132888283
1	0.0004026092	0.0000000051	0.8340802443	0.0024325243	0.1630846171
0	0.4890240590	0.0459450131	0.0000008261	0.0027313479	0.4622987538
0	0.0221053270	0.7130988517	0.0955356401	0.0316308314	0.1376293499
0	0.1823838572	0.1170925916	0.2027480014	0.0000000000	0.4977755497
0	0.7001788837	0.0077326779	0.0005665348	0.2526564637	0.0388654399
0	0.8969501546	0.0886847256	0.0081307942	0.0062342842	0.0000000414
0	0.8916837484	0.0046010565	0.0000000002	0.0328028227	0.0709123722
0	0.4066836120	0.0031792428	0.0194995181	0.5706275427	0.0000100844
0	0.0579942854	0.3918395237	0.0056343998	0.4971457228	0.0473860683
0	0.5143911775	0.1257321666	0.1599518699	0.0363737209	0.1635510650
0	0.0007464358	0.0000000000	0.0000006677	0.9977195334	0.0015333630
0	0.0387630870	0.0124123715	0.3631445668	0.0005451646	0.5851348102
1	0.1393998075	0.0957189268	0.2803878190	0.3013540520	0.1831393947
0	0.1738079021	0.8258430853	0.0000001076	0.0000000000	0.0003489050
1	0.0332319482	0.0143254709	0.3750511028	0.5662877429	0.0111037352
1	0.5965920968	0.1370158592	0.0410111731	0.0039900545	0.2213908164
0	0.0141828549	0.8601012590	0.0045131818	0.0801048759	0.0410978284
0	0.0000807323	0.8198436614	0.0009871602	0.1767214936	0.0023669525
0	0.0441093271	0.0082851573	0.0000000000	0.0662490944	0.8813564212
0	0.0001174838	0.0465702030	0.1257121120	0.4743404225	0.3532597786
0	0.4964018083	0.0011626878	0.1125461061	0.0001854134	0.3897039843
0	0.0001117202	0.9240335022	0.0746239613	0.0012056705	0.0000251459
0	0.0507610333	0.0000000000	0.0000006316	0.1087399863	0.8404983488
0	0.5791628746	0.2187215122	0.1361662487	0.0160514559	0.0498979086
0	0.0012808771	0.1706171803	0.0121625279	0.0938219897	0.7221174251
1	0.1047177867	0.8708708935	0.0065703158	0.0080073156	0.0098336884
0	0.0000000000	0.6555640891	0.0000000002	0.1694118821	0.1750240285
0	0.4870337225	0.1287305611	0.2320453396	0.0194418232	0.1327485535
1	0.0112765371	0.3866525783	0.1648755959	0.4335675679	0.0036277208
2	0.1086293063	0.0793256431	0.4982825906	0.3137624595	0.0000000005
0	0.1708815159	0.0001240838	0.2403020698	0.0005479354	0.5881443950
0	0.7234196216	0.0000010181	0.2643898584	0.0073670376	0.0048224642
0	0.0125922354	0.0008143236	0.1234644885	0.4421928937	0.4209360587
0	0.0358424682	0.0040033388	0.9282075948	0.0290261968	0.0029204014
0	0.2079691402	0.0689681271	0.3405352838	0.0039764139	0.3785510350
0	0.0083010007	0.0115955971	0.0105117717	0.2230987229	0.7464929076
0	0.2110101029	0.6811943796	0.0001722722	0.0525991177	0.0550241277
0	0.0003012955	0.0051403677	0.3695953797	0.1170362037	0.5079267534
0	0.2531135008	0.0188360560	0.3973008356	0.0000009312	0.3307486764
0	0.0522747845	0.8398606328	0.0369774839	0.0000000022	0.0708870966
0	0.9885449202	0.0025347051	0.0000327005	0.0000005965	0.0088870777
0	0.2083592686	0.0102489286	0.1903111044	0.5898440638	0.0012366346
0	0.0000000342	0.0000000002	0.0000000009	0.4626645292	0.5373354355
0	0.7625224472	0.0008874651	0.0988662436	0.0507777891	0.0869460551
0	0.8011380183	0.0700373094	0.0346367955	0.0002243419	0.0939635350
