0	0.0000071314	0.9476633663	0.0522882951	0.0000000000	0.0000412072
0	0.8859751995	0.0392838813	0.0035193846	0.0520301212	0.0191914135
0	0.0508361721	0.0057057121	0.0004951081	0.9406068787	0.0023561290
0	0.3491608140	0.1197470255	0.3126941410	0.2166942825	0.0017037370
0	0.7653230747	0.2177708115	0.0000897495	0.0159233688	0.0008929955
0	0.3634018355	0.0258056706	0.0003525716	0.0679636732	0.5424762490
1	0.1615725338	0.0003402104	0.4286320931	0.1670608945	0.2423942682
0	0.7594123358	0.1701590129	0.0703853131	0.0000133566	0.0000299816
0	0.4123427620	0.0051086288	0.0022839000	0.1905560125	0.3897086968
0	0.0287635465	0.2289523587	0.0538214997	0.1151119929	0.5733506023
0	0.2127096978	0.3018118010	0.0966071362	0.3734617138	0.0154096513
0	0.3363086301	0.5512077377	0.0037104913	0.0356847615	0.0730883795
0	0.0371632751	0.0858395308	0.2526920261	0.1344303534	0.4898748146
0	0.0089759258	0.6823995710	0.2008482880	0.0912591583	0.0165170570
0	0.0185646874	0.3774417317	0.5012428840	0.0071702551	0.0955804418
0	0.0695880235	0.1084558541	0.1781341275	0.0000000000	0.6438219948
1	0.1873818953	0.2185408405	0.3134545555	0.2630444205	0.0175782881
0	0.1955611083	0.0873414357	0.1023640549	0.0093406547	0.6053927465
0	0.0000001415	0.0003925979	0.1484078413	0.6612675717	0.1899318475
0	0.7612301120	0.0913003934	0.0655608355	0.0492671563	0.0326415027
0	0.0436879606	0.0176712952	0.8087572250	0.0992801423	0.0306033769
0	0.1255331168	0.1910549607	0.4237968402	0.0000037226	0.2596113597
1	0.0891677047	0.0846686202	0.0001434300	0.1757954745	0.6502247706
0	0.2480320189	0.4375124930	0.0426538606	0.0001360687	0.2716655588
0	0.0011155114	0.4483939126	0.1069095716	0.2110330556	0.2325479488
0	0.2891291502	0.2441593407	0.4660926713	0.0005553919	0.0000634459
0	0.2617203168	0.1284581213	0.0544723274	0.5553423473	0.0000068873
0	0.3002084130	0.0102458112	0.0021295515	0.6865352343	0.0008809900
1	0.0003553957	0.0756634180	0.0515171755	0.0372619542	0.8352020566
0	0.0071351525	0.0000003121	0.0091652261	0.0112560159	0.9724432935
0	0.4872288798	0.2311953357	0.0000000039	0.0053435559	0.2762322247
0	0.4028705669	0.0000000000	0.1221962935	0.3500572271	0.1248759124
0	0.1811333898	0.6459749749	0.0805046897	0.0839438340	0.0084431115
0	0.6491691932	0.2535429873	0.0110537940	0.0862339650	0.0000000605
0	0.0890033629	0.1721003278	0.0228345211	0.3173510308	0.3987107573
0	0.2218807430	0.0465742120	0.0000000003	0.7313708695	0.0001741752
0	0.9912736957	0.0044459679	0.0002258369	0.0001127924	0.0039417070
0	0.4507324444	0.1734771136	0.1606728200	0.1907748039	0.0243428181
0	0.2014428807	0.0072385469	0.2411607711	0.5450452105	0.0051125909
0	0.3355402578	0.5724854625	0.0593916078	0.0325824797	0.0000001922
0	0.2212107041	0.2151732306	0.0000128238	0.1662079151	0.3973953264
0	0.0004075388	0.0198992932	0.7635488844	0.0721883875	0.1439558961
0	0.5497963574	0.0773257524	0.2386552130	0.0004273657	0.1337953115
0	0.9937144233	0.0000873245	0.0000653063	0.0000000006	0.0061329453
0	0.3837360782	0.0340579225	0.0000000000	0.1675476889	0.4146583104
1	0.0012686967	0.0000000001	0.9191473959	0.0795480252	0.0000358822
0	0.0844683795	0.4385360514	0.0360052577	0.0173282829	0.4236620285
0	0.4195418422	0.4970175872	0.0003771701	0.0819268375	0.0011365629
0	0.5656044989	0.0000306548	0.0593983230	0.3749554869	0.0000110366
0	0.0001126999	0.1281961820	0.1536498548	0.0000012747	0.7180399887
0	0.1029589866	0.1322051526	0.0624377007	0.6299855530	0.0724126072
0	0.0155051701	0.0005252441	0.0002044118	0.7996702836	0.1840948904
1	0.2200650528	0.0008831390	0.0058264783	0.6672128200	0.1060125100
0	0.0715273503	0.0004750737	0.2842184317	0.0605240839	0.5832550604
0	0.0322776826	0.0002047981	0.0151740573	0.6864874406	0.2658560214
0	0.0037189643	0.6954897967	0.2608748011	0.0204620492	0.0194543887
0	0.0640568173	0.1852517624	0.0048075338	0.5783064757	0.1675774108
1	0.0000000000	0.0626420196	0.0339800359	0.5766924450	0.3266854994
0	0.4400428022	0.0074942347	0.0410066892	0.1750618120	0.3363944620
0	0.1274109305	0.3338255631	0.3827973110	0.1146441379	0.0413220574
0	0.0000000295	0.9941579099	0.0018166414	0.0000005119	0.0040249073
0	0.0008563263	0.4773313830	0.0991082175	0.4227038203	0.0000002528
0	0.0978622677	0.0111618035	0.0016041303	0.8644327920	0.0249390065
0	0.1242198226	0.1953507448	0.2060988553	0.4456314059	0.0286991713
0	0.0000211839	0.1124248023	0.2442771098	0.6136343385	0.0296425656
0	0.0000476184	0.3955243083	0.4652905481	0.0000000000	0.1391375252
1	0.0038670284	0.0000026653	0.7191423435	0.2732074534	0.0037805093
2	0.7784423504	0.1623111576	0.0570669265	0.0002384618	0.0019411038
0	0.3329826099	0.0000000000	0.0381237211	0.0622741518	0.5666195172
0	0.1004727572	0.0000015506	0.0161453373	0.0822296626	0.8011506923
0	0.0093374994	0.2228828460	0.0000000007	0.3095749870	0.4582046668
0	0.7209502329	0.0040102702	0.0000435432	0.0193801024	0.2556158513
0	0.2922929326	0.0000000011	0.0503727126	0.0000000746	0.6573342790
0	0.0090669840	0.0000000013	0.1617476048	0.4928411031	0.3363443068
0	0.1712305099	0.4741890436	0.1689883094	0.1146348782	0.0709572589
0	0.3161578890	0.5855510678	0.0254675031	0.0222524132	0.0505711269
0	0.4481370092	0.0000000059	0.3377915659	0.1159291298	0.0981422893
0	0.0035964284	0.0186795365	0.9318827134	0.0383784263	0.0074628954
0	0.1584286977	0.0885829067	0.3705561657	0.1416372421	0.2407949879
0	0.2165867357	0.0000000000	0.0843054867	0.6663291663	0.0327786113
0	0.0829298183	0.0832961125	0.1699503578	0.0833174673	0.5805062440
0	0.4425141731	0.0107832351	0.2732043116	0.1515345198	0.1219637605
1	0.2017074991	0.1056925486	0.3214325898	0.1386287592	0.2325386034
0	0.0021582426	0.8895929007	0.0331418046	0.0007070516	0.0744000005
1	0.6653131374	0.0583293497	0.0658422968	0.1546751840	0.0558400320
1	0.0176258159	0.3967912364	0.0753153554	0.4375514351	0.0727161572
0	0.0262808341	0.0399408560	0.0630073954	0.0379457550	0.8328251594
0	0.0000018336	0.4568975164	0.1114557774	0.2508822866	0.1807625861
1	0.0034698662	0.2624143134	0.5734577734	0.0809745828	0.0796834643
0	0.1515858286	0.3322504872	0.4254788489	0.0457518225	0.0449330128
1	0.0058956346	0.1534924092	0.3652876909	0.2090860571	0.2662382081
0	0.2944343756	0.0000000000	0.6949250300	0.0079595232	0.0026810712
0	0.2003552128	0.0977377309	0.0699356366	0.4462992717	0.1856721480
0	0.3702104803	0.2342725166	0.0272879046	0.0000353853	0.3681937133
0	0.0140538608	0.1715086272	0.3727799285	0.4416574901	0.0000000934
0	0.8328960335	0.0351834216	0.0956389657	0.0055108999	0.0307706794
0	0.0971794124	0.3587442328	0.1826064073	0.3482719951	0.0131979523
0	0.7769714647	0.0001177971	0.1652126677	0.0454644656	0.0122336049
0	0.1555335015	0.0688359390	0.6478849850	0.0459483979	0.0817971765
1	0.4910377438	0.0057895800	0.0014024831	0.4822247980	0.0195453950
