0	0.1678488677	0.1521703240	0.5530852869	0.0144886615	0.1124068599
0	0.0110075978	0.0077563227	0.1543343954	0.7098004387	0.1171012453
0	0.0003419707	0.0000639683	0.3282471716	0.6151137714	0.0562331181
0	0.3233155543	0.0005470543	0.5226802789	0.0707875471	0.0826695654
0	0.1807811726	0.1300878478	0.1584080288	0.0088046395	0.5219183113
0	0.7417714621	0.0046810745	0.0002922733	0.0001177317	0.2531374584
0	0.0491396121	0.0665612264	0.5661336045	0.2946468856	0.0235186713
0	0.1734014877	0.3919045904	0.4297581825	0.0028953734	0.0020403660
0	0.9350938861	0.0000000011	0.0366767206	0.0282091607	0.0000202314
0	0.5343906484	0.0117124018	0.2414356709	0.2028039715	0.0096573073
1	0.5345882788	0.0846692763	0.3665195219	0.0142229231	0.0000000000
0	0.0493844388	0.9488705886	0.0006144788	0.0000063786	0.0011241152
0	0.0000000815	0.9551919527	0.0038894161	0.0170888711	0.0238296787
0	0.1024552945	0.2755379722	0.5551476076	0.0002704611	0.0665886647
0	0.0776464938	0.5972359238	0.0186292576	0.0000165816	0.3064717432
0	0.1384856486	0.0311663546	0.1136368634	0.7167089837	0.0000021497
1	0.0011160401	0.0044661098	0.9287607305	0.0286750484	0.0369820712
0	0.8029954270	0.0000001476	0.1129851455	0.0359769325	0.0480423474
0	0.0064888574	0.0000161173	0.0014910050	0.9592610885	0.0327429319
0	0.0365496615	0.3255956495	0.0996702765	0.0059809960	0.5322034166
1	0.2779969283	0.0000040197	0.4374770695	0.0081461875	0.2763757951
0	0.2276906847	0.1116347498	0.0024684073	0.0895070201	0.5686991381
0	0.0069489054	0.0000504565	0.5026968743	0.0532929750	0.4370107887
0	0.0000048671	0.0006286428	0.1743145607	0.3791045013	0.4459474281
0	0.0580729653	0.0055640456	0.7974460389	0.1001437833	0.0387731669
0	0.2280261272	0.1826080084	0.0106471912	0.5015907347	0.0771279385
1	0.6926992660	0.0006677137	0.0528304869	0.0091845285	0.2446180049
0	0.6428140067	0.0013505913	0.1806947452	0.0060060444	0.1691346124
0	0.2274408724	0.0000056068	0.6862960330	0.0684826766	0.0177748111
0	0.0103208706	0.7016237736	0.2162177156	0.0718351103	0.0000025299
0	0.0000000063	0.0096660990	0.0077325009	0.9020311706	0.0805702232
0	0.6940206111	0.1457051109	0.0344223382	0.0179416305	0.1079103093
0	0.0491795302	0.1407896906	0.3817404763	0.1591662671	0.2691240358
0	0.8966863451	0.0222632917	0.0000145355	0.0000000070	0.0810358207
0	0.0000291212	0.0941588044	0.0541251522	0.6012925065	0.2503944156
0	0.0228869027	0.0000000156	0.9497745196	0.0271356154	0.0002029467
0	0.0000000000	0.0000000000	0.9673271150	0.0302746408	0.0023982442
0	0.4599441705	0.1142814493	0.0462456422	0.3416761439	0.0378525940
0	0.0865844321	0.2089119290	0.0001489810	0.0018831249	0.7024715329
0	0.1535750496	0.8339833225	0.0079509279	0.0011813088	0.0033093911
0	0.0691837799	0.8110424219	0.0016401881	0.0650437444	0.0530898657
0	0.2328155459	0.0145983249	0.3677067972	0.1355372675	0.2493420644
0	0.0903589345	0.0966843486	0.7890905838	0.0092919954	0.0145741377
0	0.0003945221	0.0199792561	0.8638325615	0.1150367821	0.0007568781
0	0.0771435303	0.6105867650	0.0860000015	0.0629475631	0.1633221401
0	0.7164055737	0.0021347323	0.0663909702	0.0415094490	0.1735592748
0	0.0964066193	0.6138363237	0.1941802067	0.0217262469	0.0738506034
0	0.3122644412	0.1624571731	0.0000056434	0.2360389688	0.2892337735
1	0.0055134490	0.2810979834	0.0000978426	0.1504073637	0.5628833614
0	0.6645606530	0.0000089406	0.0005566663	0.1202927397	0.2145810004
0	0.0195796817	0.4057310971	0.5220080541	0.0523130246	0.0003681425
0	0.0372294751	0.0698823378	0.0413725113	0.6587570855	0.1927585903
0	0.3704518697	0.2215957357	0.0794149136	0.0087556575	0.3197818235
0	0.0321612303	0.1836023233	0.0003149329	0.0540736242	0.7298478892
0	0.0000004334	0.3372793253	0.5234683302	0.1291168149	0.0101350963
0	0.1310963274	0.0138145431	0.0418678803	0.0037400189	0.8094812303
0	0.0001651647	0.1685041796	0.7214988377	0.1014977405	0.0083340775
0	0.5022756871	0.2408444260	0.0574576736	0.1926800294	0.0067421839
0	0.0003783418	0.0382461538	0.0026073277	0.2287561248	0.7300120520
0	0.1159282218	0.0468689458	0.0534432726	0.0059134580	0.7778461018
0	0.6075820833	0.0755578605	0.0126004566	0.0063362510	0.2979233486
0	0.1726281742	0.1702458872	0.0795252243	0.4214979708	0.1561027435
0	0.0633643398	0.6885270089	0.0005287176	0.1033738818	0.1442060520
0	0.0097629305	0.0000000269	0.2181617491	0.3707278004	0.4013474931
2	0.0000003547	0.2536544786	0.0784872793	0.6541226052	0.0137352822
0	0.6684754565	0.3264863297	0.0000080452	0.0038624636	0.0011677049
0	0.0281931362	0.8543621438	0.0369115317	0.0044047569	0.0761284313
0	0.7670131908	0.0000000269	0.0230885198	0.2023610625	0.0075372000
0	0.2335835318	0.0884097658	0.6478283226	0.0292604339	0.0009179459
0	0.8166319423	0.0539945760	0.1267717700	0.0000000000	0.0026017117
0	0.0149030138	0.4844132411	0.0798088521	0.3257427354	0.0951321575
0	0.7360681016	0.0004251973	0.0942981910	0.1692012968	0.0000072134
0	0.0326826304	0.0080960725	0.8016132884	0.0059274053	0.1516806033
0	0.7659072360	0.0005222341	0.0939791813	0.1232169605	0.0163743881
0	0.5266810163	0.0492503733	0.0192327974	0.0095870341	0.3952487788
0	0.0315877977	0.1835766958	0.3949331919	0.0084236544	0.3814786601
0	0.1994895852	0.2989804116	0.0003893536	0.4810587217	0.0200819279
0	0.0238799340	0.0121928426	0.0480504595	0.8907157289	0.0251610352
0	0.0323577685	0.0347327610	0.0269575624	0.8716429252	0.0343089829
0	0.3998576424	0.0301363946	0.1787917184	0.0001829792	0.3910312654
0	0.9810752293	0.0083685380	0.0000358907	0.0047119682	0.0058083738
0	0.0014199894	0.0034305765	0.1404541447	0.3115090117	0.5431862777
0	0.1040554592	0.0242021585	0.4116885540	0.3911290684	0.0689247599
0	0.6436530743	0.0000000000	0.0673873089	0.2882051931	0.0007544237
0	0.0000586382	0.0422012884	0.0062568810	0.0182354167	0.9332477757
0	0.7005880064	0.0000438836	0.0994697274	0.1998983737	0.0000000089
0	0.1878724628	0.3164396118	0.0037208032	0.0103592089	0.4816079133
0	0.0043297648	0.0384552542	0.0864657205	0.8338694953	0.0368797653
0	0.5505788819	0.1904839447	0.0154425512	0.0446210696	0.1988735525
0	0.0598645899	0.0139138551	0.6903749269	0.2332642159	0.0025824123
0	0.3482669782	0.0114671875	0.0000032320	0.5862472056	0.0540153967
0	0.0151763987	0.5563870486	0.0040915662	0.4241898431	0.0001551433
0	0.5631112581	0.0364465991	0.0009001045	0.3989311262	0.0006109121
0	0.3883067976	0.4955913021	0.0517780886	0.0512884958	0.0130353159
0	0.5963915470	0.0010671948	0.0005904895	0.1835254791	0.2184252895
0	0.0062281985	0.0871765174	0.1086503708	0.0239812121	0.7739637012
0	0.0000000000	0.8169047120	0.0304118549	0.1055894011	0.0470940320
0	0.0229206292	0.5734129453	0.0025838457	0.4006839568	0.0003986230
0	0.0093395332	0.0000061285	0.0557840669	0.0128470034	0.9220232680
0	0.0119762206	0.5904939311	0.3767521650	0.0178405381	0.0029371452
