0	0.0887751560	0.8922577824	0.0001416343	0.0172607773	0.0015646500
0	0.2991677387	0.0191941699	0.0046436102	0.6760600059	0.0009344753
0	0.1451929315	0.0642480803	0.5776071351	0.2129518531	0.0000000000
0	0.1156230242	0.0005207838	0.4158658635	0.2273971714	0.2405931570
0	0.2563898194	0.2621087065	0.4047191093	0.0047582074	0.0720241574
1	0.0135186391	0.0342960992	0.6597307129	0.2736685788	0.0187859699
2	0.0246994232	0.0000508815	0.8559139519	0.1189176605	0.0004180828
0	0.1395582910	0.0000003745	0.5179323462	0.2311263926	0.1113825957
0	0.0646091275	0.8359201587	0.0002627434	0.0098772087	0.0893307617
1	0.0000000000	0.0112651041	0.0099730543	0.4099464156	0.5688154259
1	0.9209643610	0.0327762205	0.0013389826	0.0000006109	0.0449198250
0	0.0157861099	0.9286239003	0.0005050464	0.0028075131	0.0522774303
0	0.0780949423	0.3847107610	0.0056906820	0.3023060656	0.2291975491
0	0.6813183550	0.0000001611	0.1494221748	0.0000000000	0.1692593090
0	0.0000013465	0.3914438101	0.0001232811	0.0771564093	0.5312751530
0	0.0024794954	0.0003502563	0.2252469481	0.4210516478	0.3508716525
0	0.2874179523	0.0000000000	0.1753587221	0.5289735839	0.0082497416
0	0.0000000085	0.8694250842	0.0000991789	0.1302957048	0.0001800236
0	0.1336492084	0.0019368039	0.3779887960	0.4434944460	0.0429307457
0	0.0543033185	0.5392222259	0.1576177584	0.1888321608	0.0600245364
1	0.4607820429	0.0002919129	0.3823995191	0.0549777058	0.1015488193
0	0.0063990974	0.0704704325	0.0447608117	0.1093849625	0.7689846959
0	0.0116656918	0.0021636972	0.0113418110	0.0166090379	0.9582197620
1	0.0000000000	0.1049980024	0.0001125232	0.8948891418	0.0000003326
0	0.0398622944	0.8134031936	0.1022071294	0.0417196390	0.0028077437
0	0.3579432283	0.4455758623	0.0636071627	0.0873919703	0.0454817764
0	0.3641596032	0.0520032137	0.0296510008	0.5500532115	0.0041329708
0	0.0879192945	0.0550303452	0.6512190370	0.0560643013	0.1497670220
0	0.1038784251	0.0301501925	0.0232063264	0.2061445367	0.6366205193
0	0.0002930789	0.5055873617	0.4565589478	0.0344658917	0.0030947199
0	0.0783131758	0.0021808241	0.2068400301	0.0000002172	0.7126657527
0	0.0121038935	0.0387402383	0.0363752693	0.0096313964	0.9031492025
0	0.0365378906	0.6738603216	0.0000000000	0.2840881950	0.0055135928
0	0.4551650701	0.0000000036	0.0158139474	0.2372617283	0.2917592507
0	0.2440635065	0.0314448612	0.4312371573	0.0601734477	0.2330810272
0	0.5421334398	0.0008973983	0.4569497658	0.0000000412	0.0000193549
0	0.3294489593	0.0696503714	0.0010426043	0.0000000000	0.5998580649
0	0.6969986630	0.0103394616	0.0002556737	0.2924053082	0.0000008936
0	0.6297913355	0.3172940528	0.0008981681	0.0142841494	0.0377322942
0	0.0002632190	0.0297305960	0.6368408395	0.1128575531	0.2203077924
0	0.0248247868	0.5911674226	0.0019394105	0.0224877639	0.3595806162
0	0.9326475823	0.0001706240	0.0087358125	0.0016629983	0.0567829828
0	0.5194310700	0.1561555054	0.0167623981	0.1767280143	0.1309230123
0	0.1484647252	0.0020635271	0.0309524378	0.3433170260	0.4752022839
0	0.0528950218	0.0227144306	0.0020865968	0.9223038495	0.0000001013
0	0.0053191294	0.5716577239	0.1252326652	0.2125742361	0.0852162454
0	0.1056437302	0.0906956364	0.0002264892	0.5231978008	0.2802363434
0	0.0053077720	0.5922948057	0.0154865547	0.2707471155	0.1161637521
0	0.0003033413	0.5186321039	0.3609709083	0.0008877274	0.1192059191
0	0.0000043450	0.9897747228	0.0000933355	0.0101275967	0.0000000000
0	0.1549904710	0.6646818170	0.1801708649	0.0000000001	0.0001568470
0	0.0063022943	0.6408546674	0.0384307263	0.1674334859	0.1469788261
0	0.1065814736	0.0006349628	0.6427114571	0.2094590889	0.0406130175
0	0.3829326284	0.0083618955	0.4281860942	0.1576716450	0.0228477370
0	0.1215788745	0.2192822047	0.2880473161	0.2002933254	0.1707982793
0	0.0685780146	0.0468243783	0.0065019319	0.2163817014	0.6617139738
0	0.1770809916	0.0281427003	0.0611586509	0.6082622371	0.1253554201
0	0.0092408619	0.0156683621	0.3737746833	0.5270952998	0.0742207930
0	0.0058380049	0.4939229814	0.2324278675	0.2670286663	0.0007824799
0	0.2071886190	0.5560970945	0.0874141414	0.0001556001	0.1491445450
0	0.4954710302	0.0025628128	0.0369513945	0.4650076297	0.0000071329
0	0.1031309135	0.0003424864	0.7784611641	0.0000000000	0.1180654359
0	0.0009854621	0.0020581772	0.0000000006	0.0749604520	0.9219959081
0	0.1937758030	0.2760737333	0.0000000006	0.0397178511	0.4904326120
1	0.0000084511	0.5897891229	0.2969329240	0.0499731366	0.0632963654
0	0.0064301854	0.6446117986	0.0445610190	0.2983233404	0.0060736566
0	0.4531528779	0.1203999187	0.0019259733	0.3195294927	0.1049917373
0	0.0707532782	0.4719825490	0.0950730520	0.0042489912	0.3579421296
0	0.0418767463	0.0015033235	0.5851353452	0.0892184513	0.2822661337
0	0.0033539830	0.0434097106	0.5645642473	0.2742719994	0.1144000596
0	0.2178100081	0.0080801358	0.5927039319	0.1169222078	0.0644837164
0	0.0095338974	0.2781577851	0.1597529303	0.1346135284	0.4179418587
0	0.0082870089	0.3779668919	0.4322893330	0.1791406649	0.0023161013
0	0.0000000207	0.9614037492	0.0353080530	0.0031640721	0.0001241050
0	0.7850189087	0.0000000000	0.0399105270	0.0245371849	0.1505333793
1	0.0000000829	0.0796476706	0.8736460121	0.0003356081	0.0463706262
0	0.2297494345	0.2399850998	0.3840637037	0.1417516466	0.0044501153
0	0.0000036286	0.0069428016	0.6314208477	0.3589358580	0.0026968641
0	0.0009832317	0.0000001599	0.9955588627	0.0034509538	0.0000067918
0	0.1229210152	0.0024193117	0.0512293653	0.0001559188	0.8232743890
1	0.1468513258	0.4725377915	0.0000000000	0.0000002240	0.3806106586
0	0.0788896115	0.0000000000	0.0069707591	0.2393448171	0.6747948123
0	0.0400318722	0.3747129085	0.0283528107	0.0000060750	0.5568963337
0	0.0210811408	0.3600051523	0.3006427300	0.0001645334	0.3181064435
0	0.0000037829	0.1326647617	0.0171486888	0.8115292763	0.0386534903
0	0.1252679667	0.2148626481	0.0453083768	0.0021150097	0.6124459987
0	0.0000006842	0.1540388922	0.1347467790	0.7083209461	0.0028926985
0	0.0775259981	0.0296643173	0.0000000000	0.0683708398	0.8244388449
0	0.3450488826	0.0000000651	0.2987421631	0.3355952985	0.0206135908
0	0.0319217358	0.0000001921	0.2321398228	0.0000000021	0.7359382472
0	0.0327356694	0.4423186693	0.0000045344	0.0604469888	0.4644941381
0	0.0425926670	0.4772147453	0.0000204548	0.4194160938	0.0607560390
1	0.0356820945	0.0389621741	0.8895623155	0.0010578984	0.0347355175
0	0.3795644836	0.3832665361	0.0714975144	0.1520087076	0.0136627584
0	0.0639044031	0.2689946295	0.5776375759	0.0000829744	0.0893804172
0	0.0969434822	0.4201371923	0.0466534558	0.1108107576	0.3254551122
0	0.0000064867	0.0231789234	0.1286629602	0.4980455203	0.3501061095
0	0.2911030463	0.0210160851	0.1678922724	0.2479981273	0.2719904689
0	0.1034784692	0.0000353408	0.7908545554	0.0000007968	0.1056308379
0	0.0726964853	0.4715304774	0.3495623407	0.0000523278	0.1061583688
