0	0.0288389173	0.0000228767	0.0016296012	0.5882615806	0.3812470243
0	0.5688002100	0.0526073257	0.1576903360	0.1428387570	0.0780633713
1	0.9877871817	0.0000132562	0.0012551707	0.0099599290	0.0009844623
0	0.4695492929	0.3800153759	0.0000000298	0.0522575052	0.0981777962
0	0.7821159354	0.0565176402	0.0045347275	0.1534072058	0.0034244910
0	0.0864666031	0.1957084157	0.7010418150	0.0090922091	0.0076909571
0	0.0000251363	0.4537678877	0.3885402255	0.1489499670	0.0087167835
0	0.6272915359	0.0017534890	0.0000002247	0.1652114150	0.2057433355
0	0.3716151245	0.0882150102	0.2707267599	0.1380860397	0.1313570657
0	0.5733284978	0.2487437033	0.0000817560	0.0828040774	0.0950419656
0	0.1677054882	0.1546073580	0.6754007732	0.0000000020	0.0022863787
0	0.4112345318	0.1961861382	0.0498624807	0.0072118225	0.3355050267
1	0.9148545830	0.0630169509	0.0090816245	0.0089518829	0.0040949587
0	0.0016338210	0.0050237744	0.8966828768	0.0802075183	0.0164520095
0	0.0020055045	0.0235824467	0.4755242945	0.4734309332	0.0254568211
0	0.0304135450	0.4808537660	0.0000000103	0.4460340720	0.0426986067
0	0.1730879089	0.0745217619	0.3755833293	0.0513402808	0.3254667191
0	0.2583036573	0.3728119264	0.1192934845	0.2495817875	0.0000091442
1	0.6534052939	0.0000004586	0.3167925075	0.0000000140	0.0298017260
0	0.0000007512	0.1981518271	0.1302929016	0.6688439772	0.0027105429
0	0.2078190254	0.0000000000	0.1974167097	0.0152811794	0.5794830855
0	0.8930787846	0.0300814484	0.0102808788	0.0644399678	0.0021189203
1	0.0734089376	0.2052334389	0.1089067765	0.5579285746	0.0545222723
0	0.1021092934	0.3000464498	0.5926067046	0.0046237151	0.0006138371
0	0.0058120277	0.5116261785	0.3260023799	0.0240185508	0.1325408631
0	0.0035501131	0.4739281157	0.2413425502	0.1570022319	0.1241769892
0	0.0310281583	0.0000242625	0.4171535785	0.0003831149	0.5514108859
0	0.0571205889	0.2838603248	0.2329387783	0.4260803080	0.0000000000
0	0.2889713076	0.3277435706	0.0627490951	0.2819236529	0.0386123738
0	0.1428073427	0.0082117087	0.1419224555	0.3141708108	0.3928876824
0	0.0878800235	0.9111610373	0.0002208234	0.0000000001	0.0007381158
0	0.1761005932	0.2193353018	0.2707099870	0.1024277186	0.2314263994
0	0.2181211119	0.0273667898	0.4304012878	0.0231247059	0.3009861045
0	0.3817247730	0.1816768966	0.0000000278	0.1271637837	0.3094345189
0	0.2357012205	0.2003729017	0.4882846232	0.0493516692	0.0262895854
0	0.3249581706	0.0000499989	0.0424042402	0.1367984264	0.4957891639
2	0.0000000000	0.0009041553	0.2858835996	0.7123511865	0.0008610586
0	0.0128545258	0.3151551722	0.5581736116	0.0048228346	0.1089938557
0	0.0001097364	0.0948327775	0.2183951429	0.6398721663	0.0467901769
0	0.0242847408	0.7700506725	0.0052789663	0.1126907326	0.0876948878
0	0.0000000000	0.1343453782	0.6947039651	0.1330165928	0.0379340639
0	0.0410734883	0.0102287183	0.4947525200	0.4195753362	0.0343699373
0	0.0009049645	0.5690328809	0.0697308448	0.1877171678	0.1726141420
0	0.0351573410	0.3005171954	0.0244748291	0.5916754580	0.0481751765
0	0.1029316397	0.0002298173	0.8812063713	0.0150527043	0.0005794675
0	0.1854687304	0.3542637378	0.0000096214	0.4514508444	0.0088070660
0	0.2705127329	0.0083200893	0.3580404811	0.0024421991	0.3606844976
0	0.7316016659	0.0034882601	0.0563240832	0.0000024091	0.2085835816
0	0.0796516899	0.0793034516	0.8056558887	0.0154355120	0.0199534579
0	0.4937406231	0.0594629007	0.4157940607	0.0085141964	0.0224882191
0	0.0893938515	0.3896707962	0.3990789961	0.0246278032	0.0972285529
0	0.1741507245	0.0399246601	0.2873008637	0.0007570086	0.4978667430
0	0.0000000000	0.5181726348	0.4065661800	0.0752611712	0.0000000139
0	0.2042572013	0.0761541418	0.0123346958	0.0020170793	0.7052368819
0	0.6084479451	0.0004124972	0.0002064375	0.2467559588	0.1441771614
0	0.0177583917	0.0106595540	0.0299094778	0.3196439493	0.6220286273
0	0.0953634572	0.3158505950	0.3135278794	0.2297903551	0.0454677133
1	0.0000143663	0.0020009786	0.7414987000	0.0236142000	0.2328717551
0	0.0109344237	0.7785467077	0.1778526569	0.0042551480	0.0284110638
0	0.0060181267	0.0500442470	0.0299458991	0.1040978632	0.8098938641
0	0.4527420387	0.1998500879	0.0000000000	0.3364880068	0.0109198666
0	0.0945045531	0.8497533142	0.0000045622	0.0131697196	0.0425678509
0	0.0940280982	0.7897123178	0.0540233919	0.0562000421	0.0060361500
0	0.0711327704	0.1915755144	0.6130811046	0.1161226015	0.0080880091
0	0.0007332250	0.0000228546	0.1183133350	0.0192612298	0.8616693556
0	0.0004434742	0.8597415897	0.0753348941	0.0644580162	0.0000220259
0	0.1253324974	0.3910183959	0.1523920133	0.1297091712	0.2015479221
0	0.0066405074	0.1174255241	0.0000002913	0.0720888702	0.8038448070
0	0.0002196431	0.0000000923	0.3792904320	0.6204898055	0.0000000270
0	0.0932015770	0.0003297166	0.1365070731	0.0209047736	0.7490568597
0	0.1569888506	0.0402281751	0.7311864250	0.0087242181	0.0628723312
0	0.0000000244	0.1283682732	0.1836727604	0.1484361074	0.5395228346
0	0.2656310677	0.2055324371	0.2058741822	0.0453601975	0.2776021155
0	0.0023141199	0.0313020238	0.0101744476	0.9562000136	0.0000093951
0	0.1197178488	0.4841744172	0.2642183747	0.0010579553	0.1308314040
0	0.1813387789	0.1651266911	0.0976588192	0.3966563887	0.1592193222
0	0.0000000011	0.0286296757	0.8947153872	0.0000001148	0.0766548211
0	0.0006582895	0.7243779330	0.0011321428	0.0187273793	0.2551042553
0	0.4518201934	0.5238636197	0.0020255392	0.0215858513	0.0007047965
0	0.0181366406	0.3970974089	0.3306000171	0.1585543717	0.0956115616
0	0.0362095559	0.7337494739	0.0906996843	0.1374214186	0.0019198674
0	0.0054437788	0.1867655509	0.0497952313	0.7361504359	0.0218450030
0	0.0127521960	0.4325647337	0.2451716717	0.0228216483	0.2866897503
0	0.4007967740	0.0001268135	0.1436488100	0.2086846777	0.2467429248
0	0.0112109210	0.0051504804	0.0001854918	0.9650011495	0.0184519573
0	0.0316380044	0.5651265686	0.0770370876	0.2484885829	0.0777097564
0	0.0002520204	0.4521392418	0.1886499101	0.0001576110	0.3588012167
0	0.1741184814	0.0526764228	0.7703083134	0.0016334275	0.0012633550
0	0.4570842595	0.0269250905	0.0081326563	0.4540578362	0.0538001576
0	0.1185413598	0.0228258289	0.2349215317	0.2832017237	0.3405095559
0	0.0706287529	0.0472159987	0.0000892368	0.1292673371	0.7527986745
0	0.0560989337	0.0122137950	0.0751964913	0.0612349708	0.7952558093
1	0.5266417231	0.0167632993	0.0000324385	0.0007582004	0.4558043388
0	0.0050838399	0.2194112343	0.5201809983	0.1600096830	0.0953142444
0	0.0692831978	0.8829396624	0.0004200803	0.0424005410	0.0049565185
0	0.0218682014	0.0000234741	0.1285530567	0.5395323033	0.3100229645
0	0.3822658035	0.0327176571	0.1284013218	0.4564775811	0.0001376366
0	0.0026565120	0.4176768796	0.4889712149	0.0895700416	0.0011253520
0	0.0047292036	0.0680119211	0.0211787152	0.8408398554	0.0652403047
0	0.2959111191	0.0000000000	0.5991034020	0.0048846385	0.1001008404
