0	0.3925241253	0.4829426201	0.1204658040	0.0040674505	0.0000000000
0	0.2449462065	0.0000002468	0.1843609342	0.2220221091	0.3486705033
0	0.0162429832	0.0022429706	0.9814848902	0.0000289560	0.0000002001
0	0.0074069919	0.6328111031	0.0000000227	0.3531667055	0.0066151768
0	0.3701821967	0.0245183428	0.0163437342	0.5889557262	0.0000000000
0	0.0040548004	0.0000159359	0.0050848461	0.9847775326	0.0060668849
0	0.0463895200	0.0000052967	0.9533712123	0.0000000439	0.0002339271
0	0.0000079196	0.0172354791	0.3617743771	0.0225360253	0.5984461989
0	0.7663473106	0.0301532298	0.0366446139	0.1668476624	0.0000071834
0	0.4523325993	0.2580429721	0.0006494040	0.2859517507	0.0030232739
0	0.7557719957	0.1574851861	0.0046372528	0.0056602176	0.0764453478
0	0.0688711509	0.0444814574	0.3663066345	0.0013850183	0.5189557389
0	0.0754283324	0.6199276759	0.2677450493	0.0368841716	0.0000147708
0	0.0474479566	0.1031648233	0.2489825056	0.4787695027	0.1216352117
0	0.4301924064	0.1236724252	0.2297374087	0.0145238604	0.2018738993
0	0.0386334473	0.2739088225	0.1789006426	0.0000067828	0.5085503047
0	0.0000000902	0.2076489804	0.6964327125	0.0959181361	0.0000000807
0	0.1537428626	0.7513124782	0.0575002063	0.0227682622	0.0146761907
0	0.1503385989	0.6063865908	0.2106056514	0.0326691589	0.0000000000
0	0.1437519713	0.1176765677	0.7385544593	0.0000000020	0.0000169997
0	0.2672111869	0.0547260945	0.0042210586	0.6239948032	0.0498468567
0	0.0000243418	0.0058410455	0.8132030373	0.0574629303	0.1234686451
1	0.0000000000	0.0000075435	0.0520539848	0.6042833741	0.3436550975
0	0.0871601809	0.1737677869	0.5838593331	0.0000008143	0.1552118848
0	0.0596305775	0.6291309926	0.0288450148	0.0676490466	0.2147443685
0	0.4002380057	0.5589475364	0.0064717348	0.0343422383	0.0000004849
0	0.0048879974	0.0307045520	0.7732049875	0.0407561974	0.1504462657
0	0.1190996340	0.0726375083	0.0483052985	0.7247823402	0.0351752189
0	0.1235994093	0.0000183108	0.8763820457	0.0000000022	0.0000002319
0	0.4788007303	0.0000097694	0.2067721803	0.0453926237	0.2690246963
0	0.0273938469	0.0797620049	0.6722807838	0.0829732763	0.1375900881
0	0.0577414086	0.0008091284	0.7746511057	0.0098206204	0.1569777369
0	0.3344066389	0.0000162712	0.0183454803	0.6464614839	0.0007701257
0	0.0847201938	0.0658612427	0.2333963962	0.0072862980	0.6087358694
0	0.3639271116	0.5365717180	0.0000000000	0.0013443931	0.0981567773
0	0.1876004065	0.6074855262	0.0579242640	0.1461829219	0.0008068813
0	0.4528423954	0.3784359730	0.0010100141	0.0142570876	0.1534545299
0	0.9134357468	0.0091407693	0.0000146357	0.0051986165	0.0722102316
0	0.0263389450	0.0864172339	0.0508278650	0.0615279096	0.7748880464
0	0.1200964846	0.7058719643	0.0016134008	0.0093968892	0.1630212610
0	0.2095433015	0.0431771317	0.0001020260	0.6578616632	0.0893158776
0	0.0000094963	0.2176772259	0.3546344768	0.4276788011	0.0000000000
0	0.2500229296	0.0000000444	0.0000758415	0.2914991817	0.4584020028
0	0.0000000000	0.0000000000	0.0103288734	0.1966118133	0.7930593133
0	0.4436621943	0.0129870665	0.1837716744	0.0367542316	0.3228248332
0	0.1032271948	0.0569264424	0.4966452888	0.0272494647	0.3159516093
0	0.0271136590	0.0000001164	0.7323023359	0.2220545016	0.0185293870
0	0.0002115213	0.3361865944	0.0950517847	0.3060819655	0.2624681342
0	0.0336321592	0.4227645985	0.4106621574	0.1267573642	0.0061837208
0	0.2868709860	0.0000770678	0.0746534586	0.0000000000	0.6383984876
1	0.0671140004	0.0985123134	0.6220518336	0.0000042885	0.2123175641
1	0.0431081781	0.8770797114	0.0383500437	0.0408575835	0.0006044833
0	0.0071110441	0.0362148820	0.0259162233	0.0830925384	0.8476653121
0	0.5109504991	0.3832100712	0.1040658360	0.0000000311	0.0017735627
0	0.0697676460	0.2269160437	0.0208360229	0.6588871433	0.0235931440
0	0.8588304493	0.0082417986	0.0084359116	0.0000000000	0.1244918405
0	0.0308631403	0.0658938971	0.9007825343	0.0007623065	0.0016981219
0	0.0002369213	0.9832983729	0.0073878345	0.0000128336	0.0090640376
0	0.4699374141	0.3127889810	0.0668655459	0.0817942769	0.0686137821
0	0.2302197789	0.0685869590	0.0012752197	0.6675203380	0.0323977045
0	0.0000000267	0.5846259873	0.3824751619	0.0000001023	0.0328987218
0	0.1028654683	0.3755002285	0.0057520998	0.1925781998	0.3233040036
0	0.0144604430	0.5532498331	0.2003120515	0.1541282842	0.0778493883
0	0.1950026688	0.6312413373	0.1280061320	0.0457498619	0.0000000000
0	0.3257658207	0.3520165421	0.2618599102	0.0036900264	0.0566677006
0	0.1811630774	0.0213487026	0.1988668995	0.4819669126	0.1166544079
1	0.0374899485	0.0177721066	0.1009025010	0.0321210369	0.8117144070
0	0.2903680902	0.4244731139	0.0072484689	0.0059768510	0.2719334759
0	0.0237174457	0.1024605533	0.0903912497	0.4170411394	0.3663896119
0	0.0914709209	0.3998098840	0.5087185035	0.0000000000	0.0000006916
0	0.8265480901	0.1082986377	0.0026376199	0.0372290191	0.0252866332
0	0.0976068170	0.3026345340	0.0033205364	0.2355951378	0.3608429748
0	0.2984087879	0.0030047508	0.4525886716	0.0000000000	0.2459977897
0	0.0101129889	0.0271609183	0.0640187037	0.0550007455	0.8437066436
0	0.3696253962	0.3619238567	0.1367614493	0.1209934798	0.0106958181
1	0.0052740231	0.5880508869	0.1207319490	0.0558866787	0.2300564623
0	0.1026017930	0.2381749675	0.0394055965	0.4142922101	0.2055254329
0	0.1684147037	0.0001123174	0.8260061836	0.0000000018	0.0054667935
0	0.5665999507	0.3730456313	0.0040671521	0.0562780046	0.0000092613
0	0.1944616240	0.1759932922	0.2799159257	0.0501745130	0.2994546451
0	0.0000715303	0.3091880787	0.1306344013	0.5528115843	0.0072944054
0	0.0008386936	0.7674321421	0.0077811148	0.0000167693	0.2239312801
0	0.5685233387	0.0000000198	0.3690292373	0.0081054184	0.0543419858
0	0.0385213845	0.0001386160	0.7124800698	0.1883130898	0.0605468398
0	0.0012463638	0.2265311308	0.0266138394	0.0825695634	0.6630391025
1	0.2673292695	0.1552335148	0.1208789874	0.2974362621	0.1591219662
0	0.0173459891	0.4560354428	0.0222624815	0.0000226475	0.5043334391
0	0.0032989081	0.0589094369	0.0001282606	0.0931360111	0.8445273833
0	0.0436473183	0.0000080992	0.2376964147	0.4485560089	0.2700921590
0	0.0284476894	0.0148238597	0.3529871387	0.0001290170	0.6036122952
0	0.0000400543	0.0008316534	0.0212359793	0.9469965562	0.0308957567
2	0.0037615410	0.1053511000	0.4723761039	0.3466277131	0.0718835420
0	0.1763931690	0.0005713616	0.0454605514	0.4738441267	0.3037307913
0	0.7051131936	0.0008384541	0.1832993295	0.0702851386	0.0404638842
0	0.0000000000	0.2172384033	0.0643099909	0.1724698785	0.5459817272
0	0.2789317275	0.1859457330	0.4583954804	0.0355569866	0.0411700724
0	0.3671346316	0.2671117962	0.2204807719	0.0517076416	0.0935651587
0	0.0755446346	0.0510706651	0.1988096752	0.1227343755	0.5518406496
0	0.0684711307	0.0603009051	0.0040671815	0.8245788851	0.0425818976
0	0.0048933582	0.0000000000	0.0033887686	0.3207118152	0.6710060580
