0	0.1367426661	0.0293879825	0.0057789367	0.3680825699	0.4600078447
0	0.0000000107	0.3790707639	0.0388757233	0.0019846419	0.5800688603
0	0.2373685921	0.0553195507	0.0480247867	0.6592101071	0.0000769635
0	0.1930172796	0.0578951836	0.0091960492	0.7101073955	0.0297840921
0	0.3138657891	0.4743856174	0.0001692569	0.1467114923	0.0648678443
1	0.9927367135	0.0040770625	0.0000511515	0.0031311208	0.0000039516
0	0.0263067801	0.9121870832	0.0000000077	0.0057127550	0.0557933740
0	0.2412599096	0.1529397859	0.0425449466	0.0016121918	0.5616431660
0	0.2356617976	0.0033742601	0.1055190066	0.0000000000	0.6554449358
0	0.2600383530	0.0458399730	0.0009269686	0.3810650973	0.3121296081
1	0.7212001445	0.0290650693	0.0011127889	0.0005657195	0.2480562777
0	0.8925067436	0.0221130218	0.0067794288	0.0074976371	0.0711031686
0	0.8534536787	0.0033848033	0.0804536123	0.0042811431	0.0584267626
0	0.0079581437	0.0019166398	0.0754402891	0.0132271272	0.9014578002
2	0.0062788215	0.0159276319	0.0512978608	0.0091892160	0.9173064697
0	0.0059739618	0.0000100387	0.3574910852	0.1896260544	0.4468988599
0	0.7812650829	0.0969715841	0.0295343133	0.0321144871	0.0601145327
0	0.1801312829	0.0000412574	0.0000089840	0.4398916206	0.3799268552
0	0.3163487571	0.0089759467	0.0000644527	0.0001684971	0.6744423463
1	0.1060774002	0.0129758110	0.8665236253	0.0112653781	0.0031577854
1	0.0000113042	0.0000033511	0.9999853445	0.0000000000	0.0000000002
0	0.0000000001	0.0577694470	0.8133221174	0.0456893572	0.0832190783
0	0.0021134361	0.0697465574	0.0000000000	0.5473357597	0.3808042467
0	0.5841513020	0.0461494840	0.0047921741	0.3408381497	0.0240688902
0	0.0490082436	0.0014287969	0.0042880963	0.0000658843	0.9452089790
0	0.7112560996	0.0306243343	0.0000000967	0.0000284847	0.2580909847
0	0.1093529925	0.2595785370	0.1196537877	0.4807632997	0.0306513831
0	0.0221428972	0.0000607308	0.0187236391	0.6996949858	0.2593777470
0	0.0000061049	0.1749466587	0.6441163492	0.0010432943	0.1798875929
0	0.0003999101	0.2666098535	0.5351215298	0.0549701202	0.1428985863
0	0.0670741316	0.0000040682	0.3228984188	0.1407533369	0.4692700446
0	0.3012273928	0.0424055535	0.0032811333	0.5617494147	0.0913365057
0	0.2038263334	0.0369063858	0.0074715951	0.7517956292	0.0000000565
0	0.0957381454	0.0172785747	0.0075639820	0.0260372854	0.8533820125
0	0.0264952790	0.7169991236	0.2534565087	0.0030291398	0.0000199489
0	0.8314611941	0.1048846189	0.0000000000	0.0620631166	0.0015910704
0	0.6941161152	0.0328986224	0.0007419673	0.0105382261	0.2617050689
0	0.4883305767	0.0000014497	0.0586897268	0.4333321554	0.0196460914
0	0.2278470712	0.5658951202	0.0538954391	0.0837628531	0.0685995164
0	0.0057901635	0.2695925259	0.6928905095	0.0303802159	0.0013465853
0	0.5780791719	0.1804373619	0.2228988281	0.0023090723	0.0162755658
0	0.0371887908	0.0544266136	0.0001366217	0.6670211590	0.2412268149
0	0.0259871217	0.0317203912	0.2371271391	0.5315316229	0.1736337250
0	0.0010229885	0.0000611162	0.0000000000	0.5281491761	0.4707667192
0	0.0060008438	0.0584265272	0.0254100806	0.0038440368	0.9063185115
0	0.2741750016	0.5050429782	0.1561888538	0.0645347520	0.0000584143
0	0.0408356561	0.1572363817	0.0569276195	0.1667001482	0.5783001945
0	0.0000000107	0.2104287660	0.3130644937	0.0004936238	0.4760131058
0	0.0985655400	0.0130328042	0.0422273590	0.0000599488	0.8461143479
0	0.3445580634	0.1378035478	0.1769833657	0.3406550231	0.0000000000
1	0.0090644272	0.1368260412	0.4074606550	0.3233917183	0.1232571582
0	0.0000002736	0.3281082282	0.0473724995	0.4891637092	0.1353552896
0	0.5444283524	0.0630630358	0.0044478174	0.0176517669	0.3704090275
0	0.6601810848	0.2000928828	0.0059170399	0.0268952544	0.1069137381
0	0.0033864639	0.7501440533	0.0293773763	0.0001755206	0.2169165859
0	0.1170725240	0.8497599970	0.0000000000	0.0331674789	0.0000000001
0	0.1076216768	0.8273424553	0.0126382754	0.0004411008	0.0519564917
0	0.9132178915	0.0000074063	0.0681942437	0.0185804578	0.0000000006
0	0.0000023761	0.0696744753	0.0055350808	0.5675286187	0.3572594491
0	0.2758857863	0.2084803559	0.0009678178	0.5128315943	0.0018344457
0	0.0000000283	0.0053733165	0.7870624379	0.1816947334	0.0258694838
0	0.4387571455	0.0036915517	0.2075115388	0.3436928644	0.0063468996
0	0.0963859947	0.5369752538	0.0744787628	0.2792909379	0.0128690508
0	0.1777548444	0.3655792588	0.2197641650	0.0929963069	0.1439054249
0	0.0449798341	0.0867102927	0.6503415031	0.2175664394	0.0004019307
0	0.0817807645	0.0006990218	0.0119879164	0.8492678705	0.0562644268
0	0.0416554036	0.1688329682	0.6868453924	0.0880662422	0.0145999936
0	0.0001325020	0.0681926723	0.6048951184	0.0009114495	0.3258682578
0	0.0000339062	0.0138907083	0.1245243293	0.7944524909	0.0670985653
0	0.0648993600	0.5064114976	0.0691527377	0.0000169987	0.3595194060
0	0.0000003908	0.4680372651	0.0777231222	0.0724903526	0.3817488694
0	0.0304397583	0.7677189064	0.0005109885	0.0003288781	0.2010014687
0	0.0856851580	0.3849990322	0.0637832261	0.3067521609	0.1587804229
0	0.4291952015	0.0995566676	0.1334063084	0.0003374678	0.3375043547
0	0.2910442002	0.0465055676	0.0136704380	0.4231760934	0.2256037008
0	0.0000690826	0.3303116453	0.0219327736	0.0021302155	0.6455562829
0	0.2825333590	0.0002161423	0.0291634542	0.0967769085	0.5913101360
0	0.7910410856	0.0005741038	0.0988632928	0.0392278996	0.0702936181
0	0.9323734849	0.0255340393	0.0353194810	0.0036519516	0.0031210432
0	0.0039393705	0.5353606859	0.4572515390	0.0030345754	0.0004138293
0	0.0000000000	0.1860137382	0.3367209436	0.1269458007	0.3503195175
0	0.1623773667	0.0117770994	0.0050406948	0.8072241791	0.0135806600
0	0.0015228928	0.1371881155	0.0000000000	0.1206496222	0.7406393695
0	0.0000000000	0.0292369694	0.4241924193	0.0395722648	0.5069983465
0	0.5467667946	0.0881487497	0.0409321452	0.0928764099	0.2312759007
0	0.3188678223	0.1128942394	0.2653766240	0.0106478646	0.2922134497
0	0.0748746603	0.7552755098	0.0835095271	0.0855085799	0.0008317229
0	0.1811912670	0.0035714720	0.0000000000	0.6063605367	0.2088767243
0	0.0722899561	0.1695405203	0.3274159740	0.4211413362	0.0096122135
0	0.7967260216	0.1321534294	0.0638992437	0.0000188912	0.0072024141
0	0.2393467788	0.7424660422	0.0015421605	0.0166443070	0.0000007115
0	0.4754169743	0.2756187725	0.0902775714	0.1163164562	0.0423702256
0	0.0000006712	0.8826904537	0.0063887581	0.1109199320	0.0000001849
0	0.0848619890	0.0105346466	0.0000000019	0.0038666200	0.9007367426
0	0.0018018485	0.2695570024	0.0008954648	0.0000016034	0.7277440809
1	0.0672737655	0.1978946646	0.5312614900	0.1796556781	0.0239144017
0	0.0538491607	0.0031332190	0.0897875181	0.1221742813	0.7310558210
0	0.1163649216	0.8080428750	0.0000000897	0.0755921137	0.0000000000
0	0.4939030346	0.0880761262	0.0599778231	0.3187376440	0.0393053720
0	0.2567424591	0.2309589368	0.0602120082	0.0000008359	0.4520857600
