0	0.0014145144	0.6843246927	0.0300274851	0.0213248300	0.2629084778
0	0.0171689844	0.1150722436	0.0928223162	0.7718762902	0.0030601656
0	0.0000000000	0.2783582246	0.0333645166	0.4096784381	0.2785988206
0	0.1483617066	0.0649231204	0.5877924520	0.1521036662	0.0468190548
0	0.0908432718	0.0003256259	0.1367694652	0.0256619397	0.7463996975
0	0.0116590921	0.0269371831	0.0000000000	0.6958086814	0.2655950434
0	0.1559289642	0.0737412635	0.1727398819	0.4325526780	0.1650372123
0	0.0790790071	0.1850031274	0.0049898087	0.6381062105	0.0928218463
0	0.6429149005	0.0559499196	0.0647292103	0.1859011503	0.0505048193
0	0.3235750549	0.4060180813	0.0068992809	0.1022616558	0.1612459270
0	0.0000024258	0.0052636184	0.0118863706	0.7757771048	0.2070704804
0	0.8038838967	0.0021096005	0.1063792543	0.0455496398	0.0420776087
0	0.6004390184	0.0996450151	0.0143717857	0.2790163130	0.0065278678
0	0.0873949538	0.1885828016	0.1431529961	0.4348331500	0.1460360985
0	0.1054466984	0.0065533222	0.7394949060	0.1485050734	0.0000000001
0	0.1076947372	0.0193838992	0.0817139599	0.3054764567	0.4857309470
1	0.0479885166	0.1208402068	0.1082406889	0.2160990399	0.5068315477
0	0.1274222629	0.1909504925	0.5977855990	0.0026465734	0.0811950722
0	0.1557283514	0.4603579289	0.0173055228	0.2413395636	0.1252686333
1	0.2280385092	0.0098907620	0.0037498107	0.3255437688	0.4327771493
0	0.0053210043	0.2825917596	0.7120560784	0.0000029438	0.0000282139
0	0.0005747717	0.2362933494	0.0014959358	0.2084353203	0.5532006228
0	0.0394082645	0.6442014651	0.0840181573	0.1268145611	0.1055575521
0	0.3673349114	0.5947854001	0.0000052565	0.0008955841	0.0369788479
0	0.0799462809	0.0001674414	0.0277795615	0.0009945824	0.8911121338
0	0.0530160106	0.1498160434	0.0000213887	0.5054687483	0.2916778091
0	0.0164819194	0.8196949268	0.0015944632	0.0173394901	0.1448892006
0	0.0471871739	0.0000036733	0.9245609376	0.0194927291	0.0087554862
0	0.1193928011	0.1565241443	0.6716114838	0.0456637448	0.0068078260
0	0.0555083218	0.8481579504	0.0125701755	0.0837634993	0.0000000530
0	0.1365930612	0.3282022176	0.0000240818	0.5340301617	0.0011504776
0	0.0008358952	0.0059138047	0.0013134172	0.0553550703	0.9365818127
0	0.9985977906	0.0000959783	0.0003833298	0.0009082098	0.0000146916
0	0.0010053582	0.0768647138	0.3783416596	0.0847552127	0.4590330557
0	0.0000000001	0.1979900355	0.5650743935	0.1920196832	0.0449158877
0	0.0006107293	0.1563223503	0.1953694317	0.6473789661	0.0003185226
0	0.1935194441	0.0820547007	0.0125365135	0.5869350496	0.1249542922
1	0.0068960511	0.2433853874	0.6330498810	0.1166686805	0.0000000000
1	0.0223884210	0.5955427705	0.0000021891	0.1338976568	0.2481689626
0	0.3841427202	0.0000000134	0.0000000174	0.0029267957	0.6129304534
1	0.0045083573	0.9057933398	0.0035479968	0.0558803084	0.0302699977
0	0.3505110261	0.0000000285	0.3420327413	0.0000000000	0.3074562041
0	0.0046745321	0.4646399261	0.5288718526	0.0018136868	0.0000000022
0	0.1768975952	0.0058651784	0.1535387793	0.4764667362	0.1872317109
0	0.0096424978	0.0401636797	0.2615565808	0.3275927180	0.3610445237
0	0.3541522880	0.0545198992	0.3453607053	0.0398507528	0.2061163546
0	0.3246226176	0.4647099444	0.0341332426	0.1153651553	0.0611690401
0	0.0050131544	0.0009696372	0.0830907452	0.0260367882	0.8848896751
1	0.0003586161	0.4203150671	0.0000001155	0.3715690184	0.2077571829
1	0.0168198010	0.7531629402	0.0000013321	0.0276956136	0.2023203131
0	0.0000002867	0.0052524355	0.2070570728	0.1567671506	0.6309230544
0	0.2663619818	0.2641717513	0.0348506663	0.0242036683	0.4104119322
0	0.2836676438	0.0687968840	0.5309137559	0.1094798358	0.0071418805
0	0.5458875912	0.1882557347	0.2147631705	0.0303401378	0.0207533658
0	0.0520765033	0.8177954889	0.0277681318	0.0078184541	0.0945414219
0	0.0753247193	0.0022631799	0.4014337293	0.0176500613	0.5033283102
1	0.6126083622	0.0233606804	0.0068952633	0.3509968056	0.0061388886
0	0.0341539273	0.8501946624	0.0001231396	0.1008926573	0.0146356134
0	0.2085043287	0.0000000009	0.4512325242	0.0000004427	0.3402627035
0	0.0798184477	0.1255280439	0.0063362012	0.7883173072	0.0000000000
0	0.0019371618	0.0325031779	0.3796909919	0.5688312998	0.0170373686
0	0.4852178494	0.2650504840	0.2246803655	0.0250512985	0.0000000027
0	0.2871286244	0.0399236752	0.4899626937	0.0000256288	0.1829593780
1	0.0298107263	0.1781925636	0.2068324813	0.5820263294	0.0031378994
0	0.0387973658	0.0012121831	0.0712621943	0.8620174648	0.0267107920
0	0.0195945684	0.0044158338	0.0027983548	0.9690932871	0.0040979559
0	0.0839542013	0.0099160651	0.2029458448	0.3451129778	0.3580709110
0	0.0040921728	0.0000052665	0.0000000269	0.4525290422	0.5433734916
1	0.1292878098	0.7577847337	0.0030498726	0.0435127187	0.0663648651
0	0.0004555911	0.0169499898	0.0421312806	0.0222418254	0.9182213132
0	0.0333358910	0.2072651456	0.6249392430	0.1005321865	0.0339275339
1	0.3105947808	0.4584807085	0.1416249943	0.0001310982	0.0891684182
0	0.0213891474	0.0108760028	0.9654576833	0.0001711877	0.0021059787
0	0.5663869451	0.0000000000	0.0224731319	0.0541698317	0.3569700913
1	0.0454759237	0.0007522434	0.0000450169	0.8556268488	0.0980999671
0	0.0000000000	0.0000009862	0.9074450151	0.0021917774	0.0903622213
0	0.0082997433	0.1662616550	0.0496941666	0.7063037600	0.0694406750
0	0.0193332371	0.0073093856	0.2347544521	0.7352172679	0.0033856572
0	0.0833633151	0.2849665800	0.1925053605	0.0000000002	0.4391647443
0	0.0007788268	0.0119997860	0.2004319935	0.7675691684	0.0192202253
0	0.1765290560	0.0207328408	0.0539201845	0.4951626470	0.2536552717
0	0.0000511895	0.9588079466	0.0272002276	0.0061330341	0.0078076022
0	0.0820236794	0.6539689593	0.2267893293	0.0018691471	0.0353488850
2	0.1337199879	0.2872678828	0.0060585444	0.4699802739	0.1029733110
0	0.1439094533	0.0011881644	0.1554052080	0.0008977272	0.6985994471
0	0.5181797485	0.0599552522	0.4218489353	0.0000079790	0.0000080849
0	0.2384675898	0.0909293314	0.0025092301	0.0893108731	0.5787829756
0	0.0035045237	0.2078129287	0.0021833606	0.0000124275	0.7864867595
0	0.0330220273	0.6072421107	0.0370575621	0.2760114654	0.0466668346
0	0.0516108152	0.0602268833	0.8207816762	0.0012148291	0.0661657962
0	0.7362130131	0.0004074193	0.1666361343	0.0959658092	0.0007776240
0	0.0302212850	0.8982489431	0.0018775432	0.0002202971	0.0694319316
0	0.0000367309	0.0945398327	0.7049159527	0.1373026533	0.0632048304
0	0.0164459353	0.0154746476	0.4004267865	0.0172916422	0.5503609884
0	0.7447603318	0.0920848548	0.0173609686	0.0000000000	0.1457938447
0	0.0011967455	0.0032204394	0.1385551429	0.8513666304	0.0056610417
0	0.0000002021	0.8656953470	0.0561370205	0.0778373456	0.0003300847
0	0.0326015306	0.0178052848	0.0000334902	0.9473553291	0.0022043652
0	0.5251441178	0.0236521843	0.0483115897	0.0023274479	0.4005646602
0	0.1441297955	0.0000435124	0.0020754918	0.0000001023	0.8537510980
