1	0.3265834173	0.2131137211	0.2173020658	0.1366957977	0.1063049982
0	0.8551734555	0.0103368903	0.0229874023	0.0163159619	0.0951862899
0	0.0000000000	0.0391209693	0.2320562501	0.0585731024	0.6702496782
0	0.0851114400	0.1788509455	0.5101776603	0.2258597933	0.0000001609
0	0.4511952543	0.0000000443	0.0223169780	0.2747604209	0.2517273025
0	0.1151125667	0.5466533692	0.0015686373	0.3227788597	0.0138865671
0	0.2572368196	0.0394467501	0.1257466067	0.3941865667	0.1833832569
0	0.2657398915	0.2457574029	0.0000701998	0.4664712721	0.0219612337
0	0.0023726382	0.0023801057	0.5751888904	0.4022920227	0.0177663430
0	0.0002478618	0.7993127344	0.0246751515	0.0177913911	0.1579728612
0	0.7545718224	0.0179538726	0.2273580673	0.0001162227	0.0000000150
0	0.4881294693	0.1644610354	0.0074418647	0.2545682202	0.0853994103
0	0.4594771262	0.0552186711	0.0791830179	0.0713082746	0.3348129103
0	0.0000000000	0.0813651560	0.1156464659	0.0007718866	0.8022164915
0	0.0000001058	0.0004101130	0.0154805138	0.4267768347	0.5573324327
0	0.2201863315	0.3274539382	0.4286175379	0.0000424918	0.0236997007
0	0.1517238742	0.2554098446	0.0607186801	0.4560550872	0.0760925138
0	0.2091110034	0.0000336972	0.4053814576	0.0000657339	0.3854081079
1	0.0775337948	0.0632124026	0.0319639841	0.0000032164	0.8272866021
0	0.1451937658	0.0167010135	0.7747125092	0.0036420644	0.0597506471
0	0.0568825412	0.4791802154	0.0000000033	0.4608250692	0.0031121709
0	0.3224484569	0.1364908543	0.2042577719	0.3367980277	0.0000048892
0	0.1498652133	0.5505433734	0.0000000267	0.2823654396	0.0172259469
2	0.9160351533	0.0036455650	0.0693215511	0.0009839292	0.0100138014
1	0.0630964588	0.0435091055	0.4420721105	0.4513223252	0.0000000000
0	0.1914120324	0.0501795937	0.5475806908	0.0328562854	0.1779713977
0	0.0171686764	0.0807345784	0.2987646499	0.0704911861	0.5328409093
0	0.4206877843	0.0000000000	0.4966455976	0.0121794204	0.0704871977
0	0.2341740854	0.0000000000	0.1971656130	0.5686603012	0.0000000004
0	0.0000747355	0.1817210236	0.7116112731	0.0664389804	0.0401539875
0	0.0013593962	0.4225155925	0.2504751761	0.3227889399	0.0028608952
0	0.0012719186	0.0792135607	0.8630844422	0.0564294102	0.0000006683
0	0.3537928065	0.1172906071	0.0998178243	0.0008323770	0.4282663852
0	0.3710831519	0.0001668462	0.0215026693	0.0010737792	0.6061735535
0	0.4400879267	0.0491322441	0.4550955763	0.0550628891	0.0006213638
0	0.8157773519	0.0000001797	0.1617773135	0.0126923715	0.0097527834
0	0.6295868738	0.0000000878	0.3373842931	0.0005257801	0.0325029651
0	0.0269512173	0.0413949423	0.0005817403	0.1387539661	0.7923181341
0	0.0000031253	0.0193926462	0.6359258082	0.3194736829	0.0252047374
0	0.3765044563	0.0000048086	0.0000000000	0.6138118879	0.0096788472
0	0.0711966647	0.0043188393	0.0026510371	0.6293334268	0.2925000321
0	0.4952184707	0.1264385605	0.0132028833	0.3644739924	0.0006660931
0	0.0001944141	0.0086261359	0.1979293884	0.7929666814	0.0002833801
0	0.6153127442	0.1350152721	0.1323631207	0.0000008871	0.1173079758
0	0.0141450857	0.5780599367	0.2142885339	0.0000219420	0.1934845017
0	0.0000000000	0.3262173441	0.1201853882	0.5463166159	0.0072806518
0	0.4212759713	0.0273294074	0.0043644996	0.5469126297	0.0001174920
0	0.3779774943	0.0000148870	0.5454316287	0.0749612277	0.0016147623
0	0.1936746076	0.5204891516	0.1545380935	0.1055938937	0.0257042535
0	0.0015811123	0.0082826832	0.9129802990	0.0000008984	0.0771550070
0	0.4098096532	0.0434745026	0.0817819420	0.0838376432	0.3810962590
0	0.0337589929	0.3265657519	0.4375352369	0.1055678470	0.0965721714
0	0.0786504315	0.0611888823	0.5815028713	0.0425430605	0.2361147545
0	0.0067050593	0.2573790379	0.6093062351	0.0454641076	0.0811455601
0	0.0268196152	0.0000000001	0.0018360335	0.9546086070	0.0167357441
0	0.2127258392	0.1710798949	0.0478454257	0.3453398937	0.2230089465
0	0.4030052988	0.3131140181	0.0000000125	0.1153014739	0.1685791967
0	0.0018869427	0.0496911355	0.3019464529	0.0011573296	0.6453181393
0	0.0739990010	0.5304432189	0.3919150033	0.0000082795	0.0036344973
0	0.0336713327	0.5262173271	0.3020105163	0.1381007483	0.0000000756
0	0.5034232809	0.3872490957	0.0871521915	0.0221754318	0.0000000001
0	0.0332438446	0.2590172837	0.6461835273	0.0046194123	0.0569359321
0	0.3582728298	0.0001631471	0.0179551480	0.6133973218	0.0102115534
0	0.0451383656	0.9064496630	0.0392874955	0.0090845261	0.0000399498
0	0.0798932170	0.4297382033	0.0063312648	0.4840372669	0.0000000479
0	0.4663474636	0.0550155004	0.0002043806	0.0053498937	0.4730827617
0	0.2792735811	0.0496272956	0.0807243080	0.0082020423	0.5821727729
0	0.7554166137	0.1929657093	0.0292048407	0.0224094446	0.0000033918
0	0.0000000000	0.3275484500	0.1766674190	0.4615554306	0.0342287004
0	0.0004600111	0.0016833612	0.3044927168	0.0339011235	0.6594627874
0	0.3421574538	0.2505880011	0.0000046542	0.1037678538	0.3034820371
0	0.5568810287	0.0000577723	0.0000565338	0.4013601783	0.0416444868
0	0.1043615865	0.0014798365	0.0012850939	0.8704103930	0.0224630900
0	0.0121548615	0.0000000000	0.0726646224	0.8814912327	0.0336892834
0	0.1193700754	0.0000118905	0.0063269558	0.8742741551	0.0000169233
0	0.5565432016	0.3087569432	0.0000000000	0.1346949489	0.0000049062
0	0.0249388764	0.4315655554	0.1731642329	0.3703313354	0.0000000000
0	0.0700781869	0.0000097152	0.0235487630	0.1374566799	0.7689066551
0	0.0445433961	0.4774234870	0.2690185890	0.0676406698	0.1413738581
0	0.2371726877	0.0000410485	0.6476675805	0.0079002892	0.1072183941
0	0.0455991361	0.0000000022	0.0432991173	0.7040503537	0.2070513908
0	0.6700371719	0.0000000000	0.0000382338	0.2544129843	0.0755116100
0	0.0268964996	0.9555103996	0.0172482492	0.0000776592	0.0002671925
0	0.0597120204	0.1679991741	0.0067635976	0.3209896461	0.4445355618
0	0.5867963031	0.2490214421	0.0038638136	0.0141729171	0.1461455241
0	0.5233506427	0.0097653946	0.4185456364	0.0480053767	0.0003329496
0	0.1926155104	0.2942909752	0.1270849455	0.3859820841	0.0000264847
0	0.1062843040	0.2195725466	0.2242338633	0.2100881245	0.2398211616
0	0.2576053391	0.0118372920	0.0834633715	0.0000027530	0.6470912444
0	0.1615750405	0.0058747328	0.7502743277	0.0822758989	0.0000000001
0	0.1584263769	0.1395710355	0.0102522461	0.0034001254	0.6883502161
0	0.0000154120	0.2060468817	0.1237049810	0.0000014853	0.6702312399
1	0.1749073836	0.0928598517	0.6749961111	0.0288623228	0.0283743307
0	0.1788738112	0.1600210565	0.1123190324	0.0000280171	0.5487580829
1	0.2065499144	0.3154297541	0.4269826707	0.0154435555	0.0355941054
0	0.1578233668	0.4546674098	0.1361520962	0.2472702977	0.0040868295
1	0.4775315831	0.0784398785	0.3409725636	0.0927638128	0.0102921620
0	0.2039320592	0.1316219968	0.0624337288	0.2630676981	0.3389445170
0	0.0642024516	0.0607426341	0.0023030838	0.6531026443	0.2196491862
0	0.4946367478	0.0001842417	0.0001512862	0.0020525289	0.5029751954
