0	0.2041866127	0.0246867386	0.7384121503	0.0220702472	0.0106442512
0	0.0000014108	0.0000300296	0.1640077548	0.0124132653	0.8235475396
0	0.3842571463	0.3822330943	0.0000000944	0.0042347850	0.2292748801
0	0.5719001001	0.0677496905	0.3497552096	0.0020630590	0.0085319409
0	0.1058126139	0.1465921212	0.5022814300	0.1215747516	0.1237390833
0	0.3836190452	0.0992083345	0.0837269721	0.0000127853	0.4334328629
0	0.0512611573	0.8603810274	0.0006610852	0.0685889837	0.0191077465
0	0.0000000048	0.5607343318	0.1077857067	0.2618356826	0.0696442742
0	0.0098550404	0.0001864221	0.0001279034	0.0321042785	0.9577263555
0	0.5774115318	0.4194084309	0.0000594887	0.0020795389	0.0010410097
0	0.4717519954	0.0017437230	0.0034410237	0.5230632579	0.0000000000
0	0.2699948890	0.0472183084	0.3110620801	0.3474899357	0.0242347867
0	0.3878537988	0.0000012239	0.1322078277	0.4799213614	0.0000157883
0	0.0460320070	0.0515885973	0.5416968598	0.3603577627	0.0003247733
0	0.6276531751	0.2419914559	0.0029352912	0.1274167969	0.0000032809
0	0.0614953144	0.0002756518	0.1049153375	0.6593229865	0.1739907098
0	0.5731537627	0.0155568739	0.0067461364	0.2863079609	0.1182352661
0	0.0000000025	0.0086573202	0.7151888263	0.2483362325	0.0278176186
0	0.0008853542	0.0289310568	0.3309713878	0.0000000003	0.6392122008
0	0.5306551709	0.2266519812	0.2086511292	0.0339781403	0.0000635785
0	0.2511637796	0.0001592136	0.6627640326	0.0328815921	0.0530313822
0	0.0025778504	0.5021444295	0.1082267101	0.3870465532	0.0000044568
0	0.1624190720	0.1504123168	0.0048257689	0.3949729569	0.2873698853
0	0.0762448324	0.2320582219	0.0215102117	0.0008280357	0.6693586982
0	0.1567405127	0.0208950858	0.1015079901	0.3124852599	0.4083711515
0	0.0096297599	0.4899201491	0.2176078267	0.0000000000	0.2828422644
0	0.0001313387	0.0163960051	0.0000503611	0.9818735726	0.0015487224
0	0.0039777742	0.0372825924	0.0779655531	0.0012462876	0.8795277926
0	0.6150671289	0.2893936842	0.0954887162	0.0000042669	0.0000462038
0	0.2777429589	0.3020141399	0.4062351865	0.0137369470	0.0002707677
0	0.1458405982	0.0051310675	0.0770457991	0.2160277676	0.5559547675
0	0.0000002581	0.0301853680	0.5779052278	0.3215079098	0.0704012363
1	0.0072746844	0.0287991182	0.8965402184	0.0000039641	0.0673820149
0	0.0875295349	0.3319456088	0.5031209571	0.0769840748	0.0004198244
0	0.0102476182	0.0000008702	0.2202698903	0.1681447480	0.6013368733
0	0.0110707483	0.0003115978	0.9474346426	0.0065449705	0.0346380408
0	0.0552924938	0.0474979004	0.0000000152	0.0047057031	0.8925038876
0	0.0003756385	0.2118793633	0.0632834141	0.6583951128	0.0660664713
1	0.3271081649	0.0000000525	0.0010139336	0.2201524269	0.4517254222
0	0.0000012755	0.8497504834	0.0066151786	0.0226805605	0.1209525020
0	0.0000993976	0.2808890424	0.4074398962	0.0826868943	0.2288847695
0	0.0000000000	0.0895202145	0.6708757009	0.1963056577	0.0432984268
1	0.0759734801	0.0411590236	0.6271598639	0.1577902003	0.0979174321
0	0.8636359973	0.1035664991	0.0000000000	0.0327972081	0.0000002955
0	0.0082954164	0.0233796719	0.7703925347	0.1051111342	0.0928212428
0	0.0347611493	0.1865749183	0.2406334395	0.0083588635	0.5296716294
0	0.0683524906	0.5902138553	0.0798085851	0.2450638006	0.0165612684
0	0.9266057666	0.0000000826	0.0416905588	0.0000000716	0.0317035204
0	0.0344064252	0.0000000055	0.0005704907	0.9650230786	0.0000000000
1	0.0000000074	0.0530064476	0.0154529412	0.1120974128	0.8194431910
0	0.0343587590	0.6509408485	0.0000007077	0.0143087305	0.3003909542
0	0.1319363945	0.7557708236	0.0451006735	0.0477241595	0.0194679489
0	0.1010144011	0.0216339732	0.0000037962	0.6619627157	0.2153851138
0	0.1253453783	0.0340581520	0.1980999536	0.1645641293	0.4779323867
0	0.0000105044	0.4803108610	0.4493459423	0.0249389161	0.0453937763
0	0.0007409483	0.7064908065	0.0985857327	0.0695468825	0.1246356301
0	0.0044716341	0.0010791657	0.0004408112	0.9932204532	0.0007879359
0	0.0014499506	0.0728938905	0.0526533631	0.2474347555	0.6255680404
0	0.4343771320	0.0123044712	0.1959048703	0.0005348427	0.3568786839
0	0.0050968126	0.0357851292	0.0079986475	0.1385830043	0.8125364065
0	0.2272591038	0.1276241902	0.3985208941	0.0306113185	0.2159844934
0	0.3936339652	0.0195307210	0.0394920153	0.2407853549	0.3065579436
0	0.0139568494	0.8958253632	0.0000000000	0.0782876222	0.0119301652
0	0.3820795713	0.0634742323	0.0000091778	0.0014619159	0.5529751027
0	0.0001837873	0.2076678723	0.0394752750	0.0430186309	0.7096544344
0	0.6090498993	0.1151594686	0.2711992803	0.0000030551	0.0045882967
0	0.3611845605	0.2304707360	0.0052899440	0.0357628987	0.3672918609
0	0.0171743564	0.0294980081	0.0403735445	0.9129476565	0.0000064345
0	0.0114397755	0.0488225799	0.0034156220	0.0078895780	0.9284324445
0	0.0668163154	0.0799993674	0.7536951682	0.0746657546	0.0248233945
0	0.9907611502	0.0000007011	0.0065447976	0.0000000548	0.0026932963
0	0.1306471930	0.2312618381	0.4562405195	0.0433819862	0.1384684632
0	0.3721952634	0.3779991464	0.0628742563	0.1798712033	0.0070601305
0	0.5236918768	0.0001341268	0.0000384190	0.0210937719	0.4550418055
0	0.0434961145	0.4971086767	0.0011013883	0.3206296004	0.1376642201
0	0.4087177340	0.2734536973	0.2533958311	0.0000240884	0.0644086491
0	0.5507171690	0.1647281598	0.0902358541	0.0000003784	0.1943184387
1	0.8967643610	0.0479451498	0.0000002056	0.0055522490	0.0497380346
2	0.0000000000	0.0024733301	0.1654587971	0.7142913601	0.1177765127
0	0.7725453590	0.0082653029	0.2178953142	0.0012862910	0.0000077329
0	0.0219363083	0.0003185703	0.1635495989	0.8141555041	0.0000400185
0	0.0456029525	0.8751457786	0.0070836656	0.0705132945	0.0016543088
0	0.0000000153	0.7841250403	0.0673938037	0.1271482587	0.0213328820
0	0.0059967559	0.0835247043	0.3591563231	0.3868729851	0.1644492317
0	0.0005876459	0.0972572788	0.3131195555	0.4038007112	0.1852348086
0	0.0604019143	0.2380546458	0.0000250389	0.4071515388	0.2943668622
0	0.0077021629	0.2499100749	0.1007083044	0.0190928269	0.6225866309
0	0.1561627969	0.8382719435	0.0000000000	0.0000004691	0.0055647905
0	0.6825777385	0.1218569969	0.1380862579	0.0000000000	0.0574790068
0	0.1747652427	0.4751435774	0.0013314995	0.0000000243	0.3487596561
0	0.0872759658	0.8150371274	0.0027670648	0.0000000002	0.0949198418
0	0.5388007419	0.0634606424	0.0001801325	0.2386957372	0.1588627459
0	0.0000000000	0.1044161249	0.0184674441	0.4927381772	0.3843782538
0	0.3648182299	0.1264218486	0.0010347597	0.0724683375	0.4352568243
0	0.0005318261	0.2410888673	0.0756962208	0.5752524786	0.1074306072
0	0.0766316850	0.6902495902	0.1695376118	0.0481756630	0.0154054500
1	0.0202692645	0.0556229577	0.0739583037	0.5471163017	0.3030331724
0	0.0019452162	0.0480070887	0.7950901297	0.1446043847	0.0103531808
0	0.0177021476	0.0000453587	0.6251437457	0.3408967635	0.0162119846
0	0.0700701189	0.2361406238	0.0537190307	0.1685807697	0.4714894569
