0	0.0631139984	0.1176128689	0.3347166727	0.0001114137	0.4844450463
0	0.0073461355	0.9107570241	0.0090574643	0.0599586257	0.0128807504
0	0.0123194795	0.0979213034	0.0000092656	0.0389056396	0.8508443119
0	0.0234179716	0.0904812520	0.0183049300	0.0000101355	0.8677857108
0	0.2094215327	0.7607108865	0.0038895859	0.0148242890	0.0111537059
0	0.7598228147	0.1052201054	0.0128855869	0.0666522435	0.0554192495
0	0.0185674122	0.1346902962	0.2193120282	0.0000000000	0.6274302634
0	0.0020936647	0.0893675590	0.0001765988	0.0000019013	0.9083602763
1	0.0094045350	0.0049488208	0.0002776515	0.0568191554	0.9285498373
0	0.7113161115	0.0313726250	0.0144156001	0.0861787653	0.1567168981
0	0.1394750188	0.0000000337	0.2843413886	0.1734509119	0.4027326470
0	0.0165290613	0.0000000000	0.0632609466	0.6054513025	0.3147586896
1	0.8656965899	0.1322839436	0.0000000000	0.0020194616	0.0000000050
0	0.1996404937	0.0000006048	0.2784573510	0.3413628108	0.1805387398
0	0.1480268363	0.8232398382	0.0233635171	0.0002504653	0.0051193430
0	0.0968539638	0.0664714805	0.8267262399	0.0007842863	0.0091640296
0	0.0215140131	0.1566166525	0.6362132013	0.1155025721	0.0701535609
1	0.1230180082	0.0016795583	0.0349643716	0.8372761402	0.0030619217
0	0.2126658989	0.2020433955	0.0032946860	0.4700521876	0.1119438319
1	0.0029543186	0.0039194716	0.8335011727	0.0000515109	0.1595735263
0	0.2809635390	0.0000957704	0.0304008340	0.6309347281	0.0576051284
0	0.0000000000	0.0394667727	0.6306300088	0.3241258458	0.0057773727
1	0.0011420555	0.8505032315	0.0003134064	0.0000000003	0.1480413063
1	0.0602969765	0.0531660784	0.0138307845	0.0042302662	0.8684758945
0	0.0513782478	0.1674223243	0.1215066297	0.6011129467	0.0585798515
0	0.5839306959	0.0524703398	0.0000030623	0.0020687276	0.3615271744
0	0.0042823823	0.2493931098	0.1244635895	0.0145294777	0.6073314407
0	0.8276124033	0.0000001850	0.0980473168	0.0097055317	0.0646345631
0	0.0996163007	0.1056503521	0.3226259937	0.2587397728	0.2133675807
0	0.2033663791	0.0169838650	0.0000161380	0.6970305640	0.0826030540
0	0.0000000435	0.7367944455	0.0122268844	0.0011707075	0.2498079191
0	0.1206155474	0.1628229354	0.5370036717	0.0173524632	0.1622053823
0	0.0000002820	0.0000039298	0.2211931942	0.2476232674	0.5311793267
0	0.1501064328	0.2220746794	0.3763631059	0.0033533260	0.2481024558
0	0.1164186326	0.4472203790	0.0000000098	0.0096149951	0.4267459835
2	0.0203053557	0.1380130932	0.6095480737	0.2257732233	0.0063602540
1	0.0401983625	0.5622783735	0.2521069234	0.0009228554	0.1444934852
0	0.0121180764	0.1531691325	0.0383781606	0.1222650977	0.6740695327
0	0.0886571922	0.5185782077	0.3924797433	0.0002847546	0.0000001022
0	0.3415292686	0.0002714369	0.0098511348	0.2280579663	0.4202901935
0	0.5806155542	0.0410270992	0.3740991044	0.0000315386	0.0042267035
0	0.4272940427	0.1583781885	0.0000000001	0.0000121483	0.4143156204
1	0.1287568903	0.0001491618	0.0409258809	0.0766837850	0.7534842819
0	0.2687926222	0.0000000063	0.6536119891	0.0765850857	0.0010102967
0	0.0216626593	0.6867154311	0.1504830123	0.0031674073	0.1379714901
0	0.0358386497	0.0577610210	0.0000000000	0.7368915653	0.1695087640
0	0.0177464997	0.0140829330	0.1124336224	0.7499513495	0.1057855954
0	0.0077418041	0.3146536221	0.0191606066	0.4669467984	0.1914971688
0	0.0001015321	0.1670527283	0.0183479624	0.6713161425	0.1431816346
0	0.0723900482	0.5473459358	0.0213225592	0.2496504406	0.1092910162
0	0.0082047807	0.4241801544	0.0024564447	0.4692514870	0.0959071331
0	0.0111979781	0.6927576568	0.0449173431	0.1945767476	0.0565502745
0	0.0299381279	0.0986805290	0.8253755153	0.0047552340	0.0412505938
0	0.0065546969	0.1013278314	0.1952105552	0.0516109292	0.6452959872
0	0.0028593348	0.0000004472	0.3666102756	0.1476467762	0.4828831662
0	0.0000000015	0.1905202318	0.5401181633	0.2167304136	0.0526311899
0	0.0353794396	0.0091631384	0.1627699882	0.7426506416	0.0500367922
0	0.6957004975	0.0623367330	0.0084203711	0.1190253083	0.1145170901
0	0.2047477391	0.1964299580	0.0000553491	0.3648197457	0.2339472081
0	0.8789406909	0.0114329823	0.0540164699	0.0302409552	0.0253689017
1	0.0120966263	0.0001346092	0.3025882642	0.6316672732	0.0535132271
0	0.0931060073	0.3142290723	0.0706771394	0.5219194938	0.0000682873
0	0.0000000006	0.1426327893	0.5404602730	0.0292956063	0.2876113309
0	0.0167349432	0.1667329552	0.2493022160	0.2465537941	0.3206760915
0	0.0729293318	0.0480710063	0.0000000146	0.0000000000	0.8789996474
0	0.0000000010	0.7433844067	0.0000292609	0.2484124936	0.0081738377
0	0.3920322147	0.0020074866	0.4899141381	0.0843854568	0.0316607040
0	0.0681096028	0.0564383099	0.2747005286	0.0399438034	0.5608077554
0	0.0329809008	0.5656235767	0.3423705488	0.0590151007	0.0000098730
0	0.0003215118	0.4516825507	0.0004957868	0.0063143652	0.5411857855
0	0.1070738666	0.0264449157	0.0163361874	0.8494552699	0.0006897605
0	0.2145897107	0.2402274632	0.2353690844	0.0165779610	0.2932357807
1	0.0096762201	0.0000000000	0.0976352445	0.1560291051	0.7366594303
0	0.1137931370	0.5621496858	0.2741967423	0.0441513199	0.0057091150
0	0.0010843712	0.5911661099	0.1580657065	0.2173105569	0.0323732555
0	0.2680560437	0.0356157418	0.4109917569	0.2853364373	0.0000000203
0	0.0168693656	0.5254696960	0.0234632270	0.4303684025	0.0038293089
0	0.8259269529	0.0317676327	0.0863920339	0.0008192927	0.0550940877
0	0.1323277108	0.0123211403	0.3026338012	0.0813081227	0.4714092250
0	0.7827396707	0.0342362487	0.0049541975	0.1070956897	0.0709741935
0	0.6901009312	0.1493166069	0.0329062640	0.1276564776	0.0000197203
0	0.2183223458	0.0000007704	0.0012092848	0.0336686078	0.7467989912
0	0.1147741670	0.0383527450	0.0473104964	0.7741364573	0.0254261344
0	0.2284477345	0.6511703907	0.0229534649	0.0012298601	0.0961985497
0	0.0011672681	0.4699055922	0.3250253608	0.0000000067	0.2039017722
0	0.4120120106	0.2109733822	0.1568267757	0.0334351622	0.1867526693
0	0.0005424174	0.0489175247	0.0639321874	0.0735664626	0.8130414079
0	0.2408173454	0.0001386316	0.0187452816	0.7402057363	0.0000930051
0	0.4214363536	0.0000404138	0.3722130549	0.1061791332	0.1001310445
0	0.9781658271	0.0068125880	0.0101748270	0.0000066011	0.0048401568
0	0.4930536994	0.0053476635	0.0245486112	0.1323760680	0.3446739579
0	0.0087702218	0.0060628745	0.0000000000	0.0000007808	0.9851661229
0	0.0292000088	0.5636483680	0.3710035495	0.0260008227	0.0101472510
0	0.2868352679	0.0200293795	0.1193301181	0.0431710507	0.5306341838
0	0.0109750136	0.0000000009	0.0578133119	0.8848651139	0.0463465596
0	0.0497691367	0.0959537653	0.0058818769	0.1174837722	0.7309114489
0	0.0000018277	0.0645346195	0.6994672914	0.0147122107	0.2212840507
0	0.0127924179	0.5539594917	0.3609290422	0.0723189473	0.0000001008
1	0.0015157076	0.2325576775	0.0000010074	0.3624543948	0.4034712128
0	0.3542715023	0.0258969307	0.0760194752	0.5026294235	0.0411826683
