0	0.1999493726	0.1511400506	0.0086315950	0.6307813219	0.0094976599
0	0.0935276737	0.6346254918	0.0132736682	0.1544807658	0.1040924005
0	0.0489413335	0.2372459128	0.0902230939	0.6235661156	0.0000235442
0	0.0000207367	0.0075285279	0.4157189294	0.4027869764	0.1739448296
0	0.0000000000	0.0002186915	0.0313041459	0.4058674237	0.5626097389
0	0.0000168880	0.4707722901	0.0007862384	0.0247997063	0.5036248772
1	0.0845663148	0.7388448412	0.1759641740	0.0005987020	0.0000259681
0	0.0227268740	0.6706423920	0.1134803484	0.1736250209	0.0195253646
2	0.0111482617	0.0790909198	0.7749466757	0.0596310704	0.0751830723
0	0.0621246999	0.0044844349	0.0005901204	0.9261880770	0.0066126678
0	0.0213334678	0.9179873298	0.0600965238	0.0005826768	0.0000000018
0	0.4993866783	0.1544289285	0.0000024409	0.0483508859	0.2978310665
0	0.0040539794	0.5344138387	0.0000740918	0.2426826370	0.2187754531
0	0.0375606827	0.2938130188	0.4863036776	0.0000650259	0.1822575951
0	0.2178157472	0.1122356853	0.0022637839	0.0115881519	0.6560966317
0	0.0000281418	0.0001016496	0.0064583001	0.4319471524	0.5614647561
0	0.3005091791	0.0169750438	0.2154654976	0.0452875219	0.4217627577
0	0.0581179102	0.0353446627	0.0426227705	0.1134393757	0.7504752810
0	0.0000000000	0.2505340097	0.6086637732	0.1248671202	0.0159350970
1	0.0499251454	0.0017542053	0.0176070970	0.6001436458	0.3305699066
0	0.1552023428	0.0906882050	0.2636967264	0.1843555400	0.3060571858
0	0.0645841308	0.3885248300	0.5309949457	0.0128581545	0.0030379390
0	0.0000768179	0.0000000223	0.0211630294	0.9687191330	0.0100409975
0	0.0020337051	0.1280897108	0.2541563003	0.0618208000	0.5538994838
0	0.4994337469	0.0388402293	0.1968728771	0.2171914000	0.0476617467
0	0.0000000000	0.4317318594	0.0503863812	0.0189323548	0.4989494046
0	0.1220565234	0.1419673865	0.2046378371	0.0002387151	0.5310995379
0	0.5323412956	0.0001886702	0.0118532827	0.4556148179	0.0000019335
0	0.3963992811	0.3408702267	0.0224937448	0.2348386474	0.0053981000
0	0.2274235217	0.4892973102	0.1121981518	0.0178858832	0.1531951332
0	0.1299290229	0.6684922865	0.0968685903	0.0132789491	0.0914311513
0	0.2919341329	0.1191652300	0.2357945020	0.3477707778	0.0053353572
0	0.0003082032	0.0009099310	0.0730713924	0.0074284633	0.9182820101
0	0.0210060582	0.3625737416	0.4603589118	0.1560605606	0.0000007278
0	0.3507640251	0.4592374176	0.1686294004	0.0049078347	0.0164613222
1	0.7281543956	0.0152073890	0.0000403479	0.0626666865	0.1939311809
0	0.0761919975	0.0482048981	0.3128182462	0.3883806284	0.1744042298
0	0.2086213365	0.0400200707	0.0000020872	0.1285808745	0.6227756310
0	0.5615778850	0.0204360732	0.0001466717	0.3101957080	0.1076436621
0	0.0824487781	0.1343172171	0.7724845330	0.0096776811	0.0010717906
0	0.0001402170	0.0002243825	0.0168809514	0.3010061830	0.6817482661
0	0.0001324025	0.0024640673	0.2171485671	0.6949584244	0.0852965387
0	0.1035009031	0.0000000000	0.2388454216	0.6086816130	0.0489720622
0	0.0000662625	0.9980611040	0.0011305832	0.0006855425	0.0000565078
0	0.0000000000	0.9695482176	0.0168255744	0.0125298205	0.0010963876
1	0.5716590492	0.2198575798	0.0705780278	0.1118034346	0.0261019085
0	0.0007513972	0.9377127882	0.0000332740	0.0000002066	0.0615023340
0	0.0474751359	0.6962460268	0.0180754543	0.1550359641	0.0831674189
0	0.1922460767	0.0925436419	0.0113297730	0.4033197978	0.3005607107
0	0.1483683137	0.0003729597	0.7170990233	0.0000310617	0.1341286416
0	0.1897915228	0.0441330574	0.7144870085	0.0315393706	0.0200490406
0	0.0187841861	0.0039887647	0.0030402332	0.0072296694	0.9669571467
0	0.0319577460	0.4471011522	0.3392556899	0.0432482968	0.1384371151
0	0.0108095775	0.3736687544	0.5873791709	0.0281422860	0.0000002112
0	0.0068623967	0.0456700966	0.2336969759	0.0424146378	0.6713558930
0	0.3641696618	0.3300742669	0.2919103250	0.0000005814	0.0138451649
0	0.8285925713	0.0275165138	0.0481312689	0.0727966931	0.0229629528
0	0.2019162422	0.1024967008	0.3224642882	0.1881643078	0.1849584609
0	0.1670108274	0.0620254706	0.6643735922	0.0072115918	0.0993785180
0	0.0000000000	0.6330846066	0.0125089341	0.3148121084	0.0395943509
0	0.4622656142	0.4886204534	0.0190431100	0.0016244806	0.0284463418
0	0.5617216177	0.2796668219	0.0205834107	0.0490967652	0.0889313844
0	0.0385846175	0.7655232337	0.0215548110	0.1660935113	0.0082438265
0	0.5439731763	0.4334413084	0.0203801733	0.0000759160	0.0021294260
0	0.2096332390	0.4630187656	0.2803902119	0.0445356267	0.0024221568
0	0.2233697363	0.0275811384	0.0092700555	0.0338577931	0.7059212767
0	0.0000118565	0.6703905094	0.0263863572	0.2199805878	0.0832306891
0	0.0108939264	0.4068564726	0.1296058633	0.1481146299	0.3045291079
0	0.1712472969	0.0224313380	0.0000000032	0.7892843407	0.0170370212
0	0.0017610592	0.9522625820	0.0380046794	0.0002511386	0.0077205407
0	0.1294376215	0.0001341212	0.3074664180	0.0429641382	0.5199977011
0	0.0115127908	0.0390331331	0.7944402676	0.0142135126	0.1408002960
0	0.5432961744	0.1196219166	0.0036544770	0.3334272835	0.0000001484
0	0.2057128095	0.0240921303	0.0001882285	0.1872766399	0.5827301918
0	0.1320782007	0.0000636215	0.5013719964	0.3664860681	0.0000001133
1	0.0000001702	0.5308637296	0.0034317239	0.2198665097	0.2458378664
0	0.7176235949	0.0213012594	0.0040515344	0.1711707352	0.0858528762
0	0.0014903646	0.0048615843	0.1067836101	0.4320274621	0.4548369789
1	0.3361539683	0.1174978182	0.1555397780	0.1254368086	0.2653716268
0	0.2918439706	0.0038388421	0.0149228384	0.0096246572	0.6797696918
0	0.4617954101	0.1014055818	0.1224463898	0.0360366374	0.2783159809
0	0.6320874599	0.0825829054	0.0322687433	0.2026927698	0.0503681216
0	0.0000000056	0.3779875610	0.0007666710	0.0001807353	0.6210650272
0	0.3239502842	0.0010865072	0.6549600702	0.0000402044	0.0199629340
2	0.4974367507	0.0201985390	0.1251479572	0.1487103349	0.2085064183
1	0.0261569937	0.1947151871	0.6270439833	0.0474235604	0.1046602755
0	0.0066961302	0.0000000315	0.0034468548	0.0185509655	0.9713060180
0	0.3764609621	0.1050005641	0.2613462231	0.0525926082	0.2045996425
0	0.0000266345	0.2158910229	0.1618230871	0.2962878773	0.3259713782
0	0.1580306843	0.0000001724	0.0960779559	0.7264109143	0.0194802730
0	0.0943679618	0.0077913424	0.0375838927	0.7687294029	0.0915274001
0	0.1637454694	0.3227677806	0.0022700915	0.0000000000	0.5112166585
0	0.0835080625	0.4763803152	0.0084400844	0.0000000000	0.4316715380
0	0.1298453034	0.0187704475	0.0030110718	0.7854179037	0.0629552737
0	0.7381787773	0.0701342693	0.1915785260	0.0000000000	0.0001084274
0	0.4691505227	0.0355952525	0.1077075002	0.0188280964	0.3687186282
0	0.0001579318	0.4648748032	0.0000001575	0.3896045350	0.1453625725
0	0.0726090587	0.0379657755	0.0185068018	0.8708864493	0.0000319146
0	0.0000000054	0.0000000733	0.0440329792	0.9128536233	0.0431133188
0	0.1558364065	0.6009183081	0.0029020815	0.0271557387	0.2131874651
