0	0.6691542275	0.0766238985	0.0537038127	0.0728099369	0.1277081244
0	0.0200683965	0.9572285651	0.0142877851	0.0014732614	0.0069419918
1	0.0140610773	0.0231056920	0.0000002370	0.9394916948	0.0233412989
2	0.0489174810	0.0180929431	0.5552993986	0.2550392530	0.1226509243
0	0.1978432757	0.0709128810	0.3534092421	0.0000000000	0.3778346012
0	0.1425961849	0.3204653610	0.1516736862	0.0060046947	0.3792600732
0	0.0000010764	0.0060323489	0.0437504811	0.0329613382	0.9172547554
0	0.0024132667	0.0000047921	0.0000000160	0.6802437054	0.3173382199
0	0.5072755109	0.0770644712	0.1665504721	0.1237620093	0.1253475365
0	0.9698362567	0.0099641361	0.0165615468	0.0007553590	0.0028827015
0	0.0042434814	0.0224100254	0.0172762065	0.1190833139	0.8369869728
0	0.0424119185	0.0000000000	0.0001952471	0.8092251130	0.1481677214
0	0.1891362561	0.4943617114	0.1365326830	0.1777785279	0.0021908216
1	0.8818145873	0.0235659055	0.0352505975	0.0575750601	0.0017938497
0	0.5181465215	0.0000001357	0.0082845662	0.3761561684	0.0974126083
0	0.1152007407	0.0591430185	0.7042637334	0.0002907412	0.1211017662
0	0.0051518782	0.0552465559	0.0000000000	0.6064352546	0.3331663113
0	0.0334657693	0.1777346325	0.0000000004	0.7785671793	0.0102324185
0	0.0216752195	0.3707798434	0.1071895561	0.0884724334	0.4118829475
0	0.1891546072	0.0659410561	0.6031009991	0.0172967122	0.1245066254
1	0.5907633060	0.0186514386	0.1316009455	0.0901488088	0.1688355011
0	0.4196201848	0.1368054719	0.0052187991	0.2742364708	0.1641190733
0	0.0002244168	0.1510992226	0.1084122811	0.6215891923	0.1186748872
1	0.0510871587	0.1935402451	0.0070678591	0.5999849537	0.1483197834
0	0.0003540052	0.9923110855	0.0002402650	0.0000000014	0.0070946428
0	0.0665710502	0.0030018883	0.7046553147	0.2108062477	0.0149654991
0	0.0485735152	0.4595088901	0.0402644733	0.2648857712	0.1867673503
0	0.0000000000	0.0000000000	0.0097835158	0.0269518824	0.9632646017
0	0.6579437784	0.0000913542	0.2799576507	0.0057228793	0.0562843374
0	0.5119096310	0.0211563010	0.4251760242	0.0155784838	0.0261795600
0	0.9054191335	0.0316957712	0.0612129812	0.0000000000	0.0016721141
0	0.0379716790	0.0000000000	0.1965001787	0.1165994089	0.6489287334
0	0.0061835712	0.3634909991	0.0000126748	0.5253500606	0.1049626943
0	0.2180984926	0.2682984819	0.1714895413	0.2509023531	0.0912111311
0	0.0075863537	0.4595696331	0.5058206946	0.0000000045	0.0270233140
0	0.0177795420	0.0148532868	0.0255551038	0.0164715525	0.9253405149
0	0.0000000000	0.8630714589	0.0047942438	0.0000538545	0.1320804428
0	0.0000000055	0.0129626597	0.0978451584	0.0169917028	0.8722004736
0	0.3617424347	0.1134781203	0.0000025336	0.4409713160	0.0838055953
0	0.2635306883	0.1485768028	0.5154480990	0.0491300460	0.0233143640
0	0.0254264036	0.0964943069	0.0455139022	0.0004551022	0.8321102851
0	0.0161631901	0.0710017128	0.0486102701	0.0526316532	0.8115931738
0	0.4598234893	0.0976476203	0.0602406941	0.1675448265	0.2147433699
0	0.4594345632	0.0318699850	0.0368333429	0.2281356950	0.2437264138
0	0.3501934782	0.2558396699	0.0002427709	0.2409143619	0.1528097190
0	0.0015785495	0.0001002512	0.1720019260	0.3344463428	0.4918729305
1	0.1888279893	0.1116823145	0.0785621762	0.5472729288	0.0736545912
0	0.2344008819	0.6289793171	0.0000000000	0.1366045692	0.0000152318
0	0.0719455059	0.7815705585	0.0055981154	0.1107535055	0.0301323147
0	0.0532624016	0.0123449256	0.2012498198	0.0848498041	0.6482930490
0	0.0207193729	0.0005993385	0.8891341149	0.0708837088	0.0186634649
0	0.4338132702	0.0142342834	0.0000052639	0.0012102365	0.5507369461
0	0.0000842829	0.0000301272	0.2609743008	0.5585555104	0.1803557787
0	0.5309877685	0.0306315406	0.3187319042	0.0000040269	0.1196447598
0	0.0782537765	0.1565795147	0.1159463852	0.0009107527	0.6483095710
1	0.0139680573	0.0478487887	0.3424899728	0.5917065527	0.0039866285
0	0.2174562620	0.0651879132	0.7068610461	0.0089006519	0.0015941268
0	0.0000000669	0.6916956887	0.0355984758	0.0715535867	0.2011521819
0	0.6723560275	0.2029640102	0.0005011937	0.0216574834	0.1025212852
0	0.0106360243	0.0000006388	0.3376152577	0.0044004821	0.6473475971
0	0.8849209630	0.0783194405	0.0000114759	0.0089219037	0.0278262169
0	0.0149104603	0.4062693915	0.1555445938	0.0427083057	0.3805672486
0	0.4511531387	0.0860222459	0.0662429895	0.3952866687	0.0012949572
0	0.0062365901	0.1582736184	0.1914907362	0.1162191358	0.5277799196
0	0.0010087854	0.0795632519	0.2371534587	0.0875485061	0.5947259979
0	0.0041111181	0.5231211541	0.0281677246	0.0254121088	0.4191878944
0	0.1245792953	0.0993599443	0.0000627957	0.0336760030	0.7423219617
0	0.0053869732	0.0153227623	0.9385270090	0.0392949529	0.0014683026
0	0.0900378150	0.1801053521	0.7290832671	0.0007417596	0.0000318063
0	0.1792156629	0.0136463433	0.0383769963	0.1682670074	0.6004939902
1	0.1376439206	0.0013956905	0.4691917964	0.0756101072	0.3161584853
0	0.1959868192	0.0000864370	0.7659539250	0.0013816031	0.0365912156
0	0.1338644300	0.6968960434	0.0025369558	0.0426341953	0.1240683756
0	0.0022210637	0.0208077646	0.1490571548	0.8249486142	0.0029654027
0	0.0042929997	0.0951285850	0.8714867701	0.0155220189	0.0135696262
0	0.1523112854	0.2363866016	0.0394677377	0.5484031470	0.0234312284
0	0.1607419778	0.0078494850	0.0668315261	0.3834685520	0.3811084592
0	0.2413203829	0.0144735069	0.1170734074	0.6258252965	0.0013074063
1	0.4837486432	0.1542728908	0.0000020374	0.1123904276	0.2495860009
0	0.0002449008	0.1840012677	0.0270368262	0.0204234634	0.7682935419
0	0.0000000000	0.5660143264	0.0785342088	0.2893359225	0.0661155422
0	0.8064927806	0.1344567904	0.0157538100	0.0432966190	0.0000000000
0	0.4670565471	0.1146272935	0.0076054979	0.2967206646	0.1139899968
0	0.0613267759	0.8420799604	0.0256863118	0.0702429435	0.0006640083
0	0.8319159687	0.1644545779	0.0000091181	0.0000000760	0.0036202593
0	0.0645988492	0.2567173543	0.0136510496	0.6650324166	0.0000003303
0	0.1742968532	0.2478279591	0.0374014282	0.5398278548	0.0006459047
0	0.4037605745	0.0748131425	0.0000000181	0.0018294234	0.5195968415
0	0.2819779233	0.1099884207	0.1285432211	0.2754777402	0.2040126946
0	0.1456383212	0.0000008683	0.8236727044	0.0306869973	0.0000011089
0	0.1213059022	0.0268279764	0.4610180750	0.0010107978	0.3898372486
0	0.1295688530	0.0210738201	0.0000120949	0.0049371751	0.8444080569
1	0.0000000025	0.2392043633	0.0256842209	0.5874149562	0.1476964571
0	0.1004669603	0.0605290174	0.0104836889	0.7244729291	0.1040474043
0	0.5052132588	0.2590896383	0.1520523168	0.0188410606	0.0648037255
0	0.0977745878	0.5656524075	0.1995835684	0.0774285882	0.0595608481
1	0.0903868177	0.0633670136	0.0005827099	0.1226983710	0.7229650879
0	0.1509803530	0.0431648870	0.0901769716	0.7156777884	0.0000000000
0	0.0780463954	0.1683145808	0.3117764700	0.4189715126	0.0228910412
0	0.1745617493	0.2142025231	0.2278994888	0.2768681849	0.1064680539
