0	0.0015807350	0.3156769633	0.0242101095	0.2460963444	0.4124358479
0	0.9542724383	0.0025839864	0.0318533709	0.0112902044	0.0000000000
0	0.0246575906	0.1402295312	0.6415297947	0.1166036905	0.0769793931
0	0.4562967904	0.1308176837	0.2689389343	0.1439420014	0.0000045902
0	0.2054980823	0.0379273692	0.7043556766	0.0133833024	0.0388355694
0	0.3767476658	0.0684633811	0.4027131958	0.1335120265	0.0185637307
1	0.0140405233	0.0137359830	0.6397280006	0.0558153857	0.2766801074
1	0.0235990602	0.0755375143	0.3707590257	0.1142979773	0.4158064226
0	0.0287786733	0.0000000000	0.4334722632	0.5377490636	0.0000000000
0	0.0004188835	0.0209423597	0.6306822044	0.3265623207	0.0213942318
0	0.0229797611	0.2366920666	0.0216005979	0.0695679779	0.6491595965
0	0.2608947505	0.0030132306	0.0360965338	0.6505938730	0.0494016121
0	0.3065440140	0.3076910760	0.0000000098	0.0000000000	0.3857649003
0	0.1554127453	0.5158726326	0.0463873201	0.1259717104	0.1563555916
0	0.6663775083	0.0473630438	0.0000544034	0.1120036260	0.1742014185
0	0.0019087993	0.3435451640	0.4292053038	0.1326855935	0.0926551393
0	0.0000000003	0.0002467608	0.3667686125	0.2924584404	0.3405261860
0	0.1019182288	0.8738924965	0.0000482873	0.0004993467	0.0236416408
0	0.1653097072	0.2272058246	0.4152615835	0.1872486004	0.0049742843
0	0.0000000000	0.0000060962	0.9178545553	0.0301536055	0.0519857430
0	0.0699792856	0.4423354015	0.2330963958	0.2516632359	0.0029256812
0	0.8445466013	0.1545481547	0.0000000001	0.0008627876	0.0000424564
0	0.6194353865	0.1729385501	0.0018454910	0.0033267401	0.2024538323
0	0.0227106855	0.0000075647	0.0001627116	0.0458558574	0.9312631809
0	0.0330908012	0.2184732856	0.6941062846	0.0469006554	0.0074289733
0	0.2887144579	0.0009994871	0.0265928986	0.6761627829	0.0075303734
0	0.1675145752	0.6868942591	0.1455594092	0.0000317565	0.0000000000
0	0.5999697678	0.1723768910	0.0062127907	0.0058446095	0.2155959409
0	0.0185533352	0.0026486273	0.0068102736	0.9644558438	0.0075319202
0	0.5595703298	0.3130961315	0.1122367521	0.0000000000	0.0150967865
0	0.0067121486	0.1380858484	0.0006756238	0.0005431361	0.8539832431
0	0.0000000001	0.0012869760	0.9106416252	0.0146459890	0.0734254097
0	0.0066425399	0.1130657805	0.6436731604	0.0906919270	0.1459265921
1	0.1685680368	0.2610166763	0.4485133105	0.0006588354	0.1212431410
0	0.3039923346	0.0000006470	0.0580399261	0.6094306115	0.0285364808
0	0.0004923625	0.0018694360	0.0964377399	0.8968725471	0.0043279145
0	0.4570912290	0.0700070326	0.0487406182	0.0502706476	0.3738904727
0	0.0470935480	0.3398684902	0.5430897082	0.0699482536	0.0000000000
0	0.0017879933	0.0269746827	0.1045645702	0.6531981392	0.2134746146
0	0.3963915378	0.0289779464	0.0000000001	0.5342449647	0.0403855510
0	0.5086617974	0.1974807167	0.0301300630	0.2631364515	0.0005909714
0	0.0440257961	0.0011799260	0.0337820331	0.9210122448	0.0000000000
0	0.0000000000	0.0896988039	0.3671271807	0.4458497971	0.0973242183
0	0.0501986749	0.1176859505	0.0003405656	0.8220654515	0.0097093575
0	0.1700624436	0.1215843738	0.0000000127	0.6795713942	0.0287817757
0	0.0398462950	0.3132284805	0.0704506411	0.3298455145	0.2466290688
0	0.0169885980	0.1117124403	0.0551452095	0.8157730538	0.0003806984
0	0.0000000000	0.1371565142	0.0000000001	0.8628434857	0.0000000000
0	0.9058016770	0.0235902910	0.0000000000	0.0091159578	0.0614920742
0	0.1372391741	0.6279312139	0.1750566067	0.0597678729	0.0000051323
0	0.0003250620	0.0265764613	0.2352819683	0.5491268634	0.1886896450
0	0.0129164146	0.3894526930	0.4023432149	0.1891120262	0.0061756513
0	0.4092032216	0.0092991562	0.0000022974	0.2236214824	0.3578738424
0	0.0118547843	0.1117576170	0.2804338776	0.1763278229	0.4196258982
1	0.0376337204	0.0050712744	0.0177598119	0.1015809730	0.8379542204
0	0.2714760279	0.4454999205	0.0376372170	0.2453868303	0.0000000043
0	0.1962828581	0.0021717039	0.8015454380	0.0000000000	0.0000000000
1	0.0252606229	0.1226564408	0.2869532734	0.3090937162	0.2560359467
0	0.7200368536	0.0005839489	0.0302849704	0.0033421823	0.2457520448
0	0.0717888475	0.5689827591	0.0000081230	0.0799760694	0.2792442009
0	0.0000000000	0.0033708502	0.0366916989	0.0000800135	0.9598574374
0	0.8398558134	0.0495733645	0.0000000000	0.1050450089	0.0055258132
0	0.2832846560	0.0162084612	0.0014163216	0.3440121411	0.3550784201
0	0.0192221803	0.1821337366	0.0000000000	0.0004969216	0.7981471614
0	0.0891276504	0.2855162244	0.0150266159	0.0057638575	0.6045656518
0	0.3991676808	0.0001113594	0.0232749876	0.5506773039	0.0267686683
0	0.0690899282	0.0001651918	0.1098720498	0.4453529068	0.3755199234
0	0.4180757922	0.0005392123	0.0102517829	0.1340795823	0.4370536303
0	0.0441172685	0.6346937879	0.3150385928	0.0040731731	0.0020771777
0	0.0202479300	0.8815096280	0.0917665791	0.0004281010	0.0060477619
0	0.0230735361	0.1372779736	0.8355110470	0.0005773545	0.0035600888
0	0.3491666277	0.0022635543	0.0998042394	0.2502764803	0.2984890983
1	0.6003883145	0.0516690168	0.0960678525	0.2264589534	0.0254158628
1	0.0034892801	0.7643837713	0.0001147034	0.2202890112	0.0117232340
0	0.5636967281	0.0554634601	0.0000000000	0.3365816909	0.0442581208
0	0.0451071198	0.4726358520	0.0143979300	0.2264055885	0.2414535098
0	0.4211644282	0.1158060332	0.2479086809	0.2151208384	0.0000000193
0	0.0145478190	0.9403592636	0.0106144272	0.0001720707	0.0343064195
2	0.4400528247	0.4649965660	0.0027333518	0.0000484867	0.0921687708
0	0.0157413959	0.4108007076	0.1871215342	0.3724541197	0.0138822426
0	0.0197430859	0.7345639439	0.1929268974	0.0231865711	0.0295795016
0	0.3820235171	0.1267438334	0.0205455605	0.0959163176	0.3747707713
1	0.6375248561	0.1767016633	0.0626625253	0.0002345406	0.1228764147
0	0.0244014165	0.0211959685	0.0036638802	0.0481755774	0.9025631573
0	0.0557576888	0.2305177451	0.5207365214	0.1929517776	0.0000362672
0	0.4185260509	0.2880908870	0.0427061375	0.1781763352	0.0725005894
0	0.0384477343	0.7665653314	0.0496449499	0.0004195738	0.1449224106
0	0.1040529986	0.8382420321	0.0274729003	0.0001368899	0.0300951791
0	0.5652786306	0.0151037373	0.0012108408	0.0068587187	0.4115480727
0	0.1150896668	0.0000959550	0.2626736110	0.5400695076	0.0820712596
0	0.0253339397	0.9710043634	0.0030449159	0.0005895105	0.0000272705
0	0.5720782738	0.0008078405	0.2527302570	0.0000002936	0.1743833351
0	0.2824753140	0.0000000000	0.2427815629	0.4353200689	0.0394230541
0	0.1060560555	0.1249743193	0.0067784926	0.7389301648	0.0232609678
0	0.1186726595	0.0016294567	0.0197654765	0.3789261126	0.4810062947
0	0.0001046876	0.0321476663	0.0473750320	0.3136678528	0.6067047613
0	0.6341818470	0.0102513219	0.0099066414	0.1658605619	0.1797996278
0	0.0259172840	0.0003928422	0.0003998934	0.9516519178	0.0216380627
0	0.3341798325	0.1464219382	0.1997041810	0.3196940483	0.0000000000
0	0.0128763659	0.0006007262	0.7603991723	0.2261237232	0.0000000123
