0	0.2289688254	0.0210204406	0.3053147996	0.0000000004	0.4446959340
0	0.7563467523	0.1244470445	0.1101360367	0.0001411346	0.0089290318
0	0.6766731846	0.0000080242	0.2058430436	0.0452517316	0.0722240160
2	0.7924308875	0.0061857388	0.0749865799	0.0805653600	0.0458314339
0	0.1793573031	0.1685080103	0.3222960719	0.0805801722	0.2492584424
0	0.0106322055	0.0904276794	0.8466683877	0.0308080935	0.0214636339
0	0.1053625606	0.0844434210	0.1037069416	0.5809164655	0.1255706114
0	0.3385807868	0.0000000000	0.0001809195	0.2410471559	0.4201911378
0	0.0124623326	0.0778927716	0.0000000653	0.6891217805	0.2205230499
0	0.0002652399	0.1386416127	0.0637262925	0.6908162490	0.1065506059
0	0.0000000000	0.0571559013	0.9428404971	0.0000000201	0.0000035815
1	0.0001112979	0.5787711699	0.0029656092	0.0000000007	0.4181519222
0	0.7242092567	0.0000045387	0.0762813864	0.0001903677	0.1993144505
0	0.1240506669	0.8379482507	0.0013242757	0.0192851555	0.0173916512
1	0.0501154114	0.0979189932	0.0000314198	0.8496077366	0.0023264391
0	0.6614335691	0.0000000000	0.0013409880	0.2556954680	0.0815299749
0	0.0000007089	0.0000181886	0.0518509044	0.8750531289	0.0730770692
0	0.1235814525	0.0001717421	0.4847142755	0.3036101433	0.0879223866
1	0.0098490791	0.3026697388	0.2625887349	0.4229918698	0.0019005774
0	0.2284802949	0.3341320308	0.1122115866	0.0061867343	0.3189893534
0	0.0000001912	0.0013388325	0.2380154208	0.4209717028	0.3396738528
1	0.9646079021	0.0013008579	0.0339351238	0.0001414195	0.0000146967
0	0.5225424466	0.2050357454	0.1226152198	0.1497980015	0.0000085867
0	0.1128386047	0.0021051765	0.0368807940	0.1228703613	0.7253050636
0	0.1360564924	0.4371857343	0.0217502035	0.0246647060	0.3803428638
0	0.0660161425	0.0823151920	0.0030382894	0.8485563928	0.0000739834
0	0.1488502098	0.0003501784	0.0003976182	0.3888474611	0.4615545325
0	0.3962012103	0.3104396377	0.0264663417	0.1581544933	0.1087383171
0	0.0167946626	0.0000000020	0.0174844762	0.0296829706	0.9360378886
1	0.1578092080	0.1248568896	0.6886611629	0.0039799022	0.0246928374
0	0.0387493607	0.0000755611	0.9181253543	0.0089125950	0.0341371290
1	0.5131261631	0.2192482012	0.0000118887	0.0710872909	0.1965264560
0	0.0000341141	0.2791348560	0.3024128746	0.4184178035	0.0000003519
0	0.0001638792	0.3387325378	0.2737594202	0.3150275724	0.0723165905
0	0.1859033774	0.2190114336	0.0005157331	0.0148985431	0.5796709128
0	0.4192988369	0.1737063775	0.0788855311	0.0005676172	0.3275416373
0	0.5017917329	0.2055131450	0.0000129585	0.1407674399	0.1519147238
0	0.0125813612	0.4552697901	0.0604970034	0.4337728325	0.0378790128
0	0.2501194045	0.4640702148	0.2124713331	0.0103782039	0.0629608437
0	0.0000000000	0.6944843526	0.1111696893	0.0507270572	0.1436189009
0	0.4065492376	0.1454901654	0.3383949721	0.1095577754	0.0000078496
0	0.0494084991	0.7682057633	0.0243442567	0.0115032000	0.1465382809
0	0.0118983331	0.0168324387	0.1783837269	0.0186586192	0.7742268821
0	0.0674776616	0.0094249567	0.9092895357	0.0000849033	0.0137229428
0	0.0000551268	0.2896941059	0.6339876143	0.0000194535	0.0762436996
0	0.0087711498	0.3827036804	0.3119218304	0.0155113450	0.2810919944
0	0.0011838589	0.0569719553	0.9264278948	0.0000054730	0.0154108181
0	0.1488399787	0.0000000798	0.1643215477	0.2631643840	0.4236740097
0	0.0300586669	0.0269157756	0.1760037406	0.0503643717	0.7166574452
0	0.0035506731	0.0869699872	0.0008822134	0.4377922948	0.4708048314
0	0.0073160637	0.0001229280	0.9902094232	0.0001139261	0.0022376589
1	0.1868517157	0.0178517681	0.0656676444	0.0051065457	0.7245223261
1	0.1889659512	0.0587869705	0.0022740034	0.0002377255	0.7497353495
0	0.6004052939	0.0209174434	0.0000000034	0.2918153837	0.0868618756
0	0.0786818156	0.2417137681	0.0717205422	0.5355558863	0.0723279877
1	0.2041619048	0.2162745165	0.1216874151	0.1780186496	0.2798575139
0	0.0007169981	0.9040444170	0.0756809528	0.0195576321	0.0000000000
1	0.0178194032	0.9062023135	0.0532533265	0.0075801600	0.0151447968
0	0.0008183527	0.9424627684	0.0000000000	0.0268887106	0.0298301683
0	0.0000000001	0.0000000028	0.0026386899	0.0011973673	0.9961639398
0	0.0471381406	0.0006213557	0.0053618346	0.7966588957	0.1502197734
0	0.5315722846	0.1669683503	0.0338684592	0.2653455184	0.0022453876
0	0.0000060293	0.0000019129	0.0036587450	0.2307684242	0.7655648886
0	0.0143078818	0.8074497098	0.1093225502	0.0424199081	0.0264999502
0	0.0215069456	0.0033077399	0.1446102332	0.8065313351	0.0240437463
0	0.0000037923	0.3734955407	0.0467296142	0.2263895483	0.3533815046
0	0.0298113016	0.0020545294	0.0000520622	0.0000024980	0.9680796088
0	0.2660250156	0.7167390789	0.0004376856	0.0006521582	0.0161460617
0	0.2111116587	0.0611754172	0.0000002832	0.4769505026	0.2507621383
0	0.0000897740	0.0000000515	0.0017622287	0.7102894264	0.2878585194
0	0.5395202420	0.0014588612	0.0002261531	0.1622517975	0.2965429462
0	0.0006805672	0.6485394940	0.0218766047	0.3215370795	0.0073662546
1	0.7821315148	0.0371707934	0.0060440557	0.1745208691	0.0001327670
0	0.0000747964	0.0223915563	0.0000001608	0.1105354081	0.8669980785
0	0.7200917598	0.1238036054	0.0011323355	0.0749606195	0.0800116797
0	0.0174776779	0.3612067302	0.0945648475	0.2079933089	0.3187574355
0	0.7368385941	0.0119891179	0.0020880886	0.0950893999	0.1539947995
0	0.1052307572	0.1931351249	0.0012808175	0.0643597322	0.6359935683
0	0.7713774938	0.1428568000	0.0431473934	0.0096230965	0.0329952163
0	0.0073133398	0.0092061894	0.3099289288	0.0004150343	0.6731365077
2	0.6735224093	0.0303196357	0.2653628399	0.0277640626	0.0030310525
0	0.2324834053	0.0001325536	0.1964352216	0.1738594907	0.3970893286
1	0.6515687064	0.0200471557	0.0764204801	0.2141291770	0.0378344808
0	0.1068062052	0.6922929491	0.0401325108	0.1607682780	0.0000000570
0	0.3799276643	0.0580762530	0.1863793875	0.0000000001	0.3756166951
0	0.4393092782	0.0385814496	0.1274847538	0.3941753219	0.0004491966
0	0.4480914497	0.0001852844	0.3219175000	0.2263476809	0.0034580851
1	0.0000004582	0.2496537327	0.4291610770	0.3211751421	0.0000095900
0	0.0011767592	0.3305873794	0.0900243319	0.0022428105	0.5759687189
0	0.1272500149	0.3179911130	0.3840452234	0.1707129878	0.0000006609
0	0.7068641792	0.0972225660	0.0000000000	0.0000000000	0.1959132548
1	0.2041209601	0.0001278714	0.0000002846	0.2992486205	0.4965022634
0	0.0193161476	0.3479403280	0.5353426040	0.0629389752	0.0344619452
0	0.5487091588	0.2367850260	0.0582560280	0.0698672866	0.0863825006
0	0.0251770709	0.4408290699	0.1668430928	0.1569794369	0.2101713295
0	0.4742536504	0.1183328622	0.0896900118	0.0022026394	0.3155208362
1	0.1321319065	0.3056338549	0.4081509872	0.0447186788	0.1093645726
0	0.0275496549	0.0714612038	0.0009060664	0.0047020272	0.8953810477
0	0.3292087985	0.5229910216	0.1020764085	0.0000004386	0.0457233328
0	0.6402427653	0.0069118456	0.0000634835	0.0519771714	0.3008047341
