0	0.7004036623	0.0006354035	0.1610019015	0.1215054287	0.0164536041
0	0.3862897840	0.0568571161	0.0614107990	0.3735524941	0.1218898068
1	0.0019141210	0.0810786693	0.4858813619	0.3260036551	0.1051221928
0	0.8499013072	0.0713066616	0.0308308435	0.0344423718	0.0135188159
0	0.8902202683	0.0081098950	0.0014075952	0.0289694937	0.0712927478
0	0.4266811879	0.0299030763	0.1567484996	0.2074922384	0.1791749979
0	0.4227048322	0.4479731088	0.0098813250	0.0377010404	0.0817396936
0	0.0210667230	0.3248057088	0.2848619426	0.2122564001	0.1570092255
0	0.6901998628	0.0018759327	0.0623513141	0.0310371454	0.2145357450
0	0.1629477064	0.0393312968	0.7977207452	0.0000000177	0.0000002339
0	0.0006130922	0.0288279917	0.2870652497	0.0122523511	0.6712413154
0	0.0975439466	0.2200428636	0.0168475225	0.4991868150	0.1663788522
0	0.1138421932	0.0070247509	0.6331433657	0.0259665262	0.2200231640
0	0.5191344478	0.0093974928	0.0000000000	0.4695700678	0.0018979916
0	0.0000154163	0.7938309517	0.0033219703	0.1491541439	0.0536775178
0	0.4339064291	0.0752964303	0.3071082579	0.1811347470	0.0025541357
0	0.0344902188	0.0261175095	0.1686924355	0.7656352033	0.0050646330
0	0.1983991588	0.0000795772	0.5203466335	0.0555599162	0.2256147142
0	0.0932787698	0.4152280818	0.4829268057	0.0000278934	0.0085384494
0	0.1062653285	0.0144091695	0.0553694661	0.1461294011	0.6778266348
0	0.3018988742	0.0000000695	0.5262766050	0.1015814164	0.0702430348
0	0.0000010202	0.0125354389	0.9624010460	0.0250624929	0.0000000020
0	0.7969429321	0.0000065852	0.0194064145	0.0007978725	0.1828461957
0	0.2564813242	0.0975019163	0.4351287019	0.0341884449	0.1766996128
1	0.9152995808	0.0599317332	0.0083120782	0.0000157046	0.0164409032
0	0.0160910106	0.0005165977	0.6184774358	0.0001480411	0.3647669148
0	0.0559428071	0.0349389129	0.0774048619	0.0000018068	0.8317116112
0	0.0792793251	0.6426305248	0.0090425478	0.2202087461	0.0488388561
0	0.0053625625	0.8414817059	0.0965342968	0.0489386173	0.0076828175
2	0.7104865164	0.1057341153	0.1623279270	0.0125592642	0.0088921771
0	0.0573820284	0.4040556340	0.5187404340	0.0000010430	0.0198208606
0	0.0275431438	0.6896637857	0.0715024428	0.2112894902	0.0000011374
0	0.0126827684	0.5989084447	0.0000411356	0.0397533452	0.3486143060
0	0.4052545487	0.0224745745	0.0971615667	0.3823973685	0.0927119416
0	0.1123516946	0.0000401942	0.0492896445	0.7526069450	0.0857115217
0	0.0000008044	0.5629322172	0.3280512142	0.1067221123	0.0022936518
0	0.3280709203	0.1050126407	0.1817400788	0.0000001668	0.3851761934
0	0.0175683878	0.0169255951	0.2409580768	0.3646505952	0.3598973452
1	0.1646826712	0.0018236174	0.8193835719	0.0141035224	0.0000066172
0	0.7109545436	0.2566542431	0.0100883396	0.0137856081	0.0085172656
0	0.0401000747	0.0282554906	0.5950326688	0.3268218572	0.0097899086
0	0.4374058630	0.5481527780	0.0000000001	0.0128133268	0.0016280322
0	0.0004866113	0.0509992106	0.5872780704	0.3601833607	0.0010527470
0	0.4379926604	0.1188709752	0.2724312533	0.0076930986	0.1630120124
1	0.0186723975	0.2931563441	0.6170428833	0.0692654939	0.0018628811
0	0.0052602999	0.0001509752	0.1477883385	0.0000493260	0.8467510603
0	0.0182504025	0.8428036237	0.0530721630	0.0021206878	0.0837531231
0	0.0000048586	0.8818280472	0.0889532812	0.0292137417	0.0000000714
0	0.9092083300	0.0016410037	0.0092126271	0.0014160525	0.0785219868
0	0.0770316494	0.0000000000	0.1317126326	0.7140376715	0.0772180466
0	0.9427186507	0.0026555496	0.0190361348	0.0000397662	0.0355498987
0	0.2327610895	0.0016545363	0.5354463327	0.2285449498	0.0015930917
0	0.3547808970	0.0228417227	0.3155747937	0.2471221993	0.0596803873
0	0.0041951823	0.1653262517	0.4533865093	0.1509917795	0.2261002773
1	0.5018012398	0.2552886577	0.1211353784	0.0721352808	0.0496394432
0	0.1722457173	0.1810843014	0.4821932544	0.1604866712	0.0039900556
0	0.1091816015	0.4397770390	0.0000046444	0.0899294432	0.3611072719
0	0.0188909408	0.5058069879	0.3925023361	0.0827575726	0.0000421627
0	0.3996433986	0.1181529591	0.0219048657	0.4602972925	0.0000014841
0	0.4087832251	0.0887306094	0.0481773078	0.4543088577	0.0000000000
0	0.0001399523	0.0072979572	0.5126540762	0.3862133262	0.0936946881
0	0.0000000033	0.0944706860	0.3896447434	0.5158844364	0.0000001309
0	0.2061176977	0.6557030366	0.0057077528	0.0000148934	0.1324566195
1	0.0071506687	0.0742796551	0.0004115054	0.9177929196	0.0003652511
0	0.6022538982	0.0868395163	0.0000253826	0.2127314743	0.0981497286
0	0.7592270418	0.0717261523	0.0800683791	0.0883425208	0.0006359061
0	0.1783288337	0.0893630419	0.7322918885	0.0000162359	0.0000000000
0	0.0000567239	0.1799108522	0.2737671728	0.4918115927	0.0544536584
0	0.0092268516	0.0001349869	0.8043461609	0.0150109192	0.1712810814
0	0.0002764595	0.2893012265	0.0012718484	0.3804916984	0.3286587673
0	0.5703023406	0.0714704575	0.3542228836	0.0040043061	0.0000000122
0	0.0326932226	0.0415971926	0.7828799349	0.0489426063	0.0938870436
1	0.1378173492	0.2907528086	0.1513163902	0.4060045784	0.0141088737
1	0.1460473160	0.4186777026	0.1206322770	0.2537344596	0.0609082448
0	0.0954635399	0.6104488230	0.0019406957	0.2758184250	0.0163285165
0	0.1406866246	0.0007893077	0.0359155550	0.1800819684	0.6425265443
0	0.0000016597	0.4145410075	0.3473603256	0.0200325118	0.2180644954
0	0.0011261140	0.5071784581	0.0406152656	0.1245061481	0.3265740142
0	0.2605227783	0.5191706617	0.0934316557	0.1041141632	0.0227607411
1	0.5042521259	0.0001804787	0.1448423669	0.0179707480	0.3327542805
1	0.2780896100	0.1851465163	0.0005628543	0.5361948177	0.0000062017
0	0.0000000000	0.9744662992	0.0000000000	0.0003755714	0.0251581293
0	0.1697589450	0.1935974849	0.5683880650	0.0682555015	0.0000000035
0	0.0083301659	0.0202923366	0.3483154645	0.6009932400	0.0220687929
0	0.3622817546	0.0548060189	0.2988186409	0.1641705075	0.1199230781
0	0.1172207977	0.0028964309	0.0162511949	0.0050776163	0.8585539602
0	0.0107859783	0.2365612692	0.0011073921	0.6292883597	0.1222570007
0	0.0350547300	0.8246604989	0.0416963519	0.0920008871	0.0065875322
0	0.0030569292	0.8109541469	0.0585348384	0.0050744841	0.1223796014
0	0.0534954883	0.3317998125	0.4149200944	0.1695177199	0.0302668849
0	0.4256081109	0.0064061920	0.0335731065	0.0203216422	0.5140909484
0	0.3625672433	0.0422195218	0.0676469241	0.4765939608	0.0509723500
0	0.0068317189	0.0109158390	0.0000001715	0.5977024646	0.3845498060
0	0.5646190825	0.2879354911	0.1359145778	0.0052912471	0.0062396016
0	0.0001949506	0.0509123191	0.1493035722	0.0105829024	0.7890062557
0	0.6563562327	0.1351443227	0.0050589280	0.1853060361	0.0181344804
1	0.1342062714	0.6086781018	0.0633622106	0.0084556436	0.1852977726
0	0.0153582347	0.0805356542	0.7762741833	0.0762320970	0.0515998308
0	0.7597172095	0.0000000376	0.1113188537	0.0417487881	0.0872151111
0	0.0516312652	0.6763643710	0.0647532573	0.1993394930	0.0079116135
