0	0.0045197851	0.4267058892	0.4297856491	0.0002697075	0.1387189690
0	0.0000000616	0.0068069940	0.0000000000	0.6206518079	0.3725411365
0	0.0222295666	0.0530279959	0.2342588181	0.5991083330	0.0913752864
0	0.0020323757	0.0017206634	0.5607978745	0.3907524776	0.0446966087
0	0.0006599882	0.4994727533	0.4996009245	0.0000000004	0.0002663336
1	0.8095332650	0.0011251964	0.0000000000	0.0194382600	0.1699032786
0	0.5440906305	0.1606450897	0.0386235894	0.2090852833	0.0475554072
0	0.0988145113	0.0517106457	0.8436482907	0.0019826261	0.0038439262
0	0.0127854574	0.6652412067	0.0712085584	0.2415932274	0.0091715501
0	0.0000054301	0.1913030552	0.7766258047	0.0255356636	0.0065300464
0	0.0560587986	0.3345090770	0.5606042363	0.0238538949	0.0249739932
0	0.0392783966	0.0000000000	0.0203118543	0.0224771427	0.9179326064
0	0.0095057510	0.7601482877	0.1048575961	0.0910949343	0.0343934309
0	0.0581985795	0.5160565089	0.0001136512	0.0274669719	0.3981642884
1	0.2342593138	0.0648941189	0.0000000000	0.6085944384	0.0922521289
0	0.4036805912	0.0001949432	0.0262526762	0.5698717894	0.0000000000
0	0.2826361928	0.1296350083	0.3438730430	0.0660213147	0.1778344411
0	0.8566632445	0.0000000000	0.0109735178	0.1157992373	0.0165640004
0	0.5267657501	0.0000991877	0.3521431063	0.0943033197	0.0266886362
0	0.8685886662	0.0125061941	0.0008614305	0.0883529145	0.0296907946
2	0.0078335692	0.7766461606	0.1006503261	0.0678911766	0.0469787675
0	0.0949559511	0.0000071650	0.2616148853	0.4984652678	0.1449567307
0	0.1206033855	0.0458676863	0.0511525622	0.0972743097	0.6851020563
0	0.5168555575	0.0752540011	0.0073448621	0.1564575222	0.2440880571
0	0.0044129994	0.5333391806	0.0643732569	0.1840326748	0.2138418883
0	0.0007594119	0.0179415915	0.2095480096	0.0049353409	0.7668156461
0	0.0095631310	0.1139525927	0.1802549595	0.6655228898	0.0307064270
0	0.0320875196	0.1361516093	0.0870651682	0.0000459041	0.7446497988
0	0.5261785882	0.1248408784	0.2757430586	0.0058529236	0.0673845512
0	0.6340662028	0.0915368924	0.0036043273	0.2694281972	0.0013643803
0	0.6143533034	0.2601307001	0.0235876535	0.0862267690	0.0157015740
0	0.3186014497	0.0232333615	0.0285732786	0.0169717438	0.6126201664
0	0.6355457694	0.0518743705	0.0020857010	0.0001716397	0.3103225193
0	0.0836116971	0.0214599562	0.5358543108	0.0700405927	0.2890334432
0	0.1072965089	0.5357414947	0.0223508278	0.3344832981	0.0001278706
0	0.8964059605	0.0118949371	0.0915912199	0.0001078498	0.0000000327
0	0.4125814338	0.2076814128	0.1541603823	0.2221189100	0.0034578612
0	0.0649870252	0.0621333106	0.7531641709	0.0927960916	0.0269194017
0	0.2499480251	0.0212153972	0.0000001097	0.1504791395	0.5783573286
0	0.0965980198	0.8438540143	0.0477819036	0.0040956725	0.0076703899
1	0.9995680859	0.0002512502	0.0000135946	0.0001418263	0.0000252430
0	0.0837635310	0.0172096199	0.6021231970	0.0063632360	0.2905404161
0	0.6701541755	0.0015686774	0.0269301267	0.1416825915	0.1596644290
0	0.0000316683	0.0205999929	0.0942058177	0.8851309446	0.0000315764
0	0.0187446006	0.6130918383	0.0423168737	0.2842329100	0.0416137774
0	0.0374815676	0.6525322267	0.1129790198	0.0612730315	0.1357341545
1	0.7264606016	0.1882787363	0.0094524712	0.0000000000	0.0758081909
0	0.0834948634	0.8578332786	0.0136870803	0.0449847464	0.0000000313
0	0.0016755379	0.0022215110	0.9241862181	0.0035801924	0.0683365406
0	0.0591195551	0.0000000003	0.0269392193	0.0728607183	0.8410805069
0	0.0022608443	0.0760836564	0.3118023453	0.4476334878	0.1622196662
1	0.0000000831	0.2768419264	0.3355806486	0.3865554253	0.0010219166
0	0.0084796359	0.0012237531	0.1019934675	0.8421603294	0.0461428141
0	0.7741870190	0.1124879753	0.1066134260	0.0064558501	0.0002557296
0	0.1245754039	0.0000000000	0.6057339574	0.2668643576	0.0028262811
0	0.0300399089	0.0099762399	0.1971556812	0.6164907890	0.1463373809
0	0.0205021578	0.0046388480	0.5186063057	0.1366611934	0.3195914950
0	0.0000000297	0.0089225573	0.5583865402	0.0096429856	0.4230478873
0	0.3849676155	0.0473435396	0.4035249303	0.1032516501	0.0609122645
0	0.2060980289	0.1885661801	0.2857372557	0.3148841162	0.0047144192
0	0.3667282278	0.2473563753	0.0813617257	0.3033638150	0.0011898562
0	0.0039894117	0.0408047807	0.1334481774	0.6350233192	0.1867343110
0	0.2015435254	0.0277185086	0.1022645720	0.6524203649	0.0160530291
0	0.3295202964	0.0053512130	0.2813040308	0.2801122033	0.1037122564
0	0.7357008545	0.0094526855	0.2234763733	0.0020510072	0.0293190796
0	0.0163500552	0.4429072562	0.5051254719	0.0002462745	0.0353709422
0	0.6988091379	0.0000000001	0.0081065766	0.0009244182	0.2921598672
0	0.0078644665	0.0189386470	0.1301197083	0.0215179618	0.8215592164
0	0.0179012143	0.0648801440	0.8750560113	0.0000340208	0.0421286096
0	0.9350865588	0.0434343854	0.0046970005	0.0167818627	0.0000001926
0	0.2054686924	0.0455578182	0.1260040694	0.3355037752	0.2874656448
0	0.6682001398	0.1390198617	0.0006885089	0.1782881979	0.0138032917
1	0.0598846023	0.2621638616	0.0541472459	0.0004239705	0.6233803198
0	0.7183301402	0.1603779822	0.0640329448	0.0069637981	0.0502951347
0	0.0150947053	0.0068729450	0.0102576964	0.0024549411	0.9653197123
0	0.1788160388	0.0188297495	0.2590815675	0.0018702247	0.5414024195
0	0.2451280966	0.0243369475	0.0511681531	0.4577747547	0.2215920482
1	0.0100941241	0.2282210677	0.0024719402	0.3567101178	0.4025027502
0	0.0140541155	0.6891806970	0.2634359516	0.0333292359	0.0000000000
0	0.1276899429	0.3570999632	0.1756004121	0.3325474112	0.0070622707
0	0.0000516530	0.0252768011	0.2524248062	0.3765912025	0.3456555372
0	0.3458236002	0.2667705574	0.2712261014	0.0000000035	0.1161797375
0	0.1155747101	0.0001776813	0.0000283992	0.4923982353	0.3918209739
0	0.0376514254	0.0000057080	0.2281169182	0.6575821481	0.0766438003
0	0.0715021982	0.0000000000	0.4637781205	0.0211881657	0.4435315155
0	0.2906346846	0.0710425960	0.0050289191	0.6019780113	0.0313157891
0	0.1238915908	0.7970825035	0.0012465758	0.0031881657	0.0745911642
0	0.3601366958	0.2276713371	0.0765976346	0.0984046979	0.2371896346
0	0.3969790371	0.4958692108	0.0881467082	0.0190050440	0.0000000000
0	0.0532157503	0.9297104034	0.0093905464	0.0066014314	0.0010818685
0	0.1780614590	0.0000000000	0.1761809938	0.4975397591	0.1482177880
0	0.3544353360	0.0151765361	0.0000000458	0.1872931851	0.4430948969
0	0.0000000000	0.5450091361	0.1955796766	0.2591347579	0.0002764294
0	0.1840672701	0.5246988793	0.0358884081	0.1554748143	0.0998706282
0	0.0191074805	0.0000045520	0.7131983252	0.1913411188	0.0763485235
0	0.0000000002	0.2869584077	0.0639559356	0.6066151317	0.0424705247
0	0.0000000009	0.7117228992	0.0567206697	0.1175045752	0.1140518551
0	0.6369463853	0.2569286414	0.0419062302	0.0642130651	0.0000056780
0	0.7053786417	0.0278744533	0.0100845493	0.2566575173	0.0000048385
0	0.2069201331	0.1696534207	0.1657298327	0.0000000000	0.4576966135
