0	0.0397527147	0.1294741126	0.0645127964	0.7662603728	0.0000000034
2	0.3128977096	0.3643710092	0.0000012248	0.2881095222	0.0346205342
1	0.0000000000	0.1853502984	0.2410616144	0.0393304177	0.5342576695
0	0.0132657590	0.0116604765	0.0084795693	0.9339901998	0.0326039954
0	0.0011947868	0.1922409403	0.7387697811	0.0000000000	0.0677944918
0	0.0000372340	0.6398561910	0.1928766334	0.1396274510	0.0276024906
0	0.0123633036	0.0096526113	0.3799041158	0.1757942976	0.4222856717
0	0.0024722934	0.6268858904	0.2204703208	0.1010179191	0.0491535762
0	0.0439514133	0.5021452359	0.0930078575	0.3079344862	0.0529610072
0	0.0001784416	0.0011658298	0.0000510523	0.9820737371	0.0165309392
0	0.0096558769	0.1210590536	0.4235699866	0.4457150828	0.0000000000
1	0.0000000000	0.0005089931	0.7944042035	0.0079566308	0.1971301727
0	0.0221694934	0.0000000000	0.4293819372	0.4642687412	0.0841798282
1	0.8047877193	0.0804031545	0.0817235093	0.0000173828	0.0330682342
0	0.2980380409	0.0001097861	0.7016960287	0.0001436162	0.0000125281
1	0.4228738423	0.0237303636	0.2688945553	0.0059239981	0.2785772408
1	0.0000000909	0.1846196038	0.7774478307	0.0313263015	0.0066061732
0	0.3268588045	0.5545604705	0.0000295051	0.1185504089	0.0000008110
0	0.0984114648	0.6491056266	0.0035419266	0.0813317154	0.1676092666
1	0.1952798739	0.1619842417	0.1570114829	0.4769517289	0.0087726726
0	0.0000109230	0.0000201048	0.0521260218	0.9478193763	0.0000235741
0	0.2252536029	0.2021667566	0.0730558619	0.4102256074	0.0892981713
1	0.1027157678	0.6257859872	0.1107941716	0.0002099013	0.1604941722
0	0.2338283639	0.3148286852	0.1182770339	0.3330659169	0.0000000001
0	0.3925324770	0.2495230693	0.0845304539	0.2734139148	0.0000000850
1	0.0899975081	0.3412867270	0.0005867692	0.5681287295	0.0000002662
0	0.6882423205	0.1288076425	0.1684121454	0.0000016211	0.0145362704
0	0.0103561878	0.0225806986	0.0000084982	0.9670239063	0.0000307090
1	0.0277933754	0.0144002110	0.3642074326	0.2865311805	0.3070678006
0	0.2852921823	0.3870774102	0.0000000012	0.0004025645	0.3272278419
1	0.0082764974	0.4094594083	0.3152057026	0.2320129397	0.0350454521
0	0.3647719443	0.1605306641	0.0024379028	0.4707042649	0.0015552239
0	0.4362232580	0.3576958700	0.0022117824	0.0241785950	0.1796904946
0	0.3010111703	0.5373351072	0.0845176519	0.0682922789	0.0088437917
1	0.0000000000	0.0003732088	0.7870887119	0.0040624268	0.2084756524
0	0.1557661870	0.3253599311	0.0571598104	0.3550719093	0.1066421621
0	0.0002818980	0.1317762328	0.0103633453	0.0117403743	0.8458381496
0	0.6965421430	0.1345061629	0.0010084146	0.0000035389	0.1679397406
1	0.0000227718	0.5904015053	0.3359275725	0.0707656281	0.0028825222
0	0.0013266839	0.9811078244	0.0032080931	0.0122811302	0.0020762683
0	0.0012380313	0.0046307099	0.8100772047	0.1193375773	0.0647164768
1	0.3105417391	0.1426289541	0.0149509491	0.5318783569	0.0000000009
1	0.0001185604	0.8661349122	0.1165622985	0.0171842288	0.0000000000
0	0.0049515137	0.0017248068	0.8299388221	0.0953691860	0.0680156713
0	0.0000000000	0.1890631555	0.7851282142	0.0174295709	0.0083790595
1	0.0455894623	0.5683141011	0.0489698604	0.3267972652	0.0103293110
0	0.0331740504	0.0039407051	0.1821409592	0.0000079597	0.7807363256
0	0.4146783724	0.0001042411	0.0915206383	0.0386370228	0.4550597254
1	0.0034761320	0.3416316526	0.0601210291	0.1260922072	0.4686789791
0	0.0320591858	0.8454519103	0.0166966539	0.0957117760	0.0100804741
1	0.0000000000	0.0031112265	0.3063716642	0.0000781021	0.6904390073
0	0.0915049689	0.5754653286	0.0000000000	0.2808942140	0.0521354886
1	0.9412662709	0.0000142726	0.0007084731	0.0000006450	0.0580103383
0	0.0984176432	0.8015572740	0.0739178265	0.0131612781	0.0129459783
0	0.4860377527	0.0761515841	0.0029245078	0.3230672459	0.1118189095
0	0.2240071497	0.1818091228	0.0580328951	0.1877542913	0.3483965411
1	0.0000000052	0.3568307450	0.3798312858	0.1829654634	0.0803725006
0	0.0225154536	0.3015690639	0.4063738088	0.2695416737	0.0000000000
0	0.1307416246	0.0045544238	0.0864861732	0.7782176477	0.0000001307
1	0.0009837143	0.6589433071	0.3139492080	0.0176084720	0.0085152985
0	0.1243047026	0.3182114000	0.0168968204	0.5189605738	0.0216265032
0	0.0000113315	0.0171271397	0.0504254539	0.8510200597	0.0814160152
0	0.0005863206	0.2754051815	0.0043687296	0.6638405026	0.0557992657
0	0.0070175935	0.4060863277	0.4828145455	0.0432856004	0.0607959328
1	0.0000047436	0.0000368682	0.9546832997	0.0452750885	0.0000000000
1	0.2578162467	0.0731521818	0.3034494909	0.0761272182	0.2894548624
0	0.5580252446	0.1237002347	0.2323205370	0.0859536704	0.0000003133
1	0.0000005657	0.0356535719	0.0031848983	0.9287944939	0.0323664703
0	0.4209520245	0.3957833706	0.1123536441	0.0709109607	0.0000000000
0	0.0006818069	0.4323726363	0.2543226296	0.2927702655	0.0198526617
0	0.0000000000	0.5014429369	0.0000084897	0.0650712034	0.4334773701
0	0.0529527433	0.0720342501	0.7833463025	0.0000255351	0.0916411691
2	0.0029760504	0.0430408583	0.5332939549	0.0800455949	0.3406435415
0	0.8653509442	0.0776180126	0.0086790039	0.0483520169	0.0000000223
1	0.1371330081	0.2387304105	0.6241339904	0.0000025288	0.0000000622
0	0.0959432455	0.1561504968	0.6627756193	0.0808846378	0.0042460006
1	0.2666466239	0.5161959919	0.0013372241	0.2017165953	0.0141035648
0	0.0311202472	0.0360192464	0.8704041219	0.0600759926	0.0023803919
0	0.0006396676	0.7087193845	0.0582717720	0.2187311112	0.0136380646
0	0.0000000000	0.0677221944	0.0001125859	0.0000000000	0.9321652196
0	0.0900055774	0.4995833388	0.3814385968	0.0129342220	0.0160382650
1	0.1851511950	0.0014304795	0.1218752824	0.6856443255	0.0058987176
1	0.0861000646	0.0142331351	0.7978696297	0.0013510640	0.1004461065
0	0.0000019277	0.0074797299	0.1480619426	0.8444563998	0.0000000000
1	0.0330231601	0.4964107904	0.2415538229	0.2092494901	0.0197627366
0	0.0049424812	0.1330702517	0.0811752379	0.7807714103	0.0000406189
0	0.0595527377	0.0220923144	0.4691656515	0.4443251583	0.0048641381
1	0.3045494739	0.0739494122	0.0558702727	0.0054183518	0.5602124893
0	0.0000001864	0.5547134442	0.0000000125	0.2163508747	0.2289354823
0	0.0022854224	0.4321653549	0.4124302685	0.0166653140	0.1364536402
0	0.0268719753	0.1113061587	0.0029415519	0.4572636518	0.4016166624
1	0.1376743217	0.1165493430	0.0040071214	0.4115627128	0.3302065011
0	0.0373579143	0.0000773272	0.7223439325	0.1734003161	0.0668205100
0	0.0000000000	0.0008466622	0.9381071404	0.0610461639	0.0000000335
0	0.0000000000	0.0520547686	0.0017029330	0.8731587129	0.0730835855
0	0.1793185496	0.1347723066	0.4279884329	0.0433294979	0.2145912130
1	0.0000000003	0.7918594762	0.1991597507	0.0007276635	0.0082531092
0	0.0225101559	0.4075286980	0.5683586783	0.0000017800	0.0016006877
0	0.1356738136	0.0501981217	0.5115755850	0.3025296811	0.0000227986
0	0.0015288884	0.4447289982	0.2354146701	0.3067980992	0.0115293441
