2	0.0622574068	0.0000000002	0.9221043204	0.0156312274	0.0000070452
0	0.0471617199	0.2229890480	0.2146267172	0.0146934463	0.5005290685
0	0.2069343928	0.4833206805	0.2108937339	0.0973550133	0.0014961795
0	0.0128139816	0.3602916956	0.0159640261	0.5762802542	0.0346500425
0	0.3259879680	0.1197710256	0.3488293123	0.1609624216	0.0444492724
0	0.2190333233	0.0047199424	0.0485936093	0.7244860576	0.0031670675
0	0.0577571221	0.1326331373	0.0434666236	0.6485122406	0.1176308764
0	0.0268121651	0.3862002908	0.5112379862	0.0000002118	0.0757493461
0	0.0000161923	0.8960941841	0.0780281296	0.0258614934	0.0000000006
1	0.0122312151	0.3549096637	0.1435371199	0.4705972622	0.0187247390
1	0.2682485500	0.6112657233	0.0000036150	0.1204821117	0.0000000000
0	0.0023916921	0.3191348022	0.0035808683	0.0597356132	0.6151570242
1	0.0000250204	0.9819057429	0.0001299338	0.0179393029	0.0000000000
0	0.1533197316	0.2454069693	0.4999737853	0.1012898415	0.0000096723
0	0.0247232084	0.6160135469	0.3543690394	0.0014861505	0.0034080548
0	0.0340359624	0.1240836910	0.0033074623	0.8382878117	0.0002850726
1	0.8748688898	0.1175306290	0.0065811998	0.0010192748	0.0000000066
0	0.0000000000	0.0442049355	0.0042002095	0.9481757826	0.0034190723
0	0.7667765219	0.0436707959	0.0053723465	0.1829308708	0.0012494649
0	0.0050119547	0.2672122054	0.3821105312	0.3456578268	0.0000074819
1	0.0809969037	0.1105388742	0.4768804378	0.3315837058	0.0000000785
0	0.0004681028	0.1899053201	0.7668681931	0.0422021254	0.0005562585
0	0.0000000000	0.6415126808	0.0282087383	0.2077723915	0.1225061894
1	0.0427874069	0.0246499660	0.6983715789	0.2017723341	0.0324187141
0	0.1559578264	0.8407835045	0.0029755421	0.0002249254	0.0000582017
2	0.0799409334	0.0808330185	0.0446401102	0.7945859379	0.0000000000
1	0.0000000432	0.1176872114	0.6851171636	0.1528968681	0.0442987137
1	0.0015516130	0.2975263431	0.4744266795	0.1851443267	0.0413510377
0	0.0927463684	0.0104715022	0.6764186320	0.1622117764	0.0581517210
0	0.0004566668	0.0227810670	0.9025609059	0.0466241666	0.0275771936
1	0.0000324611	0.5219347991	0.0157996567	0.3556132161	0.1066198669
1	0.0122648780	0.0000057036	0.8486445219	0.1390837345	0.0000011618
1	0.0021956719	0.1851637806	0.2781398060	0.0000000000	0.5345007415
1	0.0000111587	0.9252909982	0.0392825299	0.0163304306	0.0190848825
1	0.0000256779	0.4388618072	0.0642753077	0.4830236828	0.0138135244
0	0.0076483026	0.8579264302	0.1288453963	0.0000000605	0.0055798104
1	0.0168038416	0.1022616473	0.1151357871	0.6297909876	0.1360077363
0	0.0631620303	0.2176632180	0.0000000000	0.7002764267	0.0188983249
0	0.0013731626	0.6816352558	0.2293675928	0.0863963642	0.0012276246
1	0.4741490966	0.0000000075	0.0004608041	0.5248581975	0.0005318942
0	0.1906724793	0.4746268856	0.2153480987	0.0317835797	0.0875689567
1	0.1046521551	0.0165435042	0.2446159090	0.3017178106	0.3324706211
0	0.0000000000	0.0004605062	0.4374095089	0.5621299849	0.0000000000
1	0.0000014616	0.0087096911	0.3839741927	0.0770285216	0.5302861329
0	0.0023897195	0.3529327715	0.4000180222	0.2421301362	0.0025293506
2	0.0638330959	0.0263637135	0.0450201397	0.8647366480	0.0000464029
0	0.0167139472	0.1484607206	0.3112236899	0.0938883266	0.4297133157
1	0.1609662653	0.1043094886	0.0082238510	0.7210748743	0.0054255207
0	0.0000053129	0.3293447462	0.5759542369	0.0937018078	0.0009938961
0	0.0408264187	0.1482279781	0.4516458374	0.3592915963	0.0000081695
0	0.0027320129	0.3171665781	0.0057462770	0.2948133612	0.3795417707
1	0.0355449074	0.8494485133	0.0313054560	0.0205664202	0.0631347031
0	0.3729522181	0.2603710039	0.0000000000	0.3251409344	0.0415358436
1	0.0191805368	0.0156235746	0.0013313699	0.9638642973	0.0000002214
0	0.0007365651	0.2235349618	0.0004859638	0.0348642594	0.7403782498
0	0.0013225742	0.1695855407	0.4493569687	0.3213289512	0.0584059651
1	0.0000920287	0.1445127878	0.1644702278	0.0351099252	0.6558150304
0	0.0000000000	0.8772246988	0.1166160179	0.0040768224	0.0020824608
1	0.0000226569	0.1394600941	0.5006804534	0.3579805640	0.0018562315
0	0.0008032793	0.1969010698	0.7800546549	0.0222396600	0.0000013360
0	0.0033271004	0.2220535641	0.1536751442	0.0486538345	0.5722903568
0	0.3264223407	0.0415023932	0.0194510782	0.6126241171	0.0000000708
0	0.0000000164	0.6988562879	0.1570632242	0.0059292124	0.1381512591
0	0.0000000000	0.8959884490	0.0057031953	0.0550887212	0.0432196345
0	0.0318840896	0.4680771083	0.0000000007	0.4252708953	0.0747679061
1	0.0000000000	0.6473675436	0.1848346940	0.0000000000	0.1677977624
0	0.1587791386	0.2321444980	0.1234312718	0.4847516646	0.0008934270
1	0.2741719060	0.0129456563	0.6927989073	0.0006638118	0.0194197186
1	0.0361442928	0.8156186429	0.1096730129	0.0312730104	0.0072910409
1	0.3799977901	0.4222639457	0.0102994447	0.0042405260	0.1831982936
0	0.0000000000	0.2430043238	0.6280377310	0.1286322135	0.0003257316
0	0.2166266268	0.1697820153	0.0000000000	0.6135867879	0.0000045701
0	0.0036334746	0.1932521276	0.3424550504	0.2354254354	0.2252339120
0	0.0000000060	0.5642102157	0.4249159724	0.0036322676	0.0072415384
0	0.2222001610	0.0000006594	0.7776903380	0.0000739375	0.0000349041
0	0.0000000000	0.4372771270	0.1808663035	0.3816149190	0.0002416505
0	0.3188708492	0.1910023752	0.0244090039	0.1169128628	0.3488049089
1	0.0000000000	0.0000212692	0.0037053973	0.9956951095	0.0005782240
0	0.1300489243	0.0213031451	0.0000003855	0.5059272715	0.3427202736
0	0.9144607197	0.0843261621	0.0000000000	0.0012117533	0.0000013649
0	0.5469891903	0.0008389381	0.0000001488	0.0031998645	0.4489718583
1	0.3863942167	0.1706261647	0.0350343692	0.1891400536	0.2188051959
1	0.0000000000	0.9383254796	0.0357100392	0.0240510843	0.0019133969
0	0.1650354550	0.7083449039	0.0317786835	0.0942086727	0.0006322849
0	0.1407399953	0.4168811050	0.3024321541	0.1352966574	0.0046500881
0	0.0069214027	0.2479903753	0.7394350613	0.0056520939	0.0000010668
1	0.0816218614	0.0597060093	0.4741441616	0.0003163370	0.3842116307
0	0.5205216655	0.0675287481	0.0001323309	0.1705253350	0.2412919205
0	0.0000000000	0.4363771010	0.0000000000	0.3730629330	0.1905599660
1	0.1035440460	0.7631333341	0.0000096893	0.0916962170	0.0416167135
1	0.1451357676	0.0176083997	0.2222986187	0.1239414618	0.4910157522
1	0.0323373461	0.0000501839	0.1159403049	0.7113647857	0.1403073793
0	0.0049541061	0.7092801281	0.0335277444	0.2521895023	0.0000485191
0	0.0523113889	0.5801967666	0.0000000088	0.3665534151	0.0009384205
0	0.5297896423	0.2921355258	0.1780393774	0.0000014310	0.0000340234
1	0.0123603054	0.5388302200	0.4008768310	0.0245381728	0.0233944709
1	0.0072632491	0.0504979880	0.4984204785	0.2076591714	0.2361591130
0	0.0451666188	0.8255903290	0.0769991863	0.0096414583	0.0426024076
0	0.2469154671	0.3840258094	0.3101089740	0.0543304852	0.0046192644
0	0.0716530703	0.5386725078	0.2918591572	0.0124178509	0.0853974138
