0	0.2813128596	0.2312418069	0.0044699994	0.0422216108	0.4407537232
0	0.3940009965	0.2916346858	0.1156272351	0.1987370826	0.0000000000
1	0.0451577794	0.9125484423	0.0239942299	0.0182995104	0.0000000380
1	0.0019633818	0.8572296199	0.1127200950	0.0001611768	0.0279257264
1	0.0102166537	0.0007000676	0.4669773279	0.0726888023	0.4494171485
0	0.1208466240	0.2015374396	0.3574904971	0.1074496282	0.2126758111
1	0.0528181549	0.4487429950	0.3660384630	0.1317688253	0.0006315618
1	0.1411443890	0.0105684586	0.2545963913	0.0506718067	0.5430189543
1	0.3972093466	0.2592985223	0.0084566203	0.0046378366	0.3303976741
1	0.0000003282	0.3792413880	0.5457999868	0.0384282923	0.0365300047
1	0.2321408176	0.2707090647	0.4971501165	0.0000000012	0.0000000000
0	0.0240061079	0.0620882498	0.8156292851	0.0374253359	0.0608510213
0	0.0000051987	0.0958919168	0.4535302071	0.4497880230	0.0007846543
1	0.0000027550	0.7867084089	0.1666495726	0.0000000000	0.0466392635
0	0.0212765965	0.0084689024	0.0192406791	0.8518054321	0.0992083899
1	0.1606514545	0.0474638258	0.1527148435	0.4367012030	0.2024686733
0	0.0945795735	0.1195811936	0.1114812341	0.4546379368	0.2197200620
0	0.0086511306	0.0050824851	0.2753301445	0.0033020653	0.7076341745
0	0.0153435197	0.0289925389	0.8675650131	0.0880524824	0.0000464458
0	0.0052251475	0.0000001662	0.0046562137	0.6454390163	0.3446794564
1	0.0000000007	0.0022280257	0.2979438031	0.6875942155	0.0122339551
1	0.0000001269	0.0000021160	0.0150955783	0.6138157912	0.3710863876
1	0.8535588173	0.1067823682	0.0000912268	0.0395671075	0.0000004802
0	0.0000000000	0.1662775168	0.1069036441	0.2972705370	0.4295483022
0	0.0097964919	0.2252877531	0.0026483130	0.7593039589	0.0029634831
0	0.3552839278	0.3510973880	0.0165363389	0.0405093680	0.2365729773
0	0.0010943435	0.6018127606	0.2690551549	0.1280175093	0.0000202316
0	0.0045176357	0.1161985295	0.1470540831	0.7172984972	0.0149312547
0	0.0179780452	0.5882951326	0.0000022519	0.0978742182	0.2958503522
0	0.0000562724	0.9454801093	0.0000000000	0.0544636047	0.0000000136
0	0.0186989101	0.4162725247	0.4278441552	0.1371503757	0.0000340344
0	0.0000181637	0.1289279376	0.6557457289	0.1987789084	0.0165292615
0	0.0000000022	0.3173348963	0.3027155789	0.0359695764	0.3439799461
0	0.0126417133	0.4158071978	0.0032133317	0.3868158885	0.1815218687
1	0.0000000000	0.6563047787	0.0690800511	0.2604802186	0.0141349516
1	0.1994363670	0.3425979648	0.0563384722	0.3947007999	0.0069263961
0	0.0422754213	0.2055472805	0.6082859621	0.0015009794	0.1423903568
1	0.1292903479	0.0725104145	0.1956400665	0.4365890552	0.1659701159
1	0.2042495296	0.4387834949	0.0979655402	0.2563846913	0.0026167440
0	0.0782686976	0.1463356929	0.6695621529	0.0087869216	0.0970465351
1	0.0035585155	0.2930619180	0.0378557237	0.5976979079	0.0678259349
0	0.3576695636	0.3921740118	0.1007488964	0.1494075078	0.0000000204
0	0.1369018922	0.5394505858	0.1871566476	0.1318770123	0.0046138621
0	0.3388272771	0.0002887628	0.5483060446	0.0245014812	0.0880764343
0	0.0400540399	0.3161008373	0.4254162800	0.2117579847	0.0066708581
1	0.0988862248	0.1111553827	0.0289634613	0.7608971968	0.0000977344
1	0.0000004224	0.5178009005	0.0000000109	0.1497029614	0.3324957049
1	0.0000002883	0.7849349020	0.0000097932	0.1333531873	0.0817018291
0	0.0002225577	0.5660654094	0.0016403082	0.0363147968	0.3957569279
0	0.0000000000	0.0000000000	0.1087682953	0.8910947094	0.0001369953
2	0.0048915454	0.1488149115	0.3236174883	0.5173258603	0.0053501945
0	0.0444856678	0.0000068502	0.0028291610	0.4873982524	0.4652800685
0	0.0000000000	0.9524545903	0.0060151754	0.0364032701	0.0051269642
1	0.7633880651	0.1979218291	0.0000401592	0.0001086912	0.0385412554
0	0.0000017904	0.4889944497	0.2800321807	0.0184799520	0.2124916272
0	0.1141161491	0.0275207067	0.7644200170	0.0630182283	0.0309248989
0	0.0009098510	0.0322247444	0.1264301137	0.1740902028	0.6663450880
0	0.0042587113	0.9931516226	0.0025896106	0.0000000555	0.0000000000
1	0.0001222760	0.9543636622	0.0334952345	0.0120182746	0.0000005527
1	0.0000044405	0.0136396249	0.0000000000	0.8764609495	0.1098949851
0	0.0000491661	0.0037259958	0.7326139346	0.2636091798	0.0000017238
2	0.0005678479	0.0602235773	0.4416286485	0.3656464118	0.1319335145
0	0.1248439117	0.2026676490	0.0000018170	0.1018173728	0.5706692495
1	0.3625719888	0.3318949543	0.3049871776	0.0000975104	0.0004483690
0	0.2127319101	0.6648870633	0.0681106801	0.0542691481	0.0000011984
0	0.0061923519	0.1418518538	0.0000110437	0.8222190997	0.0297256508
0	0.1514527911	0.0067846358	0.0731864907	0.6825456980	0.0860303844
1	0.0098684569	0.2351421900	0.1798305248	0.5751587331	0.0000000952
0	0.4592850640	0.0724315727	0.0359462028	0.4323371520	0.0000000085
0	0.1099238071	0.1164150102	0.6284075164	0.1451711731	0.0000824932
1	0.0000000000	0.0000451186	0.4069100200	0.5930448574	0.0000000040
1	0.0031154179	0.1195107663	0.4241579102	0.4532159050	0.0000000006
0	0.0847505106	0.0012362138	0.2878213449	0.0034291259	0.6227628047
0	0.0000061301	0.0132084065	0.3674277517	0.5385831041	0.0807746075
0	0.0008561450	0.0373902636	0.0186640293	0.9185100121	0.0245795500
0	0.0000000000	0.3826877799	0.0151344302	0.6021770324	0.0000007575
1	0.0625384145	0.0546665741	0.0590506696	0.8187507979	0.0049935439
0	0.0341797360	0.0004279072	0.6915342594	0.2442656503	0.0295924471
0	0.4178980742	0.0007722576	0.5811334935	0.0001961748	0.0000000000
1	0.0160558811	0.0061843271	0.0000000003	0.9717997417	0.0059600498
0	0.1258731118	0.1132495207	0.3003975045	0.4604798629	0.0000000002
2	0.0000397271	0.0001157832	0.3598468513	0.1585786302	0.4814190082
0	0.0750593639	0.2587686559	0.0006685620	0.6655034183	0.0000000000
1	0.1063388369	0.6546839746	0.2283341827	0.0057401080	0.0049028978
0	0.0008697796	0.0765752254	0.8879573973	0.0253855499	0.0092120479
0	0.0000000014	0.2411294385	0.7473998063	0.0114533303	0.0000174235
1	0.2936166970	0.1288379341	0.0008880634	0.5766573053	0.0000000002
0	0.0013354146	0.8669614901	0.0000133371	0.0761281420	0.0555616162
1	0.0092186433	0.4818218080	0.3884021848	0.0827580145	0.0377993494
0	0.0080307457	0.0033052066	0.6904326132	0.2012478974	0.0969835371
0	0.0006727837	0.5588250429	0.1797988644	0.1735336559	0.0871696531
0	0.0000000173	0.0026913873	0.0865992409	0.8550189116	0.0556904430
1	0.0242344988	0.1057127914	0.5131728511	0.3547946312	0.0020852275
0	0.1697679007	0.3161971829	0.0464137516	0.3786612474	0.0889599175
0	0.0000000062	0.1548245703	0.2368736461	0.1193531367	0.4889486408
1	0.0000070592	0.7918415106	0.1604506750	0.0009048294	0.0467959256
0	0.0000000483	0.5405159038	0.0618091597	0.3949649269	0.0027099614
0	0.0032453875	0.0066366659	0.3725098106	0.6148350491	0.0027730869
0	0.0000000005	0.0593050560	0.3803221488	0.5603727947	0.0000000000
1	0.0200229660	0.4710944884	0.1015349316	0.3867570424	0.0205905717
