0	0.0537393779	0.9456117378	0.0000001569	0.0000287538	0.0006199737
2	0.0000000113	0.0254500078	0.8405059546	0.1042340078	0.0298100185
0	0.0004702079	0.6907229750	0.2939237825	0.0147902678	0.0000927668
0	0.6186574118	0.0691606681	0.0877460065	0.2157876023	0.0086483113
1	0.0000000089	0.1592607173	0.4884061184	0.3254272394	0.0269059160
1	0.1439747960	0.4731112631	0.3391575040	0.0000000199	0.0437564171
2	0.0000000444	0.9017288536	0.0070220990	0.0686459455	0.0226030576
0	0.0000000000	0.1508314747	0.8299093505	0.0129040148	0.0063551600
1	0.0000001357	0.1773733151	0.0000000000	0.8226265141	0.0000000352
1	0.0181787019	0.0510489806	0.0721896273	0.0212625418	0.8373201484
1	0.3391187802	0.4444152580	0.1868999740	0.0239725125	0.0055934753
0	0.2559382001	0.0000000026	0.5896220012	0.0001075316	0.1543322645
1	0.0361000932	0.1298480226	0.7260355478	0.1080163365	0.0000000000
0	0.1532808843	0.3612603134	0.3133131619	0.1313831009	0.0407625395
0	0.0097006708	0.0000000001	0.6779642875	0.0110190761	0.3013159655
1	0.1629993949	0.0015783165	0.5995139338	0.2359083136	0.0000000412
2	0.2845946371	0.0000000001	0.1640494815	0.1624170867	0.3889387945
0	0.1108245412	0.0569712039	0.2144263593	0.5369508576	0.0808270379
0	0.0216614660	0.8171093147	0.0995490977	0.0599518584	0.0017282633
0	0.0724652046	0.7252003110	0.1553021705	0.0078999116	0.0391324023
1	0.0000000000	0.0097513040	0.0446414829	0.9359312478	0.0096759653
0	0.4689613284	0.1561979527	0.0287706345	0.3449591235	0.0011109608
0	0.2769519268	0.6244408047	0.0000000000	0.0986072685	0.0000000000
0	0.0000606835	0.1526614441	0.0392703414	0.6892316900	0.1187758409
1	0.7086946684	0.0114239551	0.2226261110	0.0169137300	0.0403415354
0	0.0213963434	0.5352655687	0.0020378065	0.2692374814	0.1720628001
0	0.0013354054	0.1558820898	0.4602171422	0.3809376029	0.0016277598
0	0.0006610903	0.8715603524	0.0975945893	0.0301836703	0.0000002977
0	0.0011525036	0.1202444103	0.0304645387	0.8481385474	0.0000000000
0	0.0001565044	0.1145133042	0.2186103905	0.6175276099	0.0491921909
1	0.2097220866	0.5096731350	0.0000425638	0.2073915082	0.0731707063
0	0.7649327113	0.1493796017	0.0006729925	0.0850141802	0.0000005142
0	0.0100249530	0.7759773563	0.0582272896	0.0154390538	0.1403313473
0	0.3940051393	0.0000001454	0.0900008741	0.3132573064	0.2027365347
1	0.0022801784	0.7796135420	0.1297514877	0.0883547919	0.0000000000
0	0.0022919447	0.4329858018	0.2099349687	0.0556551264	0.2991321584
0	0.0306533457	0.6531752342	0.2726624104	0.0386903417	0.0048186679
1	0.0882748342	0.0000032261	0.2012886137	0.7028087608	0.0076245651
0	0.0098256871	0.5312779034	0.2428641663	0.2103906221	0.0056416210
0	0.0807465860	0.9077567337	0.0068105138	0.0000000000	0.0046861664
1	0.0000000000	0.2795883144	0.2688145992	0.1312838624	0.3203132240
0	0.3585177054	0.0950857662	0.5389125250	0.0068355232	0.0006484801
1	0.0000000000	0.8423877122	0.0066380081	0.1509742797	0.0000000000
2	0.0080544469	0.8917659838	0.0517977997	0.0155459185	0.0328358511
0	0.2175269379	0.1568063244	0.1224920564	0.2894540535	0.2137206278
0	0.0052279805	0.0433567272	0.0586586488	0.8927549938	0.0000016497
0	0.0000006300	0.4815078909	0.0865635478	0.3713985566	0.0605293747
0	0.0981634714	0.0000000099	0.8800906192	0.0207301705	0.0010157289
0	0.0015844050	0.0824271837	0.0129965979	0.8144663411	0.0885254724
0	0.5095996559	0.0186229004	0.1235572064	0.3441928944	0.0040273429
1	0.0039852531	0.4709939869	0.0995674400	0.3996910751	0.0257622449
0	0.0000622457	0.4506214593	0.0188511769	0.1387166334	0.3917484847
0	0.0004405625	0.0359103988	0.3528560052	0.3065617016	0.3042313319
0	0.0730949394	0.0007170420	0.5981747130	0.1014181699	0.2265951358
0	0.0000008403	0.6508186327	0.3200725909	0.0289568941	0.0001510421
0	0.0023268852	0.0570557482	0.6418096152	0.2969133993	0.0018943521
0	0.0093948002	0.6853722539	0.0802176095	0.1959544033	0.0290609331
0	0.0630225519	0.6248265288	0.2007593059	0.0724556010	0.0389360124
1	0.0945768041	0.2066882341	0.4333381523	0.1858439011	0.0795529084
0	0.0005572416	0.5199968791	0.3964003555	0.0076652727	0.0753802511
0	0.0167871763	0.0000000000	0.0563175716	0.0000019668	0.9268932853
1	0.4974556491	0.4003107736	0.0987864308	0.0000000203	0.0034471262
0	0.0000000000	0.0694480629	0.7958187246	0.1094060884	0.0253271241
1	0.0000011894	0.0016561144	0.7891924400	0.1998395197	0.0093107364
1	0.0087791349	0.0368509100	0.1393568611	0.8150130940	0.0000000000
1	0.0883732078	0.4064367200	0.4969751147	0.0079913563	0.0002236012
2	0.0000000000	0.5261552737	0.3027070458	0.1708377114	0.0002999691
0	0.0149609887	0.3216977562	0.0000798340	0.6050356323	0.0582257888
0	0.5080105456	0.1310453558	0.3569418775	0.0040022210	0.0000000000
0	0.0006968440	0.2755557354	0.0053758863	0.0000000000	0.7183715343
0	0.7978712920	0.0619913393	0.0162840440	0.1226037646	0.0012495603
1	0.2189897084	0.6108732799	0.0282627120	0.1418742998	0.0000000000
0	0.0086491427	0.4358837821	0.5549328923	0.0005337433	0.0000004397
0	0.0063914529	0.9509003715	0.0398606122	0.0024315045	0.0004160589
0	0.0000003752	0.5886927028	0.0000379697	0.3746040105	0.0366649418
0	0.0000000000	0.4866910481	0.0006899438	0.4567921661	0.0558268420
0	0.0178480494	0.0784100075	0.0167978464	0.8868188150	0.0001252817
0	0.0000991153	0.4125480403	0.0297986776	0.0000000000	0.5575541667
2	0.9151583896	0.0071033874	0.0513537230	0.0260657336	0.0003187664
0	0.0459253154	0.0078247731	0.9041865273	0.0420633843	0.0000000000
0	0.0001005330	0.3383196387	0.6260602241	0.0355196041	0.0000000001
0	0.0329137733	0.2013038632	0.0136495293	0.0145582808	0.7375745534
0	0.1035425457	0.7345393043	0.0944143236	0.0403920570	0.0271117695
1	0.0375285582	0.6061410938	0.0590444322	0.2970184414	0.0002674745
0	0.0849785036	0.4344263396	0.1890150897	0.2915800672	0.0000000000
0	0.0107813840	0.1696314461	0.2431443337	0.5756478229	0.0007950134
1	0.0233985505	0.1453657304	0.7899790746	0.0412566339	0.0000000105
0	0.0039172588	0.1457289848	0.0004754232	0.8215819286	0.0282964046
0	0.4549682693	0.5374709607	0.0000000000	0.0047600285	0.0028007415
0	0.0439957895	0.1605558398	0.5908342085	0.0449461835	0.1596679787
0	0.0665334349	0.8629770150	0.0000000000	0.0127155801	0.0577739700
1	0.1237298439	0.6120381211	0.0667713349	0.0993235531	0.0981371470
1	0.0079804483	0.2936798788	0.0540296574	0.6443100156	0.0000000000
1	0.0448505195	0.0270665771	0.1962518697	0.7027729654	0.0290580682
1	0.0199830715	0.0817332593	0.0371175944	0.8572591227	0.0039069521
0	0.0000003132	0.0354432425	0.0986545250	0.8578464042	0.0080555152
1	0.2560602030	0.4232727644	0.0071919018	0.3134751308	0.0000000000
0	0.3248504744	0.0042550085	0.1541775253	0.1234214385	0.3932955533
1	0.0274406775	0.0136545760	0.1981165401	0.6864748751	0.0743133313
1	0.2705087260	0.0534846152	0.0000055013	0.3457007102	0.3303004473
