1	0.2436706183	0.0011363283	0.3630457595	0.3855861420	0.0065611519
0	0.1470548966	0.0775013036	0.7217154555	0.0088155485	0.0449127958
0	0.2503828136	0.0000254646	0.4629407171	0.2467440257	0.0399069791
0	0.1184763579	0.2765754593	0.0000000540	0.5092329756	0.0957151532
1	0.2725135396	0.0404438148	0.6447749468	0.0417139559	0.0005537429
0	0.9245334299	0.0389746775	0.0364184872	0.0000060225	0.0000673830
1	0.0067712434	0.1667210782	0.0871169918	0.7391589658	0.0002317208
0	0.1026933675	0.6517760760	0.0308196595	0.2109506743	0.0037602227
1	0.1879998527	0.2134090862	0.0003692731	0.0099969843	0.5882248037
0	0.1565382898	0.1297707592	0.6062987008	0.0184552539	0.0889369963
0	0.1279132585	0.0120644686	0.0440336168	0.0000000000	0.8159886561
0	0.0000000002	0.0010915621	0.8920968924	0.0010164058	0.1057951394
1	0.0297845587	0.5541383151	0.3729242005	0.0411397035	0.0020132222
0	0.0740627375	0.9130877583	0.0000043534	0.0105170047	0.0023281461
0	0.1778623172	0.4133976835	0.2326794561	0.1760516217	0.0000089215
1	0.0890613731	0.1870400621	0.4707305062	0.0913925180	0.1617755406
1	0.0002645745	0.0073449623	0.3024884390	0.5791857899	0.1107162343
0	0.0000201887	0.0135037888	0.0002149649	0.8500114770	0.1362495807
0	0.0270422235	0.0124605712	0.5006364812	0.4598539178	0.0000068063
0	0.0000000000	0.7390370151	0.1788227720	0.0076453900	0.0744948229
0	0.2986980674	0.0484982118	0.0001602212	0.6526379154	0.0000055842
1	0.6663961985	0.0926850518	0.1551984714	0.0363254920	0.0493947863
0	0.0153262473	0.5944962047	0.0390614926	0.0251492609	0.3259667945
1	0.5243399535	0.0171686385	0.0563526234	0.3708842883	0.0312544964
1	0.6689239599	0.0099633627	0.0188440709	0.2908778214	0.0113907851
0	0.0000000000	0.6409740002	0.1241600653	0.2298995754	0.0049663590
0	0.0493562716	0.0796610844	0.0510882057	0.0437714965	0.7761229417
1	0.0000000000	0.2723838733	0.1228631127	0.5165560907	0.0881969233
0	0.0515415401	0.3870374846	0.3136116097	0.2202875752	0.0275217904
0	0.0000000276	0.9854690372	0.0006012135	0.0139297217	0.0000000000
1	0.0000000000	0.6398426041	0.1083626396	0.0000108465	0.2517839097
1	0.0005922824	0.0359291881	0.0728215521	0.8817368158	0.0089201616
0	0.1566273968	0.0361015425	0.0926900035	0.6621468034	0.0524342538
0	0.7458234726	0.0234141382	0.1025090797	0.0282078232	0.1000454863
0	0.1034812482	0.5157092592	0.2410760814	0.1397234249	0.0000099864
0	0.0006779820	0.8798809296	0.0918952681	0.0002317276	0.0273140927
1	0.0266590969	0.0085906660	0.1891801465	0.7750569251	0.0005131655
0	0.9154948812	0.0074699655	0.0513751106	0.0256030029	0.0000570399
0	0.0262952752	0.9009052413	0.0696852548	0.0031014279	0.0000128007
0	0.0008367402	0.4229836040	0.1321313137	0.0420118354	0.4020365067
0	0.1278823593	0.6510794425	0.0426888452	0.1783493529	0.0000000000
0	0.0000000000	0.8383945713	0.1494777074	0.0121277041	0.0000000172
0	0.2151430278	0.6770995007	0.0087441187	0.0000000000	0.0990133528
2	0.0000081999	0.8228016423	0.1601603440	0.0026448952	0.0143849186
1	0.0000962905	0.0000016963	0.5389775633	0.3892511613	0.0716732886
1	0.0000251525	0.0557677831	0.8256366287	0.1030706696	0.0154997661
1	0.0000000000	0.9443977418	0.0000247404	0.0000000606	0.0555774572
2	0.0000282242	0.0022413362	0.0438138228	0.0003961686	0.9535204481
1	0.0000792219	0.1073488940	0.0000000012	0.2613329107	0.6312389722
0	0.0000000004	0.2843717115	0.0015068488	0.7062855603	0.0078358790
0	0.0286152863	0.0316823165	0.0000000078	0.8262062735	0.1134961159
0	0.0072155035	0.1996299044	0.5012488610	0.2902585569	0.0016471742
0	0.0000000183	0.9562924158	0.0323803938	0.0112968246	0.0000303475
0	0.1184000886	0.0861795502	0.4054861917	0.3896276322	0.0003065372
0	0.0000000071	0.0362123771	0.0000181880	0.8662631824	0.0975062454
1	0.5254348427	0.0007066886	0.1195159364	0.3543425321	0.0000000003
0	0.8680188507	0.0551252493	0.0000000002	0.0768557843	0.0000001155
1	0.0000000000	0.0000000000	0.0029980668	0.9121116550	0.0848902782
0	0.0350310607	0.7517179718	0.0087763453	0.1977892237	0.0066853985
0	0.0404464401	0.1665159809	0.1493709301	0.5315763728	0.1120902760
1	0.1316803219	0.7599065758	0.0145640435	0.0938490588	0.0000000000
0	0.0678961270	0.2008493921	0.2523981108	0.4054721288	0.0733842413
0	0.0000019859	0.0278305459	0.9707048806	0.0000001482	0.0014624394
1	0.0000337486	0.0968659700	0.0354235546	0.8286685574	0.0390081694
0	0.0000261755	0.2727853290	0.3177174234	0.4089053829	0.0005656892
1	0.0142566926	0.1368368674	0.4800964528	0.3688099872	0.0000000000
1	0.0027841759	0.9804386873	0.0000000000	0.0002338056	0.0165433311
0	0.0144159984	0.1114335995	0.8580092525	0.0159550958	0.0001860539
2	0.0094264319	0.1172411955	0.0000017362	0.8358357169	0.0374949196
0	0.2898013370	0.3153747332	0.0007460548	0.3939242781	0.0001535969
0	0.0507918932	0.5877134959	0.0021488813	0.2221767861	0.1371689435
0	0.0090743997	0.0414649809	0.9110432778	0.0126613834	0.0257559582
1	0.0070290474	0.0553816820	0.1050271695	0.7086026441	0.1239594571
0	0.3221015795	0.0791813658	0.4105265953	0.0495297806	0.1386606788
1	0.0087685109	0.0112335856	0.1543342905	0.8256520383	0.0000115747
0	0.0000000000	0.0001321672	0.0004004988	0.9994671626	0.0000001713
1	0.0914504422	0.6267489858	0.0635444145	0.2182055718	0.0000505857
1	0.1990754687	0.0351734811	0.2738973442	0.0002826534	0.4915710525
0	0.0508052523	0.0203466134	0.5163775638	0.3320065328	0.0804640377
0	0.0008313012	0.3296810846	0.5351358222	0.0021278308	0.1322239611
1	0.0708750884	0.0720421609	0.4295491995	0.1048449521	0.3226885991
0	0.0063284969	0.0567675218	0.5417918802	0.3456090628	0.0495030383
0	0.0124320125	0.9340534472	0.0512913293	0.0000020190	0.0022211920
0	0.0222115325	0.0171772382	0.0000000000	0.9606112260	0.0000000034
0	0.0002591600	0.0378602037	0.1263824415	0.7939429556	0.0415552392
0	0.4187710427	0.0234765124	0.3517891687	0.0952840840	0.1106791923
0	0.0899479940	0.8965230720	0.0052323722	0.0082300116	0.0000665503
0	0.0014890717	0.8816732569	0.0011927939	0.0277983937	0.0878464838
2	0.1986326297	0.4774307541	0.0076218089	0.3051800689	0.0111347384
0	0.0142310918	0.0001976536	0.1277132556	0.1327247170	0.7251332819
0	0.0000064625	0.0000000002	0.5762698598	0.4237236639	0.0000000136
0	0.0000000001	0.9335965765	0.0038718172	0.0081948471	0.0543367591
0	0.1107576535	0.4261068879	0.1806625187	0.2763267334	0.0061462064
0	0.0628089265	0.0193173661	0.0097510959	0.9081226115	0.0000000000
0	0.1185974538	0.0001515610	0.2886981692	0.5385047803	0.0540480357
1	0.3413192487	0.2411799685	0.4092814682	0.0000000000	0.0082193145
1	0.0629271595	0.0456985553	0.0905222778	0.2973079422	0.5035440652
0	0.3042880624	0.3559985781	0.1672362520	0.1724771074	0.0000000000
1	0.6726438693	0.0006187079	0.1029003149	0.2005192075	0.0233179005
0	0.0000021951	0.4038669274	0.2630557664	0.3143865368	0.0186885743
