0	0.0089054415	0.9879056443	0.0003356633	0.0028466127	0.0000066382
0	0.3593834066	0.4439794795	0.1898825000	0.0009202916	0.0058343222
0	0.0694505274	0.6754639829	0.0310870790	0.2071324373	0.0168659734
1	0.0033249818	0.7596891918	0.1216473061	0.0305951866	0.0847433336
0	0.0000003570	0.0545403675	0.1287562278	0.2840548490	0.5326481986
1	0.1466588429	0.2310588306	0.2714031210	0.3479342468	0.0029449587
0	0.0346749006	0.0000008825	0.7856480984	0.1710462754	0.0086298430
1	0.0000068850	0.1548159434	0.0000000001	0.8174619281	0.0277152434
0	0.0010913171	0.0930272762	0.0037988109	0.7309334561	0.1711491396
0	0.0006092073	0.4198115727	0.0073403439	0.5064907488	0.0657481272
0	0.2934496623	0.0352826382	0.0000000000	0.3427198793	0.3285478202
0	0.1836557680	0.1039893011	0.3676521288	0.2973657141	0.0473370879
0	0.0178293082	0.0000000000	0.0144043003	0.1279412391	0.8398251524
1	0.2833945532	0.0000000003	0.6479280225	0.0105466395	0.0581307845
0	0.0141637869	0.2527254685	0.0000000016	0.4024821169	0.3306286261
1	0.0083858889	0.1017694626	0.0839514274	0.8058932201	0.0000000011
0	0.0019216793	0.5935823058	0.1296510111	0.0358756821	0.2389693217
1	0.3783041507	0.2806761227	0.3409461862	0.0000735404	0.0000000000
0	0.0078317455	0.4049111460	0.0023175394	0.1968190268	0.3881205424
0	0.2128697506	0.2646808677	0.2086410269	0.2091501411	0.1046582138
0	0.0222017317	0.3654303372	0.0014186668	0.6107922672	0.0001569971
0	0.0147977290	0.0540378310	0.2227258067	0.7084386333	0.0000000000
0	0.0230341437	0.9031801492	0.0031360084	0.0418511081	0.0287985906
0	0.0637924593	0.5886505675	0.0018431332	0.3432365777	0.0024772624
0	0.0072691140	0.0383718880	0.0015026252	0.7008989239	0.2519574489
0	0.0133726636	0.0000585503	0.0460965548	0.9404722314	0.0000000000
0	0.0000000000	0.1272134168	0.7245231723	0.1143271719	0.0339362390
1	0.4680136466	0.4489890179	0.0556141572	0.0001678844	0.0272152939
0	0.0249509540	0.8487020934	0.0692781991	0.0570687527	0.0000000008
0	0.0000000000	0.1013471119	0.0025342273	0.8951866518	0.0009320090
1	0.0336188973	0.0064273690	0.0003548562	0.9552722860	0.0043265915
0	0.0084943843	0.4994805797	0.0689307822	0.4220437634	0.0010504904
2	0.5290082901	0.0873223606	0.2192789622	0.0932997545	0.0710906326
1	0.0000063986	0.3150857658	0.0200623352	0.2166385348	0.4482069657
1	0.0000305880	0.0009460713	0.0000000391	0.3929685813	0.6060547203
0	0.2357176620	0.0559435401	0.1489593870	0.5591337617	0.0002456492
1	0.0000000000	0.5658086119	0.4170079563	0.0000000000	0.0171834318
1	0.0080658724	0.2226531681	0.2348346017	0.1747582024	0.3596881554
1	0.2323684066	0.0901912414	0.1872501328	0.2185880143	0.2716022050
1	0.0000000847	0.0028655935	0.1290510485	0.7786663644	0.0894169089
0	0.0000000005	0.5609435334	0.0000013230	0.4389459226	0.0001092205
1	0.0350292873	0.0006601796	0.0001058483	0.9454542040	0.0187504808
0	0.0220021886	0.8771319538	0.0034363792	0.0933436273	0.0040858512
0	0.0640892591	0.0001282314	0.0043905799	0.8031421264	0.1282498032
1	0.0055057298	0.0007392795	0.5800126265	0.0000000025	0.4137423618
0	0.0919535518	0.2968205760	0.1129550259	0.1934744336	0.3047964127
1	0.0094222510	0.0000014022	0.0045549887	0.9860203909	0.0000009671
0	0.0875441167	0.2452517716	0.0838837697	0.0584048234	0.5249155186
1	0.0039867911	0.0035214280	0.0094809520	0.9822488434	0.0007619855
0	0.2452746523	0.0040763134	0.4296888702	0.3209601641	0.0000000000
0	0.3669262393	0.1112518069	0.2552145335	0.2645808429	0.0020265773
0	0.0148187147	0.0829507745	0.5201485381	0.3780434941	0.0040384786
0	0.5741579948	0.1089674094	0.1541058493	0.0652728710	0.0974958755
1	0.0711298457	0.0388300524	0.1194627048	0.7090364348	0.0615409622
1	0.7804398288	0.0784292448	0.1203164197	0.0169948043	0.0038197024
0	0.0330802688	0.0025363977	0.3914449861	0.4031806043	0.1697577431
0	0.0248898869	0.0812109460	0.8338510511	0.0528022153	0.0072459008
0	0.0000380666	0.7569347897	0.2385061975	0.0000000013	0.0045209449
0	0.0007821555	0.5698348212	0.1770714401	0.2522082086	0.0001033746
0	0.0216386327	0.0354587859	0.4628830328	0.2839719231	0.1960476255
1	0.1100499553	0.3694533892	0.2599280974	0.0043491807	0.2562193774
0	0.5980325553	0.0001953319	0.2303519482	0.1714198189	0.0000003457
0	0.0000000071	0.5996866246	0.0458133752	0.3473453736	0.0071546196
0	0.0855899932	0.0759773928	0.0000000000	0.8384294367	0.0000031773
0	0.2459311060	0.4088214749	0.0051312206	0.0000684218	0.3400477767
1	0.0000062550	0.4780481697	0.0062620150	0.0000001701	0.5156833903
0	0.2119993527	0.2173330041	0.0030171552	0.4916349774	0.0760155107
0	0.4220782606	0.1116994691	0.3795102218	0.0237951635	0.0629168850
0	0.0255633102	0.3893586820	0.0562405478	0.5288374599	0.0000000001
1	0.0061090401	0.2854905345	0.1480494488	0.1074841491	0.4528668275
0	0.0297646765	0.0652231960	0.1033604086	0.7516916678	0.0499600512
1	0.0006200312	0.4162466211	0.0488913821	0.5178745387	0.0163674270
0	0.0004839801	0.4130999133	0.2746102881	0.0732237754	0.2385820432
0	0.0132505679	0.1057915464	0.7545105214	0.1264473297	0.0000000346
0	0.2421370469	0.0077902702	0.6371631350	0.1093498031	0.0035597449
0	0.1132506233	0.7137350780	0.0985323261	0.0734850873	0.0009968852
0	0.1260142789	0.0109314643	0.0651266947	0.6375989615	0.1603286006
0	0.0040072793	0.0651375074	0.0680690036	0.1813231276	0.6814630821
1	0.0009186121	0.2212038817	0.0000007361	0.3192492782	0.4586274918
0	0.1819853743	0.5953665497	0.2039846512	0.0000000082	0.0186634165
1	0.0001706264	0.0484272217	0.0592396987	0.8844776301	0.0076848231
1	0.0006705038	0.8267242398	0.0156807294	0.1504737885	0.0064507385
0	0.0002423873	0.0155991233	0.2317484893	0.6688775578	0.0835324423
0	0.0000029971	0.7266067957	0.2663867784	0.0002460555	0.0067573732
1	0.1781607172	0.7796023198	0.0125110018	0.0297259612	0.0000000000
0	0.1561692857	0.0777304402	0.2502695010	0.5158307731	0.0000000000
1	0.0000000000	0.8897326820	0.0311783796	0.0790889383	0.0000000001
0	0.0000000794	0.2071286983	0.1933941336	0.0640526756	0.5354244131
0	0.0064094408	0.9010677318	0.0323634854	0.0573967307	0.0027626112
1	0.0000000000	0.9356941246	0.0370698002	0.0272360685	0.0000000067
0	0.1823085469	0.7396163689	0.0175632613	0.0605067048	0.0000051182
0	0.1299929383	0.6972419153	0.1679901554	0.0000006592	0.0047743319
0	0.2371651146	0.7494603615	0.0133745215	0.0000000025	0.0000000000
1	0.1341298508	0.0002672543	0.1004802457	0.7526556746	0.0124669746
0	0.0000000070	0.4405801596	0.0000332647	0.5262255482	0.0331610205
1	0.4804986207	0.1034077382	0.3765724835	0.0395107734	0.0000103843
0	0.0587985220	0.2442105228	0.2579335851	0.0727567206	0.3663006494
0	0.2300486022	0.5276220818	0.1735744737	0.0687427247	0.0000121176
0	0.3736248976	0.1187392233	0.2310083247	0.1418312002	0.1347963542
1	0.2925790415	0.0259670935	0.0228823832	0.6585714818	0.0000000000
