0	0.0225523138	0.0024866087	0.9417058393	0.0332552381	0.0000000000
0	0.4510538113	0.0012697688	0.0001768016	0.4377904026	0.1097092158
1	0.0000000000	0.0201014269	0.9469122346	0.0117072760	0.0212790625
0	0.0000420605	0.6698630705	0.0000107083	0.2598458645	0.0702382962
1	0.6013287498	0.3585489627	0.0179382785	0.0000000000	0.0221840089
0	0.0302406237	0.6983107540	0.2386864311	0.0306924585	0.0020697326
1	0.0529380681	0.3491934727	0.4785542895	0.1193141697	0.0000000000
1	0.0024407467	0.7052104828	0.0020004645	0.2714648365	0.0188834694
2	0.0000129396	0.9107341366	0.0000054674	0.0789177363	0.0103297202
0	0.0063402678	0.0108355545	0.1340203658	0.8487955537	0.0000082582
0	0.0151882775	0.9116740755	0.0063674687	0.0667701783	0.0000000000
0	0.0000000391	0.3642004639	0.4931843418	0.1426072293	0.0000079259
0	0.0000000000	0.0175728821	0.8488308676	0.0952917831	0.0383044672
0	0.0140982747	0.4610155977	0.0002088417	0.0467838261	0.4778934598
0	0.0000356795	0.0069246713	0.7087001766	0.2485995169	0.0357399557
0	0.1690406698	0.5645572285	0.2353010694	0.0236507327	0.0074502996
0	0.0000001441	0.3510430931	0.0561503204	0.4370193775	0.1557870648
0	0.0590212921	0.0662957700	0.1148031414	0.7193593165	0.0405204801
0	0.0000000000	0.4874267930	0.3614692510	0.1510556876	0.0000482684
0	0.1827571151	0.5941210812	0.0943713221	0.1020195895	0.0267308921
0	0.0009803169	0.5233012780	0.0583723678	0.4120263704	0.0053196669
1	0.0169750962	0.2056105771	0.2008190366	0.5765952900	0.0000000001
0	0.0002820210	0.9692637917	0.0148734872	0.0040008983	0.0115798018
0	0.0015259924	0.1657720301	0.0262931976	0.4302081710	0.3762006089
0	0.0491758266	0.1497822200	0.0028648168	0.7981114674	0.0000656692
0	0.0000000005	0.9250175607	0.0057158570	0.0012449920	0.0680215898
0	0.3488135070	0.0762743590	0.1575033948	0.1603908400	0.2570178992
0	0.0191226685	0.5650297019	0.2451494170	0.0681823122	0.1025159004
1	0.0023753243	0.1738357325	0.8063757610	0.0014836660	0.0159295162
0	0.2831145616	0.4198856284	0.2969206539	0.0000791561	0.0000000000
0	0.0685182701	0.5393777302	0.0000290731	0.3920749076	0.0000000189
0	0.0293295928	0.1900646581	0.0391656671	0.4067912625	0.3346488194
0	0.0120884974	0.0663807581	0.6890418545	0.0635372250	0.1689516650
1	0.1606950700	0.0001947515	0.0964276041	0.5094683720	0.2332142023
0	0.0550968084	0.3048431883	0.0000000000	0.6400057762	0.0000542271
0	0.0214947092	0.6076515420	0.1675290957	0.0098796540	0.1934449991
2	0.0067654251	0.7244366178	0.0000021131	0.2677602858	0.0010355581
1	0.0368620651	0.0173467481	0.6378645454	0.3079266413	0.0000000000
0	0.0024104996	0.5917645232	0.0000000790	0.0767109260	0.3291139721
0	0.1341553583	0.1723265561	0.2898592431	0.4036556764	0.0000031662
0	0.2361301252	0.2296383040	0.0307514479	0.1148096660	0.3886704569
0	0.0000000074	0.0588298526	0.2236905154	0.7171570712	0.0003225534
1	0.2598570577	0.0000002413	0.0000000000	0.0021328741	0.7380098270
0	0.2102604769	0.0009816805	0.0547781841	0.6880977917	0.0458818668
0	0.1089977628	0.8115980930	0.0036588165	0.0755052938	0.0002400340
2	0.0000000000	0.7621825625	0.0310406729	0.1549977608	0.0517790038
0	0.3291182438	0.0134666464	0.0312168113	0.4059752662	0.2202230323
0	0.5095379521	0.1242628023	0.0720381552	0.0005140798	0.2936470107
1	0.0426780789	0.2106626174	0.6072053584	0.1394513059	0.0000026395
1	0.0023193763	0.7163469887	0.0220504039	0.2495484632	0.0097347678
0	0.0000113447	0.1486217948	0.3188328171	0.5312507705	0.0012832729
0	0.0000000000	0.2793726047	0.5643714715	0.0965437216	0.0597122021
0	0.0000164760	0.7159672028	0.0104189090	0.2714708849	0.0021265272
0	0.7707921386	0.0026876206	0.2265082756	0.0000119647	0.0000000005
0	0.1427559202	0.6410621107	0.1549504066	0.0393475525	0.0218840099
1	0.0392064830	0.1423017702	0.5398008761	0.2786908438	0.0000000269
0	0.0125453279	0.0085623237	0.1129045936	0.5752685513	0.2907192036
1	0.0114098055	0.0429649054	0.4800527631	0.4647241689	0.0008483571
0	0.0000000012	0.2886290314	0.4837293902	0.1851625268	0.0424790505
1	0.1794575487	0.7201720157	0.0002312817	0.0547702777	0.0453688762
0	0.0263982351	0.7645905344	0.1183172260	0.0906933624	0.0000006421
1	0.2257318856	0.0000000000	0.0003648980	0.2194054041	0.5544978123
1	0.0390105185	0.0318176038	0.9286740372	0.0000636753	0.0004341652
0	0.1397274474	0.3118455196	0.3115083669	0.1362047297	0.1007139365
0	0.0000000000	0.1456171578	0.6179791478	0.0096178471	0.2267858474
1	0.0577563404	0.5381985420	0.1309882858	0.2657727915	0.0072840403
1	0.3091245859	0.5875659589	0.0438441258	0.0502503582	0.0092149712
2	0.0030572696	0.8133846952	0.0147724636	0.1553526032	0.0134329685
1	0.0614483121	0.1497158804	0.1418544266	0.6469811662	0.0000002147
1	0.0000750780	0.0228957096	0.7195096462	0.1964387696	0.0610807966
0	0.0528283497	0.9157387568	0.0002085084	0.0003309178	0.0308934673
1	0.0000567644	0.0000304225	0.9988522035	0.0010604929	0.0000001167
0	0.0097012591	0.1225440565	0.2675728269	0.5861668264	0.0140150310
0	0.0000000000	0.0009046618	0.1808458645	0.0048332520	0.8134162217
1	0.0000524297	0.0003274008	0.4716371441	0.0820324137	0.4459506117
0	0.0877133304	0.5195803055	0.0000012173	0.2071868801	0.1855182667
0	0.0111946855	0.8714052505	0.0238500506	0.0887108161	0.0048391973
0	0.1590218238	0.0010797119	0.8118887606	0.0259835034	0.0020262002
0	0.0000000000	0.5872684532	0.0810662305	0.1087201321	0.2229451842
0	0.0000000000	0.0018241664	0.0301110635	0.8829345744	0.0851301958
0	0.0286650716	0.4231706439	0.1137842619	0.0022212812	0.4321587414
0	0.2812335063	0.5991289950	0.1024444696	0.0171835077	0.0000095214
1	0.0011143495	0.0754185368	0.1414849065	0.3055800496	0.4764021576
0	0.1036972063	0.0920029042	0.0340104713	0.3219319940	0.4483574243
1	0.0000000000	0.0313120530	0.2371209389	0.7277227329	0.0038442752
0	0.0037526466	0.3073780761	0.0643328768	0.6245364005	0.0000000000
0	0.0000000000	0.2540272968	0.2041614034	0.4022770578	0.1395342420
0	0.0199628502	0.8314548214	0.1471432494	0.0012223355	0.0002167435
0	0.0591429582	0.5462211084	0.0967869283	0.2508813185	0.0469676866
0	0.0445876088	0.0256023978	0.0000000000	0.1637305258	0.7660794676
0	0.0131462437	0.3541612636	0.0724986695	0.5601852288	0.0000085944
1	0.0046876360	0.6516691882	0.0978555655	0.1014159728	0.1443716375
0	0.0002532994	0.3284139196	0.0546361281	0.6166966527	0.0000000002
0	0.0002487039	0.1492370662	0.0890424007	0.7465462304	0.0149255988
0	0.0032361283	0.0257354412	0.7700658217	0.0532424772	0.1477201317
0	0.0000017101	0.3479444729	0.0734508500	0.5763243108	0.0022786561
1	0.0000166054	0.8326275685	0.0304366533	0.0000324714	0.1368867014
0	0.3326137802	0.0925575924	0.5684317587	0.0038670394	0.0025298293
0	0.1527293455	0.3184684642	0.4426370448	0.0857998522	0.0003652933
0	0.1046775988	0.4771354490	0.0524470932	0.2574202853	0.1083195736
