0	0.0003326874	0.7656158566	0.0045185163	0.0088179245	0.2207150152
0	0.0411221364	0.1108377961	0.3685050101	0.4795003971	0.0000346602
0	0.0251057439	0.0150975162	0.2380866320	0.7135185351	0.0081915728
1	0.0000000000	0.4136635164	0.4521342961	0.1341982386	0.0000039488
0	0.0859876300	0.7081155275	0.1010877245	0.0996334817	0.0051756363
0	0.1730007064	0.1183083221	0.4758196082	0.1615901446	0.0712812187
0	0.0000005345	0.0277958424	0.0215365979	0.8681747051	0.0824923201
0	0.1574191178	0.1425479772	0.2953254460	0.3856982973	0.0190091616
0	0.4205179792	0.3333061582	0.0012729849	0.0000000002	0.2449028775
1	0.0048468259	0.0682593262	0.4736061344	0.4532857748	0.0000019387
1	0.1243233460	0.0488312661	0.0565340693	0.6864306558	0.0838806628
1	0.0000000179	0.1223721506	0.5092078702	0.2320362183	0.1363837430
0	0.2461922563	0.1960564076	0.0061254222	0.2846942425	0.2669316714
0	0.0021404728	0.0542224380	0.8582457279	0.0852724400	0.0001189212
0	0.0177144659	0.6917570257	0.0084981726	0.0041260015	0.2779043342
0	0.0121332181	0.9863209615	0.0000003220	0.0000008445	0.0015446539
1	0.3161007148	0.3165204873	0.0697623505	0.2735895444	0.0240269031
0	0.0000001664	0.2699321513	0.1125623536	0.0790789717	0.5384263570
0	0.1325911639	0.7310996102	0.0003360355	0.0274420786	0.1085311118
0	0.0014131493	0.0123463074	0.9451475436	0.0203575184	0.0207354813
1	0.0000380426	0.2109251351	0.6249112461	0.1641255761	0.0000000000
0	0.0002473872	0.1070738869	0.1012455915	0.7635036367	0.0279294977
0	0.0000000435	0.0148420264	0.1040325698	0.4427290327	0.4383963276
1	0.0000000000	0.1440581567	0.5399393065	0.3160025368	0.0000000000
0	0.0385938022	0.6845158784	0.0699973593	0.2006413831	0.0062515770
0	0.0000000000	0.3747387735	0.6047509594	0.0000062969	0.0205039703
1	0.0113214281	0.8746910215	0.0025409549	0.0104746942	0.1009719013
1	0.0009719055	0.0178588741	0.7889235470	0.1921459538	0.0000997196
0	0.0457832493	0.0224986809	0.6726691698	0.1352039346	0.1238449654
0	0.1143613438	0.0006612646	0.0000000090	0.8849773815	0.0000000010
0	0.3351201913	0.0897798967	0.4854032364	0.0648699922	0.0248266833
0	0.0608716134	0.2135644502	0.1131681985	0.5986650494	0.0137306885
0	0.0006297693	0.5890372731	0.1330671614	0.2770429375	0.0002228587
0	0.0621321481	0.8335723077	0.0070223626	0.0824995111	0.0147736705
1	0.0163776094	0.2329626540	0.1494605606	0.6000831616	0.0011160144
0	0.0143263514	0.9334819403	0.0053737866	0.0087169248	0.0381009968
0	0.1400268736	0.6734889088	0.1861078100	0.0000000038	0.0003764038
0	0.1074162107	0.1401867584	0.1245381194	0.2270843321	0.4007745793
0	0.0000000000	0.0497201998	0.9499533316	0.0001924201	0.0001340484
0	0.3251455443	0.1879551386	0.2576073417	0.0574922565	0.1717997189
0	0.0373423035	0.6907792104	0.0646650015	0.2072134847	0.0000000000
1	0.0000000000	0.2698674553	0.7247107381	0.0051128801	0.0003089265
0	0.0000132444	0.0264323327	0.1785431258	0.2789002152	0.5161110818
0	0.1792663975	0.5585755521	0.0849065541	0.1640836055	0.0131678908
0	0.0000000000	0.6496181607	0.1925833977	0.1252185123	0.0325799293
0	0.0244535818	0.1370373747	0.4257660921	0.4127406800	0.0000022714
0	0.0000000000	0.0008119028	0.4851825270	0.4913078895	0.0226976807
0	0.6962155668	0.0111964891	0.1838574912	0.0793450098	0.0293854431
0	0.0096199551	0.1322015956	0.0181244129	0.8379032820	0.0021507543
1	0.0000001756	0.6168173488	0.0002636514	0.3667459054	0.0161729189
1	0.0000000017	0.2516252373	0.0076006938	0.5099052894	0.2308687778
0	0.0458176185	0.0136178556	0.3639576850	0.5765981334	0.0000087074
0	0.5028729112	0.1528969419	0.1218182459	0.2175066865	0.0049052146
0	0.0636197588	0.2515711782	0.4091999386	0.1975868480	0.0780222764
1	0.0001413445	0.0000249255	0.4071057373	0.5859720810	0.0067559116
1	0.0205826970	0.8440639634	0.0602117712	0.0034739674	0.0716676009
0	0.0093925000	0.4468594084	0.0479335102	0.0006964047	0.4951181767
0	0.0339606084	0.1290582763	0.0217110801	0.0000589029	0.8152111323
0	0.0055091493	0.8751782402	0.0254415075	0.0472752750	0.0465958279
0	0.0534801791	0.6503478417	0.2811917040	0.0127098553	0.0022704200
2	0.1296740593	0.0090094039	0.5369436778	0.3241830848	0.0001897742
1	0.1914280154	0.7593065784	0.0225542688	0.0131656763	0.0135454611
1	0.0047620811	0.6560364320	0.0000939466	0.3298502957	0.0092572446
0	0.0588427758	0.0952862754	0.3964054868	0.3922416111	0.0572238510
1	0.0001628375	0.0866533343	0.8932664493	0.0000135671	0.0199038117
0	0.3135636467	0.3614328186	0.0941106218	0.1522357481	0.0786571647
0	0.0164242736	0.0229200977	0.4307939437	0.3849577770	0.1449039080
1	0.0170024405	0.1534415547	0.8264778898	0.0030781149	0.0000000000
1	0.0191831967	0.1585714082	0.5227023296	0.0858462479	0.2136968176
0	0.0081633967	0.0002687744	0.5655990052	0.0033310064	0.4226378172
2	0.0276329570	0.5947896845	0.3009104895	0.0766131025	0.0000537665
0	0.2598204519	0.0828092896	0.2178041263	0.1881464915	0.2514196407
0	0.0085858121	0.0245451510	0.0189660172	0.9208919556	0.0270110641
0	0.0028708259	0.6461513821	0.0002835761	0.3327509095	0.0179433064
0	0.0000028420	0.8400358417	0.0684991831	0.0850285379	0.0064335953
0	0.0429541647	0.0089443403	0.9345381569	0.0122661690	0.0012971692
0	0.0448760056	0.1959212265	0.5827173303	0.0597974306	0.1166880069
1	0.0022146848	0.0035402086	0.0329127362	0.9350297260	0.0263026443
1	0.0134537451	0.6419673644	0.0000000469	0.3444801250	0.0000987185
1	0.0000023099	0.0070969123	0.2850490582	0.3735043317	0.3343473879
1	0.4918988713	0.0011089813	0.0026929427	0.0001195928	0.5041796119
0	0.0000023420	0.0533420584	0.1111215234	0.8086762182	0.0268578580
0	0.0916955683	0.0000122027	0.3813010217	0.5267373768	0.0002538304
1	0.0000000000	0.9997701545	0.0001086134	0.0000750534	0.0000461787
1	0.0131853711	0.3347259028	0.0000000000	0.5674093436	0.0846793825
1	0.1306852172	0.3790037495	0.3157881064	0.1745229269	0.0000000000
0	0.4250094619	0.0000281518	0.0659411980	0.1965194424	0.3125017459
0	0.0675120961	0.0837298598	0.5701707585	0.2699667577	0.0086205279
0	0.0631816319	0.0054174215	0.2326570187	0.3094712012	0.3892727267
0	0.0022263540	0.6494158988	0.1083803726	0.1426411019	0.0973362727
0	0.0264879588	0.0033975721	0.0031916909	0.8697008427	0.0972219356
0	0.0000000000	0.4136636372	0.1509210938	0.3063090267	0.1291062423
1	0.0426465889	0.5817987051	0.0017011446	0.3333459224	0.0405076391
2	0.8667935118	0.0002148515	0.1078153564	0.0239371740	0.0012391064
0	0.0000000000	0.0252871136	0.6982238505	0.2764890359	0.0000000000
1	0.0943908834	0.3780605761	0.0007547706	0.5267908447	0.0000029252
1	0.6740134956	0.1928992506	0.0925402969	0.0007313228	0.0398156341
0	0.0302062285	0.2634693145	0.2796968686	0.3403629194	0.0862646691
0	0.4467958607	0.0455052558	0.4312056579	0.0740133411	0.0024798846
1	0.2931553510	0.5196858388	0.0033181900	0.0062808535	0.1775597666
