1	0.0000000000	0.0125890556	0.4429296619	0.3850017504	0.1594795321
0	0.0674901491	0.3927105011	0.2234803472	0.3163190026	0.0000000000
2	0.0000000000	0.2996373051	0.0817992053	0.5993298031	0.0192336866
0	0.1167124288	0.1668902203	0.2881215795	0.4114350074	0.0168407639
0	0.2456930755	0.0767758363	0.0710745799	0.5523738583	0.0540826500
0	0.0000000212	0.1411482729	0.8558909640	0.0000000000	0.0029607419
0	0.0222033519	0.0194140671	0.7713585155	0.1841646377	0.0028594278
0	0.0001657927	0.2180452272	0.2736457089	0.4793853262	0.0287579450
1	0.0376021644	0.6395566182	0.1306344472	0.1505752631	0.0416315070
0	0.0000000000	0.1288600575	0.0892593277	0.7689460462	0.0129345685
0	0.0020252449	0.2368273142	0.7287102690	0.0201703700	0.0122668019
0	0.5576376464	0.2571275243	0.0103646483	0.1163492931	0.0585208879
0	0.1524698512	0.6322095028	0.0969105323	0.0610475724	0.0573625413
0	0.0157299785	0.0000515144	0.0351206452	0.8804230286	0.0686748333
0	0.0061410357	0.5166895005	0.0002313762	0.4769380876	0.0000000000
1	0.0000000000	0.0177946569	0.8299478262	0.1386940022	0.0135635148
1	0.0000143353	0.9856653529	0.0005777468	0.0081543625	0.0055882026
1	0.0000002206	0.8456435324	0.0108594163	0.1298433948	0.0136534359
1	0.0000000000	0.2310025732	0.6480395252	0.0043557642	0.1166021374
0	0.0000000006	0.6233147954	0.2296577345	0.1468424344	0.0001850351
1	0.0000000000	0.1479370210	0.0002952986	0.4811241576	0.3706435228
1	0.0000000000	0.0915179355	0.0014614406	0.9070206239	0.0000000000
0	0.2794367937	0.2142753519	0.1907411068	0.3155467475	0.0000000000
0	0.0000006855	0.0016764448	0.0000269330	0.9982390591	0.0000568776
1	0.0000215726	0.7045598638	0.0553153798	0.0441459180	0.1959572658
0	0.0242813484	0.3802785552	0.2877457677	0.3076943287	0.0000000000
0	0.0001621358	0.9565111369	0.0045911171	0.0387356096	0.0000000006
0	0.0215312674	0.2096794451	0.0309458946	0.7376670824	0.0001763104
1	0.0000000000	0.1175769957	0.0225870648	0.8446156552	0.0152202843
1	0.0525538394	0.0009368857	0.7815915109	0.0983379100	0.0665798541
0	0.4875934660	0.0017886619	0.0099412771	0.5003428233	0.0003337717
1	0.0000000000	0.0837401737	0.7203250969	0.0321757926	0.1637589368
1	0.0140095787	0.3725703058	0.0404309072	0.5729047125	0.0000844959
2	0.0000000000	0.3443909914	0.0060322575	0.6294882299	0.0200885211
0	0.0000000000	0.0029097069	0.0142321116	0.8584025945	0.1244555870
0	0.0135126686	0.5919579741	0.3929530046	0.0000004839	0.0015758689
0	0.0000000000	0.5510342677	0.1558422159	0.0048323251	0.2882911913
0	0.0012755583	0.4493352650	0.0270588612	0.1416817425	0.3806485731
1	0.0635025240	0.1520332793	0.0651849108	0.7192792858	0.0000000000
0	0.1589759126	0.3990310245	0.1757595733	0.2590715795	0.0071619100
0	0.0042183783	0.5315307287	0.0005693271	0.0134914647	0.4501901011
1	0.0076662309	0.1806524461	0.2931480538	0.4983866393	0.0201466298
0	0.0033820368	0.6359560897	0.2813387656	0.0001765542	0.0791465536
0	0.0012320665	0.1296819844	0.0138779270	0.7645043963	0.0907036258
1	0.0000000000	0.5703288708	0.0091616742	0.4205091973	0.0000002577
0	0.7366596177	0.0544990929	0.0859447006	0.1095610328	0.0133355560
0	0.0194458835	0.9326058865	0.0029502424	0.0084313215	0.0365666661
0	0.0000000000	0.3744472041	0.3341627232	0.2905108099	0.0008792627
0	0.0259808549	0.0000731587	0.7846582089	0.0097974753	0.1794903022
0	0.0000000000	0.0066718002	0.1406067254	0.1827870749	0.6699343995
1	0.0000000000	0.5339752420	0.0080374069	0.4038533349	0.0541340161
1	0.0000000000	0.1149374066	0.0362497000	0.0021075774	0.8467053159
1	0.0003943058	0.1098425592	0.4044295943	0.0701079429	0.4152255978
0	0.0962952027	0.4098519365	0.4759212366	0.0122506635	0.0056809607
0	0.0000000007	0.0267500234	0.0154331976	0.5612717188	0.3965450595
1	0.0000000000	0.2049394242	0.0000001157	0.4062454794	0.3888149806
0	0.1497326530	0.0255135384	0.0259621069	0.0004342098	0.7983574920
0	0.0832035748	0.0000000001	0.2115438366	0.7052076538	0.0000449348
0	0.0060114877	0.0186282980	0.4266378864	0.0470738859	0.5016484420
0	0.0043266159	0.5873572408	0.0186603352	0.1711964258	0.2184593824
0	0.0436763097	0.6482961404	0.0674395176	0.2104577998	0.0301302325
0	0.2963440697	0.0000000009	0.2330731501	0.3707058157	0.0998769636
0	0.0016784691	0.4350578136	0.5620026095	0.0000030144	0.0012580935
0	0.0889111252	0.0442836336	0.0141414290	0.8524649667	0.0001988454
0	0.2487414464	0.4839227927	0.1986673177	0.0001530162	0.0685154270
0	0.1127794580	0.2211869633	0.5662407986	0.0938012237	0.0059915564
0	0.0023987199	0.4844010635	0.0540893375	0.1950622895	0.2640485896
0	0.0576208662	0.2734158548	0.3111261370	0.1199880881	0.2378490540
1	0.0000000000	0.3935174299	0.0003953712	0.1291454550	0.4769417438
0	0.0000000000	0.9716098320	0.0240145074	0.0043756607	0.0000000000
1	0.0000000000	0.5547970761	0.0114613540	0.4125547339	0.0211868360
0	0.1569901334	0.5739065018	0.0089537245	0.2601073835	0.0000422568
1	0.0000000000	0.0972193059	0.2698924682	0.6117467824	0.0211414436
1	0.0000000074	0.6459064979	0.2421604998	0.0833410639	0.0285919310
0	0.0928290576	0.0377294355	0.0518081967	0.5767566622	0.2408766480
1	0.0000000000	0.0478303600	0.0035856051	0.6274553918	0.3211286431
0	0.0006122432	0.7356631817	0.0102473295	0.1457752274	0.1077020182
0	0.0362499396	0.5155413185	0.4481983044	0.0000029773	0.0000074602
0	0.0929602684	0.3219367889	0.1403612763	0.0931415469	0.3516001195
0	0.0002893240	0.1464538157	0.1165446815	0.1224572020	0.6142549768
1	0.0000000000	0.8639385395	0.0952290306	0.0382821329	0.0025502970
0	0.0431111432	0.7845510816	0.1210405281	0.0511851880	0.0001120592
1	0.0000000000	0.0156303187	0.0084715762	0.9114754138	0.0644226913
0	0.0302389726	0.2735630743	0.4938991076	0.2022024230	0.0000964225
1	0.0009756504	0.2165645443	0.1129584231	0.2010382628	0.4684631194
0	0.0000002541	0.0000006741	0.0411086510	0.1374378352	0.8214525856
1	0.0000000000	0.5383344179	0.3016191843	0.0494203195	0.1106260784
1	0.0000000000	0.2039344656	0.0768602754	0.6835400156	0.0356652433
0	0.0191279150	0.2124324609	0.3593305729	0.0029009169	0.4062081343
0	0.0083579400	0.1503766667	0.5528199185	0.0049124320	0.2835330428
1	0.0000000000	0.2380072296	0.1553258119	0.3515844469	0.2550825116
0	0.0015112356	0.9842028884	0.0123233334	0.0019608829	0.0000016596
1	0.0000000144	0.0397847520	0.0329619703	0.9079578711	0.0192953922
1	0.0001114620	0.0206897645	0.7940951432	0.1097481114	0.0753555189
1	0.0001727658	0.3097943963	0.0454489494	0.5746108473	0.0699730413
1	0.0000828953	0.0004094793	0.0342805463	0.8938825278	0.0713445512
0	0.2656886572	0.0207262767	0.0000392449	0.7037299119	0.0098159093
1	0.0000000000	0.1486745812	0.8400712277	0.0112519215	0.0000022696
0	0.0003800707	0.9201898473	0.0217861479	0.0576389614	0.0000049727
0	0.0462012449	0.5056477203	0.1896021816	0.2585488532	0.0000000000
