0	0.1104435848	0.0208879419	0.3062532747	0.5624019694	0.0000132291
0	0.0036831956	0.4493360721	0.4779401445	0.0679445129	0.0010960749
0	0.0061130668	0.2105955168	0.5190331530	0.2503563889	0.0139018746
0	0.0032568506	0.8938479657	0.0000170646	0.0842284704	0.0186496487
1	0.0000000000	0.0610972352	0.2835860361	0.6095076114	0.0458091174
1	0.0000000000	0.3542420260	0.6054780605	0.0402168607	0.0000630528
1	0.0000000000	0.6159687294	0.1092794680	0.0339023516	0.2408494510
0	0.0199238145	0.0196574263	0.0011753229	0.9447735967	0.0144698396
1	0.0000047420	0.0000000000	0.0760089098	0.8654730100	0.0585133382
2	0.0000000000	0.5051530654	0.0004791022	0.4352127663	0.0591550661
0	0.2307420111	0.0140739442	0.0000000000	0.7467561805	0.0084278641
0	0.3011085981	0.0000000281	0.1907232153	0.5081681586	0.0000000000
1	0.0000000336	0.1744370218	0.2618986996	0.4449894570	0.1186747880
0	0.3317063073	0.1000598186	0.3505175941	0.2088831772	0.0088331029
1	0.0004793862	0.1098874894	0.0003408527	0.1954513033	0.6938409683
0	0.0000000169	0.9834967233	0.0164374466	0.0000658132	0.0000000000
1	0.0001222146	0.0004988600	0.0792880370	0.4855120278	0.4345788606
1	0.0009348788	0.1085337512	0.8319002766	0.0572111882	0.0014199052
0	0.0661975924	0.1451410239	0.0000738485	0.7610938459	0.0274936893
1	0.0000000000	0.0006795585	0.0015596962	0.8732627939	0.1244979513
1	0.0000000000	0.4975731909	0.0000162648	0.4457259520	0.0566845923
0	0.3357281495	0.2610057726	0.0049402542	0.3978195608	0.0005062628
1	0.0000000000	0.0087677393	0.0005831392	0.5735033924	0.4171457291
0	0.0000324110	0.0029139890	0.4649984861	0.4754089925	0.0566461214
0	0.1246692096	0.1087680953	0.1719638782	0.5327496091	0.0618492078
0	0.0386463625	0.2658961502	0.2805066845	0.2858155130	0.1291352898
0	0.0000000000	0.6154510462	0.0126095866	0.3719393672	0.0000000000
0	0.0268208457	0.0011260336	0.4365614085	0.0211391782	0.5143525340
0	0.1086486627	0.0001302994	0.4940747343	0.2274994484	0.1696468553
1	0.0000000012	0.0238484105	0.1955281896	0.3063548876	0.4742685111
0	0.0000000000	0.5249228544	0.0000031169	0.4635533144	0.0115207143
1	0.0004663362	0.2704976891	0.0702313695	0.5839204233	0.0748841819
1	0.0000000000	0.1141641287	0.0277071425	0.8491789750	0.0089497538
0	0.9854125719	0.0001984320	0.0000000000	0.0136453446	0.0007436515
0	0.0304438947	0.2758610950	0.0518862459	0.6278097174	0.0139990470
1	0.0972660573	0.7239615233	0.0150565353	0.0284367910	0.1352790932
1	0.0000240681	0.0921682257	0.0080680322	0.0244293955	0.8753102785
0	0.0000015641	0.7540022644	0.0000017764	0.2436204280	0.0023739672
1	0.0000000000	0.3739745148	0.3121744326	0.1451218159	0.1687292367
1	0.0000000000	0.3212516429	0.1938739299	0.0379349870	0.4469394402
0	0.1956763725	0.1636604803	0.0353716697	0.0013580485	0.6039334289
0	0.0003436393	0.3214206369	0.3320493488	0.1744327534	0.1717536216
1	0.0000000000	0.5410313096	0.0383059322	0.1912531064	0.2294096518
0	0.0961850216	0.3500761450	0.5537388271	0.0000000000	0.0000000063
1	0.0306380866	0.8402012710	0.0017457709	0.0959034191	0.0315114524
1	0.0001152021	0.6235825273	0.0000009196	0.0824995277	0.2938018233
0	0.0044399501	0.0018493639	0.0777244662	0.1774392296	0.7385469902
0	0.3840298055	0.0003426530	0.0790560876	0.4410161105	0.0955553434
0	0.3133512298	0.3280552659	0.2539096083	0.0778522689	0.0268316272
0	0.0000000425	0.3140956294	0.0491902810	0.5584836121	0.0782304351
1	0.0000000000	0.3842942678	0.0000000367	0.3430015652	0.2727041303
0	0.0000246950	0.5755680119	0.0849804929	0.3394267994	0.0000000009
0	0.0879322408	0.0020608993	0.6250973673	0.2273066541	0.0576028385
0	0.0000075793	0.0002028944	0.0000000000	0.8461411804	0.1536483459
0	0.0000001027	0.0012667165	0.0463888481	0.9523443266	0.0000000061
0	0.0000000000	0.7507275631	0.2132000653	0.0138552047	0.0222171669
1	0.0003518268	0.0262180326	0.1399459049	0.7041887731	0.1292954626
1	0.0000000000	0.5719814123	0.0115134919	0.2897518545	0.1267532413
1	0.0000000000	0.4176818932	0.0024095873	0.0003967872	0.5795117324
0	0.0095841196	0.0014315534	0.2978405000	0.6907077394	0.0004360875
1	0.0014851851	0.5488663986	0.0200377239	0.3105558528	0.1190548396
0	0.0004138844	0.0239052454	0.4070358964	0.5685902733	0.0000547006
0	0.0000000561	0.0073829857	0.0000000228	0.9925938013	0.0000231342
0	0.7209079715	0.0185069324	0.0002364434	0.0695698134	0.1907788394
0	0.0903667612	0.0152219237	0.0000000011	0.5543767137	0.3400346002
0	0.0662985358	0.0303670491	0.0010234910	0.9023109241	0.0000000000
0	0.0000000000	0.4959229676	0.0038956851	0.0103746320	0.4898067153
1	0.0886153552	0.0000000000	0.0644248544	0.8075300085	0.0394297819
0	0.0825380068	0.0253618129	0.0299196919	0.8251689965	0.0370114919
0	0.0301866618	0.5836980041	0.2246890886	0.1614151275	0.0000111180
1	0.1650309216	0.8196611586	0.0014239353	0.0138839845	0.0000000000
1	0.1808940698	0.1338297316	0.0327124128	0.3816986098	0.2708651759
0	0.0000009794	0.0000000019	0.5346246147	0.4649824389	0.0003919651
0	0.0892463618	0.0000000001	0.0007226010	0.4274792754	0.4825517617
1	0.0000000000	0.8491590460	0.0027428124	0.1331604093	0.0149377323
0	0.0000000000	0.6912833334	0.0626350595	0.2382653217	0.0078162854
1	0.0006457024	0.2101210689	0.7560298317	0.0017230051	0.0314803919
0	0.0320102198	0.1581284804	0.4913107183	0.2851082427	0.0334423388
2	0.0000000000	0.5723945986	0.4057174789	0.0086491777	0.0132387447
0	0.6847464527	0.1950972106	0.0292319846	0.0909243521	0.0000000000
2	0.0000000000	0.5755195310	0.0739522900	0.0087260885	0.3418020906
1	0.0000000000	0.0361226330	0.6840233469	0.0226813505	0.2571726696
0	0.3688110112	0.0007215976	0.0678685474	0.5020529890	0.0605458549
1	0.3154603103	0.0340020694	0.0147329551	0.6022651380	0.0335395271
0	0.0376401160	0.5907521295	0.0749817671	0.2954784734	0.0011475140
0	0.0996103109	0.2512892255	0.2801462711	0.3689541853	0.0000000073
1	0.0269614364	0.1892102974	0.7409316898	0.0215472564	0.0213493200
0	0.0809179247	0.8042530369	0.0677014748	0.0438082927	0.0033192709
0	0.0020408177	0.0759487611	0.0066146242	0.9142264492	0.0011693477
1	0.0000000000	0.0403642377	0.0025988374	0.5653947832	0.3916421416
0	0.8200457048	0.0952083032	0.0757188997	0.0062739479	0.0027531443
2	0.0000000000	0.4774174027	0.3369085982	0.0162287555	0.1694452436
0	0.0000006614	0.0000000000	0.8686401519	0.0892588243	0.0421003624
0	0.0821139022	0.0335475867	0.1543979980	0.5147186632	0.2152218500
1	0.0000000000	0.3668156768	0.2950967889	0.0849786944	0.2531088399
1	0.0024880731	0.0782919030	0.0074661765	0.1793769810	0.7323768664
0	0.0540795694	0.0000000011	0.0012844692	0.5319587704	0.4126771899
0	0.0001058142	0.9059504619	0.0429005962	0.0289274344	0.0221156933
0	0.0228993633	0.6085390980	0.1918110474	0.1767504639	0.0000000275
0	0.0048415479	0.2356889687	0.7447722624	0.0116064255	0.0030907956
