1	0.0000001438	0.0006442041	0.0006761599	0.9218833826	0.0767961096
0	0.1576093107	0.2566264739	0.2774255611	0.3079286474	0.0004100069
0	0.0000000000	0.0040353237	0.0634139421	0.2572135145	0.6753372197
0	0.0196440603	0.0967132895	0.3289232381	0.5544703149	0.0002490972
1	0.0000000009	0.2363674343	0.2053478855	0.2875452281	0.2707394513
0	0.0000000137	0.5754560278	0.0000001461	0.4245438124	0.0000000000
0	0.1101557463	0.1299498685	0.1397391807	0.4995802023	0.1205750022
0	0.0000045071	0.3793959838	0.5547936586	0.0654831937	0.0003226568
0	0.0010761934	0.5515424311	0.1323729356	0.3074080274	0.0076004124
0	0.0095145976	0.8803048724	0.0196321631	0.0823386161	0.0082097508
0	0.0312296761	0.3059894771	0.6622658256	0.0005150212	0.0000000000
0	0.0001271927	0.1712795043	0.2316943003	0.4907225868	0.1061764159
1	0.0000000000	0.9860497520	0.0128093727	0.0001042121	0.0010366633
2	0.0000000000	0.1668681614	0.0013888779	0.6844685996	0.1472743611
1	0.0000000000	0.6523361664	0.0351393769	0.1567777544	0.1557467023
0	0.5126122714	0.3715480180	0.0002959468	0.1152938966	0.0002498672
0	0.0000508126	0.0516087719	0.3196343389	0.1494578579	0.4792482187
1	0.0000000000	0.0766063680	0.5749962588	0.0802451484	0.2681522249
0	0.1073077382	0.8529705017	0.0081080252	0.0315305181	0.0000832167
1	0.0000000000	0.1105287526	0.0199610896	0.0275298011	0.8419803567
0	0.0000000052	0.6526806696	0.0036852781	0.3302647880	0.0133692591
0	0.0004443221	0.0091741191	0.0541569098	0.8578702758	0.0783543732
0	0.3432830646	0.1633270103	0.0000005021	0.3370271184	0.1563623046
1	0.0000000000	0.8803994067	0.0000040133	0.0900599824	0.0295365976
0	0.0314105577	0.0000000695	0.9432031876	0.0253861706	0.0000000146
0	0.4684667347	0.3292113554	0.1567584721	0.0224198478	0.0231435900
0	0.0497163812	0.8377074995	0.0209803729	0.0915812987	0.0000144476
1	0.0000000000	0.1669320552	0.0769519988	0.7561156807	0.0000002654
0	0.0064140803	0.0050282977	0.0729987450	0.2028153737	0.7127435033
0	0.0132689920	0.0011054785	0.8320374299	0.1523587902	0.0012293094
1	0.0001405099	0.3265018122	0.2242786024	0.0185167853	0.4305622902
1	0.0000000000	0.3145689819	0.6655875984	0.0152944606	0.0045489591
1	0.0000000000	0.1990713137	0.7372259530	0.0364081845	0.0272945487
0	0.0011164821	0.4317074226	0.4863503361	0.0271255968	0.0537001623
1	0.0178864826	0.2716651893	0.0767840767	0.6143331813	0.0193310701
0	0.1764556183	0.0394822967	0.0407481108	0.6382365328	0.1050774414
1	0.0000059195	0.9650796252	0.0112524407	0.0210975078	0.0025645068
0	0.0000013192	0.0448230848	0.0124545583	0.5900539490	0.3526670886
0	0.0000000000	0.0000000048	0.0007251787	0.9992748095	0.0000000069
1	0.0007852643	0.5186643570	0.0001333684	0.3730646573	0.1073523529
0	0.0031916302	0.1777388848	0.6584800260	0.1544867302	0.0061027288
2	0.0000000000	0.8034156477	0.1439918575	0.0490712103	0.0035212845
0	0.0000012988	0.7870314226	0.0563018390	0.1542908555	0.0023745841
0	0.7664495350	0.2131423828	0.0000025272	0.0000000000	0.0204055549
1	0.3081954782	0.0000594006	0.3751603388	0.3061212746	0.0104635078
0	0.0000023017	0.6520241351	0.0005325686	0.0185925058	0.3288484888
1	0.0566566128	0.7198954785	0.1145406684	0.0365528737	0.0723543666
0	0.1541290785	0.0198247173	0.3168648575	0.1234599622	0.3857213845
1	0.0000000000	0.0469820176	0.0000002155	0.0490416214	0.9039761456
1	0.2818503307	0.3093408030	0.2236387787	0.0002402772	0.1849298104
0	0.0000000015	0.0290061353	0.4242564395	0.0000461801	0.5466912436
0	0.0628268143	0.9371547884	0.0000036838	0.0000147135	0.0000000000
0	0.1561734588	0.0555066536	0.4714538308	0.2079531765	0.1089128803
1	0.0000000021	0.8135633509	0.0524646621	0.1339719848	0.0000000000
0	0.0002993730	0.0012869320	0.8084799534	0.0043353499	0.1855983916
0	0.5699667602	0.0602498927	0.1232425022	0.2462090648	0.0003317801
0	0.2421482565	0.0016228234	0.5554686771	0.0181811138	0.1825791292
2	0.0000000000	0.9804802925	0.0001294930	0.0084435104	0.0109467040
0	0.1165943495	0.1691350193	0.6932657140	0.0000010241	0.0210038931
0	0.1021810075	0.6384181055	0.0685477506	0.1908508025	0.0000023339
0	0.0427929263	0.9458772156	0.0112913721	0.0000268673	0.0000116187
1	0.0000000031	0.6418238428	0.0058818376	0.1446451162	0.2076492003
0	0.0641935559	0.2716505913	0.1043508185	0.5507068058	0.0090982284
1	0.0001291090	0.2573282719	0.4236138380	0.1301801115	0.1887486696
1	0.0000186754	0.0776646466	0.0144576105	0.8729938700	0.0348651976
0	0.1426760418	0.2174428933	0.3961651149	0.2365661075	0.0071498425
0	0.0000039433	0.0007537804	0.6561750262	0.1162293577	0.2268378924
1	0.0000000124	0.8717552795	0.0414158088	0.0594149596	0.0274139397
0	0.2298472402	0.6007752540	0.0000000000	0.0033491531	0.1660283527
0	0.1254241553	0.0207174211	0.3069826092	0.0246745051	0.5222013093
0	0.0599748224	0.3168919969	0.3872814722	0.2357359443	0.0001157642
0	0.0687816573	0.6278626340	0.0203263355	0.2830293733	0.0000000000
0	0.3453200524	0.4684966355	0.0627140053	0.0652960980	0.0581732089
1	0.0000000000	0.1977224422	0.7582242067	0.0045217307	0.0395316205
1	0.0000000000	0.1971102398	0.1818466443	0.6002035173	0.0208395986
0	0.8202382636	0.0548525621	0.0628743710	0.0050550454	0.0569797578
1	0.0001058219	0.9768532163	0.0000000000	0.0230408945	0.0000000673
0	0.3165106201	0.4976613875	0.0044581881	0.1774608691	0.0039089353
1	0.0000000000	0.1359534095	0.0017950687	0.8496964953	0.0125550265
0	0.0099875349	0.3639834987	0.0603353493	0.4642505543	0.1014430628
0	0.0218512535	0.1038953543	0.5019192729	0.3721976278	0.0001364915
0	0.0208315303	0.7559350138	0.1367296185	0.0430796688	0.0434241686
0	0.0295305637	0.2961464803	0.3776039337	0.2967151218	0.0000039005
1	0.0000000000	0.0202449211	0.0568230717	0.6942525662	0.2286794410
0	0.0095183383	0.7452031812	0.0832291361	0.0986697466	0.0633795977
0	0.0081288055	0.5252934557	0.0001638928	0.3604469424	0.1059669035
0	0.0018699347	0.1252409059	0.0009121525	0.8718879086	0.0000890983
0	0.0768468983	0.0756184072	0.8162494629	0.0268628445	0.0044223871
1	0.0000000003	0.0073538060	0.0391200339	0.7619100171	0.1916161427
0	0.0000000000	0.9755751767	0.0074965083	0.0169282557	0.0000000593
1	0.0000000000	0.0000116047	0.2592044487	0.7407108838	0.0000730628
0	0.0898543645	0.5146120437	0.0002665059	0.1986808855	0.1965862004
2	0.0000000000	0.0989079494	0.0911817880	0.2670485108	0.5428617519
0	0.0498590166	0.2175213718	0.0043340384	0.5315894725	0.1966961007
0	0.3166529066	0.1101114387	0.0000000627	0.3140588292	0.2591767628
1	0.0000000000	0.3068127108	0.6355415846	0.0566379989	0.0010077058
1	0.0000000000	0.4168676422	0.2389015806	0.2700875474	0.0741432297
0	0.2194217962	0.2184706928	0.0231935272	0.5360717161	0.0028422677
0	0.0000072800	0.0279151109	0.0219985937	0.7860345608	0.1640444545
0	0.0000000000	0.2976403075	0.0000004455	0.0474112760	0.6549479709
