0	0.0105357488	0.2104761042	0.0194175305	0.3857292877	0.3738413288
1	0.0000000000	0.0000054405	0.6732450110	0.3095156209	0.0172339276
0	0.0003236793	0.0000364722	0.7722754443	0.0017597352	0.2256046690
0	0.2421773981	0.5369991392	0.2114628277	0.0093604817	0.0000001534
0	0.0541944689	0.9231414314	0.0040820407	0.0185786107	0.0000034482
1	0.0210098465	0.0378250177	0.0409710987	0.0163225256	0.8838715115
1	0.0000000000	0.0482378796	0.7321328256	0.2195232775	0.0001060173
0	0.5656145223	0.1565431745	0.2258060557	0.0016480452	0.0503882024
0	0.0000000000	0.5940109637	0.0050810504	0.2896150664	0.1112929195
1	0.0000000000	0.0277329351	0.0078665675	0.4997604971	0.4646400003
1	0.0000448008	0.7634882715	0.0130244346	0.0579128601	0.1655296330
1	0.0005080346	0.4487398009	0.0588288150	0.0179510860	0.4739722635
0	0.1099374345	0.0000000154	0.0000001585	0.8854551786	0.0046072131
1	0.0003128761	0.0038372547	0.1442308477	0.5219607300	0.3296582914
0	0.1030109909	0.0530105033	0.0030564781	0.2124972712	0.6284247566
0	0.0782432059	0.6629056382	0.0052654175	0.2535857383	0.0000000000
0	0.2156586631	0.1138301542	0.0137997194	0.6510468210	0.0056646423
0	0.0543065017	0.6655501290	0.2505618137	0.0209526061	0.0086289495
0	0.1310157362	0.4032476772	0.4009463818	0.0639155156	0.0008746892
0	0.1657346306	0.7533255373	0.0583794121	0.0142586696	0.0083017504
0	0.2487690562	0.1145682100	0.0000000000	0.0011750506	0.6354876831
0	0.6450879930	0.1151867532	0.0318506752	0.1468213756	0.0610532029
1	0.0000000706	0.3152850656	0.0936790788	0.5732591984	0.0177765866
0	0.2165275874	0.4867593662	0.0223586757	0.0776647147	0.1966896560
1	0.0000000000	0.0673688469	0.0022649856	0.0027321809	0.9276339866
2	0.0000000000	0.2152163861	0.0139818742	0.6952774041	0.0755243356
0	0.2492346994	0.0672219040	0.0018262393	0.3596143720	0.3221027853
0	0.0552091887	0.1677558684	0.5459871771	0.0416211367	0.1894266291
0	0.0000000000	0.0000000000	0.0830414303	0.8765515689	0.0404070007
1	0.0088834048	0.0620851405	0.0106672772	0.8321056022	0.0862585754
2	0.0022009492	0.8066355849	0.0172241092	0.0001213139	0.1738180428
0	0.8898025048	0.0000001093	0.0541535101	0.0398043248	0.0162395511
0	0.0287507842	0.4167671912	0.3494218035	0.1803597273	0.0247004938
0	0.0190413445	0.0743531519	0.3407449130	0.3909783626	0.1748822280
0	0.4042172248	0.1748179504	0.2936945777	0.1272702471	0.0000000000
0	0.0087125794	0.5340592660	0.4177294947	0.0356519527	0.0038467073
1	0.0000000000	0.9916478048	0.0027732859	0.0030682586	0.0025106506
0	0.1379672841	0.5977257064	0.0004817806	0.2626841425	0.0011410864
0	0.0000000000	0.2611432833	0.3244660859	0.4138075924	0.0005830384
1	0.0000000000	0.3327751929	0.0956935767	0.4587739843	0.1127572460
1	0.2088179080	0.0000000000	0.2685907248	0.5113034081	0.0112879590
0	0.0388765198	0.0156736428	0.2965818342	0.6200376141	0.0288303891
0	0.2009850492	0.3409714590	0.0537232683	0.3216016728	0.0827185506
0	0.0000046841	0.9902864463	0.0060231271	0.0000058812	0.0036798614
1	0.0000000000	0.0090503123	0.0183903866	0.9725578999	0.0000014011
0	0.0023971715	0.9247364299	0.0728653359	0.0000010627	0.0000000000
0	0.0072293417	0.4407474100	0.0007306649	0.5473973104	0.0038952730
0	0.0000013935	0.0000076847	0.9464621633	0.0437085547	0.0098202038
1	0.0002111292	0.6067249333	0.2215424899	0.0459528591	0.1255685885
0	0.0000031769	0.0551949746	0.6410836571	0.3037153219	0.0000028695
0	0.0000000128	0.3767982087	0.5008979414	0.1222947993	0.0000090378
0	0.3123694319	0.4828092921	0.0027034398	0.1521395597	0.0499782765
0	0.0000033485	0.0629520148	0.1173509461	0.7402488186	0.0794448719
0	0.0000009390	0.4320128901	0.0812849911	0.4849884171	0.0017127627
0	0.0000000000	0.0086535113	0.9383350011	0.0377568619	0.0152546258
0	0.0146730495	0.9847823085	0.0000004000	0.0005412741	0.0000029679
0	0.8923505175	0.0143072790	0.0227931628	0.0070913007	0.0634577400
1	0.0001154036	0.9923619974	0.0008257979	0.0065367940	0.0001600070
0	0.0004969965	0.8524309610	0.0471545422	0.0956748626	0.0042426378
0	0.2134322562	0.0018509854	0.0119351921	0.7462174347	0.0265641317
1	0.1019602633	0.3766553414	0.2960434228	0.1720141140	0.0533268585
0	0.0046858110	0.5190343916	0.3191811814	0.0828235317	0.0742750844
1	0.0000000000	0.0000087699	0.1412957017	0.8525879599	0.0061075684
1	0.0000487176	0.4887072964	0.3353317456	0.1735790829	0.0023331575
0	0.0133654757	0.8806073239	0.0073985721	0.0437818071	0.0548468212
1	0.0000009899	0.5641765494	0.4031284971	0.0287931112	0.0039008524
0	0.0000000000	0.1573485261	0.2385401157	0.3330465392	0.2710648190
0	0.2638362281	0.0025521793	0.7327367951	0.0000000041	0.0008747934
0	0.4460163837	0.1225678255	0.0302907967	0.2340685785	0.1670564156
1	0.0000147870	0.0373344419	0.1746115738	0.3971841489	0.3908550484
0	0.0745285295	0.2825520803	0.6374492752	0.0017205592	0.0037495558
1	0.0000000000	0.0000000000	0.0143620426	0.8947919890	0.0908459684
0	0.0010572196	0.7807750664	0.0705881164	0.0557371113	0.0918424862
0	0.4524602391	0.0000000000	0.0296114905	0.2899938093	0.2279344610
0	0.0359671194	0.3618202936	0.0000000073	0.5218328632	0.0803797165
1	0.0025629940	0.6087207056	0.0135512363	0.1817156892	0.1934493749
0	0.2180829302	0.6202540569	0.0709000486	0.0907629643	0.0000000000
1	0.0007429310	0.4386541085	0.3311732138	0.2292314607	0.0001982859
0	0.0000479146	0.5172888241	0.2059527150	0.2767105463	0.0000000000
1	0.1196647905	0.8005855212	0.0109987496	0.0684789101	0.0002720286
0	0.0000000000	0.9379426386	0.0620573613	0.0000000000	0.0000000000
0	0.0000000620	0.1422028029	0.2093987715	0.6332341569	0.0151642068
0	0.0070469473	0.6681295080	0.1074475307	0.1514800308	0.0658959833
1	0.0000101063	0.8136966014	0.0178914891	0.1040323479	0.0643694553
0	0.9486109033	0.0000810985	0.0005476390	0.0144524156	0.0363079436
0	0.0000000299	0.8694276159	0.0708112475	0.0597611051	0.0000000016
0	0.0304592440	0.7856222620	0.1484396365	0.0354640381	0.0000148194
1	0.0000000000	0.3186734790	0.0704203107	0.0641156809	0.5467905294
1	0.0000000000	0.2073557155	0.2067645514	0.4395158467	0.1463638863
1	0.0000149003	0.0154435721	0.2604492036	0.6934759604	0.0306163635
0	0.0290315370	0.0093680005	0.0000043914	0.9198917396	0.0417043314
0	0.0000004574	0.1314392154	0.5258661106	0.3306868252	0.0120073914
1	0.0000000000	0.4358312088	0.3198751300	0.0253501912	0.2189434700
0	0.0009993868	0.4520142519	0.1862979665	0.3228686782	0.0378197165
0	0.0000000002	0.0845779860	0.8827444211	0.0004267719	0.0322508208
0	0.9560515738	0.0304616770	0.0001135153	0.0130169822	0.0003562517
1	0.0305673326	0.0784466571	0.0542579510	0.2116249320	0.6251031273
0	0.0077308662	0.3324156933	0.3490827068	0.3069266766	0.0038440571
0	0.0466285900	0.0000984647	0.0209135895	0.9319506983	0.0004086576
1	0.0000017941	0.8283626265	0.0364045370	0.0735132492	0.0617177933
