1	0.0000000000	0.9581067949	0.0000000616	0.0271412782	0.0147518653
0	0.2206962079	0.0675896057	0.6781274720	0.0300196290	0.0035670855
0	0.0138600168	0.3266350402	0.2064958414	0.4521640774	0.0008450242
0	0.0783657820	0.3675914909	0.4031926774	0.1504134751	0.0004365747
0	0.0002422523	0.2897271491	0.5353507589	0.0084350759	0.1662447638
1	0.0000000000	0.3759230153	0.0000000000	0.3422476111	0.2818293736
1	0.0503146193	0.1714325095	0.2718722688	0.4996991197	0.0066814827
0	0.0001083666	0.0000017788	0.7284159035	0.0598028173	0.2116711337
1	0.0017247729	0.9514331685	0.0157299498	0.0269743630	0.0041377458
1	0.0000000000	0.0236052634	0.1055855511	0.8401420879	0.0306670976
1	0.0516252548	0.6691806830	0.2206480038	0.0000119677	0.0585340907
0	0.1033889221	0.1195822468	0.0055120080	0.0263753000	0.7451415231
0	0.6972156022	0.0002143899	0.0003054955	0.2443201952	0.0579443172
0	0.0937301340	0.0000004892	0.4640416597	0.4422277171	0.0000000000
1	0.0000000000	0.0239419064	0.1986235858	0.2298338244	0.5476006835
0	0.0002145140	0.0071029885	0.8713557671	0.1211905283	0.0001362021
2	0.0000000000	0.1879772784	0.0007095877	0.0113932665	0.7999198674
0	0.2662934122	0.1895189535	0.2086278963	0.3289676559	0.0065920822
0	0.0000000260	0.0324537285	0.7033676598	0.2641755289	0.0000030567
0	0.1646908306	0.0006753003	0.5265686407	0.2919572120	0.0161080164
0	0.0405167326	0.2607967397	0.3006198254	0.3976492628	0.0004174396
0	0.0764927336	0.0891664469	0.0000000000	0.8342916449	0.0000491746
0	0.7384522485	0.0308875287	0.0256848920	0.2049326052	0.0000427256
1	0.0017589904	0.1667926358	0.6236535001	0.1782321875	0.0295626862
0	0.0010843483	0.5958249311	0.0790361447	0.2960818528	0.0279727231
0	0.0000902122	0.0123462176	0.0000029096	0.9549843233	0.0325763372
0	0.0005728706	0.3861629630	0.0000000367	0.0068316607	0.6064324690
0	0.0105945189	0.2863030749	0.7031024060	0.0000000000	0.0000000001
1	0.0000000000	0.4750850945	0.1153793255	0.2817486614	0.1277869186
0	0.0033484868	0.9655944958	0.0259975759	0.0050594413	0.0000000003
1	0.0000000000	0.0054819191	0.5108260449	0.4023575504	0.0813344856
1	0.0109309624	0.5718040162	0.1277518923	0.2270955564	0.0624175728
1	0.0000000000	0.2803905306	0.0005922116	0.7190172577	0.0000000001
0	0.0000000000	0.8440539239	0.1540895836	0.0000202309	0.0018362615
0	0.2798165201	0.3457480545	0.0137630148	0.2073514119	0.1533209987
0	0.0000000001	0.5571263022	0.1071022053	0.3357624218	0.0000090707
0	0.2784358975	0.0496397112	0.4702583356	0.0016247350	0.2000413206
0	0.0104567027	0.1026011338	0.0102991959	0.8766362953	0.0000066723
0	0.0153571075	0.2006888025	0.0183263850	0.1603246544	0.6053030507
0	0.6694962900	0.0887603913	0.0714124144	0.1703305059	0.0000003983
0	0.0005646562	0.8136553725	0.0295143703	0.1562654859	0.0000001151
0	0.0033602487	0.0235154869	0.0072293561	0.9472098788	0.0186850295
1	0.0000000057	0.4737529820	0.1076263104	0.4151123431	0.0035083589
1	0.0010056253	0.2202221967	0.0666333326	0.3306090690	0.3815297764
0	0.0003231811	0.5330687437	0.0692338695	0.3826827426	0.0146914631
1	0.0000000000	0.0237792187	0.8470617622	0.0005316508	0.1286273682
0	0.0395458968	0.0482383433	0.0030629560	0.9091018666	0.0000509373
2	0.0000000000	0.0490614135	0.0000003783	0.1158143307	0.8351238775
0	0.1010371277	0.0727349294	0.0394578762	0.7867700667	0.0000000000
0	0.0346876825	0.8944047742	0.0015954652	0.0693120782	0.0000000000
0	0.1038388057	0.1847858583	0.1663416736	0.5450336624	0.0000000000
1	0.0034863047	0.6701950785	0.0889201348	0.2026886657	0.0347098162
0	0.2309942362	0.0836103255	0.0000000000	0.4642671449	0.2211282933
0	0.1952842557	0.0199285928	0.5334798023	0.0843830155	0.1669243337
1	0.0021544817	0.9901956157	0.0000000000	0.0000069651	0.0076429376
1	0.3297329510	0.1615573213	0.0808925662	0.2910848230	0.1367323385
0	0.0038168567	0.7382142750	0.0173615768	0.2406072915	0.0000000000
0	0.0000002175	0.1794235843	0.7580741378	0.0205528919	0.0419491685
0	0.2151617730	0.1751736717	0.4990273864	0.1106371551	0.0000000138
0	0.0000000000	0.3383041989	0.3646429006	0.2970526882	0.0000002123
1	0.0000000000	0.2962360806	0.3301675965	0.3654995898	0.0080967331
0	0.0282614690	0.9113844554	0.0242748527	0.0147432415	0.0213359814
0	0.2846929513	0.5669508785	0.0000000000	0.1165337126	0.0318224575
2	0.0000000000	0.8628783337	0.0104286945	0.0958091324	0.0308838394
0	0.0010797791	0.1548871559	0.1252442577	0.7177970870	0.0009917203
0	0.4078659096	0.0110697735	0.0778252269	0.4969019803	0.0063371097
0	0.0000000000	0.0414846354	0.0000019578	0.8472686989	0.1112447079
0	0.0000000187	0.7491795406	0.2508068619	0.0000135788	0.0000000000
1	0.0000002767	0.0704452673	0.1917438309	0.6003593480	0.1374512771
1	0.0000000000	0.0453700048	0.3009740448	0.5879122203	0.0657437301
0	0.0291114158	0.0060744844	0.9399651865	0.0117684753	0.0130804381
1	0.0000314246	0.8780171321	0.0983932117	0.0157993424	0.0077588892
0	0.0004568694	0.0580961782	0.0000965834	0.9413479416	0.0000024274
0	0.0000000003	0.6962562324	0.0485875447	0.2435557780	0.0116004446
0	0.4396262169	0.2805210042	0.0064516385	0.2693467990	0.0040543413
1	0.0003520407	0.0995930503	0.0739193923	0.0006577575	0.8254777592
1	0.0000000000	0.0197622758	0.2861180506	0.0162509781	0.6778686956
0	0.0348607932	0.6812804720	0.0000304708	0.0548367574	0.2289915067
0	0.0674081427	0.0033400305	0.7325000415	0.1524370586	0.0443147267
1	0.0000000000	0.1032726606	0.3374611780	0.1261785490	0.4330876123
0	0.0000129695	0.4177226651	0.0006035974	0.2249820414	0.3566787265
0	0.0005251021	0.0196054449	0.0288199433	0.2843859051	0.6666636046
1	0.0000013847	0.0365984970	0.0000050633	0.9633746047	0.0000204503
0	0.2256899339	0.2797106772	0.4909933742	0.0036060144	0.0000000002
0	0.8128015362	0.0743794690	0.0361483922	0.0056169113	0.0710536913
1	0.0000000000	0.4160178604	0.3076393256	0.1896315591	0.0867112549
0	0.0000000000	0.0661492756	0.0004140376	0.2116419913	0.7217946955
0	0.4889607918	0.0038116784	0.4091981511	0.0000583729	0.0979710058
0	0.0000000000	0.0129462447	0.0000000000	0.0000260943	0.9870276609
0	0.7194893778	0.0054354277	0.0191773943	0.2554992322	0.0003985680
0	0.0114728922	0.9827180473	0.0000000000	0.0049183464	0.0008907140
0	0.0000000000	0.0076794007	0.0005426104	0.5905157577	0.4012622312
0	0.0000000000	0.8288551487	0.0010547927	0.0253021431	0.1447879155
0	0.0381882991	0.1103309745	0.0135553329	0.8379253935	0.0000000000
0	0.0000026088	0.5251598656	0.0779929934	0.0007879529	0.3960565792
0	0.0336160888	0.9362546377	0.0301270739	0.0000021005	0.0000000991
0	0.0000001319	0.9998437952	0.0000000403	0.0000000000	0.0001560326
0	0.3922054029	0.2355151761	0.0000000000	0.3030374596	0.0692419614
1	0.0031504185	0.0510512857	0.0628236208	0.0219256479	0.8610490271
0	0.0000000000	0.5941886198	0.0468350338	0.3589138157	0.0000625307
