1	0.0000000000	0.5706943635	0.1204129158	0.3088927206	0.0000000000
1	0.0000000003	0.9389062903	0.0000000009	0.0608632847	0.0002304239
0	0.2967398968	0.0846456018	0.0000000657	0.0000000000	0.6186144356
0	0.9257688075	0.0373538293	0.0368773589	0.0000000044	0.0000000000
2	0.0000000000	0.4191189736	0.2727141533	0.1510330255	0.1571338476
0	0.0010343541	0.0047905161	0.2642270464	0.7250430839	0.0049049994
0	0.0075558249	0.0129762332	0.7608424102	0.0436908446	0.1749346870
0	0.0044254668	0.8872461315	0.0597298988	0.0485984645	0.0000000385
0	0.0282558956	0.5625164175	0.2870669469	0.0004875472	0.1216731928
1	0.3325032662	0.3725745869	0.0000000000	0.2686274051	0.0262947417
0	0.0000000000	0.1226432782	0.0325925753	0.4944993302	0.3502648163
0	0.6208607164	0.1636338235	0.0149104423	0.1961610618	0.0044339560
0	0.0000292395	0.6351071872	0.0077129485	0.3571503118	0.0000003130
1	0.0000000000	0.3336068104	0.1751985116	0.4896795909	0.0015150872
0	0.1652522975	0.0000637697	0.7771392583	0.0575188538	0.0000258207
0	0.2260736047	0.1263364612	0.0744714822	0.5717230038	0.0013954481
0	0.0897557779	0.0000000000	0.1429323793	0.5424318452	0.2248799975
1	0.0002070217	0.0743295788	0.0139181175	0.8639324025	0.0476128796
0	0.0028121141	0.6371248930	0.3589240570	0.0004024430	0.0007364929
0	0.0004648918	0.8208996993	0.1478925947	0.0000000000	0.0307428142
0	0.0893379114	0.0076205848	0.7475817343	0.1290224765	0.0264372930
1	0.0000000000	0.0010618416	0.4523044969	0.5464388742	0.0001947873
0	0.0888495521	0.0436586956	0.8625112500	0.0001739701	0.0048065321
1	0.0068971194	0.0618114042	0.0454859994	0.8793248965	0.0064805805
1	0.0000000000	0.9784467499	0.0000084993	0.0058668867	0.0156778641
0	0.0221721871	0.7412915506	0.0172529136	0.2147054558	0.0045778929
0	0.2910448172	0.2301401750	0.2767686662	0.2020461947	0.0000001469
2	0.0000000000	0.1101704936	0.0129569437	0.0030173560	0.8738552067
1	0.0000000000	0.0000005613	0.4187738837	0.2292134272	0.3520121278
1	0.0000000021	0.5627833346	0.0073784784	0.4250548743	0.0047833105
2	0.0000000000	0.1882048722	0.2154457134	0.0075292944	0.5888201200
1	0.0000003142	0.9587809629	0.0028106696	0.0376748228	0.0007332305
0	0.0520473807	0.6502607348	0.0932187285	0.1887732836	0.0156998724
0	0.0000011952	0.1028474252	0.1194149756	0.0023481295	0.7753882745
0	0.0956779214	0.0000027842	0.0215241167	0.8827951777	0.0000000000
1	0.0000000000	0.0068535009	0.3612958566	0.0009061450	0.6309444975
0	0.0019910283	0.7726505191	0.1657604369	0.0270191538	0.0325788619
0	0.0238822620	0.0064418602	0.1902279417	0.7794479361	0.0000000000
0	0.2522064685	0.1131092771	0.2118973808	0.4223141914	0.0004726823
0	0.0099666926	0.0000511047	0.0250603631	0.9473243975	0.0175974421
1	0.0000000071	0.7703383505	0.0627544934	0.1503374452	0.0165697037
1	0.0000030143	0.0000000004	0.0014617115	0.4800290418	0.5185062319
1	0.0000006134	0.5691898734	0.0958227370	0.1518949501	0.1830918261
1	0.0000021868	0.9410766352	0.0000021588	0.0002451369	0.0586738823
0	0.3646671517	0.0946879191	0.1907373224	0.2973263925	0.0525812142
1	0.0000000000	0.7087778256	0.0001687602	0.0307198310	0.2603335832
1	0.0000000000	0.4871239986	0.0000000286	0.2773704633	0.2355055094
0	0.0305495362	0.1949700814	0.7723162655	0.0015097035	0.0006544134
0	0.7128129007	0.1242396965	0.0223293795	0.1373373159	0.0032807074
0	0.5903389753	0.2062029566	0.0591387998	0.1443165596	0.0000027088
0	0.0000000000	0.0022847392	0.7350570903	0.2622743909	0.0003837795
0	0.0001120132	0.0748758377	0.1931723652	0.5740287903	0.1578109935
0	0.0612009156	0.7485505631	0.0000000000	0.1503002930	0.0399482283
0	0.9337962155	0.0000892076	0.0661107224	0.0000000060	0.0000038484
0	0.0000058498	0.0421717776	0.0208055216	0.9370168500	0.0000000011
1	0.0000000000	0.0288102206	0.1696408722	0.8010746460	0.0004742612
2	0.0000000000	0.2111894348	0.0023842192	0.0829889699	0.7034373761
1	0.0203565231	0.6011546035	0.0099806011	0.0751651680	0.2933431043
1	0.0042573645	0.8647261257	0.0000000000	0.0569231522	0.0740933576
0	0.0767121038	0.0378250153	0.3006962324	0.3169007628	0.2678658857
2	0.0000000000	0.0564135970	0.0057681943	0.8023206862	0.1354975225
0	0.0000012841	0.0900871212	0.5266623821	0.3003449200	0.0829042925
0	0.0384649147	0.6958681092	0.2372571234	0.0284098527	0.0000000000
0	0.0160095679	0.9145696187	0.0688634818	0.0002572477	0.0003000839
0	0.8202621314	0.0859749846	0.0822579260	0.0114733122	0.0000316457
0	0.1760143468	0.5405513788	0.0124347578	0.2649865999	0.0060129166
1	0.0005730129	0.3158990713	0.0125679453	0.6688909227	0.0020690477
0	0.0000000008	0.8559953096	0.0110164788	0.0470151029	0.0859731080
0	0.0000000194	0.8809993882	0.0005862087	0.1170304974	0.0013838864
0	0.0000289699	0.4721581566	0.5278050390	0.0000078344	0.0000000000
0	0.0207043407	0.6685850894	0.2653058810	0.0337835768	0.0116211122
0	0.0258400927	0.1303118682	0.3032325526	0.5384059909	0.0022094956
1	0.0000000000	0.5118542552	0.0076427734	0.4773321130	0.0031708584
0	0.0000012036	0.4705919318	0.2397756075	0.0004420211	0.2891892361
0	0.0474440463	0.6304375633	0.0000000139	0.1358846216	0.1862337550
0	0.0990291831	0.8600506988	0.0000000000	0.0313912504	0.0095288677
0	0.0069604113	0.9771324601	0.0159057806	0.0000013480	0.0000000000
0	0.0373771239	0.4323235984	0.3367336799	0.0399986794	0.1535669184
1	0.0000000044	0.4332353350	0.0423276767	0.0622762653	0.4621607186
0	0.0191252510	0.4529252213	0.0011919017	0.1421690600	0.3845885660
0	0.0176072426	0.0377587373	0.8129793186	0.1309807217	0.0006739797
1	0.0000000000	0.2494352819	0.6813309392	0.0594613579	0.0097724210
1	0.0020676493	0.1806706395	0.6002932267	0.1946342835	0.0223342009
1	0.0000000001	0.1611767840	0.3752908085	0.4083076979	0.0552247094
0	0.0000000000	0.0807094157	0.0137523428	0.6198799596	0.2856582818
0	0.0004928504	0.5351691660	0.3102727046	0.1348767688	0.0191885102
1	0.0018377588	0.7481295322	0.0601271637	0.1895750819	0.0003304635
1	0.0000000000	0.8741761168	0.0126890913	0.0012004451	0.1119343468
0	0.4064099404	0.0998651526	0.2933331936	0.1807618174	0.0196298959
0	0.0000000099	0.4801452100	0.0831001264	0.4367543042	0.0000003496
0	0.6514048659	0.1044036005	0.0459846216	0.1604748938	0.0377320183
1	0.0000000000	0.7994753207	0.0303531329	0.0759865192	0.0941850272
0	0.0333331946	0.0709887841	0.0001010634	0.8955476856	0.0000292724
0	0.0596193297	0.0000000001	0.1183020473	0.8220786229	0.0000000000
0	0.0022783144	0.9782762500	0.0133463416	0.0007113426	0.0053877514
1	0.0000000001	0.5356055440	0.3155761885	0.1488180931	0.0000001743
0	0.0000001770	0.0719150935	0.9109667405	0.0081552996	0.0089626894
1	0.0000000000	0.2083390141	0.0019288343	0.7031976233	0.0865345283
1	0.0206374541	0.7635393521	0.0006018316	0.0822519639	0.1329693983
0	0.0053661951	0.8411020798	0.0085601248	0.0068136185	0.1381579817
