1	0.0000000000	0.0174110745	0.0220325331	0.9062075275	0.0543488649
1	0.0445020857	0.0608959477	0.0773354757	0.3997405446	0.4175259463
2	0.0000003254	0.0095651011	0.0111882564	0.9789601921	0.0002861250
0	0.1366151354	0.2796817117	0.5158839092	0.0674000260	0.0004192177
0	0.0287545616	0.9430006289	0.0213013711	0.0055266710	0.0014167674
0	0.0000000000	0.0428496643	0.0000000000	0.9571500457	0.0000002899
0	0.0043026775	0.9803191496	0.0153634252	0.0000000000	0.0000147477
0	0.4379655850	0.1382179123	0.1389294151	0.2848870875	0.0000000001
0	0.4309404887	0.0091826359	0.5597380275	0.0000001654	0.0001386825
0	0.0000203523	0.3032563549	0.0421451120	0.5996858312	0.0548923496
0	0.0000000000	0.4069646633	0.5514039045	0.0000026928	0.0416287394
0	0.0099011807	0.5345271548	0.1130668590	0.0065391095	0.3359656961
0	0.0000000000	0.0690185538	0.3995135160	0.2048154019	0.3266525283
0	0.0226251959	0.9473055799	0.0142692623	0.0157999619	0.0000000000
1	0.0000000000	0.6677817032	0.0234175583	0.1187021218	0.1900986167
0	0.0000000576	0.5811693698	0.0980226020	0.3207529199	0.0000550507
0	0.0001129961	0.4358791085	0.0049386216	0.5018522480	0.0572170258
0	0.2158679738	0.6285245788	0.0000415906	0.0868691380	0.0686967189
0	0.0762963267	0.5990281180	0.1407231399	0.1770896913	0.0068627241
0	0.0005369026	0.5972426105	0.2044212198	0.1976987896	0.0001004776
0	0.0391159742	0.1700295113	0.0000294143	0.5536015136	0.2372235865
0	0.3687485182	0.0000008063	0.4811396203	0.1175695409	0.0325415143
0	0.0000303860	0.0005521527	0.0003954808	0.5623483378	0.4366736427
0	0.0073364797	0.8602218063	0.0000189424	0.1324227717	0.0000000000
0	0.0069857788	0.8262366287	0.1065554898	0.0592962125	0.0009258902
1	0.0000031353	0.4645684416	0.0536317538	0.1806569594	0.3011397100
0	0.0351039638	0.7701483180	0.0106106712	0.0895520807	0.0945849663
0	0.2659798704	0.7173120975	0.0094604966	0.0070899492	0.0001575864
0	0.0692864793	0.0553874928	0.0082167939	0.8311202490	0.0359889850
1	0.0000000000	0.4437996052	0.0187373674	0.2275682663	0.3098947610
0	0.0759785151	0.3929662343	0.2862404956	0.0979140766	0.1469006784
0	0.0317997061	0.1407681085	0.3998516056	0.1228363209	0.3047442588
0	0.0098270738	0.9899887563	0.0000009023	0.0001832676	0.0000000000
0	0.0204586274	0.0879505639	0.0307598840	0.8608309096	0.0000000151
2	0.0000000046	0.0502034867	0.0352563281	0.2329208877	0.6816192929
0	0.2305028856	0.0325086896	0.2086921651	0.3434340237	0.1848622360
1	0.0038698615	0.5202187400	0.1060365010	0.0511168943	0.3187580031
0	0.0000017916	0.9066634642	0.0830854005	0.0089207927	0.0013285510
0	0.0243881960	0.1241007507	0.1437119278	0.7034877982	0.0043113272
1	0.0000000000	0.1011893145	0.6551972958	0.2415359018	0.0020774878
1	0.0171316035	0.8440452710	0.0501217510	0.0831650210	0.0055363535
1	0.0212456759	0.5972473215	0.0692714517	0.1882668648	0.1239686861
1	0.0000000000	0.1928621103	0.1448236685	0.0349080886	0.6274061327
1	0.0026780749	0.8183214318	0.1202148182	0.0322605404	0.0265251347
0	0.0679611544	0.0007173824	0.7494990638	0.1817458167	0.0000765826
0	0.0000000000	0.9756292857	0.0000002117	0.0180111487	0.0063593539
0	0.0015505777	0.0406161032	0.0008156817	0.8660682997	0.0909493376
1	0.0000000000	0.6611420333	0.1106229849	0.1138043226	0.1144306592
1	0.0000000000	0.1115611326	0.0683839870	0.8200548762	0.0000000042
0	0.0017217344	0.8400987160	0.0405410292	0.1036936685	0.0139448518
0	0.0052930756	0.0406459476	0.0048399493	0.8896064958	0.0596145317
1	0.0012027644	0.0716712536	0.0046205651	0.8827202100	0.0397852069
0	0.0394412987	0.6652906384	0.2562077685	0.0236341194	0.0154261749
0	0.0158184386	0.4906098910	0.0121175123	0.4629086665	0.0185454917
0	0.2196555508	0.0144876562	0.1268108193	0.6390459737	0.0000000000
0	0.0037815983	0.8386316741	0.0893583037	0.0593522704	0.0088761535
0	0.0015952012	0.8485693245	0.0184116133	0.1314238144	0.0000000467
0	0.0000000000	0.1685807844	0.0644352660	0.4830387336	0.2839452159
0	0.0020082542	0.1971324900	0.0002238044	0.0326448976	0.7679905538
0	0.0000000000	0.0723095480	0.7618500123	0.1658404005	0.0000000391
1	0.0000000000	0.9433536312	0.0045271261	0.0465195956	0.0055996470
2	0.0000000004	0.1901738319	0.1394985847	0.3524357747	0.3178918082
0	0.0000746003	0.0220855303	0.0101529365	0.1707881836	0.7968987493
0	0.2554583391	0.4699780749	0.0640861919	0.2080732546	0.0024041395
0	0.0000000002	0.5422518910	0.0096681331	0.2572955394	0.1907844363
2	0.0000000000	0.7175659977	0.1658321178	0.0199920175	0.0966098670
0	0.0583877908	0.1937123984	0.2600215089	0.4818535910	0.0060247110
0	0.1166386746	0.2741741306	0.4923358827	0.1168513121	0.0000000000
1	0.0000000006	0.2176570392	0.0285988137	0.6514291156	0.1023150308
0	0.7266507878	0.1636592254	0.0022850603	0.1001673501	0.0072375763
1	0.0804250543	0.2605475883	0.0195181723	0.5566144125	0.0828947726
1	0.0000052719	0.7340285797	0.0376496616	0.1678821047	0.0604343821
1	0.0001052147	0.0223790938	0.0061606752	0.0466756847	0.9246793316
0	0.1312821654	0.6896508067	0.0106174952	0.1683638589	0.0000856738
1	0.0000000000	0.9113961483	0.0846488978	0.0039541393	0.0000008146
0	0.3740657516	0.1991306907	0.0852111258	0.3400313977	0.0015610343
1	0.0000000000	0.0008771582	0.9973908981	0.0015825940	0.0001493496
0	0.0005711133	0.7363981352	0.1753719408	0.0778358189	0.0098229917
0	0.0271283953	0.0642130162	0.0348601969	0.8723616176	0.0014367739
0	0.1982860958	0.1051080810	0.5881203338	0.1056166800	0.0028688094
2	0.0000000000	0.1465447561	0.0000132500	0.0077253233	0.8457166705
1	0.0048267710	0.3470771476	0.1662448205	0.1598617411	0.3219895198
0	0.0074606545	0.8649150850	0.0145794385	0.1130448219	0.0000000000
1	0.0000000000	0.0109524705	0.0402059870	0.9488415411	0.0000000014
0	0.0398503088	0.0001216240	0.6534297375	0.0151917076	0.2914066222
1	0.0000000000	0.0705355169	0.3807086970	0.3010978898	0.2476578963
0	0.0014358761	0.4178699450	0.0730624114	0.4969088958	0.0107228716
0	0.0000000000	0.0621179449	0.7601662954	0.1769627405	0.0007530192
0	0.0652558895	0.2000998221	0.5476699522	0.1861059011	0.0008684351
0	0.0000000000	0.1254156845	0.5122688260	0.3621936546	0.0001218349
0	0.0194722220	0.8995493730	0.0027072494	0.0710668942	0.0072042615
0	0.0005844628	0.8782829624	0.1211325450	0.0000000284	0.0000000014
1	0.0004642855	0.2949796542	0.0136298474	0.5865280234	0.1043981895
0	0.5301744145	0.0013370853	0.0038679997	0.4583066126	0.0063138878
1	0.0000000000	0.0218069270	0.0106411972	0.7239202129	0.2436316629
0	0.0700711679	0.6042412101	0.2834258990	0.0000245561	0.0422371668
0	0.4178868829	0.4528083747	0.0343236973	0.0838926801	0.0110883650
0	0.0000000000	0.4605922424	0.3341354722	0.2052722851	0.0000000003
0	0.9181004520	0.0627590603	0.0049903849	0.0118559916	0.0022941112
1	0.0000000001	0.3860100527	0.3553747619	0.1974121215	0.0612030638
