1	0.1242960985	0.0000000291	0.0414616870	0.8071247703	0.0271174151
0	0.1840891639	0.2918243800	0.0733835020	0.4194543788	0.0312485753
1	0.0066311831	0.6657127969	0.1027280069	0.1899382279	0.0349897852
0	0.7567674881	0.0214440610	0.2173386904	0.0000000000	0.0044497605
0	0.0199934832	0.0234586702	0.3133562009	0.0001220157	0.6430696299
1	0.0000000163	0.0001573648	0.4540398732	0.5059284653	0.0398742804
1	0.0000000000	0.5744329820	0.1297377883	0.1910676814	0.1047615483
0	0.1163792170	0.0451836099	0.6471497039	0.1907015067	0.0005859626
0	0.5036916982	0.2556990665	0.0642107389	0.0950769843	0.0813215121
0	0.0296106126	0.1909988424	0.2876750841	0.4767272577	0.0149882032
1	0.0103361529	0.2962583090	0.5154097347	0.1356670035	0.0423287998
0	0.0580753940	0.1673156112	0.2091370158	0.5640391548	0.0014328242
1	0.0141319701	0.4152610840	0.1478529214	0.2069754988	0.2157785257
1	0.0000000000	0.6748844337	0.0012371475	0.1663174431	0.1575609757
0	0.7218098314	0.0145714077	0.1769736744	0.0231839890	0.0634610975
1	0.0000000000	0.3650380320	0.3034832928	0.1514721902	0.1800064851
0	0.0675249917	0.3173085707	0.0673902705	0.3397866718	0.2079894952
0	0.0032149556	0.6699376361	0.3027127757	0.0036392412	0.0204953914
1	0.0000000000	0.7420046607	0.0078518065	0.0001657878	0.2499777449
1	0.0468732379	0.2074843290	0.0027689634	0.0164493177	0.7264241520
1	0.1025117567	0.2287957810	0.0857653538	0.4914611247	0.0914659838
1	0.0310068767	0.8182884180	0.0305077273	0.1130712258	0.0071257523
0	0.0000000000	0.0237526617	0.8816291401	0.0924777228	0.0021404753
1	0.0070915471	0.0063407590	0.0031692388	0.4968112573	0.4865871977
0	0.3833679920	0.1936004473	0.0000017888	0.2734501694	0.1495796025
1	0.0000000000	0.0000810826	0.0174419869	0.7714057614	0.2110711691
0	0.0000687988	0.3979388092	0.0902867608	0.2739416562	0.2377639750
0	0.0277439766	0.0000001525	0.2314630893	0.4790701908	0.2617225908
1	0.0294464655	0.0895752934	0.0013822323	0.8795960088	0.0000000000
0	0.0000000007	0.3059041388	0.0006512285	0.6934443884	0.0000002436
1	0.0119676596	0.1760829466	0.0954729894	0.2721677040	0.4443087005
0	0.2060951640	0.7017532075	0.0116849713	0.0075636123	0.0729030449
0	0.0506029934	0.0118640721	0.4276066337	0.3554887879	0.1544375129
0	0.0041244470	0.0000026289	0.0000208445	0.9958268681	0.0000252115
0	0.0000718336	0.0660427113	0.3257312532	0.1838122926	0.4243419093
1	0.0149735550	0.1374148639	0.1084054019	0.1406926799	0.5985134992
2	0.0000000000	0.0000386851	0.0000000000	0.7642440509	0.2357172640
0	0.3005723674	0.0074681457	0.3117938125	0.3494260262	0.0307396482
1	0.0004614796	0.8599543668	0.0895393261	0.0213873860	0.0286574414
0	0.4053557457	0.1192033350	0.0148609579	0.4605799502	0.0000000112
0	0.3661994516	0.0001525860	0.2287891553	0.3432991681	0.0615596390
0	0.0189959770	0.5800869885	0.0001447304	0.3919758602	0.0087964439
0	0.0001042152	0.2873141730	0.6791147472	0.0181509587	0.0153159058
0	0.0000160907	0.4883945390	0.0588859425	0.0130366590	0.4396667688
1	0.0208235001	0.0289688159	0.0002208807	0.9498927143	0.0000940890
0	0.0000000001	0.0195046336	0.3770066240	0.6027657160	0.0007230264
0	0.0959371248	0.0000394827	0.0673783571	0.8366450354	0.0000000000
0	0.1090292652	0.0238752845	0.6948225692	0.1622573797	0.0100155014
0	0.0219786931	0.4757937893	0.2514555333	0.2474529850	0.0033189994
1	0.0000953084	0.1323214451	0.2151160335	0.3474979915	0.3049692215
0	0.0063384241	0.4108405240	0.5631736987	0.0010008403	0.0186465130
0	0.0000148667	0.1299469184	0.3504687161	0.0000012026	0.5195682961
0	0.0000020269	0.1073131996	0.2868018140	0.6008902614	0.0049926981
0	0.4585904377	0.2790236787	0.0000000000	0.2564355708	0.0059503128
0	0.0718852889	0.1666803602	0.0001637486	0.6935006528	0.0677699496
0	0.0000844025	0.0642288248	0.0000000644	0.8789905720	0.0566961362
1	0.0000000000	0.0656814433	0.0001033286	0.9338596538	0.0003555743
1	0.0000000354	0.0019083515	0.2509982961	0.7380311333	0.0090621836
1	0.0000000000	0.6274319042	0.0432742976	0.0905697089	0.2387240894
0	0.0000000000	0.9254628950	0.0000475633	0.0000000158	0.0744895259
0	0.0000041770	0.3068367472	0.2138277712	0.3955323119	0.0837989926
0	0.2083664871	0.7895882947	0.0002531018	0.0017909876	0.0000011287
1	0.0000777313	0.8174493631	0.1768571596	0.0050684766	0.0005472695
0	0.0049841835	0.4121854209	0.3619027183	0.1949871191	0.0259405582
0	0.0000000000	0.3935023074	0.3003130123	0.0209171011	0.2852675793
1	0.0000000000	0.4587284964	0.0352840221	0.5000115426	0.0059759388
0	0.1225263667	0.3760623488	0.3476653288	0.0000027309	0.1537432248
0	0.0722790017	0.2217343906	0.0000003599	0.5530797490	0.1529064988
1	0.0000000000	0.3976386079	0.1180559247	0.3130762192	0.1712292482
0	0.0025296896	0.1435748168	0.4869341425	0.3665931144	0.0003682367
1	0.0000000000	0.6117056412	0.3860863479	0.0022041949	0.0000038159
0	0.2385580069	0.4992669876	0.0694619998	0.1874396203	0.0052733855
0	0.0001017393	0.4224628609	0.4091323373	0.1683030616	0.0000000009
0	0.0000020682	0.0753186235	0.8513539526	0.0733059159	0.0000194397
0	0.0698341782	0.0000000000	0.7310617396	0.1296549277	0.0694491546
0	0.0867113336	0.1698033754	0.7011867308	0.0416855011	0.0006130591
0	0.0346761257	0.0345387870	0.9286116961	0.0021733912	0.0000000000
0	0.3414278414	0.0219603737	0.0504162089	0.5861955760	0.0000000000
0	0.0933747802	0.5378956159	0.2673576464	0.0695327450	0.0318392125
1	0.1454161077	0.2076514739	0.0016213477	0.1337149375	0.5115961332
0	0.0006943345	0.0020008208	0.1176367211	0.8796561373	0.0000119863
0	0.0003359027	0.2382314568	0.4920330948	0.2567754271	0.0126241187
0	0.0028193813	0.3147201255	0.2741356449	0.3799205410	0.0284043073
1	0.0000370778	0.1652345778	0.0162386953	0.7950845817	0.0234050674
1	0.0000000000	0.7012328702	0.1660451276	0.1325291243	0.0001928780
0	0.0330063665	0.1682779484	0.6819152627	0.0161864057	0.1006140167
0	0.0003131989	0.0008546095	0.9803379551	0.0109801422	0.0075140943
1	0.0199964523	0.0038530430	0.0128333918	0.9019730549	0.0613440580
0	0.0000000000	0.6587402574	0.0028886280	0.3364927162	0.0018783983
1	0.0255907832	0.0309533194	0.0628461945	0.7038123586	0.1767973443
0	0.4257963763	0.4792125460	0.0602616961	0.0231640939	0.0115652878
0	0.0790954524	0.0000127077	0.6683634881	0.1098384589	0.1426898929
0	0.0171966312	0.1713522740	0.0375254889	0.5038831632	0.2700424427
0	0.3632897196	0.2772032055	0.0000039475	0.2616927147	0.0978104127
0	0.0000000002	0.7438416695	0.0002168740	0.2559414563	0.0000000000
0	0.0031317656	0.1154479750	0.0042601487	0.8768367229	0.0003233878
0	0.6941837534	0.1475905986	0.1435270428	0.0131065053	0.0015920999
1	0.0000000000	0.6807214737	0.0907093849	0.0349171469	0.1936519945
1	0.0000038088	0.8472582744	0.0639012507	0.0685597066	0.0202769595
0	0.0581431518	0.9384318093	0.0031360788	0.0002889601	0.0000000000
