0	0.0085416211	0.3960970855	0.1195227533	0.4502152813	0.0256232588
2	0.0000000000	0.1692469865	0.4335334843	0.2180266490	0.1791928801
0	0.0326316404	0.1178233036	0.2690109569	0.3080641987	0.2724699004
1	0.0000000000	0.0586115985	0.0256082540	0.1349995680	0.7807805795
1	0.0000000000	0.0339647938	0.0026867096	0.2994790657	0.6638694309
1	0.0345121998	0.0585603442	0.6374298669	0.0000037010	0.2694938882
1	0.0000000000	0.0029242067	0.0086494533	0.9884082808	0.0000180592
0	0.8826906585	0.0000000808	0.0001289868	0.1171802740	0.0000000000
0	0.4389044739	0.3557727604	0.0225595911	0.1827631745	0.0000000000
0	0.0694673530	0.0931674479	0.8281542151	0.0092109840	0.0000000000
0	0.0179714934	0.3377728201	0.2253147176	0.4189409689	0.0000000000
0	0.0210386157	0.1459104991	0.7380352560	0.0000216802	0.0949939490
0	0.1967947979	0.0308843369	0.5659718041	0.0585152925	0.1478337684
0	0.4957532635	0.3839211080	0.0493139561	0.0219625107	0.0490491617
0	0.0791609280	0.9009679236	0.0000000000	0.0182787411	0.0015924073
0	0.1353371227	0.3735419024	0.4144333483	0.0022968351	0.0743907915
0	0.0716163451	0.4275860988	0.2346020290	0.1715042861	0.0946912409
0	0.0004021964	0.2384632053	0.0107211034	0.7288509549	0.0215625400
1	0.0027035801	0.1356827603	0.1091644337	0.5799559802	0.1724932457
0	0.0071778990	0.1813881664	0.0000000612	0.8114337736	0.0000000998
0	0.7143068882	0.0523925986	0.0550369534	0.1782625558	0.0000010040
0	0.0030636358	0.1720017004	0.0072731737	0.8176614901	0.0000000000
0	0.4521667495	0.1221872394	0.2325583975	0.0085683614	0.1845192522
0	0.0270364992	0.2635627559	0.6503794870	0.0589540345	0.0000672233
1	0.4978009439	0.0356271232	0.0494306039	0.3220062275	0.0951351014
1	0.0000000000	0.7029841249	0.1824160831	0.0709456802	0.0436541119
0	0.0615867217	0.1972629501	0.0313946315	0.7089833782	0.0007723185
0	0.0380270004	0.7584225524	0.1951632539	0.0068451175	0.0015420759
0	0.0431350764	0.0044119784	0.1155431643	0.1289691872	0.7079405937
0	0.0114792252	0.9706960944	0.0000000012	0.0067284292	0.0110962500
1	0.0000000000	0.4390117341	0.3569220372	0.0000027080	0.2040635207
2	0.0000000000	0.0662290564	0.0450337162	0.0861509530	0.8025862743
0	0.0864895267	0.8709918290	0.0000308871	0.0085997270	0.0338880302
0	0.0280214198	0.1013350357	0.1154238431	0.6731484702	0.0820712312
1	0.0231777374	0.0003904817	0.7578629715	0.1897344636	0.0288343458
1	0.0000000000	0.3401666982	0.0003154508	0.1269913271	0.5325265239
0	0.9587589499	0.0398951748	0.0013458746	0.0000000007	0.0000000000
0	0.0000000212	0.7920282388	0.1434963536	0.0643010821	0.0001743043
2	0.0000000000	0.0004592391	0.0376884289	0.1128180448	0.8490342871
1	0.0018674270	0.0856051064	0.0146742280	0.2636283075	0.6342249311
0	0.0000000000	0.0942852105	0.6200220543	0.1436272419	0.1420654933
0	0.2811473027	0.4405865221	0.2505774729	0.0276887023	0.0000000000
1	0.0000000000	0.0805177812	0.4142108612	0.3623510531	0.1429203046
0	0.0187855844	0.1089811527	0.4711071769	0.3696445889	0.0314814971
1	0.0000006632	0.3227364578	0.0863961225	0.5633668123	0.0274999441
0	0.0615647620	0.2133906294	0.2477223709	0.4766561157	0.0006661220
1	0.0000000000	0.3432924014	0.6336105620	0.0230970365	0.0000000000
1	0.0017677050	0.6498849075	0.1994949309	0.0935578507	0.0552946059
0	0.0001469379	0.9457686985	0.0072170195	0.0000000000	0.0468673441
2	0.0033918703	0.6853198289	0.0589500727	0.0004617114	0.2518765167
1	0.0849973789	0.1416225344	0.0219464339	0.1712693927	0.5801642602
0	0.1092692506	0.6170870403	0.2481438800	0.0254941411	0.0000056880
0	0.0000000923	0.0050031252	0.8951924271	0.0979539251	0.0018504303
0	0.5946794330	0.0054805297	0.0484210841	0.1238682959	0.2275506573
0	0.1036849723	0.8401298344	0.0032832520	0.0034937421	0.0494081992
0	0.1320086788	0.0177359519	0.6570459015	0.1855393155	0.0076701523
0	0.2537022947	0.0000000148	0.1114667636	0.6064525107	0.0283784162
0	0.0008169130	0.0562360832	0.5725146270	0.1207654054	0.2496669714
1	0.0000048806	0.0000744414	0.0093196356	0.9905260434	0.0000749990
1	0.0000000000	0.1031415114	0.0218053826	0.5657163397	0.3093367663
0	0.0115895358	0.5537769653	0.0000679431	0.0169904622	0.4175750936
0	0.0953924460	0.2715788474	0.1218358665	0.5056317209	0.0055611193
0	0.0203364424	0.0075272397	0.5465148623	0.4248254910	0.0007959646
1	0.4415409338	0.3725272138	0.0175868750	0.0000729904	0.1682719870
0	0.0000000000	0.5698052525	0.0255260874	0.3590771408	0.0455915193
0	0.0118146260	0.0463662987	0.0019973013	0.9398217741	0.0000000000
0	0.1178440686	0.3191590485	0.2871851923	0.2758116906	0.0000000000
0	0.0008947261	0.0000000307	0.1406892180	0.4763273161	0.3820887092
0	0.0000000000	0.0040262196	0.0000008008	0.2525260460	0.7434469336
1	0.0000001150	0.2531433902	0.0000000000	0.5151480367	0.2317084581
0	0.0011631724	0.6839411514	0.3148821010	0.0000000001	0.0000135751
0	0.0353782916	0.0066943724	0.0029690498	0.9432420258	0.0117162604
0	0.1297325168	0.0000281685	0.1083904693	0.7618473471	0.0000014984
0	0.0000823570	0.5593651814	0.0959038738	0.0055705565	0.3390780312
0	0.0381659047	0.0000543706	0.2214144946	0.5801708159	0.1601944143
0	0.1620464710	0.2133940573	0.4664156992	0.1579277861	0.0002159864
1	0.0000553133	0.0395675144	0.0119272815	0.9477672561	0.0006826348
0	0.7403967454	0.0459972516	0.1184214813	0.0582504791	0.0369340425
0	0.7819512388	0.0052466211	0.0208202102	0.1407192756	0.0512626543
0	0.0019203008	0.8013897906	0.1917876603	0.0049022466	0.0000000017
0	0.2102441530	0.5812018676	0.1283446958	0.0796356213	0.0005736623
0	0.0000001159	0.2116657454	0.1732791213	0.6039720347	0.0110829827
0	0.4656233997	0.0038787787	0.1164223114	0.0242443795	0.3898311306
0	0.0070088168	0.9548796501	0.0000533231	0.0380582100	0.0000000000
0	0.0022096758	0.0159479744	0.4601743464	0.5132958215	0.0083721819
0	0.0350928127	0.1157507955	0.5582924715	0.2906412470	0.0002226732
0	0.0494398347	0.9353187585	0.0000000000	0.0053788231	0.0098625837
0	0.0004445318	0.1342210769	0.3158274327	0.5343363290	0.0151706297
0	0.1318530832	0.1120046223	0.5424696901	0.0000946273	0.2135779771
1	0.0001820262	0.2929142182	0.6653950167	0.0278486658	0.0136600730
1	0.0000000000	0.1378096224	0.1550709082	0.3413733339	0.3657461356
0	0.6978077459	0.2498419929	0.0153141618	0.0261009330	0.0109351664
0	0.0248921807	0.5245445428	0.2588671545	0.0011758101	0.1905203119
0	0.0000000039	0.3345902594	0.2157845340	0.4496252026	0.0000000000
1	0.0000000000	0.0133117443	0.3861161165	0.2661579619	0.3344141774
1	0.0002251096	0.0210546888	0.1705407301	0.2127059333	0.5954735382
0	0.0450807160	0.0000000000	0.3203852146	0.3061034144	0.3284306549
0	0.0316664996	0.8162826834	0.0417391688	0.0663853778	0.0439262705
0	0.0517014907	0.8759313930	0.0012678113	0.0420208422	0.0290784628
0	0.0180254419	0.5215035773	0.0600011889	0.4003167733	0.0001530185
