0	0.0126712026	0.4172770462	0.0026176214	0.5391078946	0.0283262352
0	0.6365071802	0.0211996950	0.2523942744	0.0722330978	0.0176657526
0	0.0032275438	0.1535480485	0.0541598243	0.0146300441	0.7744345392
0	0.1560317012	0.2550773474	0.2545220823	0.2638659933	0.0705028758
1	0.0000000000	0.0255901690	0.7082105946	0.2661933935	0.0000058429
1	0.0000000027	0.0242746937	0.3808218975	0.1547047616	0.4401986445
0	0.1000298988	0.2110800571	0.0707384592	0.0894624266	0.5286891584
0	0.0062756371	0.5111741009	0.2398540805	0.1384598176	0.1042363639
1	0.0000000000	0.1460798003	0.0070783677	0.4444417208	0.4024001112
0	0.0000005114	0.0174060102	0.0880657643	0.8462501411	0.0482775731
1	0.0000000000	0.0093803193	0.1583976725	0.7116024154	0.1206195928
0	0.0000774052	0.9017533528	0.0770575808	0.0211114782	0.0000001830
0	0.1711081939	0.4412093145	0.0661605012	0.2462089853	0.0753130050
0	0.0000002432	0.1035194729	0.0010375413	0.8954427426	0.0000000000
0	0.0001849594	0.0211696844	0.9091132460	0.0576345383	0.0118975719
0	0.1837066537	0.0454499902	0.1175018367	0.6533413339	0.0000001855
0	0.0370731592	0.7182067452	0.0000817998	0.2216157403	0.0230225554
0	0.0105428551	0.9863075816	0.0000000000	0.0031091885	0.0000403747
2	0.0000000000	0.7490348194	0.0336556699	0.0654001249	0.1519093857
0	0.0080029376	0.0023367269	0.2618031510	0.7273600134	0.0004971711
1	0.0043500991	0.4369478271	0.5464866273	0.0062535890	0.0059618575
0	0.6369669758	0.1217741928	0.0448926561	0.1862745035	0.0100916718
0	0.0000008384	0.0706020337	0.1389981434	0.7897069611	0.0006920235
1	0.0000000481	0.0820616973	0.0526084045	0.8321717844	0.0331580657
0	0.0004666962	0.0271775424	0.9695799551	0.0027314020	0.0000444043
1	0.0773199010	0.2569441685	0.0020949183	0.1958865884	0.4677544239
1	0.0606640253	0.0338962521	0.1788927631	0.1597762886	0.5667706710
2	0.0000000000	0.3643538437	0.0026273275	0.6111622879	0.0218565408
0	0.0009710016	0.3942081057	0.3422492777	0.2323950113	0.0301766036
0	0.0193377027	0.8333398345	0.0133438487	0.1027021423	0.0312764718
1	0.0000000000	0.3071402303	0.0000000000	0.2721697295	0.4206900402
0	0.0151487916	0.5917432142	0.0639727055	0.3189517393	0.0101835493
0	0.0849692771	0.7910285476	0.0318010437	0.0788129938	0.0133881378
0	0.1177705996	0.1041106984	0.7756862852	0.0010364442	0.0013959726
0	0.0503606245	0.1564117885	0.5985743293	0.1944997161	0.0001535416
1	0.0000006682	0.0000110519	0.6396762517	0.0538113350	0.3065006933
0	0.0000000313	0.9181144295	0.0197530139	0.0620520742	0.0000804511
0	0.1258021309	0.1205121519	0.1104549182	0.6427976680	0.0004331309
0	0.1806354514	0.1414706355	0.1128724926	0.5517546287	0.0132667917
1	0.0000000000	0.0022847797	0.9505393050	0.0020551415	0.0451207738
0	0.0983177536	0.0194932927	0.0858970890	0.1450546416	0.6512372232
0	0.0000000000	0.1954414593	0.4106585817	0.0747167187	0.3191832403
0	0.4841191884	0.1112800689	0.1852853105	0.0004275100	0.2188879222
1	0.0015984726	0.2624049515	0.3588712288	0.2433775923	0.1337477549
1	0.0000000000	0.7659336220	0.0000000000	0.2152044837	0.0188618943
0	0.1508311158	0.6594541673	0.1892569386	0.0000000015	0.0004577768
0	0.0938637809	0.0089613170	0.0932103891	0.7860699352	0.0178945779
0	0.0118912284	0.2830281121	0.7024822476	0.0025984119	0.0000000000
1	0.0000000000	0.8633865760	0.0000000537	0.0421630548	0.0944503155
0	0.0076688281	0.0595033574	0.1129381673	0.8184941049	0.0013955423
0	0.0000002871	0.3233227869	0.6337858098	0.0009957448	0.0418953714
0	0.0406917896	0.8140882001	0.1052739865	0.0357509874	0.0041950364
0	0.0020262270	0.0000000064	0.1277841253	0.6626523849	0.2075372564
1	0.0003470829	0.0001218662	0.0124783396	0.0000000000	0.9870527114
0	0.0103038512	0.0000041009	0.0210026307	0.9645516202	0.0041377969
1	0.0001863908	0.1396371364	0.3210536077	0.4958992294	0.0432236357
1	0.0000000000	0.4617085508	0.2461534323	0.2840197033	0.0081183137
0	0.2463142305	0.0216331596	0.0058070912	0.0010292869	0.7252162319
0	0.0201480331	0.2864647090	0.5430080237	0.1503528949	0.0000263393
1	0.0000000010	0.0000480573	0.0798240087	0.5255461452	0.3945817878
1	0.0005427540	0.0549252924	0.1234388123	0.8164225959	0.0046705454
0	0.2072693628	0.1142329716	0.0000000000	0.6462226494	0.0322750162
0	0.0000281481	0.9411158390	0.0320582094	0.0000564058	0.0267413978
0	0.0087850069	0.6344568482	0.0066094050	0.3347300109	0.0154187290
0	0.0130683529	0.0000019963	0.1443591246	0.3490680475	0.4935024786
0	0.3579050547	0.0970250202	0.0000000000	0.0359350022	0.5091349229
1	0.0000000000	0.5587017001	0.0066703641	0.4346271645	0.0000007713
0	0.0022080032	0.0000508176	0.1067501675	0.8811866721	0.0098043396
1	0.0000000000	0.7963756522	0.1617418339	0.0232022345	0.0186802793
0	0.0000000000	0.0000264689	0.8966962625	0.0478930185	0.0553842501
0	0.3155550322	0.0000636584	0.1497303160	0.5281978534	0.0064531400
0	0.1448889254	0.0002699778	0.1451124567	0.4426102868	0.2671183533
0	0.1546892395	0.3466020484	0.0682939649	0.0000000428	0.4304147045
0	0.0124177325	0.0273277712	0.0379269878	0.9042040689	0.0181234397
0	0.0000276380	0.9478819156	0.0519402923	0.0001501536	0.0000000004
0	0.4969374210	0.0001193795	0.2348978094	0.0491475333	0.2188978568
0	0.0338941492	0.6496385613	0.1885791719	0.1278881176	0.0000000000
0	0.3231491598	0.2280653234	0.0103179237	0.4035086503	0.0349589428
0	0.0000000000	0.5863976774	0.1594287212	0.1902147741	0.0639588273
0	0.0245673208	0.2659658414	0.2205519744	0.0924726021	0.3964422613
2	0.0000000000	0.6359978766	0.0558055643	0.2918109836	0.0163855755
0	0.0842569502	0.0007592591	0.6346940838	0.0092398941	0.2710498128
1	0.0566117130	0.3730984771	0.4118799949	0.0855205029	0.0728893121
0	0.0000000585	0.2853057408	0.0815786953	0.6314864935	0.0016290119
0	0.0515410212	0.1725204188	0.4993153567	0.2729123074	0.0037108959
0	0.1233841080	0.3419591281	0.1682298742	0.1883273943	0.1780994955
0	0.0000008209	0.2446746500	0.0014089245	0.7505166912	0.0033989133
1	0.0000000000	0.8310643224	0.0000000000	0.0010235900	0.1679120876
0	0.3599539049	0.3516494479	0.2296027678	0.0412375448	0.0175563346
0	0.0739912555	0.1011811556	0.7803510490	0.0371481671	0.0073283729
0	0.0004238153	0.9819225643	0.0175353677	0.0000844590	0.0000337937
0	0.0023397020	0.2228226699	0.5616710338	0.2131632699	0.0000033244
1	0.0000000000	0.6427897131	0.0601571445	0.2483351196	0.0487180229
1	0.0000000000	0.1540023216	0.7677987481	0.0781970869	0.0000018434
1	0.0000017376	0.4348139540	0.2526655283	0.2555279704	0.0569908097
2	0.0000000000	0.1946456044	0.0958672927	0.7052565017	0.0042306012
1	0.0000000000	0.0172823519	0.4901572617	0.3663957899	0.1261645966
1	0.0000000000	0.0232224737	0.0145109217	0.9307297619	0.0315368427
0	0.3379134273	0.3885477114	0.2117062284	0.0618323832	0.0000002497
0	0.0000000000	0.3523408174	0.4635766074	0.0640736127	0.1200089624
