1	0.0000000000	0.0380569145	0.0122169405	0.9017491376	0.0479770074
1	0.0000316638	0.2306514320	0.7466663747	0.0221719647	0.0004785648
1	0.0000000000	0.8794428903	0.0861134708	0.0041698860	0.0302737529
0	0.0979390480	0.0011466811	0.6283271634	0.1591124697	0.1134746378
0	0.5579586175	0.1412426418	0.0388211826	0.2600758268	0.0019017313
0	0.0000000000	0.2301671898	0.0926354308	0.5958736377	0.0813237416
0	0.0180700482	0.8625608153	0.1193691329	0.0000000000	0.0000000036
0	0.1336134603	0.5552335992	0.1591802116	0.1002719337	0.0517007951
0	0.0023902610	0.9017615006	0.0828157064	0.0130325320	0.0000000000
0	0.0365978795	0.5986529531	0.0442515426	0.0247056362	0.2957919886
0	0.0005671084	0.8424866914	0.0152276864	0.1417184932	0.0000000205
0	0.0000009860	0.3092750382	0.1008784243	0.5241552213	0.0656903303
1	0.0000000461	0.0000030073	0.0152435698	0.9301505589	0.0546028179
0	0.0099830068	0.0729848500	0.0012755070	0.9156920423	0.0000645939
1	0.0000000000	0.7675002255	0.0003178362	0.1895235210	0.0426584174
0	0.0000000000	0.9730111569	0.0007227691	0.0262652668	0.0000008071
2	0.0000000000	0.8160427705	0.0183507177	0.0266896701	0.1389168418
0	0.0000981992	0.4811053343	0.3737334436	0.1450630228	0.0000000000
0	0.0192164811	0.0299417061	0.0000000000	0.9508418128	0.0000000000
1	0.0039361703	0.1583170548	0.1173829517	0.0028761267	0.7174876965
1	0.0405154868	0.8032191112	0.0473374519	0.1076050843	0.0013228658
0	0.0170656136	0.0000000123	0.1768395456	0.8060948237	0.0000000048
1	0.0133082447	0.1264344581	0.3525183094	0.4380616237	0.0696773641
1	0.0000001876	0.8519590728	0.0003608520	0.1375149984	0.0101648892
1	0.0000000000	0.1580612769	0.6417131784	0.1997853444	0.0004402003
0	0.0149642948	0.0343189179	0.0263657365	0.9241815584	0.0001694925
0	0.0318004034	0.0707329618	0.0202331152	0.8765307918	0.0007027278
0	0.0118373196	0.6863958858	0.0003014817	0.0003030334	0.3011622795
1	0.0000000000	0.0043233250	0.0015788185	0.5150073270	0.4790905296
0	0.7880503007	0.0074812818	0.1335991723	0.0000339016	0.0708353436
1	0.0000000000	0.0046452681	0.0168811634	0.7435852180	0.2348883506
0	0.0146160793	0.0512279404	0.0089914418	0.9214742255	0.0036903129
0	0.0077688934	0.5459035407	0.0011573183	0.4403550014	0.0048152462
1	0.4675759768	0.0793056973	0.0000936594	0.4530246636	0.0000000029
2	0.0000000000	0.0947320956	0.1407032402	0.4809431415	0.2836215228
1	0.0000012731	0.6657058185	0.0842423330	0.0599881573	0.1900624181
0	0.0000280830	0.5992501968	0.1073811808	0.0018954653	0.2914450741
0	0.0000788089	0.0292549136	0.4967118717	0.1328404603	0.3411139455
0	0.5025384068	0.0643634037	0.4291240287	0.0000014757	0.0039726851
0	0.0001183169	0.0576420780	0.7942958799	0.1444497245	0.0034940008
1	0.0646634603	0.2080144134	0.0000027344	0.2248455500	0.5024738420
0	0.0051289886	0.0440941490	0.8289712932	0.0265399569	0.0952656122
0	0.0000022598	0.8660993509	0.0000000000	0.0608195572	0.0730788321
0	0.0962649034	0.3182085588	0.4684701575	0.1162541781	0.0008022023
0	0.0000064960	0.3822953064	0.2356213180	0.3820768792	0.0000000005
1	0.0000000000	0.2856862436	0.2042316066	0.1321287425	0.3779534074
0	0.1440086883	0.6086666794	0.0000017475	0.2472246507	0.0000982341
1	0.0000000000	0.8307653645	0.0607149039	0.1084428818	0.0000768498
1	0.0012591829	0.5295422670	0.1367046414	0.1109162995	0.2215776093
0	0.0057245405	0.2851017928	0.1867896130	0.5038990777	0.0184849759
0	0.1361924363	0.3089085800	0.1034006747	0.2897705431	0.1617277659
1	0.0018676505	0.0514140071	0.1487059645	0.6135518680	0.1844605099
1	0.0000000000	0.4327875976	0.0052388872	0.0875653510	0.4744081641
0	0.0453249773	0.4199756682	0.4820015875	0.0002116755	0.0524860916
2	0.0000000000	0.5112767458	0.3642346833	0.1244813802	0.0000071906
1	0.0000066926	0.5660241501	0.1394689695	0.2781123806	0.0163878072
0	0.1767900405	0.0921784090	0.2435959505	0.3600876924	0.1273479075
0	0.0000000001	0.0576186226	0.3140265561	0.6234253985	0.0049294227
0	0.0511197230	0.0163276664	0.7885584941	0.1250042673	0.0189898492
0	0.0179363654	0.0646065012	0.0998569012	0.6620908837	0.1555093484
1	0.0000000000	0.4493545912	0.0097033765	0.5408452153	0.0000968170
0	0.2284007367	0.0395369443	0.0001373158	0.6380622793	0.0938627239
0	0.0719054803	0.5256777860	0.0129818695	0.3877424657	0.0016923985
1	0.0188296488	0.0744871049	0.6949027495	0.0248686160	0.1869118809
0	0.0000027502	0.5754373726	0.3639195351	0.0606401985	0.0000001436
0	0.0016676475	0.0097128460	0.4928238273	0.3473765865	0.1484190927
0	0.0000000000	0.4504929971	0.3501602682	0.0690116175	0.1303351172
0	0.0611228271	0.5064247763	0.0745999362	0.3578519496	0.0000005108
0	0.0159902552	0.9096832965	0.0001587238	0.0443772763	0.0297904482
0	0.0390246542	0.4504655265	0.0009591682	0.3142668534	0.1952837978
1	0.0000000000	0.2151537751	0.3645939726	0.3891396041	0.0311126482
1	0.0000000000	0.4663355694	0.3050087677	0.1122900559	0.1163656069
1	0.0000000000	0.0000000000	0.0569845529	0.3682405287	0.5747749184
0	0.0049637010	0.6617193984	0.3023351289	0.0301619208	0.0008198509
0	0.0000123740	0.3718359261	0.2525809662	0.3137384267	0.0618323070
0	0.0000150927	0.1439044988	0.8204617866	0.0355840168	0.0000346051
1	0.0000004678	0.0537942708	0.0838922898	0.8621983343	0.0001146373
0	0.0016693578	0.6191766477	0.0000000000	0.1220348887	0.2571191058
1	0.0089491132	0.2985865424	0.0884153408	0.3031576635	0.3008913401
0	0.0000392201	0.0104329968	0.4397738322	0.5497539509	0.0000000000
2	0.0000000000	0.1918439966	0.0951700698	0.2132005124	0.4997854212
1	0.0000000000	0.0358574322	0.5319297180	0.4011487047	0.0310641451
0	0.5708404816	0.3935328647	0.0003729311	0.0345013573	0.0007523653
1	0.0000000001	0.6303049628	0.1402440323	0.2082779958	0.0211730090
1	0.0005188365	0.0350617863	0.0137306028	0.9346189772	0.0160697972
1	0.0000000000	0.6637787640	0.0187584529	0.3174132905	0.0000494925
1	0.0000000001	0.9444211209	0.0058861620	0.0493439385	0.0003487785
1	0.0054014126	0.2112764302	0.0210659080	0.6648581358	0.0973981134
0	0.0885751312	0.0041486400	0.4399773222	0.3161852811	0.1511136256
0	0.0023683037	0.0801258258	0.2025905422	0.6757151914	0.0392001369
0	0.0000168607	0.0017329889	0.8362124423	0.0440796622	0.1179580459
0	0.1339262291	0.0000081839	0.7314307881	0.0583346080	0.0763001909
0	0.0624161055	0.1009719887	0.1210347703	0.4441293127	0.2714478227
0	0.0000727720	0.0503752348	0.8859629688	0.0538751317	0.0097138926
0	0.7013304998	0.0000000001	0.2892206734	0.0094479926	0.0000008342
0	0.0598460085	0.1514199036	0.7070438531	0.0092295595	0.0724606753
1	0.0000000000	0.1630641978	0.0043738194	0.7707334444	0.0618285385
0	0.0009836241	0.8823621478	0.0000000000	0.0039282994	0.1127259287
0	0.0147268922	0.0362067765	0.5345620897	0.0077017056	0.4068025360
0	0.0008677180	0.7559294422	0.0000000000	0.0000000001	0.2432028397
