1	0.0059089408	0.4095885042	0.0000003277	0.1152924732	0.4692097541
0	0.0046392764	0.5551222850	0.0016987747	0.4385396639	0.0000000000
0	0.8750713468	0.0043782350	0.0594028893	0.0570137681	0.0041337607
1	0.0488621182	0.1221074969	0.1203391428	0.3496719221	0.3590193199
0	0.0647156026	0.0204113259	0.0005025416	0.0169371048	0.8974334252
0	0.1719496056	0.5231849727	0.1036957407	0.0000000018	0.2011696791
1	0.0221410934	0.6724226039	0.2396274841	0.0028388747	0.0629699439
0	0.3746564170	0.2554251045	0.2161953364	0.0009608768	0.1527622653
0	0.0393143580	0.2448602456	0.1742273184	0.2188188225	0.3227792555
0	0.1418268961	0.1721157679	0.0163427448	0.5314333089	0.1382812822
0	0.4898325784	0.0000000008	0.2418518067	0.1928492312	0.0754663829
0	0.0000000000	0.1603835735	0.0000244564	0.0012517615	0.8383402086
1	0.0989127672	0.0691059906	0.3364884000	0.0205509163	0.4749419259
0	0.7772908721	0.0155665796	0.0188775405	0.0095428110	0.1787221968
1	0.3569288426	0.0000000000	0.0232647270	0.0000000010	0.6198064295
1	0.0151904083	0.7394557621	0.0179504260	0.2273587391	0.0000446645
0	0.7962347479	0.0002300398	0.0504252102	0.0000000000	0.1531100022
0	0.5314567682	0.1961631231	0.0000000010	0.2069008220	0.0654792858
0	0.8068548600	0.0000001625	0.0013376651	0.0000000000	0.1918073123
0	0.0000002201	0.9079878506	0.0528957084	0.0293614253	0.0097547957
0	0.0991414668	0.0212697335	0.0000001264	0.8241152700	0.0554734033
0	0.0409388095	0.0000023683	0.0001812832	0.0592824413	0.8995950977
0	0.0303405070	0.0116160502	0.7351561322	0.0280219106	0.1948653999
0	0.1053649534	0.7909904069	0.0001436782	0.0099617504	0.0935392111
0	0.4375663987	0.0411051673	0.1582637377	0.2466007323	0.1164639640
0	0.0014309829	0.1413670586	0.0100831415	0.8471188170	0.0000000000
0	0.1175451670	0.0789077326	0.7835016438	0.0200454522	0.0000000044
1	0.0000021590	0.1830784863	0.1160087031	0.0000000000	0.7009106516
0	0.2972610099	0.0138552713	0.0004934003	0.1088770146	0.5795133038
0	0.0072778035	0.0506783008	0.0115377099	0.9239983936	0.0065077922
0	0.5793217411	0.0521287542	0.1732133593	0.1012356163	0.0941005292
0	0.3047386291	0.0249953614	0.0585291020	0.2586629637	0.3530739439
0	0.0000000142	0.3142601449	0.2732529590	0.0000000000	0.4124868820
1	0.7069767384	0.0122250971	0.1608162539	0.0004841491	0.1194977614
1	0.4485300228	0.0098997266	0.5285626057	0.0014685522	0.0115390926
1	0.0010931036	0.0615225116	0.0000000128	0.9042574510	0.0331269210
0	0.6239959611	0.0683840450	0.0815435115	0.0000000968	0.2260763856
1	0.0627788231	0.5101015302	0.3883994126	0.0000000000	0.0387202341
0	0.0463641635	0.5610171192	0.1290198103	0.0176864992	0.2459124078
0	0.0885307903	0.2770494972	0.3551821335	0.0433768502	0.2358607288
0	0.8558370306	0.0778859237	0.0606072167	0.0044474660	0.0012223631
0	0.0979264823	0.0141468366	0.8624189876	0.0000043596	0.0255033339
0	0.0990274812	0.0449610190	0.5974618846	0.0810572968	0.1774923183
0	0.0116784125	0.0030027529	0.0077728771	0.8258806500	0.1516653075
0	0.0881992351	0.3248000231	0.5397633274	0.0085236814	0.0387137329
0	0.0568794427	0.5323171546	0.1523651619	0.2509469409	0.0074912999
0	0.4528818889	0.1602738901	0.0156723973	0.1674949299	0.2036768939
1	0.0191447322	0.3202580815	0.0273330737	0.2905648793	0.3426992332
0	0.0038709688	0.3941867845	0.0867488012	0.0283735700	0.4868198755
0	0.0762379475	0.2467783704	0.0013949093	0.0093005506	0.6662882222
0	0.2729335819	0.1111670858	0.2615394411	0.0067295279	0.3476303633
0	0.1380209208	0.8436580034	0.0130384146	0.0000053607	0.0052773004
0	0.4493971402	0.2823403956	0.0184971792	0.2408195081	0.0089457770
1	0.0082568085	0.1343478141	0.3379285062	0.2698076833	0.2496591879
0	0.7285761024	0.1703278358	0.0027960160	0.0000052913	0.0982947544
0	0.0063341326	0.5450890070	0.3463361175	0.0331547956	0.0690859473
0	0.1642231921	0.5315035389	0.0114068979	0.2907283955	0.0021379755
0	0.0000228428	0.0038266444	0.0049081131	0.5074400095	0.4838023902
0	0.0548448487	0.0011531011	0.0000000000	0.8857918044	0.0582102457
0	0.0527375979	0.3938792822	0.4358530690	0.0932972655	0.0242327854
0	0.0222987119	0.5554135385	0.0257606739	0.3965231869	0.0000038888
0	0.0023810172	0.1116295746	0.0500457177	0.8190827236	0.0168609669
0	0.6353190255	0.0207901501	0.3123696645	0.0315211598	0.0000000000
0	0.1256174177	0.1638028607	0.0176899971	0.2448066006	0.4480831239
0	0.3165693916	0.0150605315	0.0891628605	0.0851685328	0.4940386836
0	0.0000000000	0.1731500162	0.0932273955	0.6713329166	0.0622896716
0	0.1549574987	0.2809979586	0.0012917497	0.1515805237	0.4111722693
0	0.9256839816	0.0224740831	0.0005177645	0.0484375076	0.0028866633
1	0.2329436152	0.1458707383	0.0228221139	0.0382836429	0.5600798898
0	0.0000000819	0.1347743754	0.2787815805	0.1647028862	0.4217410760
1	0.6436351600	0.0243860814	0.2699819881	0.0328197545	0.0291770160
0	0.0003747692	0.0067445091	0.8930366694	0.0572989913	0.0425450611
0	0.7241966025	0.0246111092	0.0320916024	0.0453858945	0.1737147914
0	0.0973773699	0.0879358941	0.3073882696	0.5066673816	0.0006310847
0	0.0380966162	0.8377172265	0.0002348773	0.1119382322	0.0120130478
0	0.1512233366	0.7522122343	0.0765087865	0.0198232298	0.0002324128
0	0.0056854207	0.0001802517	0.9116010313	0.0417660820	0.0407672143
0	0.2815540077	0.0109217818	0.1065515766	0.0337629705	0.5672096634
0	0.1782250079	0.0326511971	0.0009314405	0.1914236989	0.5967686557
0	0.0336117253	0.8593266993	0.0577354792	0.0000000000	0.0493260962
0	0.4027307249	0.0001553252	0.1808474877	0.3567175535	0.0595489087
1	0.0000000000	0.2035770475	0.1129347696	0.6827320454	0.0007561375
1	0.0003467808	0.3286523322	0.3657564091	0.0362088987	0.2690355791
0	0.5216951973	0.0873991693	0.0788415938	0.1626237480	0.1494402915
2	0.1995133896	0.0116196993	0.0000000000	0.1731455938	0.6157213172
0	0.0699252294	0.2000751780	0.0218976497	0.0219101141	0.6861918288
1	0.0036363373	0.2390636789	0.4777216606	0.2762092974	0.0033690258
0	0.0911813801	0.4757715936	0.3346266989	0.0634297038	0.0349906237
0	0.0088373972	0.0032157827	0.0113148180	0.0980259809	0.8786060212
0	0.0008849517	0.4992077242	0.0998632131	0.3994142495	0.0006298615
1	0.0106825720	0.1899414562	0.3709489334	0.1091036607	0.3193233777
1	0.2184642276	0.2392343899	0.5279781654	0.0000029934	0.0143202236
0	0.2672035693	0.2433846575	0.2177560671	0.1885227893	0.0831329168
0	0.0426846272	0.2795451075	0.1082605347	0.5058809957	0.0636287350
0	0.2270737734	0.1948892076	0.3832800700	0.1947569490	0.0000000000
0	0.1009365273	0.0962142805	0.1086312520	0.0125541231	0.6816638171
0	0.0815448139	0.6134422414	0.2063830604	0.0401676084	0.0584622759
1	0.9272406834	0.0287730467	0.0048686249	0.0135383218	0.0255793232
0	0.2032523725	0.7947924841	0.0004278030	0.0000000011	0.0015273393
0	0.0092941240	0.8269511572	0.1624762625	0.0007820311	0.0004964252
