0	0.0102471344	0.0058009370	0.0139137152	0.2569643739	0.7130738395
0	0.0681062297	0.0002505061	0.0108123986	0.1036009530	0.8172299126
0	0.0000028011	0.0000004303	0.5922080978	0.3619131433	0.0458755275
0	0.7088092926	0.0742125768	0.0001833954	0.2167947341	0.0000000010
1	0.3011994788	0.0010687668	0.0396357166	0.6199004160	0.0381956219
1	0.3216707118	0.0002273847	0.3546736739	0.0091581999	0.3142700296
0	0.0559927873	0.0331759495	0.6009111536	0.3007716081	0.0091485015
0	0.1697618767	0.0000159117	0.0362944982	0.2171598422	0.5767678712
0	0.7717718601	0.0838193099	0.0115797654	0.0874150347	0.0454140298
0	0.1956768104	0.0369864783	0.2126438409	0.1427889694	0.4119039009
0	0.1539435940	0.3864400422	0.0031494756	0.0686585932	0.3878082949
1	0.1131089000	0.6731612575	0.1938853906	0.0019195204	0.0179249316
0	0.7678296713	0.0224799851	0.1152377080	0.0127253652	0.0817272704
0	0.3715456244	0.2709597128	0.0705950471	0.0467961385	0.2401034772
1	0.3399724429	0.0000165717	0.3891300619	0.2637415178	0.0071394057
0	0.0707106140	0.8717479054	0.0067666865	0.0325699303	0.0182048638
0	0.0000034918	0.1025201404	0.1062393152	0.7428030399	0.0484340127
0	0.0024649166	0.2195979773	0.7511336102	0.0257832387	0.0010202572
0	0.0155398757	0.0124835514	0.2040294555	0.1481240518	0.6198230656
0	0.0001551236	0.2159462691	0.4863744340	0.1858801466	0.1116440267
0	0.0781644228	0.2763560340	0.0497229457	0.0975739189	0.4981826787
0	0.0000152928	0.6897703297	0.0760705193	0.0707106059	0.1634332524
0	0.0026297243	0.9173799276	0.0007698596	0.0792195554	0.0000009331
1	0.0679349382	0.1578848899	0.3949185092	0.2542911555	0.1249705073
0	0.0271641229	0.2524373681	0.2099524585	0.0132536564	0.4971923941
0	0.2766186843	0.0595343713	0.0000000011	0.3093291395	0.3545178038
0	0.4344928074	0.1008798113	0.0000212559	0.3116911376	0.1529149877
0	0.0017783634	0.2513094527	0.0004537188	0.7464388156	0.0000196495
0	0.3543767253	0.0000475015	0.0068622396	0.0000000002	0.6387135334
0	0.6945808008	0.0167139877	0.1762861865	0.0009510904	0.1114679346
0	0.0003125368	0.0051835456	0.0000191157	0.6212552095	0.3732295925
1	0.0721893879	0.4581626197	0.4155991418	0.0002118363	0.0538370144
0	0.3470748304	0.2291220835	0.1964983091	0.0288855757	0.1984192013
0	0.0169122078	0.4403989951	0.0000000431	0.5300629488	0.0126258053
0	0.0667675675	0.0083089380	0.0000000000	0.1163363710	0.8085871235
1	0.0000000002	0.1060389092	0.0626431219	0.4084806422	0.4228373265
0	0.2123588038	0.0760731492	0.0000191224	0.3683980371	0.3431508873
1	0.5526386335	0.0724476922	0.1391246560	0.0021900594	0.2335989590
0	0.0000000016	0.0026931142	0.9347620995	0.0388103279	0.0237344568
1	0.9215137247	0.0710191539	0.0040486102	0.0000250597	0.0033934515
0	0.0488851162	0.2105647958	0.0673395292	0.2009521814	0.4722583775
0	0.0004650695	0.5898742517	0.1618495274	0.0832926113	0.1645185401
0	0.2562895067	0.4844735219	0.1979791603	0.0000204880	0.0612373232
0	0.1746575689	0.0509355342	0.0114034572	0.1546364326	0.6083670071
0	0.0000163097	0.0983782724	0.4337178825	0.0104625546	0.4574249808
0	0.5911633560	0.0000776123	0.0158727815	0.3318958935	0.0609903567
0	0.0704880980	0.0012067192	0.1931255594	0.0000600319	0.7351195914
0	0.1317041689	0.0364425689	0.3459980239	0.2983817408	0.1874734976
0	0.1264012544	0.0640340962	0.1257332165	0.6633594195	0.0204720133
1	0.0000033251	0.7945330685	0.1452253689	0.0013394322	0.0588988054
0	0.0594315273	0.9199071913	0.0029185873	0.0174676890	0.0002750050
0	0.0047830016	0.5780776022	0.0002179888	0.0030198618	0.4139015455
0	0.3722403823	0.0151233792	0.0722793280	0.5316866724	0.0086702382
0	0.2688666861	0.7311325277	0.0000007863	0.0000000000	0.0000000000
0	0.0292431032	0.0012866598	0.8909794422	0.0151713435	0.0633194513
1	0.5781359657	0.3418859659	0.0000000000	0.0789048716	0.0010731968
1	0.3286595179	0.5218389974	0.0000000000	0.1448389083	0.0046625764
0	0.2459939966	0.4837613135	0.0031393743	0.0000000000	0.2671053156
1	0.0856781315	0.0979462106	0.5032711202	0.3124103764	0.0006941614
0	0.8824540158	0.0162907213	0.0467594278	0.0518110523	0.0026847828
1	0.3045021167	0.3719538371	0.0676606733	0.0109023015	0.2449810713
0	0.0000140868	0.0679891008	0.8519490612	0.0731309074	0.0069168437
1	0.0000000000	0.0186941040	0.0000000000	0.0226213011	0.9586845949
1	0.0136576681	0.0322058124	0.1536204510	0.7979718712	0.0025441973
0	0.0169134522	0.0010613522	0.0355333020	0.0923780186	0.8541138749
0	0.2512580566	0.0181795682	0.7240294168	0.0000001484	0.0065328101
0	0.0000000078	0.0339278892	0.2458018567	0.0919643632	0.6283058831
0	0.0278930722	0.2986367217	0.0477499282	0.6257062610	0.0000140168
0	0.8515123961	0.0033606886	0.0000094750	0.1015532242	0.0435642162
0	0.5416919254	0.0329769723	0.2795056928	0.0003226888	0.1455027207
1	0.0076083071	0.0633370278	0.0000000207	0.9024807355	0.0265739089
0	0.0295754283	0.2817822850	0.5740741937	0.1145420662	0.0000260268
1	0.0799606662	0.0499087114	0.2792314459	0.5152521389	0.0756470376
0	0.5976780428	0.1651918814	0.0143203949	0.1006014890	0.1222081918
0	0.0609967123	0.0964640489	0.7377043955	0.0089322557	0.0959025876
1	0.0031319848	0.3895321030	0.2288918065	0.2840628744	0.0943812313
0	0.4557554418	0.0597869864	0.1533541453	0.3092233448	0.0218800816
0	0.0014043668	0.0135643945	0.0262599506	0.4251094513	0.5336618367
2	0.8911799188	0.0001174503	0.0113058571	0.0973938527	0.0000029210
0	0.0000272910	0.0481462632	0.2154801060	0.0578989803	0.6784473595
0	0.0002243751	0.0180461350	0.6311393693	0.0087167156	0.3418734050
0	0.0277806887	0.1823613555	0.0003255195	0.7864987836	0.0030336528
0	0.0411854788	0.2589031340	0.0000000000	0.6940373266	0.0058740606
0	0.0037149359	0.0017232939	0.0168009778	0.2555802047	0.7221805877
0	0.1027350008	0.2258108567	0.0000021382	0.0157442762	0.6557077281
0	0.0283957262	0.2421968577	0.3956543858	0.1329255973	0.2008274330
0	0.7056896247	0.0498052833	0.1302151459	0.1142898776	0.0000000684
0	0.0106718048	0.9224405437	0.0002560873	0.0005479213	0.0660836430
0	0.2179675920	0.7053502474	0.0432582817	0.0225433706	0.0108805083
0	0.6213348348	0.0015750638	0.0000000060	0.1859834509	0.1911066445
1	0.2755316194	0.2725610288	0.0716152737	0.0000016060	0.3802904720
0	0.0633331316	0.0948412511	0.8030577950	0.0130778716	0.0256899508
1	0.1581222588	0.5988572111	0.0343154910	0.0210778771	0.1876271620
0	0.3520241803	0.0453779156	0.4421826302	0.1603930463	0.0000222276
0	0.5257946510	0.0685879405	0.4010659266	0.0000000000	0.0045514819
0	0.9189796338	0.0022351882	0.0562775802	0.0225050528	0.0000025451
0	0.0872466251	0.0001239043	0.0000333741	0.4512287960	0.4613673005
0	0.5585410958	0.0000000002	0.0024211312	0.1329665858	0.3060711871
0	0.0166153898	0.7952048929	0.0040036908	0.1695171325	0.0146588940
0	0.0288668090	0.7025587993	0.0001956506	0.1293677374	0.1390110038
