0	0.0949126907	0.0000000000	0.0167414777	0.8883458316	0.0000000000
0	0.3948660913	0.0508857582	0.3608548186	0.0000229078	0.1933704241
0	0.1020426798	0.0642022259	0.5777700825	0.0289522278	0.2270327840
0	0.1123775522	0.0226669047	0.1033286148	0.4615343262	0.3000926021
0	0.2163804292	0.4025459995	0.3473876854	0.0033044537	0.0303814323
0	0.0004188467	0.0661675710	0.2656369999	0.5091961459	0.1585804365
0	0.0332902709	0.0000058299	0.0492005221	0.9156911648	0.0018122122
0	0.0002473061	0.0487472852	0.1825671788	0.7677586728	0.0006795572
1	0.2365816226	0.0386097510	0.0137937650	0.1498603094	0.5611545520
1	0.3629312064	0.0048872687	0.0011235170	0.6028709569	0.0281870510
0	0.0330805857	0.0063419021	0.3279030481	0.0310297924	0.6016446716
1	0.6137985362	0.0149562829	0.0372939803	0.3334880728	0.0004631277
0	0.0794783618	0.0006009878	0.2045173763	0.0564452053	0.6589580688
0	0.0001514411	0.4176735149	0.0442758486	0.3002431683	0.2376560272
0	0.0021153302	0.6010967295	0.0950891044	0.2999775173	0.0017213187
0	0.1326027550	0.3082342466	0.3981295215	0.1591985076	0.0018349694
0	0.0141148298	0.0343269858	0.1813839164	0.7696623296	0.0005119384
0	0.1145824402	0.0486624410	0.0001179210	0.0134014458	0.8232357521
0	0.4603433449	0.0008953283	0.5307313664	0.0080299605	0.0000000000
0	0.0000365244	0.0000000000	0.2054692614	0.7209738940	0.0735203201
0	0.0951395365	0.2238891743	0.0525146910	0.4928973851	0.1355592132
0	0.0000007371	0.0541530652	0.5074724496	0.3599735279	0.0784002202
0	0.0077796846	0.0008443456	0.0055522626	0.0019132814	0.9839104257
0	0.2344330401	0.6020625177	0.1602728021	0.0029072410	0.0003243991
0	0.0417583163	0.2169073217	0.7027121123	0.0262645357	0.0123577139
0	0.0000000118	0.0587388052	0.8727822917	0.0683710098	0.0001078816
0	0.0000000000	0.0183507843	0.1963450406	0.7704353113	0.0148688638
0	0.2185475919	0.0020017059	0.0077379098	0.1194618173	0.6522509750
0	0.0600479453	0.0058661104	0.0031675813	0.2750039678	0.6559143952
0	0.1142565445	0.1749452191	0.1422937856	0.0005996990	0.5679047518
1	0.0564450579	0.2440047083	0.5846877746	0.0718486304	0.0430138288
0	0.1786793017	0.7581559138	0.0626522948	0.0000000000	0.0005124897
1	0.0404308249	0.3635032741	0.5918123226	0.0000000000	0.0042535784
1	0.0163755957	0.1753931525	0.7351208917	0.0673247232	0.0057856370
0	0.2305032373	0.3608543585	0.0254590371	0.1522203564	0.2309630107
0	0.0311662780	0.1374343065	0.1174146683	0.7139574562	0.0000272910
0	0.0856481601	0.0424031509	0.8110139039	0.0000000066	0.0609347785
0	0.0012958531	0.0272429014	0.0033746298	0.9284941972	0.0395924185
0	0.1393975697	0.6148531514	0.0003883545	0.0674500258	0.1779108986
0	0.1782724497	0.0012529697	0.3968675383	0.1963501026	0.2272569397
0	0.0000003708	0.7963288053	0.0351622876	0.1612585856	0.0072499507
1	0.4823670324	0.1243603713	0.0117136292	0.3682356123	0.0133233548
1	0.0572357340	0.2233337279	0.0607570249	0.6411477377	0.0175257755
0	0.0395367505	0.7880300198	0.0002495198	0.0000000231	0.1721836869
0	0.2052338488	0.1392063527	0.4491355138	0.1058479481	0.1005763366
0	0.1646073609	0.0062179840	0.6334521956	0.0000000000	0.1957224595
0	0.4269184848	0.0345434683	0.4750090832	0.0126261655	0.0509027981
1	0.0086886933	0.0000185516	0.0153338844	0.0845889738	0.8913698970
0	0.0815416692	0.0957617930	0.0301579119	0.7925386259	0.0000000000
0	0.0006706166	0.0617384490	0.8364410698	0.0796871292	0.0214627355
0	0.0090115545	0.3689081561	0.0674931264	0.0344638388	0.5201233241
0	0.8648942611	0.1297103592	0.0003384585	0.0000000000	0.0050569212
0	0.6142396059	0.1105931083	0.1087524170	0.0108812987	0.1555335702
1	0.3182619213	0.3740942033	0.0000960369	0.3075478385	0.0000000000
1	0.0000000182	0.8649667683	0.0119531975	0.0779944097	0.0450856062
0	0.0792678612	0.0155616624	0.7302866895	0.0386596000	0.1362241869
0	0.2255802059	0.0000000000	0.7737080248	0.0000000000	0.0007117693
1	0.2885097019	0.6669637470	0.0000000357	0.0441586844	0.0003678309
1	0.0264160971	0.4578455962	0.1259248191	0.0598962220	0.3299172656
0	0.5361039643	0.3114140002	0.0352210095	0.0818449130	0.0354161130
0	0.0007476495	0.0010452417	0.4775982257	0.1697139974	0.3508948857
2	0.4283441557	0.0520417090	0.0206940818	0.0788235623	0.4200964912
0	0.2723884148	0.0324788387	0.4251298523	0.2632318232	0.0067710710
0	0.0000000000	0.0581900632	0.6437587537	0.2894104074	0.0086407757
1	0.1327632388	0.2829052723	0.2291452639	0.3473314915	0.0078547335
0	0.0342604878	0.0812120171	0.6690902419	0.2154372532	0.0000000000
0	0.5237719554	0.1441649362	0.0113365388	0.2650072148	0.0557193549
0	0.2622165753	0.0857771335	0.2637112331	0.0000024853	0.3882925728
1	0.3868285144	0.1361365850	0.0588989147	0.0412182415	0.3769177444
0	0.0093403985	0.0186547694	0.4347982428	0.0158271825	0.5213794068
0	0.1175961901	0.0625179194	0.1393836392	0.6609099539	0.0195922974
0	0.0019213172	0.1187333638	0.1450196256	0.1461181906	0.5882075028
0	0.6669432823	0.0000000000	0.0592904631	0.0934537862	0.1803124685
0	0.2002863207	0.0004893604	0.5082855289	0.1061063008	0.1848324892
0	0.7068580191	0.0000023974	0.1465660380	0.0086532254	0.1379203201
1	0.0000108637	0.0965207392	0.8843001206	0.0191682293	0.0000000472
0	0.7500447432	0.0764160540	0.0347317148	0.1388074813	0.0000000068
0	0.0106429978	0.0544115711	0.0022880395	0.8788918336	0.0537655580
1	0.4049487482	0.0346887602	0.5600530707	0.0000000273	0.0003093936
0	0.0257729119	0.0790319300	0.6114670831	0.2674983783	0.0162296967
1	0.0602687294	0.1755831765	0.3571035916	0.3897917143	0.0172527883
0	0.2558207308	0.4965443343	0.0326786537	0.0000434623	0.2149128189
0	0.0032385416	0.2253710829	0.3297156254	0.4273523304	0.0143224197
0	0.0081887904	0.1512118399	0.7453368945	0.0000000022	0.0952624729
0	0.0041840150	0.1608878881	0.3779807439	0.3478603418	0.1090870112
0	0.0000002146	0.4782954569	0.5196094269	0.0001050849	0.0019898166
0	0.0256330918	0.0000135563	0.1331042815	0.0041274144	0.8371216560
2	0.1075439956	0.5974303041	0.1249994903	0.0628458403	0.1071803696
0	0.0435107167	0.0006631061	0.4109333624	0.0472039326	0.4976888822
0	0.0000000076	0.0000000000	0.6070820324	0.0574195804	0.3354983796
0	0.0089915524	0.0289537152	0.0000000000	0.2373489691	0.7247057634
0	0.7390482240	0.0076567307	0.0128037800	0.0056875256	0.2348037397
0	0.3357217318	0.0576986836	0.1428427729	0.0011585060	0.4625783056
0	0.0478414549	0.7083467022	0.0000000000	0.2438098137	0.0000020292
0	0.2017161994	0.1949531113	0.5508293619	0.0524979882	0.0000033391
1	0.1474031386	0.0303648304	0.8201920888	0.0020156365	0.0000243057
1	0.1352840168	0.8467626684	0.0021314449	0.0030979983	0.0127238716
0	0.0497907052	0.0407478774	0.4941267122	0.4153216839	0.0000130213
0	0.2960726803	0.2542483113	0.0000180713	0.2348044070	0.2148565301
0	0.0932036994	0.4131659748	0.0420707416	0.2192237975	0.2323357868
