0	0.0000453020	0.0000000000	0.0274574794	0.1438470441	0.8286501744
0	0.3454260339	0.0084986379	0.2748824545	0.0000000035	0.3711928701
0	0.0481668243	0.4745603558	0.1904336926	0.2204853216	0.0663538058
0	0.0000061741	0.0001069873	0.7465453094	0.2525936053	0.0007479240
0	0.2847666118	0.2878348722	0.3496236177	0.0777748983	0.0000000000
0	0.7731301071	0.0000000000	0.1794753984	0.0339163244	0.0134781701
0	0.0129683443	0.0226702753	0.0003488781	0.9007409238	0.0632715784
0	0.0057769582	0.3966650138	0.5738729607	0.0003390144	0.0233460528
0	0.0119018939	0.1102468904	0.3142689460	0.4064096923	0.1571725775
1	0.3311317005	0.0935102803	0.2056052796	0.3654233884	0.0043293513
0	0.0000000000	0.0342214750	0.1848489325	0.7809285933	0.0000009993
1	0.1687945121	0.3958613306	0.0773875900	0.0053349968	0.3526215706
0	0.3331048236	0.2041836840	0.0000006294	0.3435146020	0.1191962610
0	0.0837984918	0.0671973108	0.0744959987	0.7587585515	0.0157496472
1	0.9299079160	0.0597171695	0.0001913018	0.0101835898	0.0000000229
0	0.2192140166	0.0000000189	0.0003746312	0.5519287132	0.2284826200
0	0.3740712517	0.1354870956	0.0571999964	0.3978571356	0.0353845206
0	0.3277488307	0.2318162073	0.3663463031	0.0739702756	0.0001183832
0	0.0656973662	0.4890903535	0.0807678162	0.0719508323	0.2924936318
0	0.6422254546	0.1596281966	0.1960344611	0.0021118876	0.0000000000
0	0.1492451983	0.7764116431	0.0102018471	0.0000000000	0.0641413115
0	0.0000487504	0.7636520356	0.0017652009	0.0000000679	0.2345339452
0	0.0702684347	0.1757313924	0.3556857241	0.3254914534	0.0728229955
0	0.0129309425	0.1171388562	0.0000003326	0.8542855258	0.0156443429
0	0.6627348161	0.2796367135	0.0421866566	0.0069859581	0.0084558557
1	0.0447263375	0.0003104605	0.0086360849	0.0917496919	0.8545774252
0	0.6569118492	0.2290889250	0.0614441243	0.0525217057	0.0000333958
0	0.0360308254	0.2192770587	0.0000000278	0.7066602922	0.0380317960
0	0.3296056862	0.2347780630	0.2789001245	0.0000718402	0.1566442860
1	0.3667450228	0.0145349359	0.0002560745	0.4191179298	0.1993460370
0	0.0149914915	0.1476563451	0.2991019036	0.1323547338	0.4058955260
0	0.0023108642	0.0012684772	0.0290114462	0.4199915520	0.5474176605
0	0.0007172094	0.0000000001	0.7815740733	0.0208253650	0.1968833521
0	0.2519083208	0.0007219716	0.3242840726	0.0205872742	0.4024983608
0	0.0004983982	0.5742709916	0.1302096069	0.0000000000	0.2950210033
0	0.3832980736	0.0100387252	0.0377914688	0.0518535906	0.5170181418
0	0.1345630385	0.1376694157	0.4212238019	0.0000179758	0.3065257681
0	0.1582994136	0.0013614209	0.4596878172	0.0927166823	0.2879346660
0	0.0104241785	0.0095367092	0.2699012915	0.0000000005	0.7101378203
0	0.3729559357	0.2650465583	0.0590089364	0.3010711685	0.0019174012
0	0.0399387235	0.0032706441	0.0822106500	0.6546187472	0.2199612352
0	0.0000000090	0.0199077979	0.2008106077	0.7507238113	0.0285577741
0	0.1368727159	0.2562687531	0.5921973417	0.0000000200	0.0146611694
0	0.1769469305	0.3198794300	0.4045300200	0.0892942448	0.0093493747
0	0.0000002888	0.1133870289	0.0121572798	0.6662892454	0.2081661571
0	0.0004175959	0.2998683559	0.4984632967	0.0002415853	0.2010091662
0	0.0505134435	0.0939252618	0.8327319447	0.0198246401	0.0030047099
1	0.4250881355	0.1083851092	0.3293174964	0.0418377858	0.0953714730
1	0.3203598368	0.1743713023	0.1001623160	0.4051065449	0.0000000000
2	0.0153847635	0.0001224659	0.0014564423	0.7422842047	0.2407521236
0	0.2984273087	0.1220431591	0.0051068378	0.0000000000	0.5744226945
0	0.0402740126	0.0454550426	0.2203846276	0.2566350760	0.4372512411
0	0.1476822756	0.0005954580	0.4678507809	0.0574929872	0.3263784983
0	0.7245980339	0.0022658775	0.2672916330	0.0000756495	0.0057688061
0	0.4971873742	0.0237903448	0.2431291261	0.1921948358	0.0436983190
0	0.0008303041	0.0033113921	0.0000390983	0.3621840262	0.6336351793
1	0.4795641352	0.1772321959	0.1620387299	0.0014578102	0.1797071288
0	0.1052473613	0.3877317385	0.2515244568	0.1623956607	0.0931007828
0	0.1447550803	0.0241777983	0.0148435276	0.5157742051	0.3004493887
1	0.4654884367	0.2135155341	0.2232433449	0.0000780681	0.0976746163
0	0.0480041121	0.0122516329	0.9322287347	0.0021627260	0.0053527943
1	0.0103009352	0.0000006910	0.2360171357	0.2918931234	0.4617881148
1	0.0068159274	0.0000001563	0.9709187269	0.0222651894	0.0000000000
1	0.4403173203	0.0829979035	0.0765605237	0.4001240729	0.0000001796
0	0.1067054990	0.3094118895	0.0000846288	0.0373135243	0.5464844584
0	0.5781866681	0.0497461223	0.2322820316	0.0223921617	0.1173930164
0	0.6676495607	0.0000000000	0.2333421973	0.0648692119	0.0341390300
1	0.0224425033	0.4978347936	0.0000014199	0.1715233173	0.3081979659
0	0.0000177471	0.0007207531	0.0000000000	0.9022557279	0.0970057718
0	0.0134902661	0.3738610814	0.0782662930	0.1058190883	0.4285632712
2	0.0398371219	0.0077391328	0.7673712208	0.0939826210	0.0910699035
0	0.3783007440	0.1290981670	0.0931583377	0.0563503108	0.3430924405
0	0.0169794485	0.2397683778	0.6341297528	0.0434772012	0.0656452197
1	0.0138680604	0.0830763692	0.0453539601	0.7579055697	0.0997960407
0	0.1738467135	0.5315255483	0.0196347428	0.0716798937	0.2033131018
0	0.5198310757	0.0014892737	0.0293632853	0.4460114053	0.0033049601
1	0.0011418940	0.9624837943	0.0359531522	0.0000052619	0.0004158976
0	0.0000000000	0.2105200995	0.1879730911	0.1500926243	0.4514141850
1	0.0760650179	0.0001258390	0.0000000000	0.6164230161	0.3073861269
0	0.1648689031	0.0000230675	0.0161808654	0.4828051976	0.3361219663
0	0.2293819532	0.0000003069	0.5351375583	0.1231383914	0.1123417901
0	0.1076302264	0.0188459585	0.1376863566	0.0509559846	0.6848814739
0	0.2880812805	0.0099795379	0.0538583966	0.6473200925	0.0007606925
1	0.0185735988	0.0159514219	0.8666542521	0.0902246728	0.0085960544
0	0.0000072415	0.0506324303	0.0582376702	0.5684561499	0.3226665082
0	0.0371409019	0.1766943922	0.4527628847	0.0179569387	0.3154448825
0	0.0540323221	0.3608431397	0.0372869451	0.0549396464	0.4928979466
0	0.0000000017	0.1245741406	0.0000000162	0.0147179425	0.8607078990
0	0.1663716004	0.0453812576	0.0000000000	0.7801155095	0.0081316326
0	0.4851031621	0.1446980253	0.0869437942	0.0027504067	0.2805046118
1	0.1213960882	0.0030587627	0.0000000070	0.0000000000	0.8755451421
1	0.0504886213	0.7852402600	0.1334597399	0.0069768226	0.0238345562
0	0.2816861342	0.1928883598	0.2674083698	0.2580138951	0.0000032411
0	0.2515303163	0.0267851557	0.6992699805	0.0004507160	0.0219638316
0	0.2453143745	0.0285741888	0.3625235399	0.3635878968	0.0000000001
0	0.0000566751	0.0000005664	0.3542215196	0.2766309638	0.3690902751
1	0.2868868575	0.3097609441	0.0000000835	0.3696168970	0.0337352179
0	0.0000000000	0.6343884328	0.0073536632	0.0191741949	0.3390837092
1	0.3557189679	0.0274901746	0.0014729107	0.3775229336	0.2377950133
0	0.0005411273	0.0757148672	0.6022281039	0.3213382122	0.0001776894
