0	0.4226257194	0.2130431575	0.0080685571	0.0689678514	0.2872947145
0	0.0178583843	0.0312135987	0.6536008058	0.2779245470	0.0194026641
0	0.2245937892	0.3424066028	0.0327466044	0.3999817638	0.0002712397
1	0.0158518237	0.0000043894	0.4521923428	0.1906523348	0.3412991092
0	0.2916823875	0.0476711894	0.4529375346	0.1524516424	0.0552572461
0	0.2273420862	0.4401758497	0.0534517338	0.0626597424	0.2163705879
0	0.0366987061	0.1507760519	0.4788390585	0.0663464200	0.2673397635
1	0.0007918775	0.0234331886	0.2821220285	0.1317904914	0.5618624139
1	0.1082528178	0.7620077250	0.0043419566	0.0471070279	0.0782904727
0	0.1353691698	0.0000000000	0.7550368355	0.1092923027	0.0003016920
0	0.0085521028	0.9507631747	0.0008829463	0.0200605351	0.0197412411
0	0.0007061121	0.9382708044	0.0023468941	0.0000000000	0.0586761894
0	0.2286612923	0.1170094883	0.0039127125	0.0105442741	0.6398722328
1	0.0201204897	0.9466136732	0.0000515486	0.0283893751	0.0048249134
0	0.0000000000	0.0002165690	0.5363087027	0.4225436609	0.0409310674
2	0.6159392451	0.2121723519	0.0083558288	0.0000020588	0.1635305155
0	0.0979847600	0.4600683300	0.3542724646	0.0099074776	0.0777669677
0	0.1039052838	0.5705619622	0.3255327360	0.0000000000	0.0000000180
0	0.4140182273	0.5000808141	0.0645223987	0.0013335215	0.0200450384
1	0.1190388231	0.4055753653	0.0139746685	0.4614111431	0.0000000000
0	0.0011401484	0.2530947797	0.3270921419	0.0043934438	0.4142794862
0	0.0059065460	0.0398278486	0.1633098849	0.5687459900	0.2222097305
0	0.0008219168	0.0001097555	0.0819941897	0.4913614266	0.4257127115
0	0.0000000000	0.0748960839	0.3755436169	0.3214581242	0.2281021749
0	0.0008353904	0.0000001169	0.0176965600	0.4418569697	0.5396109630
1	0.0422728382	0.0013238187	0.3015558099	0.1711450151	0.4837025182
0	0.0000583690	0.0003921278	0.3827683818	0.2034652240	0.4133158973
0	0.0052345472	0.6544640413	0.0210294825	0.1491724479	0.1700994811
0	0.0000245990	0.0008771186	0.3546601938	0.5050464775	0.1393916111
0	0.0486299595	0.0047130814	0.0145073103	0.7381419780	0.1940076708
1	0.0037535950	0.3073543353	0.0254937437	0.4602657852	0.2031325408
1	0.0248204490	0.8222266157	0.1401811466	0.0000006525	0.0127711362
1	0.4907573386	0.0008317570	0.0058831991	0.0000983562	0.5024293491
0	0.1716687030	0.6861932419	0.0402525545	0.1017037934	0.0001817071
0	0.0001162970	0.1300600377	0.6351475728	0.0005225938	0.2341534987
0	0.0000000000	0.7269387616	0.2392797032	0.0337756000	0.0000059352
0	0.6756698237	0.1852080320	0.0744301852	0.0077296309	0.0569623282
1	0.2895440876	0.2687384333	0.0136512435	0.3367317587	0.0913344769
1	0.0689064106	0.1263671407	0.0140688753	0.6394462360	0.1512113374
0	0.0419681520	0.3193260139	0.2153499460	0.4233558881	0.0000000000
0	0.0201052502	0.5011431221	0.0640045440	0.3261155128	0.0886315709
0	0.0035825678	0.1559554153	0.0000003444	0.0014274649	0.8390342076
1	0.0009259131	0.2766246721	0.2802564688	0.0000123754	0.4421805707
0	0.0000677160	0.7912075787	0.1749333362	0.0000000000	0.0337913691
0	0.0079639264	0.0747858052	0.5653011221	0.1303772452	0.2215719011
0	0.3070523417	0.1694047668	0.0000334401	0.3006503911	0.2228590604
0	0.2509344158	0.2276685507	0.0012501737	0.4173155630	0.1028312967
0	0.0000000000	0.0071781082	0.3812200202	0.5867466849	0.0248551867
0	0.0000000039	0.2865104660	0.4192982266	0.0000000000	0.2941913034
0	0.1510128893	0.0705457452	0.1246569348	0.2601643655	0.3936200653
0	0.0000047141	0.6418478585	0.0938723455	0.2405797179	0.0236953639
0	0.0011636729	0.2577120969	0.5471222146	0.1837080752	0.0102939405
0	0.0438775408	0.0246954567	0.2634315933	0.3677842858	0.3002111234
0	0.0000000197	0.0542396932	0.0206173332	0.0000010086	0.9251419452
0	0.1752226208	0.1967487564	0.2468059433	0.3566311717	0.0245915077
0	0.0844820208	0.6677472036	0.1089972883	0.1166647394	0.0221087478
0	0.1249622171	0.0402676510	0.0027413390	0.0870613582	0.7449674348
0	0.8333644963	0.0039701705	0.0466760225	0.0847082239	0.0312810868
0	0.0233983548	0.6807720462	0.0053243022	0.2866853914	0.0038199054
0	0.0637482549	0.0000000000	0.7350335828	0.0491808416	0.1520373207
0	0.4236756398	0.0744499031	0.4376270769	0.0364618703	0.0277855100
0	0.1799514492	0.0000000000	0.2456009507	0.3430441043	0.2314034958
0	0.0025562649	0.2851261748	0.0774716592	0.6343766932	0.0004692079
0	0.0586816905	0.0121496663	0.0373511284	0.2290735253	0.6627439895
1	0.0932407881	0.0000000000	0.0085862723	0.0003927537	0.8977801859
0	0.8660061843	0.0292073904	0.0071399981	0.0671553159	0.0304911114
0	0.2502813165	0.6553359763	0.0077894468	0.0006350589	0.0859582015
0	0.1555754445	0.0813423300	0.3334887631	0.0003484149	0.4292450475
0	0.0006736208	0.0030466418	0.2259969871	0.2505618767	0.5197208736
0	0.5050531789	0.0000004032	0.0066646979	0.4569380367	0.0313436832
1	0.5528028447	0.0664777709	0.0077106593	0.3696215653	0.0033871598
0	0.0026706560	0.8782033192	0.0096747974	0.0197207578	0.0897304695
0	0.0000106205	0.0378097027	0.1829720615	0.1257575171	0.6534500983
0	0.8190742843	0.0000076159	0.0030160559	0.1535546502	0.0243473937
0	0.9431000230	0.0117427680	0.0000000000	0.0260960083	0.0190612006
1	0.5759704900	0.0497741337	0.0089072968	0.2487966702	0.1165514092
0	0.2409323236	0.0034539782	0.0347105262	0.0219401920	0.6989629800
1	0.3488676640	0.0000000575	0.3576066942	0.0995101680	0.1940154162
1	0.2434186329	0.5765522544	0.0000000000	0.1798895472	0.0001395656
0	0.2883759761	0.0262165836	0.0000004095	0.0098643034	0.6755427275
0	0.3483712818	0.0181949962	0.0000012049	0.0003894174	0.6330430998
1	0.0195861301	0.9418498010	0.0058442794	0.0000001438	0.0327196456
0	0.4661759190	0.0009442048	0.4756712092	0.0297665811	0.0274420859
0	0.1019961658	0.2394275979	0.0400647467	0.5516627700	0.0668487195
0	0.1572975856	0.0186337405	0.4134677412	0.0052042061	0.4053967265
0	0.3084989847	0.3298170511	0.2113840651	0.1483245323	0.0019753668
1	0.1220486960	0.0003099302	0.0158577672	0.4850798406	0.3767037661
0	0.0000023713	0.2319785882	0.3540058127	0.2336404722	0.1803727555
0	0.0000000000	0.0000000000	0.0002016118	0.9610449551	0.0387534331
0	0.1390000414	0.0000000592	0.0000000000	0.0743969832	0.7866029162
0	0.0862429221	0.0000000000	0.0426974548	0.8247952052	0.0462644178
0	0.0650648294	0.0177490854	0.0615086957	0.0002837636	0.8553936260
0	0.4365382326	0.5540262920	0.0093622289	0.0000015101	0.0000717364
1	0.2378725425	0.5192229567	0.2255177630	0.0173867378	0.0000000000
1	0.2025693325	0.0306804370	0.2509285123	0.4146550905	0.1011666277
0	0.0000091797	0.3796681658	0.0025199140	0.3670588025	0.2507439381
0	0.0042721266	0.2827875540	0.0332094921	0.1523976967	0.5273331306
0	0.0230190802	0.0015414341	0.6102708043	0.1720631096	0.1931055718
0	0.0613648261	0.0092340973	0.0184368349	0.1124718566	0.7984923851
0	0.0886339520	0.6823740239	0.1996422622	0.0290561295	0.0002936325
