1	0.0495047394	0.2038777994	0.0112521773	0.7350827364	0.0002825475
0	0.2134213250	0.0000974483	0.0359241751	0.7505349038	0.0000221478
0	0.0164564838	0.0873989799	0.2960202291	0.5283557968	0.0717685105
1	0.0008906536	0.0015064833	0.0000010200	0.1062254708	0.8913763723
0	0.6139833905	0.1243749133	0.0956178908	0.1659696697	0.0000541357
0	0.2887259991	0.2105014891	0.0000000021	0.0000627109	0.5007097987
1	0.0437264291	0.1110201370	0.0037060504	0.0000000006	0.8415473829
1	0.1344490748	0.1594968996	0.0000000000	0.4322614392	0.2737925865
0	0.3515358928	0.0000000000	0.0051873819	0.1197539110	0.5235228144
1	0.2935430389	0.0069894190	0.2036612083	0.1094291036	0.3863772303
0	0.0000000000	0.0560423720	0.0001327934	0.9348147742	0.0090100604
0	0.0000006769	0.1173374569	0.5933915051	0.0094218811	0.2798484801
0	0.0000000004	0.7962676891	0.1179066492	0.0663355825	0.0194900788
0	0.1375537811	0.6916552189	0.0000004349	0.1573719591	0.0134186061
0	0.6468061845	0.0012086047	0.3482457903	0.0000724315	0.0036669891
1	0.1275189048	0.6089839068	0.2127737287	0.0000000000	0.0507234596
0	0.0084923947	0.0235925693	0.0964859247	0.0391791479	0.8322499634
0	0.2300790064	0.3844852222	0.0309233483	0.3545124231	0.0000000000
0	0.0287182659	0.4999284162	0.3393861166	0.0001885155	0.1317786857
0	0.0398452649	0.0404523966	0.0150588795	0.7822828896	0.1223605694
0	0.3049970178	0.0135265121	0.4203377529	0.0000000624	0.2611386548
0	0.2639292914	0.1303278168	0.5625104075	0.0346407589	0.0085917253
0	0.0825193221	0.0876362322	0.0002173176	0.6043856664	0.2252414617
0	0.0054745655	0.1079944340	0.7546324901	0.0000022146	0.1318962959
0	0.1296548489	0.0002950882	0.5338606762	0.2866097608	0.0495796260
0	0.2546687989	0.6473059489	0.0000000000	0.0081398153	0.0898854370
1	0.0001832147	0.3789298468	0.0154125674	0.3617166462	0.2437577249
0	0.0329060944	0.0433319684	0.1823334138	0.0728220134	0.6686065100
0	0.0034762485	0.0309568279	0.0592140615	0.8923244339	0.0140284282
0	0.0018156307	0.6854399362	0.1228541838	0.0740221916	0.1158680577
1	0.0722231639	0.0594661906	0.2204982693	0.0600553306	0.5877570456
1	0.5399297446	0.0009737315	0.0000003439	0.0532018961	0.4058942839
0	0.0860022497	0.4223986181	0.0354001380	0.1640945975	0.2921043966
0	0.1625370645	0.0382127134	0.4300826641	0.1791370114	0.1900305467
0	0.0331046597	0.0042359754	0.0214931584	0.9411459698	0.0000202367
0	0.4695443766	0.0141154466	0.1872849337	0.1129667802	0.2160884630
0	0.4800041161	0.0567578272	0.0505262175	0.0910493725	0.3216624667
1	0.0044701558	0.0001766907	0.1297104669	0.8365618316	0.0290808551
0	0.3629586548	0.2525327748	0.3808689812	0.0033202208	0.0003193684
0	0.0038127164	0.0144057225	0.8190025695	0.1355959431	0.0271830485
0	0.4398014901	0.3049932864	0.0168083493	0.1443669884	0.0940298859
0	0.7416866990	0.0268889929	0.0053738531	0.1235148827	0.1025355723
0	0.0287211126	0.0000000000	0.0192143907	0.1349686374	0.8170958593
0	0.0431345692	0.0836701429	0.0096614224	0.8633947461	0.0001391194
0	0.2171286059	0.0611415307	0.4539940824	0.0004313479	0.2673044331
0	0.2572015227	0.0201391510	0.7195783202	0.0030766242	0.0000043819
1	0.5467769333	0.0308708652	0.0001304490	0.1527721378	0.2694496148
0	0.0000000003	0.1042912403	0.0105458972	0.7819534909	0.1032093713
0	0.1220661440	0.0002315864	0.2377933690	0.4937686623	0.1461402383
0	0.1920229442	0.0353447042	0.0348843129	0.0070829902	0.7306650485
0	0.1967396834	0.4051041004	0.1047388710	0.2926025167	0.0008148285
1	0.2472430819	0.1070780240	0.4990688498	0.1466092531	0.0000007911
0	0.3567289644	0.0121460000	0.0368358310	0.5662592730	0.0280299316
0	0.0084139650	0.2670435955	0.5027330628	0.0354571470	0.1863522297
0	0.0000000295	0.6853467757	0.2651680279	0.0215683199	0.0279168470
1	0.0111249396	0.0109509399	0.1419756705	0.0835766539	0.7523717961
0	0.4420095538	0.5271298683	0.0092467196	0.0006826634	0.0209311949
0	0.1604450463	0.0441802174	0.0006011157	0.7947735239	0.0000000967
0	0.2386144476	0.0510860096	0.5518069556	0.1513340458	0.0071585415
0	0.7294500237	0.0029334988	0.0788198629	0.0158399841	0.1729566306
0	0.8290077403	0.0011973214	0.0070886526	0.1362684985	0.0264377872
0	0.0601025040	0.0171337407	0.9014375067	0.0202211465	0.0011051022
1	0.0013862110	0.5290768367	0.4688988184	0.0001823845	0.0004557494
0	0.2245642095	0.3432727802	0.0015103972	0.3917130988	0.0389395143
0	0.0240074923	0.0716089556	0.0694264135	0.7414930073	0.0934641315
0	0.0042561411	0.0603391750	0.0001685948	0.0257271786	0.9095089105
0	0.4552536502	0.3694391409	0.0986313847	0.0006296725	0.0760461517
0	0.2973817149	0.0467852963	0.2820798043	0.0000004750	0.3737527094
0	0.0310034334	0.9047005609	0.0269566043	0.0216055245	0.0157338769
0	0.4119986340	0.0906450768	0.0000107568	0.2974178166	0.1999277158
0	0.1001379740	0.3202831894	0.3316430913	0.0833033573	0.1646323880
0	0.3977882969	0.0000099573	0.0016714133	0.5483656550	0.0521646776
1	0.0749882436	0.0000000020	0.1172137950	0.7946455547	0.0131524047
0	0.0046875093	0.0000000001	0.9905229498	0.0009261214	0.0038634195
0	0.0000000000	0.2405424830	0.2343074421	0.4168939172	0.1082561577
0	0.1232410775	0.0034570922	0.0000005587	0.0124201878	0.8608810838
1	0.0004860546	0.9978423930	0.0012517146	0.0002743968	0.0001454409
0	0.3070956748	0.2414952437	0.0007243493	0.2971595603	0.1535251718
0	0.3094334364	0.5643885427	0.1198909189	0.0053387467	0.0009483553
0	0.0009964684	0.1850985490	0.3889423596	0.0535313986	0.3714312244
0	0.7180775528	0.0274200002	0.0916662570	0.0700046229	0.0928315671
0	0.0334323567	0.2139941898	0.0074981016	0.1270144737	0.6180608781
0	0.0168426688	0.0000000001	0.6616028523	0.0899195971	0.2316348817
0	0.0628204878	0.4108646221	0.4452661132	0.0707151293	0.0103336476
0	0.0088580511	0.9051576592	0.0357612281	0.0501854025	0.0000376590
1	0.0114241673	0.0017673484	0.6665527098	0.2682973838	0.0519583907
0	0.0108843689	0.2526095959	0.6187676590	0.0749862424	0.0427521338
0	0.0335607043	0.0451945753	0.2154578647	0.7057506266	0.0000362290
0	0.0003334386	0.3354228428	0.1242654219	0.0010488194	0.5389294774
0	0.3097614461	0.0206492644	0.1890107140	0.3195161673	0.1610624082
0	0.6945114679	0.0157000909	0.0011296568	0.0929473273	0.1957114570
0	0.0774454741	0.7643084602	0.0000000303	0.0107394864	0.1475065490
0	0.0346361708	0.0000000489	0.7652478280	0.2000391005	0.0000768518
0	0.3168366124	0.0354875234	0.2210170491	0.0424643821	0.3841944330
1	0.0011672900	0.1263318379	0.6228530991	0.0105553106	0.2390924624
2	0.0025199921	0.0186222647	0.1940639903	0.2715408830	0.5132528699
0	0.0995907055	0.6695637872	0.1272739355	0.1035664963	0.0000050755
0	0.0118136146	0.0598220575	0.8039806956	0.0020582812	0.1223253510
0	0.0119681239	0.4757994811	0.3512026714	0.1610297236	0.0000000000
0	0.0012666747	0.1718281755	0.0550535074	0.4867994923	0.2850521501
