0	0.0014763856	0.5983786579	0.1382290236	0.2313983722	0.0305175607
2	0.0067592005	0.4109349568	0.2056686261	0.0031320535	0.3735051631
1	0.0000000000	0.0044234668	0.0118260930	0.4074459836	0.5763044566
1	0.1279212048	0.7867207418	0.0831563662	0.0000611765	0.0021405107
0	0.5743089778	0.1462921276	0.1705404927	0.0426691478	0.0661892540
0	0.0001390199	0.1882300723	0.2847354764	0.0000000000	0.5268954314
0	0.0794618882	0.0034493776	0.2875106244	0.0684275184	0.5611505914
1	0.5112182944	0.0078059538	0.2392523077	0.0104698622	0.2312535818
0	0.1554623260	0.0141737792	0.3575088190	0.1604109196	0.3124441561
1	0.4900811594	0.2620198978	0.0000451653	0.0903588689	0.1574949085
0	0.0000000000	0.4271437046	0.0050628941	0.0032849702	0.5645084311
0	0.6980905716	0.0499999518	0.1345746954	0.0097504824	0.1075842988
0	0.0000000015	0.0193837335	0.2189640949	0.7612274228	0.0004247474
0	0.9730303502	0.0044557598	0.0209284228	0.0000000000	0.0015854672
0	0.0000000011	0.0057167006	0.0386134782	0.9556179482	0.0000518719
0	0.0003647575	0.2273425297	0.6806789423	0.0915814328	0.0000323377
0	0.0001990072	0.0252387910	0.9422663472	0.0026374269	0.0296584276
0	0.2994862658	0.3749737081	0.1499701048	0.1755482123	0.0000217091
0	0.0434143907	0.3538923411	0.0243238219	0.3841447578	0.1942246885
1	0.4839137792	0.0000041330	0.1664429344	0.0487311270	0.3009080265
0	0.1145058278	0.0108677488	0.6862134588	0.0324662340	0.1559467306
0	0.0000695021	0.0401494546	0.0030312230	0.9534126703	0.0033371500
0	0.0429241762	0.5446087781	0.0060263740	0.4064406717	0.0000000000
1	0.0079227296	0.0151025480	0.0268834150	0.6746022022	0.2754891052
0	0.7080953042	0.0191961847	0.0414414079	0.0237553771	0.2075117261
0	0.9663092966	0.0000075524	0.0064492942	0.0000915709	0.0271422859
0	0.1521618764	0.1828028571	0.0617397774	0.5742548136	0.0290406754
0	0.0864617610	0.1799877859	0.0000000001	0.1049993678	0.6285510852
0	0.2241915420	0.0000000050	0.3978647812	0.0700056396	0.3079380322
0	0.0005285102	0.0469191038	0.0557348527	0.0000000285	0.8968175048
0	0.1708843378	0.5687121186	0.1862754702	0.0546596600	0.0194684134
0	0.1777383070	0.0177352030	0.0692663487	0.2210415883	0.5142185530
0	0.0148408341	0.9086631828	0.0000016259	0.0705001574	0.0059941999
1	0.5794925303	0.0209095193	0.0000015945	0.3452736717	0.0543226843
0	0.0000004145	0.0053134358	0.1764246306	0.0573924578	0.7608690614
0	0.1287035629	0.2163576252	0.0000081067	0.0266366322	0.6282940729
0	0.0622059052	0.0002860000	0.0961338892	0.1743823680	0.6669918376
0	0.0000509460	0.4046316420	0.2546190404	0.0499171343	0.2907812373
0	0.0776474626	0.0000000000	0.4801456680	0.2527661110	0.1894407585
0	0.0427821074	0.0409574168	0.0737489056	0.7162482641	0.1262633062
0	0.0402055073	0.1154527559	0.0000000278	0.8366407449	0.0077009641
1	0.1561548894	0.0007938351	0.3250364200	0.4944487663	0.0235660892
0	0.3941282932	0.0000033604	0.5570124750	0.0487762470	0.0000796244
0	0.0013301856	0.0104153480	0.0003974305	0.9848946658	0.0029623701
0	0.5180751160	0.0280605891	0.0017204220	0.4379530369	0.0141908361
0	0.0100209408	0.0162503717	0.1328072099	0.7483677262	0.0925537514
2	0.0925561283	0.0000000000	0.1476093991	0.1270941790	0.6327402936
0	0.0394423833	0.0116461542	0.0858493685	0.1711485857	0.6919135082
0	0.0006461477	0.0082049534	0.0263060159	0.0209801098	0.9438627732
0	0.0000000000	0.1397443531	0.6274514675	0.2328027237	0.0000014557
0	0.0588182680	0.0004537590	0.9189517364	0.0037444426	0.0180317940
1	0.0032690534	0.2176412032	0.5025678850	0.0258800797	0.2506417787
1	0.0716889478	0.0203027927	0.8716112015	0.0052192924	0.0311777656
0	0.7434786012	0.0778654338	0.1184156267	0.0560763318	0.0041640064
1	0.1780580908	0.7400691334	0.0487446631	0.0304718540	0.0026562586
0	0.0000136723	0.0080538406	0.8974207628	0.0000000000	0.0945117243
0	0.0039332766	0.8314658339	0.1498968858	0.0000000000	0.0147040038
0	0.0000003181	0.1142460016	0.0184394282	0.7613239058	0.1059903463
1	0.0077085744	0.0484571709	0.0584147850	0.4294583375	0.4559611323
0	0.0000035780	0.2121789142	0.4217183968	0.3294216733	0.0366774378
0	0.0454690021	0.2130684220	0.0000075163	0.0000000000	0.7414550597
1	0.1044685815	0.3222315677	0.0380857108	0.0060880608	0.5291260792
0	0.0000000000	0.0160239737	0.0251268813	0.7736095418	0.1852396031
0	0.1921205500	0.5195421399	0.1108446728	0.0140405727	0.1634520645
0	0.0000279797	0.0050910750	0.5400036192	0.0001849953	0.4546923308
0	0.5802729579	0.1712902429	0.0903346711	0.0030122307	0.1550898974
0	0.1256434041	0.5839462534	0.0352246145	0.0000000000	0.2551857279
0	0.1415213651	0.0339201831	0.8161156378	0.0000000149	0.0084427990
0	0.3142069702	0.1578224483	0.0027002790	0.0002348322	0.5250354703
0	0.6819639183	0.0209154791	0.0034194413	0.2444500090	0.0492511522
0	0.0982750499	0.7418722252	0.0000000005	0.1598527244	0.0000000000
1	0.0337931453	0.0004845751	0.1021484057	0.8288409756	0.0347328982
0	0.0737610058	0.1517726827	0.0000150885	0.1917405732	0.5827106499
0	0.0493497134	0.0819914085	0.0019304685	0.5898694965	0.2768589131
0	0.2872229538	0.1137437670	0.0290802038	0.5645320387	0.0054210367
1	0.6003129994	0.0000011379	0.0463084364	0.2079925086	0.1453849176
0	0.4241559179	0.0004080299	0.3462157862	0.2147229929	0.0144972731
0	0.1315624838	0.8664812055	0.0019398749	0.0000164358	0.0000000001
0	0.0422157930	0.2509485798	0.4900501910	0.0306931364	0.1860922999
0	0.0045879070	0.0531750385	0.0524602935	0.6864415989	0.2033351622
0	0.1856607282	0.0027333090	0.6357495301	0.0656353198	0.1102211129
0	0.0606493529	0.1796964149	0.0364752986	0.0025842022	0.7205947314
0	0.0001221933	0.6481659784	0.3246641855	0.0126449960	0.0144026467
0	0.1562916105	0.0000000000	0.0610213368	0.7826870388	0.0000000139
0	0.0633606819	0.1955926332	0.3009231983	0.2521736584	0.1879498281
1	0.3481913184	0.2564598322	0.3563946624	0.0382088614	0.0007453257
0	0.0002827102	0.0047057577	0.4746078357	0.0086446391	0.5117590572
0	0.1540690260	0.0204558179	0.2468841328	0.1263809292	0.4522100941
0	0.3385054008	0.0091701187	0.2484996531	0.0004131733	0.4034116540
0	0.0022270904	0.0514649898	0.2343942264	0.7118377129	0.0000759805
1	0.1859563733	0.0000142720	0.0526958730	0.0001592727	0.7611742089
0	0.6728494758	0.1892185193	0.0089353489	0.0152766672	0.1137199888
0	0.0616270073	0.1528495215	0.4831706909	0.0040210110	0.2983317692
1	0.0085131342	0.0001209751	0.8611341836	0.0000107124	0.1302209947
0	0.0534652991	0.0159231012	0.6631388816	0.2612177631	0.0062549550
0	0.7000960506	0.2008599678	0.0855177460	0.0000000000	0.0135262355
0	0.0308483755	0.3380710468	0.0132046888	0.0186187351	0.5992571538
0	0.7725582005	0.0000007425	0.0847354011	0.1105709454	0.0321347105
0	0.0000164117	0.0123150616	0.2207532145	0.1446666959	0.6222486163
0	0.6112931000	0.0021026562	0.1695571923	0.1839921132	0.0330549382
