2	0.0489776799	0.5368838967	0.3693427539	0.0205346796	0.0242609899
0	0.8313189086	0.1627397375	0.0056164325	0.0001465519	0.0001783695
0	0.0010505474	0.0000432999	0.0022018120	0.8001473039	0.1965570368
0	0.2553148717	0.2675466253	0.0476655794	0.3481287610	0.0813441627
0	0.4444175667	0.0001612127	0.0561875902	0.1103530147	0.3888806156
0	0.0005115344	0.8291828863	0.0309997456	0.1393058311	0.0000000027
0	0.0874552535	0.2106101472	0.0000000000	0.0000004954	0.7019341038
2	0.2810817001	0.0427533422	0.4476599794	0.1770577717	0.0514472067
0	0.0340312786	0.0933413406	0.7677124798	0.0529137299	0.0520011710
0	0.1871051712	0.0000116879	0.6693488383	0.0013283279	0.1422059747
0	0.0037563755	0.1546016222	0.4229201136	0.0140860134	0.4046358753
0	0.0001367327	0.2967262389	0.4841097640	0.0007816019	0.2182456625
0	0.8880731391	0.0005103762	0.0008790847	0.0163363990	0.0942010010
1	0.8729288762	0.0003791532	0.0955837081	0.0279476786	0.0031605838
0	0.0149668655	0.3043112950	0.0613274942	0.3864003894	0.2329939559
0	0.2219869749	0.1677234798	0.0000000000	0.0032055873	0.6070839579
0	0.4592384988	0.2594730344	0.2811296939	0.0000000564	0.0001587165
0	0.0002045888	0.0699497325	0.0005887056	0.2616043891	0.6676525840
0	0.2887412150	0.1071360157	0.1315425100	0.0000863896	0.4724938697
0	0.0066498476	0.0005685991	0.0120617592	0.8641074365	0.1166123577
0	0.4742361593	0.0000207182	0.3665259163	0.0000000000	0.1592172063
0	0.0694967025	0.0001102874	0.4861137232	0.4442792823	0.0000000046
0	0.7173507803	0.1417713874	0.0117006456	0.1002635776	0.0289136092
0	0.0817517706	0.1528897436	0.0000817506	0.7648096337	0.0004671014
0	0.0296452839	0.4295846972	0.0365949700	0.4420133493	0.0621616996
0	0.0129451411	0.4248264033	0.1964941491	0.0855628592	0.2801714473
0	0.0594991829	0.2517114364	0.1506145058	0.0089886048	0.5291862702
0	0.0000000001	0.0443737249	0.1650576604	0.0066533004	0.7839153141
0	0.0150675619	0.1039942626	0.1914520958	0.2539595074	0.4355265723
0	0.0293543098	0.0898329446	0.0224776875	0.8414859068	0.0168491513
0	0.3733560476	0.2503776413	0.0376924295	0.1472735217	0.1913003598
1	0.9186564601	0.0003579950	0.0097103887	0.0711982780	0.0000768782
1	0.4403728517	0.0995737206	0.0301150373	0.4299383904	0.0000000000
0	0.1758392385	0.0060748310	0.0019911209	0.1399139824	0.6761808272
0	0.0189019039	0.0832881861	0.8269619569	0.0000000017	0.0708479514
1	0.1848922741	0.0002005825	0.5467581597	0.2197046594	0.0484443243
0	0.1496531978	0.0267283081	0.2351173373	0.3769342343	0.2115669225
0	0.6987399367	0.2976762538	0.0000000000	0.0004463848	0.0031374247
0	0.5690369756	0.0204414770	0.2474840072	0.0818580778	0.0811794624
1	0.0770782334	0.1187333669	0.0000019258	0.7937696713	0.0104168025
0	0.0378653935	0.0231172552	0.2644441185	0.1122832459	0.5622899868
0	0.4234864906	0.0107216389	0.3074936467	0.1399965993	0.1183016245
2	0.0500579199	0.0419835776	0.8243801337	0.0088327393	0.0747456296
0	0.7275965345	0.0386624782	0.0000004597	0.0309187009	0.2028218266
0	0.0293276411	0.0433768342	0.0249488383	0.8828885162	0.0194581701
0	0.0258695523	0.5497249923	0.0829362284	0.0968286831	0.2446405439
1	0.0148802285	0.3502293586	0.0487909400	0.4229752919	0.1631241810
0	0.0000000048	0.5745776136	0.0066799756	0.2416049748	0.1771374314
0	0.0000000000	0.5708942238	0.3943384924	0.0326616008	0.0021056829
0	0.0027937678	0.4030248331	0.1530005370	0.4374131860	0.0037676760
0	0.2233310109	0.0007752865	0.1121639619	0.4272643674	0.2364653734
0	0.3876138365	0.0000017563	0.1230986885	0.4817653676	0.0075203510
0	0.1606671296	0.0000000411	0.0000000000	0.8391375631	0.0001952661
0	0.0241210755	0.0002779560	0.1421397930	0.8334264053	0.0000347701
2	0.0003639840	0.0016872016	0.2500755139	0.0001222173	0.7477510832
0	0.7807231712	0.1831469116	0.0200306374	0.0097589721	0.0063403076
1	0.0091725320	0.0000106166	0.1943909373	0.7964259141	0.0000000000
0	0.6869144256	0.0727838774	0.0818315124	0.0447970074	0.1136731772
0	0.0992661126	0.3178838708	0.4964517648	0.0861716311	0.0002266206
1	0.2467005037	0.4803105242	0.0525008078	0.2204466565	0.0000415078
1	0.0477236551	0.2469178595	0.0628045999	0.4694076690	0.1731462164
1	0.0582282514	0.1389088735	0.2278319506	0.0001409619	0.5748899625
0	0.0009384086	0.7146797630	0.1300983921	0.0565271605	0.0977562759
0	0.0493537840	0.0000000380	0.0000000002	0.0242228449	0.9264233329
0	0.5176374132	0.0613687570	0.0000625135	0.2361754986	0.1847558177
0	0.2255625315	0.0178248041	0.6960748309	0.0212773167	0.0392605168
0	0.0873877463	0.0009747380	0.0463105069	0.8215736167	0.0437533920
0	0.0218754989	0.0024072377	0.7320856872	0.1589874354	0.0846441408
0	0.0035951946	0.0114716448	0.9700530727	0.0134211828	0.0014589051
0	0.0010095209	0.0209873284	0.0679542313	0.0072071758	0.9028417437
0	0.2263469476	0.0055339745	0.0491119867	0.0000000436	0.7190070476
0	0.0037826731	0.0066209268	0.0742681774	0.6749156942	0.2404125285
0	0.0149572285	0.2502855772	0.0284794626	0.5699733119	0.1363044198
0	0.0717165667	0.0263498062	0.1387652036	0.5465609091	0.2166075144
1	0.0601742030	0.8729348141	0.0000803456	0.0493459815	0.0174646558
0	0.4613491191	0.0658974976	0.0225021294	0.4000671319	0.0501841220
1	0.0388025201	0.4603910326	0.2697985965	0.1058675335	0.1251403173
0	0.5758430337	0.0037899717	0.0068915511	0.0114393005	0.4020361431
1	0.0956446683	0.6623265770	0.0007397452	0.2251045816	0.0161844279
0	0.4180439576	0.3141538674	0.0075914541	0.2599078290	0.0003028920
0	0.0032497556	0.0000000000	0.0212489567	0.6210774743	0.3544238134
1	0.4682486710	0.1531541252	0.2979379091	0.0805661812	0.0000931135
0	0.1020522956	0.4773908351	0.3537993222	0.0473275361	0.0194300110
0	0.0164297819	0.0136276789	0.2496485081	0.3465959997	0.3736980314
0	0.0791846372	0.5514921640	0.0775413641	0.2917665802	0.0000152546
0	0.1134652595	0.0126965113	0.2643241708	0.1372066401	0.4723074183
0	0.0053994983	0.6174962691	0.2325003791	0.1446036967	0.0000001569
0	0.1697902771	0.2260754009	0.0643648323	0.2117908521	0.3279786375
0	0.0155513170	0.1825176119	0.2208812579	0.4930925583	0.0879572549
0	0.5163778748	0.0033649846	0.2817828448	0.0496861635	0.1487881324
0	0.3043678694	0.0296100957	0.0239280167	0.4675930258	0.1745009923
1	0.0070033036	0.0000002285	0.4833242557	0.1336251412	0.3760470709
0	0.1298688533	0.0000000000	0.1516660402	0.5715933546	0.1468717519
0	0.1320344431	0.4326832130	0.0014983505	0.4232673006	0.0105166928
0	0.0106270705	0.0689634803	0.0118832969	0.1962512449	0.7122749074
0	0.0000040307	0.5640618867	0.0123031789	0.4235323862	0.0000985174
0	0.2573422298	0.1916079564	0.1469659461	0.3041338735	0.0999499942
1	0.0741792154	0.0050096699	0.1226487050	0.2035234655	0.5946389442
0	0.0036918701	0.5674834109	0.3526431549	0.0761815641	0.0000000000
0	0.0010581555	0.1642005502	0.0022389582	0.5833166072	0.2491857288
