1	0.0315329298	0.0000495741	0.1528442152	0.8093147436	0.0062585373
0	0.0211344295	0.5707558752	0.4054947198	0.0008870372	0.0017279382
0	0.0000009017	0.6559923894	0.1251297675	0.1068435790	0.1120333623
0	0.0004737421	0.0071118069	0.8901263782	0.0852389555	0.0170491172
0	0.0731472799	0.1770008276	0.1799209388	0.5560605101	0.0138704437
1	0.0088442377	0.1100604847	0.8606414507	0.0204538269	0.0000000000
0	0.0148863744	0.3626176130	0.4060306193	0.0358362635	0.1806291298
0	0.0169529350	0.8708834897	0.1007915995	0.0000366021	0.0113353735
0	0.1988724837	0.6792482265	0.0979795262	0.0020839331	0.0218158304
0	0.2407604543	0.0000737727	0.1533353822	0.0140331011	0.5917972897
0	0.0043476113	0.0003860318	0.7876755930	0.0033534580	0.2042373058
0	0.0000092319	0.0831107491	0.0035992463	0.7252023163	0.1880784564
0	0.1559946622	0.0000399814	0.0040091963	0.2706872329	0.5692689272
0	0.0145515728	0.0008798665	0.2409294269	0.7435388511	0.0001002827
0	0.7780713114	0.0195772176	0.1288897791	0.0638516926	0.0096099993
0	0.0000316036	0.2258482199	0.7011016111	0.0730016540	0.0000169114
0	0.1003122253	0.0436718234	0.4276001312	0.0091478247	0.4192679954
0	0.0499221223	0.0000005551	0.2887159368	0.0151393223	0.6462220635
0	0.3767785455	0.4390436465	0.0000328134	0.0320268311	0.1521181635
0	0.5938335589	0.0000555868	0.0000117645	0.4060987234	0.0000003664
0	0.0000000000	0.4284229924	0.0071552379	0.0381509237	0.5262708460
0	0.0226420468	0.0106873079	0.1282233828	0.7070057236	0.1314415389
0	0.5274215960	0.0519520903	0.0275439385	0.1001643801	0.2929179951
0	0.0996427974	0.6211503018	0.1725913357	0.0898874006	0.0167281644
0	0.1614079725	0.1449994355	0.4889287088	0.1910237073	0.0136401759
0	0.4997742855	0.0142121806	0.4052249331	0.0599012684	0.0208873323
0	0.3290689415	0.5946731722	0.0001868005	0.0167121628	0.0593589229
0	0.0460477923	0.0047808147	0.0284099604	0.0881885315	0.8325729010
0	0.0234270594	0.4281398805	0.0000782142	0.4708034497	0.0775513962
0	0.0838340143	0.0000000000	0.0002811073	0.1836105126	0.7322743657
0	0.7191445167	0.1594800635	0.1147530517	0.0040270185	0.0025953496
0	0.0119843371	0.0031699832	0.3611917649	0.4134174458	0.2102364691
0	0.0633486000	0.0011447481	0.0822317902	0.7873144279	0.0659604339
0	0.0106582195	0.3338649737	0.6553893329	0.0000874738	0.0000000001
0	0.0215985541	0.8177804257	0.0019419774	0.1561345714	0.0025444714
1	0.2286570072	0.5128904850	0.0452482429	0.2039154548	0.0092888101
1	0.0348805742	0.3567285938	0.0852415376	0.4012538323	0.1218954621
0	0.1184054553	0.7877126996	0.0041054784	0.0000000000	0.0897763667
1	0.0120266431	0.5335049924	0.2723086125	0.0005767497	0.1815830023
0	0.0001832177	0.6073222691	0.2218113654	0.0127835663	0.1578995814
0	0.1716231845	0.0000004139	0.1468748590	0.0000000004	0.6815015423
1	0.1396299428	0.2492379680	0.5438366718	0.0003524328	0.0669429847
0	0.1878066008	0.0089322091	0.3821488815	0.2947663497	0.1263459589
1	0.6126690848	0.0055695964	0.0000021984	0.0521632211	0.3295958994
0	0.0158084832	0.3973105800	0.3376067424	0.1494103735	0.0998638208
0	0.0052656325	0.0000000000	0.0135295844	0.9715823428	0.0096224403
0	0.0311429865	0.0813166867	0.0072755341	0.6596815987	0.2205831939
1	0.0000740899	0.0052254085	0.0351715724	0.9315842591	0.0279446702
0	0.0041236132	0.0090380527	0.9819524175	0.0000192857	0.0048666309
0	0.0588414158	0.0088507726	0.1681897411	0.7641180705	0.0000000000
1	0.3112001109	0.0054874639	0.0000000000	0.6266347378	0.0566776873
0	0.1749490721	0.4462607676	0.0138140427	0.0813214160	0.2836547016
0	0.0001119801	0.0062563360	0.4911641627	0.2657360321	0.2367314891
1	0.0686428666	0.9000901346	0.0004407679	0.0308261791	0.0000000518
0	0.1974414906	0.0089424887	0.0344302874	0.7591800724	0.0000056609
1	0.0011608358	0.0226473668	0.6260712548	0.2087903201	0.1413302225
0	0.0001723855	0.0996343578	0.6850575923	0.2148799807	0.0002556837
0	0.0008409788	0.0003689866	0.7809611455	0.1822449120	0.0355839770
0	0.0539461367	0.6206400037	0.2678287150	0.0226265659	0.0349585788
0	0.0002162732	0.3744948689	0.2840128499	0.1789347245	0.1623412834
0	0.4316848983	0.2997776160	0.0065986932	0.2615250943	0.0004136981
0	0.0478386220	0.1978958585	0.1319888619	0.2176421227	0.4046345349
0	0.0000000000	0.7165466637	0.0079239826	0.1923436392	0.0831857145
0	0.0000000005	0.1159066766	0.6055130344	0.1993188386	0.0792614499
0	0.0023718713	0.0248341166	0.0001049715	0.8945744708	0.0781145698
1	0.0419831822	0.2482380228	0.2787293265	0.3271285677	0.1039209007
0	0.0270086073	0.0830029528	0.6580964048	0.1047869106	0.1271051244
0	0.0910798722	0.0000000001	0.8589220831	0.0045552519	0.0454427928
0	0.0284704420	0.5402287116	0.0059242953	0.0132044393	0.4121721117
0	0.0000000000	0.1236873930	0.6229965304	0.0123943611	0.2409217155
0	0.0004625148	0.4579098618	0.2342636039	0.0001873744	0.3071766452
0	0.9261634827	0.0221745065	0.0123779192	0.0357072330	0.0035768585
0	0.3242623642	0.2119222269	0.1443729767	0.0117321247	0.3077103074
0	0.0000001291	0.0607429693	0.0012828837	0.3547998488	0.5831741691
0	0.1290845895	0.4400817165	0.0023740167	0.4139736734	0.0144860040
0	0.1468119431	0.7662368932	0.0012414273	0.0223340655	0.0633756709
0	0.1323933773	0.0111920039	0.0860189248	0.7703956940	0.0000000000
0	0.4724064593	0.0836609142	0.0535970328	0.1579398258	0.2323957678
0	0.2149665170	0.0000000061	0.1142757588	0.0000000000	0.6707577181
0	0.3810156979	0.2465041511	0.1914744475	0.0564650141	0.1245406893
0	0.6724458792	0.1679705974	0.0071645133	0.1523021712	0.0001168389
2	0.9096101647	0.0000000006	0.0281450518	0.0461319114	0.0161128716
0	0.7679817657	0.2205050849	0.0002912834	0.0111471246	0.0000747414
0	0.1212275611	0.0779464910	0.0000162221	0.4969513775	0.3038583483
0	0.1813488513	0.2041432623	0.0000000039	0.4593483826	0.1551594999
0	0.0054871633	0.0246180490	0.0000000001	0.5449423135	0.4249524742
0	0.7860798470	0.0023223789	0.1399344597	0.0568767887	0.0147865256
0	0.0011128395	0.0001560775	0.0408219768	0.9172382138	0.0406708923
0	0.1379407495	0.0361688674	0.0000000002	0.1865141177	0.6393762652
0	0.4811407073	0.0155095354	0.0000879764	0.3480521859	0.1552095951
1	0.1009654538	0.8250647075	0.0527982054	0.0168773778	0.0042942556
2	0.1289312155	0.1686741355	0.0340799370	0.0588470138	0.6094676982
0	0.3479678774	0.1862900387	0.1614919330	0.0624718064	0.2417783445
0	0.8939051617	0.0974276655	0.0049687894	0.0013839296	0.0023144537
0	0.4401572485	0.1969098496	0.0000079848	0.0847011810	0.2782237360
0	0.0567060039	0.3925784445	0.2826372088	0.2515496774	0.0165286653
0	0.4937314575	0.4952320264	0.0000000000	0.0000000449	0.0110364712
0	0.1676106296	0.0396746054	0.2202715102	0.1192685877	0.4531746670
0	0.0000000000	0.0001548120	0.9978236518	0.0000549754	0.0019665607
0	0.0000251652	0.6088896201	0.3476211192	0.0006298842	0.0428342113
