0	0.0454419896	0.1548493683	0.0000221039	0.0915134773	0.7081730609
0	0.0002622102	0.0087961836	0.0417701656	0.1612607652	0.7879106754
0	0.0004446587	0.5182066373	0.4813340103	0.0000000000	0.0000146937
1	0.0074106892	0.2266113353	0.7288758760	0.0308527391	0.0062493604
0	0.0000111829	0.7839539266	0.0036371973	0.1120910430	0.1003066502
1	0.3269327099	0.3261073368	0.0000000001	0.2750265670	0.0719333863
0	0.0764721801	0.0415919440	0.0826201311	0.0000705153	0.7992452295
0	0.0175136209	0.1537260632	0.0007926008	0.0253768573	0.8025908578
0	0.0612928760	0.1980899846	0.0000000000	0.6341018346	0.1065153049
0	0.0830694733	0.7076022788	0.0049003387	0.1809552025	0.0234727068
0	0.3328975538	0.2507369189	0.0000000000	0.0777468932	0.3386186341
0	0.1853400967	0.6929717550	0.0020140404	0.0000012237	0.1196728842
0	0.0005969107	0.0198578123	0.7209012510	0.2099008573	0.0487431687
0	0.2411759122	0.3820091451	0.0757160279	0.2302262307	0.0708726841
0	0.0121445453	0.0004132827	0.0000000002	0.9297014540	0.0577407179
0	0.0556269461	0.6933529050	0.0271966310	0.0313896120	0.1924339059
0	0.1932053572	0.0021497565	0.6474216957	0.1146770451	0.0425461456
0	0.0000000659	0.0078897363	0.2469042685	0.7297809786	0.0154249507
1	0.0001113067	0.0021579703	0.5097845500	0.1222305738	0.3657155993
0	0.0608247903	0.1751465369	0.0602935398	0.0017999454	0.7019351876
0	0.0000790399	0.0065593193	0.6166646252	0.3766826798	0.0000143358
0	0.6910416642	0.0156278305	0.0189793980	0.1479562282	0.1263948792
0	0.3319769216	0.1174278379	0.3905053561	0.0583157946	0.1017740898
0	0.2526113393	0.3655879469	0.0315812056	0.0246609218	0.3255585864
0	0.7181232988	0.1460893426	0.0317513224	0.0794522748	0.0245837614
0	0.0016977630	0.7373813364	0.0781874768	0.0002798227	0.1824536011
0	0.0754578794	0.0299528485	0.0000000000	0.8786590568	0.0159302152
1	0.0752387149	0.8278607573	0.0183225815	0.0192235350	0.0593544113
0	0.1419151999	0.5413150155	0.2190363366	0.0955951722	0.0021382758
0	0.0010660347	0.2103186339	0.0467874770	0.0073955266	0.7344323278
0	0.0000001259	0.7405678410	0.0000000001	0.1580173328	0.1014147002
0	0.0847185822	0.2625906824	0.6425297253	0.0000000000	0.0101610101
1	0.0919181245	0.0571891882	0.0522849750	0.5613299825	0.2372777299
0	0.3598751088	0.3964446675	0.2278223430	0.0131885335	0.0026693471
0	0.0063171753	0.6541761996	0.3247885193	0.0007464029	0.0139717029
0	0.7159915410	0.2836758764	0.0000005824	0.0000109148	0.0003210855
0	0.0000111550	0.6616885552	0.3338844468	0.0000000012	0.0044158417
0	0.0464990541	0.4920893564	0.3182217005	0.0011193319	0.1420705571
0	0.0002371041	0.1578324646	0.0031502014	0.8387802299	0.0000000000
0	0.0229728649	0.0173124260	0.5200302006	0.1630823714	0.2766021370
1	0.4324431233	0.0013497264	0.1048863159	0.1502607244	0.3110601100
0	0.0150516481	0.7219452477	0.1081039643	0.0578934188	0.0970057211
1	0.0001220548	0.2247879898	0.4560914168	0.3186031159	0.0003954228
0	0.2059832251	0.7716719608	0.0132650938	0.0045521773	0.0045275430
1	0.3391941978	0.1078823563	0.3463528033	0.0297441270	0.1768265156
0	0.2631833009	0.3478715375	0.0000378171	0.3888703382	0.0000370063
1	0.0000000549	0.7986708973	0.0010361060	0.2002929418	0.0000000000
0	0.2649654722	0.0000010338	0.0004153885	0.6253466568	0.1092714487
0	0.0000000775	0.0258424233	0.0002703430	0.9720886238	0.0017985324
0	0.2018113863	0.0021004362	0.2100618841	0.2469281420	0.3390981514
1	0.0025405148	0.1301501354	0.1297815054	0.3698306482	0.3676971961
0	0.5712944855	0.0359855367	0.0000626973	0.1331221306	0.2595351498
0	0.0007139091	0.0125257544	0.0577654166	0.0887112979	0.8402836220
0	0.0012585742	0.1386695043	0.0000000000	0.4261891614	0.4338827601
0	0.0621194053	0.2514898117	0.0010025474	0.0044288906	0.6809593450
0	0.3483705699	0.0178378401	0.5899726550	0.0438135245	0.0000054105
2	0.2803999312	0.0050230830	0.6404500447	0.0741269339	0.0000000072
1	0.1930784154	0.5661127544	0.1112999503	0.1029510724	0.0265578076
0	0.0231344487	0.0824118318	0.0296262977	0.2520084542	0.6128189676
0	0.5555842744	0.0056897715	0.0181916532	0.3396243965	0.0809099044
0	0.0105081607	0.8051001636	0.0000000000	0.0273305447	0.1570611310
0	0.1634075721	0.1652311010	0.5285483172	0.0000000004	0.1428130093
0	0.0063909171	0.0057725151	0.0260502895	0.3573925562	0.6043937220
0	0.4967759152	0.0530279376	0.0615392479	0.3833970843	0.0052598150
0	0.0183629534	0.0000000000	0.7672605106	0.2142309262	0.0001456098
0	0.0043431247	0.2085970780	0.0179593783	0.5965421943	0.1725582247
0	0.6973505156	0.0000000000	0.1487524834	0.0015238086	0.1523731923
0	0.0004659265	0.3902374522	0.2223043709	0.3860174006	0.0009748498
1	0.4220559709	0.2350510477	0.0048012756	0.2705791378	0.0675125679
0	0.3299148186	0.4660945377	0.0112045097	0.1588310325	0.0339551015
1	0.3453597748	0.0079335937	0.0084721621	0.3661373172	0.2720971523
0	0.3502408779	0.2871677134	0.0900872084	0.2725030793	0.0000011210
0	0.1765944697	0.0000000004	0.7328503464	0.0807913673	0.0097638161
0	0.0035677907	0.0161217254	0.3459464356	0.0323762690	0.6019877792
0	0.0004173541	0.2078579837	0.0001153305	0.7618398583	0.0297694734
0	0.0275622913	0.8131595530	0.0394862910	0.0346747313	0.0851171334
1	0.0249720261	0.0052458912	0.8636640932	0.1056152858	0.0005027037
1	0.5557048915	0.0177507205	0.0537308746	0.0001489531	0.3726645602
0	0.2525177196	0.0507955079	0.6539827593	0.0427039915	0.0000000217
0	0.2795717222	0.0512086199	0.0308947540	0.5059614930	0.1323634108
0	0.0121646748	0.0102834583	0.9614660214	0.0044546078	0.0116312378
1	0.0907388133	0.7835014994	0.0041247479	0.0003102989	0.1213246405
0	0.0268248884	0.1305411276	0.0162261575	0.8196213995	0.0067864270
0	0.4870482338	0.0342175935	0.2629692966	0.0028890320	0.2128758441
0	0.8749094696	0.0173398089	0.0116190239	0.0189624446	0.0771692530
1	0.0011221661	0.8254660756	0.0002642693	0.1440055887	0.0291419003
0	0.0041976648	0.0000000003	0.0013856049	0.9757636713	0.0186530587
0	0.2787246281	0.1772455762	0.0168018395	0.1500946222	0.3771333341
0	0.0275061523	0.3559137168	0.2158020888	0.0000000117	0.4007780303
0	0.0061847262	0.4225940153	0.0000000000	0.5711793620	0.0000418965
0	0.4281420491	0.0445694302	0.2652972586	0.0107645661	0.2512266960
0	0.2991006166	0.2782293345	0.0000000661	0.0029009721	0.4197690106
0	0.1484145341	0.0005162982	0.0253707442	0.1003299791	0.7253684444
1	0.4201935723	0.0876109097	0.1412516228	0.0000000000	0.3509438952
0	0.0007171949	0.0024674188	0.0803444751	0.1213945702	0.7950763410
0	0.0371596545	0.4941542951	0.3830213705	0.0033488204	0.0823158594
0	0.0190717840	0.1324408914	0.2543883620	0.5545020165	0.0395969460
0	0.0528292521	0.0263905921	0.4286562407	0.0005677074	0.4915562076
0	0.0007390112	0.0000000000	0.1158929222	0.8815293414	0.0018387252
1	0.0033796918	0.3341397822	0.1987159666	0.4338641266	0.0299004328
