0	0.2778445445	0.0063533327	0.6878427317	0.0262544035	0.0017049876
0	0.0783045987	0.2351825677	0.0004155767	0.6193720195	0.0667252374
0	0.0001031083	0.0000000058	0.4114353997	0.5734669609	0.0149945252
0	0.0108779710	0.8702245369	0.0006184463	0.1182790428	0.0000000030
0	0.0000190247	0.0013527096	0.0025706640	0.0634771198	0.9325804819
0	0.0337092062	0.3373577467	0.0000224582	0.5927299179	0.0361806710
0	0.1350621975	0.7188627792	0.0877598118	0.0274128926	0.0309023189
0	0.0044659365	0.1844225857	0.0010258228	0.8100533934	0.0000322616
0	0.0000174872	0.0642591352	0.0507627165	0.8678965182	0.0170641428
0	0.5058071524	0.1558658171	0.3382664750	0.0000272123	0.0000333432
0	0.1959047228	0.0000504244	0.6274315267	0.0093850423	0.1672282838
0	0.0057064500	0.0000001210	0.9709036512	0.0003228830	0.0230668948
0	0.3871923230	0.0473712657	0.3870610860	0.0374632453	0.1409120801
0	0.0038282224	0.1621503476	0.0491368846	0.2839097361	0.5009748093
0	0.0964018152	0.3902136272	0.1102851951	0.0199502871	0.3831490753
0	0.6185156586	0.0468686940	0.0000042084	0.0043097688	0.3303016701
0	0.4356069642	0.0488957481	0.1948945288	0.0106061532	0.3099966058
0	0.3753285049	0.1315737884	0.0834600315	0.2269917164	0.1826459589
1	0.5045958696	0.4153381863	0.0000622458	0.0065568597	0.0734468386
0	0.0000000388	0.5932388092	0.4015585800	0.0000000000	0.0052025720
1	0.0115262956	0.6889527922	0.2990312059	0.0004823677	0.0000073387
0	0.2684434449	0.0206656027	0.4336915604	0.2683683277	0.0088310644
0	0.1260698102	0.2940678952	0.0000210440	0.0000000000	0.5798412506
0	0.3134577331	0.3342922476	0.0063801683	0.0901903050	0.2556795460
0	0.1608070937	0.0781990618	0.0500366225	0.1519139988	0.5590432232
1	0.3346630981	0.0133737056	0.2866716337	0.3643059507	0.0009856120
0	0.0022529556	0.0821331055	0.1569402722	0.0575445209	0.7011291458
0	0.0022969392	0.2593556085	0.7353598846	0.0012004406	0.0017871271
0	0.3247401452	0.1248768550	0.0000946191	0.4304942233	0.1197941574
0	0.0728070157	0.1479147738	0.1220960153	0.3537887809	0.3033934144
1	0.2567010127	0.0119696519	0.1373482755	0.5871247313	0.0068563287
0	0.6780444303	0.0093575285	0.1605242280	0.0486685859	0.1034052273
0	0.4021341518	0.3305034186	0.0021922963	0.0432170753	0.2219530580
0	0.0336667455	0.0000000000	0.4169820699	0.5493511002	0.0000000843
0	0.0166693046	0.0000006187	0.0004261160	0.9686486347	0.0142553261
0	0.8979598400	0.0000000000	0.0048797962	0.0824079071	0.0147524567
0	0.5711334155	0.1461547672	0.2817565006	0.0000000000	0.0009553167
0	0.0084559367	0.1688128855	0.0001596945	0.0006158595	0.8219556238
0	0.0007555759	0.0008488381	0.0751077855	0.4370490867	0.4862387138
0	0.3015723889	0.0362340770	0.0021857287	0.2960261638	0.3639816417
0	0.0000000000	0.5496597267	0.1629000762	0.2874280996	0.0000120975
0	0.2100978188	0.0021701494	0.0950383952	0.0010016560	0.6916919806
0	0.7351108240	0.0130195004	0.0746587302	0.0488946592	0.1283162862
0	0.0040213394	0.0363345935	0.1157877791	0.0119251912	0.8319310968
1	0.0773401202	0.1128633857	0.7260674566	0.0000000000	0.0837290375
0	0.4889578746	0.2359738600	0.2391611503	0.0009712890	0.0349358261
1	0.0108924674	0.7079473765	0.2035681185	0.0000304351	0.0775616026
0	0.0277098940	0.2730528280	0.0107232669	0.5721449506	0.1163690605
0	0.0361326693	0.0015397149	0.0673044261	0.7627400758	0.1322831140
1	0.7761055011	0.0987832721	0.0107710173	0.0804578401	0.0338823694
1	0.1824652313	0.3067388428	0.0000104781	0.3672344135	0.1435510344
0	0.2845115689	0.0089092546	0.0459675129	0.4323427580	0.2282689055
0	0.5150323214	0.1987596892	0.0058672385	0.2803407508	0.0000000000
2	0.0000000001	0.1157551109	0.7507361507	0.1041486481	0.0293600903
0	0.1052001631	0.3011762301	0.0133957394	0.4926489780	0.0875788894
0	0.0028189285	0.2617908236	0.2411603796	0.4644177733	0.0298120951
0	0.0000000000	0.0701032253	0.0304648973	0.0004004692	0.8990314083
0	0.4501244216	0.3513152497	0.0239847212	0.0216029841	0.1529726234
1	0.2168497167	0.5300386669	0.1124981744	0.1084372791	0.0321761629
0	0.4265513246	0.0008992114	0.4805316764	0.0510971741	0.0409206136
0	0.2328222670	0.1213115449	0.3880070773	0.0000002720	0.2578588388
0	0.1084182067	0.1892523739	0.0612816589	0.6152370475	0.0258107130
0	0.2439553410	0.0213014373	0.7158071435	0.0000043403	0.0189317379
0	0.0603728855	0.2217029428	0.0225085496	0.1439552705	0.5514603516
0	0.0000000009	0.2846025913	0.1430961473	0.5430198570	0.0292814034
1	0.0001256123	0.0070057130	0.0000167058	0.5998308321	0.3930211367
0	0.0537775914	0.9066823904	0.0107466205	0.0170840731	0.0117093247
0	0.2295578527	0.0000156834	0.0000000612	0.5056658039	0.2647605987
0	0.0070207450	0.6261775108	0.2191510327	0.1305888416	0.0170618699
0	0.1629947071	0.3238194906	0.0917038958	0.0692231466	0.3522587599
0	0.0617326518	0.0412022242	0.1532555867	0.0494611854	0.6943483519
0	0.2455231365	0.1532475513	0.0000620696	0.6011668598	0.0000003828
0	0.0754181684	0.7209623020	0.0017789747	0.0732224536	0.1286181014
0	0.0037300342	0.8627426543	0.1328858704	0.0006414412	0.0000000000
0	0.9724977210	0.0159128644	0.0097877023	0.0015975273	0.0002041850
1	0.5359245934	0.1037950597	0.0000017642	0.0405890837	0.3196894991
0	0.0005917021	0.0523820858	0.9415703803	0.0000000001	0.0054558316
0	0.5657954379	0.0000000011	0.0339216030	0.0000333250	0.4002496331
0	0.4855237165	0.0195763206	0.0017251906	0.1946218515	0.2985529208
0	0.3681808128	0.0863415564	0.2161534860	0.3270085581	0.0023155867
0	0.1503147359	0.4023010570	0.0000000003	0.1672297293	0.2801544775
0	0.1439781439	0.0000316312	0.5957921719	0.2292152060	0.0309828470
0	0.0000740687	0.0000000000	0.3925965350	0.5412615579	0.0660678383
0	0.0004620135	0.0253561704	0.8357022183	0.0846421765	0.0538374213
1	0.3845649032	0.3006076439	0.1793049871	0.0316695010	0.1038529648
0	0.0453117129	0.0406016221	0.8008076788	0.1127510058	0.0005279804
0	0.5106725747	0.3578687181	0.0281443799	0.0437836825	0.0595306448
0	0.0007150589	0.1674156318	0.2634118819	0.0000000000	0.5684574274
0	0.0009367261	0.0668632620	0.0008828905	0.0018104898	0.9295066316
0	0.0776570751	0.0116114021	0.9067679467	0.0000000000	0.0039635761
0	0.4561232428	0.0690477947	0.0053493401	0.0000000384	0.4694795839
0	0.0709789915	0.8028104797	0.0471717706	0.0505184313	0.0285203269
0	0.3630633424	0.0455623820	0.0598275672	0.0013171193	0.5302295891
0	0.7430078896	0.0451168118	0.0944183186	0.1174461276	0.0000108525
0	0.0621712337	0.0100670423	0.1237838332	0.6893516099	0.1146262809
1	0.0000219382	0.8184129977	0.0858100005	0.0781281714	0.0176268922
1	0.0011313423	0.5088360657	0.0319363621	0.3899559813	0.0681402485
0	0.4366687694	0.0873040698	0.1863756463	0.0663029856	0.2233485289
0	0.1898775901	0.0110822095	0.5244429606	0.1502761543	0.1243210855
0	0.0712652144	0.3294442486	0.5219298716	0.0402212693	0.0371393960
