0	0.0002698209	0.0459001526	0.1176588354	0.0059768201	0.8301943711
1	0.0187287219	0.0210406669	0.0051892078	0.5262362815	0.4288051219
0	0.0087729984	0.5252909154	0.1152295479	0.1436048417	0.2071016967
0	0.0631734732	0.7646755649	0.0038290967	0.1682934224	0.0000284427
0	0.1744612289	0.2686850318	0.4449742905	0.1118652139	0.0000142349
0	0.0651944367	0.1252180783	0.3520039113	0.3802831452	0.0773004285
0	0.1311190511	0.0575389042	0.0557815904	0.0433852834	0.7121751709
0	0.8555758454	0.1054033916	0.0390048053	0.0000159216	0.0000000360
0	0.1302259041	0.1707138950	0.0132250072	0.3407437127	0.3450914809
0	0.1905035602	0.0973786455	0.4627464244	0.0001245673	0.2492468026
0	0.0463307327	0.3232230909	0.2660704351	0.0464233097	0.3179524316
0	0.0470736811	0.0000022333	0.1071699053	0.5179414069	0.3278127734
1	0.0000052191	0.2405116487	0.0000173388	0.5890197972	0.1704459962
0	0.0041268045	0.0598052555	0.9354588914	0.0006070944	0.0000019542
0	0.0377842731	0.0372412525	0.5446282762	0.0276450062	0.3527011920
1	0.0266369324	0.0552911155	0.1190920471	0.7565334313	0.0424464737
0	0.6627666548	0.0000000088	0.3166395420	0.0205937944	0.0000000000
0	0.3361313986	0.4507095707	0.1466824558	0.0606356364	0.0058409385
0	0.0516438886	0.0047663333	0.9339378234	0.0000000001	0.0096519546
0	0.0001759233	0.0000001704	0.1096440617	0.1779253359	0.7122545087
0	0.1008604957	0.0343533388	0.0362046200	0.7243909003	0.1041906452
0	0.1140174633	0.0276861313	0.8410854465	0.0006125724	0.0165983865
0	0.0136566109	0.0053522645	0.1837012255	0.5907697602	0.2065201389
0	0.4348765327	0.0000000002	0.0087883227	0.5131740699	0.0431610746
0	0.5865094957	0.0155055774	0.0047375590	0.3932246040	0.0000227639
0	0.0817419884	0.2432880152	0.1362872276	0.3802130276	0.1584697413
0	0.3479523190	0.3171913046	0.0314819479	0.2954469048	0.0079275238
0	0.0092997045	0.0000000000	0.2795706071	0.1869537648	0.5241759237
0	0.3268262354	0.3367021004	0.2673533786	0.0221088360	0.0470094496
0	0.8477785164	0.0418051353	0.0109491917	0.0994562823	0.0000108743
0	0.0307793731	0.4376448798	0.0695154495	0.0000101972	0.4620501004
0	0.1465691999	0.0469413930	0.1495703783	0.0000003559	0.6569186728
2	0.8621124103	0.0000785326	0.0472862244	0.0307681586	0.0597546741
1	0.5458027356	0.0008605813	0.2878468255	0.0333993480	0.1320905095
0	0.2289236734	0.4480796649	0.1418534673	0.0320348391	0.1491083553
0	0.0753743501	0.0190089661	0.8765558519	0.0107396383	0.0183211937
0	0.4532212825	0.1595661337	0.0000088785	0.3365074954	0.0506962099
0	0.0147030798	0.1428393454	0.3934376958	0.4329149487	0.0161049303
0	0.2050991588	0.0000000022	0.3400272110	0.4024498778	0.0524237502
0	0.3616205989	0.0058322482	0.0368377732	0.0000114703	0.5956979095
0	0.0000000000	0.3121094545	0.0000003459	0.2785364320	0.4093537676
0	0.7540957335	0.1780616432	0.0001475736	0.0350085245	0.0326865252
0	0.0033855594	0.0030277031	0.2111875853	0.7813985840	0.0010005682
0	0.1581435950	0.5973494103	0.0000000014	0.2443059690	0.0002010243
0	0.3760305937	0.0107218957	0.1176126151	0.0000000000	0.4956348954
1	0.0092492357	0.4904498515	0.0003794508	0.3182083947	0.1817130673
0	0.0001404028	0.0000000000	0.1852327394	0.2120182201	0.6026086377
0	0.0044657181	0.0007946078	0.8372249154	0.0050648170	0.1524499417
1	0.0000307977	0.4320031888	0.0736035275	0.3690919395	0.1252705465
0	0.1423067651	0.5049058475	0.2767011129	0.0732736959	0.0028125785
0	0.1264872482	0.1456027371	0.7116286601	0.0009781874	0.0153031672
0	0.6176905811	0.0883416142	0.0772080392	0.1887425116	0.0280172540
0	0.0000000001	0.5742461199	0.0033736579	0.3241322277	0.0982479944
1	0.0000000000	0.0000000000	0.0110526347	0.1059012651	0.8830461002
1	0.1290691135	0.0024535723	0.0000000000	0.0985301627	0.7699471515
0	0.0718082988	0.1010578752	0.6603173936	0.0000460708	0.1667703615
0	0.0159296378	0.4226851151	0.2197348814	0.1001043446	0.2415460211
0	0.1602074864	0.0428626852	0.0142780499	0.7272731191	0.0553786593
1	0.0971621308	0.2499586918	0.0007371101	0.0252950826	0.6268469846
0	0.0000000000	0.4624878862	0.0000151752	0.3590366850	0.1784602535
0	0.0024670290	0.7103378785	0.1324557826	0.0377013926	0.1170379173
0	0.0292978744	0.4742054069	0.1106874209	0.0802849116	0.3055243862
0	0.0980760032	0.0435410187	0.0542252011	0.0078957054	0.7962620715
1	0.0519976950	0.3466623736	0.5215224931	0.0786948069	0.0011226313
0	0.0767004903	0.0085449722	0.4141096969	0.0062286236	0.4944162171
0	0.1665009879	0.0171769044	0.0533676303	0.4519845331	0.3109699443
1	0.0251333877	0.4767549114	0.3382742187	0.0149719034	0.1448655788
1	0.0213950713	0.2251478640	0.6317440087	0.0523992413	0.0693138147
1	0.1318797497	0.2609218531	0.1651131861	0.4420851085	0.0000001026
0	0.3915088738	0.1545326219	0.1460381004	0.0000966052	0.3078237987
0	0.5467528206	0.2608661505	0.0000000401	0.0899624128	0.1024185759
0	0.4767992585	0.1682470935	0.0331656692	0.1899303221	0.1318576567
1	0.0470450305	0.0851356364	0.0000121864	0.8021407748	0.0656663719
0	0.2381652444	0.0012429716	0.7208698436	0.0396579481	0.0000639922
0	0.0056319184	0.0776617183	0.0064263448	0.0001527618	0.9101272568
0	0.0760094041	0.0000000000	0.4432519831	0.0934211932	0.3873174196
1	0.0027669690	0.0100957778	0.6973449953	0.2897919162	0.0000003417
0	0.6113799642	0.0003565133	0.0417041454	0.3465396947	0.0000196823
0	0.9090441485	0.0337019294	0.0000000000	0.0130762999	0.0441776222
0	0.3495048927	0.3705321325	0.1187567228	0.0086410019	0.1525652501
0	0.4923729214	0.0685826215	0.0000000001	0.1790320829	0.2600123741
0	0.2972798884	0.1338695803	0.3775549308	0.0000000000	0.1912956005
0	0.0906135111	0.0000002400	0.3668314743	0.0000062277	0.5425485469
0	0.0445405263	0.2879091215	0.2975707159	0.3696835771	0.0002960591
0	0.0002905006	0.0019216069	0.1322128627	0.8442374883	0.0213375414
0	0.1650749994	0.0007345943	0.2889249029	0.5394362702	0.0058292332
1	0.2895901580	0.0746621199	0.1937285154	0.4408933829	0.0011258237
1	0.0219665773	0.0018425614	0.9347254198	0.0414654415	0.0000000000
0	0.0590816837	0.0126497971	0.9104032736	0.0058321771	0.0120330686
0	0.1487261647	0.1072575155	0.0151509703	0.5973011377	0.1315642119
1	0.0004210382	0.1528027304	0.7369105104	0.1098657210	0.0000000000
0	0.0491257604	0.0072856818	0.0000041392	0.2953164153	0.6482680032
0	0.0000339506	0.0242781398	0.4046990669	0.5643357815	0.0066530610
0	0.0005189585	0.9133692880	0.0011364959	0.0523337427	0.0326415149
0	0.6298820168	0.0301272342	0.0001570591	0.2361722617	0.1036614282
0	0.0000000000	0.0946305543	0.5364880590	0.0583519922	0.3105293945
0	0.2390503012	0.0211181545	0.0128103062	0.3311572029	0.3958640351
1	0.5089617947	0.0990831945	0.2435183844	0.0001997410	0.1482368855
0	0.1302465918	0.0325517569	0.7964458277	0.0343817523	0.0063740714
0	0.3736648738	0.0000000000	0.4874164629	0.1006191439	0.0382995195
