0	0.0654116097	0.1792751977	0.5957727150	0.0155139533	0.1440265243
0	0.0058147581	0.0613817494	0.4094175939	0.2203126503	0.3030732483
0	0.1055952318	0.0000059185	0.1717140957	0.7226847540	0.0000000000
0	0.0682179512	0.2039035791	0.0516029719	0.1482412469	0.5280342509
0	0.2969452776	0.6833322753	0.0124088543	0.0000371258	0.0072764669
0	0.0023107877	0.4702737848	0.0152881592	0.3290271472	0.1831001211
0	0.0000037269	0.4189475553	0.0336859932	0.0296000385	0.5177626861
0	0.7313064375	0.1656831689	0.0070526908	0.0000001700	0.0959575328
0	0.6949820069	0.0020577021	0.0000000000	0.2990792348	0.0038810562
0	0.1807012721	0.0700959789	0.4203382654	0.2147862049	0.1140782788
0	0.0227989727	0.2011097341	0.5615334097	0.0231013575	0.1914565260
0	0.3854947114	0.4447781601	0.1510651721	0.0112066141	0.0074553422
0	0.0002492252	0.0000000000	0.0820996858	0.8427872547	0.0748638343
0	0.8706207659	0.0012975795	0.0970608180	0.0038340183	0.0271868182
0	0.3414500561	0.1612212989	0.4808300314	0.0084026178	0.0080959958
0	0.0000025566	0.0641711083	0.0492688894	0.0266205667	0.8599368789
0	0.0000007494	0.1655560239	0.6253299825	0.0163388065	0.1927744377
0	0.0197870927	0.2325984958	0.2891761455	0.0286140720	0.4298241940
0	0.0095779998	0.3704403310	0.2365388044	0.1870480635	0.1963948014
0	0.0460916160	0.0000000000	0.0410407795	0.5526929701	0.3601746344
0	0.2986245205	0.0405305519	0.3260929131	0.3347397610	0.0000122534
0	0.0441356793	0.0008697752	0.0971931520	0.6814991871	0.1763022063
0	0.1248144115	0.4406036113	0.0235115995	0.0000378254	0.4110325523
0	0.2635184651	0.0131972486	0.0074880559	0.0000163623	0.7157798681
0	0.0346906763	0.0650045442	0.2305922412	0.0581789101	0.6115336282
0	0.0885862796	0.0538462735	0.0015039873	0.7638293479	0.0922341117
0	0.8348965910	0.1008170415	0.0039110787	0.0355076037	0.0248676852
0	0.0568491145	0.1164728577	0.0567999636	0.1664231781	0.6034548861
0	0.4450364349	0.1073621601	0.3859543702	0.0002301307	0.0614169040
0	0.0603600284	0.9167717963	0.0224922567	0.0003688280	0.0000070906
0	0.0357985429	0.3000698579	0.3056250964	0.3584362474	0.0000702554
0	0.6873768327	0.2423330441	0.0230515143	0.0108909116	0.0363476973
0	0.5074684502	0.1675897914	0.0098917150	0.1524067293	0.1626433140
1	0.0000142313	0.0068690341	0.0013176824	0.9913490294	0.0004500228
1	0.0810487920	0.0070680921	0.1798102649	0.2376212476	0.4944516034
0	0.1314319695	0.0964922268	0.0126375002	0.4885192669	0.2709190366
1	0.5767123073	0.0000156615	0.2234517179	0.1364276805	0.0633926328
0	0.1354173984	0.1386133044	0.0295325755	0.0341474545	0.6622892672
0	0.0000000131	0.4172854448	0.0007324747	0.3730972129	0.2088848545
1	0.8794784272	0.0421848481	0.0015468696	0.0166792413	0.0601106138
0	0.1002521418	0.6735291854	0.0000000000	0.2022483162	0.0239703566
1	0.0627804926	0.0000613285	0.0000025150	0.1686024745	0.7685531894
0	0.0084682794	0.0443168503	0.0352156526	0.5773810424	0.3346181754
0	0.0249152037	0.0008838712	0.6140513122	0.3601490320	0.0000005810
0	0.3057553077	0.5821003416	0.0014872098	0.0457053165	0.0649518244
0	0.2581855348	0.0151701623	0.3115703443	0.0119168094	0.4031571491
0	0.9426943042	0.0000530067	0.0571075668	0.0000031747	0.0001419475
0	0.1274515899	0.0354465856	0.0062854103	0.8279443850	0.0028720291
0	0.0000000097	0.0244355689	0.0000000000	0.9382724446	0.0372919768
0	0.0000018827	0.0623361830	0.0709019605	0.7654019984	0.1013579754
0	0.8581900154	0.0139383725	0.0770472995	0.0213185572	0.0295057554
0	0.1766581990	0.0973784720	0.0585127918	0.6334976016	0.0339529355
0	0.0042963663	0.5861656966	0.4004328921	0.0008776940	0.0082273510
1	0.0821432161	0.0352609748	0.1412969506	0.5490945156	0.1922043429
0	0.2133838050	0.0000008530	0.0000031106	0.1667863060	0.6198259254
0	0.0219332988	0.0116425830	0.0192445163	0.0000000303	0.9471795716
0	0.2594325570	0.4725943924	0.0000000000	0.2468025472	0.0211705034
1	0.0000197551	0.0047155338	0.0037223531	0.1926955099	0.7988468481
0	0.1200950418	0.7269790586	0.1481039482	0.0004278314	0.0043941199
0	0.4022278339	0.3523039889	0.0081085697	0.0000454393	0.2373141682
0	0.3326603167	0.6010579758	0.0165632903	0.0001020358	0.0496163814
0	0.7825209468	0.2101969314	0.0024349397	0.0000000076	0.0048471745
0	0.5450497191	0.1468852648	0.2753777742	0.0266494225	0.0060378194
0	0.0846003843	0.2172427561	0.0000000123	0.6980881686	0.0000686786
0	0.1379107157	0.0239546932	0.0080703670	0.7011515716	0.1289126525
0	0.1953490528	0.3642051011	0.0141548303	0.4224498231	0.0038411927
0	0.0772173972	0.3578080616	0.0076915268	0.2578322634	0.2994507510
0	0.0388229009	0.0164133310	0.0943076876	0.1021136663	0.7483424142
0	0.5638428781	0.2708325551	0.0108691419	0.1364831734	0.0179722515
1	0.4348232627	0.2344536795	0.0038769898	0.0000345832	0.3268114848
0	0.6040034416	0.0581357679	0.0210389485	0.1154115581	0.2014102839
0	0.0191746782	0.4997032205	0.0411802944	0.1958136727	0.2441281342
0	0.2463845579	0.6161939466	0.0307983598	0.0131517768	0.0934713590
1	0.8208190138	0.1512217019	0.0132466500	0.0054309069	0.0092817274
0	0.1138501711	0.2042398608	0.0033084606	0.5935267131	0.0850747943
0	0.0000001199	0.1858262587	0.2338236645	0.2873457365	0.2930042205
0	0.0920265303	0.0000367223	0.1140854941	0.0962678839	0.6975833693
0	0.2009532837	0.1372796336	0.0904459476	0.5709000012	0.0004211338
0	0.1661672367	0.3919484664	0.2123795613	0.2262740815	0.0032306541
2	0.0002913723	0.0045160098	0.3303730792	0.4451963324	0.2196232064
2	0.0000001712	0.0001655174	0.2764056348	0.0205590278	0.7028696488
1	0.0025699615	0.0173470227	0.5607090121	0.2504503593	0.1689236444
0	0.0966330713	0.1094314095	0.0000000078	0.5205404064	0.2733951050
1	0.2022770546	0.4347753354	0.0641996374	0.2928514839	0.0058964887
0	0.0000357588	0.0064710587	0.3565781408	0.6365557937	0.0003592480
0	0.7065121625	0.0308795873	0.1268231158	0.1357838294	0.0000013050
0	0.0533648315	0.0001396234	0.1442818717	0.0000000061	0.8022136672
0	0.9545313048	0.0000462713	0.0289818770	0.0023927064	0.0140478404
0	0.7081867814	0.0238316577	0.2407699013	0.0272110154	0.0000006441
0	0.0191827754	0.5115477612	0.4044217772	0.0382847753	0.0265629109
0	0.4950926398	0.1029305104	0.0383178970	0.0007981156	0.3628608372
0	0.6737804431	0.1103938078	0.2152833717	0.0005423774	0.0000000000
0	0.9230564701	0.0020672634	0.0392818045	0.0211210573	0.0144734047
1	0.4418972170	0.0041929401	0.5037978266	0.0003706895	0.0497413268
0	0.0478413570	0.3050257094	0.2039715075	0.0001640494	0.4429973767
0	0.7257960286	0.0228400899	0.0132281076	0.1710828410	0.0670529329
0	0.1087467760	0.4113169922	0.3469606110	0.0795096759	0.0534659448
1	0.2093687224	0.0027642552	0.1570991186	0.0000368329	0.6307310709
0	0.0000000455	0.0068078060	0.0014100038	0.9850317203	0.0067504245
0	0.6597070247	0.0052068332	0.0197435067	0.2569190212	0.0584236143
