0	0.0230578758	0.0000120635	0.0000294766	0.9737105832	0.0031900008
0	0.1760961456	0.0008491027	0.5190356579	0.2189530885	0.0850660053
0	0.0070841979	0.0069950871	0.3842432024	0.2656370403	0.3360404723
0	0.0000022704	0.2252193268	0.4470051344	0.1125560545	0.2152172139
0	0.1031556683	0.2215604612	0.3828638289	0.0000000000	0.2924200416
1	0.7746933950	0.0000731254	0.0307025713	0.0000000002	0.1945309080
0	0.6828006055	0.2830801526	0.0000000000	0.0339374123	0.0001818296
0	0.7775409066	0.0028958014	0.0000093620	0.2038020101	0.0157519199
0	0.0000022608	0.0779195567	0.6945915427	0.2256068038	0.0018798361
0	0.2767200171	0.0311487369	0.0085377477	0.5534619460	0.1301315523
0	0.0111269567	0.0916875944	0.0771251340	0.3831312036	0.4369291113
0	0.6362874323	0.0443223556	0.1342913398	0.0057381563	0.1793607160
0	0.3010330900	0.0454803047	0.5550308338	0.0397790929	0.0586766786
0	0.0030777968	0.0485848509	0.3868502902	0.2087921899	0.3526948723
0	0.1367393844	0.1480145418	0.3249822274	0.0892536968	0.3010101495
1	0.0570136916	0.0005022811	0.0143266964	0.5769170894	0.3512402414
0	0.0000011897	0.0000298658	0.2762848321	0.4639386975	0.2597454149
1	0.2193338753	0.0835303705	0.1023663890	0.2634857708	0.3312835945
1	0.5190255284	0.0009683844	0.0968778117	0.2176433105	0.1654849650
0	0.2188725956	0.5073819148	0.0027850662	0.2562090481	0.0147513753
2	0.3308835565	0.1219715106	0.4787397627	0.0684051703	0.0000000000
0	0.0000000584	0.6496861425	0.0509555486	0.0000000001	0.2993582504
0	0.0000080022	0.0142324506	0.0262636683	0.5443965736	0.4150993053
0	0.1656244437	0.0223926458	0.3505696843	0.4577920328	0.0036211934
0	0.0590484059	0.1643417776	0.0000042302	0.3585077288	0.4180978576
0	0.0000000000	0.0133817604	0.0183856429	0.9682283427	0.0000042540
1	0.0000000026	0.0516949669	0.5514478885	0.1395026608	0.2573544813
0	0.3584021335	0.0276464339	0.0757211269	0.3561604443	0.1820698613
0	0.0518844278	0.2242981087	0.6301774636	0.0654977670	0.0281422329
0	0.1384832289	0.1833068457	0.1154675910	0.4771419157	0.0856004187
0	0.1877272857	0.1339983947	0.0099864323	0.0151957419	0.6530921454
0	0.0009623489	0.0174080352	0.6901873635	0.0000000198	0.2914422326
0	0.0015686289	0.1010132500	0.0112237927	0.7823311768	0.1038631517
1	0.0000001763	0.0898841390	0.2955313038	0.0843121835	0.5302721974
0	0.0000000000	0.0028321332	0.2846162062	0.1411652029	0.5713864576
0	0.5211820888	0.0853912852	0.3519667774	0.0414597635	0.0000000850
0	0.0040195279	0.2583771998	0.0104356349	0.6354495902	0.0917180473
0	0.6520692552	0.0000096026	0.3136261026	0.0306232369	0.0036718028
0	0.2594272663	0.0002132664	0.5880303359	0.0432254507	0.1091036807
0	0.3714347219	0.1885197463	0.1958958899	0.0969135629	0.1472360790
0	0.0387831011	0.0000010224	0.0783227659	0.3199129989	0.5629801116
0	0.0499201363	0.0251882204	0.3257733033	0.2261703394	0.3729480007
0	0.0099359982	0.0187828835	0.3357147348	0.5591335254	0.0764328581
0	0.0384381881	0.0413777275	0.9037441436	0.0045819094	0.0118580315
0	0.0909918571	0.0161789145	0.1092215817	0.0718372179	0.7117704287
0	0.0159060728	0.0000000000	0.5770077299	0.0056080705	0.4014781268
1	0.0905093337	0.1751682649	0.7306013188	0.0037210825	0.0000000000
0	0.0533223463	0.0000000379	0.6455430839	0.2962723747	0.0048621572
0	0.0000405887	0.7298386344	0.2318996232	0.0379902305	0.0002309233
0	0.8064802603	0.0000000514	0.0313878330	0.0940975770	0.0680342783
0	0.6583206934	0.0324170673	0.3027515767	0.0005175526	0.0059931100
1	0.1546263089	0.2752235174	0.3036107799	0.1586396090	0.1078997848
0	0.4738605212	0.0532900090	0.3944065538	0.0000000000	0.0784429160
1	0.0294124444	0.0002347973	0.8262894907	0.0112240258	0.1328392418
0	0.1317095911	0.0004464298	0.0767701481	0.5899945668	0.2010792642
1	0.0461893404	0.1980677695	0.6549098072	0.0404102286	0.0604228543
2	0.2552713444	0.0000000005	0.0424474060	0.5431342179	0.1591470313
0	0.0000096231	0.2987371973	0.1522964738	0.1012603816	0.4476963242
1	0.0182642262	0.1740992829	0.6142609625	0.1929754766	0.0004000518
0	0.2291969918	0.6893313865	0.0696842786	0.0000063857	0.0117809573
1	0.6902259531	0.1863778288	0.0000609780	0.0000412447	0.1232939954
0	0.0690994073	0.3836889835	0.0008426038	0.5346667566	0.0117022488
0	0.0216675937	0.5578703134	0.3519974812	0.0181902457	0.0502743661
1	0.0000000000	0.8335738049	0.0344155558	0.0022185784	0.1297920609
0	0.6917969256	0.0001357734	0.0994412593	0.0252457000	0.1833803417
0	0.7988222373	0.0967163376	0.0096006426	0.0801696504	0.0146911321
0	0.1926996978	0.2625907109	0.2480697746	0.1412844756	0.1553553411
1	0.0001379172	0.1091214616	0.8892519382	0.0006654769	0.0008232061
0	0.1379626897	0.0558152087	0.3585517400	0.2751811738	0.1724891878
0	0.0050691236	0.1938990431	0.5098814930	0.1928414976	0.0983088427
1	0.0086120781	0.0003535398	0.4138418518	0.5598625519	0.0173299784
0	0.0000103576	0.5239649966	0.1087999583	0.0251551279	0.3420695596
0	0.0087753357	0.6140387148	0.1998974649	0.1347723859	0.0425160987
1	0.0497546740	0.0027221237	0.4061147194	0.0297450076	0.5116634753
0	0.6707543067	0.1858235139	0.0018955757	0.0000001193	0.1415264844
0	0.0145053418	0.0000747688	0.6047010776	0.2611950367	0.1195237752
0	0.7350355114	0.0731163559	0.0186528055	0.0087783530	0.1644169742
0	0.0009988761	0.0119909840	0.0000009140	0.9865600166	0.0004492093
0	0.0062297350	0.6276915926	0.0002670335	0.0273736965	0.3384379424
0	0.8865511435	0.0000000000	0.0769582474	0.0081481946	0.0283424145
0	0.0125667891	0.0480874310	0.6651875075	0.2741581138	0.0000001586
0	0.2482624349	0.0243184102	0.4608250007	0.2239749779	0.0426191762
0	0.0315550760	0.0003179755	0.0474087382	0.1027447488	0.8179734614
0	0.0872902952	0.0643503214	0.5962298089	0.0143053978	0.2378241767
0	0.3055138301	0.0453742096	0.5077173269	0.0252366649	0.1161579685
1	0.0024426217	0.3134846630	0.6322718923	0.0518008230	0.0000000000
0	0.0105237530	0.0209121216	0.2953337812	0.1097495043	0.5634808398
1	0.0476452593	0.0516539427	0.3237149681	0.4214112480	0.1555745819
0	0.0397865418	0.0731039238	0.0042298249	0.0165764314	0.8663032780
0	0.6187805803	0.0005667328	0.2671066289	0.1135460580	0.0000000000
1	0.2741437634	0.6168649070	0.0860223422	0.0127793752	0.0101896123
0	0.0000000000	0.1764484401	0.0000003034	0.0057433613	0.8178078951
0	0.7702044324	0.0000000000	0.1714628894	0.0138220122	0.0445106661
0	0.0000002675	0.0526423041	0.1093485795	0.1858535555	0.6521552934
0	0.3446063860	0.0000076047	0.0000000033	0.6500997073	0.0052862986
0	0.7315561307	0.1260765850	0.0159980773	0.1251101484	0.0012590586
0	0.4017794331	0.1002166476	0.0245048858	0.4342795954	0.0392194381
0	0.1942497513	0.0802123537	0.0979758882	0.3107673917	0.3167946151
0	0.4275122915	0.0695109700	0.2159607486	0.0313320322	0.2556839578
0	0.0000011832	0.0508680042	0.2748778225	0.5731454761	0.1011075141
