0	0.0247227653	0.0133395482	0.9619368888	0.0000003822	0.0000004156
0	0.0088783462	0.2678190774	0.0268802336	0.6877090371	0.0087133057
1	0.4526000239	0.2395377119	0.1948424262	0.0000357592	0.1129840787
0	0.0621018581	0.0000013736	0.0023565404	0.0073000965	0.9282401314
1	0.1175725978	0.0016300727	0.2746831159	0.3181064444	0.2880077692
0	0.8372909984	0.0006900160	0.0078574468	0.0359046645	0.1182568743
0	0.5766127003	0.0412650972	0.0423184825	0.1803574851	0.1594462349
0	0.2770296343	0.2000918809	0.1497226480	0.3731153245	0.0000405124
1	0.0000724484	0.0968043892	0.1201026260	0.1967975828	0.5862229536
0	0.3393218358	0.0489449735	0.2773859378	0.0084006098	0.3259466430
0	0.2521050260	0.1144229065	0.4821200020	0.0001692090	0.1511828565
0	0.4370993922	0.3312661174	0.0000004165	0.0613534995	0.1702805744
1	0.0556082726	0.4224539658	0.4336514176	0.0562876929	0.0319986511
0	0.0713459089	0.0092301043	0.4284057837	0.0000000487	0.4910181543
0	0.2078066300	0.0011649637	0.6591942678	0.0455645136	0.0862696249
1	0.0610740005	0.0005723243	0.6950182973	0.2425481449	0.0007872330
1	0.4034754838	0.2520607648	0.3311281609	0.0000011128	0.0133344777
0	0.0189661440	0.4716117718	0.0005516633	0.0228113437	0.4860590772
1	0.3154819431	0.4333452560	0.1488767018	0.0562213864	0.0460747127
0	0.2545766731	0.0016759491	0.6847845959	0.0330967354	0.0258660464
2	0.0360791524	0.9505396814	0.0006580625	0.0127230968	0.0000000069
1	0.3440852729	0.0594139813	0.0731654788	0.4306776552	0.0926576117
0	0.2786065236	0.0002165434	0.1361148802	0.0025738079	0.5824882449
0	0.4869241234	0.0000445476	0.0041019351	0.5089290520	0.0000003419
2	0.2415418557	0.0714075740	0.0167599422	0.5628158227	0.1074748054
0	0.1304642779	0.3924735459	0.0019819959	0.0604465015	0.4146336788
0	0.0477454032	0.4863940951	0.0264579315	0.0270595302	0.4123430400
0	0.9652953355	0.0345717766	0.0001327063	0.0000001130	0.0000000686
0	0.0174936806	0.8574366200	0.0160490007	0.1028900676	0.0061306310
1	0.2745857183	0.0717170221	0.2476967058	0.2547598185	0.1512407354
0	0.0122743883	0.0391407476	0.0399886935	0.9030411673	0.0055550033
0	0.0429470593	0.1182511519	0.8083816775	0.0111086898	0.0193114214
0	0.7414732991	0.1025829391	0.0000210451	0.0313792953	0.1245434214
0	0.1314188159	0.5105483283	0.0376851779	0.2902128117	0.0301348662
1	0.0269492316	0.0382477205	0.0000000687	0.0194325201	0.9153704591
2	0.6313908973	0.0180636149	0.3155245092	0.0001083792	0.0349125993
1	0.3895515283	0.0654722535	0.0599676088	0.4834580663	0.0015505431
0	0.4357974829	0.5095627592	0.0000190261	0.0359198222	0.0187009096
0	0.0000000000	0.0571071869	0.6107762837	0.1532674711	0.1788490583
0	0.6381532734	0.0008455166	0.1852354184	0.1355318316	0.0402339600
0	0.1863209051	0.2441303486	0.1149711565	0.2797736052	0.1748039847
0	0.0191360868	0.0061211013	0.3215099270	0.2768381975	0.3763946873
0	0.0419050899	0.0875369210	0.0437010129	0.5990310407	0.2278259355
0	0.0358902926	0.1422354041	0.0452382083	0.6126326777	0.1640034172
1	0.1669339899	0.0863652679	0.2770771048	0.3540427856	0.1155808518
1	0.0004196918	0.1970008628	0.1057261051	0.3404202159	0.3564331245
0	0.0118029108	0.0001075900	0.0188025502	0.0068003376	0.9624866114
0	0.0805634163	0.0000003507	0.8198969715	0.0729218585	0.0266174030
0	0.0878815148	0.3407707267	0.2105253711	0.3289048226	0.0319175648
0	0.0064313923	0.0021785856	0.1390445558	0.6874251995	0.1649202668
0	0.2223478849	0.0028017919	0.0771154270	0.4415118473	0.2562230489
2	0.2478401253	0.1438208294	0.1004093072	0.0748831804	0.4330465577
1	0.0000859212	0.9427062636	0.0524723236	0.0043741208	0.0003613707
0	0.1203347458	0.0713392609	0.0009981110	0.5040114643	0.3033164181
0	0.2706462102	0.0000001469	0.2524996392	0.0708964102	0.4059575936
0	0.0700409429	0.0533018567	0.2371744317	0.5257588250	0.1137239438
0	0.2568009365	0.0438870573	0.3543220640	0.3437127064	0.0012772358
0	0.3736379482	0.2305513873	0.0000000872	0.3746680568	0.0211425205
0	0.0460662207	0.3057425999	0.0011817227	0.5666700385	0.0803394181
0	0.0002221371	0.5090110265	0.0000001012	0.1200378723	0.3707288630
1	0.0001374662	0.0000000001	0.5958898124	0.4035314703	0.0004412510
0	0.0000001078	0.0558718820	0.2644766316	0.4630044925	0.2166468861
1	0.0552078479	0.2256084649	0.7150633895	0.0000000010	0.0041202967
0	0.0970082044	0.0000083861	0.0000000000	0.9007207760	0.0022626335
1	0.0503787970	0.0215569196	0.7572007515	0.1619784988	0.0088850331
0	0.1451879315	0.2795691148	0.1379392927	0.0514618584	0.3858418026
0	0.2324488965	0.5905643379	0.0001359790	0.1562109667	0.0206398200
0	0.2777257481	0.1068266856	0.0000054094	0.0532845699	0.5621575870
0	0.0204504827	0.3114983205	0.1294956696	0.5309861115	0.0075694157
1	0.7622961457	0.0006305377	0.0661807943	0.0077237218	0.1631688005
1	0.0017480765	0.8148278241	0.0718238872	0.0993710849	0.0122291274
0	0.1868846349	0.0056833588	0.0205119086	0.6962973776	0.0906227201
0	0.1449514927	0.1480464017	0.3121289496	0.3948731560	0.0000000000
1	0.0175938979	0.1414152611	0.1023840782	0.1859891015	0.5526176613
0	0.0019595785	0.0192278535	0.0730876204	0.8333905823	0.0723343653
0	0.0001143543	0.0016552796	0.9972319162	0.0009984499	0.0000000000
0	0.5082256330	0.4092121663	0.0299563769	0.0496906683	0.0029151555
0	0.0418649333	0.1194074768	0.8277499790	0.0000000197	0.0109775911
0	0.7519657246	0.0005612473	0.0005236605	0.0051269221	0.2418224456
0	0.0000000000	0.0041837550	0.7476124906	0.0020121546	0.2461915997
1	0.0973896236	0.0000000000	0.0047326788	0.0000000000	0.8978776976
0	0.5693225355	0.1816562771	0.0102582094	0.2209312690	0.0178317091
0	0.1425972408	0.5446619569	0.1663795274	0.1299918178	0.0163694571
0	0.4332131025	0.0000003810	0.5655178514	0.0008373164	0.0004313486
0	0.0043669241	0.9952706150	0.0001807146	0.0000084603	0.0001732859
0	0.2484396090	0.3581768219	0.0509615216	0.0859282425	0.2564938051
0	0.0001847220	0.3298117508	0.6535882734	0.0035999818	0.0128152721
0	0.0001919773	0.3714407530	0.3823201512	0.0531620707	0.1928850478
0	0.2560774940	0.3927142542	0.2034452158	0.1123650608	0.0353979752
0	0.2489554924	0.0491076362	0.1722588074	0.5225024954	0.0071755686
0	0.0136747551	0.0012082574	0.0042936540	0.0953765026	0.8854468308
0	0.0835886313	0.0009887268	0.0205022968	0.4623658134	0.4325545317
1	0.0000010538	0.1813877619	0.4220397144	0.2955927738	0.1009786961
0	0.7444541165	0.0092571809	0.0131080439	0.0001089123	0.2330717464
0	0.0203572413	0.5080424561	0.1742872818	0.2681215285	0.0291914922
0	0.5031254098	0.0006971483	0.3775677782	0.0874579442	0.0311517196
0	0.0301281246	0.0114794322	0.0823718176	0.8332264649	0.0427941607
1	0.0012809196	0.0119921827	0.0644552195	0.8427188208	0.0795528575
0	0.0022291877	0.1498543876	0.0966572516	0.4096843496	0.3415748235
0	0.0002087815	0.0872636345	0.0506324083	0.0941593340	0.7677358417
