0	0.6026437168	0.0330566162	0.0331884653	0.0000001193	0.3311110823
0	0.0000000012	0.1251794534	0.8130072005	0.0038571900	0.0579561549
1	0.0250043986	0.8184440639	0.0761597237	0.0000000000	0.0803918138
0	0.2621698647	0.2431429946	0.1791420148	0.0374532946	0.2780918314
0	0.4546546442	0.0059013277	0.1139550812	0.0293788721	0.3961100748
0	0.0572737273	0.3166329465	0.3919304877	0.2341628116	0.0000000270
0	0.1023203480	0.7969591526	0.0018702253	0.0632861283	0.0355641459
1	0.3652695932	0.1254276532	0.1988272115	0.3071162459	0.0033592962
0	0.1266331815	0.0000047056	0.0119657212	0.0052228066	0.8561735850
0	0.0000374340	0.6028398195	0.1228126014	0.0051677848	0.2691423603
1	0.2391755083	0.4622416022	0.1393873878	0.0897691030	0.0694263987
0	0.7581351457	0.0959259845	0.0017903028	0.0299592054	0.1141893615
1	0.6184199498	0.1191757638	0.2609582522	0.0014452058	0.0000008283
0	0.5991251026	0.3120353786	0.0774986715	0.0044417982	0.0068990490
0	0.2699128179	0.6151854874	0.0686889026	0.0018886213	0.0443241709
0	0.0408098309	0.0370870447	0.1590251656	0.6956382313	0.0674397275
0	0.1757096194	0.1152398917	0.4125451697	0.0409724998	0.2555328195
0	0.0237701345	0.0218549287	0.9175514888	0.0000001831	0.0368232649
0	0.2971823828	0.1052025693	0.0000000000	0.2814357002	0.3161793477
0	0.0157918360	0.9408654644	0.0281774628	0.0000000000	0.0151652368
1	0.0904851994	0.0442101335	0.0040409261	0.0000000038	0.8612637372
0	0.4411731422	0.0597311494	0.2853552072	0.0657729855	0.1479675157
0	0.3683905427	0.1866009861	0.0274299023	0.3958619586	0.0217166103
0	0.1210525714	0.1508644685	0.5798074439	0.1465521423	0.0017233740
0	0.0184900167	0.6617664892	0.0612849138	0.2287190089	0.0297395714
0	0.1945885856	0.0169211575	0.0000000000	0.0000119607	0.7884782963
0	0.0839031366	0.1442844404	0.0703963323	0.0006933090	0.7007227817
0	0.0504493356	0.0635090046	0.0319089726	0.0001479346	0.8539847525
1	0.0517117601	0.2364334848	0.5428619568	0.0000003554	0.1689924428
1	0.3279734385	0.3903368027	0.0018296458	0.1104715555	0.1693885576
0	0.4570352763	0.1216969426	0.2450319150	0.1596118150	0.0166240511
0	0.0687107411	0.4670311331	0.0000292509	0.0657996952	0.3984291797
0	0.0000953244	0.3846967508	0.4767928232	0.0000000000	0.1384151016
0	0.1677362212	0.1886591198	0.2717546484	0.0019033800	0.3699466306
0	0.2314952805	0.4641827427	0.0009860056	0.1110614891	0.1922744822
0	0.3083904600	0.0013817220	0.3785577488	0.0611392830	0.2505307863
0	0.3356418885	0.1900541058	0.4657415783	0.0000448545	0.0085175729
0	0.0639784726	0.8192361211	0.0350967706	0.0117387620	0.0699498737
1	0.1229603395	0.2613309147	0.0153652771	0.3484229100	0.2519205587
0	0.0032868063	0.0630347069	0.8960923949	0.0000000463	0.0375860456
1	0.1992728835	0.6027475995	0.0169259633	0.0000213312	0.1810322225
0	0.5139790023	0.0934431643	0.0000480749	0.0015925464	0.3909372122
0	0.0700376136	0.2862938007	0.5698636056	0.0280026580	0.0458023221
0	0.0892563526	0.6457061959	0.0155849101	0.1011286852	0.1483238563
0	0.3872505054	0.0186455768	0.5293123653	0.0216393637	0.0431521888
0	0.9052247116	0.0243102634	0.0637169824	0.0006383567	0.0061096859
0	0.6227754225	0.3195280368	0.0572816559	0.0000000000	0.0004148848
0	0.0345195521	0.0385676117	0.4215704677	0.0002966145	0.5050457540
0	0.1337031187	0.3847201864	0.0116466408	0.0871632252	0.3827668290
0	0.0003661689	0.4279935037	0.0390454372	0.4682978990	0.0642969912
1	0.0425253052	0.7564003510	0.0113094613	0.0907915079	0.0989733746
0	0.4856979551	0.1171331942	0.1868869668	0.1771088385	0.0331730455
0	0.0651323748	0.0021386093	0.9327278678	0.0000000000	0.0000011480
0	0.1189448121	0.6589161032	0.0067219730	0.1342763424	0.0811407693
1	0.8832517557	0.0773819042	0.0077576495	0.0253329785	0.0062757122
0	0.0002235207	0.0931918298	0.5085845695	0.0075041789	0.3904959012
0	0.0001943750	0.0829484619	0.1379145449	0.1080297324	0.6709128858
1	0.4650091969	0.2771062191	0.1193886849	0.0000029787	0.1384929204
0	0.1238596051	0.0569495729	0.7731239864	0.0000000000	0.0460668356
0	0.1266211620	0.5083198382	0.3116882738	0.0253606069	0.0280101191
0	0.0169261401	0.1649391641	0.0944577144	0.1754839416	0.5481930399
0	0.1284056076	0.6844574342	0.1656933048	0.0089898537	0.0124537998
0	0.1684283640	0.4048698525	0.1600474147	0.2271761575	0.0394782113
0	0.0000000001	0.0446144569	0.0036481341	0.4449765104	0.5067608985
0	0.2266809238	0.1783346517	0.3337554442	0.0000000082	0.2612289721
0	0.0676486009	0.1083490806	0.7784623980	0.0086931621	0.0368467584
0	0.3803389788	0.1261359068	0.4025882634	0.0281513037	0.0627855474
0	0.0070221319	0.6026909018	0.3248064439	0.0605292842	0.0049512382
0	0.2890589212	0.0501336256	0.6577643210	0.0000011079	0.0030420243
0	0.0056028467	0.4167620358	0.5338449212	0.0001474081	0.0436427882
1	0.1652563173	0.7353050169	0.0105010310	0.0015273797	0.0874102552
1	0.1384199662	0.0077830994	0.0006479273	0.0000000278	0.8531489793
1	0.0000963452	0.7232552299	0.0808958541	0.0258786242	0.1698739466
0	0.0811222502	0.7286748359	0.1900980512	0.0000827377	0.0000221250
1	0.1893398185	0.0140699721	0.3571084502	0.0088518604	0.4306298988
0	0.8263973274	0.0815496692	0.0667559402	0.0010780780	0.0242189851
0	0.3948617611	0.1638038170	0.0065685533	0.0000000000	0.4347658686
0	0.5903445986	0.1093202840	0.1007073811	0.0012607926	0.1983669437
0	0.0084751555	0.5917190452	0.3636900951	0.0105788789	0.0255368254
0	0.4582001269	0.2551392366	0.0000000000	0.2305196840	0.0561409525
0	0.0008478362	0.1141514217	0.0000000263	0.0009738698	0.8840268460
2	0.0246527106	0.0814326819	0.0819696337	0.0107309467	0.8012140271
0	0.0017162357	0.8266473975	0.0011773696	0.0579847930	0.1124742043
0	0.1165148997	0.0012392643	0.7740234389	0.0285695283	0.0796528688
1	0.2278904470	0.0726233113	0.1064894886	0.4208554134	0.1721413398
0	0.0470914312	0.1149465486	0.0005060690	0.0882537495	0.7492022017
1	0.1310560894	0.3340491081	0.1518593119	0.3714117344	0.0116237562
0	0.2661233297	0.0394052973	0.6935281068	0.0009432663	0.0000000000
0	0.0389154058	0.2795633615	0.1745977617	0.4288400999	0.0780833711
0	0.0009787998	0.4141122227	0.5375342328	0.0328146269	0.0145601178
0	0.3477981892	0.0405679952	0.5406424720	0.0000400843	0.0709512593
0	0.0001409185	0.6859088538	0.0775269798	0.2326346302	0.0037886177
1	0.1304403944	0.5928833339	0.1418518865	0.1053194200	0.0295049653
0	0.5963973847	0.1336627528	0.1751931939	0.0751229413	0.0196237273
0	0.0680230285	0.0172002850	0.7890697084	0.0008435771	0.1248634010
1	0.4207429753	0.0559186174	0.3367623883	0.0506154502	0.1359605687
0	0.0716021691	0.0000002218	0.4747478439	0.0091323723	0.4445173929
0	0.3509879525	0.0035546052	0.2915325183	0.3442036279	0.0097212961
0	0.8443560728	0.0133131612	0.0002104165	0.1413664774	0.0007538721
0	0.2667164151	0.3987291560	0.1896434790	0.1449107128	0.0000002372
