0	0.0010146763	0.2099023468	0.0075401149	0.0025790451	0.7789638169
0	0.0300135832	0.0213931842	0.0889190672	0.0015063868	0.8581677787
0	0.0043471664	0.9837286847	0.0117963450	0.0001239477	0.0000038563
0	0.0053333606	0.5461805212	0.3261082342	0.0476045157	0.0747733684
0	0.1672512619	0.3082423756	0.4051634865	0.0025755992	0.1167672768
0	0.2839795041	0.0829139280	0.1385152262	0.0403260463	0.4542652955
0	0.6100291913	0.2313591822	0.0083643662	0.0075505954	0.1426966649
0	0.5132190811	0.3173218991	0.0025037573	0.0002047403	0.1667505223
0	0.3296096539	0.3507632540	0.0190499095	0.1658520955	0.1347250871
0	0.6858984417	0.1246182981	0.1435573603	0.0004017368	0.0455241631
0	0.2129865916	0.0220741613	0.0103822591	0.7543385567	0.0002184313
0	0.0749835617	0.1295836348	0.4218914536	0.0000000000	0.3735413499
0	0.0365158623	0.1952556310	0.3906444915	0.2222698534	0.1553141617
1	0.0137007545	0.1324445013	0.8232098621	0.0305702079	0.0000746741
0	0.1270695312	0.0010757948	0.0129728754	0.0047876770	0.8540941216
0	0.5840000812	0.3448463930	0.0631395479	0.0000000000	0.0080139779
0	0.6393302636	0.1278512810	0.1379808853	0.0282241555	0.0666134147
2	0.2892991072	0.6666763100	0.0186059147	0.0000000000	0.0254186681
0	0.3404691590	0.1477436790	0.2205747872	0.1774369030	0.1137754719
0	0.0000001384	0.1244468620	0.7831092985	0.0794764858	0.0129672153
0	0.0031514174	0.6397678616	0.0814773909	0.0125957227	0.2630076074
0	0.2198034498	0.0448840108	0.0243228257	0.0666545897	0.6443351240
0	0.0007959015	0.2839909872	0.3512135289	0.0250947342	0.3389048481
0	0.0563989172	0.8395471106	0.0001827803	0.0000000000	0.1038711920
0	0.0260071896	0.9301390770	0.0281159195	0.0000000034	0.0157378106
0	0.8908280621	0.0716312523	0.0035917349	0.0339489506	0.0000000000
1	0.4068720303	0.0659710364	0.0368265290	0.3147330937	0.1755973105
0	0.0000000615	0.2729513153	0.0553385097	0.2456247731	0.4260853404
0	0.1507940115	0.1570253825	0.0087156357	0.0000000000	0.6834649702
0	0.0899273647	0.0000001931	0.4660916278	0.0000710431	0.4439097713
0	0.0218001151	0.0309553670	0.9339797407	0.0112795608	0.0019852164
0	0.3212348747	0.3114291705	0.0133130829	0.0415117392	0.3125111327
0	0.4587562501	0.3432268075	0.1664171649	0.0027113986	0.0288883789
0	0.0742499789	0.0016255424	0.8919443346	0.0300018688	0.0021782752
0	0.5050973929	0.1011851409	0.1655732418	0.0000000000	0.2281442244
0	0.0000000000	0.0000756826	0.0149663361	0.1349182041	0.8500397772
0	0.0086149125	0.6030238465	0.3490730268	0.0000000000	0.0392882142
1	0.1781647455	0.1456663217	0.0000322001	0.0350438857	0.6410928470
0	0.0000000122	0.6712091467	0.0000002074	0.0076852290	0.3211054046
0	0.1148800165	0.6278606629	0.1466598369	0.0000020669	0.1105974169
0	0.0388921476	0.9171207870	0.0131272739	0.0000471909	0.0308126006
0	0.0000000386	0.2273999564	0.1703434915	0.1605630757	0.4416934378
1	0.0793824205	0.0327386896	0.4282583417	0.0007529452	0.4588676030
0	0.3960826547	0.3118507541	0.1789260978	0.1054349871	0.0077055063
1	0.0720589636	0.5727162816	0.1540624973	0.0858466946	0.1153155629
0	0.1034271230	0.0032218310	0.2658630983	0.4966467048	0.1308412429
0	0.2539011266	0.2732206952	0.2771247794	0.1957364421	0.0000169566
0	0.0150791296	0.0643009963	0.8751090640	0.0450398464	0.0004709637
0	0.0864310464	0.3109562525	0.5468054778	0.0508930470	0.0049141765
0	0.0000057939	0.0705651155	0.1962866860	0.0031579544	0.7299844502
2	0.7204603232	0.0206995163	0.0527590527	0.0362776499	0.1698034578
0	0.1434327869	0.0001846176	0.8563825829	0.0000000126	0.0000000000
0	0.1877994797	0.0022129223	0.0446227823	0.5692296277	0.1961351880
1	0.0638233265	0.4731153893	0.0309239209	0.0105717123	0.4215656510
1	0.0087016331	0.1667107931	0.0082166556	0.0000067716	0.8163641466
0	0.0002948749	0.9887353485	0.0065717055	0.0000231712	0.0043748999
0	0.0259720758	0.3143583503	0.6384441735	0.0000001561	0.0212252443
0	0.8533946213	0.0976962813	0.0416640142	0.0072430555	0.0000020277
0	0.0409355357	0.2250506030	0.7143772166	0.0154210377	0.0042156070
0	0.1681411741	0.6369635823	0.0601279713	0.0000317139	0.1347355585
1	0.1467427668	0.2501870174	0.5692524162	0.0131122674	0.0207055322
1	0.0057178989	0.1525724290	0.8417096024	0.0000000000	0.0000000697
0	0.8542850089	0.0128077362	0.0155744167	0.0104759554	0.1068568828
0	0.1743512082	0.3114853530	0.4284558449	0.0000025469	0.0857050470
0	0.8236274486	0.0056071849	0.0557157986	0.0336127775	0.0814367904
0	0.0873909218	0.5398715612	0.3512009982	0.0000000820	0.0215364369
0	0.0875092328	0.1412952069	0.7324214885	0.0084996507	0.0302744211
0	0.0000463664	0.9450441337	0.0199077017	0.0039971365	0.0310046617
0	0.0198723539	0.4755875918	0.2537028684	0.0039376762	0.2468995097
1	0.5542904197	0.1487496742	0.2092835004	0.0059689036	0.0817075020
0	0.0560272328	0.6406354913	0.0682572484	0.0358612935	0.1992187340
1	0.3640548195	0.4786163601	0.0041692547	0.0405452914	0.1126142743
0	0.1047617049	0.1977623991	0.0003077626	0.6879318962	0.0092362372
0	0.0100414833	0.5517685630	0.1812778279	0.0359068534	0.2210052724
0	0.1871197006	0.5644077344	0.0949083457	0.0391865430	0.1143776763
0	0.1963421113	0.3848382874	0.1324344012	0.0007255870	0.2856596130
0	0.0106836912	0.5968276867	0.0338062571	0.0015928587	0.3570895063
0	0.0177654619	0.5321853537	0.3846410472	0.0284844217	0.0369237154
0	0.0197963820	0.1030171843	0.0201893603	0.0400277171	0.8169693563
0	0.0401900548	0.5787499260	0.0371174428	0.0006533221	0.3432892543
1	0.0467580275	0.2463806884	0.0057202652	0.0935274239	0.6076135951
0	0.4522627291	0.3755049334	0.0286094025	0.1419718564	0.0016510787
1	0.0270772436	0.0568029458	0.2031938561	0.2306939980	0.4822319565
0	0.0117358658	0.9367330835	0.0010286180	0.0135416641	0.0369607686
0	0.0958125265	0.6516737364	0.1564513062	0.0041386004	0.0919238306
0	0.0169089356	0.0408414833	0.0477995519	0.6130085915	0.2814414377
0	0.1644729523	0.1487108832	0.5328132911	0.1126055659	0.0413973075
0	0.7388328070	0.1558286491	0.0855357081	0.0021186858	0.0176841500
0	0.0596284130	0.8221546614	0.0000000000	0.0000000212	0.1182169044
1	0.0296105388	0.0240582990	0.1042304152	0.0586013615	0.7834993855
0	0.0003653989	0.2632360727	0.4620865413	0.0005080588	0.2738039282
0	0.0287902985	0.1480993236	0.0045870970	0.0837541676	0.7347691132
0	0.0000120252	0.2792493457	0.0204183492	0.0064314944	0.6938887854
0	0.0941469902	0.8915899092	0.0035043196	0.0000002482	0.0107585327
0	0.0000000000	0.9664545419	0.0000162697	0.0208809783	0.0126482101
0	0.1060845752	0.6911033300	0.1364890492	0.0062711109	0.0600519347
0	0.1050213391	0.5659034646	0.1125078771	0.0028346766	0.2137326426
0	0.7495582337	0.0114692778	0.0026054844	0.1965995689	0.0397674352
0	0.1865910015	0.0922468250	0.4110488633	0.0684875016	0.2416258086
0	0.0637227601	0.0011804186	0.0085669032	0.2526911563	0.6738387618
