0	0.0100740524	0.6222243584	0.0216591377	0.0088096454	0.3372328061
0	0.0889704668	0.1104246984	0.4206505951	0.3619056325	0.0180486073
0	0.1362413993	0.0282899548	0.7325257810	0.0021714679	0.1007713970
0	0.2794164917	0.3126404298	0.2003012746	0.0000000006	0.2076418033
0	0.0000000001	0.2093710056	0.3282892281	0.4596495970	0.0026901692
0	0.0376104606	0.6452721607	0.2074591304	0.0137569165	0.0959013319
0	0.5939651824	0.3178499005	0.0011183546	0.0385203161	0.0485462464
0	0.0159029632	0.1533468303	0.0562179919	0.0083567047	0.7661755099
0	0.2073222166	0.6221794761	0.0098418988	0.0000031050	0.1606533035
0	0.1569578029	0.0635914838	0.0474020285	0.0746058263	0.6574428585
0	0.0130915127	0.0094178456	0.9412256606	0.0010256795	0.0352393016
0	0.4171391272	0.2973771086	0.0811505896	0.0000002164	0.2043329581
0	0.0007633656	0.0740776476	0.0267979607	0.0001570717	0.8982039544
2	0.5932446447	0.0457189677	0.1089146156	0.1157912388	0.1363305331
0	0.2150881230	0.0182319181	0.6822895798	0.0008285875	0.0835617917
1	0.2210839683	0.2733719001	0.1336898367	0.0009915718	0.3708627230
0	0.0617348503	0.1714147098	0.5835095748	0.0163140204	0.1670268446
1	0.0123515716	0.6862275059	0.0229053428	0.1050550438	0.1734605359
1	0.0019023767	0.0205127253	0.7695793584	0.0000000022	0.2080055374
0	0.0100910614	0.0169558710	0.0088283169	0.0043718938	0.9597528568
0	0.4990667771	0.4178983018	0.0362838854	0.0000004437	0.0467505920
0	0.0687266465	0.1667226419	0.1510987467	0.5501183407	0.0633336242
0	0.1014420534	0.4464366651	0.0013659710	0.0072807625	0.4434745481
1	0.0769446835	0.6512234545	0.1508845560	0.0437232135	0.0772240925
2	0.2891069363	0.0388439176	0.1990578930	0.0055559207	0.4674353324
1	0.5977536377	0.0002969291	0.1444630839	0.0000044905	0.2574818588
0	0.0003494703	0.2210870166	0.7122255717	0.0178976541	0.0484402873
1	0.2075596161	0.1267247603	0.6100359942	0.0081271958	0.0475524337
0	0.4262449512	0.1703436286	0.2228378666	0.0966362443	0.0839373094
0	0.7416110901	0.0250206007	0.1931073749	0.0001196838	0.0401412505
0	0.4666186244	0.2451687249	0.0000066091	0.2882057641	0.0000002776
1	0.3265211538	0.0232429304	0.1032550864	0.0000003256	0.5469805038
0	0.1131971195	0.3503817690	0.2131116394	0.0017139254	0.3215955467
1	0.6769283075	0.3180024179	0.0039009743	0.0006107057	0.0005575945
0	0.1332930682	0.0018440210	0.1527680337	0.1036695100	0.6084253670
0	0.0387080313	0.2476213802	0.0380231166	0.0049512315	0.6706962404
1	0.0269801937	0.7381399502	0.0020976141	0.0016747145	0.2311075275
0	0.1537868431	0.0003212529	0.5307106801	0.0000000030	0.3151812208
1	0.0152755933	0.7421166665	0.2395916296	0.0000000369	0.0030160736
0	0.1538213298	0.7307187187	0.0072521845	0.0006588576	0.1075489094
0	0.2098232360	0.1256993556	0.4086973952	0.0008181477	0.2549618656
0	0.4759115693	0.3568824431	0.1638694669	0.0000000000	0.0033365207
0	0.0721030161	0.4181121139	0.2200121064	0.2320154139	0.0577573497
0	0.0123479656	0.9841424878	0.0000000002	0.0000004848	0.0035090615
0	0.9558490900	0.0144717660	0.0183771550	0.0000000002	0.0113019888
0	0.0174666265	0.7032003737	0.0000224039	0.2731328255	0.0061777704
0	0.4296358361	0.0274165445	0.4814946820	0.0264406982	0.0350122392
0	0.2512803658	0.4149819963	0.1827915760	0.1441877774	0.0067582845
1	0.0000601218	0.1325617799	0.7064721724	0.0270318433	0.1338740826
0	0.1699579416	0.0130272136	0.0108537749	0.0000000005	0.8061610695
0	0.0165622214	0.1545633879	0.3357647962	0.0294197984	0.4636897962
1	0.1138668606	0.6771857374	0.1164270817	0.0338680822	0.0586522381
0	0.0130956174	0.2490264194	0.6440995848	0.0937783784	0.0000000000
1	0.5051544272	0.0006804241	0.3835079160	0.1106565363	0.0000006964
0	0.6465188223	0.1425300538	0.1071340200	0.0135134799	0.0903036239
1	0.1716869141	0.7209129579	0.0181120062	0.0485039777	0.0407841441
0	0.2760886563	0.6630220848	0.0007738958	0.0435479895	0.0165673736
0	0.0000096013	0.3741381681	0.4455621952	0.1464603454	0.0338296901
0	0.6462339043	0.0112766724	0.0000010246	0.0086579975	0.3338304012
0	0.1461260514	0.0842995074	0.7661108655	0.0013220904	0.0021414853
0	0.1510771502	0.3194312278	0.3119756285	0.0000003787	0.2175156148
0	0.5308086208	0.0912836343	0.2653074328	0.0000000000	0.1126003122
0	0.0285435476	0.0139052024	0.9374162416	0.0100508901	0.0100841182
0	0.0905908778	0.2610880795	0.0001174643	0.0000573631	0.6481462152
1	0.4461288458	0.0435305286	0.5102587617	0.0000818639	0.0000000000
1	0.3952475919	0.2600085075	0.1089010689	0.1563198899	0.0795229418
0	0.0824863312	0.5399995612	0.0047158661	0.0120864865	0.3607117549
0	0.0005103179	0.1724790883	0.0128170418	0.5565883669	0.2576051851
0	0.0286005427	0.2251948173	0.0031677619	0.0309878623	0.7120490158
0	0.0208244137	0.9173241871	0.0280956710	0.0337519793	0.0000037488
0	0.1960955762	0.0402758252	0.0000000000	0.6689169867	0.0947116120
1	0.0307620629	0.8929328508	0.0001076943	0.0607727288	0.0154246632
0	0.3144964786	0.4807618302	0.1602962706	0.0437414597	0.0007039610
0	0.0005973849	0.6372048580	0.2579637663	0.0003418910	0.1038920998
1	0.2041840806	0.1481343755	0.6467496188	0.0006263949	0.0003055302
1	0.0097542023	0.1087961711	0.5710506721	0.2104678712	0.0999310833
1	0.0072827863	0.0808967833	0.7895501081	0.0078953413	0.1143749809
0	0.0094907034	0.4891350405	0.3677555593	0.1085670462	0.0250516506
1	0.0883619412	0.7337566495	0.0096689535	0.0000018267	0.1682106291
0	0.0008915314	0.1118218480	0.1438714124	0.6989371108	0.0444780974
0	0.0365336858	0.0068673018	0.9454900152	0.0110764676	0.0000325296
0	0.0284622873	0.0011388276	0.9405474714	0.0145928348	0.0152585788
0	0.0665040885	0.0100833591	0.1397618836	0.0013528344	0.7822978343
0	0.5214161953	0.2631883114	0.0168967611	0.0843211428	0.1141775894
0	0.0000006486	0.0284274085	0.1143162944	0.6846206792	0.1726349693
1	0.8016932722	0.0000000001	0.0697365949	0.0001555098	0.1284146231
0	0.1424544877	0.0357382631	0.6464028221	0.0694423453	0.1059620819
1	0.2785877834	0.4615309178	0.1023346500	0.0720081804	0.0855384684
1	0.2987100383	0.4389415272	0.0051941176	0.0649987678	0.1921555491
0	0.2102363279	0.3480797973	0.1858835900	0.0000874191	0.2557128657
0	0.0000697027	0.7187497271	0.0452194492	0.2117447609	0.0242163602
0	0.0018619785	0.5712754929	0.0000639353	0.0067281050	0.4200704884
0	0.0716831717	0.3246560904	0.0001489685	0.0000082245	0.6035035448
0	0.1134843793	0.7241346480	0.0069560880	0.0255279805	0.1298969041
0	0.1173207287	0.0044406319	0.8340836342	0.0440824775	0.0000725277
0	0.1591019891	0.1569240772	0.0562916768	0.3843684319	0.2433138250
0	0.0988574891	0.5307375191	0.0211563358	0.0102887415	0.3389599145
1	0.0306703589	0.4072574817	0.5440764866	0.0000230986	0.0179725741
1	0.1731480207	0.5445762539	0.0249339465	0.0225238550	0.2348179238
0	0.3322528326	0.0015030259	0.0080117763	0.0000967224	0.6581356428
