0	0.9119215236	0.0864475824	0.0001167811	0.0015141129	0.0000000000
0	0.0865116563	0.8173305607	0.0036393664	0.0014476584	0.0910707582
1	0.0000285809	0.5636362917	0.3008728676	0.0503677655	0.0850944943
1	0.6153769213	0.0012306355	0.0160060552	0.0054616277	0.3619247603
0	0.0046586116	0.1097359370	0.8652235392	0.0044561996	0.0159257126
0	0.1456728279	0.4166156228	0.2619587809	0.1706635815	0.0050891869
0	0.7283407071	0.0977560846	0.0963706028	0.0775326055	0.0000000000
1	0.0029925588	0.0115186299	0.7136094533	0.2548614687	0.0170178894
1	0.0147578579	0.7769529404	0.1291278130	0.0092087690	0.0699526198
0	0.5342379386	0.0475432455	0.0853251314	0.0044419270	0.3284517576
0	0.2039960548	0.0623541066	0.1093505682	0.0000000000	0.6242992703
0	0.0363388074	0.0391864612	0.8128623892	0.0000000024	0.1116123398
0	0.0058373664	0.6754499856	0.2861015413	0.0026849658	0.0299261409
0	0.9413032677	0.0111745286	0.0337875393	0.0000780995	0.0136565649
1	0.2097378575	0.4876032181	0.0000000003	0.0599471113	0.2427118129
0	0.0000006033	0.0022781959	0.1678573032	0.7413390384	0.0885248592
0	0.0373912105	0.0834202345	0.3073869098	0.0916770300	0.4801246151
0	0.0161797326	0.4769165927	0.2468557454	0.2074360345	0.0526118947
0	0.3515712440	0.0051908050	0.0028504852	0.0024310454	0.6379564204
1	0.1787519234	0.0703140804	0.7387741321	0.0117816117	0.0003782524
0	0.0408219976	0.0332242361	0.4052758213	0.0289472754	0.4917306697
0	0.6093055728	0.0002062149	0.0606832282	0.0046655887	0.3251393955
0	0.0139706475	0.1854445252	0.7323988467	0.0000406814	0.0681452992
0	0.3943805581	0.1819347002	0.2011276970	0.2188877640	0.0036692807
0	0.0001524980	0.4887366313	0.2321606735	0.0155890204	0.2633611768
1	0.9348556386	0.0330985370	0.0000000012	0.0193489107	0.0126969125
0	0.0380345669	0.2215313989	0.1542256197	0.0007520716	0.5854563428
1	0.0231565856	0.0298801049	0.9463684344	0.0000036558	0.0005912194
0	0.0162203000	0.4659815832	0.4126892768	0.0852571549	0.0198516851
0	0.1951209289	0.0715774370	0.0018149212	0.0377035099	0.6937832030
0	0.3635821390	0.3253363040	0.0022907214	0.2833241872	0.0254666483
0	0.0091825401	0.0538536735	0.1280166938	0.0002235545	0.8087235381
0	0.7431642732	0.1319055250	0.0099986097	0.0459887933	0.0689427988
0	0.0020592239	0.1613660603	0.4231843177	0.1314569125	0.2819334856
0	0.3946520763	0.2623138979	0.1530629036	0.0000000000	0.1899711222
0	0.0004978831	0.2022912723	0.0069950006	0.0056541696	0.7845616744
0	0.6863618624	0.1507427705	0.1551823693	0.0035156364	0.0041973614
0	0.7781894899	0.0031342829	0.0208833018	0.1917019753	0.0060909501
0	0.0007047870	0.6809102254	0.1441395374	0.0000000013	0.1742454489
0	0.0077423038	0.1649940652	0.1427410574	0.0012442962	0.6832782774
0	0.5471926939	0.0000093509	0.4525260051	0.0002719502	0.0000000000
0	0.3897631646	0.0923368059	0.4996383764	0.0173542849	0.0009073682
1	0.0080742125	0.9376208856	0.0485333426	0.0021440406	0.0036275187
1	0.0545481364	0.0000000768	0.6614204905	0.0401717726	0.2438595237
0	0.0421036437	0.2568818489	0.0499237469	0.4213762254	0.2297145353
0	0.1227824237	0.0060958287	0.2972826034	0.0000382271	0.5738009172
0	0.0652291380	0.3743215322	0.0000082568	0.1962406560	0.3642004170
0	0.6468215707	0.0931101468	0.1402954450	0.0494396389	0.0703331985
0	0.3078836170	0.1259028337	0.0091732005	0.0208199095	0.5362204392
0	0.1414481630	0.2348950881	0.6236180604	0.0000000000	0.0000386885
0	0.2664224719	0.5464601501	0.0026817516	0.0251218378	0.1593137886
0	0.5311888415	0.3616533337	0.0489615983	0.0001652717	0.0580309548
0	0.1197470611	0.5138726574	0.2894912063	0.0185094058	0.0583796693
0	0.1953240285	0.0598301464	0.0024942638	0.3438869331	0.3984646282
1	0.4648774321	0.4707110559	0.0000629397	0.0000000118	0.0643485605
1	0.1244636605	0.0354646290	0.0000180015	0.3401732481	0.4998804609
2	0.1922329996	0.0431597477	0.7537647518	0.0074396747	0.0034028263
0	0.0345505881	0.8837795495	0.0760156647	0.0043086473	0.0013455504
1	0.7903439796	0.0108178243	0.1744879112	0.0242488973	0.0001013877
0	0.0041340671	0.1287031756	0.2049134650	0.0000000003	0.6622492920
0	0.5720456456	0.0011830120	0.1022659470	0.0262299421	0.2982754533
0	0.5204577996	0.4641518843	0.0000001872	0.0019332677	0.0134568612
0	0.2318487406	0.0180680410	0.6404726247	0.1034411988	0.0061693949
1	0.3745693148	0.1011306204	0.1132410448	0.1381692994	0.2728897206
1	0.0000001709	0.0900115612	0.8912916832	0.0039094149	0.0147871698
0	0.3935649190	0.2404532328	0.3182860980	0.0466454993	0.0010502509
0	0.0700262354	0.5188989234	0.1940317358	0.1958778179	0.0211652875
0	0.1692924572	0.3288851762	0.2562139284	0.0000041687	0.2456042695
0	0.6306773536	0.0294202093	0.0000017332	0.0016943963	0.3382063076
1	0.5092747060	0.1258544217	0.0000699260	0.0000047644	0.3647961820
0	0.2286876672	0.0081613157	0.4951438194	0.0000064240	0.2680007738
0	0.0001606009	0.4502655791	0.1644923667	0.0000000018	0.3850814515
1	0.0114905719	0.1875585285	0.0955693407	0.5349698327	0.1704117263
0	0.0018947719	0.7000690502	0.0327239519	0.0000059689	0.2653062571
0	0.6996051531	0.2819849202	0.0000758096	0.0022253009	0.0161088162
1	0.3349790582	0.0672942797	0.0674746288	0.0011337321	0.5291183012
1	0.3516351881	0.0000000001	0.4035599051	0.0960708453	0.1487340614
0	0.8983414527	0.0136634986	0.0000986591	0.0010328334	0.0868635563
0	0.0005410394	0.5026327934	0.3700799174	0.0552217776	0.0715244722
0	0.5383930066	0.0986514704	0.0984386628	0.0000019439	0.2645149164
0	0.2240970343	0.5828631143	0.0794675699	0.0992583054	0.0143139760
1	0.8773776563	0.0008921308	0.0130502729	0.0551228264	0.0535571136
0	0.2849665642	0.2330568932	0.4816173423	0.0000286979	0.0003305024
0	0.3316266099	0.0002240332	0.6619648321	0.0000000357	0.0061844891
0	0.0845472531	0.0012105786	0.9109543434	0.0030236535	0.0002641714
0	0.3595012199	0.3274236458	0.1362229480	0.1554110074	0.0214411790
0	0.0749701212	0.1298608552	0.7681962072	0.0003806569	0.0265921595
0	0.2656145492	0.0000000247	0.5692586245	0.0180999927	0.1470268089
0	0.0263383348	0.4562299686	0.0000124073	0.4637492603	0.0536700291
0	0.1768913966	0.0001824087	0.7552756475	0.0000009914	0.0676495558
0	0.1349086131	0.0002541234	0.5630334263	0.0269883844	0.2748154528
0	0.4143338299	0.4678456162	0.1165872082	0.0012021038	0.0000312419
1	0.1051911333	0.0039488605	0.0108551130	0.0633914522	0.8166134409
0	0.9597436166	0.0222567395	0.0145585329	0.0000008755	0.0034402355
0	0.0006898764	0.4916907886	0.4579904706	0.0385866398	0.0110422246
0	0.2359487319	0.3751431642	0.2827088039	0.0575585299	0.0486407701
0	0.3118483872	0.0409363416	0.5267088952	0.0934788272	0.0270275489
1	0.2970365079	0.5641787301	0.0675625330	0.0651652272	0.0060570018
0	0.0196333947	0.9154165664	0.0372854929	0.0210522674	0.0066122787
0	0.1687454766	0.1349496349	0.2264123812	0.0015146367	0.4683778706
