0	0.0003708041	0.0813066901	0.0747484263	0.5635045789	0.2800695007
0	0.6760080371	0.2988656613	0.0232960469	0.0018302546	0.0000000000
2	0.0021175870	0.0081010797	0.7941108556	0.0404965022	0.1551739755
0	0.0099171847	0.9038079177	0.0601984691	0.0112548916	0.0148215370
0	0.1868334529	0.0839262781	0.7071788949	0.0031116392	0.0189497349
0	0.3627113417	0.0000018106	0.3644637859	0.0415075206	0.2313155412
0	0.1342652368	0.0580464563	0.1869081168	0.0000000000	0.6207801901
1	0.0548370033	0.0492458930	0.2366813486	0.2035974758	0.4556382794
0	0.9077744742	0.0032975586	0.0069869003	0.0073771129	0.0745639540
0	0.2668825042	0.0508227995	0.2079766878	0.0000390704	0.4742789381
0	0.0066038242	0.4799838068	0.0639094226	0.1607950289	0.2887079174
0	0.4297388201	0.0210993828	0.1263341611	0.0050376612	0.4177899749
0	0.1864773448	0.1199516166	0.0254630499	0.0000323931	0.6680755957
0	0.2421507647	0.0324592105	0.6391211030	0.0178961845	0.0683727373
0	0.0306961305	0.2641620843	0.5888604079	0.0409082081	0.0753731693
0	0.0297660796	0.0194013035	0.7708202570	0.0000000135	0.1800123464
0	0.0675777955	0.0302466716	0.4836448245	0.0000000000	0.4185307084
0	0.0405511809	0.3491684114	0.4237032731	0.1285516156	0.0580255190
0	0.0065753971	0.0057185144	0.9491224668	0.0000000000	0.0385836217
0	0.4676024662	0.0348612276	0.0068014603	0.0000493478	0.4906854980
1	0.0036336075	0.5619375117	0.1508489747	0.0001686613	0.2834112447
0	0.0112078071	0.4407267516	0.4003104125	0.0165120107	0.1312430181
1	0.8961177964	0.0217053558	0.0008223135	0.0213799515	0.0599745828
0	0.0335972181	0.0118003454	0.6848247726	0.0009786010	0.2687990629
0	0.8774807277	0.0539503468	0.0412861959	0.0054467964	0.0218359333
0	0.2488016989	0.5212234386	0.0470917686	0.0000012558	0.1828818381
0	0.2898724362	0.1476265536	0.1615479653	0.0000000707	0.4009529743
0	0.0361798082	0.0651769060	0.0045947502	0.0026606879	0.8913878477
0	0.0000000000	0.0004953165	0.5604864937	0.0002631451	0.4387550447
1	0.7671268872	0.1286165214	0.1037577002	0.0000365254	0.0004623658
0	0.5257785860	0.1336273405	0.0319407001	0.2218141507	0.0868392227
0	0.1263025652	0.0458244885	0.8189176338	0.0000269408	0.0089283717
0	0.1844900735	0.1524445043	0.0000160172	0.3255715097	0.3374778953
1	0.0853304628	0.0543064224	0.5955558300	0.0321264724	0.2326808123
0	0.1318957579	0.3900064778	0.4753503211	0.0000000000	0.0027474433
0	0.1661114225	0.4572188912	0.2397395570	0.0250882005	0.1118419289
0	0.7935440415	0.0001536143	0.0026963018	0.0565342654	0.1470717770
0	0.1285842113	0.0697826701	0.2232654246	0.5365519048	0.0418157893
1	0.7495440486	0.0000362599	0.0115611224	0.0000000752	0.2388584940
0	0.0187116408	0.1498790823	0.2265964222	0.1525629939	0.4522498608
1	0.1962310057	0.1448510554	0.3722489516	0.2863290508	0.0003399365
0	0.2819784244	0.6711776205	0.0411299781	0.0000000000	0.0057139771
0	0.0721630338	0.0893531873	0.7400171388	0.0329911622	0.0654754779
0	0.1358952348	0.7387798935	0.0069277736	0.0372725422	0.0811245558
1	0.1652969229	0.2517744865	0.0000000000	0.0071475437	0.5757810468
0	0.0008219502	0.0111017961	0.9161636099	0.0090304049	0.0628822389
0	0.3313134164	0.0000513717	0.0610002583	0.2898674910	0.3177674626
0	0.1602750631	0.6979331886	0.0299826937	0.0448972071	0.0669118475
0	0.5073666085	0.3773630939	0.0004813589	0.0059118923	0.1088770465
0	0.0000035614	0.1761037244	0.8077609763	0.0150325210	0.0010992169
0	0.8855433493	0.1057791004	0.0000091358	0.0000000001	0.0086684145
0	0.7673320312	0.0249433609	0.1918679085	0.0007489968	0.0151077026
0	0.1448415872	0.0005907763	0.0091409746	0.0000140539	0.8454126080
0	0.0080591618	0.4918655519	0.0277177211	0.0345777154	0.4377798498
0	0.0051214853	0.0489491870	0.4746071682	0.0178989031	0.4534232564
0	0.0048197935	0.0132359897	0.0267526588	0.0164483403	0.9387432177
0	0.2353371080	0.2675169754	0.2542272692	0.0800123095	0.1629063379
0	0.0266130957	0.4441234249	0.3456540718	0.0221133937	0.1614960139
1	0.0000351430	0.8747592459	0.0319510300	0.0000053265	0.0932492546
0	0.3426453278	0.3214154771	0.2448543715	0.0000000000	0.0910848236
1	0.0204553131	0.0000228495	0.0630007511	0.0479740487	0.8685470376
0	0.0136236523	0.0056498089	0.0042895084	0.0225521456	0.9538848848
0	0.0062969978	0.0950568878	0.0384089944	0.3899923838	0.4702447362
0	0.0001475020	0.3318009213	0.0858297450	0.0000000011	0.5822218305
0	0.0310845811	0.0191099812	0.9405119547	0.0001283341	0.0091651490
0	0.0913942982	0.8605137203	0.0166567220	0.0193828925	0.0120523670
0	0.0564344582	0.2094893452	0.3249322848	0.0004740880	0.4086698238
0	0.0378539960	0.5968242923	0.0596277122	0.0691627046	0.2365312949
0	0.4244686515	0.0060302985	0.3457680517	0.0000000002	0.2237329980
0	0.1066545425	0.1291798235	0.5737728199	0.0004869682	0.1899058459
1	0.8092811955	0.0955192516	0.0202576024	0.0047593835	0.0701825670
0	0.5038745419	0.0002880949	0.1030194921	0.0000132040	0.3928046671
0	0.0000009925	0.0833693413	0.0693455482	0.0820056103	0.7652785077
0	0.2676021817	0.0959629020	0.0014084433	0.6350264519	0.0000000212
0	0.4463591926	0.0267171074	0.2211710311	0.1561196361	0.1496330328
0	0.0191211255	0.5070912810	0.4574383692	0.0017471227	0.0146021017
0	0.0138086170	0.5116077431	0.3203877846	0.0071597062	0.1470361492
0	0.0380619644	0.3895094007	0.4063670981	0.0346233489	0.1314381879
0	0.6456100359	0.0011709709	0.1203774712	0.1537423000	0.0790992220
1	0.7467494060	0.0212270775	0.0086346375	0.0000000000	0.2233888790
0	0.0010380672	0.0908358362	0.9001533627	0.0004926083	0.0074801255
0	0.0827902950	0.8468167126	0.0000000000	0.0134855144	0.0569074780
0	0.0100692407	0.5023285448	0.2646375149	0.0084724006	0.2144922990
0	0.0180324383	0.2337904921	0.0248353474	0.0000000309	0.7233416913
1	0.4177626322	0.3244115075	0.1374888679	0.0003964940	0.1199404984
0	0.6306939156	0.1110531214	0.2066285065	0.0156295497	0.0359949068
0	0.9225630282	0.0366977294	0.0083127470	0.0016759154	0.0307505800
0	0.0044203356	0.0335536150	0.3062838801	0.3906145576	0.2651276117
0	0.4981482195	0.4636851214	0.0022679198	0.0000103445	0.0358883948
1	0.0584314825	0.7480119022	0.1005003629	0.0923364020	0.0007198504
0	0.0828972835	0.4669310079	0.3006080601	0.0007314010	0.1488322475
0	0.0122807231	0.9572391959	0.0049752326	0.0093495827	0.0161552657
0	0.0014156679	0.0223983441	0.9691561778	0.0003183570	0.0067114533
0	0.2559169327	0.3172663657	0.4170755541	0.0097365120	0.0000046354
0	0.1368671660	0.1794012899	0.4939892011	0.0050855246	0.1846568183
0	0.3310229699	0.0302641555	0.2351690885	0.2754821175	0.1280616685
0	0.0628732198	0.0018069202	0.2882993991	0.0924046874	0.5546157735
1	0.1674504709	0.2172628207	0.2924940840	0.0149837424	0.3078088819
0	0.0659683403	0.6278795233	0.0000000000	0.3040516613	0.0021004751
0	0.3992894379	0.2321406988	0.1865489553	0.0004164663	0.1816044418
