0	0.0367869040	0.5784461005	0.0279389330	0.2968525646	0.0599754978
0	0.0006876377	0.0070983682	0.8560490666	0.0001014729	0.1360634545
1	0.0138393240	0.1823474250	0.3866907381	0.0000000000	0.4171225129
0	0.4896832274	0.3346660340	0.1697658999	0.0000082496	0.0058765891
0	0.6911361945	0.0046021454	0.1332154868	0.0054993978	0.1655467755
0	0.0891583887	0.5054672923	0.0829736106	0.0044628237	0.3179378847
0	0.2108094651	0.7036856984	0.0006971580	0.0000246495	0.0847830290
0	0.4713495096	0.0002263079	0.4867857671	0.0061013150	0.0355371003
0	0.0023438847	0.3588785933	0.1899489540	0.0007544748	0.4480740932
0	0.2222766233	0.0011620908	0.7370668240	0.0025151878	0.0369792741
0	0.0967477667	0.3054525087	0.3471073714	0.0107311429	0.2399612103
0	0.4437611916	0.1623659771	0.2127144306	0.0000080953	0.1811503055
0	0.0117452400	0.3846730421	0.0399681238	0.0000000000	0.5636135941
0	0.0120329597	0.6920135269	0.2893650398	0.0065864175	0.0000020561
1	0.0990514293	0.0019289707	0.2246946476	0.0000000064	0.6743249460
1	0.0000214066	0.0000025249	0.4818730353	0.0058235945	0.5122794388
1	0.6016008214	0.2449365833	0.0175072111	0.0909475683	0.0450078158
0	0.0520646026	0.0259395025	0.0917344028	0.0000795706	0.8301819215
0	0.1433997351	0.1896498952	0.1591083697	0.0027995856	0.5050424143
1	0.6403516694	0.0372169381	0.1112082349	0.0001133531	0.2111098045
0	0.1268379126	0.1967375068	0.5031774835	0.0006713070	0.1725757901
0	0.3515095394	0.1162760370	0.0971321823	0.4268225256	0.0082597157
0	0.6919620932	0.2320825811	0.0245508463	0.0472003227	0.0042041567
0	0.0016822935	0.1606940166	0.0003422714	0.0000000000	0.8372814185
0	0.4022662920	0.2320494305	0.0111862534	0.3507346635	0.0037633605
0	0.5820303021	0.0101752807	0.2937087660	0.0721484701	0.0419371811
1	0.4328779829	0.0618492653	0.0048404241	0.0000000858	0.5004322419
0	0.0194828086	0.2400037445	0.1169981716	0.0032990460	0.6202162293
1	0.0000004828	0.1198649965	0.0396124688	0.0000432447	0.8404788071
0	0.7060357741	0.1043879348	0.0425144084	0.0000352949	0.1470265878
1	0.0036569701	0.0010802825	0.8017054304	0.0000000000	0.1935573170
0	0.1853158621	0.6267479229	0.0467984298	0.0000898140	0.1410479711
0	0.1999726133	0.4939781751	0.2225923535	0.0218832452	0.0615736130
0	0.6941362767	0.0181987029	0.0471054302	0.0317435922	0.2088159979
0	0.9959220090	0.0021385448	0.0000000067	0.0006627067	0.0012767328
0	0.1225390677	0.6556212151	0.2154384347	0.0053403643	0.0010609182
0	0.1650122675	0.3894505092	0.4233317486	0.0220493162	0.0001561585
0	0.0000003217	0.0291393845	0.4744711394	0.2407699539	0.2556192004
0	0.0324326567	0.0803326350	0.5545197794	0.0012444661	0.3314704628
1	0.1037655534	0.1117748729	0.2866768484	0.0138613025	0.4839214228
0	0.6053605373	0.0411896263	0.0102351578	0.0002342155	0.3429804632
2	0.0000000220	0.0153752271	0.0257167768	0.0000000000	0.9589079740
0	0.0134767360	0.7344846783	0.0119441058	0.0267996791	0.2132948008
0	0.1848262031	0.1504902448	0.4914137301	0.0418858863	0.1313839356
0	0.1855825598	0.2187256919	0.1500454438	0.0000031292	0.4456431754
0	0.5339355940	0.1603235198	0.3028034407	0.0013072383	0.0016302073
1	0.0858013115	0.0449360620	0.0191445124	0.0000000000	0.8501181141
0	0.0638489119	0.0636726505	0.4303366803	0.1673263281	0.2748154292
0	0.5159789412	0.0961698868	0.1013695776	0.0906421386	0.1958394558
0	0.0086455052	0.0764231515	0.1649449950	0.0031238571	0.7468624912
2	0.0000000000	0.0438710749	0.1683439323	0.0000000000	0.7877849928
1	0.7121040724	0.2533461200	0.0319459703	0.0000000000	0.0026038373
0	0.0673777816	0.2722699354	0.0098811163	0.0353046194	0.6151665474
1	0.2354596657	0.2182258602	0.0000000000	0.0218775776	0.5244368965
0	0.0184818493	0.0307891376	0.0000011142	0.0537014082	0.8970264906
0	0.0011781787	0.4458467852	0.5275393558	0.0069754835	0.0184601968
0	0.2070578940	0.6385593191	0.1318330574	0.0173149855	0.0052347441
1	0.2403485871	0.0123286794	0.0000000000	0.0000000000	0.7473227335
1	0.0679411281	0.2746398246	0.0834324188	0.0000000000	0.5739866285
0	0.0731062895	0.8203076559	0.0158445839	0.0518918634	0.0388496073
0	0.0792409014	0.7162224820	0.1760354082	0.0044799383	0.0240212700
0	0.0022535938	0.7969634675	0.2000339361	0.0007490025	0.0000000000
0	0.6929923948	0.1465026412	0.0113663269	0.0937540476	0.0553845895
0	0.0022121571	0.7493515787	0.0911452195	0.0000000000	0.1572910448
0	0.0409830866	0.0033055613	0.6020554188	0.3536558963	0.0000000369
0	0.0363032253	0.7879064062	0.0186415773	0.0000256115	0.1571231797
0	0.6168932311	0.3225193035	0.0517598955	0.0088275698	0.0000000000
0	0.3402246907	0.2021698667	0.0353546956	0.0000000462	0.4222507009
0	0.1205028399	0.1593947547	0.0834197257	0.0907658991	0.5459167807
0	0.0325753510	0.1629315375	0.2520721139	0.0853889317	0.4670320658
0	0.0114036037	0.4835365268	0.0995352152	0.0764933930	0.3290312612
1	0.0746885541	0.8285625202	0.0281200984	0.0000131813	0.0686156460
0	0.0006217617	0.4443348023	0.0033287301	0.2746195147	0.2770951912
1	0.0000438673	0.3094440187	0.1467132605	0.0016204960	0.5421783575
0	0.0009515344	0.1181412325	0.5280881627	0.2665748141	0.0862442563
0	0.1168070793	0.8277980426	0.0192620696	0.0361328060	0.0000000025
1	0.0154102533	0.0974639710	0.0082364491	0.0000000000	0.8788893266
0	0.0053753490	0.2021515555	0.3122764021	0.0176347567	0.4625619366
0	0.5385605597	0.0655473707	0.2872817852	0.0003829120	0.1082273724
0	0.0000002730	0.4281322822	0.0196037063	0.2828681416	0.2693955969
0	0.0106430786	0.0254303431	0.0001801278	0.0000000000	0.9637464504
1	0.0483749920	0.0193153599	0.0192802845	0.0191693978	0.8938599659
0	0.5795985106	0.2462814844	0.1141778083	0.0474512855	0.0124909111
0	0.0001371703	0.5616612088	0.0772179606	0.0628770569	0.2981066035
0	0.0000000000	0.0112794786	0.9685103938	0.0202056318	0.0000044959
0	0.0026543143	0.0511739898	0.9410543670	0.0038547125	0.0012626163
0	0.4055354135	0.0346655575	0.0261731761	0.3142403766	0.2193854762
0	0.0008429558	0.1700028039	0.7345900309	0.0157266432	0.0788375662
0	0.0671084162	0.3600863944	0.5474038802	0.0000000816	0.0254012276
0	0.3205716789	0.0006133036	0.0160365292	0.6006502639	0.0621282243
1	0.0233196644	0.6239554608	0.2112281874	0.0000000000	0.1414966873
0	0.3238366997	0.0184562714	0.6018627172	0.0345473280	0.0212969836
0	0.4630785326	0.0037207077	0.3757731076	0.0144561276	0.1429715246
1	0.2411578997	0.0035169848	0.1167773817	0.0000000000	0.6385477337
0	0.1951024849	0.0969707135	0.3668847487	0.0098285773	0.3312134756
1	0.0025569793	0.3808409380	0.1670415412	0.0424207317	0.4071398099
0	0.0304639638	0.1280723680	0.7337411952	0.1076616212	0.0000608518
1	0.0004458753	0.0544664654	0.0674164200	0.0000000000	0.8776712392
0	0.0026382108	0.0004801668	0.0533172618	0.0466175808	0.8969467797
0	0.1082385900	0.1254794001	0.6584986779	0.0808371420	0.0269461899
