1	0.0261680534	0.0056282688	0.4705083386	0.0157748308	0.4819205084
2	0.0049002094	0.0437695793	0.1080797615	0.0364917455	0.8067587042
0	0.1962769375	0.4059185346	0.3978013447	0.0000017523	0.0000014309
0	0.4022443457	0.3046020696	0.0891695038	0.1905477459	0.0134363351
0	0.4083280728	0.3540102522	0.0000000000	0.0108708561	0.2267908189
0	0.5800310457	0.0203721553	0.0000050944	0.0452756894	0.3543160151
1	0.0096830285	0.1135205504	0.6991884762	0.0789429165	0.0986650283
0	0.1162849082	0.3657637666	0.0218171170	0.4959715111	0.0001626970
1	0.3977881677	0.0001155872	0.0109036708	0.0000007898	0.5911917846
1	0.7576495534	0.0220202015	0.0065163014	0.0000000000	0.2138139437
0	0.0079028193	0.5707542272	0.0001953337	0.0046967995	0.4164508202
1	0.4211345889	0.0005827555	0.5684755994	0.0057456669	0.0040613893
1	0.1303013598	0.0063679514	0.2195350612	0.0527488610	0.5910467666
0	0.1439312443	0.2399769222	0.5199320555	0.0004644410	0.0956953369
0	0.0749278351	0.0149170181	0.0000691833	0.0232572924	0.8868286711
0	0.3821741042	0.2854798493	0.2455199832	0.0790172179	0.0078088454
0	0.7064531342	0.0064661503	0.1245920612	0.0156014012	0.1468872530
1	0.5374470746	0.2779025376	0.0737986788	0.1108515369	0.0000001722
1	0.0015481558	0.0970940037	0.0710042448	0.1959761170	0.6343774787
1	0.1782684033	0.7076233048	0.0336084552	0.0000052167	0.0804946200
0	0.0000000003	0.5642444720	0.0078214880	0.0000112364	0.4279228033
0	0.0364503678	0.0983722497	0.5124947869	0.3056725780	0.0470100175
1	0.3366944039	0.0039163455	0.1779834047	0.0000000786	0.4814057672
0	0.1938745388	0.2979292292	0.0036760054	0.2072356703	0.2972845564
0	0.0237610806	0.5968089380	0.0294880123	0.0009062112	0.3490357580
1	0.0000139204	0.0472632649	0.0059381911	0.0009611716	0.9458234520
1	0.0007165415	0.0316365972	0.4268305771	0.0000471542	0.5407691301
0	0.6203737516	0.1940945336	0.0018876760	0.0034720467	0.1801719922
0	0.4332014540	0.5451842809	0.0186293043	0.0029849609	0.0000000000
0	0.1538217173	0.1048825730	0.6192130711	0.0228588765	0.0992237621
0	0.1153218090	0.5087089806	0.0831782850	0.0055309855	0.2872599399
1	0.3074420672	0.0618863305	0.5206673102	0.0071794728	0.1028248193
0	0.0000912260	0.0010218723	0.5375072935	0.4604906927	0.0008889156
1	0.0000000000	0.4866659879	0.3446101617	0.0080151090	0.1607087414
0	0.0972499070	0.1226027477	0.7209512314	0.0000180209	0.0591780930
1	0.4477901058	0.0779798681	0.0007389173	0.0000205122	0.4734705965
0	0.0001629071	0.1681513172	0.7983110030	0.0077019085	0.0256728642
1	0.0907187941	0.0848352764	0.1276109985	0.1038367907	0.5929981402
1	0.0167580956	0.0055719223	0.0407938987	0.0007716855	0.9361043978
0	0.4865839078	0.3202174143	0.0889608346	0.0372131779	0.0670246654
0	0.0514477466	0.0000359034	0.4785312419	0.0000797281	0.4699053800
0	0.0996386503	0.6752583844	0.0572433939	0.0873212712	0.0805383002
0	0.0296923441	0.5901870617	0.1026176998	0.0172661973	0.2602366972
0	0.0224109436	0.4245558244	0.1432224785	0.1446543702	0.2651563833
1	0.6747930452	0.1128023247	0.1072651307	0.0000000000	0.1051394994
0	0.9159109957	0.0039488970	0.0102055653	0.0371765573	0.0327579846
0	0.2001891345	0.6665375864	0.0028257299	0.0230080075	0.1074395417
1	0.0000000000	0.4854001111	0.1980701871	0.0000000001	0.3165297017
0	0.0865789510	0.0287402952	0.0529220094	0.0956032159	0.7361555284
0	0.0232246273	0.0053803353	0.9344419660	0.0329621720	0.0039908994
1	0.0031351582	0.0637304551	0.0021594103	0.4199714992	0.5110034772
0	0.0002536285	0.4054390205	0.5895984921	0.0001325038	0.0045763551
0	0.4382462049	0.3192290574	0.0369102490	0.0000492233	0.2055652654
0	0.0127943248	0.3252831678	0.0245363086	0.0727529988	0.5646332001
0	0.1756285310	0.6852745334	0.0671339209	0.0043301498	0.0676328649
0	0.0070761432	0.7955191250	0.1937431834	0.0035520036	0.0001095448
0	0.5240128364	0.0090153723	0.1556097733	0.0554886067	0.2558734114
0	0.0648463344	0.0386354291	0.0013573938	0.0000000000	0.8951608427
0	0.1719536073	0.4540314370	0.0015240842	0.0243883945	0.3481024771
0	0.2812930056	0.3099541878	0.1024322384	0.3019232085	0.0043973598
0	0.0300953207	0.0911780022	0.4429298996	0.0054652723	0.4303315052
0	0.0198559304	0.0837681092	0.8281699170	0.0660545320	0.0021515114
0	0.2622239879	0.6605443042	0.0635877737	0.0135338439	0.0001100903
0	0.1594809754	0.3104599869	0.0287987494	0.4318702577	0.0693900306
0	0.0001759085	0.3393340171	0.0133663922	0.0230434933	0.6240801888
0	0.2048184682	0.0909142511	0.1051819329	0.0311141556	0.5679711922
0	0.2697856217	0.1211336298	0.0029116855	0.0206515072	0.5855175557
0	0.0075183193	0.0888463348	0.3796962897	0.0000040502	0.5239350060
0	0.0045972249	0.6913898378	0.0000055035	0.0115299276	0.2924775062
0	0.0085823585	0.0047031726	0.1037986873	0.0027794753	0.8801363062
1	0.5180670234	0.4113015753	0.0197472797	0.0000000000	0.0508841216
0	0.5738838631	0.0139250377	0.0286992258	0.0001525350	0.3833393384
0	0.0369262563	0.2823132950	0.3511514918	0.0218027460	0.3078062109
1	0.1681257455	0.1149464189	0.5070366128	0.0000034725	0.2098877503
0	0.0734026913	0.4291747417	0.3890331462	0.1044833132	0.0039061077
0	0.2509374381	0.0473119746	0.3152367635	0.0173670131	0.3691468106
0	0.3763153392	0.1381663505	0.1438353072	0.0000000000	0.3416830031
0	0.3210078050	0.5679756210	0.0634337708	0.0020111703	0.0455716329
0	0.0344285149	0.6529598862	0.2114861603	0.0941971013	0.0069283373
0	0.8475291939	0.0335317352	0.0909046938	0.0152970074	0.0127373697
0	0.0556823849	0.7280175199	0.0169378790	0.0000000001	0.1993622162
0	0.0000000000	0.6699954918	0.2123239472	0.0432115187	0.0744690424
0	0.0102552733	0.7877198773	0.0189265851	0.0465861924	0.1365120719
0	0.0432521669	0.0825316061	0.8404345253	0.0041636448	0.0296180569
1	0.2243925992	0.0259193825	0.0310042784	0.0000000001	0.7186837398
0	0.1970756384	0.1542882880	0.5749511877	0.0663291899	0.0073556959
0	0.1741365018	0.4864474395	0.0000102686	0.0000622644	0.3393435257
0	0.0123631743	0.1881236153	0.1757981456	0.0558216607	0.5678934042
0	0.2807090618	0.4282814777	0.0267983616	0.0993986575	0.1648124414
0	0.4506456765	0.0356462088	0.1876100675	0.3065312219	0.0195668253
0	0.0962485524	0.0000624607	0.2797223768	0.5687863556	0.0551802546
1	0.2991550071	0.0369692003	0.1114634027	0.0000173983	0.5523949916
0	0.0020432041	0.9945716986	0.0005998411	0.0022225471	0.0005627091
0	0.1747731474	0.0416283854	0.0664162844	0.0000082997	0.7171738832
0	0.2574854870	0.3767697912	0.0000017136	0.0006245001	0.3651185082
1	0.4357632374	0.0743371484	0.0153745317	0.0000000524	0.4745250302
0	0.1226976482	0.0000021109	0.3079279315	0.0087259535	0.5606463560
0	0.0507503983	0.5647362832	0.2039207656	0.0675590433	0.1130335095
0	0.0512501644	0.0611177236	0.0684215118	0.0000000000	0.8192106002
2	0.4423561059	0.2100156098	0.2895498737	0.0000000530	0.0580783576
