0	0.1466292358	0.0121693898	0.5054048850	0.2130490531	0.1227474362
1	0.0037233376	0.6027825782	0.1641510398	0.0010916346	0.2282514097
0	0.6041588158	0.0353535718	0.0809024336	0.2491051889	0.0304799898
2	0.0565804337	0.0000003437	0.0000010510	0.0000000000	0.9434181717
0	0.7427808084	0.0000211473	0.1818165556	0.0280921198	0.0472893689
1	0.0116937161	0.2473213766	0.5972399945	0.0000000000	0.1437449128
0	0.3724796888	0.3877523778	0.0504236002	0.0325530793	0.1567912539
0	0.6564552755	0.2658540606	0.0000000007	0.0003472580	0.0773434052
0	0.2050432098	0.1171987290	0.0000054425	0.0004089018	0.6773437168
1	0.3558863479	0.1746806875	0.0818682955	0.0001888584	0.3873758107
1	0.0314452715	0.1000274002	0.0304200710	0.0000000000	0.8381072573
2	0.8095691372	0.0562934971	0.1296223303	0.0000000000	0.0045150355
0	0.0148816443	0.0065051701	0.0736881840	0.0018503657	0.9030746359
0	0.0259274953	0.0712306095	0.0907568549	0.1038940420	0.7081909984
0	0.3534167236	0.4736776630	0.0494045653	0.0482904003	0.0752106477
1	0.0343944416	0.8450001989	0.1177895806	0.0000000000	0.0028157790
0	0.1467394338	0.0009564787	0.7323291166	0.0191647713	0.1008101995
0	0.0000001025	0.9598995346	0.0109454001	0.0023914008	0.0267635621
0	0.0199463086	0.0089940791	0.3489811872	0.2798285907	0.3422498344
0	0.0756698506	0.0630490187	0.0673916322	0.0013559065	0.7925335921
0	0.4661867332	0.1346387481	0.0481215484	0.0302695071	0.3207834633
0	0.0206106303	0.1751858125	0.4381368911	0.1639366401	0.2021300258
0	0.0165989440	0.9556930822	0.0191152948	0.0079687394	0.0006239397
0	0.1010535422	0.0193254441	0.8326605858	0.0000767372	0.0468836907
0	0.1290221181	0.7051446400	0.0955234181	0.0065189074	0.0637909165
0	0.1567561950	0.4307325453	0.3292600621	0.0832483047	0.0000028929
0	0.1240771015	0.6166800234	0.2414584019	0.0018865033	0.0158979699
0	0.1868328905	0.2473156120	0.0017393274	0.0027055681	0.5614066021
0	0.0309776185	0.7385958943	0.1042757535	0.0047804115	0.1213703222
0	0.0931138136	0.0001117856	0.0658540190	0.0135150339	0.8274053479
1	0.0032030985	0.0431888211	0.0231584524	0.0000000000	0.9304496280
1	0.0000966621	0.6589532961	0.3206225946	0.0060933755	0.0142340717
0	0.9183341103	0.0285462002	0.0471519929	0.0036760165	0.0022916801
1	0.1547507925	0.6805676864	0.0819219714	0.0000334644	0.0827260853
0	0.1408299431	0.6158823876	0.1720894053	0.0537345040	0.0174637600
0	0.0298604176	0.6173398828	0.0652939070	0.2783035957	0.0092021970
0	0.7011188218	0.1388286836	0.1032389925	0.0001936727	0.0566198295
0	0.1620035821	0.8246636920	0.0127642475	0.0005684701	0.0000000083
0	0.4498560189	0.0811797459	0.3035510611	0.1654131741	0.0000000000
0	0.1102342186	0.1733211292	0.0238980010	0.1255383843	0.5670082670
0	0.0002628216	0.0000000000	0.7403664567	0.0219982471	0.2373724746
1	0.1129969629	0.0395218611	0.0750175101	0.0000000000	0.7724636659
0	0.0540239520	0.9001505161	0.0440879813	0.0009193154	0.0008182352
0	0.3044068617	0.3787087393	0.0659147991	0.2508120547	0.0001575452
0	0.6413465781	0.0088251581	0.2511711884	0.0005715248	0.0980855507
0	0.0042985417	0.1535231130	0.8391718632	0.0017752517	0.0012312303
1	0.0022933017	0.0037327815	0.0133635251	0.0000003052	0.9806100864
0	0.5280650556	0.1944003699	0.2475555646	0.0090891481	0.0208898618
0	0.0574735713	0.8929107320	0.0386895529	0.0076525192	0.0032736246
0	0.5760534991	0.0640323117	0.0948056031	0.1887196889	0.0763888972
0	0.5379787038	0.2914068058	0.1470470251	0.0112110682	0.0123563970
0	0.3976141205	0.0483668796	0.2186661157	0.3030775602	0.0322753240
0	0.0000236324	0.9015390221	0.0984288310	0.0000078535	0.0000006610
0	0.0000014777	0.0009073353	0.0100153944	0.0504947524	0.9385810403
0	0.6854446727	0.2563509316	0.0473611814	0.0082489719	0.0025942423
0	0.0035774926	0.5483483291	0.3263057448	0.1095810197	0.0121874138
0	0.9723876052	0.0047923380	0.0060215763	0.0039663395	0.0128321409
0	0.0095397756	0.0246984260	0.0575440392	0.0844460622	0.8237716971
0	0.3929994667	0.1830591287	0.1876685258	0.0039510952	0.2323217836
0	0.0920898774	0.2938725465	0.6139798646	0.0000577115	0.0000000000
0	0.3343889782	0.1163834201	0.4008244736	0.1026303057	0.0457728224
0	0.4783522848	0.1631199693	0.3544426505	0.0004821558	0.0036029396
1	0.6571602869	0.0592381669	0.2202740268	0.0000000000	0.0633275194
1	0.0000475674	0.0015851628	0.0300299758	0.0004035654	0.9679337286
1	0.0000614316	0.0311856764	0.3960529581	0.0000000695	0.5726998644
0	0.0208690706	0.2648892460	0.6641031689	0.0070550156	0.0430834990
0	0.0203239840	0.7311351105	0.1115460118	0.1369948937	0.0000000000
1	0.0365297969	0.0096454924	0.8057095938	0.0000000000	0.1481151168
0	0.0035612126	0.4194915804	0.5103978304	0.0000000621	0.0665493144
0	0.1052760542	0.0438857612	0.8477612179	0.0030769666	0.0000000001
1	0.0343174225	0.0525222991	0.0334278412	0.0000880340	0.8796444032
1	0.3067041957	0.1477313767	0.1281703272	0.0100477954	0.4073463051
0	0.5158620916	0.0054165646	0.3172395989	0.1614775497	0.0000041952
0	0.2423805789	0.1337824789	0.2004618442	0.0678376564	0.3555374417
1	0.1117616522	0.0113771041	0.0356967295	0.0005890448	0.8405754695
0	0.0284607313	0.7399895600	0.2306243455	0.0000000072	0.0009253561
0	0.5104344355	0.2727326320	0.1954363563	0.0211178896	0.0002786866
0	0.1654083664	0.0377223354	0.0018633953	0.0447736537	0.7502322491
1	0.8733515953	0.0556983551	0.0258643463	0.0000006805	0.0450850228
0	0.0021870339	0.5422347323	0.2367828375	0.0000000000	0.2187953962
0	0.0421646047	0.0117785638	0.2310260199	0.0350497443	0.6799810672
0	0.0095609992	0.3721574314	0.0000261834	0.1302369207	0.4880184652
1	0.2096550638	0.4596510583	0.0955070334	0.0972262863	0.1379605581
0	0.0447488880	0.0384794052	0.3688515966	0.0286843221	0.5192357881
0	0.0391473061	0.1358503442	0.8091587278	0.0048514715	0.0109921505
0	0.0000000000	0.0673292962	0.8456040766	0.0000000002	0.0870666271
0	0.1153468260	0.7562657132	0.0362950061	0.0480248533	0.0440676013
0	0.6147533590	0.0241895525	0.1046359168	0.1830638638	0.0733573079
0	0.6676754476	0.0510564582	0.2775983391	0.0000000270	0.0036697281
2	0.0905578875	0.0000000000	0.0169921238	0.0000000000	0.8924499887
1	0.1052399907	0.0284458887	0.0209133665	0.0010302138	0.8443705403
0	0.0000003610	0.3120265085	0.5555150130	0.0469489414	0.0855091762
0	0.0055339231	0.3122457171	0.3514172947	0.0000000000	0.3308030652
0	0.3265138665	0.2118135252	0.0571338749	0.0017056353	0.4028330981
0	0.2506078777	0.1248514939	0.0202276076	0.2724435439	0.3318694769
0	0.0440400039	0.0000001516	0.6676381537	0.1150242792	0.1732974116
0	0.0192389532	0.0069718516	0.0052778150	0.2540728414	0.7144385389
0	0.1005520105	0.1132487214	0.0230820279	0.0000031653	0.7631140748
0	0.3293083228	0.3397888119	0.2197218934	0.0004032506	0.1107777213
0	0.0405853644	0.0007259923	0.0931370623	0.0000005908	0.8655509902
