0	0.0515225449	0.5643516274	0.3523928988	0.0000000250	0.0317329040
0	0.0300604057	0.0166529426	0.7672502837	0.1030444752	0.0829918928
0	0.0222406554	0.3990583250	0.2065669707	0.0000006355	0.3721334134
0	0.0006119516	0.1224947114	0.0004808408	0.1659896455	0.7104228508
0	0.5618088964	0.0139771367	0.0800714581	0.2206207319	0.1235217768
0	0.0234562035	0.1378930333	0.2448930908	0.0550941978	0.5386634747
0	0.0022778470	0.0470734247	0.5438640197	0.1671478537	0.2396368549
0	0.5494602507	0.1939577567	0.0199340553	0.1589603791	0.0776875582
0	0.0104898730	0.0700260465	0.0210069556	0.0000956113	0.8983815136
0	0.5568298680	0.0108561204	0.0001369600	0.0324893241	0.3996877276
0	0.7609850380	0.0476780876	0.1070972112	0.0068937883	0.0773458748
0	0.0112094351	0.7859358664	0.0611373020	0.1111553800	0.0305620165
1	0.6227415181	0.0145554156	0.3332206919	0.0167202021	0.0127621723
0	0.0115580094	0.0106069647	0.0336207426	0.0573840860	0.8868301974
0	0.3448568681	0.2266073503	0.0337138288	0.0000000025	0.3948219503
0	0.4645868383	0.1978360112	0.0618419338	0.0373031978	0.2384320188
0	0.0730616872	0.6527940617	0.2419299018	0.0000000002	0.0322143491
0	0.0073621526	0.1260131928	0.6900001101	0.0506338704	0.1259906741
1	0.0025251877	0.0221882618	0.0155510962	0.0000000002	0.9597354541
0	0.1233196382	0.0215877237	0.2584040853	0.0095031808	0.5871853720
0	0.0204669629	0.1020846099	0.0777051622	0.1316167979	0.6681264671
0	0.0138890506	0.9208820405	0.0344329247	0.0000223478	0.0307736365
0	0.0135863783	0.1039750115	0.7665223280	0.0000001745	0.1159161078
0	0.1055132476	0.0102438006	0.0087736641	0.0367229052	0.8387463824
0	0.0805650562	0.6457221613	0.0010137791	0.2119589653	0.0607400381
0	0.1327285527	0.0000917054	0.0040029803	0.0001957796	0.8629809821
0	0.4994651131	0.0740918492	0.2666731877	0.0104732438	0.1492966061
0	0.0021448272	0.4194503174	0.2041856114	0.0023012986	0.3719179455
0	0.2732735298	0.6833113290	0.0317529454	0.0000698937	0.0115923021
0	0.0023369701	0.0291971121	0.1270492717	0.8282742238	0.0131424224
0	0.0668171500	0.9103073397	0.0131565491	0.0000000000	0.0097189612
0	0.0216091414	0.0607991356	0.3638715782	0.0410273437	0.5126928012
0	0.0241783262	0.9263863842	0.0000103039	0.0188369530	0.0305880327
0	0.3546872053	0.2948422523	0.3481151078	0.0000022889	0.0023531457
0	0.8852658502	0.0155622773	0.0000010304	0.0359328734	0.0632379686
0	0.3458281469	0.0837252400	0.0721179051	0.3920682964	0.1062604115
0	0.7050295319	0.0516553426	0.0538277159	0.0852243245	0.1042630851
0	0.1706557053	0.6206562880	0.1900950204	0.0000929195	0.0185000668
0	0.6168215138	0.2753098397	0.0959653216	0.0030488684	0.0088544565
0	0.1442829536	0.7870179006	0.0551690825	0.0000000000	0.0135300633
0	0.0000000000	0.8751589426	0.1153974145	0.0014963115	0.0079473314
1	0.0090356501	0.6720259821	0.2669477834	0.0000000000	0.0519905843
0	0.0035758125	0.8391506588	0.0889503867	0.0285948004	0.0397283416
0	0.4279516129	0.2592800909	0.0000000000	0.1614821081	0.1512861881
0	0.1474002785	0.0011609588	0.0010233905	0.0317747645	0.8186406077
0	0.0478020642	0.1470290088	0.7454603139	0.0397859985	0.0199226146
2	0.0368515042	0.0189256444	0.0624821461	0.0000000000	0.8817407053
0	0.8104365821	0.0102860356	0.1167637167	0.0002133859	0.0623002798
0	0.6751810498	0.1018298631	0.0603213718	0.0113389726	0.1513287427
0	0.2480993786	0.2286034898	0.2051948723	0.1045020618	0.2136001975
0	0.0121122395	0.7992526603	0.1723754264	0.0131992647	0.0030604091
0	0.7553914145	0.0371814292	0.0498133782	0.0271523129	0.1304614652
0	0.0031127072	0.4227745220	0.3494771839	0.0000000000	0.2246355869
0	0.5989563498	0.1635792144	0.2288371613	0.0001367210	0.0084905535
0	0.0298632356	0.0101854029	0.2869292971	0.0001742370	0.6728478273
0	0.1198141463	0.4323334027	0.3152035427	0.1305116171	0.0021372911
0	0.0028580315	0.3937846737	0.0000043099	0.2564976371	0.3468553477
0	0.0995237563	0.1293048836	0.7618405438	0.0045747624	0.0047560539
0	0.0060685761	0.1892485227	0.5542210344	0.0001418309	0.2503200360
0	0.3168859923	0.2384106656	0.1042975424	0.3195410974	0.0208647023
0	0.7519244767	0.2077781670	0.0399577455	0.0003044897	0.0000351211
0	0.5523048919	0.1002531383	0.3473476521	0.0000011045	0.0000932132
1	0.0534925129	0.0002332462	0.0217880970	0.0155280589	0.9089580850
0	0.0026401501	0.0041217485	0.0009541696	0.0107326073	0.9815513245
0	0.0276762490	0.0501824653	0.4940677029	0.0013476756	0.4267259072
0	0.0640043100	0.5336548533	0.3165055135	0.0074881037	0.0783472195
0	0.9551135889	0.0394516386	0.0013596489	0.0002570031	0.0038181205
0	0.5583895019	0.3571328524	0.0111716317	0.0000000000	0.0733060140
0	0.1156736160	0.1037175563	0.0573368947	0.7232712734	0.0000006595
1	0.0063202683	0.2210271990	0.6291858995	0.0000000000	0.1434666333
0	0.3270041862	0.0020452298	0.1289512584	0.0000001124	0.5419992132
0	0.0949197009	0.2636148751	0.0000041399	0.0000193157	0.6414419683
0	0.1349841063	0.6752688883	0.1683607515	0.0000049810	0.0213812729
1	0.0634094394	0.0208833681	0.0183653467	0.0000000000	0.8973418457
0	0.0446447332	0.0440038729	0.0321716268	0.0081345020	0.8710452651
0	0.0026723812	0.8055317891	0.0000000001	0.0000000003	0.1917958293
0	0.8564813670	0.1316987418	0.0003545976	0.0000255459	0.0114397477
0	0.1211325952	0.6324848337	0.1250224327	0.0278921877	0.0934679507
1	0.8342861173	0.0031119839	0.0015276510	0.0000000000	0.1610742479
0	0.3365799390	0.2538469609	0.2552216001	0.1527458272	0.0016056727
0	0.0308583955	0.0128236335	0.1727740266	0.0190669542	0.7644769902
0	0.3430867458	0.2496688839	0.1514781287	0.2358313913	0.0199348503
0	0.0301352051	0.5475298825	0.1658283076	0.1336264368	0.1228801681
0	0.0958466617	0.0037416062	0.8713267332	0.0028412008	0.0262437981
0	0.1112330678	0.0000000000	0.0426134727	0.0029522129	0.8432012466
0	0.1990315779	0.0004498023	0.6877445875	0.0000000000	0.1127740323
0	0.1299510271	0.0075642404	0.7027431024	0.0303802297	0.1293614004
1	0.0618279666	0.0000096552	0.4977747384	0.0001999408	0.4401876990
0	0.1697942361	0.5146508252	0.3129776102	0.0003940888	0.0021832398
1	0.0002265932	0.0072441290	0.0933657309	0.0895733491	0.8095901977
0	0.0000006069	0.2323580649	0.6666245920	0.0013316591	0.0996850771
0	0.6802248530	0.1189735624	0.1073105267	0.0000000010	0.0934910568
0	0.0000513971	0.0693228759	0.1244305047	0.2217837454	0.5844114769
0	0.1411453830	0.8103975870	0.0347340714	0.0000319815	0.0136909771
0	0.0001867185	0.7913664404	0.0852874071	0.1017258786	0.0214335555
0	0.5064993347	0.1564423019	0.2874317310	0.0000042830	0.0496223494
0	0.0158698565	0.7573397137	0.0911209243	0.0264972978	0.1091722077
0	0.2835686257	0.0000005472	0.1170131162	0.2421849846	0.3572327263
1	0.0613803121	0.1305898054	0.0489043138	0.0000000000	0.7591255687
1	0.0734370804	0.3571042661	0.2834821135	0.0001016892	0.2858748508
