1	0.1946414947	0.2211554701	0.4090497294	0.0789119048	0.0962414010
1	0.1652478695	0.0045979701	0.0000249582	0.0011777504	0.8289514517
0	0.5329424122	0.0679524020	0.0340611786	0.3644759662	0.0005680410
0	0.0131657265	0.1282804796	0.4637695180	0.0036288911	0.3911553849
0	0.6864310887	0.0117039067	0.0691449657	0.0635854429	0.1691345959
0	0.0235064055	0.0937993096	0.6655758331	0.0000026536	0.2171157982
0	0.1160576226	0.4297837668	0.4502857888	0.0000000000	0.0038728218
0	0.0447696191	0.1123712462	0.5338171368	0.1164637885	0.1925782094
0	0.4700459941	0.0445236192	0.3138335707	0.0009292937	0.1706675222
0	0.1411448302	0.0072926413	0.0781457052	0.0000000001	0.7734168232
1	0.0116062592	0.0134469078	0.3111979599	0.0000000000	0.6637488730
1	0.0980642708	0.0729573615	0.1323140521	0.0117766336	0.6848876820
0	0.3286641679	0.1103213313	0.0062351838	0.0026368369	0.5521424802
0	0.3452077793	0.1787565315	0.2663848335	0.0268308121	0.1828200437
0	0.1176241620	0.0171809239	0.7576744916	0.0147458428	0.0927745796
0	0.0036534253	0.5980783299	0.1350063238	0.2475930396	0.0156688814
0	0.3045613026	0.0005111414	0.0097040426	0.0006480399	0.6845754735
1	0.1120181715	0.0386353572	0.4479588100	0.0000000015	0.4013876597
0	0.1599601199	0.2205672018	0.4110483521	0.0090411577	0.1993831684
0	0.1033415342	0.4806164254	0.2805517792	0.0000000000	0.1354902612
1	0.0062488388	0.1272728167	0.0000000106	0.0001103650	0.8663679688
0	0.0069825465	0.2335019356	0.0028721119	0.0007512820	0.7558921239
0	0.4087896643	0.0000000000	0.5590162406	0.0321752935	0.0000188015
0	0.0039661302	0.9914543820	0.0021937360	0.0000000000	0.0023857518
0	0.2830007664	0.7156609997	0.0012416615	0.0000000001	0.0000965724
0	0.0269681764	0.2379763412	0.3775384790	0.0000120716	0.3575049319
0	0.7791279139	0.1230481498	0.0000027430	0.0015291466	0.0962920466
0	0.3824633321	0.0182310880	0.0000000001	0.1456831245	0.4536224554
0	0.0923956616	0.4821064398	0.0435304642	0.0000000290	0.3819674055
0	0.0507697126	0.0034706731	0.6653482037	0.0155079718	0.2649034389
0	0.0017796603	0.0003106869	0.0161178267	0.0095477043	0.9722441217
1	0.0182146816	0.0994461327	0.3356201904	0.0000865546	0.5466324406
1	0.3175615032	0.0682994869	0.0690175028	0.0001662546	0.5449552525
1	0.0581517302	0.2065099310	0.1092621537	0.0000000001	0.6260761851
1	0.0701605570	0.6583530401	0.0723874112	0.0231015076	0.1759974841
1	0.0721527310	0.1034683061	0.4279449228	0.0000000000	0.3964340402
0	0.0023291502	0.2991816386	0.6868323839	0.0000074453	0.0116493820
0	0.5089603654	0.0000039672	0.3595595352	0.0574492631	0.0740268691
0	0.5315448604	0.0431054535	0.0202493408	0.2017157879	0.2033845573
1	0.8987677253	0.0328859108	0.0658674253	0.0000000000	0.0024789385
0	0.2189983248	0.0783069612	0.6409582596	0.0084046921	0.0533317622
0	0.0034019474	0.5415700087	0.1358567280	0.0064475234	0.3127237925
0	0.0367676463	0.0321094031	0.8227767211	0.0534699877	0.0548762417
0	0.0225384879	0.1792045582	0.0004668437	0.0085890838	0.7892010264
0	0.1276838553	0.1283748340	0.4000448492	0.0004049444	0.3434915171
0	0.0049735563	0.2578401688	0.6950896969	0.0132656911	0.0288308868
0	0.5860187711	0.0325738274	0.0618614989	0.0089279392	0.3106179634
0	0.0729373661	0.0000310813	0.0142328761	0.6934452516	0.2193534249
0	0.4077083540	0.3653701343	0.0815308417	0.0234249898	0.1219656802
0	0.2086674333	0.5762394548	0.0522009722	0.1291486766	0.0337434630
0	0.0493833238	0.8632368214	0.0734932526	0.0036063245	0.0102802777
0	0.0004787581	0.2295490283	0.4232750922	0.2015982874	0.1450988340
0	0.2669259453	0.0001730620	0.0034148229	0.0678927490	0.6615934208
0	0.6599773861	0.1548161378	0.0000000508	0.0020789530	0.1831274723
0	0.8257122768	0.1006510389	0.0736366837	0.0000000006	0.0000000000
0	0.1460005318	0.2105730220	0.0976268439	0.4807384408	0.0650611615
0	0.0310324892	0.7046210542	0.2556939287	0.0034603159	0.0051922120
0	0.1021019929	0.0504991344	0.2515978841	0.0008335130	0.5949674756
0	0.3644270715	0.1280114163	0.1138288586	0.0013118408	0.3924208128
0	0.8059164718	0.0000000000	0.0147626574	0.0288090315	0.1505118392
0	0.1464209898	0.0561048600	0.0002242876	0.7972444713	0.0000053913
1	0.2642812212	0.0001470836	0.0422061896	0.0000000938	0.6933654118
1	0.1423517813	0.8021420040	0.0514293412	0.0000000000	0.0040768735
0	0.5001981031	0.0090523890	0.4518741785	0.0011784268	0.0376969026
1	0.0033340582	0.1484756994	0.3410909893	0.0062131948	0.5008860582
0	0.3971036149	0.0443674310	0.0225698140	0.0044318154	0.5315273246
0	0.0423072304	0.0162671087	0.8857291345	0.0011128004	0.0545837260
0	0.1220762971	0.1718222789	0.4314140302	0.0397601278	0.2349272660
1	0.1861810850	0.0238523553	0.0005728938	0.0383499419	0.7510437240
0	0.2661031768	0.5029932603	0.1336518811	0.0099996806	0.0872520012
1	0.0006551379	0.0110030374	0.0005189695	0.0026497806	0.9851730746
0	0.0079250835	0.1628956626	0.6990529051	0.1289934960	0.0011328528
0	0.0714395722	0.2505523345	0.1453586910	0.0369093944	0.4957400080
0	0.4520886376	0.0125717829	0.4427895820	0.0906698961	0.0018801013
0	0.9707071293	0.0047951750	0.0062295520	0.0066338129	0.0116343308
0	0.0362105104	0.0000000000	0.0379143266	0.9258751630	0.0000000000
1	0.0000000575	0.2226263773	0.7762825320	0.0003955821	0.0006954510
0	0.1166292375	0.3486139066	0.2529455171	0.0295545015	0.2522568373
1	0.0251371147	0.0078010940	0.1479896140	0.0006653487	0.8184068286
0	0.1771971861	0.0741016706	0.0126620546	0.0000000000	0.7360390887
0	0.0004104241	0.1907721069	0.4138376142	0.1896321347	0.2053477201
0	0.7239421073	0.1844832918	0.0000123431	0.0265735788	0.0649886790
0	0.0449541427	0.2427316319	0.6069268150	0.0036327719	0.1017546385
1	0.0023855131	0.1545953368	0.3929132826	0.0000016877	0.4501041798
0	0.0004768307	0.5142885661	0.0486330531	0.0000000000	0.4366015500
0	0.7085253470	0.2735396524	0.0141478318	0.0000007419	0.0037864268
0	0.4150573535	0.2580462857	0.2146436835	0.0843902363	0.0278624410
0	0.0440416776	0.0553994697	0.2622438440	0.5039933603	0.1343216483
0	0.0617602785	0.0769621568	0.8451280289	0.0161479854	0.0000015504
1	0.0465344252	0.7488682836	0.0138391306	0.0000399797	0.1907181808
0	0.0588962909	0.7996421117	0.0772274402	0.0000000000	0.0642341572
0	0.2841762866	0.0314525126	0.4520810567	0.0018097910	0.2304803531
0	0.6303536778	0.3615415919	0.0040117028	0.0022833493	0.0018096781
0	0.3402807665	0.1806774902	0.2629383802	0.2161033631	0.0000000000
1	0.0001539236	0.0340021375	0.1955083564	0.0006362140	0.7696993685
1	0.1710219157	0.0390167856	0.0018900065	0.0000000000	0.7880712922
0	0.0368414077	0.7659845676	0.0603897932	0.1036363823	0.0331478493
2	0.0022061968	0.0398583054	0.0305548251	0.0000000000	0.9273806727
0	0.4357638419	0.0167776177	0.1271484379	0.0000000000	0.4203101025
0	0.0783518693	0.4884835756	0.2574516130	0.0000000000	0.1757129421
