0	0.0657035567	0.3321454320	0.4482618873	0.0057683604	0.1481207636
0	0.0368675090	0.0855681851	0.5113208111	0.3571879518	0.0090555430
0	0.5092392045	0.3240571793	0.1528409478	0.0107196246	0.0031430438
0	0.0233993693	0.8348925932	0.0684039648	0.0518995090	0.0214045636
1	0.1624989099	0.0069253653	0.0899344998	0.0000312074	0.7406100176
0	0.0252350167	0.6927545960	0.1039620370	0.1348683323	0.0431800180
0	0.0231580933	0.1398265782	0.4119017531	0.1236638916	0.3014496838
0	0.4754456320	0.2066556941	0.0228115212	0.1920954556	0.1029916970
0	0.0043330256	0.9595235164	0.0079912030	0.0218704840	0.0062817710
0	0.0134174579	0.0058118819	0.2749677896	0.0000000000	0.7058028706
0	0.0064744352	0.0697473688	0.9237781960	0.0000000000	0.0000000000
0	0.0004562747	0.5416552144	0.0171383572	0.0000307889	0.4407193648
0	0.1941555690	0.0054053913	0.2356990843	0.5502969016	0.0144430538
0	0.0848483267	0.6475076787	0.2068388249	0.0607637063	0.0000414635
0	0.5671011029	0.3871384686	0.0173232855	0.0015814902	0.0268556528
1	0.1124210115	0.0421752304	0.6721493542	0.0000000000	0.1732544039
0	0.0008924721	0.5278701590	0.4071783740	0.0000010273	0.0640579676
0	0.6026906137	0.0000015127	0.0043670039	0.0056433324	0.3872975373
1	0.1391990134	0.0581396656	0.0068438734	0.0000000000	0.7958174476
0	0.0062588833	0.0972887864	0.8330282582	0.0086592606	0.0547648116
0	0.0865964432	0.0032565098	0.2095963296	0.0293618243	0.6711888931
0	0.2289948470	0.0940572984	0.0102496748	0.4022395611	0.2644586187
0	0.0417184822	0.8601859827	0.0686784191	0.0256433620	0.0037737540
0	0.0673049019	0.0002841292	0.7362774059	0.0040274771	0.1921060860
0	0.8974880805	0.0197532046	0.0000000005	0.0021042778	0.0806544366
0	0.2359152430	0.2230738182	0.3081306981	0.0000000000	0.2328802407
0	0.3446763842	0.3025142080	0.1021205464	0.0080883823	0.2426004791
0	0.0469472016	0.1704567659	0.7208190902	0.0566311667	0.0051457756
0	0.0094909485	0.1268438433	0.5379791528	0.0870205036	0.2386655518
0	0.2106408123	0.6759581897	0.1129202556	0.0004670977	0.0000136446
1	0.0513526131	0.0000000000	0.0386005996	0.0000000000	0.9100467873
1	0.1108894051	0.0020746775	0.0075703348	0.0000000008	0.8794655817
0	0.0426056422	0.0239771081	0.7677295817	0.0655493999	0.1001382682
0	0.0003301581	0.1487184838	0.0288525975	0.0008597109	0.8212390496
1	0.0054658929	0.0011181820	0.2423319586	0.0000000000	0.7510839665
0	0.0338028671	0.0142065879	0.1890268592	0.0258109416	0.7371527442
1	0.3028887876	0.0046771850	0.2876133723	0.0000122251	0.4048084300
1	0.0552621952	0.0000000000	0.1771367528	0.0250833369	0.7425177152
0	0.0184226485	0.3259132475	0.6178284649	0.0009735114	0.0368621276
0	0.0196120199	0.1640412713	0.7636856108	0.0000003387	0.0526607592
1	0.1379536267	0.1327628944	0.4479606300	0.0140624314	0.2672604175
0	0.7858298540	0.0978213608	0.1156407779	0.0000122954	0.0006957119
0	0.6052480132	0.1830865273	0.1310327447	0.0008525966	0.0797801182
1	0.0037472613	0.0110219837	0.0256350864	0.0008931448	0.9587025239
0	0.0000000000	0.4258851966	0.2532766881	0.0000000014	0.3208381140
1	0.0000053656	0.0012988328	0.4970192902	0.0424124464	0.4592640650
0	0.8183881098	0.0096060302	0.0185581992	0.0156585719	0.1377890888
0	0.3894485413	0.0655478769	0.0275608431	0.3137264612	0.2037162774
0	0.1437743772	0.0021577552	0.5005859105	0.0126724302	0.3408095269
0	0.3235673744	0.0418256544	0.0358010691	0.3979695165	0.2008363856
0	0.6610529282	0.0163239610	0.1244236538	0.1606866289	0.0375128281
2	0.0088815244	0.0428259876	0.0316383907	0.0000000000	0.9166540973
0	0.6577605592	0.1253388521	0.0605179112	0.0091319868	0.1472506906
0	0.1707450193	0.1882199081	0.4836899852	0.1522887938	0.0050562936
0	0.0106056936	0.0107042071	0.1785720164	0.5501700773	0.2499480056
0	0.1282168285	0.0010912950	0.0705705947	0.0140985689	0.7860227129
0	0.0000122665	0.3684264760	0.1316541059	0.4137604869	0.0861466648
0	0.0078202052	0.0000269574	0.7498741485	0.0168946203	0.2253840686
0	0.0987211967	0.0039959635	0.7942138668	0.0000059791	0.1030629939
0	0.1047037212	0.2324785840	0.6596600831	0.0001791502	0.0029784615
0	0.2196068765	0.2064998256	0.0000084078	0.0424510893	0.5314338007
0	0.0104611225	0.0079678349	0.8207207964	0.0048348525	0.1560153937
0	0.0004195426	0.7706083052	0.0291223562	0.0000000000	0.1998497960
1	0.1258858630	0.2071422551	0.3197988247	0.0000000000	0.3471730572
0	0.7039426552	0.0499377947	0.0767316272	0.1634968394	0.0058910835
0	0.0420434796	0.0014572469	0.3937171176	0.3978127218	0.1649694341
0	0.8985694320	0.0161398203	0.0000074761	0.0006761825	0.0846070890
0	0.0015062344	0.0335694903	0.9552150133	0.0000000002	0.0097092618
0	0.5013425492	0.3133497734	0.0959054555	0.0078736997	0.0815285221
0	0.2268068965	0.3014772213	0.2267860004	0.0003210826	0.2446087993
1	0.0004867098	0.3888342326	0.0022562931	0.0708735584	0.5375492061
1	0.1937859333	0.5946243327	0.0975545120	0.0037796508	0.1102555711
1	0.0299789455	0.1549667108	0.0475553885	0.0000000000	0.7674989553
0	0.2617174134	0.2766954134	0.0653373226	0.2261188661	0.1701309845
1	0.2789020981	0.0462042690	0.1438486014	0.0002324432	0.5308125883
0	0.0909674239	0.1030935773	0.8039407214	0.0000000000	0.0019982775
1	0.0015778864	0.0065499276	0.0489192213	0.0009265982	0.9420263664
0	0.0131941978	0.0105091535	0.0056220714	0.0012555351	0.9694190422
0	0.0680106448	0.0946999435	0.8173248842	0.0027738959	0.0171906317
1	0.3225433592	0.1035994313	0.0247854409	0.0000000000	0.5490717685
1	0.0045148008	0.1433656360	0.0034147726	0.0000000215	0.8487047691
0	0.0258931905	0.0117871450	0.6582575349	0.0861387824	0.2179233472
1	0.0000000010	0.0004215985	0.0093661515	0.0778309443	0.9123813047
0	0.0094296787	0.0006775183	0.7944558898	0.1952383829	0.0001985302
0	0.1814463576	0.1104437540	0.4965536951	0.0308660365	0.1806901568
0	0.1025530605	0.0828066703	0.0000257142	0.0000006135	0.8146139414
1	0.8186024907	0.0409147206	0.0357056826	0.0000000000	0.1047771061
0	0.0934605065	0.7560204455	0.0262493032	0.1087661020	0.0155036428
0	0.2447144702	0.0000051812	0.7544113349	0.0000000080	0.0008690056
0	0.1935911619	0.2525859261	0.0018641027	0.0000437464	0.5519150630
1	0.0997949705	0.2872082830	0.0003955944	0.0000249760	0.6125761761
0	0.0753069226	0.0015767794	0.0021184747	0.0025465556	0.9184512676
0	0.0000982810	0.0464001081	0.4549099192	0.0285568618	0.4700348299
0	0.7425745884	0.0403362302	0.1256593429	0.0386397389	0.0527900996
1	0.5912141560	0.0677864064	0.0675308923	0.0000005907	0.2734679546
0	0.4437070605	0.3931245395	0.0637070177	0.0977541872	0.0017071950
1	0.0000000000	0.1061930304	0.4614437473	0.0000000000	0.4323632222
1	0.0996373708	0.8167939867	0.0047297185	0.0003833945	0.0784555294
0	0.0821958537	0.4736151336	0.2383463980	0.0256179902	0.1802246245
2	0.0255468041	0.5930998205	0.0571430830	0.0000172978	0.3241929945
