0	0.1301894377	0.1600285205	0.0336674400	0.2749341952	0.4011804066
0	0.4071550375	0.2869351234	0.0706526374	0.0789338650	0.1563233367
0	0.0358806485	0.5024548583	0.4394925036	0.0025257531	0.0196462365
0	0.0390189547	0.1273695616	0.0603843357	0.3316174557	0.4416096923
0	0.7815276532	0.0000000000	0.0002384488	0.0001828293	0.2180510688
1	0.1363728704	0.0921883775	0.0296574465	0.0000001582	0.7417811475
0	0.0126128495	0.0034667676	0.2058573098	0.7377584837	0.0403045895
1	0.0094471680	0.6543013306	0.0662133897	0.0000000000	0.2700381116
1	0.0548712033	0.0019897417	0.0589751567	0.0102644169	0.8738994815
1	0.9255993289	0.0358803999	0.0029696997	0.0000000000	0.0355505715
1	0.0000022550	0.0011835826	0.7321223320	0.0000000000	0.2666918304
0	0.0354821769	0.4362286446	0.1311286460	0.0670600541	0.3301004785
1	0.1209703274	0.3505888361	0.0000000000	0.0000000012	0.5284408353
0	0.6036650920	0.1340665275	0.0275950213	0.2320042011	0.0026691581
0	0.8670072740	0.0829143041	0.0000040101	0.0000067321	0.0500676796
0	0.0064777046	0.1522770412	0.3037487566	0.2060833113	0.3314131864
0	0.0016170895	0.3697289100	0.2765762779	0.3517970780	0.0002806446
2	0.1021816907	0.0191704798	0.3437291925	0.0000050503	0.5349135867
0	0.0099030329	0.0927457716	0.0200098269	0.0043413028	0.8730000658
1	0.0000000000	0.0344357993	0.0119573962	0.0000000000	0.9536068045
0	0.1036892392	0.0038638159	0.6059381901	0.0010196066	0.2854891483
0	0.2794913859	0.2647942843	0.4546806190	0.0000066781	0.0010270328
1	0.0000930715	0.3287440678	0.0133286787	0.0003517889	0.6574823930
0	0.0123273169	0.5764653308	0.2666368483	0.1445685674	0.0000019365
0	0.0387001118	0.0194851364	0.0848199180	0.6372130033	0.2197818306
1	0.0086225268	0.0414973018	0.7275533659	0.0009585450	0.2213682606
1	0.1243203922	0.0302070361	0.1976319669	0.0000599944	0.6477806104
0	0.2289054525	0.0484173325	0.5519002332	0.1013733901	0.0694035918
0	0.0221890891	0.3974517028	0.5054003217	0.0533220832	0.0216368033
0	0.3278709401	0.3681462601	0.0461266907	0.0235513648	0.2343047443
0	0.2012813847	0.2896946675	0.2499240614	0.0000000407	0.2590998456
1	0.0055846185	0.0653472075	0.4002647576	0.0199316911	0.5088717253
0	0.9198938857	0.0001326249	0.0267818992	0.0022714269	0.0509201634
0	0.0000079768	0.1119166263	0.2937435967	0.0000014798	0.5943303205
1	0.1333346972	0.0000000000	0.1394067746	0.0000000003	0.7272585278
0	0.3306009583	0.0657380730	0.0009133103	0.3014966547	0.3012510037
0	0.0177782522	0.0078630652	0.0535318599	0.1585041884	0.7623226344
0	0.0055708547	0.0062303903	0.4772870746	0.0000671871	0.5108444934
0	0.2093755310	0.2268315218	0.0792959385	0.0212239328	0.4632730759
0	0.0075121645	0.1480077932	0.7214618126	0.0972710359	0.0257471938
0	0.2283552522	0.0000559790	0.0638296751	0.3288697770	0.3788893166
0	0.1202690211	0.3229758257	0.4607033992	0.0620358379	0.0340159161
1	0.0329966405	0.0329820199	0.1738232214	0.0000883047	0.7601098136
0	0.7296708905	0.1042923660	0.0855117257	0.0000600532	0.0804649645
0	0.6823475106	0.0223466083	0.1130592394	0.0836853736	0.0985612681
0	0.0381284318	0.8173694145	0.1444712383	0.0000308793	0.0000000361
0	0.3484206112	0.3035409939	0.0964223497	0.2288057230	0.0228103223
0	0.0008284219	0.1973338043	0.1739774064	0.0000217613	0.6278386061
0	0.0478472321	0.3961724823	0.4253001616	0.1136734192	0.0170067048
0	0.0052262680	0.7626629097	0.0923652699	0.0000000000	0.1397455523
1	0.0796471467	0.0043552478	0.5471622232	0.0139347432	0.3549006391
0	0.0149849341	0.0005718495	0.3579972212	0.0001240782	0.6263219170
0	0.8947389110	0.0000423622	0.0000066088	0.0646086497	0.0406034683
0	0.0285289563	0.1299926446	0.8096728178	0.0312734201	0.0005321611
0	0.0331824931	0.5415290602	0.2366215670	0.0026197571	0.1860471226
0	0.6233759766	0.2911069078	0.0843667354	0.0010971175	0.0000532627
0	0.2107873639	0.2445760807	0.3389376322	0.1703146862	0.0353842370
1	0.2309081826	0.0083069545	0.2072636553	0.0000098616	0.5535113460
0	0.8746741753	0.0947676243	0.0082228355	0.0008112779	0.0215240870
1	0.7032675685	0.0077037030	0.2881706370	0.0000000000	0.0008580915
0	0.0014890875	0.4924495466	0.1925368770	0.1507512150	0.1627732739
0	0.1245031368	0.2752472680	0.5993781949	0.0000191892	0.0008522112
0	0.1026776186	0.7791143438	0.1181576711	0.0000300197	0.0000203467
0	0.1036205264	0.0002841342	0.1044281477	0.0059211060	0.7857460857
1	0.0168448855	0.2590854351	0.4748849069	0.0000251391	0.2491596333
1	0.0060377888	0.4792300415	0.0016136499	0.0134692043	0.4996493155
0	0.0841130362	0.3430263720	0.0808649483	0.0199913532	0.4720042903
0	0.1272203882	0.0607425422	0.5114203294	0.2465638162	0.0540529240
0	0.7008119260	0.0630501179	0.0052404821	0.0205592862	0.2103381878
0	0.0015656732	0.0303822451	0.5750738720	0.3740228133	0.0189553963
0	0.4211693593	0.1709941176	0.3858605131	0.0000582303	0.0219177797
0	0.1392801806	0.0090622366	0.2022178968	0.0021388735	0.6473008126
0	0.2123525451	0.7378434876	0.0000301100	0.0166568039	0.0331170534
1	0.0004351815	0.8227601972	0.0550465579	0.0000000000	0.1217580635
1	0.0514295638	0.8272476300	0.1182521563	0.0000117194	0.0030589305
0	0.0062039051	0.1276925179	0.0183684928	0.0016903120	0.8460447721
0	0.3006995347	0.2319754253	0.2210235813	0.0482369465	0.1980645122
0	0.0130604393	0.6348497602	0.2831119220	0.0193736408	0.0496042377
1	0.1525806946	0.0752630602	0.5613926070	0.0167808018	0.1939828364
1	0.9650671362	0.0278729085	0.0000000000	0.0000000000	0.0070599553
0	0.9059911867	0.0887192883	0.0014737984	0.0002002775	0.0036154491
0	0.0012539814	0.1807322718	0.6184139526	0.0326033171	0.1669964771
1	0.0000002198	0.0000237933	0.7485048943	0.0184706493	0.2330004433
0	0.2438648020	0.0042486129	0.4996360896	0.0027668947	0.2494836008
0	0.0402239857	0.4794910759	0.1234339394	0.2556973717	0.1011536273
1	0.0000377987	0.0160970302	0.1562583792	0.0000000000	0.8276067919
0	0.0067036442	0.8565931085	0.1189386715	0.0156737436	0.0020908323
0	0.2499905576	0.7045157299	0.0000000000	0.0354268462	0.0100668663
0	0.2685179342	0.0497630807	0.6647474750	0.0072576214	0.0097138887
0	0.8673893893	0.0153147128	0.0285079171	0.0000000000	0.0887879807
0	0.0000000000	0.0372625146	0.3026580144	0.0200976106	0.6399818604
0	0.2984587923	0.0017170817	0.1230220531	0.0000000000	0.5768020730
1	0.0127141035	0.0543024421	0.0056711947	0.0200500519	0.9072622078
0	0.0236292451	0.6714065542	0.0517770266	0.1932865499	0.0599006242
0	0.5480238408	0.0026309805	0.0000000000	0.0108507402	0.4384944385
0	0.6341025764	0.0273356761	0.2302962995	0.1082654479	0.0000000000
0	0.0947694871	0.1916749997	0.5352495659	0.0515008227	0.1268051246
0	0.7401192370	0.2202645084	0.0036850294	0.0000000263	0.0359311990
0	0.1184153195	0.2300472883	0.1566554628	0.0827351304	0.4121467989
1	0.2138897341	0.5790673893	0.1158718966	0.0000000000	0.0911709800
