0	0.2679938053	0.4232684221	0.1451795583	0.0053588350	0.1581993794
1	0.1143696281	0.5077765136	0.3635851088	0.0018367128	0.0124320368
1	0.7872214788	0.0079492848	0.1141686559	0.0016924899	0.0889680906
0	0.0063754554	0.6679960557	0.2758815186	0.0101370127	0.0396099576
1	0.0090634631	0.0135396902	0.4262938684	0.0014055401	0.5496974382
0	0.5177976741	0.0003476094	0.1220300322	0.0026471430	0.3571775413
0	0.0772600240	0.6928207128	0.0519965722	0.0932267225	0.0846959685
0	0.8326578241	0.0303331620	0.0790670939	0.0571974140	0.0007445061
0	0.1950124288	0.2532191350	0.0004657654	0.1988249810	0.3524776898
0	0.1470347651	0.0978547375	0.4781730008	0.1374687792	0.1394687175
1	0.0002263705	0.0001294515	0.0485765657	0.0000000000	0.9510676123
0	0.2600146536	0.2871916556	0.0648357559	0.0356581389	0.3522997961
0	0.0052879535	0.1380607406	0.3237461760	0.0018910791	0.5310140509
0	0.7881110069	0.0285711005	0.0538000350	0.1293048041	0.0002130535
0	0.0117614468	0.0132235512	0.8551342080	0.1175118725	0.0023689215
0	0.1399059963	0.7952062255	0.0637926001	0.0000679354	0.0010272427
1	0.1594767405	0.3716269622	0.3479128329	0.0495934854	0.0713899791
2	0.0709157715	0.2481969017	0.0000005739	0.0000000000	0.6808867530
1	0.5656942482	0.1137099138	0.1987738680	0.0006464090	0.1211755610
0	0.0836921219	0.2723118815	0.1019570221	0.0222664335	0.5197725410
0	0.0080734228	0.4017283056	0.2675195921	0.0118764037	0.3108022758
0	0.3964339554	0.0009014589	0.0837439031	0.3170083875	0.2019122951
0	0.8298902686	0.0780716516	0.0000000000	0.0726070304	0.0194310493
0	0.0384942609	0.3482265739	0.5606554226	0.0030365051	0.0495872375
0	0.5859350531	0.1697509232	0.1892378839	0.0000193210	0.0550568188
0	0.0371412346	0.0150698772	0.0249643501	0.8536892199	0.0691353182
0	0.1357689331	0.4860015515	0.1152294301	0.0548355834	0.2081645020
0	0.0000004329	0.1712409402	0.7635452350	0.0000000000	0.0652133920
0	0.0526685239	0.6548907824	0.0114313465	0.2304047540	0.0506045932
0	0.0010300687	0.9359314805	0.0029236773	0.0021113229	0.0580034505
0	0.1820246004	0.5880966638	0.0787811705	0.0150986178	0.1359989475
0	0.2365449663	0.0000003538	0.1193962012	0.1036972906	0.5403611881
1	0.7805708995	0.1197777611	0.0041116031	0.0416640800	0.0538756562
0	0.2918711076	0.3975486024	0.1501762967	0.0000217917	0.1603822017
0	0.2472473794	0.0856484938	0.3254586323	0.0000003488	0.3416451457
0	0.3296399527	0.6059083555	0.0316510404	0.0000162872	0.0327843642
0	0.2299074378	0.0276421533	0.6795011127	0.0000270184	0.0629222778
0	0.0402294973	0.3692673722	0.2144458114	0.0201175741	0.3559397451
0	0.0462176467	0.0076820062	0.0577509780	0.0007227513	0.8876266178
0	0.2336442160	0.0922589980	0.6568305870	0.0000593670	0.0172068320
0	0.0832809088	0.2979094154	0.5838120223	0.0000039836	0.0349936699
0	0.4786271190	0.0114256774	0.1895082963	0.3024709548	0.0179679525
0	0.3422358726	0.0587723085	0.2782198708	0.0843562198	0.2364157283
0	0.0061213183	0.8595256976	0.1196547233	0.0000001275	0.0146981333
1	0.0387246004	0.4010334692	0.0424732065	0.0000000135	0.5177687103
0	0.1795005009	0.5332410835	0.0181391265	0.2636163492	0.0055029399
0	0.0070729440	0.7344387989	0.0947436499	0.0890826188	0.0746619884
0	0.0006507036	0.0523913832	0.2911810640	0.0000000245	0.6557768247
0	0.9133113571	0.0679298228	0.0128218493	0.0002626024	0.0056743684
0	0.0090331200	0.9563926979	0.0282253935	0.0000002243	0.0063485643
0	0.1293746968	0.0173134895	0.7087578205	0.0000000000	0.1445539932
0	0.0004629613	0.0281574803	0.5506847290	0.4159791874	0.0047156420
0	0.9890919777	0.0000172789	0.0101487134	0.0007245616	0.0000174683
0	0.5312368047	0.3105569451	0.1488641277	0.0000000000	0.0093421225
0	0.7376654377	0.0028072722	0.0039687687	0.0005936509	0.2549648705
0	0.6026851832	0.0395579460	0.2877732708	0.0020325377	0.0679510623
0	0.1236316274	0.3574743937	0.2141535946	0.0003038387	0.3044365455
1	0.0468673796	0.1182235980	0.0632342561	0.0000000000	0.7716747663
0	0.0478037990	0.7867111909	0.0000015241	0.0669929841	0.0984905018
0	0.3204333362	0.0000004753	0.3142292360	0.0005711518	0.3647658007
0	0.3558611080	0.2523889639	0.0123350900	0.0117319851	0.3676828530
0	0.0000000287	0.0336623512	0.7640946450	0.0094565475	0.1927864276
0	0.0155736478	0.8284499784	0.1323386178	0.0071547472	0.0164830088
1	0.0038050068	0.4798051400	0.2888139807	0.0056953955	0.2218804771
0	0.0148490436	0.0002928297	0.0154180670	0.0008191634	0.9686208963
0	0.0815255569	0.0590304269	0.0066020161	0.6501198762	0.2027221238
0	0.4737197278	0.3568827693	0.1121288755	0.0045886440	0.0526799833
2	0.0006118647	0.0000815234	0.0017363805	0.0000000000	0.9975702314
0	0.0132482022	0.0023792926	0.2989243802	0.0021456244	0.6833025007
1	0.8712528178	0.0771504428	0.0004432041	0.0000000000	0.0511535354
0	0.0897642838	0.0000000000	0.5929962881	0.0000003652	0.3172390629
0	0.9389856968	0.0603719134	0.0000213014	0.0000466101	0.0005744783
1	0.0057260172	0.6538896671	0.0026807445	0.0000000000	0.3377035711
0	0.0059308472	0.3167709946	0.0010379042	0.6531981683	0.0230620856
0	0.0658659732	0.2852527847	0.4545717436	0.0000000002	0.1943094983
0	0.2501072098	0.1245794120	0.0853703053	0.4867742947	0.0531687783
0	0.0989790725	0.2180473075	0.0005755206	0.1918311898	0.4905669097
0	0.0210751178	0.4066311430	0.0328477612	0.0037181894	0.5357277886
0	0.0912759498	0.0555261950	0.0964641258	0.0028874919	0.7538462376
0	0.0000000000	0.1704986478	0.3392742344	0.0002620410	0.4899650768
0	0.0216175334	0.1912122702	0.0726030021	0.0000000000	0.7145671943
0	0.5736045045	0.0174991160	0.0305426702	0.0000000054	0.3783537040
1	0.2163931088	0.0069710476	0.0000010776	0.0000000000	0.7766347659
0	0.0693373809	0.7904871620	0.0000461415	0.0025090149	0.1376203008
0	0.0666715497	0.6229506013	0.3103749148	0.0000029342	0.0000000000
0	0.0006790516	0.0043843824	0.7979752504	0.0332094634	0.1637518523
0	0.1666374328	0.1343309479	0.0091178491	0.0584870135	0.6314267567
0	0.0152448173	0.1729558508	0.7609893555	0.0000000112	0.0508099652
0	0.0329009593	0.6214963420	0.0805975335	0.2481448221	0.0168603430
1	0.0006125095	0.0000000000	0.7907451674	0.0026628837	0.2059794394
0	0.1077448117	0.4085469460	0.0079482642	0.0022042161	0.4735557621
0	0.1038021172	0.4358857203	0.2563150311	0.1773254823	0.0266716491
0	0.0008358171	0.1804591270	0.7659502048	0.0488077799	0.0039470712
0	0.5848323598	0.0724213052	0.0499989015	0.0044073100	0.2883401235
0	0.4146801573	0.0293288714	0.4241350558	0.0013572437	0.1304986717
0	0.1583580046	0.7652600383	0.0194585943	0.0056062317	0.0513171311
0	0.0050061987	0.7099094725	0.0082649486	0.0497862465	0.2270331337
0	0.0085344980	0.2056424191	0.7264842954	0.0263873353	0.0329514522
0	0.3258620107	0.0804280020	0.0271731260	0.0045540071	0.5619828541
0	0.2336284114	0.4013604699	0.1553375882	0.0003357148	0.2093378158
