0	0.0848226969	0.0439935304	0.0118529283	0.3152202574	0.5441105870
0	0.4428659912	0.2334462331	0.0015098692	0.0272154195	0.2949624869
0	0.0072056522	0.0782197570	0.9129845386	0.0000000000	0.0015900521
0	0.3472400737	0.0010854517	0.0625526849	0.0905352804	0.4985865093
0	0.0010995446	0.1303936652	0.7266739136	0.0285007677	0.1133321089
0	0.0153091050	0.5040852956	0.4602193886	0.0203859678	0.0000002430
0	0.0910237849	0.3086214074	0.0399880051	0.0233784338	0.5369883688
0	0.1039249614	0.3485180454	0.0623877078	0.4851567562	0.0000125293
1	0.2255520008	0.0738994026	0.4412654802	0.0341130227	0.2251700937
0	0.4388208950	0.2172974590	0.2623929841	0.0000000074	0.0814886547
1	0.0068711439	0.0018349803	0.0283972935	0.0000000000	0.9628965823
0	0.5082858472	0.1688990967	0.0070759663	0.2689474906	0.0467915991
0	0.2315507107	0.6504062016	0.0548898327	0.0000000194	0.0631532357
0	0.5417815738	0.1347427348	0.0243084867	0.2267105161	0.0724566886
0	0.0012703012	0.4523491895	0.3751489814	0.1597573966	0.0114741313
0	0.2235024117	0.3099138163	0.3561976936	0.0011182288	0.1092678496
1	0.0632850158	0.0937429518	0.8299468924	0.0000000000	0.0130251399
0	0.1667460811	0.1500603964	0.1133811705	0.1309794278	0.4388329242
0	0.0011986757	0.5552809911	0.1141206036	0.0488904993	0.2805092303
0	0.0218872970	0.0612842406	0.8861152195	0.0045456248	0.0261676182
0	0.1562842682	0.6183479394	0.1442421298	0.0756345663	0.0054910963
0	0.1369315881	0.6672716548	0.1231052323	0.0000338003	0.0726577244
0	0.0334111449	0.1723573408	0.3204446482	0.0026558852	0.4711309808
0	0.0166677096	0.0869871603	0.0527083103	0.0044497879	0.8391870320
0	0.0000000000	0.1737137966	0.6202053465	0.0000002031	0.2060806538
0	0.5463693947	0.0042673462	0.1642494987	0.0259664557	0.2591473047
0	0.1339937152	0.1004283275	0.5935892893	0.1715479818	0.0004406862
0	0.0862132781	0.8691668205	0.0149770091	0.0002027044	0.0294401878
0	0.1678621699	0.6489040487	0.0941942216	0.0000000000	0.0890395597
0	0.0055743714	0.0138637800	0.5652058513	0.3900282268	0.0253277705
0	0.3619772745	0.2996464501	0.0418233654	0.0000005357	0.2965523743
0	0.0747269123	0.7911383397	0.0000000003	0.0000008529	0.1341338949
1	0.1030554047	0.0045716669	0.8923432734	0.0000246872	0.0000049678
0	0.6760001119	0.2017876353	0.0473558463	0.0042672459	0.0705891606
0	0.1978692713	0.3786641793	0.4165938879	0.0048003539	0.0020723077
0	0.3101233702	0.3835028960	0.1749606034	0.0000019824	0.1314111480
0	0.0075323303	0.4349289763	0.5069129905	0.0058522766	0.0447734264
0	0.3508842189	0.1253087373	0.2697061080	0.0582108529	0.1958900830
0	0.4111090110	0.0729959010	0.4150355480	0.0000429028	0.1008166372
1	0.1804353790	0.1924195382	0.2011154365	0.0229094673	0.4031201789
1	0.0337034427	0.0267859317	0.2521565882	0.0461332019	0.6412208355
0	0.5384692823	0.0007472155	0.2729207295	0.0030220567	0.1848407160
0	0.2154774344	0.0524035508	0.0409754167	0.0000000335	0.6911435646
0	0.2351579716	0.0394953050	0.0360463808	0.1845497072	0.5047506354
0	0.3394859743	0.3918677112	0.1587252329	0.0474610178	0.0624600638
1	0.2365838068	0.0212993752	0.6705324174	0.0000000000	0.0715844006
0	0.1674059575	0.3337637526	0.0002919330	0.0169649730	0.4815733838
0	0.0336606505	0.4100866068	0.0018385290	0.1275126638	0.4269015499
0	0.0868820705	0.7103616014	0.0000000007	0.0000000685	0.2027562589
0	0.3703838541	0.4636859065	0.0002279959	0.0374809331	0.1282213105
0	0.0210843141	0.9109664803	0.0002861088	0.0016856469	0.0659774499
0	0.0669431875	0.0353074416	0.8934357705	0.0000000000	0.0043136004
2	0.0122767069	0.0010225570	0.0012768277	0.0000000000	0.9854239084
0	0.4863925629	0.0112094726	0.2301848877	0.0037193862	0.2684936907
0	0.1177278237	0.0554322158	0.0763720872	0.5164427935	0.2340250797
0	0.6425986198	0.1096744026	0.2456299785	0.0000008751	0.0020961240
0	0.4083351731	0.0347057743	0.0098236980	0.5198777249	0.0272576297
1	0.0640669652	0.0000048469	0.9307708239	0.0000000683	0.0051572957
0	0.0882746446	0.2670797094	0.4477773875	0.0153960495	0.1814722090
0	0.8263808156	0.0018235286	0.0830945400	0.0485979617	0.0401031542
0	0.0659756989	0.2154349158	0.4114547736	0.1852784619	0.1218561497
1	0.4992737790	0.0084540870	0.0000707531	0.0000017843	0.4921995967
2	0.0754980154	0.0000000573	0.4380948876	0.0000000000	0.4864070397
0	0.1381357364	0.0315895066	0.7319315452	0.0018779781	0.0964652337
0	0.1868383099	0.3999369752	0.0423611664	0.1753205036	0.1955430449
0	0.1404458457	0.3097241167	0.0759521450	0.0224676304	0.4514102623
0	0.0052387630	0.8407663581	0.1343377764	0.0093722821	0.0102848204
0	0.2978085004	0.0060923175	0.5090962445	0.0005298552	0.1864730824
0	0.0007167028	0.0827897153	0.0006947018	0.3555888450	0.5602100351
2	0.0003249494	0.0008213564	0.0021801099	0.0000000000	0.9966735842
0	0.0644508097	0.1506506740	0.6087379321	0.0403287758	0.1358318083
0	0.0702499778	0.2148905082	0.7014494183	0.0127252996	0.0006847961
0	0.0000303008	0.0004395183	0.3979792436	0.0073120629	0.5942388744
0	0.1222611968	0.4626565349	0.0557435284	0.1741786608	0.1851600791
0	0.0280234108	0.1383310565	0.2843326909	0.0046712023	0.5446416395
0	0.0349479682	0.4990828448	0.0942578298	0.2236751461	0.1480362111
0	0.0000000025	0.2591297509	0.7345146128	0.0003724994	0.0059831345
0	0.1413419452	0.0637300728	0.0003620445	0.4168028663	0.3777630712
1	0.0413400701	0.0843606904	0.1952527434	0.0057224827	0.6733240134
0	0.0823561022	0.2346385158	0.0218057314	0.0000000000	0.6611996506
0	0.0715773520	0.8445861941	0.0765991574	0.0072357364	0.0000015601
0	0.3775137872	0.4763964612	0.0000455641	0.0482675198	0.0977766678
0	0.6897534861	0.0344061284	0.0161119733	0.0000002846	0.2597281277
0	0.2211404884	0.0062064840	0.0568943916	0.0004597780	0.7152988581
0	0.0848240987	0.3805409770	0.0031382982	0.0024194457	0.5290771803
0	0.0024865107	0.3803113923	0.4583978971	0.0348645445	0.1239396552
0	0.1562331154	0.6784888880	0.0468425149	0.0000459121	0.1183895696
0	0.2016110954	0.0168898535	0.2652423281	0.0000004035	0.5162563194
0	0.0009284783	0.0000976094	0.1299278484	0.0014936831	0.8675523808
0	0.0374666463	0.2328873220	0.4768684705	0.0000000134	0.2527775477
0	0.1789177505	0.1735617574	0.4498802634	0.1976394508	0.0000007779
0	0.0778241592	0.1002297236	0.4278868678	0.1550091050	0.2390501444
0	0.0012473170	0.2841299729	0.6741216894	0.0000000000	0.0405010208
0	0.0543252782	0.1407967686	0.5419613150	0.1633384910	0.0995781471
0	0.0000022605	0.1530287225	0.7084687571	0.0000000012	0.1385002588
1	0.0030157072	0.1749777046	0.1484009102	0.0000013829	0.6736042951
2	0.0000000000	0.0008174872	0.0295449865	0.0000000000	0.9696375262
0	0.0012876189	0.0454636309	0.0191520589	0.0010262088	0.9330704825
1	0.0000457631	0.0027881008	0.0057737190	0.0213944250	0.9699979921
0	0.0016673417	0.0244387431	0.8066046097	0.0897367889	0.0775525167
