0	0.0000009883	0.2781344602	0.6861436351	0.0332854646	0.0024354518
0	0.1302577644	0.5824716658	0.0000204014	0.0000000289	0.2872501395
0	0.5649207784	0.2539463567	0.0865835699	0.0655729701	0.0289763249
0	0.3935069107	0.5594631668	0.0152374407	0.0000000001	0.0317924817
0	0.0124354723	0.1970230750	0.0474377730	0.0001816370	0.7429220427
0	0.0000127947	0.0133903972	0.9810832291	0.0054502740	0.0000633049
0	0.4864149975	0.0011016077	0.4899276189	0.0021783683	0.0203774075
0	0.3210204550	0.3666517518	0.1405784667	0.1658726141	0.0058767124
0	0.0063576254	0.4043140900	0.0211805157	0.0000000000	0.5681477689
0	0.0022990613	0.0336842921	0.1805761895	0.0000000078	0.7834404493
0	0.0000868842	0.2966464666	0.1688515765	0.3851938390	0.1492212337
0	0.0464736154	0.7834882709	0.0000000119	0.0000000011	0.1700381007
0	0.1079716076	0.1168442461	0.7191603155	0.0005821404	0.0554416904
0	0.2958148601	0.0493662021	0.6257731362	0.0290453503	0.0000004513
1	0.0000000000	0.1638869821	0.2277357760	0.5567811200	0.0515961218
0	0.8032818392	0.0145690629	0.0000000011	0.0866504732	0.0954986236
1	0.0057804272	0.0420975741	0.2221942256	0.1024613693	0.6274664038
0	0.2568659435	0.1888979167	0.0000166126	0.5527766632	0.0014428641
0	0.0116458141	0.0676399486	0.0011578239	0.0005038311	0.9190525823
0	0.0002091659	0.9927828848	0.0022512952	0.0000000045	0.0047566496
0	0.4551765970	0.4800347670	0.0025091398	0.0281677782	0.0341117181
0	0.1087783618	0.3547949023	0.0477253404	0.3549940698	0.1337073257
0	0.0003371871	0.1485149956	0.0074355087	0.0628198271	0.7808924815
0	0.0009125798	0.1333216974	0.8647982699	0.0009571093	0.0000103435
0	0.3547804238	0.0181545858	0.5592515296	0.0000846319	0.0677288289
0	0.0006693202	0.9894830316	0.0013495242	0.0004633945	0.0080347296
1	0.4008699197	0.3520458010	0.0046457127	0.0822713691	0.1601671976
0	0.4015408538	0.0534688195	0.1616926223	0.2574294760	0.1258682283
0	0.0500785697	0.6270363455	0.2649768526	0.0455725366	0.0123356957
0	0.0048269653	0.0009438051	0.2091892610	0.0000096239	0.7850303446
0	0.1023349042	0.3078476542	0.5898150764	0.0000000000	0.0000023653
0	0.5559341941	0.0294426504	0.2468385349	0.0053309887	0.1624536319
0	0.0109233738	0.0482702974	0.9371429234	0.0021773635	0.0014860419
0	0.2616541522	0.2160579661	0.4875147168	0.0298144078	0.0049587571
0	0.3926682583	0.0393460566	0.3708428914	0.0000000030	0.1971427906
0	0.0617888873	0.2997159488	0.1636461155	0.0004372398	0.4744118086
0	0.2911232464	0.2885893915	0.0046985369	0.0028067429	0.4127820822
0	0.3254213373	0.0292123962	0.5459450512	0.0761194137	0.0233018016
1	0.0177003978	0.0168701706	0.0150081453	0.0123642239	0.9380570625
0	0.0130742238	0.2577817064	0.1516830465	0.2212039644	0.3562570589
0	0.4430806259	0.1430261113	0.0666543484	0.0010454890	0.3461934254
1	0.1563051362	0.0064237595	0.2201600021	0.0001071177	0.6170039845
0	0.0700983624	0.1833851588	0.6343610653	0.0000015401	0.1121538733
0	0.0188158303	0.1890233523	0.2106215595	0.0000093361	0.5815299218
0	0.3669983493	0.2587572172	0.3703646610	0.0000001427	0.0038796298
1	0.0007339312	0.3212273667	0.5815209419	0.0000000386	0.0965177215
1	0.7653092731	0.0100927193	0.0373012754	0.1400081871	0.0472885452
0	0.4120424655	0.4841766942	0.0867870180	0.0000000000	0.0169938223
0	0.0164581506	0.2497224208	0.6817013775	0.0095597823	0.0425582688
0	0.0000023090	0.5450055881	0.1428745559	0.1342499705	0.1778675766
0	0.0000000000	0.0594691172	0.2489708755	0.0637160187	0.6278439886
1	0.0035094443	0.0260057559	0.0011721297	0.0000000823	0.9693125878
0	0.4468036349	0.2862699855	0.0002359198	0.0652811491	0.2014093107
0	0.0110922409	0.7923302296	0.1950928937	0.0000000005	0.0014846353
0	0.5075256118	0.2557093882	0.0230990627	0.0921945234	0.1214714139
0	0.2450913357	0.0347468381	0.4496780725	0.0091401013	0.2613436524
0	0.0178810966	0.2420656872	0.6365968882	0.0003602863	0.1030960418
0	0.1517686409	0.4645930866	0.1724784653	0.0261528711	0.1850069360
2	0.0000000000	0.0276691694	0.0607471931	0.0000000000	0.9115836375
0	0.0038685347	0.3595003551	0.2494331258	0.0325926473	0.3546053371
0	0.0887502610	0.0543478244	0.0824638362	0.0012185398	0.7732195386
1	0.2841938459	0.0000000000	0.0219866230	0.0004409520	0.6933785791
1	0.0000000000	0.0123643842	0.0317993839	0.0009939667	0.9548422652
0	0.1317333483	0.2966989471	0.1197614383	0.0171983135	0.4346079527
1	0.2003116409	0.0919435093	0.5062314905	0.0000724238	0.2014409356
0	0.0062050708	0.3584516620	0.0000002106	0.4236154106	0.2117276459
0	0.3490242006	0.3958717324	0.1839866342	0.0096195583	0.0614978745
0	0.6307678693	0.3060692035	0.0000000001	0.0043190122	0.0588439149
0	0.0009684522	0.0119540447	0.0529777772	0.0007408567	0.9333588692
0	0.0121645400	0.0063545662	0.9682514546	0.0126942455	0.0005351937
0	0.4038601049	0.2451749066	0.0000004428	0.0244525273	0.3265120184
0	0.0023685774	0.2874889878	0.6402474149	0.0495474491	0.0203475708
0	0.0138510423	0.0913364938	0.6538495595	0.1214618434	0.1195010609
0	0.0000000000	0.3372643441	0.0000006014	0.0451292421	0.6176058123
0	0.1031657645	0.0122098873	0.4295027504	0.1591691548	0.2959524430
0	0.0510426204	0.4473343613	0.0779404697	0.1553853300	0.2682972185
0	0.5898195776	0.0197094922	0.3140956725	0.0763692534	0.0000060044
0	0.0082181350	0.9079612688	0.0819348887	0.0007813655	0.0011043419
0	0.0211684712	0.8114735323	0.0101047588	0.1158445476	0.0414086901
1	0.1021107907	0.4701224353	0.0327127283	0.0000000000	0.3950540457
1	0.0142482129	0.9566814935	0.0207985217	0.0082641868	0.0000075851
1	0.2590768189	0.0131878135	0.2536716507	0.0000000000	0.4740637169
1	0.0000009451	0.3040039336	0.3410355690	0.0000000000	0.3549595522
0	0.0115583008	0.6006824801	0.1334175933	0.2543276504	0.0000139753
0	0.1260781822	0.4170232280	0.2378942786	0.0078408195	0.2111634917
0	0.0113955159	0.0510435330	0.1369415872	0.0560050888	0.7446142751
0	0.0012758728	0.9953995206	0.0007938188	0.0016125548	0.0009182331
0	0.5898778584	0.0054890827	0.2985615079	0.0222064044	0.0838651466
0	0.4833467964	0.0099691032	0.2005958131	0.0058352247	0.3002530626
0	0.0633811459	0.0240339550	0.8983206926	0.0000000000	0.0142642065
0	0.4518240984	0.0503139146	0.4234056392	0.0052908675	0.0691654803
0	0.2572296898	0.3370988906	0.4019465793	0.0000059104	0.0037189299
1	0.6744424130	0.1397003284	0.1106220072	0.0001482045	0.0750870469
0	0.5574757363	0.1063618091	0.3246702458	0.0001290662	0.0113631425
0	0.0079113131	0.1809022241	0.4810703953	0.0534841582	0.2766319094
0	0.1451046551	0.0000000000	0.1418807499	0.0553852387	0.6576293563
0	0.1401037317	0.6910391724	0.0775223547	0.0264166674	0.0649180738
1	0.0000000000	0.0089287539	0.1690076765	0.0000000000	0.8220635695
0	0.0023984659	0.0843413607	0.8657332182	0.0000268976	0.0475000577
0	0.0096355549	0.0833192367	0.0960288780	0.1616233664	0.6493929641
