0	0.8957278382	0.0340597925	0.0073583833	0.0478335311	0.0150204548
0	0.0031059901	0.4018947848	0.1891416664	0.0142503126	0.3916072461
0	0.5424385657	0.2323460453	0.0900890549	0.0000000000	0.1351263341
0	0.0053901941	0.5231227726	0.0049129719	0.0048690190	0.4617050424
0	0.2233474468	0.0153501710	0.3830925641	0.1898326779	0.1883771402
1	0.0010322697	0.0003612520	0.0025231728	0.0000003057	0.9960829998
0	0.1366881660	0.0412723733	0.2357254452	0.1700028431	0.4163111724
0	0.2962310373	0.0847877017	0.1492289737	0.2862357833	0.1835165040
0	0.0665906586	0.7407677064	0.1106160761	0.0394871721	0.0425383867
0	0.0414344156	0.0000939507	0.0921561127	0.8339961543	0.0323193667
0	0.0107981397	0.0253533245	0.0708756920	0.8880453233	0.0049275205
0	0.0228083216	0.0354672435	0.0906976664	0.0936884084	0.7573383600
0	0.2201280620	0.5270010106	0.0057142203	0.2471222523	0.0000344548
0	0.0808237960	0.8802407601	0.0000675342	0.0358731258	0.0029947838
0	0.4455363514	0.3722722659	0.0000014829	0.0729642151	0.1092256847
0	0.2275122852	0.0000193943	0.0120213531	0.7567463553	0.0037006121
0	0.0001582460	0.0924228860	0.0020370758	0.8744910262	0.0308907659
0	0.0045419893	0.7644458178	0.2184701133	0.0112192813	0.0013227983
0	0.0596070715	0.8730847499	0.0642885771	0.0000000000	0.0030196015
0	0.0860387989	0.0946027390	0.1674718900	0.0188994871	0.6329870850
0	0.2037062524	0.0521597823	0.6521707653	0.0000000000	0.0919632000
0	0.1003718208	0.8024515975	0.0756279434	0.0004481023	0.0211005360
0	0.0153175843	0.0306471245	0.4564834761	0.0015939531	0.4959578620
0	0.5459168454	0.0902194070	0.1453038177	0.2185586672	0.0000012628
0	0.0046691060	0.0676081165	0.7940166228	0.0111022672	0.1226038876
0	0.8780823016	0.0410404472	0.0140459818	0.0027876915	0.0640435780
0	0.1798179597	0.0006110311	0.0154522202	0.0079633070	0.7961554820
2	0.0000000000	0.0000013397	0.1018075405	0.0000000000	0.8981911198
0	0.0385427548	0.0255375175	0.9193327818	0.0164805299	0.0001064160
0	0.4197053865	0.5045873221	0.0309735030	0.0000311685	0.0447026200
0	0.0469515059	0.8003114649	0.0995552965	0.0009794039	0.0522023288
0	0.2534792598	0.0709443279	0.6635892857	0.0057904043	0.0061967223
0	0.1265808471	0.7616967006	0.0137401215	0.0549661063	0.0430162245
0	0.4674030393	0.0140689196	0.0414255913	0.1213053905	0.3557970594
0	0.2505365982	0.2706130577	0.0855291387	0.0000000000	0.3933212053
0	0.1351434250	0.0000000000	0.4346334062	0.2114717470	0.2187514218
0	0.0057497078	0.0000033460	0.0413687830	0.0000010643	0.9528770988
0	0.1230430259	0.1086089135	0.0591452842	0.1659051642	0.5432976122
0	0.0002469044	0.0592009041	0.9398235586	0.0000141612	0.0007144717
0	0.1317648748	0.1745787909	0.1740045423	0.1071180033	0.4125337887
0	0.0253650689	0.0004614913	0.0236603230	0.0000000000	0.9505131167
0	0.0982895739	0.3317837132	0.3734176835	0.0201410718	0.1763679576
0	0.0958209030	0.1222565296	0.0021428330	0.0775153414	0.7022643931
0	0.1415374049	0.2622056636	0.5002462656	0.0958919839	0.0001186820
0	0.1009577630	0.6347250288	0.0683166990	0.1627711673	0.0332293419
0	0.0000000007	0.5382476266	0.0006679728	0.3415815109	0.1195028889
0	0.1925917996	0.0265471372	0.0515290081	0.7293320551	0.0000000000
0	0.0570396603	0.2239987228	0.3533307004	0.0124733035	0.3531576130
0	0.0058159310	0.2719175774	0.2751399018	0.0042025298	0.4429240601
0	0.0095793613	0.7606441730	0.1512805929	0.0709053157	0.0075905572
0	0.0261222720	0.2120704717	0.4952080555	0.0007161963	0.2658830046
0	0.0000068064	0.2770176448	0.3623816676	0.3464148317	0.0141790496
0	0.1837367614	0.0915513081	0.0149816945	0.0571664367	0.6525637992
0	0.1034556685	0.4202417383	0.0002867164	0.2093087800	0.2667070968
0	0.7363690180	0.0017191081	0.0669195624	0.0000000409	0.1949922706
0	0.4808327593	0.1272875996	0.2654073500	0.0678949890	0.0585773022
0	0.0000621667	0.5400070808	0.0305613256	0.0002343655	0.4291350613
2	0.0000000000	0.4167562864	0.0025250149	0.0000000000	0.5807186988
0	0.0014069356	0.3320151094	0.0275516942	0.0048501637	0.6341760971
0	0.0000000001	0.0867112019	0.1076201051	0.5717400578	0.2339286351
0	0.0526948158	0.2277320497	0.7024472026	0.0000000002	0.0171259318
0	0.0018151125	0.0985006859	0.0007752675	0.1829407055	0.7159682286
0	0.0184885358	0.2824845975	0.6733697783	0.0000166429	0.0256404455
0	0.0000074921	0.8307144531	0.0000025278	0.0000000000	0.1692755271
0	0.0146837892	0.2057053953	0.7173899184	0.0000068896	0.0622140075
1	0.0143906797	0.0547196820	0.0025597756	0.2885686500	0.6397612127
0	0.0029715352	0.1602941653	0.7237222247	0.1130052420	0.0000068328
0	0.3910324689	0.0261189684	0.4974955921	0.0677432265	0.0176097442
0	0.0935614541	0.5071722460	0.2456616378	0.0055683054	0.1480363567
1	0.0000000015	0.0053954779	0.0569873850	0.0000000000	0.9376171357
0	0.9129620873	0.0521961772	0.0026223529	0.0240267463	0.0081926363
0	0.0176902299	0.1992877047	0.0149607008	0.7359861682	0.0320751965
1	0.4094336324	0.2192833557	0.3042829246	0.0000053494	0.0669947379
0	0.1030395912	0.4038110821	0.4038815648	0.0124172549	0.0768505070
0	0.8209394617	0.0594780338	0.1028226563	0.0073110343	0.0094488139
0	0.0238541823	0.6935053543	0.2272171721	0.0512900437	0.0041332476
0	0.2345518704	0.0267007281	0.0000001385	0.3509544882	0.3877927748
0	0.7528499263	0.0422938680	0.0059175755	0.1723718477	0.0265667826
0	0.0645089900	0.5560524910	0.1729038518	0.0911476091	0.1153870581
0	0.1420037802	0.3014731120	0.3083999695	0.0000000002	0.2481231382
0	0.2920378172	0.0000000002	0.4642066112	0.2159495510	0.0278060204
0	0.0040855219	0.5966382071	0.3554527394	0.0398510409	0.0039724907
0	0.0629940212	0.5090830361	0.1109321776	0.0000443277	0.3169464374
0	0.3454343551	0.1281854832	0.3151353697	0.2109543453	0.0002904468
0	0.1225745049	0.5060412767	0.3654651587	0.0050588499	0.0008602098
0	0.3310087138	0.0914850733	0.2775500743	0.1914358961	0.1085202424
0	0.0176603641	0.2900312610	0.4229163351	0.0414916375	0.2279004023
0	0.3812815568	0.4955823082	0.0927442944	0.0303777661	0.0000140746
1	0.0026204919	0.4030473187	0.0011905838	0.0000000000	0.5931416056
0	0.7118081393	0.2873085852	0.0000018032	0.0000000000	0.0008814723
1	0.2635834130	0.4536440151	0.1856923538	0.0000000000	0.0970802181
0	0.0979562674	0.0045562557	0.8973075455	0.0000498134	0.0001301180
1	0.0081643243	0.0121449543	0.1319081090	0.0000000000	0.8477826124
0	0.0710518721	0.3834939939	0.1473484210	0.0000007650	0.3981049480
0	0.1437386144	0.0000436800	0.5996351931	0.0143093247	0.2422731878
0	0.0000000040	0.2975174970	0.1208010015	0.0191673364	0.5625141610
0	0.2447944612	0.3216409738	0.0403122926	0.2528435746	0.1404086978
1	0.0000970433	0.0470744074	0.0000001126	0.0000000000	0.9528284368
0	0.0016787636	0.0989921757	0.8714260176	0.0000418724	0.0278611707
0	0.0000000102	0.0234583415	0.1943877554	0.0000000000	0.7821538929
