0	0.2439554738	0.7488727275	0.0021145551	0.0046735188	0.0003837248
0	0.0083843582	0.9679616559	0.0088428150	0.0135698330	0.0012413378
0	0.0020385661	0.0382691701	0.0158345263	0.0004237771	0.9434339604
0	0.0029254636	0.9218255873	0.0734920664	0.0000030196	0.0017538631
0	0.0471222918	0.3565817478	0.3299132696	0.2661774485	0.0002052423
0	0.6165455733	0.3121859602	0.0156558553	0.0117254569	0.0438871543
0	0.4451645513	0.0105631184	0.1086912044	0.4088055525	0.0267755735
1	0.8031860365	0.1034232392	0.0301262539	0.0000000000	0.0632644703
0	0.2421657832	0.0391255896	0.0835362384	0.0000000679	0.6351723209
0	0.0657786579	0.7220212593	0.0047234390	0.1068364322	0.1006402117
0	0.3445942405	0.6078212435	0.0109172298	0.0363712576	0.0002960285
0	0.4035350351	0.0060611757	0.0672705998	0.0251491705	0.4979840190
0	0.0087436698	0.4850918151	0.4457098128	0.0008997829	0.0595549194
0	0.2829775493	0.0064622348	0.0086687089	0.0986445026	0.6032470044
0	0.6678607064	0.3097142386	0.0000000000	0.0100627158	0.0123623392
0	0.1699372924	0.7320837087	0.0949336214	0.0000000252	0.0030453523
0	0.0001307402	0.0196625082	0.8085406813	0.1357218261	0.0359442442
0	0.0545343070	0.0361777474	0.3998243904	0.0356429896	0.4738205656
0	0.1437333455	0.6416752939	0.1217606700	0.0390065543	0.0538241363
0	0.5299543472	0.2134011662	0.0537485003	0.1676038400	0.0352921464
0	0.0429106912	0.7451666937	0.1268597581	0.0811996477	0.0038632094
0	0.0482319163	0.3076594495	0.3240882609	0.1614667825	0.1585535908
0	0.0017659303	0.7248059778	0.2372939003	0.0361341901	0.0000000016
0	0.0560874510	0.0710498292	0.1269299112	0.0000107670	0.7459220416
0	0.8475949271	0.0000056789	0.0573074040	0.0000000000	0.0950919899
0	0.6078343850	0.2857447214	0.0569092802	0.0001632174	0.0493483960
1	0.0499659838	0.1550164443	0.0996636465	0.0056934897	0.6896604356
0	0.1223671101	0.4365364160	0.4409264895	0.0000000010	0.0001699834
0	0.2616467303	0.0000182298	0.4922724768	0.0011639349	0.2448986283
0	0.5344744576	0.1462318167	0.2805367931	0.0387569327	0.0000000000
0	0.4880007401	0.1442197853	0.2479551599	0.0999997013	0.0198246134
0	0.2532539427	0.0544393201	0.0047093714	0.6072856348	0.0803117309
1	0.0029139252	0.0129756698	0.0000087018	0.0000312907	0.9840704126
0	0.0237468750	0.5513786347	0.0686005107	0.0000109837	0.3562629958
0	0.2574649153	0.7243923511	0.0041933510	0.0139110176	0.0000383650
0	0.0032058975	0.3479109281	0.6033042660	0.0012599388	0.0443189695
0	0.9597447276	0.0230128832	0.0171551900	0.0000871902	0.0000000090
0	0.2085439361	0.1787557861	0.1598476617	0.0469057759	0.4059468402
0	0.2653861835	0.0772407537	0.3717499941	0.0604711256	0.2251519431
0	0.3512156290	0.4413596379	0.1985761230	0.0085972653	0.0002513447
0	0.0030976746	0.4173636521	0.5736914256	0.0001605829	0.0056866648
0	0.1690204855	0.8090622045	0.0066058880	0.0032637326	0.0120476894
0	0.0338797746	0.0108415352	0.8335638458	0.0000001706	0.1217146738
0	0.2440433707	0.0179262017	0.3338573592	0.0012284190	0.4029446494
0	0.0628494863	0.4361309281	0.0075545631	0.0001153981	0.4933496244
0	0.2754231450	0.4043679747	0.2128559034	0.0000143745	0.1073386024
0	0.0182808523	0.5431078965	0.4366066376	0.0020045251	0.0000000885
0	0.0014635983	0.0989831480	0.5826177895	0.0733220142	0.2436134500
0	0.0226923756	0.9733997357	0.0000000427	0.0000039066	0.0039039394
0	0.1622589594	0.4929206840	0.1599820199	0.0659889959	0.1188493409
0	0.4747735340	0.2689445255	0.1250390879	0.0085271278	0.1227157248
0	0.0829360019	0.0623883234	0.3100338749	0.1740224154	0.3706193844
0	0.0010911447	0.1262796243	0.0000284100	0.0245396858	0.8480611353
0	0.0245662422	0.0297767124	0.1259680199	0.1765639458	0.6431250797
1	0.3430854623	0.2573486098	0.1370236047	0.0000000000	0.2625423232
0	0.0027687909	0.2373771241	0.2536341228	0.0118379674	0.4943819948
0	0.0431568525	0.0214971755	0.8568644511	0.0628341154	0.0156474056
0	0.0004360522	0.6403707227	0.1840957465	0.0391483985	0.1359490801
0	0.0248204258	0.1771540381	0.6563687665	0.0037022952	0.1379544744
0	0.4585022362	0.3183498180	0.1061693254	0.0351263756	0.0818522449
0	0.0100683286	0.0702402659	0.4599262262	0.4521444868	0.0076206925
1	0.0052409763	0.0011048909	0.3549777496	0.0000000000	0.6386763831
0	0.4247755630	0.1533373411	0.2885061005	0.0926689395	0.0407120559
0	0.4598963120	0.3506753863	0.0053949472	0.0001042234	0.1839291310
0	0.0011475047	0.7035170624	0.1529623114	0.0943583102	0.0480148113
1	0.8214831361	0.0000488011	0.0344163538	0.0000076838	0.1440440253
1	0.9242383930	0.0098118462	0.0098946149	0.0000000000	0.0560551460
0	0.2348111507	0.5280820008	0.0043191142	0.0251081739	0.2076795605
0	0.0967620639	0.3682079312	0.4782176184	0.0002765893	0.0565357972
0	0.5595812506	0.0073680090	0.0656483331	0.2948618212	0.0725405861
0	0.0398168221	0.0470173346	0.9121971913	0.0009387115	0.0000299406
1	0.0185481529	0.0144994866	0.7935160936	0.0203988956	0.1530373712
0	0.5956183821	0.0173905919	0.3385287634	0.0481634275	0.0002988351
1	0.6245303708	0.0026065953	0.2049092641	0.0000774994	0.1678762704
1	0.4537169678	0.0163107944	0.2491074179	0.0000000000	0.2808648199
0	0.1141255416	0.8742993324	0.0000184792	0.0000000000	0.0115566469
0	0.1161633264	0.3048381544	0.2509912188	0.0141971293	0.3138101712
0	0.0271444063	0.4658938858	0.1767679700	0.0000000001	0.3301937379
0	0.3592840674	0.0260452829	0.5491378666	0.0264461304	0.0390866527
0	0.0018486089	0.1087785895	0.8674651372	0.0054731805	0.0164344838
0	0.0377103301	0.2424891709	0.0320538130	0.0556449759	0.6321017102
0	0.0913225832	0.8591045354	0.0494545344	0.0000305776	0.0000877694
0	0.0019972688	0.2166382000	0.0104416506	0.0000002627	0.7709226180
0	0.0412536217	0.0023545003	0.2479048005	0.1785992580	0.5298878194
0	0.2614979056	0.1617651712	0.0001834529	0.0000066823	0.5765467880
0	0.1385846620	0.0461859448	0.8113346345	0.0000000000	0.0038947587
0	0.5218445032	0.1366907772	0.0411553308	0.0165913743	0.2837180146
0	0.0757099539	0.8860875835	0.0366709976	0.0000000681	0.0015313970
0	0.0378779682	0.7710730370	0.1884909253	0.0000522394	0.0025058301
0	0.7953391128	0.0450362487	0.0511882907	0.0082525293	0.1001838185
0	0.0571588826	0.5252757535	0.0005741203	0.0176810293	0.3993102143
0	0.8343721412	0.0270445305	0.0000057689	0.0738522297	0.0647253296
0	0.2402615849	0.0021237001	0.4676421152	0.0194217407	0.2705508590
2	0.0004813736	0.0000059761	0.0140271641	0.0000000000	0.9854854863
0	0.4264117832	0.2447648486	0.2467638563	0.0178720350	0.0641874769
0	0.1232723404	0.0085523564	0.0019090773	0.0744383638	0.7918278621
0	0.0000017383	0.4750697647	0.3784955960	0.1451339347	0.0012989663
0	0.0056420639	0.6908826860	0.1174478431	0.1343192139	0.0517081931
0	0.2016361608	0.4602236837	0.1094314158	0.1686014606	0.0601072790
0	0.6241235111	0.3164329225	0.0479905218	0.0007483772	0.0107046673
