2	0.4142821014	0.1565133857	0.2126526844	0.0000000000	0.2165518286
1	0.0000002164	0.6030205734	0.0350652563	0.0366963697	0.3252175842
0	0.0840886380	0.0002442499	0.8658235553	0.0000000014	0.0498435554
0	0.4329415208	0.0827294069	0.2877000053	0.0000042937	0.1966247733
0	0.0791437308	0.8325535816	0.0014460291	0.0001985958	0.0866580627
0	0.0210892914	0.0001810359	0.9740928846	0.0030155699	0.0016212182
0	0.2158239037	0.0247723623	0.1627413222	0.0018694871	0.5947929247
0	0.6315205527	0.0348310126	0.0000000000	0.0638472991	0.2698011356
1	0.1857000384	0.1670057489	0.0344362226	0.2891535017	0.3237044884
0	0.3660070544	0.1758171598	0.0932442328	0.3649313862	0.0000001668
0	0.1868845052	0.4824629805	0.1107648842	0.0640543437	0.1558332863
0	0.0341235129	0.6078263885	0.2603742068	0.0967450462	0.0009308456
0	0.3104779726	0.6293926413	0.0324536472	0.0000000114	0.0276757276
0	0.0154399204	0.3081448868	0.2023277815	0.2832870462	0.1908003651
1	0.4143444994	0.5500958603	0.0334879192	0.0001761739	0.0018955472
0	0.0000000065	0.3547756500	0.0467929588	0.0752634258	0.5231679590
1	0.0113513636	0.5314814836	0.0511451625	0.0000000000	0.4060219903
1	0.0000000003	0.0013968697	0.3904440510	0.0286408491	0.5795182299
0	0.1892082901	0.0029523341	0.6099749732	0.0000000000	0.1978644025
0	0.0642918374	0.8361271082	0.0857654280	0.0137824729	0.0000331535
0	0.2397375255	0.2740176857	0.3096296281	0.1374442411	0.0391709196
1	0.0000095412	0.0949047941	0.0486892663	0.0004844614	0.8559119371
0	0.0000000000	0.1393539370	0.0000031950	0.5598364078	0.3008064602
0	0.6223131107	0.0609461151	0.0913144913	0.0125108665	0.2129154165
0	0.1014968566	0.0071259939	0.8384372362	0.0348428969	0.0180970164
0	0.2727532299	0.2405412011	0.0280697259	0.0329794316	0.4256564115
0	0.0004396029	0.0077498819	0.1759374756	0.0417657432	0.7741072964
0	0.0005604620	0.3564923730	0.2049875366	0.0358522713	0.4021073571
1	0.0976316585	0.6154560818	0.0547327171	0.0000198629	0.2321596797
0	0.0143554498	0.5322359195	0.1989739277	0.0118647029	0.2425700000
1	0.2974557025	0.3341440331	0.0000002655	0.0000000000	0.3683999989
0	0.0000035562	0.0821449667	0.8723174742	0.0025180007	0.0430160022
0	0.0758620636	0.0756979825	0.3025107504	0.0314356146	0.5144935890
0	0.5010877167	0.0030446036	0.2407203307	0.0000000260	0.2551473231
0	0.7091397859	0.0086926003	0.0000000145	0.2769779757	0.0051896236
0	0.0871344300	0.0646238665	0.6399299264	0.0000000081	0.2083117689
0	0.2934747490	0.3939942807	0.0000000000	0.0092210901	0.3033098802
1	0.0893442261	0.0003925427	0.9095087666	0.0000511309	0.0007033337
1	0.2664829952	0.0464055620	0.0059846204	0.0000000000	0.6811268223
0	0.0000000034	0.0011669353	0.8088247076	0.1859707608	0.0040375928
0	0.6966164658	0.0121243001	0.2357612293	0.0000000000	0.0554980048
0	0.1778803554	0.0240402559	0.7332960617	0.0382333410	0.0265499860
0	0.2296765512	0.4262334507	0.2174525459	0.1058260407	0.0208114115
0	0.3384517192	0.4653747737	0.0483415585	0.0188190064	0.1290129422
0	0.0039126374	0.7940140549	0.0269066455	0.0000000000	0.1751666622
0	0.0000941197	0.0389969402	0.3847819310	0.0427316758	0.5333953333
0	0.4373303283	0.0793893179	0.0824470200	0.0000041342	0.4008291995
0	0.0491372164	0.6361469475	0.0002737384	0.0153292211	0.2991128766
0	0.0990924228	0.0745171802	0.6154010296	0.0354210510	0.1755683164
0	0.6344054987	0.1855904615	0.0803036670	0.0032468019	0.0964535709
1	0.0843150286	0.0611859324	0.2383302092	0.0000121232	0.6161567066
0	0.0166668102	0.1561470687	0.0252332960	0.8019337563	0.0000190687
0	0.0015643145	0.3087518013	0.1598410889	0.0000047392	0.5298380561
0	0.0802854918	0.7018881007	0.1184380649	0.0924419816	0.0069463610
0	0.5866534676	0.0197596171	0.0003251129	0.0063712433	0.3868905591
0	0.0000000002	0.8211746467	0.0161598850	0.0000000000	0.1626654682
0	0.7015824914	0.1339479100	0.0625889819	0.0010919364	0.1007886803
0	0.4147185767	0.2644507377	0.2201609721	0.0022247594	0.0984449541
0	0.4564730633	0.0012562603	0.4534322380	0.0000000000	0.0888384385
0	0.0123298891	0.1964247624	0.0632260309	0.0000000000	0.7280193176
0	0.9593536358	0.0176471830	0.0064746125	0.0050409802	0.0114835885
1	0.1123410915	0.4425686818	0.0175881680	0.0000000000	0.4275020587
0	0.1861577961	0.4355652744	0.0030968063	0.0000003836	0.3751797396
0	0.0059273853	0.2373406197	0.0514791303	0.0320153904	0.6732374743
1	0.0436197180	0.4180833524	0.1494393626	0.0000000061	0.3888575608
1	0.3940977207	0.2997735471	0.2560203522	0.0000000000	0.0501083800
0	0.0781926296	0.6976630547	0.2117281676	0.0006161259	0.0118000221
0	0.1082994448	0.0000804147	0.3735644733	0.0271851860	0.4908704812
0	0.6676750040	0.1396549224	0.1314307112	0.0399811385	0.0212582240
0	0.0035370239	0.9216669905	0.0132760631	0.0106996122	0.0508203103
0	0.0082883022	0.0828330702	0.3213686372	0.0075358079	0.5799741825
0	0.0946320614	0.0632227532	0.5835349456	0.0137546319	0.2448556079
0	0.3254794808	0.0000067654	0.0000000000	0.6734029810	0.0011107728
0	0.4385257434	0.3237116373	0.2361912947	0.0015435822	0.0000277423
0	0.1391081488	0.0000011770	0.6913103396	0.1513244857	0.0182558489
0	0.0293054060	0.1294518417	0.3224411163	0.4778276957	0.0409739403
0	0.0520968168	0.0223090731	0.0000599990	0.0052768836	0.9202572276
0	0.2060456525	0.3622931139	0.3198577804	0.0000000000	0.1118034531
0	0.0151449346	0.0822938546	0.7443790822	0.0008928695	0.1572892590
0	0.2757453660	0.0000000001	0.0576415657	0.0017300991	0.6648829691
0	0.0155195393	0.9600934661	0.0139207288	0.0104539796	0.0000122862
0	0.0323514089	0.9257191269	0.0103976812	0.0017815601	0.0297502230
0	0.2018701119	0.2063440802	0.5783004048	0.0000000000	0.0134854031
0	0.0065175383	0.0129797886	0.9748302975	0.0019244757	0.0037478999
0	0.0080767179	0.7924134634	0.0012568669	0.0182623755	0.1799905763
0	0.5804040843	0.0900213300	0.0060233609	0.3076496528	0.0159015720
0	0.0000000054	0.0568410239	0.9195014206	0.0000001687	0.0236573813
0	0.2813463029	0.3317422891	0.1185401039	0.0000001613	0.2683711429
0	0.0000018351	0.4479870661	0.1781098681	0.2559870716	0.1179141590
0	0.0031813876	0.0914846506	0.0006358093	0.5757874162	0.3289107363
1	0.0054105953	0.0064268702	0.0226916173	0.0780930591	0.8873778581
1	0.0161917958	0.1054547935	0.0504962329	0.0000000000	0.8278571779
0	0.0137287732	0.0006728121	0.9620983149	0.0220357079	0.0014643919
0	0.0035443971	0.0295285924	0.6866764140	0.0159533407	0.2642972558
1	0.0084830375	0.2565525658	0.0020528849	0.0000000000	0.7329115118
1	0.0538783602	0.1636323535	0.2274739785	0.1979550739	0.3570602340
0	0.0979586344	0.4430422964	0.4414541934	0.0160493094	0.0014955665
2	0.1417439428	0.0102887554	0.0000000000	0.0000000000	0.8479673017
0	0.0533689695	0.9168211909	0.0034123228	0.0219104891	0.0044870277
0	0.0695911159	0.0043420464	0.7931474164	0.1060333002	0.0268861210
