0	0.0000000000	0.5956515157	0.2867794189	0.0030749979	0.1144940676
0	0.8139269591	0.1551744577	0.0241875488	0.0037711188	0.0029399156
0	0.0048173124	0.1367685241	0.7638485970	0.0120962340	0.0824693325
1	0.0704478267	0.0002649115	0.6742665473	0.0000203266	0.2550003879
0	0.0782943771	0.2315522226	0.1132209825	0.0010432188	0.5758891990
0	0.2118447081	0.1212525063	0.1592470876	0.0024360033	0.5052196947
0	0.0024249596	0.2703934527	0.0171969047	0.0003371813	0.7096475017
0	0.0000007452	0.8182533892	0.0790538219	0.0939685701	0.0087234736
0	0.0006561679	0.8673709184	0.1314488088	0.0000003649	0.0005237399
0	0.1744544475	0.1524392334	0.0018911473	0.0000099085	0.6712052632
0	0.1809711852	0.3903606696	0.4265294542	0.0005368746	0.0016018165
0	0.0084019169	0.2915839645	0.0156891046	0.0038700013	0.6804550127
0	0.1742428970	0.3153180497	0.1165581929	0.3847470644	0.0091337961
0	0.3553611175	0.0819232446	0.4310946998	0.0000000000	0.1316209382
0	0.3576676857	0.0563667524	0.4194987245	0.0548493116	0.1116175259
0	0.0030598651	0.1554486091	0.0764367716	0.5093261964	0.2557285577
0	0.2651749567	0.6168894743	0.0092090511	0.1039207209	0.0048057970
0	0.2205258666	0.6285236412	0.0556714250	0.0000000000	0.0952790672
0	0.0669664284	0.1946672651	0.5938727056	0.0027465694	0.1417470316
0	0.0282295567	0.0022386981	0.4866937048	0.0441019228	0.4387361175
0	0.0000163960	0.9906777264	0.0010124919	0.0000000026	0.0082933830
0	0.6779806984	0.0720480716	0.1981450078	0.0000191109	0.0518071112
0	0.0504978740	0.1911381761	0.6853932791	0.0213294303	0.0516412405
0	0.7492344332	0.0810124363	0.1657585086	0.0036900930	0.0003045289
0	0.4378910511	0.3710014417	0.0362804483	0.0064711981	0.1483558608
0	0.1641577304	0.6505280895	0.1828362154	0.0000000039	0.0024779608
0	0.1043427774	0.0021493954	0.0491777805	0.4739827579	0.3703472889
1	0.6234459146	0.0549992108	0.2532199829	0.0000000000	0.0683348917
0	0.8683245779	0.0269122261	0.0893184476	0.0000861955	0.0153585528
1	0.0424021719	0.0196022892	0.1778883529	0.0000000000	0.7601071860
1	0.0019750337	0.0000558425	0.6376909934	0.0000000000	0.3602781303
0	0.0023758375	0.0292633867	0.2154937256	0.0605669168	0.6923001333
0	0.3385846202	0.0952291182	0.5579600937	0.0033827834	0.0048433844
0	0.0512738259	0.0083163586	0.1283146983	0.0211372775	0.7909578398
1	0.0092867053	0.0000000000	0.0104357979	0.0000000000	0.9802774968
0	0.0799436845	0.1133546532	0.7145771212	0.0560732481	0.0360512929
0	0.4260260702	0.5694424824	0.0038307042	0.0000000085	0.0007007348
1	0.3214182258	0.0014082032	0.6658822285	0.0000000000	0.0112913426
0	0.0819200336	0.4062631946	0.3967668844	0.0000000312	0.1150498562
0	0.5675764024	0.1325878062	0.1754686618	0.1243671295	0.0000000000
0	0.0000458696	0.5300053064	0.0430477776	0.4264722805	0.0004287659
0	0.4103225186	0.0265694166	0.2315741539	0.0003752432	0.3311586676
1	0.0064198915	0.2307012197	0.2395104781	0.0000000000	0.5233684106
0	0.1197673012	0.0003032859	0.0520524212	0.8153561016	0.0125208901
0	0.0751596985	0.0003804384	0.9243896131	0.0000000004	0.0000702495
0	0.3454680454	0.4990700550	0.0907926965	0.0342449495	0.0304242537
0	0.0660402964	0.1924962244	0.0306098703	0.0060223414	0.7048312675
0	0.2255304133	0.0087410038	0.0124634413	0.7531206202	0.0001445214
0	0.2630986016	0.3610906250	0.0000006426	0.2617049448	0.1141051860
1	0.0000000376	0.0026804995	0.0000001107	0.0000000000	0.9973193521
0	0.1746936323	0.4184675511	0.3784686902	0.0260177248	0.0023524015
0	0.8796018767	0.0296358685	0.0480803953	0.0155587952	0.0271230643
0	0.7117825820	0.1579033786	0.0604766513	0.0666836300	0.0031537581
0	0.6955804958	0.2520337088	0.0000036029	0.0077025821	0.0446796104
0	0.0000019796	0.0183856699	0.0052996950	0.2840937893	0.6922188662
0	0.0000000000	0.1092381344	0.0802160594	0.3783717649	0.4321740413
1	0.2661351162	0.1349869198	0.4242301909	0.0001309438	0.1745168293
2	0.4776790213	0.0136507842	0.2109609521	0.0000000000	0.2977092424
0	0.1015812941	0.2734854654	0.2148275734	0.4096868977	0.0004187694
1	0.6223583820	0.0196944764	0.3177214340	0.0077937129	0.0324319946
0	0.1823893210	0.1510159586	0.5398236512	0.0000000000	0.1267710692
1	0.4683580091	0.2095505839	0.0392467017	0.0000000000	0.2828447054
0	0.0000084745	0.0844775134	0.1131990343	0.0000366001	0.8022783777
0	0.2841169116	0.3825602534	0.1695407492	0.1557023402	0.0080797456
0	0.1274463426	0.1178436968	0.2998901705	0.0000000000	0.4548197901
1	0.0050669508	0.9476708926	0.0113287680	0.0001327003	0.0358006883
0	0.3750747139	0.0777664375	0.3388938871	0.0200855573	0.1881794042
0	0.1805389572	0.5384693565	0.0061833504	0.0000874105	0.2747209254
0	0.0147960164	0.7143319210	0.1721152538	0.0664046595	0.0323521493
0	0.0065453953	0.9176155509	0.0000000000	0.0242549938	0.0515840600
0	0.0157713926	0.6021535393	0.0000037240	0.0068893864	0.3751819578
0	0.0636245036	0.2808857738	0.5756715140	0.0000025286	0.0798156800
0	0.5468349253	0.0002144554	0.1140571403	0.0744488919	0.2644445870
0	0.6885839204	0.0441463238	0.2024337570	0.0006289826	0.0642070162
0	0.4977060415	0.0251002412	0.0000372468	0.0014857556	0.4756707148
0	0.0761986355	0.4107527557	0.1509372452	0.0000000000	0.3621113635
1	0.0007501024	0.3161047218	0.0008176737	0.0000000000	0.6823275022
1	0.1046653394	0.2198201339	0.0614914553	0.0000212474	0.6140018240
1	0.4979925971	0.0019459329	0.0000000000	0.0387086236	0.4613528464
1	0.0000000000	0.0162740875	0.0190887572	0.0000000000	0.9646371553
0	0.3331330884	0.3725725343	0.2941738224	0.0001195748	0.0000009801
0	0.0000038545	0.0000000000	0.0441528990	0.0345206316	0.9213226149
0	0.0000000000	0.0004237060	0.4840718059	0.5155044881	0.0000000000
0	0.0386049677	0.2585637611	0.3691364326	0.0637200847	0.2699747538
0	0.3904897677	0.0802806376	0.3098663140	0.1085332243	0.1108300564
0	0.4650055355	0.0976666695	0.0887975342	0.0000096803	0.3485205805
0	0.6780883254	0.0210052353	0.1708520901	0.0129257486	0.1171286006
1	0.0043073781	0.0244798245	0.0417033745	0.0101494576	0.9193599652
0	0.3471800366	0.1711569758	0.4647890651	0.0000000000	0.0168739226
0	0.0127120513	0.0936937346	0.0000525958	0.0361245980	0.8574170201
0	0.2355651568	0.6511125452	0.0454898439	0.0674217932	0.0004106608
0	0.4065376643	0.3352558654	0.2020563327	0.0437707217	0.0123794159
0	0.2876975284	0.1168977360	0.1575667901	0.0000000000	0.4378379455
0	0.0897611481	0.0000089924	0.0199976988	0.8202797411	0.0699524196
0	0.1085176986	0.2929303073	0.0636037507	0.0951921694	0.4397560740
0	0.0407253868	0.0021929924	0.0757893160	0.3456098567	0.5356824480
0	0.0000007118	0.0386934498	0.0808424452	0.0000000001	0.8804633930
0	0.1077648472	0.3651237641	0.5256848668	0.0013949176	0.0000316043
0	0.0185400390	0.0032570004	0.9374474414	0.0354612442	0.0052942751
0	0.0267106286	0.6010730203	0.2841460066	0.0064131672	0.0816571773
