0	0.1151082008	0.5466452220	0.1885355265	0.1181884515	0.0315225992
0	0.0014555593	0.0024546854	0.8870373081	0.0689540626	0.0400983847
0	0.0073261485	0.0422771099	0.0799614164	0.0001090246	0.8703263006
0	0.0001827064	0.4542951583	0.5455221352	0.0000000001	0.0000000000
0	0.3184428830	0.5424066263	0.0014105733	0.0001747076	0.1375652097
0	0.0000000065	0.7511701852	0.1494252575	0.0681588873	0.0312456635
0	0.0505516880	0.0659123786	0.6309633104	0.1548876314	0.0976849916
0	0.2471318868	0.3099920950	0.0000033321	0.0001910925	0.4426815936
0	0.0731987816	0.0577089683	0.2834484645	0.0876817704	0.4979620152
0	0.1128483584	0.7777320981	0.1077965741	0.0002151729	0.0014077966
1	0.0159173628	0.0023186970	0.0194145830	0.0113198143	0.9510295430
0	0.3642679667	0.0157440232	0.4478034274	0.0711988005	0.1009857823
1	0.3420855266	0.0481459050	0.6070403573	0.0014896750	0.0012385361
0	0.4553123461	0.0177924278	0.2381674354	0.1681240341	0.1206037566
0	0.3717129921	0.0991719175	0.2753583014	0.1623131004	0.0914436885
0	0.0050451635	0.1623247179	0.6608377738	0.1162236354	0.0555687095
1	0.0028744009	0.0643499188	0.0080744206	0.0000000562	0.9247012036
0	0.0175988119	0.0426726937	0.2767285052	0.2223196880	0.4406803012
1	0.5011058844	0.0001312375	0.1335809511	0.0000000000	0.3651819270
0	0.0087487175	0.9518301749	0.0355483788	0.0000000000	0.0038727287
0	0.6785862009	0.0581201839	0.1199514274	0.0000001039	0.1433420839
1	0.1578368747	0.0098628061	0.0812179965	0.0004260454	0.7506562773
1	0.4148335843	0.2829020979	0.0060735254	0.0073033248	0.2888874675
0	0.3659057561	0.0660772166	0.3856919047	0.0509854357	0.1313396869
0	0.6379322918	0.1020976887	0.1259309138	0.0389818394	0.0950572662
0	0.0873650799	0.0720419962	0.5634480198	0.2187316158	0.0584132884
0	0.7633716451	0.0813870470	0.0848878014	0.0128756038	0.0574779027
0	0.1167126117	0.1876963199	0.1168130779	0.0222150153	0.5565629753
0	0.2141740591	0.4247387088	0.3440896344	0.0000000001	0.0169975976
0	0.7134842349	0.0089859942	0.0000011718	0.1766018573	0.1009267418
0	0.0000422601	0.3641282219	0.0053379139	0.0347667335	0.5957248706
0	0.5664019700	0.1475984232	0.0129903069	0.0522394179	0.2207698821
0	0.0517543752	0.7070637475	0.1493120862	0.0181198896	0.0737499014
0	0.9615696179	0.0002037397	0.0001804528	0.0182180627	0.0198281270
1	0.3394762214	0.1436901795	0.0057840882	0.0000000000	0.5110495110
1	0.0345784139	0.0173019906	0.4838746852	0.0185651650	0.4456797453
0	0.2899761492	0.0610837381	0.3719094649	0.2762392346	0.0007914133
1	0.6137061932	0.0000000062	0.2182004395	0.0000000000	0.1680933611
0	0.0353085140	0.0839774409	0.0230391707	0.4433212701	0.4143536043
0	0.2516537435	0.5340686052	0.0190015453	0.0141702022	0.1811059038
0	0.3189557241	0.3103454230	0.2749034690	0.0316652198	0.0641301642
0	0.0569146192	0.1372152130	0.6773933956	0.0000031459	0.1284736263
0	0.2640388749	0.0394020411	0.0229372942	0.2761849853	0.3974368044
1	0.0003618320	0.2685614299	0.4440257657	0.0001558818	0.2868950906
0	0.0099119253	0.0024058244	0.0118904466	0.9571367207	0.0186550831
0	0.0000193754	0.9504286450	0.0033682609	0.0026180586	0.0435656601
0	0.6220510192	0.1929159063	0.1850119073	0.0000000145	0.0000211526
1	0.0016787498	0.4535212422	0.4532184671	0.0000000000	0.0915815408
2	0.0476948772	0.1714786744	0.0012276144	0.0000000000	0.7795988340
0	0.2757505706	0.1211711398	0.5953030138	0.0001237298	0.0076515459
0	0.0536317261	0.2356117830	0.4548299497	0.0000000016	0.2559265397
0	0.1039936133	0.0033284945	0.6372385184	0.0000000909	0.2554392830
0	0.0901394601	0.1758168107	0.2955107898	0.0085323550	0.4300005845
0	0.6064883126	0.2632636294	0.0802064533	0.0106384332	0.0394031716
2	0.1464860129	0.2545292393	0.0009116277	0.0168929299	0.5811801903
0	0.4589438705	0.0759438313	0.1091527425	0.0265967453	0.3293628103
1	0.6729350417	0.0352660723	0.0000018873	0.0000000000	0.2917969988
1	0.2407559799	0.1903681667	0.1131729090	0.0003937983	0.4553091462
0	0.2714272171	0.1668938088	0.3153577019	0.1168853100	0.1294359623
0	0.0000000000	0.8359027966	0.0423113548	0.0000486823	0.1217371663
0	0.8500747869	0.0739142262	0.0408579240	0.0088102402	0.0263428227
0	0.0569219388	0.0262194325	0.8302677079	0.0090001084	0.0775908124
1	0.0567416787	0.0191200054	0.0330360804	0.0301457497	0.8609564857
0	0.3645558511	0.4698921598	0.0362128563	0.0214477011	0.1078914317
0	0.0633676966	0.5736785468	0.3502235473	0.0035961548	0.0091340545
0	0.1020616256	0.2903222771	0.6048508364	0.0000085799	0.0027566810
0	0.0108457900	0.3287645170	0.2795902898	0.0000037225	0.3807956807
0	0.0000000000	0.3259205859	0.0432381806	0.0520902633	0.5787509702
0	0.3318134492	0.2818039656	0.0360610822	0.0014763689	0.3488451341
0	0.4175587251	0.1929189182	0.0000001767	0.0000000068	0.3895221732
2	0.5387134594	0.0014353912	0.0459146229	0.0000000000	0.4139365265
0	0.1716651157	0.2655523887	0.0051351058	0.0000375949	0.5576097950
0	0.4905146842	0.0986836374	0.1155306933	0.0152584603	0.2800125248
0	0.0786510731	0.0482057430	0.8648287576	0.0076465753	0.0006678510
0	0.6252151755	0.2615326085	0.0188477058	0.0798742640	0.0145302462
0	0.6553475280	0.0162605024	0.0000079087	0.0000000000	0.3283840608
0	0.2455296492	0.1036727765	0.3537257075	0.1902221093	0.1068497575
0	0.0052068944	0.0239763977	0.6859656688	0.0048736190	0.2799774201
0	0.4827537418	0.2805738114	0.0000000000	0.2366718692	0.0000005777
1	0.0003838083	0.0306683155	0.6092057270	0.0000036205	0.3597385288
0	0.0042000619	0.5535519595	0.0001456241	0.0000000006	0.4421023539
0	0.0581907963	0.0119737124	0.7667792885	0.0001420608	0.1629141419
0	0.0800894367	0.6525949529	0.2585517111	0.0044094357	0.0043544636
0	0.0926357398	0.0081375604	0.2280618061	0.4910652936	0.1800996002
0	0.0008418453	0.0000000082	0.0392824737	0.4237321811	0.5361434918
1	0.0085065486	0.3694856832	0.3063641232	0.0307070690	0.2849365760
0	0.0317936093	0.0637679762	0.1547632171	0.0004261929	0.7492490045
0	0.2956617376	0.3855834004	0.0001299505	0.1777918617	0.1408330497
0	0.5366552884	0.0000379601	0.1501845165	0.3050786939	0.0080435411
0	0.8147901020	0.0000011597	0.0669408396	0.0213453390	0.0969225596
0	0.4319701294	0.0350292494	0.1725484845	0.0096468258	0.3508053108
1	0.2757576938	0.0045923160	0.0021293183	0.0000000000	0.7175206719
0	0.0649293244	0.8018099909	0.0954730166	0.0000022717	0.0377853964
0	0.0639500869	0.0203893010	0.9090701011	0.0065341220	0.0000563891
0	0.8809739449	0.0963516960	0.0024543511	0.0052736479	0.0149463601
0	0.0409010610	0.0001174489	0.0176822769	0.0137969149	0.9275022982
0	0.0352699600	0.1191136047	0.1740226111	0.0000000001	0.6715938241
0	0.0011263646	0.8759137742	0.0092558367	0.0000000011	0.1137040233
1	0.0000000008	0.0002099974	0.0244155583	0.0000000000	0.9753744435
0	0.2016269066	0.4856515324	0.3122107221	0.0000000000	0.0005108388
