1	0.2997367306	0.0001395296	0.2675443229	0.0000000000	0.4325794169
1	0.0385394185	0.1843004357	0.6229978961	0.0000000000	0.1541622497
0	0.0007464083	0.0419934801	0.0064033186	0.0205072424	0.9303495505
0	0.3163551048	0.0600106077	0.5222151881	0.0000000090	0.1014190904
0	0.2279990369	0.2389337789	0.1247187292	0.0043132851	0.4040351698
0	0.0320200692	0.0003321995	0.7475711599	0.1463346136	0.0737419579
0	0.4004541120	0.0749134534	0.2588736819	0.1499120557	0.1158466970
0	0.0000683739	0.0401179148	0.3227218247	0.0000000000	0.6370918865
1	0.4659577745	0.0000056811	0.1518109814	0.0120250341	0.3702005288
0	0.3405605207	0.5245323221	0.1235677361	0.0091536918	0.0021857293
0	0.6901568707	0.0000264958	0.0000041844	0.3078273597	0.0019850895
0	0.1426557790	0.1319811284	0.5829893575	0.0161704934	0.1262032417
0	0.3309224526	0.1453414674	0.4938762019	0.0022051714	0.0276547068
0	0.0000007078	0.1092649765	0.4071932437	0.0326136474	0.4509274245
1	0.4086106469	0.4646994621	0.0728155545	0.0000000000	0.0538743365
1	0.7499390975	0.0797767744	0.1010076887	0.0000000000	0.0692764394
2	0.0024180623	0.0252792467	0.0557567894	0.0000000000	0.9165459017
0	0.0947535997	0.5561277730	0.2483158517	0.0000000900	0.1008026857
1	0.0000076945	0.4290678052	0.0464041379	0.0000104058	0.5245099567
0	0.1823674863	0.2248919438	0.0017113227	0.1198945004	0.4711347467
0	0.1063324078	0.1991950550	0.0134975866	0.6445703836	0.0364045670
0	0.7596521041	0.1061645769	0.0539555315	0.0708403982	0.0093873894
0	0.0508872347	0.0687025392	0.8203392945	0.0090673428	0.0510035888
0	0.0005036394	0.2759977371	0.3259253992	0.0159664857	0.3816067385
0	0.0320839050	0.0017234293	0.0000288384	0.9223206641	0.0438431631
1	0.1349038249	0.0043340105	0.8070121030	0.0000000601	0.0537500015
0	0.0013405139	0.2721264353	0.1688222963	0.0029546286	0.5547561259
0	0.3784951012	0.0415926300	0.4887685461	0.0210136895	0.0701300332
0	0.0595287330	0.1454285214	0.0386998776	0.7563227911	0.0000200768
0	0.0529444486	0.7156613663	0.1151232505	0.0664609502	0.0498099845
0	0.0010077561	0.4729665092	0.3125131289	0.1106293342	0.1028832715
0	0.4555066813	0.0309179873	0.0744749884	0.2198238694	0.2192764736
1	0.0047006238	0.1131651926	0.0611198984	0.0016376215	0.8193766636
0	0.4112625321	0.5259563144	0.0024592567	0.0000000000	0.0603218968
0	0.2459761261	0.0000126652	0.0767030123	0.0023296113	0.6749785851
0	0.1290680310	0.4854149114	0.0941680928	0.0000000000	0.2913489647
0	0.1237356867	0.0000703386	0.1185285406	0.0125954397	0.7450699944
0	0.0788977612	0.0052729950	0.9142739926	0.0015546743	0.0000005770
1	0.0738325892	0.0093873751	0.0778032475	0.0153076904	0.8236690978
0	0.0111602978	0.7335775455	0.1844101003	0.0000553352	0.0707967212
0	0.0005421441	0.0751946293	0.0030939446	0.7148474122	0.2063218698
0	0.0164350500	0.9183669978	0.0034745876	0.0000150724	0.0617082921
0	0.2235109027	0.7085764998	0.0000000027	0.0661537036	0.0017588912
0	0.1381606922	0.0888267261	0.0884375052	0.0081425016	0.6764325748
0	0.6252385450	0.0000065520	0.0000000000	0.3721123181	0.0026425849
0	0.5364371390	0.1509728579	0.2430384865	0.0172765791	0.0522749375
0	0.7462784538	0.0189207919	0.1610485345	0.0436522249	0.0300999949
1	0.4894688131	0.0000000000	0.0958531148	0.0000000000	0.4146780721
0	0.0051358167	0.0017458882	0.3632140090	0.0000000001	0.6299042860
0	0.4155492411	0.2191671400	0.0485262352	0.0385438954	0.2782134883
0	0.6876749070	0.0811361867	0.0125975317	0.0000000000	0.2185913746
1	0.0161182115	0.2246537920	0.0000254396	0.0000000000	0.7592025569
0	0.1607606580	0.0003547695	0.0708394703	0.5231661040	0.2448789982
1	0.4245397086	0.0679941563	0.2375489512	0.0000000000	0.2699171839
0	0.9073810235	0.0002114265	0.0358301717	0.0303244864	0.0262528918
0	0.1199714173	0.1481195161	0.6089918646	0.0438814817	0.0790357203
0	0.1853471450	0.4581363663	0.2548436031	0.1016684923	0.0000043933
0	0.0374850295	0.9359366473	0.0000077394	0.0004612774	0.0261093063
0	0.0489189710	0.5132219871	0.0758763842	0.3097445442	0.0522381136
0	0.1140166861	0.8098000262	0.0627655194	0.0115536284	0.0018641400
0	0.8114750989	0.0017172443	0.1497872400	0.0042508635	0.0327695533
1	0.4475593840	0.2888126738	0.0091911699	0.0041959928	0.2502407795
1	0.1336472190	0.6027427385	0.0000000000	0.0000189350	0.2635911075
0	0.0467558494	0.1536270873	0.0734250323	0.0002866272	0.7259054037
0	0.0762401600	0.3222247295	0.5552888250	0.0000000000	0.0462462855
0	0.1026381536	0.2308274341	0.0593348380	0.0708407157	0.5363588586
1	0.2152172356	0.7521567126	0.0235472660	0.0016169019	0.0074618839
0	0.2042367270	0.0837414382	0.0000000001	0.0178544421	0.6941673927
0	0.0000104932	0.0082382229	0.0491270758	0.1311361828	0.8114880253
1	0.0332575813	0.5158075160	0.0000835890	0.0000000000	0.4508513136
0	0.0291525640	0.8849007341	0.0835065796	0.0000000066	0.0024401158
0	0.1032677062	0.0000592662	0.8863903881	0.0102826394	0.0000000000
0	0.0027555805	0.8404132026	0.1114724741	0.0000003258	0.0453584170
0	0.4775231800	0.0007703950	0.0044278104	0.5073482627	0.0099303519
0	0.1671947717	0.0393558745	0.0157151334	0.0000011539	0.7777330665
0	0.0056307827	0.0049405080	0.3336915719	0.1891342773	0.4666028601
0	0.0840545044	0.0000000404	0.3955439028	0.1914437060	0.3289578465
0	0.0499726550	0.4585688797	0.0144511690	0.1151732844	0.3618340119
0	0.4415178110	0.4334307468	0.1232812103	0.0000000000	0.0017702319
0	0.0283470473	0.0010851516	0.2714991460	0.0000000000	0.6990686550
0	0.0199663338	0.1518909676	0.3793279067	0.4110840824	0.0377307095
0	0.0529455912	0.4076646216	0.4220979741	0.0276926177	0.0895991954
0	0.0000000184	0.1201530282	0.3029175934	0.0216408813	0.5552884786
0	0.0749310010	0.1880710159	0.6194039679	0.1156274345	0.0019665807
0	0.8713544827	0.0134552607	0.0600514754	0.0543664409	0.0007723403
0	0.0252862324	0.8646342725	0.0957553069	0.0101703824	0.0041538057
0	0.3520223072	0.5023797259	0.1347288566	0.0000000000	0.0108691102
0	0.0042653363	0.0181781007	0.0000033597	0.0006635549	0.9768896482
0	0.0522364164	0.8882588795	0.0000000000	0.0000042081	0.0595004960
0	0.0555840669	0.6351634796	0.0000003484	0.0253790244	0.2838730807
0	0.6287341555	0.2455679267	0.0773219936	0.0459506288	0.0024252954
0	0.0072673723	0.6224432603	0.3125961448	0.0070853168	0.0506079058
0	0.0389127657	0.0000000000	0.7995868809	0.1298060978	0.0316942556
0	0.0083937850	0.3525454932	0.3202290508	0.2526107176	0.0662209534
0	0.2434855649	0.2659114683	0.1997329344	0.0104048431	0.2804651893
0	0.1096646704	0.8762040895	0.0140883126	0.0000429163	0.0000000112
0	0.1135142197	0.0199304594	0.0731836137	0.0089470998	0.7844246073
0	0.0000000012	0.1438904016	0.0011844123	0.1337323556	0.7211928292
0	0.0153407121	0.0008838440	0.8678510669	0.0069451964	0.1089791805
0	0.7931141377	0.0253839754	0.0006640885	0.0097478517	0.1710899466
