0	0.0000024881	0.9190361712	0.0661719260	0.0000000000	0.0147894146
0	0.2863382354	0.0004416985	0.6960479821	0.0001525632	0.0170195209
1	0.0000000266	0.3624588522	0.5621382542	0.0088311598	0.0665717072
0	0.0668992871	0.0776831160	0.1607538876	0.0167361973	0.6779275120
0	0.1854855056	0.0015059794	0.0234570715	0.0320864130	0.7574650305
0	0.9155197930	0.0186960067	0.0181448112	0.0473297567	0.0003096324
1	0.3133981335	0.1781749893	0.4398543368	0.0131913738	0.0553811666
0	0.1251248483	0.1822399438	0.6832727297	0.0056046516	0.0037578266
0	0.1226235756	0.0184916332	0.3547468389	0.0000025415	0.5041354108
0	0.1246323719	0.0474970016	0.0160530899	0.7709297444	0.0408877921
0	0.1682206163	0.1857313572	0.4350926905	0.1159868750	0.0949684611
1	0.0038770149	0.0233813889	0.0740764760	0.0000004973	0.8986646229
1	0.0036171371	0.0000000830	0.0382820279	0.0000009064	0.9580998457
0	0.0076325305	0.3090282903	0.3039894026	0.0269441307	0.3524056460
0	0.4291878405	0.3796322209	0.0012853858	0.0075149899	0.1823795629
0	0.0312010717	0.7748027651	0.1307265230	0.0620362399	0.0012334003
0	0.0037374530	0.9569758994	0.0260604290	0.0000129717	0.0132132470
0	0.1031806838	0.8168078379	0.0124193375	0.0675919853	0.0000001555
0	0.7235948165	0.2391281877	0.0079943892	0.0292826066	0.0000000000
1	0.0000157134	0.3822647232	0.0148715980	0.0918800720	0.5109678933
0	0.1188584861	0.1951639174	0.3825288839	0.0940170947	0.2094316179
0	0.9869963408	0.0000352727	0.0129488444	0.0000151481	0.0000043941
0	0.0000000028	0.8942671219	0.0979756521	0.0030755771	0.0046816461
0	0.2845873122	0.0315503939	0.4821543203	0.0000000000	0.2017079737
0	0.3127906906	0.2871844279	0.0078734787	0.0010149855	0.3911364173
0	0.4012754661	0.0707446130	0.0001465131	0.0007977297	0.5270356781
1	0.1407801196	0.1199345940	0.6039228097	0.0001962161	0.1351662605
0	0.7926131251	0.0281960583	0.0514935658	0.0276069692	0.1000902817
0	0.7512298638	0.1011109696	0.0109296211	0.0493944488	0.0873350967
0	0.4695065777	0.4832016344	0.0367896419	0.0000000000	0.0105021460
0	0.0005250584	0.8767609487	0.1226735099	0.0000404830	0.0000000000
0	0.0159860352	0.4245535839	0.5395756120	0.0004405414	0.0194442276
0	0.0388150615	0.4125673393	0.1077789944	0.1265897544	0.3142488504
0	0.0000000000	0.1215689055	0.0704019035	0.7575626261	0.0504665650
0	0.0218926536	0.9274610777	0.0031815999	0.0034300917	0.0440345771
1	0.0037781486	0.0083362834	0.0000000545	0.0000000463	0.9878854672
0	0.2772622262	0.0569210221	0.1541301018	0.2262262613	0.2854603886
0	0.6769730948	0.0012715505	0.1200596056	0.0001445227	0.2015512264
0	0.0250034175	0.0231530858	0.8532968826	0.0000276693	0.0985189448
0	0.0000635160	0.0000004804	0.2696757714	0.6038891164	0.1263711158
0	0.0659313875	0.3009995943	0.5767909347	0.0195656168	0.0367124668
1	0.3182965937	0.0000024267	0.0023877170	0.0000000000	0.6793132625
0	0.0561717225	0.3730782791	0.3459661985	0.0000414773	0.2247423226
2	0.0495485878	0.1427133470	0.0544849600	0.0003487094	0.7529043958
0	0.0080495838	0.1317210426	0.7202864344	0.0194402075	0.1205027317
0	0.1450865325	0.6697182282	0.1535016484	0.0233772757	0.0083163152
1	0.0033919763	0.1156479599	0.4495355720	0.0193574215	0.4120670703
0	0.0091461710	0.0090737522	0.0146447207	0.0155697342	0.9515656218
1	0.0000136518	0.0220329185	0.0000005956	0.0043033190	0.9736495152
0	0.1561249484	0.3140583686	0.3621567554	0.0150949842	0.1525649433
0	0.0000773014	0.4533152737	0.0040176548	0.0045979155	0.5379918546
0	0.7334356080	0.2514951668	0.0000000001	0.0000000000	0.0150692251
0	0.1582064145	0.7127696429	0.0092853496	0.0076359981	0.1121025949
1	0.5909967095	0.0719950831	0.0885498693	0.0442520168	0.2042063213
0	0.0984453455	0.0364819117	0.3806018695	0.0856722903	0.3987985829
0	0.0485205544	0.4337420111	0.2140934919	0.2529383459	0.0507055968
0	0.0007436870	0.0000000000	0.9023045940	0.0052258047	0.0917259143
0	0.5415396241	0.0392656072	0.1278983021	0.1324845028	0.1588119638
1	0.4999871157	0.0014261086	0.3849729864	0.0000000037	0.1136137856
0	0.3011055732	0.1391356302	0.1835414423	0.3746378644	0.0015794900
1	0.0178447159	0.1892678708	0.3454075886	0.0002790286	0.4472007960
0	0.8196793807	0.0660946170	0.0679767095	0.0000354629	0.0462138300
0	0.7860359984	0.0017420085	0.0436183585	0.1648450203	0.0037586143
0	0.3650332753	0.1450845560	0.0166931456	0.0000000009	0.4731890222
0	0.0000000000	0.0881205403	0.0178341478	0.7393459481	0.1546993638
0	0.0023326185	0.0023863886	0.0535566548	0.0000006061	0.9417237320
1	0.1157440353	0.0026286664	0.5844221162	0.0000000000	0.2972051820
0	0.3065693024	0.0326384949	0.5110947706	0.1291374673	0.0205599648
1	0.0001085840	0.6456757386	0.3351138470	0.0000000000	0.0191018304
0	0.1268312043	0.3011859743	0.1850058297	0.2592610990	0.1277158927
0	0.3007938910	0.4116540245	0.2316652562	0.0558859300	0.0000008983
0	0.0050781349	0.6455604087	0.1040333473	0.0248962402	0.2204318689
1	0.0071913072	0.3623388699	0.6137014410	0.0000000000	0.0167683818
0	0.3250968419	0.0009259289	0.3158946934	0.0004561916	0.3576263442
0	0.0136558998	0.1427534381	0.7958309915	0.0000021402	0.0477575304
0	0.8560769491	0.0370705850	0.0444943467	0.0297509791	0.0326071400
0	0.2951349597	0.1063336320	0.4330675624	0.1030679572	0.0623958887
0	0.0842858994	0.3546896224	0.1283880166	0.4074478629	0.0251885988
0	0.1340080895	0.1051867477	0.0039566420	0.0015137020	0.7553348187
0	0.0033962053	0.9489927794	0.0096173481	0.0000048931	0.0379887742
0	0.0000000115	0.0865621421	0.0420527341	0.8050551249	0.0663299874
0	0.0000002146	0.1535948286	0.6347910029	0.0067437353	0.2048702186
2	0.0541367115	0.0061086157	0.0083205970	0.0000000000	0.9314340758
0	0.4727378205	0.0447735043	0.2347553441	0.0000139128	0.2477194183
0	0.0003274978	0.1547680939	0.0000553905	0.0331980647	0.8116509531
0	0.0126961018	0.5881855967	0.3506158683	0.0037466771	0.0447557562
0	0.0056103195	0.0094420488	0.5048670380	0.0221517384	0.4579288553
0	0.4412384902	0.0012249980	0.3555302882	0.0000000000	0.2020062237
0	0.0423794842	0.4250432731	0.3454185791	0.0025898933	0.1845687703
0	0.8237364585	0.0544617806	0.0609968114	0.0098991520	0.0509057977
1	0.0352525431	0.0009566027	0.0015618801	0.0338957317	0.9283332424
0	0.0604361839	0.5007217150	0.2348814106	0.2037717752	0.0001889153
1	0.0011755494	0.0141562393	0.2543029660	0.0000078279	0.7303574173
0	0.0513194150	0.0265252453	0.0906581180	0.0057665548	0.8257306669
0	0.0000000012	0.2697539346	0.6571107175	0.0475333741	0.0256019726
1	0.2657109546	0.0000179424	0.3884637507	0.0000000000	0.3458073523
0	0.0207736652	0.0738290962	0.5542384091	0.3511578802	0.0000009492
0	0.0006592141	0.0459750142	0.9204388987	0.0052738258	0.0276530471
1	0.3054497708	0.2130138108	0.0330977883	0.0077823178	0.4406563123
0	0.4751921734	0.0032240855	0.0030529974	0.0233608508	0.4951698930
