0	0.0003642082	0.9994738863	0.0001619055
0	0.9921568448	0.0000982692	0.0077448859
1	0.0067145967	0.6210459630	0.3722394402
0	0.5505646709	0.0016729917	0.4477623374
0	0.3814190799	0.0001843959	0.6183965242
0	0.0004854979	0.0000314389	0.9994830632
0	0.0000384177	0.1834139929	0.8165475894
0	0.1360407080	0.0076315509	0.8563277411
0	0.1558374058	0.8383142883	0.0058483059
0	0.5853785329	0.1820659401	0.2325555270
0	0.1465349551	0.2721701100	0.5812949349
0	0.0227465612	0.6987911469	0.2784622919
0	0.9693344128	0.0306655406	0.0000000467
0	0.9927735786	0.0005154413	0.0067109800
0	0.0000003442	0.9934669218	0.0065327340
0	0.9646667989	0.0294012071	0.0059319940
0	0.0228595718	0.0000655843	0.9770748438
0	0.0002549448	0.8531881928	0.1465568625
1	0.5940195083	0.1907140453	0.2152664464
0	0.0248431543	0.0000776981	0.9750791476
0	0.0000000000	0.0486282938	0.9513717062
1	0.1067275938	0.7479450361	0.1453273701
1	0.7567640848	0.1021701120	0.1410658032
0	0.0253912109	0.8802747331	0.0943340559
1	0.9609977947	0.0333193693	0.0056828360
0	0.3967196483	0.3741723896	0.2291079621
0	0.7237858208	0.0001966521	0.2760175271
1	0.9790504882	0.0000005636	0.0209489482
0	0.0000002339	0.4526445401	0.5473552259
0	0.1416874268	0.7644194713	0.0938931018
0	0.2315482156	0.1186154775	0.6498363069
0	0.4132045576	0.5646085756	0.0221868668
0	0.4344819370	0.2140974920	0.3514205710
0	0.2109195077	0.0000000000	0.7890804923
0	0.1979559774	0.7968606378	0.0051833848
1	0.0000000000	0.0000000000	1.0000000000
1	0.0033645727	0.9914652056	0.0051702217
0	0.3235798951	0.2873542382	0.3890658666
1	0.9462959404	0.0005191266	0.0531849331
1	0.0010922130	0.2108094772	0.7880983099
0	0.1333072020	0.6067617380	0.2599310600
0	0.3543317685	0.0010279169	0.6446403146
0	0.8260002212	0.1609504629	0.0130493159
1	0.5468797529	0.0000168763	0.4531033707
0	0.9253052418	0.0637098620	0.0109848962
0	0.4663652248	0.0242567962	0.5093779791
0	0.9811308403	0.0089170773	0.0099520825
0	0.1030155810	0.1356466912	0.7613377278
0	0.0443802457	0.4135425365	0.5420772178
0	0.0369066890	0.5220066164	0.4410866946
0	0.2824455151	0.0000572851	0.7174971998
0	0.9999999492	0.0000000000	0.0000000508
0	0.3291813455	0.5598486644	0.1109699901
0	0.0006695782	0.7380601040	0.2612703179
0	0.0000000172	0.9999999813	0.0000000015
0	0.0000012122	0.4693569648	0.5306418230
0	0.0001758842	0.0000000029	0.9998241129
1	0.3078923809	0.0002250594	0.6918825597
0	0.8580636989	0.1396806934	0.0022556078
0	0.6796503561	0.2803089816	0.0400406623
0	0.1126337918	0.1168538672	0.7705123410
1	0.0116222239	0.9878330939	0.0005446823
1	0.1547806397	0.8446584334	0.0005609270
0	0.4569735942	0.0000020337	0.5430243722
1	0.0079559759	0.0398347941	0.9522092300
0	0.6801016430	0.0000000376	0.3198983194
1	0.1642624115	0.1103941643	0.7253434242
0	0.0000000000	0.3916992633	0.6083007367
0	0.0000000093	0.9873927887	0.0126072020
0	0.0944948563	0.7829441269	0.1225610168
1	0.0898899265	0.0226803734	0.8874297001
1	0.5016610627	0.1317547572	0.3665841801
0	0.5700375280	0.0001362993	0.4298261726
1	0.1032320452	0.7218988582	0.1748690965
0	0.8233947335	0.1766052665	0.0000000000
1	0.0154925854	0.0007612596	0.9837461550
1	0.1329310043	0.5974782628	0.2695907329
2	0.9621725235	0.0129921255	0.0248353510
0	0.0005230762	0.9989421834	0.0005347404
0	0.1301627996	0.0449866199	0.8248505805
0	0.1221302800	0.0449731745	0.8328965455
0	0.0467707663	0.0000000000	0.9532292337
0	0.0027813589	0.2545951423	0.7426234988
0	0.0084338917	0.9279476686	0.0636184397
0	0.8499515894	0.0078471202	0.1422012904
0	0.0005424448	0.0000000000	0.9994575552
0	0.4786676162	0.0122385025	0.5090938813
0	0.8759756385	0.0002750952	0.1237492664
0	0.1510755593	0.8489219314	0.0000025093
0	0.0002486739	0.0070741783	0.9926771477
0	0.0085836709	0.0000000000	0.9914163291
0	0.0338273529	0.0410650797	0.9251075674
0	0.1702304594	0.4243830525	0.4053864881
0	0.1151905178	0.6073008931	0.2775085890
0	0.2339476366	0.3727592428	0.3932931206
1	0.0215331132	0.9583286877	0.0201381991
1	0.7126245361	0.1068516713	0.1805237926
0	0.0311904906	0.9598110492	0.0089984601
0	0.4889924094	0.1264253221	0.3845822685
0	0.9999999977	0.0000000000	0.0000000023
