1	0.3950668079	0.3339950668	0.2709381253
1	0.1492115506	0.3544187820	0.4963696674
0	0.9845917039	0.0145354353	0.0008728609
0	0.1990998803	0.8009001026	0.0000000171
0	0.0372797125	0.1964835828	0.7662367047
0	0.4367592196	0.1386648178	0.4245759626
0	0.0000000205	0.0000000047	0.9999999748
0	0.0077532442	0.6291005874	0.3631461684
0	0.2881328239	0.7118671761	0.0000000000
0	0.1253383045	0.8522202526	0.0224414430
0	0.9143380900	0.0856619068	0.0000000032
2	0.3268778148	0.0093223843	0.6637998009
0	0.7854356211	0.1089167259	0.1056476529
1	0.0024243787	0.0001912552	0.9973843661
0	0.5377381928	0.2886264271	0.1736353801
0	0.0000000417	0.1182030917	0.8817968666
1	0.4694881859	0.0001058202	0.5304059939
0	0.3168636471	0.1846932699	0.4984430830
0	0.6891772155	0.0024124615	0.3084103230
0	0.8158557345	0.0049930159	0.1791512496
1	0.0009672276	0.3452059935	0.6538267788
0	0.7167935579	0.0007010211	0.2825054210
0	0.4977324569	0.4797009245	0.0225666186
0	0.2030459061	0.7926781987	0.0042758952
0	0.0071975051	0.0120148791	0.9807876157
0	0.2816974891	0.0000856624	0.7182168485
0	0.0022444218	0.1504483474	0.8473072308
0	0.0387094231	0.0000008000	0.9612897768
0	0.0104221559	0.0233750651	0.9662027790
0	0.0000088954	0.0380158006	0.9619753040
0	0.1646121978	0.0933116023	0.7420761999
0	0.1313170219	0.5058625973	0.3628203808
1	0.0114676312	0.2139858608	0.7745465079
0	0.0000000000	0.9999999997	0.0000000003
1	0.6399162336	0.3597596952	0.0003240712
2	0.3172054071	0.0393541944	0.6434403985
0	0.1222154216	0.7733404592	0.1044441192
0	0.2202471937	0.0000009200	0.7797518863
0	0.3773220928	0.4131191032	0.2095588040
0	0.0012787657	0.0000000000	0.9987212343
1	0.3106687744	0.2556084800	0.4337227457
0	0.8683995795	0.0468717858	0.0847286347
0	0.0169827505	0.7746254785	0.2083917710
0	0.1864006234	0.0534425615	0.7601568151
0	0.9323329671	0.0006696022	0.0669974307
0	0.1517161671	0.0072454511	0.8410383818
0	0.0038897726	0.5931338922	0.4029763352
1	0.0000000000	0.8120038779	0.1879961221
0	0.0010035504	0.0242728675	0.9747235821
0	0.2932465334	0.7067534664	0.0000000001
0	0.4280353129	0.5542654430	0.0176992440
0	0.6031678831	0.0308445188	0.3659875981
0	0.9467326527	0.0107064385	0.0425609088
0	0.3764711929	0.3078928987	0.3156359084
0	0.1051883934	0.8948116066	0.0000000000
1	0.0159497707	0.0243764774	0.9596737519
0	0.0034690883	0.0004388567	0.9960920549
0	0.0207384433	0.0010372830	0.9782242736
0	0.0001354455	0.9995881737	0.0002763808
0	0.0000000000	0.0000004851	0.9999995149
0	0.0507943261	0.0401539704	0.9090517035
0	0.9919539462	0.0080459362	0.0000001176
0	0.9928265389	0.0006150533	0.0065584078
0	0.1511915943	0.0772828215	0.7715255842
0	0.3398158930	0.6601841034	0.0000000035
0	0.0991545815	0.0527109509	0.8481344676
0	0.0017112208	0.7249856376	0.2733031416
1	0.5603800130	0.3484032776	0.0912167094
0	0.5929443667	0.0013439073	0.4057117260
0	0.0000000000	0.0006445711	0.9993554289
0	0.8288619850	0.0284705603	0.1426674546
0	0.0022348663	0.1470516134	0.8507135203
1	0.0000001518	0.7368852080	0.2631146403
0	0.0072832359	0.9750266808	0.0176900832
0	0.0116254067	0.2758470079	0.7125275854
0	0.0005890154	0.0264383322	0.9729726525
1	0.1482757737	0.0105909544	0.8411332719
0	0.5325380844	0.0002736577	0.4671882579
0	0.7269752179	0.0951710777	0.1778537044
0	0.0000000000	0.9999854699	0.0000145301
1	0.5502680954	0.3767415771	0.0729903275
0	0.9233072125	0.0101061153	0.0665866722
1	0.3567790861	0.5946732828	0.0485476311
0	0.0585044401	0.2305139913	0.7109815686
0	0.1964662759	0.8032933151	0.0002404090
0	0.0001666056	0.0000000028	0.9998333916
1	0.6662403589	0.0000227993	0.3337368418
0	0.0000000000	0.9999759444	0.0000240556
0	0.7332528310	0.0000000000	0.2667471690
0	0.3718462314	0.6119425885	0.0162111801
0	0.0139627875	0.0000336331	0.9860035794
0	0.9820910978	0.0177834379	0.0001254643
0	0.3672578662	0.0000005674	0.6327415664
0	0.9998158374	0.0000000036	0.0001841591
0	0.0003800007	0.0145866982	0.9850333011
0	0.1369824770	0.0221159913	0.8409015317
1	0.0002437849	0.0053223882	0.9944338269
0	0.1425004610	0.6517513179	0.2057482211
0	0.7723720945	0.1511222778	0.0765056277
0	0.0032192624	0.1750533986	0.8217273390
