0	0.7929831786	0.0059777167	0.2010391047
1	0.8534077878	0.0000000358	0.1465921764
0	0.1051094229	0.8826340596	0.0122565175
0	0.0000000166	0.9426520764	0.0573479070
0	0.6527599375	0.2468660762	0.1003739863
0	0.0115669780	0.7914110780	0.1970219440
0	0.0283598468	0.9698208078	0.0018193454
1	0.9001434386	0.0000000000	0.0998565614
0	0.8288768973	0.0030790530	0.1680440498
0	0.1786761380	0.7296831473	0.0916407147
1	0.0053200211	0.9616049817	0.0330749972
1	0.9393697678	0.0606302322	0.0000000000
1	0.0090976302	0.1874829497	0.8034194201
1	0.7251328391	0.1936246906	0.0812424702
0	0.5412216535	0.0000000000	0.4587783465
1	0.8720984698	0.0532330627	0.0746684675
0	0.0025124922	0.0000031108	0.9974843969
0	0.0150160717	0.0000043413	0.9849795869
1	0.4747345985	0.0000805749	0.5251848266
0	0.9997210382	0.0000001184	0.0002788434
0	0.1913800142	0.2212318043	0.5873881814
1	0.9906845379	0.0093154621	0.0000000000
0	0.1606922657	0.5633995863	0.2759081480
0	0.1153054357	0.8121678785	0.0725266858
1	0.7651602894	0.0586864680	0.1761532426
0	0.3522567165	0.0000002511	0.6477430324
0	0.0895447550	0.9104537949	0.0000014501
0	0.0028300082	0.0114855140	0.9856844779
0	0.5602880325	0.0000005713	0.4397113962
0	0.6105017119	0.3421403301	0.0473579580
0	0.3177362996	0.0215011360	0.6607625643
1	0.5260904684	0.0014659164	0.4724436152
0	0.9999919088	0.0000080562	0.0000000350
1	0.0000000026	0.1439063264	0.8560936710
0	0.0101491496	0.4152601386	0.5745907118
0	0.9941699714	0.0031012611	0.0027287675
1	0.0078770410	0.0046284481	0.9874945109
0	0.5784058906	0.4215940573	0.0000000521
0	0.0203530694	0.0886728798	0.8909740507
0	0.1756501907	0.0000000000	0.8243498093
0	0.8065658317	0.0000000000	0.1934341683
0	0.0000000000	0.0062040508	0.9937959492
0	0.1311205388	0.8411944068	0.0276850544
0	0.0000000033	0.9147797968	0.0852201999
1	0.9549221131	0.0013087770	0.0437691099
0	0.4665611315	0.2621608182	0.2712780503
0	0.5196675726	0.4205213642	0.0598110632
0	0.0022311854	0.0000050415	0.9977637731
0	0.4293374661	0.0235749417	0.5470875922
0	0.1024495443	0.8973044156	0.0002460401
0	0.2270584857	0.0637850548	0.7091564595
0	0.1659095055	0.5305409846	0.3035495099
1	0.9722600603	0.0226504994	0.0050894403
0	0.2161260727	0.7090201892	0.0748537382
0	0.0008976657	0.8362601044	0.1628422299
1	0.9998280883	0.0000018087	0.0001701031
0	0.9784475444	0.0004113831	0.0211410725
0	0.0004913912	0.0028088835	0.9966997254
0	0.5672808280	0.4318426716	0.0008765004
0	0.0000055331	0.0001357470	0.9998587199
0	0.0000000205	0.9999333549	0.0000666246
0	0.8977139125	0.0002661636	0.1020199239
1	0.0000917827	0.9998493824	0.0000588348
0	0.9475756752	0.0524243248	0.0000000000
0	0.0199262887	0.0000841706	0.9799895407
1	0.9842180651	0.0000000000	0.0157819349
0	0.0059063827	0.9934861125	0.0006075048
0	0.7544136244	0.1068531440	0.1387332316
2	0.0006085131	0.9993166319	0.0000748549
0	0.0000000000	0.5024509276	0.4975490724
0	0.0006793675	0.0000032401	0.9993173924
0	0.9999726291	0.0000098830	0.0000174879
1	0.1397917538	0.0000002831	0.8602079631
0	0.8490998592	0.0635449956	0.0873551452
1	0.5055489602	0.4944510394	0.0000000004
0	0.0000000000	0.0520957735	0.9479042265
0	0.0049845013	0.0172179910	0.9777975078
0	0.7914952120	0.0021755183	0.2063292697
0	0.0731510555	0.8935156713	0.0333332732
0	0.2833396899	0.0331445430	0.6835157671
1	0.0264734071	0.0922124824	0.8813141105
0	0.0547141803	0.0136609452	0.9316248745
0	0.6214812795	0.1349137220	0.2436049985
0	0.2401978247	0.0000022042	0.7597999711
0	0.0261067296	0.0450173920	0.9288758784
0	0.2266210242	0.1367241741	0.6366548017
0	0.3258567925	0.0068397144	0.6673034931
1	0.8417376190	0.0002144548	0.1580479262
0	0.9503235229	0.0199390247	0.0297374524
0	0.0003649231	0.9945089190	0.0051261579
1	0.0000772335	0.0136401893	0.9862825772
0	0.1644125133	0.0104576180	0.8251298687
1	0.4045804611	0.4791136576	0.1163058814
0	0.0000012493	0.0003236054	0.9996751453
0	0.8038313257	0.0139083287	0.1822603456
0	0.1862830334	0.7860972250	0.0276197417
0	0.0391138832	0.0000436761	0.9608424407
0	0.6477539692	0.0000000004	0.3522460304
0	0.5870481803	0.0011876153	0.4117642045
0	0.8821795866	0.0000261590	0.1177942544
