1	0.8924634539	0.0605137914	0.0470227547
1	0.2387378213	0.7612621487	0.0000000300
0	0.0000000004	0.6845608264	0.3154391732
0	0.3958081688	0.1073976248	0.4967942064
0	0.8517098097	0.0000022567	0.1482879337
0	0.6710278902	0.1656402971	0.1633318126
0	0.8411952491	0.1585101075	0.0002946434
1	0.9991953075	0.0000020836	0.0008026088
0	0.2812145823	0.5812197107	0.1375657070
0	0.2602497893	0.2172642560	0.5224859547
0	0.8317708083	0.0078393116	0.1603898802
0	0.9866369577	0.0000030697	0.0133599726
0	0.7591291147	0.0002328680	0.2406380173
0	0.4018256754	0.1114513477	0.4867229769
1	0.0000000000	0.9599350056	0.0400649944
0	0.9227405429	0.0000059462	0.0772535110
0	0.3317891553	0.0145975093	0.6536133354
0	0.0291963333	0.1371290182	0.8336746485
0	0.8952012145	0.0000006862	0.1047980993
0	0.2003435567	0.5811234212	0.2185330220
0	0.9856501951	0.0000093216	0.0143404833
0	0.0810100648	0.1797358953	0.7392540399
2	0.5936013542	0.1297691322	0.2766295136
0	0.0000037849	0.9999566243	0.0000395908
0	0.0128051263	0.9814309701	0.0057639036
0	0.4413975630	0.0000000000	0.5586024370
0	0.3767344887	0.3457192420	0.2775462693
0	0.0075259454	0.7216253174	0.2708487372
1	0.0000420911	0.9999283501	0.0000295589
1	0.0000001537	0.0016185486	0.9983812976
0	0.9043577946	0.0656040722	0.0300381332
1	0.1177714241	0.1010096857	0.7812188903
0	0.9520437644	0.0000005460	0.0479556896
0	0.0432137788	0.0374058104	0.9193804109
1	0.1083618382	0.8335272733	0.0581108885
0	0.6374186183	0.1826877434	0.1798936383
0	0.5991341600	0.2604033590	0.1404624810
0	0.8233027403	0.0427730349	0.1339242248
0	0.5119008636	0.3928173006	0.0952818358
0	0.0041859187	0.0000000000	0.9958140813
0	0.0016950864	0.1410148052	0.8572901083
0	0.8123722355	0.0209870870	0.1666406775
0	0.0139962267	0.9828267933	0.0031769800
0	0.0953733303	0.0000000000	0.9046266697
0	0.6134763681	0.1086366867	0.2778869451
0	0.8833927120	0.1123750932	0.0042321948
0	0.7387568628	0.1064946918	0.1547484455
1	0.0595527987	0.9198962544	0.0205509468
0	0.0552357067	0.9391994099	0.0055648834
0	0.0056248091	0.9943751396	0.0000000513
0	0.0000000000	0.6745235999	0.3254764001
0	0.2320046959	0.0000000000	0.7679953041
0	0.9130824236	0.0011850212	0.0857325552
0	0.9761498246	0.0238449367	0.0000052387
1	0.0000000000	0.0177285334	0.9822714666
1	0.0062810261	0.0027104511	0.9910085228
1	0.3135923270	0.3012734295	0.3851342435
0	0.5661258053	0.0318289708	0.4020452239
0	0.3042918069	0.6712885019	0.0244196912
2	0.0017465771	0.7138041212	0.2844493017
0	0.4905255149	0.0000152108	0.5094592742
0	0.4714385292	0.5285331338	0.0000283370
1	0.5807706197	0.0032803886	0.4159489918
1	0.2686494967	0.4804558838	0.2508946195
0	0.4770624037	0.0033290770	0.5196085193
0	0.4323054689	0.5676013502	0.0000931809
0	0.1051307178	0.3353363805	0.5595329018
1	0.0000000880	0.5304276732	0.4695722388
0	0.0029790362	0.0000814226	0.9969395411
0	0.9999914681	0.0000000216	0.0000085103
0	0.0045208161	0.0405032279	0.9549759560
0	0.0161019746	0.0005944568	0.9833035686
0	0.6663253922	0.3052537676	0.0284208401
0	0.9892657875	0.0107342125	0.0000000000
0	0.0302508057	0.8432107695	0.1265384249
0	0.1839496475	0.6128884541	0.2031618984
0	0.1415960966	0.7960096593	0.0623942441
2	0.1373549486	0.5470067721	0.3156382793
0	0.6619266602	0.0148692201	0.3232041197
0	0.5921678157	0.0000358823	0.4077963021
0	0.1340408889	0.6210678351	0.2448912760
0	0.5071227181	0.4234842103	0.0693930716
0	0.5402168650	0.0007458634	0.4590372715
0	0.0000223434	0.0101304728	0.9898471838
0	0.0000448217	0.8923031090	0.1076520694
0	0.0299896297	0.2519786708	0.7180316995
1	0.0952401371	0.0017194467	0.9030404161
0	0.7478445473	0.0081121205	0.2440433323
0	0.7613402812	0.0001104021	0.2385493166
0	0.0314648909	0.1783777361	0.7901573730
0	0.6859371596	0.0743445092	0.2397183312
0	0.0000000000	0.6686976148	0.3313023852
0	0.0448175847	0.0933254790	0.8618569363
0	0.0588997830	0.9158103283	0.0252898886
0	0.9313340973	0.0684787128	0.0001871900
0	0.0001853189	0.0774236963	0.9223909848
0	0.0000008420	0.0000000000	0.9999991579
0	0.0000004941	0.7566277296	0.2433717763
1	0.0219059623	0.4179928829	0.5601011547
0	0.9934756030	0.0054732030	0.0010511940
