1	0.7261265752	0.1266241055	0.1472493193
0	0.7244326676	0.0000000818	0.2755672507
0	0.0000168914	0.0000000014	0.9999831073
0	0.0002384006	0.0111485225	0.9886130769
0	0.8135616732	0.1864381907	0.0000001361
0	0.0000000000	0.1767164195	0.8232835805
0	0.0022813381	0.0000000000	0.9977186619
1	0.1987666253	0.7748788978	0.0263544769
0	0.3639590361	0.6359937669	0.0000471970
0	0.5674435490	0.1655292050	0.2670272460
0	0.5506943468	0.0143616987	0.4349439546
2	0.0000003163	0.0000000000	0.9999996837
1	0.2752602470	0.7005608013	0.0241789518
1	0.9770611405	0.0000036768	0.0229351827
1	0.0000029430	0.2911633264	0.7088337306
0	0.1465926663	0.1287972999	0.7246100339
0	0.3205044031	0.2694412027	0.4100543942
1	0.9404737892	0.0009738463	0.0585523645
0	0.2848228871	0.0048663385	0.7103107744
0	0.2895461655	0.0219703861	0.6884834484
0	0.6095360825	0.1342339055	0.2562300120
2	0.7223436683	0.0063588522	0.2712974795
2	0.6858832870	0.2871250751	0.0269916380
0	0.8754181515	0.1155117097	0.0090701388
0	0.4133327766	0.0818090862	0.5048581372
1	0.6004105302	0.0000168967	0.3995725731
0	0.0026204708	0.6686938523	0.3286856768
0	0.9919803682	0.0080196318	0.0000000001
0	0.0058733592	0.0000000009	0.9941266399
0	0.9822857083	0.0000000000	0.0177142917
0	0.5091693073	0.2676072894	0.2232234033
0	0.7199215920	0.0000000000	0.2800784080
0	0.0322764393	0.9671796170	0.0005439437
1	0.8553803572	0.0327053620	0.1119142808
0	0.7895987255	0.2103417045	0.0000595700
1	0.9973182910	0.0023906063	0.0002911027
0	0.0005168190	0.9941690259	0.0053141551
0	0.0000000000	0.0000000000	1.0000000000
0	0.0001195996	0.3045403990	0.6953400014
0	0.0999385829	0.8309128720	0.0691485450
0	0.6597412852	0.1852089306	0.1550497842
0	0.6847243606	0.0189153921	0.2963602473
0	0.6392753873	0.0000000000	0.3607246127
0	0.0002081138	0.8921367521	0.1076551341
0	0.3458943850	0.0001806930	0.6539249220
0	0.2378593680	0.7408012083	0.0213394238
0	0.2251653868	0.2998615383	0.4749730749
0	0.6884674989	0.0557959341	0.2557365670
0	0.1655545461	0.7495777516	0.0848677023
1	0.0028002760	0.5159879747	0.4812117492
0	0.9659479143	0.0000004020	0.0340516837
0	0.1421358897	0.0000000000	0.8578641103
0	0.0000000513	0.5830014840	0.4169984647
0	0.0284540710	0.0003369936	0.9712089353
0	0.9645081194	0.0353650251	0.0001268555
0	0.9032961660	0.0967038340	0.0000000000
1	0.0744925559	0.4659124068	0.4595950373
0	0.0352063213	0.0245411915	0.9402524871
0	0.9999993961	0.0000000000	0.0000006039
0	0.9192250166	0.0201733288	0.0606016547
0	0.3045891351	0.6952318243	0.0001790406
0	0.1790936180	0.0000000003	0.8209063817
0	0.8924592876	0.1028156904	0.0047250220
1	0.7729243842	0.2270756158	0.0000000000
0	0.8785134153	0.1159013719	0.0055852129
0	0.1359905048	0.0686108927	0.7953986025
0	0.6458795498	0.3541204502	0.0000000000
0	0.4122468841	0.5877531159	0.0000000000
0	0.0005550674	0.0024467924	0.9969981402
0	0.2113910464	0.4148898196	0.3737191340
0	0.2986838620	0.0003573053	0.7009588327
0	0.2814648099	0.0073157257	0.7112194644
0	0.9950612117	0.0049385700	0.0000002183
0	0.9711153397	0.0001363749	0.0287482854
0	0.5376951774	0.4419887807	0.0203160419
0	0.0082739649	0.9029580439	0.0887679912
0	0.0000000000	0.4196301845	0.5803698154
0	0.3370602711	0.0466542449	0.6162854840
0	0.0867695104	0.9131557231	0.0000747665
0	0.0006120759	0.0004686905	0.9989192336
0	0.7213063356	0.0000604940	0.2786331704
0	0.5822677276	0.2087361984	0.2089960740
0	0.7592196799	0.1621425620	0.0786377581
0	0.0417454627	0.0000000002	0.9582545372
1	0.0176141122	0.5075050141	0.4748808737
0	0.8249435613	0.1750341581	0.0000222806
1	0.9166953229	0.0482394661	0.0350652110
0	0.8988703385	0.0551937882	0.0459358732
0	0.0170920223	0.0000000000	0.9829079777
0	0.9950925974	0.0021445634	0.0027628392
0	0.9091470513	0.0028252980	0.0880276507
0	0.0607441830	0.9201656887	0.0190901283
1	0.5332733032	0.0000000000	0.4667266968
0	0.0219346756	0.7459129678	0.2321523566
0	0.2626284494	0.0012704692	0.7361010813
1	0.1607599935	0.3040851461	0.5351548604
1	0.0004081931	0.8671762069	0.1324156000
0	0.0000000000	0.1182960037	0.8817039963
0	0.0170596557	0.0611736682	0.9217666761
0	0.6472356816	0.1500874576	0.2026768608
