0	0.6499350629	0.3495007027	0.0005642344
0	0.9724707238	0.0003241556	0.0272051206
0	0.0000000000	0.0596632385	0.9403367615
0	0.0219482328	0.0000000000	0.9780517672
0	0.3283144924	0.0000839002	0.6716016074
0	0.0061589459	0.9625937868	0.0312472674
0	0.0562197452	0.0012336783	0.9425465764
0	0.0297280251	0.0550563633	0.9152156116
0	0.0460738674	0.9539237118	0.0000024208
0	0.0621329182	0.0000000206	0.9378670611
0	0.0099188169	0.0000000013	0.9900811818
0	0.2925237256	0.6346392623	0.0728370121
1	0.0811601661	0.9159750789	0.0028647551
1	0.9774580037	0.0096571802	0.0128848161
0	0.0125661146	0.6210049263	0.3664289591
0	0.0004216297	0.1342076230	0.8653707473
0	0.9020252169	0.0354727026	0.0625020806
0	0.0952213822	0.4556432131	0.4491354046
0	0.2211025483	0.0000088311	0.7788886206
0	0.0750346575	0.8465353793	0.0784299632
0	0.4210184363	0.5789815637	0.0000000000
0	0.6601785785	0.0681878457	0.2716335758
0	0.4691245584	0.5308754416	0.0000000000
0	0.0256208201	0.9743791799	0.0000000000
0	0.0000484471	0.2625000599	0.7374514929
1	0.1360675710	0.7547851963	0.1091472327
0	0.0007198080	0.0000000266	0.9992801655
0	0.7275604912	0.0000401269	0.2723993819
0	0.0583986857	0.1904652579	0.7511360565
0	0.9963703508	0.0001980277	0.0034316214
0	0.1749034275	0.0000000000	0.8250965725
2	0.0000000013	0.0026618536	0.9973381451
0	0.6352699981	0.3605219417	0.0042080602
0	0.9999521438	0.0000478562	0.0000000000
0	0.9320718416	0.0000389488	0.0678892095
1	0.4382346981	0.0793834214	0.4823818805
1	0.0077115593	0.0115001733	0.9807882674
0	0.5309907742	0.1463088816	0.3227003443
0	0.0670309061	0.9329626952	0.0000063987
0	0.3201394921	0.3480629388	0.3317975691
0	0.0000000001	0.4422798247	0.5577201752
0	0.7212276206	0.0193489536	0.2594234258
0	0.4980666365	0.4599605879	0.0419727756
1	0.8564800618	0.1435063517	0.0000135865
0	0.0000000001	0.5911309019	0.4088690979
1	0.0000000000	0.0000000000	1.0000000000
0	0.5172371455	0.0000129728	0.4827498817
0	0.0003920163	0.0003051651	0.9993028186
0	0.9497576948	0.0494373314	0.0008049737
0	0.0043493485	0.1135518593	0.8820987922
0	0.2145146974	0.0031129885	0.7823723141
0	0.1426477854	0.1456087965	0.7117434181
0	0.8909144455	0.0000003392	0.1090852153
0	0.6804126894	0.1568715223	0.1627157882
0	0.9532546280	0.0344743564	0.0122710155
0	0.9522745041	0.0131037317	0.0346217642
1	0.2435159474	0.0000000144	0.7564840382
1	0.0414465114	0.0000000000	0.9585534886
1	0.0534644751	0.6407929548	0.3057425701
0	0.7497075942	0.2356281858	0.0146642200
0	0.2879908176	0.4747981288	0.2372110536
0	0.5660543149	0.0000000000	0.4339456851
0	0.1642764274	0.0384001768	0.7973233958
1	0.1684426337	0.8315573557	0.0000000106
0	0.6842301992	0.2636075046	0.0521622962
0	0.2453027143	0.2167042539	0.5379930318
1	0.8257436992	0.0358814104	0.1383748904
0	0.5017678440	0.1114635846	0.3867685715
0	0.0533275470	0.6809192793	0.2657531736
0	0.8200117024	0.0219754503	0.1580128474
1	0.3156815318	0.0000000003	0.6843184678
0	0.9999065591	0.0000934374	0.0000000035
0	0.3159941264	0.2138495179	0.4701563557
1	0.0226438405	0.3997148251	0.5776413343
1	0.7351440830	0.0146196133	0.2502363036
0	0.0004231944	0.9388716176	0.0607051881
0	0.0000007162	0.1291976141	0.8708016697
1	0.0021819203	0.0403098882	0.9575081915
0	0.2263705418	0.3695182816	0.4041111766
0	0.6807675679	0.1524617936	0.1667706385
1	0.9811366376	0.0178673572	0.0009960052
0	0.0000025328	0.9999518651	0.0000456022
0	0.2660548231	0.0009941904	0.7329509865
1	0.2874304327	0.0240567090	0.6885128583
0	0.0033914472	0.7229831940	0.2736253588
0	0.0336382014	0.9620558605	0.0043059381
1	0.0000000572	0.7010851559	0.2989147869
0	0.5778583725	0.0001935896	0.4219480379
0	0.0833620382	0.8744935190	0.0421444427
0	0.0017840107	0.0061908018	0.9920251875
0	0.6655414740	0.0039062864	0.3305522396
0	0.0000026380	0.0018865580	0.9981108040
0	0.0000000000	0.0279852750	0.9720147250
2	0.4066410430	0.0951435712	0.4982153859
0	0.6503929830	0.2231250360	0.1264819810
1	0.3820422546	0.5784662812	0.0394914642
0	0.9399239499	0.0138085060	0.0462675440
0	0.2970286088	0.0000001671	0.7029712242
0	0.0153060159	0.5285221717	0.4561718124
0	0.9937781321	0.0000039460	0.0062179219
