1	0.0347086574	0.9650829196	0.0002084231
1	0.9524778862	0.0475018205	0.0000202934
0	0.3486401816	0.1441414745	0.5072183439
0	0.6043382268	0.3949178141	0.0007439591
0	0.0133214773	0.6282556465	0.3584228762
0	0.0123695726	0.0086692035	0.9789612239
1	0.2187239680	0.6951952899	0.0860807421
0	0.5088310955	0.4772595592	0.0139093454
1	0.9829154617	0.0106555782	0.0064289601
0	0.0005221589	0.0231097797	0.9763680614
0	0.1252186351	0.0061305872	0.8686507777
0	0.4031760203	0.2651947483	0.3316292314
0	0.0596976346	0.9398605580	0.0004418074
0	0.9997141112	0.0002858888	0.0000000000
0	0.0000000003	0.9999999970	0.0000000026
0	0.4589231075	0.0008079997	0.5402688928
1	0.5135660407	0.0000000032	0.4864339561
1	0.1266543817	0.0042157648	0.8691298535
0	0.1039524465	0.0046019580	0.8914455955
0	0.1883628782	0.4573863465	0.3542507753
0	0.2308946751	0.1136434322	0.6554618927
0	0.0000000243	0.0124160665	0.9875839093
0	0.8779910575	0.1196164781	0.0023924644
0	0.9887113434	0.0025158289	0.0087728276
0	0.0550891554	0.0257730521	0.9191377925
0	0.0008405689	0.1094647639	0.8896946672
0	0.4474428282	0.5439296066	0.0086275652
0	0.0000448515	0.0022810412	0.9976741073
0	0.9999229350	0.0000008207	0.0000762442
0	0.0012967939	0.8244393592	0.1742638469
0	0.6808121336	0.0296401078	0.2895477586
0	0.2230918521	0.1023786533	0.6745294946
0	0.9612932124	0.0349695805	0.0037372071
0	0.7550759178	0.2303377190	0.0145863631
0	0.9999785537	0.0000213983	0.0000000479
0	0.0000035850	0.9788557699	0.0211406450
1	0.9796606858	0.0000001997	0.0203391145
1	0.0026501455	0.0183919434	0.9789579111
0	0.8113994107	0.1886005893	0.0000000000
0	0.0004170413	0.9983152953	0.0012676634
0	0.9936832342	0.0037019728	0.0026147929
0	0.0302481174	0.1676974266	0.8020544560
0	0.7546695949	0.0000000000	0.2453304051
0	0.0233314425	0.9758805493	0.0007880082
0	0.0139407899	0.0000131774	0.9860460328
0	0.6123926748	0.3875411079	0.0000662173
0	0.0296834652	0.9195227782	0.0507937566
1	0.2118158377	0.7881841623	0.0000000000
1	0.0000000000	0.9342031180	0.0657968820
0	0.3203101899	0.0000006437	0.6796891664
0	0.5111318102	0.1134281739	0.3754400159
1	0.6865097910	0.0008713653	0.3126188436
0	0.9907705171	0.0091938023	0.0000356806
1	0.2582384409	0.0015813275	0.7401802316
0	0.5594791013	0.0000000000	0.4405208987
0	0.8823221746	0.0000000685	0.1176777568
0	0.0526113398	0.9473409073	0.0000477529
0	0.9239653972	0.0760279202	0.0000066826
1	0.6730779017	0.0039433897	0.3229787086
0	0.9588294557	0.0411705345	0.0000000098
0	0.0074327735	0.0036145623	0.9889526642
1	0.2105618874	0.2026210476	0.5868170650
0	0.0171791990	0.9783930990	0.0044277020
0	0.0888908567	0.0000000000	0.9111091433
1	0.0021504331	0.9978453611	0.0000042059
0	0.0621674948	0.9180529949	0.0197795103
0	0.9079923602	0.0790514644	0.0129561754
0	0.6582548555	0.3417451445	0.0000000000
0	0.4288441366	0.0000021479	0.5711537155
0	0.0025343160	0.0235759608	0.9738897232
0	0.3728763367	0.0000000000	0.6271236633
0	0.0000000618	0.8492149234	0.1507850148
0	0.0910420017	0.9088664443	0.0000915539
0	0.0097675652	0.5709851927	0.4192472421
0	0.0663086838	0.9336762781	0.0000150382
0	0.3586695063	0.0165301071	0.6248003866
2	0.8617584209	0.0003644825	0.1378770967
0	0.1220369877	0.8778219580	0.0001410543
0	0.0000106983	0.9997906605	0.0001986413
0	0.8515163990	0.0000226104	0.1484609906
0	0.5793772395	0.4206227605	0.0000000000
0	0.0004721708	0.0077504495	0.9917773797
0	0.2311895361	0.6977901924	0.0710202715
1	0.6855240321	0.0004987973	0.3139771706
0	0.6947374553	0.3052621010	0.0000004437
0	0.1245803188	0.4579140981	0.4175055832
0	0.0371385544	0.0000287123	0.9628327333
1	0.0000019940	0.2429320055	0.7570660005
0	0.9133997729	0.0866002271	0.0000000000
0	0.0572963333	0.2446216441	0.6980820227
0	0.0000015441	0.9992003055	0.0007981503
0	0.2937708697	0.0000000000	0.7062291303
1	0.1288424014	0.0574113208	0.8137462778
0	0.8936039357	0.0077452263	0.0986508380
0	0.8759559870	0.0027643257	0.1212796873
1	0.4811624346	0.0006170750	0.5182204904
0	0.0119043340	0.1471747381	0.8409209280
0	0.2047835100	0.7922617979	0.0029546920
0	0.0223325350	0.5703002989	0.4073671660
1	0.9989799125	0.0010200875	0.0000000000
