0	0.0048101111	0.0657736214	0.9294162675
0	0.0000034421	0.0670267433	0.9329698146
0	0.6798939638	0.0000075726	0.3200984636
0	0.9995388898	0.0000008730	0.0004602371
0	0.2830717199	0.0210545979	0.6958736821
0	0.0000000000	0.2376670473	0.7623329527
0	0.6666497776	0.3318555338	0.0014946885
0	0.6722680456	0.0104741358	0.3172578185
0	0.8754405526	0.1230077371	0.0015517103
0	0.7749205376	0.0211157041	0.2039637583
0	0.5014418347	0.4866033373	0.0119548280
0	0.1995391434	0.8004606895	0.0000001671
0	0.0000000121	0.5089900543	0.4910099336
0	0.8915101495	0.1052258449	0.0032640056
0	0.0000414712	0.9862056319	0.0137528969
0	0.1158653048	0.8832692684	0.0008654268
0	0.0000005017	0.2413148563	0.7586846420
0	0.9578099486	0.0049042079	0.0372858435
0	0.0341957303	0.0000000011	0.9658042686
0	0.1845505983	0.8119136156	0.0035357861
1	0.1937925078	0.8039579666	0.0022495256
1	0.9998580128	0.0000295124	0.0001124748
0	0.9954717525	0.0000000000	0.0045282475
0	0.0367623747	0.0000001161	0.9632375093
0	0.2008092762	0.5528411495	0.2463495744
0	0.0312732897	0.5256956508	0.4430310595
1	0.0474092826	0.0900526031	0.8625381143
0	0.4274638910	0.0743738778	0.4981622312
0	0.4288394646	0.0000000001	0.5711605353
0	0.9792369516	0.0000000192	0.0207630292
0	0.0001576553	0.9022765847	0.0975657600
1	0.9110330637	0.0889669361	0.0000000003
1	0.7182832693	0.0000000000	0.2817167307
0	0.9798193349	0.0201768379	0.0000038272
1	0.0207724250	0.0000000000	0.9792275750
0	0.7618671646	0.2381244961	0.0000083393
0	0.4655768920	0.0005739390	0.5338491690
1	0.4360616379	0.0000104891	0.5639278730
1	0.9939752272	0.0060247195	0.0000000534
1	0.2969333934	0.0002473843	0.7028192224
0	0.9179207988	0.0759358099	0.0061433912
0	0.0273692700	0.3231085429	0.6495221870
0	0.2407520695	0.0024831777	0.7567647529
0	0.8852320955	0.0002855021	0.1144824024
0	0.8722926610	0.0250478876	0.1026594514
0	0.0157394254	0.9842132236	0.0000473510
0	0.0283736625	0.9716263211	0.0000000164
0	0.1756400852	0.8191892899	0.0051706249
1	0.8133655342	0.0979286605	0.0887058053
2	0.5466732508	0.1053156599	0.3480110893
0	0.7975123069	0.0513429833	0.1511447098
0	0.0018780303	0.0087546614	0.9893673082
0	0.9988220871	0.0011779128	0.0000000001
0	0.6583261284	0.3185938218	0.0230800498
0	0.0003408282	0.1043871126	0.8952720591
1	0.3796586948	0.4430656953	0.1772756099
1	0.5878451815	0.3560142866	0.0561405320
1	0.8410186641	0.1262289188	0.0327524171
0	0.7378104697	0.0035838767	0.2586056535
1	0.0819934823	0.6038727835	0.3141337342
0	0.9982596622	0.0012669141	0.0004734237
0	0.5233254555	0.0807001585	0.3959743861
0	0.9991735238	0.0003445697	0.0004819065
0	0.1694753063	0.4737528686	0.3567718251
0	0.2478284966	0.0225971397	0.7295743636
1	0.0162094971	0.0000147274	0.9837757755
0	0.0469094036	0.2000036666	0.7530869297
0	0.7143579476	0.2382970895	0.0473449628
0	0.9693388807	0.0000000000	0.0306611193
0	0.9983289950	0.0010321159	0.0006388891
1	0.0072258975	0.0076783227	0.9850957798
1	0.1711497248	0.5909061653	0.2379441100
0	0.1682687873	0.0000000002	0.8317312126
0	0.0002109046	0.9980137150	0.0017753804
0	0.0000002094	0.0497865865	0.9502132041
0	0.2862513074	0.1031715987	0.6105770939
0	0.0562807144	0.0002990406	0.9434202450
0	0.7783635156	0.0001034943	0.2215329902
0	0.9758393636	0.0092710141	0.0148896223
0	0.0000000000	0.0765430735	0.9234569265
0	0.0833645825	0.1923451222	0.7242902953
1	0.7568574046	0.2163403362	0.0268022592
0	0.9737819462	0.0178416446	0.0083764092
0	0.0187510875	0.1290090180	0.8522398946
0	0.0043453476	0.0028346203	0.9928200322
1	0.0066590134	0.9722303726	0.0211106139
0	0.0005538868	0.9972306675	0.0022154458
0	0.6861207769	0.1737756549	0.1401035682
0	0.0896528248	0.0000057426	0.9103414326
0	0.3938175195	0.0000000000	0.6061824805
0	0.9991025763	0.0004240499	0.0004733738
0	0.8750850288	0.1144211151	0.0104938561
0	0.8918804327	0.0450441024	0.0630754649
0	0.4501643234	0.5100301425	0.0398055341
0	0.5338259553	0.1683881289	0.2977859159
0	0.0026645599	0.0000000494	0.9973353908
0	0.3202415305	0.2020964009	0.4776620686
1	0.0000002171	0.0991044879	0.9008952950
0	0.9837006201	0.0074864497	0.0088129301
0	0.0705318250	0.0000248867	0.9294432884
