1	0.1347219235	0.0116343804	0.8536436961
0	0.6445059441	0.3554851032	0.0000089527
0	0.0722807287	0.1969569863	0.7307622850
0	0.3977513430	0.0000000000	0.6022486570
0	0.2169130631	0.3631249437	0.4199619931
0	0.0211840946	0.2682428476	0.7105730579
0	0.7831067729	0.0000000000	0.2168932270
0	0.0014018029	0.0142408275	0.9843573696
0	0.4316331849	0.3211353443	0.2472314708
1	0.7644590540	0.0759868337	0.1595541122
1	0.0845223847	0.0000023587	0.9154752566
0	0.9233182908	0.0000000000	0.0766817092
0	0.4786530883	0.3112114761	0.2101354356
0	0.0094541426	0.0817633020	0.9087825554
0	0.1012424547	0.7435100988	0.1552474466
0	0.3868287530	0.6126804807	0.0004907663
0	0.9821041304	0.0178946124	0.0000012572
0	0.0053455445	0.0235546529	0.9710998025
0	0.0000990633	0.5313058922	0.4685950444
0	0.9936599737	0.0054318112	0.0009082151
0	0.0043107584	0.0576728357	0.9380164059
0	0.1054145356	0.1766950074	0.7178904570
1	0.0000312263	0.2142744309	0.7856943429
0	0.1369190112	0.7417423772	0.1213386116
0	0.0000000000	0.9896285898	0.0103714102
0	0.2717284324	0.0066921292	0.7215794385
0	0.0000200243	0.9846202989	0.0153596768
0	0.6506071373	0.2662273257	0.0831655371
0	0.5756964149	0.0004608031	0.4238427820
1	0.9240537408	0.0759462590	0.0000000001
0	0.9430006709	0.0000000000	0.0569993291
0	0.0811955218	0.1027865946	0.8160178836
0	0.9889511293	0.0013758180	0.0096730527
0	0.4370156888	0.5623724267	0.0006118845
0	0.9999999901	0.0000000099	0.0000000000
1	0.7415042552	0.2583242666	0.0001714782
2	0.0380255781	0.9619744219	0.0000000000
0	0.0040693800	0.8848805278	0.1110500922
0	0.0162128145	0.9837871855	0.0000000000
0	0.0000000000	0.0000026974	0.9999973026
0	0.5432737562	0.1169195909	0.3398066529
0	0.1092332951	0.0024547326	0.8883119723
0	0.9956110582	0.0000000000	0.0043889418
0	0.4197975002	0.0592446603	0.5209578396
0	0.0660627337	0.9339353793	0.0000018870
0	0.1568247065	0.0223003621	0.8208749314
1	0.1090192800	0.8909807186	0.0000000014
0	0.0061783691	0.1223691438	0.8714524871
0	0.8924485094	0.1071051600	0.0004463306
0	0.0201337912	0.9790984285	0.0007677803
0	0.0000007959	0.9986859518	0.0013132523
0	0.7267347511	0.0011634620	0.2721017869
0	0.3758612101	0.1694886283	0.4546501616
1	0.6167850272	0.3826306411	0.0005843317
0	0.5892643708	0.0097936836	0.4009419456
0	0.0001083574	0.8784586217	0.1214330209
0	0.0113863953	0.0792865042	0.9093271005
0	0.6389490901	0.0677057127	0.2933451972
0	0.9607246075	0.0392195370	0.0000558555
0	0.7195646570	0.2689801839	0.0114551591
0	0.0934371715	0.0625796712	0.8439831573
0	0.0152534935	0.0083786209	0.9763678856
0	0.4915858318	0.5004135469	0.0080006213
0	0.4125870153	0.0007378361	0.5866751486
0	0.0000000000	0.9883487813	0.0116512187
1	0.9984616607	0.0001438341	0.0013945052
0	0.9955797137	0.0000805953	0.0043396910
1	0.9456171630	0.0543359949	0.0000468421
0	0.8707687697	0.0013072753	0.1279239549
0	0.9395395678	0.0516064312	0.0088540010
0	0.9504253908	0.0007634134	0.0488111958
0	0.9948927591	0.0004575310	0.0046497098
1	0.9935531778	0.0012088054	0.0052380168
0	0.0904902050	0.0910780754	0.8184317197
0	0.2161681433	0.6101565185	0.1736753382
0	0.7623655697	0.0007592537	0.2368751766
0	0.0153359326	0.9846640674	0.0000000000
0	0.1983333177	0.7339236278	0.0677430546
0	0.9596178281	0.0000081074	0.0403740645
0	0.0040901439	0.9518971322	0.0440127239
0	0.0027196067	0.1540034472	0.8432769460
1	0.0000000000	0.0006786766	0.9993213234
0	0.0069036203	0.0675442292	0.9255521505
0	0.7724767499	0.2245518688	0.0029713813
0	0.6591977900	0.2609668735	0.0798353365
0	0.9715807179	0.0284191002	0.0000001820
0	0.6416250162	0.0276148556	0.3307601282
0	0.1604686830	0.0000183730	0.8395129440
0	0.1393728946	0.1784353470	0.6821917584
0	0.5646222201	0.0220226739	0.4133551060
0	0.2388239004	0.3260589688	0.4351171308
0	0.2487921145	0.3561125850	0.3950953004
0	0.1448025976	0.7524727910	0.1027246114
1	0.0001168005	0.3987641673	0.6011190321
0	0.4234732723	0.0002637977	0.5762629300
1	0.0047543974	0.0071934280	0.9880521746
1	0.7950289656	0.1953142003	0.0096568342
0	0.9645027832	0.0094421754	0.0260550413
0	0.0144192905	0.0006958647	0.9848848448
0	0.0013453157	0.9961491464	0.0025055379
