0	0.9682533298	0.0040045962	0.0277420740
0	0.3364836533	0.2051498285	0.4583665182
0	0.0012546783	0.9987442463	0.0000010754
0	0.2859201785	0.6489861872	0.0650936343
0	0.2763064273	0.1802861897	0.5434073830
0	0.8464731547	0.0205930244	0.1329338209
0	0.8453865040	0.1052432466	0.0493702494
0	0.3041425708	0.3513386640	0.3445187652
0	0.4463940237	0.0000000000	0.5536059763
1	0.0206646551	0.1186097018	0.8607256431
0	0.8064204341	0.0607541498	0.1328254161
0	0.0000032100	0.4851014337	0.5148953562
0	0.2493742329	0.0000000000	0.7506257671
0	0.3069486637	0.0000001484	0.6930511878
0	0.0000108778	0.0000000000	0.9999891222
1	0.4973159129	0.0853552436	0.4173288435
0	0.5727611702	0.2259388518	0.2012999781
0	0.0555745829	0.7852509677	0.1591744494
0	0.0000001392	0.9999998608	0.0000000000
2	0.0000000000	0.0000003397	0.9999996603
0	0.0227466775	0.0514737865	0.9257795360
0	0.8047287858	0.0736846442	0.1215865700
1	0.1462335920	0.8537664080	0.0000000000
0	0.2816609670	0.0000024138	0.7183366192
0	0.0000000000	0.8497904298	0.1502095702
0	0.0000000119	0.5591070186	0.4408929695
2	0.0567947294	0.0155472885	0.9276579821
1	0.6194688201	0.3803209264	0.0002102536
1	0.0593716728	0.9406283271	0.0000000000
0	0.1353832784	0.0008802055	0.8637365161
1	0.5982919675	0.0018310727	0.3998769598
0	0.0128616674	0.0216828907	0.9654554419
1	0.3722258489	0.6277736673	0.0000004838
0	0.9820605109	0.0000137752	0.0179257138
1	0.9672648013	0.0046215437	0.0281136550
0	0.0003211416	0.2924760058	0.7072028526
0	0.0020725091	0.3038283548	0.6940991361
0	0.0000684058	0.3823184395	0.6176131546
0	0.1842050881	0.0540164528	0.7617784591
0	0.0001269980	0.0000000022	0.9998729998
0	0.9355042848	0.0453775182	0.0191181971
0	0.7317847459	0.2682152541	0.0000000000
0	0.3704422342	0.0000227510	0.6295350147
0	0.0000000000	0.0274860356	0.9725139644
1	0.9092906856	0.0008823423	0.0898269721
1	0.8663478169	0.0000000000	0.1336521831
0	0.1375593383	0.1968881464	0.6655525153
0	0.2896045681	0.6349988191	0.0753966128
1	0.8885714300	0.0167125688	0.0947160012
0	0.0013458329	0.0024055696	0.9962485975
0	0.2785653163	0.3003392623	0.4210954214
0	0.0111446836	0.8179107113	0.1709446051
0	0.0503299108	0.9471523200	0.0025177692
0	0.0075056339	0.2031757680	0.7893185981
0	0.0000026960	0.9999973040	0.0000000000
0	0.0000000001	0.0867142353	0.9132857647
0	0.0006489052	0.6895325712	0.3098185236
0	0.0878936287	0.4705855999	0.4415207714
0	0.0737322938	0.0000007576	0.9262669486
0	0.0170904555	0.3260783699	0.6568311746
0	0.2901286277	0.6994266869	0.0104446854
0	0.1298271462	0.5578731975	0.3122996562
0	0.0445935750	0.0000000007	0.9554064243
1	0.0000000076	0.0000019957	0.9999979967
0	0.0388212237	0.9601922317	0.0009865445
0	0.9530382291	0.0469605056	0.0000012653
0	0.0107067142	0.0811872969	0.9081059889
0	0.7463312281	0.1317116109	0.1219571610
0	0.0362556516	0.3209971766	0.6427471719
0	0.7377083145	0.2620885516	0.0002031339
0	0.2715714933	0.6914393301	0.0369891765
0	0.7237908085	0.1669939213	0.1092152703
0	0.7523895247	0.0125533452	0.2350571301
0	0.0043326024	0.1086617458	0.8870056518
0	0.0000529449	0.7306113391	0.2693357161
1	0.5766913915	0.0759829997	0.3473256087
0	0.4562588182	0.0000767184	0.5436644635
0	0.0000000321	0.5190676137	0.4809323542
1	0.0003418933	0.3746442016	0.6250139051
0	0.0553432754	0.0530413204	0.8916154042
0	0.0610890031	0.4294212891	0.5094897078
0	0.0015486828	0.1822927940	0.8161585232
0	0.9162680160	0.0076029976	0.0761289864
0	0.7071639477	0.2835493695	0.0092866827
0	0.6738925712	0.3260078498	0.0000995790
0	0.0384411040	0.2747852234	0.6867736726
0	0.2872231014	0.2948582660	0.4179186326
0	0.0622851149	0.6758763437	0.2618385414
0	0.1249466267	0.0020116213	0.8730417520
2	0.1089858658	0.0163206295	0.8746935046
0	0.0008418978	0.9781536230	0.0210044792
0	0.0000201226	0.6808662521	0.3191136253
0	0.8285936362	0.1714056584	0.0000007055
0	0.0704610575	0.0000003633	0.9295385792
0	0.2203249987	0.0265789606	0.7530960407
0	0.7744382881	0.0575207202	0.1680409917
0	0.2084191067	0.0000001869	0.7915807064
1	0.8651592475	0.0647141688	0.0701265837
0	0.0148604208	0.7241373359	0.2610022433
0	0.6895827855	0.3104172104	0.0000000041
