0	0.0000000000	0.9957799448	0.0042200552
0	0.9735822223	0.0263099985	0.0001077792
0	0.9878364418	0.0116863578	0.0004772003
0	0.9346887796	0.0580633305	0.0072478898
0	0.0001184571	0.0000209097	0.9998606331
0	0.1080952325	0.0029499972	0.8889547703
0	0.0316067754	0.0087133757	0.9596798489
0	0.0624452621	0.0000009844	0.9375537535
0	0.2950215333	0.5066967161	0.1982817505
0	0.1125446825	0.4831157868	0.4043395307
0	0.0038617491	0.0769972833	0.9191409676
0	0.0112270951	0.0905682125	0.8982046925
0	0.0004513555	0.0005147607	0.9990338838
1	0.0037723109	0.0000044065	0.9962232826
0	0.9062798353	0.0000000000	0.0937201647
0	0.0000014947	0.2220180006	0.7779805047
0	0.0000001237	0.7756272961	0.2243725802
0	0.6999906287	0.2999954096	0.0000139616
0	0.0274137005	0.0014890250	0.9710972744
0	0.2658906303	0.1597389929	0.5743703769
1	0.0000004000	0.8072921387	0.1927074613
0	0.2333904496	0.0391816069	0.7274279435
0	0.9999755178	0.0000243426	0.0000001396
0	0.0150908601	0.8988696932	0.0860394467
0	0.9856477902	0.0143207738	0.0000314360
0	0.1639515087	0.0090895909	0.8269589004
0	0.4504889583	0.5364098160	0.0131012257
0	0.9011217856	0.0009445250	0.0979336894
0	0.1289091142	0.8494258396	0.0216650462
0	0.4504274497	0.2221199661	0.3274525842
0	0.5636485003	0.4363514979	0.0000000018
1	0.0000280893	0.0239203631	0.9760515476
0	0.9865208626	0.0000000195	0.0134791180
0	0.5190599965	0.0000374946	0.4809025088
0	0.6968076514	0.3031319503	0.0000603983
0	0.0888399124	0.9108589902	0.0003010975
0	0.0082210873	0.0000919189	0.9916869938
0	0.0784227803	0.0141769679	0.9074002518
0	0.0399088032	0.8956475258	0.0644436709
0	0.0314847896	0.7787164652	0.1897987452
0	0.9874700326	0.0000001925	0.0125297749
1	0.0060744710	0.6835224912	0.3104030378
0	0.1834942358	0.6187660222	0.1977397421
0	0.0000000032	0.9961583773	0.0038416195
0	0.1873636667	0.0724713499	0.7401649834
0	0.1239828739	0.1568518445	0.7191652817
0	0.0307989403	0.0349684194	0.9342326403
1	0.0756940613	0.9241748257	0.0001311130
0	0.0000034297	0.2715963824	0.7284001879
0	0.5729287198	0.2062834865	0.2207877937
0	0.5463875923	0.4532864393	0.0003259684
0	0.1884802142	0.0072881270	0.8042316587
1	0.5346923038	0.4601510915	0.0051566047
0	0.0000000000	0.1762937477	0.8237062523
1	0.6533058583	0.3464062474	0.0002878942
0	0.7250896473	0.2547130653	0.0201972874
0	0.0139501166	0.0036129774	0.9824369060
0	0.0003486371	0.7475237800	0.2521275829
1	0.2943418400	0.0000000007	0.7056581592
0	0.8189749990	0.0407850850	0.1402399160
0	0.1247558380	0.0002936885	0.8749504735
0	0.9887657542	0.0111824071	0.0000518387
0	0.0000000000	0.9999999937	0.0000000063
1	0.2170598776	0.0021582823	0.7807818401
0	0.0600173960	0.8151062187	0.1248763853
1	0.9999977560	0.0000022387	0.0000000053
0	0.0369740071	0.8809930471	0.0820329458
0	0.9515493484	0.0484506516	0.0000000000
0	0.9692118195	0.0000000000	0.0307881805
0	0.0509710441	0.0000258174	0.9490031386
0	0.4805797421	0.5193026330	0.0001176248
0	0.2521416631	0.0597188050	0.6881395319
0	0.0210453729	0.8888632517	0.0900913753
2	0.0000000006	0.0004808558	0.9995191436
0	0.0012067256	0.9879881858	0.0108050886
0	0.9521428564	0.0478499418	0.0000072018
0	0.0000000000	0.3031271708	0.6968728292
0	0.0404644713	0.9593696593	0.0001658695
1	0.9890533353	0.0109458810	0.0000007838
1	0.1039847541	0.1682568837	0.7277583622
0	0.0000096845	0.0068028454	0.9931874701
0	0.0274936010	0.0000690473	0.9724373517
0	0.5476383283	0.1823330862	0.2700285855
0	0.0033044632	0.9966955368	0.0000000000
0	0.0286332424	0.9608508280	0.0105159295
0	0.0508449822	0.0026435036	0.9465115142
0	0.9998469613	0.0001500491	0.0000029896
0	0.0070076673	0.2000178942	0.7929744386
0	0.0003137988	0.6158399996	0.3838462016
0	0.6441915277	0.0623903789	0.2934180934
1	0.0015721111	0.0550067186	0.9434211704
0	0.0000000528	0.9340516001	0.0659483471
0	0.0000001662	0.9998133205	0.0001865133
0	0.4153016570	0.0138570846	0.5708412584
0	0.0693505446	0.9282984907	0.0023509647
1	0.2412589962	0.0351209609	0.7236200429
0	0.0000001570	0.0077277243	0.9922721187
1	0.0050060484	0.9949076417	0.0000863099
0	0.1969509070	0.2479062320	0.5551428609
0	0.9838644614	0.0000000186	0.0161355200
