0	0.0008103279	0.9829769130	0.0162127591
0	0.6491627254	0.0969054300	0.2539318446
0	0.1986652156	0.5837048789	0.2176299056
0	0.3604083324	0.4760734584	0.1635182093
0	0.0669754724	0.5396573781	0.3933671495
0	0.0000021666	0.0971582091	0.9028396244
1	0.0000001387	0.9999757843	0.0000240770
0	0.0130513334	0.0000005096	0.9869481571
0	0.0002557722	0.9620673323	0.0376768955
1	0.7064392806	0.0000000000	0.2935607194
0	0.8538320283	0.0569345775	0.0892333942
0	0.9616148651	0.0270332591	0.0113518757
1	0.5371537376	0.2986464473	0.1641998150
0	0.0364387576	0.0070593988	0.9565018435
0	0.0000000000	0.0000270018	0.9999729982
1	0.0187826179	0.2965294265	0.6846879556
0	0.1893428433	0.1338741469	0.6767830098
0	0.0311591421	0.0530678433	0.9157730146
1	0.1257200260	0.8742562676	0.0000237064
0	0.0000000000	0.0949174004	0.9050825996
0	0.2934281918	0.7065519027	0.0000199054
0	0.0216779845	0.9237785983	0.0545434173
0	0.0068293601	0.6199874917	0.3731831481
0	0.8924261032	0.0003279456	0.1072459512
0	0.2393591119	0.0055497094	0.7550911787
0	0.6805494084	0.2623563943	0.0570941973
1	0.0003321793	0.7692275055	0.2304403152
0	0.0000000000	0.0000000089	0.9999999911
0	0.0769149559	0.8766150062	0.0464700379
0	0.2835763794	0.6335462203	0.0828774004
0	0.1839190159	0.0005811160	0.8154998681
0	0.9089533901	0.0000000000	0.0910466099
0	0.6873963717	0.0000000023	0.3126036260
1	0.0275542610	0.0916375284	0.8808082105
1	0.0000000000	1.0000000000	0.0000000000
0	0.0008519672	0.0000003574	0.9991476754
0	0.4105219843	0.5894780157	0.0000000000
0	0.0085581970	0.5889040781	0.4025377248
0	0.1335600690	0.8664399309	0.0000000001
0	0.3738190053	0.4995717187	0.1266092761
1	0.0827923901	0.0107103321	0.9064972778
0	0.1539311353	0.0689721936	0.7770966710
0	0.5886062917	0.0264739216	0.3849197867
0	0.5507110560	0.0006574400	0.4486315039
0	0.0436599413	0.9371406547	0.0191994040
0	0.0569622639	0.0001891199	0.9428486162
0	0.8147961929	0.0000857880	0.1851180191
0	0.0407078337	0.0000000939	0.9592920724
0	0.0000000000	0.9902976672	0.0097023328
0	0.5417189871	0.0029740714	0.4553069415
0	0.0006399283	0.0012744944	0.9980855773
0	0.4498468291	0.0000040035	0.5501491674
0	0.9884709361	0.0001518441	0.0113772198
0	0.2093137039	0.7290676564	0.0616186397
0	0.1564188149	0.8435797740	0.0000014110
0	0.5919997153	0.0000000000	0.4080002847
0	0.9999162814	0.0000837186	0.0000000000
2	0.8899411434	0.0000213612	0.1100374954
0	0.4343832754	0.0009945725	0.5646221521
0	0.0039690080	0.0309406032	0.9650903888
0	0.5425058232	0.2785900426	0.1789041342
1	0.0000115227	0.9424968221	0.0574916551
0	0.0000000156	0.0022836143	0.9977163701
0	0.8932017117	0.0969433164	0.0098549719
0	0.8926457104	0.1071616339	0.0001926557
0	0.8089566954	0.0295141849	0.1615291197
1	0.0911037433	0.0186278677	0.8902683889
0	0.5029258143	0.0000000000	0.4970741857
0	0.6743571709	0.3192735269	0.0063693023
0	0.9557799672	0.0000000000	0.0442200328
0	0.7879737141	0.2052130835	0.0068132024
0	0.0127221497	0.8336172748	0.1536605755
0	0.4129533438	0.1166252287	0.4704214275
1	0.0814637353	0.0135648687	0.9049713959
0	0.0004192103	0.0000000000	0.9995807897
0	0.0101078066	0.0592327051	0.9306594883
0	0.9997774750	0.0000000000	0.0002225250
0	0.0041735223	0.0003090028	0.9955174749
0	0.0910578452	0.0000000000	0.9089421548
0	0.1774320242	0.1571104150	0.6654575608
0	0.2626175458	0.7354030082	0.0019794460
0	0.0122081765	0.3559301605	0.6318616631
0	0.0000009798	0.0000008956	0.9999981247
0	0.0100163234	0.9671077271	0.0228759495
1	0.0008518919	0.7037660882	0.2953820200
0	0.0000000006	0.9994620454	0.0005379540
0	0.8901643221	0.0000000015	0.1098356764
0	0.0882280241	0.9035156948	0.0082562811
0	0.4171228162	0.0005581446	0.5823190392
0	0.0000000000	0.0000000000	1.0000000000
0	0.0000000000	0.0000000000	1.0000000000
0	0.4468568963	0.5531280421	0.0000150616
0	0.1493512131	0.2486945045	0.6019542824
0	0.9663587992	0.0290488257	0.0045923750
0	0.1932348200	0.5048765228	0.3018886572
1	0.1401848114	0.0840147653	0.7758004233
0	0.2130771429	0.0059662329	0.7809566242
1	0.0000002863	0.0048567183	0.9951429954
0	0.3685657213	0.5604172135	0.0710170652
1	0.0090425968	0.8597184749	0.1312389283
