0	1.0000000000	0.0000000000	0.0000000000
0	0.0009957308	0.0000000003	0.9990042689
1	0.2576011349	0.0717991114	0.6705997538
1	0.0000000000	0.4074227733	0.5925772267
0	0.5360506100	0.0296753552	0.4342740348
1	0.0001598114	0.0015938750	0.9982463135
0	0.4580917860	0.2181107818	0.3237974322
0	0.4487013296	0.0100869578	0.5412117126
1	0.0727169337	0.0001495442	0.9271335221
0	0.0430403487	0.4535455222	0.5034141291
1	0.9916226526	0.0017618080	0.0066155394
0	0.9997777913	0.0000001188	0.0002220899
0	0.1350548352	0.0038191649	0.8611259999
0	0.5872394298	0.0096700521	0.4030905181
1	0.5628600467	0.4318888777	0.0052510756
0	0.1900430902	0.0051862350	0.8047706748
0	0.1584270372	0.8177521227	0.0238208401
0	0.5848925666	0.4151073866	0.0000000468
1	0.0085428196	0.0063300693	0.9851271112
0	0.2523234448	0.0006833601	0.7469931951
0	0.0000000000	0.1625858273	0.8374141727
0	0.0246742684	0.0187587456	0.9565669860
0	0.0009944915	0.0036661809	0.9953393276
0	0.0206149685	0.4448072834	0.5345777481
0	0.6270219376	0.1474954283	0.2254826342
0	0.0642077152	0.6636340126	0.2721582722
0	0.9992830545	0.0001602866	0.0005566589
0	0.2928485024	0.3370458260	0.3701056716
1	0.0000082633	0.0000000892	0.9999916475
0	0.1847089696	0.3153646519	0.4999263785
0	0.8780988885	0.1184614816	0.0034396299
0	0.8213280831	0.0372971220	0.1413747949
1	0.0027253099	0.6166410026	0.3806336875
0	0.0051314104	0.7822893594	0.2125792302
0	0.0000000000	0.5918834930	0.4081165070
0	0.9661625975	0.0284009140	0.0054364885
0	0.8498226095	0.1498905380	0.0002868524
0	0.0012851887	0.8700289672	0.1286858440
0	0.0082384410	0.8586475128	0.1331140462
0	0.0052006113	0.1402058656	0.8545935231
0	0.1722913368	0.7836817956	0.0440268676
0	0.0000000000	0.3942152751	0.6057847249
0	0.0234859216	0.7898219107	0.1866921677
1	0.0873529082	0.2143348303	0.6983122615
1	0.7008425519	0.2894995872	0.0096578609
0	0.0361094779	0.0000000005	0.9638905216
0	0.4812877362	0.0000000001	0.5187122637
0	0.4034866035	0.2050706709	0.3914427255
1	0.0229348034	0.6154672192	0.3615979774
1	0.1268414223	0.0006851121	0.8724734656
0	0.0165780820	0.3340666324	0.6493552856
0	0.5799483870	0.0000013712	0.4200502418
0	0.1546510698	0.0000000001	0.8453489302
0	0.0000098933	0.9995235092	0.0004665975
0	0.0000005630	0.9999443635	0.0000550735
0	0.0000006229	0.0295782306	0.9704211465
0	0.1864801534	0.4919039160	0.3216159306
0	0.9759153004	0.0137587935	0.0103259061
0	0.3053033580	0.0009846741	0.6937119679
1	0.8143842871	0.1855082506	0.0001074623
0	0.1209543459	0.3301587874	0.5488868667
0	0.7714527741	0.1137562815	0.1147909444
0	0.0414196312	0.9584743294	0.0001060394
0	0.2978518376	0.3545803985	0.3475677639
1	0.0084935490	0.5577527230	0.4337537281
0	0.4920353281	0.3181573985	0.1898072734
0	0.2911610374	0.0162822417	0.6925567209
0	0.3215242973	0.0000000001	0.6784757026
0	0.0022661095	0.0254544503	0.9722794402
0	0.9999923255	0.0000076745	0.0000000000
0	0.5599554553	0.4385239992	0.0015205455
0	0.6754811941	0.0701158242	0.2544029817
0	0.5606135999	0.4393863701	0.0000000300
0	0.2372638383	0.0972137075	0.6655224543
0	0.0000004233	0.0000000067	0.9999995700
1	0.0134929933	0.0113531649	0.9751538418
0	0.3456033858	0.5795565833	0.0748400309
1	0.3645274086	0.5411925669	0.0942800245
2	0.0311626446	0.4524666873	0.5163706680
0	0.0915981009	0.7996097070	0.1087921921
0	0.9986896998	0.0000000146	0.0013102855
0	1.0000000000	0.0000000000	0.0000000000
0	0.9579690410	0.0000000000	0.0420309590
0	0.3123018181	0.6203771438	0.0673210381
1	0.0003249708	0.9995001946	0.0001748346
0	0.9455345278	0.0000000000	0.0544654722
0	0.5470055422	0.4399509813	0.0130434765
1	0.5924289897	0.0000702780	0.4075007323
0	0.9852946505	0.0142670875	0.0004382619
0	0.0000000000	0.8829063905	0.1170936095
0	0.9000373124	0.0551323004	0.0448303871
0	0.5359692938	0.1847310319	0.2792996743
0	0.4765918207	0.0828340354	0.4405741439
0	0.9029772333	0.0004514929	0.0965712737
0	0.0748908115	0.0000000111	0.9251091773
0	0.9642497291	0.0005287475	0.0352215234
0	0.0101249263	0.3395193401	0.6503557336
0	0.4530225121	0.0001538746	0.5468236133
0	0.1102912140	0.0555790166	0.8341297695
0	0.0015322127	0.8881260232	0.1103417641
