1	0.5762680400	0.0063813308	0.4173506291
0	0.3076162562	0.0000000000	0.6923837438
0	0.0185871384	0.1565376922	0.8248751694
0	0.0079998373	0.0039788062	0.9880213566
1	0.1668887471	0.2550134684	0.5780977845
0	0.3588225152	0.6395976365	0.0015798484
0	0.2050233159	0.0152959061	0.7796807780
0	0.3513380813	0.0000000000	0.6486619186
0	0.1243663417	0.8665900484	0.0090436099
0	0.5642031784	0.0000000000	0.4357968216
0	0.9958854887	0.0000000000	0.0041145113
0	0.5624706479	0.2272918168	0.2102375353
0	0.1130527571	0.6355975557	0.2513496872
0	0.0000000000	0.3936613938	0.6063386062
0	0.7964060775	0.2029113385	0.0006825840
1	0.0167829016	0.5718759414	0.4113411570
1	0.2185565451	0.6026214363	0.1788220186
0	0.0000003583	0.3692066200	0.6307930217
0	0.7020578739	0.0003942234	0.2975479027
0	0.1015174669	0.0000738876	0.8984086455
1	0.9999999199	0.0000000801	0.0000000000
0	0.0159850127	0.5957153783	0.3882996090
0	0.0002034475	0.4628492373	0.5369473153
0	0.2635014627	0.3052259465	0.4312725908
0	0.5160809227	0.4305901077	0.0533289696
0	0.1362881085	0.2070191071	0.6566927844
0	0.1203399222	0.0000000000	0.8796600778
0	0.9887888487	0.0112111513	0.0000000000
0	0.0000001756	0.9076697227	0.0923301017
0	0.9790901699	0.0209098301	0.0000000000
0	0.9611102503	0.0388889309	0.0000008188
1	0.8889236646	0.1110394664	0.0000368690
0	0.0001999959	0.6864825352	0.3133174689
0	0.0028953633	0.7816767522	0.2154278844
0	0.0303662449	0.0000000000	0.9696337551
0	0.6059034563	0.0123092763	0.3817872673
0	0.9701079952	0.0000000000	0.0298920048
0	0.0000002115	0.9373870573	0.0626127312
0	0.7891066272	0.1085098790	0.1023834938
0	0.7220052188	0.0000218361	0.2779729451
1	0.0010167033	0.0012504603	0.9977328363
0	0.0000000000	0.0005914353	0.9994085647
2	0.5993347910	0.0000000000	0.4006652090
1	0.1319387138	0.0018129626	0.8662483236
0	0.9996130287	0.0000901190	0.0002968523
0	0.0289382657	0.6638150373	0.3072466970
1	0.0000000434	0.0546611976	0.9453387591
1	0.0705440664	0.0000150045	0.9294409291
2	0.0724652523	0.9256890996	0.0018456481
0	0.0795496194	0.8499202328	0.0705301478
1	0.3609834511	0.6380641832	0.0009523657
1	0.0964396167	0.0000076886	0.9035526947
0	0.9727590695	0.0005796144	0.0266613161
0	0.0352182690	0.9103251453	0.0544565857
0	0.8816256319	0.0000000027	0.1183743654
0	0.1795604194	0.0043092870	0.8161302936
1	0.2654306048	0.7345693952	0.0000000000
0	0.3729661573	0.6055836763	0.0214501665
0	0.0002086552	0.9956505669	0.0041407779
0	0.0845674170	0.8569788405	0.0584537426
0	0.0356858969	0.0000227416	0.9642913615
0	0.5892863717	0.0000000000	0.4107136283
0	0.9483107159	0.0003602432	0.0513290409
0	0.4544104623	0.0194455360	0.5261440017
0	0.1107824612	0.5255189283	0.3636986106
0	0.0048197440	0.6866830129	0.3084972431
0	0.4117486887	0.5882362751	0.0000150362
0	0.3959111369	0.3680575164	0.2360313467
0	0.0557178798	0.4183345528	0.5259475674
0	0.6415633661	0.0171132115	0.3413234225
0	0.0003953758	0.0109254078	0.9886792164
0	0.9825548602	0.0161828184	0.0012623214
0	0.0339707712	0.0946184283	0.8714108006
0	0.1197411524	0.5372625884	0.3429962592
0	0.1773227894	0.0101052399	0.8125719708
0	0.7732345290	0.0060916728	0.2206737982
0	0.2232304983	0.2246298808	0.5521396209
0	0.0463927830	0.7607318025	0.1928754145
0	0.0046183163	0.2839535097	0.7114281740
0	0.0004695506	0.0028504421	0.9966800073
0	0.9999939031	0.0000058960	0.0000002009
1	0.1521207621	0.0000000286	0.8478792093
0	0.0000101836	0.5543329141	0.4456569023
0	0.0014487794	0.0000000000	0.9985512206
1	0.9202546620	0.0109029114	0.0688424267
0	0.5913466980	0.0508114189	0.3578418831
0	0.0346958635	0.1681415976	0.7971625389
0	0.0095368728	0.5488745163	0.4415886109
0	0.8745792990	0.0655186979	0.0599020031
0	0.0035084677	0.2530111884	0.7434803438
0	0.0054431157	0.0139308030	0.9806260813
1	0.1653457876	0.8208125108	0.0138417017
0	0.0649863866	0.5844028475	0.3506107658
0	0.7550084249	0.0714727704	0.1735188047
0	0.8911760062	0.0312527169	0.0775712768
0	0.0000001657	0.0001665321	0.9998333021
0	0.0237250519	0.0792314141	0.8970435340
0	0.9897492196	0.0000000003	0.0102507801
1	0.9873208552	0.0126791448	0.0000000000
0	0.7346315917	0.0432150849	0.2221533234
