2	0.7812152994	0.0368677295	0.1819169711
0	0.8878723603	0.0002444498	0.1118831899
0	0.1516023100	0.2684056473	0.5799920427
0	0.3964513268	0.5779650863	0.0255835868
0	0.0028134515	0.0555295030	0.9416570455
0	0.7925111379	0.0023526790	0.2051361831
0	0.9991517065	0.0000000000	0.0008482935
0	0.2475230832	0.3030841857	0.4493927311
1	0.1117940454	0.0000000091	0.8882059455
0	0.0031563632	0.6067136957	0.3901299411
0	0.0001774980	0.9998225020	0.0000000000
0	0.0544593290	0.0036347179	0.9419059531
0	0.0008369556	0.1565815389	0.8425815056
0	0.1985385423	0.4894419848	0.3120194728
0	0.4348053335	0.2937197754	0.2714748911
0	0.2839717124	0.0001142586	0.7159140290
0	0.8000032273	0.1955592182	0.0044375545
0	0.5238940573	0.4746839332	0.0014220095
0	0.5504038729	0.3979246280	0.0516714990
0	0.3761557966	0.0769038944	0.5469403089
0	0.0659760795	0.1221431490	0.8118807715
0	0.0527990052	0.0281152967	0.9190856981
0	0.0000000124	0.9026714569	0.0973285306
1	0.0929322433	0.0000000000	0.9070677567
0	0.9691753283	0.0129403628	0.0178843089
0	0.0012051564	0.9295946610	0.0692001825
0	0.3896619449	0.0052265444	0.6051115107
0	0.0000000000	0.9999999931	0.0000000069
1	0.1191563390	0.0944636517	0.7863800094
2	0.0438389465	0.9561610371	0.0000000165
0	0.0503798693	0.8934162631	0.0562038676
0	0.1277135347	0.0046119948	0.8676744705
0	0.0000004148	0.9999927761	0.0000068091
0	0.0690762599	0.0000008547	0.9309228854
0	0.8109072672	0.0590746391	0.1300180937
0	0.0077763899	0.7386184352	0.2536051748
0	0.1924362418	0.0025102931	0.8050534651
0	0.0175222032	0.4939129885	0.4885648083
0	0.0122642740	0.0000000000	0.9877357260
0	0.9540528680	0.0445548733	0.0013922587
1	0.0402005515	0.0387989376	0.9210005109
0	0.0578431116	0.3090903722	0.6330665162
0	0.0000168862	0.0011987390	0.9987843749
1	0.0120434177	0.9800785834	0.0078779989
0	0.6349175561	0.2923267746	0.0727556693
0	0.1180969598	0.8818268139	0.0000762263
2	0.0911647964	0.0000077860	0.9088274177
0	0.0279021636	0.7201549049	0.2519429315
0	0.9887595352	0.0003880537	0.0108524112
1	0.0517218904	0.2613406968	0.6869374128
0	0.0000004503	0.4757586934	0.5242408563
0	0.1367059455	0.0495642813	0.8137297732
1	0.0002375526	0.0045112254	0.9952512220
1	0.3523452095	0.4759899332	0.1716648574
0	0.1822897014	0.7510059892	0.0667043094
1	0.0111271031	0.4860964448	0.5027764521
0	0.0000185807	0.1211805524	0.8788008669
0	0.9994178090	0.0005821580	0.0000000330
0	0.0522543729	0.0020758622	0.9456697649
0	0.7936248626	0.1958313135	0.0105438239
0	0.9950603910	0.0000000000	0.0049396090
0	0.9027629217	0.0016252250	0.0956118534
0	0.2263062842	0.1880024229	0.5856912929
1	0.6704819120	0.0000577477	0.3294603403
1	0.0901330099	0.9098220364	0.0000449537
0	0.7835023513	0.0208246536	0.1956729950
0	0.9549354894	0.0438857561	0.0011787545
0	0.1743306736	0.0380162134	0.7876531129
0	0.1647288243	0.8125918187	0.0226793570
0	0.2301892216	0.6474814273	0.1223293511
0	0.0740272442	0.8774644420	0.0485083139
0	0.3807493251	0.2788733000	0.3403773748
1	0.2585066981	0.7117913406	0.0297019613
0	0.9727066347	0.0000000001	0.0272933652
1	0.4661206895	0.0858284963	0.4480508141
0	0.0136861546	0.4193117014	0.5670021440
1	0.9032550738	0.0001170454	0.0966278808
0	0.9181981829	0.0000061244	0.0817956927
0	0.8596172502	0.0185540887	0.1218286610
0	0.7420356805	0.0000000000	0.2579643195
1	0.1743459465	0.8249027352	0.0007513183
1	0.0377521579	0.0105181467	0.9517296954
0	0.7791940334	0.1380766676	0.0827292991
1	0.0445760031	0.8606115110	0.0948124860
0	0.6430158760	0.0077737847	0.3492103393
0	0.0000000000	0.0005080678	0.9994919322
1	0.3679594650	0.0638164854	0.5682240496
0	0.0780312352	0.0072576397	0.9147111251
0	0.9745951205	0.0191995743	0.0062053052
1	0.6123641857	0.0000002748	0.3876355395
0	0.1646994768	0.3508541952	0.4844463280
0	0.0188043303	0.0423865561	0.9388091136
1	0.9792889467	0.0000000000	0.0207110533
0	0.0089693220	0.0001189804	0.9909116976
0	0.0254565404	0.9745434595	0.0000000001
0	0.1481764839	0.2149933549	0.6368301612
0	0.0000000000	0.0754857095	0.9245142905
0	0.1225655796	0.7185746390	0.1588597814
0	0.4413720839	0.5586275544	0.0000003618
0	0.0002091199	0.1567041375	0.8430867426
