0	0.1774754534	0.5698268579	0.2526976886
0	0.2873321073	0.1223243444	0.5903435483
0	0.0013656253	0.0000048944	0.9986294804
1	0.0459163255	0.9510062248	0.0030774497
0	0.0255289455	0.0000000000	0.9744710545
0	0.0025869871	0.0008456541	0.9965673588
0	0.5970664893	0.4029134547	0.0000200561
0	0.0387367812	0.0692771659	0.8919860529
1	0.8791038024	0.0034673824	0.1174288152
1	0.0566255715	0.4533258618	0.4900485667
0	0.2259610732	0.7740389268	0.0000000000
1	0.0087396531	0.0526691203	0.9385912266
0	0.0109157567	0.0183433748	0.9707408685
0	0.0092021828	0.3013997274	0.6893980897
1	0.9447544623	0.0000267483	0.0552187894
0	0.5104741324	0.4689265812	0.0205992865
0	0.9883353981	0.0083769059	0.0032876960
0	0.0000439723	0.0009244560	0.9990315717
0	0.0000000000	0.0002162926	0.9997837074
1	0.5252053974	0.1028258637	0.3719687389
1	0.0043176125	0.0001130002	0.9955693872
0	0.6334973895	0.0036574351	0.3628451753
0	0.1863866359	0.7299013349	0.0837120291
0	0.9264502536	0.0087080018	0.0648417446
0	0.1756254969	0.0033779613	0.8209965419
0	0.0000000000	0.0117980548	0.9882019452
0	0.2155748064	0.7811548799	0.0032703137
0	0.7953728063	0.1446317036	0.0599954901
1	0.6097028073	0.1134185054	0.2768786873
0	0.0000905572	0.2448480844	0.7550613584
0	0.5835189076	0.4053273011	0.0111537913
0	0.0100528663	0.0000000266	0.9899471071
0	0.8953332066	0.0812529349	0.0234138585
0	0.0002796172	0.9979970357	0.0017233472
0	0.0000000006	0.8884036580	0.1115963414
0	0.1772142114	0.0161365541	0.8066492345
0	0.8114920241	0.0070593023	0.1814486735
0	0.0471883232	0.4988203330	0.4539913439
0	0.0000005875	0.0004911048	0.9995083077
0	0.9999984029	0.0000000000	0.0000015971
1	0.0138131402	0.1709514068	0.8152354530
0	0.2026195336	0.0497034619	0.7476770045
0	0.4203809340	0.4777300994	0.1018889666
0	0.9546210076	0.0042789716	0.0411000207
0	0.8607244828	0.0754272924	0.0638482248
0	0.3181785705	0.4479804715	0.2338409580
0	0.9485784259	0.0067992526	0.0446223215
0	0.0020160798	0.9974730043	0.0005109159
1	0.0000750609	0.6849908797	0.3149340594
0	0.1283882694	0.8716117305	0.0000000001
0	0.0006987267	0.1969271424	0.8023741309
0	0.1080352667	0.1230739307	0.7688908026
0	0.0000584881	0.7416018615	0.2583396504
0	0.8529187234	0.0925781228	0.0545031539
0	0.0003665725	0.7651398210	0.2344936065
0	0.0264374139	0.6084987574	0.3650638287
0	0.3508430790	0.0046344612	0.6445224597
0	0.2220477824	0.0000015622	0.7779506554
0	0.0000126987	0.9188374993	0.0811498020
0	0.8527732586	0.1472264528	0.0000002886
0	0.2415480626	0.6697647451	0.0886871923
0	0.0014734183	0.6691860071	0.3293405746
0	0.2051569341	0.4348545392	0.3599885267
0	0.7844075600	0.0216486957	0.1939437444
0	0.0794670311	0.0000000000	0.9205329689
0	0.0000008394	0.0000000006	0.9999991601
0	0.7938336934	0.0000824746	0.2060838320
0	0.6771015965	0.3152465273	0.0076518762
1	0.0382432767	0.0022746452	0.9594820781
0	0.0000000000	0.9999999996	0.0000000004
1	0.3122473855	0.4520640460	0.2356885684
0	0.2184053865	0.4739396372	0.3076549764
0	0.0002241662	0.8030047747	0.1967710591
0	0.6064314600	0.3934726791	0.0000958610
0	0.0879117845	0.2475297242	0.6645584914
0	0.7930293502	0.0491457050	0.1578249448
0	0.1158917066	0.8838715453	0.0002367480
0	0.3044321149	0.0000363404	0.6955315447
0	0.0803395907	0.8971621380	0.0224982713
2	0.0157769714	0.8226510205	0.1615720081
0	0.9896794667	0.0103201137	0.0000004197
0	0.0314319692	0.0194810270	0.9490870038
0	0.0241983999	0.8456454038	0.1301561963
0	0.5455681021	0.3739540916	0.0804778063
0	0.0206482558	0.0106682217	0.9686835225
0	0.9307924155	0.0692075137	0.0000000709
0	0.8448012709	0.0001613149	0.1550374142
0	0.1202274586	0.0014074168	0.8783651246
0	0.0000000000	0.0000449484	0.9999550516
0	0.0790598597	0.0735615811	0.8473785593
0	0.4218774767	0.5673087639	0.0108137595
0	0.0000000222	0.5478484429	0.4521515349
0	0.9999723801	0.0000000000	0.0000276199
0	0.1123516194	0.3773649354	0.5102834452
0	0.9304602140	0.0008017541	0.0687380319
0	0.9923110757	0.0076888655	0.0000000588
0	0.0006011170	0.4623601741	0.5370387089
1	0.5579387417	0.3893423322	0.0527189261
0	0.0000000258	0.1682634968	0.8317364775
0	0.9897311205	0.0055737305	0.0046951489
