0	0.0018986414	0.8793912921	0.1187100665
0	0.0002709531	0.4715233821	0.5282056648
0	0.0000905030	0.9909038401	0.0090056570
0	0.7536660612	0.0090399646	0.2372939742
0	0.2076229928	0.4074154225	0.3849615847
2	0.0000000000	0.0820556726	0.9179443274
0	0.8131567603	0.1648001208	0.0220431188
0	0.0081170509	0.8399753047	0.1519076444
0	0.0000000000	0.5667887925	0.4332112075
0	0.0343219092	0.6516669719	0.3140111189
1	0.0001849512	0.0253497899	0.9744652589
0	0.0181870120	0.9794392693	0.0023737186
0	0.3277422079	0.5814204653	0.0908373269
0	0.4260375421	0.3010808799	0.2728815780
0	0.6979872469	0.2418983398	0.0601144133
0	0.0011497452	0.4900268655	0.5088233893
0	0.1426552194	0.0000015489	0.8573432317
0	0.0010300886	0.2645801768	0.7343897346
0	0.5900720567	0.4066470997	0.0032808436
0	0.3483851861	0.0000092036	0.6516056103
0	0.7187075459	0.0693151795	0.2119772745
0	0.2191369875	0.5865166926	0.1943463199
1	0.3154297322	0.0115324448	0.6730378230
0	0.9081254995	0.0381595243	0.0537149762
0	0.0000145549	0.0236710985	0.9763143466
1	0.2405531221	0.7186859774	0.0407609006
0	0.0000005479	0.0000766379	0.9999228142
0	0.4857343421	0.0025965314	0.5116691265
0	0.5791874825	0.0147146403	0.4060978772
0	0.9873563867	0.0126436133	0.0000000000
1	0.0000000099	0.0506781665	0.9493218236
0	0.9296960881	0.0050487198	0.0652551921
1	0.0000662454	0.0163770533	0.9835567014
0	0.7683025579	0.0000219206	0.2316755215
0	0.0000481560	0.8773196031	0.1226322409
1	0.4853050317	0.5146828569	0.0000121114
0	0.6317077334	0.1433284322	0.2249638344
0	0.7636970864	0.2317592095	0.0045437041
0	0.1645687473	0.1506945965	0.6847366563
0	0.2150918050	0.6404460195	0.1444621755
0	0.3812950191	0.0000001826	0.6187047983
0	0.0069893746	0.4326040129	0.5604066125
0	0.4527361746	0.5424791076	0.0047847178
0	0.1340011585	0.8659987906	0.0000000509
0	0.9304362723	0.0695637277	0.0000000000
1	0.0039502157	0.0011990342	0.9948507501
0	0.8625941470	0.0000000008	0.1374058522
0	0.5623720245	0.4375515928	0.0000763827
0	0.1645718312	0.0422008320	0.7932273368
0	0.2136319151	0.6558344589	0.1305336260
1	0.0000006599	0.9998119071	0.0001874330
1	0.0021689148	0.8630404665	0.1347906187
0	0.0118828717	0.7688679128	0.2192492155
0	0.9014028371	0.0153683260	0.0832288369
0	0.7391888039	0.0000000842	0.2608111119
0	0.9997627909	0.0000000003	0.0002372089
0	0.0053589252	0.0090674723	0.9855736026
0	0.0006735158	0.6782663922	0.3210600920
0	0.9927763342	0.0072236494	0.0000000164
0	0.5888187496	0.0000000000	0.4111812504
0	0.3785728321	0.3806531641	0.2407740039
0	0.8724424624	0.1275082779	0.0000492597
0	0.5801735587	0.0019885978	0.4178378435
0	0.2044342325	0.6090552255	0.1865105421
0	0.9539690545	0.0245222201	0.0215087254
0	0.0928525902	0.6667290057	0.2404184041
0	0.0475744073	0.0144922127	0.9379333800
0	0.9999798576	0.0000201424	0.0000000000
0	0.2538554774	0.0929460431	0.6531984796
0	0.1257917481	0.6967544105	0.1774538414
0	0.0000000624	0.9374676442	0.0625322933
0	0.6754365455	0.0000001172	0.3245633373
1	0.4860338082	0.0004041999	0.5135619919
0	0.0068066597	0.0906897557	0.9025035846
0	0.7206008815	0.2793987225	0.0000003960
1	0.0051169111	0.0000001653	0.9948829236
0	0.0001656778	0.0068703054	0.9929640167
0	0.0183821645	0.0050994476	0.9765183879
0	0.2330740869	0.7201799188	0.0467459943
0	0.9921552417	0.0000018804	0.0078428780
0	0.0093291781	0.1373486659	0.8533221560
0	0.8320036091	0.1679377378	0.0000586531
0	0.0041574714	0.0000019345	0.9958405940
0	0.9530875512	0.0298044646	0.0171079842
0	0.0000000000	0.0000000000	1.0000000000
1	0.2472375677	0.5444581948	0.2083042375
0	0.0000034827	0.1009560028	0.8990405146
1	0.0028199565	0.0000010481	0.9971789953
0	0.3116077308	0.1285564480	0.5598358212
0	0.8860305192	0.0000000000	0.1139694808
0	0.9934009391	0.0065989804	0.0000000805
0	0.0008828559	0.9713880932	0.0277290509
0	0.9314931321	0.0000000000	0.0685068679
0	0.0702746981	0.0000000000	0.9297253019
0	0.8088377734	0.0000537060	0.1911085207
0	0.0007568947	0.0000912216	0.9991518836
0	0.2024651899	0.7037408351	0.0937939749
0	0.8511897194	0.1483170311	0.0004932495
0	0.0010675366	0.2544209075	0.7445115560
0	0.8669294176	0.0017090558	0.1313615266
