0	0.0373499329	0.0733164953	0.0323956607	0.0590649744	0.1723493374	0.0054841790	0.0030649048	0.0001723063	0.1320266261	0.4847755830
0	0.0180226406	0.1316600733	0.4156963157	0.2791145569	0.0024261281	0.0000002187	0.0150287380	0.1261016418	0.0119039858	0.0000457010
0	0.0102494085	0.0095060860	0.3005397655	0.6608212140	0.0006745478	0.0001942817	0.0016038871	0.0159681557	0.0004352649	0.0000073888
0	0.0000012700	0.0441089611	0.1153957097	0.7885194212	0.0064047858	0.0000023625	0.0039927703	0.0063478271	0.0339318019	0.0012950904
0	0.0403999214	0.2478565892	0.0013658538	0.2523858229	0.2589477154	0.0011837122	0.0005548145	0.0753502530	0.0000000627	0.1219552550
1	0.2676244081	0.1499673957	0.1869748767	0.0003408102	0.0000102178	0.1463871340	0.0000078083	0.0000003639	0.2456354382	0.0030515472
0	0.1497779885	0.0017153026	0.5307855370	0.0795848523	0.0174752404	0.0000000044	0.0218460516	0.0485061155	0.1461117401	0.0041971678
0	0.0123350255	0.1896808337	0.0124529568	0.0724718700	0.0000481291	0.0000000000	0.0000000000	0.0004933311	0.1745972846	0.5379205692
0	0.2202807787	0.0586032011	0.3529773412	0.3127280793	0.0082177071	0.0107403862	0.0000005192	0.0002391323	0.0180482407	0.0181646141
1	0.4234275098	0.2190365434	0.0100826082	0.0558875575	0.2591762448	0.0005879352	0.0237350625	0.0001263278	0.0000071171	0.0079330936
0	0.0000000175	0.1824591644	0.0433720702	0.4711039018	0.0329455890	0.0586179064	0.1358136430	0.0245562735	0.0230606567	0.0280707774
0	0.0093606077	0.0484667299	0.3826718024	0.4187714200	0.0075836536	0.0000000019	0.0000000000	0.1314946461	0.0000008127	0.0016503258
0	0.0789769211	0.0000000003	0.0468876796	0.0025421436	0.0152020328	0.0122378601	0.4460066799	0.0821646535	0.2858171102	0.0301649189
0	0.0002744823	0.0048879004	0.1276139375	0.4846910122	0.0202109731	0.0042736870	0.0037356469	0.1344483078	0.1054032071	0.1144608456
0	0.0001389776	0.0893743932	0.0156245173	0.0000857826	0.0370543464	0.0000051927	0.0005646144	0.0023326202	0.1477952603	0.7070242953
0	0.0087509195	0.0988909802	0.0088431194	0.0206876637	0.0112193761	0.0000000021	0.0132731806	0.0000682038	0.5408604904	0.2974060643
1	0.4195899136	0.0422094349	0.0039591414	0.0237051538	0.0052562097	0.0412130331	0.0173506172	0.1881033906	0.0580996961	0.2005134096
0	0.0169335338	0.0000699678	0.2849226601	0.6292388337	0.0000000000	0.0000827953	0.0004536186	0.0000000001	0.0335832780	0.0347153126
0	0.0000000000	0.0508065521	0.1858847635	0.0733289211	0.0000000481	0.0013235740	0.0000159265	0.0928435897	0.1049118903	0.4908847346
1	0.0508820040	0.1752582313	0.0031521274	0.0403290284	0.0276814767	0.0192349408	0.0673782659	0.0207731676	0.4295492794	0.1657614784
0	0.0350711562	0.0001808283	0.2450473697	0.1346163633	0.3356853494	0.0003833822	0.0302301692	0.0000084257	0.1690167478	0.0497602081
0	0.0047034698	0.0991263789	0.0135039482	0.1374447458	0.0306038590	0.0005650298	0.0897676295	0.0002383705	0.5471380256	0.0769085430
0	0.1509640700	0.2228457776	0.0446134858	0.0124945478	0.0005340500	0.0347242638	0.0000000000	0.0062658864	0.4178579085	0.1097000102
0	0.0075030393	0.1508517185	0.5847579945	0.0110099474	0.0226079300	0.0002665476	0.0122540728	0.1076091686	0.0526802954	0.0504592857
0	0.0000717211	0.1239705095	0.4840618862	0.1108729994	0.0000000000	0.0612854907	0.1139953958	0.0000128125	0.0021673740	0.1035618108
0	0.0120306011	0.0035035997	0.1561287997	0.1413220142	0.2161682361	0.1072897031	0.0211411618	0.1524937849	0.1853555726	0.0045665267
0	0.4807182989	0.0000010396	0.0282864911	0.0247136637	0.0167720997	0.0015281944	0.1381197965	0.2208071663	0.0471792247	0.0418740250
0	0.0047927193	0.3158271041	0.5424269224	0.0406134319	0.0000000003	0.0077126065	0.0000002781	0.0003206404	0.0691067892	0.0191995077
0	0.0115873729	0.0655451147	0.2103156986	0.0598406317	0.2578094283	0.0000000034	0.0159576673	0.0009259262	0.3394442883	0.0385738687
0	0.0192073632	0.0038208082	0.3217267840	0.0120389286	0.0055594188	0.3129742272	0.1418732386	0.1182650041	0.0257647367	0.0387694906
0	0.0582475942	0.6193239967	0.1140064604	0.1731541675	0.0199808886	0.0000000000	0.0000145637	0.0103974469	0.0048748821	0.0000000000
0	0.0593868866	0.0334189954	0.0003331118	0.0098377964	0.0000000000	0.0006144493	0.0082349229	0.0000550339	0.0091099617	0.8790088421
0	0.0069348043	0.0060721871	0.3191437137	0.0676195516	0.0008106250	0.4883844753	0.0172008599	0.0020176888	0.0409914489	0.0508246453
0	0.0877951482	0.2281056552	0.0853872884	0.1357415416	0.0027007838	0.0502750115	0.2737002762	0.0000546407	0.0323524779	0.1038871765
0	0.0229559834	0.1755561887	0.2333801311	0.0331095590	0.0207102388	0.0003807972	0.3589292071	0.0347929432	0.1105829394	0.0096020121
0	0.0046799807	0.0020512205	0.1667940043	0.6361129262	0.0000000001	0.0011579189	0.0000351118	0.0175385213	0.1261543455	0.0454759708
0	0.0527569472	0.0713709621	0.2409902885	0.0002679761	0.5221950295	0.0806224607	0.0094590754	0.0127043151	0.0000000081	0.0096329372
0	0.0135132066	0.0001328288	0.1422423283	0.0070279746	0.0000000126	0.1893691374	0.2640567517	0.0660083589	0.0000000009	0.3176494002
1	0.1544911106	0.0000654466	0.0470857099	0.1366363159	0.0149608186	0.0024381710	0.4641279910	0.0000372076	0.1667214713	0.0134357574
1	0.1329509807	0.0045414429	0.1491280412	0.6229202343	0.0161570894	0.0000720680	0.0718737569	0.0023094929	0.0000468937	0.0000000000
0	0.0214583576	0.0693915208	0.0113016897	0.1391801417	0.0588483528	0.0002603789	0.5758433462	0.0639284252	0.0237215796	0.0360662076
1	0.1095730456	0.0044857606	0.0219639248	0.0479674768	0.3840223655	0.0137484966	0.2879645015	0.0000008996	0.0844849894	0.0457885396
0	0.4980798404	0.1811770220	0.0278706840	0.0000186256	0.0005807795	0.0000947623	0.0262146248	0.0000000777	0.0066127565	0.2593508272
0	0.0000150887	0.1201829649	0.0634977297	0.0796570029	0.1628997706	0.0000000224	0.0005636102	0.0008131880	0.2309151760	0.3414554467
0	0.5417045864	0.3099169234	0.0344465563	0.0545894148	0.0036861575	0.0133862000	0.0052127348	0.0000000261	0.0001736460	0.0368837547
1	0.0051439913	0.0311311893	0.4257492410	0.3556882438	0.0041845074	0.0119957737	0.0616515821	0.0068757390	0.0052414111	0.0923383214
2	0.0025250026	0.3189694142	0.0055137742	0.3901401970	0.0000000000	0.0142164552	0.1479064862	0.0313359582	0.0761344917	0.0132582206
0	0.0000000419	0.0000188496	0.0305794903	0.6170024712	0.0573407809	0.0000000109	0.2033054009	0.0069792989	0.0847736553	0.0000000000
0	0.0049590596	0.3568506091	0.0000027685	0.5719011155	0.0000102703	0.0000128810	0.0397687948	0.0257821569	0.0000411646	0.0006711797
0	0.0000039697	0.1791928802	0.1711022623	0.1015890092	0.0016503477	0.0486348510	0.0000000205	0.0401787081	0.4568973360	0.0007506154
0	0.1381174596	0.0359355991	0.0687571856	0.6323701759	0.0000000000	0.0075764825	0.0616502255	0.0005274809	0.0203850907	0.0346803003
0	0.1647631388	0.0197364695	0.1016419295	0.1123924337	0.0000000000	0.0000000000	0.0039338432	0.0236480344	0.2826650550	0.2912190960
0	0.1745071464	0.0455829184	0.4028747381	0.0006972652	0.2474335043	0.0625594925	0.0036344541	0.0000000000	0.0475517058	0.0151587751
0	0.3000018677	0.0000001191	0.1014331444	0.1104272138	0.0055811952	0.2153862455	0.0000000000	0.0038343597	0.1279308618	0.1354049928
0	0.4799421653	0.3451031683	0.0000020487	0.0578620683	0.0001143688	0.0030372471	0.0486644403	0.0324726252	0.0226679451	0.0101339229
0	0.0239449012	0.0388884262	0.4208682464	0.0469988233	0.2015530343	0.0067486445	0.0486559243	0.0138977635	0.0097256826	0.1887185538
0	0.0215597284	0.0001967107	0.2267585697	0.0000000208	0.0845155750	0.0030548383	0.1539111598	0.0036719273	0.0099928730	0.4963385972
1	0.0511240517	0.1024064698	0.0255888241	0.1182807566	0.0033103120	0.1578702620	0.1263623319	0.0140190156	0.2190968948	0.1819410816
0	0.0390642247	0.0043078126	0.0237060923	0.6279820953	0.2161152862	0.0133738862	0.0042562690	0.0021774130	0.0246848344	0.0443320864
0	0.0000000000	0.0451152735	0.0000196875	0.0356187807	0.0880672176	0.0000653942	0.2536224608	0.1213194828	0.1686702040	0.2875014990
0	0.4258862813	0.4376989486	0.0009991506	0.0483083974	0.0532507909	0.0000009357	0.0233403313	0.0000000005	0.0105151621	0.0000000017
0	0.0491226396	0.0146841686	0.0358202887	0.8457574591	0.0315194111	0.0001967874	0.0038214154	0.0002365756	0.0188410841	0.0000001704
0	0.3339604952	0.3225692602	0.0007155238	0.0667609568	0.0267048111	0.0016219781	0.0003588011	0.0650433382	0.0729752775	0.1092895580
0	0.0392989628	0.6038896333	0.0615180617	0.1587372291	0.0619997512	0.0036082346	0.0295752554	0.0192252429	0.0009402342	0.0212073949
0	0.0002214984	0.2307700166	0.1730479490	0.1009222240	0.0372050483	0.0597717400	0.0000241158	0.2491755952	0.0615806295	0.0872811833
0	0.1226319927	0.1190814834	0.0277790766	0.0945813612	0.2779446087	0.0000000045	0.0301603197	0.2037689216	0.0008082155	0.1232440162
0	0.0315321398	0.6736440450	0.0643231107	0.1028813078	0.0214640186	0.0000000159	0.0048237434	0.0000003429	0.0191574210	0.0821738550
0	0.0240549269	0.0253392357	0.0000057165	0.8588846498	0.0000009558	0.0042652617	0.0363441369	0.0214869561	0.0272298626	0.0023882980
1	0.1058086842	0.6413113168	0.0268419727	0.1170795020	0.0022050226	0.0043493897	0.0895923276	0.0000000000	0.0040673835	0.0087444008
0	0.0650927714	0.0304756820	0.0499295372	0.4790175456	0.0004876389	0.2148149240	0.0021857811	0.0000207009	0.1574249244	0.0005504946
0	0.0349492572	0.0094421352	0.0819751931	0.3200742082	0.0470135115	0.0588016810	0.0005410456	0.2364393767	0.0118749124	0.1988886791
0	0.0042484227	0.0000758083	0.6622463834	0.1644834829	0.0064227320	0.0000000000	0.1399667756	0.0000000552	0.0218974007	0.0006589391
0	0.1736507076	0.1765742160	0.0260995005	0.0368281951	0.0611051133	0.0092085862	0.0004291360	0.0975551963	0.1702969821	0.2482523669
1	0.0016715507	0.0088165144	0.0005684848	0.0071835770	0.2506939931	0.0106287222	0.0000000430	0.0000000000	0.2613469518	0.4590901631
0	0.0023651920	0.1184120721	0.2823401389	0.0000250237	0.0049002301	0.0000000000	0.3639801340	0.0000071923	0.0000000000	0.2279700167
0	0.0000015732	0.1700686247	0.0036714486	0.5727414507	0.0747104234	0.0014476504	0.0859848848	0.0205979910	0.0705639722	0.0002119811
0	0.2806994386	0.0013098893	0.0000170438	0.0027834894	0.0782858603	0.1473448706	0.1922929132	0.0000000000	0.2877173576	0.0095491372
0	0.0024509489	0.0094464549	0.0101617642	0.9754627375	0.0001374416	0.0000000002	0.0000000000	0.0001765118	0.0000000000	0.0021641408
0	0.0182623140	0.0086098917	0.1057655745	0.5645695454	0.0211321371	0.0228241688	0.0003546181	0.0996783381	0.0498768666	0.1089265458
0	0.0913958743	0.0087894584	0.0654935113	0.1866312419	0.0000599216	0.0008480336	0.0096336024	0.1773796086	0.2757627018	0.1840060461
0	0.2596904213	0.0220407098	0.2803682173	0.0600596274	0.0158833809	0.0000123070	0.0696169148	0.0038076275	0.2701195939	0.0184012002
1	0.0775361553	0.1039763940	0.1074275827	0.2733082534	0.0047025023	0.0019359799	0.2366952421	0.0118193156	0.1815910634	0.0010075113
0	0.0257393711	0.6419397230	0.0153448187	0.1268142556	0.0000000002	0.0000005982	0.1554677135	0.0281466425	0.0001584739	0.0063884035
1	0.0029083563	0.1263094593	0.1555938719	0.0013402462	0.0326454772	0.0030508837	0.5883808348	0.0000518031	0.0110449042	0.0786741634
0	0.0015139535	0.0601157857	0.0237538971	0.3232506539	0.1184852581	0.1294634402	0.1280962386	0.0083852374	0.1079663415	0.0989691941
0	0.0001104801	0.0252560892	0.0733115541	0.5100588723	0.1163861850	0.0379809386	0.0004303053	0.0005217800	0.1102878391	0.1256559563
1	0.1122410640	0.0045110302	0.0056453795	0.0545032883	0.2028488659	0.0040980035	0.1115615424	0.4614294574	0.0123321056	0.0308292632
1	0.0000001788	0.0489520143	0.1087386435	0.0102200720	0.1601610807	0.0010023918	0.3054147847	0.0161861019	0.0062415330	0.3430831993
0	0.2190133279	0.2752368243	0.0005291347	0.0020425299	0.0043313707	0.1316707062	0.2009761275	0.0545154020	0.0163323595	0.0953522173
0	0.0000701865	0.1631222742	0.0138918574	0.0362126296	0.0584982368	0.0000000306	0.0240104315	0.4916347200	0.1518612749	0.0606983585
1	0.0135108668	0.0133950566	0.2292212610	0.5313522253	0.0000000000	0.1184490476	0.0000001848	0.0734230386	0.0000904156	0.0205579036
0	0.1805367546	0.0002612667	0.4477982959	0.1565728694	0.0057485407	0.0340250503	0.1086453322	0.0000000000	0.0477866840	0.0186252064
0	0.0425041290	0.5565027509	0.0018664742	0.0309156595	0.1135780129	0.0279624497	0.0959517019	0.0011127208	0.0166535296	0.1129525715
0	0.0000000000	0.1720224421	0.1661745028	0.4194459846	0.0000023862	0.1659295232	0.0000000257	0.0000000000	0.0000000463	0.0764250892
0	0.0281405497	0.0062237403	0.0010255283	0.4347045873	0.2513876706	0.0000055737	0.0836181561	0.0411179193	0.0334359024	0.1203403724
1	0.1166232659	0.4372170456	0.0922541702	0.2182059058	0.0216647562	0.0000000000	0.0204871314	0.0000451557	0.0847464525	0.0087561168
1	0.0002336803	0.0286871423	0.0652951544	0.0629533122	0.0005094186	0.0012646287	0.0315333055	0.1045248834	0.6096187983	0.0953796762
0	0.1947168793	0.0099169907	0.0081994607	0.0834494744	0.0680212052	0.0605095648	0.0467851602	0.0000000000	0.0197372012	0.5086640634
1	0.0000139728	0.8628699082	0.0416130705	0.0061965770	0.0032963909	0.0003288680	0.0007539955	0.0765403540	0.0000000000	0.0083868630
0	0.0133645729	0.1408561497	0.0105184235	0.1089342925	0.0619823628	0.0984436205	0.0474741074	0.5112657580	0.0000000000	0.0071607127
0	0.3025602022	0.0000263712	0.2499151749	0.2406011899	0.0951951457	0.0012833388	0.0000029627	0.0460700557	0.0002402745	0.0641052843
0	0.1117126885	0.0185617699	0.0001188723	0.2108394522	0.0004216872	0.0528807396	0.0026049965	0.0021059161	0.2537674602	0.3469864176
0	0.0228990864	0.3556723665	0.1783765456	0.0414126597	0.0000000196	0.1086882678	0.0271264650	0.0698170446	0.0002671809	0.1957403639
0	0.0256098931	0.3498824818	0.0199345450	0.4161467535	0.0308465926	0.0064744767	0.0292540004	0.0869608326	0.0001500398	0.0347403845
0	0.2462773512	0.0230123163	0.0070876476	0.0364361986	0.0377493668	0.0017630294	0.5532203412	0.0000000000	0.0941225818	0.0003311671
0	0.0796558049	0.5836101096	0.0003577788	0.0003431590	0.0528449027	0.0001140967	0.2632256186	0.0179054361	0.0019430935	0.0000000000
0	0.0081784514	0.0125501964	0.7355692310	0.0028610587	0.0163536089	0.0006122173	0.0004962597	0.0940869279	0.0000585969	0.1292334518
0	0.1868912567	0.0058024794	0.0063726842	0.1113074349	0.0011777749	0.0314701415	0.5741951266	0.0541630365	0.0285546114	0.0000654537
0	0.0278012967	0.1468826679	0.0001619476	0.1634251820	0.0248568493	0.0181887350	0.2082523908	0.0012339098	0.3535382728	0.0556587482
0	0.0000062132	0.5734211223	0.0898792620	0.2869807030	0.0479036427	0.0000000000	0.0000046794	0.0000002800	0.0009944427	0.0008096545
0	0.0016135034	0.5465995797	0.0732462907	0.1719709664	0.0003324261	0.1367593355	0.0162952610	0.0001668295	0.0525489687	0.0004668388
1	0.1375908157	0.0001351446	0.0358617635	0.1737486500	0.0000414716	0.0961966244	0.0047143788	0.0000000000	0.5300815181	0.0216296333
0	0.0824566257	0.2842537462	0.0787039382	0.3430209286	0.0000000000	0.0001825576	0.0524789950	0.0552102260	0.0520207216	0.0516722611
0	0.0240189557	0.6703762269	0.1745291739	0.0153307407	0.0006646860	0.0102896138	0.0107229171	0.0450125182	0.0000000149	0.0490551528
0	0.3142350230	0.0170569104	0.0538516619	0.2922133395	0.0000190131	0.0003739869	0.0000000000	0.0030625685	0.0000180175	0.3191694792
0	0.0492776115	0.0000000010	0.0093782906	0.0531084800	0.0497226129	0.0916715142	0.0000000001	0.0000000000	0.6855590805	0.0612824092
0	0.2511522423	0.0593409135	0.0070197688	0.0075966979	0.0000609173	0.0771421155	0.0311194472	0.0016958292	0.0106266652	0.5542454033
0	0.0031715290	0.0126796610	0.0038393897	0.6850655654	0.0025783711	0.0000000002	0.0023843701	0.0000000100	0.0106986811	0.2795824224
1	0.0098873886	0.0066802459	0.0051655447	0.2024283869	0.0958396697	0.0000000000	0.0012182822	0.0764073139	0.1015031082	0.5008700599
0	0.0373901556	0.4150193301	0.1204550877	0.0334369935	0.0174500877	0.0046785351	0.0008270338	0.0002939224	0.1015597549	0.2688890990
1	0.0044607866	0.0986981021	0.0182909701	0.7370245679	0.0000179930	0.0013586076	0.0594767758	0.0769749496	0.0000318828	0.0036653645
0	0.0000225971	0.2024336444	0.0889041773	0.4763093122	0.0004314478	0.1487306299	0.0784814893	0.0009473058	0.0037279955	0.0000114008
0	0.0000000000	0.0235777830	0.0754071546	0.4814547774	0.1843852295	0.0000000000	0.0087509810	0.0000000000	0.1709314443	0.0554926301
1	0.0903714323	0.1009594081	0.1471361293	0.0414994875	0.1080986925	0.0001947147	0.0000000001	0.0021738728	0.0709897028	0.4385765599
1	0.6377956138	0.1064548103	0.0940353409	0.0113103897	0.0073153609	0.0272342684	0.0920203598	0.0238049559	0.0000001662	0.0000287340
0	0.1355108319	0.0235528773	0.0724727321	0.2335475832	0.0037841017	0.0119281131	0.2235063941	0.0023299738	0.1032175710	0.1901498217
0	0.2142156992	0.0504118709	0.2616008420	0.0497863678	0.0018188417	0.1549910794	0.0029361966	0.1502169214	0.0000000268	0.1140221544
0	0.2980392441	0.3385717493	0.1212124480	0.1344130458	0.0208644624	0.0004335923	0.0205424903	0.0627154268	0.0031234154	0.0000841257
1	0.0000000000	0.0000415498	0.2831499299	0.1552795179	0.0968072049	0.0243433092	0.0000000000	0.3282461415	0.0000000000	0.1121323469
0	0.0040027882	0.0208627495	0.1806525499	0.0166716137	0.0286241810	0.1068071734	0.0008633044	0.5231588049	0.0225836777	0.0957731573
0	0.8451077926	0.0013503326	0.0849176369	0.0000544479	0.0039847392	0.0371094633	0.0081322676	0.0000000000	0.0011935282	0.0181497916
0	0.0197868378	0.3794056765	0.0464359763	0.1497181714	0.1205901089	0.0103854911	0.1264463976	0.0132119752	0.1223401661	0.0116791991
0	0.0147573509	0.0239233955	0.1521281923	0.3788273599	0.0000000002	0.0000058156	0.0000000000	0.0537563490	0.2549264591	0.1216750775
1	0.7192161825	0.0826794592	0.0828558809	0.0015862636	0.0082183505	0.0197820087	0.0000000885	0.0720209040	0.0000000219	0.0136408404
0	0.0114066255	0.0420654142	0.1201856963	0.3492880903	0.1350798074	0.0000000000	0.2344469335	0.0000000000	0.0020071874	0.1055202454
0	0.0000012693	0.1046924290	0.1741980981	0.1164239229	0.2915603224	0.0000000000	0.0194135425	0.0360642851	0.2143039476	0.0433421832
0	0.0000000000	0.0002370160	0.2583128220	0.0110439581	0.0235464139	0.2280919001	0.0000346034	0.0505606091	0.1354713027	0.2927013746
0	0.5023589236	0.0448176177	0.0001566846	0.2142046989	0.1542604974	0.0000008316	0.0052355470	0.0541492512	0.0035364413	0.0212795066
0	0.1772583607	0.6581206486	0.0205502439	0.0097371110	0.0293056990	0.0009577946	0.0006735474	0.0103979171	0.0300245399	0.0629741378
0	0.0000000306	0.0240900318	0.0172643115	0.1295867382	0.1288820498	0.0028888653	0.0000003867	0.4747389542	0.1212652794	0.1012833526
1	0.2099255750	0.0854850612	0.0250321264	0.2609892313	0.0053821233	0.0000061133	0.2204768296	0.1784453513	0.0029945964	0.0112629922
0	0.0000634324	0.0151060152	0.1742490775	0.2377300490	0.1651500009	0.0077131108	0.3882740161	0.0000000000	0.0100823543	0.0016319439
0	0.0094833069	0.0000770545	0.6659098976	0.0006176200	0.0161059611	0.1345042324	0.0295079828	0.0011293730	0.0043443454	0.1383202263
0	0.0102453588	0.5390488873	0.0241379463	0.0477438060	0.2328825265	0.0005438732	0.0007668055	0.0780380654	0.0000003777	0.0665923531
0	0.0000000010	0.6248307930	0.0351228246	0.0205813876	0.0435502161	0.0105252619	0.0123405736	0.0017422504	0.1924858316	0.0588208602
1	0.1820670298	0.0061789071	0.0774790434	0.2329479267	0.3633405634	0.0014933683	0.0161951563	0.0292308796	0.0889705878	0.0020965376
0	0.0282792638	0.1506241588	0.4967930933	0.1004120332	0.0318349989	0.0226494144	0.0588350043	0.0000000431	0.0744269320	0.0361450582
0	0.0098358889	0.0462376069	0.0048289815	0.0799483402	0.0000000000	0.0000000000	0.0150445131	0.0034516761	0.0561919535	0.7844610398
1	0.0146415232	0.1967961769	0.3778603150	0.1645743432	0.1260308992	0.0265411837	0.0371008298	0.0456777693	0.0000487192	0.0107282405
0	0.0000563354	0.8352776037	0.0037010704	0.0335171511	0.0000053084	0.0160923245	0.0020207209	0.0868318995	0.0001296588	0.0223679271
0	0.2589887608	0.0482752063	0.0459332386	0.1276419849	0.0238700397	0.0008629558	0.3438807468	0.0023375017	0.1151967431	0.0330128223
0	0.0155072265	0.0621541215	0.2340730460	0.0549219139	0.1209043672	0.0804266640	0.0239607704	0.1788256907	0.2291343634	0.0000918362
0	0.0000288544	0.2628108026	0.0580262535	0.1398330102	0.0000248259	0.3546783303	0.0467357392	0.0014232980	0.0544480165	0.0819908695
0	0.0066066879	0.5888193121	0.0000000341	0.0001393915	0.1229148956	0.0000000146	0.0004367091	0.0000428746	0.1026736336	0.1783664470
1	0.1546584199	0.0193648602	0.0132384154	0.1234760294	0.0005127607	0.0001284951	0.4110896841	0.0000225537	0.0041601002	0.2733486812
0	0.1484599398	0.1888441530	0.2452928360	0.0437593144	0.1130254705	0.0003832336	0.0099540251	0.0028228287	0.0464054042	0.2010527948
0	0.7182833404	0.0000000000	0.0250182551	0.1472732118	0.0000006661	0.0076405188	0.0000000012	0.0462866666	0.0527128040	0.0027845360
0	0.0011377482	0.0075178270	0.8786496770	0.0084529004	0.0625796254	0.0064753204	0.0006400077	0.0261878229	0.0059695935	0.0023894775
1	0.0548183102	0.0141033761	0.0673731778	0.4236047744	0.0027247921	0.1650652900	0.0002321552	0.1189128987	0.1349406030	0.0182246226
0	0.0077075453	0.2021609397	0.2683254888	0.0316348761	0.2182998267	0.0000000013	0.1123338303	0.0886547082	0.0000026329	0.0708801506
0	0.0098638934	0.0616153996	0.2630694500	0.0854813477	0.2542019061	0.0234058871	0.2845101659	0.0178443127	0.0000076318	0.0000000057
0	0.0215685721	0.0313146488	0.5029996488	0.1597573385	0.0000591845	0.0323388056	0.0050926094	0.1009938701	0.0015810747	0.1442942476
0	0.0784571618	0.1041516559	0.0974616907	0.4561056329	0.0049198765	0.0005931031	0.0173006753	0.1017921720	0.1013505561	0.0378674757
0	0.0813108672	0.0000160792	0.0001728725	0.0173908264	0.0757914668	0.0008043230	0.1571064255	0.0319183759	0.6333378421	0.0021509213
0	0.2058637295	0.0047298404	0.0710186205	0.0004024587	0.0578570008	0.3699635614	0.0000000000	0.0000004490	0.0000000001	0.2901643396
0	0.0192209997	0.3929102243	0.1592122626	0.0992422495	0.0596252971	0.0676274605	0.0801432365	0.1220125552	0.0000000000	0.0000057146
0	0.0959977235	0.0451087490	0.0155506913	0.0002213090	0.3164148685	0.1886408387	0.0003313516	0.0000000000	0.0247844103	0.3129500582
0	0.4923125240	0.1618184111	0.1550320992	0.1569522072	0.0000005795	0.0179232971	0.0006829560	0.0046504598	0.0102421004	0.0003853658
0	0.4701817054	0.0997312717	0.1504871724	0.0059474014	0.0000000643	0.1008474774	0.0000000000	0.0000000007	0.1727891290	0.0000157777
0	0.1853146865	0.0473014990	0.0000407811	0.1706369757	0.0490644055	0.3652422941	0.1609098564	0.0000000000	0.0163447901	0.0051447115
0	0.0069287638	0.0970775877	0.0410486529	0.1014217026	0.0000045897	0.0000000000	0.2166581012	0.0739711850	0.0007642950	0.4621251222
1	0.7810715604	0.1095191062	0.0171569190	0.0270993363	0.0003242481	0.0283714895	0.0054073342	0.0050978049	0.0213951453	0.0045570562
0	0.1334694959	0.1287408439	0.0001957122	0.0008292415	0.0009405503	0.0060790351	0.1222217780	0.1741904206	0.0447775465	0.3885553760
0	0.0295694861	0.0069114019	0.1139021480	0.1147758918	0.0382187835	0.0742250287	0.2230861637	0.3522281853	0.0438238749	0.0032590359
1	0.0002018779	0.0731921328	0.0461643215	0.0046191516	0.0030005243	0.0131234099	0.0417018958	0.7634559014	0.0044497485	0.0500910363
0	0.0469058352	0.1554764403	0.0505779293	0.2874145081	0.0473408145	0.0022951326	0.2210323952	0.0803522192	0.0867762988	0.0218284270
0	0.0000000003	0.0000001868	0.0552512908	0.0826568564	0.4170265894	0.0000000000	0.0000000000	0.0678356054	0.0061565931	0.3710728779
1	0.0302613251	0.0212668139	0.0249375578	0.0118798849	0.1113479180	0.1798694894	0.0018860034	0.0150290018	0.3023601291	0.3011618766
0	0.0001028673	0.2972683370	0.5029507213	0.1445322663	0.0218361366	0.0000082980	0.0209735325	0.0037693351	0.0080216544	0.0005368516
1	0.1163031786	0.6417956292	0.1080340024	0.0346360161	0.0420006020	0.0009320172	0.0147039142	0.0127792176	0.0147084845	0.0141069382
0	0.0000019932	0.7119007819	0.0676171954	0.0859549604	0.0820038448	0.0026253238	0.0000009148	0.0000002447	0.0007890261	0.0491057149
0	0.0000204692	0.4424146829	0.0006699379	0.1964969798	0.1135748047	0.0134950907	0.2155212888	0.0029018233	0.0143844455	0.0005204772
0	0.3009987296	0.0000991944	0.5109982643	0.0127525681	0.0160965712	0.0000054009	0.0137040251	0.1408023401	0.0045330866	0.0000098196
1	0.4279278032	0.0443290895	0.1751358636	0.0072816261	0.0051306764	0.0004982101	0.0751056759	0.0000001897	0.2645221644	0.0000687011
0	0.0365724728	0.0210183070	0.2189136545	0.0384639239	0.0002348692	0.0020986490	0.0000055188	0.0067964914	0.6758955927	0.0000005208
1	0.0026016621	0.0002097887	0.0946480118	0.5607882494	0.0791198123	0.0697790995	0.1515713007	0.0011490080	0.0001042248	0.0400288426
0	0.0120048717	0.0578007357	0.6337742340	0.0164669438	0.0001395562	0.0660361594	0.0000191466	0.0000292257	0.2137291270	0.0000000000
0	0.0594442852	0.1777834503	0.0818604427	0.4576490579	0.0001560174	0.0605303360	0.0278524553	0.0840347184	0.0019826033	0.0487066336
1	0.1614970403	0.0002591268	0.0374193785	0.1569910361	0.0023204569	0.0012791963	0.0023981374	0.0807822819	0.4537667175	0.1032866282
0	0.0000315916	0.0716525614	0.1157460578	0.0714130995	0.0000000001	0.0130050787	0.0164575003	0.0004507372	0.0497522826	0.6614910910
0	0.1554279834	0.1488286319	0.5501948266	0.0109529051	0.0002089278	0.0048494115	0.0000040407	0.0049965478	0.0271243864	0.0974123387
0	0.0364219659	0.0206180466	0.0003620085	0.0328162967	0.0121616324	0.0000000000	0.0000000000	0.0002809432	0.8973390943	0.0000000124
0	0.0246470360	0.0406104226	0.0343294114	0.0875332882	0.0669728432	0.1455232089	0.0325245833	0.0904009710	0.0000082169	0.4774500185
0	0.0696335640	0.1619855983	0.0690421951	0.0734469263	0.0738320303	0.0000000000	0.0009680012	0.1093647766	0.3550066308	0.0867202774
1	0.0000000000	0.0529310761	0.6880012970	0.0000556739	0.0017704606	0.0000000000	0.0000050729	0.0572924512	0.0233944962	0.1765494722
0	0.0031023463	0.0003958900	0.7674087306	0.2088687508	0.0106268254	0.0000000005	0.0000000000	0.0003115619	0.0091590627	0.0001268319
0	0.0068769104	0.1440037056	0.1007320343	0.1755662539	0.1939724376	0.0105897991	0.0022930505	0.0095253405	0.3090501761	0.0473902919
1	0.0000084960	0.0002407534	0.0340350572	0.0414708146	0.1457151709	0.0618265030	0.0000000000	0.1991975101	0.1769441986	0.3405614961
0	0.3606275043	0.0030517719	0.0000023674	0.0081622392	0.0032343870	0.6066005221	0.0129384051	0.0045471728	0.0000000007	0.0008356295
1	0.2953666739	0.2329130676	0.0000000000	0.3317983497	0.0072639990	0.0146151628	0.0020155341	0.0000000124	0.1125395224	0.0034876780
0	0.0158963405	0.0423372856	0.0810546348	0.0444558559	0.0005014683	0.0539209698	0.4137292328	0.0001531703	0.1275742599	0.2203767821
0	0.0000159265	0.1105409607	0.1430066309	0.4746255235	0.1065773524	0.0000000074	0.0266504224	0.0000000000	0.0076587632	0.1309244130
0	0.0000165427	0.1042021262	0.6752155971	0.0438825101	0.1267926088	0.0195410100	0.0086166508	0.0091882556	0.0025055958	0.0100391031
0	0.0002425194	0.4448424894	0.0003375537	0.0211625257	0.1389164413	0.0856785908	0.0812786913	0.2141017894	0.0001701263	0.0132692727
0	0.0017507807	0.0184129881	0.1433690653	0.0073460477	0.0000000000	0.0021976800	0.0487632463	0.0534842662	0.6556532791	0.0690226466
0	0.0319586290	0.0219036690	0.2710055002	0.2303956435	0.0411705104	0.0707846587	0.0022523860	0.2682889096	0.0621804507	0.0000596428
0	0.1884288546	0.0109370739	0.1965088352	0.2336742536	0.0000000000	0.0111639773	0.0117803803	0.3459430594	0.0000000004	0.0015635653
1	0.2080445866	0.4137516331	0.0193840116	0.2367928556	0.0061358052	0.0833528343	0.0000149644	0.0276585063	0.0021228070	0.0027419959
0	0.0417784430	0.0137071070	0.0116103756	0.6695366844	0.0000358227	0.0460435841	0.0000114190	0.1011223587	0.0000000000	0.1161542054
0	0.0099812435	0.4095757174	0.1379205213	0.0830018186	0.0000833374	0.0000000000	0.0000773784	0.3593599289	0.0000000513	0.0000000031
1	0.1138414106	0.1217594618	0.0358828379	0.1522245308	0.0003527796	0.0000067386	0.3132127031	0.0000000000	0.2600872315	0.0026323061
0	0.3585229019	0.0179213271	0.5272655252	0.0005669995	0.0307840400	0.0026080596	0.0118933289	0.0002496547	0.0485883372	0.0015998258
0	0.0217857631	0.0002047778	0.2356741200	0.0659703863	0.1410188462	0.0000001831	0.0262734693	0.0276963337	0.0542061631	0.4271699574
0	0.0000710528	0.0012509008	0.4226997959	0.0000008159	0.0328481758	0.0567506310	0.1875726924	0.0000317287	0.1919121002	0.1068621065
0	0.0049912604	0.0015774422	0.2412160260	0.0245526912	0.0395244551	0.1511887784	0.0248328905	0.0618460748	0.1568002616	0.2934701196
0	0.0999409948	0.2486576116	0.0318861881	0.0415199986	0.1566151613	0.0000544916	0.0014308412	0.4087858604	0.0057948072	0.0053140452
0	0.0000169415	0.6635175142	0.2047881190	0.0354499934	0.0000000000	0.0000096741	0.0020287447	0.0144517416	0.0160902406	0.0636470310
0	0.0001095879	0.5877704302	0.0093948641	0.0026522982	0.0162569015	0.0230674186	0.1197716746	0.0001777557	0.0707455790	0.1700534903
0	0.0131571705	0.5370595093	0.0001567803	0.0740495483	0.0000060382	0.0001460443	0.0022600678	0.3245402106	0.0220129143	0.0266117164
0	0.0010964589	0.7320936646	0.0562360938	0.0529792582	0.0447358937	0.0438506536	0.0008970674	0.0370967480	0.0282433726	0.0027707892
0	0.0411637739	0.0306164023	0.8528394448	0.0160715678	0.0206193875	0.0127657798	0.0000000000	0.0005333014	0.0151924636	0.0101978789
0	0.0860284780	0.0015955182	0.0839329467	0.5600866690	0.1211737609	0.0263168180	0.1034922279	0.0173578582	0.0000000000	0.0000157230
0	0.0000715235	0.8098122067	0.0000005144	0.0000209509	0.0000206220	0.0005224731	0.0072472614	0.0051491797	0.0026567126	0.1744985558
0	0.0314007606	0.5654736409	0.1169361429	0.2440636795	0.0000450198	0.0017178262	0.0025705406	0.0189600617	0.0000000000	0.0188323278
1	0.4995587534	0.0855029820	0.3490254580	0.0556140700	0.0000057523	0.0014783202	0.0000203047	0.0006003617	0.0029917150	0.0052022827
0	0.0294018060	0.0019868387	0.8017705710	0.0008090676	0.0070449091	0.0781980529	0.0005919950	0.0000000001	0.0090073999	0.0711893595
0	0.1647613946	0.0303667284	0.4783045797	0.0165199965	0.0000276722	0.0726345357	0.0366135758	0.0553258317	0.0206094150	0.1248362703
0	0.0190110820	0.0000070195	0.5114456875	0.0012418758	0.0019468832	0.0255853323	0.0008513955	0.0207829327	0.0000000000	0.4191277917
0	0.0000000001	0.1688974410	0.0066740831	0.0664029701	0.0000001051	0.0391819545	0.1014882958	0.0656253861	0.0012782933	0.5504514710
0	0.0108585919	0.0340689642	0.7027327739	0.0990141706	0.0000145122	0.0042094310	0.0042750367	0.0068059699	0.0415638156	0.0964567340
0	0.0813782160	0.0469932548	0.0452482751	0.0975187908	0.2482089632	0.0025841618	0.0239771302	0.0491622227	0.0800036488	0.3249253367
0	0.2579052612	0.0000000096	0.0040793308	0.5825406878	0.0000000000	0.0009944623	0.0450400700	0.0000001883	0.1094016500	0.0000383401
0	0.0229139169	0.1601082888	0.0000500807	0.2557391180	0.0271873721	0.0000000000	0.3132412990	0.0000001712	0.1150166209	0.1057431323
0	0.0000000031	0.1800772413	0.0725539460	0.1477694465	0.0000000000	0.0000000000	0.0575416432	0.0000000000	0.0000863526	0.5419713673
0	0.2271276677	0.0230909588	0.0861529112	0.0000243999	0.0229714229	0.0878875871	0.4666048451	0.0481701806	0.0011573927	0.0368126341
0	0.1318671934	0.1379551736	0.1194162810	0.0703905711	0.1324904630	0.1677531174	0.0971561538	0.0067760929	0.0000000000	0.1361949537
0	0.0038552351	0.5246493847	0.1432133906	0.0231556746	0.0002096543	0.0000000000	0.0021462343	0.0034500048	0.0137005377	0.2856198840
0	0.0836276095	0.0886800210	0.2051168301	0.0225502605	0.1389812652	0.1728165654	0.0486441451	0.0150693734	0.0000002962	0.2245136336
0	0.2482528025	0.5673934331	0.0919222771	0.0141947606	0.0000000000	0.0112829914	0.0062993481	0.0016170879	0.0583424410	0.0006948583
0	0.1535806481	0.0395524638	0.0533480595	0.1847280197	0.0343636373	0.0011810318	0.4275353030	0.0002366326	0.0279066382	0.0775675659
0	0.0000000000	0.2418179445	0.1817799871	0.0000000407	0.0000000000	0.0172636927	0.0013925326	0.0846743923	0.4725023655	0.0005690445
0	0.0652436629	0.1951756276	0.0914457922	0.0133147446	0.0000066200	0.0000000006	0.0001169021	0.0009894364	0.6203894003	0.0133178135
0	0.0290058737	0.0054526613	0.2721486813	0.1732141767	0.0019857302	0.0234240492	0.0000213317	0.4682246450	0.0082576268	0.0182652239
1	0.2302436487	0.0303716499	0.0216746522	0.3747255065	0.1759989088	0.0381001489	0.0649046696	0.0020174411	0.0619633744	0.0000000000
0	0.0128649913	0.0464052463	0.0000310379	0.0623187905	0.0173126179	0.0000000000	0.0296737280	0.6816904647	0.0055701285	0.1441329948
0	0.2887809794	0.0553949896	0.0140482588	0.1998877394	0.0436951569	0.0000000000	0.0000000000	0.0078295024	0.3723542890	0.0180090844
0	0.0366962832	0.0396813284	0.0660614772	0.0225972916	0.0113267198	0.0148717932	0.0418237358	0.1799782100	0.5483744997	0.0385886611
0	0.0019327371	0.0923204099	0.0309221174	0.0016995175	0.0000003613	0.3065195305	0.0000000000	0.5126064629	0.0472618838	0.0067369796
0	0.0001872830	0.0876548425	0.0000000034	0.3619849319	0.0095158825	0.0035302688	0.3892815201	0.0000000000	0.0709479644	0.0768973035
0	0.2663097437	0.0303900591	0.1009527967	0.0644319871	0.0185908013	0.0331921936	0.1862961080	0.0000000011	0.0235837271	0.2762525824
0	0.0686113650	0.0002631580	0.0015245295	0.5008420096	0.1718235447	0.0511141692	0.1340975516	0.0054286296	0.0246810979	0.0416139449
0	0.0000512765	0.2639945587	0.4885050577	0.0000032598	0.1489313148	0.0001393195	0.0983549102	0.0000102053	0.0000100974	0.0000000000
0	0.0000000985	0.0289037887	0.0474479718	0.0236758069	0.4510663588	0.0012242619	0.0000004018	0.0066771529	0.3901393070	0.0508648517
0	0.1205631471	0.1021691027	0.2695519627	0.2668816406	0.0007261218	0.0091050747	0.2255523261	0.0009041883	0.0040752347	0.0004712012
0	0.0519900711	0.1193048535	0.4973147570	0.0055062311	0.0227391579	0.0000000000	0.1265513804	0.0000258555	0.0392346470	0.1373330465
0	0.0362885848	0.1313554021	0.1110024543	0.0028078744	0.0060916398	0.0343332354	0.0000211607	0.0000000013	0.0044939833	0.6736056639
1	0.0267125856	0.0251040561	0.5897986829	0.2108892139	0.0039885903	0.0002526350	0.0039993327	0.0365611181	0.0121786877	0.0905150977
0	0.0479428454	0.0000165330	0.2215166845	0.5607147862	0.0004264885	0.0059696881	0.0000000000	0.0153242825	0.0013750814	0.1467136104
0	0.2452555171	0.0439122654	0.0040721021	0.0014642946	0.0635372059	0.0000085916	0.0115130864	0.0063691546	0.0048784608	0.6189893215
1	0.1805082856	0.0000001174	0.3905199129	0.0000186680	0.0722739665	0.0081950256	0.0020132874	0.0459083135	0.0292741836	0.2712882395
0	0.0242598407	0.1474235867	0.3066722290	0.0127561645	0.0008336499	0.0053636809	0.0000000000	0.4867261478	0.0120782283	0.0038864722
0	0.0195950097	0.2522511352	0.0010283294	0.1083201906	0.0163863258	0.0466776034	0.1376815246	0.0000106190	0.3451246622	0.0729246001
0	0.2268729475	0.2270479838	0.1737287361	0.0000000001	0.0005206263	0.0007378580	0.0115769090	0.0000000000	0.0000000000	0.3595149393
0	0.0000711196	0.0227444960	0.5137801528	0.0806287838	0.0107461509	0.0002384849	0.3321215468	0.0000000001	0.0127150271	0.0269542380
0	0.0000000000	0.0051075171	0.0059175373	0.4869479675	0.0000008456	0.2949147898	0.0104544303	0.1171450080	0.0000375000	0.0794744043
0	0.0310068398	0.0023810045	0.2233526905	0.0878326588	0.1317269934	0.0043640032	0.0003400249	0.3714050590	0.0168355486	0.1307551772
0	0.1785250881	0.0176570670	0.0432374937	0.0190864764	0.0055157673	0.0040325106	0.0000089362	0.0005254645	0.6059689459	0.1254422504
1	0.0128694805	0.0128363064	0.3193728167	0.1620442059	0.1416882706	0.1507817419	0.0082930435	0.1030349340	0.0355458525	0.0535333480
0	0.0044155782	0.0350194646	0.2136084901	0.3882176673	0.0367172406	0.0219296179	0.2950344242	0.0010562877	0.0039719720	0.0000292575
0	0.0468630935	0.1797506914	0.5696920441	0.1178662657	0.0012742367	0.0000626548	0.0101492223	0.0001447299	0.0732858216	0.0009112402
0	0.0540999881	0.1211386263	0.5494803340	0.1618061445	0.0012350124	0.0000000000	0.0106512566	0.0000000000	0.0690309238	0.0325577142
0	0.0158034540	0.0020283393	0.6512431776	0.1728918965	0.0012556643	0.0027454530	0.0000000678	0.0942409360	0.0524409409	0.0073500706
1	0.0622768960	0.2147982105	0.1892764664	0.0500414713	0.0450669582	0.0128491564	0.0089822300	0.0000000000	0.4144237352	0.0022848759
0	0.0802273244	0.0167988393	0.0030356566	0.0000012530	0.0584733005	0.2017158505	0.0020813941	0.0068787988	0.0020729308	0.6287146519
1	0.0277539333	0.6693581933	0.0904312199	0.0761813407	0.0258349900	0.0001733910	0.0010265215	0.0001164493	0.0157976159	0.0933263451
0	0.0084698809	0.8823549427	0.0190553621	0.0282924099	0.0007848867	0.0000967538	0.0609454517	0.0000000000	0.0000000337	0.0000002784
0	0.0376884668	0.3079681851	0.0480963818	0.0033448687	0.0785596532	0.0000000000	0.0763492157	0.0030526613	0.4339644207	0.0109761466
1	0.0148360669	0.0013336313	0.0042079617	0.0014230512	0.0280554796	0.0000170279	0.0020449665	0.0544913418	0.0883654581	0.8052250151
0	0.0037773965	0.4751862048	0.1226222178	0.1419919521	0.2266529023	0.0072904785	0.0014668782	0.0199449711	0.0009769127	0.0000900861
1	0.2542399259	0.0019897070	0.1519806095	0.1670835886	0.0000000304	0.0000000219	0.2448273165	0.0158126806	0.1640661196	0.0000000000
0	0.0499310058	0.4526015219	0.0298651797	0.0097748674	0.0006147379	0.0129200580	0.2585630843	0.0629270457	0.1173441949	0.0054583045
0	0.0000000202	0.2262908393	0.1589870992	0.2134578896	0.2070557186	0.0238580846	0.0102707885	0.0370135665	0.0759191371	0.0471468563
0	0.0882009179	0.2326900629	0.0325416319	0.4562532859	0.0003134212	0.0000111987	0.0026524999	0.0000344322	0.1628530113	0.0244495379
0	0.6115776764	0.0101607896	0.0003903869	0.0167571463	0.0001351290	0.0000000012	0.0000000000	0.0000282678	0.3354643380	0.0254862648
1	0.1143530889	0.0936164167	0.5018967852	0.1501581914	0.0000000000	0.0000000024	0.0000071813	0.1295768578	0.0103459383	0.0000455379
0	0.0000000018	0.5046781152	0.0028146086	0.0512343948	0.2545106624	0.0265935127	0.1222715588	0.0088927658	0.0071765109	0.0218278688
0	0.0192205134	0.0255149294	0.0666417769	0.2539562850	0.0021936469	0.4246366231	0.0347039374	0.1083378287	0.0546348175	0.0101596418
0	0.0227863342	0.4904545636	0.3085946166	0.0696645989	0.0028357990	0.0036745518	0.0048615974	0.0237907333	0.0000026437	0.0733345615
0	0.0663937979	0.2558038542	0.3138757398	0.0000000031	0.0966331978	0.0096411065	0.1056442596	0.0767481037	0.0055181922	0.0697417452
0	0.0339605187	0.2737199736	0.5275383150	0.0000002587	0.0000020169	0.0051358470	0.0870169305	0.0000077222	0.0725053747	0.0001130428
0	0.0200705504	0.2259479441	0.3700140364	0.3311441049	0.0252209889	0.0151792197	0.0000392275	0.0034617107	0.0032970837	0.0056251338
0	0.0101502117	0.4682156597	0.0725978422	0.0000000009	0.0000000000	0.0708644554	0.0093588819	0.0163622196	0.1281829462	0.2242677825
0	0.0505855184	0.0018286598	0.2352292869	0.2750104165	0.1375676795	0.0570075883	0.0000000000	0.0462763501	0.0887943736	0.1077001270
0	0.0156806608	0.0011411966	0.2598152170	0.1151112074	0.0365643879	0.4474972834	0.0000000001	0.0004901250	0.1236982006	0.0000017213
0	0.0002661862	0.0000076446	0.4675997908	0.2125928684	0.0009851682	0.0970341407	0.0000122758	0.0421773378	0.1691125809	0.0102120066
1	0.2831976932	0.0411110332	0.1339856128	0.1232800157	0.0297550959	0.0000149920	0.0966782577	0.0217303862	0.0694681654	0.2007787479
0	0.3103822912	0.0000015212	0.0000000002	0.0444634237	0.1083058514	0.0121048747	0.0188079740	0.0157516781	0.0587038079	0.4314785776
0	0.0033065448	0.0002914747	0.0457191686	0.4122128257	0.0000000000	0.0002009982	0.0017354575	0.0399480253	0.4962238835	0.0003616216
0	0.0788763704	0.0000385089	0.1787603921	0.4726696757	0.0892036932	0.0350516892	0.0124168820	0.1029818328	0.0073983454	0.0226026102
0	0.3855515429	0.0858388929	0.0034895947	0.0719454903	0.0081447830	0.1252983284	0.0258886579	0.0198695463	0.0216469664	0.2523261972
0	0.0249779152	0.0204594291	0.0072601068	0.8615335065	0.0015735438	0.0000000000	0.0030085339	0.0094360433	0.0717507745	0.0000001471
0	0.0052170395	0.0731621326	0.0000537887	0.1323088158	0.0000000000	0.1294431621	0.1555231582	0.3987360752	0.0055596332	0.0999961947
0	0.0232887481	0.0089611589	0.0837787802	0.6026427950	0.1405931088	0.0159198869	0.0004162951	0.0698201137	0.0290926012	0.0254865122
