0	0.0117207212	0.4677362676	0.0390649907	0.1742585259	0.0004007315	0.0058513543	0.0001521825	0.0143962019	0.0000037998	0.2864152244
1	0.0000721987	0.0907911400	0.0198019295	0.2143591201	0.2037510808	0.0019587622	0.0001911619	0.0740151078	0.3950584777	0.0000010213
0	0.0000000000	0.0013571622	0.0251662195	0.0279298452	0.0437281120	0.7822301344	0.0146725612	0.0002401679	0.0021340862	0.1025417114
0	0.0114765424	0.0188699939	0.4982563251	0.0000000796	0.0082551163	0.0000070524	0.3273818716	0.1320318656	0.0000007979	0.0037203550
0	0.0084592798	0.0000052537	0.2030304298	0.1895476419	0.0420749020	0.0318927570	0.0223691473	0.0500481635	0.4503166498	0.0022557753
0	0.0000000041	0.0000000488	0.4402779797	0.0101350965	0.0434636177	0.0002434062	0.0447004248	0.0023754960	0.1320718006	0.3267321255
0	0.0000031092	0.0112473402	0.4610933805	0.1095667354	0.0499092132	0.0921945502	0.0713033741	0.1035490610	0.1003008898	0.0008323463
0	0.0193775896	0.0000004068	0.0120400586	0.0022640316	0.9348680764	0.0000035211	0.0119207295	0.0017126549	0.0178093265	0.0000036050
0	0.0000000000	0.0800234242	0.2215723249	0.0672472305	0.4150069754	0.0029738587	0.0003500352	0.1440209065	0.0673972294	0.0014080151
0	0.3076552385	0.4535747365	0.0247089179	0.0013060168	0.1982414914	0.0007077818	0.0000642678	0.0102823047	0.0002240946	0.0032351501
1	0.0912568630	0.0000894082	0.0211918902	0.0034565113	0.0079776272	0.0074769341	0.0011797644	0.0040189072	0.6354083490	0.2279437454
0	0.0779069058	0.1966264471	0.0886102799	0.0000000000	0.0007859346	0.0023748795	0.2542598337	0.0010775400	0.2078104203	0.1705477591
0	0.0713209093	0.0085951953	0.1249616564	0.0238149573	0.0018670413	0.0121557478	0.0475955531	0.6921425151	0.0086575721	0.0088888523
0	0.0000001603	0.0049507618	0.0052682526	0.0000018593	0.3090004200	0.0237610458	0.0062783693	0.0950484817	0.4261574329	0.1295332163
1	0.0007221242	0.1623854487	0.0006559649	0.0009909224	0.3171117546	0.0876547728	0.0000007274	0.0807081443	0.1898813635	0.1598887771
0	0.0200067164	0.0172765406	0.0000000905	0.0254339471	0.1952058330	0.0000038112	0.0413944817	0.0492133551	0.6499751235	0.0014901009
0	0.0108841319	0.0000233702	0.0359443810	0.0178588732	0.0011126911	0.0000525182	0.0464702587	0.8876284050	0.0000253707	0.0000000000
1	0.0000000041	0.0049592658	0.0900854209	0.0017576924	0.0036976901	0.1036534023	0.0872860522	0.2248227567	0.1572266400	0.3265110754
0	0.1651802865	0.0060289038	0.1221242044	0.0000000000	0.0106929106	0.2089546468	0.1419347341	0.0633790900	0.2740728167	0.0076324072
0	0.0022821692	0.0347317010	0.0359232924	0.0000000000	0.0147819560	0.4378848628	0.0000000006	0.4343536382	0.0400423799	0.0000000000
1	0.2466281958	0.0527397527	0.0000197972	0.1736377787	0.0720786041	0.2829378337	0.0020273670	0.0007053514	0.0758322924	0.0933930269
0	0.0001898846	0.0001312638	0.0279081512	0.0756834549	0.0207759851	0.6212645183	0.0000003137	0.2449982469	0.0090481185	0.0000000630
0	0.0320981062	0.0000265797	0.0126363129	0.0006340620	0.1445377103	0.0045858235	0.0240512726	0.0227704038	0.6726350128	0.0860247163
0	0.0001235339	0.2436029252	0.0000151962	0.5552843922	0.0000000025	0.0003863715	0.0007611796	0.0032005479	0.1959923018	0.0006335491
0	0.1573846929	0.0000000000	0.1476109549	0.0031089503	0.1150379822	0.0031291785	0.0027104043	0.4588616438	0.0882911368	0.0238650563
0	0.0248352505	0.0743242457	0.2253104172	0.4096316432	0.1298175155	0.0437669925	0.0371882689	0.0081553693	0.0469696280	0.0000006691
0	0.0021240736	0.0000373097	0.1943029978	0.0044521655	0.2048879730	0.0044947079	0.4324375658	0.1435530659	0.0000000005	0.0137101404
0	0.0000293255	0.0000000699	0.0870214670	0.0000000000	0.0000424643	0.1972772890	0.0009504748	0.0300862707	0.0721428753	0.6124497635
0	0.0063421195	0.0207424808	0.0045611130	0.1800911926	0.0033523671	0.0002040630	0.0125815343	0.0000000000	0.0177186705	0.7544064592
0	0.0000000001	0.0971089848	0.0447831976	0.4222886655	0.0537052649	0.0586029546	0.0000003482	0.1480427416	0.1750389399	0.0004289028
0	0.0000007322	0.0145974256	0.0296355427	0.5774212322	0.0457466128	0.0318814782	0.0020316156	0.2362711825	0.0255650602	0.0368491180
0	0.0000000000	0.0249703895	0.0000000000	0.0000123823	0.0020355900	0.0010190139	0.0869544931	0.8520450842	0.0327087120	0.0002543351
0	0.0617984095	0.0960373304	0.3389902846	0.1630777041	0.0054436486	0.0313107557	0.1250395191	0.0005637826	0.1350284762	0.0427100892
0	0.0060835199	0.0068189782	0.1957364513	0.4568375671	0.0000073196	0.0481671496	0.0034504953	0.1289260787	0.0140480867	0.1399243536
0	0.0004123164	0.0649637579	0.0016636958	0.0124541585	0.1005536868	0.0199843537	0.0001249339	0.0001926013	0.7996504936	0.0000000021
0	0.2253752089	0.1529272751	0.1032035876	0.0153765124	0.1804071608	0.0000261878	0.0302854264	0.0137698842	0.2464230615	0.0322056952
1	0.0000000059	0.0000000000	0.0025719563	0.0092047181	0.0618206322	0.1246688890	0.0031798729	0.7318696422	0.0659049673	0.0007793161
0	0.0751664027	0.0057880428	0.4379445558	0.0000000000	0.0004674130	0.0007640775	0.2290756658	0.1378783845	0.0015000954	0.1114153624
0	0.0247472139	0.0025986905	0.0112799171	0.0278120046	0.0184256060	0.6201187946	0.0601029334	0.0254874151	0.2092616842	0.0001657406
0	0.0163309308	0.0880013155	0.3185129669	0.0000344126	0.4312302267	0.0134321866	0.0007452678	0.0003310995	0.0005291106	0.1308524830
1	0.0000000000	0.0000552179	0.0283456682	0.0000298191	0.0002317118	0.0000000000	0.1220601807	0.8492773184	0.0000000138	0.0000000702
0	0.2655154174	0.0357254488	0.0572390243	0.0000003146	0.0040091144	0.0281292433	0.0298209759	0.2709374362	0.1871163644	0.1215066606
1	0.0467999221	0.0813566613	0.3691906523	0.0989592585	0.0157196675	0.0013183083	0.0000103186	0.0664830818	0.2746590558	0.0455030738
0	0.0348707454	0.0192196340	0.0052792981	0.1891775346	0.0938748801	0.0000000000	0.0002712131	0.0000202382	0.6562797503	0.0010067061
0	0.0040678550	0.0000001585	0.0347641153	0.1059502063	0.1060851052	0.4680789125	0.0389201814	0.1208100291	0.1213213003	0.0000021364
0	0.1949723502	0.1348057113	0.0066211639	0.1612718584	0.1703746021	0.2311631750	0.0014489139	0.0000000089	0.0405676037	0.0587746124
0	0.0010269154	0.0168935951	0.1780602447	0.0677910993	0.0131607125	0.3953260135	0.0057940455	0.0070922643	0.3095392949	0.0053158148
0	0.0000000000	0.0000902637	0.6656702526	0.0415526472	0.0220515561	0.0364632066	0.0465272469	0.0443485693	0.1348333470	0.0084629105
0	0.0016615049	0.0104045102	0.5476354034	0.0494072984	0.0481058803	0.0728774930	0.0007915015	0.1490744738	0.1133174626	0.0067244720
0	0.0000012198	0.0000000140	0.0144135447	0.0093915265	0.3360473822	0.1899203848	0.2025226167	0.0351116574	0.0000000000	0.2125916539
0	0.0058430512	0.0058663898	0.5757655400	0.0018968808	0.0254164712	0.0853363750	0.0216416189	0.0000000017	0.2683062632	0.0099274083
0	0.0112639179	0.2083332278	0.1631793464	0.0121955368	0.0000001253	0.0005997454	0.0000154225	0.5959985693	0.0000000000	0.0084141086
0	0.0004322352	0.0000000000	0.0010671579	0.0769372257	0.0044665204	0.0074496845	0.6127473320	0.2554393041	0.0414582074	0.0000023328
0	0.0012058040	0.0008098001	0.1645454531	0.5863432540	0.0643479097	0.0360582944	0.0073416353	0.0584694108	0.0214546638	0.0594237748
1	0.0000000000	0.0673923905	0.2976600544	0.2597512841	0.3009472928	0.0000000000	0.0171480022	0.0208724629	0.0238763888	0.0123521244
0	0.1024102801	0.0034112094	0.0420141619	0.0041743688	0.1204102103	0.0012224763	0.0562662329	0.1897325546	0.4253877563	0.0549707493
0	0.0000000000	0.0009262431	0.0035821404	0.0008239459	0.0753418450	0.0945062053	0.0000016373	0.8248120000	0.0000000000	0.0000059830
0	0.0511987812	0.0526756435	0.2092629174	0.5900411084	0.0542840921	0.0016284498	0.0000000000	0.0331241639	0.0077848437	0.0000000000
0	0.0000000513	0.1207030126	0.0000000000	0.0000000000	0.1187629289	0.0000000863	0.0000366441	0.7156002973	0.0448969777	0.0000000018
0	0.0719834131	0.0017899123	0.1926418172	0.0165260842	0.3192410397	0.1776181748	0.0725383276	0.0224041248	0.0832964077	0.0419606984
0	0.1305981278	0.5546182138	0.0683591542	0.0000011352	0.0000004986	0.0761865628	0.1071823940	0.0006479007	0.0623935423	0.0000124706
0	0.0000085242	0.0197905500	0.1891052050	0.0089743641	0.0057577282	0.5662391194	0.0070412980	0.1117318685	0.0000001886	0.0913511540
0	0.0000003550	0.0000000000	0.1336058074	0.0340437236	0.2210446020	0.0042138742	0.0517692005	0.3524609638	0.2028614734	0.0000000000
0	0.1249270803	0.0914077792	0.0357231240	0.0790348538	0.1919817813	0.1332370758	0.1924108805	0.1336923430	0.0175850820	0.0000000000
0	0.3639205477	0.0316913575	0.0043281660	0.0110655402	0.2660106287	0.0000000000	0.0000000000	0.2836224157	0.0170588791	0.0223024651
1	0.0000000000	0.0001745889	0.0135509065	0.0045442397	0.0041202985	0.0028500539	0.0162509691	0.9571037895	0.0000000003	0.0014051537
0	0.0316338669	0.0345094180	0.0248604163	0.0628357464	0.6930418753	0.0555627359	0.0016529650	0.0673800165	0.0285229523	0.0000000074
0	0.1609265725	0.0012642468	0.4400717681	0.0000021526	0.0076355256	0.1328273420	0.1955424673	0.0436148441	0.0000014463	0.0181136349
0	0.0936759469	0.0192481990	0.2433957246	0.1913773195	0.0013927709	0.0063805103	0.0028119847	0.0731836914	0.3685338468	0.0000000059
0	0.0194532447	0.0238250019	0.0683099694	0.1115804631	0.0811887049	0.0964202724	0.2684701821	0.2497291006	0.0809823115	0.0000407495
1	0.0096647104	0.0009142680	0.1433376319	0.0574901521	0.4719149045	0.0000022425	0.0405963999	0.0166621629	0.0816404141	0.1777771136
1	0.0000153189	0.0098793578	0.4024554988	0.0537467588	0.0292577308	0.0000002637	0.0070013743	0.1333036251	0.3603847642	0.0039553075
1	0.0106521053	0.0000014511	0.0030705771	0.0000019645	0.0296692834	0.0275956351	0.0000000281	0.8954471391	0.0335618163	0.0000000000
0	0.0031486224	0.0070561237	0.6018642891	0.0583826450	0.1150086198	0.0025632442	0.0000220877	0.0251677067	0.1782954765	0.0084911849
0	0.0000000000	0.0642106731	0.0031353905	0.3140482847	0.1409270238	0.0793198551	0.0355012729	0.0169383999	0.3354677537	0.0104513463
0	0.0000000030	0.0301601964	0.3374105137	0.0001541740	0.2975373825	0.0037289334	0.0000000002	0.2687086012	0.0297540927	0.0325461029
1	0.0000569172	0.0088092106	0.0001607204	0.6420923860	0.0000000000	0.0009427564	0.0006612085	0.3417029037	0.0055736390	0.0000002581
0	0.0000000000	0.0438202346	0.0786895769	0.0000199556	0.0080666727	0.0000000000	0.0137558107	0.7518052538	0.1038424957	0.0000000000
0	0.0001549311	0.0466511766	0.0401127862	0.1076357715	0.2466966649	0.5076466647	0.0000000080	0.0055769657	0.0000000001	0.0455250313
0	0.0019996471	0.0000000003	0.3183927492	0.4226470059	0.1475450613	0.0194264153	0.0356891885	0.0003505924	0.0194686778	0.0344806621
0	0.0000000000	0.1221270010	0.0702581979	0.2914384850	0.0014555667	0.1739755304	0.0282203481	0.1372640098	0.0003676830	0.1748931781
1	0.0000380995	0.0035301124	0.1275730686	0.0144256243	0.0000001996	0.1595079348	0.0461031730	0.0025065312	0.6463150764	0.0000001801
0	0.0848381702	0.0000000006	0.0174017973	0.0000000000	0.3334049338	0.0932195591	0.0095707317	0.4615648074	0.0000000000	0.0000000000
0	0.0000063705	0.0002718955	0.0025146781	0.0527187561	0.0093247156	0.0002164996	0.0983115514	0.7799239383	0.0566035914	0.0001080035
1	0.0000000364	0.0981859092	0.2909497875	0.1287686286	0.1111834398	0.0060968234	0.0604649174	0.0248873301	0.2775739100	0.0018892176
0	0.0457453544	0.0000000028	0.0000002095	0.0334860184	0.1572651797	0.0000000000	0.3589432852	0.0896012465	0.3149585300	0.0000001737
0	0.0426294690	0.0164345994	0.0000088949	0.0000004038	0.4722331381	0.0158717089	0.0000006259	0.0148869673	0.4379278762	0.0000063166
1	0.0076958570	0.0599895976	0.0000777175	0.0025787546	0.8881859412	0.0000000697	0.0072781613	0.0000000000	0.0225710599	0.0116228413
1	0.0000698391	0.0035649859	0.0030098873	0.4900588215	0.0798732694	0.0888902100	0.0000680742	0.0011373785	0.0548396992	0.2784878349
0	0.0000810392	0.0012572126	0.3910188693	0.0900377159	0.0169870307	0.3520976276	0.0000000021	0.1196289577	0.0000000000	0.0288915449
0	0.0117918910	0.0555938942	0.0139903400	0.4713646087	0.1261215443	0.0000000000	0.0001578488	0.0814917331	0.2296839600	0.0098041799
0	0.0001730455	0.0037093095	0.3144831580	0.0929951022	0.0199832259	0.0004704886	0.0144187649	0.0670493392	0.3699866859	0.1167308804
0	0.0000000194	0.2320269125	0.1915680320	0.0000000000	0.0135550247	0.3177523886	0.0421283487	0.1967760090	0.0061807283	0.0000125369
0	0.0001325002	0.5562530650	0.0204582020	0.3128244408	0.0075768482	0.0053369725	0.0096451133	0.0005368654	0.0660388324	0.0211971602
0	0.0000000000	0.0000000003	0.0015055255	0.2224677567	0.4477431948	0.2623490964	0.0000000000	0.0062430340	0.0335416174	0.0261497749
0	0.0009940839	0.2170191008	0.0112751296	0.0261349056	0.0812155896	0.1326518749	0.0501092368	0.1554147101	0.1401976615	0.1849877071
1	0.0011414893	0.0557572938	0.0000016958	0.2235122609	0.4974975259	0.1229080440	0.0000000000	0.0208330550	0.0533154443	0.0250331910
0	0.1322031376	0.0422950621	0.1932452057	0.0146802758	0.2207596248	0.0215677069	0.0001866336	0.2713959248	0.0819208650	0.0217455638
1	0.0000000001	0.0373941525	0.0060183666	0.0107033153	0.2066271906	0.0800620927	0.0037618906	0.0000000000	0.4666890615	0.1887439302
1	0.0000000000	0.0055775248	0.2146842384	0.0014545790	0.0096798263	0.0828350201	0.0088309442	0.0037937753	0.4744716769	0.1986724150
0	0.0050437268	0.3259710047	0.0649541053	0.0000000000	0.0227357678	0.0937300821	0.0000131163	0.3398127999	0.1477393970	0.0000000000
0	0.4336751922	0.0543843199	0.1900589555	0.0004625817	0.2211627298	0.0022683173	0.0096295599	0.0606537745	0.0026239427	0.0250806266
0	0.1704524536	0.0163058975	0.1000787274	0.3575010034	0.2287327696	0.0268027051	0.0001948789	0.0010179171	0.0988863087	0.0000273386
0	0.2559882034	0.0081107912	0.1841338350	0.0077093832	0.2271740182	0.0000009644	0.0025643857	0.0870438647	0.1857758382	0.0414987159
1	0.0064922235	0.1108409019	0.0952005252	0.1303896436	0.1366676271	0.0222288809	0.0005725023	0.2439749709	0.2536327245	0.0000000001
0	0.0112407574	0.0000312709	0.0028286433	0.5539844606	0.0701469390	0.2844256797	0.0051225862	0.0456500610	0.0264666925	0.0001029094
0	0.0032380496	0.0015663762	0.1905826244	0.0203962517	0.0653060975	0.3215422512	0.1564381078	0.2203401891	0.0010249784	0.0195650741
0	0.0000000000	0.0063746209	0.0122434192	0.1392185349	0.0003822787	0.0586396465	0.3641866149	0.4107145172	0.0076738805	0.0005664873
0	0.0741701681	0.0504567135	0.0354099296	0.0000001028	0.7269012726	0.0035497896	0.0982599707	0.0112506743	0.0000003693	0.0000010094
2	0.0003507654	0.0502462267	0.7488120515	0.0207631789	0.0524288340	0.0874421141	0.0000609756	0.0032749901	0.0350917732	0.0015290904
0	0.0000000000	0.1636998207	0.0050993244	0.0009302168	0.1534579365	0.6599602762	0.0154127025	0.0000681951	0.0000000000	0.0013715277
1	0.0014197523	0.0128962660	0.3114151051	0.0075854266	0.0599946364	0.0000007652	0.0357146726	0.5288830479	0.0387218540	0.0033684738
0	0.0608434040	0.0309943332	0.0317991363	0.0017762845	0.1259982340	0.1924308802	0.0010048865	0.0000092582	0.5551435342	0.0000000489
0	0.1233603789	0.0614374473	0.1864644751	0.0990179931	0.1658646090	0.1016825459	0.0003052197	0.1274482317	0.1163567032	0.0180623960
0	0.0000389085	0.0115780460	0.0115314165	0.0000451838	0.2588268981	0.0000000009	0.0000000000	0.2834206212	0.0000013505	0.4345575744
0	0.0000000309	0.0644916504	0.3414727353	0.0000000000	0.0123343296	0.2972141813	0.0000000087	0.0962371550	0.0774197735	0.1108301354
0	0.0147194492	0.0026315669	0.0619489834	0.0715692259	0.0280985909	0.2708985756	0.0119668160	0.0225497267	0.0025139572	0.5131031080
0	0.1113789692	0.0187474160	0.0024595223	0.0088289991	0.0000000000	0.0040052572	0.0001429587	0.0856536181	0.7686967779	0.0000864814
0	0.1618821017	0.0508640548	0.0144715981	0.0000000002	0.0000000002	0.0181461188	0.0070163143	0.3474052357	0.2014926253	0.1987219509
0	0.0000000000	0.0000000000	0.0070327955	0.0015917022	0.0009606343	0.0158327998	0.0008368417	0.4593727516	0.0000160331	0.5143564418
1	0.0012188009	0.0282677869	0.0003068258	0.0000000000	0.1862481842	0.0078899293	0.2578092751	0.5171009575	0.0000000034	0.0011582367
0	0.0000070461	0.1805002422	0.0475004347	0.1714531625	0.0539023075	0.0921031673	0.0443540649	0.0847104289	0.3253950024	0.0000741436
0	0.0036732349	0.0517617891	0.0090872407	0.1343553665	0.4237964597	0.0956569594	0.1305798711	0.1264493804	0.0244733592	0.0001663391
1	0.0736604635	0.0742195476	0.0143409016	0.0335860775	0.0860286927	0.1460311514	0.0003346371	0.0068049755	0.2011817485	0.3638118046
0	0.0014360116	0.0439048400	0.5790622749	0.0155607397	0.0002362594	0.0000242697	0.0000000117	0.3381736670	0.0000016090	0.0216003171
0	0.0100486613	0.0068307915	0.2346893340	0.0022946581	0.0398074950	0.0000000000	0.0588490615	0.3204533994	0.2979047419	0.0291218572
0	0.3316615910	0.0051266110	0.0480781403	0.0444403855	0.0000023449	0.1071290156	0.0077807067	0.0000000000	0.0000000000	0.4557812049
0	0.0000155321	0.0009182393	0.1404110191	0.0017102698	0.5752637605	0.1419859424	0.0173348164	0.0030804584	0.0002411502	0.1190388117
0	0.1269452871	0.0054690515	0.0317438335	0.0864539026	0.0001137071	0.0999477531	0.1178464658	0.0016289287	0.2276449258	0.3022061449
1	0.4127814134	0.0661620778	0.0001060256	0.2774959853	0.0157145462	0.0000001654	0.0000000001	0.0956371886	0.0000000000	0.1321025976
0	0.0323585610	0.0005653695	0.0228886044	0.0046922174	0.3941912836	0.0013674261	0.0184675157	0.0994940782	0.4259749441	0.0000000000
0	0.0000000004	0.0000000000	0.0002672130	0.0000000000	0.0089211353	0.0000100079	0.0002681859	0.9905322108	0.0000012467	0.0000000000
0	0.0116041871	0.0863596059	0.0002274622	0.0029946358	0.0000000198	0.0736250031	0.1174244777	0.3603935322	0.2877260656	0.0596450105
0	0.0003389429	0.0000000000	0.1800280457	0.0000072093	0.7526543655	0.0000951580	0.0304244982	0.0364156330	0.0000000000	0.0000361474
0	0.1383950175	0.0000000000	0.0122680864	0.3238431098	0.2773299964	0.0060323690	0.1314142147	0.0000000339	0.0676415537	0.0430756187
1	0.0169162437	0.0000000000	0.0459148325	0.2224894515	0.0066150004	0.0138345400	0.0108610989	0.5759378943	0.0456143531	0.0618165855
0	0.0000000000	0.0000000000	0.0000355799	0.0026287089	0.1784228847	0.0016032601	0.0017621079	0.8038362201	0.0113931718	0.0003180666
0	0.0026937690	0.0000000000	0.8265560903	0.0213995598	0.0114276072	0.0018301542	0.0523857015	0.0086784435	0.0434950119	0.0315336626
0	0.0663413339	0.0972560344	0.2436282547	0.0473650932	0.0097659036	0.0255486022	0.3544250715	0.0289267549	0.0509584607	0.0757844910
1	0.1406369230	0.0378328684	0.0000115327	0.0073655874	0.1437625989	0.0337114523	0.0000502204	0.0007996319	0.6358291842	0.0000000008
1	0.0262088715	0.0000004660	0.0000032798	0.0320182694	0.3322192512	0.0557713695	0.3126514780	0.0000000000	0.0003933892	0.2407336255
2	0.0039278756	0.1246496900	0.3428859234	0.0231376525	0.2588981478	0.1265316744	0.0574057593	0.0158730680	0.0006334792	0.0460567299
0	0.2914199324	0.0003095436	0.0000000000	0.4186388961	0.0019652421	0.0218039423	0.0001208973	0.0001616911	0.2655788771	0.0000009779
0	0.1621006410	0.0519010429	0.0391545637	0.1304913842	0.0000134263	0.4269226502	0.0000000000	0.0000000165	0.1894162753	0.0000000000
0	0.0000000000	0.1037544005	0.0455352708	0.0042260831	0.0050177612	0.0833980760	0.2491122892	0.0055156348	0.0263630007	0.4770774837
1	0.0285441800	0.0543058519	0.1938227331	0.0000001882	0.0610884825	0.0000375668	0.0017637297	0.1074990639	0.4814646903	0.0714735136
0	0.3445758328	0.2647412702	0.2706738472	0.0000000071	0.0541327330	0.0099542272	0.0000399425	0.0553639937	0.0003628803	0.0001552661
0	0.0000055636	0.1614684846	0.3902753523	0.0000144911	0.0026932916	0.2866667367	0.0550291906	0.0034098586	0.1002342948	0.0002027361
1	0.1020881831	0.6529755481	0.0401335320	0.0306565820	0.0819964798	0.0005439523	0.0079952870	0.0084966397	0.0751137960	0.0000000000
0	0.0001552899	0.0857928245	0.2026715875	0.0138541761	0.0001375905	0.0045124963	0.0017053332	0.0188152531	0.6722617092	0.0000937397
1	0.0000001606	0.0147222787	0.2374763175	0.0032234040	0.2679087899	0.0000015336	0.4062236098	0.0308159008	0.0032273232	0.0364006820
2	0.0005222259	0.0057819185	0.3450621226	0.0519764830	0.1592921169	0.0668632461	0.0698589708	0.0353694417	0.2652733334	0.0000001410
1	0.0847621045	0.2291992067	0.0023835395	0.0001009394	0.2369984422	0.0000000185	0.0310731504	0.1491169740	0.0000012359	0.2663643888
0	0.5284590022	0.0000000000	0.0858375907	0.0299701822	0.1141657646	0.0318318568	0.0155734701	0.1339735936	0.0293526169	0.0308359230
1	0.1730483587	0.1473593099	0.2320154514	0.2453346803	0.1282483079	0.0706582347	0.0000000000	0.0030645116	0.0001845199	0.0000866256
0	0.0228375416	0.0090759171	0.1391605038	0.0000921190	0.0096631907	0.0003435862	0.0078455411	0.1060738029	0.0249830012	0.6799247965
1	0.0000000000	0.2360098393	0.4190130098	0.0299286133	0.0216200575	0.0374058431	0.0396061025	0.0009375175	0.2154790170	0.0000000000
0	0.0082285932	0.0052766119	0.0398797863	0.0004876138	0.0379386713	0.0000140332	0.3971624998	0.5004291160	0.0098774243	0.0007056501
0	0.0951610312	0.2264301769	0.0008304751	0.3796335559	0.0591437799	0.1358016110	0.0066181839	0.0957443430	0.0006368404	0.0000000026
0	0.0004079539	0.0000196188	0.0302653141	0.0040865143	0.2853251599	0.0000006188	0.0571188357	0.5853002007	0.0084289700	0.0290468138
0	0.0040427831	0.0035311313	0.0678039289	0.3793307653	0.5049573642	0.0003787287	0.0269405194	0.0009221856	0.0120925934	0.0000000000
1	0.0078548506	0.0681768608	0.0054174920	0.0000000428	0.0026781123	0.0280183254	0.0005089559	0.0074460785	0.0574406722	0.8224586095
0	0.0003213488	0.1559382692	0.3851543915	0.2984128028	0.0503483479	0.0350119293	0.0054406551	0.0687004153	0.0002330645	0.0004387756
0	0.0024346176	0.0000903519	0.0000000000	0.6624198549	0.0270010548	0.0243892696	0.0106080368	0.2553090182	0.0013068477	0.0164409486
0	0.0285410172	0.0003500950	0.0000002068	0.2234094521	0.0060244887	0.0000000471	0.0000026807	0.7374546890	0.0017006347	0.0025166885
2	0.0000867025	0.3357664130	0.0109220387	0.0536120454	0.0000000000	0.2199155800	0.0000625393	0.2582684264	0.0090903586	0.1122758961
0	0.2839802120	0.0190444247	0.0007966460	0.1527238725	0.3809485212	0.0000000069	0.0491323395	0.0003853938	0.1129885834	0.0000000000
0	0.2541148480	0.0416518914	0.0178117611	0.1014992761	0.0204679313	0.1786231886	0.0682661899	0.0992878686	0.2182770442	0.0000000008
0	0.0019136226	0.0063849039	0.0081247917	0.1006762884	0.0001392444	0.0113778163	0.0000026692	0.0002871748	0.8068552728	0.0642382159
0	0.0000001681	0.1738284763	0.3460906258	0.0000038695	0.1519749834	0.1794980700	0.0000000000	0.0690502333	0.0795527913	0.0000007822
1	0.0000000000	0.0902827239	0.2470404315	0.1021905506	0.0025284503	0.0184633866	0.0098445237	0.4616203045	0.0118306774	0.0561989515
1	0.1461221345	0.0065027225	0.0271896897	0.0000384502	0.3399319250	0.1944693667	0.0008830920	0.2839357125	0.0004554961	0.0004714108
0	0.0000012436	0.0258723551	0.0008466220	0.1146243183	0.0661648349	0.1506879059	0.0568555462	0.4337798233	0.1071845882	0.0439827627
1	0.1734261169	0.0195880597	0.0035610550	0.0927964915	0.1934217312	0.0000194427	0.1643850699	0.2025708464	0.1502311866	0.0000000000
0	0.0145287785	0.0172799308	0.0206706243	0.0219845774	0.0000047621	0.0000913087	0.0023357461	0.9092076956	0.0035664998	0.0103300768
1	0.0000000000	0.0535378145	0.1169823346	0.0039094615	0.0002563803	0.0509938997	0.2734427445	0.4998573513	0.0000838631	0.0009361503
0	0.0517890780	0.0039795785	0.0203623913	0.6722933594	0.0000000000	0.0023361815	0.0016732026	0.2472815213	0.0002846874	0.0000000000
1	0.0416962241	0.1034499535	0.0530694971	0.0660529847	0.0043902770	0.1004549935	0.0602279781	0.5510605220	0.0195975700	0.0000000000
0	0.0006538294	0.0000021893	0.1371687636	0.0366845576	0.0000000000	0.1578161579	0.0028590331	0.2107817007	0.3814307839	0.0726029844
0	0.0000000146	0.0725506243	0.0063525437	0.1010063956	0.0075657361	0.5203027095	0.0727015773	0.0007399086	0.1036506111	0.1151298792
0	0.0132376381	0.2325076101	0.0005911992	0.0043262057	0.0446562066	0.0002942520	0.0000000000	0.6861022969	0.0001166599	0.0181679315
1	0.0000993234	0.0440832188	0.0021315548	0.2478960027	0.3437155890	0.0000617036	0.0000110139	0.2402537392	0.0379159709	0.0838318837
0	0.0421357643	0.0437967527	0.0033444115	0.3582073371	0.0333374357	0.1252136724	0.0000036994	0.2894427131	0.0736852774	0.0308329362
0	0.0082721660	0.1169604598	0.0027446341	0.0043033248	0.0000006843	0.0008702191	0.0065617637	0.0352232984	0.8051038140	0.0199596357
0	0.0231914580	0.0002515901	0.0488526146	0.0076502716	0.0034421500	0.0059236237	0.0154681297	0.7438858501	0.0531139666	0.0982203457
1	0.3052166902	0.0000000000	0.0511674002	0.0002406302	0.0994641708	0.2110039341	0.0037815087	0.0062464966	0.3223366462	0.0005425231
1	0.0089368150	0.0592168752	0.0159449313	0.0298069708	0.1825255740	0.0000000000	0.0000108474	0.6815417928	0.0220161936	0.0000000000
0	0.0137677328	0.0002089861	0.6409408468	0.0272079564	0.0000000000	0.0843561565	0.0000053774	0.0892564164	0.1442381202	0.0000184074
0	0.5611774867	0.0147213972	0.0744845242	0.0005934547	0.0010635894	0.0334187250	0.0172539766	0.2540895546	0.0431972916	0.0000000001
1	0.0000038036	0.0191042376	0.1020345447	0.0001002238	0.2419897973	0.1432596473	0.0021078483	0.2577505784	0.2154666200	0.0181826990
0	0.0000091102	0.5722556182	0.0000000000	0.0000000239	0.1590172494	0.0363151241	0.0000000000	0.1822441758	0.0476948281	0.0024638704
0	0.0578791912	0.0014083712	0.0038118784	0.0509975174	0.0012857542	0.0000003322	0.0520086332	0.1623057125	0.6608846222	0.0094179876
0	0.1712067983	0.0900890935	0.0000000000	0.0000000000	0.0162811705	0.2956864232	0.0000158216	0.3859072936	0.0034908664	0.0373225329
1	0.0035414331	0.0000028756	0.0144683710	0.0009528035	0.0204728820	0.0051490831	0.2642476001	0.6543595294	0.0117711881	0.0250342340
0	0.0000000000	0.0000060371	0.3556336599	0.0192568777	0.0319267337	0.1779995292	0.2041492581	0.1732944254	0.0377334788	0.0000000001
0	0.0022586836	0.0548311324	0.0000000001	0.0142415358	0.0637507244	0.1199484772	0.0066647962	0.6471501833	0.0911544670	0.0000000000
0	0.0024389488	0.0003383659	0.5254322974	0.0000000000	0.0214628896	0.1614761275	0.0090375078	0.2214364901	0.0003177050	0.0580596679
0	0.0242033013	0.2438369458	0.0008836271	0.0000000000	0.0317455150	0.3593860346	0.0192210185	0.2848399807	0.0357880704	0.0000955064
0	0.0001113261	0.0000422370	0.3203827763	0.0178056227	0.1468738952	0.0637875635	0.0466627380	0.4038336959	0.0004531072	0.0000470381
0	0.0413087868	0.0454744251	0.2821501202	0.0351770004	0.1089828833	0.0000000000	0.0001988189	0.1620462057	0.2587200296	0.0659417299
0	0.0049975956	0.0000000000	0.0133461232	0.0000624581	0.0163846886	0.1225724995	0.0573130673	0.7849807136	0.0003426741	0.0000001801
0	0.0537659194	0.0000000004	0.0925575232	0.0932093095	0.1573362792	0.0474215533	0.0001942798	0.1629148058	0.0804773345	0.3121229950
0	0.0438124838	0.0054842981	0.0006400753	0.0492171156	0.0000000261	0.1560520668	0.0878515829	0.0413476198	0.6117484907	0.0038462409
0	0.0013896176	0.1702230268	0.0873916047	0.0000000007	0.0228021360	0.3866411872	0.0161688889	0.0147992516	0.2495366244	0.0510476620
0	0.1266415155	0.0004810529	0.0016002065	0.4790277645	0.1919778325	0.0213280714	0.1081241627	0.0023359569	0.0096918170	0.0587916203
0	0.0040081868	0.1544400577	0.0787001155	0.0098137289	0.0081505351	0.0000000094	0.0010523834	0.5224451920	0.0978773400	0.1235124511
1	0.0011090566	0.0029695445	0.0598154036	0.0072541725	0.0000000445	0.0000000036	0.0008100458	0.2873123852	0.4697181020	0.1710112417
0	0.0094977870	0.0599054687	0.0662845203	0.0049318204	0.6723689183	0.0001082943	0.0000539448	0.1050046152	0.0084244004	0.0734202306
1	0.0158665904	0.0152712189	0.0521230738	0.0000216471	0.0611319273	0.0482649122	0.0062392909	0.5477318958	0.2500826021	0.0032668414
0	0.0000003113	0.3363903341	0.0000003931	0.3418052307	0.1291296196	0.0053104939	0.0041591648	0.0095220244	0.1446202984	0.0290621299
0	0.0246516315	0.0015306147	0.5671914395	0.0049228368	0.2491432101	0.0000476989	0.0019592152	0.1409377245	0.0000009037	0.0096147251
0	0.0516556089	0.0000000318	0.0000009970	0.2813411473	0.0002025586	0.0376936131	0.0000000000	0.3317511007	0.1844951211	0.1128598215
0	0.0876514464	0.4443178808	0.0059543555	0.0405984770	0.0633919268	0.0003934572	0.1652096059	0.0516462156	0.1408343068	0.0000023281
1	0.0001296561	0.0000000000	0.0454751822	0.0059363744	0.0900261004	0.0004181060	0.0349134878	0.6801571449	0.1429439470	0.0000000011
0	0.0306794568	0.0625737758	0.0000002211	0.0667456111	0.0020163361	0.6169585288	0.1888344764	0.0073717886	0.0245947838	0.0002250215
1	0.1119673414	0.0965870894	0.1873572382	0.1765893421	0.1021747649	0.0002876484	0.0000050578	0.0001780779	0.3248534400	0.0000000000
0	0.0000031216	0.0015207175	0.0001086793	0.0000033885	0.0014249603	0.0106859458	0.0314963919	0.9543035654	0.0000004062	0.0004528234
0	0.2096249584	0.0214286273	0.2408124472	0.0211004572	0.0074909955	0.2405157232	0.0000000018	0.2066003975	0.0367809793	0.0156454126
0	0.0168283589	0.0000000024	0.1243067436	0.0000000000	0.6225770288	0.0227287242	0.0987429814	0.0229651912	0.0563979556	0.0354530138
0	0.0002497313	0.0000000000	0.0560759648	0.0003519294	0.5275460630	0.0742595076	0.0003242332	0.3300541387	0.0111384320	0.0000000000
0	0.0000070200	0.0000012959	0.0402626615	0.0789730755	0.0563568498	0.5957504259	0.1330013967	0.0572970920	0.0367653073	0.0015848755
0	0.0367034976	0.0000000016	0.0000043760	0.7829192438	0.0006921828	0.0173036919	0.0080057165	0.0040766624	0.1079469482	0.0423476792
0	0.0000085116	0.0894443793	0.0003089477	0.0058201502	0.3603564417	0.2399579458	0.0001752028	0.2524846931	0.0455598964	0.0058838313
0	0.1573115871	0.0100756918	0.0558110369	0.2037791372	0.4058885223	0.0000020349	0.0153529968	0.0067862919	0.1328708688	0.0121218323
1	0.7126597326	0.0299141552	0.0231484161	0.0000013025	0.0024715936	0.1998140363	0.0020724391	0.0178129262	0.0067048911	0.0054005074
0	0.0314381179	0.0778951803	0.1337637330	0.0218920007	0.0110397614	0.1936945080	0.0095667900	0.0521015680	0.4052050883	0.0634032524
0	0.1516708477	0.0462344018	0.5789770015	0.0816863341	0.0005103554	0.0142253276	0.0004220483	0.1198328280	0.0064086956	0.0000321599
1	0.1405326270	0.4355113066	0.0428649982	0.0333188843	0.0002561211	0.1250457916	0.0275869561	0.1704853545	0.0170002887	0.0073976720
0	0.0000003960	0.0001954746	0.0000000056	0.0000000000	0.0000000657	0.0000006816	0.0002570896	0.9995462869	0.0000000000	0.0000000000
0	0.0000000007	0.0007513399	0.0027388290	0.0604735128	0.1077714791	0.0667160730	0.0563160280	0.0273125437	0.6779196294	0.0000005644
0	0.0000365705	0.0038657942	0.0028743786	0.0263508019	0.0074975634	0.9241999755	0.0000000001	0.0027599418	0.0324148885	0.0000000855
0	0.0796670509	0.5893437251	0.1585126625	0.0154934335	0.0213743675	0.0000000002	0.0888269880	0.0038260170	0.0313429664	0.0116127889
0	0.0995118325	0.0475990553	0.0324882240	0.4310843306	0.0167285453	0.0000000073	0.0000428985	0.0827668732	0.1465999123	0.1431783211
0	0.0018940992	0.1792359491	0.0993152894	0.0000010483	0.0471380960	0.2311259558	0.0048100668	0.2505867342	0.1246034332	0.0612893278
0	0.0263135180	0.6023540596	0.0000000000	0.0000039930	0.0011175690	0.0000189936	0.0907581180	0.0602532787	0.1595394896	0.0596409805
1	0.1207312405	0.0008241378	0.1029663202	0.0000948276	0.5470465979	0.0551791714	0.0000500849	0.0308356836	0.1390961503	0.0031757859
1	0.3398448510	0.0683491781	0.0000273667	0.1407768372	0.0118437467	0.1053755383	0.0000068090	0.0047771156	0.3224171820	0.0065813752
0	0.0000000000	0.0000108354	0.1099302424	0.1951677481	0.0496416920	0.0217770368	0.0039788515	0.0000000037	0.4557204076	0.1637731826
0	0.0040826945	0.0621365181	0.4451816510	0.3749184432	0.0528189630	0.0042406338	0.0093386012	0.0327644665	0.0004188233	0.0140992055
0	0.0000006453	0.0000121742	0.5337681932	0.3708437243	0.0030441709	0.0000007407	0.0206850540	0.0623413487	0.0018970891	0.0074068596
0	0.0000003475	0.0001338785	0.1212986916	0.0234478494	0.0444067266	0.0035259090	0.1249359812	0.5329185516	0.1223834651	0.0269485995
0	0.0003455993	0.0232834204	0.0037727764	0.0000000015	0.2374213049	0.0439060198	0.1813799516	0.4889742963	0.0051216704	0.0157949595
0	0.0523469490	0.0000000000	0.3092526820	0.0033934095	0.0249582713	0.0224914572	0.0000000000	0.0873168703	0.2174111822	0.2828291785
0	0.1712622526	0.0355840309	0.1159552043	0.0000623942	0.0030691295	0.4848213381	0.0786285909	0.0649079995	0.0434710112	0.0022380488
0	0.1821544333	0.0280044303	0.0321866462	0.0048302339	0.0364756438	0.0000016708	0.0026247375	0.0986939771	0.0004017191	0.6146265080
0	0.0000003645	0.0273544790	0.2807622579	0.4465784597	0.0909842239	0.0001081381	0.0000000014	0.0719114811	0.0738242817	0.0084763126
0	0.0004430093	0.0014103130	0.1032238887	0.0036911678	0.1758755574	0.4538968783	0.0392167580	0.0004767773	0.1648566141	0.0569090361
0	0.0151608444	0.0243509681	0.0040103118	0.0140220318	0.1660448482	0.2006308823	0.0000053479	0.3289939213	0.2357008238	0.0110800203
0	0.0216108049	0.5016565777	0.0668740296	0.0207579470	0.0716838027	0.0720342047	0.0011205624	0.0019975203	0.2397269075	0.0025376432
0	0.0755799993	0.0009577523	0.3459456651	0.0564171187	0.0731830425	0.0766888571	0.0000000665	0.3056617243	0.0655649940	0.0000007803
0	0.0002761350	0.0290772469	0.0546550036	0.0000002192	0.1316091499	0.0636477032	0.0111988007	0.2591556169	0.4485212548	0.0018588697
0	0.0000000042	0.0000022169	0.3427218040	0.0238582316	0.0172337225	0.0002127788	0.0037016915	0.5865801647	0.0163835195	0.0093058662
0	0.0000321628	0.0002302931	0.0682452762	0.0000000000	0.6523786650	0.0124776661	0.0114312892	0.1411543395	0.0000000000	0.1140503081
0	0.0000000009	0.0324258131	0.0620961216	0.0825924813	0.0281391954	0.0000063236	0.1252067167	0.0096924649	0.4552591196	0.2045817629
1	0.0028903424	0.0024134188	0.0007864724	0.8618425651	0.0077440758	0.0700322464	0.0518616615	0.0000422890	0.0022189087	0.0001680199
0	0.0094931863	0.0149734630	0.8117059322	0.0000000002	0.0000061235	0.0753322183	0.0016671582	0.0678476584	0.0009658777	0.0180083823
1	0.1741363634	0.0003743262	0.2360292282	0.0000000026	0.0881092368	0.0193285207	0.0499455200	0.0351857777	0.3965445376	0.0003464868
0	0.0024918167	0.0000000000	0.4637076419	0.0246611855	0.0423668624	0.0000000000	0.0323416901	0.0053209574	0.4290965036	0.0000133426
0	0.1205068005	0.0000000000	0.0005110566	0.0787973166	0.6529424154	0.0328550228	0.0179788086	0.0000000706	0.0252489907	0.0711595182
0	0.0007990865	0.0234162198	0.0128223356	0.1680774793	0.0147946368	0.2355213282	0.0036910168	0.0001746199	0.4584711834	0.0822320938
0	0.1420267820	0.0114534581	0.0244915484	0.2498038593	0.2953733551	0.0000000001	0.0799490553	0.0003794574	0.0212298778	0.1752926066
0	0.2993309651	0.0951310981	0.0343990842	0.0000001880	0.1611314727	0.0054704486	0.0065632276	0.2642519651	0.0113985506	0.1223229999
0	0.0179591945	0.0610657702	0.1947598970	0.0026809357	0.0732531572	0.0244151615	0.4536167285	0.0910178546	0.0002417670	0.0809895337
0	0.0022724259	0.0000000000	0.0227282163	0.0006112375	0.4133980145	0.0000000049	0.0000000018	0.5459646430	0.0150254148	0.0000000413
0	0.0016709334	0.2411224447	0.6246809764	0.0000249497	0.0807547513	0.0000000000	0.0413894699	0.0013785892	0.0050140886	0.0039637968
0	0.0000014643	0.0984847724	0.0214033856	0.0134552103	0.1159687297	0.0258509255	0.1993477518	0.2641074893	0.2459434970	0.0154367741
1	0.0144862215	0.0000011150	0.0060547546	0.0211660553	0.0644449440	0.0012333199	0.0002899918	0.0273363605	0.8649872375	0.0000000000
1	0.0504328314	0.1371016067	0.6596729902	0.0041423753	0.0223290798	0.0146351821	0.0052357980	0.0024021438	0.0000000014	0.1040479915
0	0.0000000000	0.0000108463	0.0214992163	0.0088758297	0.3728118368	0.0485510183	0.0781947522	0.4678072728	0.0022492276	0.0000000000
0	0.0137755332	0.1849517241	0.0000188266	0.0000279439	0.0000916438	0.0000000005	0.0311887580	0.7610674644	0.0088781055	0.0000000000
0	0.0000000000	0.0067913134	0.0021861553	0.0000000004	0.0922363828	0.0001617038	0.2494418883	0.6491792402	0.0000016603	0.0000016556
0	0.0075502176	0.0000000756	0.0467903396	0.0000000000	0.0001195287	0.0000009324	0.0185600450	0.9269488248	0.0000300300	0.0000000063
1	0.0528444127	0.0074258631	0.1671440135	0.0000000714	0.0250791608	0.1124247527	0.0436349367	0.0616137483	0.4638061076	0.0660269332
0	0.0019440596	0.0017948072	0.1373720598	0.0943268297	0.1094109908	0.0076466478	0.3764405009	0.0157743475	0.1782220234	0.0770677334
0	0.0778809194	0.0247310528	0.0038215575	0.7168085288	0.0312098266	0.0116965220	0.0214519983	0.0818129314	0.0092869382	0.0212997250
0	0.0001880508	0.0000100683	0.0036879754	0.0001264729	0.0592419032	0.0000028150	0.1818649413	0.3020570760	0.2893751157	0.1634455814
0	0.0000000000	0.1807779311	0.0000086187	0.0233255582	0.0283111863	0.2733483509	0.0187198033	0.4223645629	0.0491769930	0.0039669957
0	0.0000000000	0.0985983012	0.0145805519	0.0000000006	0.0066137941	0.0022894027	0.1423746933	0.4855316000	0.2500116563	0.0000000000
0	0.0532694062	0.0278862951	0.0671752700	0.3287242051	0.0000076912	0.0000000000	0.0000000000	0.0039366558	0.4812080650	0.0377924116
0	0.0006057965	0.0284705241	0.6894849069	0.0019249447	0.0443240335	0.0640381581	0.0003887421	0.0546167005	0.1066850449	0.0094611488
0	0.0179447650	0.0000224888	0.6916128171	0.1064862884	0.1572744885	0.0066781138	0.0000058315	0.0000083121	0.0159488063	0.0040180884
1	0.0223620007	0.1378063238	0.1326638176	0.3328969928	0.1227126741	0.0011552153	0.0000000076	0.1152885759	0.1181629236	0.0169514687
0	0.0004807228	0.0018745454	0.0136576340	0.1752817546	0.0293407558	0.3817748427	0.0267576311	0.2788366495	0.0847294874	0.0072659767
0	0.0169387318	0.0000001240	0.0979181707	0.1068675820	0.1305876907	0.0008504312	0.0239626072	0.4919511572	0.1229562220	0.0079672832
0	0.0000000005	0.0000000000	0.0290188090	0.1248855599	0.0069789331	0.2574354143	0.2524594155	0.3288543602	0.0001459381	0.0002215694
0	0.0020467634	0.0000000043	0.8144901403	0.0003102562	0.0008336490	0.0011264770	0.1332855467	0.0220031043	0.0239826717	0.0019213871
0	0.0818888515	0.0000000002	0.3362078446	0.0000000000	0.0003423144	0.0000629047	0.0422829729	0.1891608833	0.3001552764	0.0498989520
1	0.0095719353	0.0949028246	0.8327437694	0.0000192240	0.0000000080	0.0001064201	0.0212781155	0.0393337347	0.0018469174	0.0001970511
0	0.0561787731	0.0055950988	0.3070312336	0.1279027316	0.3946981832	0.0001896489	0.0006285276	0.1070809149	0.0006043749	0.0000905134
0	0.0009986914	0.0000000058	0.0129192263	0.0249367317	0.2831829245	0.0076737527	0.0000023171	0.0092915020	0.4982352864	0.1627595621
1	0.0014899934	0.0021266619	0.0047233502	0.0005431162	0.9378060280	0.0305918824	0.0066794134	0.0160383953	0.0000011590	0.0000000001
1	0.0000022922	0.1318183708	0.0000000000	0.0028634965	0.2249109018	0.1943309183	0.4138805977	0.0000000000	0.0236493122	0.0085441103
1	0.0189161652	0.0011973668	0.1358760530	0.0159530071	0.5202274727	0.0000000068	0.0142647470	0.0337892251	0.1971960152	0.0625799412
1	0.0513975958	0.0064621251	0.0963106300	0.5253552318	0.1220532101	0.0000299761	0.0491142821	0.0318089458	0.0601729009	0.0572951023
1	0.0000000000	0.0159093147	0.0000000000	0.0406319271	0.1092613179	0.0129721103	0.3109868497	0.3919839320	0.0900856955	0.0281688528
0	0.0000475423	0.0000079876	0.0998599652	0.0002181587	0.0107728149	0.1592569506	0.0000000000	0.7132872478	0.0136443675	0.0029049655
1	0.0000000000	0.0869094245	0.0260010040	0.0030843643	0.0428909482	0.2117210440	0.0172179955	0.5885076909	0.0000000000	0.0236675286
0	0.0004163446	0.4277134513	0.0218433048	0.0000047546	0.0108213728	0.0058290425	0.0058309545	0.4964359854	0.0063558365	0.0247489531
0	0.0039075078	0.0000222590	0.0549560170	0.0806611290	0.4356859934	0.0000055408	0.0000000000	0.0377361500	0.0175339750	0.3694914280
1	0.0185831499	0.0000000000	0.3666114243	0.0184350031	0.0028791704	0.0031587806	0.0274339086	0.1905641640	0.3453659393	0.0269684597
0	0.0191473388	0.0187942221	0.0001516082	0.0010980911	0.0123381301	0.0070150505	0.0167726622	0.3371348034	0.4434659246	0.1440821689
0	0.0049654219	0.0596244491	0.1431288809	0.0001494208	0.0345160755	0.0000235468	0.5200558201	0.2042458083	0.0332901716	0.0000004052
0	0.0000046289	0.4028105142	0.1850861463	0.0050794080	0.0434430519	0.0485433017	0.0094110462	0.2510981815	0.0466387623	0.0078849590
