0	0.0289826106	0.0002776895	0.0404896057	0.2101948699	0.0778089921	0.1226936191	0.0000000000	0.5159122941	0.0025664426	0.0010738765
0	0.0000001973	0.3470849632	0.1655469353	0.0812730469	0.0107652746	0.1615847085	0.0153160823	0.1997441566	0.0166254761	0.0020591593
0	0.0051455317	0.0002767435	0.0141643221	0.0024960551	0.5331238205	0.0358591362	0.1247962163	0.0606274814	0.0000000004	0.2235106929
0	0.0620612765	0.1166887288	0.0024743604	0.0000000002	0.0009011463	0.2884060078	0.0000000365	0.2208422630	0.0000013770	0.3086248035
1	0.0418757294	0.0632475474	0.1868433643	0.0000896186	0.0012383814	0.0615838288	0.2230395473	0.0000000166	0.4156115233	0.0064704429
0	0.0302198187	0.0245740942	0.0020369818	0.1096259038	0.0326165398	0.5435214029	0.0504278561	0.0003125920	0.0263702972	0.1802945135
0	0.0275621721	0.1502678151	0.0042666893	0.0001321946	0.0216842417	0.0913938894	0.0068268044	0.0387056160	0.0003934743	0.6587671031
0	0.1804037403	0.0159969557	0.2451948732	0.0677518944	0.0628948272	0.0079426638	0.2710818658	0.0819549033	0.0025749382	0.0642033381
0	0.4186995315	0.0000299928	0.0282256592	0.0023736881	0.0985313210	0.0000000000	0.0050130789	0.4467615593	0.0003640535	0.0000011156
1	0.1488751322	0.0087408634	0.0000000000	0.0120140060	0.0503240046	0.0743471609	0.0021100995	0.6241206802	0.0259259985	0.0535420546
0	0.0059935089	0.0254778694	0.0244143753	0.0000474284	0.0000004030	0.1102818137	0.0005078672	0.7080368517	0.0000000000	0.1252398825
0	0.0071104063	0.0000956913	0.0159644323	0.0373590555	0.0207424400	0.3611546566	0.0201699494	0.1094524534	0.0019309617	0.4260199535
0	0.0866047968	0.0774706230	0.0526186199	0.2592582379	0.2143588139	0.0667873892	0.0813581721	0.0000004115	0.0000114397	0.1615314959
1	0.0157223527	0.0000352534	0.0948441662	0.5139256786	0.0000000010	0.0172897957	0.1642323076	0.1715615457	0.0223389994	0.0000498997
0	0.0000068232	0.0052847504	0.0001615560	0.7373367600	0.0005665412	0.0020045561	0.0000000000	0.0367870260	0.0178524781	0.1999995090
0	0.0000033870	0.0063761035	0.0179328035	0.4894264756	0.0029307302	0.2933331253	0.0000000000	0.0495866694	0.0223191208	0.1180915847
0	0.0012362659	0.0000000000	0.1562843144	0.0471156195	0.4247049073	0.0000010739	0.0016494372	0.2500097392	0.0169955737	0.1020030690
0	0.0444350276	0.3853282648	0.0281811681	0.1237273371	0.0033461417	0.1566672491	0.0029116228	0.0008210276	0.0287998440	0.2257823174
1	0.0678130922	0.0019004338	0.0788538264	0.0191698594	0.0380658493	0.0021878723	0.0157835556	0.0080757669	0.0008050951	0.7673446491
0	0.0000237291	0.0669288998	0.0199114314	0.1728399274	0.0334630162	0.5695191826	0.0124833748	0.0014368297	0.0000221521	0.1233714569
0	0.0151555695	0.0038428192	0.0000752259	0.0001461394	0.0004112585	0.9503575485	0.0015320015	0.0174721896	0.0015074807	0.0094997672
0	0.0203100173	0.0082227034	0.0000000000	0.0000020215	0.0092073995	0.0892567425	0.0457577137	0.0127497797	0.0070522953	0.8074413270
0	0.0202713316	0.1706341164	0.0074445298	0.0000000000	0.0410922028	0.5050940750	0.1282438831	0.0558879431	0.0017327028	0.0695992153
0	0.0693481195	0.0047843724	0.0000000000	0.0089302599	0.0006224561	0.0276774106	0.0072739844	0.0303865827	0.0000231121	0.8509537022
0	0.0108575844	0.0285205672	0.0000314434	0.0145427765	0.0049003171	0.9348185822	0.0045954703	0.0013741771	0.0000586021	0.0003004796
0	0.0036022579	0.4610832120	0.0434501690	0.1114843298	0.0178020053	0.0993895982	0.0057850430	0.0000000008	0.0673616826	0.1900417014
0	0.0972270750	0.0856711162	0.0424793909	0.1716498650	0.0063986661	0.0372510957	0.0000000000	0.0120346218	0.0002064542	0.5470817150
0	0.0759310990	0.0000017439	0.0007590917	0.0878956178	0.0002052172	0.0000000000	0.0000000000	0.0249702495	0.2804073941	0.5298295867
0	0.0605475131	0.3449882487	0.0020599749	0.0000000001	0.0185423116	0.0960408996	0.0074128147	0.0000000000	0.0007500049	0.4696582325
1	0.0184769716	0.0872797655	0.0000052642	0.2532831574	0.0107546562	0.0403593067	0.0642322346	0.4746473047	0.0000000000	0.0509613390
0	0.0000000126	0.1639551348	0.0000024677	0.0000000000	0.2115481665	0.0005275938	0.4726028360	0.0126420546	0.0002850854	0.1384366484
0	0.1461971772	0.0043385316	0.0417857221	0.0161913901	0.0391333055	0.3339493052	0.0000000000	0.2011190570	0.0504855597	0.1667999516
0	0.1408722036	0.0005987192	0.0244670325	0.1200862021	0.0054394778	0.0263865926	0.0048614475	0.2874830436	0.0000000000	0.3898052812
0	0.0106848683	0.0021945598	0.0000051223	0.1255972328	0.0288914218	0.3744256220	0.0443697949	0.1025627517	0.1659515784	0.1453170480
1	0.7078740147	0.0832009156	0.0002466072	0.0147759669	0.0121441156	0.0265022011	0.0488707374	0.0912808334	0.0000000003	0.0151046080
0	0.0000007272	0.0407628944	0.0000114383	0.0004680029	0.0000127124	0.0087814782	0.0121175309	0.0013334775	0.0001760646	0.9363356735
0	0.0004014184	0.0000305688	0.0008320644	0.0002714883	0.0581423413	0.1971877575	0.1050706935	0.0732107972	0.4520963536	0.1127565170
0	0.0321563218	0.0661548298	0.4115120005	0.0653849371	0.0063456102	0.0805176066	0.2787994371	0.0293418909	0.0026442800	0.0271430859
1	0.0219820217	0.0054179192	0.0014343106	0.0348004019	0.0832935172	0.8318841197	0.0069457434	0.0003260274	0.0080784832	0.0058374556
0	0.0817064575	0.0940571220	0.0076176164	0.1836815546	0.0151892252	0.2429949622	0.3063000148	0.0599817663	0.0062281390	0.0022431419
0	0.0683090875	0.2390164616	0.0312575942	0.0390866348	0.0149871626	0.1510341619	0.1710935206	0.0228448248	0.0204147481	0.2419558039
1	0.0382365003	0.0077742390	0.0191763901	0.2198967526	0.0002067971	0.7062310137	0.0000000000	0.0001381828	0.0029386104	0.0054015140
0	0.0069636550	0.0772706023	0.0743640962	0.0882184208	0.1721870125	0.4913841418	0.0017776558	0.0001819056	0.0070961053	0.0805564047
0	0.0122257801	0.0115711049	0.0000000000	0.1665022860	0.0109102820	0.0127042629	0.0646986492	0.0000036899	0.0000000002	0.7213839448
0	0.2541711323	0.0000816177	0.0032808075	0.5739227675	0.0027005893	0.0388187253	0.0005438460	0.0072593815	0.0003628433	0.1188582896
0	0.0000000713	0.0000000000	0.0007508321	0.0000146348	0.0000001418	0.0781399539	0.8484718620	0.0160644641	0.0000000500	0.0565579900
0	0.0134653418	0.1483983636	0.0089225578	0.0006577548	0.0054491906	0.0029215535	0.0000060274	0.8197380138	0.0000000000	0.0004411967
0	0.0277342457	0.0000000017	0.2688153855	0.0002767136	0.0000000000	0.2309044347	0.0483678294	0.0226463563	0.1925361681	0.2087188650
0	0.0001563976	0.1262831256	0.0066120960	0.2965364006	0.0000000015	0.0216017199	0.0015094713	0.3369604971	0.0811628149	0.1291774755
0	0.0723282301	0.0991891470	0.0008429974	0.0022553553	0.0300895939	0.0003079518	0.0490805862	0.6753435546	0.0558315639	0.0147310198
0	0.1497258232	0.1979205558	0.0000234398	0.0048104127	0.0000000000	0.0985306431	0.0000116539	0.0838426082	0.3849658873	0.0801689758
1	0.1541667284	0.0403466638	0.0000024151	0.0323746769	0.0429641873	0.4344346756	0.0441860938	0.0000033848	0.2026826009	0.0488385735
0	0.0000332143	0.1147543086	0.1723506614	0.0215125277	0.0000000000	0.0375792948	0.0733897662	0.1815205870	0.0003489079	0.3985107321
0	0.0009393761	0.0695516974	0.0011455750	0.0010174668	0.0000000022	0.0000002050	0.0110082978	0.8687114486	0.0000000000	0.0476259312
1	0.0432879431	0.0020084568	0.1645757185	0.0487176742	0.2316023145	0.1003229429	0.0099396407	0.1294868110	0.0285848082	0.2414736902
0	0.0007801915	0.0127340716	0.0011050758	0.5924902977	0.0540269305	0.0001754346	0.0447018222	0.1348955473	0.0000000000	0.1590906288
1	0.0590617417	0.0058867656	0.0089711458	0.1121272130	0.2240659183	0.1991920607	0.0500728114	0.0893569047	0.0057399383	0.2455255005
0	0.0010457648	0.1131460028	0.0007607475	0.2730218439	0.0037595624	0.0000351139	0.0407508260	0.0120739960	0.0259451413	0.5294610015
1	0.0001724141	0.0175473661	0.0590255285	0.0000025445	0.0000000000	0.0359228589	0.0704270704	0.5111567557	0.2284487186	0.0772967431
0	0.0891178901	0.0342880132	0.0030089103	0.1577220570	0.0405018634	0.0665650025	0.0047481920	0.0047540769	0.0540819300	0.5452120647
0	0.0178392114	0.0053528700	0.0472384651	0.8049456872	0.0469068776	0.0013920724	0.0000074517	0.0631564673	0.0126979948	0.0004629027
0	0.0000000052	0.1858291215	0.0000078158	0.0366197903	0.0254396259	0.0000000000	0.3255606924	0.0624428787	0.3298515261	0.0342485440
0	0.0037297500	0.0745856070	0.0168606837	0.4421626760	0.0011074659	0.3015640012	0.0114255664	0.0016109106	0.0825444559	0.0644088832
0	0.0000000000	0.1020630868	0.1456659798	0.0050287926	0.0268370929	0.0078213046	0.0012749740	0.6072848881	0.0403196360	0.0637042451
0	0.0000000000	0.0000000000	0.1672356395	0.2523971799	0.0178930785	0.1411446214	0.4034859199	0.0080355961	0.0097585905	0.0000493742
0	0.0000382548	0.0047394991	0.0279170038	0.0000000000	0.0000489756	0.0786718868	0.0051574811	0.1972973801	0.3869945549	0.2991349637
0	0.1592865728	0.0505842833	0.2680058751	0.0010706675	0.0000000000	0.0000087727	0.4357875967	0.0603876634	0.0000594692	0.0248090993
0	0.0032003837	0.1991416842	0.0280304447	0.3033931047	0.0776783942	0.0254216228	0.0000000711	0.3424355885	0.0206985682	0.0000001378
1	0.0061512973	0.0589417619	0.0365982161	0.2570208703	0.0006022100	0.0022682447	0.0779906378	0.2608796250	0.0000000943	0.2995470427
0	0.0001435490	0.0194672654	0.0522644983	0.0743690530	0.0600513121	0.0075342512	0.0309839742	0.5004691954	0.0736213981	0.1810955033
0	0.0762291266	0.2053407161	0.0000346186	0.0575607342	0.0903179425	0.2517975101	0.0617464395	0.0002971676	0.2471456223	0.0095301225
0	0.0000000000	0.0664298704	0.0008083767	0.0000000000	0.1432970871	0.1610652718	0.0004589921	0.0115464058	0.1158847917	0.5005092045
0	0.0009676255	0.5029135390	0.0168158504	0.0436537499	0.1133618520	0.1857141203	0.1046009754	0.0132626535	0.0000026586	0.0187069754
0	0.0927301817	0.0421530068	0.0028732950	0.0721231024	0.0431595605	0.1623670144	0.4376645652	0.0566387596	0.0000003680	0.0902901464
0	0.0000000000	0.2426619652	0.1262582937	0.0269233761	0.1059415835	0.1387067535	0.0000556199	0.2106694031	0.0013306503	0.1474523545
0	0.0003802993	0.0750004062	0.0002902376	0.0002505501	0.0000049972	0.0823671188	0.6504044406	0.0000059344	0.0701486967	0.1211473191
0	0.0649199285	0.0000295980	0.0446378955	0.0036780042	0.1055399510	0.1417293817	0.1040980396	0.0098797829	0.0000001175	0.5254873012
0	0.0199380220	0.2091472610	0.1042005201	0.0184399239	0.0000000000	0.2123708471	0.1711275435	0.0968269111	0.0013627281	0.1665862432
0	0.0089375420	0.0101752699	0.0120453692	0.0065980795	0.0000000000	0.7308428581	0.0008600934	0.1961267287	0.0169540826	0.0174599766
0	0.0328386455	0.0000000881	0.0000000000	0.0000091961	0.2297812425	0.0001950790	0.0000966639	0.0028802967	0.6970185671	0.0371802210
0	0.1732732424	0.0008271848	0.1231212900	0.0000000002	0.0946624888	0.1778825126	0.0000000887	0.0623312882	0.0001004248	0.3678014794
0	0.0037103730	0.0501067032	0.3733545498	0.1632484811	0.0000000000	0.0012065448	0.0197977536	0.1910313200	0.0277834448	0.1697608298
0	0.1112603011	0.0178851566	0.0560448959	0.0082261029	0.0000429608	0.6654042179	0.0755195830	0.0000054357	0.0078697140	0.0577416320
1	0.0527533826	0.0744529952	0.2134063626	0.0000036761	0.0218082182	0.0099729702	0.2364213609	0.0433483404	0.2411595812	0.1066731124
0	0.2425531516	0.0005235039	0.0426171916	0.0004727113	0.0008048503	0.2391872142	0.0003935067	0.1466036394	0.0455040361	0.2813401948
0	0.0008538152	0.3893127820	0.0300282188	0.0587085608	0.0000000000	0.0945962743	0.0109279412	0.0281554712	0.1642498217	0.2231671147
0	0.0000119757	0.0823021464	0.0560503344	0.0818975714	0.0818793900	0.0000000000	0.0617752686	0.1038420181	0.3654293597	0.1668119357
0	0.0006380034	0.0222978993	0.0135553394	0.0036026501	0.0590505380	0.0000000000	0.0000000001	0.0000002034	0.0037507835	0.8971045828
0	0.1300551322	0.0226278919	0.3420720617	0.0006074776	0.0687820416	0.0023526886	0.0132914778	0.2542979500	0.0000000015	0.1659132772
0	0.1560463407	0.0000001463	0.0699112703	0.0279989483	0.0000000242	0.0000023567	0.0761763669	0.3934892141	0.0532123483	0.2231629842
0	0.0000000006	0.0287081274	0.0000086561	0.0001623461	0.0760006556	0.0000323939	0.4262339010	0.0093324947	0.0231378236	0.4363836010
0	0.3901923692	0.0962324263	0.0017897682	0.3260299402	0.0010662486	0.0867141703	0.0000004140	0.0009944842	0.0391343826	0.0578457963
1	0.0000000000	0.0813460536	0.0400949206	0.5411220151	0.0255237607	0.0123226322	0.1981208613	0.0010234405	0.0000000000	0.1004463159
1	0.0368266241	0.0884543157	0.0001292591	0.1185801143	0.0073106769	0.3915879472	0.0364700137	0.0189620326	0.0000013774	0.3016776390
0	0.0167999752	0.0036447540	0.0122023526	0.6469111890	0.0000000000	0.0173529754	0.0124497228	0.0165177883	0.0034594692	0.2706617735
0	0.0413739032	0.0003884464	0.3209778700	0.0331790105	0.0000000000	0.0513479429	0.0000000000	0.4703899857	0.0193365259	0.0630063154
0	0.0665446655	0.0047381911	0.1274272038	0.0000000000	0.0202847686	0.1264064916	0.0628979817	0.0378798078	0.0004858581	0.5533350317
0	0.0077606086	0.0253767476	0.0006301056	0.0452157101	0.0952339081	0.5423164407	0.2209711113	0.0006080020	0.0452397429	0.0166476230
1	0.0001632555	0.1561609231	0.0297060716	0.0823080394	0.0406817480	0.2650793092	0.0000424902	0.0023694623	0.0175397197	0.4059489810
1	0.0839652815	0.0256499423	0.0013996292	0.0294360838	0.0133971386	0.0109399698	0.0029044874	0.0452768644	0.1360690527	0.6509615503
0	0.0024735647	0.0222855921	0.0334694558	0.1245500219	0.0134030802	0.0098385143	0.0135297169	0.1289304518	0.6486914451	0.0028281573
0	0.0225811017	0.0628220507	0.1322581310	0.0000001605	0.2136051555	0.3683095306	0.0543845422	0.0742318206	0.0125989754	0.0592085317
0	0.6166427764	0.0020621157	0.0015237107	0.0000000000	0.0094145554	0.0000000010	0.0018347531	0.0059850434	0.0827163216	0.2798207226
0	0.1545778763	0.0028452297	0.0000000847	0.0000542155	0.1725471237	0.1027306868	0.4138405746	0.1521099876	0.0000687320	0.0012254889
1	0.0276561860	0.0138709933	0.0079060168	0.1708148501	0.0060661729	0.0080216027	0.0000000428	0.0651742355	0.0001386443	0.7003512556
0	0.0014808957	0.0235555242	0.0072352040	0.0136476437	0.0000011365	0.8670698285	0.0226410547	0.0000259018	0.0000043535	0.0643384573
1	0.0873669168	0.0000000000	0.0057118838	0.0000006642	0.0254833284	0.0000000000	0.1326055590	0.4279554421	0.0108064012	0.3100698045
0	0.1168694835	0.1321320158	0.1324285332	0.0000112541	0.0087699611	0.2645948809	0.2242161197	0.0000001170	0.0247272800	0.0962503546
0	0.0044242383	0.0662907966	0.5991130761	0.0698958342	0.0535197629	0.0605139692	0.0403936738	0.0341326515	0.0098613327	0.0618546647
0	0.0545790260	0.1176117759	0.0229398371	0.0000690924	0.0040537470	0.6326510097	0.0025991243	0.1314494635	0.0000000220	0.0340469020
1	0.1936444745	0.0006268688	0.0988397165	0.0000000262	0.2964010456	0.0141427039	0.0421251526	0.1646417651	0.0252088936	0.1643693532
0	0.0291971912	0.2645140003	0.0411392078	0.0903095952	0.3469302775	0.0037561700	0.1797404748	0.0009564583	0.0000000000	0.0434566249
0	0.0000139093	0.0047372234	0.0206150555	0.2352530426	0.0321360704	0.0599587597	0.1545004574	0.4325272790	0.0601415957	0.0001166070
0	0.5997156486	0.0003439911	0.0296138767	0.0000040244	0.0024793244	0.0316301729	0.0161880293	0.0094995695	0.0099656450	0.3005597181
0	0.0000000000	0.7041512621	0.0056995725	0.0000000000	0.0302965516	0.1191163319	0.0337663997	0.0035617342	0.0001835250	0.1032246230
0	0.7468801536	0.0000000000	0.0138489358	0.0543464518	0.0001414400	0.0014785359	0.0000079838	0.0052663234	0.0948638051	0.0831663706
0	0.0477747515	0.0532077130	0.1687900257	0.1444392523	0.0001411489	0.1029549410	0.0045077570	0.4706498708	0.0072833179	0.0002512220
0	0.0000029607	0.0045179630	0.0028396660	0.0013243163	0.0049997643	0.0016304140	0.1629619244	0.0519300232	0.0001050396	0.7696879286
0	0.0000000000	0.0534194753	0.0000000030	0.0486716079	0.0174169820	0.5970851073	0.0002869902	0.0000007686	0.0182116797	0.2649073860
0	0.0221014807	0.0635862174	0.0059562966	0.0619575531	0.0513585644	0.0145661251	0.0000000003	0.0000343409	0.0001011935	0.7803382279
1	0.2713748809	0.0120441635	0.0138289255	0.0016495142	0.0184760345	0.0286356758	0.0000775841	0.4262414870	0.0598978074	0.1677739271
0	0.0207080471	0.0127932264	0.0382001614	0.3827403778	0.0000091219	0.0316871773	0.0518384996	0.2567891973	0.0000000000	0.2052341914
1	0.0122915493	0.0356608836	0.2372268614	0.0247762776	0.0988120415	0.4470509046	0.0001229388	0.0566760991	0.0000232834	0.0873591608
1	0.1517107497	0.0284198878	0.0081605682	0.0320501472	0.0022551733	0.0102321991	0.0159559664	0.2192290482	0.0000000867	0.5319861733
0	0.0383475981	0.2472845614	0.0042601897	0.0258876645	0.0173367406	0.0956750509	0.0000778098	0.0026468483	0.0071270912	0.5613564455
0	0.0000001715	0.0042876303	0.0019110404	0.0172854426	0.0372150790	0.1771147300	0.0001844757	0.1079464763	0.6403111283	0.0137438259
0	0.0063795705	0.0300154106	0.0001451282	0.0000091343	0.0382203729	0.1641829568	0.2511642457	0.3563542168	0.0164313549	0.1370976092
0	0.5962419375	0.0570026358	0.0000002136	0.0306630927	0.0127624212	0.0228792896	0.0453652797	0.0248730955	0.0001190086	0.2100930258
1	0.3694925353	0.1917441373	0.1112941227	0.0032559988	0.0147452659	0.0712022292	0.1082182365	0.1295204063	0.0000000238	0.0005270441
0	0.1049284816	0.0461763128	0.0037987284	0.1650570882	0.0000000598	0.6310262662	0.0286178694	0.0000000108	0.0001800927	0.0202150900
0	0.2832557756	0.0000000028	0.0215844148	0.0227135229	0.0740869365	0.0051393291	0.0139856604	0.0019870498	0.0006522084	0.5765950997
1	0.0918326983	0.2166859856	0.0000291171	0.0000000047	0.0242177752	0.0700992471	0.0001684906	0.2346877687	0.0001265265	0.3621523863
0	0.0014574138	0.7793841114	0.0000526872	0.0133428179	0.0000009674	0.0074336567	0.0049959452	0.0457867881	0.0199244053	0.1276212071
0	0.0024843667	0.0261542615	0.0048835545	0.2439497268	0.0000809813	0.0099197965	0.1941961269	0.0073912472	0.0079788506	0.5029610881
0	0.0000013895	0.0053876139	0.0229101551	0.2951969640	0.4725321474	0.0005579931	0.0797802935	0.0413376346	0.0000023201	0.0822934888
0	0.0011901827	0.0350675546	0.0073405740	0.0832798705	0.0362258233	0.1096456464	0.0165150107	0.5897629179	0.0029431193	0.1180293007
0	0.0074204005	0.3434295364	0.0403570296	0.0310045045	0.0009483709	0.0043180251	0.1064575903	0.2309763999	0.2257224870	0.0093656559
1	0.0000031520	0.0692821332	0.0000004934	0.0000000000	0.1624761178	0.1537469179	0.1381605000	0.3462375211	0.1257920457	0.0043011189
0	0.0000000045	0.1891980911	0.0890483801	0.0017019324	0.1115000819	0.0075600495	0.0428161906	0.4316159777	0.1057635304	0.0207957616
0	0.0064886867	0.0662420684	0.0685526477	0.0340556676	0.6916619977	0.0455462047	0.0057146230	0.0693346890	0.0013451531	0.0110582620
0	0.1707841807	0.0000005980	0.0000012324	0.2492791525	0.0302457896	0.1543256521	0.2208649201	0.1743285950	0.0000014819	0.0001683978
0	0.0010616542	0.1247906209	0.0215232412	0.2510792451	0.0021022487	0.5378666380	0.0029755963	0.0247319941	0.0000000000	0.0338687615
0	0.0788536846	0.0012229585	0.1621485092	0.0000006348	0.1926491149	0.0003455201	0.0012239675	0.0104323516	0.2036003492	0.3495229097
0	0.0141940606	0.0202524992	0.0052765001	0.0038923373	0.0000073170	0.0165887334	0.0000000000	0.0143020922	0.0070721594	0.9184143008
0	0.0018593042	0.0003746100	0.0000000000	0.0045380438	0.5557554296	0.3842348093	0.0303234138	0.0011126789	0.0018121074	0.0199896029
0	0.0044309920	0.0089237396	0.0000012186	0.0009065862	0.0000248893	0.0000970131	0.0000024478	0.0001344422	0.0007211871	0.9847574841
1	0.1371919230	0.0394542202	0.0789034715	0.0212143295	0.0005109333	0.0000011609	0.2963780926	0.0559978516	0.0390852751	0.3312627423
0	0.4353421879	0.0000524613	0.0000107304	0.2883356596	0.0268640429	0.0373933601	0.0113343889	0.0171869165	0.0044652528	0.1790149997
1	0.1539431347	0.0776156768	0.0864509360	0.0021261172	0.2490563130	0.0312145909	0.0000000000	0.1534541272	0.0180936701	0.2280454341
1	0.0895630808	0.6392433098	0.0309111044	0.0869691426	0.0926753966	0.0199186748	0.0041190573	0.0155825360	0.0182056310	0.0028120666
1	0.0242440756	0.0057397488	0.5767393256	0.0190909764	0.0972282081	0.0234454283	0.0304057832	0.1777240796	0.0078812363	0.0375011381
1	0.0537852570	0.0020007452	0.1127397624	0.0004242576	0.1808878894	0.0983359483	0.0055440527	0.0035072422	0.0000000000	0.5427748453
0	0.3369824011	0.0026064397	0.0083414878	0.0992972341	0.2760739950	0.0842549431	0.0001287334	0.0000000000	0.0000074685	0.1923072973
0	0.0157993237	0.3471548827	0.2362361979	0.0005390050	0.0440087771	0.1422754266	0.0044913723	0.0000000528	0.0139329807	0.1955619812
0	0.0225222345	0.0114341494	0.0000000000	0.4729788190	0.0647831378	0.3799145957	0.0003596087	0.0019650124	0.0000000000	0.0460424425
0	0.1104590164	0.0077940166	0.2472438736	0.3211179272	0.0657377146	0.0883925631	0.0754797774	0.0722528763	0.0000014945	0.0115207402
1	0.8415326341	0.0027247881	0.0000067659	0.0072472047	0.0092206425	0.0026974846	0.0002174107	0.0062959846	0.0005319736	0.1295251110
0	0.3167115054	0.0924734617	0.0000000002	0.0124693403	0.0082864483	0.4213851636	0.0007933451	0.0115244838	0.0155850433	0.1207712083
0	0.6058858733	0.0169309086	0.0089488944	0.0000000056	0.1675570803	0.0000000000	0.0241987339	0.1347841080	0.0063644274	0.0353299686
0	0.0143410117	0.0243130674	0.1050595370	0.0004867267	0.0018474446	0.0444446551	0.0010481434	0.7826014188	0.0258579646	0.0000000307
1	0.0557808671	0.0079408385	0.0583124645	0.3933393782	0.0000096368	0.2574352638	0.1125405271	0.0006297066	0.0004159111	0.1135954062
0	0.0000545455	0.5231908188	0.0000000000	0.0238804040	0.4125383059	0.0057810678	0.0001196219	0.0028041405	0.0000000000	0.0316310956
0	0.0000369823	0.5621462078	0.0638807526	0.0140276141	0.0893758713	0.0171077911	0.0006175189	0.0411904117	0.0557498541	0.1558669961
0	0.0002608181	0.0017672518	0.0073234816	0.0000000000	0.1602991330	0.0000000001	0.0413631663	0.4056368235	0.0011130755	0.3822362503
0	0.0091247680	0.0030207054	0.0028371631	0.0246119468	0.0615391935	0.0010550963	0.7282320347	0.0115708247	0.0016068978	0.1564013696
1	0.0269462413	0.1778858315	0.2383732532	0.1500749346	0.1622297594	0.1577532712	0.0479253601	0.0114232571	0.0266394460	0.0007486455
0	0.0040763731	0.0003707638	0.0004941370	0.0000004865	0.0053775356	0.9368187331	0.0198478202	0.0165155570	0.0098555357	0.0066430580
0	0.0253948206	0.3181091300	0.0000794635	0.0872662089	0.0051281084	0.0001414746	0.0074159268	0.1061445179	0.0000000005	0.4503203488
0	0.0402633629	0.0212696185	0.0000000000	0.0641991780	0.0062672995	0.7189151193	0.0026706382	0.0004274143	0.1256513027	0.0203360666
0	0.0721742499	0.0390508976	0.2174202554	0.0001564436	0.0000802194	0.0134547799	0.1915466833	0.0786533650	0.0452933365	0.3421697695
0	0.0258152357	0.0008966538	0.0346976150	0.0000447481	0.0012602212	0.1205691066	0.0072833037	0.5991099829	0.1981682691	0.0121548639
0	0.0301257603	0.0175391163	0.0000000000	0.2300461020	0.4219310965	0.0805259759	0.0008012952	0.0001978476	0.0003103089	0.2185224973
0	0.0012176800	0.0000000001	0.0000129029	0.0000001936	0.0030184521	0.2917074778	0.1934804331	0.3171530328	0.0000024632	0.1934073644
0	0.0184315570	0.0006655696	0.0002868180	0.4989145283	0.0125316031	0.1799571192	0.0326072603	0.1889714139	0.0069751861	0.0606589445
0	0.0131504518	0.1299252746	0.0000462076	0.4784481186	0.0074727704	0.0644927071	0.0976564982	0.0010974880	0.0003257378	0.2073847459
0	0.1110564356	0.0104134101	0.0239472016	0.0032527623	0.1427127792	0.0441117103	0.0222674813	0.0459832411	0.0002309115	0.5960240671
0	0.0143630921	0.0016762676	0.2684646635	0.0000106385	0.0134281101	0.0192350610	0.0000000000	0.1659242816	0.0741628769	0.4427350086
0	0.0000001282	0.0899550741	0.0470321659	0.3297138734	0.0037963768	0.0056061772	0.1743716085	0.0162256237	0.1478196724	0.1854792999
0	0.0843760958	0.0000000000	0.0663537294	0.0074843449	0.0139860650	0.0004441452	0.0028619806	0.1658024374	0.0495049839	0.6091862179
0	0.1182842613	0.5265758628	0.0777439166	0.0062058212	0.0708137588	0.1354531768	0.0196669399	0.0044175387	0.0008703950	0.0399683288
2	0.0084584251	0.0073422333	0.0148194005	0.0831710032	0.0177003631	0.4432523229	0.0177824310	0.0492473670	0.0000000004	0.3582264535
0	0.0000000000	0.0453414958	0.0149919108	0.0000000000	0.2716069359	0.1691199832	0.0005000032	0.2893005413	0.1367702194	0.0723689103
1	0.0008779519	0.5886355142	0.0020970802	0.0960230579	0.1443150491	0.0000007494	0.0067420827	0.0241337791	0.0756290630	0.0615456725
0	0.0388514904	0.0016607086	0.1614248473	0.0000000320	0.1159513933	0.4159616638	0.0000002027	0.2268986349	0.0001188189	0.0391322081
0	0.0610536837	0.0782746627	0.0006642861	0.0343051405	0.0009569039	0.1483741701	0.0241623804	0.0063848014	0.0000000414	0.6458239298
1	0.3627353232	0.0071386714	0.0000000000	0.0000001426	0.0166940063	0.0126532194	0.0211223139	0.0000301050	0.0001285457	0.5794976725
0	0.0026269139	0.1519467659	0.1038793166	0.0405720280	0.2683956657	0.1170523625	0.0214489496	0.0673349943	0.0000172654	0.2267257380
1	0.0096426210	0.0312013307	0.0480972095	0.0120810633	0.0034929854	0.0347588998	0.0083640712	0.0036330147	0.0012096713	0.8475191330
0	0.0822481694	0.0002590075	0.0000563694	0.0155111823	0.0322145574	0.0027821352	0.3388211980	0.1729064149	0.1711346737	0.1840662922
0	0.0000000002	0.3906041705	0.1054537690	0.2197910191	0.0000005057	0.2332371044	0.0163832258	0.0001973636	0.0174242022	0.0169086395
1	0.0381643291	0.0576980049	0.0397851807	0.0306610806	0.0000000000	0.5996995346	0.0013617477	0.0866345894	0.0018014701	0.1441940629
1	0.0568850313	0.0126848807	0.0161479810	0.1813140006	0.0087203084	0.6104271982	0.0245547549	0.0139473753	0.0093032384	0.0660152311
1	0.0019011604	0.0000414735	0.1171964057	0.1477087660	0.3131672717	0.2310831895	0.0002673432	0.0000015584	0.0000000009	0.1886328308
0	0.1055809564	0.0169591367	0.0018628956	0.6897697997	0.0000230813	0.0007772383	0.0000000017	0.0525790526	0.0006209979	0.1318268398
0	0.0646397421	0.0235215874	0.0143639310	0.0000000001	0.0048252044	0.4271487301	0.0030230340	0.2459084023	0.0001985951	0.2163707734
0	0.0323441228	0.0000670531	0.0038129686	0.0320879070	0.0114441976	0.1572095060	0.2538370322	0.2170628760	0.0002122689	0.2919220677
0	0.0000000000	0.0000000007	0.0000000075	0.2300320044	0.0000021115	0.0080628260	0.0000000515	0.2210122632	0.2779278082	0.2629629270
0	0.8519291951	0.0191966564	0.0380887047	0.0100510304	0.0092049458	0.0000021033	0.0000000000	0.0002963123	0.0001648133	0.0710662385
1	0.0103427220	0.1765409731	0.0000000000	0.2845085331	0.0000000028	0.0209142400	0.1213098751	0.0000042671	0.0000012415	0.3863781453
0	0.0000008653	0.0000000026	0.0000000000	0.0013999444	0.0053731208	0.0000000000	0.0000000000	0.0093108227	0.0845080418	0.8994072023
0	0.1552896313	0.1332853269	0.0020117010	0.0000000000	0.0348692645	0.0049853384	0.1304775170	0.0007575110	0.3063077699	0.2320159398
0	0.2911917786	0.0006276960	0.0067310416	0.0000016904	0.0051277956	0.1591698491	0.0000000306	0.0011435657	0.0061316597	0.5298748926
0	0.0300395476	0.0000001457	0.0002252847	0.0056531509	0.0169708689	0.0209761785	0.0857619921	0.0111732260	0.0000000839	0.8291995216
0	0.0163325833	0.0096059019	0.1185541108	0.0000070040	0.0471495863	0.0963766048	0.0746802017	0.4909001261	0.0000000123	0.1463938688
0	0.0935626326	0.1228578489	0.0000010618	0.0205729865	0.0000000284	0.1257771476	0.0059514514	0.3520870109	0.0711518086	0.2080380233
0	0.2710481364	0.0000000206	0.0039060004	0.0550369524	0.0234768503	0.0068095725	0.0023099947	0.0970599346	0.0143968614	0.5259556765
0	0.0028435359	0.4099699908	0.0009019914	0.1161659543	0.0682032963	0.0279273805	0.0239027918	0.3241483095	0.0018949146	0.0240418348
0	0.0015338453	0.0119199012	0.0082547367	0.1441525363	0.0004931777	0.4228025741	0.1152801124	0.0032645750	0.2326078833	0.0596906580
1	0.0049442218	0.0059260781	0.0008308972	0.0051793930	0.0018752505	0.0000000000	0.1527512478	0.2870589324	0.0000000000	0.5414339792
0	0.1297819299	0.0265964481	0.3370220861	0.0638001509	0.0000133077	0.1145536038	0.2304420731	0.0977500472	0.0000000000	0.0000403534
2	0.2078798891	0.0014149025	0.1262998797	0.0216880990	0.0006847429	0.1422456331	0.0065467740	0.1837933282	0.0007666100	0.3086801415
1	0.3100278926	0.0009530478	0.0749074448	0.0000000195	0.0017296145	0.0000319973	0.0208411781	0.0128134601	0.5786953441	0.0000000013
1	0.3989194632	0.0314065884	0.0123522169	0.0197422845	0.0408626733	0.2263873560	0.0094298538	0.0674600367	0.1179152247	0.0755243025
1	0.0000005680	0.0000524074	0.1811952692	0.0111298336	0.1016097788	0.6083019815	0.0022026409	0.0851771439	0.0103303766	0.0000000000
1	0.0402475141	0.0228132454	0.0081656414	0.2197233056	0.0545136466	0.2102274447	0.0000000000	0.0128950001	0.2180310931	0.2133831091
1	0.0123047045	0.0563283800	0.0144954898	0.0419986992	0.0533348936	0.0379804508	0.0167934260	0.0001438918	0.0011555362	0.7654645280
1	0.3017950433	0.1970004846	0.0016647390	0.2392917075	0.0015134754	0.1397321476	0.0066071680	0.0187201842	0.0000650433	0.0936100070
0	0.0018048885	0.6095044498	0.0159440657	0.0000000000	0.0002097447	0.0210980025	0.0127256755	0.1260626349	0.0033426309	0.2093079075
0	0.0006830544	0.0015023773	0.0125944495	0.0000078513	0.1769122378	0.0318004588	0.2273707778	0.0315960875	0.3024875208	0.2150451847
0	0.0718124192	0.0046341943	0.0008278494	0.0138558317	0.0147222983	0.7554404778	0.0037890291	0.0000000024	0.0000000000	0.1349178978
0	0.0614706218	0.0539784639	0.0776612159	0.0014787284	0.0901047070	0.4473763682	0.0057185819	0.0000000048	0.2064429467	0.0557683614
0	0.0563652851	0.0840128370	0.0029629556	0.0000711657	0.0190232236	0.0983493283	0.0252164966	0.4797428250	0.0105961489	0.2236597341
0	0.0000000000	0.0000010177	0.0000000000	0.0012260036	0.0000001998	0.0192128765	0.0173695655	0.0012559394	0.0015234929	0.9594109046
0	0.2805970207	0.0064958985	0.0449146832	0.1992162419	0.0136221228	0.0383230688	0.0032189183	0.0000000000	0.0000000000	0.4136120458
0	0.0039104838	0.0000373114	0.1838968177	0.0134989420	0.0000000000	0.6336041655	0.0002817216	0.0540097306	0.0052204206	0.1055404068
0	0.2079532443	0.0392370894	0.0010749530	0.0143796939	0.3407194984	0.0000001156	0.0000000042	0.0449606828	0.0000000000	0.3516747183
0	0.0109590631	0.0116943981	0.0444324567	0.0058595680	0.0425942025	0.1746069007	0.2369891718	0.1353166681	0.0935467394	0.2440008316
0	0.2557664981	0.0000271911	0.0478525831	0.0888200900	0.3412491861	0.0788625145	0.0000743154	0.0000000001	0.0000001318	0.1873474898
0	0.3828652219	0.2873928060	0.0004912867	0.0052556984	0.0040644670	0.0049790081	0.0887690457	0.0000000488	0.1166426056	0.1095398119
0	0.0001699303	0.4800252789	0.0359278657	0.0039601159	0.0000057277	0.0395553184	0.0333711553	0.2245564666	0.1602656887	0.0221624526
0	0.0000669884	0.0000739750	0.0190666639	0.0021753439	0.0010274980	0.0448140146	0.5692457051	0.0022459737	0.3168058607	0.0444779767
1	0.0353828415	0.0336128714	0.0118671799	0.0001658671	0.0870333889	0.1485486896	0.0060652810	0.0284212779	0.0024365547	0.6464660481
0	0.0613387296	0.0122468695	0.2112605947	0.1538976326	0.1331987539	0.0039672066	0.0149324225	0.1363936579	0.0262889251	0.2464752076
0	0.5170316877	0.3344237736	0.0000120589	0.0004748323	0.0270654635	0.0435517212	0.0000000279	0.0000078086	0.0000000203	0.0774326060
0	0.0036534292	0.0014054777	0.0529344033	0.0317891813	0.0039037860	0.0084895982	0.2411434457	0.0098691440	0.0570171736	0.5897943609
0	0.0000013621	0.1926728711	0.0000000579	0.0131591722	0.0097347722	0.6428511666	0.0138932385	0.1098124082	0.0047096953	0.0131652559
0	0.0683192674	0.1788810079	0.2611609147	0.0003061604	0.0143976291	0.1493143236	0.0443604978	0.0081065712	0.2751536278	0.0000000000
2	0.0002305296	0.0696170523	0.0058391644	0.0540510110	0.0003207358	0.0900330568	0.0040508457	0.1572105266	0.0360696494	0.5825774284
1	0.0301041155	0.1608948175	0.0020025166	0.0353688617	0.1823009517	0.0476999912	0.0326498464	0.0199677175	0.3097347340	0.1792764479
0	0.0160193368	0.0801079780	0.0000013299	0.0007246901	0.0000001629	0.4329129403	0.1080256151	0.1560456497	0.1567650303	0.0493972671
1	0.2369902527	0.1032570510	0.0786882297	0.0000002168	0.0204929446	0.0799084347	0.0340891085	0.1528304930	0.0011264076	0.2926168613
0	0.2533728478	0.0060676758	0.2149108670	0.0022025045	0.0055425246	0.0956167928	0.2431480225	0.0139933402	0.0178034355	0.1473419892
0	0.2246242038	0.3253117866	0.0217554489	0.0519015468	0.0085094996	0.1243853663	0.0160931993	0.0834837950	0.0018032431	0.1421319107
0	0.0032518930	0.0540297264	0.1201754124	0.1292549217	0.0000000000	0.0336560937	0.0208080900	0.0187143772	0.0015112821	0.6185982035
0	0.2007971171	0.4393315188	0.0470973507	0.0017847326	0.0591636101	0.0004744202	0.0000001478	0.2504199677	0.0001692987	0.0007618362
0	0.0120156593	0.0016678961	0.0000242588	0.0002619264	0.0169336732	0.0444170218	0.0041179778	0.7125076292	0.0000000000	0.2080539573
0	0.0000180998	0.5355303295	0.0007103845	0.0058625571	0.0003526962	0.2027311764	0.1664409693	0.0448253932	0.0000000000	0.0435283941
0	0.7034789422	0.0666780726	0.0037410122	0.0062073506	0.0000000000	0.1779216958	0.0139216934	0.0000078707	0.0000000000	0.0280433625
0	0.0281635897	0.0636889908	0.2640474588	0.1278720779	0.0000005265	0.1886851863	0.0058350645	0.3199458118	0.0017604681	0.0000008254
0	0.1552923190	0.0008663351	0.0074949625	0.1009951967	0.1810563884	0.0785533783	0.3328600136	0.0222739899	0.0000472594	0.1205601570
1	0.0674179817	0.2235392713	0.0009714473	0.0234521527	0.4246405213	0.0026573168	0.0046810523	0.2171200236	0.0100308366	0.0254893963
1	0.0092608276	0.0002242574	0.0002150994	0.0000000000	0.0000001042	0.2740606632	0.0000000745	0.3836388352	0.0409072731	0.2916928653
1	0.0000000000	0.0636406574	0.1630958825	0.0664767960	0.0062616806	0.1285551431	0.3773865614	0.0218281627	0.0816499703	0.0911051460
0	0.0007482026	0.0020831163	0.0031987544	0.0251527102	0.0000000000	0.0297677712	0.0000008633	0.7472492548	0.0167578895	0.1750414378
0	0.1265101066	0.4895421500	0.0175027696	0.0008026448	0.0000000000	0.0000132518	0.0089026761	0.0446418335	0.0007635952	0.3113209725
0	0.3566966572	0.0000000000	0.1302239684	0.0007171851	0.0041890782	0.1001923104	0.0542645982	0.0182387250	0.0129570388	0.3225204387
0	0.1132800121	0.0024058867	0.0000000000	0.0267345482	0.0004967868	0.0122824368	0.0000000902	0.7933147692	0.0316462114	0.0198392585
0	0.0006221345	0.1115280680	0.0000000000	0.4017161325	0.0000090584	0.0000492779	0.0000057802	0.3247591274	0.0440265574	0.1172838638
0	0.0000873470	0.1981399833	0.1362158137	0.0000000354	0.0152542410	0.0000008616	0.0000000011	0.0060294400	0.4562337683	0.1880385086
0	0.0000094902	0.1169532136	0.0001220360	0.0052266007	0.1409636857	0.0000082314	0.0015010119	0.0264236009	0.7071726627	0.0016194669
0	0.0001305401	0.0413207480	0.0034464958	0.0025124580	0.0100931247	0.1139478399	0.0012850148	0.3327411959	0.0000002332	0.4945223497
1	0.0132744927	0.0257507952	0.0091371094	0.3618540736	0.0279670009	0.4299435336	0.1147018283	0.0054845516	0.0000000013	0.0118866135
1	0.0512260905	0.0000000000	0.0010625832	0.0332916097	0.0833287947	0.0732025028	0.0019815972	0.0123996420	0.0000584576	0.7434487222
0	0.0070286159	0.0441431595	0.0000000000	0.3097258191	0.3199140312	0.1137673415	0.0000000001	0.1975334951	0.0002819322	0.0076056054
0	0.2451341818	0.0000000816	0.0050707489	0.1554792105	0.0000000020	0.2817467329	0.0682400506	0.0284323521	0.0231660875	0.1927305521
0	0.0154844421	0.5119824301	0.0636375029	0.0000000001	0.0162942362	0.0000976613	0.0088768924	0.3782429639	0.0048546303	0.0005292408
0	0.0215506859	0.0335505138	0.1918230017	0.3268881675	0.0030136539	0.3106922202	0.0684885809	0.0000965415	0.0116007060	0.0322959286
0	0.0341522770	0.0315293599	0.0120221831	0.0244805472	0.3245411841	0.1389650866	0.0560526460	0.0149827320	0.0737632547	0.2895107293
0	0.0136370688	0.0000005810	0.0485589239	0.2668466880	0.0000000000	0.3041130240	0.0107462764	0.0123850621	0.1575376488	0.1861747271
0	0.0020531070	0.0020997199	0.0043019050	0.8132164692	0.0017624912	0.0557657185	0.0203714085	0.0879805786	0.0124339000	0.0000147020
0	0.1082769556	0.0212341565	0.0334244637	0.1740776773	0.1412661574	0.0061778553	0.0898269221	0.3915593720	0.0339799684	0.0001764716
0	0.0000000006	0.0003817414	0.0010052293	0.1200596977	0.0468603310	0.0021339381	0.0022616802	0.0000526131	0.0000486601	0.8271961086
0	0.0020429623	0.0473225174	0.0779361411	0.1850574806	0.0002371510	0.0001953496	0.1996404925	0.0665769126	0.3497745742	0.0712164188
0	0.0000005037	0.0001006290	0.0415275691	0.4386976182	0.0051771972	0.1104338265	0.0000176878	0.2900289803	0.0022509265	0.1117650615
0	0.1302212208	0.0015674516	0.0035511134	0.0025419466	0.0000853249	0.0004953245	0.0000083155	0.2399445708	0.0000000000	0.6215847319
0	0.1351979420	0.1838651387	0.0461909217	0.0761995526	0.0004191090	0.0000008021	0.0052763931	0.1351226234	0.0142418782	0.4034856393
0	0.0001169945	0.0773206624	0.0085482685	0.0000000366	0.0000504536	0.0318291831	0.4255835594	0.0029362901	0.2207294886	0.2328850632
0	0.0226413496	0.0040541071	0.0573837174	0.0039714286	0.0002752148	0.0272059550	0.2803567660	0.0000213714	0.3852311470	0.2188589431
0	0.0073942991	0.1554152211	0.0251976989	0.0002264027	0.0090410794	0.4852982148	0.1813060033	0.0805401075	0.0534443352	0.0021366380
0	0.1792083485	0.0139937672	0.0021337323	0.0000000000	0.0124852540	0.2651453676	0.4415471912	0.0282001277	0.0333358489	0.0239503627
1	0.0654292874	0.0328194759	0.0691190944	0.0703588874	0.1647783820	0.0855261714	0.0000000000	0.0007446391	0.0007080268	0.5105160356
0	0.0692064075	0.1031937327	0.0779109295	0.3061802456	0.0004628074	0.3447387497	0.0542621845	0.0204691977	0.0000056444	0.0235701010
0	0.1695569486	0.6810866110	0.0082119893	0.0033935609	0.0136109537	0.0044683802	0.0231745784	0.0687018531	0.0000052482	0.0277898765
0	0.3702157534	0.0354888256	0.2769683067	0.0003062599	0.0458822448	0.0482329789	0.0000021081	0.1275838839	0.0878721838	0.0074474551
0	0.0000000991	0.0361589211	0.0025005648	0.0140648544	0.0330668060	0.0000000807	0.0000002715	0.0003867822	0.0000821680	0.9137394523
0	0.0335891428	0.2384103425	0.0012244476	0.0637359122	0.1656232011	0.2755592625	0.0226381017	0.0526879315	0.0115631310	0.1349685271
0	0.0217446234	0.0002046193	0.2375583116	0.0367528187	0.0000177698	0.0000000895	0.0126167091	0.0021507222	0.0000000000	0.6889543364
0	0.4645853382	0.0188329057	0.0000005081	0.0054125965	0.0000000439	0.0003267282	0.0041858969	0.2692961778	0.2039056684	0.0334541363
0	0.0146757675	0.0442863111	0.0469240328	0.0381616496	0.0000000003	0.1821260879	0.0353916191	0.0826465162	0.0004241364	0.5553638791
1	0.1100756297	0.0393241724	0.0509542853	0.0384312050	0.5968095196	0.0000047618	0.0100064601	0.0015207589	0.0296215584	0.1232516489
1	0.1427568335	0.2268435290	0.4659994932	0.0000002251	0.0009431976	0.0151919344	0.0000000424	0.1469842405	0.0001730904	0.0011074138
0	0.0394452241	0.2775238366	0.3617745522	0.0007478386	0.0351487143	0.1511726879	0.0175022642	0.0842376109	0.0000442730	0.0324029980
1	0.1389905095	0.0932464162	0.1305511008	0.0003642787	0.0003390719	0.1558122130	0.0000058834	0.1572647218	0.0000000068	0.3234257979
0	0.0399176991	0.0068710834	0.0151137520	0.1913837309	0.0213235714	0.0112276876	0.0889168398	0.0208574667	0.0061264652	0.5982617038
0	0.0000001802	0.2175139154	0.0592010714	0.0113898490	0.3276408673	0.0234569128	0.0000000000	0.3011569032	0.0001002196	0.0595400810
0	0.0206687835	0.2087154503	0.0106672797	0.0794672334	0.0086888029	0.5385773509	0.0381575144	0.0000000000	0.0005945598	0.0944630251
0	0.0565131263	0.3233815042	0.0000326656	0.0578563723	0.0514714543	0.0046593082	0.0017787451	0.2333072931	0.1131404389	0.1578590919
0	0.0065265994	0.0098260761	0.6491409734	0.0021042612	0.0000733001	0.0000471941	0.0157604103	0.0210726071	0.0227558342	0.2726927441
0	0.0320966625	0.0497596965	0.0014146593	0.4634570499	0.3024421934	0.0516174668	0.0937861368	0.0031966897	0.0000000000	0.0022294452
0	0.4444676474	0.0013351816	0.1598750474	0.0682614588	0.0108103960	0.0186510271	0.0343272884	0.0308875645	0.0000000038	0.2313843851
0	0.0188065064	0.0220909501	0.0056522196	0.0000237120	0.2256225084	0.0077601529	0.0047825914	0.0000000111	0.0003022213	0.7149591269
0	0.1969005766	0.0000984087	0.0112978098	0.0237457862	0.0231593926	0.0058626152	0.0027560083	0.0020054454	0.0006728400	0.7335011172
0	0.0000000832	0.0463712807	0.0000010887	0.0634271175	0.0003163031	0.1355652417	0.0518655035	0.0054444350	0.0000000000	0.6970089466
