0	0.0662262238	0.2290812133	0.0007148722	0.0158584421	0.4480518535	0.0519889395	0.0132771658	0.0069780745	0.1315076266	0.0363155888
0	0.1003102667	0.0108669690	0.1548069899	0.0254258986	0.0163097884	0.0229974496	0.0934136782	0.2809236674	0.1470847520	0.1478605402
0	0.0000012603	0.0188096243	0.0100237284	0.3106877257	0.0000000159	0.0139646234	0.1751882547	0.0128756628	0.3750395218	0.0834095825
1	0.0041171172	0.0031065435	0.0020498535	0.0796980627	0.0263748770	0.4668346130	0.2641824250	0.0353644105	0.0063515656	0.1119205319
0	0.0522380683	0.0009336603	0.0000000005	0.0000000000	0.0068994689	0.0760898793	0.0251755332	0.2253552115	0.5861437601	0.0271644179
0	0.4236348195	0.0313383362	0.0675856924	0.0000002510	0.0056377987	0.0017815960	0.0002506246	0.3944512528	0.0753180524	0.0000015764
0	0.0053645024	0.0023625044	0.1580410018	0.0134747707	0.0000000000	0.0044542305	0.0161099651	0.0117373615	0.1721459990	0.6163096646
1	0.2856251949	0.1129474928	0.0185942928	0.0099292261	0.2355905856	0.0042418484	0.0053559477	0.1258345644	0.2018800358	0.0000008114
0	0.0044307416	0.0724927528	0.0218296754	0.0000003523	0.2466110624	0.0698525417	0.0815529141	0.0049872557	0.0009209270	0.4973217771
0	0.0153365402	0.1148282234	0.0166909778	0.1601497163	0.0469999970	0.3723112945	0.1517478449	0.0093433461	0.1125920598	0.0000000000
1	0.0231464512	0.0000062379	0.0730980426	0.0930090103	0.0183575856	0.0275108553	0.2317987320	0.1621196348	0.3709229606	0.0000304896
0	0.2550121322	0.5272171285	0.0052352109	0.0590890420	0.0012708632	0.0035478879	0.0094021008	0.1246116896	0.0038699580	0.0107439869
0	0.7437140479	0.0055894726	0.0000040985	0.0962785695	0.0511766678	0.0351993802	0.0118605968	0.0084016789	0.0059170827	0.0418584050
0	0.0136894294	0.0000242075	0.0187871428	0.0348279454	0.0321176687	0.1158355536	0.0000000000	0.0532774701	0.0166007566	0.7148398259
1	0.0000004383	0.0735573055	0.0086342381	0.0166590844	0.0004494788	0.0005068056	0.1276596739	0.0200683345	0.7518514087	0.0006132323
0	0.0071910834	0.3924695777	0.0000000007	0.0933012619	0.0003170143	0.1328242004	0.0030045591	0.1973898834	0.0890052739	0.0844971452
0	0.2296931335	0.0407749545	0.1038428074	0.1662274750	0.1988101984	0.0304694393	0.0477231637	0.0545005859	0.1279582424	0.0000000000
0	0.0794961600	0.4692161463	0.0000000000	0.0715955122	0.0000002192	0.2853609420	0.0788392680	0.0127237439	0.0002765148	0.0024914935
0	0.0511885309	0.0105469604	0.0000001307	0.0062556415	0.0062067709	0.3237355742	0.0074462429	0.0084134143	0.1722326387	0.4139740955
0	0.0179543950	0.0101710208	0.0716074626	0.3134596479	0.0001719390	0.0248031735	0.0004136315	0.0170130866	0.4448002276	0.0996054155
0	0.0000384589	0.0083699924	0.0012623702	0.0295847637	0.0000000067	0.0056207621	0.3255670524	0.0328027359	0.0964156881	0.5003381696
0	0.0178811958	0.0004603078	0.5039101648	0.0000303808	0.0000013117	0.0833444753	0.0139374403	0.0000524484	0.0004454183	0.3799368567
0	0.3974625510	0.0489086795	0.1136774756	0.0495690131	0.0670009127	0.0066275370	0.0395060179	0.0249628689	0.2509114598	0.0013734843
1	0.0061698135	0.0001178586	0.1615288069	0.0102173176	0.1015195691	0.3197154393	0.0023166782	0.0430796598	0.3513865245	0.0039483325
1	0.0357769458	0.0070740284	0.0024728200	0.6814239582	0.1207132851	0.0003697570	0.0882933942	0.0007921598	0.0383237838	0.0247598677
0	0.0710874423	0.0000000237	0.3463264311	0.0078158780	0.0219553946	0.0419924748	0.0589788133	0.0031016448	0.3947956064	0.0539462912
0	0.0001020123	0.0108171619	0.3697169794	0.0830395278	0.0178459507	0.0094111365	0.0028255404	0.4304687478	0.0000807370	0.0756922062
1	0.2058544885	0.0799850517	0.0000977403	0.0045376552	0.0487972011	0.2085449282	0.0000128996	0.0002432112	0.3794891673	0.0724376571
0	0.0025568576	0.2800090913	0.0047675407	0.1111106852	0.1880963303	0.0717615725	0.0175310599	0.0000000000	0.2768923117	0.0472745507
0	0.1952384872	0.0039868930	0.0616468405	0.0155094873	0.0007667932	0.0375504120	0.3335732936	0.0286243600	0.0477869013	0.2753165318
0	0.0000396367	0.0275340963	0.0000237901	0.0072561224	0.0101021165	0.1459704904	0.0268918510	0.0902483195	0.0125369762	0.6793966009
0	0.0561275591	0.0286112056	0.0832596798	0.0617161206	0.0000000292	0.0217061616	0.2994312564	0.3181541575	0.0878178621	0.0431759681
0	0.3986426699	0.0017327816	0.0000000000	0.0655560333	0.0000000102	0.0003160425	0.0025587899	0.3970491054	0.0740390258	0.0601055413
0	0.2118983230	0.1401862346	0.0018591515	0.0913573664	0.0051459086	0.0831814278	0.0119339094	0.4016589403	0.0052073073	0.0475714311
0	0.0384283360	0.0003901588	0.0023601632	0.8585834556	0.0009557855	0.0091050324	0.0035356677	0.0348181352	0.0518158199	0.0000074457
0	0.1725922193	0.0145447742	0.0204168206	0.1753502453	0.0060382229	0.0578417934	0.0201798598	0.0145092057	0.0270268461	0.4915000128
0	0.0005777381	0.0886353259	0.0143733573	0.0106501805	0.0950338699	0.2731477801	0.2030367421	0.1408739931	0.1168390171	0.0568319959
0	0.0000000000	0.0061078192	0.0000000000	0.4845953020	0.0000272879	0.0350888477	0.0359182300	0.2023846521	0.1805141195	0.0553637415
0	0.0056508216	0.0504275952	0.1188179616	0.2833033308	0.0214185471	0.3301775788	0.0373667504	0.0139266139	0.1017942408	0.0371165598
0	0.2140651024	0.0007973403	0.0004202534	0.0059237135	0.4128140873	0.0382609086	0.0009769599	0.2401883376	0.0114752159	0.0750780811
1	0.1319361885	0.2476769683	0.2742467443	0.0093833037	0.0010090689	0.0005077616	0.2113196527	0.0790162402	0.0001358285	0.0447682433
1	0.0013131165	0.0010909912	0.0785988037	0.2556026187	0.0000004031	0.5611896077	0.0555756456	0.0279200666	0.0033341295	0.0153746174
1	0.0312474316	0.0053823698	0.0460973501	0.3907267019	0.0012399911	0.0371860241	0.2691724507	0.1142915904	0.0846694925	0.0199865979
0	0.2916498024	0.0017317754	0.1616851779	0.0322196675	0.0052290050	0.1445646508	0.0273318375	0.0029800596	0.3326080239	0.0000000000
1	0.0001206985	0.0001367312	0.0000000353	0.1791459536	0.1193862450	0.4501868721	0.1525625183	0.0709704316	0.0232901104	0.0042004041
1	0.0654542681	0.0189504307	0.5775305290	0.1683058941	0.0343751206	0.0092062277	0.0170458147	0.0852775215	0.0234725243	0.0003816692
0	0.2479310472	0.0012004561	0.0635420818	0.2281955681	0.1582522906	0.0221773965	0.1935393990	0.0017502780	0.0318630613	0.0515484215
1	0.0114985059	0.0041615978	0.0097034324	0.0007853680	0.0074891711	0.0049352759	0.0169219892	0.1018604741	0.5224668741	0.3201773115
0	0.0469279468	0.4421751185	0.0000000000	0.2813903037	0.0014695583	0.0004216359	0.0000000173	0.0513087096	0.1756789196	0.0006277903
0	0.0066592325	0.0654928261	0.0000000000	0.0012372426	0.0555018988	0.0110478610	0.0225189511	0.0381475760	0.7925434857	0.0068509262
0	0.0157007436	0.0072514655	0.0220794950	0.1650416352	0.0178797805	0.0663647144	0.0298257262	0.6395268234	0.0044165201	0.0319130961
0	0.1965746294	0.0349373301	0.0256115089	0.1041486876	0.0011028371	0.0045570027	0.0259438357	0.0504125381	0.5520607086	0.0046509218
0	0.0153258661	0.0000001761	0.0375972533	0.0033110337	0.0766675505	0.1222938203	0.0001047153	0.2442296523	0.5004695291	0.0000004033
0	0.2645777256	0.0294637072	0.0047839882	0.0012007000	0.0033287498	0.0440411511	0.0249159796	0.0001792311	0.0038018770	0.6237068904
1	0.0115707424	0.0152188930	0.4290472102	0.1922003701	0.0021592853	0.0000000000	0.0910219820	0.0151757337	0.2385452695	0.0050605139
0	0.0001856947	0.0217994311	0.0178233255	0.0564862790	0.0018983431	0.2721326711	0.0627819058	0.4697759518	0.0552386697	0.0418777283
0	0.0001917376	0.0080422247	0.0081268642	0.1595150702	0.3139784862	0.0000001026	0.2655696081	0.1728291570	0.0707346959	0.0010120535
0	0.3386460723	0.0014826175	0.0013467484	0.0930062172	0.0133283057	0.0000000000	0.3902037239	0.0214196832	0.0838434491	0.0567231828
0	0.3437667766	0.1220702335	0.0372744713	0.0575130496	0.0041538413	0.3363630302	0.0000000798	0.0035280437	0.0464260510	0.0489044230
1	0.0000137356	0.0562228913	0.2456350560	0.0142441405	0.3728046654	0.1561062380	0.0196058160	0.0003278869	0.0870073961	0.0480321742
0	0.0000093410	0.0000000036	0.0000000000	0.0073511538	0.4804228538	0.0000669359	0.0140798522	0.0128074285	0.2570717112	0.2281907200
0	0.4689008678	0.1324315363	0.0000005363	0.0185593776	0.0434624486	0.0001390286	0.0235567623	0.0000000000	0.1630340812	0.1499153613
1	0.0397352502	0.0060331811	0.0000000000	0.2660054871	0.0006366865	0.1584024005	0.4325493122	0.0901435368	0.0018708377	0.0046233079
1	0.0360779125	0.0000000000	0.1600956128	0.1855136057	0.0324234834	0.3665893616	0.0033033013	0.2156120912	0.0003831434	0.0000014881
0	0.0023781836	0.0032819348	0.2708259200	0.0536212079	0.0473307987	0.0000000000	0.0295477740	0.1754326976	0.3512002453	0.0663812382
0	0.0000063238	0.0065847333	0.0014031619	0.2257208589	0.3632838762	0.3375987090	0.0412792145	0.0032869388	0.0204160862	0.0004200975
0	0.0564912493	0.0096341401	0.0000000481	0.0514684548	0.0206677191	0.0571602312	0.0066265485	0.1503545083	0.1047254951	0.5428716055
1	0.0120231203	0.0007434565	0.0006315954	0.0615245517	0.0123018162	0.0015188151	0.0857952092	0.8170070384	0.0006047991	0.0078495982
0	0.2342080099	0.0711065112	0.0330429154	0.0071432274	0.0196720244	0.5851455314	0.0023074190	0.0473263208	0.0000239938	0.0000240467
0	0.5048459521	0.1620296216	0.0096581046	0.0397169751	0.0031598808	0.0183885377	0.0797444734	0.0486793835	0.0000072189	0.1337698524
0	0.1356922294	0.0405770730	0.0628738275	0.5110100304	0.0115027117	0.0779872452	0.0073011980	0.1476321262	0.0045918657	0.0008316929
0	0.0150770998	0.0002594461	0.0074572770	0.0598262072	0.0000000869	0.0000124242	0.1459684684	0.0515177206	0.7040455254	0.0158357445
0	0.0000000000	0.0052311876	0.0092292811	0.4391376135	0.3203189901	0.1053727634	0.0000000043	0.0744960072	0.0133236692	0.0328904837
0	0.3362187775	0.0677346528	0.0509822596	0.1877995571	0.0000034737	0.0850329822	0.0000980697	0.0378515933	0.0627626584	0.1715159758
1	0.0000623251	0.0027397718	0.0015830630	0.9042727956	0.0000214402	0.0088745311	0.0254296696	0.0041882542	0.0000194613	0.0528086881
1	0.3482590367	0.0000011387	0.2168787269	0.0135338810	0.0395861522	0.0000000014	0.0000185563	0.0319268849	0.1171155815	0.2326800403
0	0.1728084147	0.0000070976	0.0004752601	0.0300269171	0.0942511359	0.0015873280	0.0101404394	0.0155203197	0.5949640693	0.0802190181
1	0.0014101419	0.0046673508	0.0087936786	0.0351892828	0.0006175237	0.0168167435	0.0281055698	0.0723509303	0.8319248517	0.0001239269
0	0.1525487240	0.6520520792	0.1000790745	0.0736233576	0.0000384122	0.0046004055	0.0079633913	0.0005798236	0.0014504541	0.0070642781
0	0.2132224857	0.0498566151	0.0495485602	0.0227635217	0.0166469190	0.4002374617	0.0245042077	0.0093654075	0.1541691949	0.0596856266
0	0.0000006146	0.0007642435	0.1515574501	0.0322725498	0.3019121831	0.1147136140	0.0000258904	0.1534369147	0.1816369285	0.0636796113
0	0.0005022389	0.5167363961	0.0808154568	0.2024021571	0.0430475788	0.0842882735	0.0575525096	0.0008642042	0.0137911850	0.0000000000
0	0.1211546145	0.0000110446	0.0000381711	0.0000000000	0.3668066990	0.3696548877	0.1190266498	0.0000000234	0.0233024130	0.0000054969
0	0.0002226072	0.0000000000	0.8564650306	0.0031000426	0.0070864683	0.0096953928	0.0166171793	0.0261191097	0.0136038373	0.0670903322
0	0.0698485699	0.0000521808	0.3863495469	0.0000000000	0.0576604638	0.2183575730	0.0018555377	0.2651117066	0.0004360285	0.0003283928
0	0.1244377085	0.0147035489	0.0037790645	0.2706723234	0.0461694002	0.2701482651	0.0000051279	0.2408861020	0.0109332039	0.0182652556
0	0.0032581820	0.0000000000	0.0129212583	0.3423437350	0.0158226503	0.0000060502	0.0012821014	0.2887714878	0.0080090530	0.3275854820
1	0.0001032949	0.0081148857	0.0127000439	0.0573790674	0.1912808021	0.0333845069	0.6012993042	0.0112785848	0.0773208646	0.0071386455
1	0.0041093272	0.0000000000	0.0511347119	0.0429687482	0.0000413448	0.1830322787	0.0812863833	0.0238671333	0.1226294461	0.4909306265
1	0.0092522594	0.0778929813	0.0000052948	0.1747192935	0.1107385970	0.0668163046	0.0387758348	0.2912641793	0.0099706549	0.2205646004
0	0.0947144215	0.0239952870	0.0338099759	0.1077456603	0.1758482865	0.0385637168	0.1660626997	0.0005796320	0.1125170391	0.2461632811
0	0.1352773419	0.0201846347	0.0577563753	0.0191657532	0.0091628207	0.0279120627	0.1216077733	0.0026704856	0.5662466063	0.0400161463
0	0.0094021241	0.0302951884	0.0363709362	0.0299802410	0.5209438542	0.1153734423	0.0419472199	0.0164959827	0.1606649678	0.0385260434
0	0.0025113160	0.0000000000	0.0000908144	0.0494256121	0.0000000159	0.2285815020	0.1080352105	0.2507539825	0.2543724665	0.1062290801
1	0.0382615453	0.0014893025	0.0000630107	0.0245167426	0.0079411240	0.0007858915	0.1761860463	0.0771888330	0.5114206442	0.1621468599
0	0.0170742789	0.0000088122	0.0000000000	0.0023334392	0.0137535920	0.0267684085	0.0013085270	0.0383046334	0.8998581256	0.0005901833
0	0.0047512559	0.0034709494	0.3779874169	0.0345007492	0.0048710218	0.0282297516	0.0115037691	0.3522917494	0.0273107201	0.1550826167
0	0.0002072908	0.4024403315	0.0005443641	0.0102026619	0.0000000886	0.0002343895	0.5716702889	0.0055014624	0.0073758863	0.0018232361
1	0.3468539943	0.0929705843	0.1115542625	0.0039908810	0.0236097338	0.0000001630	0.2372828045	0.0642764698	0.0742461901	0.0452149168
1	0.0000000000	0.0123093354	0.0159864097	0.4190898426	0.0001719996	0.0942915569	0.2942409743	0.0057317948	0.0069012518	0.1512768349
0	0.0011860728	0.2082490787	0.1507738303	0.0573177711	0.1922686519	0.0025076696	0.0658452543	0.1243059818	0.1550873085	0.0424583811
0	0.0002167600	0.0169213875	0.0057862275	0.2326173656	0.0082115695	0.0000018370	0.0159020761	0.0204612041	0.2798232379	0.4200583348
0	0.0379622509	0.0000000003	0.2879119496	0.0038646232	0.0055356348	0.0743883509	0.1758760992	0.1355289635	0.2774435096	0.0014886181
0	0.0404502867	0.0812781938	0.0000165395	0.4925293113	0.0024754914	0.0011024019	0.0266613691	0.0000000296	0.2863577154	0.0691286614
1	0.0002459464	0.5054796658	0.0032997205	0.0053074746	0.0290919370	0.0719197355	0.0310889570	0.2040337430	0.0085660845	0.1409667356
0	0.1117418812	0.0580396636	0.2915342779	0.1335091886	0.0764067778	0.1169934536	0.0754746741	0.0799083799	0.0043977861	0.0519939172
0	0.1009598800	0.0070099150	0.0209170339	0.0776203929	0.0649677340	0.0582267656	0.0207065301	0.3944737635	0.1613972358	0.0937207491
0	0.0840273726	0.0123137516	0.0291953973	0.0895163706	0.0658020487	0.2162381285	0.0755061627	0.0005896328	0.0073563186	0.4194548168
0	0.4789053551	0.1096264522	0.0066710046	0.0064578669	0.0151994354	0.0424080775	0.0146449355	0.0196626035	0.0377807429	0.2686435264
0	0.0280635488	0.0092810981	0.0240587941	0.2744959499	0.0162031955	0.0554005171	0.0451371509	0.3210823566	0.0170265207	0.2092508682
0	0.2067758076	0.0030056330	0.0739507800	0.1077629262	0.0291252333	0.0006893125	0.1508338365	0.3246926056	0.0028186234	0.1003452419
0	0.0982487749	0.0000000000	0.1092687481	0.2998141582	0.0719639297	0.0001789399	0.1506739647	0.0006153126	0.1849714667	0.0842647052
1	0.0374444145	0.0212078486	0.0000000000	0.0651651171	0.0954370890	0.0172989305	0.2501810088	0.0062984491	0.4795262075	0.0274409349
0	0.0580168979	0.0174598574	0.0021234661	0.1113447494	0.1252173433	0.1866860432	0.0018675240	0.0939221536	0.3381596749	0.0652022903
0	0.0690492411	0.4979497502	0.0007703002	0.0047553195	0.0988616974	0.0024317658	0.0000000039	0.0608025745	0.0557413730	0.2096379742
0	0.1928716545	0.0011771303	0.0000000012	0.4771907520	0.0000002511	0.1418071960	0.0000000000	0.0428724056	0.1175805491	0.0265000603
0	0.0022993736	0.0000028816	0.0010583008	0.0210291774	0.0022211686	0.0772908833	0.5009477552	0.0000038476	0.2706781368	0.1244684752
0	0.2051129949	0.0073342346	0.0005317255	0.0010694594	0.0000703516	0.0248131318	0.2352468326	0.0718280863	0.3702865707	0.0837066127
0	0.0000000254	0.0395998980	0.0003540857	0.4017518072	0.0000000000	0.2269125609	0.0001566115	0.0054812328	0.0005051089	0.3252386696
1	0.0000010226	0.0073888809	0.0000000000	0.4980229012	0.1014464484	0.1997316802	0.0044634466	0.0000000318	0.1866852269	0.0022603614
0	0.1686420308	0.0008525507	0.0000056070	0.0000981383	0.0000000034	0.0034944233	0.0430843757	0.4232207403	0.2607715477	0.0998305828
1	0.0056834176	0.0370545824	0.0006945006	0.1401091553	0.0323462151	0.5029101729	0.1593451042	0.1191773830	0.0022489275	0.0004305413
0	0.3086213943	0.1889360120	0.1051436976	0.2138724624	0.0042181790	0.0047219370	0.0003837588	0.0074507616	0.0236121876	0.1430396097
0	0.1101447490	0.1653726952	0.0043853077	0.0333730700	0.1188416262	0.0504675051	0.1532403368	0.0054892250	0.3518348240	0.0068506610
0	0.0050619612	0.0001521022	0.0014153982	0.0114230627	0.0034689813	0.0979788392	0.0026117355	0.0154957965	0.6164390394	0.2459530838
0	0.0022056489	0.0000001063	0.0478498331	0.0067940518	0.0637853535	0.0882258761	0.0141236424	0.4019266716	0.0210476466	0.3540411696
0	0.2238348718	0.0137090578	0.0865434689	0.0000000000	0.0000000000	0.0001674060	0.0949323274	0.0001531058	0.5656515247	0.0150082377
0	0.2575343884	0.0415453449	0.0180456536	0.0522366594	0.0252710799	0.0000349310	0.0124840914	0.0029552885	0.0600029319	0.5298896309
0	0.7515743328	0.0008083311	0.0002485067	0.0074195158	0.0172030459	0.0025552279	0.0188437809	0.1743831637	0.0134627999	0.0135012953
0	0.0431501508	0.0762673932	0.0075475016	0.1459059511	0.0059433964	0.3872810491	0.0641759136	0.0650095437	0.1945176666	0.0102014339
0	0.0010108095	0.0059483833	0.0019669626	0.0214314279	0.0005970157	0.9353054381	0.0000000000	0.0320763811	0.0016628446	0.0000007372
0	0.0788355827	0.0000641911	0.0004500723	0.0028760256	0.0028624607	0.0303205374	0.0020147567	0.1592092954	0.6784118269	0.0449552513
0	0.0344774144	0.0085847604	0.1504880732	0.7202052586	0.0064985789	0.0118721426	0.0004447091	0.0195395006	0.0017749496	0.0461146125
0	0.0254602941	0.0294215652	0.0000000014	0.0669042455	0.0413876441	0.5603302806	0.0237160928	0.0293082643	0.0718995746	0.1515720375
0	0.1874926952	0.0103960886	0.1201819534	0.0000000000	0.4790218940	0.0250332680	0.0322570092	0.0195980569	0.1203575157	0.0056615189
0	0.0405896457	0.0008735117	0.0002058444	0.1875384417	0.0381659442	0.0014313626	0.0851255003	0.5999094747	0.0016127219	0.0445475528
0	0.0021756248	0.0038556794	0.0000000000	0.4102860760	0.0000045231	0.0005737965	0.0003568396	0.4582797006	0.0003408999	0.1241268601
0	0.0069432393	0.0940434348	0.2013217746	0.0353392394	0.0193478920	0.0205285208	0.0031988025	0.5895676416	0.0297063979	0.0000030571
1	0.2806233980	0.1167124441	0.1556760838	0.0000000000	0.0307369108	0.0956148274	0.1000861796	0.0500785603	0.1702914299	0.0001801660
0	0.0790552873	0.0099826773	0.1006091478	0.3705820194	0.1051739599	0.0295998336	0.0884741584	0.0388045190	0.1382336387	0.0394847586
0	0.1306830282	0.0001539145	0.2945710530	0.1549351499	0.0000002369	0.1460571115	0.0467615263	0.1753145607	0.0265604031	0.0249630159
0	0.0077120636	0.1119565569	0.0046215651	0.0387288510	0.0100004655	0.2040013993	0.0034320137	0.0316161952	0.0000057851	0.5879251045
1	0.1293371637	0.0061040354	0.0235089600	0.4434024961	0.0411080309	0.0666173073	0.0198395895	0.1899465030	0.0793608575	0.0007750567
0	0.0007539531	0.0020142288	0.1615619050	0.0979948946	0.0016541684	0.1830814454	0.0562643599	0.2530414316	0.2436336133	0.0000000000
0	0.0187081207	0.0290542840	0.0000000000	0.1135359808	0.0217059065	0.2211201362	0.0268564888	0.0218334442	0.0966319974	0.4505536415
0	0.1509713642	0.0084553629	0.0022030393	0.2703883950	0.0121035645	0.0151841521	0.2736818103	0.2478079691	0.0095985283	0.0096058142
0	0.3190534522	0.0020846265	0.0022206680	0.0272818651	0.1646715657	0.0000000005	0.0106908614	0.3471180177	0.0432899470	0.0835889958
0	0.2794927840	0.0000017058	0.0039533417	0.0003146941	0.0000001275	0.0746902884	0.0149691556	0.0437069692	0.5775560928	0.0053148408
0	0.0000000000	0.0237221675	0.0033887609	0.0063917394	0.0005823365	0.0108525494	0.2851643296	0.4610796406	0.1655872615	0.0432312147
0	0.0704304530	0.1256739798	0.0017731408	0.0000303408	0.0010063625	0.0147693880	0.1864060966	0.2150005520	0.0059899485	0.3789197381
0	0.1349650984	0.0014207411	0.0606753473	0.0033771248	0.0623539195	0.0047944856	0.3617152848	0.2593491620	0.1034601834	0.0078886531
2	0.0358772448	0.3130372037	0.3337864297	0.0084608373	0.0287965731	0.0276805438	0.0186690174	0.0001799593	0.2287175346	0.0047946563
0	0.0090044102	0.0881245801	0.0000000000	0.1451572838	0.0138558732	0.0687606516	0.0638588191	0.1932158109	0.4169217024	0.0011008686
0	0.0022543311	0.0000005714	0.1070959060	0.1028630163	0.1989599919	0.1261616515	0.0882170971	0.0951990637	0.0069946614	0.2722537096
1	0.0183026704	0.0014035627	0.1018247235	0.0023877576	0.0660289970	0.1057781140	0.0300621001	0.0042959331	0.5081443718	0.1617717697
0	0.0163560238	0.2646568249	0.0233518348	0.3504053859	0.1285595940	0.0518765524	0.0000000000	0.0001055023	0.0005523279	0.1641359540
0	0.0020522187	0.0206121413	0.0000002123	0.0149599756	0.0032673959	0.0233411713	0.4929726177	0.0260254701	0.4056941612	0.0110746358
0	0.0124280805	0.0000008355	0.0000000000	0.8647396040	0.0031903740	0.0975664479	0.0075931390	0.0012044535	0.0027754184	0.0105016472
0	0.3436873187	0.0007837371	0.0023977460	0.0141356409	0.0562472913	0.0000033941	0.0001726849	0.2072126490	0.3191114620	0.0562480760
0	0.1571639636	0.0295030856	0.1795424147	0.0279888817	0.2365963709	0.0411074892	0.0483650223	0.0611200960	0.2185226306	0.0000900456
0	0.1524464727	0.0004897869	0.0111851225	0.0547682617	0.0000000000	0.4938767127	0.0000000000	0.2158902223	0.0713433000	0.0000001212
1	0.0000000000	0.0000440268	0.0982590524	0.4646849404	0.0464470547	0.0612821838	0.1317508779	0.1004938050	0.0966088290	0.0004292302
1	0.0180401307	0.0006352193	0.8527351042	0.0000008141	0.0000856533	0.0033840328	0.0293017012	0.0439212368	0.0043598215	0.0475362860
0	0.1200513011	0.4899787066	0.0224390313	0.0000234702	0.0000808148	0.1138639844	0.1249534607	0.0815864855	0.0000000000	0.0470227453
0	0.0001080864	0.2465640804	0.0000034577	0.1800201045	0.0121170243	0.0168164845	0.0733203577	0.0191514648	0.3481341992	0.1037647405
0	0.4397892569	0.0150899401	0.0010965233	0.2821698830	0.0090875757	0.0628803627	0.0667063257	0.0054702106	0.0282284324	0.0894814896
1	0.3112410944	0.0231159163	0.0000032896	0.1163823383	0.2218483288	0.0027719565	0.0008312212	0.3097883429	0.0137278722	0.0002896397
1	0.0871017774	0.0000015766	0.1099164639	0.0008150199	0.0617798475	0.4178043704	0.0751780927	0.1213218092	0.1230571632	0.0030238793
0	0.0027362163	0.0191831049	0.3081763539	0.0000293394	0.0284703453	0.0290587540	0.4577302459	0.0005390769	0.1478423556	0.0062342078
0	0.0654825781	0.0018843089	0.4471664860	0.3500483509	0.0027244642	0.0371708709	0.0348603926	0.0341721695	0.0000595251	0.0264308537
0	0.4799626251	0.0000027419	0.0982504001	0.0900291490	0.0130857315	0.0704940840	0.0573980964	0.0311128826	0.0000002687	0.1596640208
1	0.0169151576	0.0566464745	0.0457511881	0.0608350511	0.0020731083	0.1830298862	0.0168768527	0.1060284987	0.2065030679	0.3053407149
0	0.0080144897	0.2248140483	0.0179816254	0.0525167333	0.0321150756	0.0678476854	0.0000907499	0.1010700393	0.1735663269	0.3219832261
0	0.1310054287	0.2216657467	0.0113818034	0.1318706665	0.0000000437	0.0740225607	0.0851211420	0.2934609215	0.0347336255	0.0167380614
1	0.1669090743	0.0000034999	0.0264965500	0.0606090243	0.0000080721	0.6203166313	0.0324887182	0.0859188068	0.0072496231	0.0000000000
0	0.0130679808	0.0037805317	0.0120196486	0.6554585785	0.0007312080	0.0069113584	0.0082842112	0.0590017403	0.0784883706	0.1622563719
0	0.0471972321	0.0164125377	0.0000063749	0.1036503654	0.2168457798	0.0054200196	0.0000000000	0.3114363169	0.1940604158	0.1049709578
0	0.8138446545	0.0000180704	0.0002324378	0.0251929764	0.0007485086	0.0000617524	0.0990109831	0.0004153818	0.0014849067	0.0589903284
1	0.0000705969	0.0873551618	0.0008584874	0.2866312174	0.0120505451	0.0636789872	0.0061933231	0.3257016609	0.1781078310	0.0393521892
0	0.1356940521	0.0697429200	0.0000800004	0.0150020803	0.0962468017	0.0704217500	0.0136470063	0.4821443729	0.0930852356	0.0239357806
0	0.0009719111	0.4413801397	0.0000001387	0.0419985583	0.0034754873	0.2777759431	0.0041051339	0.0867439314	0.0048928981	0.1386558584
0	0.1115838372	0.0000000000	0.1367625992	0.0087965298	0.0116382260	0.0026709757	0.0354486671	0.0114262234	0.1427330567	0.5389398850
0	0.0347692584	0.0054221044	0.0114717693	0.2125688621	0.5456380184	0.0002538533	0.1579963337	0.0053926745	0.0126687754	0.0138183505
0	0.0000486922	0.0563578225	0.0588137198	0.0826699110	0.0716528302	0.0274063450	0.5809696261	0.0454921991	0.0000000000	0.0765888541
0	0.2112535747	0.0827731625	0.0049203535	0.1806976382	0.0746157675	0.3453693214	0.0009868045	0.0618771780	0.0112288738	0.0262773258
1	0.0253140739	0.0030763137	0.0726685625	0.0190630082	0.0780021276	0.4714776177	0.0725967783	0.0942794101	0.0053135250	0.1582085830
1	0.3926684986	0.0271978012	0.0037944937	0.0576695577	0.1469230126	0.0774432499	0.0404459648	0.0000000614	0.0169831774	0.2368741826
0	0.0466860049	0.0000000573	0.0000087565	0.1336594455	0.0222432670	0.0013228870	0.0010388108	0.0352184059	0.1294079345	0.6304144307
0	0.1190156718	0.0001878251	0.0130636763	0.2603396838	0.0000000055	0.0017108554	0.3844483525	0.0668690673	0.0032277593	0.1511371028
0	0.4663618743	0.0162182589	0.0480704574	0.0701272184	0.0573691850	0.0091471588	0.3129567082	0.0001044715	0.0195666045	0.0000780631
0	0.0259171073	0.0199225980	0.0000013209	0.5233040625	0.0531540353	0.0019414095	0.0433824298	0.0468336880	0.1750629774	0.1104803713
0	0.0143750617	0.0114196347	0.0119106848	0.0385689858	0.0041148404	0.0005427517	0.0088749703	0.0231683481	0.0002635026	0.8867612199
0	0.0000000000	0.0041137881	0.0000003670	0.1276498631	0.0746518600	0.6020332165	0.0000196801	0.0000195576	0.0325508443	0.1589608233
1	0.0389676325	0.0000120647	0.1847526131	0.0141355374	0.1550164170	0.1330152160	0.0000002584	0.0012735346	0.2360983877	0.2367283385
0	0.0334087400	0.0392498825	0.1659666743	0.0000523943	0.0629349993	0.0231453892	0.0011306922	0.4796451333	0.0691711431	0.1252949517
0	0.0000000000	0.0051168584	0.0150759087	0.0875008276	0.0452760623	0.0058280336	0.0185979675	0.5331882661	0.2875310886	0.0018849872
0	0.3238295494	0.0094423664	0.0000000000	0.1167009794	0.0369458811	0.0017646444	0.0098598870	0.4931869527	0.0049438042	0.0033259354
0	0.2669243802	0.0840164680	0.0088435172	0.2838900980	0.0112119933	0.1894960856	0.0000000000	0.0003564368	0.0000005454	0.1552604755
0	0.0002917863	0.0061095926	0.0347942879	0.0219266844	0.0076051867	0.0375088215	0.0005107128	0.0122325897	0.0070594323	0.8719609060
0	0.1141225949	0.0018842362	0.2498460714	0.2483102047	0.0864100066	0.1344301185	0.0310477479	0.0922704644	0.0411005577	0.0005779977
0	0.0599739779	0.0231864097	0.0000000000	0.1562506165	0.1407360569	0.2265059348	0.3784769103	0.0100991140	0.0047217882	0.0000491917
0	0.4495300076	0.0000000008	0.0154467235	0.0223365133	0.0185906411	0.0002341370	0.0041151783	0.3353588377	0.0912836162	0.0631043445
1	0.0298625451	0.0003263477	0.1513273649	0.0172132188	0.0036932679	0.0043227056	0.4389025029	0.2031586696	0.0899269415	0.0612664358
0	0.0250162239	0.1393300564	0.0707489135	0.4441002321	0.0001400392	0.1161775757	0.0232521352	0.1487332612	0.0007754225	0.0317261402
0	0.0447206888	0.0310067927	0.1451721584	0.2573164178	0.0413033557	0.0060405966	0.0232988783	0.1644626016	0.1338449166	0.1528335934
1	0.0359867306	0.0152109012	0.0000000000	0.0225196867	0.1439043790	0.0938041492	0.0075627468	0.0130919460	0.2303658407	0.4375536198
0	0.0604680254	0.0060553539	0.0000000000	0.3870249716	0.0567828644	0.0013143953	0.3390300913	0.0694506642	0.0136674274	0.0662062065
0	0.0502747902	0.0721210645	0.0000000002	0.7469243130	0.0000000016	0.0396034287	0.0000334321	0.0308933215	0.0581344152	0.0020152331
0	0.1763875131	0.0005563446	0.0000016712	0.0040106193	0.6302039207	0.0458318750	0.0564044811	0.0576415581	0.0006864403	0.0282755766
0	0.0876833683	0.0951804403	0.0206601534	0.2572877697	0.0000000000	0.0000017239	0.0000738574	0.0011785559	0.4665506742	0.0713834570
1	0.0274105364	0.0418456306	0.0697737913	0.2713960323	0.0124681526	0.0004616395	0.2641189054	0.0583992879	0.2540978423	0.0000281816
0	0.0026520457	0.0030856036	0.0067160987	0.0564559244	0.1812694636	0.0531534947	0.0061773916	0.1374828397	0.4863992315	0.0666079064
0	0.0017655727	0.0000054034	0.0744097111	0.0000596284	0.0021182950	0.0000000753	0.0524803234	0.4863927577	0.1924086258	0.1903596072
0	0.0233793016	0.1872880948	0.0054706889	0.0047433750	0.1830151280	0.2689566043	0.0358398137	0.1280573615	0.1146946467	0.0485549854
1	0.0462865913	0.0095441887	0.0022890506	0.0402876998	0.0064436980	0.0478201305	0.0145131499	0.7902888691	0.0047296671	0.0377969552
0	0.1949522738	0.0903453921	0.0121284274	0.3547960589	0.0037742489	0.1960127732	0.0011532725	0.0123533594	0.0888483063	0.0456358874
0	0.0188683464	0.1381909473	0.2173086080	0.1068237964	0.2238945301	0.0784353182	0.1691027358	0.0000003909	0.0001085716	0.0472667553
0	0.5574883818	0.0000001354	0.0016500733	0.0185511706	0.0472615880	0.0536694216	0.0331014125	0.0089357022	0.1709040972	0.1084380174
0	0.0000000000	0.1538525871	0.0000000000	0.3655629991	0.0062062524	0.0043285204	0.2080924747	0.0645876890	0.1428012428	0.0545682345
0	0.1438822644	0.0440942722	0.0011330863	0.1323529385	0.3338379272	0.0047194675	0.0534946870	0.0217778972	0.0826868628	0.1820205968
0	0.0754992234	0.2285182021	0.0223784846	0.0134398663	0.0072690142	0.0327007115	0.3633701020	0.0024026213	0.0274980087	0.2269237659
0	0.0566543850	0.0134841107	0.0000000000	0.1501483492	0.0324453769	0.0135942618	0.0001124253	0.5750211932	0.1311286091	0.0274112888
1	0.0295783778	0.0047614175	0.0309416501	0.5907438702	0.0026291335	0.1216793793	0.1215393183	0.0492367497	0.0002108899	0.0486792136
1	0.3362042887	0.0004715487	0.0000000916	0.0000000002	0.0409021873	0.2379278644	0.0014544995	0.2871347588	0.0005905165	0.0953142443
0	0.0000000000	0.0017710028	0.0050514604	0.3669544310	0.0008101140	0.0372024647	0.0000000520	0.3899549501	0.0989144914	0.0993410338
0	0.0035798907	0.0312433232	0.0826414457	0.0868007440	0.0027611847	0.0032692217	0.0181131293	0.2575314454	0.4905505841	0.0235090313
0	0.0000293929	0.0257723413	0.0000014134	0.0771782416	0.0053688914	0.0158533615	0.0014555736	0.8252269419	0.0246283057	0.0244855367
0	0.0000003430	0.0207778438	0.0045489738	0.8035385571	0.0036015770	0.0016735698	0.0136603706	0.0569012024	0.0539750809	0.0413224816
0	0.0066604331	0.1735580396	0.3206852616	0.0002367457	0.0006778639	0.0013327892	0.0592831803	0.0000000972	0.0203189558	0.4172466335
0	0.0019554037	0.0170448303	0.0000001688	0.7500126862	0.0142955166	0.0013334589	0.0698042113	0.0197943821	0.1207580419	0.0050013003
0	0.0974582191	0.0290211905	0.0001164667	0.0596155322	0.0000228532	0.1365810900	0.1028795151	0.4888834783	0.0211756079	0.0642460469
0	0.0127520513	0.0062123835	0.0281511360	0.0074498272	0.0001568384	0.0134507162	0.0558038909	0.2529725231	0.1677274439	0.4553231897
0	0.1872664113	0.0049486504	0.0108036518	0.1268551422	0.0436593215	0.0882083185	0.0000000000	0.0961327575	0.1694635685	0.2726621782
0	0.3360663052	0.0000000000	0.0023498191	0.0427851015	0.0000004764	0.0120060107	0.0000000001	0.5863277937	0.0040811712	0.0163833220
0	0.3042791616	0.0447167509	0.1704541303	0.1200614319	0.1736584793	0.0861080708	0.0109536696	0.0107645147	0.0166410248	0.0623627663
0	0.0358989126	0.1380748336	0.0003058630	0.0006779605	0.2115118935	0.0558351052	0.0333663681	0.3813058654	0.1334931359	0.0095300622
0	0.0888660419	0.0181066814	0.2174938666	0.1659334536	0.1636214749	0.0004352497	0.0063481716	0.2219596333	0.0670905350	0.0501448922
0	0.2551741344	0.3850222589	0.0247000205	0.0155340791	0.0000533141	0.0000538537	0.0426465606	0.0061006755	0.0028338341	0.2678812691
0	0.0000104959	0.1162451633	0.1240948455	0.1262183821	0.1890462565	0.0991594875	0.0063070631	0.0458442664	0.2592943377	0.0337797020
0	0.0354498694	0.1429704962	0.0034158916	0.1216107644	0.0262930354	0.0980921997	0.0048409533	0.4784143907	0.0765714257	0.0123409736
0	0.1914350547	0.2909688621	0.0554461986	0.1178935051	0.0250347915	0.0205991442	0.0856556766	0.1667622081	0.0462034568	0.0000011024
0	0.0094979082	0.0050186330	0.0325046642	0.0005785329	0.1745982605	0.5481118872	0.0538694647	0.1258798782	0.0291336602	0.0208071109
0	0.8588558863	0.0000398660	0.0000849929	0.0276269340	0.0006315675	0.0444461861	0.0079545094	0.0000000000	0.0221418383	0.0382182194
0	0.0294523380	0.6675618390	0.0042854389	0.0000000000	0.1362753532	0.0294558047	0.0046261122	0.0000808396	0.0546457091	0.0736165654
0	0.0233135595	0.0079569322	0.0004005714	0.1202826874	0.0003108175	0.1250064728	0.0943966778	0.6219479269	0.0000000000	0.0063843545
0	0.5749583452	0.0772831647	0.0079537686	0.0530184413	0.0054626746	0.0051986432	0.0000463377	0.1413831639	0.0607247463	0.0739707145
0	0.0021835377	0.0700002180	0.0515267853	0.3168774976	0.0069397704	0.0048809781	0.2847763454	0.0061059760	0.1448535242	0.1118553672
1	0.0000238589	0.0076225368	0.0000000000	0.4800413198	0.0001283847	0.1179858362	0.0050417510	0.2093219101	0.1492645693	0.0305698332
1	0.0188750055	0.0796428686	0.0492303967	0.0212838988	0.0151160194	0.3919074296	0.0861167427	0.0341313587	0.0000001575	0.3036961225
0	0.2890030022	0.1094766735	0.0034743854	0.1113647682	0.0000000015	0.0000000101	0.3881144826	0.0088196216	0.0367242292	0.0530228256
1	0.1147046946	0.0091200876	0.2501517486	0.1005487190	0.0000002372	0.3120505975	0.0893099272	0.1102984950	0.0098463115	0.0039691817
0	0.1872059825	0.0331551386	0.0000343701	0.1121939144	0.2038118932	0.0425276930	0.0542771331	0.0000461997	0.3001655377	0.0665821377
0	0.0000188918	0.0027186892	0.0112929116	0.0064203811	0.0365039329	0.0760856663	0.5807978796	0.0491987964	0.2363777799	0.0005850711
0	0.3395103968	0.2092634765	0.0422621357	0.0000000010	0.1269321999	0.2249595964	0.0060326094	0.0412798983	0.0050463283	0.0047133576
0	0.0107409887	0.0000000014	0.0055478456	0.0562813030	0.0205868630	0.5986754758	0.0195750332	0.0266706831	0.0221486107	0.2397731955
0	0.4246676658	0.0534886587	0.0005371125	0.0487282255	0.0083272482	0.2860228604	0.0841321380	0.0002122948	0.0001077497	0.0937760464
1	0.0057933462	0.1244665676	0.0000000421	0.3407064504	0.2958039944	0.0002644194	0.0042744092	0.1480277986	0.0590312912	0.0216316808
0	0.0020976776	0.0000652241	0.0000000093	0.4234980623	0.0000594492	0.0635090869	0.0059841953	0.3708759001	0.0277330058	0.1061773895
0	0.1522903924	0.0825429607	0.0585749019	0.0800675741	0.0000000000	0.0979745255	0.1176787494	0.1343125539	0.1064313333	0.1701270089
0	0.0121498338	0.0063643719	0.0064857255	0.0739086060	0.0302774718	0.1212710697	0.2268999856	0.0035591651	0.3033325124	0.2157512582
0	0.0064647966	0.0067544993	0.0446425693	0.0213179204	0.1513317428	0.0230760048	0.4291141529	0.0008881797	0.1236136426	0.1927964915
0	0.6303021950	0.1311613027	0.1680529739	0.0043384342	0.0000151107	0.0114593611	0.0038224319	0.0386620241	0.0121857486	0.0000004178
0	0.4540947976	0.0109464315	0.0025889022	0.0142312031	0.0003260926	0.0033628105	0.0294526500	0.0829625654	0.3682218343	0.0338127128
0	0.1708805140	0.0000003328	0.0184149300	0.2100892820	0.0144294902	0.0024789284	0.1729214949	0.3998669912	0.0009953567	0.0099226798
1	0.0088727824	0.0000000005	0.0000000000	0.4757689222	0.0563195676	0.0599968417	0.0621553182	0.0000000000	0.3368838776	0.0000026899
0	0.0131155597	0.2560278063	0.0092486762	0.0049072255	0.0654047412	0.0053907380	0.0000000000	0.1089455159	0.5222411651	0.0147185719
0	0.0000043373	0.5779102757	0.0963932895	0.0418591686	0.0427594493	0.0000447620	0.1979373474	0.0004800584	0.0000564063	0.0425549055
0	0.0195991156	0.0021957571	0.0142445222	0.0146587564	0.3292274791	0.0000891691	0.0003415406	0.0346836427	0.5849600173	0.0000000000
0	0.0004839794	0.0000049822	0.0007446830	0.0011949220	0.0110616456	0.0840333602	0.2602030499	0.0010430944	0.2186513733	0.4225789098
0	0.1622677510	0.1302646714	0.0059105927	0.0430778191	0.0858447700	0.4748722790	0.0926539039	0.0000214511	0.0050865285	0.0000002333
1	0.0014099499	0.3869232735	0.0094534195	0.0189156392	0.0274101100	0.3730971362	0.0000000000	0.0167213926	0.0140460917	0.1520229874
0	0.0473662335	0.0021976279	0.0000000225	0.0430354595	0.0001232675	0.0772502972	0.2336880405	0.0208592157	0.4454944047	0.1299854310
0	0.0052020031	0.0033635007	0.0000000017	0.9660336288	0.0170960053	0.0010746413	0.0000373489	0.0015983935	0.0000346571	0.0055598195
0	0.0007195654	0.0300315379	0.0001279588	0.5270550548	0.0059576578	0.0863680776	0.0104531380	0.2594583996	0.0110311285	0.0687974817
0	0.0302326848	0.0559502801	0.0157839818	0.0003602625	0.0963976591	0.0001046652	0.0556184239	0.1683639011	0.5201604390	0.0570277026
0	0.3768257406	0.0138408162	0.4783241251	0.0000000057	0.0000000265	0.0000000000	0.0000001832	0.0474496209	0.0007325536	0.0828269283
1	0.1226705773	0.0285600974	0.0018137336	0.0005401123	0.0582884319	0.0994768544	0.0486694255	0.0195366104	0.0972142624	0.5232298948
1	0.3637223858	0.0475883718	0.0119624732	0.2402496046	0.0211955477	0.0273693800	0.0022415662	0.0379195537	0.2455895943	0.0021615226
0	0.0243967733	0.0226790732	0.0131235938	0.0081408675	0.0111860366	0.0150449434	0.1060448870	0.0000546127	0.0109794132	0.7883497993
1	0.0000055593	0.0000067270	0.0156054731	0.0252403280	0.0833420818	0.0864075932	0.0000005011	0.0002707943	0.7718366862	0.0172842560
0	0.0160391142	0.0106063860	0.0593185216	0.3930437691	0.1242007696	0.0085538018	0.0052943819	0.1370873185	0.0222886805	0.2235672569
0	0.0009524509	0.0021593903	0.0001812059	0.0009177553	0.0234520887	0.0260843315	0.6960845953	0.2196255622	0.0169113062	0.0136313138
0	0.2254262607	0.0566544377	0.0381653342	0.0000007274	0.0099146372	0.0128934464	0.3742040717	0.1096442245	0.1710681664	0.0020286938
1	0.1066280352	0.0247001239	0.0134939229	0.0085128813	0.4062601648	0.0000886624	0.1663016089	0.0392612264	0.1839939550	0.0507594191
0	0.0902159062	0.0003077870	0.0398947444	0.5246926451	0.0212175506	0.0303139968	0.0031306908	0.1276727588	0.0004705467	0.1620833736
0	0.0082957368	0.0000220469	0.8808160947	0.0005190011	0.0003820953	0.0004394863	0.0623514933	0.0121288580	0.0330667554	0.0019784322
0	0.0211909882	0.0000811776	0.0000000000	0.3212410080	0.0147592628	0.1721827143	0.0228047525	0.0012564748	0.3756859664	0.0707976554
0	0.0000000041	0.0000000000	0.0000000000	0.0482716335	0.1262521111	0.0021693059	0.2360107107	0.1334931263	0.4296623039	0.0241408046
0	0.0016258019	0.0146120131	0.0009076372	0.1316356511	0.0256346039	0.0216467335	0.0111764113	0.1501224810	0.0010625914	0.6415760756
1	0.0086518656	0.0123987936	0.0792957057	0.1303962685	0.0249909227	0.1031274911	0.0008984492	0.3547638139	0.2331564215	0.0523202684
1	0.7809569541	0.0044651877	0.0059507772	0.0316819304	0.0006057291	0.0233424588	0.0824925912	0.0268480954	0.0080570470	0.0355992291
0	0.2399547598	0.0004417740	0.0619238611	0.1162955795	0.0000000007	0.1173816595	0.2069349799	0.2537251453	0.0000000433	0.0033421970
0	0.0273857208	0.2551047270	0.0380600885	0.0581086759	0.0336734151	0.0113038812	0.3930813339	0.0000000299	0.0489328111	0.1343493167
0	0.4272843031	0.1084893635	0.3030524428	0.0010138352	0.0862550119	0.0229380393	0.0332811812	0.0155131984	0.0021726245	0.0000000000
0	0.4063658853	0.0000000000	0.0019489272	0.0245873558	0.0000500867	0.0484629888	0.0184161087	0.2696708925	0.1878820494	0.0426157055
0	0.0434574415	0.0453362031	0.0855698722	0.3537320378	0.2485324639	0.1370324586	0.0000000000	0.0604899490	0.0005845436	0.0252650304
0	0.0779096306	0.0253977185	0.0000006407	0.4583099149	0.0010955925	0.0143263901	0.0042319537	0.3588382122	0.0212390165	0.0386509305
0	0.1272698363	0.0021438049	0.0033778647	0.1267499141	0.3277128800	0.0847988915	0.0161465748	0.0131260316	0.2402766171	0.0583975850
0	0.0121476196	0.0000091340	0.0542039757	0.2647303430	0.0044246997	0.1064471313	0.0112192978	0.0108853014	0.1687877757	0.3671447218
0	0.0034642920	0.0000736532	0.0003068540	0.0018950259	0.0000000006	0.0356955440	0.0264402334	0.1042678316	0.8217846372	0.0060719281
1	0.0624237689	0.0311935800	0.0382271687	0.4075791925	0.1079968537	0.1684430081	0.0072050819	0.0416021291	0.0595559486	0.0757732686
0	0.0414261492	0.0002978105	0.0770821630	0.1554640858	0.0548667527	0.0123235301	0.1899001385	0.0171563972	0.2732868884	0.1781960845
0	0.2886103831	0.0000000026	0.0836460203	0.0528896358	0.0258491655	0.1221595096	0.1261357260	0.1521599475	0.0911249343	0.0574246753
