0	0.3740221715	0.2324066952	0.0000000000	0.0271067888	0.1266425283	0.0810969603	0.0000034840	0.0007371690	0.1576779543	0.0003062486
0	0.1558236878	0.3889592484	0.0630637789	0.0072660704	0.0582751251	0.0002269874	0.0151371858	0.0027326553	0.0489400338	0.2595752270
0	0.0970915493	0.3216708336	0.0608843200	0.0013661312	0.0045142533	0.0739064439	0.3374625357	0.0462586950	0.0265223249	0.0303229131
0	0.1119716014	0.0000618909	0.0009882338	0.0452543460	0.3693429358	0.0353328970	0.2943590087	0.1136705173	0.0290183215	0.0000002477
1	0.2460824935	0.0307335499	0.0450006285	0.0000516652	0.0009288772	0.2556191740	0.4082427452	0.0017678376	0.0115020529	0.0000709761
0	0.5201260289	0.1643868705	0.0469881440	0.0679329186	0.0021363776	0.0165712546	0.0799906393	0.0060913825	0.0469082775	0.0488681065
0	0.5117120172	0.0000000000	0.0000802824	0.0069152099	0.0010019738	0.0621486944	0.2516322991	0.1662063995	0.0002584444	0.0000446792
0	0.0126614826	0.0341620341	0.1678622846	0.0597803442	0.0000000000	0.1266391051	0.4380644810	0.0035704876	0.0105641741	0.1466956066
0	0.0438381650	0.1321162677	0.0000000000	0.5899314399	0.0005731509	0.1807425277	0.0030885173	0.0438863661	0.0058235576	0.0000000079
0	0.0157049549	0.0028587884	0.0048786116	0.1734732726	0.0091609028	0.0515506852	0.0000085430	0.6899577880	0.0463414586	0.0060649950
0	0.0090005026	0.1090936750	0.0171419470	0.0159528211	0.0000204671	0.2916559168	0.1915943373	0.2791877721	0.0804575061	0.0058950549
0	0.1632866386	0.1557909941	0.0002280100	0.0151125769	0.0565086408	0.0789930393	0.0356841721	0.0618297006	0.4325662276	0.0000000000
1	0.4130100172	0.0006415830	0.0515411765	0.0013688285	0.0273839165	0.3319143298	0.0289449599	0.1094665740	0.0000019075	0.0357267073
0	0.0181589461	0.0462136805	0.0057195487	0.7842032266	0.0162683274	0.0402772801	0.0121686399	0.0458716569	0.0002943366	0.0308243571
0	0.1925604727	0.4620018416	0.0022415531	0.0184127199	0.0248547128	0.0860113220	0.0049089348	0.1959887918	0.0057506070	0.0072690444
0	0.0602385000	0.1516995016	0.0029507776	0.0918687873	0.2846015982	0.0124620817	0.0016846624	0.0024741864	0.0013609280	0.3906589768
1	0.1906748865	0.2156599410	0.2112282735	0.1055559005	0.0000000000	0.0012595733	0.0155019808	0.0239380906	0.0687173961	0.1674639578
1	0.5259777037	0.1450615995	0.0047174879	0.0202803138	0.0186470009	0.0527709094	0.0377716801	0.1820268023	0.0078325846	0.0049139178
0	0.1940220149	0.4434881721	0.0006234204	0.0000000208	0.1541372992	0.1215923760	0.0047332156	0.0188634111	0.0113489769	0.0511910930
1	0.0273948040	0.3590141856	0.0889280725	0.0217232433	0.0000015280	0.1671133976	0.1639849831	0.0089705487	0.1415803609	0.0212888764
1	0.0241431894	0.0002291705	0.0053549906	0.0557035990	0.0170762900	0.0584063076	0.0653387082	0.7737464664	0.0000012783	0.0000000000
0	0.2555906794	0.0140241153	0.0031768449	0.0413113113	0.0809618406	0.5488517686	0.0205343329	0.0353949711	0.0000000000	0.0001541359
0	0.0018643777	0.0078999214	0.0000082889	0.0000000040	0.0049087439	0.0063030711	0.0502075185	0.9162905454	0.0027993691	0.0097181599
1	0.1892054443	0.0178466494	0.2307845790	0.2277974135	0.0000000000	0.0702928914	0.2589119768	0.0026511683	0.0025098773	0.0000000000
0	0.0062346883	0.0701030748	0.0124078816	0.0621384524	0.1003479939	0.2763377510	0.0003898174	0.4088386469	0.0612151335	0.0019865602
0	0.1987686264	0.1089954914	0.0848675385	0.0078418814	0.1245839096	0.1215932340	0.1895737934	0.0063993943	0.0017477141	0.1556284170
0	0.1778154013	0.0013179010	0.0742863159	0.0008087272	0.1468249209	0.1044595311	0.0001256677	0.1523711724	0.0492477309	0.2927426317
0	0.0212419567	0.1969878131	0.0000028968	0.4130863503	0.0033194437	0.0036142678	0.0999700802	0.2047892293	0.0058385986	0.0511493635
0	0.1194591555	0.1770893984	0.2360639464	0.0343329675	0.0163960184	0.0455242745	0.0022967889	0.3039088388	0.0517177791	0.0132108326
0	0.0490401038	0.3681634337	0.0096212885	0.0124173354	0.0000000002	0.3142710981	0.0502759178	0.0024674987	0.0649134945	0.1288298294
0	0.1777969739	0.0689318286	0.0000000000	0.0000000489	0.0638535268	0.0092863415	0.1527312872	0.4009840844	0.0000000300	0.1264158788
0	0.0658912224	0.1120853928	0.1643990709	0.3854036100	0.1048893909	0.0000140922	0.0120052104	0.1111809573	0.0432879731	0.0008430800
0	0.0912872073	0.0000000000	0.1150510415	0.1025447640	0.0001195219	0.3209281659	0.0579377806	0.1514330434	0.1349062236	0.0257922519
0	0.0139712061	0.0299502191	0.0123318913	0.3244144686	0.0130852147	0.0000353315	0.2490308745	0.3566183811	0.0005624131	0.0000000000
0	0.0068651022	0.0006458088	0.0286424903	0.0198079823	0.0432348297	0.0119886288	0.2000165440	0.0000388883	0.6269251533	0.0618345723
1	0.0732613659	0.0330821219	0.0740888877	0.0000172866	0.0000000008	0.7504373479	0.0142581884	0.0548530304	0.0000000126	0.0000017579
0	0.0953585795	0.3196887716	0.0072335168	0.0363406414	0.0000019346	0.0206005626	0.2837334467	0.0304342909	0.1897442248	0.0168640312
0	0.2761025411	0.0193010531	0.0101435769	0.0000090170	0.0600179563	0.4632624502	0.0514659574	0.0708921200	0.0411633298	0.0076419983
0	0.0000000090	0.0002318389	0.0000010002	0.8829001743	0.0000018987	0.0421668873	0.0481822254	0.0242646983	0.0001919977	0.0020592701
0	0.2636065239	0.1253597952	0.0549683401	0.3642821379	0.0001801735	0.0481841193	0.0974103101	0.0050854018	0.0001081532	0.0408150450
0	0.0001231243	0.1345713832	0.1514813069	0.0780428165	0.1049896006	0.1099015110	0.0079726201	0.1821250903	0.1102466661	0.1205458811
1	0.2620189712	0.1852023609	0.0033436224	0.0000599071	0.0075040084	0.4239058680	0.0108049415	0.0001674871	0.0362467153	0.0707461180
1	0.0039715211	0.7641184616	0.0816097279	0.0293885585	0.0449269015	0.0169266749	0.0000317981	0.0351709185	0.0000119125	0.0238435253
1	0.0000199354	0.1583081411	0.0000004582	0.0037382307	0.0000008835	0.3554245653	0.1340293653	0.0950865867	0.1791603539	0.0742314799
0	0.2053246234	0.1222451362	0.0082948262	0.0040729360	0.1190713051	0.3805728607	0.0285410339	0.0280913479	0.0395543152	0.0642316153
0	0.1173066599	0.0009047747	0.0945991375	0.0090959077	0.0500696305	0.5339242046	0.1470351483	0.0355267051	0.0000000000	0.0115378317
1	0.0589229443	0.7757427704	0.0500626430	0.0039474652	0.0009933492	0.0127873539	0.0712395638	0.0000420087	0.0223916075	0.0038702940
0	0.0151794872	0.0753523077	0.0103057110	0.0035021100	0.1120292202	0.5259165402	0.0078359391	0.2226848795	0.0271779240	0.0000158811
1	0.4301663687	0.0209511379	0.0038846514	0.4820037063	0.0061892489	0.0205370814	0.0020495351	0.0033106093	0.0046057970	0.0263018640
0	0.0012395378	0.1138473035	0.0000160323	0.1080721953	0.2800548439	0.4323323910	0.0569236515	0.0042884935	0.0032254171	0.0000001340
0	0.4057067743	0.0709128104	0.0317013803	0.0388324800	0.0005866092	0.0789021257	0.2387172710	0.0586963327	0.0525157971	0.0234284194
0	0.0008351455	0.0408394845	0.0054292286	0.0042141788	0.0720490206	0.0177607170	0.0438139517	0.7163615700	0.0986948835	0.0000018198
0	0.2200289150	0.1471440366	0.0140695683	0.0643545385	0.0032518947	0.0363872022	0.0821725301	0.0030275941	0.4126814900	0.0168822304
0	0.4201812802	0.0475031501	0.0180477392	0.2301198279	0.0465977405	0.0193666183	0.0302405251	0.1878316030	0.0000000000	0.0001115157
0	0.2655162152	0.0112245805	0.0000023384	0.0272628616	0.0149018558	0.3075338209	0.2285467313	0.0810517831	0.0013141080	0.0626457052
0	0.0687935938	0.1190525500	0.0763531753	0.0194672949	0.3861295367	0.3145235884	0.0020172198	0.0069707792	0.0001369456	0.0065553161
0	0.0088584039	0.0000021343	0.0327088689	0.4799320133	0.0000006837	0.1493714367	0.0007307666	0.0340750296	0.0134089953	0.2809116678
0	0.0017486614	0.0000048693	0.0111013027	0.0532596542	0.0275893100	0.2899863407	0.0321842840	0.1175427917	0.0000000000	0.4665827861
0	0.4566207585	0.0001774737	0.0000394729	0.0325180639	0.0000000000	0.0937054071	0.0269178106	0.0996579318	0.0000000000	0.2903630814
0	0.5936048114	0.0000067939	0.0284303402	0.0254883911	0.0099642531	0.0088787114	0.1633401679	0.1581270683	0.0120576217	0.0001018410
2	0.0935560628	0.0033132707	0.0476234455	0.3064154576	0.0000000621	0.3869882514	0.0439610172	0.0650163075	0.0177815258	0.0353445995
0	0.0037760900	0.0871539287	0.0263756322	0.0009583831	0.0028565831	0.1339612163	0.5633047868	0.0008551139	0.1807582620	0.0000000040
0	0.0524066888	0.0671930783	0.0321939842	0.0001258473	0.1346001233	0.0026355621	0.0108968147	0.6578803928	0.0253974822	0.0166700262
1	0.3063448625	0.0312004732	0.0124426195	0.0247496639	0.0071467086	0.0378047061	0.0000445461	0.5799713030	0.0002873200	0.0000077972
0	0.5995896317	0.0143876492	0.0141242872	0.0099295022	0.0016588939	0.0486636056	0.0006688294	0.2946761132	0.0153835426	0.0009179450
0	0.7211705340	0.0486477226	0.0024365394	0.0335483957	0.0000000000	0.1224710681	0.0000000297	0.0000309803	0.0059820926	0.0657126375
0	0.0246920038	0.1686814154	0.0000000005	0.0364452809	0.0227301707	0.0955754961	0.0000000000	0.3458245069	0.3060336321	0.0000174936
0	0.1213593077	0.0655295643	0.0000000026	0.0139498431	0.0001164866	0.6079362938	0.1765458729	0.0095304520	0.0050003728	0.0000318041
0	0.3200279748	0.0813318880	0.0554529869	0.1432412170	0.0117233516	0.0679258523	0.0419659452	0.0000001425	0.2780937831	0.0002368586
0	0.4083591995	0.3204526594	0.0349987727	0.0144218022	0.0410560031	0.0966956389	0.0272234552	0.0377820289	0.0122476996	0.0067627404
1	0.1167064647	0.0054461449	0.0115826761	0.0061923859	0.0391621078	0.1498854301	0.0002515331	0.6595240899	0.0011113886	0.0101377790
1	0.1425635588	0.0000089023	0.5336846588	0.0021259359	0.0008419071	0.1648613755	0.0000000000	0.0000006529	0.1168241370	0.0390888716
0	0.0805173154	0.1548389093	0.0850013836	0.0250834977	0.0864561959	0.1312234831	0.0000000000	0.1428208652	0.2920815758	0.0019767740
0	0.0939833330	0.0001826867	0.0291250179	0.0546376927	0.0015274313	0.7017150318	0.0154933903	0.0636252633	0.0170401146	0.0226700384
0	0.2286719897	0.1456864613	0.0009308834	0.1511494723	0.0160960209	0.1731024191	0.0704244887	0.0286574571	0.0383138103	0.1469669973
0	0.1278631267	0.1209380862	0.0062570555	0.0598253094	0.0000000000	0.0127463244	0.2739824961	0.0211564639	0.0005996550	0.3766314828
0	0.0778405960	0.0225597919	0.0253624501	0.0000000390	0.0007312438	0.0671805753	0.0308586882	0.6948799802	0.0173393715	0.0632472640
0	0.1275773275	0.5295328183	0.0178658095	0.0081000514	0.0000000000	0.0291406720	0.0069237252	0.2091567282	0.0507221787	0.0209806892
0	0.0073427429	0.6113643515	0.0000000004	0.0428811882	0.0164869240	0.1951243391	0.0012777172	0.1217966681	0.0031950177	0.0005310509
0	0.0059428777	0.0002041443	0.9645918553	0.0022051154	0.0006671670	0.0142534892	0.0034790544	0.0000118864	0.0064051465	0.0022392638
0	0.0433472588	0.0081514700	0.0000000003	0.0030689131	0.0767990635	0.8129199304	0.0256912062	0.0078245269	0.0000249533	0.0221726776
0	0.0002222449	0.2935639591	0.0030743453	0.1795503373	0.0012770090	0.0800763157	0.3039813325	0.0095364425	0.0237611803	0.1049568335
0	0.0023330635	0.0046855593	0.0137450965	0.2211352095	0.0000000000	0.1148844969	0.0509337864	0.5884292847	0.0038392806	0.0000142227
0	0.0147476899	0.0888527858	0.0013172838	0.3252301628	0.0000010668	0.2105890883	0.0661710399	0.1619390172	0.0326445753	0.0985072903
1	0.6107094226	0.0076903429	0.0000960982	0.0728972755	0.0296502915	0.0340971554	0.0197852548	0.1449055495	0.0785509874	0.0016176221
0	0.0691697452	0.3074218537	0.3467266505	0.0683552933	0.0094588991	0.0936984504	0.0044672670	0.0629342741	0.0377565572	0.0000110097
0	0.0041795827	0.2785071429	0.0066304917	0.0846111165	0.4013488189	0.0000056436	0.0000103311	0.1561504875	0.0685555463	0.0000008388
0	0.0753663492	0.0000230813	0.3551554526	0.0200971973	0.1754458994	0.2515806928	0.0210140745	0.0982831672	0.0028847996	0.0001492863
0	0.2290489455	0.0642768939	0.1017655232	0.0851661486	0.0075433167	0.4577489898	0.0056520144	0.0472094763	0.0000000005	0.0015886911
0	0.0023669712	0.0000000828	0.1479071269	0.0320398586	0.0211028721	0.3015808935	0.3977640020	0.0808204101	0.0139256309	0.0024921518
0	0.0068912080	0.0000000000	0.0215993864	0.0604674993	0.0423196471	0.2076709705	0.5714712078	0.0857349669	0.0023260121	0.0015191020
0	0.2793516466	0.0716203171	0.1840069286	0.4194858818	0.0225565084	0.0186885785	0.0001504265	0.0003797869	0.0037599255	0.0000000000
1	0.0238746747	0.0104341981	0.0000378107	0.0367568651	0.0480272781	0.8486791306	0.0003207298	0.0000914664	0.0176536619	0.0141241846
0	0.0927794798	0.0407601255	0.1014854427	0.0091904718	0.0000141616	0.2017631396	0.2025763306	0.0126449272	0.0316266929	0.3071592284
0	0.1485017949	0.0003341747	0.1116318184	0.0033666448	0.1409664164	0.0455213968	0.0387082699	0.3559171895	0.0186124595	0.1364398351
0	0.5102792157	0.0291211507	0.0430889587	0.0815702797	0.0009804724	0.0029850050	0.0200580703	0.3092092398	0.0000000235	0.0027075842
0	0.0251392027	0.0213771299	0.0000280120	0.0072515540	0.0000020100	0.4616022250	0.0000676210	0.2711600832	0.1804389124	0.0329332497
0	0.0082593518	0.0396728304	0.0005780371	0.0698940671	0.0289761677	0.0327511110	0.0446701128	0.5804467480	0.0814982463	0.1132533278
0	0.1837777769	0.4831886165	0.0015830606	0.0001700085	0.0206654625	0.1437550717	0.0882381785	0.0278315246	0.0000002769	0.0507900232
0	0.0856359610	0.1888338982	0.0013544489	0.0449817587	0.0103303363	0.0882374734	0.2988988324	0.0047076950	0.2429174325	0.0341021637
0	0.3416057904	0.1708651184	0.0019453101	0.0455440501	0.0599345208	0.0885707617	0.0299161752	0.0339047809	0.2088978020	0.0188156905
0	0.1504101091	0.0292968978	0.0213161352	0.0001128673	0.0070392762	0.0026803917	0.0747173174	0.6628009109	0.0505831581	0.0010429363
1	0.4722675965	0.0269048681	0.2579682793	0.0025482812	0.0003459687	0.0380712534	0.0655276467	0.0000000000	0.0131964852	0.1231696210
0	0.4355168900	0.3268169724	0.0241965073	0.0033717351	0.0109033297	0.0654743302	0.0022773260	0.0000004572	0.0964935092	0.0349489429
0	0.3312790386	0.0001358917	0.0460169570	0.0712602403	0.0030947914	0.2376087459	0.0401385249	0.2542584831	0.0011781860	0.0150291412
0	0.0511687363	0.0003226053	0.0090833438	0.0000000000	0.0059551991	0.2388372267	0.0000000000	0.5776739417	0.1168093464	0.0001496007
1	0.0011837857	0.0144652011	0.0206845234	0.0003020083	0.0000491267	0.8997269216	0.0009931239	0.0234065190	0.0299670100	0.0092217802
0	0.0333147922	0.8841789023	0.0035685382	0.0000000000	0.0141108994	0.0209694725	0.0029615414	0.0101565683	0.0093319084	0.0214073771
0	0.0863635244	0.1472244523	0.0000000000	0.0394813508	0.0966033744	0.0622923793	0.0316943012	0.3234078261	0.2105893905	0.0023434010
0	0.1433852797	0.0343689865	0.0265427975	0.0329016302	0.2294071359	0.0000443016	0.0361334871	0.0037793156	0.3363188876	0.1571181784
0	0.4747088991	0.1248617174	0.3104648133	0.0012107961	0.0000000532	0.0090475791	0.0527971835	0.0256627019	0.0012414025	0.0000048539
0	0.2271093388	0.2450615686	0.0355350041	0.0000900547	0.0194533974	0.1435601584	0.0040701006	0.0854794844	0.0406086199	0.1990322731
0	0.1852943354	0.0000000058	0.0000000000	0.0823672768	0.0496612421	0.3474007053	0.0657931579	0.0687319061	0.0131937339	0.1875576366
0	0.0356568115	0.7443762760	0.0023943670	0.0331537788	0.0209585144	0.0901473824	0.0403686078	0.0015023859	0.0022588135	0.0291830627
0	0.0208726679	0.0347185385	0.1373496892	0.1627074615	0.0000000000	0.2120937100	0.4004738016	0.0217388246	0.0001979880	0.0098473186
1	0.1083355009	0.3687094397	0.0179531939	0.0036371073	0.0075543600	0.4092581781	0.0031890679	0.0658008344	0.0154167709	0.0001455469
0	0.6491651358	0.0000041436	0.0865154490	0.0003812725	0.0778167671	0.1364208474	0.0133200125	0.0000003487	0.0149980926	0.0213779308
1	0.1811075638	0.0001326783	0.2954884014	0.0338002921	0.0087431728	0.0311741138	0.1953450711	0.2393684146	0.0122747165	0.0025655757
0	0.0592288350	0.1201597605	0.0618057064	0.0313623566	0.0000000000	0.0280198346	0.0011362699	0.5598847261	0.0000815713	0.1383209397
0	0.1190007566	0.0069331110	0.0126686369	0.1809946916	0.0000000001	0.2843356175	0.0003818614	0.0075074485	0.0052829570	0.3828949195
1	0.0075312191	0.3885674913	0.0240856700	0.0084123595	0.5519602503	0.0068964736	0.0087025302	0.0004961076	0.0000675661	0.0032803324
0	0.4695592917	0.1981474335	0.0390917359	0.0000264778	0.0563693942	0.0145567634	0.0321055424	0.0848317935	0.0199729424	0.0853386252
0	0.0090477394	0.0271844236	0.1082115906	0.0006582613	0.0812592455	0.0654998395	0.2014548188	0.2197518720	0.1868914678	0.1000407415
1	0.3502059623	0.0332495104	0.0003336129	0.0970133964	0.1450646856	0.0011185036	0.1503776716	0.0517975293	0.0610303649	0.1098087630
0	0.8943883737	0.0001912869	0.0248795393	0.0030432493	0.0058236332	0.0013969847	0.0000000000	0.0185602210	0.0005963634	0.0511203485
0	0.0922960007	0.6576548378	0.0377424297	0.0020639213	0.0232757176	0.0064984336	0.0183530754	0.1374130180	0.0000000000	0.0247025658
0	0.0213093935	0.0180581794	0.0221598713	0.0118593215	0.0000421029	0.0448644186	0.8521400330	0.0161778806	0.0133887992	0.0000000000
0	0.0478315824	0.0499387516	0.0351157123	0.1640307516	0.0744241430	0.5148339537	0.0909428838	0.0113752311	0.0000000002	0.0115069903
0	0.0040839007	0.0617913554	0.0716088524	0.2980852380	0.0000000000	0.2450808446	0.0000000000	0.3174436802	0.0018933773	0.0000127513
1	0.1511364100	0.0934560083	0.0809200024	0.0941194123	0.1011659654	0.0815440979	0.0020477526	0.3508525383	0.0447577570	0.0000000557
0	0.2154307249	0.0787835442	0.0003279944	0.0017346510	0.0000118096	0.0007455553	0.0317186889	0.3758170410	0.0000581788	0.2953718120
0	0.0161011607	0.2268020363	0.4065068308	0.0000123406	0.1678443424	0.0033121533	0.1717666298	0.0005546778	0.0011286288	0.0059711995
0	0.0598152022	0.2582732166	0.0121674420	0.2464148918	0.2594771790	0.0088915738	0.1383626214	0.0000799451	0.0066484096	0.0098695184
0	0.0202960551	0.1013491733	0.0545257812	0.0232721274	0.1533451622	0.2306646374	0.0002672120	0.3399659643	0.0760223788	0.0002915083
0	0.0668279588	0.0048522560	0.6780390849	0.0000000000	0.0209402651	0.1951826063	0.0154823444	0.0174055649	0.0003096362	0.0009602833
0	0.3688729542	0.0903688732	0.3317524454	0.0366105792	0.0000001931	0.0001286746	0.0191065737	0.0912301990	0.0611322517	0.0007972559
0	0.2210711454	0.0925365700	0.0000000010	0.0004614683	0.0041842608	0.0000008792	0.0000000000	0.6069732610	0.0000000175	0.0747723969
0	0.0164051785	0.0692508651	0.0000000000	0.3724475143	0.0000000000	0.0079779932	0.3342805577	0.0569558285	0.0299767404	0.1127053222
0	0.2127033890	0.0422544794	0.1007545752	0.0000000000	0.1844688781	0.0298879401	0.1869385776	0.1320971289	0.0003053261	0.1105897056
0	0.0576113728	0.4780971092	0.0275308576	0.0013611487	0.0000000098	0.1557658908	0.0869682351	0.0562925934	0.1362270651	0.0001457175
0	0.1526255264	0.0087033420	0.0393260242	0.0925098255	0.0010753332	0.2688212751	0.0022131917	0.3988368728	0.0241474999	0.0117411092
0	0.0062428058	0.0997287898	0.0709202221	0.0118607045	0.0000829260	0.4939663091	0.0093396709	0.2578530286	0.0500055374	0.0000000058
0	0.0958121317	0.3718568822	0.0008894064	0.0015674973	0.0654582206	0.3350282913	0.0067784561	0.0000000148	0.0288996500	0.0937094498
1	0.2621810630	0.0001176402	0.1265314801	0.0409221847	0.1340484834	0.1667271323	0.0000053120	0.2519520693	0.0016165212	0.0158981139
0	0.2123713527	0.0000000792	0.0000038960	0.1579168776	0.1683803738	0.0967549344	0.0017252911	0.2976999367	0.0246410887	0.0405061698
0	0.3897901408	0.0192761053	0.0000000000	0.0013890555	0.0048574738	0.3163093219	0.0039550065	0.0883333788	0.1719930798	0.0040964377
0	0.0063018237	0.0000146773	0.0117155462	0.0002728654	0.2379739010	0.2946821673	0.0005607179	0.0279736501	0.4199197360	0.0005849150
0	0.0029701967	0.2048202605	0.0000013705	0.0000001830	0.0318917794	0.2802651619	0.2677091195	0.2090293288	0.0018181335	0.0014944662
0	0.0820866002	0.1936041663	0.0857627307	0.0589063374	0.0001489928	0.0608434876	0.0676073849	0.2201060450	0.2185009569	0.0124332983
0	0.1388432331	0.0000000389	0.0014429909	0.0220963270	0.2444210262	0.0572518556	0.3867043354	0.0096282781	0.1127175558	0.0268943591
0	0.1902068895	0.0138675066	0.0891621415	0.0000018363	0.0073282970	0.5035272623	0.0356693054	0.0002197081	0.1600169144	0.0000001389
0	0.0991028904	0.0558546914	0.0895055579	0.0117683772	0.0221521017	0.0048126445	0.0028798725	0.6911644145	0.0002379205	0.0225215294
0	0.0080810265	0.6572822070	0.0000003585	0.0219771369	0.0000000000	0.2315712558	0.0055509799	0.0623257954	0.0120322004	0.0011790395
0	0.0401268642	0.0327618689	0.0000000896	0.0117337457	0.0228402576	0.0000193781	0.0000000000	0.0015806116	0.3812609111	0.5096762732
0	0.1731657012	0.2275723456	0.0272504794	0.1158752557	0.0000000000	0.0000291659	0.1194544397	0.0000002071	0.0266195348	0.3100328707
0	0.0484457036	0.1462469891	0.1887553870	0.0002776127	0.0040586415	0.3531197560	0.0445991734	0.0837463352	0.1216255551	0.0091248463
0	0.1690397684	0.1713312993	0.2858463504	0.1032082628	0.0075099273	0.1053228171	0.0011889472	0.0070393500	0.1442661558	0.0052471218
1	0.0268774686	0.0278966352	0.0000218519	0.0572453728	0.0000000000	0.0808655930	0.0020653569	0.0000000956	0.0030088056	0.8020188204
0	0.0077669212	0.6394357387	0.0136154170	0.0513350343	0.0000001445	0.0398246903	0.1381985422	0.0681500518	0.0211482850	0.0205251750
0	0.0242302844	0.0056379397	0.0544289141	0.0431891991	0.0000000001	0.0260771230	0.1376424714	0.7085820912	0.0002119769	0.0000000000
0	0.1399626679	0.0000000000	0.0147128947	0.2688662508	0.0123887460	0.2464933881	0.0001702100	0.0005818192	0.2139585607	0.1028654626
0	0.1121659431	0.0930595232	0.0369822099	0.0026578873	0.0041618842	0.0000000000	0.7164079899	0.0315114979	0.0000000016	0.0030530630
1	0.0068647717	0.0420695281	0.0000000000	0.0016674596	0.4132932408	0.0607406179	0.0017471796	0.2538356127	0.1300530595	0.0897285301
0	0.3058933721	0.0120213864	0.0005558887	0.0454952162	0.1544057294	0.3591003192	0.0721397984	0.0025825476	0.0000000000	0.0478057419
0	0.0067726160	0.0050267303	0.0027552134	0.0176007057	0.0000151221	0.1796948803	0.0395862256	0.7263327492	0.0000198046	0.0221959527
0	0.4870340672	0.1872945487	0.0640017298	0.0067514482	0.0000133410	0.1326624790	0.0000001561	0.0444391708	0.0195758696	0.0582271896
0	0.0000019666	0.0049223505	0.0034801852	0.0843131845	0.0993666037	0.6654551677	0.0209238025	0.0606462226	0.0025683408	0.0583221759
0	0.0000007984	0.3231186556	0.1537839903	0.0411254535	0.0234158817	0.1231629009	0.0278907613	0.0503238095	0.0001903604	0.2569873883
0	0.0059992907	0.1468990135	0.0330840545	0.0022585046	0.0066874494	0.1944220640	0.3257656590	0.0056997094	0.0547507039	0.2244335510
0	0.0287156948	0.0141897668	0.0346517928	0.2685312031	0.0039760664	0.2959264277	0.1790697470	0.0501755632	0.1247637022	0.0000000360
0	0.0537837984	0.1585716471	0.0278672214	0.0355949271	0.0044022618	0.0405545985	0.6632300029	0.0031190271	0.0009264646	0.0119500511
1	0.0000000213	0.3189474375	0.0228571938	0.0000000060	0.0223502186	0.5434064080	0.0620047046	0.0298222500	0.0006101572	0.0000016031
1	0.0484400339	0.0103756565	0.4119792538	0.0056841641	0.3616516539	0.0055405477	0.1377688454	0.0000000000	0.0064062665	0.0121535782
1	0.0938324718	0.0000004553	0.0000000290	0.0012225250	0.0105912393	0.0142827215	0.2095559154	0.6532508923	0.0018965179	0.0153672326
0	0.0181042735	0.1044114711	0.0291586662	0.0435383279	0.2648040805	0.4353179809	0.0059803911	0.0000466387	0.0986381701	0.0000000000
0	0.0030280797	0.0005372791	0.0000000145	0.0034875525	0.0645017302	0.1750847949	0.0455072922	0.6997930152	0.0000761250	0.0079841166
0	0.0288064994	0.0322176264	0.0021087274	0.0742484249	0.1209513311	0.0507491537	0.2902706108	0.1483722224	0.1369499606	0.1153254433
0	0.1125415525	0.0845690611	0.0001020841	0.1583492648	0.0813258407	0.2218323623	0.2020898295	0.0947150573	0.0444749478	0.0000000000
0	0.0025119136	0.0266137710	0.0510422193	0.0309918953	0.4130928872	0.1512499802	0.0455403052	0.2519247700	0.0000010126	0.0270312455
0	0.0549381548	0.0328721847	0.1486862166	0.0034108050	0.1922172166	0.1488021732	0.0443228238	0.0553722282	0.3054952310	0.0138829662
0	0.1085544336	0.0000000000	0.5153433161	0.0000000171	0.0382966992	0.0211881786	0.0009616379	0.2626494524	0.0322712458	0.0207350193
0	0.0000738822	0.0541888785	0.8683051370	0.0001036321	0.0018341265	0.0211875605	0.0520471488	0.0022595753	0.0000000011	0.0000000580
0	0.0856845642	0.0325584673	0.0000015125	0.0002780260	0.0001037810	0.7871566572	0.0081342356	0.0124276524	0.0000000873	0.0736550164
0	0.0593357272	0.3256834046	0.0000000000	0.0034561053	0.0106710216	0.3035602193	0.1613917277	0.0964011772	0.0395006173	0.0000000000
0	0.1008985030	0.0164460170	0.0000000000	0.0766979802	0.0050875827	0.1639981291	0.3970101208	0.2373378407	0.0001328735	0.0023909530
0	0.0755114718	0.0000273960	0.0015055367	0.1296875636	0.0000000000	0.0969845507	0.1433958966	0.5524666886	0.0000000437	0.0004208524
1	0.0001030196	0.0826946041	0.0505722271	0.0064389561	0.0147000876	0.8063008707	0.0002397790	0.0116704107	0.0097671922	0.0175128529
0	0.0521010493	0.0770944419	0.0087334540	0.0000000003	0.0005566135	0.4514817755	0.1378139398	0.0457612217	0.1291477751	0.0973097289
0	0.0077240960	0.0357051812	0.0013476135	0.2151935494	0.0064796511	0.3334814879	0.0206304600	0.2656609210	0.0981241754	0.0156528646
0	0.3062275656	0.0000000710	0.0197013821	0.0829168038	0.0004503149	0.2773956060	0.0007684166	0.2881601463	0.0000000000	0.0243796938
0	0.0086449076	0.0009332191	0.0000984532	0.1816785788	0.0010581946	0.7797575537	0.0000081150	0.0016408757	0.0228741846	0.0033059177
0	0.0000710845	0.5608816242	0.0165307959	0.2072626231	0.0000000043	0.0228876766	0.0291420039	0.0002180454	0.0892240723	0.0737820699
0	0.0000044246	0.0079066130	0.6279902406	0.0042210674	0.0500524237	0.0086075169	0.0000000269	0.0000261037	0.0573444102	0.2438471730
0	0.0503056132	0.0074160965	0.2911963251	0.2041248320	0.0019215896	0.3952651400	0.0038588994	0.0183888732	0.0275226256	0.0000000055
0	0.2616095810	0.0191344036	0.0000044242	0.0010495041	0.0000026684	0.6160006750	0.0015737044	0.0961697838	0.0040329917	0.0004222638
1	0.1465288386	0.0000550462	0.1085249800	0.1595471806	0.0571822251	0.0089399327	0.1328337601	0.1935690193	0.1928089044	0.0000101131
0	0.0305715258	0.0288177768	0.0130623281	0.0056769818	0.0004593970	0.9104410206	0.0034592621	0.0021395773	0.0037628680	0.0016092625
0	0.0777494185	0.1961674834	0.0000009541	0.1857717030	0.0279089903	0.0675764397	0.0002345356	0.4433569216	0.0000306229	0.0012029309
0	0.8340019715	0.0000767683	0.0113933640	0.0039395057	0.0000000000	0.0461739759	0.0173790237	0.0492001170	0.0318791495	0.0059561244
0	0.5022956865	0.0124782318	0.0787194340	0.1114827878	0.0000000000	0.0314589023	0.0154262016	0.2307052313	0.0151787320	0.0022547927
0	0.0038922424	0.7673287165	0.0000259176	0.0000000000	0.0011612590	0.0001697710	0.0040945370	0.1555655331	0.0479564590	0.0198055644
0	0.0083028525	0.0112015845	0.0003945467	0.0000000016	0.1148375970	0.4726378612	0.0002433649	0.3518242892	0.0000000000	0.0405579023
0	0.8253396552	0.0092692401	0.0008034706	0.0065852152	0.0051124549	0.0074728325	0.0981501711	0.0437628039	0.0034904383	0.0000137182
1	0.2753036621	0.2617743779	0.0509607434	0.0038861328	0.1692761972	0.0448153499	0.0000140080	0.0039201705	0.1798380981	0.0102112600
0	0.0550361066	0.0180193217	0.0303322920	0.2217498744	0.0000011410	0.0612373479	0.1522986657	0.0004713451	0.0240016647	0.4368522409
0	0.1754000987	0.0013462585	0.0521818511	0.0013249154	0.0370465838	0.0317555882	0.0197362488	0.0284358525	0.6522970164	0.0004755865
0	0.0265809592	0.0000000901	0.0339802171	0.2640601691	0.0000000379	0.1921335155	0.3432531022	0.0607565996	0.0764072545	0.0028280548
0	0.0176595107	0.0044960849	0.0360362054	0.1527932975	0.1118820407	0.0366938194	0.3044926876	0.1688575062	0.0044232699	0.1626655778
0	0.1156495008	0.0003339760	0.0101286488	0.1506282889	0.0022183523	0.0331793477	0.2180015977	0.4541628445	0.0153189595	0.0003784839
0	0.0000687534	0.1557726837	0.0249546284	0.0000000072	0.0253896839	0.1023973904	0.2759079706	0.0176137904	0.0642640970	0.3336309951
0	0.0000945369	0.6547220284	0.0022910688	0.0007575097	0.0002855597	0.0158921687	0.0054404779	0.0000005634	0.3140278006	0.0064882860
0	0.3077461909	0.3245746255	0.0486886140	0.0885499850	0.0000000000	0.0568729321	0.0770983135	0.0814136566	0.0139240041	0.0011316783
0	0.2743539635	0.1924268069	0.0311867847	0.2608501531	0.0686008996	0.0160239754	0.0780764029	0.0296455351	0.0394571372	0.0093783416
0	0.1564978107	0.1678550057	0.2810465962	0.0034652956	0.0067938448	0.2332819369	0.0011017330	0.0088942121	0.0167612435	0.1243023215
0	0.0493742545	0.3013610993	0.0004396631	0.0444060220	0.4780742488	0.0031462323	0.0276210656	0.0445541600	0.0119482307	0.0390750238
0	0.9160221151	0.0000000014	0.0000000389	0.0000001183	0.0000000000	0.0001925768	0.0004539126	0.0699328064	0.0000096099	0.0133888206
0	0.0157220952	0.0000415609	0.0058003714	0.0017259777	0.0040263636	0.1614212886	0.6581098108	0.1531525298	0.0000000000	0.0000000020
0	0.2067168348	0.2975833245	0.0310381176	0.0000000000	0.0114209373	0.0179236578	0.0279154137	0.1567766678	0.0002502149	0.2503748316
0	0.1155869137	0.0017754740	0.1919913045	0.1173792570	0.0826653821	0.2594313765	0.0000402227	0.1008471408	0.0421551266	0.0881278022
1	0.0001321063	0.0021149348	0.0223326108	0.0570852242	0.0492826516	0.0000998739	0.3534375412	0.5056193653	0.0026096283	0.0072860636
0	0.0093105129	0.0602594096	0.0528525660	0.0548102912	0.0060923365	0.2115406770	0.5358629285	0.0615486724	0.0077148285	0.0000077774
0	0.0068053380	0.1923964238	0.0515969806	0.0005957405	0.0146926134	0.0085358517	0.0790033382	0.5322748836	0.1140137423	0.0000850879
0	0.0000915356	0.0009513539	0.0018231424	0.2071195593	0.0000162145	0.2929660872	0.1319584092	0.3044990606	0.0575450781	0.0030295591
0	0.2538582015	0.2608821542	0.0217283936	0.0000826872	0.1303119886	0.0608996819	0.0618984045	0.0271081501	0.0127035118	0.1705268265
0	0.0288505988	0.3278454950	0.0253913735	0.0307701987	0.0001827941	0.0436719811	0.0522915310	0.2553976634	0.1480271208	0.0875712436
0	0.1206175494	0.0359935421	0.2253950997	0.0000050852	0.0025539157	0.0256920787	0.0055802999	0.5516550299	0.0080616342	0.0244457652
0	0.2282063629	0.0950940597	0.0014327931	0.0004081734	0.0000057130	0.3666250396	0.0107951570	0.2033509754	0.0516231442	0.0424585817
1	0.0268196064	0.0000000124	0.0147696693	0.0047011319	0.1363446920	0.3962205124	0.2683238278	0.0051511711	0.1413921664	0.0062772104
0	0.0135901018	0.2850617846	0.0299019374	0.0000119013	0.0442515771	0.0466103974	0.0163387957	0.1734680922	0.0449558457	0.3458095668
0	0.1442253972	0.0599215695	0.1230730011	0.1315764504	0.0104125785	0.0177981093	0.0851234306	0.1653504617	0.0152284717	0.2472905299
0	0.0497058464	0.6478797833	0.0004414687	0.0000000016	0.1479950665	0.0781687332	0.0495003561	0.0000014991	0.0259362204	0.0003710246
0	0.3976038309	0.0486863845	0.0272773729	0.0426353524	0.1685505603	0.0006333673	0.0038613067	0.2764461931	0.0000000000	0.0343056318
0	0.0038000562	0.0000056128	0.0030927491	0.0008346796	0.0105676951	0.9685494511	0.0047176957	0.0062540309	0.0021779079	0.0000001216
0	0.0000014221	0.0539999409	0.0489262838	0.0364479600	0.0000000000	0.0765750946	0.7749001268	0.0017942937	0.0006903480	0.0066645302
0	0.1109355035	0.0411659361	0.0478758987	0.0078384181	0.0000000006	0.4486573891	0.1777641267	0.0471247572	0.0004933411	0.1181446290
0	0.0996162247	0.0198770482	0.0471047308	0.0481203710	0.0756399571	0.1316362122	0.1265810585	0.4172393841	0.0341849951	0.0000000184
0	0.0023081888	0.2111819360	0.2807586063	0.1188474996	0.0696869677	0.0621206850	0.1523962878	0.0000197459	0.0072384563	0.0954416266
0	0.3216594502	0.3034837424	0.0097462432	0.0365920173	0.0000212427	0.0945797722	0.0723322357	0.0638557458	0.0889744390	0.0087551115
0	0.2161245457	0.0000089539	0.0909102821	0.0473709885	0.1991027840	0.2361861499	0.0162456847	0.0087754609	0.0957555657	0.0895195845
0	0.0720125031	0.1218332211	0.0110028296	0.0130835332	0.0000002450	0.2480499823	0.0071029465	0.4962667899	0.0000042910	0.0306436583
0	0.0604747027	0.0019118872	0.0004348164	0.0185089629	0.0267226201	0.0093395714	0.3604715013	0.5054684808	0.0101274835	0.0065399737
1	0.0000000002	0.0763778903	0.0436627657	0.0000000000	0.0113118453	0.0138900418	0.3332724953	0.4727999091	0.0000005576	0.0486844947
0	0.4294391622	0.0114693164	0.0166599600	0.0117796475	0.0000000003	0.0712382746	0.0188452492	0.2993966876	0.0246280638	0.1165436383
0	0.0007471748	0.1785657804	0.0027665489	0.0136938715	0.0224906527	0.0000106854	0.0000067245	0.7003231043	0.0344346995	0.0469607579
0	0.0038820625	0.0855958082	0.0001415105	0.2303069378	0.0222002964	0.0261878104	0.0227120064	0.0000129350	0.0000051789	0.6089554538
0	0.0000053042	0.1160676044	0.0464290393	0.0180297681	0.0016940459	0.6161985075	0.0380572177	0.1397533745	0.0223101277	0.0014550107
0	0.2120056755	0.3000627482	0.0013676437	0.0656516823	0.0000000003	0.1391674298	0.1443923652	0.0391056817	0.0011438726	0.0971029006
0	0.1781931247	0.0004501458	0.4559661943	0.1009140705	0.0267857439	0.0109211385	0.0191846949	0.0186825924	0.1889019109	0.0000003841
0	0.6108846589	0.0000000000	0.0152459341	0.0005671502	0.0059234809	0.1585777878	0.0458388075	0.1628746627	0.0000875180	0.0000000000
0	0.5818295231	0.0009979085	0.0120296918	0.1198171315	0.0025597593	0.0408804468	0.2041687841	0.0264872859	0.0002315659	0.0109979030
0	0.0000000010	0.0128814513	0.0000095951	0.0049059557	0.0002732980	0.0112276010	0.1048683919	0.7855241252	0.0632778071	0.0170317737
0	0.0005421130	0.4707557567	0.0000015794	0.0141543027	0.0033486955	0.0884136134	0.0016244484	0.0001099178	0.0037028269	0.4173467463
0	0.1034930474	0.0122731704	0.0025261744	0.0000071075	0.0085265208	0.3283695193	0.0046030024	0.1628420162	0.0789246717	0.2984347699
0	0.0815011254	0.4227023315	0.0203186658	0.0238026193	0.0833515542	0.3046189225	0.0002227918	0.0513313015	0.0055772553	0.0065734328
0	0.4382707301	0.0029994067	0.0043022130	0.0002892231	0.0046519594	0.3664351448	0.0401852194	0.0660604570	0.0705318661	0.0062737803
1	0.1918855663	0.1523056608	0.1247437932	0.2106449608	0.0000000000	0.0437804527	0.0057531411	0.0600691421	0.0929838646	0.1178334184
0	0.3833648427	0.0783024390	0.0000256524	0.1978742753	0.0547865056	0.0908924877	0.1057948611	0.0009493553	0.0717809534	0.0162286276
0	0.1315338885	0.1157041383	0.0001830709	0.0362234568	0.0011256012	0.1180738133	0.5045825563	0.0063814086	0.0717460136	0.0144460525
0	0.0000147116	0.3972813369	0.1925147698	0.0025696738	0.0080485675	0.0053678842	0.2640511744	0.0908130820	0.0000002958	0.0393385042
1	0.0985702041	0.0411361466	0.0049790308	0.0040021096	0.0207480214	0.0719442162	0.7172327980	0.0391666942	0.0022127532	0.0000080259
0	0.2442531796	0.0043844170	0.0607261993	0.0347539647	0.0000000000	0.1173889327	0.0000161671	0.2476729954	0.1662059537	0.1245981906
1	0.1133024539	0.1433182154	0.1081152775	0.0006789236	0.1147731564	0.3859908135	0.0200591106	0.0190843486	0.0002423573	0.0944353432
0	0.0871390946	0.0023568097	0.0000000017	0.0567485489	0.0000045356	0.1579923968	0.4307703517	0.2644522675	0.0005359934	0.0000000000
1	0.0570255367	0.0624513011	0.0003134460	0.0327253898	0.0282933575	0.0342258696	0.0054369710	0.0000000202	0.7078467968	0.0716813114
0	0.0627644439	0.0000210359	0.0056905835	0.0590607601	0.3312908491	0.2456729539	0.0021943140	0.0067900563	0.2862727744	0.0002422290
0	0.0771093615	0.2082779650	0.0000016017	0.0000000129	0.2135830452	0.1516227594	0.1272175807	0.0020788003	0.0364348512	0.1836740221
0	0.1216579881	0.1617679299	0.2112647892	0.0000001147	0.0888773212	0.2883011181	0.0026836281	0.1251064955	0.0000003951	0.0003402201
0	0.4695622316	0.0015476193	0.0835947161	0.3290192746	0.0011743504	0.0009044431	0.0106504366	0.0556347539	0.0008279298	0.0470842445
0	0.0346605104	0.0380928426	0.0135405388	0.0487338116	0.0079235291	0.1717752781	0.2639727849	0.1576498545	0.0451711271	0.2184797230
1	0.5548844907	0.0003654674	0.0000000012	0.0006223458	0.0178849845	0.0707472720	0.2822596253	0.0397937929	0.0294016118	0.0040404085
0	0.0322669628	0.3612071325	0.0545503750	0.0107005467	0.0575837272	0.1416822544	0.0296159594	0.0238242951	0.0801280762	0.2084406707
1	0.0517362024	0.1289089278	0.0000000007	0.0003154284	0.1117045942	0.1507758674	0.0700706215	0.3914453980	0.0830310520	0.0120119076
0	0.6821941176	0.0362379069	0.0096968847	0.0000017797	0.0000000033	0.0570277230	0.1716815325	0.0060133365	0.0146606024	0.0224861134
1	0.0912318778	0.5784384169	0.0014599572	0.0834485980	0.0000000000	0.0004194514	0.2092080006	0.0147195819	0.0189661648	0.0021079516
1	0.6887232903	0.0440443541	0.1058315728	0.0008982467	0.0028594142	0.1400276529	0.0054321527	0.0000000000	0.0000457943	0.0121375220
1	0.0405626104	0.1629501229	0.0000000000	0.3213870255	0.0000809071	0.0958348743	0.0550308187	0.1515503218	0.0001599069	0.1724434124
0	0.0643161573	0.5241775181	0.0006073117	0.0361577454	0.0001028147	0.1505046429	0.0028332192	0.2205247267	0.0000018809	0.0007739830
1	0.2725103405	0.0332555168	0.0421410239	0.0107388624	0.0735121539	0.0893407435	0.4221045953	0.0548185614	0.0015782023	0.0000000000
0	0.0000073618	0.1878155940	0.0158235364	0.0000000000	0.1693830692	0.5559375525	0.0032046025	0.0107370764	0.0390874837	0.0180037237
1	0.0600828195	0.0005497335	0.1157913561	0.0950929324	0.6218901522	0.0000000000	0.0105865611	0.0242437894	0.0660688043	0.0056938513
1	0.4115775582	0.3883323968	0.0029550845	0.0000103874	0.0766613084	0.0975360391	0.0090598987	0.0080500126	0.0058173144	0.0000000000
0	0.0653134660	0.0454017330	0.1644929402	0.0006219159	0.1509266872	0.2804620989	0.0958352855	0.0000026750	0.1189504057	0.0779927925
0	0.0127321134	0.9364782442	0.0009456257	0.0008086830	0.0077216616	0.0008159063	0.0023068162	0.0162686760	0.0060817928	0.0158404810
0	0.0045816369	0.0362118390	0.0799779513	0.0343804259	0.0398636558	0.2004701221	0.0609028118	0.4808493986	0.0201345628	0.0426275958
0	0.0031059067	0.3896627457	0.0950596697	0.0028585621	0.0600757466	0.0013172889	0.1198109852	0.0056956459	0.2920569216	0.0303565277
0	0.0238644567	0.7930001049	0.0014849880	0.0100388284	0.1359380322	0.0209922658	0.0054071203	0.0056946078	0.0002767738	0.0033028221
0	0.0044739648	0.3030013704	0.0398727027	0.0608153446	0.0000000000	0.2851704393	0.0518226852	0.0592085654	0.1308562885	0.0647786391
1	0.0370859972	0.0039450413	0.0005038337	0.0778291958	0.0411981074	0.0423177292	0.3423570195	0.4286899247	0.0042141265	0.0218590248
1	0.0000638329	0.2177007675	0.0000007824	0.0000040922	0.0000001312	0.0966524707	0.2602164469	0.3979546362	0.0089301785	0.0184766616
0	0.0329745170	0.0388574925	0.2021096230	0.0000022721	0.0207753750	0.0904674064	0.0000000778	0.0002406445	0.0000000000	0.6145725917
0	0.0016078768	0.7418997395	0.0046765221	0.0040987279	0.0028918542	0.0015683207	0.1247047729	0.0418825184	0.0015106781	0.0751589895
0	0.0028516085	0.0433242810	0.0000074348	0.0002785294	0.2088457757	0.4488227166	0.0961911132	0.0238130785	0.0038918993	0.1719735630
0	0.0896754266	0.2980041914	0.0240673268	0.0068739917	0.0266768655	0.4460753509	0.0000055951	0.0000000153	0.0621999875	0.0464212493
0	0.0335350751	0.2582721305	0.0284528335	0.0581605515	0.0360662091	0.0600185076	0.0000142698	0.0002771012	0.5245034414	0.0006998803
0	0.2962823107	0.1514093973	0.0192160400	0.1002740578	0.0000750201	0.1536941518	0.0000417981	0.1055961910	0.1050463804	0.0683646528
0	0.0084986490	0.5224934131	0.3313601132	0.0046742024	0.0000001508	0.0576821849	0.0002502869	0.0059531032	0.0507699380	0.0183179584
0	0.0330288610	0.2492804611	0.0503883299	0.1302500922	0.1949596199	0.3090459944	0.0003135063	0.0301063657	0.0017431696	0.0008835999
1	0.0067858802	0.5724452047	0.0000000000	0.0077595330	0.0011316952	0.0055212963	0.0933580259	0.3118292435	0.0011688334	0.0000002879
0	0.0422117372	0.0720724899	0.0068396499	0.0115099686	0.0000045999	0.5728758297	0.1300873384	0.0645583002	0.0006243289	0.0992157572
0	0.4456272569	0.0342399379	0.0245660786	0.0000112778	0.0181929949	0.0151576356	0.0018050620	0.1828228500	0.0073051749	0.2702717314
0	0.4966110936	0.2149114360	0.1256927388	0.0000000000	0.0034763283	0.0470857763	0.0000000083	0.0521446983	0.0141181630	0.0459597574
0	0.0636544740	0.0780640132	0.0149178628	0.1612768315	0.0883528215	0.4799177450	0.0000205328	0.0224093897	0.0052822097	0.0861041199
0	0.2389800861	0.1318283623	0.1249573464	0.0163390469	0.0227189212	0.4556253692	0.0033551423	0.0000000000	0.0000015847	0.0061941408
