0	0.0000000001	0.0069201131	0.0749441022	0.0291875376	0.0711761193	0.6124941202	0.1797353654	0.0183294123	0.0071593482	0.0000538815
0	0.0000000000	0.2795564054	0.0141177935	0.0999753449	0.0003978606	0.0000323821	0.0040498715	0.0002934747	0.5954122176	0.0061646498
0	0.0000133975	0.2781098329	0.0000000000	0.0116519632	0.0000093187	0.0373532127	0.0000823741	0.6522071713	0.0200863243	0.0004864052
0	0.0001507805	0.1955600217	0.5960481496	0.0329988138	0.0877964593	0.0051089738	0.0778441677	0.0007750238	0.0005031750	0.0032144349
0	0.0000000000	0.0000561855	0.0465434944	0.0011352622	0.0000000000	0.0062523672	0.0056822209	0.4615619028	0.4448015770	0.0339669899
0	0.0164297618	0.0031278037	0.0253550152	0.0000000000	0.2103482312	0.3097324964	0.0131261306	0.0588980692	0.1337981257	0.2291843663
1	0.0009313390	0.0007753355	0.0000000000	0.0025504328	0.0000000000	0.0212301108	0.3089078775	0.6527784992	0.0017950760	0.0110313292
1	0.0053560862	0.0212897825	0.3026260886	0.6546620265	0.0008769182	0.0066040884	0.0001317657	0.0000916907	0.0000173680	0.0083441853
0	0.0206669132	0.2169557984	0.0094338073	0.5901962729	0.0533790982	0.0003744587	0.0354941977	0.0038870733	0.0098348084	0.0597775719
0	0.1020373146	0.0361033451	0.0425745287	0.0000094785	0.0000038082	0.3331263227	0.1912250274	0.0817725831	0.2128560401	0.0002915515
0	0.0000000208	0.2069095751	0.0000357338	0.0475869873	0.1682044027	0.0446016088	0.2374740809	0.0772015213	0.1429384737	0.0750475954
0	0.0781925865	0.0000000000	0.0679844678	0.0000000000	0.0273796487	0.2726069012	0.0341729489	0.2931985280	0.0247747176	0.2016902013
0	0.0224081531	0.0280228117	0.0108961634	0.0415762330	0.0058446455	0.0110123710	0.0004167382	0.8506768836	0.0279140989	0.0012319015
0	0.6116957899	0.0001328642	0.0064750070	0.0550597661	0.0048643061	0.2899345346	0.0032888184	0.0274468355	0.0000806958	0.0010213823
0	0.0000001307	0.3369274844	0.0073412504	0.1012340878	0.0052884093	0.1252525174	0.0745194986	0.0046792046	0.3405141677	0.0042432491
1	0.0837722081	0.0025244124	0.0351961744	0.0000093592	0.0003373019	0.1908182613	0.0931879380	0.4509746050	0.0283707058	0.1148090338
0	0.0364558712	0.0234673888	0.0264931316	0.0145075625	0.0156539225	0.0191171080	0.0049106012	0.0020105187	0.0000538690	0.8573300266
0	0.0000154908	0.0244831574	0.0092062953	0.0008969370	0.0000052150	0.0012308471	0.1881684460	0.5098541150	0.2600486162	0.0060908801
1	0.0731703324	0.0126045319	0.0399830036	0.0568387597	0.0004652792	0.1496481016	0.0000000007	0.0347523253	0.3362344786	0.2963031869
0	0.0002035837	0.0413713104	0.0377116722	0.0660864503	0.0002808844	0.1197546777	0.2645543350	0.2260643208	0.1595923816	0.0843803838
0	0.0941652957	0.0294115011	0.1051035038	0.0742558003	0.1678251727	0.2251205356	0.1868379267	0.0053401109	0.0783667399	0.0335734134
0	0.0012003661	0.0103380198	0.0100198761	0.2343055570	0.0060733415	0.1294884223	0.0000192648	0.3091182361	0.2266349234	0.0728019929
0	0.0000012836	0.0180376358	0.0000000000	0.0262472900	0.0000000000	0.1937292559	0.2664818330	0.1577180645	0.3330333265	0.0047513106
0	0.0141937591	0.3198370018	0.0364676742	0.2470674751	0.0002451676	0.0582444677	0.2407330733	0.0783400135	0.0012602238	0.0036111439
1	0.0000097500	0.1486443554	0.2199576831	0.0493889633	0.0005551232	0.0037217447	0.5412134472	0.0337229249	0.0005845794	0.0022014290
0	0.0000127337	0.0061593110	0.0059654174	0.0089668834	0.0000000000	0.0427645491	0.1205415142	0.4797458653	0.2523672707	0.0834764550
0	0.0033280747	0.0428448008	0.0000001117	0.1460040417	0.3055800971	0.0804701245	0.3274621179	0.0002228781	0.0287961623	0.0652915913
0	0.0000006138	0.0673999247	0.0000016954	0.0231956032	0.0000000000	0.0325179622	0.6908545835	0.0003956890	0.0040760225	0.1815579058
0	0.2649914737	0.0989590374	0.1166280777	0.0075755334	0.0512456811	0.2692306262	0.0913739614	0.0053213719	0.0784676250	0.0162066123
0	0.3640514388	0.0000329273	0.0422383863	0.0024049806	0.0874563857	0.0888638812	0.0000000000	0.4065064921	0.0000000000	0.0084455081
2	0.1757303462	0.0435885628	0.2735901884	0.1088717826	0.0347014361	0.0640806429	0.2531747548	0.0428653130	0.0000005885	0.0033963847
0	0.0059933014	0.0130474358	0.0451496061	0.0515397027	0.0000030884	0.1808689228	0.0619807838	0.3963873985	0.0410464740	0.2039832866
0	0.0156909583	0.0000544817	0.6987715303	0.0346942787	0.1572001069	0.0222395765	0.0369315400	0.0293170630	0.0008047081	0.0042957565
0	0.0711948605	0.1022728718	0.5207862202	0.0360551551	0.0104798593	0.0714327951	0.0002149727	0.0323121428	0.0319370220	0.1233141004
0	0.0002004004	0.4398485437	0.1231286178	0.1438392023	0.0112941969	0.0666355218	0.0000253273	0.1969575488	0.0180706410	0.0000000000
0	0.0007895311	0.3969197455	0.0661728868	0.2039966568	0.0672523632	0.0555540530	0.0056391580	0.0007851952	0.0144652971	0.1884251132
0	0.0038827873	0.0703361477	0.1120408537	0.0000366558	0.0000292550	0.0328456007	0.0466662746	0.5363661404	0.1781553211	0.0196409637
0	0.0673314997	0.0069623217	0.0481606784	0.0388383639	0.0000019506	0.0295205207	0.7306533577	0.0486114668	0.0000216747	0.0298981658
1	0.0000000000	0.0004733289	0.0001814211	0.0049335903	0.0000774639	0.7051041101	0.0002880972	0.0360612558	0.1041863077	0.1486944250
0	0.0779773191	0.0030080578	0.2563382795	0.1497357435	0.0047904603	0.0580557509	0.0058338665	0.2417506291	0.1886595193	0.0138503740
0	0.0000000000	0.0201369191	0.0000016410	0.0066935671	0.0059536599	0.5964860450	0.3406734745	0.0127997532	0.0121492654	0.0051056749
0	0.0000136958	0.0000000938	0.0000268988	0.0007707220	0.0000368831	0.0238704514	0.0174902554	0.6351782117	0.3226127831	0.0000000049
0	0.0000208176	0.0014499166	0.0001237941	0.0000033511	0.0002899852	0.0138572282	0.8235723573	0.1017435112	0.0497737932	0.0091652457
1	0.0361206482	0.0014884729	0.0379297960	0.0002060781	0.0021510549	0.0023390819	0.0032422870	0.3647314712	0.5075494399	0.0442416697
1	0.2756559420	0.0112537146	0.2138099382	0.0100428488	0.0189648344	0.2737820998	0.0000048275	0.0014438453	0.0001099349	0.1949320144
0	0.0003099188	0.0031521514	0.5960149788	0.0607070924	0.0000000000	0.1429547193	0.0460634953	0.0010782247	0.1496794228	0.0000399965
1	0.0070025729	0.3273648315	0.0003781402	0.0545563409	0.0012683244	0.1672937526	0.0944431294	0.3220680821	0.0256248260	0.0000000000
0	0.0048938045	0.0148488960	0.0025111755	0.0161328069	0.0000008917	0.2765407797	0.0595688098	0.0631010839	0.5426424425	0.0197593095
0	0.0040975677	0.2034332563	0.1086727295	0.1751944597	0.0000000000	0.0800620414	0.2312568168	0.0205702831	0.1767128440	0.0000000016
0	0.7172853956	0.0000000000	0.0002887705	0.0104493011	0.0124817733	0.1947069164	0.0003248888	0.0035027561	0.0000026110	0.0609575872
1	0.0000047369	0.6025481423	0.1516751999	0.0592190198	0.0056810073	0.0383386137	0.0723193709	0.0552199165	0.0149156625	0.0000783301
1	0.0000426877	0.0891633213	0.0466754661	0.0209207972	0.0091723322	0.1693881449	0.6341783100	0.0251450623	0.0000000000	0.0053138783
0	0.0025879020	0.0399725497	0.0073768226	0.4447269563	0.0000201689	0.2624614650	0.0944409941	0.1467010748	0.0017120666	0.0000000000
0	0.0000002623	0.6169771112	0.0184817307	0.0000000107	0.0000000000	0.0000000780	0.1551894753	0.1766739985	0.0269110165	0.0057663168
0	0.0000000140	0.0165573227	0.0000000000	0.5548298575	0.0000260391	0.2318902013	0.0575291980	0.1127390403	0.0117835572	0.0146447699
0	0.0003581108	0.4736093570	0.1760273295	0.0350181154	0.0000044507	0.0012338759	0.0397685874	0.0016602314	0.2653893983	0.0069305436
1	0.1394482650	0.0020647868	0.0314236204	0.0232934218	0.0000000000	0.0002995115	0.0000389531	0.0454601602	0.0000026813	0.7579685999
0	0.0000095378	0.0000585724	0.3694791583	0.0135101660	0.2355238987	0.1314296880	0.0322754239	0.1595281880	0.0193179910	0.0388673757
1	0.0005734577	0.0012396073	0.0683993623	0.1092888108	0.2314041579	0.0877629889	0.0199768908	0.0986585521	0.2972004960	0.0854956764
0	0.0022243735	0.0002679565	0.0046693747	0.0504944941	0.0000000486	0.0710550379	0.4119812525	0.0962330791	0.3223471975	0.0407271857
0	0.0487386983	0.0000052029	0.0003393085	0.0049396588	0.0154624748	0.0054970964	0.5062971271	0.3329736357	0.0856744721	0.0000723254
0	0.2451980509	0.1074576459	0.1714884935	0.0094658882	0.4291818617	0.0000007037	0.0000000256	0.0372063901	0.0000004145	0.0000005260
1	0.0144616514	0.1162067446	0.1290183122	0.0349884821	0.0189569487	0.1024165522	0.1830357656	0.0000030119	0.0000442936	0.4008682376
0	0.5476540966	0.0439738938	0.0091674302	0.0000000000	0.1905420608	0.0850271316	0.0000010273	0.0854125181	0.0382218389	0.0000000026
0	0.0000476157	0.0002163556	0.0008605820	0.0006543549	0.0000000000	0.7012885658	0.0188211243	0.0122764154	0.1444294547	0.1214055316
0	0.0077685138	0.0015598375	0.0677907291	0.1958270692	0.0006322601	0.3081290593	0.2345864765	0.0152539671	0.1403876024	0.0280644851
0	0.0000114879	0.1264187549	0.0542484649	0.0591261066	0.0053787828	0.4587461201	0.1700396173	0.0900748373	0.0354382272	0.0005176009
1	0.4723482627	0.1558447865	0.0000003807	0.0088550721	0.0000000060	0.2361189491	0.0489511488	0.0359201301	0.0055042720	0.0364569921
0	0.0000000019	0.0000907562	0.0414714981	0.0109200423	0.0000000000	0.0278722795	0.0000000001	0.8572272836	0.0095820902	0.0528360480
0	0.6054009967	0.0132527437	0.0539315771	0.0055554704	0.0000000000	0.1295658947	0.1104867509	0.0390384990	0.0000000000	0.0427680675
1	0.0040343174	0.0846174842	0.0699016098	0.0648745840	0.0096822662	0.4586075980	0.0417047102	0.2192799502	0.0018194126	0.0454780675
0	0.0125953760	0.4887655780	0.0137986589	0.1163583249	0.0224668110	0.2361110815	0.0007544930	0.0386068749	0.0483490417	0.0221937601
0	0.0000000000	0.0000000000	0.0099379700	0.0400202854	0.0000217686	0.2102131669	0.0003320533	0.0115371300	0.0525693781	0.6753682478
0	0.0000000001	0.0010102196	0.2403934784	0.0295248087	0.0135961426	0.0522947236	0.0000042973	0.4078674020	0.0304237986	0.2248851292
0	0.3341882373	0.0191807321	0.0636583457	0.0721185159	0.3317030435	0.0225255420	0.0217164113	0.0018942011	0.0683268473	0.0646881237
0	0.0020769587	0.0063588342	0.0847293381	0.0001011618	0.6089815371	0.0003292170	0.0000000014	0.0804519308	0.1054123153	0.1115587056
0	0.3748947160	0.0003220713	0.0189985209	0.1631272024	0.0962502786	0.1423965395	0.0004611465	0.0647952071	0.1298724421	0.0088818756
0	0.1362323774	0.0000017688	0.0015538033	0.3115952063	0.2329906003	0.0971045165	0.0747773299	0.0275504239	0.0759244854	0.0422694881
0	0.0099225815	0.2013468697	0.0003094694	0.1142172738	0.0794188056	0.2634102552	0.1842529594	0.0759028814	0.0431857694	0.0280331346
0	0.0083278846	0.0156413216	0.0062190328	0.3014865818	0.0416204905	0.0308852646	0.2834770160	0.1991340579	0.0918829708	0.0213253795
0	0.0344047844	0.0043693811	0.0289719372	0.0186303421	0.0218584946	0.1567620426	0.0284689030	0.2114608614	0.1045692078	0.3905040459
1	0.0000000038	0.0275252347	0.0079075172	0.0622131192	0.0000000000	0.1126317340	0.0362004094	0.0600392997	0.6566163956	0.0368662864
0	0.1301373027	0.0000799744	0.0923481756	0.0000000000	0.0156523662	0.2697823849	0.0607921804	0.0000000203	0.0001909922	0.4310166035
0	0.0000218962	0.1510019852	0.0000852682	0.2385051224	0.0124392274	0.4997976268	0.0260589947	0.0685373824	0.0000042447	0.0035482519
0	0.0000382539	0.0002955450	0.0000139274	0.0000482971	0.0000000000	0.0017182621	0.0116904282	0.9699488971	0.0148767891	0.0013696001
1	0.0470773682	0.1547756793	0.0604957303	0.0000000001	0.0000000016	0.0600639714	0.4652851315	0.0671408412	0.0043761868	0.1407850895
0	0.0000000000	0.0052165379	0.1283442286	0.2324239915	0.0020595550	0.0059814161	0.1170176676	0.4051562502	0.1018136930	0.0019866602
0	0.0000085941	0.0395578807	0.0015892439	0.0242780161	0.0001310732	0.0038024671	0.0456504236	0.6495810578	0.0000933643	0.2353078791
0	0.0000019724	0.0125781723	0.0283626183	0.0060668580	0.0238355207	0.8968833214	0.0029519696	0.0000000630	0.0292034327	0.0001160715
0	0.0000000001	0.0000000000	0.0000004056	0.0064850616	0.0179418625	0.7488875751	0.0283358238	0.0286949138	0.0232785139	0.1463758436
0	0.0046920089	0.0096082508	0.0099074903	0.0000198584	0.0358414738	0.3282251021	0.1126050006	0.0381985420	0.1106209482	0.3502813248
0	0.1961475533	0.0004044927	0.2221469477	0.0094643894	0.0044430144	0.0000000000	0.0166026858	0.2214841371	0.2482062502	0.0811005294
1	0.0199834753	0.0346002694	0.0638727644	0.2073333653	0.0000016171	0.0885711448	0.5601010834	0.0000000306	0.0218591226	0.0036771269
0	0.0754625070	0.1708376695	0.0359025310	0.0000063423	0.0000551966	0.3133175022	0.3049775877	0.0535187341	0.0450304941	0.0008914356
0	0.0000000000	0.0343701261	0.0000097312	0.0000000000	0.0013581229	0.0017591880	0.0001730354	0.9534612745	0.0042162175	0.0046523044
0	0.1319954796	0.0005123043	0.3509759787	0.0015594414	0.0575236730	0.0045567808	0.0994668438	0.0270278540	0.3056344575	0.0207471871
0	0.2222932186	0.0008381843	0.0448812760	0.0000002844	0.0000091756	0.0000010256	0.5043289365	0.1617768298	0.0021104137	0.0637606556
1	0.0116329490	0.0435048911	0.0000329070	0.0789676998	0.0000000002	0.5399991999	0.3071384749	0.0047912574	0.0000000000	0.0139326207
1	0.0000069989	0.3644906694	0.0168631911	0.0891144812	0.0578399507	0.2225809852	0.0229726454	0.1125656768	0.0000000006	0.1135654008
0	0.0096938301	0.0041541609	0.0000000000	0.0001916261	0.0294774988	0.6883913804	0.0293998820	0.0338925592	0.0517492394	0.1530498232
0	0.0023274833	0.0064609602	0.0762106237	0.0088212708	0.0240487105	0.8110718624	0.0000063570	0.0003725581	0.0513152571	0.0193649169
0	0.0203270441	0.5062467738	0.0284501000	0.0000000007	0.0048085495	0.3494699810	0.0565647358	0.0150385934	0.0177515801	0.0013426415
0	0.0903948332	0.0001821465	0.0031357556	0.0000011577	0.0000000008	0.5713235212	0.0811256670	0.2360517388	0.0177633254	0.0000218537
0	0.0097426645	0.1151225535	0.0230733069	0.1822510047	0.0000169516	0.0302975643	0.3496697731	0.0166641419	0.0040790940	0.2690829456
0	0.0010226499	0.0000000014	0.0404559822	0.0059672092	0.0000145977	0.4835015189	0.4439525491	0.0162652631	0.0000000000	0.0088202285
0	0.0000000363	0.5850396155	0.0298897286	0.0020075433	0.0000000001	0.0529358430	0.0003874094	0.1450825440	0.0004311294	0.1842261504
0	0.0188527644	0.0458774150	0.1934610728	0.0141828348	0.0038531891	0.4527402109	0.0003690879	0.0126412551	0.0484803895	0.2095417806
0	0.0834601158	0.1327978126	0.0025048062	0.0345696497	0.1104412608	0.0436508987	0.0098499799	0.4722176321	0.0647434712	0.0457643730
1	0.0582656775	0.0363663153	0.0208778829	0.0000000000	0.0027282122	0.0713480879	0.0000000001	0.7469653188	0.0358422529	0.0276062523
1	0.2154814062	0.0009355928	0.0008307023	0.0000085809	0.0000000000	0.4401353556	0.0211706546	0.0966692281	0.0028493613	0.2219191182
0	0.0000357632	0.2000672945	0.6473624817	0.0001411953	0.0009912896	0.1476139335	0.0030749684	0.0000019748	0.0005380341	0.0001730648
0	0.0000504833	0.0310354745	0.4969705921	0.0000000000	0.0011470498	0.0000000221	0.1658814402	0.0206601394	0.2553840863	0.0288707124
0	0.0159732488	0.0220236855	0.0420468335	0.0084125018	0.0000643644	0.0156056743	0.2000947068	0.2103374690	0.0606569333	0.4247845826
0	0.0000082750	0.1258536577	0.0000000000	0.0000218109	0.0002472886	0.8115361070	0.0053420648	0.0291275667	0.0112436583	0.0166195708
0	0.0887858194	0.0001902927	0.0730692145	0.0011220751	0.0811801779	0.0220534050	0.0506570069	0.6056402163	0.0772892665	0.0000125258
0	0.0628930054	0.6116479864	0.0131183192	0.0309558422	0.0913934726	0.0729021470	0.0016857795	0.0993903980	0.0153122675	0.0007007823
0	0.0084394625	0.2259519415	0.2380642421	0.0052732845	0.0000212863	0.0935016961	0.0336657143	0.1262925159	0.2660917058	0.0026981510
0	0.0001775472	0.0025994795	0.0998414083	0.0000000033	0.1443624174	0.0128887471	0.2301311077	0.4431723474	0.0509056395	0.0159213025
0	0.0008188578	0.0568090691	0.4966596093	0.1014087774	0.0000007440	0.1704525126	0.0327043750	0.0041291353	0.0041907350	0.1328261845
0	0.0168704810	0.0189172602	0.0315391181	0.0385586779	0.0000018881	0.6558907118	0.0003205319	0.1590568546	0.0782513877	0.0005930886
0	0.0150810916	0.0050290601	0.0351812811	0.1083483408	0.0041368524	0.7021544733	0.0333049918	0.0966392355	0.0000271425	0.0000975311
0	0.0074487341	0.1384370770	0.0208218966	0.0000959328	0.0000000000	0.6688545086	0.0151154401	0.0474533494	0.0251610060	0.0766120555
0	0.0016703652	0.1128416895	0.0314956836	0.0434202504	0.0491400147	0.0285667451	0.0349837215	0.6367665886	0.0528376542	0.0082772872
0	0.0069162653	0.0000836510	0.0641709485	0.0138582771	0.0008983953	0.0287828136	0.8401759888	0.0090480746	0.0287691411	0.0072964448
1	0.0001342019	0.6278591327	0.0037090252	0.0422942487	0.0001520145	0.1998121121	0.0292695123	0.0062227557	0.0038832766	0.0866637203
1	0.0239787709	0.0000000000	0.0103966093	0.0023804559	0.0221648566	0.0941966606	0.4373220416	0.0433965948	0.3660712068	0.0000928035
0	0.0320984379	0.0678260641	0.2210587621	0.0000051555	0.2294457440	0.0819383287	0.3405312331	0.0270335674	0.0000008596	0.0000618475
0	0.3683286943	0.0545641698	0.0431973523	0.0038586090	0.0117142586	0.2122738625	0.0279695468	0.1326925951	0.1453378041	0.0000631075
1	0.0964268618	0.0905135695	0.1612596954	0.1351778879	0.1442461875	0.0424577102	0.1703815153	0.0131655749	0.1403231762	0.0060478213
0	0.0000175566	0.0063406447	0.0070565574	0.0000000039	0.0000191295	0.0191855965	0.5117757965	0.1659699939	0.0059930165	0.2836417044
0	0.0259996412	0.4290541428	0.0000507860	0.1255932119	0.0000290983	0.1233512356	0.0586994080	0.0160540619	0.1640063729	0.0571620413
1	0.0005559185	0.0350405512	0.2478877286	0.0921177936	0.0136238044	0.3974035779	0.1570893994	0.0057938546	0.0504873659	0.0000000059
0	0.0000000000	0.0508943715	0.0000000000	0.0287331100	0.6541058124	0.1019187213	0.1198522116	0.0347109601	0.0004540036	0.0093308094
0	0.0109365873	0.7331550799	0.0114349024	0.0000003023	0.0000000000	0.0828253226	0.0262221295	0.1094410925	0.0243436319	0.0016409515
0	0.0117371415	0.4593686629	0.1780502782	0.0028695841	0.0811350468	0.2006183372	0.0000550711	0.0181213712	0.0268448471	0.0211996597
0	0.0177636090	0.0458094067	0.0156194984	0.0000009750	0.0698158545	0.1078517236	0.0061162726	0.0076231535	0.0003852730	0.7290142338
0	0.0000000000	0.0019980223	0.0115052995	0.0019856075	0.0000003602	0.3437857849	0.0105877836	0.4251998338	0.0494511966	0.1554861114
0	0.0002054994	0.0176123811	0.0000000000	0.0069095279	0.0000000001	0.7961196124	0.0098128119	0.0912606431	0.0461449057	0.0319346183
0	0.1088862091	0.0000149577	0.0403812502	0.0090150506	0.5723731189	0.0242771688	0.0808707319	0.0628745549	0.1013068213	0.0000001367
0	0.0230299554	0.0172215174	0.2882870943	0.1470550145	0.0704978793	0.2872530535	0.0000315746	0.0065115208	0.1247779898	0.0353344003
0	0.0000450086	0.0718623476	0.0000000000	0.0000263085	0.0000000000	0.0795930773	0.0290592061	0.2592098304	0.4753381799	0.0848660416
0	0.0660916088	0.0314910928	0.2987703229	0.0806263777	0.0000000000	0.1106319204	0.0510613995	0.0006266379	0.1984201053	0.1622805347
0	0.0156904644	0.2144996205	0.4384806585	0.0000000182	0.0000010827	0.1635135513	0.1209067552	0.0176691705	0.0200472539	0.0091914249
0	0.0008896086	0.0718554124	0.0167443276	0.0335718631	0.0000786092	0.6061835204	0.0117605825	0.2515729892	0.0073430859	0.0000000011
2	0.0000229851	0.0087529462	0.1313273013	0.0397903308	0.0352006278	0.1215829643	0.0045479438	0.2506152450	0.0178654375	0.3902942181
0	0.0020663886	0.0000660401	0.0201700508	0.0617341871	0.5732505846	0.1779113114	0.1032427273	0.0001276548	0.0172869175	0.0441441378
0	0.0010090626	0.0011534904	0.0000014274	0.0584340429	0.0000000000	0.4203785737	0.0836697432	0.0015106192	0.4176009070	0.0162421335
0	0.0377337597	0.0027108928	0.0022764043	0.0005213823	0.0321562664	0.4122085571	0.0061872151	0.4882116407	0.0179821325	0.0000117492
1	0.0000002448	0.0000040789	0.0067571303	0.0047791031	0.0216330584	0.0000000000	0.0210834952	0.4913980719	0.4538806418	0.0004641755
0	0.0039616805	0.0854325095	0.0261214307	0.0674364316	0.0285725092	0.2375094206	0.1973471631	0.2134093678	0.1383364673	0.0018730197
0	0.0736608817	0.1693712841	0.1100560188	0.1215622377	0.0133108000	0.0147426637	0.0000000000	0.4101551185	0.0000000000	0.0871409955
0	0.2371894810	0.1392001141	0.1875726412	0.0041577738	0.0005780877	0.0488607902	0.0256796934	0.0469739083	0.3097875103	0.0000000000
0	0.0015201165	0.0000007598	0.0528559525	0.2222826683	0.0000000132	0.2229100432	0.0000240153	0.1072063529	0.2727328839	0.1204671942
1	0.0764105873	0.0084941303	0.0182317695	0.0044028948	0.0104588835	0.1253264371	0.0038137613	0.7522050408	0.0006564954	0.0000000000
0	0.0201965943	0.4555795808	0.0018218972	0.0003024782	0.2462659836	0.0521906343	0.1559179834	0.0010049591	0.0123646461	0.0543552430
1	0.1208526222	0.1265098945	0.1089652295	0.1207419348	0.0000000000	0.0144602957	0.0018305293	0.0236985279	0.1857151570	0.2972258091
1	0.0000288155	0.0000398666	0.0445730450	0.0255851126	0.0011850874	0.5173031603	0.1405388726	0.0013059443	0.0816687711	0.1877713247
0	0.0910401588	0.0041193740	0.0267222871	0.2497794037	0.0030214855	0.0000206172	0.1619085555	0.0042478386	0.0020520201	0.4570882594
1	0.0082319194	0.0420390033	0.0800646676	0.0106567090	0.0014502106	0.7325092446	0.0030395141	0.1053328643	0.0161181891	0.0005576781
0	0.0000023297	0.0017594673	0.0000000491	0.0389703673	0.0000043875	0.0006067981	0.0105237588	0.9009156213	0.0083708945	0.0388463264
0	0.0818700934	0.0848288490	0.3889910034	0.0049068845	0.0467622889	0.0549339419	0.0000476190	0.1441446205	0.0000000000	0.1935146993
1	0.2367586653	0.0822945272	0.0003366706	0.2391187369	0.0000000001	0.1264123008	0.0433663342	0.2504990135	0.0211308467	0.0000829048
1	0.0443331793	0.1014548973	0.0000203184	0.0118854877	0.0001026999	0.0117511845	0.0705356902	0.7440161903	0.0154246461	0.0004757063
0	0.0000000000	0.0602263743	0.0273330731	0.0707094870	0.0380546041	0.0078185642	0.0769129512	0.6455573921	0.0483467598	0.0250407942
0	0.0006369699	0.0617945344	0.0148805557	0.0000000240	0.0000000000	0.0514157649	0.1921204511	0.5864376158	0.0926421361	0.0000719479
1	0.0011389768	0.2036802859	0.1793104457	0.0765574696	0.0000000138	0.0390601392	0.1644457578	0.0055808634	0.1000980038	0.2301280442
0	0.0637452871	0.1527020611	0.0354612135	0.0390174064	0.1527790145	0.3476973640	0.0831652791	0.0478260596	0.0622891015	0.0153172130
0	0.0002209244	0.0000001663	0.0475875071	0.0172261944	0.0154671222	0.0075054768	0.0352601748	0.0114239821	0.0785356891	0.7867727629
0	0.5237635043	0.0630107024	0.0011007104	0.0472795170	0.0001173392	0.0434837665	0.0000000000	0.2916663942	0.0038786577	0.0256994084
0	0.0000000019	0.1205143617	0.3350661593	0.0000594831	0.0273142629	0.1793608149	0.0086936370	0.0007248052	0.0021530100	0.3261134641
1	0.1372746213	0.2039762710	0.1137334429	0.0297239220	0.0628115154	0.0000000006	0.0428472542	0.4058297027	0.0000353357	0.0037679342
0	0.0000001608	0.0726164462	0.0636009872	0.2738267294	0.0808164229	0.0870240260	0.0000773276	0.2635831930	0.1186765457	0.0397781611
1	0.0000000302	0.0421709038	0.0373112642	0.0000000244	0.0009097509	0.0022190774	0.0626244844	0.1712957410	0.0746544774	0.6088142462
0	0.0014269804	0.0267772126	0.2584543179	0.0173119523	0.0000000257	0.0000000050	0.0238328001	0.4497441216	0.0000415362	0.2224110481
0	0.0305884865	0.2167823802	0.3232431106	0.0008870565	0.0586253787	0.0917997175	0.0240257423	0.2467974656	0.0071973294	0.0000533328
1	0.0021141591	0.0268031136	0.0000070050	0.0000000000	0.0000000013	0.0004605830	0.0000765515	0.9587277098	0.0118098356	0.0000010412
0	0.0012399481	0.0000000000	0.0043991304	0.0672529369	0.0000008434	0.2170760888	0.0282021417	0.0728806105	0.0000000000	0.6089483002
0	0.2511978829	0.0006223297	0.0819525466	0.0233496337	0.1094087334	0.1023722537	0.0106130628	0.0959690025	0.0000000003	0.3245145543
0	0.3237227865	0.0021554949	0.0019534609	0.0000002416	0.0000000000	0.5014786457	0.0220180863	0.0070047649	0.1000550960	0.0416114232
0	0.0020381395	0.0480728333	0.1243896002	0.0400535491	0.0000068317	0.2376977737	0.0816966374	0.4115475217	0.0383582074	0.0161389060
0	0.0036977465	0.1911511859	0.1421789514	0.0001554935	0.0003970909	0.0000022831	0.0065088924	0.0854163474	0.0610921379	0.5093998709
0	0.0005844819	0.0189026563	0.0361758240	0.0399072510	0.0003640402	0.0007029500	0.2228626831	0.0044094501	0.6629615353	0.0131291281
0	0.0192870413	0.0253912785	0.0003339864	0.0052760577	0.0000383764	0.2590176318	0.1495712930	0.2555274869	0.1117747046	0.1737821435
0	0.0201996163	0.2355087897	0.2810411188	0.0377403997	0.0195798246	0.1490565150	0.2567191038	0.0000000419	0.0001545902	0.0000000000
0	0.0000000271	0.1063579042	0.0972189347	0.0035810371	0.1241902461	0.0315839423	0.0007353420	0.6308267271	0.0002869411	0.0052188984
1	0.0056598061	0.0949164119	0.1381648043	0.1439320298	0.2410254492	0.1507349853	0.2211791983	0.0005495561	0.0038376647	0.0000000943
0	0.0004922330	0.0003368140	0.2284637752	0.0229741685	0.0008995032	0.0486652707	0.0000044839	0.6940832115	0.0003272193	0.0037533207
0	0.0153483611	0.0618384825	0.0342002599	0.0000218996	0.3248992509	0.0027285261	0.1470172795	0.1954081151	0.2172593314	0.0012784939
1	0.0013212535	0.0000210177	0.0001644953	0.0000006486	0.0000549191	0.0980664519	0.0273103032	0.8571016695	0.0064209398	0.0095383013
0	0.0095548650	0.1268522413	0.1813066798	0.0482181148	0.0000209943	0.2410239357	0.0394022781	0.1225547756	0.0064170532	0.2246490622
1	0.0000000271	0.0036806807	0.0014788127	0.0072439275	0.0075291109	0.0422535741	0.0072847541	0.9268657170	0.0036112612	0.0000521346
0	0.0000000000	0.0000015582	0.0000376095	0.0087422554	0.0000000000	0.1741741930	0.7604080439	0.0515816264	0.0027669732	0.0022877404
0	0.0010200241	0.0148838938	0.0013286133	0.1998357516	0.0000000026	0.2311099737	0.0111319453	0.4108587450	0.1231094534	0.0067215973
0	0.0000000000	0.0064656172	0.0017259767	0.3927778378	0.0000167053	0.2629963602	0.0007775410	0.0155825091	0.0429467804	0.2767106724
0	0.0046979529	0.2290141265	0.0186878317	0.0004427342	0.0392411772	0.0030754487	0.0000000002	0.0000580824	0.6402241220	0.0645585241
1	0.0000000000	0.0197752416	0.1734852942	0.4819821689	0.1828850697	0.1253619037	0.0000000000	0.0003103192	0.0000000017	0.0162000009
0	0.0000000000	0.3722082938	0.1637138197	0.0028441565	0.1694830161	0.0122961636	0.0855173549	0.0204136220	0.1680233315	0.0055002418
0	0.1737552367	0.0853945164	0.0038782066	0.0000038663	0.0000005009	0.0231751963	0.4303579807	0.0738641237	0.0236332612	0.1859371113
0	0.0008071365	0.0016518533	0.0028188448	0.0056225935	0.0016232528	0.0157154566	0.0060642920	0.9093243350	0.0085614911	0.0478107444
1	0.0296701325	0.0008026047	0.0650325811	0.0862357942	0.0877573388	0.4634579957	0.0141038532	0.0274162124	0.0875442294	0.1379792578
0	0.0000001476	0.0044087149	0.0001218595	0.0732872247	0.0000213955	0.2389566683	0.0768271555	0.4056944446	0.0000000014	0.2006823880
0	0.0147408247	0.1323882179	0.5159296135	0.2375402908	0.0000000000	0.0115245991	0.0000000023	0.0001969993	0.0796898375	0.0079896149
0	0.0364394066	0.0021442663	0.0235188196	0.0000043343	0.0000000002	0.0289883530	0.2929123519	0.4074446411	0.0224647498	0.1860830773
0	0.0454949716	0.0127175274	0.0003473187	0.0511671330	0.0480487644	0.0684072943	0.2512375891	0.5203470982	0.0000000000	0.0022323033
1	0.0000039781	0.0027356736	0.0313344135	0.1362055694	0.0000011213	0.4521002809	0.0078290351	0.0306759193	0.2509234832	0.0881905257
1	0.1581403690	0.0184168481	0.0464012815	0.0000132087	0.0630783624	0.0000000243	0.2661287387	0.0284503370	0.0003738928	0.4189969374
0	0.1278083552	0.0976378999	0.0000152542	0.0725759503	0.0000021024	0.2618953540	0.0186044398	0.3088530317	0.0437100882	0.0688975244
0	0.0991633047	0.0663609700	0.1137937110	0.1053078691	0.0036414897	0.0022822142	0.0231167754	0.1309577873	0.3383843961	0.1169914825
0	0.0012782594	0.0504840183	0.0370300073	0.0019038626	0.0023637026	0.6162813687	0.0024601298	0.2837841403	0.0044145017	0.0000000094
0	0.0000000000	0.0163184049	0.0000260774	0.0019883623	0.0001391266	0.1468940803	0.0236861071	0.7395424294	0.0138865009	0.0575189111
0	0.0000000000	0.0005022281	0.0319487730	0.0064354427	0.0000064680	0.3231460358	0.0016705326	0.1722199056	0.1250973557	0.3389732585
0	0.0205670738	0.0000228296	0.1534850742	0.4828539782	0.0000000000	0.0733172313	0.0595667493	0.0667381268	0.1258057267	0.0176432100
0	0.0170488776	0.0529977096	0.0388403448	0.0854367544	0.0000022731	0.3074525858	0.0194470908	0.2691490591	0.0039926222	0.2056326825
0	0.0005065540	0.0027794138	0.0000294335	0.0386461577	0.0000000000	0.3508624337	0.3675556211	0.0789283570	0.1603432918	0.0003487373
1	0.0704335843	0.0375598330	0.2557219445	0.0001143763	0.0042278383	0.5464789604	0.0835917288	0.0016670092	0.0000000094	0.0002047158
0	0.0059997520	0.0161350065	0.0049525564	0.3351310992	0.0007820099	0.1618918687	0.0292286311	0.1146692871	0.0004223105	0.3307874785
0	0.0052351625	0.0001336435	0.0233867330	0.2029651583	0.0008937727	0.0307939615	0.0291251695	0.6950098867	0.0096992613	0.0027572508
1	0.0713661286	0.1704318501	0.0000070894	0.0051865268	0.0000000000	0.0027290559	0.7272241937	0.0069278035	0.0064773663	0.0096499857
0	0.0104402944	0.1262507076	0.1037084971	0.2321623493	0.0653559143	0.0608571108	0.0455386417	0.0133302036	0.0000430762	0.3423132049
0	0.0084456504	0.0255064256	0.8320298936	0.0040911452	0.0000000000	0.0013259972	0.0052774338	0.0010682926	0.0599418855	0.0623132761
0	0.0032022562	0.0026867199	0.0611909874	0.0026631133	0.0383816353	0.2022909069	0.1167764627	0.4344189943	0.0248525239	0.1135364001
0	0.0021630230	0.1572731253	0.0071446231	0.0378886614	0.0150868256	0.2773487751	0.1462503691	0.0761084326	0.0109623246	0.2697738403
0	0.2712365986	0.0764371760	0.0133375693	0.0018212927	0.1037329675	0.0200705411	0.3052887878	0.1421018818	0.0011064603	0.0648667249
0	0.0914076294	0.0144666551	0.0436398941	0.0179905256	0.1238109516	0.1658172123	0.0307612309	0.3510928333	0.0134978039	0.1475152637
0	0.0000000000	0.0004009280	0.0204384667	0.0088207242	0.0000074180	0.0000700161	0.0392305159	0.1225041930	0.8036543994	0.0048733388
1	0.0049454763	0.0030620327	0.0000267088	0.0066994252	0.0000254625	0.0095330718	0.3781882289	0.5046030108	0.0908048613	0.0021117217
1	0.0951652244	0.0000000000	0.0000000000	0.0087174507	0.0064116938	0.2211766426	0.0000076064	0.4519359498	0.0447520696	0.1718333628
1	0.0069883086	0.3511858731	0.0000000000	0.1471004986	0.0000000811	0.3350649544	0.0810048752	0.0100489964	0.0091322256	0.0594741870
0	0.0204775598	0.0000008851	0.0515488819	0.0005035422	0.0332412326	0.0000000100	0.0000166326	0.0175830886	0.7341942475	0.1424339196
0	0.0000292026	0.0532488402	0.0000001171	0.0016905545	0.0000001252	0.1213583029	0.1954845619	0.4605858617	0.1626650700	0.0049373638
0	0.0720904207	0.1147840171	0.0021280401	0.0012408780	0.0002301734	0.0174016673	0.1669352955	0.5487805910	0.0680405767	0.0083683402
0	0.9487487447	0.0006206415	0.0091634021	0.0059401283	0.0002158168	0.0002433375	0.0180940245	0.0127655481	0.0000533138	0.0041550428
0	0.0000000000	0.0989534712	0.0591555581	0.1580074236	0.0454697820	0.1792566074	0.0035351823	0.4085173608	0.0128182208	0.0342863937
0	0.0341736417	0.0010574602	0.0026636862	0.0107150015	0.0028377295	0.0177638662	0.0004313421	0.8274232294	0.1025094015	0.0004246417
0	0.0002251744	0.5735689613	0.0000000000	0.0000015143	0.0000019783	0.0026276231	0.1034471420	0.0978345442	0.2210067997	0.0012862627
0	0.1067627558	0.0960156367	0.0003439885	0.0357003205	0.0024807848	0.2328091574	0.0009113309	0.0004761580	0.0024462121	0.5220536554
0	0.0000000000	0.0001261489	0.0000009825	0.0000000000	0.0002382463	0.0607721449	0.0416012171	0.3587703073	0.5380070759	0.0004838770
0	0.0014125323	0.0050735683	0.3543295651	0.0900271643	0.1214975090	0.0000254089	0.0007885927	0.3129846414	0.1138609921	0.0000000259
0	0.0000055078	0.4087162533	0.0129868798	0.0000000031	0.0066156308	0.0188688693	0.0713581563	0.4374724315	0.0278201407	0.0161561273
0	0.0006319692	0.0015934457	0.3931979979	0.0002974895	0.0181195305	0.3427059550	0.1918189245	0.0076215966	0.0439265012	0.0000865897
1	0.0467174056	0.0078395145	0.0354728812	0.0036005677	0.0016712153	0.1310485065	0.3540411533	0.1845800802	0.0247503829	0.2102782927
1	0.2592946739	0.0292875548	0.0009704947	0.0148176186	0.0000005030	0.5915690270	0.0000000000	0.0417754976	0.0320877909	0.0301968395
1	0.0701808650	0.0321830029	0.0598500520	0.1020390856	0.0054482133	0.3170732505	0.1101963100	0.0001110292	0.0179353272	0.2849828644
0	0.1625421500	0.0006946758	0.3870950129	0.0706284364	0.0286153003	0.0155713447	0.0402598980	0.1605679426	0.0001659124	0.1338593269
0	0.0000000000	0.6443894086	0.0000758251	0.0043129248	0.0182288557	0.0762720533	0.0017922367	0.1005701866	0.0417866107	0.1125718985
1	0.0604608131	0.7035738445	0.0261211315	0.0000000000	0.0363345224	0.1479933321	0.0000000001	0.0227854403	0.0000056955	0.0027252205
0	0.0236757662	0.1518865958	0.0847912929	0.0239587193	0.3193004504	0.0102876862	0.0993004725	0.0960104528	0.0051033298	0.1856852340
1	0.7954705440	0.0000000001	0.0462462000	0.0022113816	0.0012544943	0.0937007902	0.0209447259	0.0095019440	0.0001274951	0.0305424247
0	0.0000004009	0.3476921331	0.0428355740	0.5363344204	0.0503058465	0.0160433017	0.0000000010	0.0021847092	0.0026240715	0.0019795416
1	0.0004207841	0.0703822832	0.0000000005	0.0941450506	0.1062304284	0.2118301892	0.0159448307	0.3910049938	0.0248198077	0.0852216318
0	0.0001359206	0.0135361500	0.0502417473	0.3747238015	0.0139598417	0.0459928138	0.0511247570	0.4374191524	0.0075270816	0.0053387342
0	0.0087595877	0.0627332188	0.5409045815	0.0042538862	0.0112601157	0.0549072909	0.1022731742	0.2090790862	0.0000013398	0.0058277191
0	0.0021431822	0.0084811753	0.0018870597	0.0395949674	0.0001029284	0.1636024169	0.0000361143	0.7738605516	0.0045909397	0.0057006645
1	0.0581434174	0.2154548216	0.1237351733	0.0297923146	0.1370993779	0.3373289842	0.0604763052	0.0202801052	0.0176895006	0.0000000000
0	0.0535712002	0.1556550028	0.0221566545	0.0025532542	0.1934653542	0.0298718165	0.0012422904	0.3170550953	0.1059648825	0.1184644494
0	0.1959348756	0.0342563835	0.2820718033	0.0000000000	0.0000068080	0.0275237165	0.1758065269	0.0527461535	0.0000000073	0.2316537254
0	0.0317602745	0.2529644595	0.0053975520	0.0446288021	0.0190959532	0.0626285218	0.0398513011	0.4128293643	0.0391965518	0.0916472196
1	0.0030834564	0.0861002751	0.0280420250	0.0016016148	0.0105573162	0.8618671141	0.0040194611	0.0010174960	0.0034877196	0.0002235218
1	0.0157530875	0.0578923255	0.0236141756	0.0256335590	0.0006709500	0.0130450703	0.0195901128	0.2081133194	0.6192400925	0.0164473073
0	0.0321758127	0.7444143060	0.0246315981	0.0000000000	0.0004195274	0.0162819788	0.0001561192	0.0210955947	0.0150669396	0.1457581235
0	0.0370081716	0.0000000015	0.0000720635	0.0623172607	0.0003977066	0.0409527243	0.4658005741	0.1575009198	0.2070010373	0.0289495405
0	0.1782968547	0.0464362026	0.2519821053	0.1892101291	0.0031631745	0.0479912497	0.0560958106	0.0842136847	0.1128736913	0.0297370976
1	0.0000000852	0.0000090283	0.0507370501	0.2479767212	0.0307079709	0.2847375440	0.1696975796	0.1688290371	0.0275608516	0.0197441321
1	0.0018042002	0.0013892654	0.0003254579	0.8060862071	0.0038018844	0.0325082116	0.0685406227	0.0617310352	0.0039589392	0.0198541761
0	0.0314905351	0.0180027580	0.3315080390	0.0572320300	0.0122506489	0.0993525518	0.0000251430	0.3676856423	0.0002838380	0.0821688138
0	0.0000158890	0.3658196616	0.2609520428	0.0000000049	0.0185869173	0.0705024671	0.0695650456	0.0225768369	0.0964815807	0.0954995541
0	0.0283582879	0.1682952059	0.3453277033	0.0670849844	0.0021233788	0.2168330920	0.0903527829	0.0618651283	0.0053321396	0.0144272969
0	0.1033305794	0.0216473563	0.0019469797	0.0079910496	0.0508070586	0.0246419476	0.0012043867	0.2724462372	0.0066610728	0.5093233321
1	0.0000900131	0.0004067817	0.2216106614	0.0000576454	0.0493838214	0.0000000000	0.2062450981	0.4464472259	0.0205359056	0.0552228474
0	0.0000000000	0.0357630093	0.0054864848	0.0051512296	0.0550741531	0.1613564448	0.0000018300	0.2106309281	0.5264135924	0.0001223280
0	0.0195052716	0.0014960247	0.0182645401	0.0080342350	0.0283163216	0.3155657002	0.0510423094	0.5255949488	0.0321806200	0.0000000285
0	0.0000000043	0.0892749468	0.2428220175	0.0000000031	0.0000321565	0.1545247245	0.2029414000	0.0984806676	0.0663009187	0.1456231612
0	0.0047958609	0.0088926167	0.0791489105	0.1999359911	0.0214143646	0.0196678141	0.0239444794	0.6371996376	0.0034860342	0.0015142908
0	0.0000003213	0.0140101491	0.0008676040	0.0000000000	0.0000000000	0.0883542985	0.0793174419	0.4523032952	0.1629074118	0.2022394784
0	0.2909424739	0.1592079561	0.0000240275	0.0004003976	0.0000544535	0.2770183566	0.0669529530	0.1471551296	0.0582441714	0.0000000807
0	0.3074390643	0.0222990857	0.0671519627	0.1182334302	0.0128577255	0.4513491387	0.0065009075	0.0001012104	0.0139909774	0.0000764977
0	0.0651816754	0.2221179043	0.0000000000	0.0029948921	0.0005558827	0.0625748253	0.1286540350	0.5145991258	0.0016868254	0.0016348340
0	0.0004689602	0.1840919366	0.0068099137	0.0017782620	0.3458038446	0.0140267336	0.0632918292	0.3584482180	0.0117618686	0.0135184334
0	0.0447853972	0.0005480251	0.2390450338	0.2449907511	0.0005899441	0.1375305213	0.2022903868	0.0002042477	0.0000013817	0.1300143112
0	0.0017054316	0.0000081849	0.0031367258	0.1432549629	0.0557425610	0.0570228149	0.0005451216	0.2803795218	0.2690253150	0.1891793605
0	0.0536687956	0.5091325076	0.0472300332	0.0037682077	0.0990970192	0.0627511012	0.0024119473	0.1749665263	0.0000232568	0.0469506052
0	0.0634323620	0.0342084088	0.0045578822	0.0622890351	0.1240279651	0.5251087047	0.0001643591	0.1577005939	0.0284328080	0.0000778812
0	0.0059806834	0.0007113320	0.0109887068	0.0008280465	0.0000556744	0.4028622800	0.0090903425	0.4791890482	0.0422609205	0.0480329658
0	0.0003349713	0.0432711265	0.0089242279	0.0021554004	0.0099011370	0.9320691479	0.0000000000	0.0002283834	0.0007583070	0.0023572987
0	0.0055506356	0.0000303689	0.3466763483	0.0067633326	0.0106109241	0.4429918407	0.0284601252	0.0302254196	0.0059125479	0.1227784570
1	0.0001949153	0.3215746793	0.0089932370	0.0082622923	0.0515595900	0.4665870437	0.0421077215	0.0095824404	0.0001433785	0.0909947021
0	0.0024906871	0.0241363854	0.0129393513	0.0424307453	0.0114259428	0.0000000427	0.0009519963	0.8834264770	0.0213780856	0.0008202867
0	0.0000543386	0.0565243347	0.0030009353	0.0058592558	0.0003259871	0.0027250332	0.0000000000	0.9280450180	0.0030445807	0.0004205168
1	0.0986637267	0.0000063399	0.0001384376	0.6459720734	0.0641792107	0.0542134849	0.0816043707	0.0525367682	0.0026855880	0.0000000000
1	0.0000577243	0.5148306548	0.0000000022	0.1124797427	0.1604465702	0.1154132319	0.0966560147	0.0000002321	0.0000000005	0.0001158266
1	0.0621807958	0.0324889644	0.0524712623	0.0081819023	0.0000000020	0.7559171932	0.0205164689	0.0014192713	0.0367599303	0.0300642095
0	0.1371389040	0.0557305148	0.0065165441	0.0709359136	0.0000107379	0.2508963571	0.1154795497	0.3204790158	0.0000000013	0.0428124618
0	0.0045845640	0.6421803665	0.0007142161	0.0005376866	0.0535680740	0.0615980802	0.0970424201	0.0000000000	0.0941824202	0.0455921722
0	0.0259372987	0.0337946800	0.4257728215	0.0139284699	0.0309511824	0.2218301597	0.1115443332	0.0240593679	0.0236857281	0.0884959586
0	0.1979782607	0.1640996272	0.0020522726	0.0819866817	0.0003694511	0.3705879204	0.1432888938	0.0349231216	0.0000000362	0.0047137347
0	0.0000000564	0.0936802414	0.2362749940	0.0294774728	0.0004642503	0.3998501878	0.0644489617	0.0572968355	0.0049212412	0.1135857589
0	0.0362022362	0.0501127442	0.0000000000	0.0036183874	0.0107003880	0.0079588863	0.0033542443	0.6173174523	0.2664412131	0.0042944481
0	0.2394040928	0.0151897422	0.1605182856	0.1836265249	0.0385686525	0.0000139019	0.1594863957	0.1071150284	0.0200032235	0.0760741525
0	0.0023035420	0.7512434000	0.0290030998	0.0037305047	0.0002597461	0.0523731190	0.0424744150	0.0508556907	0.0676872333	0.0000692493
0	0.0080965828	0.0934743560	0.0046546044	0.0515890978	0.0000000017	0.7265945007	0.0061423764	0.0002523188	0.0976407359	0.0115554255
0	0.0036175111	0.0776596789	0.0004350347	0.0316783586	0.0105604297	0.3265185376	0.1170738458	0.2783374980	0.1541191056	0.0000000000
0	0.0706176231	0.0638913470	0.6338007874	0.0956010166	0.0006705993	0.0420217260	0.0000000000	0.0664305736	0.0153645419	0.0116017850
0	0.0004081083	0.2822424756	0.0013648606	0.0103123477	0.0000000000	0.1324882811	0.0090032968	0.1782514898	0.0750206939	0.3109084461
