1	0.0734815695	0.1656899315	0.3266668019	0.0000000000	0.0003901517	0.0456319922	0.0000000000	0.0775936374	0.1334320341	0.1771138817
0	0.0904728578	0.1749216927	0.0000000000	0.1649211978	0.0769381376	0.2642542734	0.0170108754	0.1912291052	0.0127582055	0.0074936546
0	0.0392845788	0.2866830319	0.0000952389	0.3767095326	0.1132617493	0.0021345769	0.0019497799	0.0317459087	0.1167837727	0.0313518304
1	0.0571340787	0.0822707933	0.0000000072	0.0915423077	0.2797666334	0.0536395383	0.3186185380	0.0455733791	0.0001387450	0.0713159795
0	0.0000062057	0.0122123511	0.0097173664	0.0327645685	0.0499434809	0.1435149281	0.0112643902	0.0781069740	0.6624697352	0.0000000000
0	0.0711478397	0.2058751382	0.0004424122	0.6298379805	0.0000000000	0.0091561184	0.0001088388	0.0008941092	0.0710266725	0.0115108906
0	0.0000000000	0.0052554408	0.5636760099	0.0045486003	0.0016787777	0.0110924730	0.0001124201	0.3387214976	0.0290124616	0.0459023189
0	0.0274543980	0.6259839118	0.0130755116	0.0846920029	0.0000000001	0.1218334627	0.0000053962	0.0508712077	0.0633461527	0.0127379562
1	0.1346621122	0.1266216352	0.0626578024	0.0284945071	0.0110791397	0.1094053813	0.2920536283	0.0187542333	0.2017994038	0.0144721566
0	0.1105957417	0.1127889490	0.6104659380	0.0019977646	0.0327525660	0.0411506254	0.0414489781	0.0144594647	0.0216405009	0.0126994716
0	0.0256434519	0.0153868220	0.0007259987	0.0150054884	0.7981948298	0.0351488087	0.0002868928	0.0315687081	0.0000581929	0.0779808068
0	0.0124198902	0.1552279460	0.1478448991	0.0000000000	0.0654827932	0.0096163341	0.4576918744	0.1056417207	0.0173803105	0.0286942317
0	0.1732370245	0.4049057236	0.0000000000	0.0000172922	0.2932319843	0.0104271169	0.0038025988	0.0290554163	0.0002929047	0.0850299388
0	0.0000534049	0.0148875091	0.0712671562	0.0005884421	0.0175587860	0.7869966407	0.0091530861	0.0469736430	0.0000000287	0.0525213031
1	0.0007436747	0.0009913889	0.0000000993	0.0105896934	0.0590046898	0.0812978872	0.1894539214	0.1706098773	0.0000004667	0.4873083013
0	0.0307728559	0.0249762464	0.0375556399	0.0221459657	0.3065922649	0.1853745664	0.0014621483	0.0420436244	0.0043919382	0.3446847500
0	0.2066523051	0.1590258011	0.0009108224	0.1880357330	0.0906879042	0.1367896769	0.0000000000	0.0883940525	0.0115026212	0.1180010837
0	0.0000059855	0.1356567012	0.2465910015	0.0081251105	0.0196804211	0.0328310703	0.0143295509	0.1848946645	0.2255343347	0.1323511598
0	0.0075762772	0.5004269393	0.0000000000	0.1213451872	0.0505335136	0.0064270299	0.0004512509	0.0000132060	0.1602482149	0.1529783811
1	0.0243387070	0.0057528490	0.4099343368	0.0000552172	0.0000000000	0.1532310698	0.0158069371	0.3224081670	0.0684727125	0.0000000034
0	0.0084155333	0.0351929690	0.2428618856	0.0041275168	0.0486770238	0.6081498795	0.0000183991	0.0525561622	0.0000000000	0.0000006306
0	0.0042650595	0.0005369551	0.0105206624	0.0186942071	0.9238984509	0.0131104465	0.0044727717	0.0241522159	0.0000372253	0.0003120056
0	0.0622190114	0.0108959384	0.0976966424	0.0597015510	0.0451000498	0.0297304391	0.2966975701	0.1649783913	0.0004092217	0.2325711847
0	0.1187645431	0.5720870666	0.0001125449	0.0000017107	0.0254018778	0.0394193540	0.0200550265	0.1227221058	0.0042514946	0.0971842759
0	0.0004677678	0.2840240022	0.0890503640	0.0140408346	0.2080821960	0.0000001256	0.2018886343	0.1194861949	0.0352799964	0.0476798841
0	0.0036527579	0.0347635832	0.0130540964	0.1742474982	0.0693127818	0.0792000291	0.0000000000	0.5944901402	0.0014197522	0.0298593609
0	0.0119362058	0.0905053922	0.1290158018	0.3382276767	0.0821782429	0.0308734189	0.0139962346	0.2828781165	0.0163617642	0.0040271464
0	0.0023520097	0.0509281439	0.0000000000	0.0666370967	0.0450121111	0.6896341805	0.0005120605	0.0001306071	0.0008171068	0.1439766838
0	0.1387114904	0.0067338722	0.5625905270	0.0099698628	0.0057395229	0.1420758249	0.1036388435	0.0284955408	0.0000276663	0.0020168493
1	0.0055748910	0.1417470818	0.0000000840	0.0414298865	0.1950176268	0.0000000011	0.0000000001	0.0084743189	0.0148150043	0.5929411055
0	0.0003270794	0.5473035448	0.0088333150	0.0601744453	0.2549913575	0.0240832515	0.0457810025	0.0558871894	0.0000111496	0.0026076651
0	0.0000000000	0.2344884958	0.0494873722	0.0201536366	0.0349281293	0.2584541482	0.0905340917	0.3018657085	0.0001803428	0.0099080749
0	0.0756427669	0.0803776664	0.1596587894	0.0517688183	0.5358598651	0.0040025346	0.0043923264	0.0882890429	0.0000000040	0.0000081860
0	0.0563560007	0.0449474536	0.0003738482	0.0018642192	0.2083421593	0.3030722706	0.0002445103	0.3434338103	0.0000589874	0.0413067406
1	0.0457804546	0.0007914014	0.0003336836	0.0444948997	0.6309036349	0.0086211999	0.0093366976	0.0592474720	0.0010097789	0.1994807774
0	0.9133192143	0.0428281356	0.0218674998	0.0000000000	0.0000014148	0.0011695818	0.0010265303	0.0005086611	0.0004500998	0.0188288625
0	0.0458956864	0.0019701933	0.2532007430	0.0014270491	0.0071979165	0.2894647195	0.0571387281	0.0157967176	0.0115239167	0.3163843300
0	0.0073514364	0.0113027812	0.0808188157	0.0042231270	0.0002795059	0.2171666108	0.0000883990	0.0130629875	0.6187411947	0.0469651418
0	0.0000001997	0.0059614224	0.0005383507	0.2162404868	0.5649654990	0.0882675664	0.0004180840	0.0108995524	0.1127088186	0.0000000198
0	0.0001993667	0.0043610622	0.0324135610	0.0000000000	0.1722359248	0.0399819863	0.0050726780	0.6439457980	0.0036651731	0.0981244498
0	0.0017289695	0.0004445580	0.3951643271	0.0037088202	0.5445976886	0.0160457327	0.0124860957	0.0252245152	0.0000000038	0.0005992890
0	0.0119430640	0.6751002714	0.0163662843	0.0058927426	0.0406096577	0.0469004723	0.0007927835	0.0198233622	0.0094140862	0.1731572758
0	0.0006753680	0.0432584517	0.0719929513	0.0000021028	0.0000000000	0.8319823816	0.0001695876	0.0061446821	0.0063852204	0.0393892545
0	0.1089542772	0.1325242917	0.0507227656	0.0035174114	0.2952536583	0.0040522814	0.0209007546	0.2020301355	0.0078104404	0.1742339840
0	0.0078017814	0.2745744310	0.0005091604	0.0339288142	0.0528400151	0.0390004364	0.0000000000	0.1280435805	0.0000198426	0.4632819386
0	0.0226254588	0.7973319505	0.0054646518	0.0341046279	0.0459364224	0.0507435686	0.0000000000	0.0017243147	0.0111775511	0.0308914544
1	0.0297195676	0.0506949992	0.0000006412	0.0497367129	0.0530465435	0.0000000000	0.0688106887	0.5869964483	0.0886998482	0.0722945505
0	0.0001359751	0.0485322866	0.4805968364	0.0170012144	0.0000000000	0.2752671373	0.0055118309	0.0843948298	0.0407507039	0.0478091856
0	0.0328633350	0.6017008548	0.0000000000	0.0013604130	0.2140137397	0.0258579566	0.0000000000	0.1071689284	0.0000000718	0.0170347007
1	0.0023944975	0.3564492927	0.1452065813	0.0000482353	0.1845127614	0.2083528197	0.0000000003	0.0545805291	0.0001483780	0.0483069046
0	0.0000652210	0.2430128112	0.0685113245	0.0344837116	0.2852548578	0.1535466367	0.0000000000	0.0029701225	0.1092444366	0.1029108780
0	0.0051466988	0.0061990469	0.0000051851	0.1167770840	0.0000654062	0.1209873951	0.0000000000	0.0007032078	0.7302728338	0.0198431423
0	0.0007600768	0.3004005975	0.0731416683	0.0005299677	0.0672808975	0.2105342675	0.0313540337	0.3135626310	0.0007046428	0.0017312172
0	0.0096705924	0.0648554652	0.0947130693	0.1196085055	0.0061986630	0.0743842624	0.1588558239	0.4572519564	0.0055847192	0.0088769426
0	0.0329670811	0.0063632050	0.0190927834	0.0098610743	0.0018968957	0.0043363482	0.0001671998	0.8372737389	0.0000319987	0.0880096748
2	0.0000399090	0.4365623887	0.0000010690	0.0201195161	0.0264897083	0.1739206379	0.0003085647	0.0016048589	0.0078442931	0.3331090543
0	0.2862502560	0.1514964937	0.0168271613	0.0708451794	0.0781510828	0.0001867012	0.1204524192	0.2327303958	0.0429323437	0.0001279668
0	0.0203035790	0.4288245306	0.1834987596	0.0330003234	0.2934215105	0.0002467456	0.0318592766	0.0000000000	0.0001416781	0.0087035965
0	0.0082162923	0.0120821360	0.0000000015	0.0060667699	0.4843233465	0.0488906986	0.0000000001	0.0008396172	0.0057910980	0.4337900398
0	0.0002134122	0.7689884007	0.2079977122	0.0004853418	0.0058644195	0.0024697552	0.0040639473	0.0000000000	0.0057545335	0.0041624776
0	0.0022140486	0.1688469523	0.0635669016	0.1410613156	0.5306281187	0.0251066050	0.0037131886	0.0524505187	0.0081938306	0.0042185203
0	0.0513083916	0.0180852605	0.1707297434	0.0006829546	0.0025169005	0.0052135594	0.4339178540	0.0005672979	0.3128560070	0.0041220313
0	0.0000000000	0.3066097340	0.0635660814	0.0244679154	0.4154737344	0.0244514109	0.0000061627	0.0141732636	0.0000000000	0.1512516976
0	0.0000132213	0.1151359877	0.1259095430	0.0062012208	0.0937516871	0.4758155592	0.0168201965	0.0005378474	0.0001548812	0.1656598558
0	0.0115412638	0.0402602512	0.0099525750	0.0000000000	0.0122589012	0.0001046009	0.0000000593	0.9106214463	0.0000000943	0.0152608080
1	0.0153729734	0.2975129406	0.0002136379	0.4944720516	0.0783313820	0.0548515199	0.0000000000	0.0515468077	0.0000000005	0.0076986864
0	0.0446098686	0.0238579129	0.0007601388	0.1703134379	0.2004792913	0.0384519944	0.0000939389	0.2653273069	0.0294750715	0.2266310388
0	0.1624807103	0.0871351667	0.1735419877	0.0485699143	0.0186938354	0.1860256278	0.0008952698	0.2888102043	0.0216750839	0.0121721999
0	0.0008931467	0.0570834395	0.0403397580	0.0747874668	0.0044506565	0.0056037622	0.0021110037	0.5935779313	0.0241368614	0.1970159739
0	0.0428442092	0.1105282869	0.0082818769	0.1121601157	0.0585486577	0.1605930681	0.0000112258	0.1150124825	0.0006676991	0.3913523780
1	0.0838700403	0.4660398898	0.0000000000	0.0000000006	0.1299204445	0.0024568233	0.0000000001	0.0293506362	0.1580960368	0.1302661284
0	0.0287978048	0.2135643216	0.1589659014	0.0002759677	0.2519441959	0.0000000132	0.0008613933	0.0089758451	0.0104889545	0.3261256025
1	0.0024545882	0.5334942792	0.0115465051	0.0000541824	0.2816921952	0.0001464282	0.0279290486	0.1146066481	0.0160036098	0.0120725152
1	0.1346762945	0.0000517351	0.0001849627	0.1122279095	0.6798521536	0.0613869114	0.0005008283	0.0045669476	0.0000000000	0.0065522573
2	0.0174793062	0.1908867039	0.0103630573	0.1695656822	0.0000000000	0.1413325779	0.4239216422	0.0003984378	0.0410250209	0.0050275716
1	0.0715288304	0.0802882154	0.0006114859	0.0452157150	0.5740517665	0.0022613340	0.0002811429	0.0000000000	0.0000753507	0.2256861592
0	0.0000000000	0.0241642145	0.0121025822	0.0013159239	0.0007749068	0.0120460531	0.0147944935	0.0052375406	0.0010618585	0.9285024269
1	0.0165440337	0.0303958259	0.0003882657	0.0000000004	0.0035205346	0.6460884004	0.0006801182	0.0799662782	0.1930562873	0.0293602557
0	0.0468900030	0.0209791181	0.0001492157	0.4350847214	0.0689631538	0.2406643616	0.0002518837	0.1508067351	0.0357536110	0.0004571966
0	0.0002324817	0.4380004816	0.0000004172	0.0000000000	0.1132082142	0.0284152477	0.1562681890	0.1383500578	0.1191925720	0.0063323388
0	0.0056681935	0.4002825671	0.1982214659	0.0000000000	0.0199221541	0.0029757225	0.0001914245	0.3619421081	0.0107605696	0.0000357949
0	0.0740391704	0.0085211825	0.0096286700	0.0055510087	0.8404077741	0.0176830502	0.0000000000	0.0196832528	0.0012714327	0.0232144587
0	0.0297147542	0.3957971096	0.0374857202	0.0077690767	0.0108976853	0.0717068321	0.0105662621	0.2277818766	0.0046058398	0.2036748432
0	0.0152355195	0.0839504451	0.4336341916	0.0000000000	0.2019853053	0.0808717979	0.0460922627	0.1354462409	0.0027798535	0.0000043834
0	0.0077731467	0.1965356807	0.0116544369	0.0000570699	0.3307486283	0.0644754232	0.0001185344	0.3730373832	0.0000000000	0.0155996967
0	0.0016549682	0.0000456643	0.0052950358	0.0806810556	0.0068968206	0.0482322044	0.0894054646	0.1834670543	0.4506012405	0.1337204917
0	0.0187893536	0.1351374484	0.4025873272	0.0000913635	0.0004271512	0.0063162178	0.0269906274	0.2321033984	0.1580923015	0.0194648109
0	0.3658452261	0.0117503915	0.0225612990	0.0026326056	0.3124443202	0.0000032381	0.0032028197	0.0030562397	0.0074280226	0.2710758376
0	0.0001225290	0.3510795867	0.0053420157	0.0055389503	0.1708196597	0.0004418423	0.0000071287	0.2981733142	0.0891472178	0.0793277555
0	0.0064367220	0.4765887377	0.1300659944	0.0000000000	0.0299386753	0.3340841075	0.0000000000	0.0025016529	0.0202954109	0.0000886994
0	0.0057872623	0.0438508827	0.0447732730	0.0369538417	0.1227539443	0.1950016126	0.0949729093	0.3909312912	0.0203623883	0.0446125945
0	0.0000000001	0.3077554334	0.2348787857	0.0007317841	0.1060264108	0.2283982001	0.0000160891	0.1214124943	0.0007808007	0.0000000017
1	0.0000000071	0.0177226350	0.0012057248	0.0025509609	0.8889346094	0.0000548060	0.0000000004	0.0723926440	0.0000139801	0.0171246323
0	0.0161550264	0.0331064174	0.0985375888	0.0005933701	0.2006439740	0.0136861314	0.0000000000	0.0620792940	0.5594550429	0.0157431551
0	0.0000000130	0.1659457025	0.0113811617	0.0323172957	0.2899892957	0.0968741949	0.0645909608	0.0980746040	0.2115661236	0.0292606482
0	0.0000000017	0.0796273670	0.0153053901	0.0002987794	0.0251680764	0.2763141004	0.1838518152	0.0278974385	0.3528409413	0.0386960899
1	0.2086177989	0.1313899868	0.3395389463	0.0241128170	0.1612559164	0.0311426321	0.0079101200	0.0204352973	0.0129755157	0.0626209694
0	0.0554062653	0.0015266085	0.0000023087	0.0000000000	0.4601926700	0.1996182311	0.0093270083	0.2068341068	0.0196386038	0.0474541975
0	0.2121920548	0.0037795952	0.0453129407	0.0000176917	0.0284116194	0.0018152780	0.0010462336	0.7069526961	0.0001062218	0.0003656687
0	0.1115548131	0.0540699557	0.0424948906	0.2350504284	0.3623822946	0.0835262365	0.0847297504	0.0213623130	0.0018793203	0.0029499976
0	0.0267471277	0.0159355858	0.3696064490	0.0000000000	0.4224444959	0.0751321394	0.0323276963	0.0194642973	0.0001060198	0.0382361888
1	0.0221088841	0.2008386505	0.3001441242	0.0217839439	0.0768691957	0.3267494945	0.0022529282	0.0068871389	0.0393674166	0.0029982234
1	0.0335322808	0.2182565517	0.0307043555	0.0563947721	0.0238544298	0.0117520097	0.0000429863	0.3530524259	0.1045618849	0.1678483034
0	0.0010358129	0.2213190953	0.0287937484	0.0136022920	0.0776750277	0.1019668485	0.0003335855	0.0239705226	0.5258051086	0.0054979586
0	0.0000165702	0.4600407750	0.0023039902	0.0949799352	0.0002282324	0.0741351050	0.0000000000	0.1035260339	0.2586445410	0.0061248170
0	0.1025667851	0.3026675920	0.0599068849	0.1672802053	0.2820460866	0.0006425375	0.0000000000	0.0446366180	0.0357951726	0.0044581181
1	0.0005120684	0.2795341078	0.0076698159	0.0164972411	0.2268426878	0.0019730936	0.0004991638	0.0003312569	0.0001180514	0.4660225134
0	0.0038368217	0.0166321849	0.0392027124	0.0278483976	0.8559635622	0.0160277785	0.0000000000	0.0000855723	0.0182736713	0.0221292991
0	0.0268768995	0.0102584075	0.0119203186	0.0000000000	0.0867998923	0.0777008373	0.0000038788	0.7514034125	0.0004218010	0.0346145525
0	0.2182401715	0.0490288065	0.0367581013	0.0253168738	0.0079050863	0.4561363114	0.0000000000	0.0014140657	0.0758162701	0.1293843134
0	0.0337635734	0.1825688793	0.1050470216	0.0079749350	0.1174900999	0.4349696172	0.0729019791	0.0192895299	0.0053894528	0.0206049118
0	0.0117597040	0.3944856946	0.0000331966	0.0110059888	0.3097504948	0.0447598768	0.0694065455	0.1489777833	0.0006740201	0.0091466954
0	0.0141902727	0.0067647334	0.1327433876	0.0000000000	0.1111669289	0.1079613501	0.3784007217	0.1137166232	0.1350558875	0.0000000948
0	0.0000126493	0.0001010636	0.0007680813	0.0110146680	0.0127250070	0.0399291128	0.1644389214	0.6944620114	0.0695383527	0.0070101325
0	0.0304796399	0.1812031899	0.0156558581	0.0078658758	0.0037296860	0.7451171575	0.0087401549	0.0026068028	0.0018930207	0.0027086146
0	0.0854172753	0.1315394588	0.0014000318	0.0080528975	0.5403298338	0.0004901287	0.0443149246	0.1849585137	0.0024038336	0.0010931022
0	0.0139654412	0.0802867810	0.3561375001	0.0000177632	0.1556474340	0.0323439690	0.0107450155	0.0167410550	0.0004151717	0.3336998692
1	0.0236003452	0.0696864458	0.0193553483	0.0037044848	0.3367712941	0.2551164788	0.0194078548	0.1629026469	0.0373782728	0.0720768284
0	0.0864987829	0.0161323437	0.2603270468	0.0000666289	0.0964261695	0.0830634426	0.1606751046	0.1607118433	0.1255220828	0.0105765548
1	0.0605706063	0.0080370420	0.0000000061	0.0198720577	0.6981372684	0.0615497810	0.0000000033	0.0129496348	0.0353741198	0.1035094805
0	0.0276685231	0.2182188212	0.0718428739	0.0000000000	0.6280508387	0.0000019367	0.0047493491	0.0397213013	0.0051182896	0.0046280664
0	0.0074579159	0.1580088141	0.1731184068	0.0297564781	0.0167959751	0.0000000000	0.2206639768	0.3522661052	0.0379459013	0.0039864268
0	0.0060576909	0.2125153638	0.0383161045	0.0050295808	0.1103084320	0.0391188461	0.0000809311	0.3571527003	0.0000000000	0.2314203506
0	0.0016782033	0.3645169408	0.0374022454	0.0357894921	0.0948938492	0.0116875645	0.0029611238	0.0000038608	0.0230005906	0.4280661295
0	0.0000000000	0.1423285436	0.0129819462	0.0000000000	0.2539370429	0.4814091759	0.0860830731	0.0232557597	0.0000034680	0.0000009905
0	0.1039438699	0.0007336998	0.1116686425	0.1892772231	0.2113329193	0.0114372204	0.0949561264	0.0272579926	0.2402313587	0.0091609474
1	0.0000017809	0.4265269694	0.1743604161	0.1512085381	0.1917272634	0.0013569265	0.0240150981	0.0297199884	0.0010830049	0.0000000141
0	0.0892840305	0.4212861584	0.0001741234	0.1349115696	0.1284073837	0.2178340529	0.0000000000	0.0075012361	0.0001313783	0.0004700672
0	0.0589622535	0.0028988722	0.0908385057	0.0000000000	0.0346661764	0.5843722684	0.0000050202	0.0454913555	0.1143321342	0.0684334139
0	0.2057826895	0.1568764637	0.0834327074	0.0265508099	0.0069326217	0.0001860585	0.0012216733	0.0936436905	0.4248904082	0.0004828772
0	0.0026364374	0.9473051962	0.0224912927	0.0048557632	0.0016179909	0.0034560674	0.0019702628	0.0001032328	0.0085724798	0.0069912770
0	0.0000017978	0.7270659209	0.0006110603	0.0414405186	0.0009787911	0.0000002433	0.0840412900	0.0000012330	0.1311531223	0.0147060226
0	0.0357415892	0.0014471275	0.2536016865	0.0001910418	0.0015133344	0.0087051982	0.0000226088	0.6960443274	0.0027285329	0.0000045533
0	0.1007201885	0.2873334584	0.2885450816	0.1243676614	0.0031441019	0.0651221691	0.0382192821	0.0000006513	0.0042935224	0.0882538832
1	0.3641347781	0.0099507118	0.0003741308	0.1810575648	0.0215189640	0.1809175289	0.0007944940	0.2071579413	0.0072895354	0.0268043510
0	0.0000956807	0.0427895565	0.0140457446	0.0042961416	0.0000001015	0.6880348027	0.0334606398	0.0068843260	0.1345298336	0.0758631730
0	0.0043668973	0.7774518135	0.0000037889	0.0000000068	0.0000073030	0.0013263077	0.0366855021	0.0106809896	0.0124279587	0.1570494325
0	0.0000000000	0.6194685808	0.0082375949	0.0023059167	0.0156016198	0.1031094804	0.0000538281	0.0263268697	0.0003649430	0.2245311665
0	0.0002946524	0.0012624572	0.0021931136	0.0007133838	0.0002922558	0.0027072406	0.0000000000	0.0000138134	0.0012938745	0.9912292087
1	0.0000000000	0.3151995357	0.0044235747	0.1865287195	0.0699708440	0.0010523436	0.0143608117	0.0002484139	0.3032779012	0.1049378557
1	0.0862178342	0.2089180363	0.1035912660	0.0000000000	0.3117033816	0.0517029859	0.0000249883	0.1568445671	0.0695919739	0.0114049667
0	0.0671175647	0.0200739419	0.3331577569	0.0248650087	0.2553055281	0.0106873104	0.0000000000	0.0713789181	0.0037795341	0.2136344371
0	0.0256166707	0.0550474379	0.0591315890	0.0338040916	0.6144242757	0.0007760883	0.0000104071	0.1858441435	0.0040582648	0.0212870314
1	0.0003332586	0.0379150533	0.4563601707	0.1205052735	0.2136584479	0.0226298368	0.0851573624	0.0042253510	0.0159359855	0.0432792604
1	0.0183939058	0.0002810759	0.3584508062	0.0142604381	0.0739596786	0.0000015160	0.0279218102	0.0007940512	0.0028281814	0.5031085366
0	0.0043524758	0.1990683981	0.0000026776	0.0117765050	0.5337875029	0.0492222886	0.0000000000	0.0000393098	0.0000000000	0.2017508423
0	0.0275260099	0.1376254157	0.4330078036	0.0799359611	0.0216471992	0.1404941251	0.0000283244	0.1173005290	0.0170564676	0.0253781645
0	0.0000472369	0.0004910207	0.7294038479	0.0305827815	0.0000846705	0.0673095598	0.0000000000	0.1430746867	0.0278490720	0.0011571238
0	0.0010697797	0.0376490586	0.0540635829	0.0120345667	0.2999536155	0.0277526328	0.0041959988	0.0000077153	0.0539113498	0.5093616999
1	0.0563068412	0.0941658338	0.2310069219	0.0207895616	0.2095328474	0.0938303250	0.0013348728	0.0556200753	0.1239405259	0.1134721950
0	0.0006846458	0.4018783969	0.0647286509	0.0823324254	0.0484837769	0.2530924014	0.0007809336	0.0479358481	0.0000000001	0.1000829209
0	0.1132206115	0.1387751171	0.0763048169	0.0000037994	0.0107801922	0.1897590637	0.0009049521	0.3606584304	0.0000004430	0.1095925734
0	0.0134008758	0.3862160715	0.0002107337	0.0002202757	0.0000000017	0.0815650500	0.0886516747	0.0021990426	0.4275328438	0.0000034304
0	0.0000036306	0.8880884292	0.0022327310	0.0040450589	0.0070476890	0.0000000223	0.0000061053	0.0215649036	0.0770109816	0.0000004486
0	0.0012945919	0.0366038636	0.0033528069	0.0400652808	0.8384499340	0.0137173525	0.0028259137	0.0085205812	0.0187107706	0.0364589049
0	0.0000002497	0.2848221195	0.4597210229	0.0116902673	0.0000000000	0.0167967563	0.0875254872	0.0267548818	0.1126892152	0.0000000000
0	0.1394528171	0.0131866515	0.0265194943	0.0014772491	0.4025593191	0.0011399152	0.0094698230	0.0145348927	0.3302789121	0.0613809259
1	0.0000008143	0.0250138069	0.2335073221	0.0013816431	0.6667962935	0.0719131328	0.0012310846	0.0000000092	0.0000000000	0.0001558934
0	0.0058051959	0.0237679468	0.0000007548	0.0017759811	0.8412026479	0.0154151949	0.0000000000	0.0000000382	0.0000000000	0.1120322405
0	0.0163732243	0.5896050326	0.0654851399	0.1340259187	0.0000047439	0.0025619579	0.0000002729	0.0034957976	0.0009515648	0.1874963472
1	0.0000000160	0.3635861617	0.1588363385	0.0616028890	0.0435340657	0.0122006919	0.1281173689	0.1715896818	0.0000156544	0.0605171321
0	0.0026220041	0.3576346276	0.0736283364	0.0000000000	0.0000846491	0.0231544214	0.0774761886	0.3349883623	0.0559523862	0.0744590244
0	0.0196307108	0.0048415313	0.0040386789	0.5655047546	0.1244400762	0.0288375687	0.0148767523	0.0849632871	0.0112803015	0.1415863386
0	0.0070023950	0.3662909787	0.0153358972	0.0666805448	0.2241491331	0.0078860629	0.0131642400	0.2930719889	0.0018832153	0.0045355442
0	0.0000000000	0.0116129021	0.0000149280	0.0290125695	0.0187302414	0.7947459607	0.1266952900	0.0165126959	0.0026754088	0.0000000038
0	0.0106183136	0.5022908825	0.0000354991	0.3162947353	0.0554381919	0.0132614268	0.0029799524	0.0966210690	0.0024255908	0.0000343387
1	0.1935306079	0.0281248518	0.0506020473	0.0237585824	0.3002226523	0.2564457272	0.0000000000	0.1433056142	0.0000000000	0.0040099169
0	0.0043728864	0.0000000002	0.2772994580	0.0276246591	0.1975587250	0.3353987873	0.0000012385	0.0856495144	0.0052048939	0.0668898374
1	0.0085728911	0.4420194882	0.0479585150	0.0000000909	0.0026082780	0.3712674065	0.0000061996	0.0000002032	0.1194234459	0.0081434816
0	0.1541121925	0.0010478660	0.0000001168	0.0686787346	0.6859433946	0.0865989029	0.0000024195	0.0034538521	0.0000000000	0.0001625211
0	0.0670367330	0.0258702882	0.0620085830	0.0055576427	0.0616424571	0.1327603163	0.0224139615	0.0000000000	0.0070974389	0.6156125793
1	0.0233785819	0.5743152294	0.0262727547	0.1942004559	0.1262235241	0.0009925984	0.0147953507	0.0176260798	0.0221954243	0.0000000008
0	0.0671939580	0.0000000000	0.1271655037	0.0135068979	0.0000062604	0.3103260430	0.0000021593	0.4734571235	0.0083142735	0.0000277807
0	0.0492481532	0.0620887261	0.5203245304	0.0025691396	0.1007127636	0.1247069308	0.0000034790	0.1269519926	0.0000000158	0.0133942689
2	0.0000000000	0.0173120256	0.0138216009	0.0030253681	0.7203821191	0.0640096545	0.0000730360	0.0106580014	0.1124954334	0.0582227610
0	0.1949400908	0.3225904528	0.0000000000	0.0000625783	0.0185111597	0.1833229249	0.2394050638	0.0320398420	0.0000130017	0.0091148859
1	0.0161322541	0.0006718116	0.7088431509	0.0104364791	0.0589060351	0.1232704192	0.0000059392	0.0538470733	0.0249137388	0.0029730988
0	0.0043976009	0.1406331657	0.0533458433	0.0041869008	0.0011700054	0.0664645994	0.3970008259	0.2125709923	0.1156396332	0.0045904330
0	0.0021755958	0.0000001502	0.0710051595	0.0145541062	0.8677819298	0.0015978778	0.0108241625	0.0286788240	0.0000000000	0.0033821942
0	0.0106692799	0.0071986883	0.0387957820	0.0000232397	0.0459895489	0.0701020110	0.0061256627	0.2090014287	0.0703479877	0.5417463711
0	0.0000001920	0.0196704456	0.0674002100	0.1807698585	0.0005816753	0.5516718228	0.1166358579	0.0016642609	0.0615974887	0.0000081884
0	0.0001880652	0.0846736644	0.0221782385	0.0000001892	0.2620333532	0.0000063062	0.0552880449	0.1893235719	0.3746494273	0.0116591393
0	0.0082112335	0.0061361665	0.0005643729	0.6190012623	0.1449694075	0.0037344861	0.0000000000	0.0298309838	0.0113004906	0.1762515968
0	0.0000000000	0.0003103239	0.0260709026	0.0006485345	0.0000757545	0.9569784722	0.0008350386	0.0024680204	0.0019301612	0.0106827921
0	0.0154352437	0.0100997074	0.1491330100	0.0821974583	0.2175619710	0.0868251126	0.0006446644	0.4180848285	0.0199535638	0.0000644404
0	0.0961799308	0.3030793103	0.0104397989	0.0142244439	0.0229624749	0.1730028486	0.0130739059	0.1927769633	0.0150896608	0.1591706626
1	0.0000000000	0.0510160098	0.3637451086	0.0379181702	0.2656502431	0.1032702189	0.0171446552	0.0267848010	0.1178461292	0.0166246640
0	0.0000001056	0.0053191330	0.0811564403	0.0255195747	0.0680369021	0.0178599101	0.4153141846	0.3801356270	0.0066512714	0.0000068512
1	0.0838585622	0.0877202028	0.0360306385	0.0282660344	0.0023383429	0.2974364326	0.0182202835	0.0699415918	0.0627321683	0.3134557430
0	0.0042665139	0.0035651667	0.1560197587	0.0801339372	0.0593228810	0.2346335041	0.2896612415	0.1031494964	0.0001023339	0.0691451666
0	0.0727853867	0.0132321345	0.0065732386	0.0194746007	0.0139869019	0.1693758152	0.0000000000	0.0121140173	0.6924579050	0.0000000000
0	0.0537275924	0.0735069619	0.0000375554	0.0000435406	0.0646446786	0.0335306292	0.0518897965	0.6839111629	0.0000007608	0.0387073218
0	0.0901212031	0.6915166598	0.1110524297	0.0000865682	0.0130901219	0.0220847007	0.0000000000	0.0385282908	0.0000014172	0.0335186085
0	0.0003713509	0.2559317781	0.0721813514	0.0021003158	0.1256189640	0.0995042775	0.4351093556	0.0002074031	0.0000000325	0.0089751712
0	0.0065316117	0.2352034060	0.1902751135	0.0496160297	0.2006928772	0.0017666401	0.0003761509	0.0605950626	0.0000005483	0.2549425600
1	0.0057860725	0.8655785690	0.0000085474	0.0054732180	0.0498645870	0.0000122110	0.0000000000	0.0295199024	0.0120631101	0.0316937825
1	0.1252633086	0.0289463233	0.0197514551	0.0266984828	0.0012143308	0.4352160615	0.0503974774	0.0918804033	0.2202824718	0.0003496854
0	0.0034491891	0.1779608962	0.5105296719	0.0000868651	0.0797568685	0.0404229821	0.1373145855	0.0088705372	0.0118215414	0.0297868629
0	0.0000000000	0.3337328562	0.0094914476	0.0001117251	0.0169742659	0.4286575393	0.0580841120	0.0404813162	0.1121216667	0.0003450709
0	0.0118826918	0.5237188826	0.0506703731	0.0000737937	0.0759403230	0.2852220494	0.0021588000	0.0487467586	0.0015858338	0.0000004939
1	0.0475467199	0.7249744877	0.0736729576	0.0102294263	0.0952887604	0.0342463048	0.0000000000	0.0000068125	0.0050925398	0.0089419909
1	0.0389588523	0.0811725612	0.0364749143	0.0000752183	0.2952124241	0.1685926639	0.3104549193	0.0050890764	0.0042760914	0.0596932787
0	0.0000000000	0.1916308660	0.1319444862	0.0602891195	0.1941805853	0.0006753724	0.0000100789	0.1530144406	0.2280072534	0.0402477975
0	0.0232222759	0.1972155918	0.0000211815	0.0045877044	0.3944055184	0.0014844862	0.0503819244	0.2249742165	0.0404761712	0.0632309296
0	0.1053044089	0.3792088717	0.0000015818	0.0058395543	0.1495648793	0.3311033970	0.0127843866	0.0095441375	0.0000205894	0.0066281935
0	0.2286733027	0.0235094345	0.0453739496	0.2998963184	0.0618332219	0.0046676916	0.0679293239	0.0843751167	0.1824910216	0.0012506191
0	0.0976545281	0.4660926214	0.1381147778	0.0032986869	0.0658181676	0.0033553017	0.1176509117	0.0545773107	0.0060887046	0.0473489895
1	0.0283823435	0.0250925730	0.0207730110	0.6318383916	0.0000132739	0.0649284733	0.0000378531	0.1800961772	0.0098647607	0.0389731426
0	0.0000000000	0.0186016622	0.2611033195	0.0052558228	0.0162089369	0.1182608076	0.0456618906	0.3078403104	0.0000000000	0.2270672499
0	0.0205477116	0.0848781729	0.0000000000	0.8094093354	0.0101503726	0.0016392465	0.0046251943	0.0051112033	0.0000055608	0.0636332026
0	0.0202215828	0.0012357230	0.0200809789	0.0641328278	0.0039577808	0.5848596768	0.0000000000	0.2469463700	0.0193453421	0.0392197177
0	0.0061035172	0.1352570008	0.1743841437	0.0219895534	0.1121743069	0.2003166421	0.0462793657	0.1514613325	0.0043471652	0.1476869724
0	0.0455123155	0.0547470107	0.0531493504	0.0124982256	0.0181845266	0.1497287574	0.0000000025	0.0268897584	0.5170862690	0.1222037839
0	0.2288716705	0.0089988665	0.0025565969	0.1742675108	0.1398992392	0.0322971204	0.0090337729	0.3204358919	0.0836392979	0.0000000330
0	0.0757684256	0.0000326005	0.0297884509	0.0026194382	0.1723314083	0.5948666878	0.0127885038	0.1116300862	0.0001533156	0.0000210831
0	0.0971326589	0.0013405387	0.1038099782	0.0146684042	0.2191754799	0.3690570430	0.0732801340	0.0220767952	0.0057221840	0.0937367840
0	0.0638714055	0.0767405101	0.5041715624	0.0000000000	0.0012029925	0.1103904067	0.1629357468	0.0800408008	0.0006465751	0.0000000000
0	0.0040515755	0.0002559723	0.0184493679	0.0783189392	0.1125878854	0.1948354928	0.0908071081	0.3849183713	0.0330441180	0.0827311693
1	0.0000000000	0.0031371121	0.0000004136	0.0136406541	0.0152555884	0.0365158464	0.0000544246	0.9101942156	0.0000000000	0.0212017452
0	0.0181424972	0.0210423252	0.0727532390	0.1972531789	0.2422390489	0.2086729822	0.0005084484	0.2393750457	0.0000001184	0.0000131161
1	0.1158861968	0.3747748912	0.0000000000	0.0020823503	0.0070416462	0.0160731065	0.0792174670	0.0282541519	0.0111126659	0.3655575240
2	0.0049003231	0.0282575807	0.0000000000	0.0188273184	0.0120319515	0.0984431945	0.0000000000	0.6544674843	0.1173593672	0.0657127802
1	0.0162331337	0.1994632472	0.0000077894	0.0070004103	0.0047401179	0.6948539099	0.0665426935	0.0111447438	0.0000083048	0.0000056495
0	0.0086569597	0.1027818487	0.1664111147	0.0032488814	0.0000228819	0.0255965334	0.0001359513	0.4561435644	0.0171294089	0.2198728556
0	0.0040705837	0.3341636850	0.0073030036	0.0000000000	0.0014111446	0.0119630020	0.4193414336	0.1126308719	0.1006841879	0.0084320876
0	0.3073494060	0.2943473523	0.0021133832	0.0119796599	0.1754128213	0.1106254380	0.0031985403	0.0127618144	0.0024153101	0.0797962745
0	0.1734051420	0.1777718111	0.0036891448	0.0668429041	0.0000554984	0.0063439011	0.0729371708	0.3701856025	0.0249548905	0.1038139346
0	0.0000000735	0.0003098098	0.0063801867	0.0000000322	0.9781210833	0.0000695249	0.0079868095	0.0056144974	0.0015149248	0.0000030578
0	0.0308836585	0.0231569491	0.0000000004	0.0136874775	0.0208215944	0.0869162989	0.0093573481	0.7188938387	0.0516251819	0.0446576525
0	0.0205747183	0.0191706771	0.0000000076	0.0030581906	0.1785008567	0.7680344416	0.0000000000	0.0085101050	0.0015773231	0.0005736799
1	0.0074644240	0.1054055865	0.0000000000	0.1100770366	0.3315664332	0.0243839676	0.0000000000	0.0660475878	0.0006256838	0.3544292804
0	0.0029942345	0.2363315790	0.1417813772	0.0020867090	0.0784275121	0.0939838034	0.1222636759	0.0986299406	0.1760434480	0.0474577203
1	0.1188053504	0.0195818044	0.0006945599	0.0555718971	0.0460860354	0.2544762532	0.0000000752	0.1504257739	0.0986359995	0.2557222510
0	0.0000527600	0.0901120914	0.0017571254	0.0026975522	0.1592320149	0.0470401705	0.0067319449	0.2668055665	0.3199331375	0.1056376366
0	0.0230151163	0.0790156442	0.0953809003	0.0003348062	0.5416109988	0.1286441608	0.0105504179	0.0925071478	0.0000923221	0.0288484857
0	0.0226771005	0.1494817846	0.0000000001	0.0175721415	0.0076420500	0.5695367937	0.0849608514	0.1321665922	0.0159626858	0.0000000000
1	0.1531381487	0.1195160879	0.0547765260	0.0742381225	0.0112481847	0.0952882886	0.0144439223	0.3914064151	0.0007787724	0.0851655318
0	0.0452136375	0.0031007719	0.3384322780	0.0058640124	0.0174370019	0.5397265085	0.0062622618	0.0000000121	0.0439635115	0.0000000043
0	0.0010490358	0.8984415299	0.0848712543	0.0008278083	0.0000000000	0.0000083563	0.0011133839	0.0136650142	0.0000025205	0.0000210968
1	0.0328816072	0.3320627069	0.0000527663	0.0000000000	0.0338930349	0.1659244083	0.0006362674	0.1715781957	0.0432194649	0.2197515484
0	0.0197187438	0.2629062187	0.0722250282	0.0145748568	0.0007278851	0.0825781052	0.0003659007	0.5306863686	0.0085716526	0.0076452404
0	0.0001657628	0.0087695356	0.1101187010	0.0000000000	0.2372367518	0.0042044905	0.0003305414	0.6081634960	0.0146477113	0.0163630098
0	0.0037711701	0.4880533493	0.0434518917	0.0000347761	0.2982255845	0.0070690857	0.0034470918	0.0233426364	0.1321070659	0.0004973486
0	0.0000000175	0.0029883168	0.0109114026	0.0000000038	0.0248834764	0.9533447720	0.0024161636	0.0052320407	0.0002237851	0.0000000214
0	0.0950409609	0.1595894779	0.0000262480	0.0732044427	0.0008019517	0.0062039739	0.2843925165	0.2235055243	0.1544620013	0.0027729028
0	0.1234274928	0.0475479560	0.0582772319	0.4720522130	0.0767249690	0.0716792554	0.0009179903	0.0875202980	0.0535239410	0.0083286526
0	0.3341291154	0.0046301596	0.0397801764	0.1091913503	0.0699092500	0.4144528256	0.0000024038	0.0156951307	0.0122094592	0.0000001292
0	0.1650368151	0.0637056399	0.1888527055	0.0043673916	0.0069061426	0.0159110598	0.0911480600	0.4640464159	0.0000257669	0.0000000027
1	0.0098303698	0.0001478968	0.0000000000	0.0000000177	0.0071291700	0.0076319511	0.0000852784	0.8022622843	0.1266808324	0.0462321997
1	0.1861050088	0.0930524307	0.0000000000	0.0000000000	0.0000005063	0.0743812354	0.0730289640	0.4729892965	0.0000107711	0.1004317871
2	0.0000000038	0.1852177382	0.0092954158	0.0095452147	0.0148014969	0.6319694266	0.0006767957	0.0062805157	0.0097804686	0.1324329241
0	0.0172429481	0.0322710344	0.0396718744	0.7647940781	0.0436690319	0.0144037657	0.0000000000	0.0560000615	0.0094676869	0.0224795189
0	0.0091974072	0.0933488266	0.0004817670	0.0075818911	0.0199074665	0.6224526441	0.0000391722	0.0092031067	0.0001681236	0.2376195951
0	0.0970710955	0.0194552553	0.0000000000	0.1080237806	0.6862065458	0.0186098896	0.0000000000	0.0219081959	0.0043024016	0.0444228358
0	0.0609071377	0.0046187619	0.0285691209	0.0005929972	0.0402811275	0.2336941054	0.4031749417	0.1250337304	0.0047838972	0.0983441800
0	0.0355610675	0.0610556658	0.1005681493	0.0524535132	0.3277642169	0.0866807155	0.0000000274	0.0012368573	0.0000010171	0.3346787699
0	0.0303070641	0.5179997931	0.0299080142	0.0001936045	0.0267595227	0.0488415463	0.0000061977	0.0521837497	0.2125094619	0.0812910459
0	0.0093424461	0.2375132253	0.1516162792	0.0005429245	0.4857014931	0.0460041874	0.0136039155	0.0540203824	0.0010889295	0.0005662171
0	0.0456404377	0.4093894935	0.1072312356	0.0332762329	0.1140754909	0.0151998757	0.0000000588	0.0389364067	0.0013669636	0.2348838047
0	0.0944033427	0.1763033449	0.0677639266	0.0233095989	0.0601458125	0.0040969490	0.1482271975	0.0123140712	0.4134357567	0.0000000000
0	0.1121378346	0.0264729022	0.2261883331	0.0323287545	0.1661411206	0.3144037567	0.0078998821	0.0359759825	0.0273722751	0.0510791586
0	0.1023411397	0.0110854268	0.5488083431	0.0000000022	0.0351331726	0.0181646171	0.0196479703	0.2494966143	0.0149001272	0.0004225867
0	0.0000000147	0.3379823218	0.2709869889	0.0000000000	0.0015848791	0.0606344552	0.0173321769	0.1322074844	0.1792716790	0.0000000000
0	0.0538000288	0.0026015514	0.1142358870	0.0011577156	0.0000045311	0.7069438676	0.0000000000	0.0622112539	0.0118264918	0.0472186728
0	0.0882190207	0.1184017742	0.0135369776	0.1653223739	0.3001975472	0.2169464513	0.0100932252	0.0831121914	0.0000000000	0.0041704385
0	0.0000000000	0.4352053622	0.2477907215	0.0001506062	0.0276039962	0.0686858478	0.1058073953	0.0098787890	0.0970975673	0.0077797146
0	0.0965295685	0.0908798854	0.0164734958	0.0004322547	0.1107258353	0.0350063789	0.1081290848	0.0044487818	0.0605842770	0.4767904380
1	0.0233698105	0.2484977969	0.0555042786	0.1095475421	0.4029072677	0.1571496227	0.0000000024	0.0000000400	0.0000931587	0.0029304804
0	0.0055443614	0.1633925706	0.0017034613	0.0447555396	0.5684340548	0.0047460645	0.0000000000	0.0303309601	0.0151010864	0.1659919012
0	0.0432325282	0.0318083099	0.0001939582	0.0086135089	0.9084960524	0.0000042887	0.0000000000	0.0000146867	0.0002370739	0.0073995932
0	0.0112575686	0.7492377411	0.0001558830	0.0094807588	0.1800854516	0.0275538961	0.0001153785	0.0023023283	0.0113235004	0.0084874936
0	0.0023747507	0.7669865282	0.0000000000	0.0000000081	0.0157186609	0.1535775464	0.0000038535	0.0000001583	0.0019032409	0.0594352529
0	0.0000060376	0.0976865927	0.0071266054	0.0426453651	0.2192878704	0.1202978352	0.3907459666	0.0000003042	0.0181115915	0.1040918313
1	0.0003443910	0.0802802931	0.2201733384	0.0401802540	0.1063832679	0.2426791605	0.0002477055	0.0175039963	0.0000000000	0.2922075932
0	0.0248709399	0.0523994973	0.0244909408	0.0660902965	0.7772928181	0.0374253627	0.0067761040	0.0097673512	0.0000147434	0.0008719461
0	0.0278004030	0.0478386107	0.0109329290	0.0000000000	0.0023987005	0.5292529505	0.0359821705	0.1948694352	0.0817550145	0.0691697860
0	0.1012449673	0.0163484365	0.0000000000	0.0293065286	0.0271598432	0.2535950052	0.0000000000	0.0779168430	0.2506689446	0.2437594314
0	0.0115898043	0.3806300887	0.0225351320	0.0001491244	0.0175345359	0.0002248964	0.0000000000	0.0391056471	0.4561947616	0.0720360096
1	0.0101394484	0.4425425912	0.0000008681	0.1692471324	0.2443346414	0.1106868693	0.0000000031	0.0044266774	0.0010157672	0.0176060015
0	0.0000000258	0.0062875355	0.2492616027	0.0246883973	0.0000000006	0.0000775251	0.0089276394	0.0277769569	0.0009332905	0.6820470261
0	0.0000002495	0.2169279040	0.1961203702	0.0050226113	0.0114055847	0.0000002770	0.2033139499	0.0000000251	0.2569099337	0.1102990946
0	0.0673101197	0.2354016309	0.0565691844	0.0286648073	0.0005703143	0.2891735239	0.0794449893	0.2018741387	0.0409818568	0.0000094346
1	0.1145682541	0.3016859097	0.0000544605	0.0594165905	0.0705727515	0.0954702006	0.0000000814	0.0096989469	0.0016752875	0.3468575175
0	0.0187070680	0.2088752506	0.0002095077	0.1281678293	0.0295424865	0.4533711648	0.0000000000	0.0928031776	0.0567842347	0.0115392806
1	0.0216790836	0.0035856360	0.1169043300	0.0000432348	0.0213256466	0.0534751181	0.3509026834	0.1874945603	0.0329883779	0.2116013294
0	0.2224184885	0.2373042793	0.2761194842	0.0033392656	0.0040941298	0.1711180262	0.0000000207	0.0519709100	0.0049613335	0.0286740622
1	0.8898406470	0.0002984026	0.0000135903	0.0029261541	0.0002261038	0.0353987650	0.0124503240	0.0169529279	0.0247118474	0.0171812378
1	0.0000080586	0.1719867783	0.6303833821	0.0000012440	0.0958741772	0.0360505472	0.0000016804	0.0366912756	0.0256590617	0.0033437949
0	0.0004188668	0.0566490527	0.1570370152	0.0066553540	0.0034194498	0.0184921167	0.5248001037	0.1485949647	0.0652882255	0.0186448510
1	0.0464588730	0.0078991790	0.0008884682	0.0335229403	0.3692419173	0.5217650983	0.0040574877	0.0007038923	0.0074442371	0.0080179067
0	0.0422724533	0.0000459976	0.0435172042	0.0096285738	0.1347407365	0.0294493854	0.0018230072	0.7003179120	0.0367004194	0.0015043106
0	0.0091031598	0.0798984928	0.3115750569	0.0723558293	0.1111586998	0.1910661458	0.0009754876	0.0389029876	0.1066782744	0.0782858661
0	0.0344989977	0.0027655596	0.0290973301	0.0000000000	0.2356826582	0.2476085587	0.1471998815	0.2357354983	0.0222945928	0.0451169229
0	0.0112943871	0.0049216265	0.0308625996	0.0272278529	0.0597373987	0.7664965384	0.0480440717	0.0330226571	0.0068317625	0.0115611054
0	0.0011860842	0.1131827768	0.0532611198	0.2056494727	0.2575613283	0.0189109057	0.0520283574	0.2777077336	0.0204633842	0.0000488373
0	0.0000028080	0.0133610935	0.0000000202	0.0000178450	0.9541655904	0.0126068251	0.0000000000	0.0144343130	0.0014556924	0.0039558124
0	0.0004259810	0.0058810087	0.0499740207	0.1061529109	0.0795748475	0.5035080877	0.0000413303	0.1625035155	0.0060709693	0.0858673285
0	0.0154232185	0.1110311094	0.0237107732	0.0446228868	0.2178064953	0.5624098751	0.0003362542	0.0186321091	0.0060271739	0.0000001045
1	0.0000000000	0.0448839973	0.0712202731	0.0000000000	0.1345555156	0.0763224130	0.0000000000	0.1476990955	0.0099058677	0.5154128377
0	0.1548998971	0.0192532060	0.0057561990	0.0004508649	0.0027578189	0.3508381644	0.0517930505	0.2358085162	0.0049983862	0.1734438968
1	0.0110561994	0.0724589196	0.0679867773	0.0441845836	0.1045099352	0.5645697016	0.0059915176	0.0177575900	0.0971311641	0.0143536116
0	0.0414167093	0.0000060861	0.1480531920	0.0009814447	0.1289023484	0.1474461766	0.0006835520	0.1885541099	0.3439543368	0.0000020442
1	0.1579769341	0.0904299498	0.2206938866	0.0020601249	0.0293328953	0.0000185625	0.0775359790	0.4215905581	0.0001160329	0.0002450768
