0	0.0043244108	0.5109390510	0.0749116002	0.0162555157	0.0005473281	0.0092101396	0.0000000000	0.0382454788	0.3317708920	0.0137955838
1	0.0672471983	0.0002656761	0.1046188598	0.0185818437	0.0000084377	0.1104198252	0.0018362170	0.6957258672	0.0012940457	0.0000020293
0	0.0113020564	0.0267019436	0.0140818437	0.0314464886	0.4617607637	0.1828377384	0.2368384244	0.0213686634	0.0136609247	0.0000011531
0	0.0000000000	0.3174472355	0.0000003020	0.0687991859	0.1092673552	0.0028920429	0.0000000000	0.3116837582	0.0226946096	0.1672155107
0	0.1366220036	0.0743711771	0.0144060300	0.0105595464	0.1681685006	0.0136248033	0.0618464202	0.0036578342	0.2688927964	0.2478508883
0	0.0062944909	0.0005777218	0.0005417685	0.2106304489	0.0000354489	0.0056195907	0.0521527383	0.6726521050	0.0292817835	0.0222139036
0	0.0576841653	0.0775642007	0.2858303968	0.0511989649	0.2505167119	0.0773017721	0.0909060000	0.0600330673	0.0169453109	0.0320194100
0	0.0077161208	0.0906169963	0.0483656458	0.1112904604	0.6209308440	0.0017090636	0.0559883823	0.0553318854	0.0043448348	0.0037057665
0	0.0000004898	0.7610968736	0.0000060367	0.0009163661	0.0797090809	0.0183146919	0.0448306382	0.0602210106	0.0044668425	0.0304379697
0	0.0000003855	0.0214024936	0.2118934544	0.6099066661	0.0115777150	0.0324080297	0.0064333951	0.1001335192	0.0060920600	0.0001522814
0	0.0030956877	0.1221686038	0.0117852055	0.0309494642	0.4354231146	0.1390130188	0.0929378414	0.0502239333	0.1072495255	0.0071536052
0	0.0015562365	0.0446406564	0.0032641455	0.0957615274	0.7985566832	0.0000020662	0.0224905715	0.0233576256	0.0024147516	0.0079557363
0	0.0042192618	0.2011718451	0.0000133383	0.0022345735	0.0322194441	0.0000000000	0.0005293450	0.2313276631	0.4618903911	0.0663941380
0	0.3059601632	0.1018036841	0.0015359312	0.0003475522	0.3430148413	0.0089468221	0.1263528704	0.0703179619	0.0183506492	0.0233695244
0	0.0357318765	0.0346891905	0.0113347956	0.4220755043	0.1880248874	0.0310514328	0.0014063292	0.1084646039	0.0213879861	0.1458333937
0	0.0109645034	0.0127406184	0.2548288461	0.6464224042	0.0219550642	0.0361839536	0.0000032579	0.0106386225	0.0061017149	0.0001610147
0	0.0023863694	0.0012366868	0.0001007195	0.4502789473	0.1868949699	0.1704860331	0.0080306268	0.0127937622	0.1605340033	0.0072578817
0	0.0455349668	0.4088528940	0.0082570417	0.0000976092	0.1258550803	0.0000000000	0.3906434956	0.0183352374	0.0023802831	0.0000433920
0	0.0000003687	0.2511061175	0.0005360036	0.0139104001	0.1392380519	0.0065418098	0.0000001499	0.0439169377	0.5171738106	0.0275763502
0	0.0861123402	0.0929047259	0.1369515338	0.0193167359	0.1271179701	0.0000002650	0.0347418895	0.0698435707	0.2727653692	0.1602455999
0	0.0000000000	0.1672874866	0.5547565950	0.0000012257	0.0322924799	0.0979487077	0.0003554016	0.1053382071	0.0251438562	0.0168760402
0	0.0090896277	0.0023763750	0.0000000083	0.0125210827	0.7546337653	0.1494118172	0.0355234132	0.0000000463	0.0151761358	0.0212677284
0	0.0648461819	0.0985602514	0.0076651506	0.2932834214	0.0046430559	0.0147197022	0.0075118700	0.0159376767	0.4463151541	0.0465175358
1	0.0000408957	0.0000000000	0.0642322688	0.0311697075	0.0266079302	0.8183875750	0.0004755112	0.0415367182	0.0134403048	0.0041090885
0	0.0025200855	0.2208886713	0.0024804182	0.0442017508	0.0702094487	0.1308314996	0.0369232108	0.2793111704	0.1871823742	0.0254513706
0	0.1022130671	0.0576945962	0.2191624859	0.0503639187	0.0017888057	0.0002183442	0.3737916820	0.1321835237	0.0071129704	0.0554706061
0	0.0070721893	0.0407421133	0.2003048224	0.0000005288	0.3139943676	0.0000000740	0.0128506062	0.2776587221	0.1469423712	0.0004342050
0	0.0009734513	0.2615402762	0.0625235569	0.0868761922	0.0815353915	0.0000000119	0.0101227570	0.4152919289	0.0811364316	0.0000000025
0	0.0000000000	0.3088842379	0.1711197702	0.4054247442	0.0005842349	0.0000000000	0.0000000000	0.1131400140	0.0000901585	0.0007568403
0	0.0223494339	0.4652171278	0.0011379598	0.1065613140	0.0028641731	0.0000080586	0.0127363540	0.0133198829	0.3746916690	0.0011140268
0	0.0001065320	0.2249785226	0.0445815978	0.0002794130	0.3611657394	0.0653769806	0.0000158470	0.0019944405	0.3007184637	0.0007824634
0	0.0000000000	0.3803662788	0.1147388769	0.0326350236	0.0137798579	0.0418107555	0.2593815779	0.0387733411	0.0630798284	0.0554344599
0	0.0175912429	0.0339621449	0.0725274747	0.0815086354	0.1518589244	0.0113379027	0.0072240560	0.3436856626	0.2633847827	0.0169191735
0	0.0535914037	0.3411739297	0.0116299835	0.3302597889	0.1351844268	0.0000043151	0.0052900532	0.0093728809	0.1121775075	0.0013157107
0	0.0000000000	0.2053606447	0.0000037936	0.0002185463	0.0694945919	0.0005166630	0.0684187584	0.6434765506	0.0110875238	0.0014229278
0	0.0534701128	0.3350450611	0.0319170985	0.0047506035	0.0002471220	0.0404768055	0.1283155441	0.2601943863	0.1321719674	0.0134112988
0	0.0000115322	0.1186457259	0.3925395837	0.2103767871	0.0589015740	0.0005377843	0.0740642204	0.0516617366	0.0711661156	0.0220949403
0	0.0243432835	0.4214966189	0.0000000039	0.0311897767	0.0502459733	0.0002728605	0.2176943032	0.0646325468	0.1887489706	0.0013756626
1	0.1189047766	0.0005957544	0.3485835256	0.0140454897	0.0007055263	0.2756969895	0.0238593872	0.1701431721	0.0399389128	0.0075264657
0	0.0947171696	0.0493774816	0.1298841037	0.2420370240	0.0639857126	0.0002942973	0.0151692443	0.1493640373	0.0307733398	0.2243975898
1	0.0023010176	0.0000000000	0.3808157419	0.0002930410	0.2398220363	0.1968508324	0.0066637003	0.0987562134	0.0680512172	0.0064461998
0	0.0000000000	0.0000081654	0.0090237604	0.0000348390	0.0211020875	0.0000000000	0.0012990524	0.6593373708	0.0105087847	0.2986859399
0	0.0000072386	0.0951087822	0.2026221725	0.1419934925	0.2242396256	0.0000001988	0.2411457261	0.0485171857	0.0370028944	0.0093626835
0	0.0000000029	0.3575216986	0.1277753030	0.0123473358	0.0309482406	0.0042985665	0.0082959183	0.3319198824	0.1185515016	0.0083415503
0	0.0000516998	0.0149516621	0.0326555769	0.1378781508	0.0025440774	0.0009577053	0.0583887942	0.0697552846	0.6734823770	0.0093346720
0	0.0448233228	0.3586704949	0.0338693877	0.5415706990	0.0009796273	0.0004851265	0.0027213289	0.0082833780	0.0035326584	0.0050639767
1	0.0004008405	0.0000000040	0.3641993293	0.0644316196	0.4294828580	0.1026661257	0.0000000000	0.0113148683	0.0233630334	0.0041413213
0	0.0046577153	0.0141978804	0.0000320262	0.0034010742	0.5625206971	0.0026141743	0.0070553467	0.0073972228	0.3981238630	0.0000000000
0	0.0000000002	0.0578155555	0.0911897387	0.2690610816	0.0134187778	0.1120085178	0.0153659099	0.0107967307	0.3821034055	0.0482402823
0	0.0000004315	0.8058561718	0.0011859184	0.0623875307	0.0201984122	0.0065505228	0.0087152403	0.0094594752	0.0156827000	0.0699635970
0	0.0009981448	0.0664849466	0.2919843809	0.0277095687	0.0373634814	0.3780078507	0.0083315669	0.1533407266	0.0165696817	0.0192096517
0	0.0041885982	0.1102743049	0.2724405931	0.4260570571	0.0335738635	0.0213306339	0.0479344765	0.0013448242	0.0627061098	0.0201495388
1	0.6410726907	0.0030193239	0.0212922310	0.0136355909	0.0387554468	0.0843520930	0.0013348096	0.1713384860	0.0242837098	0.0009156183
0	0.0000142309	0.5366635926	0.0544138385	0.2472706061	0.0531295247	0.0000988218	0.0057013581	0.0197165099	0.0829911889	0.0000003286
0	0.0018066695	0.1764270116	0.0083199518	0.0167265817	0.2129820118	0.0875276476	0.0000000000	0.0822208879	0.4017452154	0.0122440228
1	0.0003030533	0.0010848126	0.3664870058	0.4651947443	0.0002568483	0.0098364671	0.0000000051	0.0127765227	0.1417357890	0.0023247518
0	0.0031500802	0.0392212616	0.1733000307	0.2484340574	0.0510556868	0.0000000007	0.2240741721	0.1627737978	0.0979729627	0.0000179500
0	0.0076048964	0.3923800506	0.1489394574	0.0005489547	0.0861126408	0.0015400450	0.0061528545	0.2629037396	0.0088266186	0.0849907425
0	0.0000000000	0.0814681804	0.3451788392	0.0398343170	0.0031200798	0.0044278550	0.0511121334	0.2977340127	0.0378295653	0.1392950173
2	0.4288512859	0.0000000159	0.0174917465	0.0243067871	0.0000000000	0.3901436084	0.0000067239	0.1014559732	0.0237006587	0.0140432005
0	0.0001590894	0.4830419586	0.0243042465	0.0696962118	0.0202637229	0.0000000001	0.0003909634	0.0360345628	0.2992826916	0.0668265528
0	0.0704664989	0.0257149470	0.0123190298	0.0578471039	0.2001705838	0.0210668624	0.1490125744	0.4348127718	0.0000661701	0.0285234579
0	0.0011153864	0.1529429959	0.1457132598	0.0130717765	0.1113702225	0.0014417340	0.4319934062	0.0574221490	0.0849281885	0.0000008812
0	0.0057048861	0.0222023281	0.0000119570	0.0099717895	0.0445644603	0.0009431766	0.0004408375	0.2159133128	0.6925671973	0.0076800547
0	0.0000000000	0.1230484418	0.2795218408	0.2435317361	0.0032831208	0.0268010897	0.0000016728	0.0081021929	0.0958547020	0.2198552031
0	0.0000000088	0.1526050422	0.5343643607	0.0000402346	0.0000000002	0.0005236190	0.2404785892	0.0133873686	0.0555888265	0.0030119503
0	0.0388433144	0.0486544726	0.0135007498	0.0457818236	0.1895509907	0.0007566553	0.2819982754	0.3000889523	0.0808132032	0.0000115627
0	0.0000000000	0.0239357049	0.0953815572	0.0000163936	0.0712183319	0.5939128246	0.0004344629	0.0000007222	0.2055019969	0.0095980056
0	0.0010869060	0.0096976967	0.2328228221	0.0038482818	0.0862683573	0.0102597295	0.5278031777	0.1271983910	0.0009188716	0.0000957663
0	0.0000000000	0.0088512404	0.0334584624	0.0505331556	0.0501038247	0.0352919339	0.0037413655	0.0025030505	0.7821991059	0.0333178611
0	0.0001083237	0.0321696490	0.0113885217	0.7824115592	0.0253488102	0.0412280402	0.0000182537	0.0040731652	0.0741719416	0.0290817355
0	0.0145396165	0.0010255895	0.1591938851	0.0000820394	0.4444257929	0.0384112892	0.0070881913	0.0201580299	0.3003406286	0.0147349375
0	0.4423567708	0.0000441876	0.1833180691	0.0380224344	0.0504364210	0.0941896208	0.0091160585	0.1073376028	0.0000070889	0.0751717461
0	0.0000123174	0.0924973714	0.0037769177	0.0318730937	0.1083566621	0.2132892486	0.0188650920	0.0274064874	0.3041457105	0.1997770990
1	0.0040557153	0.0109393856	0.0318490379	0.0836293989	0.1547196511	0.6330913890	0.0002100388	0.0000000000	0.0735731681	0.0079322152
0	0.0024985779	0.2925832464	0.0134346343	0.0836878092	0.1889522321	0.0000413960	0.1619846596	0.0000849468	0.0956317276	0.1611007702
1	0.1170636001	0.0000213060	0.2455482037	0.0560727138	0.0000000318	0.0009005926	0.0213668468	0.2468159531	0.3122056531	0.0000050989
2	0.0716425703	0.0000032756	0.0173624539	0.0536686583	0.0047993273	0.4304799993	0.0001425750	0.1698105765	0.2494541449	0.0026364191
1	0.0191373696	0.0246506452	0.1666641095	0.0000000000	0.0061245375	0.1081957428	0.0029463956	0.0154544050	0.6527275461	0.0040992487
0	0.0000005757	0.0026227304	0.0148536088	0.2312292911	0.2209733561	0.0000894375	0.0552743041	0.0766562833	0.0001808297	0.3981195832
0	0.0005373039	0.0154983846	0.0295936808	0.0557371432	0.2604788366	0.0028876016	0.0264112824	0.3581957097	0.2506498182	0.0000102390
0	0.0860591212	0.7201729203	0.0000001458	0.0004263021	0.0022737756	0.0000000066	0.0246268683	0.1302078268	0.0014538678	0.0347791656
0	0.0106623820	0.4589682662	0.1110289606	0.1280095491	0.0060209710	0.0000000000	0.0500767196	0.1834202942	0.0199416963	0.0318711610
0	0.0369400525	0.0109581550	0.0045863859	0.0000023801	0.0000004849	0.0098682167	0.8545418509	0.0208080417	0.0112429096	0.0510515228
1	0.0337668290	0.0003197124	0.4409684348	0.4044387011	0.0133498184	0.0079803347	0.0000000348	0.0601004031	0.0279680597	0.0111076721
1	0.0052010803	0.0000098628	0.0030272684	0.0080930659	0.1387632642	0.0121440515	0.0462986687	0.7661627053	0.0181345400	0.0021654929
0	0.0000000000	0.3585681880	0.0553285590	0.0219504183	0.0453401705	0.0000037439	0.1694706241	0.2103438939	0.0009662929	0.1380281095
0	0.2415414316	0.2964414152	0.0000000005	0.0000169263	0.1014723737	0.1207838008	0.0602004686	0.0073052818	0.1412686382	0.0309696632
0	0.0004162302	0.1649345375	0.0281013111	0.0599732565	0.0013027433	0.1757185148	0.0511411839	0.2752867064	0.2430573780	0.0000681382
0	0.0102637683	0.0146364727	0.1236931703	0.0005790170	0.0121354624	0.0000056590	0.0000123991	0.7388114264	0.0872004725	0.0126621525
0	0.0921411825	0.0450343332	0.0630222567	0.4591975568	0.2095421203	0.0625894400	0.0002989600	0.0352917082	0.0314703074	0.0014121348
0	0.0154283351	0.1866643319	0.0000000010	0.0014250274	0.0214567822	0.0020395443	0.0012540047	0.3124881595	0.4589775083	0.0002663055
1	0.0142531548	0.1879202667	0.0264682420	0.0196925105	0.0000001909	0.2862689162	0.0344582568	0.0138618972	0.2983730977	0.1187034671
0	0.0009616499	0.3821943824	0.0004523218	0.0582338223	0.3144802638	0.0288102241	0.0000071965	0.0035605849	0.0940837527	0.1172158016
0	0.0000070081	0.0101284917	0.0002551404	0.0000005020	0.3465357625	0.0006602543	0.2917920298	0.1672361415	0.1665829796	0.0168016900
0	0.0012509688	0.3825098388	0.0000000000	0.0063105086	0.0069091028	0.0046480095	0.0003774924	0.4928457994	0.0942406523	0.0109076275
0	0.0029397618	0.3061422889	0.0000000000	0.0907566308	0.0108932166	0.0326866920	0.2336818829	0.0001985934	0.3087196383	0.0139812952
0	0.0014721605	0.0001260395	0.0027951735	0.2951486170	0.0130122880	0.0257034453	0.0075834221	0.6374769065	0.0104848142	0.0061971334
0	0.0254828497	0.0103352083	0.5585269465	0.0580961856	0.0020689127	0.0163376190	0.0764454379	0.2223215773	0.0300744002	0.0003108628
0	0.3928140514	0.2157327218	0.0000345738	0.0001150653	0.2318060209	0.0030465289	0.0010325552	0.0525520047	0.0384515095	0.0644149685
0	0.0629581992	0.1190908594	0.1949562940	0.0580377006	0.0488182497	0.0583386561	0.0522407201	0.3875567436	0.0180025771	0.0000000002
0	0.0285773673	0.0104449205	0.1589932520	0.0025909709	0.0955782233	0.0593350023	0.0000130539	0.0948022029	0.0333181581	0.5163468488
0	0.0099229899	0.0117551122	0.2466415916	0.0000426376	0.1967353328	0.0761215975	0.0687097134	0.0098015634	0.3121176399	0.0681518217
0	0.0000002614	0.0001107213	0.0092968518	0.1257200684	0.0018581155	0.0141326405	0.0174302106	0.3813040022	0.4080771966	0.0420699317
0	0.0021973681	0.5084798115	0.1149107178	0.0707322956	0.0123568024	0.0027773983	0.0135253424	0.2158709662	0.0477333923	0.0114159054
0	0.0027205023	0.0050998466	0.4798709107	0.0115956558	0.0006413067	0.0000000000	0.0526884744	0.1565942495	0.1226327706	0.1681562833
0	0.0157822329	0.2737214267	0.1990999206	0.0772664463	0.0026136295	0.0105399274	0.2882485681	0.0024947210	0.1302326854	0.0000004422
0	0.0127575920	0.0967939326	0.0680270132	0.1499116885	0.3112099428	0.2280935360	0.0063205500	0.0559663337	0.0603839869	0.0105354243
0	0.1703022599	0.1484422143	0.0112128519	0.0145415267	0.0180896558	0.2334537059	0.0224722114	0.2208108184	0.1605956258	0.0000791300
0	0.0200821449	0.1639548954	0.0086566349	0.0497896664	0.4388664457	0.0080351343	0.0088903294	0.0483443365	0.2533563892	0.0000240233
0	0.0159588304	0.0641749020	0.0001591702	0.0080406408	0.0584146898	0.0060433187	0.0212303055	0.3136295819	0.5086347424	0.0037138182
0	0.0000187979	0.0665039076	0.0138533289	0.1530839053	0.0076439525	0.0011176130	0.0000000005	0.7068491315	0.0028801549	0.0480492080
1	0.0410265348	0.0004987159	0.6590248335	0.0664811548	0.1268255484	0.0048676010	0.0042612368	0.0505630391	0.0392117994	0.0072395363
1	0.0000658714	0.0008358189	0.0665872600	0.0038068648	0.4863388097	0.0765399647	0.0000000000	0.0209451395	0.3209225116	0.0239577595
1	0.1101594528	0.2960127830	0.1294728467	0.0109654038	0.1449283291	0.0164792886	0.0172479207	0.0048470631	0.2352375535	0.0346493587
0	0.0065649803	0.1397130126	0.7982499320	0.0053289338	0.0033850239	0.0000000206	0.0163081938	0.0046643262	0.0256591785	0.0001263982
1	0.0009641270	0.0000256683	0.0022356893	0.0115011408	0.2332704520	0.0444753448	0.0700499133	0.0000019521	0.3978584470	0.2396172653
0	0.0014787753	0.0357932614	0.1079884417	0.0321243355	0.1620872250	0.0195198372	0.1015046657	0.1606934285	0.3729168931	0.0058931364
1	0.0102699877	0.0007851412	0.1597814031	0.6626555952	0.0354961418	0.0035138424	0.0257117890	0.0034829356	0.0359158423	0.0623873216
1	0.0000000084	0.0964470992	0.0656240650	0.2317927764	0.0362308798	0.0396015987	0.2709453548	0.1039639335	0.0751446697	0.0802496144
1	0.0000000000	0.0516620562	0.0000481787	0.0000000000	0.1713347192	0.5174403061	0.0003807602	0.0067642669	0.1296806813	0.1226890315
0	0.0020349420	0.0734853022	0.2424608311	0.0000887613	0.0108481737	0.0165570191	0.0427119949	0.3415801966	0.2198258132	0.0504069659
0	0.0000000111	0.0336060215	0.0000985266	0.0343699605	0.0812770494	0.0680147627	0.0481169301	0.4759657991	0.2559806264	0.0025703126
0	0.0011062257	0.0000000000	0.0292744943	0.7394817584	0.1940140076	0.0012700748	0.0107407231	0.0063187403	0.0031052678	0.0146887080
0	0.0158470940	0.0000000000	0.4096491933	0.0003910796	0.0665459896	0.0116370482	0.0000081817	0.3678284725	0.0958271663	0.0322657749
0	0.0000805672	0.0736203695	0.0000031860	0.4360251286	0.1359098432	0.0180961983	0.2665690644	0.0386240918	0.0266604566	0.0044110943
0	0.0285526853	0.6462165105	0.0000289523	0.0022569357	0.1472659478	0.0021704447	0.0289463836	0.0000000000	0.1070915732	0.0374705668
0	0.0000000002	0.2663749214	0.0917162455	0.3573425260	0.0745737979	0.0058579650	0.0037120262	0.0144535143	0.1859690036	0.0000000000
0	0.0007094153	0.0069964400	0.0000771409	0.0271117254	0.2876417279	0.0000000996	0.1629509150	0.0136184271	0.4881623434	0.0127317654
0	0.0000000793	0.0000000000	0.0805563194	0.0296154146	0.6334371764	0.0077352003	0.0041536242	0.1401564123	0.0384675091	0.0658782645
0	0.1175505533	0.0050006326	0.0225543797	0.1514294563	0.2012525681	0.1314607766	0.1372548525	0.0226086379	0.0877510069	0.1231371361
0	0.0000618295	0.0000003976	0.0638712592	0.0251222765	0.1018712732	0.4495315674	0.1607311679	0.0000000562	0.1478246908	0.0509854816
1	0.0006015243	0.0000000000	0.0626070066	0.5703654190	0.0000680668	0.0000020014	0.0033823212	0.2486573691	0.0673648661	0.0469514256
1	0.0074622229	0.0098476487	0.0150908195	0.0222295204	0.0000000000	0.2438670593	0.0636082452	0.0010420262	0.6368524161	0.0000000418
0	0.1951786457	0.1344616944	0.2126265751	0.0784154474	0.0053899797	0.1269925298	0.0912750757	0.0000000000	0.1449676608	0.0106923913
0	0.0809380039	0.2141079043	0.0518746545	0.0127201980	0.1976949153	0.0000001571	0.0646369066	0.0032006621	0.3400577045	0.0347688938
0	0.0000000001	0.2751306499	0.0111016436	0.0378090141	0.1799991698	0.0315595700	0.0000020393	0.4604723097	0.0000000000	0.0039256034
0	0.0000108456	0.0980856930	0.0382137592	0.0692084596	0.0189110431	0.0000535415	0.2174042002	0.3333585278	0.2238628370	0.0008910930
1	0.0157699924	0.0111476215	0.0000000017	0.0203916973	0.0861315036	0.0021671262	0.0303820019	0.0071392960	0.8268254539	0.0000453056
0	0.0252752464	0.0277601994	0.0393206809	0.3827430050	0.0715994998	0.0012065383	0.0172893591	0.0020781121	0.4007734170	0.0319539420
0	0.2022733003	0.2113272312	0.1976792596	0.0000945656	0.1182728295	0.0093766942	0.0296006570	0.0084455555	0.2229299014	0.0000000056
1	0.0002632462	0.0000000469	0.3061739050	0.0004992091	0.0002146983	0.0192378448	0.0003587003	0.2042906737	0.3993531493	0.0696085264
0	0.0206196268	0.1053808034	0.0158365113	0.5188617505	0.1236950248	0.0015691538	0.0207301506	0.1503926726	0.0004514095	0.0424628968
0	0.0180597006	0.3237249380	0.0631494655	0.0888746232	0.3678225571	0.0084864900	0.0183608403	0.0022143847	0.0413082450	0.0679987555
0	0.1173492730	0.0777680115	0.0050625666	0.3724960478	0.0526608858	0.0838453517	0.0247002329	0.1150452913	0.1496785160	0.0013938236
0	0.0524776806	0.0017857274	0.0000055798	0.0089179849	0.6218656551	0.0318397650	0.0083788130	0.0023722718	0.2723564561	0.0000000663
1	0.0327293409	0.0644466194	0.1119073430	0.3496008458	0.0446674869	0.0501022769	0.2353411303	0.0023400989	0.1088608199	0.0000040379
0	0.0426313659	0.0012622425	0.0585087869	0.0378924797	0.3642872453	0.0011196736	0.0239189356	0.3432959085	0.0091869439	0.1178964181
0	0.0000000000	0.5162247533	0.0809211095	0.0019406855	0.0500401069	0.2683718845	0.0094778383	0.0177712352	0.0550585933	0.0001937934
0	0.0000360451	0.0014932155	0.0058161747	0.0001853386	0.0071817679	0.9075284834	0.0128739182	0.0121337087	0.0366387198	0.0161126281
0	0.0013159339	0.0000000137	0.9734647904	0.0045531360	0.0047847500	0.0014424448	0.0001337925	0.0138633238	0.0004418148	0.0000000001
0	0.0000000538	0.0882769655	0.0247121858	0.5702641276	0.0435363975	0.0000217639	0.2517681757	0.0003043812	0.0056788271	0.0154371218
1	0.2046369341	0.0000178865	0.0003938439	0.0019689607	0.0151175337	0.1089866226	0.0089749056	0.4765003942	0.0568842873	0.1265186314
0	0.0021970895	0.0201978365	0.0678855500	0.0966667335	0.6696776617	0.0061151112	0.0178380935	0.0008288703	0.1171913335	0.0014017203
0	0.0167749024	0.1919083442	0.0000000000	0.4851265802	0.1421891792	0.0167503741	0.0002022545	0.1368749544	0.0101734110	0.0000000000
0	0.0367777337	0.0421864459	0.0713892232	0.1198449056	0.2388196312	0.0002969884	0.1578204268	0.1419195055	0.1385441078	0.0524010318
0	0.0028301604	0.0246271259	0.2959508903	0.4622935458	0.0049941405	0.0000171300	0.0787339567	0.1216804634	0.0000000015	0.0088725855
0	0.0026154072	0.2941951057	0.0000001369	0.0297689799	0.2600943110	0.0958324724	0.1462145059	0.0360796655	0.0939562912	0.0412431244
1	0.0196362316	0.0013314294	0.1647399419	0.1927629647	0.0893070805	0.2003738542	0.0714101980	0.2319845300	0.0000584578	0.0283953117
0	0.0000000053	0.0818916905	0.0275571839	0.0000081484	0.6832756866	0.0000001659	0.0362171358	0.0814654808	0.0895844949	0.0000000081
0	0.0000000086	0.2649251914	0.0789932390	0.0408219250	0.1153271332	0.0657402154	0.0283409518	0.0362275817	0.3302811195	0.0393426343
0	0.0458676054	0.0009762208	0.0660123653	0.3971026669	0.0750750010	0.2217845854	0.0822984369	0.0863677817	0.0242688922	0.0002464444
1	0.0000388019	0.0000889299	0.0000000000	0.0748583095	0.0000014537	0.1171927687	0.0723680083	0.6952147131	0.0363495361	0.0038874788
0	0.0089091599	0.3835261648	0.0003929108	0.0196799991	0.0799191901	0.0933423961	0.0453404304	0.0000954676	0.3546926842	0.0141015970
0	0.0187360462	0.0556482953	0.0432873995	0.0535211466	0.0261026756	0.0697938782	0.0045182958	0.0122250729	0.7025315287	0.0136356613
0	0.0000000000	0.0066517673	0.0706519129	0.0021258650	0.1207862531	0.0003053854	0.0019872634	0.0004258782	0.7706839362	0.0263817385
0	0.1472958281	0.0381737588	0.0045707972	0.1476481197	0.2295433977	0.1344741252	0.0046292478	0.0682702104	0.2162134647	0.0091810503
0	0.0289006661	0.0737482173	0.0365158205	0.5906441378	0.0821911449	0.1093811043	0.0306548569	0.0248200805	0.0010977076	0.0220462641
0	0.0036286878	0.8112454661	0.0094308126	0.0000162778	0.1157184960	0.0000400645	0.0000409168	0.0065412533	0.0070366368	0.0463013883
0	0.0001243411	0.0090283388	0.0123353910	0.0844629432	0.0000638820	0.0060850008	0.0000004261	0.0663335414	0.8205710226	0.0009951130
1	0.0431574913	0.1561639933	0.0346053188	0.0078277820	0.0000003901	0.6344841202	0.0072764222	0.0541236725	0.0421324687	0.0202283408
0	0.0026479570	0.0000860560	0.7619976086	0.0374506154	0.0069907729	0.0047127202	0.0392665684	0.1261174658	0.0157208313	0.0050094044
0	0.0445854213	0.1619321430	0.0059357337	0.1092199261	0.0000019896	0.0772055470	0.0184671539	0.1058521532	0.2362052750	0.2405946571
0	0.0203616208	0.0239490973	0.0907047617	0.1137656047	0.4481215873	0.0868299621	0.0007028336	0.0000019274	0.2114426293	0.0041199758
0	0.6042858357	0.0262545424	0.0311129978	0.0132974439	0.0920503702	0.0257020766	0.1404589110	0.0135184882	0.0420820119	0.0112373222
0	0.0000000004	0.1310128546	0.1254823617	0.1842574048	0.4665584351	0.0634878994	0.0000000000	0.0030977850	0.0156753996	0.0104278594
0	0.0094251840	0.0140310286	0.0058283063	0.0238683154	0.0063173877	0.0041352319	0.0076301774	0.0835789732	0.0000000001	0.8451853955
1	0.0544439777	0.0163867571	0.0751823918	0.1343452330	0.0013052342	0.0153791015	0.0461386622	0.0016304185	0.6551882200	0.0000000039
0	0.0011774608	0.2351784052	0.0000000018	0.0537651797	0.0174873389	0.0227845124	0.0618367046	0.3674125417	0.1917557169	0.0486021380
1	0.0248394375	0.1004438741	0.2005392220	0.2473678033	0.0667903903	0.0129773930	0.0000739507	0.2280254162	0.1164567682	0.0024857449
0	0.0022177283	0.4290293903	0.0036700546	0.0933672341	0.1818564366	0.0000000000	0.0820539677	0.0482160451	0.0001823756	0.1594067677
0	0.0709390863	0.1271564538	0.0179133763	0.0048002211	0.0341471234	0.0786829771	0.2405333398	0.1464643740	0.2793591974	0.0000038509
1	0.0060226848	0.0032326267	0.0158775923	0.0087575332	0.0436929449	0.3928526127	0.0526235388	0.2086599756	0.2142485986	0.0540318924
0	0.0006042346	0.4626915082	0.0626026678	0.0531477748	0.0418384406	0.0979306778	0.0825285855	0.0471596563	0.1374047222	0.0140917322
0	0.0097489286	0.0277036214	0.1111787601	0.1370118176	0.4891096241	0.0379019677	0.0000000000	0.0732908395	0.1108847126	0.0031697285
0	0.0096846992	0.0040950341	0.0023654577	0.0331654384	0.0457897725	0.0831930933	0.0002625846	0.1126769267	0.6926017016	0.0161652919
0	0.1421962053	0.0987689491	0.0038277498	0.0000098942	0.0386727663	0.0409304653	0.3272455469	0.1144337761	0.0000000000	0.2339146470
0	0.0002389493	0.3604442381	0.0000905844	0.0193269077	0.1053018773	0.0000146839	0.0045561433	0.1264650523	0.3827094333	0.0008521303
0	0.0651838523	0.1013539371	0.0024911076	0.2628251094	0.0002462565	0.0000539735	0.0553126401	0.0196210339	0.0296406776	0.4632714119
1	0.0011662419	0.0713643686	0.0069989050	0.0579903356	0.0001559295	0.0662541682	0.0020593676	0.0129479830	0.7663760356	0.0146866651
0	0.0002984015	0.1231677898	0.1346696602	0.0528923102	0.0139857321	0.0040192991	0.0018001348	0.0367335140	0.1659958655	0.4664372927
1	0.0119225753	0.0000017890	0.0459836833	0.0233910976	0.1181137758	0.0036090345	0.1300414760	0.1431176384	0.1838600879	0.3399588422
1	0.0000000000	0.0196266733	0.0072028205	0.1171204604	0.0996248360	0.1283687387	0.0477887277	0.0032557149	0.5770120285	0.0000000000
1	0.5050881623	0.0000006760	0.0477385807	0.0203237942	0.0010436075	0.0966742493	0.0000182132	0.2697423620	0.0590970387	0.0002733162
0	0.0001190212	0.3615923483	0.0905975734	0.0138075472	0.2081484912	0.0675529762	0.0000000000	0.0691655815	0.1156902714	0.0733261897
0	0.0000430674	0.0686144124	0.0255870783	0.1439836826	0.1796472984	0.0040732907	0.0078834077	0.0036694021	0.5092849098	0.0572134505
0	0.0342306088	0.0000006402	0.0000000221	0.2841870646	0.0330211061	0.0000000010	0.0005568823	0.0870393933	0.5600101456	0.0009541360
1	0.1608480644	0.0193529900	0.5265563045	0.0736501417	0.0194316028	0.0032878099	0.0916554317	0.0431067044	0.0620362657	0.0000746850
0	0.1774675681	0.1252067133	0.1794302897	0.0000019866	0.0586742071	0.0000000001	0.0102731754	0.1910966396	0.2482518121	0.0095976080
0	0.0000000000	0.1712734587	0.0825437224	0.1087212392	0.1367359995	0.0000000007	0.3065964131	0.1119488156	0.0793782867	0.0028020641
0	0.0080429747	0.0000000006	0.0746773314	0.1961705073	0.0268328632	0.0000000213	0.0205389330	0.0109037999	0.6254389832	0.0373945854
0	0.0003119810	0.3702409393	0.0070614611	0.0163021749	0.3671755427	0.0112082584	0.0978729186	0.0081778377	0.0654222248	0.0562266616
0	0.0006348758	0.0012210679	0.0023986925	0.1461911017	0.0074896483	0.0000000014	0.0120696301	0.1397269399	0.6595257095	0.0307423329
0	0.0000000145	0.0669777727	0.3182534018	0.1876401570	0.0264901703	0.0000176689	0.1033823818	0.1690081601	0.1171246756	0.0111055974
0	0.0282138627	0.0308758381	0.1397855828	0.1774821920	0.2594446498	0.0672348222	0.0173603136	0.2241143742	0.0152619117	0.0402264528
1	0.0031587427	0.1228028608	0.1921760481	0.0503112672	0.0000013316	0.4327115066	0.1506546201	0.0102733780	0.0260283436	0.0118819013
0	0.1066509291	0.2120733964	0.0640389321	0.0639065817	0.2678128103	0.0010667954	0.0003048098	0.2722237716	0.0041070150	0.0078149586
1	0.0369011239	0.0000000003	0.0501174240	0.0275584465	0.3035513704	0.3172208763	0.0202850073	0.0497387861	0.1937637688	0.0008631964
0	0.0366269141	0.0110348122	0.1456809330	0.5173485916	0.0648817359	0.0474462126	0.0001621726	0.1537827760	0.0042792041	0.0187566479
1	0.0388236602	0.0129982749	0.3254865220	0.1248776480	0.0313074345	0.4650496226	0.0000000000	0.0007268604	0.0003734649	0.0003565125
0	0.0000423224	0.1089170311	0.0468503374	0.6361506909	0.0116935327	0.0840427216	0.0074160325	0.0119341242	0.0276729509	0.0652802562
0	0.0000000180	0.0237934976	0.0126526156	0.8310420855	0.0364715243	0.0742071860	0.0056622026	0.0125284464	0.0000000397	0.0036423843
0	0.0001221375	0.0035083934	0.0363567034	0.0512370457	0.0529650890	0.0031919224	0.0537755071	0.2539059421	0.1146148461	0.4303224132
0	0.0638067504	0.0943285132	0.1921897238	0.0959360248	0.0003466289	0.0016088280	0.0000001637	0.4776494813	0.0740715990	0.0000622869
0	0.0065433724	0.0323658767	0.0076226410	0.0386697076	0.1045278623	0.3927658796	0.0209655494	0.0184396648	0.3679068966	0.0101925496
0	0.0074664757	0.0438116715	0.1919016759	0.5645999956	0.0645675163	0.0000001053	0.0472103954	0.0029938525	0.0774483106	0.0000000012
0	0.0211177776	0.0943260905	0.0001400345	0.5581904859	0.0547143714	0.0128332576	0.0014115063	0.0715511276	0.1462384167	0.0394769319
1	0.0022411968	0.0401786593	0.0491885764	0.0959223793	0.0000000591	0.0091676441	0.0009775006	0.0470653737	0.7467148106	0.0085438000
0	0.0042496391	0.0001267712	0.0549761575	0.2586377699	0.0094938529	0.0000000006	0.1142656211	0.1964153652	0.3618345813	0.0000002412
0	0.0000099352	0.0642194601	0.0006807535	0.1870725723	0.2948899805	0.0261766477	0.1930555496	0.1564205815	0.0745531032	0.0029214164
0	0.0081664600	0.0844024079	0.0001338639	0.0000358045	0.1233249048	0.1917628694	0.0310554740	0.4195235807	0.1411806316	0.0004140032
0	0.0058610062	0.1954775688	0.0449401341	0.3943626867	0.0058515200	0.1497649078	0.0130502420	0.1598705413	0.0308213931	0.0000000000
0	0.0246025583	0.0659875401	0.0436469011	0.2249748191	0.1446293972	0.0000293012	0.0000000050	0.0276491905	0.4684801540	0.0000001335
0	0.0002489806	0.2105314882	0.0584590926	0.4688746530	0.0000479057	0.0000000035	0.0000000437	0.1428978485	0.1186263451	0.0003136391
0	0.0105542909	0.0000000000	0.0125425864	0.0235131587	0.1189928266	0.2208892369	0.0313826857	0.0011392875	0.5751562909	0.0058296364
0	0.0011589847	0.0124738057	0.1713667867	0.7161538390	0.0244009475	0.0000084394	0.0001098531	0.0242336510	0.0500936418	0.0000000511
0	0.0086902688	0.2952889533	0.0381653593	0.4223193011	0.0077518769	0.0201324039	0.0690785600	0.0464690543	0.0000041135	0.0921001088
0	0.0001032252	0.4533839274	0.1045325739	0.0977335448	0.0388392588	0.0139191990	0.0859840791	0.0663737198	0.0538854952	0.0852449769
0	0.0012251567	0.2242682272	0.0000000000	0.3043279734	0.1428086812	0.0561673310	0.0709260825	0.1460506100	0.0530268860	0.0011990521
0	0.0050439061	0.0117799002	0.2416449950	0.0227676820	0.2133466213	0.0286935051	0.2043981130	0.0008298922	0.2669333723	0.0045620127
1	0.0009470376	0.0166209738	0.5399855747	0.1734689885	0.0266306078	0.0859577310	0.0295942014	0.0376719428	0.0891229188	0.0000000236
0	0.0000000559	0.1637236087	0.1500836601	0.1375054816	0.0012202088	0.3214618292	0.0098929918	0.1073355546	0.1080300197	0.0007465897
0	0.0015082383	0.1650580313	0.0013230493	0.1325892073	0.0196380793	0.0036419772	0.0556549215	0.0054670319	0.0425496711	0.5725697926
1	0.3594053416	0.0168029311	0.0703557657	0.1524570307	0.0009539243	0.1658347511	0.0025016119	0.2197770157	0.0106131782	0.0012984496
1	0.0004032883	0.1479884824	0.2222421105	0.0081401066	0.0007063436	0.0608648522	0.1167022170	0.2034959247	0.2393808433	0.0000758314
0	0.0049152199	0.1934134027	0.0405023647	0.2174058675	0.2364849196	0.0006879891	0.0940058648	0.0014837190	0.1773798336	0.0337208192
0	0.0357044001	0.0103108659	0.4350878411	0.0127101639	0.0641148182	0.0481828692	0.0625238451	0.0994671814	0.0309156130	0.2009824023
0	0.0741915664	0.3786544009	0.1938633896	0.1611106057	0.0000000276	0.0065783157	0.0274353782	0.1526425359	0.0055188099	0.0000049699
0	0.0060922888	0.0016152969	0.2393665788	0.0299120242	0.5021092954	0.0379407649	0.0000000000	0.0024704630	0.1403266536	0.0401666343
1	0.0286476202	0.0000000001	0.0192937659	0.0963817653	0.3883606712	0.0001803299	0.0055832061	0.0396995280	0.4218487810	0.0000043322
0	0.0082984885	0.0838935314	0.0449438337	0.1030849251	0.0320047303	0.0000082636	0.0050581049	0.0464585162	0.6754501614	0.0007994449
0	0.1182384415	0.0514563116	0.1173922868	0.3187380087	0.0018561928	0.0338842991	0.1603788492	0.1030287623	0.0950268143	0.0000000337
0	0.0170198786	0.5474423851	0.0265412429	0.1095160824	0.1470308743	0.0922076834	0.0067381524	0.0277959619	0.0000001332	0.0257076057
0	0.0057818103	0.4043576105	0.0398114627	0.0546635978	0.0000000019	0.0105558133	0.0902536593	0.0055373722	0.0801674249	0.3088712471
0	0.0024492708	0.4557525376	0.0000026299	0.1167257546	0.3437437198	0.0010086110	0.0210701813	0.0054862335	0.0340888750	0.0196721864
0	0.0312142226	0.0329053607	0.0174259175	0.1444579769	0.4778874301	0.1323497047	0.0000000074	0.0050518059	0.1586994762	0.0000080980
0	0.3312461015	0.1417214938	0.0223879459	0.0017799683	0.3782802056	0.0083486651	0.0474317833	0.0234856235	0.0120897048	0.0332285082
1	0.0012701625	0.0003600670	0.4883252624	0.0425709715	0.0380402127	0.2564465070	0.0197245587	0.0968577653	0.0563943953	0.0000100976
0	0.0000000000	0.1341548353	0.0134551775	0.0180332336	0.0448407129	0.0000270949	0.3584509177	0.0100897603	0.4209482676	0.0000000001
0	0.0000000000	0.0023726065	0.0015417161	0.1082237443	0.0344828560	0.0080221943	0.0000066220	0.5457573103	0.2616620652	0.0379308855
0	0.0331682045	0.0341679590	0.1884039854	0.0784579652	0.0458800816	0.0000849254	0.0183870950	0.5324860562	0.0006522228	0.0683115048
0	0.1867427093	0.0042492741	0.1668063012	0.0779048872	0.0773313980	0.1894070859	0.0545333451	0.0030197365	0.2379625061	0.0020427567
0	0.0000003062	0.0562352376	0.0086114063	0.5345848413	0.0781370946	0.0087079932	0.0017543918	0.0042028732	0.1803375507	0.1274283050
1	0.0001389996	0.0006727043	0.6175317762	0.0004350410	0.0011172845	0.3745199870	0.0000000001	0.0007131928	0.0048709878	0.0000000267
1	0.0000042914	0.0164549245	0.0000014819	0.0352870771	0.0040698211	0.1299332452	0.0078745341	0.3109741215	0.3842549839	0.1111455193
0	0.0088394863	0.0360159832	0.0772867734	0.0290759674	0.6334136776	0.0420504245	0.1022162046	0.0411178236	0.0266120203	0.0033716391
0	0.0000068425	0.5840808987	0.0004211636	0.0015946680	0.2018914352	0.0139277742	0.0921584103	0.0768596242	0.0290591833	0.0000000000
0	0.1671624015	0.3034292533	0.0541650612	0.0000000014	0.0255296147	0.0077540427	0.0124154480	0.4000870202	0.0294535680	0.0000035888
0	0.0326097886	0.0104225086	0.0420546147	0.5044169395	0.0006461934	0.0455446206	0.0071734683	0.0384368659	0.0224309765	0.2962640239
0	0.0012515229	0.7933455402	0.1198942284	0.0163559385	0.0041430475	0.0000942786	0.0261717498	0.0184441050	0.0121066025	0.0081929866
0	0.0409649106	0.0061730613	0.1848852279	0.1879922505	0.0105664907	0.4682304304	0.0182810560	0.0001311796	0.0731760223	0.0095993706
0	0.0032083204	0.9035948317	0.0393476003	0.0036578531	0.0054903258	0.0020206029	0.0245479819	0.0105078873	0.0076201021	0.0000044947
0	0.1188716937	0.0666590818	0.0008713435	0.0758471904	0.3273564278	0.0288925441	0.3351332415	0.0440363484	0.0022530890	0.0000790399
1	0.0073216711	0.1716126825	0.0884993501	0.0883426958	0.2398227699	0.1964719772	0.0058552758	0.0726635986	0.0129870827	0.1164228963
1	0.0000004294	0.0321341115	0.1094457294	0.0000000001	0.0847064265	0.0001088743	0.1385024405	0.2516627776	0.3542830302	0.0291561805
0	0.0154574882	0.0688424846	0.0090559223	0.0113763449	0.6195006574	0.0055716645	0.0344467828	0.2226444431	0.0034150945	0.0096891176
0	0.0001696209	0.1863158623	0.4043693033	0.1451555716	0.0807657872	0.0406829564	0.0006153032	0.0324448372	0.1094639118	0.0000168461
0	0.0004567426	0.0094140274	0.2555649015	0.0150637814	0.0519118936	0.0118177180	0.1166057236	0.0388763006	0.1361039695	0.3641849417
2	0.0244435988	0.0000000000	0.5597251690	0.0145464933	0.0001606288	0.0521905842	0.0000000000	0.1033983403	0.2396647913	0.0058703942
0	0.0000003125	0.0069914526	0.0110638710	0.0732178222	0.0303326065	0.0002057061	0.4820449603	0.2113602410	0.1831347981	0.0016482297
0	0.0000000624	0.0156449991	0.2916446220	0.1760088246	0.0409019357	0.0000074758	0.0070381716	0.4388175643	0.0182337663	0.0117025782
1	0.0000000000	0.0443053049	0.0501768644	0.2721234341	0.0320167306	0.0041705762	0.0000477146	0.4369349348	0.1139393562	0.0462850843
1	0.0074146682	0.0094379674	0.0672614696	0.0104899566	0.0019282906	0.0262783827	0.0000000163	0.1832427262	0.6937183938	0.0002281286
0	0.3491513964	0.0124452364	0.1439283350	0.0000074544	0.0000000000	0.0033114071	0.2078296057	0.0354656683	0.0188267557	0.2290341410
0	0.0494329966	0.3412925726	0.3837343541	0.0960232832	0.0708698752	0.0232852066	0.0000066714	0.0302567697	0.0050980023	0.0000002682
0	0.0000040987	0.2754485376	0.1924626642	0.1554287366	0.0772633321	0.0667113024	0.0458813143	0.0636427851	0.0028466542	0.1203105749
0	0.0115799185	0.0309928218	0.0410704931	0.0070226093	0.4411674217	0.0013041617	0.0604412575	0.3480786597	0.0270556894	0.0312869673
0	0.0292183907	0.0003180612	0.0032989831	0.0039823457	0.0028811251	0.0190681241	0.2261199821	0.4052698079	0.2671917670	0.0426514130
0	0.0153873173	0.0290210779	0.0062238411	0.1801079049	0.0618156074	0.2236810159	0.0295620645	0.2485113279	0.1540896503	0.0516001928
1	0.0000000000	0.0006415463	0.0523841165	0.1013446286	0.0535932241	0.0442417844	0.0003570232	0.2210027161	0.2481322182	0.2783027427
0	0.0000463045	0.0077998993	0.0031049784	0.0102419403	0.0000442317	0.0045216169	0.0068279129	0.0019438270	0.9602406595	0.0052286296
0	0.0000000514	0.3821516764	0.0021660632	0.0024509251	0.2319881357	0.0000217749	0.0799833437	0.2096857281	0.0915523006	0.0000000008
1	0.0123899349	0.0019252463	0.7477475570	0.0056501995	0.0913639469	0.0237647570	0.0000667890	0.0257462496	0.0215511299	0.0697941899
0	0.0850364234	0.1736584850	0.0782225704	0.3809631869	0.0226250064	0.0366710621	0.0058571562	0.1406327889	0.0734039767	0.0029293441
0	0.0532302540	0.0381313903	0.0006164467	0.2928751856	0.0606690758	0.1306273921	0.0469550577	0.3513392080	0.0247984383	0.0007575515
0	0.0016652658	0.1009180926	0.0422159756	0.0845682740	0.0146935913	0.0000000000	0.0106000546	0.1158508712	0.6099378814	0.0195499935
0	0.0005055472	0.0087223862	0.1833185706	0.0335850092	0.2336692546	0.0389773873	0.0000006557	0.3582243375	0.1420069479	0.0009899039
0	0.0007679212	0.3650420275	0.0135895020	0.4400751828	0.0002663652	0.0000000205	0.0003236764	0.1697871050	0.0101259402	0.0000222592
0	0.0278923430	0.0063390512	0.0175312663	0.0209674893	0.0777059840	0.1083637088	0.2128401030	0.1235615722	0.4047984237	0.0000000584
1	0.0008567106	0.0036285096	0.3844995472	0.0172288024	0.0309360429	0.0312064670	0.0000004481	0.4929349902	0.0382317936	0.0004766884
0	0.0000456816	0.0907703490	0.0411507851	0.0947161694	0.3184089008	0.2005996973	0.0089071207	0.0348670325	0.2022346170	0.0082996467
0	0.2345979948	0.0035177518	0.1704916193	0.1094011572	0.1533573031	0.0005583053	0.0001008884	0.1805537731	0.1474178832	0.0000033237
0	0.0000028104	0.0470592727	0.0799729779	0.0026835943	0.0318484741	0.0000000009	0.0000000000	0.0621946392	0.7255651066	0.0506731241
0	0.0658720847	0.0000824740	0.0815294923	0.6639938384	0.1202323669	0.0460138290	0.0014287554	0.0194101778	0.0000000000	0.0014369815
0	0.0414822822	0.0409316484	0.5053734068	0.2117336363	0.1229778419	0.0000014526	0.0724965347	0.0007279218	0.0000865206	0.0041887547
0	0.0539900549	0.0010523298	0.3732912203	0.0015070433	0.0767382668	0.0663497582	0.0244956526	0.0035842982	0.0056830672	0.3933083087
1	0.0216025771	0.0221651546	0.0003172315	0.1406472828	0.1052723839	0.4340509708	0.1339405353	0.0189138544	0.0418760041	0.0812140054
0	0.0000001045	0.2274734166	0.0000000085	0.0277690270	0.3903772161	0.0271908045	0.1493367462	0.0050021815	0.1617080314	0.0111424638
0	0.0000001876	0.1949971483	0.0272388983	0.1804988075	0.4213983772	0.0266421508	0.0096693448	0.1233196530	0.0161998124	0.0000356203
0	0.0196905324	0.0535991636	0.2119992075	0.0687399659	0.0750798216	0.1669265460	0.0609265059	0.0809701111	0.1024031746	0.1596649712
0	0.0285147209	0.7020719280	0.0122157907	0.0055810902	0.0000115162	0.0044840925	0.0002892123	0.0634087146	0.1004629569	0.0829599776
0	0.0008230487	0.2901670184	0.0875814608	0.1687407619	0.3388972578	0.0079187569	0.1054109212	0.0004603326	0.0000000000	0.0000004417
0	0.0122374333	0.0508107844	0.0047434643	0.2074324460	0.0576210939	0.0838449984	0.0767218656	0.4316250492	0.0692065119	0.0057563530
