0	0.0000124874	0.0000000757	0.1230820504	0.0378799696	0.0082947325	0.0000082072	0.1518081931	0.0784937811	0.6004205030	0.0000000001
0	0.0004467061	0.0400348284	0.0485371093	0.0693909680	0.0030369329	0.1496052924	0.0706551300	0.0401900721	0.5708723713	0.0072305895
0	0.0907969245	0.0200657424	0.0000000000	0.0492705303	0.0260227293	0.1119838483	0.0011834074	0.0264079146	0.6713711221	0.0028977812
0	0.1208016986	0.0000008863	0.0060470998	0.0031864238	0.0222351736	0.0582212160	0.0289793909	0.0208250262	0.7397030844	0.0000000004
1	0.0042726658	0.5181527751	0.0065809640	0.0407507301	0.0005072817	0.0002934442	0.3608975160	0.0684076122	0.0001224893	0.0000145216
0	0.0313871591	0.0021820470	0.0661978781	0.0653448240	0.0007152907	0.0028988133	0.0002603204	0.0281259552	0.6456385400	0.1572491723
0	0.0656421358	0.0127379223	0.0041643323	0.0826235248	0.0028068509	0.0454189060	0.0860056908	0.5760097670	0.0585884060	0.0660024642
0	0.0203928384	0.0657256351	0.0009538098	0.5983977976	0.2089700660	0.0085535124	0.0000000000	0.0698835974	0.0157556933	0.0113670501
1	0.0000000000	0.0012050227	0.0749407213	0.5037973533	0.0087353702	0.0001684871	0.0104496893	0.0039713975	0.3966317502	0.0001002084
1	0.0001673779	0.0000267163	0.2152613424	0.3841642209	0.1198426378	0.0280478057	0.0153389403	0.0174935064	0.2196550052	0.0000024470
0	0.0018424827	0.0914262851	0.0024557012	0.0622172923	0.8144547522	0.0001763475	0.0068109982	0.0041790875	0.0010309425	0.0154061108
1	0.0049497168	0.0002621649	0.1752775528	0.0022474113	0.3562480748	0.0000128210	0.1668912283	0.1064530472	0.1868501750	0.0008078079
0	0.0410122716	0.1374407871	0.0357835786	0.0919395917	0.0023253035	0.0044577505	0.0027173184	0.4077732565	0.1369622930	0.1395878491
0	0.0004199535	0.5108182594	0.0082764953	0.0016211303	0.0023476701	0.0000244085	0.0000020846	0.0041521816	0.4695863349	0.0027514817
0	0.1930420973	0.0243611448	0.0668283821	0.3340290457	0.0028385301	0.1054573003	0.0170158213	0.1396868377	0.1145026061	0.0022382347
0	0.0000000000	0.1163345577	0.0000000435	0.6351390482	0.0682288475	0.1082442367	0.0283780911	0.0080109751	0.0356642002	0.0000000000
0	0.0012427230	0.0004824803	0.0858246505	0.6053423907	0.0154626635	0.0024591098	0.0160584437	0.2132308349	0.0216188902	0.0382778135
0	0.0000000000	0.0080398482	0.6148119862	0.0632356713	0.0061684694	0.1997532626	0.0030112273	0.0119872373	0.0000000000	0.0929922978
0	0.0187617654	0.0215772319	0.0448176514	0.0097544318	0.1595219944	0.0000355604	0.0005582959	0.7430407112	0.0019320106	0.0000003472
0	0.0004095341	0.0939657165	0.0391921730	0.3554925331	0.3232736406	0.0649645178	0.0000016472	0.0924305335	0.0092450646	0.0210246396
1	0.0142320937	0.0105680420	0.5438940316	0.0276307297	0.0664067681	0.0089314490	0.1619345329	0.0251620411	0.1116919326	0.0295483793
0	0.0488160809	0.3310109795	0.0000000000	0.1004871296	0.0255000728	0.0389379259	0.0272446063	0.4190531655	0.0055826987	0.0033673408
0	0.0092948528	0.0140723445	0.1407833677	0.2682534946	0.0007729016	0.0103266613	0.0000049567	0.0010089501	0.5495832040	0.0058992667
1	0.0000000050	0.0000007282	0.5644922911	0.2114613088	0.0005623722	0.0000000000	0.0247396929	0.1704699629	0.0068785343	0.0213951046
0	0.0084393162	0.4915044137	0.0020393932	0.1543930523	0.0122090103	0.0713366515	0.1800568617	0.0315912790	0.0273043014	0.0211257208
0	0.0931060885	0.0246249405	0.0974321879	0.0247897703	0.0000003227	0.0019672548	0.0011022919	0.0051750143	0.7465188990	0.0052832301
0	0.0000000014	0.0712094977	0.3406689874	0.0865985199	0.0793332230	0.0000000001	0.0854428137	0.1321347075	0.2029577664	0.0016544830
0	0.0253309623	0.1963966546	0.0123209189	0.0293602858	0.1084849433	0.1325598776	0.1073372719	0.1879279251	0.1193346033	0.0809465572
0	0.0041864640	0.0791451917	0.0583986177	0.1841666360	0.1185234457	0.0825186843	0.1400354399	0.2348287145	0.0391951352	0.0590016711
1	0.0587044144	0.0022410444	0.3858372632	0.0764360225	0.1625365009	0.0000000000	0.0219885089	0.0220731300	0.2698461009	0.0003370150
0	0.0151172208	0.0335442232	0.3326568011	0.1722257606	0.0086817192	0.0506154528	0.0008604176	0.2659063255	0.0674982711	0.0528938081
0	0.0006561601	0.2034796653	0.0116808088	0.0455610940	0.0047321900	0.0328061745	0.5949376941	0.0061501924	0.0997997486	0.0001962723
0	0.0000000000	0.0151549308	0.0402487903	0.0030581412	0.1236675475	0.0243799028	0.5025370840	0.2798034018	0.0000245467	0.0111256550
0	0.0490850669	0.1255245941	0.0112348403	0.5989312785	0.0051060438	0.0000851717	0.0549664831	0.0650167010	0.0740355846	0.0160142362
0	0.0064995146	0.0541899572	0.0230236470	0.3223192323	0.0024738722	0.0001015920	0.0062454431	0.4152264391	0.1699203003	0.0000000022
0	0.0154099234	0.0080334622	0.0015430349	0.4891203250	0.1191321980	0.0255474935	0.0018277205	0.0047460060	0.3344724146	0.0001674220
0	0.0132750870	0.0860212668	0.1797034422	0.0430269838	0.0050853210	0.0209532783	0.1998874244	0.1135404428	0.3352956334	0.0032111203
1	0.0000001191	0.0208285881	0.6358575756	0.0931481564	0.0821596849	0.0048960011	0.0116903036	0.0300533701	0.0383717277	0.0829944734
0	0.0243830061	0.0116961808	0.0634992587	0.2839200019	0.2995437241	0.0009330702	0.1085838555	0.0646227340	0.0080180621	0.1348001066
0	0.0026842870	0.0097848583	0.1958061827	0.1098816507	0.1327550615	0.0000000001	0.0178057902	0.3907220713	0.1386395371	0.0019205610
0	0.0000001496	0.0000000037	0.0144069730	0.0613448918	0.0044852422	0.0000000931	0.3228546109	0.0351713600	0.4007897264	0.1609469491
0	0.0001416298	0.2237086224	0.0023986286	0.0711509205	0.0603467409	0.2328477350	0.1530081201	0.0959398875	0.0698446418	0.0906130734
1	0.0000002295	0.0348868957	0.0001768279	0.4689928255	0.0000000000	0.1199455528	0.1329751682	0.0433807899	0.1994463184	0.0001953921
0	0.0000000000	0.0405939762	0.0052958999	0.0092770058	0.0671347135	0.0400059442	0.2934995157	0.5183490094	0.0068598141	0.0189841212
0	0.0206217354	0.0337060876	0.0036198147	0.1871603789	0.2546723054	0.0064361138	0.2548059807	0.0000002636	0.2292924733	0.0096848466
0	0.0233806271	0.1179992550	0.0378206324	0.0290117396	0.0113554851	0.0289205893	0.0489892540	0.6143843595	0.0602813478	0.0278567101
0	0.0076335770	0.0676409732	0.0035411872	0.0363836578	0.0166353565	0.0139713056	0.0595989845	0.7856884167	0.0073577557	0.0015487858
0	0.0069969044	0.0003908425	0.0000000000	0.1172958374	0.8011907246	0.0000001340	0.0717421606	0.0005417434	0.0018416531	0.0000000000
0	0.0001054726	0.0174025633	0.0055264049	0.2150499991	0.0005399439	0.0131692345	0.2169214283	0.4328836920	0.0893033916	0.0090978699
0	0.0000374109	0.0180559250	0.0705672274	0.1107744609	0.0248350664	0.6277559714	0.0482305489	0.0108060817	0.0179303083	0.0710069989
0	0.0019727704	0.1149610642	0.0248386238	0.0620201490	0.1032505171	0.0054732545	0.0000000000	0.4899861027	0.1792405815	0.0182569369
0	0.1470933980	0.0496437691	0.3318355024	0.1320514063	0.0061321265	0.0000000022	0.0164823296	0.1035521066	0.1831003353	0.0301090241
0	0.0000996536	0.0847411959	0.0628022212	0.1903226219	0.0259250701	0.3661374629	0.0013089249	0.0209253862	0.2232820467	0.0244554167
0	0.0108002576	0.1725495869	0.0274322692	0.1748525929	0.0000177492	0.0000089316	0.5415393899	0.0336902746	0.0390539815	0.0000549667
1	0.0000000010	0.0015124345	0.6599949059	0.0041464624	0.0021045631	0.0000000000	0.0141623772	0.0067830831	0.2878999475	0.0233962254
0	0.0016079147	0.0285436220	0.0000000000	0.1823196387	0.0000007283	0.0008615024	0.0071267116	0.4640547938	0.3036660676	0.0118190209
0	0.0000124143	0.0278624576	0.0009956453	0.0478193572	0.0707402022	0.0000001413	0.0090429504	0.7303632294	0.0662914498	0.0468721524
0	0.0000010290	0.0091981502	0.0029636136	0.3132008850	0.0001403162	0.1491291148	0.0689090196	0.1079110979	0.3474261657	0.0011206080
1	0.0121265513	0.0861729471	0.3687914280	0.0767812699	0.1492281510	0.0018117487	0.0019514339	0.1130786998	0.1900577704	0.0000000000
0	0.5429668009	0.2742989885	0.0000993568	0.0112424300	0.0091302098	0.0017136122	0.0002464605	0.1549957224	0.0047200915	0.0005863273
0	0.0000000088	0.1126582212	0.0828649569	0.0035686341	0.5862209576	0.0000000000	0.0144275279	0.0492406992	0.1204252023	0.0305937920
1	0.0029904230	0.0113007622	0.5099365174	0.1157626892	0.0482278293	0.0244829902	0.1440226746	0.1221711252	0.0211049441	0.0000000447
1	0.0588243991	0.0303977387	0.0415453267	0.0161508151	0.0231334429	0.0000065289	0.0362680528	0.2159496627	0.4382484253	0.1394756079
1	0.0000041443	0.0068913836	0.0313402562	0.0760376707	0.0255527740	0.0006590864	0.0163294313	0.0000026290	0.8382699675	0.0049126570
0	0.0549141336	0.0000056496	0.2799563811	0.0018735479	0.3761397977	0.0000000447	0.0028828046	0.0167136500	0.2175284434	0.0499855473
0	0.0032454740	0.0001592278	0.0358655895	0.0228793255	0.0340944221	0.5707989946	0.0359235714	0.2111317375	0.0149674271	0.0709342306
0	0.0071494541	0.0000000000	0.6270333642	0.0294643193	0.0031952462	0.0000000001	0.0079573960	0.2532399337	0.0046345798	0.0673257066
0	0.0013538702	0.0973377725	0.0000000317	0.0782354611	0.2080924925	0.0392407517	0.0377885678	0.4986908114	0.0292615018	0.0099987393
1	0.0001402625	0.0060925486	0.3268759021	0.5753608288	0.0051350778	0.0000000000	0.0000106551	0.0483079150	0.0334839524	0.0045928578
0	0.0756274347	0.0409715419	0.0184194813	0.3041132019	0.0115378595	0.1934598879	0.0913222576	0.2632184740	0.0011268495	0.0002030117
1	0.0034091665	0.0029444487	0.6918820790	0.0704678300	0.0164754238	0.0003490601	0.0331054424	0.0971941137	0.0413747386	0.0427976973
1	0.0000000000	0.2190945706	0.1693643335	0.4617862475	0.0009883809	0.0000000000	0.0157322797	0.0250002457	0.1032956175	0.0047383246
0	0.2611248550	0.0013249972	0.0000369343	0.0037968516	0.0549112293	0.0462203716	0.0337771355	0.1195673183	0.1710965078	0.3081437996
0	0.0083058313	0.0094278230	0.0685628318	0.4426069200	0.0002661866	0.0000728801	0.0050419250	0.0551690470	0.3377142781	0.0728322772
0	0.0000017675	0.0391955977	0.0021523092	0.0143286025	0.2338273286	0.0484340290	0.6563664798	0.0006060280	0.0050871959	0.0000006617
1	0.0028906725	0.0096192937	0.0305440869	0.0796649138	0.0941998222	0.0000000000	0.0276000720	0.0024764719	0.7433872696	0.0096173973
1	0.0144668952	0.0030923864	0.5078869811	0.0608073287	0.0103898340	0.0299977035	0.0044935823	0.3487657068	0.0200993068	0.0000002752
1	0.0004780910	0.0200777621	0.4071255603	0.3490345939	0.0059347381	0.0011992737	0.0606848344	0.1156320757	0.0005732912	0.0392597797
1	0.0004266573	0.0258646420	0.1560968044	0.0587090531	0.2810037568	0.0241739309	0.0000108551	0.3536075997	0.1001067006	0.0000000001
0	0.0000019926	0.0379545118	0.0000755551	0.4155634851	0.1148442482	0.0000000431	0.1087182538	0.0112002575	0.3021552147	0.0094864381
0	0.0991966290	0.1244718169	0.0153689027	0.1424216996	0.0967906095	0.0000008668	0.1213626676	0.2799331194	0.1154252058	0.0050284827
0	0.0000535845	0.1199349915	0.2284198407	0.2537915199	0.0111497180	0.0451723681	0.0000264107	0.2295688690	0.1118826957	0.0000000019
0	0.0281857484	0.0000000000	0.0596221434	0.3533150914	0.0870277427	0.0000000000	0.1728945119	0.0017440512	0.2972095717	0.0000011391
0	0.0058307500	0.0478714454	0.0123622296	0.0012867528	0.0052658374	0.0000016860	0.0031106487	0.9240218885	0.0001207683	0.0001279934
0	0.0166062227	0.2591171483	0.4336008896	0.1731832086	0.0000028913	0.0091939075	0.0442763169	0.0336193433	0.0180557586	0.0123443133
0	0.0104271719	0.0900643165	0.0197677686	0.1636731962	0.0080514206	0.0000000000	0.0015477526	0.6407542809	0.0067335485	0.0589805441
0	0.0000000004	0.4929928191	0.0045839379	0.2498822301	0.0056998212	0.0220686396	0.0213740931	0.1458495619	0.0570858581	0.0004630387
0	0.0000000000	0.0652289056	0.0130226540	0.4639782142	0.0005434713	0.0181457598	0.0330246399	0.0617585460	0.3033327663	0.0409650428
0	0.0067746470	0.1898141152	0.5146893026	0.0004984258	0.0000060573	0.0425474283	0.1685854545	0.0002106335	0.0758809183	0.0009930175
0	0.0003482004	0.1252227900	0.1244587563	0.0840758733	0.0000000000	0.0058202804	0.0000650945	0.3900085175	0.2679706373	0.0020298503
0	0.0000000000	0.2198799513	0.0153541285	0.0501494547	0.0601020294	0.0630247730	0.0187528605	0.0116695867	0.5609953147	0.0000719011
0	0.0000104574	0.1935563487	0.0123603377	0.1848470794	0.1454108664	0.0800405297	0.0000002848	0.1349236156	0.2026227921	0.0462276880
0	0.0000753029	0.0140111073	0.0137823397	0.0009236592	0.0198093968	0.0000000000	0.0089575533	0.0377005087	0.8882494027	0.0164907294
0	0.0213131070	0.0075878543	0.0047539059	0.0537850441	0.0000011842	0.0000992156	0.1773959603	0.7145856160	0.0090637466	0.0114143660
0	0.0047220362	0.0951291166	0.0000105442	0.0232509209	0.0005816567	0.3262472032	0.0419112217	0.3316585448	0.0078036488	0.1686851070
1	0.1304056085	0.0248889339	0.0351220546	0.1885332430	0.0769467355	0.0022257144	0.2920223289	0.0123206032	0.2375347779	0.0000000000
0	0.0597777497	0.0594911169	0.3668792478	0.1847629600	0.0633513561	0.0155001850	0.0704444905	0.0432134489	0.1344244486	0.0021549965
1	0.0152112250	0.0224883959	0.4474211561	0.3659699779	0.0276070288	0.0000010630	0.0016698383	0.0029650708	0.1166662441	0.0000000000
0	0.0032278245	0.0000046410	0.0057449274	0.0741927677	0.0043060238	0.0078908190	0.2157587233	0.0256666976	0.6614215668	0.0017860089
0	0.4699717606	0.0051085473	0.1312302329	0.0058341162	0.1479072467	0.0000004942	0.0038055840	0.1510192017	0.0353226397	0.0498001768
0	0.0102402703	0.3284925733	0.2841331921	0.1491341291	0.0993263409	0.0162597527	0.0955811327	0.0055581165	0.0067211305	0.0045533620
0	0.0518614434	0.2066727273	0.3710645430	0.2743784605	0.0109607998	0.0074302743	0.0260970362	0.0340354713	0.0174992439	0.0000000003
0	0.0000000007	0.3532060062	0.0003318074	0.1771273092	0.0068298402	0.1295681916	0.0000001061	0.1920671093	0.1222342661	0.0186353632
0	0.5113660639	0.1457126714	0.0001086395	0.1476916009	0.0005205970	0.0567361891	0.0193474764	0.0313012660	0.0868033725	0.0004121234
0	0.0397614543	0.0293298471	0.5266050029	0.0747358595	0.0000158780	0.0340237607	0.0771831007	0.1136358731	0.1028917846	0.0018174391
0	0.0562929629	0.5790718376	0.1157357921	0.0822954848	0.0246454432	0.0002433412	0.0039059053	0.1019696546	0.0357205116	0.0001190668
0	0.0000000009	0.1169820680	0.0367974615	0.0575881563	0.0624575200	0.0093027286	0.1672650386	0.0474478120	0.5021535731	0.0000056410
0	0.0384159526	0.1873719423	0.0017920847	0.3321228957	0.2036438331	0.0017363385	0.1460698510	0.0345610212	0.0153952722	0.0388908087
0	0.0173218920	0.3147967895	0.0465905377	0.0026196544	0.0068813000	0.0617801593	0.1387842120	0.2621631799	0.1438337748	0.0052285004
0	0.0017133613	0.0069084929	0.0010035480	0.0557351607	0.0000024495	0.0000013518	0.1124176909	0.7067865265	0.1140452109	0.0013862074
0	0.0063397719	0.2195905817	0.0000021130	0.2477236290	0.0614475791	0.0000022456	0.0919490492	0.0097225910	0.2576746473	0.1055477922
0	0.0078861504	0.0087673844	0.0001311842	0.0394987398	0.0347086071	0.0038871875	0.0000077919	0.9021907707	0.0022258062	0.0006963778
0	0.0329324145	0.2797158082	0.0378202001	0.0487398203	0.0144655182	0.0000000336	0.0030859809	0.1713027261	0.0008949750	0.4110425232
0	0.0002656088	0.0006099092	0.0019938204	0.0113355963	0.0061754716	0.0003355907	0.0000257765	0.9676455755	0.0116126492	0.0000000018
0	0.5283214355	0.0657620159	0.2583916002	0.0600554438	0.0151974791	0.0042173431	0.0000236875	0.0000000000	0.0649993914	0.0030316034
0	0.0007464205	0.9083954201	0.0098452870	0.0084729087	0.0494631667	0.0074586075	0.0021709248	0.0112238513	0.0006710815	0.0015523317
0	0.3700673719	0.1358722391	0.0324152875	0.0246485238	0.2236356676	0.0802597484	0.0015075809	0.1229238571	0.0086697237	0.0000000000
0	0.0000000000	0.0794264277	0.3226248855	0.0673022189	0.0993855516	0.1765440731	0.0001152597	0.0031301875	0.2514697592	0.0000016368
0	0.0170401731	0.0008665716	0.0070828365	0.0020337706	0.9018220260	0.0054914837	0.0496799784	0.0047837372	0.0103943566	0.0008050663
0	0.0069472022	0.0174368719	0.0463260998	0.0000000000	0.0000000196	0.0015277520	0.0093446566	0.7180961739	0.0845390467	0.1157821774
0	0.5123158992	0.1202708872	0.0000000000	0.1434614470	0.0494835052	0.0212366754	0.0016954923	0.1317586265	0.0147856069	0.0049918604
0	0.0291354597	0.0736216731	0.1930376607	0.0032891896	0.0774175003	0.0000000061	0.1085220301	0.4194802294	0.0000007976	0.0954954535
0	0.0149453842	0.0216217557	0.5932155347	0.2913598752	0.0183666029	0.0000000001	0.0320217565	0.0283941318	0.0000094829	0.0000654760
1	0.0039140698	0.0225164205	0.5990366256	0.1022822003	0.0874073017	0.1263618801	0.0326949068	0.0000273941	0.0215814280	0.0041777731
0	0.0000000228	0.0946227981	0.0991675943	0.0007717445	0.0103537992	0.3183899913	0.0180589115	0.0329833206	0.4180763719	0.0075754457
0	0.0201720743	0.0002552853	0.0010918113	0.1453378300	0.0003973640	0.0007211320	0.0089764933	0.0128798748	0.8087564648	0.0014116701
0	0.0067000050	0.0045241441	0.0016260704	0.1603171686	0.1684889949	0.0102185448	0.0451766706	0.5150457916	0.0807641967	0.0071384134
0	0.1169303496	0.2054745119	0.0442739492	0.0127306398	0.1171194665	0.0289750577	0.2896505766	0.0040849511	0.1492612022	0.0314992953
0	0.0095668402	0.0884951939	0.1100173219	0.3161020211	0.0004560489	0.0145416555	0.0010302400	0.0163747236	0.4398866829	0.0035292720
0	0.0169341019	0.0332155913	0.0742826312	0.1637399492	0.0020699966	0.0004924100	0.0613015541	0.0140216946	0.6334737898	0.0004682815
0	0.0185695740	0.0447153441	0.0109259503	0.2468902636	0.0000547028	0.0014025005	0.0976472066	0.5154560105	0.0595922260	0.0047462215
0	0.0089743677	0.0000002217	0.0612527466	0.0295073589	0.0041278226	0.0458626401	0.1141779148	0.6464772480	0.0808118960	0.0088077836
0	0.0006726546	0.5223364821	0.1989794634	0.0067522399	0.1831867221	0.0000000144	0.0005269654	0.0158709202	0.0622911303	0.0093834076
0	0.0795586728	0.2933359103	0.0000001935	0.4595236653	0.0004037659	0.0269218318	0.0102790744	0.1094864361	0.0153662664	0.0051241835
1	0.0103205905	0.0000000689	0.9128073930	0.0023155291	0.0072669574	0.0049107957	0.0098768561	0.0481260526	0.0043757565	0.0000000000
1	0.0007198263	0.5420638082	0.0437959233	0.0861597968	0.0480580113	0.0000000026	0.0038378421	0.2077561583	0.0670346675	0.0005739637
0	0.4306175178	0.0385520016	0.0397594365	0.2080590442	0.0001000212	0.0103497594	0.0247880312	0.2416466724	0.0002285347	0.0058989810
0	0.0130973483	0.0164119960	0.0531252198	0.4008382692	0.1213629869	0.1596050486	0.0972011408	0.0076258031	0.1307321832	0.0000000041
0	0.0272381522	0.0356842903	0.0000655935	0.2805336291	0.0071576514	0.0000010044	0.0000000000	0.5960003119	0.0091284904	0.0441908766
0	0.0006036545	0.0303714567	0.0000000000	0.0796879489	0.0762796163	0.0000704790	0.0290427566	0.4498638404	0.1898258083	0.1442544393
0	0.0373410052	0.0044864113	0.0048791642	0.0415781680	0.1570647070	0.0583938289	0.0156645241	0.1885258532	0.4563917266	0.0356746115
0	0.0003274037	0.0295818393	0.0008976983	0.1627361058	0.0296279630	0.0000000000	0.0000001555	0.5795129064	0.0697065502	0.1276093776
0	0.0266573264	0.1625020178	0.2874121499	0.0001766162	0.0269486830	0.0000000000	0.0031614111	0.0332307067	0.3111856111	0.1487254778
0	0.0028437919	0.0011797174	0.0343380099	0.0688739663	0.0000000000	0.0020669192	0.0729012523	0.0735026242	0.7434081630	0.0008855557
0	0.1276667740	0.0128519291	0.0117531981	0.1048297855	0.2967988628	0.0011118086	0.0002144309	0.0194080283	0.4085864746	0.0167787083
1	0.0150851779	0.0016528453	0.6476208230	0.1755888858	0.0081610501	0.0003283186	0.0004349554	0.1102177723	0.0409101715	0.0000000000
0	0.1275254586	0.0356290713	0.5952416806	0.0049956789	0.0001806132	0.0015587696	0.0000029283	0.1870332654	0.0450822397	0.0027502944
0	0.0000787470	0.1457344736	0.5333381344	0.0635931177	0.0052807878	0.0152603362	0.0161633341	0.1507944929	0.0004902039	0.0692663723
0	0.0000000000	0.1432153547	0.0815583664	0.0010680423	0.1191097144	0.0000000001	0.5965053432	0.0290023926	0.0211715924	0.0083691940
1	0.0217021013	0.1179725571	0.5770538134	0.0063660874	0.0090253024	0.0056834438	0.0507637129	0.0824352164	0.0006733909	0.1283243744
0	0.0065847679	0.0379066230	0.0527198907	0.0511202747	0.0000287840	0.1868219379	0.0017592506	0.6595706881	0.0016774316	0.0018103514
0	0.0006014207	0.0009555989	0.0067121820	0.0201137856	0.1173966482	0.0104602788	0.0014017325	0.7451222792	0.0972258388	0.0000102353
1	0.0073456978	0.0208233029	0.1198619290	0.6362036755	0.1080629454	0.0000000000	0.0463336054	0.0219050951	0.0245936871	0.0148700618
0	0.0000000000	0.5323632907	0.0343246528	0.0031505208	0.0961157707	0.0028895420	0.2359155789	0.0343383569	0.0013082675	0.0595940197
0	0.0028867983	0.8865241891	0.0007330336	0.0114047709	0.0043253143	0.0304629230	0.0311337792	0.0005692745	0.0225772296	0.0093826876
0	0.1516303238	0.0485801857	0.1378097269	0.0685926120	0.0929073937	0.0000388751	0.3548993475	0.1147143696	0.0024333448	0.0283938207
1	0.1060627870	0.0114049971	0.3801603523	0.0587784601	0.0000000006	0.0000000000	0.0169614058	0.0152533717	0.4111348105	0.0002438150
0	0.1414684749	0.0046122751	0.0710272795	0.4580545465	0.0744430953	0.0167033602	0.0176519523	0.0922809661	0.0006027284	0.1231553218
0	0.0000832483	0.0000000939	0.0649122650	0.0369950550	0.0551074990	0.0190454797	0.5051475382	0.0339175665	0.2799577394	0.0048335149
0	0.0774062730	0.2679117661	0.1171341792	0.0733644045	0.0762023455	0.0175807896	0.0281125791	0.0072102732	0.3350773890	0.0000000007
1	0.0000000026	0.0002159354	0.0195231435	0.1973784368	0.1265522547	0.0086189211	0.0000000161	0.5760870959	0.0716241939	0.0000000000
0	0.0000000000	0.0183269412	0.0031019118	0.3353333846	0.0153138065	0.0026328443	0.0522515681	0.5473907898	0.0256487510	0.0000000029
0	0.1647201809	0.0693116483	0.0339481040	0.1626043246	0.0458700983	0.0093392674	0.0230922018	0.2739445218	0.1918448814	0.0253247714
0	0.0006866154	0.4685982578	0.0502836989	0.0910221501	0.1580196871	0.0010441620	0.0011242160	0.1425096439	0.0000000047	0.0867115642
0	0.0148906305	0.0766299422	0.0420154330	0.1088872231	0.0018054546	0.3860708256	0.2092582758	0.0797371345	0.0807029971	0.0000020836
0	0.0000001874	0.2538926109	0.0732137331	0.0457236388	0.0017924273	0.0537118162	0.0009963653	0.2126282808	0.1520462043	0.2059947360
0	0.0946389848	0.0018677262	0.1807428381	0.4245410303	0.0063914580	0.0205100872	0.0000080981	0.0577862308	0.0789876283	0.1345259182
0	0.0034527480	0.0253396748	0.1915475487	0.1830624581	0.0784015296	0.0106454591	0.0196294473	0.1641835889	0.3154896998	0.0082478455
0	0.0480357317	0.0240484534	0.1639332845	0.3450770424	0.1261047168	0.0049168822	0.0572563855	0.2003056477	0.0303205825	0.0000012732
0	0.0516736087	0.0223219783	0.0004051223	0.3286071020	0.0000015018	0.0007332815	0.0000000000	0.5409438623	0.0000079562	0.0553055869
0	0.0004377981	0.0932962904	0.0630613925	0.2971161636	0.0694642643	0.0000005416	0.0583187477	0.0449894004	0.1893069097	0.1840084919
0	0.0037077843	0.0194372695	0.3923823941	0.1918277960	0.0170258278	0.0018410964	0.0521013255	0.3007584877	0.0094304044	0.0114876143
0	0.0028751073	0.8116993451	0.0317632163	0.0258379574	0.0058870674	0.0049225597	0.0000000572	0.0417607267	0.0404085641	0.0348453988
0	0.0000000000	0.0107231819	0.1487628327	0.2603535770	0.1057459923	0.0492541234	0.2338561640	0.1902126125	0.0005119724	0.0005795438
0	0.0333113483	0.0177982890	0.0002303879	0.0639961905	0.4509338745	0.0000006983	0.0000015964	0.4286132430	0.0048913438	0.0002230282
1	0.0000048623	0.0588477362	0.7448506765	0.0087486974	0.0326923273	0.0001532875	0.0358384788	0.0005152934	0.1183486408	0.0000000000
0	0.6867671411	0.0831033025	0.0167014262	0.0975847392	0.0215515092	0.0054854448	0.0003124580	0.0369798706	0.0515135728	0.0000005355
0	0.1404492825	0.4535571026	0.0232811384	0.0455342297	0.0021696545	0.0001397206	0.0000100511	0.1465038245	0.0000534081	0.1883015879
0	0.0000002245	0.1473704898	0.0000003525	0.1757182612	0.0273855109	0.0000000060	0.1156295192	0.1783873688	0.3376546304	0.0178536367
0	0.0080691149	0.1845126001	0.0000000758	0.2670647375	0.0182941111	0.0000000000	0.1495728855	0.1748067844	0.0000000000	0.1976796907
0	0.0221386451	0.1894276227	0.0088626982	0.0725509646	0.0046324833	0.0134806204	0.6020872969	0.0094417060	0.0745486576	0.0028293052
0	0.0001082842	0.3977767417	0.0001067729	0.0402671235	0.0185381062	0.0000030913	0.0793535718	0.0977708145	0.1786861442	0.1873893497
0	0.0929635874	0.0276128937	0.4444781227	0.0058142651	0.0809663795	0.0000000136	0.0000000000	0.1247854816	0.2187552583	0.0046239981
0	0.0002956786	0.2161791908	0.0000253473	0.0212543458	0.4967398266	0.0221024401	0.0715976860	0.1718053817	0.0000000451	0.0000000580
0	0.0004228682	0.0003365155	0.0261337622	0.0377688364	0.1156758981	0.0002129658	0.0534345705	0.7494895868	0.0000012833	0.0165237132
0	0.0250932226	0.0903855998	0.6748386365	0.0002476164	0.0080931439	0.0091730707	0.0001701031	0.0807869387	0.0890016074	0.0222100608
1	0.0003135886	0.0004606276	0.8328837327	0.0851249779	0.0008166711	0.0000860241	0.0054625537	0.0670589382	0.0072015247	0.0005913615
0	0.0978283401	0.0411277534	0.1418004994	0.3437772623	0.0000028691	0.0139953693	0.0000053667	0.2686260679	0.0087605079	0.0840759639
0	0.0001952699	0.2083783115	0.0664649448	0.0031495545	0.4688977707	0.0031669253	0.0000001002	0.1237766213	0.1192658421	0.0067046596
0	0.0031628027	0.0171109015	0.1968402068	0.0543415874	0.0011568948	0.0458676773	0.1833496976	0.2641232011	0.2340465787	0.0000004520
0	0.0010905689	0.0409344120	0.1459935288	0.6330778218	0.0008427854	0.0000009996	0.0528568251	0.0351903766	0.0899992362	0.0000134456
0	0.0046513884	0.2439835362	0.0418220714	0.0760170027	0.0029951898	0.0000046575	0.0041142884	0.4907678288	0.1287027738	0.0069412630
1	0.1028336847	0.0100431378	0.3512626669	0.0271717232	0.0721285097	0.0000000000	0.2427115625	0.0380268254	0.0858578305	0.0699640593
0	0.0054280864	0.0005641270	0.0412516031	0.0631710456	0.0004029813	0.0066753744	0.0078790951	0.8229696821	0.0122701203	0.0393878848
0	0.0021543140	0.0000018074	0.0493786555	0.0252003280	0.4373489496	0.0404898740	0.3984985052	0.0021706928	0.0237476064	0.0210092672
0	0.0515676495	0.2146296605	0.0000204747	0.7199698810	0.0004196406	0.0000000000	0.0000235002	0.0000000000	0.0007799006	0.0125892929
0	0.0415190102	0.0375089379	0.0123530384	0.0000000000	0.5274499792	0.0008869463	0.0134320094	0.0009029080	0.3659471707	0.0000000000
0	0.0046791142	0.0145000548	0.3110881485	0.1398690578	0.1038953958	0.0000186477	0.2137504013	0.1745548621	0.0053463937	0.0322979243
0	0.0148993030	0.5647811177	0.0507020774	0.0265056003	0.0063376892	0.0003040393	0.0082025183	0.2424034299	0.0789168583	0.0069473665
0	0.0078612278	0.0263059610	0.0541264956	0.1193699327	0.0126894381	0.0385737903	0.0000407328	0.7398071649	0.0007695846	0.0004556722
0	0.0003249129	0.2801902122	0.0068647774	0.0004952495	0.2349648206	0.0225067980	0.0005992136	0.3074304656	0.0237478827	0.1228756675
0	0.0151793575	0.3059919380	0.0243246116	0.0002765195	0.0000369615	0.0553275234	0.5296850896	0.0214518298	0.0442526124	0.0034735567
0	0.1701620680	0.5502704930	0.0856041866	0.0000002918	0.0000000000	0.0000001286	0.0204622287	0.1437691041	0.0142060781	0.0155254210
0	0.0038870714	0.0000024563	0.0087455911	0.6705628193	0.1349379771	0.1057987583	0.0433920862	0.0066405479	0.0021459053	0.0238867872
0	0.0405859197	0.3670836318	0.0012102682	0.0011030254	0.2070462114	0.0000000000	0.1341978521	0.0271305342	0.2163280044	0.0053145529
0	0.0156880346	0.0886953191	0.1074256204	0.0015631690	0.2638182021	0.0025025415	0.0374213881	0.4052712512	0.0775906751	0.0000237989
1	0.0026799233	0.0022084929	0.2727286657	0.3707605207	0.0074776929	0.0000000000	0.1005952530	0.1940851134	0.0493368521	0.0001274859
0	0.0063816076	0.1190552802	0.0405535545	0.1397526692	0.0239023218	0.0540766562	0.2220755171	0.1125608437	0.2452929744	0.0363485752
1	0.0052954187	0.0000000000	0.0459334305	0.0536218897	0.3960553558	0.0000000001	0.2887756899	0.0630129920	0.1473052233	0.0000000000
0	0.0003909188	0.0734047225	0.1658368733	0.1348757350	0.1689288394	0.0331753381	0.0061503467	0.1597318241	0.0466958853	0.2108095168
1	0.0000000000	0.0029733572	0.7111302808	0.0413320754	0.1376310711	0.0000000000	0.0401064179	0.0360977093	0.0307290850	0.0000000034
0	0.0086442537	0.3649188099	0.1381012907	0.0582432188	0.0065864743	0.0123259643	0.0059741623	0.0275970301	0.2799483998	0.0976603961
0	0.0957979251	0.1131187651	0.1615686497	0.1859824565	0.3417238395	0.0002130359	0.0043596850	0.0922558504	0.0035057388	0.0014740541
0	0.0000003177	0.0002423906	0.0683917366	0.0415654441	0.3806892459	0.0000000291	0.2498677162	0.1060287876	0.1456452689	0.0075690634
1	0.0041846111	0.0000000218	0.0322107846	0.0602367734	0.0001803961	0.0000000476	0.1405210093	0.6574401045	0.1049401875	0.0002860641
0	0.0019656779	0.8252895305	0.0133641665	0.0000009059	0.0071479241	0.0000267214	0.0465936927	0.0204252256	0.0851858747	0.0000002807
0	0.1901065511	0.0000039164	0.0004168777	0.3829048477	0.0683466198	0.0000000709	0.0798334515	0.0001609250	0.2349324164	0.0432943233
0	0.2504297748	0.0088886353	0.0011427454	0.0080602776	0.0004996156	0.0070125596	0.2656003008	0.2845356693	0.1188335289	0.0549968927
0	0.0001301739	0.0136068706	0.0223666240	0.2243163456	0.0937604860	0.0688148403	0.0186371664	0.0000000000	0.2109493497	0.3474181435
0	0.0602801947	0.2400968530	0.0080157403	0.0288828722	0.0725202042	0.0126926761	0.0046995155	0.4431989408	0.1069382338	0.0226747694
0	0.0218708294	0.0000000000	0.1107341506	0.0072262735	0.0175311108	0.0374098964	0.5237620231	0.0109832648	0.1209456013	0.1495368502
1	0.0096864586	0.0105412908	0.1175711034	0.0336605644	0.0019742606	0.0288549572	0.0381031492	0.5590199692	0.1982223287	0.0023659179
0	0.0378983300	0.3947844816	0.0035408595	0.0020214056	0.1046473425	0.1034545021	0.0695654634	0.2398127893	0.0333266837	0.0109481422
0	0.0919820940	0.0259354559	0.1886034979	0.0000000000	0.0184918330	0.2885920635	0.0149542429	0.2965358508	0.0008545316	0.0740504304
1	0.4923079683	0.0624584646	0.1803291980	0.2376574253	0.0006690505	0.0000014302	0.0001385599	0.0195470479	0.0066997890	0.0001910664
0	0.0114140756	0.2448273517	0.5739665794	0.1392772854	0.0000000000	0.0029342636	0.0106391698	0.0068549249	0.0030666517	0.0070196978
0	0.0002857027	0.2082977539	0.0046430602	0.0756149319	0.0092710354	0.0175462145	0.0218554225	0.0059770500	0.6555491753	0.0009596536
0	0.0148200309	0.0643919232	0.0849873546	0.6572846785	0.0342040533	0.0021085937	0.0941064435	0.0044450896	0.0436511368	0.0000006960
1	0.0000002881	0.0000345705	0.0124986803	0.2146000140	0.0000000000	0.0200268134	0.1417965669	0.0777458867	0.5287013659	0.0045958142
0	0.0808803946	0.0413412841	0.0081589535	0.0076143997	0.0897905612	0.0027837848	0.0000002324	0.1372859295	0.6286341916	0.0035102685
0	0.0073780139	0.0175047582	0.0000112228	0.0792313486	0.0026494288	0.0503178489	0.1068837226	0.4140823132	0.0142042600	0.3077370828
0	0.0996409847	0.0612410502	0.0000000001	0.0000604775	0.0000102516	0.0023598927	0.3624524286	0.0633066711	0.2003145181	0.2106137255
2	0.0000000538	0.0102780527	0.2293600960	0.5866303256	0.0768926843	0.0000000000	0.0009639609	0.0135884923	0.0683858029	0.0139005315
0	0.0049301530	0.0087234073	0.0452735955	0.0154685166	0.1458780955	0.0267996700	0.1200802866	0.2098970752	0.2672900962	0.1556591041
0	0.0020239001	0.0000020600	0.0466882741	0.0906598119	0.0546782959	0.0010518643	0.0717787947	0.6104108937	0.0081016191	0.1146044861
0	0.0008861166	0.1449155542	0.0164083861	0.0005431343	0.2458874613	0.0241685961	0.2951045754	0.0277426869	0.1786708026	0.0656726865
0	0.0000219504	0.2061937975	0.0570950219	0.5359412046	0.0060746682	0.0308570976	0.0010859596	0.0439276766	0.0935543336	0.0252482899
0	0.0001034457	0.6783353333	0.0301925191	0.0000755401	0.0407012595	0.0000000000	0.0525780643	0.0698779929	0.0318053503	0.0963304947
0	0.2278572119	0.0035958688	0.0491527969	0.0606989677	0.0014581372	0.0121005604	0.0002663275	0.2352931532	0.3956807374	0.0138962390
0	0.0016345429	0.0327959438	0.4037692126	0.1445449228	0.1308775949	0.0086345730	0.0046696431	0.0282425785	0.0006328180	0.2441981704
0	0.1485314614	0.0363560868	0.0280794597	0.0614306952	0.1421601504	0.0213860891	0.1281731701	0.0040474861	0.0007778480	0.4290575533
0	0.0126640075	0.0678266297	0.0000559973	0.3747708282	0.0168396760	0.0105709044	0.0246247411	0.4826767693	0.0099704392	0.0000000075
0	0.0099798977	0.0000393146	0.0262927429	0.0139019450	0.1939496438	0.0721859339	0.1688351192	0.4678178511	0.0121519765	0.0348455753
1	0.0000004746	0.0001732435	0.4064707345	0.3353580652	0.0016519098	0.0000000000	0.1855293868	0.0066117847	0.0640946147	0.0001097861
0	0.0020987280	0.0850720388	0.0004865997	0.2424912961	0.0004685215	0.0002399323	0.5441517907	0.0720924959	0.0476915780	0.0052070190
0	0.0646878194	0.0619626290	0.0083299381	0.4671808161	0.0000014049	0.1108147999	0.0000486283	0.2613846869	0.0204875945	0.0051016829
0	0.0000000034	0.0002399237	0.6107056953	0.0176032060	0.1709055230	0.1113479376	0.0000000000	0.0020206482	0.0020076789	0.0851693838
0	0.0003840137	0.1114364069	0.1701428513	0.1250191200	0.0000347108	0.0077367125	0.1724134204	0.1644218512	0.0185310659	0.2298798473
0	0.0000000000	0.0730243854	0.0171257596	0.2706212699	0.0433309654	0.1841381328	0.2343675326	0.0000003583	0.1773823548	0.0000092412
1	0.0043111306	0.0078329370	0.8933545299	0.0482386468	0.0006125305	0.0000000000	0.0184644942	0.0049331100	0.0219157386	0.0003368824
0	0.0014224094	0.0217220390	0.0000357360	0.0000009771	0.0471399504	0.1330672811	0.0014058812	0.5924550073	0.2027507185	0.0000000000
0	0.0030199556	0.0934680720	0.0981073783	0.0047186412	0.0110942467	0.0020301565	0.0487398803	0.2181639782	0.5017625111	0.0188951801
0	0.0122199351	0.3241647231	0.0237924152	0.0964670384	0.0026778972	0.0000089254	0.0014885990	0.0793458814	0.4581330169	0.0017015684
1	0.0239778081	0.2208090281	0.0137867842	0.4922505749	0.0000012657	0.0064307989	0.0108335067	0.2108895633	0.0210135247	0.0000071453
0	0.0179745382	0.0081650548	0.1170994116	0.3876174911	0.0300811810	0.0000000000	0.0535498339	0.1146775611	0.2099781500	0.0608567782
0	0.0000007626	0.4812068939	0.0004125336	0.0026951279	0.0614197376	0.0015369583	0.0000000000	0.1962602015	0.1865944597	0.0698733248
1	0.0053044098	0.0045228221	0.7352777059	0.0118935517	0.0690582984	0.0000175284	0.0167872731	0.0209617755	0.1267996395	0.0093769955
1	0.0000092833	0.2926582482	0.1333224325	0.0870025512	0.0949640935	0.0000000000	0.0239394624	0.1261751552	0.2419287736	0.0000000000
0	0.0000000000	0.3105880861	0.0148374415	0.0033873535	0.2388529775	0.0015148921	0.2291365133	0.1552785158	0.0036973387	0.0427068814
1	0.0017158609	0.0000005780	0.0737258457	0.0542154797	0.0470023314	0.0000000000	0.0838807880	0.7344834195	0.0049753833	0.0000003134
0	0.0414091726	0.1865770651	0.0026941531	0.0000000013	0.2923982420	0.0039193266	0.0000000742	0.4511605686	0.0165703544	0.0052710421
0	0.0309754286	0.0000000893	0.0215219688	0.0013950846	0.0122216011	0.0021507900	0.0490391325	0.8611010655	0.0215308437	0.0000639958
0	0.0092528324	0.1163504572	0.0007210833	0.2479437732	0.0287430407	0.0005245159	0.1616271056	0.2581776595	0.0102281053	0.1664314270
0	0.2964244559	0.1224758205	0.0000000000	0.0193032982	0.0188074086	0.2220925626	0.2301293951	0.0000002731	0.0795140299	0.0112527561
0	0.1991283736	0.3373426499	0.0310253148	0.1320042564	0.0993304869	0.0646570379	0.0043425585	0.0768062844	0.0027151246	0.0526479130
0	0.0583805477	0.0479806448	0.0981105068	0.1700288203	0.0089207918	0.0563689142	0.0188984646	0.5366583071	0.0046040879	0.0000489148
0	0.0106998521	0.5100537571	0.0410561934	0.0142463985	0.1294824361	0.0000173153	0.0789924123	0.1494064383	0.0649961905	0.0010490064
0	0.0222532383	0.0246298835	0.0064095262	0.9264268657	0.0000183190	0.0000000000	0.0047272894	0.0155123138	0.0000000000	0.0000225641
0	0.0113153642	0.3137134821	0.0012867259	0.0570543802	0.0000000000	0.0226784256	0.2987078454	0.2509903515	0.0442342482	0.0000191768
0	0.0217452482	0.4280177575	0.0429232221	0.1243154928	0.0411351678	0.0283635868	0.0000000001	0.0184799267	0.2562065989	0.0388129992
0	0.0000000001	0.1800545381	0.0098834865	0.0771241134	0.0288647961	0.1117310419	0.0671667006	0.3641326085	0.1424001503	0.0186425645
0	0.1108060113	0.0830643433	0.0306226537	0.1861265384	0.0269641171	0.0641904559	0.1599669348	0.2911425375	0.0185894939	0.0285269140
0	0.0523271379	0.1098092247	0.0184529400	0.7535284329	0.0000013629	0.0335686925	0.0036850648	0.0107152894	0.0000000000	0.0179118549
0	0.0008489390	0.4065755714	0.0002162028	0.2600892823	0.0213846881	0.0000000000	0.0007588206	0.0219778457	0.0072433196	0.2809053305
0	0.2745470391	0.2868053541	0.0086525773	0.0128016764	0.1093949479	0.0678213842	0.0778521565	0.0853546115	0.0748706944	0.0018995587
1	0.0019532414	0.0047224168	0.0316481288	0.2456793216	0.0049904527	0.0000006982	0.0124042178	0.6872079821	0.0113935406	0.0000000000
0	0.0000000013	0.0581909834	0.0010276976	0.8516100858	0.0000237213	0.0000059511	0.0002369349	0.0627899800	0.0214824779	0.0046321668
1	0.0017296310	0.2189996686	0.2029237014	0.1797456738	0.0104562633	0.0000551212	0.1187835717	0.2234145456	0.0057455835	0.0381462399
0	0.0076804894	0.0043752663	0.0153424364	0.3263828130	0.3066028307	0.0000000002	0.1503094754	0.0037085741	0.1855981146	0.0000000000
0	0.0001152374	0.0042552136	0.0456967063	0.1830216922	0.0634145440	0.3812643223	0.1349700946	0.1624771812	0.0065070908	0.0182779176
0	0.0156662226	0.1683199466	0.0001971130	0.0107244936	0.0083407017	0.0003657590	0.0002906129	0.2508119908	0.5441028183	0.0011803413
0	0.0678156022	0.0000008646	0.0084760750	0.0402779262	0.0441672525	0.0246896154	0.0001409017	0.7158189283	0.0099898216	0.0886230125
0	0.0995272662	0.0000217485	0.0008741214	0.0249111418	0.1870437371	0.0309270335	0.3875751403	0.0287260431	0.2403937682	0.0000000000
0	0.0123292450	0.0002002725	0.0379795987	0.0000000001	0.0502498504	0.1761039623	0.2447208585	0.1696479892	0.2937281387	0.0150400847
0	0.0078814181	0.0667029919	0.0492472292	0.0502946448	0.6382520941	0.0122796926	0.0000540806	0.0432435347	0.1275203587	0.0045239553
0	0.0811475870	0.4198433850	0.0001928448	0.0503964118	0.0002800744	0.0064005295	0.0127634444	0.0064644679	0.2339494128	0.1885618423
0	0.0666393495	0.0521671939	0.0000000299	0.2068453398	0.0175680868	0.0009371192	0.0000097669	0.2548630879	0.3747778701	0.0261921559
0	0.0000000145	0.0002759481	0.6574871702	0.0503591810	0.0000071320	0.0063337240	0.0275271235	0.2355766440	0.0214328328	0.0010002300
0	0.0792258335	0.0000000004	0.3277125629	0.0527095111	0.1745537595	0.2641239283	0.0705571223	0.0160606737	0.0124394642	0.0026171442
0	0.0000000823	0.0286680563	0.0005780782	0.3756722390	0.0276198059	0.0944732179	0.0008683397	0.2665921214	0.1369124131	0.0686156461
0	0.3665092863	0.2762753288	0.0004563435	0.0002051700	0.0005231456	0.0000853182	0.0281156822	0.0056729182	0.3205805217	0.0015762855
0	0.0001018933	0.4108041750	0.0517442240	0.3754097308	0.0097643190	0.0000872746	0.0004338952	0.0460220803	0.0606674051	0.0449650027
0	0.0012746159	0.0576688040	0.0170905074	0.1493672240	0.5042736052	0.0000007995	0.0000000000	0.0079984532	0.2348031777	0.0275228131
1	0.0000000464	0.0619118514	0.6585459603	0.0251139188	0.0383567613	0.0010985694	0.0000000445	0.1631997175	0.0517731303	0.0000000000
0	0.1450493867	0.0014695991	0.0668725447	0.0205861491	0.3669764188	0.2648868061	0.0352517507	0.0226782288	0.0756266613	0.0006024547
0	0.1090420802	0.0159424715	0.0329764638	0.0424740308	0.0109308327	0.0384684177	0.2624418739	0.0057184496	0.4404199427	0.0415854370
1	0.0003549354	0.0000000001	0.4058851082	0.1632384205	0.0346255245	0.0000147411	0.1293690606	0.2465445942	0.0192550507	0.0007125646
0	0.0934675927	0.0702415364	0.2794249016	0.0917449882	0.0211060004	0.0000029214	0.3151536318	0.0407198354	0.0837135848	0.0044250073
0	0.0235895227	0.0000449527	0.0000692380	0.0383265155	0.0036501883	0.0211640202	0.3773243228	0.5002035917	0.0000000391	0.0356276091
0	0.0208152763	0.3992849254	0.0028887302	0.0175500564	0.0467599555	0.0049492638	0.1002785883	0.4057117987	0.0010553692	0.0007060362
0	0.0000013569	0.0250840546	0.0016027847	0.0077636433	0.0070068032	0.0531693637	0.0087700280	0.0002308558	0.8941422423	0.0022288674
0	0.0007185997	0.1380809049	0.2940853643	0.0008093903	0.2480101841	0.0000000499	0.1415386329	0.1213519375	0.0550735777	0.0003313587
1	0.0509775934	0.0480718832	0.3874077734	0.2242185430	0.0006209306	0.0000000000	0.0447903051	0.0156257234	0.2187983045	0.0094889434
