0	0.3432203653	0.1362327647	0.0000494723	0.0413396094	0.0217959290	0.0000000000	0.0085964689	0.0575427054	0.2740580506	0.1171646343
0	0.0286877796	0.0021097686	0.0179912459	0.0599926996	0.6261391342	0.0299384294	0.0324102968	0.0867519597	0.0645781614	0.0514005249
0	0.1969888509	0.1139757152	0.1699138356	0.0006411401	0.0883789347	0.0010688884	0.0642249384	0.0796930751	0.2830522925	0.0020623292
0	0.0803605077	0.0837894685	0.1689316887	0.0484093008	0.0184824077	0.0011592192	0.0966145760	0.0000184219	0.4284360361	0.0737983735
1	0.1699201105	0.0000002503	0.0031232166	0.0012053483	0.0038643629	0.0677677752	0.0070402722	0.0000001467	0.7420193549	0.0050591623
0	0.0181717152	0.1511892561	0.1202126990	0.0520115944	0.0216798244	0.5091922822	0.1235460721	0.0000149076	0.0036405320	0.0003411169
0	0.0016285919	0.0036585979	0.0021009191	0.0004598468	0.9365506413	0.0054942779	0.0283026264	0.0000000395	0.0217944526	0.0000100065
0	0.0299054685	0.0036611516	0.1330014537	0.0230649062	0.0168002384	0.1329244950	0.3344421944	0.0888627119	0.2373197076	0.0000176727
0	0.0065990218	0.0082016001	0.0000588880	0.0217161858	0.0309932241	0.8391479303	0.0340816086	0.0000010722	0.0036595112	0.0555409579
0	0.0855074883	0.1446949062	0.0000047410	0.1146367083	0.0906638620	0.3248624573	0.0812420220	0.1579105087	0.0004773062	0.0000000000
0	0.0000157452	0.5714379656	0.0970383768	0.0930333006	0.1434240609	0.0539720789	0.0353355060	0.0041544611	0.0000000151	0.0015884898
0	0.0340139656	0.0199407526	0.0047570095	0.0000000239	0.0782562473	0.0000000000	0.0551420277	0.0164863191	0.0001492640	0.7912543903
1	0.0957253295	0.0330489550	0.0281140886	0.0024444362	0.0000807923	0.1185663666	0.0094186885	0.0001687618	0.0001259411	0.7123066403
0	0.1467105047	0.1726887046	0.0210707830	0.0005820417	0.2944325190	0.0168243764	0.0343973231	0.0071911757	0.2126312294	0.0934713423
1	0.5965184830	0.0999528833	0.0061015023	0.0002918720	0.0085279790	0.0003436308	0.0316704341	0.0000000000	0.1164625058	0.1401307096
0	0.0513647479	0.4184352706	0.2897003963	0.0371441686	0.1412976768	0.0255775829	0.0006586253	0.0000000000	0.0280814761	0.0077400555
0	0.0658247144	0.0632846222	0.0304094764	0.0230776899	0.8080459474	0.0049486422	0.0000000014	0.0042678979	0.0001410014	0.0000000068
0	0.0401800391	0.0129607495	0.2346559884	0.0076977480	0.3251567921	0.3568216343	0.0002770951	0.0016064497	0.0205811894	0.0000623144
2	0.0935032896	0.0000025293	0.4948063256	0.0000000000	0.0002879507	0.1338112941	0.0001982868	0.0113303455	0.0237318237	0.2423281547
0	0.0675263197	0.0100990616	0.0569657727	0.0000000506	0.5624938741	0.1307840121	0.0418324441	0.0000005003	0.0309288583	0.0993691065
0	0.0077979123	0.0564656442	0.0000089025	0.0001594290	0.6888558126	0.0004122252	0.1796045395	0.0098355413	0.0225290683	0.0343309251
1	0.1041474138	0.0001031940	0.1320417909	0.0301453341	0.5291456701	0.0833242333	0.0678926641	0.0005596535	0.0172941848	0.0353458614
0	0.0058409747	0.6394491425	0.0225835019	0.0001805323	0.1478584475	0.0571498310	0.0000000541	0.0031550976	0.1199900967	0.0037923217
0	0.0002252922	0.4991548993	0.0089910568	0.0132600850	0.1014373244	0.0138952425	0.3606541415	0.0000000106	0.0016185889	0.0007633587
1	0.0000001852	0.0024919985	0.9293064406	0.0000000000	0.0047995580	0.0089379037	0.0179034716	0.0023822014	0.0339643074	0.0002139335
0	0.0000003277	0.0000489053	0.0012310441	0.0203551466	0.1553373094	0.1393275359	0.0000000000	0.0367312082	0.0333093228	0.6136591999
0	0.0073534451	0.0035283961	0.1729363231	0.0542322988	0.2763356573	0.4846843276	0.0002823964	0.0000000000	0.0000726922	0.0005744634
0	0.0001441178	0.0460166455	0.0391070154	0.0307897579	0.7541978421	0.0015275457	0.0149828571	0.0000000046	0.0002110016	0.1130232124
0	0.2374876571	0.0226563713	0.1177006993	0.0576776914	0.0416062034	0.0000001877	0.1882701929	0.0174858294	0.3171149498	0.0000002175
0	0.0000000000	0.0966828610	0.6349960136	0.0100218252	0.1721578471	0.0297799178	0.0129541092	0.0043779302	0.0278191343	0.0112103616
1	0.3083129002	0.0009920846	0.1100622713	0.0000003042	0.0965363948	0.2036572803	0.0008072154	0.0000000209	0.0026692164	0.2769623119
0	0.0281735364	0.7298171799	0.0000000171	0.0396661817	0.0688965461	0.0102006612	0.0442202266	0.0618519384	0.0041285554	0.0130451572
1	0.1697336097	0.0352532969	0.3671746265	0.0054467761	0.1443348033	0.0841087223	0.0011191659	0.0000000000	0.0581618853	0.1346671137
1	0.0063965100	0.4932024050	0.1739014967	0.0014682537	0.0079950951	0.0720691120	0.0303966490	0.0021999530	0.0882607930	0.1241097326
0	0.0036752077	0.0094906310	0.1704110556	0.0328500682	0.1446680596	0.4592853267	0.0304647720	0.0356346166	0.1117630055	0.0017572572
0	0.0000000004	0.0001285628	0.0087599251	0.0031390297	0.7262504862	0.0404063379	0.0008250478	0.0253987616	0.0405142675	0.1545775811
0	0.1327863833	0.1085616808	0.0000001871	0.1222361522	0.3582340387	0.0049049236	0.0000000000	0.0019433016	0.0913178765	0.1800154561
0	0.0345017505	0.0000081951	0.0275314207	0.0913941200	0.0009236803	0.0229877925	0.6974643155	0.0059720022	0.0000001567	0.1192165665
0	0.0146995264	0.0402016894	0.1307620555	0.4296226459	0.0340142827	0.0594108782	0.2381345515	0.0144195903	0.0310065505	0.0077282294
0	0.0000000343	0.0019021711	0.0482437460	0.1601088963	0.4103312988	0.0557495827	0.0978446340	0.2230152827	0.0027650153	0.0000393387
0	0.0000000173	0.1504858165	0.2228162255	0.0000000004	0.2166337067	0.0000000015	0.1698977974	0.1629938298	0.0000000000	0.0771726049
0	0.0155432182	0.0080350238	0.0768508312	0.0417812804	0.0182145759	0.8299671021	0.0080858611	0.0010476004	0.0004706683	0.0000038386
0	0.0014497335	0.0310133810	0.0000000005	0.0022136351	0.0029516656	0.0362436776	0.0006428673	0.0036528902	0.6323354438	0.2894967055
1	0.1908016566	0.4144158110	0.0812353848	0.2091387925	0.0531534732	0.0035050930	0.0357169753	0.0000001089	0.0012866715	0.0107460334
1	0.0045208419	0.0000000000	0.2625305920	0.0000000000	0.5081829176	0.0269277292	0.0180103986	0.0488573279	0.0734158922	0.0575543007
0	0.0000168317	0.0086578496	0.0011229308	0.1203229780	0.0362252823	0.0115906828	0.8097489788	0.0000006848	0.0000029699	0.0123108114
0	0.0820876574	0.0163305365	0.0000017039	0.3255865320	0.1338925480	0.0568274344	0.0006978295	0.0000001812	0.3450892903	0.0394862869
0	0.1724016701	0.3604623446	0.0474344082	0.0225665460	0.1445767535	0.0000053627	0.1259244787	0.1065400337	0.0192060656	0.0008823369
0	0.1314520929	0.0355451393	0.0022977910	0.6717526666	0.0165924589	0.0659562893	0.0147380409	0.0124322725	0.0089599498	0.0402732990
0	0.0000026693	0.0039794786	0.0187436009	0.0340084416	0.9233588271	0.0000661527	0.0146169577	0.0008055522	0.0044178498	0.0000004702
0	0.0000003838	0.0000301095	0.0017255090	0.0000058825	0.6494739771	0.1556688589	0.1485849340	0.0067713579	0.0376997160	0.0000392714
1	0.0048516418	0.0000016235	0.0000000018	0.0000002356	0.0162423422	0.0460142745	0.0000039483	0.0144392016	0.0194296623	0.8990170684
0	0.0000000002	0.2119899042	0.0000000000	0.0373756835	0.0232287973	0.0072568459	0.0000012987	0.0009527600	0.0000002275	0.7191944826
0	0.0000020722	0.0001156548	0.0598323335	0.0233373393	0.0940881379	0.0422527917	0.0801318780	0.0327167103	0.0025521187	0.6649709636
0	0.0021593306	0.0015196959	0.0000647528	0.0625824699	0.8451145281	0.0014176621	0.0718261027	0.0018245237	0.0000700390	0.0134208953
0	0.0013437590	0.0000835944	0.6114370270	0.0546570221	0.0013102276	0.2030489974	0.0000004018	0.0555833949	0.0725355709	0.0000000048
0	0.1569979823	0.1378342533	0.0436896025	0.0408236076	0.1348307837	0.2037070422	0.0208770043	0.1676671476	0.0516294322	0.0419431443
0	0.0050296224	0.0703754642	0.0109186966	0.0544999540	0.0304999350	0.7283965756	0.1000894738	0.0001862143	0.0000040642	0.0000000000
0	0.0000132381	0.0033765330	0.0015965567	0.8065149313	0.0615261759	0.1030443255	0.0000007238	0.0000000000	0.0142005244	0.0097269913
1	0.0107070346	0.0000778081	0.2018426722	0.0000000000	0.7187229847	0.0142166047	0.0072996233	0.0000000000	0.0000000001	0.0471332724
0	0.0001098711	0.0145524712	0.0304938265	0.1082945101	0.7169833348	0.0960305099	0.0285170553	0.0049821141	0.0000362183	0.0000000887
0	0.0000001410	0.0175817473	0.2572057094	0.0178200740	0.6800716386	0.0065565629	0.0000006171	0.0154192794	0.0023243595	0.0030198709
0	0.0025933072	0.0546957584	0.7562802581	0.1159634417	0.0180669124	0.0023585186	0.0014218777	0.0127957869	0.0004609860	0.0353631530
1	0.1099785378	0.0254077405	0.0026110349	0.0000001145	0.6202665471	0.0116946548	0.0452801453	0.0006960065	0.0270487090	0.1570165097
0	0.0000000000	0.0038240226	0.0080453947	0.0000090094	0.5552541519	0.0927107207	0.2471814446	0.0165898090	0.0588127453	0.0175727020
0	0.0000000000	0.1837056074	0.0368176222	0.0051713352	0.4753871147	0.0789108746	0.0006137177	0.0000000001	0.0000006306	0.2193930975
0	0.1002136482	0.1267278953	0.4006566745	0.0092111803	0.0165147938	0.0000831825	0.2269442415	0.0003093201	0.0096635602	0.1096755036
0	0.0074835778	0.0872892083	0.0010621464	0.2059660642	0.0018153531	0.2455333207	0.0322535397	0.0010628622	0.0000000167	0.4175339110
0	0.0000373832	0.0002196437	0.2091539135	0.1963990643	0.0554238540	0.0903683920	0.3756447460	0.0000000000	0.0365322060	0.0362207972
0	0.0929539311	0.4884494237	0.1313440371	0.0782936192	0.0020845198	0.0064873517	0.0059973952	0.0211059776	0.1065575551	0.0667261894
0	0.0000000000	0.2139476329	0.0446677670	0.2275054101	0.2860961009	0.1016133507	0.0030301687	0.0000001025	0.0014616363	0.1216778308
0	0.0082750869	0.0017281728	0.0000000000	0.2847129483	0.0997736866	0.2140283931	0.0245787682	0.1715725924	0.1920382408	0.0032921108
1	0.0650721133	0.0000025185	0.0548839127	0.0000149643	0.5796253772	0.0472186428	0.0354695524	0.0000000006	0.1848056200	0.0329072982
0	0.0016990694	0.3795158451	0.0860657133	0.0002241697	0.3839958733	0.0278184499	0.0064541038	0.0000749836	0.0015762904	0.1125755015
0	0.0000005184	0.0302765716	0.0002092814	0.3188671772	0.5561601655	0.0052797015	0.0008927737	0.0056792967	0.0115583849	0.0710761291
1	0.1627837172	0.0000000000	0.2699253096	0.0004422266	0.0000000000	0.3086356372	0.1302037257	0.0276434377	0.0390573895	0.0613085565
0	0.0190772500	0.0051363686	0.0802303139	0.0807395592	0.4801006028	0.0000818403	0.0709533616	0.0000775601	0.2585051117	0.0050980317
0	0.2389111066	0.0000003723	0.0054245722	0.0223278365	0.6328602296	0.0000001321	0.0000098010	0.0000000125	0.0455624645	0.0549034726
0	0.0016530173	0.6718823721	0.1020684701	0.0337670040	0.0881826319	0.0274050520	0.0000560803	0.0145693654	0.0604015275	0.0000144793
0	0.2369419906	0.0259503706	0.0338454669	0.0000000005	0.1011475329	0.0570385702	0.3498352057	0.0729390600	0.0641848685	0.0581169339
0	0.2781503659	0.4440836844	0.0187113304	0.0375935383	0.0282887574	0.0525490190	0.0192060961	0.1140093860	0.0073458514	0.0000619713
0	0.0185293674	0.2011675497	0.0330074514	0.2632556704	0.0882347530	0.1706716073	0.1108295978	0.0379758058	0.0000001223	0.0763280748
0	0.0126098159	0.5580649248	0.0000380417	0.0010956072	0.1020433655	0.0147592290	0.0005862397	0.0196068715	0.0061248003	0.2850711044
0	0.0783936137	0.0134414257	0.0000000857	0.1150049952	0.3345634099	0.0748418883	0.0695604383	0.0000048513	0.3041210922	0.0100681998
1	0.2172097366	0.0078183017	0.2259392348	0.0000983509	0.1139968774	0.3681116657	0.0382004779	0.0000000000	0.0269281923	0.0016971626
0	0.0696816014	0.3878560924	0.1605605712	0.1650232147	0.0384290065	0.1411344876	0.0003518999	0.0213702495	0.0091775011	0.0064153757
0	0.0000000000	0.0004837198	0.4559034015	0.0000000445	0.0047737785	0.3898799361	0.1103531728	0.0002576996	0.0001007965	0.0382474507
0	0.0230569897	0.4580719977	0.0376439181	0.0000000000	0.0103723397	0.0010804585	0.0093211510	0.0000000057	0.0054867014	0.4549664381
0	0.0003414995	0.3045578377	0.0020289242	0.0030746420	0.1313701194	0.4443933159	0.0052448714	0.1021431081	0.0011239532	0.0057217286
0	0.1060363985	0.2261400892	0.1827992264	0.0702830404	0.1189993474	0.2723592792	0.0002840502	0.0215508096	0.0007901589	0.0007576000
0	0.0069516437	0.0000000043	0.3371780220	0.0113900977	0.0853959387	0.0471563727	0.4660058771	0.0000610603	0.0017792254	0.0440817582
0	0.0772621347	0.0091433116	0.0057664733	0.1027198293	0.6670813083	0.0610420198	0.0032542835	0.0015949974	0.0524862670	0.0196493751
0	0.0040859367	0.0336238553	0.6050474566	0.2140069954	0.0903708535	0.0000401804	0.0061762674	0.0000096959	0.0466369401	0.0000018187
0	0.0000000212	0.2686620280	0.0171623085	0.0331145593	0.0104783006	0.0000000000	0.0006701024	0.3684103828	0.0013901295	0.3001121678
1	0.0932728420	0.0496328781	0.1610011781	0.0333702967	0.0200697680	0.0138918128	0.1296005812	0.0112560354	0.1716331107	0.3162714971
0	0.0101269025	0.0065570119	0.0128601458	0.0137355185	0.0262349427	0.0007672323	0.8710930478	0.0004635655	0.0000000000	0.0581616329
0	0.1258909060	0.0835354043	0.0000000129	0.2447523407	0.0673590203	0.0536858062	0.2410007550	0.0040551663	0.0022049328	0.1775156555
0	0.0371613023	0.0659854390	0.0000000000	0.0376125753	0.0866706736	0.2199442375	0.5334341902	0.0000000000	0.0000000000	0.0191915820
0	0.0012442759	0.1919853240	0.1290932812	0.0003261842	0.2120330541	0.1548986121	0.0896095487	0.0011243941	0.0000088187	0.2196765070
1	0.0219874327	0.0106822591	0.0497779464	0.0000000006	0.0929860767	0.2436326093	0.0047575239	0.5590457386	0.0004280482	0.0167023646
0	0.2690988277	0.0391158700	0.0125384370	0.1220981335	0.0395770679	0.0000000007	0.2772256542	0.1506389845	0.0001128829	0.0895941416
0	0.0000461448	0.0864006080	0.2844687075	0.0222153268	0.4236876516	0.1402010308	0.0269409451	0.0155069287	0.0005007551	0.0000319015
0	0.2446712861	0.2246546777	0.0879263969	0.1626947417	0.1798716353	0.0000000087	0.0000000369	0.0839170322	0.0015970646	0.0146671199
1	0.3762973167	0.0020541595	0.0433779012	0.0000501486	0.0838144389	0.0000750649	0.0862651995	0.0342600566	0.0000638199	0.3737418941
0	0.2655216404	0.0428774714	0.0019656567	0.0908080463	0.1749771942	0.0091730417	0.3268415222	0.0835848753	0.0002701543	0.0039803975
1	0.2681531131	0.0000083409	0.0006388190	0.0349011411	0.3216896153	0.0288781319	0.0000000000	0.0035382609	0.0001704532	0.3420221247
0	0.0030644994	0.0000996195	0.1082674359	0.0262847441	0.7444571882	0.1024345193	0.0000043308	0.0153319220	0.0000102983	0.0000454424
1	0.0304795796	0.0001558581	0.0233710725	0.0000017273	0.7393507351	0.0000023217	0.0143067982	0.0007043026	0.1914016280	0.0002259769
0	0.0752026634	0.0995098927	0.1585859270	0.0000000396	0.1109998580	0.0001223451	0.5438563635	0.0000000007	0.0115967568	0.0001261532
0	0.0785846160	0.7139576956	0.0129756530	0.1006239161	0.0078136516	0.0052344366	0.0080244719	0.0391696565	0.0273682539	0.0062476488
0	0.0000000023	0.3987301738	0.0062168503	0.0004344511	0.1690710222	0.0103911825	0.0522332064	0.0000377220	0.0009625877	0.3619228016
2	0.0109210680	0.0000000000	0.1615276853	0.0001735771	0.0000000000	0.0101259026	0.0000000001	0.0810857765	0.4025698477	0.3335961428
0	0.0232258636	0.5412838567	0.0258634435	0.0316538386	0.0101219641	0.2921219607	0.0100959224	0.0130668698	0.0477019966	0.0048642840
0	0.3324827327	0.0566148158	0.0570860690	0.0000000001	0.3044883243	0.0485383609	0.0780496437	0.0000183812	0.0205447864	0.1021768858
0	0.0252369309	0.0564866018	0.0020211965	0.0217086478	0.0012596084	0.6687990497	0.0159787356	0.0000000000	0.1424925437	0.0660166856
1	0.5872506692	0.0235208819	0.0070281435	0.0896294224	0.1711830170	0.0251539831	0.0093838839	0.0799287924	0.0031404931	0.0037807134
0	0.0005688771	0.6846538753	0.0400077669	0.0051866725	0.0031222408	0.0000000920	0.2376425093	0.0055836246	0.0225908863	0.0006434552
1	0.0008931169	0.0107697448	0.2437735104	0.0629448984	0.4087718620	0.2377565956	0.0000000000	0.0000000354	0.0200836743	0.0150065622
0	0.0206696453	0.0051115242	0.0568695411	0.0001774131	0.4980163930	0.0489587811	0.0329280509	0.0028318675	0.2870867902	0.0473499937
0	0.0591159212	0.0458818389	0.0001359459	0.0552497345	0.2327151088	0.0000301826	0.1399314613	0.0060922685	0.2430698051	0.2177777333
0	0.0000415595	0.0474364714	0.0498753053	0.0098785781	0.1534415717	0.6018809497	0.0987799853	0.0000000002	0.0131045561	0.0255610226
0	0.2594313552	0.0411710948	0.1681001605	0.0308782201	0.3547244805	0.0743163228	0.0087669528	0.0130566400	0.0419911967	0.0075635765
0	0.0001752316	0.0134798482	0.0002042129	0.0007269955	0.0746188439	0.2945740912	0.0548394225	0.2976130877	0.0877931329	0.1759751336
0	0.0014781936	0.0180994316	0.0639548755	0.2376231212	0.4269460983	0.0000004665	0.0327493012	0.1711774959	0.0478885088	0.0000825074
0	0.0181427052	0.0986463581	0.1195605526	0.0382135943	0.0033408684	0.2721533535	0.0660528799	0.2583486958	0.0000000102	0.1255409821
0	0.0009975841	0.1440215557	0.0113648618	0.0079422285	0.0059115848	0.0580382400	0.0056360337	0.0000000000	0.0363857683	0.7297021431
0	0.0246510885	0.1952075752	0.0882957284	0.0357495400	0.0406498633	0.4112007153	0.0131764116	0.1340206649	0.0161432181	0.0409051948
1	0.1519620518	0.0133485385	0.2399321911	0.0534697470	0.2370406622	0.0015469260	0.0000000000	0.0094476755	0.2385717884	0.0546804196
0	0.0002296432	0.0471487317	0.3196275383	0.0250913891	0.1741651566	0.0016925667	0.0757492429	0.0237476365	0.3296868521	0.0028612429
1	0.4448769927	0.1713025884	0.0710263247	0.1101712782	0.0001557671	0.1296873642	0.0000000000	0.0001067197	0.0055713706	0.0671015944
1	0.0011608603	0.0019012101	0.1605031569	0.0000205754	0.8212549426	0.0023192889	0.0000000000	0.0000084604	0.0126778948	0.0001536108
0	0.0363011425	0.0000000047	0.0000103734	0.0324772339	0.0110032575	0.0012465230	0.0047323914	0.0032795495	0.8713815955	0.0395679287
0	0.0000000000	0.0000000000	0.3119213532	0.0042443380	0.0493659416	0.0518532506	0.0718399576	0.1222665417	0.0108217758	0.3776868414
0	0.3866674010	0.0004963882	0.0573151575	0.0308243808	0.3557596066	0.1046024459	0.0603790802	0.0001421790	0.0000417471	0.0037716137
0	0.0068237995	0.0081005775	0.0064208069	0.0055085789	0.0007764172	0.3572559658	0.0435318159	0.2400264281	0.0010122158	0.3305433945
0	0.0023730806	0.1429857656	0.2330800197	0.0009219765	0.3869625451	0.0000410037	0.0198086551	0.1299511023	0.0555206413	0.0283552099
0	0.1082148386	0.1329327960	0.3526331284	0.0001205264	0.0298539806	0.2561254997	0.0733654360	0.0115273681	0.0206792749	0.0145471513
0	0.0000289608	0.0009165954	0.0021237815	0.2306656224	0.4706650108	0.0061508655	0.0000191365	0.0007543801	0.0411763343	0.2474993126
0	0.0316626847	0.4790416817	0.0538921991	0.0170880251	0.1814746156	0.0000000385	0.1632996896	0.0187392644	0.0461122365	0.0086895648
1	0.0036553646	0.0161033569	0.8654416990	0.0000090594	0.0176860692	0.0117514884	0.0025988716	0.0000825072	0.0021410941	0.0805304897
0	0.0705507918	0.0120798653	0.0199571665	0.5309448952	0.0014127511	0.2646787641	0.0974257188	0.0006784371	0.0000000056	0.0022716045
0	0.0589236820	0.2009000356	0.0863846148	0.0135383134	0.0575335820	0.3874145413	0.0801125092	0.1089715945	0.0001195138	0.0061016134
0	0.0000283353	0.0000048975	0.0008113666	0.2965705321	0.5048783588	0.0872626167	0.0974442352	0.0037821190	0.0092175387	0.0000000001
0	0.1789560988	0.0723611921	0.0011087526	0.0458216982	0.3382743280	0.0531508366	0.0013140231	0.0038851221	0.0425147302	0.2626132182
0	0.0138289478	0.6704042207	0.1038204942	0.0224385451	0.0000935485	0.0613987415	0.0502347993	0.0109347924	0.0231769765	0.0436689340
0	0.1023796389	0.1766903783	0.1081856127	0.0008950202	0.2610814635	0.0057130978	0.3086588946	0.0359930489	0.0000075979	0.0003952473
0	0.0095836589	0.1269050288	0.0000197615	0.1770867471	0.0017344204	0.0014233704	0.5476239094	0.0000000000	0.0763356802	0.0592874233
0	0.0352067951	0.1416513236	0.1228800463	0.0005350986	0.1193394560	0.0001014927	0.1748523064	0.0000000000	0.1746481074	0.2307853739
1	0.1468804148	0.0087167414	0.1867218171	0.0107288855	0.0266964718	0.1743447481	0.0002399225	0.0278446010	0.3854711788	0.0323552190
0	0.0072149017	0.0043873722	0.0562246329	0.0977200533	0.2024027398	0.0004150435	0.5737913976	0.0199350821	0.0138103004	0.0240984766
0	0.0000005589	0.6512384400	0.0043480890	0.0251446618	0.1587795350	0.0693804184	0.0297028748	0.0034578372	0.0261304911	0.0318170938
0	0.0338840563	0.0484419432	0.0243793752	0.4732878853	0.0000000000	0.0620057281	0.1075562916	0.0022531443	0.0383568643	0.2098347116
0	0.1680925044	0.0001667539	0.3664638956	0.0646672787	0.3062719668	0.0018793636	0.0000189698	0.0586711599	0.0337681073	0.0000000000
0	0.0631381211	0.1050417157	0.0040295400	0.0384109624	0.0530535362	0.2715539501	0.1449076929	0.0002101866	0.1609044303	0.1587498647
1	0.0859544798	0.0440497405	0.0656896997	0.0066539878	0.3198111419	0.0646438716	0.0000000000	0.0000000000	0.1559438197	0.2572532590
0	0.0000000048	0.0134358369	0.0000014497	0.0000000000	0.4019797633	0.0204996437	0.0000000000	0.5616720718	0.0000000000	0.0024112297
0	0.0000016509	0.0538747892	0.0000041720	0.0189461436	0.6814805726	0.0733790618	0.1508225281	0.0088897738	0.0013416111	0.0112596970
1	0.0071354214	0.0000169231	0.7416156737	0.0000045984	0.0040837520	0.1154938173	0.0352089851	0.0022842140	0.0039097233	0.0902468917
0	0.0000000030	0.0002035148	0.0826742615	0.0000066854	0.0238584959	0.4673646110	0.0149855075	0.0122312165	0.3104335566	0.0882421478
0	0.0024196991	0.0077532680	0.2826235330	0.0087142203	0.2241072734	0.0002352043	0.4302866998	0.0000000000	0.0000408801	0.0438192219
1	0.1203008617	0.0703212881	0.1389297828	0.0629466503	0.0506867932	0.3859589370	0.0305996218	0.0000666817	0.0049983903	0.1351909931
0	0.0571389782	0.2492684104	0.0002016354	0.0000243013	0.6279168507	0.0006744905	0.0576824918	0.0017406517	0.0000000043	0.0053521858
0	0.4330868198	0.0398627823	0.1652775808	0.0239325428	0.0003436463	0.1418215022	0.0881238684	0.0771418125	0.0049312367	0.0254782082
0	0.0029368198	0.2516941602	0.2716133939	0.2289489866	0.0584715221	0.0702820097	0.0168379036	0.0063452334	0.0928699707	0.0000000000
0	0.2571295309	0.0550539198	0.1078817413	0.0464655353	0.2197718227	0.0092587157	0.0235569455	0.0000014760	0.2722554067	0.0086249061
0	0.0197091837	0.1299362684	0.4907748734	0.0000000006	0.0033553034	0.0006544791	0.1166742723	0.0665740276	0.1721364291	0.0001851624
0	0.0601730771	0.0002566251	0.2422733066	0.0019840795	0.6541900349	0.0000000000	0.0349244474	0.0005415851	0.0045650460	0.0010917983
1	0.0182571168	0.0000000053	0.7550368098	0.0000006833	0.0303244718	0.0000000815	0.0213827710	0.0000000912	0.0322169001	0.1427810692
0	0.0014522563	0.0686474260	0.7486040141	0.0541641516	0.0133549271	0.0039438738	0.0780665107	0.0000000000	0.0013548866	0.0304119539
0	0.0304243293	0.0860149403	0.1691317051	0.5268537085	0.0599814736	0.0036524246	0.0000770263	0.0000000000	0.0327301374	0.0911342549
0	0.0021724799	0.0020969339	0.0233229267	0.0006124901	0.9707074496	0.0007361407	0.0002461701	0.0000677154	0.0000275554	0.0000101382
0	0.0000000000	0.1912446106	0.2914841433	0.0037190173	0.0113340124	0.2559597939	0.0003148625	0.0045748577	0.0050492505	0.2363194518
1	0.0577163852	0.0000000000	0.1972773081	0.0111207365	0.0077801229	0.4300011779	0.1774262316	0.0123369597	0.0463045806	0.0600364975
0	0.0005710984	0.1929961269	0.0496285802	0.0027007222	0.4993838234	0.0750255651	0.0021602421	0.0000000000	0.1196061754	0.0579276662
0	0.0413791194	0.0000011772	0.0239058010	0.0000000000	0.0337462370	0.4487393567	0.0421897818	0.0933489947	0.0335048679	0.2831846643
0	0.0001129057	0.0000000898	0.3719327720	0.0025459391	0.0900451598	0.0949524757	0.1942324676	0.0070543883	0.1929186449	0.0462051571
0	0.0016537060	0.0685843342	0.1760085536	0.0008041661	0.3397775605	0.0474362164	0.0000000000	0.0161630235	0.2869984703	0.0625739694
0	0.0000000000	0.0016933685	0.0000000000	0.0004025881	0.0013565849	0.8194399833	0.0528163656	0.0000275463	0.0248599531	0.0994036103
0	0.0000678012	0.0005423742	0.4492445746	0.0000000000	0.0857934968	0.0003977298	0.2751347752	0.0027661938	0.0446799876	0.1413730669
0	0.0000626055	0.0014211855	0.0020980863	0.0116657426	0.5350516389	0.0246666838	0.0909356360	0.0013489620	0.0626159025	0.2701335569
1	0.0399177145	0.0322631417	0.7136827174	0.0151616765	0.0092279449	0.0344685889	0.0084321392	0.0000001388	0.0340370139	0.1128089242
0	0.0118903624	0.0874892757	0.1184547159	0.0039124152	0.7566124930	0.0001066819	0.0211115263	0.0000000159	0.0003975300	0.0000249837
0	0.2829963958	0.0397134994	0.1481850863	0.0002844597	0.0593045952	0.0015561574	0.1001077982	0.1485783827	0.0508964872	0.1683771381
0	0.0054962430	0.0403761053	0.0234733916	0.1235993519	0.4294264818	0.0516804307	0.1429991056	0.0323475708	0.0027310646	0.1478702547
0	0.0000000000	0.0291321874	0.0153276722	0.0002238092	0.9110585785	0.0045271539	0.0000066681	0.0026055572	0.0348175725	0.0023008009
0	0.1934859550	0.0002618652	0.4136547637	0.2728697531	0.0865211063	0.0000942226	0.0007594936	0.0239112837	0.0000057319	0.0084358249
0	0.0001000480	0.0664997924	0.7153358363	0.0019736943	0.1237282149	0.0132678295	0.0345905691	0.0000000000	0.0092053149	0.0352987005
1	0.0407248862	0.0000027061	0.3675890053	0.0000000000	0.0059936245	0.0906482657	0.1375857765	0.1588570612	0.0556766175	0.1429220571
0	0.0430363909	0.0016136160	0.0339388707	0.0012528734	0.6129106130	0.1337426211	0.0139054736	0.0534560120	0.1026708809	0.0034726485
0	0.0058456645	0.0035226003	0.0233440107	0.0039086408	0.1313704968	0.0249711549	0.6472091889	0.0000074156	0.0401565725	0.1196642551
1	0.1355302208	0.0001709075	0.4435738824	0.1466536079	0.1213760179	0.0134828884	0.0017144817	0.0000050179	0.0023794471	0.1351135286
0	0.0000197762	0.3143897038	0.0040448413	0.0340102394	0.2314709531	0.0000004351	0.0000061942	0.3094357138	0.0893111468	0.0173109963
1	0.0084851132	0.0184355618	0.8255405448	0.0006635784	0.0209592765	0.0020294777	0.0619537873	0.0064101644	0.0290463468	0.0264761491
0	0.0033859488	0.5381215142	0.0170414214	0.0128675393	0.2885662337	0.0102006104	0.0004207857	0.0139379947	0.0715715672	0.0438863847
0	0.0000242619	0.0814608635	0.8282584028	0.0114097162	0.0161842030	0.0504422425	0.0013039897	0.0029352971	0.0007304048	0.0072506186
0	0.0606985101	0.1224541127	0.0468629246	0.1316198571	0.3220560307	0.0572012567	0.2418726617	0.0022276076	0.0000000001	0.0150070387
0	0.0259267555	0.0000656567	0.0303961315	0.0163893028	0.4210134150	0.0157473517	0.4530899242	0.0004025773	0.0004324450	0.0365364404
0	0.0315000866	0.2411348641	0.0001253652	0.1358595025	0.0562394574	0.0000000000	0.1116650028	0.0072416801	0.2811786326	0.1350554087
0	0.1456058277	0.1907795044	0.0104293201	0.0318929410	0.0776892913	0.0692623343	0.0005960411	0.0451963155	0.0023112622	0.4262371623
0	0.0000083436	0.4255199907	0.0000286475	0.0000000000	0.0832492148	0.1891273820	0.0330415771	0.0972076828	0.1060271583	0.0657900032
0	0.0167894473	0.0772996596	0.1234192590	0.0846907568	0.2419935595	0.1364025807	0.2291280211	0.0000000000	0.0468098925	0.0434668236
1	0.0014544111	0.0000032671	0.2030034768	0.0000018509	0.3033084913	0.0964324954	0.2627106579	0.0038692483	0.0695420965	0.0596740047
0	0.0000000000	0.0766912442	0.1354736859	0.4233239986	0.1708333692	0.0000132732	0.0000000932	0.1621598114	0.0310756280	0.0004288963
1	0.0619454843	0.0004884850	0.4108193486	0.0069696645	0.0874969250	0.1982656043	0.0000003155	0.0801978652	0.0000044122	0.1538118954
0	0.0444534173	0.2741493971	0.1367502700	0.1902218012	0.1060277789	0.0808119867	0.0419218553	0.0009698713	0.1233649528	0.0013286694
0	0.0072559029	0.0319045943	0.8203247894	0.1181630603	0.0009174837	0.0055008874	0.0135319253	0.0000000000	0.0023939502	0.0000074065
1	0.0489106507	0.0043653922	0.0449122709	0.0022773613	0.0278839452	0.0425018134	0.1338877476	0.0053902617	0.6876752338	0.0021953232
0	0.0190252693	0.0103173381	0.0000000000	0.0601432692	0.0005670480	0.0475368175	0.0636029060	0.0000156849	0.0202560331	0.7785356339
0	0.0603367464	0.0003391650	0.0681948825	0.0027780585	0.0055837179	0.1843333138	0.2991046663	0.0389548583	0.0684052798	0.2719693114
0	0.0001354760	0.0251185463	0.3902753302	0.1323837055	0.0779861289	0.0107795700	0.3181333594	0.0055816628	0.0396032589	0.0000029620
0	0.0159810240	0.0312612205	0.0942890736	0.0019052236	0.0132924586	0.7266639018	0.0110005688	0.0503152179	0.0521864824	0.0031048290
0	0.0549305862	0.0892182683	0.3204572515	0.0005436596	0.0105207615	0.2744199985	0.0989828878	0.0301010017	0.0549705813	0.0658550036
1	0.0000000065	0.0000007932	0.1379571979	0.1134330649	0.5071324752	0.0190435421	0.0170709518	0.0000000000	0.0924982464	0.1128637221
0	0.0000000004	0.8412345207	0.0153247431	0.0000000000	0.1328355477	0.0019825949	0.0016180935	0.0019634525	0.0021921104	0.0028489366
0	0.0039859311	0.0431856208	0.0238956359	0.1531230196	0.0159365569	0.0000261930	0.7513161219	0.0075112142	0.0000688467	0.0009508600
0	0.0000353000	0.2491115506	0.0026329368	0.2202824279	0.0351816401	0.0431965871	0.0228422020	0.0371766584	0.3786754750	0.0108652220
1	0.0164435786	0.0000000000	0.4152361996	0.0013244436	0.0000000000	0.2228413502	0.0000005951	0.0027081315	0.1750266599	0.1664190415
0	0.0322532388	0.5809339985	0.0077793520	0.0107931830	0.0089392342	0.0128809700	0.2038759808	0.0204011596	0.0127100935	0.1094327896
0	0.0019099792	0.1956692126	0.1765558175	0.0000005483	0.3049678784	0.1444152826	0.0000526516	0.1633381576	0.0130904720	0.0000000003
0	0.7118387537	0.0002743500	0.0813448480	0.0000002137	0.0489454739	0.0057518678	0.0725486475	0.0491038344	0.0301663452	0.0000256659
0	0.1939813099	0.0971648738	0.1492906831	0.1491552012	0.0706937876	0.2226059825	0.0324761097	0.0000003089	0.0829346386	0.0016971047
0	0.0000285494	0.0050092536	0.1272645566	0.0058602617	0.1210285010	0.0531845319	0.1598744756	0.0363753369	0.1144910887	0.3768834446
0	0.0604779140	0.0037728620	0.0198406443	0.0000000083	0.1745629406	0.7211439602	0.0017801898	0.0001819839	0.0054749462	0.0127645508
0	0.0036776253	0.0000005030	0.0019429237	0.0835719564	0.1044993367	0.4062907598	0.0407936775	0.0015762438	0.3034802499	0.0541667239
0	0.0000253808	0.1969993105	0.1160995009	0.0089919175	0.1140869682	0.0244062888	0.1581793996	0.0000000026	0.3663965051	0.0148147259
0	0.0017237661	0.0132396024	0.0510444406	0.1664346816	0.3732726507	0.0348256334	0.0176448655	0.0596617874	0.0000099343	0.2821426381
0	0.0000443997	0.2177993478	0.0006370692	0.0034485083	0.0556035400	0.0842409824	0.0657617944	0.2813658006	0.0003640333	0.2907345243
0	0.0260622001	0.4935546799	0.1196097048	0.0000175367	0.2159622058	0.0626867534	0.0307208284	0.0348005459	0.0165853865	0.0000001584
0	0.0054715745	0.0007684546	0.0000000001	0.9297940509	0.0488788855	0.0039939275	0.0069407361	0.0000200136	0.0041073395	0.0000250177
0	0.0074418722	0.1570722990	0.0017694426	0.6564785859	0.0342124937	0.0003237192	0.0656743723	0.0000055699	0.0000000002	0.0770216450
0	0.0280228288	0.1200915411	0.2299850414	0.1957476623	0.0272757394	0.0764485045	0.0794427395	0.0000000000	0.1161274021	0.1268585409
1	0.6575670699	0.0000000000	0.0176065476	0.0117194332	0.0912006031	0.0255371185	0.0007786016	0.0233634930	0.0649396692	0.1072874640
1	0.0663347724	0.0000201814	0.7602874611	0.0000000000	0.0181140046	0.0011124743	0.0161150504	0.0000001210	0.0245976383	0.1134182965
0	0.0217497756	0.3012913466	0.0055208083	0.1544764368	0.3639101423	0.0039132312	0.0000197048	0.0000000004	0.0372528849	0.1118656689
0	0.0186174794	0.0902496061	0.0011502919	0.0776948650	0.0073497369	0.0004809218	0.0638115174	0.1026960486	0.0000058919	0.6379436410
0	0.1266431281	0.6633073915	0.0008083570	0.0001668252	0.1795004119	0.0008333083	0.0003222049	0.0070849027	0.0055780112	0.0157554592
0	0.0001229150	0.0240019907	0.0004814067	0.0011806431	0.8695739662	0.0140287723	0.0456551741	0.0217949406	0.0078851093	0.0152750821
0	0.0262701641	0.0165825748	0.2845726580	0.0000000000	0.5113643012	0.0557819743	0.0000039884	0.0011132844	0.0000940436	0.1042170113
0	0.0000000000	0.2292421458	0.0299802764	0.0062278502	0.0259772994	0.0503807143	0.1370868993	0.0012489672	0.1471654586	0.3726903888
0	0.0023396105	0.3631734219	0.0271066775	0.2433855633	0.0607705640	0.0106361817	0.0515864178	0.1875640796	0.0093375755	0.0440999083
0	0.0000686628	0.2893927212	0.0003719566	0.0083168225	0.1516938982	0.0139587209	0.3354435074	0.0584608687	0.0773121931	0.0649806485
1	0.2412358956	0.0000000062	0.1206650773	0.0124936674	0.0765622953	0.0005353108	0.0016556448	0.1009252100	0.0623420234	0.3835848693
0	0.0011637324	0.1457158462	0.4323554608	0.0270478900	0.2123962951	0.0000001577	0.0307015731	0.0011466479	0.0000003375	0.1494720592
0	0.0506223876	0.0071647728	0.0000000001	0.1486697501	0.0218375963	0.0018786015	0.3715378517	0.0136054931	0.3480856095	0.0365979374
0	0.0254738768	0.0062682190	0.0000003729	0.0105187947	0.1651865895	0.0089771511	0.0091494561	0.0000707423	0.7353356093	0.0390191883
0	0.0000000002	0.0047826279	0.5083302987	0.0885658953	0.0000002400	0.0010081155	0.3263907472	0.0000000000	0.0706825316	0.0002395437
0	0.0000503804	0.0406184638	0.6543110585	0.0069513629	0.0040615043	0.0870581160	0.0084749217	0.0000000261	0.1268580925	0.0716160738
0	0.0000419834	0.2457090068	0.0000038065	0.1151405083	0.3484679736	0.2007158682	0.0101379920	0.0167120365	0.0630708247	0.0000000000
0	0.0056894981	0.7120239698	0.0004132735	0.0311630644	0.0442847869	0.0000000105	0.0904807982	0.0014522204	0.1081204484	0.0063719299
0	0.0000000000	0.0216657764	0.0556409848	0.1153785624	0.0320363312	0.0024845423	0.6579463310	0.0075404681	0.0058468473	0.1014601564
0	0.0216507548	0.0300223748	0.2632154910	0.0071935560	0.1407796639	0.0345295102	0.1416267286	0.3563157854	0.0021986625	0.0024674727
0	0.4235890617	0.3598276485	0.0381762203	0.0828522515	0.0293314800	0.0010285088	0.0576321846	0.0074473318	0.0000000000	0.0001153127
0	0.0000028803	0.0298055414	0.1232882727	0.0066140689	0.0953345298	0.6464822571	0.0017744414	0.0227540163	0.0732985523	0.0006454399
0	0.0000001294	0.1661881348	0.0000000013	0.0357863409	0.3193755884	0.0000005540	0.0000000000	0.3191737128	0.0055919629	0.1538835754
1	0.1180778448	0.0000000000	0.4434061170	0.0010871986	0.1385004078	0.0309147293	0.0269379669	0.0437960655	0.0252467312	0.1720329389
0	0.0000000000	0.4472741926	0.0555624276	0.1627808423	0.2051590884	0.0043184063	0.0064071604	0.0320969345	0.0864009480	0.0000000000
2	0.8795685374	0.0000005136	0.0025714001	0.0000000000	0.0000773610	0.0000417646	0.0000003174	0.0000002073	0.0893093634	0.0284305350
0	0.1258406056	0.1401867837	0.0000050998	0.0768518963	0.2958233637	0.0978938636	0.0608347683	0.0039250444	0.1780667543	0.0205718202
0	0.0014009243	0.0146068030	0.2147719184	0.1340024878	0.5831763236	0.0002127573	0.0000179105	0.0199123162	0.0000000007	0.0318985582
0	0.0005137257	0.0000014054	0.0562957090	0.2197910046	0.5269198997	0.1756704786	0.0014770067	0.0193236642	0.0000071061	0.0000000000
0	0.0696486377	0.3125455772	0.1415530662	0.1642213601	0.1439993078	0.0640286444	0.0670777573	0.0002039261	0.0101116533	0.0266100699
0	0.0575482646	0.0001000638	0.1057525943	0.6332351397	0.0717354532	0.0309906617	0.0923812800	0.0000000241	0.0045048123	0.0037517063
0	0.0139171317	0.1964763870	0.0586100368	0.0000000000	0.0740866098	0.4762684483	0.0007371808	0.1084310077	0.0000374446	0.0714357534
0	0.0008187339	0.2566380753	0.0238823634	0.0913480120	0.3026195745	0.0356419209	0.0750037671	0.0052262648	0.1298219728	0.0789993153
0	0.5192189840	0.0001088406	0.1367931202	0.0339349563	0.0530008982	0.1280596735	0.0741892069	0.0017327162	0.0000075943	0.0529540097
0	0.0061038610	0.4340038232	0.1092228828	0.0074092742	0.1632591300	0.0019561313	0.0052399787	0.2677801181	0.0009404049	0.0040843960
1	0.1409637958	0.0000000000	0.0596446355	0.0000000000	0.2023456531	0.1779241815	0.2917591949	0.1035005147	0.0003318989	0.0235301255
0	0.0000014326	0.2290901042	0.0001704608	0.2509752808	0.1414447434	0.0130576713	0.2108657542	0.0885788454	0.0262210148	0.0395946926
0	0.1025629294	0.0000151504	0.1664613061	0.2351197760	0.1819342877	0.0000000000	0.0011201085	0.0000703751	0.2043316857	0.1083843810
0	0.0000208991	0.0007552618	0.0854976921	0.0113610716	0.3716810402	0.0447052767	0.0002482322	0.0032969506	0.0000000006	0.4824335751
0	0.3776975621	0.0000744134	0.0784956598	0.0125444568	0.2166412710	0.2769456089	0.0000000062	0.0053835712	0.0002075395	0.0320099110
0	0.0000657628	0.0075030353	0.0060043287	0.0000037539	0.0455755212	0.8016186643	0.0166505913	0.0035194399	0.0034446381	0.1156142646
0	0.0022512001	0.0003694120	0.0096550004	0.1063913346	0.1410388166	0.1337148926	0.0158240600	0.1437995368	0.0198325298	0.4271232173
1	0.0445375444	0.1063184716	0.3498840064	0.0006135805	0.1048136491	0.0007880500	0.0000000000	0.1134699470	0.0030719920	0.2765027591
1	0.1193343562	0.2477361521	0.0001260094	0.0320056948	0.0023712988	0.0619130035	0.0000000000	0.0048866386	0.2219986343	0.3096282123
0	0.0000104458	0.0000041023	0.6998215470	0.0823394398	0.0000000011	0.1180087556	0.0018102859	0.0010039480	0.0651568981	0.0318445766
0	0.0000000000	0.7050816290	0.0412941157	0.0856509338	0.0034654189	0.0190938409	0.1105915355	0.0012728716	0.0080993783	0.0254502764
0	0.3040827205	0.4017916622	0.0231707313	0.0000000000	0.0000000000	0.0002605522	0.0386980919	0.0187380679	0.2120418274	0.0012163466
0	0.0016532264	0.0495760453	0.3277938539	0.0000672787	0.1492291101	0.1057440317	0.0018917776	0.2541463382	0.1064624736	0.0034358646
1	0.0444917927	0.1823589885	0.2689106539	0.0000000000	0.2363778665	0.0443991246	0.1021424576	0.1201018084	0.0012173077	0.0000000001
1	0.4114874409	0.0159458329	0.0688898410	0.0211681889	0.1787733846	0.0524015980	0.0201449630	0.0224303387	0.0000000012	0.2087584108
0	0.0000001488	0.0182026869	0.1108208357	0.0000516993	0.0078965334	0.1059857260	0.1612594108	0.2746168520	0.1263605096	0.1948055977
0	0.0077954651	0.0040296274	0.1093751678	0.0001018893	0.2502893169	0.2467636213	0.1896138249	0.0000000000	0.0266852602	0.1653458271
0	0.0013593895	0.0216588649	0.0692358290	0.0000002072	0.5471919679	0.1310641128	0.0048792148	0.0012178983	0.0015200630	0.2218724524
1	0.0228295241	0.0175419288	0.4770868190	0.0119190021	0.0934113891	0.1947567493	0.0148996103	0.0000317886	0.1066129490	0.0609102397
0	0.1502092059	0.3330616650	0.2635756800	0.0052692215	0.1326543247	0.0000000000	0.0014756357	0.0422577668	0.0710358961	0.0004606042
0	0.0000000000	0.0000022082	0.0820350830	0.1197990763	0.0546433307	0.2066274437	0.0428890924	0.3046967939	0.0432250299	0.1460819419
0	0.0655672500	0.7901357006	0.0071725503	0.0001089428	0.0000000000	0.0647684417	0.0329473810	0.0375846727	0.0013631078	0.0003519531
0	0.0197529069	0.0024590473	0.0266685890	0.0192567794	0.0354054285	0.0471615888	0.0000737065	0.1643956154	0.0027475409	0.6820787973
1	0.0055387916	0.0111202450	0.3734592416	0.1590664781	0.2115786045	0.0800507106	0.0000000000	0.0379428217	0.0264794640	0.0947636430
0	0.0796011036	0.5815786467	0.0000000007	0.0000000000	0.0789053364	0.0348868897	0.0253102309	0.0026910445	0.1368942431	0.0601325044
0	0.2293571536	0.1864269941	0.0720061214	0.3067131711	0.1155665891	0.0428304384	0.0194056705	0.0000058503	0.0000000222	0.0276879895
0	0.0000041628	0.0373360838	0.0199202961	0.0174368161	0.1384520603	0.6067478357	0.0015174862	0.0000000007	0.0647033326	0.1138819257
0	0.0225826766	0.2872937848	0.0170355531	0.0035177704	0.4106166859	0.0238521482	0.0021729083	0.0805921531	0.0721579922	0.0801783275
0	0.0109507273	0.1195414025	0.0000000166	0.1823244956	0.0023952343	0.3265590432	0.0000000000	0.0001530138	0.3200203670	0.0380556997
0	0.1385229472	0.0058365404	0.0256039536	0.4584241256	0.3527835164	0.0149359225	0.0002982119	0.0001933619	0.0026206523	0.0007807681
0	0.0041461787	0.7876897434	0.0880376002	0.0334139223	0.0443369835	0.0224702375	0.0000000000	0.0143838984	0.0055208946	0.0000005413
0	0.2091683688	0.0838185344	0.0301596383	0.0072444780	0.0000016090	0.1472611021	0.0188426492	0.0468974840	0.0000001710	0.4566059650
0	0.0891416615	0.0024490921	0.0798378272	0.2500709446	0.0317944857	0.0294711419	0.0904160273	0.0842411960	0.0245488340	0.3180287897
0	0.0806158792	0.0016892038	0.6355932508	0.0404630544	0.1017721301	0.0106346793	0.0000207159	0.0218718865	0.0937413350	0.0135978650
0	0.0001375088	0.3683117717	0.2463950589	0.0000000000	0.2255992495	0.1223395673	0.0000000014	0.0000385980	0.0000790518	0.0370991926
0	0.0126544250	0.3186547801	0.0258737100	0.0282727090	0.2965797825	0.2568668043	0.0552319851	0.0000000000	0.0000001666	0.0058656373
0	0.0000000000	0.0288037234	0.0666796113	0.5165896789	0.3073540285	0.0666010120	0.0000002461	0.0000000000	0.0000000000	0.0139716997
