0	0.0218872255	0.0065199115	0.0000000000	0.0904841213	0.0474138426	0.0036773151	0.1987705232	0.1344637339	0.4331111366	0.0636721902
0	0.1844815438	0.2159455473	0.1720202899	0.0161929680	0.0002212413	0.1586364097	0.0274568699	0.0339078204	0.1715372732	0.0196000365
0	0.0047925168	0.0527921926	0.2821864522	0.0299766581	0.0712309773	0.0404173404	0.0000014729	0.1816695679	0.2209038772	0.1160289447
0	0.0132267175	0.6493689007	0.0000230746	0.0546846057	0.0330906022	0.0001095619	0.0220670282	0.0114932205	0.0184996578	0.1974366310
0	0.0499198110	0.1062320882	0.0497428398	0.0092401985	0.0020403030	0.0434703071	0.0220601196	0.0031389927	0.7130416596	0.0011136804
1	0.0542461896	0.0186670245	0.3673578905	0.3423310850	0.1418197402	0.0129419034	0.0111772931	0.0344837024	0.0033875473	0.0135876238
0	0.3698337973	0.0026503578	0.1148885862	0.0097630707	0.0000000055	0.0170836493	0.0185638361	0.0255197154	0.2411052428	0.2005917388
0	0.0488144643	0.7744624591	0.1068343650	0.0143071045	0.0002037589	0.0036971999	0.0368843113	0.0145206356	0.0002756566	0.0000000447
1	0.0000304149	0.0000315312	0.0000000062	0.1273695810	0.1496594533	0.1980826496	0.0000000000	0.1801681216	0.0000000142	0.3446582278
0	0.3125933681	0.0590677156	0.0304691545	0.0034915351	0.0177635906	0.0008370184	0.1112576550	0.2851993459	0.0228363640	0.1564842528
0	0.2734886755	0.0968161451	0.0074097776	0.0568022132	0.0062824891	0.0182872228	0.0076876033	0.5316329820	0.0015850137	0.0000078778
0	0.0346055841	0.0109735970	0.0000207712	0.0281721593	0.0393363127	0.5096471573	0.0271962388	0.0825846208	0.1861983158	0.0812652431
0	0.0536629888	0.1084157258	0.0417896175	0.2341817897	0.3509980743	0.0002854415	0.0416047919	0.0004815019	0.0937580972	0.0748219713
0	0.0002297054	0.0327505614	0.1670786124	0.0216758537	0.0107878305	0.2666446707	0.0222664952	0.4527315730	0.0093345651	0.0165001325
1	0.0114843724	0.0000000000	0.6619623063	0.0577919836	0.0023169319	0.0121997657	0.0018883567	0.2256611719	0.0000077537	0.0266873579
0	0.1136061022	0.6410614269	0.0421825747	0.0110507709	0.0247450960	0.0159220366	0.0179640399	0.0119294089	0.0201346030	0.1014039410
0	0.0025587463	0.0256684187	0.0001468405	0.0625276550	0.0470906831	0.0013910687	0.0034665510	0.0005225681	0.0389818584	0.8176456102
0	0.0039063924	0.0215737133	0.2832399128	0.0735071457	0.0002175395	0.1763253672	0.2441237070	0.0434931423	0.0220027161	0.1316103636
1	0.0917528113	0.0112841572	0.0000000000	0.0868521470	0.0001849036	0.0080500424	0.0006011272	0.7639025562	0.0136416719	0.0237305832
0	0.0043824036	0.0208146268	0.0000000002	0.0031787929	0.0196798066	0.2119057688	0.0000000000	0.0289143081	0.6858732962	0.0252509970
0	0.1222130038	0.0221170797	0.1050317601	0.0002329905	0.5939877949	0.0833787017	0.0027391596	0.0139957291	0.0534577851	0.0028459955
0	0.0501880605	0.0006456241	0.0216062153	0.0025096735	0.0806575403	0.5153760854	0.2195739301	0.0364352682	0.0505833506	0.0224242520
0	0.0152863913	0.1214888836	0.2772187237	0.1148644483	0.1102122735	0.0000000198	0.1048309592	0.0762393662	0.0513362851	0.1285226492
0	0.0000047716	0.0001584885	0.0134950502	0.0003036355	0.0073502645	0.0212707174	0.0000781727	0.9540693110	0.0032695079	0.0000000807
0	0.0339749922	0.0260874730	0.1746604624	0.1505474984	0.0935394889	0.0000000000	0.3743772352	0.0802032630	0.0654613284	0.0011482585
0	0.0618594449	0.0704568368	0.0457336638	0.0131582294	0.0596926646	0.6151267649	0.1138685774	0.0063585317	0.0050878960	0.0086573905
0	0.0031288183	0.0477298121	0.0410626559	0.0937199024	0.0308142738	0.0090113629	0.5764159935	0.0003437079	0.1780029504	0.0197705228
0	0.0039015351	0.0009946502	0.0086451061	0.0039570106	0.0587011402	0.0776197737	0.0059660751	0.0001101661	0.7779257059	0.0621788369
0	0.1873400839	0.2520451823	0.0677133370	0.2902713413	0.0485038873	0.0392865358	0.0000000000	0.0000019548	0.1148373576	0.0000003199
0	0.0290909029	0.0171961389	0.2666704149	0.1013129473	0.0020557634	0.4437667677	0.0032380706	0.0011728254	0.0616071399	0.0738890290
0	0.0000638686	0.0992480054	0.0930184693	0.0132403584	0.3581049309	0.0001830931	0.0000000054	0.4161245239	0.0052647052	0.0147520398
0	0.0000000000	0.1327000266	0.1537853038	0.0010459875	0.2087591168	0.0099372769	0.0616377365	0.1218878366	0.1598953778	0.1503513377
0	0.0000000471	0.0251934191	0.0735291122	0.1501127021	0.4647814711	0.0001768158	0.0003754536	0.2102122210	0.0727438363	0.0028749217
0	0.0642046619	0.0545035394	0.0050098331	0.2436484822	0.1383000028	0.0000034140	0.0000010827	0.3789068902	0.1100647127	0.0053573811
1	0.2646884896	0.0201019682	0.0003663624	0.4249517737	0.0045793186	0.0212795870	0.0097733227	0.2346903701	0.0000022917	0.0195665159
0	0.0019915656	0.7874461817	0.0407553836	0.0991923365	0.0186897551	0.0107877100	0.0104532075	0.0110298445	0.0113964395	0.0082575759
0	0.0809803513	0.2032978920	0.0078113996	0.0251703917	0.1412378273	0.0000000000	0.0000000000	0.4260396725	0.0000156560	0.1154468098
1	0.0744912214	0.0299885989	0.3231697747	0.0018419864	0.0015036687	0.0004359000	0.0000361164	0.5385320687	0.0300006647	0.0000000000
0	0.3631930140	0.3171875243	0.0107916530	0.1913663389	0.0559851999	0.0258487869	0.0001052219	0.0171351005	0.0019692656	0.0164178949
0	0.0895932941	0.0785965616	0.0898497218	0.1807558233	0.0309249487	0.3332999586	0.1025024397	0.0297966529	0.0455767581	0.0191038412
0	0.0228908390	0.0240062847	0.0189522390	0.0000014617	0.3325851662	0.0007185315	0.0000000039	0.0025868145	0.5873213098	0.0109373495
0	0.0332145446	0.0002240064	0.0235108483	0.0636057929	0.5270618642	0.2866727953	0.0000001630	0.0000138791	0.0332197452	0.0324763612
0	0.0219815817	0.0066642574	0.0000000148	0.4793217637	0.0047280315	0.0078500174	0.0032668596	0.2342075625	0.2419799114	0.0000000000
0	0.0000102331	0.2135442020	0.0004711100	0.0016861472	0.0000000000	0.0104370816	0.0274231659	0.7069822295	0.0066699371	0.0327758936
0	0.0317101340	0.2246360539	0.0284337907	0.2367342617	0.1363238303	0.0022825891	0.0000000000	0.0294976156	0.0411724865	0.2692092383
0	0.6722536303	0.0296038239	0.0002529169	0.1767857527	0.0003856763	0.0097401943	0.0049025703	0.0358898848	0.0001285078	0.0700570426
0	0.0439646488	0.5059352391	0.1306810624	0.0689294867	0.0458597110	0.0029064670	0.0000086097	0.0450360320	0.1547832574	0.0018954861
0	0.0912429275	0.5871151387	0.0000000135	0.0775104762	0.0307450334	0.0212659774	0.0773786941	0.0537993804	0.0608203707	0.0001219882
0	0.2372316927	0.0026831016	0.1053928726	0.0312095016	0.1250592794	0.1329596212	0.0828157748	0.0297320397	0.0012004370	0.2517156794
0	0.0000122514	0.7774663500	0.0000260050	0.1222313804	0.0272869872	0.0690285920	0.0026284396	0.0009202076	0.0000045383	0.0003952483
1	0.0000749933	0.0140080378	0.1859918000	0.0182012175	0.0393812192	0.0864165731	0.0000237023	0.5769521542	0.0691011106	0.0098491919
0	0.0991274102	0.8305401586	0.0080841330	0.0327876762	0.0033496959	0.0000000008	0.0082449332	0.0000715387	0.0097780694	0.0080163840
1	0.0042371593	0.0072542663	0.1457913883	0.0000000003	0.0000564368	0.0033008154	0.0885297611	0.5709289032	0.0456286699	0.1342725995
0	0.0107892988	0.0555831546	0.0374938765	0.1236138096	0.2917184022	0.0372000394	0.0000237634	0.1553741707	0.2757635566	0.0124399280
0	0.4203801086	0.1111490381	0.1028480988	0.0533409622	0.0137390556	0.1134077214	0.0001732415	0.0584101318	0.0029972962	0.1235543458
0	0.0275543621	0.6939969560	0.0303256468	0.0825510167	0.0012113403	0.0018407602	0.0532324241	0.0950095742	0.0023297292	0.0119481904
0	0.2325594356	0.1093168842	0.0109527935	0.4746555506	0.0346160180	0.0686081451	0.0544342155	0.0000948194	0.0000283231	0.0147338150
1	0.0000000686	0.0034057237	0.0931845523	0.3753773129	0.0006748334	0.2465480226	0.0000000002	0.0635894764	0.0922334134	0.1249865965
1	0.0000052336	0.0022124126	0.0171442872	0.0007054739	0.0002869050	0.0026194453	0.0000004151	0.9289502822	0.0003847180	0.0476908270
0	0.0945387502	0.0057702987	0.0300479595	0.0932945749	0.0297960512	0.0054253410	0.0000851400	0.0001527030	0.0344811966	0.7064079849
2	0.0003124339	0.0000143458	0.1483044975	0.0046509802	0.0005943863	0.1441614803	0.0000181019	0.6894334656	0.0115000284	0.0010102803
1	0.0000000001	0.0000000000	0.0813737600	0.1122464623	0.0113738268	0.0041282037	0.0000000000	0.6944601542	0.0069188691	0.0894987237
0	0.0000000015	0.0007169224	0.0128853846	0.5766625773	0.0767677351	0.0101143079	0.1192800333	0.1244882641	0.0151421085	0.0639426653
0	0.0156742360	0.0000240990	0.1351320504	0.1856387916	0.1017023460	0.1715017338	0.1151425056	0.2196080962	0.0063708522	0.0492052893
0	0.0008834877	0.1302134007	0.0109342408	0.0118924782	0.0000000001	0.0117359977	0.0000000000	0.1155487253	0.1535268752	0.5652647942
0	0.0470291478	0.0643108197	0.0037333192	0.0151086288	0.0075046277	0.0352686510	0.0001761899	0.7355991326	0.0814201511	0.0098493322
0	0.0559556920	0.0147177650	0.3946134486	0.1315361652	0.0000006792	0.2198420432	0.0257252767	0.1065224590	0.0501305460	0.0009559250
0	0.3474137568	0.0508863904	0.1100711614	0.0025847022	0.1539912091	0.0441520889	0.0059938265	0.0779790496	0.0387810471	0.1681467679
1	0.0000725485	0.0554144101	0.0274212775	0.0294480830	0.0006902332	0.0198671452	0.0923649976	0.7607390754	0.0127143973	0.0012678322
0	0.0516589834	0.0758360105	0.0018845144	0.1378172545	0.0003249522	0.0623806010	0.0018783752	0.2230959558	0.0873539366	0.3577694166
1	0.2857926029	0.0007078683	0.1523551053	0.0806043961	0.0015591547	0.1181183066	0.0038200079	0.3570247948	0.0000140738	0.0000036896
0	0.0606531858	0.0008101028	0.0427741451	0.3453004482	0.2115090900	0.1530341223	0.0000000007	0.1753858878	0.0043127609	0.0062202563
1	0.0715920422	0.0306676565	0.0000001445	0.5915751299	0.0027954240	0.2355939523	0.0184069791	0.0176794216	0.0004591182	0.0312301317
1	0.0002325822	0.1014323096	0.1201260093	0.0081796592	0.2290499783	0.1848646604	0.0670163837	0.2426683257	0.0443948802	0.0020352115
1	0.2490689143	0.0248368031	0.0678474924	0.0780684014	0.0009881257	0.1035349443	0.0055463657	0.3745810299	0.0954432154	0.0000847076
0	0.0098399189	0.0678663228	0.0046270574	0.1310368519	0.0000000109	0.0000163525	0.0149041216	0.3163499968	0.4552575296	0.0001018375
0	0.0000426703	0.0004034411	0.3582358342	0.0727025056	0.0067350697	0.0075849218	0.0556444649	0.0899415767	0.4042002837	0.0045092319
0	0.0139567110	0.0567709076	0.0094938272	0.0593963389	0.1381676187	0.0000018019	0.0880288455	0.1020756732	0.3116904243	0.2204178516
0	0.0320054009	0.0306281011	0.5734021961	0.1742033334	0.0149801116	0.0001547111	0.0000014651	0.0135164266	0.1610464423	0.0000618119
0	0.5115959863	0.0063558313	0.0030921962	0.1803875924	0.2067743810	0.0137033386	0.0000477353	0.0000036860	0.0766607207	0.0013785321
0	0.0006644136	0.2397864257	0.1227073779	0.0668763758	0.1747200675	0.0004143213	0.1776430490	0.1698177785	0.0470588092	0.0003113815
0	0.0000000000	0.8346937324	0.0999575380	0.0008687205	0.0220949718	0.0000116915	0.0001480209	0.0031154753	0.0232445314	0.0158653181
0	0.2925154200	0.0008789133	0.0770900050	0.0496938151	0.0006180581	0.0000000000	0.3388711003	0.2119919727	0.0281486368	0.0001920787
0	0.0000210620	0.8265685738	0.0000000000	0.0630873973	0.0544189183	0.0220227364	0.0012117069	0.0153184605	0.0064360014	0.0109151435
0	0.1189326571	0.0965503028	0.0000022280	0.2040595487	0.1996343819	0.2820731832	0.0272337967	0.0000000543	0.0536194474	0.0178943999
0	0.1269133336	0.0001521248	0.0086511934	0.6811137153	0.0480145660	0.0000000000	0.0024832173	0.0008351000	0.1314761189	0.0003606306
0	0.0008267989	0.0425918495	0.0039114578	0.0536073278	0.0640146419	0.4263545537	0.0000000000	0.0043286320	0.3825160784	0.0218486601
0	0.3541902803	0.2189565172	0.0019960253	0.1154814404	0.0435954557	0.0016187844	0.0694162008	0.0474695420	0.1418872146	0.0053885394
0	0.0951079141	0.2538201619	0.0000000000	0.3299406156	0.2462491109	0.0000000000	0.0437634245	0.0038309094	0.0016225226	0.0256653409
0	0.0621568877	0.0173315604	0.0018435937	0.3404231621	0.0401492791	0.0919874087	0.0142393692	0.3387950580	0.0088996357	0.0841740455
0	0.0000000570	0.3574436810	0.0703351451	0.0000002524	0.0229369773	0.0033079732	0.0759461004	0.3770906897	0.0929337062	0.0000054176
0	0.0564849688	0.0414947367	0.0547963164	0.0091735454	0.0137177047	0.3208801869	0.0013987934	0.0361450237	0.4659086957	0.0000000282
0	0.0000000000	0.0164296837	0.0303864044	0.0425961785	0.0813090502	0.4651055955	0.0495476774	0.1046105342	0.2100137678	0.0000011084
0	0.0053013432	0.0629068033	0.8352787872	0.0000395349	0.0014697492	0.0200282500	0.0015467002	0.0282127448	0.0435625375	0.0016535498
0	0.0228467809	0.0111535023	0.0000000558	0.6325869173	0.0090697572	0.0184359517	0.0060150850	0.2279587946	0.0607993173	0.0111338379
0	0.0156282346	0.4114995716	0.0008830090	0.0885954931	0.0076972811	0.1204549072	0.0016514718	0.2239443345	0.1281158148	0.0015298824
0	0.1349847401	0.5724540424	0.1293960750	0.0293761398	0.0245217092	0.0000099303	0.0000000000	0.0080117671	0.0617335500	0.0395120462
1	0.1965935915	0.0534577505	0.0011870155	0.4470244814	0.0002933289	0.1477002176	0.0000000000	0.0221531320	0.0492877469	0.0823027358
0	0.1267418815	0.0401139592	0.0000105710	0.2318600846	0.0000001021	0.0716243792	0.0000050427	0.0314103107	0.1875434512	0.3106902178
0	0.0000000000	0.3182070724	0.0695363645	0.1052911238	0.0032433220	0.0958243568	0.0000000003	0.0256322262	0.1683400238	0.2139255102
0	0.0324118515	0.2372846774	0.0498121298	0.3354260624	0.0000000000	0.0058822546	0.0000023003	0.1011111135	0.0046205908	0.2334490199
0	0.1443135864	0.0737657280	0.1832522546	0.0013183234	0.0528703560	0.0036501609	0.3827939659	0.0063768251	0.1504733560	0.0011854438
0	0.0017662203	0.1970663914	0.0140987085	0.3819380562	0.0673749099	0.0000006561	0.0074310166	0.2348990440	0.0889992322	0.0064257648
0	0.0000000000	0.0510935284	0.0038592614	0.0000000000	0.3160391828	0.0099677380	0.0962472554	0.4828266765	0.0399663575	0.0000000000
0	0.0477895213	0.2184780581	0.0008717205	0.1482250584	0.1255407972	0.0931281942	0.0000000000	0.0721754487	0.2738974120	0.0198937896
0	0.0207947106	0.1573703278	0.1906591281	0.1014613729	0.2550335475	0.0203055397	0.0000000079	0.0857757493	0.1387392544	0.0298603619
1	0.3817178988	0.0005810063	0.0534608398	0.0314158937	0.3386957863	0.1368194532	0.0000000000	0.0004069102	0.0082583130	0.0486438985
0	0.0106630273	0.0492794354	0.0160130912	0.4668767955	0.2854018221	0.0084326871	0.0029173358	0.1101984869	0.0499949523	0.0002223666
0	0.2936253737	0.0671201941	0.1117096352	0.1700206869	0.0416503214	0.0040899369	0.0251699803	0.0758457952	0.2093679960	0.0014000803
0	0.0599018505	0.5177236298	0.0029655562	0.0129223993	0.0088123814	0.2907072580	0.0000547584	0.0103332279	0.0191363368	0.0774426017
0	0.3517107657	0.0719093681	0.0263558271	0.0435020049	0.2043110582	0.0185485475	0.0006884472	0.0740266570	0.1597320676	0.0492152566
0	0.0457152923	0.1184066099	0.3744162428	0.0005480843	0.1608438648	0.0805588421	0.0177565544	0.0001033968	0.2002208927	0.0014302199
0	0.1914524259	0.0577076029	0.2703051899	0.1465085348	0.0647263381	0.0000000000	0.0000000005	0.0020155676	0.0000014338	0.2672829065
0	0.0757099403	0.3561505612	0.0736644890	0.3096215155	0.0161082589	0.0032424010	0.0000014638	0.0590772568	0.0000000030	0.1064241105
0	0.0536751871	0.0010865617	0.4286169970	0.0268139301	0.0000032683	0.1446713782	0.0004224568	0.0001941740	0.2735874618	0.0709285848
1	0.0011357707	0.0076507651	0.0038089290	0.0000803091	0.0344652508	0.0003592206	0.0000000000	0.9462737697	0.0000000000	0.0062259851
0	0.2537011703	0.1130293663	0.0961665549	0.1230893677	0.1138069154	0.0232852025	0.0000000464	0.1506627993	0.0346177122	0.0916408649
0	0.3110838542	0.0330339818	0.0836125817	0.0192128291	0.0101311176	0.0019734629	0.0098423858	0.4457631583	0.0138730250	0.0714736037
1	0.4176973231	0.0583344866	0.0975958604	0.0109112435	0.0055249605	0.1485245079	0.0046092898	0.0839556433	0.0574099188	0.1154367661
0	0.0191338165	0.0518711356	0.0304094845	0.0788895790	0.2091353817	0.2023223944	0.0012064341	0.3509944004	0.0549955619	0.0010418120
1	0.0948048559	0.0007386082	0.0000445791	0.0353731566	0.0050297935	0.0189935320	0.0000000000	0.7413500224	0.0001113696	0.1035540826
0	0.0639092016	0.3353208806	0.0415641034	0.0343387990	0.0210618527	0.0101774899	0.3661459931	0.0001564290	0.0899489605	0.0373762903
0	0.0000095797	0.4556672127	0.0123686317	0.1333892008	0.0100673036	0.0253145243	0.0005408625	0.0473701199	0.2679533038	0.0473192609
0	0.7254713703	0.0162135375	0.0000173323	0.1679907724	0.0015787468	0.0000925937	0.0062569913	0.0001736139	0.0747329064	0.0074721354
0	0.0436047106	0.0075678168	0.0322189390	0.6368814792	0.1333077780	0.0169649851	0.0000000000	0.1208582792	0.0085929837	0.0000030284
0	0.0114768768	0.5844374355	0.0000000000	0.0488006422	0.0061555422	0.1698772025	0.0231421488	0.0126656343	0.0496391736	0.0938053441
0	0.2672103592	0.0828061862	0.0520604393	0.3226443703	0.0918808112	0.0313555496	0.0000000000	0.0570848197	0.0579779392	0.0369795252
0	0.0089709108	0.0726852872	0.0000105283	0.7904913565	0.0133594054	0.0005624490	0.0103764710	0.0431375393	0.0604041461	0.0000019064
1	0.0067485169	0.0829851871	0.0174516440	0.0230375297	0.5617007648	0.1436753163	0.0000024842	0.1464711800	0.0173371121	0.0005902649
0	0.0000001579	0.0704536719	0.0000000186	0.1352363734	0.2888034098	0.0693453212	0.1083506115	0.0452731017	0.1632412734	0.1192960607
0	0.2087514760	0.0495667096	0.0000740353	0.1130018925	0.0163097847	0.4928579950	0.1013928255	0.0061699837	0.0118743241	0.0000009735
0	0.3815105320	0.2603833738	0.0000000081	0.0209618287	0.0199555452	0.0000000022	0.0000055312	0.1875504663	0.1123598664	0.0172728461
0	0.0017680185	0.1159168639	0.3617757853	0.0462998027	0.0019345758	0.1915677266	0.0000000002	0.0504548971	0.2079866858	0.0222956440
1	0.8697435206	0.0099512969	0.0000488937	0.0120896959	0.0379772654	0.0038141609	0.0662611533	0.0000000635	0.0000000000	0.0001139497
0	0.0000075725	0.4202671307	0.0000000000	0.2831152374	0.0000005047	0.0008907660	0.0010254537	0.0943591991	0.1858863519	0.0144477840
0	0.0864938754	0.3173868090	0.2083796653	0.0547186697	0.0177553041	0.0016239231	0.1332881109	0.1330338874	0.0349764795	0.0123432756
0	0.0002208421	0.2337936096	0.1887744819	0.1434257158	0.0380670647	0.0324090507	0.0223751453	0.1371815653	0.1814671653	0.0222853593
0	0.0000000000	0.1895131112	0.0393683179	0.2459209629	0.0028516251	0.0236515387	0.0008258896	0.4182912569	0.0792553426	0.0003219550
0	0.0001559432	0.0071514516	0.6178979703	0.0115038957	0.0234666606	0.0109246865	0.0187345851	0.1291791042	0.1809073432	0.0000783597
1	0.0578633252	0.0008718215	0.0025448170	0.0179810218	0.0000014495	0.1259417868	0.0151552392	0.5219982931	0.1991294808	0.0585127650
1	0.0184734925	0.0062004727	0.3945716679	0.0921008374	0.0200717451	0.0352102723	0.0000000000	0.3910736482	0.0246358245	0.0176620395
0	0.0295642065	0.2110630847	0.0077411258	0.0027774304	0.0000702931	0.0034143510	0.0069133760	0.5343945873	0.1999518751	0.0041096702
0	0.0583218473	0.0265278635	0.0254494668	0.0391705818	0.0016500231	0.0002582269	0.0008601958	0.8470604261	0.0000000280	0.0007013406
0	0.0254085671	0.2575112023	0.0916227714	0.0330539911	0.0001162843	0.0695186384	0.0000000000	0.4022701265	0.0877229191	0.0327754997
0	0.0158265168	0.0933480047	0.0226485386	0.0673186800	0.0024937471	0.0213975952	0.4275685244	0.1870298103	0.1476100057	0.0147585772
0	0.0271986554	0.0770239856	0.0043010813	0.0300544159	0.0226592790	0.0000253558	0.2019800538	0.1017417124	0.4445728058	0.0904426550
0	0.0869818013	0.0991205160	0.5099581276	0.0010714297	0.0970876652	0.0165951050	0.0058580442	0.1624457463	0.0107237899	0.0101577748
1	0.0091213448	0.0069743143	0.0015382539	0.0026722998	0.1251974509	0.5044136539	0.0157411586	0.0745051012	0.0074361133	0.2524003095
1	0.0000019077	0.1470313209	0.0001554725	0.5458565372	0.0000274340	0.0010509767	0.0000000000	0.2205477457	0.0728725982	0.0124560070
0	0.2051057033	0.0000000954	0.0281817170	0.5376419283	0.0000023877	0.0148906730	0.0365782153	0.0908352196	0.0485861894	0.0381778710
1	0.0000000000	0.0000000040	0.0148734062	0.0322450101	0.0000000023	0.2126657291	0.0000023843	0.7378215622	0.0000000000	0.0023919019
0	0.1166869251	0.7766400114	0.0516998378	0.0182218472	0.0018892390	0.0039782184	0.0118321852	0.0157150842	0.0015242933	0.0018123585
0	0.0810809291	0.1220958109	0.0321632464	0.1723779340	0.2847529756	0.0082022052	0.0005464922	0.1531707363	0.0097362299	0.1358734405
0	0.2442891400	0.1742766334	0.0215145979	0.1285942825	0.0202981607	0.0011433328	0.3494319160	0.0099708642	0.0000284556	0.0504526170
1	0.0000180162	0.0349932327	0.6660842318	0.0006091442	0.0944966935	0.1044056710	0.0000000211	0.0993908415	0.0000019358	0.0000002122
0	0.0032200464	0.1839656623	0.0023633084	0.2649714775	0.2662046539	0.0022183288	0.0247991813	0.0099965696	0.2400224484	0.0022383235
1	0.4029480445	0.0017421710	0.0726461103	0.0888241072	0.0000035972	0.0516441851	0.0000974111	0.2488181130	0.0313516631	0.1019245975
0	0.0544658570	0.5771989869	0.1493864543	0.1102105968	0.0212012928	0.0103013391	0.0345595054	0.0014860935	0.0001906461	0.0409992281
0	0.0159572351	0.0417182514	0.6160327388	0.0108473175	0.0041493483	0.0101294040	0.2852607109	0.0011591297	0.0147458489	0.0000000153
0	0.0842594458	0.4187169753	0.0054070170	0.0289028317	0.0259478556	0.0281210996	0.0046325519	0.0551190715	0.0321171467	0.3167760050
1	0.0847835591	0.1683302162	0.0000141643	0.0243704730	0.0000071424	0.5032529758	0.0000000004	0.0664734253	0.1488986846	0.0038693590
0	0.0039366337	0.0714922780	0.0000000000	0.0103706171	0.1669329028	0.3543600630	0.0742955871	0.0202621188	0.2051272971	0.0932225023
0	0.0416822073	0.0514476111	0.0318164596	0.4695515057	0.0467147040	0.0656745525	0.2371870923	0.0000000004	0.0558465281	0.0000793391
0	0.0000000000	0.0510186690	0.0000372954	0.0000112425	0.0199651510	0.0267235205	0.0095256491	0.0086655998	0.7050654114	0.1789874612
0	0.0306515045	0.4961068521	0.1304641317	0.2724146096	0.0005216032	0.0088293845	0.0021589331	0.0224515091	0.0307906797	0.0056107924
0	0.0305198591	0.0763359654	0.0118147631	0.0000063826	0.2702750050	0.0542740883	0.0007161465	0.1598988716	0.0923625398	0.3037963786
0	0.2219085749	0.0996964311	0.0040835316	0.0051079577	0.0000051588	0.0930868953	0.0073876592	0.1165177403	0.4470597658	0.0051462854
0	0.0439331860	0.2963728531	0.0018338527	0.0151685865	0.5754629346	0.0136782804	0.0336983088	0.0179160509	0.0019359470	0.0000000000
1	0.0786943656	0.0000000000	0.0054634642	0.1859588407	0.0000176591	0.2364707480	0.0091764952	0.4777496670	0.0001744998	0.0062942604
0	0.5146331389	0.0152578378	0.1148342071	0.0026296105	0.0373678799	0.0891188830	0.0000000226	0.0495544930	0.0346484878	0.1419554394
0	0.0003737750	0.2724419650	0.0223730994	0.0409014929	0.1562853538	0.1642523845	0.2310818909	0.0000936832	0.1121963552	0.0000000000
0	0.1136638024	0.5703840243	0.0009683206	0.0337305894	0.1598018088	0.0000000000	0.0085215904	0.1094337629	0.0009628400	0.0025332613
1	0.0000000736	0.0713354752	0.1696989586	0.5935803337	0.0031440944	0.0350665486	0.0019005551	0.1252736237	0.0000000000	0.0000003372
0	0.0181146795	0.0572210448	0.0047833712	0.0172595921	0.1451088807	0.0008136132	0.0041152132	0.0000062921	0.1118444578	0.6407328553
0	0.0006069408	0.0596522328	0.0451582358	0.0170849145	0.0962011389	0.0272376665	0.0284540156	0.5835457008	0.1206093777	0.0214497765
0	0.0028778461	0.1169797909	0.1355489044	0.0589635372	0.0000031172	0.0164462990	0.0041866650	0.4125280990	0.2524656827	0.0000000584
0	0.0000000002	0.1158259559	0.0011452890	0.0880005292	0.0107821637	0.4067575375	0.0895483150	0.2680161617	0.0195345313	0.0003895165
0	0.0551318942	0.1773968574	0.0703923510	0.1075495961	0.2305337466	0.2437891904	0.0000005461	0.1114812854	0.0000028213	0.0037217115
0	0.0752218051	0.6116709288	0.0247955257	0.0000229375	0.0175507822	0.0732500437	0.0000051468	0.0000000000	0.0586008076	0.1388820225
0	0.5407370174	0.0561998097	0.0033793369	0.0189139183	0.0877554460	0.1989446291	0.0656663322	0.0021005240	0.0262786519	0.0000243344
0	0.0257291795	0.6265725416	0.0000000000	0.1277848792	0.0107758602	0.0079371594	0.0912487227	0.0434491449	0.0520245653	0.0144779473
0	0.0475872911	0.0000056109	0.2421087277	0.0000002688	0.0865301957	0.0491746992	0.0000002846	0.0061660100	0.0207502111	0.5476767011
0	0.0050166873	0.0000862369	0.0107560523	0.0021412604	0.2470350063	0.0039216728	0.0402540141	0.0109958324	0.5164045743	0.1633886632
0	0.6560413313	0.0724459019	0.0003171392	0.0102133185	0.0561972335	0.0014892115	0.0034694700	0.1291217781	0.0313812888	0.0393233271
0	0.0634241640	0.0001439780	0.0405352596	0.0216102879	0.2005398632	0.0344751323	0.0153210978	0.0252152758	0.2242286829	0.3745062583
0	0.0452902447	0.1698751387	0.4779652056	0.1039327556	0.1805359937	0.0000012672	0.0130505306	0.0064580359	0.0000000000	0.0028908280
0	0.0008753788	0.0000000416	0.0122643858	0.7552877393	0.0005008396	0.0303680655	0.0032392888	0.0752810972	0.0001642282	0.1220189353
1	0.0006882429	0.0347967912	0.0193285553	0.0921610123	0.0004795922	0.1204039674	0.0000010929	0.7321404627	0.0000000000	0.0000002831
0	0.6173815697	0.0000408542	0.0249895124	0.0003259128	0.0213721410	0.0014256639	0.0000206332	0.0719275970	0.0492383437	0.2132777722
0	0.0265697014	0.7210534304	0.0686435989	0.0075021656	0.0409744107	0.0062150318	0.0032816862	0.0838701501	0.0010248451	0.0408649796
0	0.0000000000	0.1298616909	0.2274616954	0.0142188161	0.0697505926	0.0223248375	0.0000000047	0.0000527405	0.3948793662	0.1414502560
0	0.0040129426	0.3651238479	0.0672201465	0.2495808423	0.0002054344	0.1611966713	0.0027883431	0.0003432181	0.1166474554	0.0328810984
1	0.0292497769	0.4796031357	0.0379374524	0.0488062194	0.0649135294	0.0193591109	0.0000000943	0.3035907620	0.0008210668	0.0157188523
2	0.0001033064	0.0002502622	0.0019417351	0.0104336757	0.0000002795	0.0000198715	0.0000000000	0.9845458964	0.0000000000	0.0027049732
0	0.0565978286	0.0905830788	0.2376585489	0.0503410226	0.0602224377	0.1251040843	0.0677713233	0.2931472998	0.0045317501	0.0140426258
1	0.0026785978	0.0000136728	0.2749382382	0.0055672255	0.0192698344	0.0165092552	0.0003395637	0.0419874501	0.0126988444	0.6259973179
0	0.0000066693	0.2445418254	0.0649868379	0.0227960326	0.0000000023	0.1114286504	0.0219320922	0.0552271397	0.4528016423	0.0262791077
0	0.5067309633	0.0000000000	0.0000000000	0.0115756230	0.0037551748	0.0036338436	0.2234247868	0.0004548046	0.0908188192	0.1596059847
0	0.2530024585	0.0030956102	0.0956070161	0.0752540475	0.2403431336	0.0011216069	0.0013407943	0.0147638063	0.3151996088	0.0002719178
0	0.0055766902	0.1677111217	0.0259241993	0.6210968560	0.1405528881	0.0000000014	0.0000070903	0.0000479126	0.0121662672	0.0269169732
0	0.0613553118	0.0092600922	0.0354959837	0.0000000000	0.0495275584	0.0000419052	0.0060798070	0.7935643300	0.0086143569	0.0360606548
0	0.0016424568	0.1542551735	0.0858004170	0.0779237075	0.0086431382	0.2360580768	0.0748395295	0.0083259240	0.0556033473	0.2969082293
0	0.0055521534	0.0090915866	0.0165874268	0.0249005102	0.0178734154	0.1364055520	0.0163857796	0.0008814624	0.0270652725	0.7452568412
0	0.0000271155	0.0016893994	0.1587205074	0.0135460448	0.0021117017	0.0001250571	0.0203143497	0.2180921366	0.4012837609	0.1840899268
0	0.0100047441	0.2531765899	0.0321060436	0.1668865159	0.0078869941	0.0804387294	0.0000000053	0.0000639547	0.0181338875	0.4313025355
0	0.0594033528	0.0006359153	0.0529763923	0.1353626519	0.1475790158	0.1816668928	0.0019282124	0.2613950233	0.1475069136	0.0115456297
0	0.1467127346	0.3457025372	0.0000000909	0.0229199394	0.0276854331	0.0000000001	0.0032791250	0.2433822920	0.1918480718	0.0184697758
1	0.0123834383	0.0270662201	0.0484351302	0.0317711612	0.0000000000	0.0208095285	0.0000000000	0.8491193202	0.0030130591	0.0074021425
1	0.0321729633	0.0247576974	0.0641392120	0.0003834515	0.7065376330	0.0239947477	0.0001880085	0.0987040209	0.0082420614	0.0408802042
1	0.0045192710	0.0156490753	0.0232769913	0.1655295131	0.1190930696	0.2705718264	0.0000001542	0.2608929647	0.1081721776	0.0322949567
0	0.0000000000	0.0651485775	0.0271323838	0.0712819977	0.2610930786	0.0866900983	0.0554072014	0.0060163194	0.1551493710	0.2720809724
0	0.4890066857	0.2075301645	0.0927154509	0.0000375485	0.0515538965	0.0514495103	0.0493994971	0.0203268362	0.0047828766	0.0331975338
0	0.2949023281	0.0000000000	0.0385199923	0.0113249054	0.5050557710	0.1139797418	0.0002059362	0.0348969720	0.0011065739	0.0000077794
0	0.2605167503	0.1058137049	0.0521636224	0.0149124355	0.0114928046	0.0005228638	0.5510498206	0.0035279901	0.0000000000	0.0000000079
0	0.0543443023	0.0200799456	0.0896725939	0.0527751497	0.0000213844	0.0373068260	0.0784433205	0.6574233398	0.0099331380	0.0000000000
0	0.1400337692	0.2954056532	0.0020775915	0.1055942504	0.0105581780	0.0000127376	0.0000011821	0.0003023807	0.4441224777	0.0018917797
0	0.0000000002	0.0932055806	0.0003594213	0.1343673115	0.0023213725	0.0618796865	0.0417374633	0.5718059266	0.0906772770	0.0036459604
0	0.5753257589	0.1510831472	0.0262051323	0.0100596922	0.0008132119	0.0094864474	0.0000234777	0.0346371306	0.1923284880	0.0000375137
0	0.0025243128	0.0125976815	0.3270140913	0.0000003344	0.1764037020	0.0000184460	0.0000270970	0.2630693259	0.2065001822	0.0118448268
0	0.0064404579	0.5397604427	0.4018996145	0.0123953214	0.0128130634	0.0116953711	0.0000000132	0.0047515666	0.0011807621	0.0090633872
0	0.0333652914	0.0080869054	0.0032922448	0.0000000001	0.1245601518	0.0015154972	0.0019442082	0.0967401671	0.6869655994	0.0435299347
1	0.0868876130	0.0005679516	0.0487827070	0.6575858670	0.0261884171	0.0000014561	0.0006401811	0.0000005223	0.0004834513	0.1788618336
0	0.6496439918	0.0348886020	0.0000115645	0.0542224208	0.0056816566	0.0120757454	0.0000000000	0.0005269852	0.0002442147	0.2427048190
0	0.1008040050	0.0719913144	0.2047067148	0.1516243899	0.0654717894	0.2052740811	0.0077835159	0.1048861955	0.0862589644	0.0011990297
0	0.0000056793	0.1818398068	0.1388294931	0.2800881835	0.1367560903	0.2288198880	0.0211147985	0.0000313774	0.0079027616	0.0046119216
0	0.1053856323	0.0206076795	0.0219724276	0.0001513965	0.0448300525	0.4047955301	0.0000000000	0.0873929506	0.2895846069	0.0252797241
0	0.0285227500	0.5537303572	0.3531525608	0.0015118935	0.0007377575	0.0231777325	0.0000103482	0.0071984547	0.0086414264	0.0233167192
0	0.0157896220	0.0928609165	0.0000000000	0.6084679252	0.0142078361	0.0066121204	0.1331723310	0.1235448542	0.0000051088	0.0053392858
0	0.0223603797	0.1955735467	0.0000107570	0.1720810748	0.1108580248	0.0023525954	0.0000043932	0.0306970902	0.2861564757	0.1799056626
0	0.0129368547	0.0393862009	0.0534657170	0.0984629320	0.0000220716	0.0000000000	0.0000000000	0.7282595187	0.0060169116	0.0614497935
1	0.0830532774	0.0735711470	0.0704698656	0.0999518005	0.0011570195	0.0001814195	0.0089944074	0.0540791905	0.0024063253	0.6061355474
1	0.0359278468	0.3151438386	0.0490364299	0.1281883494	0.1439760842	0.0293154812	0.0416862936	0.1780214812	0.0000000000	0.0787041951
0	0.0089154671	0.1542403042	0.0501532063	0.5522357925	0.1219506191	0.0183474644	0.0096895222	0.0000136542	0.0062371112	0.0782168588
0	0.0126448456	0.5883793562	0.0408001707	0.1411453767	0.0143374538	0.0107459094	0.0029991668	0.0767565485	0.1049751944	0.0072159779
0	0.7044145231	0.0441358328	0.0829351961	0.0003396688	0.0000000000	0.0285693692	0.0001469653	0.0002011231	0.0454770597	0.0937802619
0	0.3821785016	0.2591166496	0.0870328816	0.0000047240	0.0009991393	0.0011474136	0.0140909347	0.0861093872	0.0004181573	0.1689022111
0	0.0058323445	0.2496914309	0.0121214852	0.2178995619	0.1345728283	0.0475071565	0.0172974585	0.2996662731	0.0034116383	0.0119998228
1	0.1592643815	0.1404422688	0.0302544141	0.0335611253	0.1537517682	0.0025131404	0.0000000000	0.4048843438	0.0188421646	0.0564863934
0	0.2533310968	0.0816940852	0.0000000000	0.0298027924	0.0251576501	0.0019747865	0.0000000000	0.0540630521	0.5493445935	0.0046319433
1	0.0012744619	0.2590363627	0.3176641776	0.0202775499	0.0379215215	0.0313747831	0.0191099811	0.2455829326	0.0000000008	0.0677582287
0	0.0493919419	0.1944007772	0.0980864728	0.0168272609	0.0233727689	0.0000267688	0.0000697116	0.4040392282	0.2137850699	0.0000000000
0	0.2340134418	0.0800769733	0.0446678807	0.0000000425	0.0277352182	0.0000000245	0.0198353895	0.0000039103	0.5482112452	0.0454558739
1	0.0000000278	0.2330064874	0.0084668070	0.0356064497	0.1881040391	0.1764400332	0.0000000000	0.3419647987	0.0163809065	0.0000304506
0	0.0171793734	0.3873127116	0.0000000000	0.1671189774	0.0755004294	0.2067848651	0.0049103464	0.0101711100	0.0035135939	0.1275085928
0	0.3225407781	0.2936651161	0.0033734351	0.0007154037	0.0000004642	0.2856726755	0.0081411633	0.0306962864	0.0312587393	0.0239359384
0	0.0009656813	0.9011299714	0.0000904297	0.0166157507	0.0224488632	0.0001047974	0.0000000000	0.0078224880	0.0504809049	0.0003411136
0	0.0055790618	0.1917144094	0.1830267616	0.2894850397	0.0536374242	0.0000181405	0.0000000375	0.2689172975	0.0076192539	0.0000025740
0	0.3153384222	0.1728914527	0.2736670541	0.0772050632	0.0019692684	0.0000002835	0.0177578726	0.0487377002	0.0000000000	0.0924328831
0	0.0000771608	0.0258028353	0.1319517057	0.3409804043	0.0201390219	0.2182251046	0.0000000000	0.0276331240	0.0000420305	0.2351486129
0	0.0334174952	0.2047107788	0.0487613460	0.0002258942	0.0000000000	0.0054961203	0.0000000276	0.0083374477	0.4332198257	0.2658310644
0	0.0487676255	0.1237101829	0.2881606606	0.0037336722	0.4689366930	0.0000000001	0.0009019211	0.0465760714	0.0042934588	0.0149197144
0	0.0034056422	0.1104396325	0.0275779532	0.3483830170	0.0002454997	0.1373415166	0.2363793693	0.0000000000	0.1362271827	0.0000001869
0	0.0116862383	0.0036983723	0.3756793012	0.2785486988	0.0042208587	0.2635255830	0.0012800296	0.0108338786	0.0000001684	0.0505268710
0	0.0000006628	0.0083362432	0.1181352609	0.3148955887	0.1038037241	0.0000000000	0.0000000000	0.4546140181	0.0000007313	0.0002137709
0	0.0045571885	0.0894274237	0.0114762582	0.5070683873	0.0735562646	0.1988025975	0.0726195461	0.0104156187	0.0001838784	0.0318928371
1	0.2650279185	0.0352602903	0.0006167009	0.0594656134	0.0175801290	0.5002851857	0.0000000000	0.0353003989	0.0379672767	0.0484964867
0	0.1109183272	0.0070401618	0.7436801888	0.0025617343	0.0349602424	0.0068373513	0.0197927716	0.0421458024	0.0158440129	0.0162194074
0	0.0148743283	0.4557669383	0.0338348208	0.0204709868	0.0000853237	0.0068241240	0.0223877847	0.0666043871	0.3761822748	0.0029690316
0	0.0477831856	0.0878342224	0.0942552929	0.0044384192	0.0580072399	0.0002099259	0.0000870619	0.2165495835	0.0793895332	0.4114455355
0	0.0077019894	0.0024902766	0.0024791629	0.0049518262	0.1113042200	0.0149495013	0.0021697812	0.0734683352	0.7639831431	0.0165017642
0	0.1249393242	0.3957449081	0.0759974071	0.0029307911	0.0112431450	0.0100680864	0.0000020397	0.3790742983	0.0000000000	0.0000000000
0	0.3017913688	0.0000115861	0.0194880609	0.0180898465	0.0002208596	0.0343421148	0.0853999192	0.0782269444	0.4513923034	0.0110369963
0	0.0260357157	0.0447420311	0.0002550241	0.4542697848	0.0498194899	0.0149200868	0.2158901748	0.0191715518	0.1323015469	0.0425945942
1	0.1237397065	0.0164838182	0.0000063780	0.2989192180	0.0000000000	0.0119904321	0.0246336819	0.4927751446	0.0080555170	0.0233961037
0	0.0429332730	0.4771665086	0.1067026602	0.1454645950	0.0000000031	0.0046780014	0.0375508656	0.0172935799	0.1210625450	0.0471479682
0	0.0896169879	0.0211203671	0.1988517884	0.4823883224	0.0000052958	0.0002748318	0.0099341726	0.0117062891	0.0713502416	0.1147517033
0	0.0005454628	0.5602900773	0.0443287519	0.0825268325	0.0079941431	0.0013973401	0.0000344925	0.1252608093	0.1129398068	0.0646822836
0	0.0239922548	0.3837038318	0.0553447843	0.0242806403	0.1233746649	0.0000480083	0.0000000001	0.0028505192	0.3808336756	0.0055716206
0	0.0000483383	0.0693086840	0.0962088242	0.0040875088	0.0491258077	0.2085369394	0.0062762961	0.0780941741	0.3458632710	0.1424501563
1	0.0018830043	0.0376889168	0.0025867470	0.0410877022	0.0007050924	0.0123307608	0.0000000029	0.8975706215	0.0057749715	0.0003721806
2	0.0000000000	0.0004786116	0.0002842754	0.0052005869	0.0000000073	0.1849692662	0.0000020908	0.8089188593	0.0001463004	0.0000000020
0	0.4845899361	0.1451780361	0.0089727836	0.0006950259	0.0042051711	0.1838375997	0.1262118861	0.0065503400	0.0215191558	0.0182400655
0	0.0000264416	0.6521296914	0.1020745224	0.0365336756	0.1251731274	0.0020723049	0.0000001527	0.0640451392	0.0114143526	0.0065305922
0	0.2654725159	0.1632091681	0.4425420987	0.0001578529	0.0032124217	0.0080495835	0.0009100870	0.0002556303	0.0392047226	0.0769859192
0	0.0004326995	0.0120202024	0.0007690824	0.8595605833	0.0352924857	0.0323385216	0.0000507713	0.0351150725	0.0073680659	0.0170525154
0	0.0439978610	0.0015581457	0.0693123052	0.0064232704	0.0003379639	0.0543186794	0.0000000000	0.3885059278	0.4355434610	0.0000023855
0	0.3966917343	0.2981124863	0.0008664660	0.0022531994	0.0801826912	0.0108053641	0.0073924647	0.0441521282	0.1595433848	0.0000000810
0	0.0001383671	0.4674494094	0.0452796554	0.0922308293	0.0099446817	0.0006194048	0.0097235222	0.1143992504	0.0140458837	0.2461689959
1	0.0000000000	0.0091349323	0.0000000216	0.0002508711	0.1774688720	0.2052727082	0.0619774422	0.5458148791	0.0000802736	0.0000000000
0	0.0344003551	0.2788734939	0.6119582595	0.0462682401	0.0031926877	0.0015378682	0.0006838568	0.0226573813	0.0000000000	0.0004278575
1	0.0383578224	0.1370117886	0.0999384307	0.1959116091	0.0560795240	0.1258941279	0.0000000000	0.1716844040	0.0001052910	0.1750170024
1	0.0247448662	0.0000101748	0.8518095704	0.0008507917	0.0518026719	0.0008406645	0.0059919316	0.0036087144	0.0586684134	0.0016722012
0	0.0051279001	0.0164590305	0.7582169608	0.0391646815	0.0489656239	0.0300372707	0.0030720042	0.0248024270	0.0000220636	0.0741320379
0	0.0790316413	0.5551300493	0.0284556923	0.0070197210	0.0115901374	0.0000000000	0.0009333624	0.0473757810	0.0011259472	0.2693376682
0	0.0439823399	0.5546266939	0.1551554839	0.0231755821	0.0006900366	0.0903829385	0.0693079605	0.0058721558	0.0568068089	0.0000000000
1	0.0000000595	0.0000990945	0.0074625477	0.2183902937	0.0153874509	0.5858176179	0.0005716645	0.0070520393	0.1643343104	0.0008849215
2	0.0009857742	0.0176318516	0.0055965632	0.0334948537	0.0044563212	0.7721181228	0.0000000000	0.0567493191	0.0001832998	0.1087838944
0	0.0605866132	0.1024631855	0.0268672062	0.6724140538	0.0001978377	0.0042657117	0.0372636916	0.0245213299	0.0714203591	0.0000000112
0	0.0290016337	0.0184205586	0.0052390945	0.0000139204	0.7945904640	0.0000885895	0.0025136351	0.0844459312	0.0583019249	0.0073842482
1	0.0000000052	0.0088337946	0.0027445869	0.1539185196	0.2359110642	0.2364040594	0.0907696139	0.0699653063	0.0917470844	0.1097059654
0	0.0332047614	0.5143573906	0.0576505121	0.1049368986	0.0006380488	0.0009125982	0.0293793318	0.1210871584	0.0000173630	0.1378159369
1	0.0136306622	0.2341189928	0.1006187796	0.2329528713	0.0902159594	0.0022596074	0.0000000000	0.2924700648	0.0123395433	0.0213935193
0	0.0025447239	0.1217184836	0.0125210224	0.2862537279	0.0064833823	0.4079628822	0.0000000000	0.0750447145	0.0862095507	0.0012615125
0	0.0215838920	0.7100624808	0.0022137828	0.0082140604	0.0093849047	0.0000007796	0.0004967994	0.1662783412	0.0787092301	0.0030557290
0	0.0110954482	0.1373571837	0.0365098026	0.0050552589	0.0021322552	0.0049933361	0.0000712021	0.0037839486	0.7977875526	0.0012140120
0	0.4554427014	0.3888705954	0.0001622856	0.0030704885	0.0152435125	0.0077174544	0.0041986406	0.0040602239	0.0049278554	0.1163062423
1	0.1343511611	0.0368341920	0.0437920940	0.0001423335	0.0428104671	0.0691071881	0.0000000000	0.6583103197	0.0028890165	0.0117632280
0	0.1160929928	0.0790973605	0.0054975686	0.0111122585	0.0004169623	0.0898866804	0.0606692067	0.2012335321	0.2093693070	0.2266241312
0	0.0003022231	0.2805879496	0.0738074698	0.1217982207	0.0369240138	0.2290651860	0.0498639606	0.0006043574	0.1934573822	0.0135892370
0	0.0168903820	0.0000000155	0.0000161547	0.0001188954	0.0150526432	0.0007710646	0.0017370611	0.9653507218	0.0000630525	0.0000000091
1	0.0107604696	0.0040238472	0.0007300957	0.0162415169	0.1820288207	0.1709725972	0.5407463857	0.0651780145	0.0004830329	0.0088352196
0	0.2704238767	0.0577411151	0.1420002887	0.0000000002	0.0550613278	0.0035664957	0.0334662864	0.0149974777	0.0059440533	0.4167990783
0	0.0019710287	0.0657418130	0.2716034280	0.0715413689	0.0265228936	0.0445088798	0.1984865110	0.0346042631	0.2444241569	0.0405956571
