0	0.0050587539	0.0067123369	0.0034372751	0.0297259781	0.0672146216	0.0725982329	0.2012067372	0.1692976100	0.4364087171	0.0083397372
0	0.6904123015	0.0000139113	0.2086105135	0.0144847015	0.0073274186	0.0268379504	0.0134285506	0.0090654185	0.0000111073	0.0298081268
1	0.5633747473	0.0554674962	0.0335768322	0.0000313021	0.0758481929	0.2002392364	0.0242118322	0.0379091971	0.0038788779	0.0054622857
0	0.3261539371	0.0000000000	0.0066345866	0.0000153535	0.0526716798	0.0953475051	0.1296627225	0.0133642449	0.2238367607	0.1523132098
0	0.1240319679	0.0000000000	0.0267074906	0.5041657955	0.0000000559	0.0020068004	0.2779424624	0.0643162791	0.0008291291	0.0000000192
0	0.0748165614	0.0138433578	0.1143485876	0.1024883778	0.4194108324	0.0072323634	0.1605103247	0.0222659865	0.0355329825	0.0495506258
0	0.1582806716	0.0117027365	0.2292012174	0.0976135436	0.0008402423	0.1458116880	0.0291504404	0.1950747675	0.0003350161	0.1319896764
0	0.1103998461	0.0032733588	0.0663689518	0.0835362424	0.0369096130	0.6710567273	0.0011812383	0.0003334506	0.0000000956	0.0269404760
0	0.0591845135	0.0017798327	0.0591835081	0.0010648948	0.4408996982	0.0000000000	0.0203037225	0.0306183493	0.0280692840	0.3588961969
0	0.0169683346	0.0000000000	0.1807660765	0.6845126303	0.0000000000	0.0961042241	0.0010951516	0.0055231244	0.0000002213	0.0150302372
0	0.5367621499	0.0088183119	0.0008266965	0.0176086031	0.0149229687	0.0017867849	0.0168782944	0.1734438360	0.2224286150	0.0065237396
0	0.0448500654	0.2182199199	0.0431818448	0.1155585569	0.0136734211	0.0000000000	0.0642864488	0.2770337679	0.1741433763	0.0490525989
0	0.2060654686	0.0311022742	0.5383426563	0.0461656114	0.0005752542	0.0235274508	0.1231876072	0.0181164407	0.0000063413	0.0129108953
0	0.0066452684	0.3153931357	0.4325897570	0.0002622701	0.0000098705	0.0000108885	0.1846033838	0.0238106608	0.0152110563	0.0214637089
0	0.7403360250	0.0001503819	0.1102630744	0.0261602585	0.0007333153	0.0680090642	0.0076026596	0.0223913705	0.0166391473	0.0077147031
0	0.1252251930	0.1331218870	0.2900767077	0.0005868030	0.0031096448	0.0585366818	0.1344609059	0.0137231455	0.0000013626	0.2411576688
0	0.1857848081	0.0035793713	0.3701286994	0.1061527296	0.0000000001	0.1480656505	0.0060154391	0.0355937734	0.0175637511	0.1271157773
1	0.0010778439	0.0879687521	0.3415435097	0.0000689680	0.0254007701	0.3234929549	0.0000075129	0.0083394726	0.0000000136	0.2121002021
0	0.0114623401	0.1919193650	0.2214867668	0.2306083101	0.1779421913	0.0033558734	0.0002808340	0.1147188317	0.0215325735	0.0266929140
0	0.0016709567	0.0013416924	0.0286387723	0.1300315776	0.1407900801	0.0064913061	0.0415717014	0.0142478727	0.0020398255	0.6331762153
1	0.1776792960	0.0962547987	0.2007122133	0.0409714556	0.0653776269	0.3057408186	0.0913737488	0.0000099217	0.0003265026	0.0215536179
0	0.0460236259	0.0029050639	0.4823481452	0.0474495780	0.0366896003	0.0004677938	0.0541075579	0.0211398870	0.0000000028	0.3088687452
0	0.0109312042	0.0134601604	0.0523082991	0.7969236577	0.0164733990	0.0039471840	0.0985072004	0.0071143802	0.0003040865	0.0000304285
0	0.8965433968	0.0186043051	0.0026988065	0.0115252592	0.0444639398	0.0032744577	0.0000000019	0.0006417644	0.0060293060	0.0162187625
0	0.6903932638	0.0404709506	0.0185496149	0.0702563830	0.0000000109	0.0107228442	0.0585947612	0.0025825877	0.0000000002	0.1084295835
0	0.0220655928	0.0439423005	0.6776578451	0.0001702552	0.1959470772	0.0001934859	0.0002033576	0.0324515204	0.0000787770	0.0272897884
0	0.0852280806	0.0000000000	0.0878441126	0.7743658902	0.0175692917	0.0000006568	0.0349484824	0.0000007245	0.0000412105	0.0000015507
0	0.1271706965	0.0006889377	0.0648005113	0.0034665597	0.6434186211	0.0178140100	0.0195659359	0.0707977690	0.0522769586	0.0000000000
0	0.0652485966	0.0820622825	0.3914879004	0.0505912477	0.1327516074	0.2512315370	0.0043058539	0.0104670159	0.0094840328	0.0023699259
0	0.5599576283	0.0894930144	0.0966319150	0.0778003215	0.0296232207	0.0005638612	0.0305510091	0.0762016043	0.0005344735	0.0386429520
0	0.0000307163	0.0004591466	0.0029236111	0.3413021323	0.0005072501	0.0216150469	0.3498833883	0.1936473498	0.0000008040	0.0896305546
1	0.0887255241	0.0003824388	0.7051834332	0.0000094705	0.0000020405	0.0263401192	0.1478583476	0.0183378074	0.0131608162	0.0000000025
0	0.2802589222	0.0194176276	0.0295789913	0.0113098870	0.0180803615	0.0718081623	0.4615951653	0.0057109549	0.0630234933	0.0392164345
1	0.1836931036	0.0325287825	0.0100371899	0.1263300416	0.0183728832	0.3641189695	0.2157194286	0.0367894536	0.0124095450	0.0000006026
0	0.5271404913	0.0022820589	0.0067253943	0.0396075318	0.1695492040	0.1353344521	0.0989311018	0.0000009365	0.0204266721	0.0000021572
0	0.0581163050	0.0011252255	0.1761162218	0.2729493969	0.2823270613	0.0030854433	0.0806569556	0.0046370168	0.0086279775	0.1123583964
0	0.4397693222	0.0071344613	0.2814022598	0.0017149352	0.0326768298	0.0230849244	0.0057530235	0.0020423931	0.0860148517	0.1204069990
1	0.0017596184	0.0117601661	0.2540694140	0.0000448595	0.0000213697	0.1709732384	0.1031144975	0.4575433740	0.0000152973	0.0006981652
0	0.0040636885	0.0359140268	0.1228499306	0.4155529303	0.0298292176	0.0010916936	0.0179634049	0.0000366635	0.2159350407	0.1567634036
0	0.0112261418	0.0004686504	0.0000349979	0.5871851860	0.0174364821	0.0010933171	0.2037705164	0.1405048683	0.0104522703	0.0278275695
0	0.0046075805	0.0075273731	0.0303602567	0.7692961921	0.0611822575	0.0039351466	0.0935879285	0.0142497064	0.0023242315	0.0129293272
0	0.1410982030	0.0034975258	0.0026700969	0.1023695096	0.5498133876	0.0013357816	0.0141383735	0.0650658696	0.1200058436	0.0000054088
0	0.0037874179	0.0567193279	0.0106825266	0.4165562056	0.0555997961	0.0000000322	0.4515388358	0.0016836753	0.0032740135	0.0001581691
0	0.0355424244	0.0001636056	0.0745587791	0.0020015249	0.0206108052	0.2016609205	0.5789878228	0.0404539324	0.0443603912	0.0016597939
0	0.2064506020	0.0035773702	0.2008472185	0.0367902627	0.2069443418	0.0247816951	0.2271126831	0.0000000812	0.0834506213	0.0100451241
1	0.0352868929	0.0135586851	0.0608899056	0.0420514872	0.1107355754	0.3503062575	0.0301264629	0.2502062944	0.0270089126	0.0798295263
1	0.0008135767	0.5793222811	0.0123837924	0.1385049978	0.1069320010	0.0044530207	0.1256667365	0.0002907375	0.0001340091	0.0314988473
0	0.0000696385	0.0000000000	0.1707345132	0.2113000462	0.0000000000	0.1541103127	0.2625304385	0.1590992373	0.0069992126	0.0351566008
0	0.1673312077	0.0333900739	0.0285338091	0.1944276233	0.0331195997	0.0015795069	0.3710248185	0.0005845908	0.0274803485	0.1425284216
1	0.1358733416	0.0023919739	0.2162440762	0.0109445810	0.0096255917	0.5921522558	0.0048179947	0.0000894874	0.0278593690	0.0000013286
0	0.0411055693	0.2240419701	0.0218354786	0.2216695717	0.0000000496	0.0067839973	0.4014449753	0.0207474359	0.0000000004	0.0623709517
0	0.0166433630	0.0126789694	0.4375405636	0.0198740631	0.0042378287	0.0001125792	0.4520144731	0.0006526512	0.0374021682	0.0188433404
0	0.0280331355	0.2289678088	0.3258118834	0.1359308150	0.1789359627	0.0181014888	0.0219780607	0.0310944205	0.0000000000	0.0311464247
1	0.0625212792	0.0215959728	0.0043128711	0.0016504093	0.3040558706	0.0731453483	0.3637657782	0.1683947069	0.0004064597	0.0001513038
0	0.7672614793	0.0058294562	0.0034057294	0.0068877225	0.0016029204	0.0029125896	0.0081475242	0.0001904152	0.0000000000	0.2037621632
0	0.4207733578	0.0895665407	0.0000560232	0.0410783666	0.1439373391	0.0107421643	0.1211400186	0.0980387663	0.0746161388	0.0000512845
0	0.0001637227	0.7990329516	0.0000003994	0.0007975545	0.0035748055	0.0104377702	0.1033224903	0.0074755934	0.0003073440	0.0748873686
0	0.1961420052	0.0163349813	0.1228281375	0.1783786074	0.1095454995	0.1084910963	0.0000000000	0.1567727157	0.0002547820	0.1112521751
0	0.6351589935	0.0280921456	0.0000000000	0.1188743728	0.1972311867	0.0000000000	0.0000043918	0.0053854239	0.0016668357	0.0135866502
0	0.0008360130	0.0090668387	0.0011786062	0.2206745648	0.0674818141	0.0212906605	0.0000000287	0.5364711348	0.1424463059	0.0005540334
1	0.0098482683	0.0046582669	0.2068319143	0.0202755905	0.0331006110	0.6640309406	0.0000997555	0.0566281208	0.0012936982	0.0032328338
0	0.0475442382	0.3075505889	0.0548143116	0.0259604374	0.0000000000	0.1618239553	0.0810866517	0.0000009945	0.0000000006	0.3212188217
1	0.2188485159	0.0000016693	0.0295626287	0.0315123353	0.1101207125	0.4693534289	0.1234697019	0.0169869209	0.0000000000	0.0001440867
0	0.0042639863	0.0211110044	0.5572541216	0.1605507277	0.0000000000	0.0064023019	0.2066233826	0.0217049623	0.0220880407	0.0000014725
1	0.0223431335	0.0054926516	0.0204860267	0.0006778569	0.0047060022	0.6907451715	0.2543535564	0.0011930153	0.0000000000	0.0000025859
0	0.0103933606	0.0820555717	0.1858332105	0.0000465558	0.4684561468	0.1599904060	0.0392745245	0.0538117236	0.0000006233	0.0001378772
0	0.0137965404	0.0000015466	0.4883218441	0.0086543243	0.3647369521	0.0014377020	0.0124443301	0.0959472674	0.0001082341	0.0145512589
0	0.0258718886	0.0096177182	0.5665584997	0.0081147001	0.2303411754	0.1085818751	0.0017120225	0.0350010180	0.0109756123	0.0032254902
1	0.0066960056	0.0002520949	0.5136824461	0.0830892626	0.0197117278	0.0537794645	0.0718959794	0.2245297822	0.0062006270	0.0201626099
1	0.0000424775	0.0518447097	0.0062734195	0.0480414267	0.0045579210	0.8185116453	0.0466166903	0.0037636150	0.0000000000	0.0203480950
1	0.0166115506	0.1039978666	0.0086203504	0.0000001624	0.0047146372	0.0059489448	0.8478763338	0.0122301436	0.0000000000	0.0000000107
0	0.0906706012	0.0194047348	0.5049610141	0.0043289371	0.1499892818	0.1556321437	0.0231499866	0.0073151764	0.0269165476	0.0176315768
1	0.1559726828	0.0000068619	0.0003027720	0.0272351242	0.0000000000	0.2964436394	0.3780027461	0.0003087743	0.1385453573	0.0031820421
0	0.3368656233	0.0072358275	0.0000281712	0.0007981025	0.0384859689	0.4460782502	0.0658564233	0.0007687960	0.1035977501	0.0002850870
1	0.0383162582	0.0846978386	0.0000831510	0.3097827945	0.1872343280	0.1984151060	0.1040263309	0.0026841290	0.0518727562	0.0228873075
1	0.0857566560	0.3252294150	0.0062780629	0.0433055800	0.1789966511	0.1453902431	0.1999063751	0.0012323538	0.0139046629	0.0000000000
0	0.3491801375	0.0034548010	0.0762807546	0.1649582336	0.1229445408	0.0000150262	0.1347884718	0.0664831746	0.0048546899	0.0770401699
1	0.0050119914	0.0002935839	0.0017973090	0.3425851180	0.0924341808	0.5158113771	0.0017910214	0.0217227901	0.0009816769	0.0175709516
1	0.0578379272	0.1470679479	0.0028486166	0.0968527955	0.3069181343	0.0000104141	0.2616137878	0.0338667847	0.0909717901	0.0020118017
0	0.0339020578	0.0000000000	0.0251203640	0.0000000575	0.0064284669	0.0070585542	0.1568844845	0.7385620788	0.0000000001	0.0320439360
0	0.0008967563	0.0050541775	0.0227458820	0.8276117840	0.0516036895	0.0136055147	0.0044168156	0.0721453174	0.0000349434	0.0018851196
0	0.0062446426	0.0090006042	0.0143310237	0.0000976982	0.8398277844	0.0969873995	0.0054583247	0.0049068850	0.0000000000	0.0231456376
0	0.0007053249	0.0048646885	0.2227053306	0.0473918409	0.0279363981	0.0309784444	0.0655168646	0.0000000000	0.0000628488	0.5998382592
0	0.4738410309	0.0000000755	0.0117123046	0.2481569705	0.0226475983	0.1287211130	0.0231984390	0.0021577011	0.0518827596	0.0376820074
0	0.1125802644	0.0156566783	0.0007166076	0.3125527640	0.0000000021	0.0000891981	0.1222860615	0.4361178352	0.0000005888	0.0000000000
0	0.2602462406	0.0081633554	0.0636539097	0.0651754479	0.0366215033	0.0011180875	0.4787393961	0.0000086554	0.0000000000	0.0862734040
0	0.0754907582	0.0000010587	0.3648462316	0.0005447110	0.3916252344	0.1014190166	0.0092127039	0.0002260079	0.0566189798	0.0000152978
0	0.0172984723	0.0130694946	0.0796066181	0.3475021877	0.1821686521	0.0070397727	0.0965206152	0.0200457336	0.0000012438	0.2367472100
0	0.1375334147	0.0000001721	0.0941749380	0.0008406481	0.0106021862	0.7298119424	0.0052934413	0.0127461831	0.0023220817	0.0066749923
0	0.0293666664	0.0000004266	0.0000000008	0.2809829637	0.1619999653	0.0043968453	0.0628062325	0.0000000015	0.0005043544	0.4599425435
0	0.0209983441	0.0058354912	0.0130101108	0.1593246477	0.0546245376	0.0002143926	0.0879804327	0.0000008596	0.0050998405	0.6529113431
0	0.1004331344	0.3249391591	0.0013341874	0.0423723868	0.0282197444	0.1026823696	0.1927989581	0.0000000000	0.2051790929	0.0020409674
1	0.0000208343	0.0245796694	0.0000000000	0.1380838316	0.0913890469	0.5391197229	0.0002569916	0.1211981294	0.0853503341	0.0000014399
0	0.1949775400	0.0000122513	0.3523490883	0.0149724112	0.1470215279	0.1378419728	0.0000052498	0.0859063963	0.0000000000	0.0669135623
0	0.0535058174	0.0237536933	0.0019254747	0.0103334739	0.3449364139	0.1007913218	0.0936535457	0.2506234445	0.0520213438	0.0684554710
0	0.0037525788	0.0590104347	0.2925517719	0.1168612852	0.0682015149	0.0000000120	0.1255527390	0.0000977461	0.3339719173	0.0000000000
0	0.0432225085	0.0087954188	0.1574449457	0.0000000000	0.0000000022	0.1418620333	0.0672339252	0.0338325013	0.0004392427	0.5471694223
0	0.4394945110	0.0088413313	0.0303052526	0.0041363385	0.0061749815	0.0004779417	0.4903710914	0.0078412174	0.0123293492	0.0000279853
0	0.2439548269	0.0096789261	0.2579879209	0.1989355237	0.1667726177	0.0751669635	0.0087103486	0.0001573311	0.0296131069	0.0090224346
0	0.8545732242	0.0000124751	0.0316672292	0.0025178569	0.0086171957	0.0000001323	0.0402025047	0.0061408682	0.0473073983	0.0089611155
0	0.1041883975	0.0193615348	0.5284732149	0.0009584513	0.0070980486	0.2165792989	0.1083416815	0.0147496594	0.0000422108	0.0002075022
0	0.4130790259	0.0193178876	0.0627040179	0.1059233624	0.1654311259	0.0001435792	0.0003896582	0.1577127797	0.0265152022	0.0487833612
0	0.4507679384	0.0091833310	0.0900484088	0.0780750251	0.1835792484	0.0278773518	0.0802884855	0.0801802110	0.0000000000	0.0000000000
0	0.0130129520	0.0000092555	0.0000030670	0.1654443765	0.0092344609	0.0777685278	0.3270065371	0.0024132989	0.0000000000	0.4051075245
0	0.0482214433	0.0011634410	0.1076911042	0.0198548317	0.0000004260	0.4184975654	0.3010820128	0.0003713966	0.0179012020	0.0852165770
0	0.5158993200	0.0211337270	0.0008579534	0.0579333492	0.0000067104	0.1897563056	0.1993306922	0.0047098897	0.0099727127	0.0003993397
0	0.0639393417	0.0000835311	0.1968521913	0.1766440207	0.0538654700	0.2202077177	0.2654277090	0.0100784812	0.0001987693	0.0127027680
0	0.0014298339	0.0174396670	0.1750327680	0.1844960854	0.0009327925	0.4352356738	0.0752164858	0.0089214610	0.0761730853	0.0251221472
0	0.1403592266	0.0335061085	0.3846516474	0.2451836492	0.0297980975	0.0011265743	0.1248450202	0.0017977163	0.0066729973	0.0320589626
0	0.0567446314	0.0099542823	0.2109740800	0.0058023654	0.2143513896	0.0011683516	0.1360151050	0.1132161098	0.2416327491	0.0101409358
1	0.1896421557	0.1004252430	0.0008751517	0.0000109460	0.2398464021	0.1935256341	0.2630207128	0.0000000000	0.0000000004	0.0126537542
0	0.1704128651	0.0000002136	0.0202458332	0.6614891710	0.0462429295	0.0531574396	0.0052157426	0.0004758378	0.0000897701	0.0426701974
0	0.0933564788	0.0950612439	0.0000000000	0.0006816532	0.0304284717	0.2351305214	0.2643975793	0.1393215330	0.1326733782	0.0089491406
0	0.3077325807	0.0000326634	0.0000004821	0.0605909386	0.0344686805	0.2130912805	0.0084761937	0.3756068890	0.0000002637	0.0000000278
0	0.0000000000	0.0509200500	0.0091986780	0.1266364590	0.2743771493	0.0861068735	0.0349285870	0.1635988184	0.1308566267	0.1233767581
1	0.0734259621	0.0007540778	0.2662697726	0.0151253727	0.0222772107	0.0847312231	0.5143378971	0.0121087368	0.0061506245	0.0048191226
1	0.1022645164	0.0333074256	0.0472442397	0.1029527283	0.5083001606	0.0000016692	0.1635099803	0.0154942168	0.0000003354	0.0269247278
0	0.4218190390	0.0002761851	0.1939632881	0.0012901271	0.0665238285	0.0001240695	0.0357375384	0.0625804052	0.1696737845	0.0480117347
0	0.4590425328	0.2022314736	0.1002152690	0.0012212672	0.1430527689	0.0379441452	0.0001528689	0.0544182130	0.0017214615	0.0000000000
1	0.0008213974	0.0075170477	0.0062256573	0.0492611582	0.1384544017	0.3253327080	0.3662904725	0.1027834202	0.0032990232	0.0000147138
0	0.2925535461	0.0007569226	0.0172043758	0.0154125307	0.0020692317	0.0000310878	0.6278300440	0.0429834191	0.0011544348	0.0000044074
0	0.5090989791	0.0000001827	0.0000000000	0.1450631792	0.0895265074	0.0000000000	0.2072163884	0.0016437943	0.0048877481	0.0425632207
1	0.0765309155	0.0171749322	0.1863856918	0.0323680743	0.0000000000	0.0000000197	0.2590183308	0.4284965288	0.0000001034	0.0000254036
0	0.0478977507	0.0000856219	0.0482346255	0.8446483679	0.0175323680	0.0177698204	0.0023857872	0.0214451351	0.0000000016	0.0000005217
0	0.0275548759	0.0768102028	0.0047508051	0.4990296730	0.0361768172	0.0074692088	0.3085782263	0.0006316292	0.0300658662	0.0089326955
0	0.5490748482	0.0003544217	0.0179922831	0.0913671225	0.0101043923	0.0117872157	0.0381942662	0.2485767701	0.0284444337	0.0041042466
0	0.0332211344	0.2811358635	0.0028507720	0.1159578453	0.0886064274	0.1355115039	0.0720618615	0.2307964852	0.0013158405	0.0385422662
0	0.0979605874	0.0018644144	0.0315504864	0.1026534022	0.3604407038	0.0059718395	0.0540245930	0.2694828743	0.0004180449	0.0756330540
0	0.3227492351	0.0102748299	0.0093447336	0.0458125008	0.4766165058	0.0012659612	0.0367478814	0.0454078188	0.0517765929	0.0000039408
0	0.0085904301	0.0716404432	0.0000000008	0.0134287701	0.0099000651	0.0035604078	0.2809280412	0.6042347833	0.0077169924	0.0000000660
0	0.1782963377	0.0000658303	0.4482598889	0.2496149244	0.0763477001	0.0005378583	0.0008236062	0.0180485261	0.0083015429	0.0197037851
0	0.0857877551	0.0058645498	0.1707875958	0.1464775640	0.0000925542	0.0000000018	0.1582776669	0.1007885952	0.2355890878	0.0963346294
0	0.0252467393	0.0136097303	0.0613817227	0.0974969231	0.0020133870	0.6092284878	0.1713037200	0.0017111448	0.0002105540	0.0177975909
0	0.1647713683	0.0179065192	0.0879119736	0.0788545330	0.0000224582	0.0362086633	0.5493152913	0.0101469832	0.0074025624	0.0474596476
0	0.0539667181	0.0353396502	0.1406541502	0.0007394866	0.0026277818	0.0394708412	0.0155034915	0.0018640378	0.1819115602	0.5279222822
0	0.1194199464	0.0244755077	0.0138254026	0.1374450899	0.0703864169	0.5101305427	0.0319915149	0.0111434444	0.0000003097	0.0811818248
0	0.1369339852	0.0402457660	0.0055588476	0.0000068508	0.0327733223	0.0278664184	0.2885447790	0.4349976558	0.0271687355	0.0059036394
1	0.0434030326	0.0000807228	0.0276146029	0.0230819801	0.3595070077	0.3977693309	0.0000160063	0.0799763563	0.0685509604	0.0000000000
0	0.0517832132	0.0000000035	0.4620073838	0.0195356041	0.2539035447	0.1085571401	0.0361756295	0.0000031158	0.0568814977	0.0111528675
0	0.0188994785	0.0000000000	0.0610140802	0.0211802711	0.1032964944	0.0039678270	0.7916310838	0.0000000002	0.0000000000	0.0000107649
1	0.0000013384	0.0148727728	0.1830006181	0.0180602371	0.1795708321	0.2948024692	0.0000005927	0.2951731792	0.0017445738	0.0127733866
0	0.0056706044	0.0007296324	0.0398575806	0.0783103633	0.0032842638	0.2343904490	0.1720933240	0.1589800063	0.0702351401	0.2364486362
0	0.2713207201	0.0032792749	0.1817075430	0.1528031216	0.0000084375	0.0368170087	0.3334826505	0.0000593696	0.0037656408	0.0167562334
0	0.9568974522	0.0000538309	0.0051479873	0.0107242500	0.0000125955	0.0079213576	0.0075238846	0.0037638317	0.0000014282	0.0079533822
1	0.0208617524	0.1064483434	0.1413873571	0.3984665144	0.1134601531	0.1378424730	0.0383913658	0.0431388019	0.0000032388	0.0000000001
0	0.0584347533	0.0027454187	0.0592444619	0.0888736333	0.5332634137	0.0646631029	0.1882062667	0.0022953590	0.0022711448	0.0000024456
1	0.3439214792	0.0053246634	0.1251654078	0.0013810687	0.1481598410	0.0112981604	0.2076222808	0.0941368651	0.0221227812	0.0408674524
0	0.0097060131	0.0144480544	0.0000016198	0.0451064289	0.4456069675	0.0473314899	0.3966077971	0.0222681000	0.0000187072	0.0189048220
0	0.0594757484	0.6187482259	0.0923762044	0.0552708549	0.0273559389	0.0539526697	0.0085185492	0.0545690310	0.0002185538	0.0295142237
0	0.0000000000	0.0114050485	0.3363486873	0.3111661361	0.0657208637	0.0609314085	0.0328471476	0.0697462624	0.0181252577	0.0937091882
1	0.0000047863	0.0000000000	0.2245712786	0.0011478292	0.0255439424	0.4605826264	0.2863071613	0.0007311418	0.0011112341	0.0000000000
0	0.0017398368	0.1249603255	0.3784910454	0.0482836914	0.0010396487	0.0030009036	0.2699024889	0.0420198206	0.1305619109	0.0000003282
0	0.2235629550	0.0101811473	0.1345699642	0.1272869010	0.0091292314	0.1325584178	0.1205455421	0.0000021773	0.0634164656	0.1787471984
0	0.0552954627	0.0044434584	0.0108466930	0.0362104894	0.0000000000	0.0374823159	0.7871193634	0.0001426437	0.0029148783	0.0655446952
0	0.1678230610	0.0103736791	0.2185208735	0.0509894391	0.1275921639	0.0649513258	0.1037922634	0.2549052564	0.0006048048	0.0004471330
0	0.1470083733	0.0000609796	0.1027854749	0.3638015233	0.0410702736	0.0057477223	0.0637268803	0.1063276105	0.0003422916	0.1691288706
0	0.3131930448	0.0015133111	0.0981730468	0.0516378172	0.0343830138	0.0023325827	0.4736192187	0.0249326370	0.0000000002	0.0002153276
0	0.2436900778	0.1964906745	0.0487567894	0.0000726002	0.0046513191	0.0000000115	0.3007964129	0.0904811765	0.1150609380	0.0000000000
0	0.6180184962	0.0464034078	0.0015584362	0.0759906702	0.0511385453	0.0645666618	0.0012369177	0.0317408805	0.0038539014	0.1054920828
0	0.0912292449	0.0006509584	0.0014407628	0.2537257591	0.0529350004	0.5310801606	0.0518347925	0.0064517501	0.0101337907	0.0005177805
0	0.0309638073	0.0003638869	0.3759540590	0.0137081754	0.0499936095	0.0811286748	0.0482943616	0.3655458265	0.0200263045	0.0140212945
0	0.4413430832	0.0203815173	0.2434836364	0.0991817272	0.0917567375	0.0000000000	0.0026598904	0.0063974420	0.0546082762	0.0401876898
0	0.2069280427	0.0019240200	0.0842074943	0.3816641726	0.2556077167	0.0000000199	0.0000000000	0.0012524009	0.0384533071	0.0299628257
0	0.8509406761	0.0005690320	0.0257894906	0.0025290148	0.0730007729	0.0012393770	0.0296620929	0.0029910836	0.0051080761	0.0081703841
0	0.0434053717	0.3196096136	0.0510209444	0.2493491615	0.3109225597	0.0164834858	0.0005504854	0.0006531351	0.0000050539	0.0080001888
1	0.0001390019	0.0008340383	0.0167713448	0.0698846933	0.1412909642	0.0840971640	0.6745449268	0.0035605223	0.0006346730	0.0082426715
0	0.0000000024	0.0138523046	0.0000377227	0.8634706393	0.0000000776	0.0016421413	0.0213602255	0.0077730230	0.0000000000	0.0918638635
0	0.6009601016	0.0000000000	0.0285928940	0.0000243854	0.0012702648	0.0415279175	0.0105780945	0.2479255568	0.0109209325	0.0581998528
1	0.0074697791	0.0058202345	0.0257658323	0.1684297134	0.1750599089	0.2617613457	0.2461170131	0.0823292588	0.0272304859	0.0000164283
0	0.0693606322	0.0000000741	0.2104274862	0.4487285922	0.0075859954	0.2066746764	0.0144671657	0.0225896529	0.0201652622	0.0000004627
0	0.1020856593	0.0130136451	0.3417440018	0.2284892634	0.0000000044	0.0422075143	0.2235682540	0.0102061488	0.0050671081	0.0336184007
0	0.0275938367	0.4287691334	0.1356096947	0.0062150972	0.0001382384	0.1334797054	0.0156126185	0.0356011034	0.0000055398	0.2169750326
0	0.2697777515	0.0756935700	0.3464285414	0.0526670047	0.0084266210	0.0425459018	0.0022135006	0.0455297826	0.0843989157	0.0723184107
0	0.2881655268	0.0961983016	0.0075620635	0.0475572248	0.1169298104	0.4157924905	0.0000000000	0.0003100647	0.0235534064	0.0039311112
0	0.1252478513	0.0442913142	0.0841124558	0.0469201596	0.4357749077	0.0325118538	0.0000264160	0.1313833799	0.0000000000	0.0997316616
0	0.0235261837	0.0000000000	0.8248985581	0.0008327130	0.0162263643	0.0936653264	0.0084166015	0.0146427623	0.0067214666	0.0110700242
0	0.2964564530	0.0002038291	0.0909619752	0.0261597015	0.2874697721	0.0417332233	0.2140601744	0.0028129856	0.0401418558	0.0000000299
0	0.0195535035	0.0000097136	0.0537952471	0.0394143956	0.3659490551	0.0758181468	0.1806941706	0.1549031092	0.0907716684	0.0190909902
0	0.5402648855	0.1151715011	0.1350410973	0.0930036890	0.0000000000	0.0002186262	0.0055417385	0.0000539741	0.1107044884	0.0000000000
0	0.0073129590	0.0046655519	0.3290526152	0.0212524673	0.0940935203	0.0000000000	0.1685974601	0.0000002134	0.0448392274	0.3301859853
1	0.2779049167	0.0042880209	0.0028231830	0.0622476651	0.0000000000	0.0006368433	0.4777005034	0.1253259370	0.0487552891	0.0003176415
0	0.1634665070	0.2468845758	0.0812664735	0.1867330136	0.0040747903	0.0059055278	0.3099655118	0.0000017501	0.0000000005	0.0017018498
0	0.4541675462	0.0615121650	0.0213913861	0.0079966788	0.2473258269	0.0169958691	0.1442411781	0.0455517742	0.0000000009	0.0008175748
0	0.2229253994	0.0592218154	0.1459699327	0.0000017801	0.2411507006	0.0635125820	0.0003949680	0.0011734650	0.0163371769	0.2493121798
1	0.3153285557	0.1140577932	0.0980411715	0.1092762807	0.0000062440	0.1049575206	0.0335656454	0.1798007395	0.0436677157	0.0012983338
0	0.0049157825	0.1308771396	0.0029737258	0.4586159374	0.2523021458	0.0000025448	0.1144623861	0.0121208414	0.0237294680	0.0000000286
0	0.2047211853	0.0027718010	0.2085557494	0.0158425085	0.0912252288	0.2649103782	0.0000026833	0.0024229755	0.1955263763	0.0140211137
0	0.0901472661	0.2087581551	0.0207321170	0.2928758879	0.0101165933	0.1596409034	0.0277627934	0.1894950687	0.0000103774	0.0004608377
0	0.4312220218	0.1413461221	0.1314374175	0.1868980166	0.0179530728	0.0000001466	0.0000065536	0.0000000049	0.0001991387	0.0909375053
0	0.0495165300	0.0001424516	0.0021577339	0.0000424468	0.0690086025	0.0084909822	0.6982338636	0.0004553462	0.0050738338	0.1668782094
0	0.0024221988	0.0000000000	0.2764312941	0.2942997511	0.0000072947	0.1660755006	0.0079733589	0.0782946675	0.0001344450	0.1743614895
1	0.0023120664	0.0006898994	0.0191114717	0.1796610158	0.1949888498	0.1111472738	0.1153802443	0.3690572913	0.0000066705	0.0076452170
0	0.0924295137	0.0000003602	0.1589396739	0.2411615933	0.1028562156	0.0159370134	0.1386011536	0.0391098574	0.0000008172	0.2109638018
0	0.0669107124	0.0101461216	0.1383034777	0.0677219237	0.0000588887	0.0001402043	0.0019202092	0.5781483663	0.0014169671	0.1352331289
1	0.0011673221	0.0181214536	0.4161526364	0.0000000000	0.0000013476	0.0180784929	0.3514352237	0.0062728297	0.0010486009	0.1877220931
0	0.0001174062	0.0752844179	0.0309301767	0.1305275330	0.2436307970	0.0937132329	0.0008377215	0.4240049767	0.0001518052	0.0008019329
0	0.0060603144	0.0087165781	0.3134756732	0.2000261806	0.0632743904	0.0000000000	0.3431121578	0.0578669777	0.0000062502	0.0074614777
0	0.0000613809	0.0451853384	0.0243279156	0.3010824876	0.0107527844	0.1228971037	0.0423695014	0.0734253391	0.3772102464	0.0026879026
0	0.0424414963	0.0001671686	0.0087076168	0.1015260171	0.0330034714	0.4694610478	0.0612342206	0.0214134461	0.0053877853	0.2566577301
0	0.7948513885	0.0089604560	0.0001893898	0.0236228747	0.0000002067	0.0017164992	0.1191981130	0.0480372745	0.0000028413	0.0034209563
0	0.0057422824	0.0051932229	0.2515660567	0.0032494970	0.0453581158	0.4506640872	0.0103002462	0.1131188787	0.0296764478	0.0851311652
0	0.0004330942	0.0107735241	0.2467529434	0.0194986508	0.0145040526	0.5247781995	0.0301538702	0.1010357180	0.0090307360	0.0430392112
0	0.0185736482	0.0000000000	0.0193349758	0.0743878477	0.0136050725	0.0749728478	0.0025787391	0.0369938233	0.0074290289	0.7521240166
0	0.0117192237	0.0019111036	0.0406010759	0.0383964490	0.0048990103	0.0123909821	0.5436381562	0.0000648116	0.3354822300	0.0108969577
0	0.4311924653	0.0024044531	0.0000372978	0.1383382409	0.0000000000	0.0000000234	0.0485483384	0.0731932202	0.0803143224	0.2259716385
1	0.0529638200	0.0318634454	0.0772411933	0.0000459223	0.0041600076	0.0018347966	0.4834092561	0.0150073476	0.3334709342	0.0000032768
0	0.1938362187	0.0113775842	0.0346015568	0.4921610992	0.0022016911	0.0182532126	0.0000232009	0.0231914382	0.1633103877	0.0610436108
1	0.0105896814	0.0899080224	0.0223290834	0.0005909332	0.0000158593	0.0203072335	0.8488553322	0.0000000000	0.0060026111	0.0014012434
0	0.5186991148	0.0033277465	0.1340022559	0.0113206675	0.1782834763	0.0160209926	0.0340604895	0.0009412391	0.0001000605	0.1032439573
1	0.1389195793	0.0576341679	0.5848116008	0.0587532510	0.0001129609	0.0196768771	0.1208255677	0.0192337988	0.0000000008	0.0000321955
1	0.0075637616	0.0041752481	0.1644507915	0.0000000000	0.0000031521	0.0170237380	0.0798192204	0.5133607214	0.0093740967	0.2042292701
0	0.3866416706	0.0000000000	0.0000000231	0.0335587300	0.0000006212	0.0349364324	0.1891576209	0.3354493164	0.0024696198	0.0177859656
0	0.0009411970	0.0598710093	0.0328281671	0.5686085158	0.0006435604	0.0377573272	0.0663424838	0.0115594746	0.0396748113	0.1817734535
1	0.2328711857	0.4320639561	0.0463092879	0.0001451002	0.0000000025	0.0929835808	0.1792873606	0.0157383826	0.0006011303	0.0000000133
0	0.3626040583	0.0005030153	0.0349272972	0.0000005757	0.0234134246	0.4686241091	0.0364928270	0.0340102033	0.0393757707	0.0000487187
0	0.2847763473	0.0087968282	0.0177470031	0.0001299659	0.0000259236	0.0033032218	0.6519621466	0.0000000022	0.0009568190	0.0323017424
0	0.3421537040	0.4033924267	0.0080749371	0.0035163973	0.2269349923	0.0001386834	0.0000007266	0.0002742896	0.0030337726	0.0124800704
0	0.0036295628	0.0000000000	0.0806334515	0.0369004743	0.6206070187	0.0665089449	0.1807392791	0.0103851031	0.0000724577	0.0005237079
1	0.6697645177	0.0178412355	0.0716904195	0.0205331331	0.0003773151	0.0304287853	0.1116267584	0.0728995373	0.0045595679	0.0002787301
0	0.2609566215	0.1648864902	0.2965271791	0.0025054469	0.0783062652	0.0001219461	0.0358893130	0.1581035340	0.0000004124	0.0027027916
0	0.1398850104	0.0556540118	0.2981548356	0.0079051982	0.2382682030	0.0001387365	0.0742595867	0.0463232927	0.0036277745	0.1357833506
0	0.1287298630	0.1278756151	0.0818498630	0.1175517798	0.0014578488	0.0187299415	0.0004046508	0.0243070510	0.0194902200	0.4796031670
0	0.5752657624	0.0015381355	0.0000175221	0.1001329606	0.1064711026	0.0005241314	0.1162801563	0.0448523816	0.0305386017	0.0243792457
0	0.1829668237	0.0000194594	0.0558134158	0.3085253108	0.1705937750	0.0085701623	0.1753443747	0.0120065706	0.0495656964	0.0365944114
0	0.0620336441	0.0002055816	0.7306054006	0.0005847353	0.0101543264	0.0263045541	0.0039950721	0.1505652821	0.0155514036	0.0000000002
0	0.0912233347	0.0000000000	0.0350038904	0.1154099349	0.0802894020	0.0894120499	0.1002658342	0.2947922342	0.0004877449	0.1931155747
0	0.2197255154	0.0335309213	0.2968256835	0.3670827475	0.0371248440	0.0002251153	0.0000009676	0.0038934375	0.0000041539	0.0415866141
0	0.6115146733	0.0297971526	0.0000262914	0.0575792998	0.0011087093	0.0001694643	0.0271384632	0.0393919142	0.0079272629	0.2253467690
1	0.0101863400	0.0989658049	0.0345274777	0.0244681887	0.0255705075	0.1143420259	0.3092930030	0.1620004921	0.0869655844	0.1336805759
1	0.0180541091	0.0005575123	0.1061165466	0.0127729187	0.1491540322	0.2915297891	0.2774974566	0.0345150443	0.0906158013	0.0191867898
1	0.6279899760	0.0524347416	0.0034729008	0.0558482764	0.1707116449	0.0193946291	0.0110929865	0.0589615712	0.0000000000	0.0000932734
0	0.1118517869	0.0000171140	0.0657764159	0.7109157735	0.0000331667	0.0001778959	0.1093534062	0.0000000000	0.0000000000	0.0018744409
0	0.0536858881	0.0120606480	0.1042086853	0.0355939761	0.0044081966	0.0986853440	0.6530315602	0.0000000000	0.0045614154	0.0337642863
0	0.1461712365	0.0001896354	0.0001827338	0.3704381236	0.1245715127	0.0000407014	0.2991023209	0.0592971870	0.0000000001	0.0000065485
0	0.5578343319	0.0050596056	0.1951339762	0.0000000000	0.0310907410	0.0162681481	0.0757919155	0.0972913743	0.0074361349	0.0140937726
0	0.0277021510	0.0000655317	0.2100129168	0.1525441317	0.0065884858	0.0065794924	0.2893831906	0.1703605906	0.1367634030	0.0000001064
0	0.7251101783	0.0319405960	0.0779909243	0.0000219142	0.0558656248	0.0940082673	0.0140786318	0.0001461781	0.0000000000	0.0008376852
0	0.0135173518	0.0000118223	0.3084996892	0.0315293381	0.0024712430	0.0002189453	0.0081645817	0.0333986003	0.6021171440	0.0000712843
0	0.0163040692	0.0082917838	0.0131268227	0.9113965283	0.0052323329	0.0168801148	0.0275643097	0.0004862331	0.0000974906	0.0006203147
0	0.3258636535	0.3486058058	0.0056460992	0.0950286572	0.0629843550	0.1086720688	0.0072695013	0.0000000017	0.0457336102	0.0001962473
0	0.1753362940	0.0006574374	0.0001666682	0.1491165460	0.3397018734	0.2304435600	0.0118100893	0.0000794440	0.0821994730	0.0104886147
0	0.0677048462	0.0000000259	0.0000015624	0.1765762868	0.5274381192	0.0791645049	0.0870774977	0.0046116042	0.0046086130	0.0528169396
0	0.0990860541	0.0219017762	0.0412333753	0.2848433360	0.0940931169	0.0305201331	0.3422594418	0.0684360212	0.0081431778	0.0094835677
0	0.0127175456	0.0885553509	0.1214605906	0.0133619840	0.0384334310	0.0005852156	0.5845054503	0.0585881819	0.0143981323	0.0673941177
0	0.7843723449	0.0050358366	0.0228080267	0.0193787706	0.0483636358	0.0073121930	0.0227335246	0.0401621926	0.0187438799	0.0310895952
1	0.0686801839	0.0038038264	0.0002063033	0.0028194756	0.3175074582	0.5190324065	0.0669400623	0.0000000022	0.0210102816	0.0000000000
0	0.5948805789	0.0000334246	0.1419844805	0.0281155732	0.1021153057	0.0056422450	0.0691533200	0.0522194619	0.0013767730	0.0044788372
2	0.1503324901	0.0995883612	0.0416308377	0.0315630347	0.0001503386	0.0317182992	0.4701227458	0.1516567438	0.0026263014	0.0206108474
0	0.0036181181	0.0612698986	0.0204552641	0.2238429145	0.1452108514	0.0921310800	0.1108676056	0.0082432655	0.0898649979	0.2444960045
2	0.0032871030	0.0000022689	0.0004534462	0.0265979207	0.0401695244	0.7896887741	0.1284522791	0.0071674575	0.0002272143	0.0039540117
0	0.0907930738	0.0000000000	0.0375417339	0.0018478544	0.0009994886	0.7569160016	0.0080005574	0.0062178572	0.0969090448	0.0007743882
0	0.0493657538	0.0314532921	0.6308260335	0.0620853413	0.0099733334	0.0269589621	0.0356095292	0.1480961799	0.0055465894	0.0000849853
0	0.3828984036	0.0001939052	0.0000000612	0.1053570736	0.1633188901	0.1144067010	0.1412135198	0.0020068644	0.0156456533	0.0749589278
0	0.2918083766	0.0000000000	0.0000000000	0.0024519559	0.0094318719	0.0020978118	0.0283491017	0.5688660760	0.0000000000	0.0969948062
1	0.0430517463	0.0000160834	0.1345014633	0.4241993915	0.0139100631	0.2498838091	0.0001746369	0.1278681434	0.0063946494	0.0000000136
0	0.4625875740	0.0656870052	0.1058983872	0.0000184469	0.2066025627	0.0000000144	0.0735526136	0.0000000000	0.0840949581	0.0015584380
0	0.5686446851	0.0000000000	0.3192726229	0.0189496410	0.0131777586	0.0202391861	0.0000000062	0.0555256008	0.0041904993	0.0000000000
0	0.2546504982	0.1193732675	0.4428088102	0.0000018346	0.0000001496	0.0000004958	0.1163394453	0.0032781477	0.0268082388	0.0367391123
0	0.0013824030	0.1201099725	0.0000645000	0.3399366784	0.0040651677	0.0990749212	0.0201527196	0.3351146667	0.0000000145	0.0800989564
0	0.0344883674	0.0072092472	0.0218554149	0.0394135762	0.0291540140	0.0245604598	0.1321244968	0.2546979988	0.0130470689	0.4434493560
0	0.0885755528	0.1681066056	0.0005080876	0.0173186674	0.0002463046	0.0503329733	0.4030492882	0.0111921713	0.0000000289	0.2606703202
1	0.0119554663	0.0877837720	0.0000000000	0.0052695874	0.0902813169	0.0226923173	0.0001804141	0.4221791230	0.0057807576	0.3538772455
0	0.0028992891	0.0000000000	0.0090452224	0.0261995662	0.1839484193	0.6700247284	0.0349631707	0.0170623426	0.0091745245	0.0466827368
1	0.0000003775	0.0791078204	0.5265138933	0.0000002875	0.0319007745	0.2100792761	0.0064689090	0.1170448129	0.0000000000	0.0288838487
0	0.1597184273	0.0737926456	0.1101676906	0.5346817769	0.0000089013	0.1144700753	0.0042423955	0.0029180875	0.0000000000	0.0000000000
0	0.7458964085	0.0016753912	0.0060334984	0.0384843641	0.0567167768	0.0864703799	0.0000021611	0.0002391097	0.0107761831	0.0537057273
1	0.0424707837	0.0078159997	0.0125146994	0.0000360252	0.0011111559	0.6987239871	0.0000000000	0.2368392711	0.0004728691	0.0000152088
0	0.0325786416	0.2411717668	0.3807321152	0.0352235824	0.0192246046	0.0245790031	0.2172785389	0.0427454953	0.0000014663	0.0064647856
0	0.2015285475	0.1158655214	0.0000000000	0.0028318859	0.0674944525	0.0000023487	0.5762337811	0.0111290174	0.0004145381	0.0244999074
0	0.2454274040	0.1471262917	0.0010032126	0.1266261967	0.0951277229	0.0740788884	0.0868997884	0.2008501802	0.0038797247	0.0189805905
0	0.0710722442	0.0317033574	0.1867570421	0.0000000000	0.3593495436	0.0000029562	0.1572578768	0.0000000000	0.0864504805	0.1074064991
0	0.0801302632	0.0041168342	0.0468009718	0.0450408547	0.0293298064	0.1337243796	0.0133716183	0.0001388406	0.0000000000	0.6473464311
0	0.0010632978	0.0061863179	0.2289758551	0.5751036248	0.0179286437	0.0202485325	0.0044893553	0.0244375897	0.0071253801	0.1144414031
0	0.0528138407	0.0596451727	0.5862935030	0.1355841981	0.0345310973	0.0000579093	0.0182183118	0.1044497643	0.0001167469	0.0082894559
0	0.0096828408	0.5191078539	0.0529118765	0.1200920367	0.0136867344	0.0000000025	0.0244121278	0.0109429501	0.2450947529	0.0040688244
0	0.0109873628	0.0366727189	0.7250153330	0.1162889016	0.0671985072	0.0037226923	0.0178781531	0.0188955165	0.0000000000	0.0033408146
1	0.1431197995	0.0651172537	0.0348068329	0.0000066425	0.0082225589	0.3760362103	0.2108968267	0.1574951128	0.0042987620	0.0000000008
2	0.0375077115	0.1771821234	0.1181144505	0.0000051596	0.1419403502	0.0408458802	0.4487066731	0.0000432847	0.0352612155	0.0003931513
0	0.2147982986	0.0009592010	0.0429980339	0.1842459648	0.0951745651	0.2195642956	0.0177555442	0.0619401449	0.0958381731	0.0667257788
0	0.0129497706	0.0000087724	0.0169513253	0.2325263308	0.6688987954	0.0001874239	0.0458942844	0.0165068238	0.0058913256	0.0001851479
0	0.5585438850	0.0000000000	0.0541681263	0.0892492441	0.0016446559	0.1577150210	0.0068498004	0.0070847394	0.0000016813	0.1247428466
1	0.0022490506	0.0778421648	0.1414213996	0.0345288858	0.0284248998	0.0608143087	0.3579752224	0.2834059344	0.0133381338	0.0000000000
0	0.0048261202	0.0030068960	0.0635071041	0.0000000019	0.0006143158	0.2573366147	0.1625630572	0.1339108619	0.0007036680	0.3735313602
0	0.0659296020	0.0002515310	0.0015640511	0.1278457441	0.0258002781	0.0212043520	0.0802777952	0.0000000041	0.0000000076	0.6771266347
0	0.5701683280	0.0033994979	0.0014192679	0.0000000658	0.0000072379	0.0329212630	0.0105305679	0.0000000001	0.2561586554	0.1253951162
0	0.0511270960	0.0000000001	0.1814346205	0.0000199311	0.3451273737	0.0080360416	0.3858034792	0.0043743499	0.0009630544	0.0231140535
0	0.2724222584	0.0267060894	0.0950773929	0.0178847134	0.1380146273	0.0000000889	0.2320542527	0.0044954819	0.0506657520	0.1626793432
1	0.0765489227	0.5884687840	0.0542708334	0.0150444518	0.0198806260	0.1081260635	0.1238854561	0.0000120985	0.0002795571	0.0134832069
0	0.0301752715	0.0137583506	0.1705830854	0.0542778202	0.0607673042	0.5850453110	0.0815919261	0.0000819686	0.0034454724	0.0002734899
0	0.5406823292	0.0070355855	0.0164612335	0.1838741264	0.0026984117	0.0090383107	0.0552196433	0.0137672234	0.0014383863	0.1697847499
0	0.0890362468	0.0027646600	0.0190233467	0.2135152763	0.1408773136	0.0250552990	0.0922511210	0.0917783192	0.3126811445	0.0130172729
0	0.3022757189	0.2335062973	0.0915444061	0.1036393468	0.1772289042	0.0051535096	0.0851622308	0.0000948059	0.0004466942	0.0009480863
0	0.0527772331	0.0014984774	0.0001482413	0.0214623400	0.0374414402	0.0016634080	0.1569381800	0.1318867871	0.4871480606	0.1090358323
0	0.3038729479	0.1690989476	0.0007059599	0.1187469516	0.0512208156	0.0234819404	0.3256390835	0.0006703859	0.0060420193	0.0005209483
1	0.0195434946	0.0382257155	0.0011204060	0.0000000095	0.0000001910	0.9277544362	0.0084895993	0.0013930571	0.0002420078	0.0032310831
0	0.0540505925	0.5039405449	0.0238625210	0.0074854011	0.0535059148	0.0079685013	0.0000000000	0.0000000680	0.0005492764	0.3486371800
0	0.6916654043	0.0022730955	0.2233473664	0.0190130677	0.0000309926	0.0138062523	0.0120571251	0.0000001713	0.0374891647	0.0003173603
0	0.0059904803	0.2169569148	0.0895316542	0.6255995869	0.0000000000	0.0000000000	0.0034410426	0.0103018164	0.0000000001	0.0481785046
0	0.1746953070	0.0005032716	0.0021163807	0.5111724562	0.1151834480	0.0292418703	0.0177916151	0.0454611863	0.0260614932	0.0777729715
0	0.0149422055	0.0000000000	0.0151947640	0.0228187447	0.3314657147	0.0258276952	0.0403350168	0.0011260348	0.0699511483	0.4783386761
0	0.0000051046	0.0044626787	0.0041676557	0.0211752419	0.0143983253	0.1695223982	0.7564742175	0.0056475343	0.0230084857	0.0011383580
0	0.0855628690	0.0004937962	0.7497711887	0.0271445844	0.0639642776	0.0603153943	0.0124666213	0.0002730204	0.0000000172	0.0000082308
0	0.1502927015	0.0750831826	0.0427558484	0.0382271300	0.0847076810	0.0517491734	0.0031715943	0.0000000001	0.0326662520	0.5213464366
