0	0.8422269989	0.0135103694	0.1442626316
1	0.0326364246	0.6933730406	0.2739905348
0	0.9106803359	0.0000217007	0.0892979634
0	0.0247497411	0.9704768430	0.0047734159
0	0.6574366597	0.0446937018	0.2978696384
0	0.0286523567	0.6363183017	0.3350293416
0	0.0000860416	0.1097191026	0.8901948559
0	0.3120525604	0.0841722095	0.6037752300
0	0.2537328954	0.1179015408	0.6283655638
0	0.7982972392	0.1691126913	0.0325900696
0	0.9727832281	0.0000590603	0.0271577117
0	0.2093353764	0.4037990979	0.3868655257
0	0.0570023327	0.5922000896	0.3507975777
0	0.6578775503	0.3421224494	0.0000000003
0	0.0051052341	0.7705691681	0.2243255978
0	0.0006559016	0.9777171234	0.0216269749
0	0.1752693969	0.7064439692	0.1182866339
0	0.0016387889	0.4744936512	0.5238675598
0	0.0884209877	0.1616930594	0.7498859529
0	0.5144333403	0.0008555597	0.4847111000
0	0.0001917527	0.6243742736	0.3754339737
0	0.0006513273	0.1181009592	0.8812477135
0	0.9996463504	0.0003531331	0.0000005165
1	0.7915872608	0.0672859995	0.1411267397
0	0.1861829182	0.0000000000	0.8138170818
1	0.4728251493	0.0110854814	0.5160893693
0	0.0046303700	0.0000000001	0.9953696299
0	0.1279065916	0.3711524271	0.5009409813
0	0.9998949772	0.0001050208	0.0000000019
0	0.0000098314	0.9999901686	0.0000000000
0	0.0172239238	0.9827760762	0.0000000000
0	0.5721775945	0.2439827428	0.1838396627
0	0.0000000000	0.1824962152	0.8175037848
0	0.9999691225	0.0000281741	0.0000027034
0	0.6779531225	0.0401982470	0.2818486305
0	0.0938625980	0.9038262423	0.0023111596
0	0.8795781162	0.0000920550	0.1203298288
0	0.1299615060	0.8449272222	0.0251112718
0	0.8755813584	0.1244169103	0.0000017313
0	0.7207674559	0.2473334915	0.0318990526
1	0.9064975612	0.0477294018	0.0457730370
0	0.7631317041	0.1397063406	0.0971619553
0	0.2777595818	0.6706172808	0.0516231375
0	0.7336316115	0.2663681905	0.0000001979
0	0.2672530701	0.0000000135	0.7327469165
0	0.2302796570	0.6003433996	0.1693769434
0	0.7583725150	0.2405245886	0.0011028965
0	0.0007676767	0.9014568721	0.0977754511
0	0.7855066514	0.0003148337	0.2141785149
0	0.2615122262	0.6584797710	0.0800080029
0	0.0537363547	0.8339594409	0.1123042044
0	0.2764464619	0.7235375568	0.0000159813
0	0.0000000043	0.0000003466	0.9999996491
0	0.7838229379	0.0937306130	0.1224464491
0	0.9999774675	0.0000000000	0.0000225325
0	0.7126311709	0.2214264368	0.0659423923
0	0.6819319327	0.3165855786	0.0014824887
1	0.3712998373	0.6283523382	0.0003478246
1	0.0000000098	0.9863737657	0.0136262245
0	0.9672547853	0.0000000000	0.0327452147
0	0.2743271638	0.0219875438	0.7036852924
0	0.9991687703	0.0008312297	0.0000000000
0	0.8795045531	0.0784247555	0.0420706914
0	0.9883569549	0.0108758666	0.0007671785
0	0.9655585201	0.0344414796	0.0000000003
0	0.4038843859	0.0945150574	0.5016005568
0	0.1748161986	0.8008351089	0.0243486925
0	0.0000000000	0.5034259403	0.4965740597
0	0.8860968217	0.0000118740	0.1138913043
2	0.2149746342	0.0039339727	0.7810913931
1	0.9436592652	0.0563388355	0.0000018993
0	0.6212714111	0.3564238913	0.0223046976
0	0.4608584426	0.2300499619	0.3090915955
0	0.3921701022	0.0581476455	0.5496822523
0	0.4358795630	0.5168396207	0.0472808163
0	0.0652427463	0.0739823968	0.8607748568
0	0.8974830075	0.0948757276	0.0076412648
0	0.2357070654	0.0676091599	0.6966837748
0	0.0157844624	0.0338676781	0.9503478595
0	0.0286021061	0.9407780682	0.0306198257
0	0.9860636867	0.0127023048	0.0012340086
0	0.0000000004	0.3072641510	0.6927358486
0	0.9423417508	0.0416031113	0.0160551379
0	0.3681565028	0.5930297612	0.0388137359
0	0.9999995208	0.0000004792	0.0000000000
0	0.0000000000	0.6160417652	0.3839582348
0	0.1278641101	0.0028245792	0.8693113107
0	0.9222140233	0.0000146331	0.0777713436
0	0.3201353387	0.0000000000	0.6798646613
0	0.6099497639	0.3900502361	0.0000000000
0	0.0065627643	0.9555289938	0.0379082420
0	0.8185522124	0.0084987487	0.1729490389
0	0.0745161858	0.2430961439	0.6823876703
0	0.5019539006	0.0000045856	0.4980415138
0	0.0114965015	0.9564152385	0.0320882600
0	0.9994770837	0.0005229163	0.0000000000
0	0.9809245924	0.0165980091	0.0024773985
1	0.9969684059	0.0029422497	0.0000893444
1	0.7024656618	0.1062268477	0.1913074905
0	0.9990936998	0.0000140058	0.0008922944
