0	0.0000000000	0.7444479592	0.2555520407
0	0.0046138458	0.6858780652	0.3095080890
0	0.5447847092	0.0038193601	0.4513959307
1	0.7499365884	0.2447980659	0.0052653457
0	0.4916410715	0.0015125436	0.5068463849
0	0.1822715129	0.8177284837	0.0000000035
0	0.8233298820	0.1446025396	0.0320675785
0	0.8256274763	0.1460896616	0.0282828622
0	0.8933714283	0.0469202659	0.0597083058
0	0.0056250258	0.9943587981	0.0000161761
1	0.9786270569	0.0213699518	0.0000029913
0	0.7299645900	0.2700354100	0.0000000000
0	0.1525302523	0.8474697467	0.0000000010
0	0.8198554263	0.0319553546	0.1481892191
0	0.0028911712	0.9971085190	0.0000003099
1	0.4134002811	0.0000000001	0.5865997188
0	0.8868914740	0.1108905138	0.0022180122
1	0.7720638309	0.2275051649	0.0004310042
0	0.8691120611	0.0310435276	0.0998444113
0	0.2192350274	0.0016717695	0.7790932031
1	0.1391066902	0.0563433504	0.8045499594
0	0.2149230939	0.3910337323	0.3940431738
0	0.5805463540	0.2563723551	0.1630812908
0	0.9727422671	0.0052375494	0.0220201835
0	0.0294382988	0.3658509751	0.6047107261
0	0.9792787584	0.0200098329	0.0007114087
0	0.5357439728	0.1636548561	0.3006011711
0	0.7468738694	0.0103797038	0.2427464269
0	0.9436127276	0.0000000000	0.0563872724
0	0.6341549311	0.3631002728	0.0027447961
1	0.0234321163	0.0000324189	0.9765354648
0	0.9358779764	0.0641220236	0.0000000000
0	0.5716197962	0.0730179771	0.3553622267
0	0.9780942354	0.0044453330	0.0174604316
0	0.9725923406	0.0274076580	0.0000000013
0	0.9999999198	0.0000000802	0.0000000000
0	0.8712872545	0.0050830482	0.1236296973
0	0.0926045237	0.8352157506	0.0721797257
2	0.9976570736	0.0019421648	0.0004007615
0	0.1040525377	0.8959474623	0.0000000000
0	0.8527529687	0.1130931660	0.0341538653
0	0.9560389284	0.0186755323	0.0252855394
0	0.9007083876	0.0709920310	0.0282995815
0	0.9507574559	0.0196686594	0.0295738847
0	0.0622049355	0.0756640877	0.8621309768
0	0.5030618652	0.4950521529	0.0018859819
0	0.0512257268	0.0000002127	0.9487740605
0	0.0916349958	0.9083220540	0.0000429502
0	0.3533971950	0.0012201659	0.6453826391
0	0.5837838243	0.3874290924	0.0287870833
1	0.9806998435	0.0193001538	0.0000000027
0	0.9969029011	0.0010890025	0.0020080964
0	0.9983830294	0.0016169706	0.0000000000
0	0.9647035574	0.0127911821	0.0225052605
0	0.8389938821	0.0630719116	0.0979342064
0	0.7169648492	0.2830015884	0.0000335624
0	0.0744063604	0.0816169238	0.8439767158
1	0.9213252237	0.0010396248	0.0776351515
0	0.0000000288	0.3217420538	0.6782579174
1	0.1054870063	0.5016462806	0.3928667131
0	0.0589409094	0.8801669141	0.0608921765
0	0.9982104171	0.0010813106	0.0007082722
0	0.9975106262	0.0022277626	0.0002616113
0	0.4790857178	0.1801585652	0.3407557170
0	0.6527512268	0.0743529833	0.2728957899
0	0.9951947838	0.0048051844	0.0000000319
0	0.0000000016	0.8785988548	0.1214011436
0	0.0276986272	0.6230443273	0.3492570455
0	0.1751081671	0.2915203320	0.5333715009
0	0.6870636961	0.0000339641	0.3129023398
0	0.0000368431	0.9996070071	0.0003561498
0	0.0283075990	0.0348888416	0.9368035593
0	0.7618945026	0.0002440334	0.2378614640
0	0.9669914408	0.0330048653	0.0000036939
0	0.9910396131	0.0000010342	0.0089593527
0	0.7695593667	0.0000961917	0.2303444416
1	0.9270973309	0.0008547125	0.0720479566
0	0.3668761938	0.0000005885	0.6331232177
1	0.8789871314	0.0382629309	0.0827499377
0	0.9145176314	0.0077476330	0.0777347357
0	0.5666302250	0.4180337079	0.0153360670
0	0.9239513190	0.0660510601	0.0099976208
0	0.0099164582	0.3819648348	0.6081187070
0	0.9867102914	0.0132739676	0.0000157410
1	0.0030050297	0.5253992301	0.4715957402
0	0.9131822006	0.0053511117	0.0814666876
0	0.6513850553	0.2129843636	0.1356305811
0	0.1111892650	0.1210380835	0.7677726515
0	0.9999999785	0.0000000000	0.0000000215
0	0.4557864373	0.5353601912	0.0088533715
0	0.3580484805	0.1932030080	0.4487485114
0	0.3332210267	0.2852249158	0.3815540575
0	0.5030969944	0.2472210224	0.2496819831
0	0.9964046959	0.0003182202	0.0032770839
1	0.4664710414	0.0001966546	0.5333323040
0	0.7575073053	0.2393540333	0.0031386615
0	0.0405659893	0.9593908806	0.0000431301
0	0.9638440846	0.0361326718	0.0000232436
0	0.8175758145	0.1816504586	0.0007737269
0	0.8771605996	0.1124304646	0.0104089358
