0	0.0000000000	0.9999889394	0.0000110606
0	0.0216522673	0.7808842122	0.1974635205
1	0.0930961596	0.8122653403	0.0946385001
0	0.1766517203	0.0565107757	0.7668375040
0	0.0008296790	0.5001482427	0.4990220783
0	0.0428168947	0.7879657293	0.1692173759
0	0.0000000000	0.9999338666	0.0000661334
0	0.6136842400	0.0000009958	0.3863147642
0	0.4055729593	0.5883045206	0.0061225201
0	0.0003133935	0.8933803517	0.1063062548
0	0.9990820058	0.0000000240	0.0009179702
0	0.7866783699	0.0852389068	0.1280827233
0	0.6866800108	0.2382436591	0.0750763302
0	0.9936394235	0.0004824095	0.0058781670
0	0.7228166080	0.0001993906	0.2769840014
0	0.0199979624	0.5171090799	0.4628929577
0	0.0092259488	0.8874094616	0.1033645896
0	0.0000000000	0.3560559125	0.6439440875
0	0.4358065165	0.2889213193	0.2752721643
0	0.0001698223	0.2291098617	0.7707203160
0	0.2040417538	0.3125918710	0.4833663753
0	0.4587400628	0.0000000000	0.5412599372
0	0.5136342721	0.1622661555	0.3240995724
0	0.0211990946	0.0012458247	0.9775550806
0	0.9710044748	0.0289955252	0.0000000000
0	0.4736993176	0.5263006814	0.0000000010
0	0.0000000000	0.0950987562	0.9049012438
0	0.0030756254	0.9781309794	0.0187933952
0	0.3168951986	0.6830956340	0.0000091674
0	0.2620747751	0.1085038303	0.6294213946
0	0.0007400247	0.0548386234	0.9444213518
0	0.0000380374	0.9644305000	0.0355314626
0	0.0000000000	0.0939645993	0.9060354007
0	0.0597214633	0.9317505516	0.0085279851
0	0.0000966563	0.0317676559	0.9681356877
0	0.0209781853	0.7801939300	0.1988278846
0	0.8902197909	0.0005298662	0.1092503428
1	0.0713960486	0.4257636221	0.5028403293
0	0.0005175695	0.1282663745	0.8712160560
0	0.1804292126	0.0385747746	0.7809960127
0	0.0000000000	0.0666252448	0.9333747552
0	0.8362804121	0.0131022512	0.1506173367
0	0.1949088218	0.7582130403	0.0468781379
0	0.9977307940	0.0022692060	0.0000000000
0	0.0165580084	0.9659079755	0.0175340161
0	0.0000289897	0.8979697018	0.1020013085
0	0.0000041119	0.0722524354	0.9277434526
0	0.0206403536	0.8438051680	0.1355544784
2	0.0503960657	0.0156566689	0.9339472654
1	0.6791058332	0.0000002001	0.3208939667
0	0.0034479587	0.9965519768	0.0000000646
0	0.0001207873	0.0091908739	0.9906883388
0	0.1862366093	0.8037582334	0.0100051573
0	0.0174159836	0.0000550212	0.9825289952
0	0.0945963526	0.3140906134	0.5913130340
0	0.4480593275	0.5517007265	0.0002399460
0	0.4940479869	0.1172451958	0.3887068173
0	0.4275339675	0.5323082083	0.0401578242
0	0.0023936258	0.0000000100	0.9976063642
0	0.0226187290	0.0030204426	0.9743608285
0	0.1185344833	0.0000166757	0.8814488409
0	0.2554883525	0.0002185125	0.7442931351
0	0.1382076443	0.8251233398	0.0366690159
0	0.4754855394	0.2549778975	0.2695365631
0	0.0693518838	0.8787694515	0.0518786647
0	0.4548306496	0.5347641569	0.0104051935
0	0.7160135333	0.0732710689	0.2107153978
0	0.0000080367	0.9999919531	0.0000000102
0	0.2624346002	0.5486215308	0.1889438690
0	0.0000000000	0.9919609639	0.0080390361
0	0.2510098749	0.0895675492	0.6594225759
0	0.8774330135	0.1032639223	0.0193030642
1	0.3137823387	0.0000000000	0.6862176613
0	0.6147864303	0.1774536267	0.2077599430
0	0.0086786542	0.8651138951	0.1262074507
0	0.5284710348	0.2185430471	0.2529859181
0	0.2657263646	0.0783738098	0.6558998257
1	0.0000143283	0.6903024839	0.3096831879
0	0.4714722405	0.3247229646	0.2038047949
0	0.0003089139	0.8883506137	0.1113404724
1	0.4842525562	0.5026500019	0.0130974419
0	0.6933709762	0.3027260103	0.0039030136
0	0.0398029053	0.1950614427	0.7651356520
1	0.9999999999	0.0000000001	0.0000000000
0	0.6354601607	0.1318865986	0.2326532407
0	0.2122368619	0.7795078777	0.0082552604
0	0.0001861108	0.8313069727	0.1685069164
0	0.0389760336	0.8462625440	0.1147614224
0	0.5141234194	0.0266505933	0.4592259874
1	0.9620469081	0.0379530919	0.0000000000
0	0.0175011197	0.8714978800	0.1110010003
0	0.2915316826	0.6745871065	0.0338812109
0	0.0288792570	0.8338054484	0.1373152947
0	0.7587033964	0.0152181275	0.2260784760
0	0.9493411552	0.0018917749	0.0487670699
0	0.0000000000	0.4709052154	0.5290947846
0	0.2155028256	0.7844817873	0.0000153871
1	0.0356944324	0.0429273924	0.9213781752
1	0.2945278943	0.7054721055	0.0000000002
1	0.1923051504	0.0831590058	0.7245358439
