0	0.0009456392	0.4908580016	0.5081963593
1	0.0265657096	0.2047194669	0.7687148236
0	0.2861103219	0.2337847175	0.4801049606
0	0.8806158193	0.0769498776	0.0424343031
1	0.4021832711	0.0698701521	0.5279465768
0	0.7379784229	0.2618442067	0.0001773704
0	0.0483326189	0.5026456746	0.4490217065
0	0.4698312963	0.0027781290	0.5273905748
1	0.7035019227	0.0000000000	0.2964980773
0	0.7459156213	0.0967740684	0.1573103103
0	0.9967966763	0.0019511338	0.0012521898
0	0.2155186880	0.7062524397	0.0782288723
0	0.0000943441	0.6038497583	0.3960558976
0	0.0000189282	0.4031886386	0.5967924333
0	0.0011180146	0.0115972875	0.9872846979
0	0.1386489147	0.8477944117	0.0135566736
0	0.0023808172	0.1376656945	0.8599534883
0	0.2309578492	0.2019546345	0.5670875162
0	0.9393686319	0.0100092844	0.0506220836
0	0.0001403212	0.4544212192	0.5454384595
0	0.0179881932	0.0000007605	0.9820110463
0	0.6236799560	0.3763200440	0.0000000000
0	0.1707834323	0.0697731440	0.7594434236
0	0.0000014008	0.0089521837	0.9910464155
0	0.0025297815	0.0000000000	0.9974702185
0	0.9960012123	0.0036503827	0.0003484050
0	0.4608730084	0.0091457095	0.5299812821
0	0.8477602733	0.1164308126	0.0358089141
0	0.6160105290	0.1168972248	0.2670922462
0	0.1351812492	0.0011887287	0.8636300220
0	0.1025519816	0.1871611652	0.7102868531
0	0.0000000867	0.0000009181	0.9999989951
0	0.0196678968	0.0000000000	0.9803321032
0	0.0660315855	0.0079979217	0.9259704928
0	0.9443823981	0.0288032598	0.0268143421
0	0.0863792774	0.2246645572	0.6889561654
0	0.1945314840	0.3097746736	0.4956938423
0	0.0673407023	0.0000725033	0.9325867943
0	0.1307986286	0.8691836172	0.0000177542
0	0.0005409198	0.0117332910	0.9877257892
0	0.0284505892	0.9193322794	0.0522171314
1	0.0171483756	0.4465456351	0.5363059893
0	0.0966541917	0.9033457300	0.0000000782
0	0.2289880992	0.1183135647	0.6526983361
0	0.9898318479	0.0032023344	0.0069658177
0	0.0043326879	0.0000000022	0.9956673099
0	0.5582529069	0.0221179345	0.4196291585
0	0.0991737400	0.0211210662	0.8797051938
0	0.8616801499	0.0010496953	0.1372701548
0	0.1252640426	0.2513972327	0.6233387247
0	0.0018197171	0.1207657737	0.8774145092
0	0.0066612296	0.4954226466	0.4979161238
0	0.0160830436	0.9139995242	0.0699174322
0	0.0389943832	0.0000825088	0.9609231080
0	0.1206940692	0.0682486692	0.8110572615
0	0.0310738460	0.0000509601	0.9688751939
0	0.3625062641	0.0118906619	0.6256030740
0	0.0176749212	0.0000796226	0.9822454562
0	0.1350429962	0.1702505624	0.6947064414
2	0.0000000681	0.1895437748	0.8104561570
0	0.5673450484	0.0001047062	0.4325502454
0	0.0006089221	0.3152163546	0.6841747233
0	0.0537867199	0.0000034191	0.9462098610
0	0.6696955746	0.0127478974	0.3175565280
1	0.7733083498	0.0000079700	0.2266836802
0	0.0670829856	0.0000006415	0.9329163729
0	0.0003465356	0.0280415347	0.9716119298
0	0.3389905385	0.0000000452	0.6610094163
1	0.0413705267	0.7790979607	0.1795315126
0	0.4134213080	0.3183263401	0.2682523519
1	0.0004505652	0.0000000000	0.9995494348
0	0.5796786270	0.0000000108	0.4203213622
1	0.0013226187	0.9986752261	0.0000021552
0	0.0000000000	0.8526230580	0.1473769420
0	0.0000018331	0.7901838964	0.2098142705
0	0.8532722319	0.1256184015	0.0211093666
0	0.0002053398	0.1389907133	0.8608039469
0	0.0234656904	0.0000000000	0.9765343096
0	0.8300897210	0.0029929584	0.1669173206
0	0.5000063039	0.0000000000	0.4999936961
0	0.9333976647	0.0000045174	0.0665978180
0	0.0000000013	0.4902383002	0.5097616985
2	0.6883662016	0.2269023750	0.0847314235
0	0.2725576100	0.3704424341	0.3569999559
0	0.0644380581	0.6202777806	0.3152841614
0	0.0954926954	0.0784794256	0.8260278790
0	0.2890999460	0.1278625698	0.5830374842
0	0.2390379661	0.0116469223	0.7493151116
0	0.9282690911	0.0717309089	0.0000000000
0	0.7551130961	0.1844004790	0.0604864250
1	0.1784327070	0.0011284646	0.8204388284
0	0.0078190004	0.0000000000	0.9921809996
0	0.0000581395	0.0001563428	0.9997855177
0	0.0590231191	0.8926934375	0.0482834434
0	0.6145602696	0.0615003340	0.3239393964
0	0.0023813432	0.3453113708	0.6523072860
0	0.9307799416	0.0309078604	0.0383121980
0	0.0001054455	0.9964601759	0.0034343785
0	0.9756889768	0.0242701894	0.0000408338
0	0.7513983550	0.0000000000	0.2486016450
