0	0.8772346576	0.0000398121	0.1227255303
0	0.9876912883	0.0123082237	0.0000004880
0	0.0228731808	0.0630717349	0.9140550843
0	0.1115283024	0.2464935493	0.6419781483
1	0.9940373931	0.0000352426	0.0059273642
0	0.8878289667	0.1107127733	0.0014582599
0	0.1407048018	0.7880658762	0.0712293220
0	0.0179454022	0.0000096821	0.9820449156
0	0.5431197714	0.0166743513	0.4402058774
0	0.0134077565	0.0004822456	0.9861099980
0	0.3491878761	0.2502706952	0.4005414287
0	0.5994903001	0.3044791208	0.0960305791
0	0.0266045708	0.8492840392	0.1241113900
0	0.2126755663	0.7483068684	0.0390175653
0	0.8325133172	0.0329311421	0.1345555407
0	0.0000119202	0.9573748898	0.0426131900
0	0.7596481828	0.1764112720	0.0639405453
0	0.3552320561	0.3144810079	0.3302869359
0	0.1761068392	0.0081411606	0.8157520001
0	0.2756445682	0.2760754956	0.4482799362
0	0.3787481296	0.0203157210	0.6009361494
0	0.4165263266	0.1467124793	0.4367611941
0	0.2848725272	0.0000000826	0.7151273902
0	0.0393320184	0.0000000000	0.9606679816
0	0.5989576581	0.0122108297	0.3888315122
0	0.8066921317	0.1933078683	0.0000000000
0	0.0401113050	0.2061257161	0.7537629789
0	0.0000151780	0.0681485541	0.9318362679
0	0.0565004370	0.3148320975	0.6286674654
0	0.4801972190	0.1708504319	0.3489523491
0	0.2831470202	0.0737775784	0.6430754014
0	0.0000000412	0.0131987914	0.9868011675
0	0.3643150396	0.1463389894	0.4893459710
0	0.0006468362	0.7232341646	0.2761189992
0	0.0000000000	0.0000000000	1.0000000000
0	0.0601642618	0.0000000026	0.9398357357
0	0.0583916288	0.0168884928	0.9247198784
0	0.7973322345	0.0537838004	0.1488839651
0	0.1367984623	0.5269474402	0.3362540974
0	0.0303349579	0.0000004427	0.9696645994
0	0.1525104223	0.6230122119	0.2244773658
0	0.8388383617	0.1143278016	0.0468338367
0	0.0996364640	0.0925615039	0.8078020321
0	0.1042623149	0.1875458925	0.7081917926
0	0.9735562140	0.0264410745	0.0000027115
0	0.3463876870	0.5035165347	0.1500957783
0	0.0060550991	0.0293695626	0.9645753383
1	0.8887509855	0.1112490145	0.0000000000
0	0.3872743971	0.3663355264	0.2463900765
0	0.3991866131	0.5563332254	0.0444801615
1	0.7500973388	0.0000604780	0.2498421832
0	0.0002280251	0.0000000000	0.9997719749
0	0.4963475045	0.4395775772	0.0640749183
0	0.2450083248	0.1379114943	0.6170801809
0	0.2754510007	0.7232111653	0.0013378340
0	0.0574420354	0.9398247379	0.0027332267
0	0.9994580350	0.0000000000	0.0005419649
0	0.0000000770	0.6986446744	0.3013552487
0	0.7248896169	0.0079295197	0.2671808633
0	0.7697129256	0.0006899264	0.2295971480
0	0.0001924488	0.9997994021	0.0000081491
0	0.5055016853	0.0378659749	0.4566323398
0	0.7699754153	0.0474233244	0.1826012603
0	0.5518581521	0.4464938822	0.0016479658
0	0.2695400521	0.3012763033	0.4291836445
0	0.0535440265	0.1228742204	0.8235817531
0	0.4996509644	0.4514976893	0.0488513463
0	0.0000000000	0.5774029491	0.4225970509
1	0.9768631192	0.0009691512	0.0221677296
1	0.3080964028	0.0936936517	0.5982099456
2	0.9999999867	0.0000000002	0.0000000131
0	0.9293582140	0.0050442097	0.0655975762
0	0.0314922115	0.1182887652	0.8502190233
0	0.0020579471	0.7367987689	0.2611432840
0	0.8671423251	0.1328576692	0.0000000058
0	0.0000001523	0.4872549997	0.5127448480
1	0.6682503214	0.3313935810	0.0003560976
0	0.8568698930	0.0000004557	0.1431296512
0	0.0020259832	0.0000000000	0.9979740168
0	0.2553327227	0.0010081847	0.7436590926
0	0.0062786448	0.0911120085	0.9026093468
0	0.0004078536	0.0000033865	0.9995887599
0	0.0106468694	0.0019513597	0.9874017709
0	0.4594631629	0.3584858273	0.1820510098
0	0.3819061282	0.3699180249	0.2481758469
0	0.1531619467	0.0278539817	0.8189840717
0	0.0295838416	0.0071659175	0.9632502409
0	0.2889041333	0.0359297703	0.6751660964
0	0.3061517909	0.3015372930	0.3923109161
0	0.3937589227	0.2492239803	0.3570170970
0	0.3704980222	0.6181252373	0.0113767405
0	0.0467499537	0.0581350295	0.8951150168
0	0.0000000000	0.0002933623	0.9997066377
0	0.0844120198	0.0004741881	0.9151137921
0	0.3565889131	0.0689257223	0.5744853646
0	0.9853027659	0.0000000000	0.0146972341
0	0.1062157919	0.0066132446	0.8871709636
0	0.3393597584	0.0198206171	0.6408196245
0	0.2926767869	0.0245173760	0.6828058370
0	0.0846098901	0.8747188842	0.0406712256
