0	0.1137018328	0.7682517282	0.1180464390
0	0.1179521008	0.8820478992	0.0000000000
0	0.2907300939	0.2163371941	0.4929327120
0	0.0560632511	0.9204516937	0.0234850551
0	0.3963252309	0.0427651215	0.5609096476
0	0.7096276869	0.2370201119	0.0533522012
0	0.0645414439	0.7889118518	0.1465467043
0	0.3577223661	0.5474223272	0.0948553067
1	0.0446147744	0.8608219344	0.0945632912
0	0.2100872558	0.5512359053	0.2386768390
0	0.9460007367	0.0538541536	0.0001451097
0	0.2730937975	0.7267968009	0.0001094016
0	0.9999999522	0.0000000000	0.0000000478
0	0.2714682331	0.7271888957	0.0013428711
0	0.0000023554	0.5341021655	0.4658954791
1	0.2291959648	0.4147966275	0.3560074077
0	0.0107491698	0.0000000647	0.9892507656
0	0.9999745809	0.0000254191	0.0000000000
0	0.2840863731	0.2429329031	0.4729807238
0	0.2928704872	0.0000000162	0.7071294966
0	0.8287067168	0.0156355071	0.1556577761
0	0.0104184384	0.8381196947	0.1514618669
0	0.9569002551	0.0118817686	0.0312179762
0	0.0544161755	0.8295507474	0.1160330771
0	0.0077566064	0.5514482101	0.4407951835
0	0.8074233352	0.1096082420	0.0829684229
0	0.1227990488	0.7786813478	0.0985196034
0	0.4324695960	0.1032328989	0.4642975051
1	0.0215856439	0.8206458811	0.1577684749
0	0.0989115727	0.9010851522	0.0000032751
0	0.0092903831	0.0616181868	0.9290914301
0	0.9768623682	0.0120139140	0.0111237178
0	0.0955892688	0.9044107312	0.0000000000
0	0.1563621034	0.8436378966	0.0000000000
0	0.3594191575	0.0000781277	0.6405027148
0	0.8190350457	0.0761001403	0.1048648140
1	0.9614599149	0.0380931128	0.0004469722
0	0.5679104297	0.0208859650	0.4112036053
0	0.0000108744	0.9926287128	0.0073604128
0	0.8329552295	0.0497544479	0.1172903227
0	0.0000000000	1.0000000000	0.0000000000
0	0.1358545320	0.8641454679	0.0000000001
0	0.6673788037	0.0000202783	0.3326009180
0	0.3861835367	0.4627724225	0.1510440408
0	0.0000000060	0.9924169985	0.0075829955
0	0.7376241632	0.0000000000	0.2623758368
1	0.0009393170	0.0094992818	0.9895614012
0	0.0092392323	0.8986318438	0.0921289239
0	0.9993620591	0.0000000000	0.0006379409
2	0.1778896275	0.0896787167	0.7324316558
1	0.9723473232	0.0276112829	0.0000413939
0	0.0285531447	0.5243259690	0.4471208863
0	0.5728801606	0.0307478367	0.3963720027
0	0.9840098517	0.0157758889	0.0002142594
0	0.8498880046	0.0000002619	0.1501117335
0	0.7524968402	0.2475031498	0.0000000100
0	0.9943566907	0.0025193361	0.0031239732
0	0.0000000000	0.1470272796	0.8529727204
0	0.8195516860	0.1399569717	0.0404913423
1	0.4212359300	0.5787640700	0.0000000000
0	0.4997898117	0.4687085294	0.0315016589
0	0.0012099142	0.7937966383	0.2049934475
0	0.1140438782	0.4541080364	0.4318480855
0	0.2827753205	0.6811440877	0.0360805918
0	0.9996234331	0.0003765669	0.0000000000
0	0.0274108397	0.8625154927	0.1100736677
0	0.3008126269	0.0000000000	0.6991873731
0	0.2928246206	0.6788151494	0.0283602300
0	0.2833225442	0.4408939310	0.2757835248
0	0.0646742034	0.8682485419	0.0670772547
0	0.5764729924	0.4225390263	0.0009879813
1	0.1072270172	0.7722318938	0.1205410890
0	0.9673336667	0.0007867575	0.0318795758
0	0.2179508644	0.0000000000	0.7820491356
0	0.2333707165	0.7301851182	0.0364441653
0	0.1896778214	0.5416564746	0.2686657040
0	0.0012552517	0.6160366171	0.3827081313
0	0.9961705296	0.0020282328	0.0018012376
0	0.9463997866	0.0536002134	0.0000000000
0	0.9433318210	0.0000000074	0.0566681716
0	0.6867538104	0.0000001022	0.3132460874
0	0.3710463260	0.6289536661	0.0000000079
0	0.0000000006	0.9874002384	0.0125997611
0	0.6623118438	0.0001272974	0.3375608588
1	0.0644728680	0.9029746970	0.0325524350
0	0.0019064325	0.9980916123	0.0000019552
0	0.4389123951	0.5606766292	0.0004109757
0	0.6276061131	0.3723165802	0.0000773067
0	0.5160208293	0.0000000000	0.4839791707
0	0.0506669898	0.9409477708	0.0083852395
2	0.9111604851	0.0888395149	0.0000000000
0	0.8910399820	0.0069642412	0.1019957768
0	0.3335328548	0.6649035152	0.0015636299
0	0.2698867996	0.6822278791	0.0478853213
0	0.3164383149	0.6825577148	0.0010039702
0	0.8171608593	0.1774370663	0.0054020744
0	0.0034186169	0.6854062674	0.3111751157
0	0.1781011846	0.6696132283	0.1522855870
0	0.0408851169	0.8697510226	0.0893638605
1	0.9646692929	0.0033130119	0.0320176952
