0	0.1534161178	0.8160545645	0.0305293177
0	0.2697292591	0.7302284983	0.0000422426
0	0.0623200347	0.9194126850	0.0182672803
0	0.0000026632	0.9733933420	0.0266039947
0	0.0004573698	0.9451632313	0.0543793989
0	0.2648661644	0.7206829182	0.0144509173
0	0.1319536862	0.8641723230	0.0038739908
1	0.0000000000	0.9798158400	0.0201841600
0	0.0000000000	1.0000000000	0.0000000000
0	0.0004506617	0.9909902816	0.0085590567
0	0.1325118539	0.6861860860	0.1813020601
0	0.0000021972	0.3535841160	0.6464136868
0	0.0027965431	0.9971217698	0.0000816872
0	0.9335569075	0.0350927824	0.0313503100
0	0.0661956997	0.1489486048	0.7848556956
0	0.0014496760	0.9968982800	0.0016520440
0	0.0312941077	0.1685402143	0.8001656780
0	0.9417693435	0.0564775301	0.0017531264
0	0.3060875590	0.6939123787	0.0000000623
0	0.0343396182	0.9652565336	0.0004038482
0	0.7349062973	0.2575136535	0.0075800492
0	0.0943854022	0.2684061326	0.6372084652
0	0.1069159889	0.0009941647	0.8920898464
0	0.0399966741	0.9309411774	0.0290621485
1	0.0000065209	0.4731470532	0.5268464259
0	0.0390950018	0.9609049982	0.0000000000
0	0.0000000000	0.4605071523	0.5394928477
0	0.0213851214	0.7183043656	0.2603105130
0	0.0079019511	0.9919504771	0.0001475718
0	0.0001636203	0.6417057906	0.3581305891
0	0.0355101496	0.9644898497	0.0000000007
2	0.0000000000	0.9990435897	0.0009564103
0	0.0000001158	0.9321063553	0.0678935289
0	0.9227804371	0.0772185783	0.0000009846
0	0.0511876906	0.6832144241	0.2655978853
0	0.9067964077	0.0932035923	0.0000000000
1	0.0001846225	0.9982345635	0.0015808140
0	0.0836566308	0.8962426577	0.0201007115
0	0.0000000096	0.9932536351	0.0067463553
0	0.0540303821	0.0374077681	0.9085618498
1	0.5524373035	0.1009356171	0.3466270794
0	0.1957005473	0.0596142583	0.7446851944
1	0.0000000000	0.8436508033	0.1563491967
0	0.0789360916	0.9203604662	0.0007034422
0	0.4111406690	0.5855775977	0.0032817333
1	0.0036284160	0.8594080280	0.1369635560
0	0.0000000000	0.9999999987	0.0000000013
0	0.6074721072	0.3330110445	0.0595168484
0	0.7687635596	0.2026250398	0.0286114006
0	0.0006206080	0.9232769514	0.0761024406
0	0.0000000000	0.7675326369	0.2324673631
0	0.0000123520	0.9998241330	0.0001635150
0	0.6434683796	0.2913146823	0.0652169382
0	0.0069000188	0.9638675415	0.0292324397
0	0.0000000000	1.0000000000	0.0000000000
0	0.6456914615	0.0791915679	0.2751169705
0	0.2010515770	0.7977855742	0.0011628489
0	0.0000001076	0.9999998912	0.0000000011
0	0.0761986842	0.8857227061	0.0380786097
0	0.0000000299	0.9999999701	0.0000000000
0	0.1066337475	0.1044459781	0.7889202744
0	0.2477825194	0.7036918581	0.0485256225
0	0.2349264200	0.1235867359	0.6414868441
0	0.0000918953	0.9999075764	0.0000005283
0	0.0000057029	0.9905157549	0.0094785422
0	0.0000501798	0.9160315072	0.0839183131
0	0.0486838260	0.9309776050	0.0203385690
0	0.0000000241	0.9813968187	0.0186031572
0	0.5497125007	0.3073697391	0.1429177601
0	0.0013710586	0.6692210158	0.3294079256
0	0.0100870239	0.7868007124	0.2031122637
0	0.0069422908	0.9417579897	0.0512997195
0	0.0000002310	0.9161856901	0.0838140789
0	0.0000000072	0.9996624265	0.0003375663
0	0.0021271947	0.2820423787	0.7158304266
1	0.0010890329	0.9951356836	0.0037752835
0	0.0034337547	0.9965527866	0.0000134587
1	0.0600031023	0.8374483485	0.1025485492
0	0.1640430378	0.8339839209	0.0019730414
0	0.0000000008	0.8946912881	0.1053087111
0	0.0003485826	0.9369965805	0.0626548369
0	0.2941192752	0.0002778823	0.7056028425
0	0.0000015358	0.8075158997	0.1924825645
0	0.0000000000	0.9999988899	0.0000011101
0	0.0004812523	0.9995172326	0.0000015151
0	0.0000217478	0.9999772400	0.0000010122
0	0.0000284962	0.9065151496	0.0934563542
0	0.0244611759	0.9557700338	0.0197687903
0	0.0984973233	0.7554953693	0.1460073075
0	0.0028133828	0.7023826095	0.2948040076
0	0.0012185179	0.1760134066	0.8227680754
0	0.6158516263	0.0329193191	0.3512290546
0	0.7285835199	0.2208299061	0.0505865740
1	0.0000020276	0.2016306833	0.7983672891
0	0.1019665044	0.6802559521	0.2177775435
0	0.1059010080	0.7984052130	0.0956937789
0	0.1214772749	0.0078100143	0.8707127109
0	0.0161797152	0.8865921421	0.0972281427
0	0.0738540734	0.4487732289	0.4773726977
0	0.0004934575	0.4490527552	0.5504537873
