0	0.2551962187	0.7163144268	0.0284893546
0	0.0592239816	0.7365433806	0.2042326378
1	0.0138235193	0.3606209422	0.6255555385
0	0.0054254841	0.0045106300	0.9900638859
0	0.5154813402	0.1026525255	0.3818661343
0	0.5898162519	0.3908186867	0.0193650614
0	0.0061090207	0.0000561480	0.9938348313
0	0.6295700212	0.1772522628	0.1931777160
0	0.0000020177	0.7323367930	0.2676611893
0	0.1807268566	0.3688563130	0.4504168304
0	0.0139072409	0.9835408618	0.0025518973
0	0.0299239855	0.0085696357	0.9615063789
0	0.1764593364	0.6560724931	0.1674681705
1	0.3896338254	0.0000000000	0.6103661746
0	0.9998153720	0.0000000000	0.0001846280
0	0.0225805264	0.2808223040	0.6965971695
0	0.7357270528	0.0000048699	0.2642680773
0	0.5852558431	0.0035214328	0.4112227242
0	0.0907148646	0.0583151388	0.8509699966
0	0.6684940540	0.0011942980	0.3303116480
0	0.8585306138	0.1414099172	0.0000594690
0	0.7404986273	0.0121105561	0.2473908165
0	0.0278695122	0.6474394316	0.3246910563
0	0.7815167946	0.1373141350	0.0811690704
0	0.1363166073	0.3434703952	0.5202129975
0	0.0917550160	0.7887608697	0.1194841143
0	0.5091505331	0.0005378814	0.4903115855
0	0.9543203348	0.0041349936	0.0415446716
1	0.9819603809	0.0000044710	0.0180351480
0	0.0083080923	0.0980395046	0.8936524031
1	0.9304781691	0.0567631144	0.0127587165
0	0.6004274402	0.0915951977	0.3079773621
1	0.9682749076	0.0247654192	0.0069596731
0	0.0897204942	0.9102779210	0.0000015847
0	0.5443254345	0.0169138160	0.4387607495
0	0.7676119388	0.0227975820	0.2095904792
0	0.5449650651	0.4302999395	0.0247349953
0	0.9630650709	0.0165021430	0.0204327861
1	0.6760195342	0.3239789441	0.0000015217
0	0.7362976577	0.0018243628	0.2618779795
0	0.8602232046	0.0333362435	0.1064405519
0	0.0402633257	0.0121219688	0.9476147055
0	0.7517085860	0.0068597438	0.2414316702
0	0.2029206421	0.6926938735	0.1043854844
0	0.8392604831	0.1603198021	0.0004197148
0	0.0576989392	0.0099972122	0.9323038485
0	0.0142592495	0.8759482494	0.1097925011
0	0.0000827004	0.8929270885	0.1069902112
0	0.0256886479	0.8182109403	0.1561004119
0	0.7239121926	0.2760646984	0.0000231090
0	0.0582729905	0.0000000000	0.9417270095
0	0.8749389790	0.0052499267	0.1198110943
0	0.9966634501	0.0032924564	0.0000440936
0	0.0875121067	0.0032406497	0.9092472436
0	0.7445007919	0.1103971343	0.1451020738
0	0.1976373742	0.5832244695	0.2191381563
0	0.4158851396	0.1997497584	0.3843651020
0	0.6544717110	0.0542927071	0.2912355819
0	0.7657331555	0.0864358326	0.1478310119
0	0.8642596035	0.1345195309	0.0012208656
0	0.9111542037	0.0000121794	0.0888336169
0	0.7212764841	0.2589442195	0.0197792964
0	0.8947029330	0.0710489876	0.0342480793
0	0.0635312385	0.0000162657	0.9364524958
0	0.8959882622	0.1020468057	0.0019649321
0	0.3993192317	0.0913129902	0.5093677782
1	0.4567551752	0.0000229294	0.5432218954
0	0.1788095451	0.3479165555	0.4732738994
0	0.1290516272	0.0228326092	0.8481157636
0	0.0335733825	0.6376596068	0.3287670107
0	0.9800853455	0.0013672646	0.0185473899
0	0.9280406181	0.0205808350	0.0513785469
0	0.9429267456	0.0369602731	0.0201129813
1	0.2734948314	0.0000000000	0.7265051686
0	0.3299352509	0.3403935728	0.3296711763
0	0.1059444673	0.7827522937	0.1113032390
1	0.8767335421	0.1197848563	0.0034816015
0	0.8345264676	0.0001784076	0.1652951249
0	0.9978591096	0.0014517015	0.0006891889
0	0.5665515185	0.0260263425	0.4074221390
0	0.0020711723	0.4715905039	0.5263383238
2	0.0029700921	0.9970299079	0.0000000000
0	0.9937925970	0.0003315388	0.0058758643
0	0.2460877246	0.4913411506	0.2625711248
0	0.5283075078	0.1309327110	0.3407597812
1	0.0658123088	0.0699347955	0.8642528957
1	0.1443061742	0.7185170546	0.1371767711
0	0.0908694199	0.1330167405	0.7761138396
0	0.0941000351	0.1249369835	0.7809629815
0	0.2407676762	0.1206206766	0.6386116471
0	0.1537491274	0.8253085980	0.0209422745
0	0.4584213767	0.3415284122	0.2000502111
0	0.9627037043	0.0327090912	0.0045872045
0	0.0117211018	0.4362470391	0.5520318591
0	0.5407956428	0.3173665438	0.1418378134
0	0.0814205192	0.0018879813	0.9166914995
1	0.5247046482	0.4594709096	0.0158244423
0	0.0034041986	0.1647952858	0.8318005156
0	0.0787775828	0.9080255022	0.0131969150
1	0.0009619937	0.9916975793	0.0073404269
