0	0.0276334273	0.1071267435	0.8652398292
0	0.0115327705	0.7371412492	0.2513259803
0	0.0246294800	0.8852909423	0.0900795777
0	0.0008049344	0.9877126071	0.0114824585
0	0.1486921972	0.6988731389	0.1524346639
0	0.1481222669	0.7141246161	0.1377531170
0	0.2142600910	0.2918727927	0.4938671163
0	0.0401267110	0.7187160648	0.2411572242
0	0.0036874618	0.0209531876	0.9753593506
0	0.0000000000	0.9878861638	0.0121138362
0	0.1588531482	0.5772065664	0.2639402854
0	0.1139066225	0.4929793654	0.3931140121
1	0.0403316332	0.9417643908	0.0179039760
0	0.0996053343	0.8999405381	0.0004541275
0	0.7294420519	0.2148824657	0.0556754824
0	0.1989570257	0.6422843860	0.1587585882
0	0.4010466018	0.5458462398	0.0531071584
0	0.0024008779	0.8738030980	0.1237960240
0	0.3118886278	0.2990177996	0.3890935726
0	0.5532044431	0.3339617132	0.1128338437
0	0.4804817281	0.2537953350	0.2657229369
0	0.0000000000	0.5532522627	0.4467477373
0	0.0000000051	0.5717598497	0.4282401452
0	0.0000000019	0.9635025607	0.0364974374
0	0.1775342413	0.5430193655	0.2794463933
0	0.0160482046	0.9588998899	0.0250519055
0	0.0000000000	0.3775151083	0.6224848917
0	0.0142793712	0.7016897334	0.2840308954
1	0.6279914787	0.3719249650	0.0000835562
2	0.0400800068	0.9593392192	0.0005807740
1	0.3236674628	0.6763305592	0.0000019781
0	0.0000000016	0.9998162332	0.0001837652
0	0.0000000009	0.0211722821	0.9788277169
0	0.6336252939	0.0635336807	0.3028410254
0	0.1350612785	0.7051011260	0.1598375955
0	0.0000009834	0.0906772028	0.9093218138
0	0.0014601961	0.9940240541	0.0045157499
0	0.0000345680	0.9999654319	0.0000000000
1	0.0000180640	0.9998144763	0.0001674597
0	0.0046319455	0.4703621623	0.5250058922
0	0.0009972012	0.7985951059	0.2004076929
0	0.4429456102	0.0504815421	0.5065728477
0	0.2250137879	0.2739297890	0.5010564231
0	0.4113329991	0.4532175363	0.1354494646
0	0.5847136617	0.2620038064	0.1532825319
0	0.0000051513	0.9999203958	0.0000744529
0	0.0001558158	0.8920987437	0.1077454404
0	0.4768884286	0.0388808207	0.4842307507
0	0.0010175271	0.7048863120	0.2940961609
0	0.0063199827	0.9228963709	0.0707836464
1	0.1303395940	0.8695248680	0.0001355380
0	0.1376394357	0.4280609880	0.4342995763
0	0.3842061391	0.1176005229	0.4981933380
0	0.0033285822	0.0032476398	0.9934237780
0	0.0071862798	0.8815389229	0.1112747973
0	0.2671526367	0.4546706698	0.2781766935
0	0.0430716629	0.3212588361	0.6356695010
0	0.9999973600	0.0000026399	0.0000000000
0	0.0000000647	0.0005180871	0.9994818482
0	0.0000000000	0.6233760739	0.3766239261
0	0.2322134357	0.1722520063	0.5955345580
0	0.0000000000	0.6894586246	0.3105413754
0	0.1507180567	0.0354741106	0.8138078327
0	0.1643422363	0.5750487571	0.2606090066
0	0.0000059111	0.7790284306	0.2209656583
1	0.1564489778	0.7195346158	0.1240164065
0	0.0000062758	0.9645701659	0.0354235583
0	0.0000000000	0.0491326157	0.9508673843
0	0.0495775929	0.3039648921	0.6464575150
0	0.6497236040	0.1628754010	0.1874009950
0	0.0003685976	0.4447514348	0.5548799676
1	0.0000005042	0.9999957745	0.0000037213
0	0.8719930769	0.1038998990	0.0241070241
0	0.0000192845	0.7565598739	0.2434208416
0	0.0000912254	0.6935567912	0.3063519835
0	0.0000001843	0.9011466073	0.0988532084
0	0.0000000000	0.8524708569	0.1475291431
0	0.1671256660	0.7822636861	0.0506106479
0	0.5421137622	0.4525734542	0.0053127835
1	0.1080460135	0.7783545666	0.1135994200
1	0.1683937715	0.8220533988	0.0095528297
0	0.0000000000	0.7628162445	0.2371837555
0	0.6945413820	0.2032192699	0.1022393481
0	0.5397477696	0.0716776929	0.3885745375
0	0.0029609096	0.4216379886	0.5754011017
0	0.0124285491	0.4721697366	0.5154017143
0	0.0000000000	0.7740127560	0.2259872440
0	0.0000000000	0.0422189710	0.9577810290
0	0.0085515248	0.0637629884	0.9276854869
0	0.4092516743	0.5867416824	0.0040066433
0	0.0403367370	0.9500288644	0.0096343987
1	0.5618113857	0.0119448789	0.4262437354
0	0.2585903297	0.2024074724	0.5390021979
0	0.8285110520	0.0088408104	0.1626481376
0	0.1250134382	0.8353751888	0.0396113730
0	0.2393118529	0.2174646023	0.5432235447
0	0.0908773533	0.8152875869	0.0938350598
0	0.2785340864	0.6566252530	0.0648406606
0	0.2398652090	0.7601326732	0.0000021179
0	0.1295936609	0.3666808189	0.5037255202
