0	0.0000011905	0.0461724241	0.0814123649	0.0819923704	0.7904216500
1	0.0000120630	0.8750546793	0.0382500485	0.0035998905	0.0830833187
1	0.2445679958	0.2434586263	0.1753671452	0.0155382984	0.3210679343
0	0.0007202124	0.2654427945	0.3060758493	0.0047551384	0.4230060053
0	0.0289906731	0.1676112965	0.5378686849	0.1849301927	0.0805991528
0	0.0653516443	0.0000620056	0.9340986274	0.0000000000	0.0004877226
1	0.1090637029	0.2185747651	0.6618504819	0.0000004435	0.0105106066
1	0.1989067610	0.0000000050	0.1002044176	0.0912462165	0.6096425999
0	0.0090665837	0.3320617930	0.0886105242	0.5689966254	0.0012644737
0	0.1442518917	0.0128048333	0.1767257758	0.6525187153	0.0136987838
0	0.1401154567	0.2429609341	0.2474097523	0.2876321145	0.0818817423
0	0.0066310808	0.0000000000	0.5626439652	0.0258603677	0.4048645863
0	0.0836283452	0.0669647701	0.6593380270	0.0707533989	0.1193154588
0	0.0023334772	0.1357069296	0.8083940190	0.0527654890	0.0008000852
0	0.2579672874	0.6725341009	0.0001227088	0.0534111541	0.0159647488
0	0.1846267160	0.0459329294	0.0669034344	0.5456539765	0.1568829436
0	0.6907417873	0.2233147585	0.0560629227	0.0136827623	0.0161977692
0	0.3454426392	0.0064144445	0.4574508689	0.0034744135	0.1872176338
0	0.6290736663	0.0004529002	0.0098607950	0.2863242291	0.0742884094
0	0.0535117551	0.5590493582	0.3861526027	0.0005315354	0.0007547485
0	0.0738985836	0.0003872368	0.1121463698	0.7101291633	0.1034386464
1	0.0000000000	0.0038520463	0.1333346365	0.8561867713	0.0066265459
0	0.2365299922	0.0943056014	0.3263185252	0.3200125467	0.0228333345
0	0.0843933206	0.1144969799	0.0832648137	0.6350316504	0.0828132353
0	0.1600676352	0.3831571500	0.0182507489	0.3968954868	0.0416289790
0	0.0002189632	0.1385310635	0.6672951431	0.0942189509	0.0997358793
0	0.0132391436	0.1053472935	0.3685543709	0.2380466986	0.2748124934
0	0.0201325586	0.0776067670	0.1027996259	0.7988448642	0.0006161843
0	0.1548660325	0.0012640513	0.0691692619	0.0019452089	0.7727554454
0	0.1251617285	0.1526394992	0.6825766220	0.0396221503	0.0000000000
0	0.0850210548	0.2644043412	0.1061683290	0.0962910940	0.4481151810
1	0.0601519242	0.0003400211	0.6732294483	0.0070417364	0.2592368699
2	0.3619890745	0.3202633676	0.1320805421	0.0272162744	0.1584507414
0	0.1482810045	0.0016256245	0.0737642158	0.0346449446	0.7416842105
0	0.4959172996	0.0088714370	0.1295955323	0.0011379063	0.3644778249
0	0.7258029550	0.1112305066	0.0030266190	0.1509910724	0.0089488470
0	0.0000000000	0.0409153060	0.1327945539	0.0600036493	0.7662864908
0	0.0000000524	0.2690326017	0.6227564231	0.0041850224	0.1040259004
0	0.1750897469	0.0792400887	0.2350810382	0.4493144124	0.0612747139
1	0.3652111022	0.1655479626	0.1838595813	0.0116847449	0.2736966091
0	0.2588015265	0.4394400512	0.0053836214	0.2958647969	0.0005100039
0	0.1868915996	0.0130930655	0.2162851764	0.0000232201	0.5837069384
0	0.0162290714	0.0139148167	0.9683099243	0.0000007952	0.0015453925
1	0.1360654595	0.0001707113	0.0024019522	0.6211027018	0.2402591751
0	0.3873427022	0.0675016111	0.0665563837	0.4628704810	0.0157288220
1	0.1603178377	0.0324499945	0.0094215501	0.0007662035	0.7970444142
0	0.0047288125	0.1291997052	0.1600021591	0.5864235513	0.1196457719
0	0.2670851271	0.0113864268	0.4714357758	0.0000000000	0.2500926703
0	0.0225234466	0.2421835783	0.0421673589	0.6930639897	0.0000616266
0	0.8751846086	0.0161633996	0.0940239388	0.0128367244	0.0017913286
0	0.0083019590	0.0290967494	0.1595874075	0.0609234623	0.7420904218
0	0.0001073437	0.4255141556	0.0083022955	0.5643394818	0.0017367233
0	0.3430141099	0.2376073989	0.2115501246	0.1121173208	0.0957110458
0	0.0133417634	0.0001053998	0.3081133023	0.6784395345	0.0000000000
0	0.5760411524	0.1064546681	0.2179031475	0.0994976822	0.0001033497
0	0.0000000000	0.1774646229	0.1247211259	0.6978142510	0.0000000001
2	0.1544317775	0.0005850965	0.5509131633	0.0833182454	0.2107517172
0	0.0568973403	0.2324774725	0.0011881698	0.0000022095	0.7094348079
0	0.2154229192	0.1691865905	0.6077435993	0.0000000829	0.0076468081
0	0.0000000000	0.6870871268	0.1875918089	0.0000269544	0.1252941099
1	0.1801703628	0.0383178361	0.0260286873	0.0253862060	0.7300969078
1	0.0246962950	0.2847705818	0.1349607473	0.0005287968	0.5550435791
0	0.0727485013	0.2435880705	0.0202934447	0.6624492297	0.0009207536
0	0.0257815208	0.0889245060	0.0084520873	0.2948495035	0.5819923824
0	0.3044611732	0.1344193617	0.3046123713	0.1018062991	0.1547007947
0	0.0615614491	0.1500316509	0.1484823854	0.3738373153	0.2660871994
1	0.0553596615	0.0070418564	0.0359974336	0.3393015610	0.5622994875
0	0.0005003026	0.0003467329	0.9116202967	0.0000031185	0.0875295494
0	0.6124978931	0.0049243848	0.0006307851	0.0998005153	0.2821464217
0	0.0107663042	0.0288959605	0.8823659982	0.0430755326	0.0348962046
0	0.2611528616	0.4315950356	0.0000086485	0.3011528422	0.0060906121
1	0.0074967963	0.0987806316	0.0065350573	0.8784969402	0.0086905746
0	0.4531703282	0.0779573097	0.0089798394	0.0000000000	0.4598925227
0	0.7060619066	0.0971789360	0.0944362170	0.1023229401	0.0000000004
0	0.8258232594	0.0111085764	0.0423393045	0.0826044236	0.0381244361
0	0.0360857841	0.5498719539	0.1233980230	0.2901753296	0.0004689093
1	0.8377649210	0.0928747945	0.0149401357	0.0187996830	0.0356204659
0	0.3100733394	0.0009601044	0.5383480884	0.0000000000	0.1506184678
0	0.4293166852	0.0121049366	0.1576492461	0.3170944238	0.0838347083
0	0.0087180089	0.0650305476	0.7562873028	0.0849273973	0.0850367433
0	0.0000000000	0.1675510284	0.0289099056	0.2400935953	0.5634454707
0	0.0035834007	0.0257626624	0.9386518865	0.0319200382	0.0000820122
0	0.6584687099	0.0009270210	0.1815155428	0.0045781795	0.1545105468
0	0.0909630752	0.0356669477	0.3782592279	0.0000000000	0.4951107492
1	0.7638990242	0.0205040638	0.0000000562	0.1961857116	0.0194111443
0	0.0545918697	0.1340913528	0.4071119857	0.1078054394	0.2963993524
0	0.2012564476	0.6598825781	0.1224141015	0.0130003682	0.0034465046
0	0.0811645835	0.5639968174	0.0800345655	0.1828482418	0.0919557918
0	0.0992367424	0.0186323300	0.0000059583	0.0256816807	0.8564432886
0	0.0572765833	0.0613038139	0.5665982423	0.1950044191	0.1198169414
0	0.2198626260	0.6827271306	0.0211609575	0.0180525644	0.0581967216
0	0.0000748973	0.0304729706	0.0268972621	0.0209046401	0.9216502299
1	0.3303914779	0.2987572224	0.1303751866	0.0502057718	0.1902703413
0	0.0205991749	0.3728188737	0.0621691337	0.5443814512	0.0000313665
1	0.0006606655	0.0656432595	0.8697180482	0.0472976466	0.0166803803
1	0.6434834590	0.1341595672	0.1855116161	0.0271576010	0.0096877566
0	0.0038416963	0.1626824173	0.0386826001	0.7761869871	0.0186062991
1	0.0448975033	0.3846760456	0.4678569250	0.0450881474	0.0574813787
1	0.3329270508	0.0715095266	0.5790727611	0.0163462580	0.0001444035
0	0.0924402038	0.2852141800	0.4662995482	0.1232603259	0.0327857421
