0	0.1027432103	0.0240929987	0.2077352382	0.5879420894	0.0774864634
1	0.1156904918	0.2317272837	0.2421093174	0.2347206948	0.1757522123
0	0.0448040057	0.0391277276	0.1362698585	0.0073801578	0.7724182504
0	0.0000013051	0.1243533722	0.0041995407	0.7478965281	0.1235492539
1	0.0421479632	0.3200630715	0.0767565523	0.0054349752	0.5555974377
0	0.1369667824	0.0550026419	0.0222005872	0.7857998713	0.0000301172
0	0.0030916731	0.0273452895	0.6417792940	0.0547446593	0.2730390841
2	0.0140932533	0.3741041700	0.1913555600	0.0270612337	0.3933857830
0	0.0095915212	0.2256220681	0.7215195974	0.0018354100	0.0414314033
1	0.5984877705	0.0020186867	0.1553791357	0.2431854246	0.0009289826
0	0.0074566698	0.8422848639	0.1446401848	0.0023470213	0.0032712602
0	0.5759276625	0.2431961633	0.0019156198	0.1726072397	0.0063533147
0	0.0426602080	0.0590070974	0.8473982459	0.0000000137	0.0509344349
0	0.0123559067	0.0012318172	0.0000032450	0.0003557832	0.9860532479
0	0.0723266235	0.5406767249	0.2074271914	0.0158363024	0.1637331578
1	0.4006153983	0.0012504683	0.0933308691	0.1965152170	0.3082880473
0	0.0006010087	0.5877995360	0.2078155211	0.2032592703	0.0005246638
0	0.0000987208	0.0899058891	0.3701910696	0.4306971396	0.1091071809
0	0.0417781732	0.2032348144	0.3356997248	0.3639898862	0.0552974014
0	0.0121590348	0.8904538019	0.0443697692	0.0481533668	0.0048640273
0	0.0966706640	0.0262262425	0.0305601652	0.0037461268	0.8427968016
0	0.7127237917	0.0754288240	0.0208178926	0.0021179741	0.1889115177
2	0.1062827330	0.0000000000	0.8345684698	0.0366361197	0.0225126774
0	0.0330820928	0.0074972931	0.0099135438	0.1734297974	0.7760772730
0	0.1613282533	0.7101362396	0.0016496748	0.1267201016	0.0001657307
0	0.5071784826	0.1473227852	0.3000176588	0.0156579612	0.0298231122
0	0.1809895120	0.0293749001	0.7222759229	0.0673596649	0.0000000000
0	0.1092894739	0.0014007849	0.0020555570	0.0301770144	0.8570771696
0	0.0492883900	0.2337862352	0.1066983580	0.1748298119	0.4353972049
0	0.1076408041	0.0187860006	0.7758993304	0.0459931817	0.0516806833
0	0.6386209371	0.1039428893	0.0000000000	0.0255236559	0.2319125177
0	0.0000362111	0.2115638868	0.2518123907	0.1152823231	0.4213051883
0	0.0007335619	0.1146826189	0.1932792687	0.2130852453	0.4782193052
0	0.0649406107	0.0304473270	0.5444689947	0.0002071151	0.3599359524
0	0.0621782066	0.0803312049	0.4631350153	0.1398111318	0.2545444413
0	0.0378772232	0.9364327510	0.0253234240	0.0003239456	0.0000426562
0	0.5142268201	0.3030657810	0.0250817812	0.0641838433	0.0934417744
0	0.6594347860	0.1429131380	0.1204621003	0.0736195769	0.0035703988
0	0.1319971917	0.1727964521	0.0523338740	0.4106599419	0.2322125403
0	0.9255110602	0.0100674028	0.0224139823	0.0000000857	0.0420074690
0	0.2503385311	0.0236236815	0.0000000000	0.7256979940	0.0003397934
0	0.9788411791	0.0057026454	0.0054569688	0.0001784681	0.0098207385
0	0.1826569988	0.7591136213	0.0068872333	0.0476304753	0.0037116713
0	0.0041892180	0.1855482320	0.3082563681	0.0189606119	0.4830455701
0	0.0000104385	0.4525237155	0.0337028805	0.3349927557	0.1787702098
0	0.9052535324	0.0000000000	0.0454881060	0.0052666906	0.0439916710
0	0.0868386009	0.3222772019	0.0260843216	0.4981450472	0.0666548284
0	0.0019830273	0.2121305336	0.0205447551	0.2348492186	0.5304924654
0	0.0891771212	0.0000000000	0.7814450320	0.0863653107	0.0430125361
0	0.0023139259	0.2804255032	0.1691827692	0.5480735918	0.0000042099
0	0.4771971970	0.0864395495	0.0557550802	0.3770510244	0.0035571490
0	0.1866309577	0.0034018105	0.0961785524	0.2552134903	0.4585751891
0	0.0882504204	0.0000000350	0.0688405478	0.8384975391	0.0044114578
1	0.1893159476	0.0166958811	0.1142079194	0.5138923814	0.1658878705
0	0.0772022434	0.0015191342	0.2356981283	0.0570342821	0.6285462120
0	0.0000083059	0.3493744874	0.2054138313	0.3252950492	0.1199083262
0	0.0000018898	0.6161132128	0.1830193876	0.0090022151	0.1918632948
0	0.0028212730	0.0000001095	0.1288033589	0.8302211626	0.0381540960
1	0.1436440359	0.0053650595	0.1040877837	0.0000000377	0.7469030832
1	0.0212642453	0.9227246898	0.0537998210	0.0022108233	0.0000004206
0	0.0000000000	0.1626333567	0.0000030187	0.5621851248	0.2751784998
0	0.0028863444	0.9842615625	0.0065935153	0.0042560129	0.0020025650
0	0.6907486387	0.0069884317	0.0006172027	0.0994724358	0.2021732911
1	0.8734694037	0.0394395271	0.0462328659	0.0242079915	0.0166502118
0	0.0000208450	0.0688690429	0.1047153549	0.0463184440	0.7800763133
0	0.2287068896	0.0231145338	0.0132748184	0.6800151655	0.0548885928
0	0.0000010916	0.1810392406	0.0025420586	0.3375878153	0.4788297939
0	0.0139848480	0.3488889141	0.6031063862	0.0338923087	0.0001275431
0	0.4915518457	0.0228086683	0.0094054312	0.4758719593	0.0003620955
0	0.0067617915	0.8888771252	0.0053137032	0.0531514361	0.0458959440
1	0.0000000024	0.0001112379	0.0279328136	0.3050205882	0.6669353579
0	0.0071792338	0.1006765832	0.7124966958	0.1542539576	0.0253935296
0	0.1325526322	0.2743641008	0.0010384530	0.4996501394	0.0923946746
0	0.1384396401	0.0868513269	0.3369658632	0.4375400618	0.0002031080
1	0.1292992697	0.8561956230	0.0000129795	0.0035676888	0.0109244389
0	0.0681146936	0.3644865518	0.0297241570	0.1664575453	0.3712170523
0	0.0418024933	0.7896059285	0.0000003807	0.1180433789	0.0505478186
0	0.0759525103	0.0000000000	0.4942827188	0.1169028893	0.3128618815
0	0.3968212965	0.1065712820	0.3029155436	0.0085006743	0.1851912036
1	0.2401149674	0.3653522279	0.0142281067	0.0008447534	0.3794599446
0	0.0177953583	0.0661727674	0.0000000055	0.0038280881	0.9122037806
0	0.0044203833	0.1789025287	0.0007289415	0.7950883613	0.0208597852
1	0.0000000000	0.0000000000	0.2954362452	0.7045629434	0.0000008114
0	0.0057167164	0.3434349713	0.0802995305	0.0000406809	0.5705081009
0	0.1567802437	0.6465347918	0.1386790355	0.0000090090	0.0579969200
0	0.0994353495	0.0177083089	0.3092754549	0.2367332684	0.3368476183
1	0.1816638706	0.2819789945	0.4408449957	0.0811883299	0.0143238092
1	0.1069332937	0.0109067634	0.0908978889	0.7297226094	0.0615394446
1	0.0556129257	0.0609865501	0.0180797380	0.7323069869	0.1330137993
0	0.0565173079	0.0015657962	0.2165021688	0.1994941788	0.5259205483
0	0.0397798038	0.1306164009	0.1728939812	0.6567083599	0.0000014543
1	0.5541873945	0.0206576787	0.0042589931	0.3703240285	0.0505719052
0	0.0324596409	0.1319722218	0.3233956197	0.1489487405	0.3632237772
0	0.4107310634	0.1673169441	0.1789478189	0.2414968047	0.0015073688
0	0.1122222680	0.1639206363	0.1738923388	0.5499647569	0.0000000000
0	0.0387932201	0.0000000000	0.6238670869	0.2795522975	0.0577873954
0	0.2904427411	0.0123693938	0.0315325858	0.0086683432	0.6569869361
0	0.0629818996	0.0427748228	0.0064243860	0.8026060301	0.0852128615
0	0.0956020544	0.4695531944	0.0069843303	0.0023747634	0.4254856575
0	0.3931581649	0.0052436318	0.3510558267	0.2195796717	0.0309627049
