0	0.0639673078	0.3822121233	0.0000200988	0.0943062615	0.4594942086
0	0.0004663931	0.0878296529	0.8879651415	0.0000259687	0.0237128438
0	0.7172645911	0.1766823803	0.0541340749	0.0000316846	0.0518872692
1	0.4215002058	0.4137430988	0.0001207238	0.0279407947	0.1366951768
1	0.1846929870	0.4938927364	0.1175470452	0.1887994548	0.0150677766
0	0.0876279393	0.0000000017	0.0020211736	0.9101678639	0.0001830216
0	0.2081977063	0.0235597801	0.0108026114	0.7519638254	0.0054760768
1	0.0004015261	0.6678478599	0.0454366258	0.2863077470	0.0000062412
1	0.0121672248	0.0108323914	0.1700102156	0.0245595941	0.7824305742
0	0.0000269832	0.7997224398	0.0000346645	0.1033791904	0.0968367220
1	0.9296008034	0.0471462204	0.0014071933	0.0018139849	0.0200317980
0	0.0984535050	0.0000111854	0.0133560052	0.4309690657	0.4572102388
0	0.0000000000	0.3598559983	0.2412720585	0.0297930031	0.3690789401
0	0.1241698559	0.0055777904	0.8543267704	0.0103251386	0.0056004446
0	0.0998943465	0.2001653069	0.0311080661	0.3930136518	0.2758186287
0	0.5599309287	0.1027889276	0.2916285037	0.0452663826	0.0003852574
0	0.0838532423	0.0132946885	0.5571158237	0.0046224271	0.3411138184
0	0.0979236316	0.2210294819	0.3396535101	0.1170215242	0.2243718521
0	0.2306154676	0.0094851139	0.0000080690	0.0484968556	0.7113944939
0	0.0713364405	0.1881640734	0.0000822667	0.7119409177	0.0284763017
0	0.0580063828	0.0124847506	0.0212950240	0.0272544991	0.8809593435
0	0.1434479586	0.0178970971	0.0153894468	0.8232654976	0.0000000000
0	0.9803195314	0.0000000000	0.0005181570	0.0000000000	0.0191623115
0	0.6779840232	0.0363046830	0.0000014431	0.0725289474	0.2131809033
0	0.3010903812	0.6417170267	0.0035612935	0.0215598376	0.0320714610
0	0.0380782903	0.0166404940	0.0034638679	0.6486406466	0.2931767012
0	0.7211850903	0.2726229656	0.0001546160	0.0054982136	0.0005391144
0	0.0000000214	0.0000000011	0.0101207059	0.4298568217	0.5600224499
1	0.1762857528	0.0310973127	0.7925710230	0.0000000269	0.0000458845
0	0.0285446988	0.0967632459	0.0657869437	0.2816093812	0.5272957305
0	0.1031925550	0.0241452490	0.2786735130	0.2277791424	0.3662095406
0	0.0006459393	0.9537318690	0.0123316236	0.0029226248	0.0303679434
0	0.8391907217	0.0097071950	0.1468257735	0.0000000000	0.0042763098
0	0.0497834794	0.1958400344	0.0309631195	0.0020237730	0.7213895937
0	0.0516270410	0.0000000890	0.1258598331	0.7872507157	0.0352623212
0	0.0000004113	0.0396957193	0.1377578398	0.0685169444	0.7540290852
0	0.0212424434	0.0000762794	0.2806841738	0.6931759258	0.0048211777
1	0.2321033103	0.5676924486	0.1715885239	0.0284666373	0.0001490800
2	0.2865974540	0.1824585164	0.0021843720	0.4030796098	0.1256800478
0	0.8719152794	0.0469631301	0.0441562544	0.0283333228	0.0086320133
0	0.4304216332	0.1669061290	0.2114230847	0.0731385081	0.1181106451
0	0.0031178973	0.0016289969	0.6701381802	0.0199849137	0.3051300120
1	0.1811843611	0.7942276181	0.0071180053	0.0174700156	0.0000000000
1	0.0309731605	0.0135848705	0.0003208167	0.9334121199	0.0217090324
0	0.7042064850	0.0466035822	0.2473822864	0.0017179542	0.0000896922
0	0.7328845523	0.0498532138	0.0860267725	0.0036718396	0.1275636218
0	0.0000184556	0.6936697882	0.0102136059	0.2195084836	0.0765896667
0	0.6030772013	0.0000048795	0.0021665762	0.0252886741	0.3694626689
1	0.4866762249	0.4814988403	0.0183365667	0.0118377679	0.0016506003
1	0.2027560126	0.2648475054	0.2895506818	0.1736264386	0.0692193616
1	0.1080810683	0.8435532427	0.0410958309	0.0003249397	0.0069449185
0	0.3122714171	0.1652953934	0.0238621617	0.0914944902	0.4070765376
0	0.8964025987	0.0581687270	0.0216076805	0.0238131578	0.0000078360
0	0.0534434730	0.3701404620	0.2663179951	0.0000000000	0.3100980699
0	0.9615467546	0.0000007473	0.0004256257	0.0360035684	0.0020233042
0	0.0021281644	0.0117067429	0.8237118350	0.1624530711	0.0000001865
0	0.8758731024	0.0401194980	0.0062815840	0.0762929406	0.0014328751
0	0.0036975681	0.0048813362	0.1392939311	0.0365926361	0.8155345286
0	0.1282285746	0.3854503712	0.2217373174	0.2543727400	0.0102109969
0	0.4049761135	0.4361889049	0.0001880754	0.1161715356	0.0424753706
0	0.0713817762	0.0206605635	0.2358366662	0.2020320252	0.4700889689
0	0.0702576210	0.5778297151	0.3185277006	0.0333825065	0.0000024569
1	0.6016964693	0.0000000000	0.0017897338	0.0506933303	0.3458204666
0	0.1997578450	0.0000000001	0.3037815103	0.3279069633	0.1685536813
0	0.1622661483	0.0487627941	0.1773677511	0.5558881221	0.0557151845
0	0.5203839880	0.0683421560	0.2567776029	0.0959798908	0.0585163623
0	0.0056223591	0.0132834536	0.1514927702	0.6688728586	0.1607285585
1	0.0043961407	0.4646088502	0.3655111610	0.1654838477	0.0000000004
0	0.4348818303	0.1011972928	0.0003716978	0.0000000046	0.4635491746
0	0.0536431479	0.0001099640	0.2988514536	0.2684042845	0.3789911501
2	0.0330018800	0.7313536706	0.0415276186	0.0803221570	0.1137946739
0	0.0000664724	0.5134253729	0.0590596613	0.3704364047	0.0570120887
0	0.2057787624	0.5175708008	0.1646358159	0.1116006574	0.0004139635
1	0.0007533672	0.2420177511	0.7004695792	0.0128816470	0.0438776555
1	0.0259113471	0.1983396744	0.0333466394	0.7422360479	0.0001662912
0	0.0004973593	0.0500427796	0.4104269210	0.5328640858	0.0061688543
0	0.0063005634	0.0146741368	0.8885557148	0.0904677738	0.0000018112
0	0.2185254440	0.0089291196	0.6856479104	0.0000341207	0.0868634053
0	0.0241284826	0.0074551791	0.0474356730	0.6995443060	0.2214363593
0	0.0714003396	0.0068298277	0.9164727485	0.0052901372	0.0000069469
0	0.0318000283	0.0086275812	0.0057491975	0.0000015217	0.9538216713
0	0.4163201921	0.1081891920	0.4427235733	0.0326937938	0.0000732488
1	0.0874111233	0.1279296127	0.6611996054	0.1021957607	0.0212638979
0	0.4244903475	0.1379721825	0.0013907193	0.0062025767	0.4299441740
0	0.5081096965	0.0501081544	0.0246536831	0.4118956180	0.0052328480
0	0.0003901525	0.0287932382	0.8627145142	0.0531504816	0.0549516135
0	0.2009014013	0.0014613196	0.2161807838	0.0034355636	0.5780209317
0	0.0804386380	0.2116467574	0.1443564351	0.3294312345	0.2341269351
0	0.0594775899	0.7776944652	0.0264906482	0.1075434014	0.0287938953
0	0.2596224443	0.2231046743	0.1987206682	0.0298676263	0.2886845868
0	0.7130926661	0.0268374104	0.0671685303	0.0791163374	0.1137850558
0	0.5647161704	0.0005806277	0.0000000000	0.1566747917	0.2780284102
1	0.3267444867	0.0000000001	0.0016450490	0.0000289334	0.6715815309
0	0.0262687285	0.0486560821	0.4167178538	0.0983783422	0.4099789934
0	0.4504211997	0.0002590313	0.0013155376	0.2893045840	0.2586996474
1	0.0246191967	0.0102376021	0.0808699349	0.0106037972	0.8736694691
0	0.5183988856	0.0253675723	0.0104586847	0.4319264110	0.0138484464
0	0.2035638307	0.0000000000	0.5415732818	0.1959789113	0.0588839762
0	0.0004082395	0.0539657666	0.6360349632	0.0379698904	0.2716211403
0	0.0185751201	0.0351013001	0.8148022732	0.0644188161	0.0671024906
