1	0.0153080649	0.8301100259	0.0000003144	0.0215493072	0.1330322876
0	0.6693144869	0.0053240879	0.2812886479	0.0001769390	0.0438958383
0	0.0025160866	0.8761879489	0.0777752320	0.0024916955	0.0410290370
0	0.1833584248	0.0261465715	0.7636024893	0.0023478500	0.0245446644
0	0.0000272506	0.0415637372	0.3354690375	0.0425918568	0.5803481179
1	0.2008744325	0.6662951883	0.0024867445	0.0386331418	0.0917104928
0	0.0745835940	0.2087656833	0.5181239470	0.1682957250	0.0302310506
0	0.6232570299	0.1432254227	0.0478727645	0.1642425173	0.0214022655
0	0.0090567505	0.0021845359	0.1318487852	0.0018801901	0.8550297382
0	0.0533000377	0.1052842762	0.7540157836	0.0041005973	0.0832993052
0	0.0000000886	0.0749793168	0.2083351345	0.5955884452	0.1210970149
0	0.0009429371	0.2937193844	0.3905495210	0.2968217581	0.0179663994
1	0.0055819857	0.1504681253	0.8165995303	0.0239130845	0.0034372743
0	0.0015155450	0.0190742280	0.9794102252	0.0000000000	0.0000000018
1	0.2643125789	0.3080255048	0.3968943275	0.0001155149	0.0306520739
0	0.0007974278	0.0005233557	0.1342961594	0.6595951622	0.2047878949
1	0.0803290921	0.8562221821	0.0459251545	0.0004423013	0.0170812701
0	0.2777267771	0.0000271881	0.0198242961	0.4005180601	0.3019036786
0	0.0064636547	0.0157889077	0.4921523730	0.4808420436	0.0047530211
0	0.2829538067	0.0603702939	0.3484234250	0.0104193498	0.2978331246
0	0.3158782223	0.4941411622	0.0667586989	0.0000470508	0.1231748659
0	0.5868864050	0.0410107951	0.3697699693	0.0023251279	0.0000077026
1	0.6145113130	0.1122116168	0.0121099535	0.2498043082	0.0113628085
0	0.2085314557	0.1868923539	0.0072029233	0.0151471349	0.5822261323
0	0.0056527809	0.0041865230	0.0220970289	0.9671467453	0.0009169218
0	0.0855197909	0.0491866562	0.0000061980	0.7299989024	0.1352884524
0	0.0685511937	0.1868453503	0.0856348175	0.0002899124	0.6586787262
0	0.5862526421	0.0000204917	0.3183635277	0.0646910865	0.0306722520
0	0.0446910742	0.2255371475	0.0483280883	0.6811258285	0.0003178615
1	0.3291536661	0.3106316287	0.0000000000	0.2975831171	0.0626315882
0	0.1274768316	0.7585675357	0.0000019944	0.0001408524	0.1138127859
0	0.4549551421	0.3376367607	0.0647217099	0.1426831305	0.0000032567
0	0.0332864227	0.0004642865	0.0477379104	0.8165800153	0.1019313651
0	0.5674839045	0.1427706673	0.2897435869	0.0000000032	0.0000018381
0	0.0910733975	0.0000066100	0.4617684277	0.1546239665	0.2925275984
0	0.2174084195	0.0500541988	0.4983727209	0.0171888221	0.2169758386
0	0.4077900374	0.4806855144	0.0225917657	0.0324633915	0.0564692910
0	0.2155987532	0.1339530645	0.0018147980	0.6283965787	0.0202368055
0	0.0000607646	0.0557607500	0.4725627205	0.4645254672	0.0070902977
0	0.0098192941	0.6825885000	0.3068483104	0.0007243106	0.0000195850
1	0.7654969519	0.0675188743	0.1606602632	0.0000046459	0.0063192647
0	0.2613674958	0.0211273057	0.0824483273	0.6280591033	0.0069977678
1	0.3994618023	0.1440378522	0.4182307510	0.0378443543	0.0004252401
0	0.0929137305	0.6114198487	0.0612485554	0.0141575968	0.2202602687
0	0.2502192327	0.1607757562	0.0065474364	0.3261150022	0.2563425725
2	0.1840251412	0.0334773719	0.4947954414	0.1785384510	0.1091635945
0	0.0026119714	0.5610907878	0.3199238147	0.1100024452	0.0063709809
0	0.1097548413	0.5364928442	0.0291713410	0.0977557638	0.2268252098
0	0.4180777071	0.0410406463	0.2260504716	0.0083376094	0.3064935657
0	0.0004542649	0.0331890894	0.3456585565	0.4173633026	0.2033347866
0	0.1056639864	0.0000000000	0.0012514928	0.4490049478	0.4440795730
0	0.3868462476	0.1518096775	0.0416337186	0.1222208258	0.2974895305
0	0.5767322745	0.1788798475	0.1555448223	0.0022523298	0.0865907259
0	0.7052840570	0.1764306949	0.0058728990	0.0008764011	0.1115359480
0	0.0005479761	0.5989846050	0.1672741570	0.0288872830	0.2043059789
0	0.4385010439	0.0299883348	0.0000002235	0.0187519934	0.5127584045
0	0.0008334605	0.4601797566	0.1812013346	0.1563745446	0.2014109037
0	0.0701797469	0.2029491890	0.0106763706	0.0145293771	0.7016653165
0	0.0968419696	0.1711639945	0.3992138339	0.0001135175	0.3326666844
0	0.0000465397	0.1565169959	0.0373860569	0.6328623571	0.1731880504
0	0.4263095931	0.0165299602	0.0000059228	0.2870690344	0.2700854894
1	0.0001481890	0.5268559336	0.2488526809	0.2066959148	0.0174472817
0	0.0204555106	0.0946804937	0.1924364727	0.3929474690	0.2994800539
0	0.4831017293	0.0435937965	0.1384335144	0.1793115449	0.1555594149
0	0.0177770674	0.2592545275	0.0498803067	0.4980547648	0.1750333335
0	0.0339230837	0.1558633881	0.4034001426	0.4067483826	0.0000650031
0	0.1067606033	0.0082105251	0.0516513045	0.1838889765	0.6494885905
0	0.0869015060	0.2848841522	0.0000000419	0.4720778517	0.1561364482
0	0.0723867946	0.4158228526	0.1919110115	0.0855027127	0.2343766285
0	0.0547245564	0.8371900015	0.0228420356	0.0852433957	0.0000000107
0	0.1416995222	0.2230221319	0.0648090821	0.1702913840	0.4001778799
0	0.0219555709	0.0448392211	0.6960693399	0.0018844659	0.2352514022
0	0.6356785659	0.0208910518	0.0000674378	0.0028545048	0.3405084397
1	0.1256672588	0.4003529091	0.2807336181	0.1929962829	0.0002499312
0	0.0000000002	0.0136624588	0.8968886039	0.0459316099	0.0435173272
0	0.5911030503	0.0000048809	0.0271673507	0.0033082911	0.3784164271
0	0.0048838201	0.6543703953	0.0129000115	0.0243406482	0.3035051248
0	0.8669256921	0.0919668294	0.0266927354	0.0000000000	0.0144147430
0	0.0105147850	0.0000000143	0.7484255911	0.2336091954	0.0074504142
0	0.0037263384	0.1239540020	0.8410986454	0.0302827485	0.0009382657
0	0.0042299638	0.5456771371	0.3896182701	0.0598144503	0.0006601787
0	0.0348551254	0.7435956883	0.1147783065	0.1055844140	0.0011864658
0	0.0000000000	0.6391643895	0.0000015492	0.0215355949	0.3392984663
0	0.1101397726	0.0002469301	0.0000004431	0.0708779484	0.8187349058
0	0.3801472597	0.4551625041	0.0738498967	0.0572345159	0.0336058236
0	0.0099427291	0.0298542944	0.0283561138	0.0025293593	0.9293175034
0	0.3108034899	0.1017326478	0.0266729895	0.0025100071	0.5582808658
0	0.0226403346	0.0000004113	0.0172680513	0.4910980276	0.4689931752
1	0.0826198791	0.0233306780	0.2837367019	0.3306745317	0.2796382093
1	0.4202190278	0.5705072244	0.0092442628	0.0000294799	0.0000000051
1	0.5352499744	0.1574496834	0.2203766550	0.0852515704	0.0016721167
0	0.0546294779	0.7820222914	0.0663570392	0.0149439930	0.0820471985
0	0.0131026187	0.0053657443	0.9767020935	0.0048295436	0.0000000000
1	0.7356332021	0.0120645282	0.0253401640	0.0347066712	0.1922554345
0	0.0351577721	0.0006545629	0.4208054983	0.0013034520	0.5420787147
0	0.0040106416	0.0734968540	0.4855637893	0.4202435586	0.0166851565
0	0.0086469835	0.4777069144	0.5036388993	0.0031600106	0.0068471922
0	0.0114001226	0.0000000000	0.3898663515	0.2849605348	0.3137729911
0	0.4559269217	0.2187637083	0.0000000000	0.3253093484	0.0000000215
0	0.0472467423	0.0369896920	0.3771949793	0.0335534877	0.5050150988
