0	0.8374438327	0.0000000339	0.1429506795	0.0195951126	0.0000103413
0	0.2478931552	0.0047766921	0.6952760518	0.0437212702	0.0083328307
0	0.0580770967	0.7827129839	0.0018860699	0.1037553758	0.0535684736
0	0.0022039786	0.0918143892	0.0004051818	0.0000480538	0.9055283966
0	0.0060183032	0.2863775697	0.4215686166	0.0921760968	0.1938594137
0	0.0750286567	0.0246793244	0.0002536017	0.0793218223	0.8207165949
0	0.1434240321	0.6802761679	0.1742609652	0.0020388347	0.0000000000
0	0.7163224458	0.0256464481	0.0068608081	0.0123823576	0.2387879404
1	0.2228003451	0.2726760995	0.0226351398	0.2668957158	0.2149926998
0	0.2236630810	0.0911727233	0.0645392650	0.2401023977	0.3805225330
0	0.0000000000	0.1644288702	0.6270984225	0.2068677934	0.0016049139
0	0.1338840318	0.8334646288	0.0012003244	0.0313518575	0.0000991576
0	0.8505759826	0.0110708647	0.0000130896	0.0177751836	0.1205648795
0	0.5284818175	0.2592920588	0.1883472497	0.0148279655	0.0090509085
0	0.0366183390	0.5425157012	0.1169725149	0.0000069245	0.3038865204
0	0.6833742976	0.0367885249	0.2587137388	0.0211134533	0.0000099854
1	0.0026721824	0.0000434252	0.0000015620	0.1910808684	0.8062019619
0	0.0533751967	0.0042879203	0.4031335376	0.0930987102	0.4461046353
1	0.7219844823	0.0000015712	0.0000000117	0.2695618910	0.0084520438
0	0.4071500232	0.0002015622	0.1440443150	0.4485767812	0.0000273184
0	0.8390967863	0.0000000000	0.0000001321	0.0000000179	0.1609030637
0	0.0007497531	0.0140928185	0.1536962495	0.7759317651	0.0555294137
1	0.0002457791	0.1796536909	0.1896368088	0.5973875412	0.0330761800
0	0.0866038527	0.6054454419	0.0253898945	0.2062416931	0.0763191178
0	0.0210427813	0.6553240817	0.2988455620	0.0197843288	0.0050032461
0	0.0886971430	0.0005299521	0.0900636927	0.0510918236	0.7696173885
1	0.0833739190	0.2850977652	0.2974044308	0.3341215185	0.0000023664
1	0.6866113730	0.0038688675	0.0000000435	0.3095197159	0.0000000000
0	0.0000107457	0.2852666969	0.2150966004	0.0002255437	0.4994004133
1	0.5064690340	0.0000000000	0.0521062061	0.2635504997	0.1778742601
0	0.4962854863	0.0005870134	0.0000916071	0.0142824940	0.4887533992
0	0.0000649009	0.0950672633	0.0000012447	0.2093785354	0.6954880557
0	0.0016390318	0.5883013545	0.2154528393	0.1823402622	0.0122665121
0	0.8850190926	0.0251739312	0.0494645103	0.0054819323	0.0348605336
0	0.2284806485	0.0808507100	0.4003429643	0.0141596434	0.2761660339
0	0.3855599971	0.0000000000	0.1661383757	0.0245924084	0.4237092188
0	0.2078878484	0.0372218182	0.1217650849	0.0197960630	0.6133291855
1	0.3489282577	0.0172284105	0.5370479344	0.0731367351	0.0236586623
0	0.0000000003	0.2110844348	0.0003998337	0.3269639955	0.4615517357
1	0.0024225248	0.3267192683	0.0000286486	0.6708295583	0.0000000000
0	0.5397497673	0.1943969830	0.0002943464	0.1916217846	0.0739371187
0	0.1387418425	0.3230467445	0.4026147457	0.0129023049	0.1226943624
0	0.1099529177	0.1305920584	0.5982512691	0.0571780373	0.1040257174
0	0.2117234023	0.0124538929	0.2938169473	0.3468283385	0.1351774189
0	0.2219210086	0.5015914968	0.0786644841	0.1721470533	0.0256759572
1	0.0902723376	0.2259161843	0.2256249269	0.4581149577	0.0000715936
0	0.0000000530	0.0208237475	0.5735378062	0.4056383933	0.0000000000
0	0.6073681137	0.0465439725	0.0825148683	0.2553249259	0.0082481195
0	0.5061682377	0.0000000000	0.0220128956	0.4600433672	0.0117754994
1	0.1903608295	0.0743481851	0.0000000160	0.7261891569	0.0091018125
1	0.1544885345	0.8455114655	0.0000000000	0.0000000000	0.0000000000
0	0.5034799022	0.0054506454	0.4479326372	0.0376053144	0.0055315008
0	0.0005864605	0.5397605430	0.2008137354	0.0366950206	0.2221442405
1	0.0000000902	0.9011717602	0.0175474153	0.0812639248	0.0000168094
0	0.0001839951	0.8008777458	0.1809524050	0.0000000000	0.0179858541
0	0.1523834475	0.0004633151	0.0224845771	0.2857800186	0.5388886418
0	0.0000567583	0.0048599212	0.1692076699	0.5593266916	0.2665489590
0	0.1965232570	0.7442830651	0.0000061970	0.0462583207	0.0129291602
1	0.3429695122	0.0000091186	0.0496820362	0.2190501311	0.3882892020
0	0.0078241373	0.0209593710	0.4423371347	0.5288717937	0.0000075633
0	0.0817324423	0.0237367902	0.8740873683	0.0000000001	0.0204433992
1	0.5957185712	0.0009580708	0.0065036303	0.3392096866	0.0576100411
0	0.0213913960	0.0466769250	0.0129142280	0.0135049097	0.9055125414
0	0.1067255150	0.0004478368	0.1291226804	0.1957703830	0.5679335848
1	0.1999599542	0.0452496969	0.6806693531	0.0733888274	0.0007321684
0	0.0697691186	0.4083793220	0.0135315138	0.2112201091	0.2970999366
0	0.1717295877	0.3479694991	0.0874349444	0.2673006740	0.1255652948
0	0.1980523033	0.0678292610	0.2596104302	0.0101790039	0.4643290015
0	0.2963909269	0.2833966439	0.0443218947	0.0364922469	0.3393982876
1	0.1926923798	0.1747100055	0.0030231633	0.2307029754	0.3988714760
1	0.5757653355	0.0001151545	0.0581010091	0.3520534513	0.0139650495
1	0.2578105002	0.0000000000	0.3479281488	0.3568987960	0.0373625551
0	0.1850816343	0.3161009313	0.2189423156	0.0150699484	0.2648051704
0	0.1775337541	0.1595292646	0.6213212390	0.0003502056	0.0412655367
0	0.0240758080	0.0685629283	0.0000136591	0.2279457940	0.6794018106
1	0.0018699723	0.1386383738	0.4119291243	0.3796580406	0.0679044890
0	0.5520162669	0.0442798093	0.2169280337	0.0131424959	0.1736333941
0	0.2117564237	0.0204492377	0.7332333562	0.0026647670	0.0318962155
0	0.0022320310	0.0011537527	0.0202418741	0.9724552400	0.0039171022
0	0.4519482713	0.2552621569	0.0294415845	0.2264797520	0.0368682354
0	0.2575808485	0.1709294930	0.2927815110	0.0368638427	0.2418443049
0	0.6028366289	0.3347321345	0.0000001433	0.0618762211	0.0005548722
0	0.1108902557	0.1452008166	0.6621463058	0.0000000013	0.0817626206
0	0.0042312636	0.0656520950	0.7374347687	0.1923936260	0.0002882467
1	0.5023365434	0.0015168658	0.1548933736	0.3412532172	0.0000000000
0	0.0000000346	0.1500314403	0.2104518461	0.6384580901	0.0010585888
0	0.6177854769	0.0379402151	0.1566902721	0.1343123206	0.0532717154
0	0.5033423224	0.2088385061	0.1444127796	0.0001542578	0.1432521341
0	0.0162621139	0.0228946118	0.1436605042	0.7763903081	0.0407924619
0	0.0989884650	0.0175790782	0.0310108498	0.0355866804	0.8168349266
1	0.0080864002	0.1287065773	0.0913539415	0.0576983266	0.7141547544
0	0.0011165298	0.0239604171	0.0376028966	0.1325663998	0.8047537568
0	0.0712482995	0.7452220173	0.1596994322	0.0237975453	0.0000327056
1	0.0856783416	0.0002662333	0.3845757203	0.5153274524	0.0141522524
0	0.0000307659	0.3915763052	0.1911747134	0.2158806725	0.2013375430
0	0.7441429137	0.1027918864	0.0473870170	0.0654867830	0.0401914000
1	0.9891590524	0.0062440584	0.0045556067	0.0000412824	0.0000000000
2	0.0000067556	0.1207543359	0.0000122646	0.0109150933	0.8683115505
0	0.0360616887	0.1125807159	0.4421605260	0.3931771968	0.0160198727
0	0.1115151715	0.5052242611	0.0412564507	0.3376413215	0.0043627952
