0	0.1886282397	0.1255252476	0.0834451427	0.5738636388	0.0285377312
0	0.0041964646	0.0058509482	0.3341039441	0.4082103441	0.2476382990
1	0.6697115416	0.0006328853	0.0408054086	0.2888501646	0.0000000000
0	0.0493825584	0.1138071288	0.2699310058	0.1931769679	0.3737023390
1	0.0000000000	0.0418877590	0.1754460682	0.1657525198	0.6169136530
0	0.4524034471	0.2613415818	0.1439779404	0.0056241051	0.1366529256
0	0.0067298355	0.7330011160	0.2328618792	0.0000000000	0.0274071692
1	0.0454751744	0.1837592712	0.0000000026	0.0526284232	0.7181371285
1	0.1997833076	0.1082526131	0.0000000081	0.2368360700	0.4551280013
0	0.0000000001	0.4141079704	0.3554406765	0.2304513512	0.0000000018
0	0.0000000010	0.3061199479	0.0182489679	0.0332635408	0.6423675424
0	0.0118772167	0.0296252588	0.3069088650	0.0167486711	0.6348399884
0	0.0006496512	0.2259898890	0.0000039238	0.0222021421	0.7511543940
0	0.3276402374	0.1889548502	0.0426154673	0.3402201607	0.1005692844
1	0.4771984240	0.0816776487	0.0542972120	0.3773618385	0.0094648768
0	0.2819492923	0.0925269985	0.1191170025	0.2012087114	0.3051979953
0	0.0000036176	0.5345496467	0.2693767078	0.0000001130	0.1960699149
0	0.0050282160	0.0831738978	0.0000245501	0.2317551175	0.6800182186
0	0.0262019085	0.0848067993	0.0930313255	0.7959599667	0.0000000000
0	0.0001392846	0.7987166298	0.0092081502	0.0000004913	0.1919354441
1	0.0950218916	0.8035695545	0.0004463465	0.0985160616	0.0024461458
0	0.1851294564	0.3921750624	0.0065810950	0.0000000000	0.4161143862
0	0.0657082648	0.0365512095	0.3277636020	0.0000340808	0.5699428428
0	0.2938106807	0.0309858334	0.6461957167	0.0288172777	0.0001904915
0	0.2568973637	0.0665246096	0.2010535057	0.0001854915	0.4753390294
0	0.0270570059	0.2541030745	0.4911756011	0.0099903358	0.2176739826
1	0.0156319795	0.6247417180	0.0028222483	0.2423570257	0.1144470284
0	0.0000055877	0.1954217526	0.6981290986	0.0846605456	0.0217830155
2	0.3532058328	0.0000000000	0.0000340835	0.6146807612	0.0320793226
0	0.1322822617	0.0948202492	0.3813053051	0.3910117159	0.0005804681
1	0.0000000000	0.0031530971	0.0083630020	0.9034192294	0.0850646715
0	0.1525567378	0.2747528882	0.0211534505	0.2689601752	0.2825767484
0	0.0000419652	0.1931592856	0.7553564378	0.0373009802	0.0141413312
0	0.0000003304	0.3666764041	0.5082440373	0.0915428196	0.0335364086
0	0.1258265981	0.1642827494	0.2933487083	0.3225314685	0.0940104757
0	0.3644697317	0.0433325340	0.5906728673	0.0015238206	0.0000010463
0	0.0101141836	0.9744078531	0.0019768844	0.0063443133	0.0071567655
1	0.4502602188	0.3566543895	0.0042323018	0.1719143435	0.0169387465
0	0.0150969677	0.0000000000	0.0166377599	0.0000013793	0.9682638931
0	0.1215374496	0.0062424455	0.2732480472	0.5979121043	0.0010599534
1	0.0219478313	0.4104020645	0.1351822028	0.3516111110	0.0808567903
0	0.0008512791	0.0030343558	0.0191599581	0.9736247837	0.0033296233
0	0.1397852059	0.7048149812	0.1346142228	0.0207744180	0.0000111722
0	0.0364586444	0.1422825025	0.7581779952	0.0028763426	0.0602045153
0	0.0205059584	0.3107439209	0.0855402213	0.0065221311	0.5766877684
0	0.1537017297	0.7807610920	0.0043393841	0.0357947982	0.0254029961
0	0.0567817224	0.1903740876	0.0571905574	0.5732124030	0.1224412296
0	0.0000000000	0.0005950270	0.0599977344	0.0450180449	0.8943891937
1	0.6763639596	0.0000000000	0.0004506924	0.0850307884	0.2381545597
0	0.7842398835	0.1798436321	0.0000643744	0.0358206267	0.0000314833
1	0.2245342602	0.7641658107	0.0000389484	0.0001218864	0.0111390943
1	0.1555161005	0.0000000001	0.0000000000	0.4972737893	0.3472101101
0	0.2648203530	0.0204495945	0.0203023424	0.6417228143	0.0527048959
0	0.5487024429	0.0083542381	0.1564610206	0.2602036109	0.0262786875
0	0.6061145301	0.1663248820	0.0811819169	0.1463786709	0.0000000001
1	0.0000000000	0.0001814546	0.3682247526	0.0162874193	0.6153063734
0	0.4513631555	0.0889238661	0.4460873033	0.0000000000	0.0136256751
0	0.0088077585	0.4586088672	0.2135125674	0.0120526327	0.3070181742
0	0.0000741762	0.0014367884	0.6560005931	0.2085396246	0.1339488177
1	0.0000551432	0.4664770177	0.0186603380	0.1870083279	0.3277991731
1	0.3430238370	0.4122619407	0.0716963587	0.0000557727	0.1729620909
0	0.0080589228	0.1590948781	0.0025107658	0.1374105983	0.6929248351
1	0.1081280287	0.0029869980	0.6976484723	0.1912365011	0.0000000000
0	0.6227655333	0.0847186480	0.0934543383	0.1963130637	0.0027484166
0	0.0473882592	0.4274487285	0.0402629081	0.0005348507	0.4843652535
0	0.0171698920	0.0192422831	0.6507879768	0.0140559644	0.2987438837
0	0.4683043937	0.2134702599	0.0000000009	0.2200849565	0.0981403890
1	0.0694575027	0.1876344511	0.0130147119	0.7285650692	0.0013282651
0	0.0187884800	0.0750604936	0.8831153532	0.0229918803	0.0000437929
0	0.0827628695	0.0798580392	0.2284466169	0.5993972039	0.0095352705
0	0.5445453055	0.2444545875	0.1015408427	0.1094362047	0.0000230596
0	0.0131749712	0.0583146016	0.6936111479	0.1882036756	0.0466956037
0	0.3159610598	0.4666199212	0.0589394521	0.0072728441	0.1512067228
0	0.0696407915	0.8056718782	0.0000000182	0.1245318542	0.0001554578
0	0.0218609539	0.0286245269	0.0899011983	0.6051151737	0.2544981472
0	0.4120001520	0.0614547781	0.3614723579	0.1421562751	0.0229164370
0	0.5059663668	0.1690802607	0.0000000997	0.1881497516	0.1368035213
0	0.2609515070	0.2711752940	0.3123857996	0.0045750900	0.1509123094
0	0.0000024408	0.1631986202	0.0471201373	0.5302073574	0.2594714444
0	0.0895328698	0.0000425859	0.0600839875	0.1484030922	0.7019374647
1	0.4276163697	0.0158253852	0.0002318535	0.1761266801	0.3801997115
0	0.0418184989	0.2720839306	0.2096518922	0.1580307680	0.3184149103
0	0.0007419703	0.2493289069	0.7478615597	0.0008117437	0.0012558194
0	0.0868674289	0.8141936751	0.0915815615	0.0068169697	0.0005403649
0	0.0003990484	0.6112516489	0.0028734692	0.0619800952	0.3234957382
0	0.0000000000	0.0000000571	0.1473160278	0.8186981672	0.0339857478
0	0.1665700025	0.3478716935	0.0153737902	0.4629200812	0.0072644327
0	0.6695126127	0.0779077586	0.0023293419	0.0651056943	0.1851445925
0	0.4242896295	0.0286712110	0.1077888873	0.3356594048	0.1035908674
0	0.1209635164	0.2419537863	0.5853076346	0.0049363234	0.0468387392
0	0.0007618710	0.0131505818	0.0387549322	0.0406319566	0.9067006583
0	0.1785406493	0.0032345994	0.1018725775	0.5339250619	0.1824271120
0	0.4912991962	0.2149391488	0.1371242278	0.0177977528	0.1388396743
0	0.0756584762	0.0155948950	0.3638665815	0.5441678635	0.0007121839
1	0.0000648251	0.1613624091	0.2929630719	0.4351848272	0.1104248667
0	0.0422642619	0.2341972347	0.4802378276	0.2264450012	0.0168556747
0	0.0448368650	0.0002208524	0.2959871156	0.6568389652	0.0021162019
1	0.1991116806	0.0000000000	0.7172778703	0.0337917767	0.0498186725
0	0.7415801954	0.0795322695	0.1765040101	0.0016663696	0.0007171553
0	0.1625981960	0.0033781944	0.5407195862	0.0428929273	0.2504110961
