0	0.0018984879	0.7609916579	0.0001543583	0.0000000000	0.2369554958
0	0.2020406498	0.0454158351	0.0040409421	0.3483708783	0.4001316946
0	0.0073135267	0.3647043793	0.0003398992	0.2388112768	0.3888309179
0	0.0001071465	0.6933727458	0.0159191540	0.0000003642	0.2906005895
0	0.0131244752	0.8211183213	0.0509207085	0.0003068961	0.1145295989
0	0.5957218705	0.1149197335	0.0053414215	0.2694068819	0.0146100926
0	0.2867646807	0.0214409266	0.1603511116	0.5192298249	0.0122134563
1	0.0709104022	0.0183192122	0.0001227490	0.7585937025	0.1520539341
0	0.0032366643	0.0000903345	0.8813213639	0.0000659456	0.1152856916
1	0.0244954301	0.0000164656	0.1528396732	0.8170310700	0.0056173611
0	0.5554456509	0.0000000000	0.2176202283	0.2269341206	0.0000000002
1	0.0000037675	0.5231675362	0.0011987205	0.3296529371	0.1459770388
0	0.6092781613	0.0047507761	0.3389725689	0.0043389958	0.0426594980
0	0.0308499036	0.5576521026	0.0561654219	0.0327917221	0.3225408498
0	0.1474626236	0.0000000000	0.4028354285	0.3961773415	0.0535246064
0	0.2728717882	0.0447918456	0.3524640508	0.0438650897	0.2860072257
0	0.0035453171	0.0000057473	0.0035195577	0.7491604299	0.2437689480
0	0.4068192454	0.0000009166	0.5772906299	0.0158843433	0.0000048648
0	0.2857083438	0.0971136290	0.1657960420	0.2107695792	0.2406124061
0	0.2763772494	0.0000112993	0.0016365129	0.2546932458	0.4672816926
0	0.6549468404	0.2158307665	0.0001607839	0.1280431965	0.0010184127
0	0.0219294477	0.0392100105	0.7574697170	0.1726862057	0.0087046191
1	0.0615368427	0.0000000294	0.0000002392	0.1568757994	0.7815870893
1	0.0276013535	0.0557274705	0.0703079198	0.0320141765	0.8143490796
0	0.0043767716	0.1525128231	0.6786335633	0.0185100905	0.1459667515
0	0.0240225117	0.1333359860	0.4447651503	0.1582645276	0.2396118243
0	0.0865742964	0.3863384944	0.3207331415	0.0111363279	0.1952177399
0	0.0070395128	0.1079088273	0.4704863753	0.0915345916	0.3230306930
0	0.7333288327	0.0000000000	0.0000000069	0.2666711604	0.0000000000
0	0.8734927178	0.0091315463	0.0879340407	0.0000000000	0.0294416952
0	0.0341161366	0.0156406648	0.7155486721	0.2346904500	0.0000040765
0	0.0732544493	0.0019249106	0.0929810189	0.6254048125	0.2064348087
0	0.4749956380	0.0433517017	0.3078900730	0.0000561093	0.1737064780
0	0.2230888161	0.0014410676	0.7734186326	0.0000000000	0.0020514837
0	0.9602334013	0.0392070718	0.0005589421	0.0000005848	0.0000000000
0	0.6038928370	0.0721348138	0.0284873944	0.0000070641	0.2954778907
0	0.0271733863	0.6197263677	0.0000663061	0.0428191923	0.3102147476
0	0.0096538651	0.0955807511	0.4287082474	0.1891345993	0.2769225371
0	0.1859218699	0.0080456348	0.4198607346	0.1090014967	0.2771702640
0	0.0053461592	0.0003590591	0.8307054336	0.1401453284	0.0234440197
0	0.2422901157	0.0011664931	0.1274395222	0.6256054586	0.0034984105
0	0.1389167074	0.4672022769	0.3837154322	0.0000427963	0.0101227872
0	0.0460367863	0.0000244419	0.4819906912	0.4714079917	0.0005400889
0	0.0086735587	0.0342780679	0.5144586050	0.3470055249	0.0955842435
0	0.0021859893	0.0590035288	0.0812093523	0.8403797394	0.0172213902
0	0.0011854713	0.2447090303	0.2626462306	0.4017901390	0.0896691288
0	0.6178822157	0.0377131503	0.1106919806	0.0688590620	0.1648535914
2	0.0518772554	0.0149865863	0.0000000000	0.3174854716	0.6156506866
0	0.0004504882	0.1642653991	0.1744743478	0.3720348737	0.2887748911
0	0.1415810697	0.0500213716	0.0799295244	0.0120683184	0.7163997160
0	0.2807106682	0.1881587562	0.0828189551	0.2866225488	0.1616890717
0	0.0348413483	0.0020214984	0.3455946160	0.5030303277	0.1145122096
0	0.7167582696	0.0064279966	0.0000000065	0.1620768880	0.1147368394
0	0.2345732560	0.0234965878	0.0000000650	0.6727738128	0.0691562784
1	0.0585275743	0.3012689823	0.0079544930	0.0005376797	0.6317112707
0	0.0003775808	0.2672510486	0.4394127203	0.0037363857	0.2892222647
0	0.1802477546	0.4124546501	0.0211753396	0.2108742739	0.1752479817
0	0.2953683840	0.2782582786	0.3122625479	0.1079061479	0.0062046417
1	0.0007935295	0.0000000083	0.0000000000	0.9992064622	0.0000000000
0	0.0004703349	0.2821562530	0.0027977478	0.0931738734	0.6214017909
1	0.0022952410	0.0024423972	0.8688285679	0.1264319478	0.0000018461
0	0.4760720868	0.0675339529	0.2596272343	0.1877053664	0.0090613596
0	0.0689866568	0.0087321733	0.0000033561	0.4344933119	0.4877845019
1	0.0000000004	0.8539624929	0.0000000023	0.1351485607	0.0108889437
0	0.3365907583	0.1233208387	0.2838666134	0.0915614029	0.1646603867
1	0.0340436947	0.0000898959	0.3165102151	0.2067099742	0.4426462201
0	0.0000000000	0.9737447566	0.0058780371	0.0203770393	0.0000001670
0	0.0169603361	0.1892691103	0.1953807083	0.5074128417	0.0909770035
0	0.0030261516	0.3078218732	0.0031400360	0.3428925398	0.3431193994
0	0.0185666367	0.0067163607	0.1979840393	0.2905708694	0.4861620939
0	0.6852111715	0.2314629555	0.0421221046	0.0000000001	0.0412037684
0	0.1518190073	0.3452249190	0.1429584392	0.3595852517	0.0004123827
1	0.0185671515	0.5711315087	0.0993123660	0.0490959404	0.2618930333
0	0.3920333421	0.0204008680	0.5287969897	0.0426032864	0.0161655138
1	0.4665164089	0.0205094445	0.0856142718	0.0119172859	0.4154425889
0	0.1818063271	0.2481244307	0.4326360620	0.1374331802	0.0000000000
0	0.7431382136	0.0614378731	0.0620379127	0.0002067123	0.1331792882
0	0.0400780039	0.3815761754	0.2673107115	0.0994940469	0.2115410624
0	0.0884670027	0.0063274413	0.1454520765	0.1129909477	0.6467625318
0	0.0131383864	0.0011263131	0.9666697929	0.0149599064	0.0041056012
0	0.0000002126	0.6474387541	0.0986482924	0.1841865457	0.0697261952
1	0.0000476922	0.0950603762	0.0026004313	0.8608384035	0.0414530969
0	0.2378413531	0.0000443212	0.5380922861	0.0470729345	0.1769491050
1	0.2692161695	0.1373248740	0.0000005279	0.2193167471	0.3741416815
0	0.4193300019	0.1548966752	0.1492908957	0.2349029566	0.0415794706
0	0.8181646274	0.0073520099	0.1093802347	0.0642163735	0.0008867544
0	0.0102251410	0.5253546175	0.3683486922	0.0195208568	0.0765506924
1	0.8501428858	0.0233519251	0.1180344648	0.0084707243	0.0000000000
0	0.7860313909	0.0034331525	0.1917891819	0.0187462742	0.0000000005
0	0.0477392324	0.0451482072	0.5043306437	0.4027816908	0.0000002259
0	0.0000000000	0.2968878547	0.0132512944	0.0003947851	0.6894660657
0	0.9417782016	0.0064658493	0.0086440386	0.0358938469	0.0072180637
0	0.1261429062	0.0000002084	0.0022844310	0.6610311519	0.2105413024
1	0.8435455070	0.1478933131	0.0032528989	0.0053082810	0.0000000000
0	0.3573729010	0.0000000012	0.5415586811	0.0718227754	0.0292456413
0	0.0997152678	0.4964275045	0.0065073330	0.2597117510	0.1376381436
0	0.1378607384	0.0008033208	0.3214623292	0.5359487269	0.0039248847
0	0.0358263513	0.2425557137	0.0398490508	0.0353795919	0.6463892922
0	0.7106077088	0.0000012758	0.0017169595	0.0452218993	0.2424521566
2	0.6094198943	0.3875636337	0.0030142828	0.0000000000	0.0000021892
