0	0.0523772665	0.4109615309	0.4559675428	0.0777826404	0.0029110194
0	0.0761546714	0.2331960635	0.0000000000	0.0049299854	0.6857192797
0	0.4185352520	0.4302854564	0.0009286526	0.1500221155	0.0002285235
1	0.2857414831	0.0000000000	0.3901087811	0.3241497099	0.0000000259
1	0.0778017581	0.0178340754	0.0971792799	0.5751486451	0.2320362414
0	0.2781999352	0.4482684542	0.2462243773	0.0151375320	0.0121697014
0	0.5554772756	0.3438769628	0.0805495585	0.0055164275	0.0145797756
0	0.6479511105	0.2511755322	0.0962528587	0.0045875013	0.0000329973
0	0.0261461363	0.7481448144	0.0344323942	0.0137965582	0.1774800969
1	0.0000000073	0.3628696850	0.0000000000	0.2183117352	0.4188185725
0	0.0135673781	0.9247973814	0.0284983662	0.0026282006	0.0305086737
1	0.1925108925	0.1041016014	0.0095500563	0.3372869878	0.3565504621
0	0.1226654341	0.0226090949	0.7348826648	0.0694518227	0.0503909835
0	0.0417257974	0.0000119607	0.0012706542	0.1094560181	0.8475355696
0	0.5639561223	0.0007537853	0.2335502993	0.1869775285	0.0147622646
1	0.0001542634	0.0202810694	0.0145467131	0.0099814633	0.9550364909
1	0.0000437618	0.2460081837	0.0000717296	0.6476976795	0.1061786454
0	0.2810073488	0.0874417034	0.0054032155	0.3604469819	0.2657007504
0	0.2015691045	0.4785350512	0.0025023203	0.2749853698	0.0424081542
0	0.3782049129	0.0583182955	0.1602517753	0.0150933219	0.3881316944
0	0.4893622483	0.2616952872	0.2089538637	0.0006880303	0.0393005705
0	0.0121819219	0.0000091539	0.0118394625	0.7894890476	0.1864804140
0	0.0077954568	0.5020346880	0.1530103006	0.2037114247	0.1334481299
0	0.0146508361	0.6593861076	0.2146905283	0.0000000933	0.1112724347
0	0.1574156203	0.0094743236	0.4088716534	0.1988059001	0.2254325026
0	0.0076432973	0.2517564012	0.3262314819	0.0224052548	0.3919635647
1	0.5812505421	0.1291141919	0.0092753564	0.2473049059	0.0330550038
0	0.1848324980	0.2846821341	0.0000000000	0.5302550042	0.0002303636
0	0.0836431371	0.0804366063	0.2926437461	0.4972537695	0.0460227410
1	0.7519097740	0.0886274526	0.0409311435	0.0000000822	0.1185315478
0	0.0183302888	0.7312497507	0.1122502892	0.0011838305	0.1369858408
1	0.8112978733	0.1848053150	0.0000001875	0.0038958153	0.0000008089
0	0.0444563764	0.0000012576	0.0556532685	0.2196491889	0.6802399087
0	0.3595356045	0.1346781928	0.4876632084	0.0003217546	0.0178012397
0	0.2564582867	0.0000001845	0.1924538467	0.0427793540	0.5083083281
2	0.3152162966	0.0000000000	0.0000000000	0.6828591803	0.0019245231
0	0.2359321961	0.7157745190	0.0391214102	0.0031152353	0.0060566394
1	0.0948587870	0.0000000000	0.5849485622	0.3198960728	0.0002965780
0	0.0304611806	0.0413356877	0.1115015673	0.0869773882	0.7297241762
1	0.0000000000	0.0178030545	0.3467415729	0.0343271587	0.6011282140
0	0.0002749074	0.4013315400	0.0105718835	0.5876661982	0.0001554708
0	0.8774681393	0.0027311164	0.0742492952	0.0019695127	0.0435819364
0	0.0000024041	0.1003521536	0.8343963556	0.0652445730	0.0000045137
0	0.0003901973	0.0110153356	0.3903205053	0.5909805473	0.0072934146
0	0.0011008410	0.0781641394	0.0364499248	0.0025842735	0.8817008214
0	0.0000658299	0.7188404295	0.1873560881	0.0050026258	0.0887350267
0	0.0000000000	0.0038670855	0.8997082871	0.0000000000	0.0964246275
0	0.3798779303	0.2742922984	0.1646791712	0.0313597152	0.1497908850
1	0.0055194205	0.1909352887	0.0000000002	0.6979466029	0.1055986877
1	0.0224052618	0.2653451614	0.3779439179	0.0302714710	0.3040341880
0	0.0314246472	0.4476458792	0.1037000720	0.2898393175	0.1273900841
0	0.0929939813	0.1993454961	0.2803001835	0.0069893490	0.4203709900
0	0.0616778214	0.0000009634	0.7947475290	0.1361195793	0.0074541068
0	0.7651499465	0.1828751939	0.0100455146	0.0419293449	0.0000000000
0	0.0001045152	0.1849961364	0.0000000000	0.7053792960	0.1095200524
0	0.6091407859	0.0053599303	0.0000114398	0.2614102049	0.1240776390
0	0.7295826635	0.0015769271	0.2449384969	0.0201472386	0.0037546738
0	0.0363722276	0.0725911536	0.8281682954	0.0606175950	0.0022507284
0	0.0097427104	0.4381010238	0.2644845457	0.2876717138	0.0000000064
0	0.0000677369	0.0692637218	0.1593328265	0.7682969999	0.0030387149
1	0.1361084396	0.0001925144	0.0992925196	0.7005957828	0.0638107437
0	0.1298577080	0.0228379440	0.6044712607	0.0346648420	0.2081682453
0	0.3969583642	0.0160241019	0.0000652085	0.0000000156	0.5869523098
1	0.0000000195	0.0835088381	0.8537211320	0.0056778500	0.0570921604
1	0.0062877196	0.1158442012	0.4313258287	0.4465401748	0.0000020758
0	0.0016678036	0.2846589212	0.3961691500	0.0052492949	0.3122548303
1	0.0006200199	0.2976877175	0.0152624384	0.6857739003	0.0006559239
0	0.0793864990	0.0359718620	0.0083646879	0.8761991581	0.0000777930
0	0.0017369754	0.0110645349	0.6279291430	0.3166067164	0.0426626303
0	0.8159925027	0.1331359558	0.0297928814	0.0165540336	0.0045246265
1	0.0094744390	0.0650363978	0.0270856327	0.8493973480	0.0490061826
1	0.0104252860	0.4734716514	0.0000000000	0.0618248287	0.4542782339
0	0.0225672583	0.2363597200	0.6608933072	0.0005607234	0.0796189911
0	0.0104008202	0.1620060740	0.6705240794	0.0731711615	0.0838978649
0	0.2212225162	0.0223007344	0.6885508871	0.0299625606	0.0379633017
0	0.0000034757	0.2504281139	0.0935862265	0.5442126742	0.1117695098
0	0.2066337540	0.3490311381	0.0221989004	0.2541253060	0.1680109015
0	0.0640647898	0.3081481388	0.4341759084	0.0606864096	0.1329247534
0	0.0018371500	0.2940506476	0.0178051179	0.0557837807	0.6305233037
0	0.0030265816	0.0917185596	0.7693512728	0.1314853925	0.0044181935
0	0.0828781320	0.0148115526	0.0438247126	0.0594680163	0.7990175866
0	0.0106060524	0.5882360353	0.1314374205	0.0000060587	0.2697144330
0	0.3601042830	0.0021108436	0.1122852588	0.4523594540	0.0731401605
0	0.0035068820	0.0040663074	0.0001096033	0.9347734058	0.0575438014
0	0.0468154815	0.0104381889	0.1355391602	0.5591802295	0.2480269399
0	0.2870909869	0.0000009391	0.0331603006	0.0575534425	0.6221943308
0	0.2243092920	0.0199772918	0.2012410665	0.5519991561	0.0024731936
1	0.1348659603	0.0366963096	0.8197040864	0.0087169433	0.0000167003
0	0.4095843328	0.0361994111	0.2609199579	0.0871057583	0.2061905398
0	0.0093739691	0.0117403249	0.9341365163	0.0000000912	0.0447490985
0	0.0423912755	0.6639365082	0.0105586231	0.2456631305	0.0374504628
0	0.2303496733	0.3388674269	0.4263025487	0.0044802240	0.0000001271
0	0.1127114032	0.0000106947	0.1552209265	0.0140487217	0.7180082539
1	0.5909165935	0.0000000000	0.0092490536	0.3996335446	0.0002008083
1	0.6786960926	0.0035692011	0.3004323515	0.0023464295	0.0149559252
0	0.2017822354	0.1022415411	0.2463994436	0.3201652956	0.1294114842
1	0.3192917416	0.0006105570	0.0610274108	0.0915625199	0.5275077707
0	0.2614023670	0.1381230480	0.5526288232	0.0239104834	0.0239352784
1	0.0000000000	0.0000000000	0.2460724738	0.7533489241	0.0005786020
0	0.1209510725	0.0521718713	0.7746137742	0.0522632820	0.0000000000
