0	0.9181236250	0.0000082939	0.0407493805	0.0410852864	0.0000334142
1	0.0007587466	0.0108671999	0.0217890373	0.5989736880	0.3676113283
1	0.0702210111	0.7078059246	0.0159841277	0.0000101054	0.2059788312
0	0.0141541119	0.0812780225	0.6487074913	0.0750153756	0.1808449987
0	0.6635030625	0.1540685451	0.0621760174	0.1185996856	0.0016526893
0	0.2616672613	0.4368761196	0.0000096787	0.1772347803	0.1242121602
0	0.0445701489	0.1348103460	0.8203694678	0.0002500371	0.0000000001
0	0.0987695228	0.5973042752	0.0534858496	0.1743101565	0.0761301960
0	0.1801700391	0.6162052567	0.0406376801	0.1210642454	0.0419227787
0	0.0000008160	0.4261316136	0.0001314477	0.5310233690	0.0427127536
0	0.0764587740	0.0039709142	0.0336122204	0.3763695050	0.5095885864
0	0.0024884779	0.0516873316	0.0005444311	0.9445459058	0.0007338537
0	0.2687540935	0.0000025978	0.0097900599	0.6995208448	0.0219324040
0	0.0000000679	0.0400324332	0.0680666039	0.6522935343	0.2396073607
0	0.5077871346	0.3374595456	0.1351851842	0.0192607696	0.0003073661
0	0.1240305865	0.1320420772	0.6537038383	0.0049891595	0.0852343386
0	0.0691517513	0.2841673324	0.0000000018	0.5363459958	0.1103349187
1	0.0000082605	0.0000000187	0.0000000350	0.9730701867	0.0269214991
0	0.0722676366	0.0153287410	0.4100518908	0.5018994321	0.0004522994
0	0.0935088924	0.1735680486	0.0000055684	0.0285981335	0.7043193572
0	0.6575934982	0.0409654252	0.0516748013	0.2496395751	0.0001267002
0	0.0472378892	0.4689194273	0.1212037902	0.2269915244	0.1356473688
0	0.0002255876	0.0001944324	0.0000142276	0.0251299921	0.9744357602
0	0.0034201895	0.0695099197	0.2464861009	0.5527985635	0.1277852263
1	0.2798724057	0.0129152502	0.0000000000	0.7072123440	0.0000000000
0	0.3451369354	0.0000000292	0.0000001467	0.5328730879	0.1219898008
0	0.0097837553	0.0883713092	0.2185316607	0.4320919269	0.2512213479
1	0.0470562739	0.0483665631	0.0262186721	0.8508474840	0.0275110070
0	0.0320612466	0.0367318689	0.9312068240	0.0000000000	0.0000000606
0	0.0999537201	0.1122603935	0.0003756785	0.0458050972	0.7416051107
0	0.0000000000	0.8375669873	0.0596206598	0.0879096459	0.0149027069
0	0.0000000064	0.0002658874	0.0651423883	0.5849252786	0.3496664393
0	0.1191298219	0.1292461140	0.0652669695	0.0268490219	0.6595080727
0	0.0681942459	0.6005405224	0.0000027423	0.0375200847	0.2937424046
0	0.0484700107	0.0410590656	0.7038496430	0.0044862546	0.2021350261
0	0.0195479924	0.1833096281	0.0337083329	0.1857851896	0.5776488571
0	0.1593310078	0.7438187478	0.0136721843	0.0828490739	0.0003289863
0	0.0540725788	0.7164406643	0.0743938083	0.0008100382	0.1542829103
0	0.0881977587	0.4920585352	0.0072912393	0.2429201919	0.1695322748
1	0.6007809265	0.0539394612	0.2773628971	0.0679056626	0.0000110526
0	0.1149868470	0.0331480915	0.0001149992	0.7049870599	0.1467630024
0	0.0575665259	0.1522901808	0.0341374411	0.6824368148	0.0735690374
0	0.1657785347	0.3934914720	0.2639666000	0.1767633932	0.0000000000
0	0.0311846226	0.0000061358	0.2077497789	0.0004246236	0.7606348391
0	0.0967204589	0.0002130802	0.0024503116	0.5501192391	0.3504969102
0	0.3223346224	0.5282466304	0.0410820306	0.0737043893	0.0346323274
0	0.0006825566	0.7288465255	0.0441582463	0.2261913031	0.0001213684
0	0.5937140353	0.0018820040	0.3463378973	0.0561525176	0.0019135457
0	0.2223524142	0.1430691368	0.0225805956	0.1751496263	0.4368482271
0	0.0000404591	0.0018457921	0.1590800311	0.6890570253	0.1499766924
0	0.0615799560	0.0185187390	0.0000000000	0.0246325705	0.8952687345
1	0.8474997418	0.1304118994	0.0000010908	0.0220872680	0.0000000000
1	0.2602413688	0.0368037581	0.1377798468	0.5618472534	0.0033277728
0	0.0191667641	0.0000000000	0.3523050445	0.4276274377	0.2009007536
1	0.0786781598	0.0000007887	0.0459246791	0.8741865122	0.0012098602
0	0.1864889952	0.0023419674	0.3607498989	0.4492738714	0.0011452671
1	0.0676955839	0.0034300127	0.8611977143	0.0676765991	0.0000000901
0	0.0000667061	0.1045167483	0.3730801675	0.0063607880	0.5159755902
0	0.7228724199	0.0749252895	0.0036339731	0.1063111001	0.0922572174
0	0.3589961693	0.0378718104	0.4026603516	0.1912206018	0.0092510669
0	0.0170590420	0.2056053564	0.0000000000	0.6319594438	0.1453761578
0	0.0016594682	0.0607997624	0.1217426613	0.7543431563	0.0614549517
0	0.3538724791	0.0000000000	0.3494089979	0.2967184162	0.0000001068
0	0.2321044794	0.3791665374	0.0723290319	0.2939290232	0.0224709280
1	0.0520027358	0.2528408948	0.2831915115	0.3748227250	0.0371421329
0	0.0705812873	0.0000317900	0.0011277162	0.6576029089	0.2706562976
1	0.7813795010	0.0918437126	0.1267238610	0.0000529254	0.0000000000
0	0.1239998727	0.7613709939	0.0894318519	0.0243338580	0.0008634235
0	0.9282625872	0.0538306873	0.0007980901	0.0169510403	0.0001575951
0	0.1713505809	0.0010522296	0.7731110782	0.0319656876	0.0225204237
0	0.0370189650	0.0900656958	0.0000503627	0.1628318526	0.7100331239
0	0.2797594508	0.4667210007	0.1453140408	0.1048203142	0.0033851934
0	0.0000153646	0.0127003105	0.9078814482	0.0243958192	0.0550070575
0	0.8047764480	0.0484692142	0.0833190916	0.0141207712	0.0493144750
0	0.1560523218	0.1911568329	0.3688549803	0.0952589907	0.1886768742
1	0.0000091169	0.0088476967	0.0001311289	0.8692088657	0.1218031918
0	0.4792308850	0.1169853281	0.0000000000	0.0443445792	0.3594392077
0	0.0798413070	0.1225061878	0.0481760983	0.7148655295	0.0346108773
0	0.0320447693	0.3533052814	0.3158554415	0.0000000158	0.2987944920
0	0.0461793588	0.3004548222	0.2785190396	0.0000062116	0.3748405678
0	0.0410215516	0.3184787001	0.0000292554	0.6402145661	0.0002559268
2	0.0286476524	0.0000000007	0.0000000000	0.9713523469	0.0000000000
0	0.3519452359	0.1450580887	0.0034702499	0.4995264255	0.0000000000
0	0.3895674092	0.5003496208	0.0016095720	0.0795722332	0.0289011649
0	0.0081648520	0.2834154569	0.2576608465	0.0466241524	0.4041346922
1	0.1371475032	0.6112071148	0.0005632424	0.0638040811	0.1872780585
2	0.0827469056	0.0000000000	0.0000000000	0.7266839380	0.1905691564
0	0.0871658112	0.1280032150	0.7845658408	0.0002106230	0.0000545100
1	0.0000200432	0.7020760234	0.0002540919	0.2939158916	0.0037339498
0	0.0142391514	0.0007771811	0.0471551229	0.8797173690	0.0581111756
0	0.0320036574	0.0724672312	0.0129120887	0.6391255057	0.2434915170
0	0.7227914833	0.0072341693	0.1092447670	0.0559866751	0.1047429052
0	0.0954590790	0.2286075713	0.6486465829	0.0022951988	0.0249915681
0	0.0025497775	0.7860697550	0.1719928371	0.0359790300	0.0034086005
1	0.0295993060	0.0000000004	0.1447552593	0.7263997523	0.0992456820
0	0.6534443775	0.3372198038	0.0046899839	0.0000149883	0.0046308466
0	0.0498151027	0.0000000000	0.5948660685	0.2246048668	0.1307139619
0	0.0000000000	0.2104297824	0.0000409083	0.7427884814	0.0467408278
0	0.1428661233	0.1624749232	0.6173075602	0.0584586811	0.0188927122
1	0.3624585014	0.2615543076	0.3315894512	0.0118940860	0.0325036538
