0	0.0046062785	0.1676646583	0.0651122147	0.2872702238	0.4753466248
0	0.0000355434	0.0067982426	0.1622280928	0.4985586447	0.3323794765
0	0.0234130262	0.0000000000	0.0000000007	0.0955835206	0.8810034526
0	0.2665170881	0.5119881144	0.0274460907	0.1152497732	0.0787989337
0	0.2229947439	0.0000046038	0.0027115459	0.7740526353	0.0002364711
0	0.0571401860	0.1027389150	0.6563244130	0.1837943280	0.0000021579
0	0.1710083115	0.2691684056	0.0000010912	0.5520932508	0.0077289409
0	0.0000000001	0.0177284979	0.0440851363	0.8741010092	0.0640853564
0	0.0615008978	0.0000000000	0.0598674439	0.3816719663	0.4969596919
1	0.5173568372	0.0967960664	0.0842879046	0.2925475752	0.0090116165
0	0.1464121850	0.5269703614	0.0006456075	0.2478445505	0.0781272956
0	0.0000686514	0.0229877894	0.4733617848	0.0059700850	0.4976116894
0	0.0427154366	0.0019808935	0.0206962593	0.7107473087	0.2238601019
1	0.3363240549	0.0027167318	0.0000000000	0.5519076140	0.1090515992
0	0.0155060072	0.0395658647	0.0000601360	0.0000017433	0.9448662488
1	0.0000207464	0.0000020449	0.7695881701	0.2183522079	0.0120368307
0	0.0006130637	0.3277318061	0.3775314392	0.1810379037	0.1130857873
0	0.3212716290	0.1314781943	0.1623837058	0.0083711607	0.3764953102
0	0.0034430116	0.9901074859	0.0000000000	0.0000253379	0.0064241646
1	0.0186237719	0.2594353788	0.0128481536	0.6303231709	0.0787695248
0	0.1643380814	0.2760964856	0.0011102555	0.5567582925	0.0016968850
0	0.6296232664	0.0000000459	0.0001275608	0.1597955035	0.2104536235
0	0.0768753475	0.0211629235	0.4573927050	0.0000719655	0.4444970585
1	0.0273853752	0.0010956080	0.0000000000	0.9707223719	0.0007966449
0	0.0521516869	0.2686628854	0.3065429777	0.0674868425	0.3051556075
0	0.6824429804	0.0078753331	0.0000004028	0.3029666828	0.0067146008
0	0.5433810314	0.0903648296	0.2628902056	0.1033629726	0.0000009607
0	0.0631560040	0.0031523082	0.0000057947	0.9324918242	0.0011940688
0	0.2212755362	0.3412118187	0.3804597178	0.0561588708	0.0008940566
0	0.4573926329	0.4110239018	0.0000000000	0.0009348296	0.1306486357
0	0.0859531648	0.2555367291	0.0042215783	0.6542838391	0.0000046886
0	0.0000008270	0.5137864022	0.3721863730	0.0000179041	0.1140084937
0	0.4630891577	0.0519793501	0.0011128746	0.2706546885	0.2131639291
0	0.0000001230	0.0001031087	0.7710331047	0.2288146208	0.0000490428
0	0.0000177374	0.0005657311	0.6991015232	0.2868547560	0.0134602523
0	0.0000000000	0.1493912603	0.7315014374	0.1144841277	0.0046231746
0	0.0699872046	0.0000018863	0.0685050027	0.0010644660	0.8604414403
0	0.0549354325	0.5781788973	0.0001872638	0.1440447219	0.2226536845
0	0.0862595428	0.1180794825	0.0012372824	0.0121367847	0.7822869075
0	0.0516732217	0.6265710366	0.3114911215	0.0035206428	0.0067439774
0	0.0090442076	0.4771307309	0.0572995535	0.4475175780	0.0090079301
0	0.0000147409	0.5438327072	0.0248978568	0.2870841711	0.1441705240
0	0.3849740942	0.0002024860	0.3119425812	0.3014630574	0.0014177813
0	0.2758307141	0.1148321603	0.3377612698	0.0007680833	0.2708077725
0	0.3124305039	0.4286708623	0.1866412171	0.0000218313	0.0722355854
1	0.0001222874	0.0000223879	0.0000002811	0.9998342786	0.0000207649
0	0.1918999457	0.4888808833	0.2677202035	0.0480765189	0.0034224487
0	0.0000000000	0.8686729531	0.0660913782	0.0539392354	0.0112964333
0	0.1713274910	0.5132023108	0.2291397653	0.0051570698	0.0811733632
0	0.0222989248	0.0000006785	0.0003376749	0.3065090963	0.6708536255
0	0.2059245205	0.0140135980	0.0323208410	0.7436304298	0.0041106107
0	0.0000000000	0.1272483464	0.1166722019	0.0009296860	0.7551497657
1	0.4935737474	0.0025206237	0.0035509098	0.5003547191	0.0000000000
2	0.0000000000	0.5112196126	0.0000000000	0.1390970321	0.3496833553
0	0.0105359236	0.0090190807	0.9637107971	0.0017883742	0.0149458244
0	0.0000000000	0.1804091409	0.7688803632	0.0389118987	0.0117985971
0	0.2874239919	0.0000000141	0.1111731132	0.6003093463	0.0010935346
0	0.1192228773	0.2126801337	0.0030513829	0.0000355266	0.6650100795
2	0.1429250169	0.3795980997	0.1259254752	0.3482019836	0.0033494246
1	0.0023393179	0.5546254010	0.0348575432	0.3003185409	0.1078591970
0	0.0294834681	0.6344914982	0.0013654910	0.0123619639	0.3222975788
1	0.8708204987	0.0010251977	0.0215795997	0.0000101949	0.1065645090
0	0.2207199667	0.5331229211	0.0772273662	0.1632572206	0.0056725254
0	0.7115944438	0.0178064785	0.0000374715	0.2050973742	0.0654642320
0	0.0194625655	0.7988376405	0.0318590346	0.1493617072	0.0004790523
0	0.0030933163	0.8773674663	0.0034771815	0.1078684928	0.0081935431
1	0.0051651166	0.2666856555	0.6643858467	0.0637633803	0.0000000008
0	0.2124476058	0.0000000000	0.5669251750	0.0000342025	0.2205930167
1	0.5141158191	0.0386150013	0.2472218853	0.1031407128	0.0969065815
0	0.7634710252	0.1718811972	0.0000581492	0.0305087444	0.0340808839
0	0.4659291513	0.0000000005	0.0694336483	0.2910333108	0.1736038891
0	0.0136391695	0.2229543277	0.0987734613	0.6175762717	0.0470567698
0	0.0416354077	0.1598832034	0.1571399594	0.1340379510	0.5073034784
0	0.1266019453	0.5414802170	0.0000000000	0.0594251495	0.2724926883
0	0.0221762004	0.0889467327	0.8198052003	0.0420574559	0.0270144107
0	0.4705662241	0.1003358196	0.1499950129	0.0258802257	0.2532227177
1	0.8566795886	0.0000000000	0.0040383483	0.0000000000	0.1392820631
0	0.0919553215	0.0815807494	0.2395167668	0.5736933492	0.0132538130
0	0.0058548139	0.3319578518	0.6212490109	0.0208129422	0.0201253812
0	0.6000722049	0.3801471331	0.0177592687	0.0019523657	0.0000690276
0	0.0282424081	0.0887725775	0.1368402916	0.0514728945	0.6946718283
0	0.8231115439	0.0458524652	0.1121599429	0.0151809162	0.0036951317
0	0.0498185405	0.0199705692	0.8407687511	0.0017661444	0.0876759948
0	0.1101657003	0.3523731179	0.2428830914	0.2945780905	0.0000000000
0	0.4382263134	0.2492211124	0.0000240968	0.0054236545	0.3071048229
0	0.5342227148	0.2611210591	0.0001708664	0.0000000570	0.2044853027
1	0.6210642323	0.0242242431	0.0370338313	0.1929121907	0.1247655026
0	0.4500287796	0.0183424315	0.1849300709	0.3454581863	0.0012405317
0	0.0108170964	0.8893112157	0.0002887634	0.0032727348	0.0963101897
0	0.1129636794	0.0011728658	0.0131065431	0.5197101190	0.3530467926
0	0.0067101629	0.0294465971	0.8995530918	0.0595033047	0.0047868435
0	0.1100950719	0.0807798131	0.5791338735	0.0000000000	0.2299912415
0	0.4643259506	0.3167972797	0.0000000000	0.2177317924	0.0011449773
0	0.0881276613	0.8871231150	0.0229498806	0.0000011097	0.0017982334
0	0.2931981706	0.0086963860	0.0521488062	0.2332596894	0.4126969478
0	0.2942095934	0.0000000700	0.1499365802	0.1858121993	0.3700415572
0	0.0009530201	0.9932168481	0.0042004784	0.0016296534	0.0000000000
1	0.1975782228	0.0679325721	0.0004064320	0.7340825316	0.0000002415
0	0.0378602951	0.0000840450	0.4234228398	0.4477739990	0.0908588210
0	0.0000084805	0.0196028679	0.0675411985	0.0020562872	0.9107911659
