0	0.0644769863	0.9228316591	0.0126913546
1	0.0000082572	0.9999917428	0.0000000000
1	0.0000043320	0.9614636987	0.0385319694
1	0.0714046526	0.9280537541	0.0005415933
0	0.5168326183	0.2936030617	0.1895643200
0	0.1585655055	0.5812402632	0.2601942313
2	0.0000000000	0.9758075045	0.0241924955
0	0.0000138808	0.9568664708	0.0431196484
0	0.0198449868	0.9782519862	0.0019030269
0	0.6886997873	0.0731624778	0.2381377349
1	0.0000000000	1.0000000000	0.0000000000
0	0.2412823775	0.6860977637	0.0726198588
1	0.0082779724	0.1339507646	0.8577712630
1	0.0000003364	0.9917757729	0.0082238907
1	0.0449395130	0.4450897131	0.5099707739
1	0.4422080932	0.1748922912	0.3828996156
1	0.5414468296	0.1661986463	0.2923545241
0	0.0016878803	0.0001011191	0.9982110006
0	0.0000000004	0.0737858591	0.9262141405
0	0.0210244192	0.5556022494	0.4233733314
0	0.0013601811	0.0096178823	0.9890219366
0	0.0000000000	0.9996789201	0.0003210799
0	0.0000106476	0.9852442867	0.0147450657
0	0.0000000000	0.9209075703	0.0790924297
1	0.0468566735	0.7937736970	0.1593696295
1	0.9914044899	0.0040498695	0.0045456406
1	0.0406070266	0.1131634706	0.8462295028
1	0.0000000000	0.9999999121	0.0000000879
0	0.0118183456	0.9801659598	0.0080156946
0	0.0109838744	0.9510673446	0.0379487810
0	0.0000000000	0.9968855891	0.0031144109
0	0.0630868924	0.2153251384	0.7215879692
1	0.0052132636	0.5815220469	0.4132646895
1	0.0000002124	0.9925332500	0.0074665376
1	0.0000000000	0.9992055679	0.0007944321
0	0.0545826303	0.8231710155	0.1222463542
0	0.1250364308	0.4883648812	0.3865986880
0	0.2021849585	0.4701827565	0.3276322850
0	0.0517353070	0.8387861146	0.1094785784
0	0.0017014872	0.2014677481	0.7968307647
0	0.3288178064	0.6711628519	0.0000193417
0	0.0000005027	0.9999994973	0.0000000000
0	0.0000000000	1.0000000000	0.0000000000
0	0.0000683920	0.6904686766	0.3094629315
2	0.0017524542	0.7714844241	0.2267631218
0	0.3222443298	0.6777556696	0.0000000006
0	0.0135373878	0.0066300306	0.9798325816
0	0.0000017588	0.9999982412	0.0000000000
0	0.3716293305	0.1663634424	0.4620072271
1	0.0000012057	0.4615983575	0.5384004368
0	0.0003508926	0.7474304963	0.2522186111
0	0.0000249899	0.9972102109	0.0027647992
0	0.0017586181	0.9981091896	0.0001321923
0	0.0000055119	0.1765662755	0.8234282126
0	0.1039708787	0.8059023489	0.0901267724
2	0.0054732239	0.9945183538	0.0000084223
1	0.0002391659	0.9997605768	0.0000002573
1	0.0001542862	0.6080814485	0.3917642653
0	0.5735713124	0.4209044221	0.0055242655
0	0.0933147978	0.5256945893	0.3809906129
1	0.6246412858	0.2963687450	0.0789899693
1	0.0714045295	0.5570942315	0.3715012390
1	0.0133373221	0.9857086750	0.0009540029
1	0.0161347198	0.8291547841	0.1547104960
0	0.2882191367	0.3279036264	0.3838772369
0	0.0010365975	0.2132524341	0.7857109684
0	0.0467355092	0.9475791312	0.0056853596
0	0.0000000019	0.9999999981	0.0000000000
1	0.7539490699	0.1076560454	0.1383948847
1	0.7102875018	0.2897124982	0.0000000000
0	0.2891544822	0.4697590050	0.2410865128
2	0.1461883670	0.5274089540	0.3264026790
0	0.0255261495	0.7555155939	0.2189582567
1	0.0086848465	0.8583359468	0.1329792068
0	0.0000000000	0.8043382909	0.1956617091
0	0.0000000103	0.7469197803	0.2530802094
1	0.0025190477	0.2575487232	0.7399322291
1	0.0000000002	0.9696641564	0.0303358435
1	0.0042406922	0.9410150083	0.0547442995
1	0.9661425412	0.0001066848	0.0337507739
0	0.0000002246	0.9991618460	0.0008379294
0	0.7021210791	0.2973824355	0.0004964853
1	0.0335326956	0.8987135052	0.0677537993
0	0.0162388522	0.9557613715	0.0279997763
1	0.0204650928	0.8760141226	0.1035207846
0	0.0000000363	0.9946011350	0.0053988287
0	0.6236412350	0.3343952569	0.0419635081
0	0.1149325767	0.0044965875	0.8805708358
1	0.0000147701	0.9012484319	0.0987367979
0	0.0029331671	0.9970657677	0.0000010652
1	0.0004013624	0.9995986376	0.0000000000
0	0.0000000000	0.6643338717	0.3356661283
0	0.0000000000	0.9957695688	0.0042304312
0	0.0016504441	0.9743938376	0.0239557184
0	0.0127631953	0.9750307137	0.0122060910
1	0.0012768816	0.9502250132	0.0484981051
1	0.1468536289	0.2952646318	0.5578817393
1	0.0148617202	0.8447921360	0.1403461439
1	0.0611004116	0.8296421917	0.1092573968
0	0.0000000010	0.4183992551	0.5816007439
