1	0.0001194803	0.9998803049	0.0000002148
0	0.0045500533	0.0000000000	0.9954499467
0	0.0000000000	0.8736196747	0.1263803253
1	0.0886897568	0.0961717586	0.8151384845
0	0.0000001075	0.9964281729	0.0035717195
1	0.2548363896	0.7449519647	0.0002116456
1	0.0547858337	0.9096810606	0.0355331058
0	0.5982640854	0.1209349550	0.2808009595
0	0.0001468583	0.8599137025	0.1399394392
0	0.0000009220	0.9999990474	0.0000000306
1	0.5984092777	0.4015907223	0.0000000000
1	0.0019237623	0.9980762375	0.0000000003
0	0.1958959719	0.7808577957	0.0232462325
0	0.7515719286	0.0000000000	0.2484280714
0	0.9251211853	0.0263203183	0.0485584964
0	0.0031003257	0.0903659455	0.9065337288
0	0.7314765157	0.0111396096	0.2573838747
0	0.2378553137	0.6663764525	0.0957682337
1	0.0003109752	0.0388132931	0.9608757317
1	0.9589593237	0.0000024912	0.0410381851
1	0.0000808875	0.8347401927	0.1651789199
0	0.9995916979	0.0000033513	0.0004049508
1	0.2556069537	0.6568615448	0.0875315015
0	0.0919594028	0.9080405923	0.0000000049
1	0.5567235273	0.0495093793	0.3937670935
1	0.6561552235	0.3438447765	0.0000000000
1	0.6935532572	0.3064415095	0.0000052333
1	0.0199952389	0.9800047611	0.0000000000
1	0.0000000000	0.9951538304	0.0048461696
0	0.9302534086	0.0647218375	0.0050247539
0	0.0000000003	0.8565215302	0.1434784695
0	0.3100064216	0.0002909122	0.6897026662
1	0.0000849852	0.9999150148	0.0000000000
0	0.5339026159	0.4528176638	0.0132797203
1	0.0314928068	0.0100575474	0.9584496459
2	0.9514758143	0.0000361056	0.0484880801
1	0.5677551220	0.0000000000	0.4322448780
0	0.4407675523	0.5592324477	0.0000000000
0	0.5956504412	0.0128186599	0.3915308989
0	0.9268309827	0.0003505145	0.0728185029
1	0.3259917793	0.6298235346	0.0441846860
1	0.0375347907	0.5685372799	0.3939279295
1	0.6328776701	0.0252801973	0.3418421325
1	0.1506309731	0.8014504028	0.0479186241
1	0.3986248145	0.6013751855	0.0000000000
0	0.1298691952	0.8701308048	0.0000000000
0	0.9989203420	0.0009973135	0.0000823445
0	0.0000007451	0.9974008759	0.0025983791
1	0.0090651603	0.8228919799	0.1680428598
1	0.0043442262	0.0282748267	0.9673809471
0	0.8309219119	0.1577044862	0.0113736019
0	0.9942938977	0.0001020900	0.0056040122
0	0.6553527717	0.3446419008	0.0000053276
0	0.0003976497	0.7759195324	0.2236828179
0	0.0098019471	0.9901980529	0.0000000000
0	0.3824713828	0.5494186205	0.0681099967
1	0.0000000019	0.0862800522	0.9137199459
1	0.4492385789	0.4726516715	0.0781097496
1	0.3047134204	0.6491988256	0.0460877540
1	0.1131289903	0.0041495645	0.8827214452
0	0.4086473246	0.2431328531	0.3482198223
1	0.3917325754	0.6068974289	0.0013699957
1	0.9910038822	0.0089961178	0.0000000000
1	0.1147779002	0.8851005143	0.0001215855
0	0.0039286408	0.9960702295	0.0000011298
0	0.2645165575	0.1794682583	0.5560151841
0	0.6427179936	0.0006972490	0.3565847573
0	0.8425545067	0.1541419090	0.0033035843
0	0.0644888628	0.3655534040	0.5699577332
0	0.9965507469	0.0011343288	0.0023149244
0	0.2190179836	0.7465422606	0.0344397558
0	0.9859391837	0.0068465361	0.0072142802
1	0.2848618070	0.4549361331	0.2602020599
1	0.8968279974	0.0137454755	0.0894265271
0	0.9986949532	0.0013050468	0.0000000000
0	0.7811122249	0.2103063437	0.0085814314
1	0.4536195090	0.5460751949	0.0003052960
0	0.8398421707	0.1409075145	0.0192503148
0	0.4684815090	0.4804232624	0.0510952286
0	0.7652852201	0.0000000000	0.2347147799
0	0.7735670485	0.2175227465	0.0089102049
2	0.2971547746	0.3211549781	0.3816902473
0	0.2972777662	0.2729954576	0.4297267763
1	0.1976992256	0.2361085187	0.5661922557
1	0.9992979714	0.0006984607	0.0000035679
1	0.0760767454	0.5794985159	0.3444247387
1	0.0036050918	0.3777003245	0.6186945837
0	0.4432685623	0.4864926193	0.0702388183
0	0.6570261544	0.3425196853	0.0004541602
0	0.9582997929	0.0417002071	0.0000000000
0	0.0924564234	0.4406643726	0.4668792039
0	0.0543322130	0.7171141419	0.2285536451
1	0.0157432107	0.0680567756	0.9162000137
0	0.8204077477	0.0105660008	0.1690262514
1	0.9143509666	0.0856490334	0.0000000000
0	0.7391811723	0.2320707877	0.0287480400
0	0.0004645466	0.9993133406	0.0002221128
0	0.1161248901	0.0928645592	0.7910105508
0	0.6276440991	0.3381092496	0.0342466513
0	0.1246335340	0.8470726929	0.0282937730
