1	0.5717105328	0.0030877630	0.4252017043
0	0.6394396267	0.0000000000	0.3605603733
1	0.5020444436	0.0000068550	0.4979487013
0	0.8185073022	0.0012838213	0.1802088765
0	0.6273266403	0.0008202730	0.3718530866
2	0.0657900984	0.0000000000	0.9342099016
0	0.0898805703	0.0657509844	0.8443684453
1	0.6437590071	0.0426993402	0.3135416527
1	0.9084732386	0.0915170120	0.0000097494
1	0.8745872540	0.1216694996	0.0037432464
0	0.2023647385	0.0000000000	0.7976352615
1	0.9991828491	0.0000726511	0.0007444998
0	0.6072202087	0.3445181199	0.0482616714
0	0.1911160138	0.0068945126	0.8019894736
0	0.6251145529	0.0000000000	0.3748854471
0	0.2733969720	0.0236243853	0.7029786427
0	0.9548208948	0.0004388858	0.0447402194
1	0.1319349325	0.1149615035	0.7531035640
0	0.9714577212	0.0135381702	0.0150041086
0	0.8588109980	0.1411889699	0.0000000320
1	0.6415327621	0.0306477307	0.3278195071
1	0.9174474201	0.0126998204	0.0698527595
1	0.0406639577	0.8078717006	0.1514643417
0	0.5984829883	0.0000000000	0.4015170117
0	0.8676523753	0.0000000000	0.1323476247
0	0.0018676867	0.0020254158	0.9961068974
1	0.5114539628	0.1809299998	0.3076160374
1	0.8875960659	0.1106926913	0.0017112428
1	0.0445944778	0.9407014702	0.0147040520
0	0.6030077046	0.0802812165	0.3167110789
0	0.0086152017	0.0016445121	0.9897402862
1	0.6868191776	0.0721039404	0.2410768820
0	0.9779624085	0.0000046172	0.0220329743
0	0.9469892297	0.0080141162	0.0449966541
1	0.1098237316	0.2992933135	0.5908829549
0	0.5291358922	0.2280089080	0.2428551998
2	0.5926814394	0.0065430235	0.4007755371
0	0.8347798183	0.0502832583	0.1149369233
1	0.3291971134	0.5797778055	0.0910250810
0	0.7601832433	0.0627457227	0.1770710340
1	0.9743811214	0.0004996947	0.0251191839
0	0.0001016156	0.0003811567	0.9995172277
0	0.5792093385	0.0126781712	0.4081124904
1	0.2377182565	0.7609565844	0.0013251590
0	0.9928374629	0.0008996669	0.0062628702
0	0.2212562157	0.0508858788	0.7278579056
1	0.2485147558	0.1855482674	0.5659369768
0	0.8866711898	0.0000000073	0.1133288029
0	0.1257550958	0.7392543897	0.1349905145
1	0.0022661554	0.1747966901	0.8229371545
0	0.9490398131	0.0508906488	0.0000695381
0	0.0013714729	0.0444127090	0.9542158180
0	0.4479282470	0.0017990135	0.5502727395
0	0.0894327387	0.0035460325	0.9070212288
0	0.4763825683	0.0005170461	0.5231003856
1	0.2367354861	0.0000013451	0.7632631687
0	0.3967879013	0.0057538141	0.5974582846
0	0.8923716657	0.0250864098	0.0825419245
0	0.9909573033	0.0001404993	0.0089021973
0	0.3939449424	0.0020728872	0.6039821705
0	0.9897060721	0.0023515655	0.0079423624
1	0.7785404560	0.1828825206	0.0385770234
0	0.6859407991	0.0000713376	0.3139878633
0	0.6669680735	0.2061233503	0.1269085762
1	0.3428022562	0.5202590417	0.1369387021
0	0.0115199803	0.0001548026	0.9883252171
1	0.9849161293	0.0000012418	0.0150826289
1	0.9289268911	0.0341513666	0.0369217424
1	0.0125175784	0.0074472762	0.9800351455
0	0.1274963456	0.1476234250	0.7248802294
0	0.9845812794	0.0153843480	0.0000343726
1	0.8227188578	0.0001698126	0.1771113297
0	0.3029938075	0.1400196710	0.5569865214
0	0.9449168103	0.0059930636	0.0490901261
0	0.9649038040	0.0337552826	0.0013409133
1	0.6631636996	0.0052625754	0.3315737250
1	0.4037660737	0.5735810364	0.0226528899
1	0.9981240232	0.0018055950	0.0000703818
0	0.5801997239	0.4130807717	0.0067195044
0	0.9127009638	0.0114901387	0.0758088974
2	0.4810070596	0.0054110209	0.5135819195
0	0.0477471453	0.2404584293	0.7117944254
0	0.3424644539	0.0679459234	0.5895896226
1	0.5419882719	0.0000000076	0.4580117205
0	0.9655955552	0.0032787044	0.0311257404
0	0.9451371280	0.0000000006	0.0548628714
1	0.1515003634	0.0002364493	0.8482631873
0	0.2948685369	0.0001042738	0.7050271893
0	0.8458063974	0.0000011586	0.1541924440
0	0.6541073921	0.1331090996	0.2127835083
0	0.5907292500	0.2530277561	0.1562429939
2	0.6244952219	0.0000286977	0.3754760804
0	0.4593361602	0.1058309292	0.4348329106
1	0.8563692191	0.0070780487	0.1365527322
0	0.6686345775	0.0000000000	0.3313654225
0	0.8867018092	0.1106104171	0.0026877736
0	0.2428867764	0.0338381992	0.7232750244
0	0.2837254985	0.0731235060	0.6431509955
0	0.9890708746	0.0031071813	0.0078219441
2	0.8800219106	0.1033935184	0.0165845710
