0	0.0096429021	0.9903507702	0.0000063277
0	0.0002586793	0.0336171904	0.9661241304
1	0.0000000000	0.9905290146	0.0094709854
1	0.5755426173	0.4244573827	0.0000000000
0	0.1165916903	0.0000000000	0.8834083097
1	0.0009425921	0.0106525298	0.9884048782
1	0.6886712428	0.0000089657	0.3113197915
1	1.0000000000	0.0000000000	0.0000000000
0	0.0896200782	0.7838126656	0.1265672562
0	0.0231041684	0.0646720523	0.9122237793
1	0.0457699608	0.3749067885	0.5793232506
0	0.1110640078	0.6955780587	0.1933579335
0	0.0046920057	0.8532122530	0.1420957413
1	0.8921259175	0.0018930523	0.1059810302
0	0.9809435770	0.0000004930	0.0190559300
0	0.9228453147	0.0771546849	0.0000000004
1	0.0168993009	0.0008515148	0.9822491843
2	0.9997673148	0.0000000000	0.0002326852
1	0.0000000000	0.0018012453	0.9981987547
1	0.9999793092	0.0000119078	0.0000087830
0	0.0000000003	0.6983553213	0.3016446784
0	0.3687542569	0.4206392431	0.2106065000
0	0.0000000227	0.9947143092	0.0052856681
1	0.9751148947	0.0248850521	0.0000000533
0	0.4275841069	0.4978457344	0.0745701586
0	0.0019134667	0.9980865332	0.0000000001
0	0.9160848751	0.0800905246	0.0038246003
0	0.0000190734	0.0000000274	0.9999808992
1	0.4759351976	0.3449115736	0.1791532287
1	0.6443186376	0.0000000000	0.3556813624
0	0.5148491655	0.3691047908	0.1160460437
0	0.2196000255	0.0262739735	0.7541260010
2	0.6100267064	0.0088968414	0.3810764522
0	0.0031367556	0.5990889557	0.3977742886
0	0.9501266872	0.0498628672	0.0000104455
0	0.0990211737	0.2979989300	0.6029798963
0	0.4647769004	0.0469486266	0.4882744730
0	0.4616890795	0.3119026496	0.2264082709
0	0.0745704086	0.0204382909	0.9049913005
1	0.9719499807	0.0000000001	0.0280500191
1	0.1668686066	0.0000386283	0.8330927650
1	0.0285276882	0.0000000000	0.9714723118
0	0.0195967205	0.0049472781	0.9754560014
0	0.0071906753	0.9928093246	0.0000000000
0	0.6442875276	0.3557088512	0.0000036211
1	0.0004420091	0.2990103545	0.7005476365
0	0.0256283234	0.9690742837	0.0052973930
0	0.5126174384	0.2493241981	0.2380583634
0	0.6623596997	0.3373507523	0.0002895480
0	0.9130322194	0.0008017157	0.0861660649
0	0.0031502760	0.9817438364	0.0151058876
1	0.0161213508	0.9838780178	0.0000006314
0	0.3951666104	0.6041017000	0.0007316896
1	0.0195747631	0.9645510736	0.0158741633
1	0.2127714823	0.0000000000	0.7872285177
0	0.2588045073	0.6570809332	0.0841145595
0	0.4677359638	0.0132581905	0.5190058457
1	0.0000000046	0.9530663333	0.0469336621
0	0.9820947315	0.0002123917	0.0176928768
0	0.0833180034	0.5996206160	0.3170613805
0	0.0020415033	0.9224259455	0.0755325512
0	0.0822621826	0.1947613781	0.7229764393
0	0.5712736466	0.4284967147	0.0002296387
0	0.0000000000	0.0008668378	0.9991331622
0	0.9140966689	0.0127213810	0.0731819501
1	0.0247961845	0.2665021823	0.7087016332
0	0.4230298338	0.0428022309	0.5341679353
0	0.0001968224	0.0056545041	0.9941486735
0	0.1807646764	0.1850975325	0.6341377911
0	0.0343093225	0.1499455859	0.8157450916
1	0.0099621117	0.0008515574	0.9891863309
0	0.0326717131	0.8954074234	0.0719208636
0	0.0057855170	0.0184633440	0.9757511391
1	0.7272951920	0.2532306397	0.0194741683
1	0.8272793808	0.0627755529	0.1099450663
0	0.0000000359	0.9999996572	0.0000003069
1	0.0036687164	0.0004544770	0.9958768066
0	0.2965138564	0.2411774079	0.4623087357
0	0.0000068900	0.7164418905	0.2835512195
0	0.0097367513	0.3945588453	0.5957044034
1	0.7443856984	0.2217158912	0.0338984104
1	0.0000260329	0.0015883464	0.9983856206
0	0.0000000332	0.9996545879	0.0003453789
0	0.0018205637	0.0074257779	0.9907536584
0	0.3277953836	0.0036238645	0.6685807519
0	0.8358536412	0.1639835014	0.0001628574
0	0.2935791774	0.6905926919	0.0158281307
0	0.1632350466	0.8114417437	0.0253232097
0	0.0003682310	0.9711216482	0.0285101208
0	0.7494965132	0.0000576396	0.2504458473
0	0.1567726426	0.4890619978	0.3541653595
1	0.0000000000	0.2695852158	0.7304147842
0	0.0941185867	0.7475475963	0.1583338170
0	0.8752154317	0.1132455982	0.0115389701
0	0.1729431163	0.0448884311	0.7821684526
2	0.6670238120	0.2473910014	0.0855851867
0	0.0035687611	0.7391198701	0.2573113689
1	0.0394783068	0.0069532829	0.9535684103
0	0.0591267311	0.9408732668	0.0000000022
0	0.2332017705	0.0001829747	0.7666152548
