0	0.8030553584	0.0000000126	0.1969446291
0	0.9644587611	0.0030394264	0.0325018125
1	0.9211273098	0.0272604176	0.0516122726
0	0.8182421582	0.0571745673	0.1245832744
0	0.8830632261	0.1159052993	0.0010314746
1	0.7057228245	0.2942651594	0.0000120161
2	0.9777318028	0.0000000001	0.0222681971
0	0.0593622694	0.1136340036	0.8270037271
1	0.0034989945	0.9643107033	0.0321903022
0	0.1460458260	0.0004619744	0.8534921997
1	0.6880443575	0.0000000520	0.3119555905
0	0.5643153719	0.0248653440	0.4108192841
0	0.6699064186	0.1311799161	0.1989136653
0	0.2323832398	0.1382238621	0.6293928981
0	0.9433163080	0.0000000000	0.0566836920
1	0.3905555300	0.0000000000	0.6094444700
0	0.9083507652	0.0168416298	0.0748076051
1	0.9839250520	0.0111789087	0.0048960392
1	0.0000001007	0.3143591408	0.6856407585
0	0.7963195010	0.2036792326	0.0000012664
1	0.0375134932	0.0249678288	0.9375186780
0	0.9999863672	0.0000000000	0.0000136328
1	0.9358886987	0.0641113012	0.0000000001
0	0.1504960630	0.8439460119	0.0055579251
0	0.0000213879	0.0001580290	0.9998205832
0	0.0016167151	0.2045228528	0.7938604321
0	0.3501379872	0.0000043271	0.6498576857
0	0.0074635938	0.0034616777	0.9890747285
0	0.0410542582	0.9589457418	0.0000000000
0	0.3139109563	0.0000530928	0.6860359509
1	0.9504205218	0.0000000000	0.0495794782
0	0.0103916099	0.0000310201	0.9895773700
0	0.7017320217	0.2357034613	0.0625645170
1	0.0000000000	0.4898075135	0.5101924865
1	0.9998652888	0.0000000952	0.0001346160
0	0.5217682249	0.4494432438	0.0287885312
0	0.6266618953	0.3586139904	0.0147241143
0	0.3600140463	0.6399847894	0.0000011643
1	0.8622620903	0.1377362311	0.0000016785
0	0.4998402919	0.0089407130	0.4912189951
0	0.2789269795	0.7210730205	0.0000000000
0	0.5660140113	0.0000000000	0.4339859887
0	0.0652710148	0.9347289852	0.0000000000
1	0.9936242938	0.0000000003	0.0063757058
0	0.7976746974	0.0763315763	0.1259937263
2	0.9998212814	0.0001787185	0.0000000000
0	0.9923627195	0.0076372805	0.0000000000
1	0.0040871974	0.8655882477	0.1303245548
0	0.7565183916	0.2385410556	0.0049405527
0	0.7259415777	0.1812515784	0.0928068439
0	0.8671584561	0.1322300816	0.0006114623
1	0.9092409042	0.0000036864	0.0907554094
0	0.0511323621	0.0837655784	0.8651020594
0	0.2010505208	0.2761757110	0.5227737682
0	0.0000000000	0.6733989647	0.3266010353
1	0.5691351076	0.0441279820	0.3867369104
0	0.3097151761	0.6902848239	0.0000000000
2	1.0000000000	0.0000000000	0.0000000000
1	0.1081809246	0.6889589331	0.2028601423
0	0.1012312353	0.1141758673	0.7845928973
0	0.0115058992	0.9884903983	0.0000037025
1	0.6351164945	0.3642788392	0.0006046663
0	0.8012795940	0.1987204060	0.0000000000
0	0.0567255281	0.8993770119	0.0438974600
0	0.8347937730	0.1652029143	0.0000033127
0	0.0305102291	0.9316786569	0.0378111140
1	1.0000000000	0.0000000000	0.0000000000
0	0.0223726092	0.0000003755	0.9776270153
1	0.9138653542	0.0860719562	0.0000626897
0	0.8772762073	0.1227237759	0.0000000168
0	0.0433231353	0.9474654414	0.0092114233
0	0.0362074522	0.9545449455	0.0092476023
1	0.0662097326	0.3247969673	0.6089933001
0	0.1385221319	0.4544208236	0.4070570445
1	0.8862850341	0.0428402659	0.0708747000
0	0.9849955830	0.0080738992	0.0069305178
0	0.0000000000	0.2699160025	0.7300839975
1	0.9514943668	0.0006151031	0.0478905301
0	0.7921369593	0.2000440517	0.0078189890
1	0.6399818452	0.1703267668	0.1896913881
1	0.2216182076	0.0000000000	0.7783817924
0	0.0000215416	0.0000595422	0.9999189162
0	0.0227180389	0.0344708027	0.9428111585
0	0.7557232115	0.2442758029	0.0000009856
0	0.9991902368	0.0007254274	0.0000843358
0	0.7237053892	0.2761619697	0.0001326411
0	0.8171538531	0.0302919087	0.1525542383
0	0.0028122539	0.9955316928	0.0016560533
1	0.0106954299	0.0000012762	0.9893032939
1	0.9033486568	0.0861825070	0.0104688362
1	0.7232242786	0.0076706273	0.2691050941
1	0.9590269685	0.0000001816	0.0409728499
1	0.8496195713	0.1241985309	0.0261818978
0	0.1279130618	0.0519873591	0.8200995791
1	0.0714230134	0.9266924718	0.0018845148
2	0.8938179247	0.1061651167	0.0000169586
0	0.0118219540	0.0000022104	0.9881758356
0	0.8482894005	0.0000010445	0.1517095549
0	0.6365286778	0.3634713146	0.0000000075
1	0.0004073219	0.9993249412	0.0002677369
