0	0.0063205044	0.6039553917	0.3897241039
0	0.0838241729	0.3982962526	0.5178795745
1	0.0476687072	0.4989602554	0.4533710374
2	0.0000038997	0.9779003440	0.0220957564
0	0.0063900469	0.9575587447	0.0360512084
0	0.0005224633	0.9986338281	0.0008437085
1	0.0767098199	0.8726335636	0.0506566164
0	0.0002583141	0.9996770869	0.0000645989
0	0.0498840631	0.1768802363	0.7732357007
1	0.4918447749	0.5080986989	0.0000565262
1	0.0000000000	0.6510062274	0.3489937726
1	0.5930005037	0.4069994962	0.0000000001
1	0.0000000000	0.9305557030	0.0694442970
1	0.7778292186	0.2209667807	0.0012040007
0	0.1034635798	0.4631845204	0.4333518997
0	0.0000000017	0.9999195123	0.0000804860
1	0.4455228434	0.1481228224	0.4063543342
1	0.0152953051	0.8651015266	0.1196031683
0	0.2257230215	0.1208357303	0.6534412481
0	0.4781117518	0.3702800561	0.1516081920
0	0.2921544321	0.7078175182	0.0000280497
0	0.3855281141	0.4767533140	0.1377185718
0	0.4229345227	0.5660009429	0.0110645344
0	0.0134749206	0.0237064725	0.9628186068
0	0.0203394710	0.9084796833	0.0711808457
0	0.1174606658	0.5150184759	0.3675208583
0	0.0000000000	0.8364499620	0.1635500380
0	0.0283022893	0.1262379861	0.8454597246
0	0.0000125181	0.9952678615	0.0047196204
1	0.1367621259	0.4280588070	0.4351790671
1	0.2846034520	0.0247228143	0.6906737337
0	0.0497030724	0.9498819404	0.0004149872
0	0.1044894304	0.8955105696	0.0000000000
0	0.3043124986	0.0360672689	0.6596202325
0	0.0001135180	0.9558386773	0.0440478047
0	0.6552586073	0.0506956658	0.2940457270
1	0.4775580485	0.5093062226	0.0131357290
1	0.0000000001	0.9903550277	0.0096449722
1	0.0000000000	0.0001503801	0.9998496199
1	0.0005039049	0.9994572335	0.0000388616
0	0.5135368403	0.0747306472	0.4117325125
0	0.4559252356	0.5063286378	0.0377461267
1	0.0048669498	0.9533184366	0.0418146136
0	0.1000247291	0.0913695194	0.8086057516
0	0.3174055669	0.6691704112	0.0134240219
0	0.8065334122	0.0797419242	0.1137246637
1	0.0382557094	0.6750112939	0.2867329966
1	0.4515251981	0.4395567411	0.1089180608
0	0.8985736118	0.0037187408	0.0977076473
0	0.7215651750	0.2748681111	0.0035667140
1	0.0012883490	0.9986744257	0.0000372254
1	0.0102130073	0.6280770262	0.3617099665
1	0.1121345117	0.6931638185	0.1947016698
1	0.0000033898	0.3444563485	0.6555402617
0	0.2735223960	0.0236176624	0.7028599416
0	0.0822154681	0.7336392759	0.1841452560
0	0.3726297181	0.5652241681	0.0621461138
1	0.0406900651	0.9593099349	0.0000000000
0	0.9668484815	0.0026487181	0.0305028004
0	0.2359940113	0.7579237201	0.0060822685
0	0.9736172589	0.0000005277	0.0263822134
0	0.0000000925	0.9999999075	0.0000000000
0	0.1007236047	0.0604954963	0.8387808991
0	0.0000029313	0.8786879417	0.1213091271
0	0.0027432602	0.8438705141	0.1533862257
1	0.0000000000	0.9114685212	0.0885314788
1	0.0023368825	0.9352419870	0.0624211305
0	0.3514572187	0.0512075444	0.5973352369
0	0.7606304572	0.2217795871	0.0175899557
1	0.0000000000	0.0086831852	0.9913168148
0	0.9834508671	0.0162161501	0.0003329828
0	0.1191974619	0.5172991498	0.3635033883
1	0.0392489101	0.8036945390	0.1570565509
0	0.0000000000	0.9910579891	0.0089420109
0	0.0371252709	0.4364322478	0.5264424813
0	0.9667514196	0.0069086480	0.0263399325
0	0.1823096261	0.8174711368	0.0002192371
0	0.0001201916	0.7198510339	0.2800287745
0	0.6077804401	0.3921164509	0.0001031090
0	0.3512910892	0.4967801673	0.1519287435
0	0.0000000211	0.8659811909	0.1340187880
0	0.7847655601	0.0883581352	0.1268763048
0	0.5856576500	0.3408980719	0.0734442781
1	0.6659771836	0.0415118856	0.2925109308
0	0.0000002838	0.9889252434	0.0110744728
1	0.0225091096	0.2970398188	0.6804510716
0	0.1880479382	0.4616598363	0.3502922256
0	0.6740363362	0.3259286609	0.0000350028
0	0.3288951828	0.0000000000	0.6711048172
0	0.1417651311	0.8582348688	0.0000000001
1	0.0003251554	0.0557378785	0.9439369661
1	0.0000000000	0.9998689905	0.0001310095
0	0.0494826422	0.0000000002	0.9505173576
0	0.4906857004	0.4192396277	0.0900746719
0	0.0368991974	0.1075046070	0.8555961956
0	0.7647420065	0.2206251541	0.0146328394
0	0.0000195013	0.7314712914	0.2685092073
0	0.1032619512	0.7152104991	0.1815275498
1	0.4023094585	0.5544196050	0.0432709365
1	0.0009447906	0.9990303076	0.0000249018
