0	0.1660710743	0.1495817417	0.6843471840
1	0.0000000000	0.6427053250	0.3572946750
0	0.0037047431	0.0365591032	0.9597361537
1	0.0960719439	0.0024281926	0.9014998635
0	0.3842701458	0.3746597670	0.2410700872
0	0.0006858172	0.0502664672	0.9490477156
0	0.2875877840	0.4002230107	0.3121892053
0	0.5525566890	0.4438245703	0.0036187407
0	0.2941348656	0.0041653769	0.7016997575
2	0.0000443839	0.0194508827	0.9805047334
0	0.0062420611	0.4039646194	0.5897933195
1	0.0182201094	0.0387706611	0.9430092295
1	0.0164085006	0.1101793201	0.8734121793
0	0.2756097444	0.0634249194	0.6609653362
1	0.0069595647	0.8743819614	0.1186584739
1	0.0202049807	0.0045755756	0.9752194437
0	0.0082124134	0.0035943908	0.9881931959
1	0.0000068001	0.0059271075	0.9940660924
1	0.0000000000	0.0000000000	1.0000000000
1	0.0000015447	0.5706769113	0.4293215440
1	0.1195489489	0.0294503452	0.8510007059
0	0.0173584914	0.3978063426	0.5848351660
1	0.0000000000	0.1248201922	0.8751798078
2	0.0000000018	0.0836491765	0.9163508217
2	0.0000000000	0.6824496089	0.3175503911
0	0.2917391828	0.6250347870	0.0832260302
0	0.3190890331	0.0000519381	0.6808590288
0	0.0218592121	0.0495108159	0.9286299719
1	0.0224692712	0.1811821006	0.7963486282
1	0.1968644146	0.2223102906	0.5808252949
0	0.5346194732	0.4613786008	0.0040019260
1	0.0005242559	0.0188020801	0.9806736640
0	0.7294105022	0.0549478435	0.2156416543
0	0.0000000001	0.0000000033	0.9999999966
0	0.9144825392	0.0632606320	0.0222568289
0	0.0009047914	0.0793399745	0.9197552342
1	0.0000000000	0.5453107684	0.4546892316
0	0.1560458425	0.0000048450	0.8439493124
0	0.0000926793	0.0787025070	0.9212048138
1	0.2313350879	0.5763804796	0.1922844324
0	0.4134195522	0.0065615917	0.5800188561
0	0.0000671023	0.0000037972	0.9999291004
0	0.0005568683	0.1111989343	0.8882441974
0	0.3753090358	0.5897116705	0.0349792937
0	0.0000141552	0.0491652339	0.9508206109
0	0.5144603473	0.0000310551	0.4855085976
0	0.1509627437	0.6475380375	0.2014992188
0	0.0805517407	0.9132980428	0.0061502165
0	0.6237978525	0.2067616241	0.1694405234
1	0.0286428795	0.9384675456	0.0328895748
0	0.0000000000	0.9994521391	0.0005478609
0	0.0228258000	0.4788509728	0.4983232272
0	0.0105875657	0.8781816549	0.1112307794
0	0.0723099854	0.0354073279	0.8922826867
0	0.7622706565	0.2236930859	0.0140362576
1	0.0000000000	0.5205175054	0.4794824946
0	0.2048652238	0.7838055254	0.0113292508
0	0.4728904937	0.0580490226	0.4690604836
0	0.7370958596	0.0003281254	0.2625760150
1	0.0698386206	0.8735694623	0.0565919171
2	0.0000000000	0.3501897790	0.6498102210
1	0.0264637161	0.2555562454	0.7179800385
0	0.1085134948	0.7554088652	0.1360776400
1	0.0000000000	0.5432519134	0.4567480866
0	0.7107909428	0.0896547733	0.1995542839
1	0.0000075261	0.8800509840	0.1199414899
1	0.3684597625	0.0473273109	0.5842129266
0	0.1708215574	0.8291784397	0.0000000029
0	0.1292247668	0.0380571061	0.8327181271
0	0.0017876915	0.0253322524	0.9728800561
0	0.0006484758	0.1169198638	0.8824316604
0	0.6583691326	0.2485614109	0.0930694566
0	0.0000006540	0.0287414849	0.9712578611
1	0.0000000000	0.0246917791	0.9753082209
0	0.2783509764	0.0030209574	0.7186280662
0	0.0621864051	0.8085861408	0.1292274540
1	0.0000000264	0.4599687360	0.5400312376
0	0.1889266067	0.3828588176	0.4282145757
0	0.0000000000	0.8873588370	0.1126411630
1	0.0000000000	0.0659593758	0.9340406242
0	0.0626598170	0.6091251576	0.3282150254
1	0.0384690958	0.0921676479	0.8693632563
0	0.0267977153	0.0274721463	0.9457301384
1	0.0000000000	0.2095059660	0.7904940340
1	0.3465452258	0.4919184000	0.1615363742
0	0.0027406394	0.0000000422	0.9972593184
0	0.0000069373	0.9999919321	0.0000011306
1	0.0000000000	0.1298970091	0.8701029909
2	0.0000000000	0.1054883505	0.8945116495
1	0.2552256300	0.0058921034	0.7388822666
0	0.1203981552	0.0022573457	0.8773444991
0	0.3238463970	0.2586751061	0.4174784969
0	0.0021260413	0.3163008526	0.6815731061
0	0.2117328459	0.7845249294	0.0037422247
0	0.0399834593	0.1464078564	0.8136086843
1	0.1586728213	0.0003372891	0.8409898896
0	0.0098335578	0.0121727171	0.9779937251
0	0.1433415876	0.4381528969	0.4185055155
0	0.2104640289	0.0039918428	0.7855441283
0	0.2203359041	0.0000607290	0.7796033669
