0	0.0029482091	0.0025750311	0.0007922417	0.9925509250	0.0011335931
0	0.0777388321	0.3882020802	0.2869596533	0.0562542155	0.1908452189
0	0.1153891785	0.5675305099	0.2198691192	0.0000827069	0.0971284855
1	0.0007075386	0.0175558363	0.0001061186	0.8189030603	0.1627274462
1	0.0007241867	0.2602113556	0.0712581437	0.6466663144	0.0211399996
1	0.0002913589	0.0286719123	0.0280927688	0.5510277098	0.3919162501
1	0.0187662112	0.9703114206	0.0000000000	0.0013702018	0.0095521664
0	0.3405126472	0.0368736374	0.0794458885	0.5066977173	0.0364701096
1	0.6549566037	0.0300446106	0.0000000000	0.0000000000	0.3149987857
2	0.2111538524	0.1673309041	0.0130941751	0.2823708088	0.3260502596
0	0.0480396492	0.4062830433	0.0000280356	0.5456492514	0.0000000205
1	0.1596008989	0.0000000000	0.0001889973	0.6850519713	0.1551581325
0	0.0000000000	0.4131602206	0.3166829181	0.1092537899	0.1609030714
1	0.0000000000	0.1490353285	0.4516414386	0.3380171700	0.0613060630
0	0.1107238999	0.0629900459	0.0004065492	0.5418703543	0.2840091507
1	0.6177505525	0.0206627717	0.0379408815	0.2969787332	0.0266670610
1	0.8550708977	0.0000018264	0.1427483537	0.0000000000	0.0021789221
1	0.0000000008	0.1442487531	0.1311999137	0.0485093725	0.6760419600
0	0.6482314331	0.0000000000	0.0000014837	0.0004186583	0.3513484249
0	0.0226719901	0.0415858496	0.0047043406	0.0187393767	0.9122984429
1	0.0011015534	0.0062650824	0.7619503268	0.0172653755	0.2134176619
0	0.2264185742	0.1305684985	0.5848314620	0.0581814652	0.0000000000
0	0.7123151644	0.0000000000	0.0048060454	0.0969562062	0.1859225840
0	0.4081678945	0.0100070285	0.2609670490	0.2722096398	0.0486483882
1	0.4963129076	0.0050775450	0.0000000334	0.2120037039	0.2866058102
0	0.0000002052	0.0183568594	0.0011184979	0.9718194361	0.0087050016
2	0.0000000000	0.0000002129	0.4321140221	0.0004099701	0.5674757950
0	0.0000806870	0.0000000078	0.3123772888	0.6745168218	0.0130251947
1	0.6987177318	0.0153494333	0.0413807417	0.0000010609	0.2445510323
1	0.1383203065	0.0002079499	0.0351007426	0.5522175863	0.2741534147
0	0.1756513198	0.1187606350	0.0000000006	0.0549329659	0.6506550787
1	0.2003078361	0.0059064404	0.0178286520	0.7759559984	0.0000010732
0	0.0010557513	0.1181543570	0.0894416992	0.7828004708	0.0085477217
1	0.0039808864	0.0000533488	0.8433479593	0.0881179565	0.0644998490
1	0.0022841700	0.2505806932	0.3340931157	0.0016713415	0.4113706797
0	0.1048430296	0.0022158164	0.0000317278	0.8485792598	0.0443301665
0	0.9114561228	0.0005991653	0.0001089362	0.0000377844	0.0877979913
0	0.2883623887	0.3305122738	0.0928353892	0.2189821563	0.0693077920
0	0.2540884681	0.0000002004	0.0103292500	0.2829235689	0.4526585126
1	0.0000000000	0.0610404283	0.0003534512	0.6256192041	0.3129869164
0	0.0023800811	0.0158357233	0.0348941177	0.4555700150	0.4913200630
1	0.0783629218	0.0154975731	0.3952071408	0.1299052823	0.3810270821
0	0.0002983575	0.0643867382	0.0989926466	0.8310886100	0.0052336476
1	0.0012144329	0.0000003921	0.0136997021	0.9727971888	0.0122882840
0	0.0504754939	0.0052667106	0.0858987845	0.8214174246	0.0369415865
0	0.7523931060	0.1532933298	0.0050304318	0.0882312082	0.0010519242
0	0.0000388499	0.3524129769	0.0170852240	0.1250605611	0.5054023881
1	0.0463231918	0.0457649453	0.0001315622	0.8093090837	0.0984712170
0	0.6971728189	0.0932231420	0.0000000816	0.0931784819	0.1164254756
0	0.4479403176	0.0333520970	0.0047668716	0.5139304230	0.0000102908
0	0.0010132750	0.0166594921	0.0010250023	0.5208181739	0.4604840567
1	0.8495137242	0.0000000147	0.0978562566	0.0095420550	0.0430879495
1	0.3581406145	0.0000034919	0.4110430023	0.1713865156	0.0594263757
0	0.1019359684	0.2303292091	0.0000155630	0.5760054601	0.0917137994
0	0.1323595211	0.3301952704	0.1885601236	0.0207099650	0.3281751199
2	0.0396630311	0.3390437759	0.0139840867	0.2908587745	0.3164503319
0	0.1545589269	0.1790324104	0.0000000000	0.3751714242	0.2912372384
0	0.4703575286	0.1440063476	0.0895885775	0.2814735466	0.0145739997
0	0.0034925560	0.0347556988	0.1941657229	0.7482966488	0.0192893735
0	0.0065557448	0.0021618267	0.0068559572	0.4882928066	0.4961336647
1	0.0002058266	0.0029394667	0.4179958722	0.4166857680	0.1621730666
0	0.0000567521	0.1760109321	0.7417901843	0.0821421315	0.0000000000
1	0.1194363101	0.2378986736	0.0207537358	0.5973040508	0.0246072297
0	0.2654916798	0.0014077883	0.0934192001	0.3770933788	0.2625879530
2	0.6581835653	0.0831577475	0.0000519546	0.1215682481	0.1370384846
1	0.0061186267	0.0396470602	0.0974629009	0.0000809240	0.8566904883
0	0.7253959298	0.0003136259	0.0000323019	0.1794431765	0.0948149659
0	0.0230010107	0.0000301500	0.4005163144	0.4457318103	0.1307207146
1	0.0001522301	0.3316640838	0.0000005204	0.0000086065	0.6681745592
0	0.6015078106	0.0000102281	0.0353119536	0.2488369499	0.1143330579
0	0.0092802819	0.4690722573	0.0494192231	0.0000000000	0.4722282376
1	0.6858549247	0.1363509385	0.0887704041	0.0890206181	0.0000031147
1	0.0526107331	0.0569870577	0.0656275333	0.0113266421	0.8134480337
1	0.8250586791	0.0587760478	0.0025374099	0.0371605041	0.0764673590
0	0.4609968232	0.0000017287	0.0882026460	0.4495715339	0.0012272681
1	0.2373652735	0.6001971171	0.0062914800	0.0457104833	0.1104356462
0	0.0164483461	0.0001819377	0.8320914973	0.0049416907	0.1463365283
0	0.1489719432	0.0746240642	0.0002739675	0.7425461709	0.0335838542
0	0.1452947267	0.0000104618	0.0003921567	0.0781848106	0.7761178441
0	0.5524749722	0.0973529198	0.0000877437	0.3212619713	0.0288223931
0	0.1638773461	0.0143250533	0.0239399802	0.5839241577	0.2139334627
1	0.2931229014	0.1661293621	0.0866703972	0.0009486827	0.4531286567
1	0.3765652557	0.0004140033	0.6188628370	0.0028467368	0.0013111673
0	0.0794335852	0.7527858144	0.0000000000	0.0677149249	0.1000656755
0	0.8500068932	0.1309181741	0.0000000000	0.0000000006	0.0190749321
0	0.1041024088	0.0029497121	0.4705483523	0.0391578313	0.3832416954
1	0.1028015375	0.0508787115	0.3829685784	0.0520150534	0.4113361193
0	0.0223722123	0.0000000016	0.4013094516	0.5557623063	0.0205560283
0	0.8389032861	0.0010345352	0.0052148199	0.1050208539	0.0498265048
0	0.7161269006	0.0544370898	0.0000061765	0.0983788272	0.1310510059
0	0.0125115796	0.0000016956	0.0118507085	0.4823634658	0.4932725505
0	0.0034899326	0.0824234820	0.0005411046	0.5340135084	0.3795319723
1	0.1518662354	0.0017555611	0.4731331241	0.0899929330	0.2832521463
0	0.3172537594	0.6685384690	0.0072358153	0.0069613386	0.0000106178
1	0.0000000090	0.0000000001	0.0061603273	0.1523271180	0.8415125457
0	0.0836028304	0.2414304949	0.0577942953	0.2595293948	0.3576429846
0	0.1450754722	0.4700039245	0.1540546552	0.1559132443	0.0749527038
2	0.0856016982	0.5132280597	0.0257269363	0.3754433056	0.0000000001
1	0.0000822325	0.0084888943	0.0001935469	0.9892235008	0.0020118254
1	0.0518790444	0.7722552189	0.0015697038	0.1742960329	0.0000000000
