1	0.2396689571	0.0006471441	0.0236201487	0.7353540717	0.0007096783
1	0.0686198740	0.0000280103	0.6724281370	0.1834211582	0.0755028205
0	0.0000821424	0.0405646303	0.1362009887	0.7100458463	0.1131063923
1	0.0273397394	0.0212986952	0.0315220955	0.2759430673	0.6438964026
0	0.2067868234	0.5702295406	0.1445524226	0.0691293745	0.0093018389
0	0.0002838598	0.6459972052	0.0000809326	0.2865894873	0.0670485150
1	0.0337742210	0.0058271056	0.0000050984	0.9585249912	0.0018685837
0	0.6268890803	0.0000529607	0.0302451565	0.2692961402	0.0735166624
0	0.0091993081	0.0218139555	0.3771759061	0.5900586910	0.0017521393
1	0.0130683601	0.3355169192	0.1431004410	0.5082537179	0.0000605618
1	0.0006786911	0.0408311261	0.0105789304	0.3230546389	0.6248566135
0	0.2677114423	0.0000946146	0.0271539406	0.6886498145	0.0163901880
0	0.0000000000	0.0153949836	0.3004457020	0.2854275839	0.3987317305
0	0.3467307962	0.1178083881	0.0001324826	0.5353283330	0.0000000001
0	0.0128782770	0.1570281194	0.5935105506	0.0417830356	0.1948000175
1	0.4496132314	0.1074441197	0.1476911222	0.2711589672	0.0240925595
0	0.8774584076	0.0081541783	0.1143874141	0.0000000000	0.0000000000
0	0.0007494067	0.0241474683	0.2889698152	0.2886716165	0.3974616932
0	0.1104881068	0.1578765601	0.3770736938	0.3543703184	0.0001913209
1	0.5860404253	0.0597991786	0.0253231022	0.0021511828	0.3266861111
2	0.1293143536	0.0082788951	0.3814992977	0.4086777759	0.0722296777
1	0.0000000002	0.0041151206	0.2957891114	0.6918359008	0.0082598669
0	0.0551663126	0.3944636333	0.1769255781	0.0591686561	0.3142758199
1	0.0879296841	0.1396278758	0.2365781728	0.4742120591	0.0616522082
1	0.0000000000	0.6874537642	0.2488513303	0.0634923744	0.0002025311
0	0.7568826743	0.0000000028	0.1281881445	0.0075146247	0.1074145536
1	0.0045016574	0.6078700068	0.1480062477	0.1680755615	0.0715465266
1	0.0817500857	0.0009071058	0.1819620433	0.6934633205	0.0419174447
2	0.3300913089	0.1524603994	0.0295798244	0.4357797563	0.0520887109
0	0.0000211695	0.9748638798	0.0000000001	0.0001432818	0.0249716688
0	0.0181385956	0.0033545502	0.0000077979	0.9784990563	0.0000000000
0	0.2357540634	0.2400605222	0.1764841726	0.3474051032	0.0002961387
1	0.1856260044	0.0000000000	0.0001286572	0.4484172283	0.3658281102
0	0.6674396712	0.0607312208	0.0000059744	0.0045055813	0.2673175523
1	0.0106405113	0.5671121166	0.0067783129	0.4154689535	0.0000001056
1	0.1940726971	0.0182806427	0.0140773688	0.7449848108	0.0285844806
1	0.0000005964	0.0033310674	0.1601865715	0.8168535916	0.0196281732
1	0.0030819502	0.0000000000	0.0000000000	0.4810327114	0.5158853384
1	0.0098447167	0.5557496794	0.0128893369	0.0013993944	0.4201168726
0	0.1665558728	0.0272494116	0.0667749288	0.0322722951	0.7071474917
0	0.2459987812	0.1233357921	0.0024624608	0.6282029659	0.0000000000
1	0.0006844935	0.0192428596	0.0000005542	0.9150998138	0.0649722789
0	0.0000151586	0.0022908921	0.0000920779	0.7261761836	0.2714256879
0	0.0479647313	0.0008643237	0.0002422169	0.5913969495	0.3595317786
0	0.0161988540	0.0017243479	0.0000299265	0.1018152157	0.8802316559
0	0.1445675837	0.0029722686	0.0008473215	0.8439315797	0.0076812464
1	0.0860498673	0.0036625268	0.0627991777	0.8187315936	0.0287568346
0	0.0098205082	0.1334954214	0.2224015044	0.1071974821	0.5270850839
0	0.0133443294	0.0767621518	0.5358245100	0.3304699910	0.0435990178
0	0.8263808142	0.0590441280	0.0000009461	0.0134149357	0.1011591761
0	0.0331873065	0.0000000000	0.0371981556	0.8868471906	0.0427673473
1	0.0000632306	0.0000000000	0.2185911069	0.5307550830	0.2505905794
0	0.4801548708	0.0000000117	0.0342754522	0.1111511172	0.3744185481
0	0.2110488628	0.0043705654	0.0000000194	0.7704107445	0.0141698079
0	0.0174816599	0.0343887485	0.0113069714	0.4694545102	0.4673681100
0	0.0048807060	0.0000000000	0.2308775535	0.7633428109	0.0008989297
0	0.0000000000	0.1918590322	0.0068456005	0.1167048598	0.6845905075
0	0.0153779749	0.0000000162	0.0000000024	0.8619455467	0.1226764597
1	0.7676935140	0.0456832829	0.0016860422	0.1849371609	0.0000000000
2	0.0000000011	0.1198691300	0.0000000101	0.1767337331	0.7033971257
0	0.1820997601	0.0000000000	0.5319896632	0.2859105767	0.0000000000
0	0.0048907990	0.0357235902	0.1403874542	0.8142395329	0.0047586237
1	0.0608793805	0.0000000001	0.0036471160	0.6208157698	0.3146577336
0	0.5583829605	0.1049705682	0.0201653426	0.0301560544	0.2863250743
0	0.3912249766	0.0159287220	0.1563296884	0.4221792163	0.0143373967
1	0.2122793120	0.0000001091	0.0000004051	0.2344894332	0.5532307406
1	0.0000370233	0.0000000000	0.7940270777	0.1259050753	0.0800308237
1	0.0000000340	0.0006148693	0.0000000194	0.7573083376	0.2420767398
0	0.0027547747	0.0823838250	0.1245712822	0.6833176939	0.1069724242
0	0.0000314983	0.2499860260	0.0000021674	0.4990006265	0.2509796817
0	0.0000030951	0.0000000000	0.4758687420	0.5241041044	0.0000240586
0	0.0203662604	0.0000000000	0.0217474340	0.0372917381	0.9205945675
0	0.4747103295	0.0116909627	0.0062792075	0.0180039853	0.4893155150
1	0.4466456645	0.0000000000	0.2329073651	0.0249723006	0.2954746698
1	0.0146584023	0.0000000000	0.0001336872	0.9600382011	0.0251697094
0	0.3409974112	0.0012122866	0.0000000991	0.6133189923	0.0444712108
1	0.3977768897	0.0208765416	0.1938700997	0.3874042243	0.0000722447
1	0.0045804859	0.0000046513	0.8757249116	0.0107793312	0.1089106201
0	0.8999753012	0.0237010348	0.0381854667	0.0000117899	0.0381264073
0	0.0002909881	0.0124932794	0.0043254974	0.9828897736	0.0000004615
0	0.0000302580	0.0256143244	0.0034208617	0.9332449855	0.0376895704
1	0.5424044543	0.0035569363	0.0343354646	0.4197009899	0.0000021550
0	0.6036554557	0.1222028361	0.0154412873	0.1841266294	0.0745737915
0	0.9043311944	0.0471383362	0.0002718431	0.0436084178	0.0046502084
1	0.4447826245	0.0000000000	0.0932761032	0.4168643772	0.0450768950
0	0.0293524392	0.0000000000	0.0000353211	0.9259910574	0.0446211823
0	0.0013999040	0.1606125425	0.1536952300	0.5333898654	0.1509024580
0	0.0371726478	0.1209593643	0.8253716788	0.0000000567	0.0164962524
0	0.0002645164	0.1499847130	0.0297080936	0.2239379406	0.5961047365
0	0.1270642013	0.3088615986	0.0062309416	0.2568781375	0.3009651210
0	0.2806372955	0.0001536482	0.1542602404	0.4976812207	0.0672675953
0	0.9785010084	0.0000000000	0.0001146799	0.0024649082	0.0189194034
0	0.0023616850	0.0000790518	0.1878668792	0.8096429192	0.0000494649
0	0.2558630511	0.0001268870	0.0837885622	0.0429271816	0.6172943181
0	0.1880976023	0.0000000000	0.1402129986	0.6555739818	0.0161154173
0	0.4030259539	0.4599107608	0.1289671727	0.0020717554	0.0060243572
0	0.2221787232	0.3434500674	0.0648457924	0.3374471926	0.0320782244
1	0.0000000000	0.0981362211	0.0000000769	0.5796869886	0.3221767134
0	0.0270319405	0.0000342574	0.0194071158	0.0217413843	0.9317853020
0	0.1324517673	0.0882589890	0.6470272783	0.0000000000	0.1322619653
