0	0.0196824733	0.1996071301	0.7444213394	0.0271780680	0.0091109892
0	0.1676864087	0.0413289472	0.0208922601	0.7256937725	0.0443986115
1	0.0000000001	0.4457255141	0.2124273464	0.3384735815	0.0033735580
0	0.0249450822	0.3128536772	0.5887586665	0.0272220377	0.0462205364
1	0.0143105514	0.1195269167	0.7265381585	0.1342527898	0.0053715837
1	0.0000963323	0.9545845494	0.0210816678	0.0226106646	0.0016267859
0	0.1554200507	0.1120737088	0.0343475900	0.1642150772	0.5339435733
0	0.0378192097	0.0655111418	0.2802119718	0.0115232299	0.6049344468
0	0.1592567789	0.0477545786	0.7929844762	0.0000016192	0.0000025470
1	0.0000000000	0.0837641100	0.9106571713	0.0020036907	0.0035750280
0	0.0004551637	0.0376929357	0.1155339569	0.7754435765	0.0708743671
0	0.0576301756	0.7136289133	0.0000684829	0.0289910761	0.1996813520
0	0.0024844910	0.0343152638	0.0701855280	0.8702089178	0.0228057994
1	0.4947489843	0.0223894190	0.3914629573	0.0813253071	0.0100733323
0	0.0093153405	0.0105148907	0.2778264601	0.4772238211	0.2251194876
0	0.0020171228	0.4020929691	0.4028881414	0.1928743158	0.0001274510
0	0.0000000000	0.0088633485	0.0003689904	0.9907676316	0.0000000295
0	0.4588169875	0.2797332299	0.0222501886	0.1559616921	0.0832379020
1	0.0130432156	0.2310060005	0.1789088483	0.4437561640	0.1332857716
2	0.0212205122	0.3121363133	0.2109484931	0.4539783844	0.0017162970
0	0.1686333872	0.1281554341	0.1819894641	0.4953988530	0.0258228615
0	0.0696601224	0.1220360487	0.7581987199	0.0164398161	0.0336652929
0	0.0000650487	0.5307378735	0.3438004704	0.1253962386	0.0000003688
1	0.0001271363	0.3848190672	0.4020679356	0.0520072630	0.1609785980
0	0.0000013729	0.0061343800	0.0747316850	0.9186208719	0.0005116901
0	0.0672844249	0.2839571441	0.2592905909	0.2573375955	0.1321302446
0	0.3050091923	0.3523772640	0.0002206911	0.3423928423	0.0000000103
1	0.0059017079	0.5575085234	0.0588520340	0.3060110875	0.0717266471
0	0.0000654690	0.4295560902	0.4000582382	0.1597095521	0.0106106504
2	0.0814591526	0.8533947111	0.0000223746	0.0648338989	0.0002898629
1	0.0000015127	0.1110696760	0.8706195735	0.0168562491	0.0014529887
0	0.0009581094	0.2377223672	0.7200572944	0.0351636600	0.0060985689
1	0.2424092009	0.1128113295	0.0794028047	0.0001426170	0.5652340479
0	0.0000000000	0.5524086371	0.0688384678	0.2529169995	0.1258358956
1	0.0273974592	0.0843262067	0.2386112846	0.6278633007	0.0218017488
0	0.3439435921	0.5472050092	0.0508015846	0.0069940769	0.0510557373
1	0.0008491934	0.5089963322	0.0030498145	0.4870973738	0.0000072860
0	0.0261456369	0.0633168570	0.0000000000	0.8469125653	0.0636249407
0	0.0032043866	0.0188748707	0.8164594841	0.1614612586	0.0000000001
2	0.0007005535	0.1660060269	0.5262495177	0.3063481785	0.0006957233
0	0.3676733321	0.2114580753	0.2330662502	0.0008011542	0.1870011883
0	0.0002032711	0.6526199863	0.1314285337	0.0852158945	0.1305323144
0	0.0000504197	0.9893900006	0.0103642265	0.0000000120	0.0001953412
0	0.0000000006	0.4533762492	0.3031553136	0.2123452185	0.0311232181
1	0.1496048636	0.0108085753	0.8091420476	0.0005606004	0.0298839131
0	0.0009877421	0.0131571013	0.8442796685	0.1248243221	0.0167511660
0	0.0079769103	0.6806352691	0.1891070700	0.1061589908	0.0161217597
0	0.0212173733	0.0192539088	0.6815722615	0.2200091474	0.0579473090
0	0.0575140423	0.5405258974	0.1826720403	0.1039186471	0.1153693729
0	0.2693690113	0.0039055310	0.7059005887	0.0208248691	0.0000000000
0	0.0896068430	0.0892568721	0.2447731810	0.5143749066	0.0619881973
1	0.1769383790	0.2785671023	0.0228448664	0.0454549803	0.4761946720
0	0.0806214243	0.4386023709	0.2148083389	0.2485084882	0.0174593776
0	0.0049181836	0.4992676648	0.3396893156	0.0021199741	0.1540048619
0	0.0000000000	0.0546203295	0.1064986467	0.7552574112	0.0836236126
0	0.0004123843	0.5926059592	0.0000352823	0.3527747380	0.0541716363
1	0.0634933761	0.1317494984	0.3972081304	0.3696126368	0.0379363583
0	0.0371933921	0.0255612060	0.0073868877	0.5537130600	0.3761454542
0	0.0000087423	0.1446473842	0.7766154488	0.0002850277	0.0784433969
0	0.0000000121	0.0152230746	0.8347566480	0.1500200031	0.0000002622
1	0.0155571833	0.0691035146	0.0000552109	0.9152840912	0.0000000000
0	0.0012504286	0.4596650920	0.0519258040	0.4522225040	0.0349361714
1	0.5656938185	0.0005434135	0.0666664563	0.0096633296	0.3574329822
1	0.0005862548	0.2482460316	0.4164392155	0.3347284981	0.0000000000
1	0.0092087030	0.1454227140	0.0167320096	0.8052012058	0.0234353676
1	0.3567142072	0.1440242746	0.0364970487	0.4627385497	0.0000259199
1	0.0017558370	0.8627198297	0.1143042704	0.0208336086	0.0003864544
1	0.0681835218	0.1716566349	0.2435050707	0.2276775680	0.2889772046
0	0.0987900606	0.1308392781	0.0469653610	0.6244055628	0.0989997375
0	0.0208006533	0.5213826796	0.2252506691	0.1653303311	0.0672356669
1	0.0015916260	0.0878782052	0.8641965174	0.0463324718	0.0000011795
0	0.2965461588	0.0540349986	0.4690003465	0.0577147079	0.1227037882
0	0.6027155439	0.1024540537	0.1192913459	0.1454217998	0.0301172568
0	0.2354650227	0.4894427010	0.0231200313	0.2519722449	0.0000000000
1	0.0191744178	0.2633377581	0.1549312333	0.5341754532	0.0283811376
0	0.0000000000	0.0816758415	0.3881268100	0.5208177626	0.0093795859
1	0.8183699837	0.0017697706	0.0514788980	0.1283813477	0.0000000000
0	0.0295358625	0.0475499284	0.8868572111	0.0293911957	0.0066658022
2	0.1257337668	0.3277374888	0.4448301068	0.0619016597	0.0397969779
1	0.5476645283	0.0243376464	0.0227086428	0.3157277938	0.0895613887
0	0.1118936012	0.1393820538	0.0067823132	0.7419374282	0.0000046037
0	0.0663964308	0.0000095282	0.9148646748	0.0000001769	0.0187291893
1	0.3054929486	0.2752240214	0.4192092948	0.0000720200	0.0000017152
0	0.2855769063	0.0704967508	0.1878906346	0.0001007473	0.4559349609
0	0.4343451336	0.0700477487	0.0782749920	0.3251950357	0.0921370899
0	0.0907150459	0.6709376811	0.0517495360	0.1141842672	0.0724134699
0	0.6303562330	0.0168669386	0.0785828753	0.2741371199	0.0000568331
1	0.5434858102	0.0345588993	0.0016190401	0.1791316116	0.2412046388
1	0.0012442823	0.0001233794	0.9919491534	0.0066827744	0.0000004105
0	0.0072714989	0.0286699525	0.2198053628	0.6808081631	0.0634450227
2	0.1380290617	0.2319592065	0.1605890177	0.4673030310	0.0021196831
0	0.0526236973	0.0387403732	0.8230387887	0.0625394797	0.0230576611
1	0.0000000320	0.0201581731	0.3534654536	0.5796888211	0.0466875201
1	0.0044103149	0.2761243788	0.6279229997	0.0577179818	0.0338243248
1	0.0054764666	0.0000000000	0.9445907534	0.0499224617	0.0000103183
0	0.1006758430	0.0514445213	0.7195064977	0.1277584752	0.0006146628
0	0.2317053215	0.0662124044	0.2817147580	0.4109187157	0.0094488004
1	0.0012456749	0.1712770625	0.6139430771	0.0643532248	0.1491809606
1	0.1951104730	0.0000476081	0.3252172815	0.1771340007	0.3024906368
0	0.1607749914	0.0000113276	0.8138534305	0.0152972095	0.0100630410
