0	0.1997599094	0.0081088685	0.7921279775	0.0000032447	0.0000000000
0	0.0611890757	0.0971785139	0.4418645376	0.3275520546	0.0722158182
0	0.0040381591	0.0313607433	0.7409133099	0.0510309559	0.1726568318
0	0.2110109838	0.3917349558	0.2327323770	0.1591977915	0.0053238918
0	0.2247891661	0.0716696213	0.6618941543	0.0000013725	0.0416456858
0	0.3642322340	0.0000776738	0.6356897730	0.0000003192	0.0000000000
0	0.0000000000	0.1133004524	0.7830600811	0.0785688663	0.0250706002
1	0.3288818148	0.2669836183	0.3190743808	0.0013626060	0.0836975800
0	0.7423209083	0.0731483125	0.0029738743	0.1812188563	0.0003380486
1	0.0206380081	0.0003971549	0.0540311149	0.9134127778	0.0115209443
1	0.0000087843	0.0255257985	0.0000000000	0.9639912031	0.0104742142
0	0.2346014132	0.0019765700	0.0846467352	0.4278664731	0.2509088086
1	0.0068457102	0.3582642280	0.2059177817	0.0539086089	0.3750636712
0	0.3163333985	0.3329198846	0.1500239454	0.1194915469	0.0812312247
0	0.0000233298	0.0000921610	0.0167180323	0.9830366845	0.0001297924
1	0.3370995620	0.2676151486	0.2537946873	0.0240416732	0.1174489289
0	0.6475985253	0.0382483285	0.1427398951	0.1642018816	0.0072113695
1	0.3495190326	0.1313895022	0.2593531587	0.2527277959	0.0070105106
0	0.0103075513	0.1545928644	0.0772657157	0.1081447635	0.6496891051
0	0.1444515313	0.0000020324	0.1728782248	0.2667492648	0.4159189467
1	0.0000000684	0.6239884494	0.3307398055	0.0000000004	0.0452716763
0	0.0041260687	0.0000000041	0.0000005373	0.2075325990	0.7883407909
0	0.6722626995	0.0356552796	0.0281176783	0.2635212624	0.0004430802
0	0.0227595679	0.1477511960	0.3383547193	0.4445065877	0.0466279292
0	0.0229417514	0.1739022067	0.3346006912	0.2564982571	0.2120570936
1	0.0000000554	0.0309885154	0.0031430524	0.0023911474	0.9634772295
0	0.1888240170	0.0000164479	0.0424741429	0.6481730702	0.1205123220
0	0.0171764233	0.2716664978	0.3673375714	0.3236307665	0.0201887410
0	0.0048662569	0.0000000112	0.3791598482	0.0000000184	0.6159738653
1	0.0017689681	0.0042730823	0.0000000000	0.7721692313	0.2217887183
0	0.3226466188	0.1064509962	0.1238677595	0.3315562917	0.1154783339
0	0.5342292857	0.0081156915	0.1367719579	0.0356072359	0.2852758290
0	0.8825702455	0.0256334235	0.0183589227	0.0734363727	0.0000010357
1	0.2601255408	0.0314350370	0.2921570123	0.1429527392	0.2733296707
0	0.3342108261	0.0000035963	0.5052032440	0.1571883586	0.0033939750
0	0.0230492725	0.0000000000	0.2053235598	0.7709953598	0.0006318080
1	0.0872599533	0.0000000002	0.0355825612	0.6231123128	0.2540451725
0	0.0003265561	0.2164306281	0.5421920766	0.0516290314	0.1894217078
0	0.1384137747	0.0442791231	0.0355945647	0.5638360790	0.2178764585
0	0.7944469067	0.0712400556	0.0359395526	0.0489255692	0.0494479159
0	0.2022614568	0.0116692619	0.0340266330	0.0003818205	0.7516608278
0	0.1188536940	0.0076089598	0.0434147339	0.1103258584	0.7197967539
0	0.0785410896	0.0000006839	0.0038867582	0.8913907629	0.0261807054
1	0.0153017843	0.8945549779	0.0827429960	0.0062122419	0.0011879999
0	0.0000000000	0.5500148988	0.1519378248	0.2980264403	0.0000208361
0	0.7230955017	0.0000912359	0.0160686956	0.2607438496	0.0000007172
0	0.0300091754	0.0082568414	0.0822803999	0.7585942883	0.1208592949
0	0.0003829509	0.1658071706	0.0118771409	0.7856969875	0.0362357502
0	0.0000084023	0.3399310326	0.2579125854	0.1237430366	0.2784049430
0	0.0532868086	0.0103816188	0.0005652756	0.6995419247	0.2362243723
0	0.0013888236	0.0792925953	0.0001114483	0.9191576747	0.0000494582
0	0.3600223025	0.0891100090	0.1769530715	0.0057671746	0.3681474424
1	0.0485541028	0.9353480230	0.0000000030	0.0134069537	0.0026909174
1	0.0000000086	0.0000000974	0.0023625154	0.1313241130	0.8663132657
0	0.0689741396	0.0000001490	0.0000000000	0.7525891217	0.1784365896
1	0.0020327795	0.0004803233	0.3083658239	0.4750834989	0.2140375744
2	0.0000002042	0.0097181175	0.3218322802	0.6653481069	0.0031012913
1	0.0029040222	0.3990055266	0.2209060436	0.3279045127	0.0492798950
1	0.0219358328	0.0131191279	0.0251890650	0.8796879175	0.0600680567
0	0.0266906567	0.4446716362	0.0000000947	0.5271589608	0.0014786515
0	0.0062249268	0.0104044283	0.1721683546	0.6928109431	0.1183913471
1	0.6722511713	0.0367868041	0.0014000179	0.0129338371	0.2766281696
0	0.2180302991	0.0207310908	0.0000003789	0.0109419019	0.7502963293
1	0.0046777832	0.0219156440	0.2519247176	0.7169821428	0.0044997123
1	0.0044972651	0.9556539754	0.0025190526	0.0373290199	0.0000006871
1	0.1470208508	0.0599444170	0.0000000000	0.4727119028	0.3203228294
0	0.1197945632	0.0000016941	0.0000000051	0.4175640042	0.4626397333
0	0.3304498090	0.3390087317	0.0890960809	0.2038292252	0.0376161532
1	0.2098365442	0.0000026414	0.0014429159	0.1587816750	0.6299362236
0	0.0002706860	0.3014159006	0.0000000221	0.6983129882	0.0000004030
0	0.0095674092	0.0741794541	0.0000000000	0.5102838501	0.4059692866
0	0.0003156287	0.1213024965	0.0191049417	0.8398737682	0.0194031650
0	0.1618169666	0.0538183368	0.0587725788	0.6503887946	0.0752033233
0	0.0000000247	0.1375347920	0.0219355860	0.8011697510	0.0393598463
0	0.1693881489	0.0791509062	0.0000193424	0.2630960192	0.4883455833
0	0.0052421537	0.0000000000	0.0004129646	0.9887146540	0.0056302277
0	0.0060719850	0.0059003108	0.0679458410	0.0550766302	0.8650052331
0	0.0000005995	0.0029620951	0.3395184533	0.6053619797	0.0521568724
0	0.0021943635	0.0027184625	0.1117636205	0.0000002219	0.8833233317
0	0.0049954121	0.0011703991	0.0000048648	0.9092410951	0.0845882289
1	0.2118980449	0.6302555917	0.0016163540	0.0559414483	0.1002885611
1	0.3369204080	0.1048242343	0.0124964202	0.5446773786	0.0010815589
0	0.0052523215	0.0032435378	0.7197816588	0.1287771208	0.1429453611
0	0.0030749669	0.1262995330	0.0737812273	0.7968439504	0.0000003223
0	0.0589028912	0.0030367978	0.0185541097	0.7549214263	0.1645847749
0	0.0000659996	0.0000000006	0.0061019786	0.9708482411	0.0229837801
1	0.0380731707	0.0000003708	0.0220219634	0.0000001546	0.9399043405
0	0.0346163953	0.0000236986	0.0195971067	0.6640395642	0.2817232352
1	0.1292116984	0.0000000000	0.8279455269	0.0250469101	0.0177958646
0	0.0456804244	0.2009755543	0.0000145951	0.5786440502	0.1746853760
1	0.7379571231	0.1727675408	0.0063056533	0.0369663124	0.0460033704
0	0.2224111532	0.0000007702	0.7601414764	0.0173212248	0.0001253754
0	0.6102524082	0.0000000049	0.0001312754	0.3896162710	0.0000000406
0	0.0221818222	0.2429490003	0.1322274251	0.5369183216	0.0657234307
0	0.1940099005	0.0000017551	0.0608943889	0.7305544993	0.0145394562
0	0.0000000000	0.0102376988	0.2269198529	0.1783094882	0.5845329600
0	0.7322474862	0.0006224593	0.0963270862	0.1629189747	0.0078839935
0	0.0000000000	0.0585907458	0.7993798241	0.1114777064	0.0305517237
0	0.2464347866	0.0002772197	0.1134054302	0.3926414845	0.2472410790
0	0.1322092756	0.0332290476	0.3203846565	0.0071966644	0.5069803559
