1	0.0674569231	0.4932286449	0.2555700469	0.1837443852	0.0000000000
0	0.1100179571	0.1532853625	0.0972207987	0.6350502100	0.0044256718
0	0.0899716553	0.2578024736	0.2127897829	0.2310377450	0.2083983433
0	0.0000000494	0.0152880735	0.9244757818	0.0104879736	0.0497481218
0	0.4293536308	0.3855542424	0.0383534473	0.0551268622	0.0916118172
0	0.0527910435	0.2529573601	0.0476578376	0.6163900635	0.0302036952
0	0.0528402839	0.6738505067	0.0449211058	0.2267547225	0.0016333812
0	0.7706309875	0.0546873681	0.1460394087	0.0187318103	0.0099104254
1	0.0042158731	0.0570062151	0.2918553600	0.2055341945	0.4413883573
1	0.1247379098	0.0550934426	0.0148945781	0.7331816913	0.0720923781
0	0.0095094785	0.0944627631	0.5983834263	0.2411516877	0.0564926444
0	0.0298126602	0.0600369990	0.5178829031	0.1672891632	0.2249782745
1	0.0665624836	0.0174013141	0.2318562591	0.6841591676	0.0000207757
2	0.1162190215	0.0217402041	0.2422237898	0.5607899575	0.0590270272
0	0.0311851989	0.0799434454	0.0560285464	0.5674655129	0.2653772964
2	0.2005768618	0.0051979941	0.0507761026	0.7431727507	0.0002762908
1	0.0000000090	0.2553045551	0.0607880520	0.6733390891	0.0105682947
0	0.0006041470	0.7154143027	0.2839814292	0.0000000016	0.0000001194
1	0.0090635927	0.2078553798	0.0765540334	0.1002150681	0.6063119260
0	0.0001968240	0.0239685938	0.5528133938	0.0000047584	0.4230164300
0	0.2444200324	0.1793006960	0.0187222601	0.5546330770	0.0029239345
0	0.3157393020	0.0000509115	0.2873809438	0.0003264129	0.3965024298
1	0.2501555130	0.1317196873	0.0279013333	0.1953317414	0.3948917250
0	0.0344958701	0.3701741281	0.1509824422	0.1850660178	0.2592815419
0	0.0252281634	0.0386439085	0.1765035917	0.2340583176	0.5255660188
0	0.0415624432	0.1179176863	0.3068282212	0.0035069973	0.5301846519
0	0.0000876624	0.0000000000	0.9782343517	0.0216779856	0.0000000002
1	0.7334913643	0.0132281765	0.0744870127	0.1464936179	0.0322998286
0	0.0133072580	0.0373905996	0.9006353960	0.0466646983	0.0020020481
0	0.0073729322	0.1411147046	0.7798396759	0.0020873231	0.0695853642
0	0.3172801372	0.0141387518	0.4123529416	0.0167102529	0.2395179164
0	0.1102583368	0.4738831608	0.2904773040	0.1253811558	0.0000000426
0	0.2832926770	0.4390598100	0.0694807401	0.1955538675	0.0126129054
0	0.0337942166	0.7676462135	0.1865576791	0.0000000022	0.0120018886
0	0.0471149150	0.1617263315	0.6513783076	0.1348596381	0.0049208079
2	0.0234367008	0.1295735051	0.7735411322	0.0734486619	0.0000000000
0	0.3058692207	0.0062255795	0.2553928309	0.2861474023	0.1463649665
0	0.0003054677	0.6628369345	0.1949526943	0.1418588057	0.0000460978
1	0.0001653202	0.9865745565	0.0106861672	0.0000586834	0.0025152726
0	0.0728281507	0.0000209294	0.7467293631	0.1804215568	0.0000000000
0	0.0000134159	0.0003251637	0.9693955277	0.0302575414	0.0000083514
0	0.0574151420	0.0000000053	0.8933760156	0.0492084313	0.0000004057
0	0.0008928980	0.0210040803	0.9766117360	0.0014848085	0.0000064773
1	0.1017779515	0.7498582383	0.0793617255	0.0541279431	0.0148741417
0	0.0518314910	0.0984506151	0.6342902458	0.0000118567	0.2154157914
0	0.0736422491	0.0581882007	0.7179329027	0.1502366476	0.0000000000
1	0.0000000000	0.3800699906	0.4503122148	0.1590167050	0.0106010896
1	0.1368394804	0.3954323552	0.1634184275	0.2594867826	0.0448229542
1	0.0842700343	0.3038553699	0.2299429836	0.3024152735	0.0795163387
0	0.8177527415	0.0000262048	0.0839481831	0.0465012332	0.0517716374
1	0.0072247185	0.2148385208	0.4678751857	0.3099134863	0.0001480887
0	0.2974949222	0.2165755269	0.0014772146	0.4844523362	0.0000000000
0	0.0000008244	0.0000000000	0.2890468673	0.1024906516	0.6084616566
0	0.0083620492	0.9511981118	0.0392636836	0.0000001132	0.0011760422
0	0.0000001017	0.0213987361	0.1502037307	0.4244464767	0.4039509548
1	0.0377134775	0.0016974320	0.0000000000	0.9148718770	0.0457172134
0	0.0080458783	0.7592801460	0.0018728796	0.2307677590	0.0000333371
0	0.2830440222	0.0929290642	0.0236047752	0.5985765814	0.0018455570
0	0.3272312438	0.2687904281	0.0246441966	0.1654019699	0.2139321616
1	0.0037497988	0.2633032116	0.0395493771	0.6514806278	0.0419169847
0	0.0102022322	0.8985885596	0.0470618870	0.0337216255	0.0104256956
1	0.1931025721	0.4853767583	0.0306853380	0.0957368695	0.1950984620
0	0.0013793953	0.0752272875	0.0048389085	0.8808177289	0.0377366797
0	0.0080420165	0.7384381037	0.0034115953	0.2056409091	0.0444673754
0	0.0068849643	0.0051868199	0.8236121937	0.1004474032	0.0638686190
0	0.0080992273	0.9327531658	0.0011984140	0.0525267331	0.0054224598
0	0.0489991913	0.3044500662	0.0271892973	0.5885740736	0.0307873715
0	0.0429543915	0.7370427327	0.1069821620	0.0458609010	0.0671598128
0	0.2178515402	0.0072190984	0.0425971826	0.6778415583	0.0544906205
0	0.0028576086	0.2602230823	0.0652303772	0.6420736946	0.0296152374
0	0.0004449619	0.8670418185	0.0000000838	0.0088237766	0.1236893591
0	0.0063411473	0.8743945604	0.0403081384	0.0557661054	0.0231900486
0	0.3791989765	0.3418247673	0.2586904343	0.0134929724	0.0067928497
0	0.0006445577	0.5551281105	0.4423469544	0.0018803774	0.0000000000
1	0.0132030193	0.0236095886	0.3737570702	0.5717342747	0.0176960472
1	0.9513022898	0.0000042860	0.0048536401	0.0438397842	0.0000000000
2	0.1721519965	0.0692029868	0.1489801043	0.1986624373	0.4110024751
0	0.1876042892	0.5544429485	0.0000042415	0.2529787526	0.0049697682
0	0.0349726616	0.0063207127	0.4989786726	0.0393621619	0.4203657911
0	0.7384432300	0.0430554337	0.1329195329	0.0390858350	0.0464959684
0	0.1431991965	0.3901702346	0.0353876952	0.4240963451	0.0071465286
0	0.0214382510	0.3016890170	0.0000000015	0.6560450346	0.0208276958
1	0.0001613925	0.0534213736	0.5715010139	0.3125829353	0.0623332846
0	0.1791887923	0.0068127214	0.0202936414	0.7803960745	0.0133087704
2	0.0305697894	0.0224513118	0.5797343622	0.3672339529	0.0000105837
0	0.0088592351	0.0000000000	0.0013333449	0.9774787261	0.0123286939
1	0.2338451498	0.1794851167	0.5632245614	0.0000000000	0.0234451721
0	0.4168739486	0.0225582409	0.0000521368	0.2949765047	0.2655391690
0	0.4139520600	0.0228100739	0.4910611709	0.0217210195	0.0504556757
1	0.2910570248	0.0229489595	0.0234793712	0.6361241619	0.0263904826
1	0.0000162976	0.9919345187	0.0063288373	0.0013790629	0.0003412834
0	0.0000023701	0.0683532374	0.0540645152	0.8577530485	0.0198268287
1	0.0000008411	0.0354706485	0.0418342807	0.8586957961	0.0639984336
0	0.0243101324	0.9734837124	0.0000000004	0.0022039792	0.0000021755
0	0.0383410528	0.8138840022	0.0055669291	0.1392817070	0.0029263088
2	0.0024572596	0.3409426623	0.3653702054	0.1298337932	0.1613960796
1	0.2923644999	0.0030846209	0.4257626530	0.1830505141	0.0957377121
0	0.0369451680	0.0912994475	0.8359567978	0.0048408131	0.0309577737
1	0.0479502308	0.3192465809	0.0006881188	0.6318256371	0.0002894324
0	0.0000071473	0.0000002850	0.3349962259	0.6649930661	0.0000032757
