1	0.1731024993	0.0003677470	0.1830631707	0.0062386554	0.6372279276
0	0.8299953182	0.0424413103	0.1095413324	0.0178125805	0.0002094586
0	0.2347224136	0.0954274081	0.0008200485	0.3660594900	0.3029706398
0	0.0073913626	0.0956948590	0.1392101452	0.0639588024	0.6937448307
1	0.1556341988	0.0000260185	0.1801049843	0.5691644923	0.0950703062
0	0.0000415239	0.0216032544	0.0820070746	0.8923061980	0.0040419491
1	0.0323083237	0.0001946174	0.0005756161	0.7910141812	0.1759072616
0	0.0486111349	0.7845608221	0.0651149491	0.1017088941	0.0000041998
0	0.6117322099	0.0000000571	0.1253140447	0.2568578648	0.0060958236
2	0.0000606961	0.1374461540	0.0186385728	0.8334494671	0.0104051100
0	0.0009088662	0.0001093205	0.0002848693	0.9236175740	0.0750793701
0	0.0835096245	0.0046793753	0.0002460324	0.2551271229	0.6564378449
1	0.1886225648	0.0035333831	0.0003463749	0.8064845780	0.0010130992
1	0.0081853844	0.1056143451	0.0001916196	0.7291622792	0.1568463717
0	0.0013344233	0.0049916854	0.0032002454	0.9032916178	0.0871820281
0	0.0000000000	0.7515391158	0.0000317086	0.2474786531	0.0009505225
0	0.1482656566	0.0554573187	0.0012883488	0.1247492096	0.6702394663
1	0.0050936632	0.0250453868	0.1251550297	0.7375120886	0.1071938317
1	0.5434734246	0.1864667599	0.2652335609	0.0048262546	0.0000000000
0	0.6257639634	0.0000000000	0.0460669691	0.3104096514	0.0177594161
0	0.0535289445	0.0231262459	0.0000045098	0.9233396123	0.0000006875
0	0.2582781975	0.0000944460	0.0000378538	0.7401762614	0.0014132413
0	0.0000000000	0.0727062323	0.0102287599	0.9170650077	0.0000000001
1	0.0150345532	0.1639108058	0.8114821845	0.0075705632	0.0020018933
0	0.1734401763	0.0837346338	0.0122412045	0.4741825534	0.2564014320
0	0.4512135633	0.0000459129	0.1362200167	0.3795695003	0.0329510068
1	0.0254593088	0.0042097510	0.0052038170	0.1754120481	0.7897150752
0	0.2998342214	0.2346773167	0.0716636016	0.0749948919	0.3188299685
0	0.4027922596	0.0023090293	0.0177546506	0.0518281241	0.5253159364
1	0.0318978972	0.3911610896	0.0000000015	0.5769356844	0.0000053273
0	0.0000054644	0.0001563575	0.0878484498	0.5957993784	0.3161903498
0	0.0059558271	0.0006824169	0.8142482098	0.1791090434	0.0000045029
0	0.2231253266	0.1247171141	0.0004661991	0.5671810324	0.0845103278
0	0.8975886985	0.0000000022	0.0043604525	0.0000000162	0.0980508306
1	0.2709307285	0.0112051368	0.0000666566	0.6335197613	0.0842777169
0	0.0948644035	0.0000000000	0.0000028632	0.8936629636	0.0114697697
0	0.2152335560	0.5575926669	0.1164925168	0.0000338692	0.1106473911
1	0.0158056785	0.0088803614	0.6920831358	0.0017235358	0.2815072884
1	0.2764211901	0.5199716512	0.0905382268	0.1083453995	0.0047235324
1	0.3189297465	0.0000000000	0.0014228163	0.5683555643	0.1112918729
1	0.0973316026	0.2524101498	0.5536493044	0.0517583630	0.0448505802
0	0.0055036258	0.7291191720	0.0000000000	0.1010610816	0.1643161206
1	0.1076300204	0.2533051944	0.2118926480	0.0007062177	0.4264659195
2	0.2479494438	0.4277127967	0.0359448457	0.0000025759	0.2883903379
0	0.0001995224	0.0050899769	0.4798367124	0.4923830137	0.0224907746
1	0.0000106887	0.0027548799	0.0000000000	0.2651927983	0.7320416331
0	0.0005515343	0.1843360081	0.0000006741	0.8144644637	0.0006473198
0	0.0151743339	0.2273604125	0.0211685099	0.2773520682	0.4589446756
0	0.0000014092	0.2318639412	0.3689968243	0.1575609287	0.2415768967
0	0.0243386202	0.1985736044	0.2171270039	0.2765537105	0.2834070610
0	0.0574233984	0.0004366372	0.0002629523	0.0724780955	0.8693989166
2	0.0000056821	0.0000000000	0.0000001751	0.9037834072	0.0962107356
2	0.0000000027	0.0000000000	0.2714860680	0.7058512744	0.0226626549
0	0.0000000026	0.0000000001	0.5842269236	0.4157724520	0.0000006216
0	0.0130012485	0.0000000010	0.1661123825	0.6229811169	0.1979052512
1	0.0271878358	0.0017010710	0.0000000003	0.3935075243	0.5776035686
0	0.0357814950	0.0378990459	0.1836551625	0.7297911486	0.0128731480
1	0.0000000022	0.0175697604	0.2460674285	0.0152126754	0.7211501334
1	0.0106523102	0.0025628777	0.0031484956	0.9824183530	0.0012179635
0	0.0017093559	0.1717740859	0.3298348282	0.4265453519	0.0701363780
0	0.2204942816	0.0002964307	0.0001024268	0.3118082408	0.4672986201
0	0.0000753693	0.0006665305	0.1362464114	0.0146902229	0.8483214659
0	0.9236487584	0.0147853934	0.0004938296	0.0155330867	0.0455389318
0	0.1941099210	0.4771276573	0.0000719173	0.1249325716	0.2037579327
1	0.0097224031	0.0752520271	0.0665368751	0.8484886948	0.0000000000
0	0.0063428158	0.1671785718	0.0000000000	0.0091282793	0.8173503331
1	0.5914975783	0.0415052863	0.0012518127	0.0033891831	0.3623561396
0	0.0065018628	0.1264093023	0.7034000328	0.0550569536	0.1086318485
0	0.0002498230	0.0000000000	0.0302689900	0.8833865293	0.0860946576
2	0.4651562371	0.1876012541	0.0221077469	0.2015884567	0.1235463052
0	0.0016396288	0.0749332545	0.0181349800	0.6772338856	0.2280582511
0	0.6800151484	0.0000025726	0.0537079007	0.2586639145	0.0076104639
0	0.0069031842	0.0295734265	0.1230537688	0.6554887688	0.1849808517
1	0.0755596764	0.0000003855	0.7817955452	0.0266214856	0.1160229074
0	0.0061091271	0.0069812283	0.0726808794	0.0275434886	0.8866852766
0	0.0004676224	0.0000240270	0.0002436101	0.9837392028	0.0155255378
0	0.2238276007	0.0076540205	0.1571915922	0.5473535739	0.0639732128
0	0.0000083927	0.0036208028	0.0329061064	0.7167082798	0.2467564183
0	0.0145880488	0.0002833940	0.2353117399	0.7447520904	0.0050647269
1	0.5226573047	0.0443728173	0.0068107161	0.3420546933	0.0841044685
1	0.1231464084	0.0122120241	0.0000000005	0.7349631712	0.1296783957
0	0.3383319485	0.5250490781	0.0001084835	0.1364771997	0.0000332901
1	0.1414110131	0.0118535225	0.1948970656	0.4945785869	0.1572598120
1	0.2562665590	0.0878082101	0.1204121275	0.4521388240	0.0833742794
0	0.0513837248	0.0000000000	0.9443399130	0.0042318200	0.0000445422
0	0.0111298471	0.0043662104	0.5536575048	0.0048487714	0.4259976662
1	0.0230695326	0.0001297990	0.8724296923	0.0015965452	0.1027744309
0	0.0485820011	0.0000005720	0.0000213631	0.2775212008	0.6738748630
1	0.0000000000	0.0046288205	0.0081686606	0.8907617706	0.0964407482
0	0.0024118961	0.0051028167	0.0107298841	0.7406279572	0.2411274459
0	0.0000567757	0.0037772311	0.0000000027	0.9916553127	0.0045106778
0	0.4823484450	0.0705993643	0.0146021381	0.4050786677	0.0273713850
0	0.0424705022	0.0743369936	0.0000067410	0.5659988389	0.3171869242
0	0.0002794751	0.0138327494	0.4421843171	0.4920726912	0.0516307673
0	0.0103208577	0.0658291923	0.0253139342	0.4356099117	0.4629261041
0	0.3195044308	0.1183401275	0.3607884720	0.0080599334	0.1933070363
0	0.0421814266	0.0000000003	0.7825336573	0.1596850528	0.0155998630
0	0.0007452499	0.0002102101	0.3325802742	0.4339600352	0.2325042306
0	0.0000000037	0.0016734719	0.7212093821	0.0087193871	0.2683977551
1	0.1627372817	0.6456843914	0.0026796051	0.1888986283	0.0000000935
