0	0.0002569793	0.0534180378	0.0181612333	0.9281637496	0.0000000000
1	0.0090831674	0.2752074890	0.0005614924	0.7135231898	0.0016246614
1	0.0060364759	0.1971386519	0.3864540909	0.3076249254	0.1027458559
0	0.0000007245	0.7438921153	0.0299054345	0.1476392542	0.0785624715
0	0.0037418943	0.3434710135	0.3166655177	0.3292908136	0.0068307610
0	0.1448599462	0.2800965256	0.4986903965	0.0091417551	0.0672113765
1	0.2285942175	0.6576283179	0.1137720841	0.0000053804	0.0000000000
1	0.2928370889	0.6974893568	0.0095749734	0.0000985808	0.0000000000
1	0.0442164951	0.0101478123	0.9414764702	0.0002258907	0.0039333318
0	0.8118509511	0.0215693501	0.0000069018	0.1304733546	0.0360994425
0	0.0138237644	0.0204871085	0.0795757579	0.7569206024	0.1291927667
1	0.1259690739	0.0000216597	0.3123680755	0.4955842231	0.0660569679
1	0.0103367836	0.4228693728	0.1764269163	0.3903633031	0.0000036242
0	0.1106144697	0.0520744244	0.5129895241	0.3242973542	0.0000242275
0	0.0000000692	0.0872445406	0.0610562647	0.8516991255	0.0000000000
1	0.0031681097	0.6713431682	0.1994096847	0.0000003021	0.1260787353
1	0.0200432395	0.0123575890	0.0313372544	0.1407987372	0.7954631799
0	0.3195861027	0.0004825426	0.6791300035	0.0000000922	0.0008012590
1	0.0026895717	0.5702781661	0.0320946578	0.0415708657	0.3533667387
0	0.3463956626	0.0997969407	0.0610548560	0.2903361868	0.2024163539
0	0.2313532783	0.0856314636	0.0335020917	0.5633827386	0.0861304278
0	0.0023356647	0.0006142841	0.5469192908	0.0083095998	0.4418211606
1	0.0644578326	0.0000002618	0.2269760339	0.1263582251	0.5822076466
0	0.0633826625	0.0214828322	0.1215843573	0.2952749807	0.4982751672
1	0.0719916943	0.5979033418	0.1373906227	0.0004380077	0.1922763335
0	0.4439541357	0.1238244802	0.1608247950	0.2070784724	0.0643181166
0	0.0415412498	0.9173662832	0.0284251317	0.0001292422	0.0125380932
0	0.0019398932	0.9116571691	0.0862789000	0.0000805177	0.0000435199
0	0.2769219296	0.1013268297	0.3882300439	0.1679626754	0.0655585215
0	0.0001440025	0.9555423261	0.0169550699	0.0076473504	0.0197112511
0	0.0322538773	0.3013510297	0.1284288741	0.1489049497	0.3890612693
0	0.1910077461	0.5816932685	0.0357091531	0.1558240714	0.0357657609
0	0.3942095819	0.0015240180	0.3302335827	0.2707387333	0.0032940841
0	0.1343384487	0.0797734793	0.0289193559	0.6371305153	0.1198382008
0	0.0002427931	0.3014561074	0.0051291112	0.1072526976	0.5859192908
1	0.0021669746	0.1714082792	0.7775320640	0.0229911639	0.0259015182
0	0.0000015119	0.0000003742	0.0908418972	0.3155515342	0.5936046826
1	0.0000000000	0.0000337535	0.1505154642	0.3501537703	0.4992970120
1	0.0596928516	0.6118357194	0.0387717962	0.2859582940	0.0037413387
0	0.0000002406	0.2908808436	0.0823730041	0.5198117380	0.1069341737
0	0.5620161806	0.0605535357	0.0000468535	0.2872893798	0.0900940503
0	0.0955176754	0.0980097070	0.2703010763	0.5360784773	0.0000930640
0	0.0000000000	0.3237286281	0.5905873896	0.0415692446	0.0441147377
0	0.0001572053	0.1128478360	0.2204778671	0.6090249830	0.0574921086
0	0.0023660222	0.0330361255	0.5428059924	0.3678409968	0.0539508631
0	0.4080651474	0.2739304271	0.0002833024	0.3172109537	0.0005101694
0	0.0093420579	0.0328045211	0.0854281087	0.8724253124	0.0000000000
0	0.0281376774	0.1757623354	0.3511514074	0.1038315410	0.3411170388
0	0.2284261486	0.6490522810	0.0507188955	0.0295061309	0.0422965440
0	0.0158662533	0.5997684293	0.0053204824	0.3536726994	0.0253721357
1	0.1122952315	0.0903309659	0.4135603775	0.2626476943	0.1211657308
0	0.1422025170	0.0411272204	0.8041792318	0.0057420102	0.0067490205
1	0.0002143043	0.1214184358	0.0077422220	0.0000000000	0.8706250379
0	0.0017492683	0.4239496200	0.0009877057	0.5732957701	0.0000176360
1	0.0046540431	0.3853782519	0.2562023924	0.2297920011	0.1239733116
0	0.3265546439	0.1209930030	0.0210914009	0.5313597018	0.0000012504
0	0.0187999128	0.0525497277	0.4843594758	0.4002291850	0.0440616988
0	0.0617156612	0.1336479256	0.0867773416	0.4892123034	0.2286467681
0	0.1698488081	0.1661306854	0.0108970069	0.6220235531	0.0310999466
0	0.0974131335	0.1909792558	0.6923456276	0.0191777089	0.0000842742
0	0.3928364491	0.2504523954	0.3253953792	0.0313157763	0.0000000000
0	0.1304530957	0.1901296884	0.3255966046	0.2960058965	0.0578147147
0	0.0015083029	0.5448832880	0.3075412402	0.0413206764	0.1047464926
2	0.2335171428	0.0396457373	0.4999611866	0.2268586636	0.0000172697
0	0.1001402910	0.4704368803	0.3044446788	0.1249781500	0.0000000000
0	0.5522989449	0.1759219145	0.2459179466	0.0000437649	0.0258174290
0	0.2585580617	0.0089781242	0.3822377787	0.3389962878	0.0112297476
0	0.0006612783	0.0000436104	0.1016026209	0.8965568734	0.0011356170
0	0.0231726975	0.0094120675	0.8084367074	0.0156125528	0.1433659748
1	0.8156031381	0.0653144873	0.0215881970	0.0507886919	0.0467054857
0	0.1482018073	0.0321604025	0.8196127661	0.0000000413	0.0000249828
1	0.0170748629	0.5207550129	0.3299890477	0.1120341096	0.0201469670
0	0.0660247826	0.6216291020	0.0823899299	0.1004220729	0.1295341126
0	0.0316031757	0.3325596285	0.1747326664	0.0000000019	0.4611045276
1	0.0915787780	0.0060770120	0.6642074265	0.2048667730	0.0332700104
1	0.0539135217	0.3390276875	0.1315998682	0.4528709353	0.0225879873
0	0.2819319266	0.0229328553	0.0124062795	0.1992689858	0.4834599528
2	0.0153530439	0.0057068753	0.7512350857	0.2277049794	0.0000000157
0	0.0000000711	0.9811929352	0.0001466474	0.0186602382	0.0000001081
0	0.2962017069	0.2209686257	0.4171347389	0.0656341586	0.0000607699
1	0.5316503513	0.1929087582	0.0865889234	0.1887845986	0.0000673685
0	0.0247485128	0.2807568893	0.6942694657	0.0000499563	0.0001751759
0	0.0984331520	0.6489658381	0.1864351036	0.0027742401	0.0633916662
0	0.1844402406	0.6776956511	0.0658696068	0.0206185997	0.0513759018
1	0.2208725568	0.0013832995	0.3163220883	0.4614220547	0.0000000007
0	0.3806042509	0.4204794297	0.1185809974	0.0088955569	0.0714397652
0	0.0042171110	0.7686540672	0.0416528247	0.0534408870	0.1320351102
1	0.0134455163	0.2023907293	0.7513670576	0.0296002065	0.0031964903
0	0.0103107677	0.0683967659	0.1005888162	0.6986341976	0.1220694526
0	0.0489227667	0.5194626225	0.1358957961	0.0472200567	0.2484987580
0	0.1055752743	0.7528077919	0.0218464733	0.0718509606	0.0479194999
1	0.0010767398	0.1427863973	0.3319091448	0.4986889946	0.0255387234
0	0.0057752625	0.3106937888	0.1974872685	0.4696074514	0.0164362288
1	0.0078358562	0.7818404935	0.0678608166	0.0473006630	0.0951621708
1	0.0167222703	0.0414173654	0.5654399109	0.3760366694	0.0003837840
1	0.0002633246	0.0000000000	0.0587410358	0.5645340797	0.3764615599
0	0.0001537353	0.1017882674	0.3237066067	0.5743513906	0.0000000000
0	0.1720388859	0.0222890325	0.6104294750	0.1952426065	0.0000000000
2	0.0000000013	0.0091995566	0.0370836000	0.9537076216	0.0000092205
1	0.6296817871	0.3697624102	0.0000432181	0.0000000000	0.0005125846
