0	0.2936058194	0.1070208634	0.5425178123	0.0568555049	0.0000000000
0	0.0000240474	0.2363137192	0.6234230108	0.0771779166	0.0630613060
0	0.0000000000	0.1891965505	0.1938156369	0.6167826876	0.0002051249
0	0.0661549275	0.0000021517	0.8981237421	0.0000045505	0.0357146282
0	0.0600013941	0.6193057187	0.1949194190	0.1213946162	0.0043788520
1	0.1529622385	0.0619995784	0.3822788515	0.3903255998	0.0124337318
0	0.0000000001	0.0719101163	0.1743945596	0.7459053193	0.0077900046
0	0.0059674757	0.8067906692	0.1724108146	0.0033693178	0.0114617226
0	0.0500181000	0.9072717395	0.0093116397	0.0021277642	0.0312707566
2	0.0662088344	0.4545230063	0.3549106317	0.1168441754	0.0075133522
1	0.0383924315	0.5714354336	0.2962940344	0.0837925859	0.0100855145
0	0.0452333984	0.0696094935	0.7273305233	0.0071252036	0.1507013812
0	0.0060887877	0.2033384319	0.5648016909	0.1846284346	0.0411426549
0	0.0000154078	0.0000118607	0.7700534380	0.0000000000	0.2299192935
0	0.6377776141	0.0000007252	0.3244888890	0.0175628471	0.0201699246
1	0.4218719099	0.3792956294	0.0095549036	0.0882823313	0.1009952259
0	0.0147170456	0.6385495057	0.0004727108	0.3460818666	0.0001788713
1	0.0222488851	0.1459183220	0.7537173557	0.0575133447	0.0206020924
0	0.6513386032	0.1182594556	0.0394782014	0.0576091643	0.1333145754
0	0.0048282133	0.7047807627	0.0013078231	0.0019028397	0.2871803611
0	0.0097831822	0.0177251201	0.9494591499	0.0228991221	0.0001334256
0	0.1053240143	0.8660730443	0.0150368032	0.0106323242	0.0029338140
0	0.0000000000	0.4130662723	0.2808470736	0.2881779591	0.0179086950
0	0.0029586701	0.0651453823	0.8212109492	0.1059557126	0.0047292858
1	0.1592970789	0.5000574896	0.3089098305	0.0291984949	0.0025371061
1	0.0279067616	0.0364163972	0.0230935268	0.8834185410	0.0291647735
1	0.0097006651	0.6539133077	0.3344190049	0.0019670223	0.0000000000
0	0.1734826835	0.1918651719	0.6166062486	0.0035183240	0.0145275720
0	0.0320454644	0.0956494371	0.0817792754	0.7845922545	0.0059335685
2	0.2549563980	0.3771432745	0.0369673502	0.3306931406	0.0002398366
0	0.0000000002	0.9471124668	0.0359448519	0.0080405843	0.0089020969
0	0.0067013354	0.0032667591	0.8635804199	0.1229986504	0.0034528353
1	0.1589428266	0.1658293026	0.6749864382	0.0002414326	0.0000000001
0	0.0000823458	0.9822008469	0.0045376323	0.0117730930	0.0014060820
0	0.0216111994	0.0269885729	0.4192077996	0.0241413257	0.5080511024
0	0.0683039405	0.0888623531	0.1024226869	0.7370137723	0.0033972472
0	0.3831561241	0.0021984576	0.6010532923	0.0000502768	0.0135418493
1	0.0350704515	0.0000695814	0.5718693914	0.3922705873	0.0007199885
1	0.0000000000	0.6907729424	0.2323298905	0.0768971012	0.0000000659
0	0.2479140452	0.6927958468	0.0092585733	0.0003054104	0.0497261243
1	0.0025279071	0.0378097310	0.2388217496	0.7185762842	0.0022643282
0	0.2945951215	0.0108457184	0.4661394422	0.0006317104	0.2277880075
0	0.0000566009	0.0326219238	0.0009865338	0.9663349415	0.0000000000
1	0.7070374366	0.2617286531	0.0266027810	0.0046311292	0.0000000000
0	0.4730949569	0.0373071559	0.4894954977	0.0000000000	0.0001023895
0	0.0089219033	0.1644155747	0.6282918413	0.0630575640	0.1353131167
0	0.0366374697	0.0139717997	0.0443988844	0.9049918462	0.0000000000
0	0.5541696582	0.0835077164	0.2517652209	0.0020774609	0.1084799436
0	0.7803187216	0.0000140660	0.0262210841	0.0789920452	0.1144540830
0	0.0000025750	0.7732142251	0.1195410251	0.0007778892	0.1064642854
0	0.0386118709	0.8782967024	0.0629107434	0.0169329941	0.0032476892
0	0.3680699489	0.0052950589	0.5784503945	0.0377984511	0.0103861465
1	0.0472858930	0.1234692056	0.6679466981	0.0049447180	0.1563534853
1	0.0000001386	0.3053840323	0.0032726496	0.0837925628	0.6075506167
1	0.2111672783	0.0670890061	0.7196614300	0.0000013168	0.0020809688
0	0.1075737374	0.1856562375	0.5776975347	0.1250782148	0.0039942755
1	0.0003293077	0.1479073171	0.5126933061	0.0983086913	0.2407613778
0	0.0487501188	0.0670285886	0.7985390156	0.0675590517	0.0181232252
0	0.0827972593	0.0000000758	0.0904483343	0.2445569496	0.5821973810
0	0.0938220600	0.5742337932	0.0000000000	0.2945669429	0.0373772038
0	0.0893540476	0.0304381732	0.6149002944	0.0246328564	0.2406746285
0	0.0000000003	0.0261462149	0.5201064684	0.4425191010	0.0112282153
1	0.7447832636	0.0000000014	0.2363669896	0.0168888023	0.0019609431
1	0.0709867595	0.0201966458	0.4729260782	0.3207656383	0.1151248781
1	0.0181204788	0.9376864551	0.0096690963	0.0345239695	0.0000000003
1	0.0137664516	0.0232905658	0.9404308981	0.0004311460	0.0220809385
0	0.0000019459	0.2907488406	0.0001177345	0.6973732205	0.0117582585
0	0.1461544834	0.0017186523	0.6896628743	0.0000005678	0.1624634222
1	0.4577556094	0.3604178657	0.1455571021	0.0183210312	0.0179483916
0	0.0535787499	0.1132042025	0.8331793749	0.0000376727	0.0000000000
0	0.4463411322	0.4663821120	0.0000128073	0.0871877667	0.0000761818
1	0.2342114227	0.6444732831	0.0527266932	0.0685542491	0.0000343518
0	0.0000000000	0.4568880007	0.2839623936	0.0922087032	0.1669409025
1	0.0078263147	0.2272537675	0.6487822946	0.0956337431	0.0205038801
0	0.6746736907	0.0103309297	0.3143430063	0.0003423557	0.0003100176
1	0.0173971548	0.8800059711	0.0112902943	0.0093891072	0.0819174727
0	0.0234606816	0.4464125095	0.3170282717	0.2130770248	0.0000215124
0	0.0000000000	0.5728334188	0.2876277095	0.0241920770	0.1153467946
1	0.2425705155	0.0000015420	0.3397789324	0.2685719080	0.1490771020
0	0.0000000118	0.6505600815	0.0147107524	0.3347291543	0.0000000000
0	0.0126814141	0.2229086962	0.1292501767	0.4884136771	0.1467460359
1	0.1710922692	0.2068646891	0.5444056694	0.0776373715	0.0000000008
0	0.0216563716	0.4431412370	0.2293892872	0.3058131042	0.0000000000
0	0.2382353378	0.7173922248	0.0006534164	0.0314906241	0.0122283970
0	0.2211147798	0.7425965657	0.0099719933	0.0263163580	0.0000003033
0	0.0002399362	0.0116837440	0.0080243110	0.9798238182	0.0002281906
1	0.0003076204	0.0008042851	0.0581959504	0.7868180054	0.1538741386
1	0.4942414747	0.1578070082	0.2134494467	0.1345020343	0.0000000361
0	0.0012067251	0.2914093082	0.0064632466	0.0118408974	0.6890798227
0	0.0000000001	0.8699632299	0.0110223736	0.0227632874	0.0962511089
0	0.0369104063	0.0611885284	0.0115251477	0.7913766206	0.0989992970
0	0.1467399828	0.2275734008	0.3532559787	0.0272104284	0.2452202094
0	0.0911413448	0.0563197653	0.5422024780	0.0980137266	0.2123226854
1	0.0000000000	0.8771746855	0.0258066692	0.0476195201	0.0493991252
1	0.1845226191	0.6077365337	0.0241805047	0.1815087863	0.0020515561
0	0.0404878639	0.0698803443	0.2713293349	0.4213423384	0.1969601185
1	0.4167443752	0.4336214158	0.0000851346	0.0618752475	0.0876738268
1	0.3774461370	0.0000148071	0.0602558018	0.4800794074	0.0822038467
0	0.3201171771	0.5770415090	0.0577274534	0.0449352587	0.0001786017
0	0.0012412828	0.0003345843	0.0006863012	0.9830497772	0.0146880544
