0	0.0251020219	0.1636756677	0.1685586347	0.6040754689	0.0385882068
1	0.3478039002	0.0321854328	0.0956216369	0.5242643752	0.0001246550
0	0.0184548212	0.0227509679	0.0547706643	0.8042663263	0.0997572204
0	0.0648678471	0.0635521411	0.6304430606	0.1451270514	0.0960098999
0	0.1201599679	0.8090623561	0.0342277069	0.0074602624	0.0290897066
0	0.7388849832	0.0408138834	0.0000017521	0.1772115837	0.0430877976
1	0.0000000000	0.0000105174	0.0351148052	0.7505622851	0.2143123924
0	0.0421187747	0.0000004577	0.1222191398	0.1982499725	0.6374116553
0	0.3259730057	0.0328370028	0.2516343084	0.3352930271	0.0542626560
0	0.0002224398	0.0580498803	0.0007768751	0.0265742932	0.9143765117
0	0.0261126856	0.0399845439	0.0000012577	0.9290794903	0.0048220225
0	0.7639197678	0.0001073017	0.0000005526	0.0000006243	0.2359717537
1	0.0457195012	0.0047175347	0.1443905927	0.0160805901	0.7890917812
0	0.0000237272	0.0000000089	0.9980012131	0.0000438087	0.0019312421
1	0.2810384902	0.0000000000	0.3382583850	0.0792008897	0.3015022351
0	0.0000000000	0.3711680143	0.6202632867	0.0085686429	0.0000000560
0	0.0063534840	0.0450840648	0.0009338941	0.9058394856	0.0417890716
0	0.0362400872	0.1839296542	0.1415877285	0.6064138132	0.0318287170
0	0.0016292620	0.0356409004	0.0000000000	0.0542725574	0.9084572801
1	0.0827157702	0.0000000003	0.0019816947	0.9153025347	0.0000000001
0	0.0000000000	0.0000000000	0.0039896146	0.7764637070	0.2195466783
0	0.0243561462	0.5984792577	0.0013961855	0.0576003913	0.3181680194
0	0.0000000000	0.0646623351	0.0000000000	0.0000000017	0.9353376631
1	0.6466215332	0.0072399711	0.1489694794	0.0251021454	0.1720668710
0	0.0000137803	0.0582598797	0.0616835591	0.8800427807	0.0000000001
0	0.0993134384	0.0000000576	0.2652791234	0.5506345324	0.0847728481
1	0.6049665905	0.2453482389	0.0556316880	0.0559187962	0.0381346864
1	0.0202962990	0.0112111174	0.1875588460	0.5412619377	0.2396717999
1	0.0000000031	0.0042245113	0.0000025097	0.4449633042	0.5508096716
0	0.0658954852	0.0578973143	0.0000023968	0.0076954706	0.8685093331
0	0.0340049897	0.0196207604	0.0601112042	0.0390866320	0.8471764137
0	0.3235183411	0.0752364469	0.0072002039	0.5940442326	0.0000007755
1	0.0738903325	0.0008124391	0.0000000000	0.9062663956	0.0190308328
0	0.0000000131	0.1652467753	0.0409717487	0.0738863260	0.7198951369
0	0.9828849739	0.0000000000	0.0000004611	0.0165102100	0.0006043549
0	0.1377080751	0.4137593750	0.2518744443	0.0398124165	0.1568456892
0	0.1034622276	0.0000002968	0.0134193528	0.0162362946	0.8668818281
1	0.3915794409	0.0119279908	0.0681872240	0.1122054004	0.4160999439
1	0.0000714340	0.0060626913	0.8423413927	0.0408137899	0.1107106921
0	0.0000193570	0.0240439598	0.0000869494	0.9399860909	0.0358636429
1	0.0443921713	0.1625355405	0.4080727394	0.3815900184	0.0034095304
0	0.0509028100	0.0643719165	0.3766776274	0.2763274038	0.2317202424
0	0.9300475092	0.0375965457	0.0000000001	0.0037270762	0.0286288688
0	0.2891343131	0.0159220487	0.2558377226	0.3196839119	0.1194220037
0	0.0000001331	0.0113784577	0.0055266035	0.8923869893	0.0907078165
0	0.0766316822	0.0292225148	0.0109288608	0.8819703680	0.0012465742
0	0.4536615692	0.0000003868	0.0924096843	0.4539283597	0.0000000000
0	0.7339254680	0.0006640173	0.0011595387	0.2642387851	0.0000121908
1	0.4364511347	0.0611214461	0.2060640071	0.0000043313	0.2963590808
0	0.0559448203	0.0112112959	0.0026805444	0.9301531050	0.0000102345
0	0.7367646778	0.0000000000	0.0000173869	0.2623168099	0.0009011253
0	0.0000000000	0.0121380468	0.1816868942	0.4295098537	0.3766652053
1	0.0000000000	0.0002262188	0.9997400905	0.0000336633	0.0000000274
0	0.3657366396	0.1673891529	0.0223934944	0.1879801858	0.2565005273
0	0.2997187468	0.2754853632	0.2218425351	0.1946033372	0.0083500177
0	0.0486079067	0.0000000000	0.0000085632	0.9431710803	0.0082124498
1	0.1318055819	0.0000000000	0.0369481228	0.8147056001	0.0165406952
1	0.9992262786	0.0000000000	0.0000000000	0.0002651734	0.0005085480
1	0.4426450484	0.0000000000	0.0000023466	0.0319602931	0.5253923119
1	0.0030495804	0.0000640066	0.0218176855	0.6302592716	0.3448094560
1	0.0000000000	0.4178448642	0.0000000670	0.5331008570	0.0490542118
0	0.0117012245	0.0000000000	0.1715212336	0.0305707503	0.7862067916
0	0.0047179706	0.0000000000	0.0000775610	0.9952041617	0.0000003067
1	0.4246039029	0.1113790665	0.3251144877	0.0551446778	0.0837578651
1	0.0000032057	0.8096556957	0.0042041267	0.0009003425	0.1852366293
0	0.3477892434	0.0003560979	0.0134004708	0.5124286355	0.1260255523
0	0.0407502671	0.2363940687	0.3222228228	0.2209701696	0.1796626718
0	0.0291152021	0.0000000000	0.0233789239	0.4003348375	0.5471710365
0	0.3975646597	0.1136712920	0.0039862961	0.3173934201	0.1673843321
0	0.0336205125	0.0234389000	0.2797372595	0.6630806297	0.0001226983
0	0.3219526403	0.2361966672	0.0505666585	0.0751073604	0.3161766736
0	0.2438588477	0.0040790060	0.0168183756	0.3205774920	0.4146662788
2	0.3729508972	0.0496541359	0.5722228780	0.0038290505	0.0013430384
0	0.4860746248	0.1522619368	0.0037108418	0.0444038941	0.3135487025
0	0.0356246459	0.0199899223	0.0160342253	0.5795663235	0.3487848830
0	0.0178446767	0.0006273467	0.4930743057	0.0992777644	0.3891759065
0	0.4524477328	0.1304235136	0.3286133023	0.0487507220	0.0397647294
1	0.0033626859	0.0279182021	0.2653273535	0.6732483916	0.0301433669
0	0.8508571965	0.0417740815	0.0660729901	0.0412957319	0.0000000000
1	0.0242571432	0.0000000034	0.2973963126	0.6783462479	0.0000002930
0	0.9151875396	0.0000011173	0.0066619851	0.0020809600	0.0760683980
0	0.1080707274	0.0126282776	0.2235812158	0.6274243303	0.0282954489
1	0.1680897729	0.0432225610	0.2550238673	0.5335764078	0.0000873911
0	0.0087457955	0.0000790345	0.0000000000	0.8176287515	0.1735464184
0	0.0534161775	0.1325246690	0.0722939311	0.1741359719	0.5676292505
0	0.0127524430	0.0040514279	0.0015161041	0.7629819413	0.2186980837
0	0.0468332519	0.1201748180	0.1424090736	0.4702795334	0.2203033232
1	0.1663188448	0.0154574390	0.7444813113	0.0351866159	0.0385557889
0	0.3044084137	0.0121846825	0.1598606042	0.4063011267	0.1172451729
0	0.6986768965	0.0021687829	0.0000000000	0.0111795507	0.2879747698
0	0.8161911153	0.0273704972	0.0459045331	0.1102601209	0.0002737335
0	0.0429558240	0.0565090775	0.0145849913	0.4911270567	0.3948230506
1	0.5392310440	0.0000000000	0.0033595336	0.4476529391	0.0097564833
0	0.0626824427	0.2614380343	0.0837617103	0.5921178127	0.0000000000
1	0.3154837057	0.3269071963	0.0715173471	0.2492013954	0.0368903555
0	0.2251209414	0.0343654610	0.0014541235	0.7390594736	0.0000000005
0	0.3459854093	0.0016574140	0.3780238362	0.0657300903	0.2086032502
0	0.0284640159	0.0004151640	0.0003453688	0.1340142793	0.8367611720
0	0.1686507392	0.3474898579	0.0179159207	0.0670460570	0.3988974252
0	0.0150109713	0.9559010744	0.0239311621	0.0020645248	0.0030922675
