2	0.1149191338	0.1983958251	0.1545051270	0.0059286300	0.5262512841
0	0.1648467401	0.0796320221	0.1641431658	0.5495700588	0.0418080133
1	0.1362792497	0.3249594636	0.1213006609	0.4174606258	0.0000000000
0	0.3771088339	0.0000000000	0.1853735298	0.1626750875	0.2748425487
0	0.0006816459	0.2373503295	0.0440740555	0.3472450287	0.3706489404
1	0.1048121784	0.0016827289	0.3569638542	0.0783452791	0.4581959595
0	0.0102664437	0.0766263300	0.0235446115	0.7874742405	0.1020883744
0	0.0388986605	0.0000052678	0.2054119303	0.0010630898	0.7546210516
1	0.1768652333	0.0001339283	0.0184654811	0.7727289892	0.0318063680
0	0.0004249797	0.0411766747	0.8715994238	0.0035425681	0.0832563538
1	0.2011488345	0.0377223860	0.1108926364	0.4270178090	0.2232183341
0	0.0000000000	0.3995104984	0.1934001419	0.2375442610	0.1695450987
0	0.1390267247	0.0000144599	0.0000000007	0.5220457275	0.3389130871
0	0.2392941840	0.5313306862	0.0826787062	0.1367391535	0.0099572701
0	0.0368371941	0.0151967323	0.0000349575	0.9417165656	0.0062145505
0	0.0976801241	0.1140535452	0.1092446200	0.1186808326	0.5603408781
1	0.5263426292	0.0002623888	0.3142792893	0.1591156927	0.0000000000
1	0.0000001463	0.8952075709	0.0000895343	0.0916991683	0.0130035803
0	0.0187296142	0.0000000000	0.0000511019	0.2466787335	0.7345405505
1	0.4482418224	0.0154942303	0.0000865407	0.5288111287	0.0073662779
2	0.0000003392	0.0167535319	0.2285337586	0.3983079194	0.3564044509
0	0.0000986278	0.1052431627	0.6403365625	0.2543201955	0.0000014515
0	0.0134765010	0.5176426856	0.0032992802	0.0000623990	0.4655191342
1	0.0734983320	0.4202761890	0.0205319829	0.1289815855	0.3567119106
0	0.7483259885	0.1217921275	0.0000695210	0.1173663371	0.0124460258
0	0.8270466873	0.0000062338	0.0932818784	0.0532578019	0.0264073987
0	0.0290367055	0.0005911709	0.0000018585	0.9219157197	0.0484545454
1	0.0660259816	0.0141787884	0.3247373863	0.3738795528	0.2211782909
0	0.0032299277	0.5389700674	0.0030525405	0.0000000009	0.4547474635
0	0.0000000972	0.0915858938	0.1406483712	0.5743371707	0.1934284670
1	0.0067401510	0.1100562877	0.0767768698	0.0151540622	0.7912726293
0	0.4106459397	0.0139009063	0.0000010895	0.1641776746	0.4112743899
0	0.0415398969	0.0326232833	0.0000247869	0.9258104564	0.0000015765
1	0.0004634459	0.1029289793	0.1237712605	0.7728362245	0.0000000899
1	0.0885664807	0.0000002822	0.0000000006	0.8601647764	0.0512684601
0	0.2590943428	0.1416113722	0.3875054738	0.0591297079	0.1526591033
1	0.0027315117	0.0000000029	0.0317333463	0.0000000000	0.9655351391
1	0.0001266479	0.0421339082	0.0218164669	0.8704181721	0.0655048050
2	0.6341340132	0.0000000000	0.0009667716	0.2100586351	0.1548405801
0	0.0000003151	0.0000000000	0.2018001769	0.6791272540	0.1190722541
0	0.0000000169	0.0000302954	0.0175513535	0.8959542315	0.0864641027
1	0.0063623751	0.4714221234	0.1366103270	0.2460410491	0.1395641255
0	0.1393689945	0.1849941923	0.3683538323	0.0170638655	0.2902191154
1	0.0993139786	0.0016875619	0.0088472894	0.0055992651	0.8845519049
0	0.2784326299	0.0093575616	0.0000000000	0.6354613423	0.0767484662
0	0.1324776920	0.0823243550	0.0000000000	0.0020914476	0.7831065054
0	0.0025235084	0.1558314862	0.0000622028	0.1747559297	0.6668268729
1	0.0002493087	0.0000941569	0.0051230507	0.0013321104	0.9932013733
0	0.0000000000	0.4155645228	0.0000282885	0.5843595007	0.0000476880
1	0.0000378548	0.0080788784	0.0332785570	0.8726307795	0.0859739303
0	0.0075421747	0.0000000000	0.0074155654	0.0206422714	0.9643999884
0	0.0000000000	0.0388959684	0.1053999276	0.4856486452	0.3700554588
0	0.2451751382	0.0003665185	0.0000073406	0.2193342631	0.5351167396
0	0.0023576637	0.0000000000	0.0440823082	0.2643751892	0.6891848389
0	0.3218626857	0.0035069197	0.0378838520	0.6367465426	0.0000000000
0	0.0624536596	0.0000702585	0.0056066824	0.8558703136	0.0759990859
0	0.2010262961	0.4231482343	0.0308691375	0.3206625829	0.0242937493
0	0.7115525185	0.0208568799	0.1736997463	0.0288999999	0.0649908554
1	0.0037608646	0.5198015928	0.0375601358	0.4222861636	0.0165912432
0	0.0013027868	0.7195519717	0.0000000006	0.2306807153	0.0484645255
1	0.2923580391	0.1322445467	0.1894033580	0.0685765023	0.3174175539
0	0.0117803837	0.0943922848	0.0005362730	0.1467748181	0.7465162404
0	0.1424309146	0.4555908662	0.0116612328	0.2582241216	0.1320928649
0	0.0000201272	0.0016621861	0.6638629316	0.0044877556	0.3299669996
0	0.0755912636	0.0423193292	0.4467607279	0.4349963511	0.0003323283
1	0.0475836042	0.0130686541	0.1399967059	0.5255883781	0.2737626578
2	0.2082335127	0.0000039817	0.0000000737	0.6663539603	0.1254084716
0	0.0000001033	0.0000299852	0.4827228460	0.4921665052	0.0250805604
1	0.8008123089	0.0009693311	0.1768929222	0.0197704049	0.0015550328
2	0.0077373314	0.0725721102	0.0001319657	0.8748874325	0.0446711601
0	0.0012310726	0.0881584386	0.0364953181	0.6847174446	0.1893977260
0	0.3665109796	0.4003218029	0.0604348847	0.1727194042	0.0000129287
1	0.2257349278	0.0817998301	0.6323628546	0.0000021118	0.0601002758
0	0.5367371295	0.0100871721	0.0279909019	0.4250720040	0.0001127925
1	0.4677806695	0.0000001453	0.0220844559	0.4699091208	0.0402256085
0	0.0091382986	0.0000000000	0.0121277107	0.6879154877	0.2908185030
0	0.7766700825	0.0000083170	0.0024255578	0.0022615147	0.2186345280
0	0.0004048638	0.0000022749	0.0508218364	0.9412364893	0.0075345355
1	0.0168037453	0.1632703802	0.2058588427	0.6132059219	0.0008611099
0	0.0011186744	0.0366077403	0.2037888195	0.7285230308	0.0299617349
0	0.2496221952	0.0199164159	0.6265932431	0.1037133684	0.0001547773
0	0.3688211546	0.0005762494	0.0000000004	0.0467167447	0.5838858509
1	0.4239047009	0.1807272578	0.0251184776	0.0000435872	0.3702059765
0	0.0055035703	0.0657610950	0.2718551905	0.5080001514	0.1488799927
0	0.0013337395	0.1260712089	0.3695603487	0.4503852357	0.0526494673
1	0.0000007567	0.0000731215	0.4955475926	0.2837401308	0.2206383983
0	0.0000000000	0.2027557442	0.0019817042	0.0020839522	0.7931785994
0	0.0002984687	0.0055411185	0.0785668405	0.9083845067	0.0072090656
0	0.0072749883	0.1801087148	0.0000168855	0.0091148292	0.8034845822
0	0.0000043248	0.0201599053	0.0099005581	0.5310211472	0.4389140646
1	0.0709167652	0.0000401983	0.0002446648	0.7956730764	0.1331252953
1	0.0994578894	0.0100150112	0.0516319111	0.7697183202	0.0691768682
1	0.0003022748	0.3341699861	0.0000000000	0.6655277391	0.0000000000
1	0.0541915228	0.3202427088	0.0001869105	0.6239724981	0.0014063597
1	0.7059237040	0.0000000000	0.0014259766	0.2806335070	0.0120168124
0	0.1655418862	0.2252178030	0.2710525977	0.3354574232	0.0027302899
0	0.1188334211	0.0059466780	0.5251350707	0.3500846632	0.0000001669
0	0.2621259228	0.2025170979	0.0835082971	0.4032916079	0.0485570743
1	0.0000000000	0.0000000000	0.0000014511	0.0463454008	0.9536531481
1	0.9233247007	0.0490874666	0.0000000241	0.0000579896	0.0275298189
