0	0.0636772086	0.6068893353	0.2841540606	0.0452793954	0.0000000001
0	0.1489890575	0.2476565447	0.5497174897	0.0533782480	0.0002586600
0	0.0126748897	0.3742590207	0.1530098925	0.4454177265	0.0146384706
0	0.0000051165	0.5730627386	0.4067206282	0.0195174551	0.0006940617
0	0.4756690504	0.1073140954	0.3697122078	0.0271897661	0.0201148804
1	0.0000000000	0.5134560298	0.4537699349	0.0201355543	0.0126384809
0	0.0000000020	0.9434789862	0.0000158812	0.0239980201	0.0325071105
1	0.0053891222	0.0889250587	0.9044509500	0.0012348691	0.0000000001
0	0.0000000365	0.0009758914	0.9415798557	0.0195462294	0.0378979869
1	0.0000000153	0.0223346209	0.9673086342	0.0102384541	0.0001182755
0	0.0096907470	0.7367043614	0.0051061971	0.1641395284	0.0843591661
1	0.0134464455	0.1389317310	0.6649088720	0.1826541334	0.0000588181
0	0.0180009694	0.0000586053	0.6751174822	0.3068229431	0.0000000000
0	0.0112606206	0.0022681857	0.0268094883	0.9491314007	0.0105303046
0	0.0068484347	0.0906791683	0.4556438957	0.4025268501	0.0443016512
0	0.0720675969	0.0018444642	0.8950520298	0.0000000000	0.0310359090
0	0.1605476534	0.0767146990	0.0008778306	0.6642225883	0.0976372288
0	0.0780849020	0.1941749571	0.7275507990	0.0001893419	0.0000000000
1	0.4540656932	0.3461437679	0.0209226884	0.0821135557	0.0967542947
1	0.0128389759	0.0011294289	0.0553541072	0.0257586877	0.9049188003
0	0.0001926504	0.2928708584	0.0096519350	0.6972844880	0.0000000682
0	0.0851079847	0.0838544083	0.5315237488	0.2995055159	0.0000083424
0	0.2790390828	0.0001190252	0.1809584595	0.5397024859	0.0001809467
1	0.4822324370	0.0011278951	0.3044605456	0.0874913220	0.1246878003
1	0.0000000000	0.9166450540	0.0020569055	0.0000023851	0.0812956553
0	0.0952557062	0.5406814774	0.0001676157	0.1400532934	0.2238419073
0	0.0041219742	0.0031366090	0.1406710675	0.8520699586	0.0000003907
0	0.3212173760	0.5112423411	0.0538786455	0.0000000000	0.1136616374
1	0.0131068222	0.9505809604	0.0000002638	0.0363102280	0.0000017256
0	0.1603659888	0.2498008833	0.5167629517	0.0200831035	0.0529870728
1	0.0000569855	0.0000204100	0.9807081996	0.0192131733	0.0000012318
0	0.1820299964	0.3708282582	0.2751822062	0.1663872160	0.0055723232
0	0.2391070788	0.6215913311	0.0284490202	0.0027454929	0.1081070769
0	0.0146363913	0.5999711231	0.1469307906	0.1802703116	0.0581913833
0	0.3113271000	0.0325365838	0.1616950175	0.1430622400	0.3513790587
0	0.0388349089	0.1689041408	0.6693334666	0.1182642137	0.0046632700
0	0.0038869743	0.0154104918	0.9531380120	0.0275645220	0.0000000000
1	0.1882271537	0.7635333466	0.0481002694	0.0000902173	0.0000490129
0	0.0037636195	0.0507469473	0.9024342794	0.0000000000	0.0430551539
1	0.7596554207	0.2031723185	0.0000000595	0.0371713552	0.0000008461
2	0.1685660564	0.0394022701	0.0863811034	0.0009807927	0.7046697773
0	0.0346607013	0.7817739161	0.0008714462	0.1017500353	0.0809439011
0	0.0056000679	0.8177085210	0.0026456766	0.0244680835	0.1495776510
0	0.0646038629	0.1760401489	0.5209711132	0.2355598604	0.0028250146
0	0.1376351375	0.6878779150	0.1288655159	0.0289023423	0.0167190893
0	0.1802090493	0.6330532574	0.1640953301	0.0154060036	0.0072363596
0	0.0127501331	0.0583332160	0.0001985548	0.7295270621	0.1991910340
0	0.0000000000	0.1237434676	0.1318867461	0.2623400238	0.4820297625
0	0.2410341959	0.0147761557	0.4775149539	0.2524728671	0.0142018274
0	0.0471048923	0.5097396459	0.0183369880	0.0171634487	0.4076550251
0	0.0006695621	0.1860516117	0.2357100556	0.4852707071	0.0922980635
1	0.0743852769	0.0751799460	0.0669740873	0.5365611090	0.2468995807
0	0.0731724076	0.0621669310	0.0001255387	0.3289370030	0.5355981196
1	0.0032229426	0.3568296600	0.2024356285	0.0479419365	0.3895698325
2	0.0000000092	0.0006429024	0.6433920735	0.0015244941	0.3544405208
1	0.1472201290	0.7360635586	0.0767017061	0.0209539317	0.0190606746
1	0.5567869045	0.2582400376	0.1559057529	0.0290671784	0.0000001265
1	0.1639367147	0.1568852516	0.3141171909	0.2233878922	0.1416729507
1	0.0809055651	0.3630993744	0.5294872182	0.0257034954	0.0008043468
0	0.0000000051	0.2466053569	0.7533946381	0.0000000000	0.0000000000
0	0.0371010909	0.1588599406	0.6608126562	0.0818085979	0.0614177145
1	0.1401945592	0.3393690253	0.2280778553	0.1306944110	0.1616641492
0	0.5448613763	0.3887035130	0.0000000317	0.0271221687	0.0393129103
0	0.7308874787	0.0681087605	0.0642472434	0.1291154833	0.0076410341
1	0.0000361165	0.1268596389	0.8549223928	0.0179920410	0.0001898108
0	0.0063471335	0.3791989359	0.3916354486	0.1182641422	0.1045543399
1	0.0073507085	0.8865156442	0.0271059105	0.0790269085	0.0000008283
0	0.7224273643	0.1881127361	0.0010277989	0.0321280960	0.0563040046
0	0.0198766413	0.8220656213	0.0489776616	0.1086844421	0.0003956336
0	0.0057097117	0.5971653976	0.1667856467	0.1786830511	0.0516561929
0	0.0118937277	0.5058730287	0.2483506653	0.1226458922	0.1112366861
0	0.0811738337	0.5999991350	0.0000000894	0.0985652549	0.2202616870
0	0.0002459110	0.6114949617	0.0000000125	0.3624372322	0.0258218825
0	0.2026110442	0.4872395820	0.0026429793	0.3075060892	0.0000003053
0	0.0011262209	0.2493129627	0.7124084147	0.0371524017	0.0000000000
1	0.0014767201	0.0751085178	0.6874704602	0.0000000000	0.2359443019
2	0.0977153963	0.0064907892	0.8306005639	0.0651927677	0.0000004828
0	0.0226561810	0.2539674407	0.0769828288	0.4534053333	0.1929882163
0	0.0140148844	0.8983349954	0.0851839354	0.0024661847	0.0000000000
0	0.0615349252	0.8137016433	0.1213651603	0.0018703063	0.0015279648
1	0.0000118286	0.0057230185	0.0000654388	0.9915738510	0.0026258631
0	0.0674256264	0.5991866724	0.0774558051	0.2559317638	0.0000001324
1	0.2319771775	0.1324987833	0.6247927005	0.0096359435	0.0010953952
0	0.1705732712	0.0054050201	0.2574933938	0.5437940051	0.0227343098
0	0.0003577328	0.1087163310	0.2451032264	0.5701484893	0.0756742205
0	0.3234962330	0.1376266366	0.0000000696	0.5252244390	0.0136526217
1	0.0063216633	0.5624386304	0.3409615093	0.0358994940	0.0543787030
2	0.0147307615	0.6196684142	0.3072600002	0.0583408242	0.0000000000
0	0.0049200580	0.0719188805	0.1904539764	0.7136367620	0.0190703231
0	0.0014073073	0.1843157558	0.1373380105	0.6313554040	0.0455835224
1	0.0311507087	0.8827279599	0.0000582668	0.0860149766	0.0000480880
0	0.0289250978	0.2512161547	0.0000369440	0.0811222450	0.6386995585
1	0.0000001339	0.0257826797	0.3145342383	0.6441312277	0.0155517204
0	0.0017953169	0.0168575328	0.9565177139	0.0197484486	0.0050809878
0	0.0007029541	0.0386935142	0.7383207975	0.1993438717	0.0229388625
0	0.2365905244	0.6073322266	0.1234569270	0.0078959110	0.0247244109
0	0.0084432195	0.0673956345	0.0316156220	0.8854167825	0.0071287414
1	0.0001929166	0.4978147332	0.4991202990	0.0028720513	0.0000000000
1	0.0356522761	0.1587809047	0.7717118979	0.0338191932	0.0000357281
0	0.4070262596	0.2972251717	0.2957137945	0.0000099066	0.0000248675
