0	0.0000407272	0.0000006204	0.0000000002	0.1476247279	0.8523339244
1	0.1219635066	0.1957100195	0.0057408494	0.6741412938	0.0024443307
1	0.1043767802	0.0002933419	0.0002048769	0.8653079189	0.0298170821
1	0.0002110975	0.0393658549	0.0174142265	0.1539186106	0.7890902104
0	0.0034045643	0.0049751049	0.3981138108	0.4781202431	0.1153862769
1	0.0302683297	0.1561343848	0.7360867166	0.0753041858	0.0022063831
0	0.0000019044	0.0000000314	0.2699831895	0.3663364334	0.3636784413
1	0.0394605143	0.0000279372	0.1676151812	0.0887226501	0.7041737171
1	0.2039469777	0.0000000000	0.2042652176	0.5018191473	0.0899686574
0	0.0617822675	0.0178672598	0.0015799771	0.8432935687	0.0754769269
1	0.5755460530	0.0002063484	0.0000000391	0.0041963607	0.4200511988
0	0.0387817132	0.0273425237	0.0019789247	0.7500804912	0.1818163472
1	0.0006069792	0.0061621749	0.9069963286	0.0859586324	0.0002758849
1	0.1807549487	0.0000000000	0.1249548632	0.6244285338	0.0698616543
0	0.0000002335	0.0009139698	0.7590181720	0.0537795270	0.1862880976
1	0.3239352485	0.0000249696	0.0334876895	0.3821421780	0.2604099144
0	0.0014575005	0.5490696825	0.1948743811	0.2508348893	0.0037635467
0	0.2307105938	0.1157035433	0.0190892937	0.0040695548	0.6304270144
1	0.1309621176	0.0124601141	0.0762264266	0.7743246913	0.0060266504
1	0.0214447730	0.0064942430	0.8054542652	0.1665994255	0.0000072932
2	0.0358126039	0.0069146233	0.0000000000	0.9572727727	0.0000000000
1	0.3168307115	0.0014827092	0.1383522028	0.2831576716	0.2601767048
1	0.9813746068	0.0019529032	0.0007322426	0.0149905896	0.0009496578
0	0.0000000000	0.0840033188	0.0191120481	0.8955053965	0.0013792366
0	0.0249555652	0.2384698868	0.1819706055	0.5545989503	0.0000049922
1	0.7767517363	0.0000000000	0.0157781065	0.0074020099	0.2000681473
0	0.0684233637	0.0000000000	0.0000000000	0.9308687973	0.0007078390
0	0.0062762867	0.0264696681	0.0005146591	0.0000037838	0.9667356023
0	0.0315517621	0.1024537818	0.5611108814	0.0948395531	0.2100440215
2	0.0000000001	0.0000488796	0.0084557718	0.4123125762	0.5791827724
0	0.2293599590	0.1296205630	0.0000000004	0.0000000000	0.6410194776
0	0.0526168889	0.0436052790	0.1235671177	0.6409999331	0.1392107813
0	0.0072853290	0.0099477576	0.7178110395	0.1629920574	0.1019638164
0	0.0000000000	0.0091329020	0.0022760097	0.6680054551	0.3205856332
0	0.2620217900	0.0144231032	0.0055713559	0.7106577405	0.0073260104
0	0.0177127604	0.0978737614	0.0032115154	0.6643022178	0.2168997450
0	0.2649860983	0.0456827140	0.0314086434	0.3612270331	0.2966955111
0	0.1428493753	0.0000000000	0.4723890671	0.0047229877	0.3800385699
1	0.0016747510	0.0000225410	0.0000000000	0.0462031767	0.9520995313
0	0.0347464380	0.0002056845	0.3321909619	0.1378905043	0.4949664112
1	0.6137118824	0.0000558280	0.0218640390	0.1344846353	0.2298836153
0	0.3368596897	0.0923102928	0.1526990403	0.0466931385	0.3714378386
0	0.0003845693	0.4107462853	0.3590127784	0.2298563669	0.0000000000
0	0.0248490385	0.0000878502	0.6623893034	0.3121616694	0.0005121385
0	0.0030015213	0.0525405294	0.0308271621	0.8193416030	0.0942891842
1	0.0000000000	0.0655364104	0.9213040950	0.0112139757	0.0019455188
0	0.0376152834	0.2285994258	0.0342421817	0.6033225026	0.0962206065
0	0.0294505780	0.0134093064	0.0005438901	0.3186874695	0.6379087560
0	0.5446462941	0.0454550040	0.3654072431	0.0031400879	0.0413513709
1	0.0007440639	0.0001885437	0.9989228759	0.0001445166	0.0000000000
0	0.0476695372	0.0176856081	0.0107766621	0.3635944359	0.5602737567
0	0.2626716047	0.0000000054	0.7323687710	0.0048881931	0.0000714258
0	0.0033803721	0.7400689228	0.0000004792	0.2518952799	0.0046549459
1	0.0000000000	0.1238073903	0.1136640465	0.4689601455	0.2935684177
1	0.1836941515	0.0014463042	0.0000000012	0.3104466924	0.5044128508
0	0.0000201228	0.0000151667	0.8348476018	0.0052609304	0.1598561783
1	0.0418908071	0.0000000000	0.0000000000	0.8571727394	0.1009364535
0	0.0061756132	0.1316326128	0.0009096350	0.0000093611	0.8612727778
0	0.0002153604	0.0116632563	0.6179992212	0.0745688282	0.2955533339
0	0.0000339948	0.1782316822	0.0006081611	0.8211258801	0.0000002818
1	0.4545490822	0.0820970228	0.0265078652	0.0651595385	0.3716864913
0	0.0159466572	0.0000545106	0.0695626639	0.8622951563	0.0521410120
0	0.0048277250	0.2162034684	0.0012475004	0.6726169855	0.1051043206
1	0.4032204196	0.0613798991	0.0001152005	0.5199587631	0.0153257177
0	0.0279585578	0.0000000058	0.0025447189	0.9413097095	0.0281870080
0	0.2734516050	0.0421531095	0.0000073963	0.6633737393	0.0210141499
0	0.1364837456	0.1631327879	0.2609866067	0.4315462927	0.0078505670
0	0.0255321155	0.7632082416	0.0000000677	0.0883617375	0.1228978376
1	0.1969635372	0.0000152841	0.0546306657	0.7311333200	0.0172571930
1	0.0000000000	0.1477654955	0.0185560506	0.0169821113	0.8166963426
0	0.0527385026	0.0000108293	0.3822749386	0.1379888390	0.4269868906
0	0.3145178110	0.5966604390	0.0798437605	0.0000014804	0.0089765091
2	0.1573512542	0.0778400278	0.0784394912	0.1819176778	0.5044515490
0	0.0833411294	0.0023556828	0.0000001620	0.8812475950	0.0330554309
1	0.8498822059	0.0901265797	0.0335341984	0.0020600654	0.0243969507
0	0.0644055316	0.0120505857	0.0636433331	0.7044288876	0.1554716620
1	0.2666122752	0.0469856474	0.0095580044	0.6768434695	0.0000006035
1	0.0028973420	0.0000000016	0.0741626253	0.2885766296	0.6343634016
0	0.2188937394	0.0728647275	0.5009919126	0.0000852296	0.2071643908
0	0.0059536722	0.0483830101	0.0479045409	0.7285617770	0.1691969999
0	0.2018578376	0.0246475555	0.0161521974	0.7211604853	0.0361819242
1	0.0628633388	0.9341825794	0.0000000000	0.0029539313	0.0000001505
2	0.2366780626	0.0000019156	0.0714840296	0.6912038678	0.0006321243
0	0.0407037205	0.3439086589	0.0000000001	0.6105614991	0.0048261214
0	0.0000013178	0.0808688855	0.0563518681	0.8463771928	0.0164007358
1	0.0001180493	0.0111990604	0.9489455282	0.0395573253	0.0001800368
0	0.2139574640	0.0589448063	0.0005598616	0.6903436347	0.0361942334
0	0.1074189417	0.0010347992	0.0080876225	0.7858241041	0.0976345324
1	0.2013203896	0.0309698023	0.0727253265	0.6201710085	0.0748134731
0	0.1130019289	0.0000011750	0.0373627801	0.8177135986	0.0319205174
2	0.0049659781	0.0002918096	0.3388310773	0.5838338980	0.0720772371
1	0.1867403095	0.1991246566	0.0000000000	0.6141348606	0.0000001732
0	0.4158924832	0.1021930849	0.0010228504	0.4181776030	0.0627139785
0	0.1290035762	0.0002774110	0.8707178731	0.0000009258	0.0000002140
0	0.0246028740	0.1881902090	0.0008514935	0.0152890632	0.7710663604
0	0.3809437307	0.0001198130	0.0344492717	0.5537421723	0.0307450123
0	0.0996122557	0.0590949878	0.0299821232	0.0456368002	0.7656738331
1	0.1778895079	0.0767062428	0.2165696240	0.1794475419	0.3493870834
0	0.0108684531	0.0003140307	0.7752307518	0.2135852166	0.0000015478
0	0.0589050691	0.0020327553	0.3704052292	0.2909245615	0.2777323849
