1	0.0091737548	0.0110692484	0.1526514783	0.8270137877	0.0000917309
0	0.2449415683	0.1382567537	0.5668145383	0.0231116533	0.0268754863
0	0.0067782952	0.0000000000	0.0072100931	0.9860024043	0.0000092075
0	0.2743862221	0.1293403695	0.0000000000	0.3622638452	0.2340095632
1	0.0245387892	0.0000603041	0.0790947156	0.4640823602	0.4322238309
0	0.0711798735	0.0384670243	0.1378240401	0.2979634371	0.4545656250
0	0.0000000000	0.0629908450	0.0000907101	0.9363452575	0.0005731874
0	0.7573932412	0.0995863808	0.0144953632	0.1084886878	0.0200363270
0	0.0000098949	0.0000007301	0.0103648313	0.0210890566	0.9685354871
1	0.3445121624	0.0000232001	0.2381759861	0.3715361069	0.0457525446
1	0.0322282780	0.0644986252	0.0000000809	0.7200986534	0.1831743626
0	0.5202946224	0.0416461020	0.0000024333	0.4371335018	0.0009233405
2	0.2493241017	0.0004798080	0.0000001270	0.7501553521	0.0000406112
1	0.0559082904	0.0223263991	0.1357298929	0.7574732013	0.0285622165
0	0.0000000000	0.0000000000	0.0000000919	0.4172257530	0.5827741551
1	0.0017002396	0.0009924822	0.4463161062	0.1208265094	0.4301646626
0	0.0231540645	0.0997443756	0.6983395379	0.0337352726	0.1450267494
0	0.0804597837	0.0506654710	0.0037627563	0.6006677631	0.2644442259
1	0.0000296437	0.4367268461	0.2574932130	0.0000601403	0.3056901569
0	0.0310964472	0.0016161259	0.0026178563	0.9641490591	0.0005205115
1	0.0616390164	0.1476868570	0.0732442292	0.7142580193	0.0031718781
0	0.0079247209	0.0000000007	0.1511070863	0.5999476497	0.2410205423
1	0.6767532649	0.0013045758	0.0898368743	0.1600061261	0.0720991589
0	0.0007195027	0.0426619817	0.0171665595	0.4753893705	0.4640625857
0	0.0000000000	0.0074408893	0.9147473778	0.0778074031	0.0000043298
1	0.5368762218	0.0000000000	0.0960799073	0.0000010937	0.3670427772
0	0.8892631051	0.0175064673	0.0000000000	0.0000000000	0.0932304275
1	0.3477003755	0.1553625272	0.0453006834	0.3048094410	0.1468269729
0	0.9211380263	0.0000000292	0.0015508305	0.0383283977	0.0389827161
1	0.3337262299	0.2178248013	0.0589055615	0.2744938196	0.1150495878
0	0.7076755138	0.0574008045	0.0053751815	0.2295007999	0.0000477003
1	0.0662978770	0.0000119773	0.1615072467	0.0370872519	0.7350956471
0	0.0008709091	0.3833858189	0.0237588180	0.5514916799	0.0404927740
0	0.0000114438	0.0588723275	0.0811295210	0.0620343939	0.7979523137
1	0.7088824929	0.0127040978	0.1822316185	0.0947295354	0.0014522554
0	0.0066183663	0.0085549686	0.0086905883	0.0632086619	0.9129274148
0	0.1616207667	0.4150840731	0.3528420430	0.0281228543	0.0423302628
0	0.9090791542	0.0010674817	0.0000032928	0.0136728997	0.0761771717
1	0.0374962530	0.3152955333	0.5813833097	0.0173757217	0.0484491824
0	0.0956659800	0.0400586804	0.4081306985	0.0168379355	0.4393067056
0	0.0476735834	0.0101311102	0.0000775756	0.9359073964	0.0062103345
1	0.0018103207	0.0000000000	0.0798115705	0.7011309542	0.2172471546
2	0.0526022019	0.0000000000	0.2251553676	0.1141103014	0.6081321291
0	0.0143787135	0.0204499461	0.0405936926	0.9245764793	0.0000011685
1	0.0000000000	0.0467189029	0.0381198412	0.0018293195	0.9133319365
1	0.0426125202	0.1240746257	0.1323089469	0.6416984254	0.0593054818
0	0.0237492652	0.0000000000	0.0942104282	0.8820403065	0.0000000001
0	0.0000018751	0.7612296180	0.0014496018	0.0318136963	0.2055052088
0	0.4035724583	0.1418602907	0.0000000002	0.0000017030	0.4545655478
1	0.2907771401	0.0377508517	0.0078091535	0.5801987267	0.0834641280
0	0.0096946077	0.0000000000	0.0913399812	0.8989653100	0.0000001011
0	0.5135963676	0.0019432308	0.4774258830	0.0069959238	0.0000385946
1	0.0067116118	0.4181810130	0.1352814444	0.3268726861	0.1129532448
0	0.0692240102	0.0120202706	0.0533510122	0.7441442147	0.1212604923
1	0.0162609373	0.0000000096	0.1100640436	0.2311869470	0.6424880625
2	0.0410374644	0.0000000000	0.2342930245	0.6986122377	0.0260572734
1	0.2432559424	0.0093556605	0.0000000000	0.6888220440	0.0585663531
1	0.0043726659	0.0102804576	0.7861500495	0.1566211295	0.0425756975
0	0.0138442555	0.0434733262	0.0000202338	0.9426621525	0.0000000320
1	0.3808739742	0.0000000000	0.4117291644	0.1960156124	0.0113812490
0	0.0646571575	0.0000000020	0.0223318978	0.0064841595	0.9065267833
1	0.0738017499	0.2824032268	0.0000147073	0.0474777278	0.5963025882
1	0.0227126468	0.0393466595	0.0305160173	0.8400589471	0.0673657293
1	0.0002289899	0.0450225093	0.0011429598	0.3305758333	0.6230297077
0	0.0194425972	0.7776586541	0.0000936129	0.1847250801	0.0180800557
0	0.2543807483	0.6511132489	0.0110244736	0.0511910072	0.0322905221
0	0.3996666877	0.0029485931	0.0187831122	0.4359096949	0.1426919121
1	0.3090666995	0.3182083554	0.2775876535	0.0000082658	0.0951290258
0	0.0000000000	0.0737768220	0.4084708354	0.5159984882	0.0017538544
1	0.2606224120	0.0000000000	0.0621361930	0.3017031162	0.3755382788
0	0.0000000000	0.0339908563	0.0156938952	0.0070558909	0.9432593575
1	0.3762856299	0.0000000022	0.0228155282	0.0126775306	0.5882213091
0	0.0031241115	0.3574701960	0.0062623822	0.6331433089	0.0000000013
1	0.0598023846	0.0000000000	0.2981715131	0.2417351281	0.4002909741
0	0.0002806595	0.4251234770	0.0000000096	0.0440753976	0.5305204563
1	0.0052831377	0.0005376319	0.0292306581	0.4921385466	0.4728100257
1	0.0023130620	0.0000000000	0.0705520999	0.9252886480	0.0018461901
0	0.0524685008	0.2364013561	0.0014481013	0.5529013931	0.1567806487
0	0.5775448519	0.0100939502	0.1504088541	0.2617389969	0.0002133469
1	0.0559314365	0.1421834824	0.4280667661	0.3737998135	0.0000185015
1	0.0852561881	0.2479297164	0.0014492736	0.6303577117	0.0350071102
1	0.4162355277	0.0013588928	0.0194677896	0.0771834917	0.4857542981
0	0.0056051394	0.2897781095	0.0013152299	0.5615310929	0.1417704283
1	0.1078025453	0.1243690990	0.0103060173	0.2718092854	0.4857130530
0	0.2778096030	0.0055213075	0.0036177122	0.0096931288	0.7033582485
1	0.0000001036	0.0010680093	0.0689272644	0.1852474622	0.7447571605
0	0.0014159209	0.0010501530	0.0074888279	0.9691785626	0.0208665356
0	0.0010694487	0.0000734055	0.1874830004	0.5577719111	0.2536022343
1	0.6248604891	0.0000000001	0.0000212439	0.3613798415	0.0137384254
0	0.0000000797	0.0257555004	0.0000346904	0.1172223007	0.8569874288
0	0.0085321887	0.0035715232	0.2572918775	0.7124053900	0.0181990207
1	0.0453905871	0.0093399975	0.0713639575	0.5769759419	0.2969295161
0	0.1518206511	0.0000633662	0.0003489600	0.5243631515	0.3234038712
0	0.0921014377	0.2430190279	0.0000907086	0.6218572641	0.0429315617
0	0.0250280790	0.0680614283	0.0000000000	0.5434342411	0.3634762516
2	0.0000002452	0.3859068040	0.1186009387	0.4216429919	0.0738490202
1	0.0008405023	0.5429809921	0.0932247799	0.1954596597	0.1674940659
0	0.0256740538	0.1934377772	0.0231761415	0.6440916926	0.1136203349
0	0.0537119932	0.0554692009	0.1632929399	0.7231659246	0.0043599415
0	0.0238979776	0.3644139346	0.4444326624	0.0989281128	0.0683273127
