0	0.0001137129	0.1497013615	0.2725725529	0.2790293949	0.2985829778
0	0.0159798989	0.0171383391	0.2203790952	0.7359694467	0.0105332201
0	0.0006846394	0.0292089382	0.0968107949	0.6147303839	0.2585652436
0	0.0271787016	0.4423967992	0.0630859525	0.4366081332	0.0307304135
2	0.0550186332	0.1335690122	0.2425024551	0.1405148431	0.4283950564
0	0.0000531824	0.3175651555	0.1865931524	0.4712844955	0.0245040142
0	0.1671261009	0.3737402587	0.0175176367	0.4102926906	0.0313233131
0	0.3283209235	0.0327376545	0.2699955131	0.0175115312	0.3514343777
1	0.0048970585	0.6686598534	0.2781312134	0.0088090642	0.0395028106
0	0.0261527628	0.0265153939	0.0974705097	0.1808876594	0.6689736742
1	0.0876273931	0.0799021641	0.1432745228	0.5463744601	0.1428214599
0	0.0000897500	0.2868726313	0.1440197161	0.1010267309	0.4679911717
0	0.1382485852	0.8572231820	0.0001903474	0.0017857268	0.0025521585
1	0.0049093402	0.2493034454	0.1662531740	0.5795340403	0.0000000001
1	0.0349778137	0.0792812494	0.0002590034	0.8230410753	0.0624408582
1	0.0000000032	0.3643451267	0.1713793202	0.4642754222	0.0000001278
0	0.0017690727	0.2679141370	0.7300923122	0.0000001111	0.0002243669
1	0.0005639775	0.1251624499	0.0998282864	0.2922872561	0.4821580302
0	0.0444647654	0.0079740831	0.5949273107	0.2943322849	0.0583015558
0	0.0438979519	0.4298123123	0.1188391781	0.0594816720	0.3479688858
0	0.1945035039	0.0143264622	0.0016276920	0.7895381236	0.0000042184
0	0.0000013647	0.7763732976	0.1495489417	0.0740760123	0.0000003837
1	0.3053844798	0.2433207966	0.0153386822	0.4359549527	0.0000010887
1	0.0000935632	0.6627913230	0.0040020516	0.2602870510	0.0728260113
1	0.5771415959	0.0032042949	0.2432055477	0.0573751520	0.1190734095
1	0.0415368109	0.7954899815	0.0131283483	0.1326415508	0.0172033085
0	0.0167317072	0.0981285740	0.0651045685	0.8172736385	0.0027615118
1	0.0000000000	0.4295450016	0.3372914705	0.0000621022	0.2331014256
1	0.0000012682	0.0378148924	0.7391342266	0.1551197996	0.0679298132
1	0.0003849738	0.4623247250	0.3123652095	0.2249250917	0.0000000000
1	0.0000000003	0.6862806999	0.1268062682	0.1869070263	0.0000060053
0	0.0000284230	0.4293643700	0.0000000000	0.2123267375	0.3582804695
0	0.0000000000	0.3079022513	0.0584239038	0.5584594504	0.0752143945
0	0.2585786638	0.0545655395	0.3540157764	0.2479731336	0.0848668868
2	0.2919358950	0.4563341023	0.0411353762	0.2088523036	0.0017423230
1	0.3874572977	0.6097209401	0.0014025402	0.0010491534	0.0003700685
1	0.0140957034	0.4275001959	0.5584040927	0.0000000079	0.0000000000
0	0.0000007018	0.1275442345	0.7086412137	0.0009849869	0.1628288631
0	0.6940421913	0.0311217094	0.1232560248	0.1451745747	0.0064054998
0	0.0360085256	0.0139952249	0.8529396452	0.0333724020	0.0636842023
0	0.0209144050	0.0154101948	0.0158145388	0.9477739910	0.0000868704
1	0.0007027103	0.1265768045	0.6994191830	0.0182821767	0.1550191255
0	0.0000005500	0.1559503699	0.7051991068	0.1321888874	0.0066610859
0	0.0036111571	0.3487969731	0.3005675906	0.3470242790	0.0000000001
1	0.0248718416	0.2825557002	0.0000025549	0.6886130482	0.0039568551
0	0.4258893693	0.3929018465	0.0088726857	0.0182573406	0.1540787579
0	0.0789795182	0.5284234314	0.0446330527	0.3383546912	0.0096093066
0	0.0355995565	0.2971683240	0.5081189609	0.1561460972	0.0029670614
1	0.0495792653	0.2741743315	0.4134259693	0.0000000208	0.2628204131
1	0.1768429260	0.7171507520	0.0653774482	0.0390130959	0.0016157779
0	0.0039205726	0.3120524962	0.5991864032	0.0518742843	0.0329662437
0	0.0119231747	0.5203750353	0.0535447901	0.3993081444	0.0148488556
1	0.0035990042	0.4910447612	0.1211477157	0.3842085188	0.0000000000
1	0.0179924083	0.7948653167	0.0971200204	0.0523058337	0.0377164209
0	0.4621114165	0.0791270658	0.4587377051	0.0000163627	0.0000074499
1	0.0024326466	0.3683369946	0.1393287504	0.3723086971	0.1175929113
1	0.6462606312	0.2642454986	0.0000057350	0.0894654894	0.0000226456
0	0.0428336733	0.1115117007	0.0035300055	0.7893831298	0.0527414907
0	0.0138431108	0.1435598120	0.6514059591	0.1866825332	0.0045085849
0	0.3482803678	0.0001337897	0.6515812599	0.0000045826	0.0000000000
0	0.0804288819	0.3598933306	0.5543196716	0.0000384276	0.0053196882
1	0.8348673978	0.0065991522	0.1394140445	0.0000000000	0.0191194056
0	0.0958900868	0.1313280448	0.6494398870	0.0089842649	0.1143577165
0	0.3081266966	0.0514006696	0.0038949902	0.5315628730	0.1050147706
0	0.0993386461	0.0290071070	0.8333622943	0.0380931096	0.0001988431
2	0.0004020368	0.0000000002	0.0894862884	0.9069653661	0.0031463084
0	0.0098418892	0.9470358048	0.0001389514	0.0083018470	0.0346815076
1	0.1188457033	0.0066337496	0.7407866981	0.1264652005	0.0072686485
2	0.2633331359	0.0570883659	0.6210769331	0.0297271097	0.0287744554
0	0.0000001372	0.5463929765	0.0946536701	0.3589532162	0.0000000000
1	0.3418351944	0.2898777321	0.3464407100	0.0218461735	0.0000001899
0	0.0015889536	0.0253689584	0.9399550509	0.0000007063	0.0330863308
0	0.0359663863	0.2809846895	0.6190640809	0.0639847195	0.0000001239
0	0.0183886620	0.7760369797	0.0014009059	0.2040534458	0.0001200067
0	0.0166554670	0.0409979263	0.7444951250	0.1142957486	0.0835557331
2	0.0000000108	0.7603522931	0.0206755501	0.0068301752	0.2121419708
0	0.0132522537	0.0055018683	0.5063311688	0.0002770884	0.4746376207
0	0.4853709313	0.0773611263	0.3643416634	0.0652434929	0.0076827861
0	0.0000000000	0.0655054439	0.8963282693	0.0111664528	0.0269998340
0	0.0161691163	0.6903661521	0.1572502695	0.0874098450	0.0488046171
0	0.0614616319	0.0998314185	0.0902954510	0.7460675295	0.0023439691
1	0.0981160762	0.1361230774	0.5942312879	0.1660944770	0.0054350816
0	0.0041173021	0.9514098883	0.0378113910	0.0066453214	0.0000160973
0	0.0000006124	0.0665705913	0.2863077674	0.0000019426	0.6471190863
1	0.0982570137	0.7637475621	0.0374092318	0.1005861924	0.0000000000
0	0.0487254760	0.7069397027	0.1345269650	0.0000000000	0.1098078563
0	0.0229711849	0.1139250332	0.8352071419	0.0033548998	0.0245417402
1	0.0000000002	0.2715013139	0.2570635547	0.0383583523	0.4330767788
0	0.0007417566	0.0453128794	0.1053158477	0.3484025869	0.5002269294
1	0.0136240354	0.2823902915	0.6447293030	0.0168963071	0.0423600629
1	0.1213835569	0.0508392675	0.7702840051	0.0198466545	0.0376465161
0	0.0213888780	0.2256948064	0.7383553820	0.0034529067	0.0111080270
0	0.0000059820	0.0220462723	0.9198762723	0.0524625614	0.0056089121
0	0.3086954236	0.0002992847	0.1558854531	0.5332036964	0.0019161422
0	0.0003263476	0.2810545268	0.3551456325	0.0538449807	0.3096285124
0	0.1062184535	0.5205397337	0.0000000033	0.3732418095	0.0000000000
0	0.1737722988	0.4751598756	0.1605263036	0.1840246797	0.0065168422
0	0.0026878294	0.0657667811	0.1040690316	0.8201280010	0.0073483568
0	0.0127549240	0.8151521142	0.1719947755	0.0000000000	0.0000981863
0	0.0000000000	0.0840130462	0.0000000296	0.9159869242	0.0000000000
