0	0.4144930472	0.0000000000	0.0923754638	0.4037446014	0.0893868876
0	0.1047093485	0.0000065245	0.0011527474	0.6591278392	0.2350035404
0	0.0069757618	0.0021363046	0.0001147531	0.4921423491	0.4986308314
0	0.0163625354	0.0446874491	0.0535928908	0.8853520189	0.0000051059
0	0.1086922959	0.1233201677	0.0030754529	0.5836259654	0.1812861182
2	0.2942656713	0.0067731026	0.0302532508	0.6586811324	0.0100268429
0	0.1647838200	0.1123034293	0.4014838784	0.1936191984	0.1278096738
0	0.0078871947	0.0001294536	0.0000765425	0.6441799646	0.3477268446
0	0.6612787742	0.0070622827	0.3316588414	0.0000000000	0.0000001016
0	0.0291529172	0.0000000155	0.3486665461	0.2893761036	0.3328044176
0	0.0000000000	0.0187593580	0.0053509908	0.2659588231	0.7099308281
0	0.0121419863	0.0933217519	0.2976990309	0.2042212027	0.3926160281
1	0.0000315342	0.0772005095	0.0000256912	0.7891303384	0.1336119268
1	0.1493398539	0.0000000000	0.8350798942	0.0155802519	0.0000000000
0	0.1733521332	0.0005956878	0.0038137005	0.6064973599	0.2157411186
0	0.0567551705	0.0296413936	0.2123525285	0.3194973977	0.3817535097
0	0.0127734606	0.9542040808	0.0004222196	0.0171309664	0.0154692727
1	0.0023579539	0.4438424972	0.1414002403	0.0449797476	0.3674195610
1	0.0651502528	0.0002071024	0.1251900472	0.7393335738	0.0701190238
0	0.0124743061	0.4016573190	0.2992677925	0.2531647854	0.0334357969
1	0.6750213986	0.0003787834	0.2356824524	0.0153499054	0.0735674603
1	0.2324241841	0.0000000000	0.1928766371	0.1329856831	0.4417134957
0	0.2398833258	0.0000390131	0.0088984275	0.7033342141	0.0478450195
0	0.0136962263	0.1194220835	0.2667261770	0.0022009054	0.5979546077
1	0.1521692601	0.0353136161	0.0045396537	0.7819468809	0.0260305893
0	0.0713516378	0.1069976869	0.0547882698	0.0562371574	0.7106252481
1	0.0043904680	0.1761913733	0.0000000000	0.0310084616	0.7884096970
2	0.0000002979	0.5783029867	0.2853886514	0.1015957816	0.0347122825
1	0.0139616080	0.0004336360	0.1923944292	0.0002038432	0.7930064836
1	0.0000077409	0.0000013016	0.2845464384	0.0280583395	0.6873861796
1	0.0196278317	0.0602473759	0.0175753029	0.8895257289	0.0130237606
1	0.0100692364	0.0000000000	0.8745317195	0.1148498940	0.0005491501
1	0.3733695791	0.0492147986	0.0014268676	0.5759885570	0.0000001978
0	0.0421754242	0.2700875404	0.0000828961	0.6876285691	0.0000255702
0	0.0011501215	0.0000024471	0.2285172816	0.6880005761	0.0823295736
0	0.0029603121	0.4269070121	0.0615530208	0.0215248936	0.4870547614
1	0.1905357318	0.0000000056	0.1344305101	0.0242268267	0.6508069258
0	0.0000000110	0.0550732163	0.0000000048	0.9448745079	0.0000522601
0	0.0202842520	0.1250047310	0.1674160331	0.0945517009	0.5927432830
0	0.0098303708	0.0306240516	0.0000123340	0.0038816355	0.9556516081
1	0.0273786424	0.0000000000	0.0000000002	0.0863888739	0.8862324835
0	0.0821161802	0.0707795562	0.1067358027	0.4734032038	0.2669652570
0	0.0003416889	0.1340371048	0.0351837129	0.8095373661	0.0209001273
1	0.0000136056	0.6842771317	0.0336153086	0.2816859230	0.0004080311
1	0.5948665058	0.0002280590	0.0677336452	0.2941875818	0.0429842082
0	0.0010000187	0.0000000098	0.0714964507	0.5477564441	0.3797470767
1	0.0002372787	0.7531553060	0.0227686822	0.0600464455	0.1637922877
1	0.0265252476	0.0018332174	0.4457498558	0.4149072942	0.1109843851
0	0.1351101767	0.0499821342	0.0025374788	0.8123294406	0.0000407698
0	0.0876034574	0.0450075115	0.0111846625	0.7804171009	0.0757872678
0	0.0852890038	0.0009302783	0.2941780719	0.6196011791	0.0000014669
0	0.0973592092	0.3304783427	0.0091474694	0.5514095289	0.0116054498
0	0.0294948886	0.0695249506	0.3477245047	0.0520058546	0.5012498015
1	0.1967344033	0.0000411006	0.0248241370	0.1339704058	0.6444299533
0	0.0000000000	0.0009479310	0.0169046699	0.8999245673	0.0822228318
0	0.1999304001	0.0000000078	0.0037403672	0.2270205726	0.5693086523
0	0.1297827392	0.0040432249	0.0983469639	0.3507140060	0.4171130660
0	0.1191697115	0.0328225353	0.7978390587	0.0501537383	0.0000149562
0	0.0126964201	0.0000000000	0.1484746188	0.6312992230	0.2075297381
0	0.0000031801	0.0170221628	0.3515280529	0.1370241450	0.4944224592
0	0.1947559960	0.0000000000	0.0000736958	0.7920336936	0.0131366146
0	0.0000000000	0.0000000277	0.0094090551	0.9682280243	0.0223628929
0	0.0902260028	0.3353985381	0.3034833227	0.0892291246	0.1816630118
0	0.0045680057	0.0135700310	0.5757307521	0.0033663965	0.4027648146
1	0.0331389022	0.0000000005	0.1055028171	0.6997549583	0.1616033219
1	0.0228628809	0.0348665032	0.0000017579	0.9422688535	0.0000000046
0	0.0004261107	0.0156442277	0.0000000000	0.1175560518	0.8663736098
0	0.0000264202	0.2255876989	0.0006014266	0.0603538452	0.7134306091
0	0.0008385359	0.0000000000	0.0006183025	0.7594814446	0.2390617170
0	0.0156009167	0.0000000000	0.1368020427	0.7302482740	0.1173487666
1	0.0000290664	0.0024166335	0.0000000171	0.9220776753	0.0754766076
1	0.0000000004	0.5630216971	0.0809356280	0.2634578997	0.0925847747
1	0.9004926591	0.0089975349	0.0000000000	0.0905097522	0.0000000537
1	0.0020073091	0.9543409337	0.0432870053	0.0001819703	0.0001827816
0	0.4131649074	0.1100400373	0.0016547003	0.1752575108	0.2998828441
2	0.3610268737	0.0000000160	0.0000000000	0.1148660503	0.5241070600
0	0.0129006679	0.0085567275	0.0310274361	0.8896756747	0.0578394937
1	0.0040917188	0.0000000542	0.7562721649	0.2396067794	0.0000292826
0	0.0000026167	0.0000077029	0.0935688760	0.8956272150	0.0107935895
0	0.1713846612	0.3026623780	0.0099237263	0.4159944703	0.1000347641
0	0.0000000000	0.9377510116	0.0234332248	0.0004088975	0.0384068661
0	0.0000235555	0.4211076035	0.0292612227	0.1677833233	0.3818242950
0	0.0000000020	0.0162242955	0.0152244736	0.9107565906	0.0577946383
0	0.3620841025	0.0000088483	0.1020770390	0.5358300042	0.0000000061
0	0.7598572624	0.0052336586	0.0009412393	0.2334785479	0.0004892919
1	0.0547443105	0.0000000872	0.6137714959	0.0669753522	0.2645087542
0	0.2999686519	0.1609003459	0.0178214728	0.4246770365	0.0966324928
0	0.2335247880	0.0058002275	0.0000000000	0.5443025093	0.2163724752
1	0.0084957052	0.0058859523	0.0073571929	0.9687946584	0.0094664911
1	0.0000000009	0.1094180820	0.7522220617	0.1383598554	0.0000000000
1	0.4437126482	0.0091305739	0.5202141574	0.0269426205	0.0000000000
1	0.1501971755	0.5643197518	0.0621488396	0.0588230270	0.1645112061
1	0.0346143386	0.3959361830	0.0065220399	0.0656583489	0.4972690896
0	0.0178932541	0.1701856762	0.1146827593	0.5172803152	0.1799579951
0	0.0619455702	0.4442522769	0.0876490158	0.4043242785	0.0018288586
0	0.0332874693	0.0741005034	0.0464169367	0.7013150584	0.1448800322
0	0.0652011998	0.0124009884	0.3865081876	0.5358855507	0.0000040735
1	0.0138255698	0.0239663828	0.0445390324	0.9173195530	0.0003494620
0	0.0171334011	0.0915048211	0.0240961892	0.8296400276	0.0376255611
1	0.0442668623	0.1488632303	0.0003495867	0.0579610104	0.7485593101
