0	0.0018058297	0.9507005723	0.0165627035	0.0309302756	0.0000006190
2	0.0017966235	0.0001363598	0.9971107113	0.0003664895	0.0005898158
0	0.1170084978	0.4268252141	0.0172685008	0.1076230272	0.3312747601
1	0.1152173734	0.0037213461	0.1340789537	0.1258255231	0.6211568036
0	0.2266927063	0.1638777063	0.1094383520	0.2544811178	0.2455101176
0	0.0006704052	0.0000590341	0.7927098252	0.2065607353	0.0000000002
0	0.0701486639	0.0355993760	0.3167549066	0.0016414266	0.5758556269
1	0.1820187103	0.0087236832	0.3947993190	0.3815597756	0.0328985119
0	0.5561493078	0.3005256261	0.1181632262	0.0003259929	0.0248358471
1	0.0204119994	0.0061897636	0.0418533375	0.7867924737	0.1447524258
0	0.0923273417	0.4831760665	0.0152012124	0.4092953793	0.0000000000
1	0.2894715223	0.1664284373	0.0926893894	0.1336293322	0.3177813189
1	0.0643915456	0.1484987524	0.0366429861	0.0156412207	0.7348254953
2	0.1065906302	0.0030133678	0.4502337366	0.2610017335	0.1791605320
0	0.5643059056	0.0118316199	0.0018548031	0.3761548902	0.0458527813
0	0.3335593815	0.0114376730	0.2178960226	0.3706075023	0.0664994206
0	0.0013129401	0.9748872144	0.0035373844	0.0201566946	0.0001057665
0	0.1347959458	0.0232611030	0.7677219079	0.0742210433	0.0000000000
0	0.0430216110	0.0015324257	0.8927741945	0.0624872415	0.0001845272
0	0.0000137487	0.0000151002	0.5225456122	0.0000116443	0.4774138946
0	0.1274591395	0.3518646776	0.5120821128	0.0059758031	0.0026182671
0	0.0148360173	0.0226044289	0.0000665408	0.1021473261	0.8603456870
0	0.1033578494	0.0076878342	0.0111001857	0.8547985470	0.0230555837
0	0.1904378111	0.0787010056	0.0852260884	0.6454125733	0.0002225216
0	0.0334956814	0.5081157692	0.1826719628	0.2755995434	0.0001170432
0	0.0085098296	0.0019973218	0.8795444976	0.0852589221	0.0246894289
0	0.0177680036	0.1645193624	0.6896181347	0.0003952102	0.1276992891
0	0.2598878551	0.3421115487	0.2449204642	0.0087751662	0.1443049658
0	0.0469852521	0.0438393735	0.8999982533	0.0000425447	0.0091345765
0	0.0290788406	0.8966183076	0.0739258193	0.0001884870	0.0001885455
0	0.0039335287	0.0125054683	0.9486318368	0.0000908344	0.0348383318
1	0.0329499773	0.1832215875	0.6005678881	0.0972778884	0.0859826587
0	0.2102679927	0.6338376332	0.0462741205	0.0041141883	0.1055060654
0	0.1276671492	0.0826221374	0.6749094934	0.0779824009	0.0368188192
0	0.1800374134	0.1546633138	0.3284300304	0.2986899398	0.0381793026
0	0.0500567259	0.0395160963	0.4852817540	0.3732411737	0.0519042501
0	0.0087376536	0.5474142199	0.0045354279	0.0221769691	0.4171357294
0	0.0164665811	0.5972664500	0.0000000000	0.3829455747	0.0033213942
1	0.0000320881	0.0385369866	0.1104152927	0.8434724127	0.0075432199
0	0.0261256522	0.0089525010	0.0071337512	0.4910244142	0.4667636813
1	0.0000096713	0.4590727140	0.4963757396	0.0395413423	0.0050005328
0	0.0170987339	0.1128944967	0.2141366995	0.1872608873	0.4686091826
0	0.0000011230	0.8753568745	0.0627742641	0.0344465222	0.0274212161
0	0.0821454437	0.2274495438	0.0057961380	0.6815277586	0.0030811159
0	0.4280427491	0.4314710071	0.0006252333	0.1198382994	0.0200227111
1	0.8056122282	0.0004882974	0.1925398313	0.0013595009	0.0000001422
0	0.0001495399	0.0166251103	0.9354133017	0.0021356573	0.0456763908
1	0.1863043891	0.1478078637	0.0392655867	0.2736636072	0.3529585533
0	0.2925083440	0.0001005041	0.3625843243	0.3280865789	0.0167202487
2	0.0000002378	0.6520298870	0.0000000000	0.2076025491	0.1403673261
0	0.0000000000	0.3626401233	0.4789551820	0.1584046947	0.0000000000
1	0.0013536152	0.2622159336	0.3009666709	0.1169103449	0.3185534354
0	0.2558587234	0.0009558045	0.0479311535	0.1886896468	0.5065646717
0	0.4732274924	0.2713927098	0.2454624854	0.0002133399	0.0097039726
0	0.4892635110	0.0915164076	0.4159065330	0.0000127846	0.0033007638
1	0.0000000414	0.0208575809	0.8745749222	0.0254011635	0.0791662920
0	0.0037268307	0.0081159801	0.5424302246	0.3926491892	0.0530777754
1	0.0085131799	0.4997783503	0.1301022721	0.0682252795	0.2933809182
0	0.0349377179	0.0001825550	0.4677470023	0.3807742450	0.1163584797
1	0.1621412889	0.0007752699	0.2699220249	0.0030018146	0.5641596018
0	0.0301070931	0.6375616137	0.0146724893	0.2285357586	0.0891230452
0	0.0048925516	0.2590983417	0.5039279972	0.2011006790	0.0309804305
0	0.0028420710	0.0000000000	0.4488366678	0.3687502510	0.1795710103
1	0.1829641345	0.0546946886	0.6613085631	0.1010326137	0.0000000000
0	0.1546455073	0.7907174014	0.0009228031	0.0537142882	0.0000000000
0	0.0676954446	0.0588706373	0.4330790754	0.4403548427	0.0000000000
0	0.3840253002	0.3152575777	0.0238644587	0.1729968805	0.1038557830
1	0.1114518544	0.2023553723	0.6861644406	0.0000000000	0.0000283326
0	0.2864089989	0.1291583701	0.3668768507	0.0131807058	0.2043750745
1	0.0001091732	0.4940344595	0.0000004947	0.4381870040	0.0676688686
0	0.0023783973	0.0002202598	0.9840687135	0.0133323149	0.0000003145
0	0.0000000000	0.3398309276	0.0640261194	0.5956249336	0.0005180194
0	0.5729799915	0.0076503622	0.0167323792	0.0522997281	0.3503375389
0	0.1019057544	0.1637524217	0.7195477893	0.0057735616	0.0090204731
1	0.0322107271	0.4221731335	0.3510038075	0.1575945680	0.0370177638
0	0.0374882722	0.2111659801	0.7270369544	0.0123961792	0.0119126140
1	0.1343144232	0.7452235114	0.0024815442	0.1176217086	0.0003588127
0	0.5762625866	0.0078290912	0.1433712352	0.2460148145	0.0265222726
0	0.0051912589	0.5870420454	0.1518676676	0.2258992670	0.0299997611
1	0.1944977989	0.0371284502	0.4461825857	0.2936389607	0.0285522045
1	0.0000816001	0.0000000000	0.3476948709	0.4784514915	0.1737720375
0	0.0935704227	0.3336954995	0.0863427907	0.0907772948	0.3956139924
1	0.0914671395	0.0014373892	0.7898182085	0.0736074064	0.0436698565
0	0.1037284892	0.0000365491	0.0528338495	0.7550298857	0.0883712266
0	0.0800248059	0.6805406685	0.0006481305	0.0482107168	0.1905756783
0	0.1292427392	0.0090813168	0.8449323037	0.0167436403	0.0000000000
0	0.0133540892	0.0133753367	0.4995217600	0.0013780144	0.4723707996
0	0.5363068886	0.0304907316	0.4177053388	0.0144823565	0.0010146846
2	0.0019150501	0.1966164754	0.7463668639	0.0551016065	0.0000000041
0	0.0000000000	0.0377165478	0.0279713613	0.9335298568	0.0007822342
0	0.0000000000	0.0659476953	0.5843346994	0.3179390350	0.0317785703
0	0.0089876029	0.8473861406	0.0712615692	0.0420765367	0.0302881506
0	0.0314352002	0.2108408123	0.3929688300	0.2267664223	0.1379887352
1	0.0109135404	0.1692062544	0.6976033702	0.0040866628	0.1181901722
0	0.0063268578	0.0135563090	0.5222161672	0.4404224051	0.0174782609
0	0.1221197950	0.1083453267	0.0570260421	0.0000563001	0.7124525361
1	0.1963429429	0.0000326695	0.4237023828	0.3330800572	0.0468419477
1	0.0000000470	0.5383352998	0.0263394443	0.4058738307	0.0294513781
0	0.0000000000	0.0976712019	0.4895941273	0.4127343746	0.0000002961
0	0.3079672319	0.3866883497	0.2919911179	0.0099713013	0.0033819991
