0	0.0265741102	0.1497111555	0.0089649109	0.2992193553	0.5155304682
0	0.3854136063	0.0415759089	0.0275359990	0.0558966766	0.4895778092
0	0.0001103055	0.1462370298	0.0453165310	0.7357821152	0.0725540185
1	0.1194968052	0.1865301496	0.1094918536	0.5732870023	0.0111941893
0	0.0283843919	0.0000000000	0.0086593800	0.9491883876	0.0137678405
1	0.0507361799	0.0000203567	0.0078117399	0.2338202005	0.7076115230
0	0.0137383576	0.6129584676	0.0000000000	0.0006534601	0.3726497146
0	0.1129614134	0.0016542331	0.0000000025	0.0019464522	0.8834378988
0	0.0901865580	0.0003685334	0.1548556340	0.7522409169	0.0023483578
0	0.3673948344	0.0003722981	0.0043667504	0.6014955908	0.0263705263
0	0.0492052991	0.0573987689	0.8428239487	0.0505716983	0.0000002850
0	0.1368520452	0.0000051325	0.0071171335	0.4972711230	0.3587545658
1	0.0726674132	0.0016473871	0.0013135445	0.8456215459	0.0787501094
1	0.2480165837	0.5839216101	0.0715107955	0.0023758696	0.0941751411
1	0.2827545426	0.0658420447	0.0000000000	0.6513966052	0.0000068075
0	0.0112377641	0.0000627291	0.0005597920	0.9650875651	0.0230521496
0	0.1339206376	0.0000210516	0.2137614168	0.4835455657	0.1687513283
1	0.7670747880	0.1135967521	0.0000000000	0.1029740972	0.0163543627
1	0.0250014236	0.0002249256	0.0293633755	0.7276360307	0.2177742447
1	0.0000012192	0.0266230396	0.0726745246	0.8834951136	0.0172061029
0	0.2600241315	0.1215581911	0.0635599567	0.0199206233	0.5349370974
0	0.0003291282	0.0419073547	0.2024844953	0.4488233827	0.3064556390
0	0.0988224705	0.0366212390	0.0005607828	0.8087598054	0.0552357023
0	0.0327800833	0.0301308221	0.0000077468	0.9186792546	0.0184020931
0	0.0162214237	0.0000000000	0.0000005284	0.9836032061	0.0001748418
0	0.0561830219	0.3189973046	0.0262566986	0.5508769717	0.0476860032
1	0.0021656319	0.0000000000	0.0002261737	0.0059391818	0.9916690126
1	0.7167525518	0.0000000000	0.2054456002	0.0000003248	0.0778015231
0	0.0681207160	0.0216688319	0.0000142036	0.0154699600	0.8947262886
0	0.1867459099	0.0096845185	0.0000000008	0.4318046140	0.3717649568
0	0.0102099990	0.0047247911	0.0200619636	0.8602959250	0.1047073213
0	0.0007624324	0.9980253654	0.0000960853	0.0006263154	0.0004898015
0	0.0000001569	0.0401839391	0.0032814904	0.3655462891	0.5909881246
2	0.6160058005	0.0000000001	0.0074359723	0.3631312901	0.0134269371
0	0.0247349711	0.0771958378	0.2139054864	0.2502103598	0.4339533448
1	0.0000000000	0.0000000000	0.0127764478	0.5053645151	0.4818590371
2	0.1962415052	0.0013142344	0.0222411453	0.0078567195	0.7723463956
1	0.5112975180	0.0000000084	0.3281629030	0.1373908618	0.0231487088
1	0.2067201695	0.0000000000	0.0456913219	0.1050039516	0.6425845570
0	0.0192642883	0.5005591962	0.1080357201	0.3400653899	0.0320754055
1	0.4855708483	0.0633554047	0.0269407956	0.4240742637	0.0000586877
0	0.0000023480	0.1490304411	0.1732903514	0.0056392426	0.6720376168
1	0.0121894938	0.0001008669	0.0722099705	0.0194641168	0.8960355520
0	0.0372180074	0.1406054350	0.0102089178	0.8034154640	0.0085521758
0	0.0073415324	0.6866244340	0.0000506197	0.2156943904	0.0902890236
0	0.4750349353	0.0000009413	0.0621980948	0.0852685574	0.3774974712
0	0.0505341848	0.0042208634	0.0012261643	0.6770658516	0.2669529359
0	0.5852511989	0.2284529406	0.0001466583	0.0258111860	0.1603380162
1	0.2255929708	0.1496313839	0.4285013433	0.0008545425	0.1954197595
0	0.0233963838	0.0001011440	0.3460473554	0.6304444305	0.0000106863
0	0.2141154178	0.0708167702	0.0108404429	0.6653366549	0.0388907143
0	0.0364654107	0.2663299738	0.0192529252	0.3495751420	0.3283765482
0	0.0641463844	0.0808704672	0.1183293135	0.0541318699	0.6825219650
0	0.1598528938	0.0000030533	0.1746907077	0.6654533451	0.0000000000
0	0.0026035148	0.0069769036	0.1767496977	0.6375397899	0.1761300939
0	0.1163376698	0.0420924400	0.6473847343	0.1000478259	0.0941373300
0	0.9032463730	0.0000000000	0.0162675213	0.0804861057	0.0000000000
1	0.1995383306	0.0151528110	0.1907924992	0.0656207184	0.5288956409
0	0.0041313747	0.0409086803	0.0000000000	0.2399750992	0.7149848459
0	0.0102471334	0.0743755573	0.0783092715	0.8082671559	0.0288008819
0	0.7179747127	0.0000000046	0.0000054118	0.0816047889	0.2004150820
1	0.4740490296	0.0239635200	0.2371121401	0.0922805760	0.1725947343
0	0.0000000697	0.0010095538	0.2288581394	0.0975647929	0.6725674441
0	0.0012185601	0.3958247401	0.0000000048	0.5946948634	0.0082618316
0	0.0000000001	0.5676223001	0.0827970083	0.2254380579	0.1241426335
0	0.1984207384	0.0240061240	0.0702564492	0.7073166875	0.0000000009
0	0.1060321297	0.6166826664	0.0717550418	0.1682494247	0.0372807374
1	0.0002057973	0.0000571877	0.0108371368	0.0008596033	0.9880402749
0	0.0030233284	0.0002886705	0.0229946568	0.7176558656	0.2560374787
1	0.7822554730	0.0000347483	0.0004207246	0.0006569724	0.2166320817
0	0.9827613178	0.0010609489	0.0003542623	0.0000052668	0.0158182043
1	0.0550199532	0.0728246562	0.2318859830	0.6402477221	0.0000216856
1	0.1025098135	0.1540540072	0.0021059851	0.6765602513	0.0647699429
0	0.0002059145	0.0830245363	0.0003481102	0.5522737587	0.3641476803
0	0.0191593875	0.0010779579	0.0812178418	0.1239493669	0.7745954458
0	0.0366689017	0.0531535661	0.0260572406	0.7636910284	0.1204292631
1	0.0000000000	0.0123633427	0.3282645198	0.0595621365	0.5998100010
1	0.0004414445	0.0000000008	0.6412008999	0.3582499432	0.0001077116
1	0.0995119128	0.0099124080	0.0000000000	0.8871377031	0.0034379761
0	0.0000001272	0.0032312148	0.6016026051	0.2074615721	0.1877044808
0	0.0302891263	0.0000000702	0.0012524956	0.7829432033	0.1855151046
0	0.0147431175	0.0463539649	0.1210873035	0.2194770368	0.5983385773
0	0.3363443347	0.0000000000	0.0049994889	0.5452865078	0.1133696686
0	0.0605402970	0.1062929757	0.0024926019	0.2949272556	0.5357468698
1	0.0018384040	0.4606139443	0.1592993089	0.2825524648	0.0956958779
0	0.2019717516	0.0671081048	0.6225484180	0.1082567618	0.0001149638
0	0.0002062814	0.0000000000	0.4336598645	0.3744161008	0.1917177533
0	0.3398495346	0.0001241613	0.0086030880	0.3633318350	0.2880913812
1	0.2913379028	0.0107536102	0.0630821521	0.4440307176	0.1907956172
1	0.1972791962	0.0000297819	0.0225381885	0.7456786981	0.0344741354
1	0.0000148144	0.0000024472	0.0085974187	0.8664327040	0.1249526157
0	0.0784339682	0.2039543458	0.4239888697	0.1377291628	0.1558936536
0	0.4717061318	0.5127845924	0.0000474966	0.0154617792	0.0000000000
1	0.0000374907	0.0552953846	0.0368315066	0.1145406306	0.7932949876
0	0.4568820872	0.4065868179	0.1286892316	0.0055732818	0.0022685815
1	0.3373667764	0.0001248719	0.1009486883	0.5174408861	0.0441187773
1	0.0000043678	0.2874281113	0.7091406097	0.0000007610	0.0034261502
1	0.0000000000	0.0635384685	0.1806823494	0.0905234735	0.6652557087
1	0.6387955660	0.0053819563	0.1166397816	0.2345685123	0.0046141837
1	0.0544422232	0.0058095409	0.0002598387	0.9394883972	0.0000000000
