0	0.0116906345	0.0003351129	0.0032427948	0.6043518801	0.3803795776
1	0.6367679992	0.0038769313	0.0000000001	0.2143098000	0.1450452694
0	0.1286522788	0.0010733207	0.4631760454	0.3228338478	0.0842645074
0	0.0000228721	0.0000157002	0.0242677682	0.7208602813	0.2548333781
1	0.2659571855	0.0001850579	0.0108636804	0.6941317589	0.0288623172
0	0.0085808665	0.0035686707	0.0000898296	0.7613362292	0.2264244040
1	0.9402328635	0.0270713963	0.0000000005	0.0113405026	0.0213552372
1	0.7690586023	0.0022147722	0.0270720083	0.1127848838	0.0888697334
0	0.0065408651	0.0033759671	0.9448068391	0.0256119138	0.0196644149
0	0.4793453215	0.0013386575	0.0000000239	0.0155788740	0.5037371232
0	0.0000112810	0.0038173638	0.0266453013	0.9477977806	0.0217282732
0	0.0436207191	0.1026987832	0.0977597515	0.7427832075	0.0131375387
1	0.0889447533	0.0594666943	0.0180666651	0.7375389657	0.0959829217
1	0.0440543958	0.4516135762	0.2174710559	0.1374940808	0.1493668914
1	0.0000003091	0.2175426378	0.1847834269	0.0470663767	0.5506072495
0	0.2416871422	0.0052067637	0.0001840180	0.0081649412	0.7447571349
1	0.2050426235	0.0000008593	0.0225983806	0.0353718683	0.7369862683
2	0.1957088721	0.2457099060	0.0891929437	0.3322840148	0.1371042634
0	0.1332233202	0.0000000247	0.0127104494	0.3694156106	0.4846505952
0	0.0560439483	0.0136201386	0.0060443509	0.3397736594	0.5845179028
0	0.0067112935	0.4077167245	0.0106851387	0.2312396990	0.3436471443
1	0.0026864311	0.3048974863	0.0000000004	0.6924160822	0.0000000000
0	0.0003385076	0.6650472805	0.3003972233	0.0016183273	0.0325986614
1	0.5151080177	0.3101409014	0.0123633232	0.1617963810	0.0005913767
0	0.2886267143	0.0008527604	0.1401881587	0.0337381066	0.5365942601
0	0.0387381057	0.1163071961	0.8050112759	0.0214262040	0.0185172184
0	0.0098171965	0.0107675401	0.0009833107	0.9570092312	0.0214227215
0	0.0501100625	0.0000000212	0.0072699594	0.6626176378	0.2800023191
1	0.0064823984	0.8265359967	0.0000000409	0.1343053171	0.0326762469
1	0.0000008909	0.2321474191	0.4958156491	0.1620133977	0.1100226431
0	0.0000027077	0.1114612790	0.0201287152	0.0000011426	0.8684061556
1	0.4322788429	0.0011904982	0.0000324169	0.5664982408	0.0000000012
0	0.1264463535	0.3705371543	0.0400957349	0.1886961238	0.2742246335
1	0.0458165564	0.3421244610	0.0000000000	0.4181020507	0.1939569319
0	0.0120073079	0.9354681642	0.0011953572	0.0513046149	0.0000245557
0	0.0053540878	0.0000107192	0.1035406659	0.8397793812	0.0513151458
0	0.3166791567	0.0058672212	0.0125694154	0.5104412848	0.1544429219
0	0.0475398596	0.0000031242	0.0001398615	0.9415572971	0.0107598576
0	0.0247045339	0.3648747330	0.0000110348	0.0003624701	0.6100472282
1	0.0000215320	0.0057168645	0.0630227106	0.3065264321	0.6247124607
0	0.0012090579	0.2799103571	0.7185813852	0.0002991997	0.0000000000
0	0.1832593806	0.3763068426	0.0000127800	0.0000000000	0.4404209968
0	0.0000960302	0.0520528340	0.1588842442	0.6394656407	0.1495012510
0	0.1838629566	0.2782305728	0.0668342578	0.0439643837	0.4271078291
0	0.0577500297	0.0334946919	0.0084238527	0.8628637839	0.0374676418
0	0.5324432555	0.0093455340	0.0000562284	0.1554338832	0.3027210990
0	0.2713153385	0.2194995640	0.0000015608	0.3749595656	0.1342239711
1	0.1064410280	0.2440350133	0.2488621464	0.2844413102	0.1162205020
1	0.8257214345	0.0573227183	0.0260727313	0.0623740647	0.0285090512
0	0.1364825114	0.0002096039	0.0597262338	0.8025281169	0.0010535340
0	0.0810115500	0.3440516990	0.0076490415	0.2697114960	0.2975762135
1	0.0760155608	0.0003624574	0.4787917598	0.4296213279	0.0152088941
0	0.0800696966	0.0018397364	0.0157345830	0.1200865061	0.7822694779
0	0.0510816587	0.0000000003	0.0750753262	0.7245679767	0.1492750381
2	0.0000080074	0.1026934710	0.2869412391	0.1040272363	0.5063300462
2	0.0000005740	0.5650179744	0.0005288268	0.0261619441	0.4082906808
1	0.4005657247	0.0006314882	0.2842134967	0.0715185114	0.2430707790
0	0.4638787201	0.3658894620	0.0909857583	0.0055821503	0.0736639093
1	0.6182942586	0.0467451882	0.0001815692	0.2643741107	0.0704048733
1	0.0002705374	0.8684571621	0.0110536017	0.1201904743	0.0000282245
0	0.1832807688	0.0377361951	0.0261553322	0.5830982062	0.1697294978
0	0.0963704581	0.0047480846	0.0541029243	0.0000599212	0.8447186118
0	0.0418535192	0.0491560650	0.0000000000	0.8792950854	0.0296953303
0	0.1586022331	0.0000057964	0.0000000005	0.7788370818	0.0625548882
0	0.0734139599	0.0000395771	0.1517636058	0.4958421745	0.2789406828
0	0.0000000424	0.0651369888	0.2332153868	0.7016475129	0.0000000691
0	0.0013582096	0.0680534176	0.0008437410	0.8675846367	0.0621599951
0	0.0090409912	0.3267403052	0.0090061488	0.4894135349	0.1657990199
0	0.8607647488	0.0025961460	0.0000000000	0.0907110414	0.0459280638
1	0.1068146182	0.1004116533	0.1740863760	0.4286552211	0.1900321314
1	0.0446564395	0.0279665645	0.8250363248	0.0068358271	0.0955048441
1	0.0363759875	0.1377139172	0.0227259868	0.0001680794	0.8030160290
0	0.0064684005	0.0688977781	0.2121652409	0.5705409413	0.1419276391
1	0.0025082353	0.0326566070	0.1783197690	0.7864561569	0.0000592317
0	0.0000000002	0.3785058454	0.5997855389	0.0081477942	0.0135608213
0	0.0000649971	0.0000952227	0.0136303871	0.6229400462	0.3632693468
1	0.0532502768	0.0257052993	0.8981036048	0.0229408192	0.0000000000
0	0.1296144106	0.0510693367	0.0695395817	0.0005176174	0.7492590536
1	0.1772580623	0.0000000000	0.0872349643	0.2220657725	0.5134412008
1	0.0001549540	0.0111554652	0.0007114268	0.3507646105	0.6372135436
0	0.9760547106	0.0000000000	0.0126176657	0.0061258278	0.0052017959
0	0.0510280806	0.0000000590	0.6287885958	0.0660383589	0.2541449057
0	0.2404131706	0.0000602492	0.0258155145	0.0004366950	0.7332743706
1	0.0731739031	0.0028208598	0.0319572127	0.6956115766	0.1964364479
2	0.0017024641	0.3105929450	0.4032566797	0.2844479112	0.0000000000
0	0.0109752953	0.0045956255	0.7114459856	0.2509110673	0.0220720263
0	0.0084644681	0.0000000000	0.0192623285	0.0423451196	0.9299280839
1	0.3743132761	0.2373946771	0.1394673320	0.2205417412	0.0282829737
1	0.2856466840	0.0000000000	0.0907402794	0.5292000995	0.0944129372
0	0.1369411180	0.0036913886	0.0943119943	0.7577849885	0.0072705106
2	0.0621328611	0.0306640188	0.7770640321	0.1203600645	0.0097790234
0	0.0072914120	0.0199406464	0.0040342237	0.7929493069	0.1757844110
0	0.3545323918	0.0000000000	0.2919875402	0.2659541165	0.0875259515
0	0.9901497762	0.0005545457	0.0092845592	0.0000000000	0.0000111189
0	0.0851210639	0.0470814370	0.0000000000	0.7915549469	0.0762425522
0	0.0000113052	0.0147510754	0.0021988973	0.9814112216	0.0016275006
0	0.7092496037	0.0001573990	0.1637756441	0.1232018057	0.0036155475
0	0.1314226014	0.3324565649	0.0007202121	0.4890227709	0.0463778506
0	0.0029417662	0.1651748644	0.7537380181	0.0781453512	0.0000000000
0	0.1537683310	0.2859566784	0.0037386056	0.2361094786	0.3204269065
