1	0.0000006468	0.0294542023	0.1271794153	0.1996166114	0.6437491242
0	0.0000000000	0.0424666806	0.3345099839	0.6181565932	0.0048667423
0	0.0012441742	0.0476594947	0.6955792425	0.2530195792	0.0024975094
1	0.3850837486	0.5896422386	0.0000000000	0.0005267155	0.0247472973
0	0.0000999650	0.1149281031	0.3892172153	0.1835918363	0.3121628802
0	0.0399311201	0.0241103434	0.0190224499	0.9165704305	0.0003656561
0	0.1015229530	0.0295875558	0.3580336085	0.5108550328	0.0000008499
0	0.0894260151	0.0620954486	0.2310056365	0.5886203064	0.0288525934
1	0.0006906580	0.9103108939	0.0635583364	0.0254303618	0.0000097499
1	0.0020144668	0.0282672109	0.0827207390	0.8864281025	0.0005694808
0	0.0025057728	0.2186427972	0.7786591089	0.0001923211	0.0000000000
2	0.0315292519	0.2566000236	0.0933086794	0.4445514898	0.1740105553
0	0.4138056003	0.4095632250	0.0749662216	0.0822983295	0.0193666237
0	0.0797283364	0.1096609345	0.3508328357	0.1894137495	0.2703641439
0	0.1538520360	0.0000008106	0.5429134260	0.1420512363	0.1611824910
0	0.3946300666	0.0000490413	0.2393382257	0.0217974248	0.3441852417
0	0.5382198733	0.0000039768	0.3864500246	0.0062776230	0.0690485023
0	0.8426738955	0.0506694034	0.0000080464	0.0790484964	0.0276001583
1	0.0005673824	0.0886501651	0.0793323128	0.2595484534	0.5719016864
0	0.0415438521	0.0382203451	0.0853660867	0.3095596788	0.5253100373
1	0.1414352674	0.6612054682	0.0555500870	0.0421006803	0.0997084970
1	0.0000003249	0.0453780359	0.2137360895	0.0523586930	0.6885268567
0	0.0313934136	0.6573986809	0.1361679410	0.0183394203	0.1567005443
1	0.5891506282	0.3152849340	0.0337060945	0.0000023852	0.0618559581
1	0.1466693570	0.5730222360	0.1765260813	0.1037823256	0.0000000000
0	0.0006894766	0.2396247814	0.5287664024	0.0394116330	0.1915077066
0	0.0000576633	0.0000000000	0.1802472006	0.6446811013	0.1750140349
1	0.0012228973	0.7495507452	0.0644296542	0.1847854832	0.0000112201
0	0.3659084307	0.3410383734	0.0000000253	0.2347609845	0.0582921861
0	0.0000120131	0.1047994854	0.1944056831	0.6721055555	0.0286772629
2	0.0024660971	0.5582108282	0.2295591470	0.1704570129	0.0393069148
0	0.0074527140	0.4764647183	0.3797015893	0.0000000032	0.1363809751
1	0.0000000000	0.1285042283	0.7262248738	0.1452356684	0.0000352295
1	0.2224811449	0.1759885883	0.5932721281	0.0057869582	0.0024711805
1	0.0091029386	0.1680358977	0.6232054839	0.1996556797	0.0000000000
0	0.0372679419	0.0456587616	0.1991622074	0.0470150141	0.6708960751
1	0.0000028651	0.3146687731	0.6722762853	0.0128837093	0.0001683671
0	0.0047357723	0.5968461489	0.0754970722	0.3229186425	0.0000023641
0	0.0694746700	0.5517201878	0.1163070711	0.0067446981	0.2557533729
0	0.0318372416	0.1006221311	0.8388695266	0.0286711007	0.0000000000
0	0.0138585873	0.0020582104	0.0360342561	0.9152852115	0.0327637347
0	0.0649167980	0.3308873663	0.1846486681	0.0575047306	0.3620424370
0	0.2128605947	0.1430014039	0.2902554553	0.3536669899	0.0002155563
0	0.0839687113	0.8627219984	0.0000281338	0.0430311062	0.0102500502
0	0.2552617861	0.0773438530	0.0218264306	0.5196339145	0.1259340158
2	0.0547797177	0.0021278454	0.1226700443	0.0000407796	0.8203816130
0	0.0487228812	0.5189593234	0.0524068538	0.3799109416	0.0000000000
0	0.0000002815	0.0053418212	0.0553501373	0.9393077590	0.0000000010
1	0.0745536295	0.0000000435	0.8408133324	0.0801937035	0.0044392910
1	0.0000000000	0.2051307577	0.7534635239	0.0218704076	0.0195353108
0	0.0070704943	0.3291624765	0.6498660027	0.0000045453	0.0138964812
1	0.1916630826	0.2607380973	0.0000001406	0.3737674496	0.1738312300
0	0.1876640772	0.1490111276	0.0112721833	0.6518385419	0.0002140700
0	0.1250862777	0.2092722351	0.0158300316	0.6496769314	0.0001345243
2	0.0039944972	0.0281250122	0.2975172522	0.0051622413	0.6652009971
0	0.0071746722	0.0767472784	0.7427030773	0.1733734208	0.0000015513
0	0.0048539184	0.0000000000	0.0830356417	0.9059298346	0.0061806053
1	0.0936372573	0.0011755920	0.7749729767	0.0639700955	0.0662440786
0	0.0005041573	0.0030105619	0.1737299752	0.8123241668	0.0104311386
2	0.1399044461	0.0890790614	0.0159524928	0.0118758053	0.7431881945
0	0.0106750130	0.2557184424	0.6694351628	0.0443058367	0.0198655451
0	0.0021812786	0.0924758102	0.7551040468	0.1501695615	0.0000693029
0	0.5044169112	0.0020546583	0.4861455451	0.0002457253	0.0071371601
1	0.0278612767	0.0153598867	0.0341271539	0.6782686859	0.2443829968
1	0.0043377303	0.1123797970	0.2694007117	0.0338174396	0.5800643214
0	0.7429302903	0.0917501574	0.1466816923	0.0043351812	0.0143026789
0	0.0013057456	0.9689142716	0.0013075077	0.0144789616	0.0139935136
0	0.0116779823	0.9614001874	0.0258422564	0.0000461235	0.0010334503
0	0.3039413024	0.4969710380	0.1349178448	0.0641679245	0.0000018903
0	0.0145432092	0.0438951498	0.9320713219	0.0000000034	0.0094903156
0	0.0185961087	0.7508104208	0.2245915416	0.0057814180	0.0002205110
0	0.0001741327	0.0000000000	0.2128954986	0.7845931932	0.0023371756
0	0.4173074760	0.0026990025	0.4083615975	0.0021374750	0.1694944490
0	0.0020444135	0.3487619573	0.0055386182	0.6428558430	0.0007991681
0	0.1032182412	0.5017647966	0.0654402612	0.3295250919	0.0000516091
0	0.6947982389	0.0220607482	0.2054669407	0.0000000101	0.0776740621
2	0.0000000171	0.6004699264	0.1154632580	0.0138730107	0.2701937878
1	0.1084691948	0.0894485023	0.4366148181	0.2073891765	0.1580783082
1	0.4913637312	0.0704304382	0.1382435085	0.2951005922	0.0048617299
0	0.0053775755	0.0098308031	0.0575286910	0.9272629304	0.0000000000
0	0.1656793447	0.3525660768	0.0000481422	0.3407155716	0.1409908647
0	0.0504079514	0.5212516890	0.0311357919	0.3971805554	0.0000240124
0	0.0723124521	0.3303650861	0.1784590846	0.3435223264	0.0753410508
2	0.0000030361	0.1854146715	0.5440807707	0.0459188379	0.2245826838
0	0.3719416875	0.0000005367	0.4474488301	0.0856187793	0.0949901665
0	0.0000039226	0.0875686414	0.7961101481	0.1153469555	0.0009703323
0	0.0000025482	0.7051076446	0.0253249674	0.1405606629	0.1290041769
1	0.1974603284	0.0816879437	0.5986640023	0.0114563097	0.1107314159
2	0.0001346450	0.7374823045	0.2475186942	0.0148643564	0.0000000000
0	0.0020362699	0.0388683873	0.2943926347	0.6628638418	0.0018388662
0	0.0264150184	0.6998220183	0.0227476883	0.1382291187	0.1127861562
0	0.0041886902	0.0061646363	0.6967417916	0.2451162970	0.0477885849
1	0.0000000987	0.7745209118	0.0434300537	0.1757028394	0.0063460964
0	0.9527676023	0.0000000008	0.0000101417	0.0081225304	0.0390997248
0	0.0382395553	0.1509944204	0.4514757879	0.2877980691	0.0714921673
1	0.2024095961	0.0844208781	0.2002280716	0.5127930151	0.0001484391
0	0.5021801760	0.0249186605	0.2844951410	0.1884060225	0.0000000000
0	0.0105439412	0.0000104195	0.3976711906	0.5788009812	0.0129734674
0	0.1489743808	0.0190473420	0.8035121072	0.0220476896	0.0064184803
0	0.0002540855	0.0331613305	0.0089229429	0.8918642442	0.0657973969
