1	0.2233436557	0.0338184108	0.0000003883	0.6032503114	0.1395872338
2	0.0014079754	0.1909459052	0.0680413285	0.7357457361	0.0038590548
1	0.0384492638	0.0000000002	0.0003905426	0.1389022682	0.8222579252
0	0.0076046484	0.0345490456	0.1085571216	0.6375066038	0.2117825806
0	0.1081852371	0.7314975695	0.0658075752	0.0945091449	0.0000004734
1	0.4911480512	0.0000102551	0.0000001966	0.0643505855	0.4444909117
0	0.0009308501	0.0000556489	0.0000000000	0.7135463216	0.2854671795
0	0.4889702469	0.0097866152	0.3537389811	0.0087640812	0.1387400756
0	0.6886255553	0.0000000324	0.0224754322	0.2571942945	0.0317046857
0	0.1169076753	0.0003584308	0.0057917746	0.6593185937	0.2176235256
0	0.2749308734	0.1781494025	0.0000000151	0.4666485283	0.0802711808
1	0.7999649469	0.0019319043	0.1065610497	0.0914020557	0.0001400434
1	0.0000000000	0.1273769896	0.2032604232	0.0133475293	0.6560150579
1	0.1900094497	0.4528906170	0.0004812782	0.2437823265	0.1128363286
0	0.0000002933	0.0000000027	0.0002217304	0.9867739482	0.0130040255
0	0.0035271797	0.0000000000	0.9705434998	0.0085801788	0.0173491418
0	0.7489385082	0.1385253507	0.0483220276	0.0241493938	0.0400647198
0	0.0003465477	0.0976628832	0.0988227145	0.8026194369	0.0005484177
0	0.0742843906	0.0120146317	0.0135054321	0.8309257936	0.0692697520
0	0.0000000000	0.0643167464	0.0003685608	0.5819224267	0.3533922661
0	0.0014740438	0.4936808484	0.0077977446	0.3704779559	0.1265694073
0	0.1610555937	0.0019740697	0.4737046451	0.3209263637	0.0423393278
1	0.3373225521	0.0000000000	0.2243631159	0.1116887238	0.3266256082
0	0.0000000000	0.0013308603	0.0000000000	0.1997461974	0.7989229423
1	0.1371444545	0.3380377116	0.3843326819	0.1279784026	0.0125067494
0	0.0645775177	0.0006438397	0.0431419369	0.1192039105	0.7724327951
1	0.0000000000	0.5202535423	0.3130594275	0.1458868803	0.0208001499
0	0.4150883731	0.0676372709	0.1550985011	0.1273059798	0.2348698751
1	0.0000099288	0.1157561344	0.0002887877	0.6850971198	0.1988480294
0	0.0346465882	0.0000000000	0.0552715103	0.0010538445	0.9090280570
0	0.0000000072	0.0541066268	0.0232757945	0.9194846606	0.0031329109
0	0.1406304690	0.0511807597	0.4430634259	0.1066846763	0.2584406690
0	0.1026249123	0.0000941800	0.0640913446	0.3369817449	0.4962078183
2	0.0406326565	0.0000000000	0.9442185915	0.0126103013	0.0025384508
1	0.0002571416	0.0000863978	0.1117888184	0.8607542566	0.0271133856
0	0.6939825149	0.0260638319	0.0139799937	0.2659736596	0.0000000000
0	0.1084558744	0.0008429996	0.0223366582	0.8679669092	0.0003975586
1	0.0017448007	0.0088937943	0.0261705570	0.9410721569	0.0221186912
0	0.0199955729	0.3978036157	0.1478253853	0.1642144226	0.2701610036
0	0.1002515466	0.1126931895	0.6780138214	0.1090414425	0.0000000000
1	0.0411990519	0.1615319385	0.0002565576	0.1479848191	0.6490276330
1	0.0517686076	0.0006817543	0.1023734211	0.8451762155	0.0000000015
0	0.1764854420	0.0025424204	0.2239067719	0.0268326041	0.5702327616
1	0.2087018938	0.1069973149	0.2018539545	0.0031672201	0.4792796167
0	0.0000000000	0.6520912025	0.0001839891	0.3393783531	0.0083464554
2	0.0055021393	0.0008283673	0.7915799444	0.0176987685	0.1843907805
0	0.0000052863	0.0034162678	0.0269868131	0.9662449046	0.0033467282
0	0.0095917189	0.0000173266	0.0002830161	0.9587169330	0.0313910054
1	0.0000233782	0.0000000000	0.0000030708	0.1080187652	0.8919547859
1	0.2319312898	0.0647278719	0.0000577975	0.7027397213	0.0005433195
0	0.0020989427	0.0049394352	0.0149927151	0.8089400810	0.1690288261
1	0.4820892762	0.0235371463	0.1100558998	0.1882802965	0.1960373813
0	0.0000000000	0.0068807216	0.0289412214	0.9400444446	0.0241336123
1	0.0371673008	0.0000014656	0.0185986125	0.7845141151	0.1597185059
0	0.0252995107	0.0000000006	0.6332077575	0.0000000404	0.3414926908
1	0.3366433119	0.2389164096	0.1103321665	0.3133604381	0.0007476740
0	0.3355086207	0.2138647692	0.1086603229	0.1387689752	0.2031973120
0	0.0070438679	0.0000000000	0.0000000001	0.9929505111	0.0000056210
1	0.1505836216	0.2238034974	0.0006661889	0.1607563974	0.4641902946
1	0.2072858478	0.0014029061	0.3002895724	0.4902997930	0.0007218807
1	0.0465586449	0.0000000000	0.0037210572	0.8774335567	0.0722867412
1	0.2759641787	0.0201223738	0.6464686219	0.0249985065	0.0324463191
2	0.0000002257	0.4082427163	0.0272012675	0.1408852612	0.4236705293
0	0.0397965511	0.0057411576	0.0268768903	0.0035760433	0.9240093577
0	0.2643728443	0.0188836342	0.0767598320	0.6384885477	0.0014951419
0	0.0780463591	0.0023807574	0.0111626863	0.8993080163	0.0091021809
0	0.0182974599	0.0000000000	0.0760511938	0.9053403317	0.0003110146
1	0.0813597254	0.0000588738	0.0649512852	0.6270838871	0.2265462284
0	0.1412379602	0.5420848007	0.0842706415	0.1244601677	0.1079464299
1	0.2635406912	0.1210738867	0.0000000287	0.2080277029	0.4073576905
1	0.0019462389	0.0037511664	0.0765908354	0.0045446375	0.9131671218
1	0.5259205532	0.0171960056	0.0020002584	0.0021827444	0.4527004384
0	0.0200172038	0.0229082459	0.0020144430	0.9351032500	0.0199568573
0	0.0160217510	0.0010165984	0.0053110924	0.9368332580	0.0408173002
0	0.0446324184	0.0771109197	0.0368509641	0.3109940612	0.5304116365
1	0.0000000142	0.0047215093	0.4450044610	0.5500994330	0.0001745824
0	0.1444659356	0.1760557629	0.0023482130	0.6712150293	0.0059150592
0	0.0082871817	0.3324506509	0.0901347581	0.0000000002	0.5691274091
0	0.0566994325	0.0708188882	0.3081504973	0.4924483830	0.0718827990
0	0.0151700529	0.0072093411	0.6232093198	0.0074664993	0.3469447869
0	0.6909624789	0.0032810613	0.0001729135	0.3055414729	0.0000420733
1	0.0203410878	0.3349571948	0.0033967707	0.6408733469	0.0004315998
0	0.2895419034	0.1988471840	0.0011693756	0.4373413271	0.0731002099
1	0.0257038353	0.3556462702	0.0304706212	0.1904414702	0.3977378030
0	0.0226228662	0.0001296358	0.7414681323	0.0735481234	0.1622312424
0	0.0043457862	0.0224486346	0.0991943726	0.2463356669	0.6276755396
0	0.0155324947	0.0339891665	0.2188079329	0.7280349806	0.0036354253
0	0.0000347874	0.0438106830	0.0000000000	0.5761146381	0.3800398914
0	0.3182671485	0.0000000001	0.1084669618	0.1629341581	0.4103317315
1	0.1247380146	0.8145578888	0.0000180570	0.0606841991	0.0000018405
0	0.4820830216	0.2358862573	0.0525256164	0.0702376740	0.1592674307
0	0.5971281983	0.0000280750	0.0169753645	0.0895928182	0.2962755440
0	0.3854856281	0.3436926209	0.1544228051	0.0000000011	0.1163989449
1	0.0055488006	0.0002345284	0.0323647657	0.9443902992	0.0174616061
0	0.0671836923	0.4389492149	0.0083697564	0.4765225198	0.0089748166
1	0.2354501957	0.0000660862	0.0684432931	0.6893306700	0.0067097551
0	0.0000000374	0.6937412474	0.2618103732	0.0140370988	0.0304112433
0	0.1231561527	0.3196368284	0.1150669872	0.0088961902	0.4332438416
0	0.2938612240	0.0123030683	0.2259404180	0.0392433164	0.4286519733
0	0.0000177279	0.0000000000	0.1991572634	0.7967699729	0.0040550358
