0	0.8930944029	0.0808132070	0.0235550677	0.0025373224	0.0000000000
0	0.0375769344	0.0000001482	0.1131265264	0.7079832697	0.1413131213
0	0.0096040981	0.1173257911	0.6016483526	0.2009382890	0.0704834692
0	0.1506573676	0.0044448415	0.0163061640	0.0937584318	0.7348331952
1	0.0005922356	0.0001122299	0.4628812906	0.1020793817	0.4343348622
0	0.0007761381	0.2428991759	0.1409881453	0.0702798398	0.5450567009
1	0.0726820227	0.0000000000	0.0117133858	0.1848428039	0.7307617876
0	0.1021189972	0.4293339464	0.0107579527	0.0180068808	0.4397822229
1	0.6580216087	0.2154139983	0.0731859255	0.0094279455	0.0439505220
2	0.2608905588	0.6433280410	0.0645895633	0.0124434648	0.0187483722
0	0.0702301444	0.0007380843	0.9033435648	0.0000000000	0.0256882065
0	0.1023734618	0.4934293920	0.0046133497	0.0576465046	0.3419372919
0	0.0045083616	0.0052243553	0.0003269149	0.9899400265	0.0000003416
0	0.1340843608	0.1066515026	0.0181148582	0.7394021219	0.0017471565
1	0.0431668552	0.8473770771	0.0124742074	0.0265032691	0.0704785913
1	0.0005590773	0.5225316727	0.0000446065	0.4537069932	0.0231576503
0	0.3133588128	0.1631963242	0.0232818539	0.4162451451	0.0839178641
0	0.0008493125	0.8997297924	0.0000000000	0.0431323118	0.0562885833
0	0.0651937102	0.5372219088	0.1109117883	0.2829041066	0.0037684861
0	0.0608187976	0.0734845332	0.0339603593	0.8314138122	0.0003224977
0	0.1329166994	0.7099236816	0.0003141331	0.0851600701	0.0716854158
0	0.0055022513	0.2326053179	0.2753258024	0.4723019865	0.0142646420
1	0.0001014830	0.1307932105	0.4674771060	0.0079427270	0.3936854735
0	0.7240848294	0.1733976477	0.0000215334	0.0992844150	0.0032115745
0	0.0495655593	0.0000554352	0.0089525164	0.0132406554	0.9281858338
0	0.5776303227	0.0202243847	0.0000380352	0.1019883973	0.3001188601
1	0.2598177148	0.0322631850	0.1754743578	0.5324250074	0.0000197350
0	0.7800057674	0.0394300977	0.1256786564	0.0548854540	0.0000000246
0	0.0000710128	0.6999181987	0.0000663072	0.2999444813	0.0000000000
1	0.1201544610	0.0045076223	0.0150248874	0.2400240184	0.6202890109
1	0.3633239575	0.0463212024	0.0000000000	0.1042151657	0.4861396744
0	0.0453330768	0.0000000000	0.0068242208	0.0506246458	0.8972180566
1	0.0004698608	0.0035531835	0.0007715741	0.5196387471	0.4755666345
0	0.0393879417	0.2162258120	0.0032414744	0.6671788150	0.0739659569
0	0.7206760334	0.0605284950	0.0165399018	0.0659593883	0.1362961815
1	0.0000685725	0.0346651381	0.2484840476	0.7097819092	0.0070003326
1	0.1530759295	0.0003342993	0.0000000003	0.5553807302	0.2912090406
0	0.0000688067	0.6040439120	0.3069491028	0.0872177533	0.0017204253
0	0.0000221554	0.0363288736	0.0017653063	0.6965280340	0.2653556308
1	0.0105253078	0.0001518013	0.0214416371	0.6382856675	0.3295955863
1	0.0073832946	0.7571320595	0.0620063974	0.1255105563	0.0479676922
0	0.0015647909	0.3461375025	0.0346042769	0.3058978048	0.3117956250
1	0.0091414727	0.0202935711	0.0117962039	0.9587248899	0.0000438623
0	0.0014608078	0.0000000000	0.9012009558	0.0749639514	0.0223742850
0	0.4742461368	0.1521497905	0.0000000000	0.0000080664	0.3735960064
0	0.0000002167	0.0653209284	0.2551376918	0.0076681030	0.6718730602
0	0.0116242737	0.0002087386	0.0000148114	0.3781530840	0.6099990922
2	0.0000096686	0.1417965590	0.1927720201	0.2470049266	0.4184168257
0	0.0888058962	0.0658950616	0.0000060960	0.0052779320	0.8400150141
1	0.0000000000	0.0261130391	0.2734158699	0.5094119319	0.1910591592
2	0.7412276667	0.0301940691	0.0119516859	0.0005847248	0.2160418535
0	0.0643381084	0.5069221717	0.0015562550	0.2567536650	0.1704297999
0	0.7249615898	0.0242516278	0.0583921070	0.1916417978	0.0007528776
0	0.1397593726	0.0000000004	0.5228002348	0.3119686061	0.0254717862
0	0.0059325588	0.0015304699	0.0000551851	0.8864702151	0.1060115712
1	0.0670052232	0.3211295279	0.0851625315	0.2957792117	0.2309235056
1	0.2164927679	0.2941246150	0.4578863379	0.0000052117	0.0314910675
0	0.1003514243	0.0105545471	0.0000338417	0.7464278733	0.1426323136
0	0.0000253856	0.0186450247	0.0000000000	0.9809601678	0.0003694218
0	0.2958630089	0.0012055112	0.0000000000	0.5400163429	0.1629151370
0	0.0205653763	0.0000007458	0.4828700262	0.3749197445	0.1216441071
1	0.0309224018	0.0106112221	0.0000143510	0.0005204627	0.9579315624
0	0.0000255188	0.1573421716	0.0476492368	0.1791943205	0.6157887524
2	0.0000175369	0.0758339376	0.0219851959	0.8506544545	0.0515088751
1	0.0189093371	0.1045766284	0.0000008485	0.8511637781	0.0253494080
1	0.0242828844	0.4583805239	0.5022325405	0.0150653587	0.0000386925
0	0.0312602572	0.0035386875	0.0589976491	0.9054288915	0.0007745147
1	0.7412411035	0.0000000000	0.0666108169	0.1878470592	0.0043010204
1	0.0025932894	0.0016300310	0.0167085531	0.1337223430	0.8453457837
1	0.0103371373	0.0110829626	0.0035383849	0.4577064528	0.5173350623
0	0.0000092387	0.0171877326	0.0841329878	0.8587902485	0.0398797923
0	0.6378636787	0.2045306583	0.0586766911	0.0777578027	0.0211711691
1	0.2831243497	0.0002202764	0.0003319608	0.0030717299	0.7132516832
2	0.2976643551	0.2529927206	0.0000019962	0.4491236390	0.0002172891
0	0.0020545450	0.5922923820	0.3873559282	0.0088388845	0.0094582603
0	0.0000001454	0.9916647111	0.0025257031	0.0000000000	0.0058094404
0	0.5837124284	0.0934975791	0.0000039285	0.1308731849	0.1919128792
0	0.2927135473	0.1133602094	0.1038406101	0.4899487549	0.0001368783
0	0.0000000000	0.6614042616	0.1895998695	0.1364553750	0.0125404939
0	0.0839591767	0.0014928154	0.1518968875	0.7624522988	0.0001988217
0	0.0000000001	0.0029113207	0.0270484406	0.5692725198	0.4007677188
1	0.0617704245	0.0001355469	0.1930828959	0.7044553278	0.0405558049
2	0.0616664264	0.1175975925	0.7896975755	0.0000616447	0.0309767609
1	0.0307635256	0.7135727018	0.0536216297	0.1366686582	0.0653734847
0	0.0000000000	0.0000000000	0.0001421145	0.9948177999	0.0050400857
0	0.0467805761	0.2469134283	0.0000005321	0.4457349031	0.2605705604
0	0.0326498662	0.0040921199	0.4627358144	0.0097912762	0.4907309233
1	0.0000000000	0.0086585824	0.0000000001	0.9672830899	0.0240583276
0	0.6004324246	0.0066998999	0.0000000243	0.3798981659	0.0129694853
1	0.8556940753	0.0201228085	0.0000006984	0.0410867117	0.0830957061
0	0.3911692640	0.0938697951	0.0009571901	0.4985733390	0.0154304119
0	0.0588133412	0.2172478754	0.6498575720	0.0740707789	0.0000104325
2	0.0316703773	0.0701725486	0.0000916632	0.8980601081	0.0000053028
1	0.0000000125	0.2425939366	0.0000000008	0.5274096793	0.2299963709
1	0.0148085301	0.0116686859	0.2301726034	0.0001837984	0.7431663822
0	0.0037719712	0.6715877747	0.0000146255	0.1771872019	0.1474384266
0	0.5385877124	0.0000078522	0.0000333289	0.4613686976	0.0000024089
0	0.0000000000	0.0000000000	0.0523407068	0.9476592885	0.0000000047
1	0.0415460462	0.4870452440	0.1261317012	0.1500493405	0.1952276681
1	0.2876749575	0.0000254434	0.0001813074	0.5469244897	0.1651938021
