0	0.0299707739	0.3722978287	0.2417603620	0.0019921103	0.3539789251
1	0.0008614572	0.0000408720	0.3613319946	0.6177160173	0.0200496589
1	0.2278093880	0.0135383988	0.0000000113	0.2547517974	0.5039004046
0	0.2831543198	0.0011597443	0.0664703594	0.5771092646	0.0721063119
0	0.0668627361	0.0080572556	0.0414998243	0.4448850923	0.4386950917
0	0.0009865644	0.0757895813	0.1376057025	0.6804897710	0.1051283808
0	0.0454939103	0.0854718462	0.0009406092	0.4362810581	0.4318125762
0	0.0064841203	0.0000089333	0.0188091402	0.2233165331	0.7513812731
0	0.0259755295	0.0000000049	0.0075459457	0.2844776454	0.6820008745
0	0.0183937789	0.0071806285	0.0000000017	0.7296657519	0.2447598390
0	0.3173605420	0.0029804077	0.0000310914	0.5159279048	0.1637000540
1	0.0286441915	0.0227139123	0.0000016893	0.5710783205	0.3775618864
0	0.0782032960	0.2417829050	0.0065286659	0.4788066581	0.1946784751
1	0.0344775216	0.0000005626	0.0000235747	0.9654983411	0.0000000000
1	0.0000319901	0.0000000000	0.2376586047	0.0073835512	0.7549258540
0	0.0000009209	0.5723510524	0.2026397450	0.0899157169	0.1350925648
0	0.0857443167	0.2907171323	0.1647434754	0.2452716569	0.2135234187
1	0.1058839282	0.1700415842	0.0542752453	0.5012763828	0.1685228595
1	0.5346586451	0.0003268917	0.0737830671	0.0062161277	0.3850152683
1	0.0000105339	0.3480882826	0.0009190453	0.6233538679	0.0276282703
0	0.0001275058	0.0007913052	0.0000000635	0.9289111199	0.0701700056
2	0.1363528138	0.0301014570	0.0265051490	0.7545689943	0.0524715859
2	0.0208826257	0.0000070303	0.0000007286	0.0353279865	0.9437816289
0	0.0091830344	0.0970629903	0.0034369090	0.0394470136	0.8508700526
0	0.0000519388	0.0000276730	0.2582551552	0.4862120972	0.2554531357
1	0.0005736085	0.8912038756	0.0235505241	0.0513281307	0.0333438611
1	0.0000208189	0.0037749275	0.3530363518	0.4635533225	0.1796145794
1	0.0350430376	0.1360342710	0.0000000000	0.8234760400	0.0054466514
2	0.0940210780	0.0000000000	0.0651494869	0.8386930227	0.0021364124
1	0.3710841559	0.0000120397	0.0000019790	0.5292817053	0.0996201201
1	0.0440260383	0.8463168661	0.0045175189	0.1046166141	0.0005229627
0	0.0003943723	0.0133066628	0.4870424942	0.2964545266	0.2028019441
0	0.0000000000	0.0015236957	0.9753403056	0.0231192195	0.0000167793
0	0.6282195107	0.1289144451	0.0000067975	0.1301195828	0.1127396638
1	0.0004121949	0.0012957614	0.0000002003	0.5810689104	0.4172229329
0	0.1949856594	0.0407160448	0.0054172893	0.3970620710	0.3618189356
1	0.9514168741	0.0359165758	0.0037572490	0.0017125173	0.0071967839
0	0.0000000000	0.0000000163	0.1272562118	0.8727437339	0.0000000380
1	0.2818473735	0.1571207910	0.2154117690	0.2787603862	0.0668596803
1	0.0040890352	0.0000001831	0.0789967163	0.4900436858	0.4268703794
0	0.9719274118	0.0010164664	0.0221526979	0.0022928817	0.0026105423
0	0.0032104486	0.0012835290	0.0000003605	0.9955054516	0.0000002103
0	0.0367589652	0.2095209626	0.0237528196	0.4460892787	0.2838779739
0	0.0459076699	0.4991301018	0.0000015323	0.2067857533	0.2481749427
0	0.0227890175	0.0027026277	0.5111756592	0.4586864380	0.0046462577
0	0.3623822141	0.0001446644	0.0016935572	0.6351295914	0.0006499729
0	0.0335985852	0.1071746335	0.4853601764	0.1875632808	0.1863033240
0	0.1131137146	0.0521959922	0.0546535434	0.0017142793	0.7783224705
0	0.0000269907	0.0001070520	0.1758424133	0.7215198021	0.1025037420
0	0.0095565237	0.0001808744	0.0998579336	0.8887715449	0.0016331233
0	0.0021154091	0.0643592132	0.0000014586	0.9335182831	0.0000056360
0	0.2709572086	0.0486983986	0.0294681463	0.6507717045	0.0001045420
0	0.0076632799	0.7668118567	0.0663566320	0.0017034173	0.1574648141
0	0.4133522633	0.0421936379	0.1360444288	0.1492969300	0.2591127401
0	0.1083439267	0.0073393906	0.5702010452	0.1889280710	0.1251875665
0	0.0462589917	0.0370480554	0.0003021065	0.8905206142	0.0258702321
0	0.0166422373	0.0141465462	0.4076310183	0.5497124166	0.0118677816
0	0.0381207430	0.0267820759	0.1114974110	0.7526127656	0.0709870045
1	0.8003047203	0.1409970538	0.0001959586	0.0000819552	0.0584203122
2	0.0002021548	0.0043677267	0.0000000000	0.8778525085	0.1175776099
0	0.7747571094	0.0075624919	0.1928805238	0.0037836703	0.0210162046
0	0.0398875552	0.0000000000	0.0010331055	0.0008278291	0.9582515102
1	0.0000934413	0.1542792232	0.1892123804	0.3037190855	0.3526958695
0	0.0202693345	0.0336535491	0.0000000000	0.9320209118	0.0140562046
2	0.2799414380	0.0299839332	0.3785438130	0.2964651782	0.0150656376
1	0.7191126452	0.0051306974	0.0000000007	0.0098642603	0.2658923964
0	0.0881964612	0.1631257521	0.6792960766	0.0693817089	0.0000000011
0	0.2571207647	0.0792288373	0.0216223961	0.0120234189	0.6300045830
0	0.0243445301	0.0015432788	0.1585725911	0.3384686446	0.4770709554
0	0.0209767977	0.7825007915	0.0143891735	0.0034579799	0.1786752574
1	0.0103314288	0.0000000029	0.2193479885	0.7693903849	0.0009301950
0	0.6923806516	0.0000000001	0.0606583778	0.2376328293	0.0093281413
1	0.0051829077	0.1582740100	0.1052897005	0.0045943945	0.7266589873
0	0.0000000000	0.0001196819	0.0047862244	0.6452208225	0.3498732712
1	0.0000000000	0.1851612556	0.0009226331	0.0210448812	0.7928712300
0	0.6457832899	0.2749735550	0.0558289637	0.0234139830	0.0000002085
0	0.3261525716	0.0269401065	0.4406716185	0.0319440874	0.1742916160
1	0.0000000000	0.0019977056	0.4787888164	0.0353257444	0.4838877336
0	0.0676583520	0.0720021038	0.0705100254	0.6455310846	0.1442984342
0	0.0000297335	0.3180655800	0.0517988622	0.0220148039	0.6080910204
0	0.0034653909	0.0294902631	0.4944770915	0.0121476898	0.4604195647
1	0.0833169972	0.5802946737	0.0000648667	0.0732960952	0.2630273672
1	0.0000022799	0.0000001355	0.0669876508	0.9168559633	0.0161539704
1	0.0005908496	0.0055504448	0.1089875173	0.0682228889	0.8166482993
1	0.4301241979	0.5205977204	0.0065915500	0.0000010300	0.0426855018
0	0.0026164966	0.1254332788	0.0001459122	0.2750520328	0.5967522796
0	0.0368917149	0.6911953953	0.0000000001	0.0000000000	0.2719128897
0	0.4951355319	0.0302251123	0.0129149424	0.3492252788	0.1124991347
0	0.7470103756	0.2323854928	0.0202385979	0.0000001903	0.0003653433
0	0.1727331617	0.2903837678	0.0881314067	0.1133597149	0.3353919488
1	0.3598195170	0.1079285265	0.1573505126	0.2571589561	0.1177424878
1	0.0000000001	0.0024400194	0.3072538632	0.4994410340	0.1908650833
1	0.1258110636	0.1826838616	0.0138097063	0.6711692900	0.0065260784
0	0.0040354621	0.0000000923	0.1907044642	0.7902069221	0.0150530593
1	0.0000000000	0.0864517411	0.1601645733	0.5449471023	0.2084365833
1	0.0850693003	0.0686333170	0.3319009352	0.4965662187	0.0178302288
0	0.0011666792	0.0027574042	0.1022515229	0.8757957603	0.0180286335
0	0.0401841780	0.1382137196	0.0355564610	0.7860371477	0.0000084937
1	0.0429831438	0.0000000877	0.7607062580	0.0000683863	0.1962421242
1	0.0003474993	0.2113986725	0.2755719913	0.4502762109	0.0624056260
