0	0.1254415112	0.0032577441	0.0018567244	0.0000000050	0.8694440153
0	0.0075395033	0.5862429615	0.3604899568	0.0375126094	0.0082149689
1	0.0016041660	0.0163911853	0.9820046487	0.0000000000	0.0000000001
0	0.0366931227	0.3824852274	0.0329079630	0.5041044875	0.0438091993
0	0.0047515942	0.7334468438	0.2270851650	0.0228275902	0.0118888067
0	0.1122351124	0.0175116492	0.8357045554	0.0239389915	0.0106096916
1	0.0640246428	0.0371440149	0.5689289732	0.0464030916	0.2834992775
0	0.5356441675	0.1881900824	0.0494772505	0.0311881288	0.1955003708
1	0.0000000000	0.0333786242	0.8930565480	0.0119919932	0.0615728346
0	0.7833704915	0.0419179911	0.0000666677	0.1649746037	0.0096702459
0	0.0752328030	0.0447890446	0.8498790097	0.0277076349	0.0023915078
2	0.0000764431	0.0000000000	0.9993461462	0.0000405889	0.0005368219
1	0.0055294699	0.0730409631	0.8586595368	0.0618909815	0.0008790488
1	0.0010104773	0.0003508916	0.9971818772	0.0010970969	0.0003596570
0	0.0088940859	0.4485599867	0.0513407281	0.0323845522	0.4588206472
0	0.0128941392	0.1064973658	0.6233583333	0.0024865410	0.2547636207
0	0.0000028549	0.0001403651	0.3879282027	0.1310809125	0.4808476649
1	0.0323910784	0.0748806113	0.8773200515	0.0154041876	0.0000040712
1	0.0029539415	0.0015017486	0.9940852417	0.0000049800	0.0014540883
0	0.3863360607	0.0000097028	0.0011530942	0.0831427301	0.5293584122
2	0.0170826685	0.0270503392	0.9502430645	0.0039367706	0.0016871573
0	0.0000000000	0.8716732164	0.1246763641	0.0036504195	0.0000000000
0	0.0137388170	0.8968277774	0.0000050638	0.0893968013	0.0000315405
0	0.0010590192	0.1582832473	0.2446088115	0.3518271697	0.2442217522
0	0.0137392797	0.0000000046	0.9761761873	0.0100845284	0.0000000000
0	0.4455967537	0.2386236331	0.0083271832	0.0051425393	0.3023098907
0	0.0325925347	0.8363641145	0.0503486046	0.0769764957	0.0037182506
2	0.0331071597	0.0101414121	0.9566852985	0.0000643070	0.0000018227
1	0.0150822450	0.1957028975	0.7401723276	0.0490290176	0.0000135123
1	0.0161071468	0.0787142414	0.9026287220	0.0012027950	0.0013470947
0	0.2632412548	0.0007187877	0.0007052800	0.6680296025	0.0673050750
0	0.2537080569	0.3182875439	0.1890848096	0.1928209342	0.0460986554
0	0.4662266437	0.2771377322	0.0280918269	0.1880836090	0.0404601882
0	0.4997235343	0.0504969097	0.0004242300	0.0129991535	0.4363561725
0	0.0015220760	0.0000082451	0.1006470781	0.6442033262	0.2536192746
0	0.3746769780	0.2778088357	0.3040353359	0.0054792679	0.0379995824
0	0.1147810574	0.2723984097	0.0079695381	0.6048509948	0.0000000000
0	0.0000000000	0.0238574342	0.1381360994	0.0108007380	0.8272057285
1	0.0089525278	0.1690143436	0.6116805069	0.0068924923	0.2034601295
1	0.0477875055	0.0000003399	0.8478293135	0.1043827142	0.0000001269
0	0.1361045217	0.0542601944	0.3065369896	0.4997376662	0.0033606281
0	0.5538106347	0.0007472718	0.3125099300	0.0820387836	0.0508933799
0	0.0244271248	0.1595260252	0.0066593854	0.8093874640	0.0000000007
0	0.3547847568	0.3715907247	0.0281139248	0.2396677760	0.0058428177
1	0.0002671104	0.0895519965	0.8261552126	0.0840254957	0.0000001848
1	0.0000643695	0.0143844601	0.9303377962	0.0551806105	0.0000327638
2	0.0012748956	0.0795920962	0.9148021071	0.0043302707	0.0000006304
1	0.0714326075	0.0031955102	0.9032108461	0.0221610362	0.0000000000
0	0.1798680862	0.5715965360	0.0108750178	0.2376603600	0.0000000000
0	0.0129159890	0.0046583997	0.6540742893	0.3283396903	0.0000116317
1	0.0361218445	0.1499672365	0.6936738050	0.0000070661	0.1202300479
2	0.0000003457	0.0404559726	0.9569718991	0.0000133689	0.0025584137
0	0.0073256391	0.4981014790	0.2396820980	0.0145325592	0.2403582247
0	0.3495106827	0.3827899127	0.2603148139	0.0011687570	0.0062158336
0	0.1108264868	0.1859542353	0.5219567248	0.1759940017	0.0052685515
1	0.1075913875	0.1207265120	0.7512295597	0.0087979763	0.0116545646
0	0.3477110870	0.5742358688	0.0362797789	0.0000831397	0.0416901257
0	0.1988907516	0.7280292327	0.0266949512	0.0462607572	0.0001243073
1	0.0105674632	0.0405473569	0.7855318466	0.1627801589	0.0005731745
1	0.0000573999	0.0748538756	0.8939000850	0.0311886357	0.0000000038
0	0.1399463076	0.0041693267	0.6946054132	0.1610176289	0.0002613235
0	0.0340255736	0.2574615284	0.1263084006	0.5755635016	0.0066409957
1	0.0311771944	0.0370520878	0.9223127907	0.0000160246	0.0094419024
1	0.0041444785	0.0365601573	0.9574156702	0.0014963695	0.0003833245
0	0.0000011173	0.1838848918	0.0798224368	0.7362915474	0.0000000067
0	0.0396760558	0.1627368690	0.6280894170	0.1694968973	0.0000007610
0	0.0240043816	0.8306586563	0.1429122586	0.0000682567	0.0023564468
0	0.0004708685	0.0390817775	0.9184721915	0.0101514486	0.0318237139
0	0.0459512298	0.1701364268	0.6838749068	0.0316154043	0.0684220322
1	0.0118173198	0.0082853519	0.9635453098	0.0053988318	0.0109531867
0	0.2578125647	0.4421985733	0.1050937267	0.1948945234	0.0000006119
0	0.0007920787	0.0811979676	0.0002342804	0.8807720089	0.0370036645
1	0.0000320468	0.0894861432	0.7498736552	0.0000000026	0.1606081522
1	0.0156324756	0.0031118653	0.8987090928	0.0000169294	0.0825296368
1	0.0071068145	0.0255303423	0.9493691328	0.0121929959	0.0058007146
0	0.1658397198	0.4184395865	0.0000000000	0.0000000000	0.4157206937
0	0.0003420773	0.0064197444	0.0072629503	0.0490414741	0.9369337539
0	0.0427404024	0.2985594944	0.2382154061	0.4011470436	0.0193376536
1	0.0090024066	0.0172239266	0.8868070485	0.0344632139	0.0525034045
1	0.0011793969	0.3772960112	0.6208521856	0.0000022228	0.0006701836
1	0.0555006346	0.0228597551	0.9077648413	0.0001651635	0.0137096054
0	0.0000000436	0.8795307013	0.0007852128	0.1178060761	0.0018779662
1	0.0163663067	0.0811424829	0.6566661015	0.2318938158	0.0139312930
0	0.0392028400	0.3552717736	0.4803326241	0.0089396707	0.1162530916
1	0.0000002886	0.1125271826	0.7841469176	0.0775642187	0.0257613924
0	0.9705821701	0.0287334462	0.0006804627	0.0000038886	0.0000000325
1	0.0807649221	0.0000000000	0.8438894957	0.0753447402	0.0000008420
0	0.0186332211	0.0971117486	0.8594869133	0.0247681169	0.0000000000
1	0.0019865256	0.2026211167	0.7953465471	0.0000137089	0.0000321018
0	0.0099026137	0.2120026135	0.5351651212	0.2413542844	0.0015753671
1	0.0015886315	0.0067978938	0.9795889165	0.0044834823	0.0075410760
1	0.0000239171	0.0114057691	0.9658647541	0.0214267544	0.0012788053
1	0.0050535951	0.0183998667	0.7597928895	0.1207661015	0.0959875471
0	0.5330277624	0.0040129540	0.3155232906	0.1445892340	0.0028467591
0	0.1711347941	0.6721952262	0.1168286379	0.0123197369	0.0275216048
1	0.1584403940	0.4005370119	0.2578444848	0.0293699194	0.1538081900
1	0.0000015855	0.0441172610	0.8824122991	0.0734683575	0.0000004969
0	0.0066091039	0.0537130777	0.9313232171	0.0000023533	0.0083522480
1	0.0027337192	0.0099385362	0.9868439862	0.0000987199	0.0003850384
1	0.0001342611	0.0135111905	0.9855813145	0.0005995961	0.0001736378
