0	0.1421853566	0.2327341899	0.3088483353	0.2960226311	0.0202094871
0	0.2450683002	0.4212129784	0.3127245447	0.0032000603	0.0177941164
1	0.0000433831	0.2845676803	0.7021075742	0.0131853490	0.0000960134
1	0.0414978507	0.0587837179	0.7179675480	0.0254243357	0.1563265477
1	0.0008747655	0.1132306667	0.7363556847	0.1495388831	0.0000000000
0	0.0990373175	0.0000000000	0.8872198211	0.0013281532	0.0124147082
0	0.0000000000	0.1999449642	0.0666074399	0.0000000758	0.7334475201
0	0.0000000000	0.6744885789	0.0051636925	0.0185847813	0.3017629474
1	0.3789187449	0.1755796314	0.2024124885	0.2269297369	0.0161593983
0	0.0001587289	0.7301408708	0.0006021431	0.2669865186	0.0021117386
0	0.2997763105	0.0019965963	0.5547002691	0.0887775082	0.0547493160
0	0.0077603774	0.5292929084	0.4494836828	0.0104923414	0.0029706901
0	0.0000800316	0.8558237248	0.0759380615	0.0269097715	0.0412484106
0	0.0003768738	0.0000008463	0.0551470968	0.5716130835	0.3728620995
0	0.0018912911	0.1887451316	0.7841682432	0.0251863735	0.0000089607
1	0.0529676643	0.0017279254	0.9359142636	0.0093901467	0.0000000000
1	0.0486721619	0.4973527737	0.1464964294	0.3042261824	0.0032524526
1	0.0193764750	0.2428235617	0.7367966619	0.0009998748	0.0000034264
0	0.0577251261	0.0133245684	0.0100712769	0.3383174365	0.5805615920
0	0.0000707790	0.5026043463	0.4836887762	0.0123208432	0.0013152553
0	0.7421311307	0.1037405493	0.0992937251	0.0548345752	0.0000000198
0	0.0602904662	0.0000002565	0.6694091869	0.2694912657	0.0008088247
0	0.3372972976	0.6626928811	0.0000000030	0.0000000000	0.0000098183
1	0.0061047908	0.0018628503	0.9201188402	0.0006908009	0.0712227178
0	0.2195781566	0.0483827718	0.6701254165	0.0614695424	0.0004441127
0	0.0000340894	0.9926986768	0.0072670985	0.0000001304	0.0000000049
1	0.1332999883	0.6855907220	0.1163646819	0.0200175293	0.0447270786
0	0.1306674964	0.7230472698	0.0940524604	0.0498213778	0.0024113956
2	0.0000597841	0.0296902935	0.9660942496	0.0041556726	0.0000000002
0	0.0178653348	0.7835000821	0.0142883162	0.0580947411	0.1262515258
0	0.0154854283	0.1401377285	0.5832826761	0.2610368398	0.0000573273
1	0.0010852329	0.0318521624	0.9422562220	0.0248063828	0.0000000000
1	0.0061577247	0.4881330844	0.3800278767	0.1256472115	0.0000341026
1	0.0082413153	0.0014437712	0.9210987153	0.0000001753	0.0692160229
1	0.0002132962	0.0187156690	0.9322846969	0.0022593431	0.0465269948
0	0.0086341695	0.0990092074	0.8758901005	0.0010270342	0.0154394883
0	0.0005480908	0.1518461477	0.8328970319	0.0146942799	0.0000144497
0	0.0100952782	0.2675453778	0.2991782309	0.4088379268	0.0143431862
0	0.0037960679	0.0680215946	0.0672615207	0.7788927937	0.0820280231
0	0.0000847592	0.0166712477	0.6353320192	0.2195705888	0.1283413852
0	0.0149064093	0.8850540034	0.0331289856	0.0002567161	0.0666538856
0	0.0000000001	0.6663808203	0.0000155671	0.0520029895	0.2816006230
0	0.0079879013	0.7287070500	0.0902997248	0.1658486849	0.0071566391
0	0.0000000000	0.0014675963	0.0360286165	0.9625037822	0.0000000049
1	0.0003476091	0.0035938785	0.9261849127	0.0183704215	0.0515031782
0	0.0005027840	0.2638261562	0.5745145943	0.1606119973	0.0005444682
0	0.5246175491	0.0551652223	0.2120964267	0.0703688225	0.1377519793
0	0.0491510212	0.2013762417	0.5084448434	0.1288533444	0.1121745493
0	0.0073629490	0.3215864196	0.2718919842	0.0019614035	0.3971972438
1	0.0000000206	0.0173721995	0.9522472411	0.0303398222	0.0000407166
0	0.0026223645	0.8401360741	0.1529062788	0.0043131296	0.0000221529
0	0.0002127940	0.7260694568	0.0033452575	0.0111607392	0.2592117526
0	0.0120706814	0.4616586203	0.1690151584	0.3551196389	0.0021359010
1	0.0000005706	0.5194829860	0.4493178794	0.0006349153	0.0305636486
1	0.0000018440	0.0025260097	0.9952981260	0.0021739962	0.0000000241
0	0.0000446271	0.8508254013	0.0078523650	0.1339355471	0.0073420595
0	0.0000000056	0.8098642042	0.0165830259	0.1083741177	0.0651786466
0	0.0000070267	0.8637883050	0.1328413034	0.0033633649	0.0000000000
0	0.0612881388	0.1359636003	0.0000707573	0.7363819594	0.0662955442
0	0.3629277512	0.0000000002	0.6142138360	0.0199435112	0.0029149013
0	0.3794476343	0.0000004420	0.1022189779	0.5065177573	0.0118151884
0	0.3217415453	0.3558074319	0.0816006453	0.0045558598	0.2362945177
2	0.0000000002	0.0000648228	0.9990629079	0.0005574487	0.0003148204
0	0.0091913838	0.0000142087	0.3818440390	0.6082883596	0.0006620088
0	0.3336036225	0.3804692985	0.2827482733	0.0027229648	0.0004558409
0	0.0000001529	0.0655430051	0.6461803523	0.1268166407	0.1614598490
1	0.0133578386	0.0062175017	0.9754341500	0.0049875559	0.0000029538
1	0.0031667264	0.5898107800	0.4023887246	0.0020111434	0.0026226255
0	0.1699690348	0.0530196969	0.7090643991	0.0567131791	0.0112336901
0	0.0043434321	0.7014467963	0.2469501893	0.0029307940	0.0443287884
2	0.0000424422	0.0005925373	0.9991935393	0.0001132201	0.0000582611
0	0.0070453389	0.9770662941	0.0146575852	0.0000005765	0.0012302053
1	0.0005116911	0.0401930557	0.9305971214	0.0001017391	0.0285963927
1	0.0029914449	0.0007898466	0.9521330820	0.0440840471	0.0000015793
0	0.3933200222	0.4258502256	0.0128010825	0.1290579639	0.0389707057
0	0.0189955545	0.1134889764	0.7290553928	0.1191655886	0.0192944877
0	0.0001731510	0.2533591865	0.0000434033	0.4751159465	0.2713083127
2	0.0021996604	0.0001858993	0.9964592446	0.0006294096	0.0005257861
0	0.2002304291	0.2373365967	0.1062260519	0.2139494452	0.2422574772
0	0.0061283495	0.9114035313	0.0297176587	0.0527503679	0.0000000925
2	0.0008228480	0.0117018101	0.9869968903	0.0000000057	0.0004784459
0	0.0585003171	0.2987584289	0.1081648590	0.4900020262	0.0445743687
0	0.9667489876	0.0288816746	0.0036085157	0.0007608220	0.0000000000
0	0.0056525951	0.3816376111	0.4155572893	0.0723091750	0.1248433295
0	0.0000000940	0.0051190975	0.5955781789	0.3988201152	0.0004825145
0	0.0000078742	0.1717413801	0.6092544317	0.2189962112	0.0000001029
0	0.0634216750	0.6642569580	0.1142080635	0.0055920900	0.1525212134
0	0.0966845960	0.2681179457	0.0000056497	0.0170730954	0.6181187131
0	0.4838339992	0.1874647676	0.0049274735	0.3235485773	0.0002251824
1	0.1170221743	0.2358706656	0.2044848011	0.0851833637	0.3574389952
0	0.0000000000	0.1167770659	0.3570047642	0.1210233081	0.4051948618
0	0.0482944335	0.0000000000	0.4203505302	0.5247867733	0.0065682630
0	0.0001860458	0.0008892007	0.1186260654	0.8751646200	0.0051340681
0	0.1469693229	0.0057160724	0.0422866083	0.2883367975	0.5166911989
0	0.0575333205	0.0466837044	0.5365746801	0.1772261066	0.1819821885
0	0.3126010007	0.4118899647	0.0198427734	0.2556529431	0.0000133181
0	0.0047371354	0.1098883429	0.2738404939	0.5243990121	0.0871350157
1	0.6396025279	0.0306713996	0.2805908632	0.0059237582	0.0432114511
1	0.1051888728	0.0020143996	0.7528546903	0.0984749848	0.0414670525
0	0.4821314676	0.0662748967	0.3996214228	0.0519722116	0.0000000014
