0	0.6489642492	0.0164021341	0.0810305763	0.0418364803	0.2117665601
1	0.0087863358	0.2098681251	0.0246451387	0.7567003995	0.0000000009
0	0.3193107725	0.0518360048	0.0248399507	0.6031669608	0.0008463113
0	0.1533932347	0.2360769685	0.1775113578	0.4330179379	0.0000005011
0	0.0906320389	0.0000078789	0.0009024087	0.8873628712	0.0210948024
0	0.0026983886	0.0917017286	0.0000366608	0.0210828468	0.8844803753
1	0.0000000001	0.0854417700	0.0000007087	0.8544984269	0.0600590942
1	0.2702084742	0.0397873605	0.3583146669	0.3316894982	0.0000000002
0	0.2580249783	0.4068358391	0.1072327766	0.1428966795	0.0850097265
0	0.0340860706	0.0199691130	0.0066947965	0.0000001218	0.9392498981
2	0.0336952797	0.9357992161	0.0000000000	0.0019494573	0.0285560469
0	0.0000000003	0.0357107881	0.0422989977	0.2920380025	0.6299522114
0	0.0000181707	0.0566438262	0.0000008339	0.8904934475	0.0528437216
0	0.0190850231	0.0025866739	0.2953830988	0.6814505280	0.0014946762
1	0.0160715345	0.0858384369	0.0575284155	0.8405616130	0.0000000001
1	0.1592095771	0.7975472125	0.0431560470	0.0000292528	0.0000579107
1	0.0000000000	0.7502737318	0.2497245109	0.0000017566	0.0000000007
0	0.0351068904	0.0010702738	0.7484763783	0.1408127203	0.0745337372
0	0.0417692966	0.3009955377	0.0311345658	0.6261006000	0.0000000000
0	0.0866508683	0.0150768520	0.2650045619	0.0834537397	0.5498139780
1	0.1041618225	0.8525294395	0.0080806661	0.0352280718	0.0000000001
0	0.0296506289	0.0005265985	0.9295746177	0.0052795633	0.0349685916
0	0.0973881440	0.0032232209	0.0751253025	0.8006060004	0.0236573322
1	0.1257788670	0.0000296624	0.1165824891	0.7575008983	0.0001080833
1	0.2023923046	0.1158627701	0.0016354560	0.6801094694	0.0000000000
1	0.0480700308	0.9515216902	0.0000000000	0.0004055207	0.0000027583
0	0.5217578019	0.0000001311	0.1064437420	0.3717845013	0.0000138236
0	0.0091218228	0.5438648058	0.0000000001	0.4470133713	0.0000000000
0	0.1016874384	0.1829614522	0.0000001848	0.4424294898	0.2729214349
2	0.0225586541	0.1872514384	0.0852621818	0.7049277257	0.0000000000
0	0.0000000000	0.0332288226	0.0969558197	0.5995495698	0.2702657879
0	0.1539683829	0.1880764444	0.0000000007	0.6347191282	0.0232360438
0	0.7555181235	0.0168573550	0.0007102032	0.2261510644	0.0007632539
1	0.8347390888	0.0132607407	0.0000000000	0.1518057570	0.0001944135
0	0.4280563996	0.1107003778	0.0775282465	0.3821165731	0.0015984031
1	0.0056161477	0.7967449662	0.0002307020	0.1974081841	0.0000000000
1	0.3396891524	0.2200535908	0.1854328683	0.2548243881	0.0000000004
0	0.2896289001	0.0058887211	0.6188000547	0.0536460822	0.0320362419
0	0.0521149571	0.0017059108	0.1332679812	0.7267234825	0.0861876684
0	0.0280263450	0.1635358189	0.0000003918	0.0024934302	0.8059440142
0	0.0526068083	0.2072064608	0.2661839987	0.3920628693	0.0819398629
0	0.0181314522	0.0113575986	0.0963796512	0.8713916164	0.0027396816
1	0.0005442591	0.0063899495	0.0000000000	0.2360367324	0.7570290591
0	0.1215344076	0.0015332956	0.0849549977	0.1587702731	0.6332070260
1	0.6031045140	0.0150634251	0.0086057325	0.3731318830	0.0000944454
0	0.0050144125	0.0388505658	0.0000000000	0.9128177378	0.0433172840
0	0.0591106166	0.3066635121	0.5779420757	0.0040432819	0.0522405136
0	0.0123790338	0.6093906386	0.0935699607	0.0519841101	0.2326762569
0	0.6655280315	0.0047300475	0.0000000001	0.1284353359	0.2013065851
0	0.7227497141	0.2071613522	0.0700106167	0.0000783170	0.0000000000
1	0.9441535895	0.0557445130	0.0000822125	0.0000196849	0.0000000000
1	0.9303731676	0.0002872258	0.0521943317	0.0056993917	0.0114458832
0	0.0004244956	0.2430836720	0.0030877515	0.7524559597	0.0009481213
0	0.0089915256	0.0083983599	0.2773357837	0.0218654977	0.6834088332
0	0.0079764788	0.2487587629	0.2208347657	0.0027171879	0.5197128046
0	0.0000000000	0.0438899928	0.0066321575	0.9494652948	0.0000125550
0	0.0003159994	0.0265777320	0.5227980535	0.4021682301	0.0481399850
0	0.0000169793	0.2867170624	0.0065354086	0.6226813889	0.0840491609
0	0.2412228212	0.2447337331	0.0575273930	0.4564981188	0.0000179338
0	0.5274564154	0.0020253632	0.0712103563	0.1103591027	0.2889487624
0	0.0000000000	0.1033385060	0.7485698887	0.1462203350	0.0018712703
0	0.0006312149	0.0156494163	0.0000159103	0.9610637989	0.0226396597
0	0.0000193198	0.7207964139	0.0000911407	0.0140373359	0.2650557897
0	0.0386743434	0.3244833277	0.1601517342	0.4765405366	0.0001500581
0	0.9701098094	0.0175497043	0.0007433158	0.0080418998	0.0035552707
0	0.0083160275	0.0015344704	0.0036222170	0.6985181396	0.2880091456
2	0.0548157940	0.9278579584	0.0051674575	0.0121587901	0.0000000000
0	0.6838844438	0.0011701122	0.0000001132	0.3149433012	0.0000020296
0	0.1915947966	0.0304769766	0.0001951317	0.2486287621	0.5291043329
0	0.9880604624	0.0000197059	0.0118110297	0.0001068939	0.0000019081
0	0.2792683037	0.0000000000	0.0205056687	0.0000000236	0.7002260040
0	0.3106822344	0.0003273519	0.0916298963	0.0120367493	0.5853237681
0	0.7685234236	0.0051447759	0.0902193642	0.0211538813	0.1149585550
0	0.0000000000	0.0721638449	0.0000020346	0.0456863595	0.8821477610
0	0.0000000000	0.0004879611	0.0000860314	0.9962439984	0.0031820091
0	0.0093265955	0.0016542238	0.2319327644	0.5730872965	0.1839991198
0	0.3109310133	0.0425202218	0.0260776414	0.4292713780	0.1911997455
0	0.2557719152	0.0517410790	0.0010238444	0.5350146845	0.1564484769
0	0.1459734223	0.0328988315	0.0538565464	0.1010852884	0.6661859115
1	0.0000032926	0.0119792333	0.0019660359	0.9768860243	0.0091654139
1	0.7197527323	0.2543477440	0.0139679762	0.0079794427	0.0039521047
0	0.7064443087	0.0005209290	0.1318881009	0.0002456520	0.1609010094
0	0.6306149454	0.0020923340	0.0904111199	0.0017730521	0.2751085485
1	0.0011247090	0.0075451586	0.0000044893	0.9910868125	0.0002388306
1	0.0311051354	0.6878661075	0.0000378764	0.0068450198	0.2741458610
0	0.0125703880	0.7358024319	0.0003826686	0.1696732795	0.0815712320
0	0.3896413852	0.0000486987	0.0239530529	0.0000039739	0.5863528894
0	0.0000002109	0.5448542929	0.0000000000	0.4392533036	0.0158921926
0	0.0048497239	0.0007575819	0.0055970759	0.9780647397	0.0107308787
0	0.4081823390	0.1687573918	0.0079750640	0.3815047239	0.0335804813
1	0.0606062073	0.5263164901	0.0791085887	0.3339687138	0.0000000000
1	0.4660406358	0.0797555113	0.0009968495	0.4529137920	0.0002932114
1	0.1959822098	0.0828986066	0.0157792617	0.6974231018	0.0079168201
0	0.7886861593	0.0533576472	0.0155408055	0.1384181444	0.0039972435
0	0.0090080915	0.0000000000	0.0002082416	0.0000237431	0.9907599237
0	0.0175247177	0.3073021066	0.0721208518	0.5701617873	0.0328905367
0	0.0922281286	0.0406929248	0.7999236263	0.0567366094	0.0104187110
0	0.8382151169	0.0000000000	0.1585581828	0.0030263757	0.0002003246
1	0.3155875075	0.0090902821	0.0134620191	0.6618278237	0.0000323676
0	0.0028989185	0.1653671522	0.0901184784	0.6895092392	0.0521062117
