0	0.0656416699	0.0036283950	0.0977529845	0.6307892420	0.2021877087
1	0.1431991599	0.8349396294	0.0000000000	0.0218612106	0.0000000000
0	0.9641679845	0.0010490739	0.0000000401	0.0037763190	0.0310065825
0	0.0000243400	0.0411929832	0.0979425252	0.8178119925	0.0430281590
1	0.0077309687	0.8483287866	0.0098208830	0.0976382297	0.0364811321
1	0.0907286580	0.6391091807	0.0000000000	0.2698586532	0.0003035082
1	0.0000000023	0.0322068630	0.0525175022	0.9152716955	0.0000039370
0	0.0000000000	0.5839663182	0.0378326080	0.0560256094	0.3221754645
2	0.7287348824	0.1214426873	0.0038757603	0.1459466701	0.0000000000
0	0.0464243682	0.0000001171	0.2907115955	0.0572392509	0.6056246684
0	0.3086350984	0.3759838718	0.0828026830	0.0062691960	0.2263091508
0	0.0448647441	0.0065771100	0.0000000000	0.9485581460	0.0000000000
0	0.0504506226	0.0148368522	0.0654480406	0.8189829467	0.0502815379
0	0.0101740029	0.0000000000	0.1431014097	0.5391649375	0.3075596499
0	0.0403070664	0.1164130343	0.5759424399	0.2348303721	0.0325070872
1	0.0409602277	0.8717801277	0.0805794107	0.0066802338	0.0000000000
1	0.1562427963	0.1140866791	0.0057991240	0.6745762785	0.0492951221
0	0.0000660282	0.1048809417	0.5960530390	0.0252184168	0.2737815743
0	0.0218565545	0.0002643117	0.0867139856	0.6722828732	0.2188822750
1	0.7515729495	0.1118938613	0.0001123618	0.1141425998	0.0222782276
0	0.0571004703	0.2397407791	0.1408375031	0.4137365666	0.1485846809
0	0.5972040173	0.0118934768	0.0000536674	0.3879301988	0.0029186396
1	0.1166136490	0.3178808494	0.0000133657	0.5654899053	0.0000022307
1	0.0065184154	0.7711033374	0.0014725866	0.2171067712	0.0037988895
0	0.0156797743	0.8821194386	0.0920401497	0.0045872836	0.0055733539
1	0.0760359071	0.0771202810	0.7240697722	0.1227740398	0.0000000000
0	0.1275029151	0.0203220330	0.0067983557	0.5584726195	0.2869040767
1	0.1772785669	0.4298417817	0.0566217745	0.3362134488	0.0000444281
0	0.0004226109	0.0000042487	0.0789235440	0.8910529258	0.0295966706
0	0.1007354645	0.1681519320	0.2972956797	0.2947273058	0.1390896179
1	0.0953471483	0.1909978513	0.0000000000	0.6892235473	0.0244314530
1	0.2055768485	0.6080058385	0.1864167434	0.0000005659	0.0000000037
1	0.0112424502	0.1235451206	0.0148375282	0.8503749010	0.0000000000
0	0.0195274039	0.2690486121	0.0680990793	0.6433087850	0.0000161197
1	0.0000462033	0.8798862982	0.0809260621	0.0391414364	0.0000000000
0	0.0012047082	0.0000503300	0.0000299973	0.4588016444	0.5399133200
0	0.0020317332	0.2440930766	0.0007717028	0.1804144695	0.5726890180
0	0.0010822661	0.0024122404	0.1091621359	0.0482663884	0.8390769693
2	0.0341913451	0.9318331536	0.0264356163	0.0075398836	0.0000000014
1	0.3728117857	0.3493580290	0.0300233960	0.2314605483	0.0163462410
1	0.0690257853	0.8294660215	0.0005933077	0.0991847460	0.0017301394
0	0.5104906098	0.0000000000	0.0000943715	0.2258911255	0.2635238932
0	0.4817750719	0.0000006122	0.0020245486	0.2760616650	0.2401381023
0	0.0737607672	0.0004905021	0.0073555727	0.0629787593	0.8554143987
1	0.2573206097	0.0000447796	0.7215962070	0.0210384037	0.0000000000
0	0.1305833499	0.0040220797	0.0000000303	0.5567079085	0.3086866317
0	0.4197938497	0.0013414929	0.1019574563	0.4467329423	0.0301742588
1	0.7866546915	0.0000021316	0.1298953816	0.0833602128	0.0000875825
0	0.0005734082	0.6266852507	0.0752513124	0.0248679269	0.2726221018
1	0.4272933002	0.0598263520	0.0027535119	0.5097434719	0.0003833641
0	0.0226833633	0.0916180037	0.8436991954	0.0195846998	0.0224147379
0	0.0000000045	0.0000009275	0.0000000000	0.5983984011	0.4016006669
0	0.0242243862	0.0000000000	0.0003414797	0.0242679282	0.9511662059
0	0.5829973312	0.0000000000	0.0000000000	0.0001298501	0.4168728187
0	0.0410095303	0.0000000048	0.3133701074	0.5674814689	0.0781388886
1	0.5924616668	0.3154371750	0.0000012213	0.0611883159	0.0309116211
1	0.0089739479	0.5848478460	0.0295822472	0.3765605153	0.0000354436
1	0.0000000244	0.1802032775	0.0000000000	0.8168160599	0.0029806382
0	0.6952669940	0.0271460088	0.0060396861	0.2246937365	0.0468535746
0	0.1965884486	0.0000491283	0.0252046380	0.7297712206	0.0483865645
1	0.0019138077	0.5717618788	0.3381726100	0.0881517034	0.0000000000
0	0.1720422606	0.0000000000	0.2125003969	0.0426166490	0.5728406935
0	0.0739602104	0.1385592089	0.0796241048	0.5994364843	0.1084199916
0	0.0233510982	0.0036353549	0.6186135707	0.2645265432	0.0898734331
2	0.3497961699	0.4815140963	0.1686897338	0.0000000000	0.0000000000
1	0.0582267040	0.9170261179	0.0072337511	0.0175134270	0.0000000001
1	0.1661923505	0.0082406044	0.0098527515	0.8157138579	0.0000004357
0	0.3523957139	0.0000929508	0.3860128383	0.2427065797	0.0187919173
0	0.0743611361	0.5671685194	0.1761816313	0.0572122246	0.1250764886
0	0.1349736107	0.0000130325	0.0000077306	0.7756708157	0.0893348105
0	0.0000000000	0.8067925509	0.0016821630	0.1795928088	0.0119324773
2	0.4449454790	0.4692449209	0.0766039277	0.0092056724	0.0000000000
0	0.1195828764	0.0060115497	0.0202952785	0.6563567424	0.1977535530
0	0.0616982364	0.7299143333	0.1043124004	0.0278854471	0.0761895828
0	0.3280311125	0.0000897839	0.0000026608	0.6718764427	0.0000000000
0	0.0049862416	0.0023607807	0.0000242655	0.9925506081	0.0000781041
0	0.0047316692	0.0580804554	0.0001422058	0.8158629905	0.1211826790
0	0.0516478604	0.0205473940	0.7310240904	0.1160113053	0.0807693500
1	0.0465750594	0.8552907279	0.0000000000	0.0055764947	0.0925577180
0	0.0000000018	0.0007154831	0.2458367829	0.6783396014	0.0751081307
0	0.1974066577	0.0898615432	0.0225480932	0.5843726799	0.1058110260
1	0.0025591457	0.0170564053	0.0271880418	0.9531964072	0.0000000000
1	0.2229227006	0.5312261476	0.0204322624	0.2140483451	0.0113705442
0	0.0153312859	0.0916706855	0.0002904844	0.4312621966	0.4614453475
0	0.3105217785	0.1687604125	0.1067285031	0.1824935592	0.2314957467
0	0.0000000388	0.1417831274	0.0458316398	0.6810421410	0.1313430529
0	0.0001128503	0.0136927364	0.0694109221	0.8423990252	0.0743844660
0	0.0000000000	0.0518793003	0.0097140425	0.3596415376	0.5787651197
0	0.1234871953	0.0000298641	0.0073077291	0.3770512981	0.4921239135
0	0.2468622845	0.0007337733	0.4405259615	0.0799139367	0.2319640439
1	0.6114013476	0.0596040749	0.0000101736	0.3289843751	0.0000000288
1	0.4630092787	0.0066842085	0.4435212873	0.0867852248	0.0000000008
0	0.0283356917	0.0000000000	0.0180235548	0.3460764243	0.6075643292
0	0.2476453573	0.1262261817	0.0182736994	0.5957465517	0.0121082100
0	0.0333853125	0.4057756930	0.0331587250	0.0067215845	0.5209586850
1	0.5192526197	0.0001049808	0.0419526742	0.4386651758	0.0000245494
0	0.0000005444	0.0205630570	0.0062410377	0.9362602183	0.0369351424
0	0.1581542370	0.0183382628	0.0372030649	0.7839114224	0.0023930129
0	0.0644973795	0.0007524563	0.5689989509	0.0943869155	0.2713642977
0	0.0574948227	0.0493924548	0.1724600795	0.1053087880	0.6153438551
