1	0.0000170184	0.0024503048	0.9829454118	0.0057655256	0.0088217393
0	0.0000754939	0.0148148868	0.9273731946	0.0565588153	0.0011776095
0	0.0139713313	0.0000899027	0.9346195887	0.0513191774	0.0000000000
0	0.1918026561	0.5793130327	0.0094237451	0.1172804096	0.1021801566
0	0.0464748184	0.0401982096	0.0056264027	0.0030977046	0.9046028647
1	0.0805421328	0.0659425230	0.7896253705	0.0607378715	0.0031521023
0	0.0849204958	0.0038423380	0.0157175465	0.8955196197	0.0000000000
0	0.0000874702	0.8679798164	0.0893917113	0.0016614582	0.0408795439
1	0.0715454614	0.6116032505	0.2261556948	0.0906955933	0.0000000000
0	0.0045228107	0.0856157010	0.4227126085	0.3176218906	0.1695269893
0	0.0001970967	0.2538194756	0.1504829603	0.2744542427	0.3210462248
1	0.0007206837	0.3116488718	0.6094076694	0.0513359574	0.0268868177
0	0.0822456674	0.0710599883	0.0335799824	0.7898260111	0.0232883507
0	0.0002953903	0.7936032161	0.1763624033	0.0287842714	0.0009547189
1	0.0111015524	0.0640953514	0.9151323610	0.0036021030	0.0060686323
1	0.0003780863	0.0215276468	0.9695024344	0.0058039486	0.0027878839
0	0.0003633555	0.1178874894	0.2987796889	0.5491248915	0.0338445746
1	0.0588803310	0.0850663897	0.7599064435	0.0017013094	0.0944455264
0	0.0000000000	0.6602149866	0.0933586742	0.1519497025	0.0944766368
1	0.0410060260	0.4234536195	0.5159774940	0.0195628598	0.0000000007
0	0.3110274457	0.0000158701	0.3748135621	0.3141431221	0.0000000000
1	0.3737843665	0.1819028993	0.2116572046	0.2299940066	0.0026615229
0	0.0023350341	0.6533195122	0.2006668029	0.1104734863	0.0332051645
0	0.0715363208	0.3925522341	0.0374527417	0.4383022854	0.0601564179
0	0.0000000000	0.0278446548	0.8877077003	0.0541022781	0.0303453668
0	0.0000957033	0.0945885702	0.8793728388	0.0136704293	0.0122724582
0	0.0463473367	0.5524985858	0.4011540772	0.0000000002	0.0000000000
0	0.0633822813	0.4338785712	0.5002031295	0.0025359658	0.0000000522
0	0.7869219567	0.1590865623	0.0214963645	0.0000000000	0.0324951165
1	0.0029589993	0.0155995861	0.9759945544	0.0048738502	0.0005730100
0	0.0000000000	0.0987742724	0.4798303906	0.1768155366	0.2445798004
0	0.2424421612	0.5186439085	0.2219649104	0.0169185096	0.0000305103
0	0.0004523429	0.8268787728	0.1610047232	0.0053616270	0.0063025340
1	0.0015073477	0.1239110443	0.7010555988	0.1257941544	0.0477318548
0	0.0240224336	0.7301676973	0.1051862083	0.0053515640	0.1352720968
0	0.5102156558	0.0000000011	0.0970781044	0.0161712120	0.3765350268
0	0.0485051763	0.0147274753	0.4979086716	0.0381340618	0.4007246151
0	0.0038425401	0.3000146984	0.0423820545	0.0215002897	0.6322604173
0	0.0108548276	0.6146457003	0.2540282025	0.1204360326	0.0000352370
2	0.0012499351	0.0134260438	0.9341014254	0.0192913121	0.0319312835
0	0.0122116910	0.0000014456	0.0028418587	0.0088291208	0.9761158838
0	0.1867368535	0.4271693775	0.0009632323	0.3851305366	0.0000000000
0	0.0113329182	0.0930652215	0.5886306045	0.0123845054	0.2945867504
1	0.0326018665	0.2818451577	0.2310429427	0.0219894863	0.4325205468
0	0.3657015021	0.3183386301	0.2350944184	0.0147314103	0.0661340392
0	0.0128588273	0.0094949523	0.5764000752	0.0445712866	0.3566748587
2	0.0052781252	0.0048918889	0.9869346044	0.0000185374	0.0028768441
0	0.0096924320	0.3767782679	0.3527722067	0.2478040923	0.0129530010
0	0.0000053830	0.1992072200	0.6896373866	0.1109315716	0.0002184389
0	0.0008864118	0.1364392112	0.7146560644	0.1454842246	0.0025340880
0	0.0297965061	0.3967154374	0.3196211006	0.2225369588	0.0313299971
0	0.1248089243	0.1184790975	0.0490289279	0.6858229926	0.0218600578
0	0.0000000017	0.0237156240	0.8883252358	0.0455706674	0.0423884711
0	0.3259697224	0.4515523328	0.1919187259	0.0290346105	0.0015246084
0	0.0007929740	0.0767115693	0.5863116668	0.1354298149	0.2007539750
0	0.0041822963	0.5413004480	0.3788777250	0.0520817166	0.0235578141
1	0.6928530037	0.0403805134	0.1725691237	0.0521929999	0.0420043593
0	0.2522291519	0.0390752864	0.3759812858	0.1865347521	0.1461795237
1	0.0017890717	0.1602631549	0.7416300555	0.0006992120	0.0956185059
0	0.0000000648	0.2263412993	0.1518257214	0.2325488343	0.3892840802
1	0.0085736829	0.0036795963	0.9675954022	0.0201491245	0.0000021941
0	0.0060018067	0.7430311607	0.0786264633	0.1590668562	0.0132737131
0	0.0047481068	0.2704951182	0.2602299289	0.2482865530	0.2162402932
0	0.0000000009	0.4117480522	0.0532598142	0.5313445996	0.0036475332
1	0.0364977368	0.0206252764	0.9116954784	0.0000000160	0.0311814924
0	0.0000005479	0.6640797563	0.1654258803	0.0466839546	0.1238098610
0	0.0700242617	0.1011977244	0.0153953136	0.8133666030	0.0000160973
0	0.0114196185	0.0002049410	0.2758273226	0.0905327798	0.6220153380
1	0.1369791894	0.0549916459	0.4861775814	0.0020996066	0.3197519766
0	0.0138511310	0.0065742110	0.0000015254	0.3379585619	0.6416145707
0	0.0212598588	0.0640221461	0.1573017402	0.4910864207	0.2663298342
1	0.0000001004	0.6997917035	0.2996633614	0.0003867973	0.0001580375
1	0.0004046599	0.0024547460	0.9832997044	0.0000000000	0.0138408897
1	0.0000280822	0.0447620623	0.9163862613	0.0387867162	0.0000368780
0	0.2634483678	0.1983563948	0.2694403039	0.2636897911	0.0050651423
0	0.1320006218	0.0000214621	0.1659427957	0.0655905743	0.6364445462
0	0.1412114455	0.0056398504	0.2963479042	0.1017194985	0.4550813014
0	0.0040322769	0.0696014762	0.1692960933	0.7352368554	0.0218332982
0	0.0000005981	0.2437738130	0.1511294114	0.0040485944	0.6010475831
0	0.0107269566	0.0902357693	0.2171933491	0.1887958850	0.4930480399
0	0.0115954742	0.1301779058	0.1402757387	0.7179490907	0.0000017906
0	0.0000480433	0.0000005585	0.7969172995	0.1380454787	0.0649886200
0	0.0000000000	0.6665570182	0.2498023042	0.0594379529	0.0242027246
1	0.0017873684	0.0143649282	0.9805102472	0.0023703879	0.0009670683
0	0.0605468793	0.3313225012	0.3854063502	0.0001127048	0.2226115645
1	0.0386213850	0.1767785606	0.6067541868	0.1522540938	0.0255917737
1	0.0000000000	0.0586916531	0.8072871911	0.0811601477	0.0528610080
0	0.4325394516	0.1556663729	0.3575019029	0.0368852599	0.0174070126
1	0.0000004642	0.0115147730	0.9721127275	0.0162656343	0.0001064010
1	0.0023779134	0.0451886261	0.9288512422	0.0033373709	0.0202448474
1	0.0129413202	0.0006910989	0.7118485493	0.1213353753	0.1531836563
0	0.0419347807	0.0200673830	0.0396592216	0.5271490559	0.3711895588
0	0.0880530189	0.0189509423	0.2673314400	0.0000000000	0.6256645988
0	0.0000359735	0.9408077100	0.0003103672	0.0578763112	0.0009696381
0	0.0282183978	0.7160218118	0.1561506766	0.0924774218	0.0071316920
1	0.0004435223	0.1306638525	0.8505397926	0.0090322149	0.0093206177
0	0.0096254143	0.1289157018	0.0230228684	0.8234182740	0.0150177415
1	0.0000499062	0.6306519431	0.1847683752	0.1605853572	0.0239444183
1	0.0100745615	0.0315528235	0.9161765785	0.0421960365	0.0000000000
0	0.0063896940	0.0146318446	0.3403927421	0.6131133593	0.0254723599
