0	0.0587136711	0.8321023697	0.0000018256	0.0921264117	0.0170557218
0	0.0000000146	0.0645464871	0.0315987637	0.7920959727	0.1117587618
1	0.3580155994	0.0000001027	0.4430646185	0.0782115748	0.1207081047
0	0.0209423655	0.3789947945	0.1343789578	0.4612589500	0.0044249322
0	0.0061951056	0.2893442344	0.3563842549	0.3229727292	0.0251036759
1	0.0351408216	0.1228747859	0.6110532141	0.1830988315	0.0478323470
0	0.3964798936	0.1039109270	0.4996087407	0.0000004387	0.0000000000
0	0.2497837904	0.0010504640	0.0275061944	0.7216595511	0.0000000000
1	0.0000000000	0.3205702356	0.6359645212	0.0429724641	0.0004927791
0	0.1127851215	0.2894683093	0.5077296371	0.0273254721	0.0626914600
0	0.0270040382	0.0948791040	0.7717575518	0.0276352101	0.0787240959
0	0.1971323285	0.0000000003	0.0073885182	0.7954791529	0.0000000001
1	0.0000000000	0.0900643946	0.9098769198	0.0000269444	0.0000317412
0	0.0000000000	0.2437491092	0.0303069105	0.1715887906	0.5543551897
0	0.2321106669	0.1996162602	0.5645435095	0.0001153175	0.0036142459
0	0.0147853763	0.8378804845	0.1170466189	0.0302875203	0.0000000000
0	0.0292218942	0.8829374561	0.0656690344	0.0221184283	0.0000531869
0	0.2330119291	0.0872543385	0.0000342417	0.0000000423	0.6796994485
0	0.4956557150	0.0002071221	0.4896379068	0.0141089742	0.0003902820
0	0.0917778152	0.7471564729	0.0000027382	0.1207171783	0.0403457954
0	0.1323012495	0.0423792967	0.8253118149	0.0000076389	0.0000000000
0	0.0013012258	0.0205502131	0.2180772369	0.6789417736	0.0811295506
1	0.0154803029	0.0437401290	0.9298569553	0.0000234875	0.0108991253
0	0.1397555435	0.1550870303	0.0123259124	0.1682617769	0.5245697369
0	0.1303858455	0.0074533433	0.0747140456	0.7874467655	0.0000000000
0	0.0237046391	0.0000400265	0.8346384961	0.1415876055	0.0000292329
1	0.2135931501	0.4319969819	0.2661177099	0.0882434028	0.0000487552
1	0.0719385399	0.0110801085	0.6412097406	0.0000000000	0.2757716110
0	0.5153042199	0.0097221892	0.0535964301	0.4213771608	0.0000000000
1	0.0000080921	0.1057646589	0.8269268490	0.0426697935	0.0246306065
2	0.0010284614	0.0005666986	0.9975556089	0.0000097309	0.0008395002
1	0.0034608472	0.4399166928	0.3610533269	0.1705996983	0.0249694348
0	0.0009286651	0.0184125973	0.4031392459	0.5167535554	0.0607659362
0	0.1504821158	0.5565566973	0.0707719306	0.2221892563	0.0000000000
0	0.0326746560	0.0118226920	0.9528065444	0.0026961076	0.0000000000
0	0.0305451864	0.0686812394	0.6043806427	0.2963929315	0.0000000000
1	0.1362964590	0.0000018195	0.7707953879	0.0926792035	0.0002271301
1	0.0000000000	0.0042881828	0.0160417562	0.9543623852	0.0253076757
0	0.3619843062	0.1975663239	0.3033397586	0.1363874804	0.0007221309
0	0.0149505013	0.1957966019	0.7368752176	0.0019874334	0.0503902459
0	0.0159938372	0.0110961451	0.6804012053	0.2925047666	0.0000040459
0	0.0000000000	0.8100309967	0.0000000000	0.0039259079	0.1860430954
0	0.0842783979	0.0080397732	0.7821199742	0.0167149255	0.1088469292
0	0.0207451904	0.0126866776	0.8041852941	0.1610911279	0.0012917100
0	0.1476011839	0.3981525150	0.0035244929	0.4502779476	0.0004438606
1	0.0030904810	0.0148704286	0.9757423505	0.0000000009	0.0062967391
0	0.7313171323	0.0110153851	0.1288946320	0.0340223870	0.0947504635
1	0.0000000000	0.0024215449	0.9766201564	0.0195363002	0.0014219985
0	0.0000000003	0.0367063061	0.8984233943	0.0098194143	0.0550508850
2	0.0087747745	0.0012110416	0.9351108671	0.0306046068	0.0242987099
1	0.0105118641	0.0282948904	0.9611908090	0.0000024365	0.0000000000
0	0.6892575270	0.1481017783	0.1208279161	0.0342002519	0.0076125267
1	0.0152582848	0.1876550090	0.7440629114	0.0474555948	0.0055682000
1	0.0199035413	0.0453023698	0.9089082231	0.0049153475	0.0209705183
0	0.0193337647	0.8660378360	0.0736590420	0.0263713698	0.0145979876
0	0.0000000000	0.1119105984	0.7907093867	0.0973798930	0.0000001220
1	0.0012712170	0.0015474800	0.9932095404	0.0000601894	0.0039115733
1	0.0000054240	0.1684611840	0.6713766246	0.0007779985	0.1593787689
1	0.0017111417	0.0056847583	0.9816641579	0.0025266082	0.0084133339
1	0.0000057484	0.0334508678	0.9635587099	0.0013854627	0.0015992113
0	0.1592321991	0.1409972144	0.2903147108	0.1730187087	0.2364371670
1	0.0005267886	0.0014902658	0.9948657090	0.0001322123	0.0029850243
1	0.0136097894	0.1229395451	0.7415349267	0.1219150467	0.0000006921
0	0.0723765133	0.0001649915	0.0763803033	0.8510777572	0.0000004347
0	0.0083104730	0.0013805363	0.1165339494	0.8737473421	0.0000276992
0	0.0000038955	0.8357633336	0.0482830312	0.0995071152	0.0164426245
0	0.1201066836	0.3121077646	0.4664651763	0.1013203755	0.0000000000
0	0.0923205275	0.0185545438	0.7561177636	0.0915235175	0.0414836476
0	0.0059644153	0.0320452090	0.8293003746	0.0130515997	0.1196384013
2	0.1102490725	0.0771208542	0.8120489118	0.0000259091	0.0005552524
0	0.0050017032	0.0034697575	0.1147506652	0.6683186887	0.2084591853
1	0.0111354775	0.0714049441	0.9131729350	0.0000242690	0.0042623743
1	0.0055637266	0.5614448608	0.3500646952	0.0688107636	0.0141159538
1	0.0009061948	0.0363932924	0.9337455992	0.0109908131	0.0179641006
0	0.0489787469	0.0414154450	0.0199907638	0.8896064105	0.0000086338
1	0.4044107214	0.2929404317	0.2583688340	0.0442800128	0.0000000000
0	0.0000019301	0.6433185435	0.2984762878	0.0582005780	0.0000026606
0	0.3719328666	0.3591748063	0.1614487459	0.0036143054	0.1038292759
0	0.1163823420	0.0000000826	0.8174595003	0.0000078948	0.0661501803
1	0.1372342378	0.0555814290	0.7516063924	0.0293787713	0.0261991694
0	0.3797803953	0.0286694342	0.0080893726	0.5732517437	0.0102090542
0	0.0000000000	0.4542734699	0.2035705387	0.3175574150	0.0245985764
0	0.0968552247	0.0002948623	0.6988842570	0.0000456097	0.2039200464
0	0.0051871013	0.8683856353	0.0122403587	0.1128259096	0.0013609951
0	0.0520387798	0.0116767461	0.7214662514	0.0582530800	0.1565651427
0	0.1604543175	0.0708773618	0.7593439531	0.0000000111	0.0093243565
0	0.0000000000	0.1747524959	0.0000720987	0.6628565678	0.1623188375
1	0.0029160808	0.0235185749	0.9049424518	0.0601386069	0.0084842856
1	0.0013385880	0.3771082225	0.6214091525	0.0001440366	0.0000000005
0	0.0399645267	0.7232963988	0.0260121001	0.1746930253	0.0360339491
0	0.0000316555	0.0903086721	0.5192690603	0.3170256126	0.0733649994
1	0.0002795432	0.0549993390	0.7779179691	0.1667662812	0.0000368674
0	0.0166326726	0.1479061794	0.1065642190	0.5067208562	0.2221760727
1	0.0569295327	0.0361517633	0.7994486760	0.1030116685	0.0044583595
2	0.0179284935	0.0384536323	0.9339415234	0.0032062380	0.0064701128
1	0.0007548402	0.0000000000	0.6239990420	0.1550694811	0.2201766367
0	0.1655781214	0.0784764883	0.0576805616	0.5850458415	0.1132189872
0	0.1038584552	0.7012072060	0.0033574263	0.1915769125	0.0000000000
0	0.1147028295	0.0345710439	0.7269772984	0.0286879257	0.0950609025
0	0.8965116645	0.0221269153	0.0809676142	0.0003194852	0.0000743208
