0	0.0849558657	0.0001958530	0.0011610105	0.0438377756	0.8698494951
1	0.0006532954	0.0008765600	0.9970410960	0.0012933763	0.0001356724
0	0.0026225485	0.0001056208	0.9370315591	0.0011410779	0.0590991937
1	0.0312522543	0.0377370911	0.8864038151	0.0446013569	0.0000054826
0	0.0979937415	0.0269469590	0.3519395770	0.0944937096	0.4286260128
0	0.2238573131	0.3202181487	0.0475040986	0.1292856086	0.2791348310
0	0.0010836473	0.0015465522	0.2352657650	0.7559766834	0.0061273519
0	0.1842666729	0.3053125180	0.2034389751	0.2996377966	0.0073440376
0	0.0275920816	0.1346819167	0.6376109543	0.1655326287	0.0345824186
0	0.0002469143	0.4486762865	0.4474164983	0.0854563227	0.0182039781
1	0.1788535183	0.0010464007	0.7796738930	0.0119589185	0.0284672695
0	0.1646955348	0.6178569723	0.0000050103	0.2174422929	0.0000001896
1	0.0013283655	0.2925866816	0.6122644083	0.0931408707	0.0006796740
0	0.0166488315	0.0241169175	0.3566492022	0.6025850488	0.0000000000
0	0.0000002335	0.9936414377	0.0019453505	0.0001565279	0.0042564504
0	0.0003579041	0.9555723872	0.0246006524	0.0000177510	0.0194513053
0	0.1544049559	0.6077155769	0.0821574469	0.0766485352	0.0790734851
1	0.0000531522	0.3622020864	0.6281246715	0.0084533452	0.0011667447
1	0.0050441421	0.0000004175	0.9894470592	0.0054468330	0.0000615482
0	0.0305038161	0.1417571329	0.3824225212	0.4402204426	0.0050960873
0	0.0000303490	0.4234395989	0.4029178767	0.0921178194	0.0814943560
0	0.0321685233	0.2648234639	0.3133562179	0.3679522238	0.0216995711
0	0.0284965146	0.0003051227	0.9678305288	0.0033631125	0.0000047214
1	0.0684510446	0.0000009887	0.9046871845	0.0083081101	0.0185526721
0	0.0727541628	0.5380918367	0.0150770713	0.0000000000	0.3740769292
0	0.0000000317	0.1052186954	0.0496695635	0.0508850520	0.7942266575
0	0.0000000000	0.7427079711	0.0069175576	0.0916120562	0.1587624151
1	0.0024751255	0.0092260155	0.9827989847	0.0054979057	0.0000019686
0	0.0000064874	0.0934429735	0.6575258369	0.2261579304	0.0228667718
0	0.0082189093	0.1444616852	0.6758120801	0.1715012561	0.0000060694
0	0.1165107528	0.0564196537	0.5449489661	0.2346306727	0.0474899547
0	0.7533943406	0.2338812680	0.0096376188	0.0000000000	0.0030867726
1	0.0464733911	0.5848559881	0.3269387264	0.0133279453	0.0284039492
1	0.0072659625	0.8933962311	0.0499342170	0.0313624229	0.0180411666
1	0.0000538641	0.3374641290	0.4316402210	0.1701890635	0.0606527223
0	0.0928503586	0.4312407366	0.0698362199	0.1060866588	0.2999860261
1	0.0023877648	0.0142937085	0.9763387801	0.0029597990	0.0040199476
0	0.0012752832	0.0000897950	0.4270083651	0.4840856057	0.0875409511
1	0.0000006077	0.0014979499	0.9979240459	0.0000064207	0.0005709758
0	0.0476081207	0.0174514054	0.7204148224	0.1333322720	0.0811933794
0	0.0000000000	0.0444316261	0.4295126096	0.5004845482	0.0255712161
0	0.0227095273	0.4526353839	0.1040294603	0.3619902244	0.0586354041
1	0.6777167339	0.1558178473	0.1029477829	0.0231303374	0.0403872986
0	0.1194351396	0.6192176323	0.0063999579	0.2118575563	0.0430897139
1	0.0168101192	0.0230364773	0.9056977226	0.0000000008	0.0544556800
1	0.0113554514	0.0034359364	0.9755300329	0.0096785793	0.0000000000
0	0.0333230960	0.1820307795	0.1461607034	0.0110278070	0.6274576141
1	0.1860392598	0.4324023596	0.2268051022	0.1545252337	0.0002280447
1	0.2607632752	0.2277611105	0.2277255985	0.2837500159	0.0000000000
0	0.0000040853	0.3602926321	0.0444394581	0.1590714536	0.4361923708
1	0.0222768143	0.0184939976	0.9590610254	0.0001681545	0.0000000083
0	0.0000004017	0.1392512060	0.5187630978	0.3419819416	0.0000033528
1	0.0307497361	0.2182546268	0.7321137155	0.0000000241	0.0188818975
2	0.0000061782	0.0001873917	0.9948832091	0.0012268488	0.0036963723
2	0.0014927149	0.0123380433	0.9848671815	0.0004590768	0.0008429834
1	0.2733373738	0.0774628368	0.6045843465	0.0446148516	0.0000005913
1	0.1703126112	0.3089833928	0.3645918554	0.1435656029	0.0125465376
0	0.0359644946	0.7847961663	0.0239410637	0.1552982754	0.0000000000
0	0.9689722412	0.0130506626	0.0158158534	0.0009158696	0.0012453732
0	0.0045887080	0.0972469785	0.3593559442	0.5388077594	0.0000006099
0	0.0000013516	0.0952030440	0.6414630551	0.2596257086	0.0037068408
0	0.0000000000	0.1762786623	0.0169869368	0.7714300459	0.0353043549
0	0.1221950620	0.0000795149	0.8777241578	0.0000011820	0.0000000833
1	0.0071760344	0.0010674429	0.9913022788	0.0004301599	0.0000240839
1	0.0502578109	0.0402547031	0.8889241734	0.0001437065	0.0204196062
0	0.2965728490	0.3607360119	0.1969001643	0.1456732273	0.0001177475
0	0.0076258666	0.0395601265	0.9503657201	0.0024482868	0.0000000000
0	0.4005195073	0.1126520257	0.2123131738	0.1096681775	0.1648471156
0	0.0561954549	0.0000536645	0.7450439946	0.1812484703	0.0174584158
0	0.0000099171	0.1608590763	0.3408161618	0.2559849575	0.2423298873
0	0.0793206144	0.0395881616	0.8681537865	0.0053254925	0.0076119451
2	0.0002268455	0.0000000028	0.9848740852	0.0000000728	0.0148989937
1	0.0034916759	0.0884831715	0.8729615611	0.0350635915	0.0000000000
1	0.0948062872	0.1243675840	0.7681178252	0.0022021827	0.0105061209
1	0.0074642483	0.0035842931	0.8095993455	0.1738423716	0.0055097414
1	0.0098287871	0.0527677243	0.9288598918	0.0009129273	0.0076306694
0	0.2505691987	0.1477348687	0.5955534552	0.0035899940	0.0025524834
0	0.3170680749	0.1054056383	0.0028539264	0.0925664666	0.4821058938
0	0.0000001134	0.1955990934	0.0048903179	0.7991478560	0.0003626193
0	0.0000000000	0.5836149739	0.0000209546	0.3408095857	0.0755544858
0	0.0112952604	0.4574011465	0.2700230750	0.2492828290	0.0119976891
1	0.0300077995	0.0069708936	0.9593520835	0.0023277061	0.0013415172
0	0.0883027687	0.1060217977	0.1983451496	0.1145215016	0.4928087825
1	0.0108975231	0.9759378609	0.0128726787	0.0002919373	0.0000000000
0	0.0402037532	0.2497798784	0.4170618362	0.2411266706	0.0518278616
1	0.0560702734	0.0028801108	0.9346282929	0.0049093598	0.0015119631
0	0.5827706174	0.2563505627	0.0519112670	0.1088920432	0.0000755098
1	0.0000168444	0.0037616207	0.9680960973	0.0281254377	0.0000000000
0	0.2449695928	0.0036558852	0.3164414006	0.4295360328	0.0053970886
1	0.0066100943	0.1009855490	0.8918698202	0.0000212764	0.0005132601
0	0.5350443288	0.1759892438	0.2027061203	0.0660684098	0.0201918973
0	0.0000004473	0.0000906306	0.1168462549	0.0058858363	0.8771768309
0	0.0033902487	0.0000416977	0.0004454311	0.2937251069	0.7023975157
2	0.0110084673	0.0072891308	0.9812764029	0.0001509711	0.0002750279
1	0.0033644102	0.0526470756	0.5999181957	0.0055732726	0.3384970458
0	0.2444528811	0.1024832594	0.1115017330	0.5410026497	0.0005594768
0	0.8786454084	0.0127433470	0.0323171581	0.0507536873	0.0255403991
1	0.1146994591	0.0200489616	0.8561455030	0.0091006630	0.0000054133
1	0.1038633395	0.0524708924	0.5441154027	0.2994861453	0.0000642202
0	0.0777007330	0.0518683099	0.1883994347	0.3270388501	0.3549926723
