0	0.0176332857	0.0933058258	0.0212141886	0.5894936959	0.2783530040
0	0.0007989239	0.2023974748	0.1581772720	0.6222170787	0.0164092506
0	0.0000039619	0.1353508896	0.8445059313	0.0102986251	0.0098405921
0	0.0041233023	0.6314949194	0.2997335350	0.0386606645	0.0259875788
1	0.0439960554	0.0140058965	0.3969280898	0.5448068319	0.0002631264
1	0.0052073142	0.0381420931	0.8896621071	0.0438022175	0.0231862680
0	0.1284651145	0.8331632415	0.0306643295	0.0000000000	0.0077073146
2	0.1144701745	0.0000638522	0.8422505415	0.0055161875	0.0376992443
0	0.0372226608	0.0465902943	0.8972901582	0.0030426493	0.0158542375
1	0.0141138410	0.0021552946	0.9833038206	0.0000021399	0.0004249040
1	0.0741122579	0.8382125138	0.0635606184	0.0241146099	0.0000000000
0	0.2766139977	0.0721396407	0.0055772972	0.0000024450	0.6456666194
1	0.0020416912	0.0035154231	0.9856525090	0.0028201253	0.0059702513
1	0.0035893280	0.5732592438	0.4197471673	0.0000553518	0.0033489091
0	0.2338185353	0.4884629486	0.0093307078	0.0463012184	0.2220865898
1	0.0129025293	0.0008588340	0.8355305659	0.0005017877	0.1502062832
0	0.1086862748	0.0027712572	0.3407531524	0.3957848380	0.1520044775
0	0.0040727123	0.9436288979	0.0012246433	0.0000622930	0.0510114535
0	0.0012801345	0.1785919718	0.0000000000	0.8141619949	0.0059658988
1	0.0000000003	0.0161847410	0.9837592756	0.0000122879	0.0000436952
0	0.0155294443	0.4050000940	0.2126974689	0.3081745806	0.0585984123
1	0.0198290619	0.0028795135	0.8235320301	0.1509470719	0.0028123225
1	0.1858962040	0.3201902316	0.2201294929	0.0000031016	0.2737809700
1	0.0488574380	0.2087334539	0.4647134110	0.0053641498	0.2723315474
0	0.0000000124	0.9134354991	0.0318329143	0.0000020755	0.0547294986
2	0.0040288918	0.0000798421	0.9958616627	0.0000221963	0.0000074072
0	0.0190980091	0.8563221885	0.1190117842	0.0028731675	0.0026948507
1	0.0219007008	0.1769792848	0.7188139359	0.0823050617	0.0000010168
1	0.0000585065	0.1252429170	0.8578392230	0.0080454051	0.0088139484
0	0.0000000068	0.4171154668	0.4048654796	0.1728574815	0.0051615653
0	0.2571470123	0.6100716216	0.1325104069	0.0000141085	0.0002568507
1	0.1718971057	0.0910430168	0.4821164093	0.0006161621	0.2543273062
0	0.1840614606	0.2336840988	0.4117113408	0.1705329906	0.0000101093
0	0.0026924223	0.6756599979	0.0387828115	0.1825772171	0.1002875512
0	0.0012216981	0.8071092116	0.1682492484	0.0005570037	0.0228628381
0	0.0000000404	0.2415670236	0.6750717386	0.0236923770	0.0596688203
2	0.0019632603	0.0000001443	0.9956200873	0.0010834728	0.0013330354
0	0.0000009850	0.9395552326	0.0363475858	0.0232125702	0.0008836264
0	0.2569547906	0.5444639139	0.0128011143	0.1678562249	0.0179239563
1	0.0014510561	0.0038450908	0.9873878092	0.0059378666	0.0013781772
0	0.0104640929	0.6153527954	0.1035404391	0.2706426725	0.0000000000
0	0.0001893023	0.5254384247	0.4579481533	0.0044768748	0.0119472449
1	0.4685474893	0.0463279486	0.4846600132	0.0003765700	0.0000879789
0	0.0933248164	0.3359383889	0.0696042416	0.1944103479	0.3067222052
0	0.0260469516	0.2039139324	0.7693954169	0.0002717498	0.0003719492
1	0.0415026489	0.0490763494	0.7185652489	0.1908435435	0.0000122093
0	0.1107725905	0.6569305577	0.1461296625	0.0174829678	0.0686842215
0	0.0914821474	0.0210225394	0.0346772324	0.8051599695	0.0476581113
1	0.0001399587	0.0039788570	0.9915130863	0.0000381210	0.0043299769
0	0.0364966065	0.9406628800	0.0225862010	0.0002543126	0.0000000000
1	0.0077845694	0.1608732900	0.8207449809	0.0105971598	0.0000000000
0	0.0352047608	0.0114129149	0.8413046229	0.0170498873	0.0950278141
0	0.0642873348	0.0031552554	0.6718180682	0.2571063378	0.0036330038
0	0.8796390284	0.0163334347	0.1028710420	0.0011564948	0.0000000000
0	0.0099114770	0.9617334218	0.0236678202	0.0000619088	0.0046253722
1	0.0000000000	0.1208045302	0.8789969324	0.0001752715	0.0000232658
0	0.1179605870	0.4854136212	0.1414177690	0.1060739715	0.1491340512
0	0.0000000000	0.0046524870	0.6662952552	0.3280076053	0.0010446525
0	0.0000020223	0.3724839081	0.0954435951	0.2292212815	0.3028491929
1	0.0002623069	0.0393059193	0.9599081400	0.0000000000	0.0005236338
0	0.0418243796	0.3394791954	0.1856328485	0.3837305210	0.0493330556
1	0.0000019374	0.1013414789	0.8858588465	0.0029053836	0.0098923537
1	0.0005018344	0.0472456863	0.9408538824	0.0015070278	0.0098915691
0	0.0062944615	0.5364531485	0.1402829565	0.3168876166	0.0000818168
0	0.6727198971	0.1997962894	0.0138769492	0.0027137383	0.1108931260
2	0.0000021188	0.0062494154	0.9868210606	0.0067051595	0.0002222457
0	0.0521612120	0.7615442366	0.1589130024	0.0253442143	0.0020373347
1	0.0003924724	0.0662971741	0.6575136388	0.2757271108	0.0000696039
0	0.1015754910	0.7655001141	0.1243543239	0.0085331085	0.0000369625
0	0.1097454970	0.4482038556	0.1810165848	0.2610254545	0.0000086081
0	0.0896592834	0.2458177710	0.0033070735	0.4622873705	0.1989285015
1	0.0116870709	0.0823152748	0.6911072568	0.2148903753	0.0000000221
0	0.2317559490	0.0011236990	0.7591385272	0.0078478311	0.0001339937
0	0.0000048637	0.7747037466	0.0426924026	0.1661224536	0.0164765334
0	0.0000000000	0.0293062270	0.2577286451	0.7068169642	0.0061481637
2	0.0136649280	0.0009833535	0.8701847325	0.0007631004	0.1144038856
0	0.1801547795	0.0378312443	0.3505904227	0.1655219943	0.2659015592
0	0.0000000000	0.5021200260	0.4272048108	0.0702182319	0.0004569313
0	0.1827028500	0.4408401264	0.0656656010	0.3107914063	0.0000000163
0	0.0030888287	0.4250187860	0.0186651455	0.5527983034	0.0004289364
0	0.0367101892	0.0042460947	0.0002496275	0.9587940887	0.0000000000
0	0.0655103634	0.6733622455	0.2611249637	0.0000021247	0.0000003027
0	0.0886750507	0.0279749076	0.8179948763	0.0147847344	0.0505704311
1	0.0000130562	0.0000008924	0.9982136142	0.0000014177	0.0017710194
0	0.0541270472	0.0118995025	0.1653969428	0.7685765075	0.0000000000
0	0.0167061197	0.8276366202	0.1155899294	0.0399964005	0.0000709303
0	0.0000398029	0.1100404094	0.1795105576	0.5877605293	0.1226487009
1	0.0684537015	0.1192781481	0.7175508215	0.0756533708	0.0190639581
0	0.0002997661	0.4787112758	0.5209889580	0.0000000000	0.0000000000
0	0.0701654062	0.0799383763	0.4497847375	0.1201707441	0.2799407360
0	0.0194320149	0.1571151961	0.0000000946	0.7309360192	0.0925166752
1	0.0226174164	0.0160725732	0.9449457055	0.0010613526	0.0153029523
1	0.0012790400	0.0000273870	0.9986800484	0.0000135246	0.0000000000
1	0.0324192421	0.0136525825	0.8934629322	0.0000000000	0.0604652432
1	0.0056907224	0.0018279092	0.9921611871	0.0000013826	0.0003187987
0	0.2035634189	0.0034529559	0.6275057897	0.1654772369	0.0000005986
0	0.0171344140	0.5463766312	0.4344612838	0.0006415866	0.0013860844
1	0.0162149284	0.2924541815	0.6900092641	0.0013216260	0.0000000000
2	0.0475141075	0.0000625070	0.9507929181	0.0015015032	0.0001289642
0	0.0054756315	0.0619290414	0.1499246319	0.7826706946	0.0000000005
