0	0.0000000023	0.0000423233	0.0002075075	0.9980198199	0.0017303471
0	0.3234398717	0.0045769687	0.1406789225	0.2845212196	0.2467830175
0	0.2367812956	0.1076034016	0.0000000002	0.4369528776	0.2186624251
0	0.0000000005	0.0010462467	0.0001627790	0.3492950907	0.6494958830
0	0.5832649394	0.0017000823	0.1149387019	0.2759944127	0.0241018637
0	0.0000800504	0.0230119797	0.0000000000	0.2718375783	0.7050703916
0	0.1500626012	0.0952574309	0.2100021539	0.5446772288	0.0000005852
0	0.0072507760	0.0000000052	0.0011004523	0.9852339310	0.0064148355
1	0.9479600370	0.0000000000	0.0000000000	0.0520399630	0.0000000000
0	0.0028674388	0.8243034752	0.1654420412	0.0006598972	0.0067271476
1	0.0000000000	0.0445221197	0.9365849921	0.0152578159	0.0036350723
0	0.4144567552	0.0000000005	0.1521742477	0.0035373638	0.4298316328
1	0.0000000494	0.0684116267	0.0011314142	0.9304569097	0.0000000000
0	0.0000000000	0.0020947844	0.9969600060	0.0000000000	0.0009452096
0	0.0448067862	0.4389362799	0.0195560999	0.4444528192	0.0522480149
0	0.2334937192	0.0000004770	0.0605777131	0.6910506729	0.0148774177
0	0.0658325750	0.0157234634	0.0000424090	0.9178271534	0.0005743992
0	0.0057935932	0.2487746299	0.0018807833	0.2065754073	0.5369755863
0	0.0003707794	0.0224968286	0.0085874328	0.9582864691	0.0102584901
1	0.3345152157	0.2309463471	0.0045443395	0.1674845713	0.2625095264
1	0.3894425659	0.0000000063	0.0000000000	0.0071776191	0.6033798088
0	0.1471340566	0.2509019142	0.0987417895	0.1245561185	0.3786661211
0	0.2094067181	0.0144943743	0.6871970410	0.0835830139	0.0053188527
1	0.6333138806	0.0069948015	0.0003150557	0.3593762623	0.0000000000
0	0.0000000000	0.0000000000	0.0004962786	0.0368000298	0.9627036916
0	0.2466594163	0.0110207356	0.1463164323	0.5787465628	0.0172568531
0	0.1804970265	0.0058714046	0.5629566896	0.1631187080	0.0875561714
0	0.8577765566	0.0000000571	0.0888677866	0.0315230502	0.0218325495
0	0.0035949738	0.0033067272	0.5175097162	0.2833840785	0.1922045043
1	0.8070097502	0.0001591453	0.0113422240	0.1814888805	0.0000000000
1	0.1536626603	0.5378906407	0.0000000000	0.3084157765	0.0000309224
1	0.1263323475	0.0938693978	0.3130982481	0.4667000066	0.0000000000
0	0.5940075770	0.0328702418	0.0044798318	0.1812718810	0.1873704685
0	0.0548356950	0.0025602831	0.0000001627	0.1287581463	0.8138457128
1	0.0010036806	0.9987459596	0.0000000000	0.0002441362	0.0000062235
0	0.1637006479	0.2776998042	0.0195372973	0.0120976453	0.5269646053
1	0.4183222372	0.2366428704	0.3262882281	0.0001093660	0.0186372983
0	0.0083813147	0.0018368481	0.0409795831	0.8015130988	0.1472891553
0	0.3818291249	0.0281033087	0.0000000000	0.0095171947	0.5805503718
0	0.1652641581	0.0000000000	0.0000002219	0.7547147639	0.0800208561
1	0.0000000015	0.2330624610	0.5477397167	0.2060360446	0.0131617761
0	0.3522690971	0.0000000000	0.0011397480	0.0736254116	0.5729657433
0	0.0881953726	0.1980921651	0.0002128576	0.1894517019	0.5240479028
1	0.0100428904	0.8849088649	0.0927503076	0.0122370484	0.0000608887
0	0.3090698588	0.1305459903	0.0001116520	0.0009940498	0.5592784490
0	0.0000304048	0.0925967099	0.0442873757	0.4847195218	0.3783659878
0	0.2819979620	0.1837784053	0.1102814633	0.3978445304	0.0260976389
1	0.5210877608	0.0005386110	0.0237633429	0.3551524012	0.0994578842
1	0.0244584096	0.8981176378	0.0009536238	0.0751602519	0.0013100770
0	0.3751205502	0.0013956528	0.0922706904	0.1228228922	0.4083902145
0	0.0464740181	0.0000078355	0.0177668197	0.0001756367	0.9355756901
0	0.0000334988	0.5141520060	0.4100987568	0.0234757398	0.0522399986
0	0.0000005246	0.1716889403	0.0668287796	0.7594596954	0.0020220601
0	0.0000150109	0.0024917118	0.0830900683	0.9113023704	0.0031008386
1	0.3588230434	0.1261140085	0.5149450220	0.0000010157	0.0001169103
1	0.9078941319	0.0529206335	0.0000002502	0.0003649480	0.0388200364
0	0.0000000000	0.0001920454	0.6380877655	0.0022994953	0.3594206938
0	0.1087057665	0.0002600682	0.2638507048	0.5854247890	0.0417586716
0	0.0000000000	0.0000000000	0.0275566967	0.9303525789	0.0420907244
0	0.0037368428	0.1520852790	0.0000000000	0.4932196979	0.3509581803
1	0.2689509311	0.7114936853	0.0011054632	0.0184033916	0.0000465288
1	0.0055218004	0.4004242066	0.0000000000	0.5848110814	0.0092429116
1	0.7226276559	0.0067119892	0.0000000003	0.2692547376	0.0014056171
0	0.0651179197	0.0443792245	0.7029570343	0.1234810478	0.0640647737
0	0.6930415020	0.0283946144	0.1515159892	0.1270469065	0.0000009879
0	0.1758972941	0.0000799937	0.1027639923	0.7212434471	0.0000152728
1	0.0011024735	0.9758315143	0.0000000000	0.0048347762	0.0182312360
1	0.0671720804	0.0964728692	0.4429351991	0.3737340569	0.0196857944
1	0.4578703859	0.4360632633	0.0000000000	0.0943931782	0.0116731726
0	0.5491387799	0.0153472934	0.1301044761	0.3037227691	0.0016866815
0	0.5665588421	0.2381767576	0.0000000000	0.1032797211	0.0919846792
1	0.0205992092	0.0767000245	0.0092958545	0.8934041359	0.0000007759
0	0.1198866201	0.6524409185	0.0007194196	0.0949518565	0.1320011854
1	0.1951621466	0.2814057224	0.1648966978	0.3585354332	0.0000000000
1	0.1831745131	0.0051965254	0.3309032580	0.4807257035	0.0000000000
0	0.1857136172	0.0000871096	0.6076517928	0.2055445613	0.0010029192
1	0.0388273854	0.3743049958	0.0000033517	0.5868642671	0.0000000000
0	0.0634403857	0.6143135250	0.0566820051	0.2645127771	0.0010513071
0	0.5308661435	0.3456573534	0.0000299128	0.1234465902	0.0000000000
0	0.7480577886	0.0006799921	0.2512622192	0.0000000000	0.0000000000
2	0.0000333921	0.1148583877	0.1515353033	0.7335729170	0.0000000000
1	0.9934842729	0.0057586038	0.0000000000	0.0007570181	0.0000001052
1	0.0896425116	0.2524206176	0.0002041503	0.6577326457	0.0000000749
0	0.0009491276	0.0001286313	0.0000004976	0.9958984825	0.0030232610
1	0.0000089603	0.3527974192	0.3327732770	0.3004559575	0.0139643860
1	0.0333608828	0.1105372246	0.0444413385	0.6264436121	0.1852169420
0	0.4267392524	0.0000000167	0.0516708379	0.5192395828	0.0023503102
0	0.0031191394	0.0235860771	0.0024760018	0.9314165912	0.0394021905
1	0.0000000002	0.0000943494	0.0000010988	0.9529060314	0.0469985201
2	0.0002359092	0.0822334593	0.0000000000	0.9097548054	0.0077758261
0	0.2000772149	0.0000000193	0.0003676204	0.7887258960	0.0108292493
1	0.7496146241	0.0000000001	0.0000000064	0.2240061710	0.0263791984
0	0.1721524694	0.0767616303	0.0328724805	0.6836938586	0.0345195612
1	0.0497496820	0.2532282205	0.0378581954	0.6591639021	0.0000000000
0	0.0372378065	0.0000223840	0.0000000000	0.9391173681	0.0236224414
0	0.0350206660	0.2042651235	0.0002650745	0.3034391082	0.4570100278
1	0.0356058613	0.0000000000	0.1338088867	0.8305852520	0.0000000000
0	0.0224744566	0.1210317690	0.0000000000	0.6879660460	0.1685277284
0	0.0062792282	0.5050878272	0.0007320972	0.2462149878	0.2416858596
1	0.5412188202	0.0252277223	0.0000036182	0.0009021746	0.4326476646
