2	0.0000000000	0.2026639693	0.7739099272	0.0234261035	0.0000000000
2	0.1006958716	0.8551055819	0.0000119750	0.0441865715	0.0000000000
0	0.0020474311	0.0293423273	0.0006813777	0.0948552645	0.8730735994
0	0.0062399214	0.6832817030	0.0896935178	0.1941831757	0.0266016821
1	0.0453091225	0.8375664497	0.1139733955	0.0031510323	0.0000000000
0	0.1466856352	0.8519757095	0.0003458905	0.0009741813	0.0000185835
0	0.0436709778	0.0000644960	0.0028934053	0.3059119788	0.6474591421
0	0.0156855990	0.0557989421	0.0000000000	0.2382108525	0.6903046064
1	0.1087437962	0.0660836402	0.0086091142	0.1730259373	0.6435375121
0	0.0000228917	0.0000081460	0.1481383699	0.8518272380	0.0000033544
0	0.5881475571	0.0029330973	0.2258333504	0.1828925844	0.0001934108
0	0.2938046472	0.0897631315	0.1357364286	0.3060159595	0.1746798332
0	0.2648093673	0.3915621379	0.0112652549	0.3294607496	0.0029024904
0	0.0000000061	0.0499976154	0.3370471581	0.5460728789	0.0668823415
2	0.7090111353	0.2896443208	0.0000974727	0.0012470711	0.0000000000
0	0.0008064950	0.0282041449	0.0000001176	0.4377733996	0.5332158429
0	0.0231505105	0.0965570988	0.0352950055	0.7454583359	0.0995390494
0	0.0000532143	0.4498927951	0.0014709009	0.5318567091	0.0167263806
1	0.0635159614	0.6356407759	0.0141237714	0.2867194913	0.0000000000
1	0.4930882930	0.2503277963	0.2049137426	0.0516701680	0.0000000000
0	0.0188579422	0.0370088684	0.1422651517	0.1778707113	0.6239973264
0	0.0814241630	0.0001040887	0.8963809403	0.0122730215	0.0098177865
0	0.5785551311	0.1256769531	0.1089271341	0.1865008253	0.0003399563
1	0.0666938164	0.0665724481	0.0377954063	0.8289353640	0.0000029652
0	0.0000000000	0.1539112861	0.0822080872	0.1141134233	0.6497672034
0	0.0091933135	0.0000000000	0.4398823730	0.5494894434	0.0014348701
0	0.2853715226	0.0009878692	0.0000000004	0.5360060971	0.1776345106
1	0.0000000428	0.4535786986	0.1467307151	0.3968573691	0.0028331744
1	0.0700362007	0.0952886731	0.0042776851	0.8303974411	0.0000000000
0	0.0404143394	0.0000000781	0.0329776540	0.4422309117	0.4843770168
0	0.0344833060	0.0003095253	0.0149002614	0.9366490814	0.0136578259
1	0.8613469498	0.0204234689	0.0107825072	0.1074470741	0.0000000000
0	0.0100896081	0.0387297958	0.1109691595	0.8006624506	0.0395489859
0	0.2220984558	0.5544446871	0.0023045250	0.0158473753	0.2053049569
2	0.0411067951	0.6187050551	0.0645251272	0.2756630226	0.0000000000
0	0.0003618758	0.1381295422	0.0000000000	0.5944015444	0.2671070376
0	0.1078418834	0.0000000000	0.0391185648	0.5801065432	0.2729330086
1	0.5574576597	0.4422727742	0.0000000000	0.0000696060	0.0001999600
2	0.4119304687	0.5863661626	0.0006192890	0.0010840797	0.0000000000
0	0.0000000190	0.4629257578	0.0223113774	0.4802722064	0.0344906395
0	0.0000000111	0.2940797827	0.1084927778	0.5033139442	0.0941134842
1	0.1469503273	0.0000000000	0.7883553243	0.0646943484	0.0000000000
0	0.7150503207	0.1079269978	0.0082629818	0.0418829334	0.1268767663
0	0.7343804697	0.0032830876	0.0032146026	0.1875593940	0.0715624461
0	0.0262181931	0.2499439074	0.1895673415	0.2185732393	0.3156973186
0	0.0086336575	0.2733395657	0.0000027793	0.6530565332	0.0649674644
1	0.1674363974	0.0037224720	0.0419512359	0.7859418698	0.0009480248
1	0.5634193814	0.1626927842	0.0756818891	0.1982059414	0.0000000038
0	0.4617060474	0.0351220366	0.1390793156	0.2635120492	0.1005805511
0	0.1461797118	0.0000000000	0.6726746369	0.1809293678	0.0002162835
1	0.4315117204	0.2991110263	0.0834773203	0.1858999292	0.0000000038
0	0.6781307358	0.0229474848	0.1763435850	0.0062738864	0.1163043080
0	0.2346899569	0.0028631139	0.3351200280	0.0926786771	0.3346482242
1	0.0231041205	0.5755781480	0.0000000000	0.3932266059	0.0080911256
0	0.8168428087	0.0024655478	0.0000512595	0.1806403836	0.0000000003
0	0.3065309875	0.0002054004	0.0067532432	0.0000003932	0.6865099757
0	0.0044867021	0.0000000000	0.0000000000	0.9810487879	0.0144645099
1	0.1149786841	0.0189299673	0.0045476019	0.8530368263	0.0085069204
0	0.0195646945	0.5354244964	0.0000000000	0.1994836999	0.2455271092
0	0.3096033369	0.0055676750	0.1435201002	0.4327201849	0.1085887030
0	0.2710159144	0.0009600932	0.2997021089	0.2489754552	0.1793464282
1	0.2781667458	0.5216378966	0.0993976004	0.1007123377	0.0000854196
0	0.0000094727	0.8932528919	0.0000155611	0.0480825336	0.0586395407
0	0.7829620517	0.0000000000	0.2170310477	0.0000000012	0.0000068995
1	0.0391544840	0.8506082340	0.0000068474	0.1101336595	0.0000967751
1	0.0067768122	0.9507078406	0.0404444942	0.0020708529	0.0000000001
0	0.0173063550	0.0004386111	0.0002140540	0.0205164810	0.9615244989
1	0.2775825682	0.0000000767	0.2801989778	0.0171275735	0.4250908037
0	0.0000271508	0.0674953372	0.0000034895	0.0000000000	0.9324740226
0	0.0084291521	0.0032849275	0.0303284192	0.8435583248	0.1143991765
1	0.0306751637	0.3798432104	0.5821319770	0.0073496489	0.0000000000
0	0.0254832956	0.2985953733	0.0000000000	0.5767528128	0.0991685182
1	0.3411966946	0.4103355242	0.1621189944	0.0863487868	0.0000000000
2	0.1769690288	0.8230308951	0.0000000000	0.0000000761	0.0000000000
0	0.0000099390	0.0012502985	0.0922537618	0.8046631876	0.1018228131
1	0.0485439729	0.4922394616	0.0000066809	0.4592098846	0.0000000000
1	0.0342876804	0.1273480083	0.1123311160	0.0441584015	0.6818747939
1	0.1886729018	0.1000579139	0.7015370529	0.0097266668	0.0000054646
0	0.0009340374	0.7688555165	0.0208086040	0.0662766707	0.1431251713
0	0.2284119663	0.0000138291	0.0486347513	0.7218763527	0.0010631006
0	0.0460778879	0.8545213283	0.0177952167	0.0092719099	0.0723336571
2	0.3555577848	0.4737392798	0.0000000989	0.1707028365	0.0000000000
0	0.0316060297	0.0004887845	0.3807615578	0.4925989881	0.0945446399
0	0.0000000001	0.7589984221	0.1608024934	0.0078267785	0.0723723059
0	0.1837781448	0.0007038623	0.0210106024	0.7720822746	0.0224251158
1	0.0005016778	0.0616974371	0.0000020779	0.9375789717	0.0002198355
1	0.0090308282	0.1558162338	0.7293307476	0.0223737727	0.0834484177
1	0.1851710111	0.4061765076	0.0000001756	0.1503200468	0.2583322589
1	0.3803155917	0.3952599003	0.1931711890	0.0312219831	0.0000313359
0	0.0009724660	0.0000203812	0.4910074422	0.0006232926	0.5073764180
0	0.1163426892	0.3151774390	0.1064228161	0.1466323095	0.3154247462
0	0.0412778215	0.0000000000	0.0102872422	0.9462478324	0.0021871040
0	0.4216009402	0.0000000013	0.0019677805	0.5755010641	0.0009302139
0	0.0251047364	0.0652182671	0.0149341508	0.7886667333	0.1060761124
1	0.5856112161	0.2580462404	0.1181820692	0.0169404478	0.0212200265
1	0.0575412609	0.5568835804	0.0147471269	0.3704329123	0.0003951196
1	0.0204806310	0.0025047928	0.4618653338	0.5138687401	0.0012805023
0	0.2481589266	0.0003724242	0.0299328039	0.1076401806	0.6138956647
0	0.0971598175	0.7329212267	0.1129734401	0.0016698372	0.0552756785
1	0.9095554276	0.0018124732	0.0006708122	0.0879612867	0.0000000003
