0	0.0001531554	0.4953156686	0.4924213393	0.0121098356	0.0000000012
1	0.0033690804	0.6984801037	0.2351816179	0.0510113423	0.0119578558
1	0.0055714521	0.0038518515	0.8998666349	0.0358103828	0.0548996788
0	0.2515182489	0.2126526536	0.4813761360	0.0543911635	0.0000617980
0	0.4867649936	0.2123531122	0.0027611285	0.1012163865	0.1969043791
1	0.0045709234	0.0140080250	0.9686340222	0.0065921795	0.0061948499
0	0.0908522386	0.1420542192	0.6697909703	0.0503276902	0.0469748817
0	0.1261903373	0.1253108140	0.2077738767	0.4785468176	0.0621781544
1	0.2221166997	0.0849639624	0.5994561450	0.0657019327	0.0277612602
0	0.2562644628	0.2351187056	0.3048148872	0.2000708791	0.0037310653
1	0.0159685328	0.0512098616	0.8819117499	0.0344412975	0.0164685582
1	0.0003503677	0.0056157047	0.8883082760	0.1040764739	0.0016491777
0	0.0843868149	0.2268424455	0.6887691239	0.0000000000	0.0000016157
0	0.0121508112	0.0036202621	0.1447858410	0.0036558529	0.8357872328
0	0.0000244308	0.3366878325	0.1201370838	0.5250479912	0.0181026618
1	0.0008455139	0.0904255518	0.8594862221	0.0016587024	0.0475840098
1	0.0018978203	0.0286738153	0.9227496372	0.0180555152	0.0286232120
1	0.0095315504	0.0000000000	0.9541062654	0.0119044529	0.0244577313
0	0.0067820929	0.6076379161	0.0172084154	0.3665148791	0.0018566965
0	0.6532955941	0.3463476837	0.0000009915	0.0003506223	0.0000051085
0	0.1312245755	0.7107974542	0.0200877561	0.0462247106	0.0916655036
0	0.0815576339	0.0000000092	0.9069657365	0.0113706236	0.0001059967
1	0.0006007531	0.0243115107	0.9669592943	0.0071205328	0.0010079092
1	0.9563767484	0.0000000000	0.0402712138	0.0001163627	0.0032356751
0	0.2088991192	0.2527675901	0.5288992349	0.0093822494	0.0000518064
0	0.2134756950	0.1976829183	0.3135684539	0.2704219640	0.0048509688
0	0.2526746221	0.0283333871	0.6411415879	0.0023032259	0.0755471770
0	0.0102870584	0.2506901052	0.0665772304	0.6722931439	0.0001524621
1	0.0005399761	0.0926124596	0.8875139838	0.0090493097	0.0102842708
0	0.0883886663	0.0546220556	0.2677924969	0.3274358728	0.2617609083
1	0.0013275402	0.0000274277	0.9170250129	0.0000066240	0.0816133951
0	0.2005311075	0.1172311348	0.6800875715	0.0021501863	0.0000000000
1	0.0000000000	0.0285268769	0.5963725872	0.2540518871	0.1210486488
0	0.0183328568	0.9120295304	0.0669683785	0.0000000000	0.0026692343
1	0.0201408168	0.0016926803	0.9359183877	0.0019262345	0.0403218807
0	0.0809863078	0.1906425090	0.6239362531	0.1043269653	0.0001079648
1	0.0059498620	0.1478655787	0.7515885226	0.0820120077	0.0125840289
0	0.0877847984	0.1513782079	0.5842990094	0.1753336874	0.0012042969
0	0.0097453854	0.1134256479	0.1163661520	0.7527989280	0.0076638867
0	0.0418394345	0.0019287481	0.6187468119	0.3355204346	0.0019645709
1	0.0083298986	0.0000085519	0.9624001202	0.0000000000	0.0292614292
2	0.0000616552	0.0289848046	0.9704558822	0.0000001281	0.0004975299
1	0.0000000000	0.0266397386	0.6026205391	0.3405064010	0.0302333213
0	0.5457409682	0.1270222181	0.2629764959	0.0464279622	0.0178323556
1	0.0850626993	0.0633550304	0.8510808243	0.0000000000	0.0005014460
0	0.0195935209	0.5113266778	0.3586057359	0.0010191927	0.1094548726
0	0.3750806977	0.1218445283	0.1263737655	0.0086926905	0.3680083180
2	0.0000027358	0.0000032621	0.9999935518	0.0000000002	0.0000004502
1	0.0034762325	0.0002337570	0.9148775761	0.0772824613	0.0041299732
2	0.0017740262	0.0202783951	0.9777592885	0.0000000000	0.0001882903
0	0.4535915934	0.0810942842	0.4511706468	0.0096258369	0.0045176387
0	0.0099591058	0.5970843530	0.2019606899	0.1400046546	0.0509911967
0	0.0059302549	0.6393085858	0.1414021021	0.0149126923	0.1984463648
2	0.0622925637	0.1115084056	0.8063154513	0.0050031284	0.0148804511
0	0.0208412816	0.0197939204	0.0550188593	0.9024531731	0.0018927656
0	0.0003544107	0.2175690844	0.0466406261	0.0007004159	0.7347354629
1	0.0397388946	0.0161822441	0.8656018392	0.0040309027	0.0744461194
2	0.0009828252	0.0004001460	0.9958076501	0.0002879238	0.0025214549
0	0.0887053431	0.0368045984	0.1075428170	0.0193551165	0.7475921250
0	0.0354579659	0.0004042711	0.3051822758	0.4844620052	0.1744934819
0	0.2292304617	0.1934624734	0.1629557806	0.2041879407	0.2101633436
0	0.0188426413	0.0061966479	0.9351548951	0.0392670789	0.0005387369
0	0.0621274656	0.0007507486	0.3278841783	0.6074235731	0.0018140343
0	0.0394343596	0.0137453166	0.2833755434	0.0040491067	0.6593956735
0	0.1285955787	0.3941091622	0.0748680539	0.3595577302	0.0428694751
0	0.0916210474	0.0464208082	0.6352683926	0.1921465212	0.0345432307
0	0.0604512084	0.1794229959	0.7554772976	0.0046483564	0.0000001417
0	0.0334076378	0.0000906216	0.6934863266	0.0575075459	0.2155078680
2	0.0000371981	0.0203462359	0.4517944686	0.5278191490	0.0000029485
0	0.2874175497	0.3455721407	0.1504124878	0.0598151553	0.1567826665
1	0.0130013116	0.0001223005	0.9705591889	0.0163171991	0.0000000000
0	0.1212721768	0.0591780695	0.0413795102	0.7676590937	0.0105111498
0	0.0747002339	0.0473461046	0.1276559601	0.6738046699	0.0764930316
0	0.1433190068	0.0080707699	0.8454287712	0.0001800112	0.0030014410
0	0.5204050515	0.3675647679	0.0462245974	0.0000232716	0.0657823116
0	0.0892183798	0.2219912588	0.3708415224	0.2402385550	0.0777102839
1	0.2006623193	0.0106116701	0.7603781491	0.0000000000	0.0283478615
1	0.0641707858	0.1965631962	0.6802795717	0.0000000000	0.0589864463
2	0.0007780594	0.0002252704	0.9983822869	0.0000000041	0.0006143792
0	0.2277941775	0.2673382163	0.1232767449	0.3417461753	0.0398446860
0	0.0270159944	0.1368469931	0.6009647785	0.2349704536	0.0002017804
1	0.0311452033	0.1165058286	0.3596615040	0.0000001461	0.4926873180
1	0.0624089031	0.7707420986	0.1640514347	0.0027725181	0.0000250455
0	0.0035372553	0.5601460384	0.0703538341	0.3659628722	0.0000000000
2	0.0440990688	0.0018249170	0.9493674391	0.0006951183	0.0040134568
0	0.0157948338	0.4321814870	0.4019623068	0.0000183806	0.1500429918
0	0.5767094983	0.0307602760	0.1865732390	0.0006453437	0.2053116430
0	0.0041481620	0.0299574668	0.0251940296	0.9401053485	0.0005949932
0	0.2679128372	0.0000147248	0.6650660518	0.0343759894	0.0326303969
0	0.0181352129	0.6122916583	0.3679679827	0.0001198875	0.0014852586
0	0.1887578661	0.1226191794	0.0937653062	0.5641314233	0.0307262250
1	0.0037765008	0.4044349435	0.5476402842	0.0032374461	0.0409108253
0	0.0822444815	0.5211938426	0.0990475600	0.2975141159	0.0000000000
0	0.0004251324	0.1599953271	0.7504819942	0.0824577346	0.0066398117
1	0.0025049564	0.0028121336	0.9923262977	0.0007797184	0.0015768939
0	0.0000450487	0.0367245321	0.1448156669	0.0390830932	0.7793316591
0	0.0000000014	0.5386851200	0.3759544106	0.0815917970	0.0037686710
2	0.0004078273	0.0056699157	0.9927821495	0.0000011373	0.0011389702
0	0.7500420695	0.0474874545	0.0002881965	0.1933030450	0.0088792345
0	0.1092896757	0.4071930648	0.2532507559	0.2065489032	0.0237176004
