0	0.0001683752	0.0389313045	0.0001884675	0.9607118528	0.0000000000
0	0.0003744707	0.7091651309	0.1542454327	0.1282511064	0.0079638593
1	0.0047628706	0.0018246812	0.9931309396	0.0001963919	0.0000851167
0	0.0137809846	0.0135825034	0.0565821388	0.5335254382	0.3825289350
0	0.1221429056	0.3293990400	0.4323470806	0.1137096207	0.0024013532
1	0.0075604661	0.1081574248	0.8460468443	0.0295479248	0.0086873400
0	0.1698776772	0.0132465077	0.7991547122	0.0172046941	0.0005164088
0	0.0098766845	0.0000597814	0.9898896466	0.0001070126	0.0000668749
1	0.0000268723	0.0008052415	0.9991441804	0.0000187006	0.0000050052
0	0.1493287018	0.6892183891	0.0030296346	0.0710310860	0.0873921884
1	0.0102061907	0.2328646453	0.6829701684	0.0738442762	0.0001147195
1	0.0001073177	0.0018053944	0.8636404479	0.0196039113	0.1148429287
0	0.0232362144	0.4499527243	0.0159703197	0.4916720308	0.0191687109
1	0.0095236480	0.0524124490	0.9134503539	0.0224068679	0.0022066812
0	0.0000000577	0.2465469813	0.2826317557	0.4648584143	0.0059627910
1	0.1403534223	0.0683990773	0.6898398595	0.0947733839	0.0066342571
0	0.1430620939	0.2156944756	0.0002916000	0.6339718218	0.0069800088
1	0.0263529643	0.0389222648	0.7972506643	0.1183453162	0.0191287904
2	0.0016147893	0.0014892182	0.9961291975	0.0000924543	0.0006743406
0	0.0184425687	0.0895120165	0.6025339331	0.2895107397	0.0000007420
0	0.0001427715	0.2947480937	0.2973646677	0.0000000364	0.4077444307
1	0.0686643048	0.0709301694	0.8440889085	0.0000025149	0.0163141024
0	0.4535664935	0.0203667004	0.1841695264	0.3318354210	0.0100618586
1	0.0804226116	0.0758890024	0.8379804222	0.0003683798	0.0053395840
1	0.0386767184	0.0800629415	0.8192131088	0.0471126436	0.0149345876
0	0.1480584401	0.2353265083	0.5803822688	0.0124104036	0.0238223792
1	0.0003827225	0.8672677908	0.0578693942	0.0418284188	0.0326516738
0	0.0004866661	0.3230542763	0.0546746580	0.0366283518	0.5851560478
1	0.0180388725	0.0165739983	0.8108301945	0.1429111731	0.0116457616
0	0.9686622259	0.0297301989	0.0008251500	0.0003166667	0.0004657584
1	0.0000000388	0.1554430056	0.8249217161	0.0196105541	0.0000246855
1	0.0084074445	0.1537550637	0.7708600545	0.0000000001	0.0669774372
0	0.3749802273	0.5646872842	0.0392430097	0.0206510840	0.0004383949
1	0.0000001368	0.0024959373	0.9610282936	0.0181005589	0.0183750734
1	0.0000026297	0.3115551683	0.6483489870	0.0398449992	0.0002482159
0	0.0566603963	0.0003155326	0.8764261025	0.0611971478	0.0054008208
0	0.6939903067	0.2678923771	0.0290076189	0.0074537696	0.0016559278
0	0.0877040657	0.0005812715	0.0515970147	0.3567389405	0.5033787075
0	0.3853117748	0.3655964917	0.1152413515	0.1285053574	0.0053450246
0	0.0104431689	0.6940320790	0.1389684846	0.0949765844	0.0615796831
2	0.0018547237	0.0050675326	0.9909833628	0.0000000264	0.0020943544
0	0.0136490455	0.0540113049	0.9124562122	0.0198782951	0.0000051422
0	0.0088724815	0.1916934097	0.6398196507	0.0787919195	0.0808225386
1	0.0076789112	0.0000000000	0.9907590767	0.0005186510	0.0010433611
0	0.0729507250	0.7043039185	0.0004560831	0.2119841095	0.0103051639
0	0.0031462784	0.1026059613	0.7126072535	0.0213207895	0.1603197174
0	0.1490026219	0.2595456799	0.1336287924	0.2328545486	0.2249683573
0	0.0971644008	0.1202671598	0.0803543507	0.5875431775	0.1146709111
0	0.0018986459	0.6366769556	0.0238485318	0.3372994720	0.0002763947
0	0.0399991010	0.5808416431	0.3728022995	0.0000000324	0.0063569240
1	0.0078455147	0.0020593666	0.9617821170	0.0283129994	0.0000000022
1	0.0007984409	0.0343727154	0.8966035621	0.0229283342	0.0452969474
1	0.6383544655	0.0534400315	0.2774301605	0.0000418382	0.0307335044
0	0.0018366101	0.8245740376	0.0000000002	0.1709193691	0.0026699829
0	0.3184330079	0.3675485736	0.1438709733	0.1650709209	0.0050765243
0	0.0000000150	0.9365136916	0.0014038564	0.0615005427	0.0005818944
0	0.1527307646	0.3439240716	0.0705746978	0.4323978290	0.0003726371
1	0.0000000011	0.0018560754	0.9969667701	0.0008066315	0.0003705220
0	0.0000000002	0.0616893428	0.9341681867	0.0000000000	0.0041424704
1	0.2826207381	0.2713633095	0.3695407764	0.0380022329	0.0384729432
1	0.0012238042	0.0675944509	0.9295708957	0.0001841684	0.0014266809
1	0.0139857942	0.1350290044	0.2518211419	0.5903692414	0.0087948181
0	0.0000000003	0.0227837774	0.9114313350	0.0657848861	0.0000000013
0	0.5006030242	0.4221297547	0.0000065604	0.0764357955	0.0008248651
0	0.1437119922	0.0003941348	0.8431608614	0.0101133802	0.0026196313
0	0.0000000012	0.1919952939	0.0132379289	0.7282303313	0.0665364448
0	0.0009625310	0.8999848917	0.0520275563	0.0468356706	0.0001893504
0	0.3074827990	0.3962798626	0.1597189265	0.0617829933	0.0747354186
1	0.0000000000	0.1673603266	0.7222126798	0.0159278259	0.0944991677
0	0.3931311682	0.1101114895	0.1811074873	0.1487158227	0.1669340324
0	0.0165006477	0.1376613904	0.8212465960	0.0245913311	0.0000000348
0	0.0446533781	0.1843518916	0.1207410483	0.4329116747	0.2173420073
0	0.3338925373	0.0319865673	0.3383931177	0.2957234488	0.0000043289
0	0.4032109011	0.0974867557	0.0490793729	0.0504978833	0.3997250870
0	0.0789147946	0.2762147784	0.6438501774	0.0010202360	0.0000000136
0	0.0000000016	0.0751515335	0.7716827927	0.1383582102	0.0148074619
0	0.1432417383	0.4348831928	0.1008770235	0.0452170322	0.2757810132
0	0.0354548465	0.8836267784	0.0305355011	0.0503714171	0.0000114568
0	0.6087455771	0.0160445904	0.3415455683	0.0336642643	0.0000000000
2	0.0022187232	0.0000745928	0.9977060757	0.0000000000	0.0000006082
1	0.0765987859	0.0116933151	0.8775271395	0.0124090335	0.0217717259
1	0.0038087927	0.0483934145	0.9271544861	0.0033348721	0.0173084345
1	0.0224402055	0.0013454175	0.9409909583	0.0000005454	0.0352228732
0	0.0693225353	0.0025997279	0.2073133461	0.7084526762	0.0123117145
1	0.0220935475	0.2421128960	0.5605017685	0.1652292535	0.0100625345
0	0.0050226953	0.0000749271	0.9500851416	0.0239478814	0.0208693546
0	0.0000000001	0.2908543552	0.3220254327	0.3869007123	0.0002194997
1	0.0002536205	0.0012717192	0.9197597003	0.0787109022	0.0000040578
1	0.7346834191	0.0078929628	0.0023248825	0.2190572638	0.0360414718
0	0.2574319882	0.0801777040	0.6543040831	0.0080862247	0.0000000000
0	0.0040071923	0.1872287577	0.3779550681	0.3220716448	0.1087373372
0	0.0921324390	0.1383909619	0.5090160377	0.2426180507	0.0178425106
2	0.0000648839	0.0005819787	0.9983781771	0.0008977020	0.0000772584
1	0.0909927831	0.1095958144	0.6993725285	0.0043368758	0.0957019982
0	0.3949299416	0.5138516688	0.0070704645	0.0051090117	0.0790389134
0	0.3987250671	0.4699392158	0.1074324121	0.0146962576	0.0092070474
0	0.0000000000	0.0569840280	0.0984308959	0.8437669845	0.0008180916
0	0.0000512808	0.9704679887	0.0082070315	0.0211401758	0.0001335232
2	0.0000012899	0.0023954845	0.9827502628	0.0037516250	0.0111013379
0	0.2116170708	0.4240259701	0.3100461106	0.0542568362	0.0000540124
