0	0.0016391887	0.0841412479	0.9131458509	0.0009799518	0.0000937607
0	0.0909067467	0.6141569633	0.1356140207	0.1364745066	0.0228477627
0	0.7707151447	0.0000000000	0.0046278377	0.0425272576	0.1821297599
1	0.3555695958	0.2602205520	0.0023605480	0.3818493043	0.0000000000
0	0.0170116710	0.3506665849	0.0555477816	0.5762866843	0.0004872781
0	0.1977690462	0.0489906384	0.0079167053	0.7419451713	0.0033784387
2	0.2428995669	0.2892554319	0.0002454022	0.4675995990	0.0000000000
1	0.0403343387	0.8214475778	0.0575145897	0.0761507078	0.0045527860
1	0.7082795731	0.1361209610	0.0752915397	0.0803077742	0.0000001520
0	0.0203171515	0.0356482005	0.0000012576	0.9425871792	0.0014462113
0	0.0000000000	0.0302493903	0.6781107938	0.0038571132	0.2877827027
0	0.0411143387	0.0003743530	0.3950858173	0.2990493778	0.2643761133
0	0.0000013159	0.0273840781	0.0000878423	0.0260945587	0.9464322051
1	0.3108266854	0.0015663245	0.2837780546	0.0659916658	0.3378372698
1	0.3750147292	0.0000000001	0.1274848873	0.3268677065	0.1706326769
1	0.8642663787	0.1305106880	0.0052202588	0.0000002025	0.0000024720
0	0.9788871018	0.0000001069	0.0055791648	0.0002535940	0.0152800325
0	0.0013038066	0.1216364593	0.0073619735	0.5515497545	0.3181480061
0	0.2240358034	0.0458894778	0.0305357989	0.0714075375	0.6281313824
0	0.7253016995	0.0007411744	0.0694867399	0.1121342512	0.0923361349
0	0.0009816023	0.0302810031	0.0273887966	0.2277442650	0.7136043329
0	0.7555845079	0.0001972776	0.1959993017	0.0054203883	0.0427985245
1	0.6287430295	0.0515974813	0.0184055910	0.3012538982	0.0000000000
0	0.2959409758	0.1083150724	0.0106314374	0.5749501000	0.0101624144
0	0.1356319055	0.0104291744	0.5100889741	0.3438482386	0.0000017073
0	0.0000000162	0.2678439564	0.3314815490	0.0757524233	0.3249220549
0	0.2502642024	0.0060804361	0.7187228707	0.0029752998	0.0219571910
1	0.1327846222	0.2614917094	0.0000000001	0.6057236683	0.0000000000
1	0.3906300397	0.0271892116	0.1203686800	0.4611462671	0.0006658015
0	0.1407168208	0.0972869910	0.0000009332	0.4938558537	0.2681394014
1	0.1563954978	0.8004901634	0.0000000000	0.0431142636	0.0000000752
0	0.0000080113	0.0384870528	0.0239744782	0.9364153848	0.0011150728
0	0.7797784520	0.0006422971	0.0407676058	0.1654206449	0.0133910003
0	0.3608038117	0.0913286034	0.0243160447	0.2491191607	0.2744323795
0	0.3176567155	0.1817841255	0.3997254891	0.0855458301	0.0152878397
0	0.2191725515	0.4206198157	0.0857189484	0.2650099895	0.0094786949
1	0.4134472024	0.3025904821	0.0000013096	0.2839610059	0.0000000000
0	0.1042131450	0.5771416911	0.0000411555	0.2466456216	0.0719583868
0	0.0000001061	0.0764062595	0.0978310155	0.3814653281	0.4442972908
0	0.2005871274	0.3676737312	0.1079515691	0.2947973638	0.0289902084
1	0.0289969381	0.1811785619	0.0000000010	0.1445257909	0.6452987082
0	0.0116964895	0.0000317899	0.8570631128	0.1029896905	0.0282189174
0	0.1132201194	0.6501111078	0.0385594494	0.1448235399	0.0532857835
1	0.0024090374	0.1146532553	0.0000000000	0.8542199716	0.0287177357
0	0.1624245466	0.0197515262	0.4578993474	0.2516590363	0.1082655435
0	0.2446083994	0.0096275159	0.2956959018	0.4500583215	0.0000098614
0	0.8584954104	0.0071175700	0.0396702715	0.0947166004	0.0000001477
0	0.1323422954	0.0148533203	0.0349934229	0.6449499982	0.1728609632
2	0.0277217564	0.9384370869	0.0000000000	0.0338411567	0.0000000000
0	0.0540200652	0.7070082593	0.1489438876	0.0900271931	0.0000005948
1	0.5390818960	0.0000000089	0.0159718074	0.0001984373	0.4447478504
0	0.0728751881	0.1163780974	0.0069131741	0.7025628018	0.1012707386
1	0.0786436787	0.1002493879	0.0000116730	0.8195999849	0.0014952754
1	0.2102053850	0.3168419105	0.0000000000	0.1108942844	0.3620584200
1	0.3172139738	0.6426273801	0.0020417029	0.0332236106	0.0048933326
1	0.0113544386	0.0480867949	0.7973654968	0.1308089443	0.0123843254
1	0.1727762685	0.6028151147	0.1639340865	0.0460810986	0.0143934317
0	0.2640730668	0.0009917280	0.0604092426	0.5946321369	0.0798938256
1	0.8840811950	0.0000000000	0.0000000000	0.1159188050	0.0000000000
1	0.0023675468	0.0012744424	0.0000000001	0.9925058663	0.0038521443
0	0.0363486737	0.0000000000	0.0462736600	0.7221517601	0.1952259062
0	0.1127517124	0.0895248574	0.0038430118	0.1264983973	0.6673820211
0	0.0101815698	0.5671790544	0.0008203602	0.4217399549	0.0000790607
1	0.0651861041	0.7834177666	0.0021785208	0.1491930484	0.0000245601
0	0.7997291429	0.0003224851	0.1070886253	0.0883175102	0.0045422364
1	0.4720203844	0.0185366096	0.2337822219	0.0395570096	0.2361037745
0	0.1574905625	0.0159268861	0.3206300362	0.1233047871	0.3826477281
0	0.2649887909	0.1718998561	0.0000303331	0.1331149363	0.4299660837
0	0.0009429622	0.1392850532	0.7567367048	0.0000000000	0.1030352798
1	0.1583163370	0.3586159526	0.2125015492	0.2703994903	0.0001666709
1	0.0220425698	0.6833183193	0.0000000000	0.1990313451	0.0956077657
1	0.1578856293	0.0000121348	0.0457470659	0.7938936861	0.0024614839
0	0.0118335588	0.0420299459	0.0000000000	0.2354672649	0.7106692304
0	0.0000000000	0.4981398129	0.0036184561	0.1011807419	0.3970609890
0	0.0065209382	0.0354939070	0.3981527305	0.0026682331	0.5571641911
1	0.4013350424	0.0029606586	0.3914323957	0.2042718191	0.0000000842
0	0.2395936726	0.0000000000	0.3935678404	0.3645840387	0.0022544483
1	0.0035766291	0.2391336992	0.1537916357	0.5916786182	0.0118194178
1	0.8362090153	0.0308905962	0.0000207566	0.1317572321	0.0011223998
0	0.4911059953	0.0000016447	0.0340190469	0.0084792313	0.4663940817
1	0.9999999721	0.0000000137	0.0000000142	0.0000000000	0.0000000000
0	0.2410196401	0.1202187707	0.0820246740	0.4867875159	0.0699493993
1	0.0825649929	0.4753415132	0.0000367310	0.4420364594	0.0000203035
1	0.0998217806	0.0662919082	0.0000001599	0.8338507257	0.0000354256
0	0.0113969137	0.5866672356	0.0000346586	0.0000889376	0.4018122545
1	0.5591786238	0.3471569490	0.0778152056	0.0158492216	0.0000000000
1	0.1866083285	0.0370372118	0.6913037208	0.0850507349	0.0000000041
0	0.3020409199	0.0049111212	0.0428246256	0.6501796677	0.0000436655
1	0.0269138424	0.3207322518	0.0000000422	0.6522976709	0.0000561926
0	0.0029596719	0.1021467584	0.0000000025	0.0167872858	0.8781062815
0	0.0215467184	0.0014255297	0.0701769117	0.4361648309	0.4706860092
0	0.1443147933	0.1070446265	0.0000020486	0.6681123207	0.0805262110
1	0.1704822153	0.0001448503	0.0256378695	0.6514557271	0.1522793377
0	0.1119327197	0.0073753792	0.0504840333	0.1861859630	0.6440219048
1	0.0007626014	0.0053317309	0.0000000000	0.9939056677	0.0000000000
1	0.7205752721	0.0658863144	0.0000000000	0.2069497107	0.0065887028
1	0.9646248887	0.0265656806	0.0013677239	0.0074417068	0.0000000000
0	0.6427200542	0.2904968949	0.0000000000	0.0664979846	0.0002850662
0	0.0650134882	0.1170843271	0.1245742372	0.2514773798	0.4418505677
0	0.0000003519	0.0000000000	0.0105649025	0.6867614843	0.3026732613
