1	0.0002657472	0.0011005593	0.9962626844	0.0000009122	0.0023700968
2	0.0003363567	0.0000001788	0.9897909534	0.0009874907	0.0088850204
0	0.0247162833	0.6028994892	0.2304460906	0.1140599969	0.0278781399
1	0.0199328391	0.0395211708	0.6837133209	0.0000975296	0.2567351395
1	0.0000839940	0.2235600879	0.5186089140	0.2000046983	0.0577423058
1	0.4098662713	0.1540325777	0.0711463194	0.0000005222	0.3649543095
0	0.0930805508	0.5862799688	0.2246092692	0.0947057905	0.0013244207
0	0.0020602256	0.2051154864	0.1140613908	0.6112148180	0.0675480792
1	0.0046204185	0.0686454706	0.9034724430	0.0228739033	0.0003877645
0	0.0976462253	0.0380709274	0.0021262266	0.5945631658	0.2675934549
0	0.0000423402	0.0741823125	0.7481954339	0.0697061822	0.1078737312
1	0.0002688478	0.0000034941	0.9991589836	0.0004684945	0.0001001799
0	0.5473516223	0.0020342385	0.2303379306	0.2181464413	0.0021297673
0	0.0000336477	0.7384830253	0.0002906488	0.0869254041	0.1742672741
0	0.1074121810	0.0684069081	0.5448280677	0.1579990026	0.1213538406
0	0.1285303310	0.2555560986	0.1220223057	0.4613291691	0.0325620956
0	0.0762069249	0.1369582883	0.0008081959	0.6965550867	0.0894715042
0	0.0019017604	0.1845056925	0.0074874141	0.7716569913	0.0344481418
0	0.0000002316	0.9356506731	0.0012594074	0.0630896769	0.0000000111
1	0.0488408934	0.1734167291	0.7473069988	0.0255430525	0.0048923262
0	0.0860113959	0.0518825245	0.8617428916	0.0001731327	0.0001900553
0	0.0000592710	0.1059486806	0.8194998389	0.0543364680	0.0201557416
0	0.1647890832	0.0382632839	0.7472546892	0.0069535213	0.0427394223
0	0.1643695262	0.7322687126	0.0005573503	0.0422838355	0.0605205754
0	0.0000000000	0.4302236282	0.0838128520	0.4854096143	0.0005539055
0	0.4829873850	0.1980443192	0.0012863459	0.1087669964	0.2089149534
0	0.0931512675	0.0902294890	0.0000011392	0.0469478943	0.7696702101
0	0.0212349381	0.2900633249	0.1289006913	0.0557780778	0.5040229679
0	0.0000001687	0.1193129785	0.7570708715	0.0991880283	0.0244279530
1	0.0647558593	0.3372391590	0.3179704217	0.0022672123	0.2777673477
0	0.1380743803	0.0413787908	0.5069472691	0.3081440828	0.0054554771
0	0.7066814298	0.1386547503	0.1474808718	0.0057978762	0.0013850720
0	0.0406078738	0.5688916086	0.0036813562	0.3827138627	0.0041052987
1	0.3768875876	0.0084613749	0.4685047790	0.0180637184	0.1280825401
1	0.6455356441	0.1209954760	0.1904696104	0.0000000000	0.0429992695
0	0.0054184528	0.0139213702	0.0011678832	0.9794220638	0.0000702301
1	0.0009716138	0.0000000000	0.9965767118	0.0024499096	0.0000017648
0	0.1251598259	0.0886067402	0.7199765365	0.0662568974	0.0000000000
0	0.0818056275	0.5185661405	0.1721305662	0.2073351371	0.0201625286
1	0.0192845899	0.0487243256	0.9149915293	0.0000371975	0.0169623577
0	0.2815112312	0.0306061412	0.2569914327	0.0003249570	0.4305662377
1	0.0868972958	0.0561477503	0.8337551962	0.0231997577	0.0000000000
0	0.5228617715	0.0047735048	0.0012068132	0.4710745483	0.0000833621
0	0.0016679109	0.4775600277	0.3610809500	0.1512588802	0.0084322312
1	0.0082438788	0.0048555203	0.9400860882	0.0000377058	0.0467768069
0	0.2022998997	0.0050391859	0.3451120939	0.1027973287	0.3447514917
1	0.0006296232	0.0492155402	0.9138131420	0.0352753166	0.0010663781
0	0.5531400161	0.2842413855	0.1448384152	0.0059239064	0.0118562767
1	0.1583635827	0.0368150306	0.1759437273	0.6156530189	0.0132246405
0	0.4971198163	0.0000000001	0.3098411283	0.1559550568	0.0370839986
0	0.0166945908	0.7051806069	0.0172535403	0.2318617136	0.0290095484
1	0.0000092743	0.1522246892	0.6991290146	0.1485999784	0.0000370435
0	0.0683395967	0.2237785514	0.3534871730	0.2368546595	0.1175400194
1	0.0000005982	0.0053494119	0.9764233041	0.0171886097	0.0010380761
1	0.0098936913	0.0297934891	0.8720617678	0.0262197824	0.0620312695
1	0.0033621850	0.0222546551	0.8700966531	0.1042865068	0.0000000000
0	0.1628211236	0.4555627333	0.2772982645	0.0019142634	0.1024036151
0	0.0000000000	0.7495794231	0.2054559972	0.0243269146	0.0206376651
1	0.0055034963	0.0072951614	0.9537918539	0.0256172264	0.0077922621
1	0.0030567729	0.0901031636	0.5152788416	0.3873534124	0.0042078094
0	0.0000323369	0.0771168390	0.2742275382	0.6486232859	0.0000000000
0	0.0697097989	0.1564414147	0.4924971994	0.1176532438	0.1636983431
1	0.1846934414	0.1910096182	0.6111864459	0.0124548496	0.0006556449
0	0.0000000000	0.0489911179	0.9155030614	0.0000017134	0.0355041073
0	0.0337779375	0.7243307067	0.0081963450	0.0194800384	0.2142149725
0	0.1446520994	0.7372745268	0.1179850953	0.0000877821	0.0000004964
1	0.4883588742	0.4467684391	0.0387413260	0.0261313608	0.0000000000
0	0.0000000000	0.0000000025	0.8063486188	0.1442548399	0.0493965387
2	0.0004787926	0.0003282616	0.9991471193	0.0000079350	0.0000378915
2	0.0011854920	0.0005542797	0.9912044959	0.0065792731	0.0004764594
0	0.0002184326	0.0685152909	0.1909269759	0.7403393005	0.0000000000
0	0.5513412221	0.0030335246	0.0328652781	0.4076460054	0.0051139697
0	0.0336963602	0.1011333747	0.3255182694	0.5029071213	0.0367448743
0	0.2826345723	0.0000462565	0.3610107988	0.3290209393	0.0272874330
1	0.0001267944	0.0037282218	0.8849135473	0.1108735220	0.0003579145
1	0.0055810882	0.0123510193	0.9793965288	0.0000000000	0.0026713637
0	0.0048236313	0.7629776387	0.1867657621	0.0178221755	0.0276107923
0	0.1129520417	0.1308818360	0.6610909931	0.0950260304	0.0000490989
0	0.3807955203	0.4181578172	0.0001260543	0.2005482662	0.0003723421
0	0.2692860981	0.5918195530	0.0000459829	0.0197413520	0.1191070140
0	0.0005352708	0.0985559802	0.0105949867	0.8902909918	0.0000227705
0	0.3165111193	0.3933100764	0.2302629472	0.0531129574	0.0068028997
0	0.0013930378	0.7856168763	0.1467503432	0.0662375589	0.0000021838
0	0.0000952707	0.8820335854	0.1170895661	0.0000000633	0.0007815144
0	0.0300817084	0.0012008802	0.4618270784	0.0160241568	0.4908661762
1	0.0077141137	0.0027743761	0.9852933061	0.0000013919	0.0042168122
0	0.0480553220	0.4438429261	0.1781657635	0.2942737853	0.0356622031
1	0.0473036277	0.7091962629	0.0428086979	0.1998220504	0.0008693611
0	0.1291489806	0.0129857819	0.7980052754	0.0598224420	0.0000375202
0	0.0000000063	0.0894940714	0.8650421467	0.0438598430	0.0016039326
0	0.0420910845	0.0017868425	0.6261953078	0.3294943540	0.0004324111
0	0.2595655452	0.0124691901	0.3988507727	0.3264790237	0.0026354684
0	0.0299064548	0.0725802703	0.8526392850	0.0023937673	0.0424802227
0	0.0071191693	0.9359915153	0.0290083471	0.0177050973	0.0101758710
0	0.0673786570	0.2194547418	0.2304081504	0.0000000000	0.4827584508
0	0.4698528984	0.3991888778	0.0989718608	0.0319848275	0.0000015355
0	0.0034547170	0.1711789001	0.0244614946	0.7257338893	0.0751709990
0	0.4189089681	0.0540968399	0.2347320601	0.2904761986	0.0017859334
1	0.0188743491	0.0186936840	0.9571908806	0.0052185644	0.0000225218
0	0.0001567263	0.3978027551	0.4772018233	0.0000000002	0.1248386951
