0	0.0023491138	0.1759002427	0.1566422483	0.6039640908	0.0611443045
1	0.0838728641	0.2025976727	0.5697695721	0.1429627381	0.0007971530
1	0.0000000000	0.0024402858	0.9975589581	0.0000000016	0.0000007546
0	0.0000011933	0.0000000000	0.0451964417	0.8394156423	0.1153867227
0	0.0104047137	0.0000057082	0.0724969612	0.6759280232	0.2411645936
0	0.2953159652	0.0764641916	0.4339783415	0.1757990896	0.0184424121
0	0.4359744446	0.0032840105	0.3896969323	0.0002556446	0.1707889681
1	0.0234374326	0.0316307709	0.8819094115	0.0000000000	0.0630223850
0	0.2278014821	0.2860097075	0.4528390804	0.0095915263	0.0237582036
0	0.1421506498	0.3635033432	0.0018378227	0.4903609290	0.0021472553
0	0.0902279814	0.0504920120	0.2682968614	0.5905644333	0.0004187118
0	0.0551121530	0.0293036827	0.4919433816	0.4235514001	0.0000893826
1	0.0001159591	0.0057534369	0.9909975554	0.0000000096	0.0031330390
0	0.9001555956	0.0574094241	0.0292884931	0.0003397555	0.0128067317
0	0.3424766108	0.1626508543	0.0062251142	0.4886474207	0.0000000000
0	0.0000222398	0.0343834563	0.5925657104	0.2151461742	0.1578824194
0	0.0052386399	0.1099699421	0.2011926727	0.5605536449	0.1230451003
0	0.0000000003	0.2036437265	0.6207140988	0.0325587847	0.1430833897
1	0.0016213600	0.0000000000	0.6032914646	0.3849350856	0.0101520897
0	0.0000072730	0.0347704643	0.1565368071	0.8086849605	0.0000004950
0	0.0068452988	0.0095703968	0.1795567497	0.2645198428	0.5395077120
1	0.0003827924	0.6246103683	0.3040394243	0.0660323700	0.0049350451
0	0.2177176675	0.1123255145	0.6498756752	0.0015436317	0.0185375110
0	0.0085184378	0.2828506551	0.3621351253	0.3464957806	0.0000000012
0	0.0456903398	0.4688311854	0.0000000052	0.4828694522	0.0026090174
1	0.0170563539	0.0037558965	0.9779542123	0.0000351272	0.0011984101
0	0.0008100550	0.7501004221	0.2467322467	0.0000001292	0.0023571471
0	0.0123252688	0.7539766672	0.0326149073	0.1914735153	0.0096096414
1	0.0188974821	0.1194138770	0.8281523803	0.0328152848	0.0007209758
1	0.0431730255	0.6003814074	0.2300903537	0.1248602954	0.0014949180
0	0.1811792979	0.0875510017	0.5577502899	0.0157771053	0.1577423052
1	0.3117238154	0.3153181978	0.3613708782	0.0115871086	0.0000000000
0	0.1033028501	0.1892028682	0.1872670122	0.4953490942	0.0248781753
1	0.2757703828	0.0152377747	0.6806378406	0.0210179986	0.0073360032
1	0.2504000585	0.0742184022	0.4948059560	0.0000000000	0.1805755833
1	0.0044493308	0.0293276732	0.9638344710	0.0023885250	0.0000000000
0	0.0083621800	0.8431165056	0.1432913061	0.0052300082	0.0000000000
1	0.0104586843	0.0241804499	0.9594194227	0.0001956427	0.0057458004
0	0.0140038330	0.7019582823	0.0408249412	0.2427937666	0.0004191770
0	0.0013587644	0.6137736359	0.3734595732	0.0112932801	0.0001147464
0	0.0175641702	0.9279276799	0.0067044892	0.0161390263	0.0316646343
0	0.9495239679	0.0486939852	0.0014143046	0.0003677423	0.0000000000
1	0.0003309149	0.0053731168	0.9524315957	0.0373560201	0.0045083526
0	0.0005986593	0.8676760589	0.0000009922	0.1317242896	0.0000000000
0	0.0097469028	0.0156214055	0.9512241028	0.0199083175	0.0034992714
0	0.0260138535	0.1497869149	0.1631752575	0.6520768746	0.0089470995
0	0.0290269400	0.2698039158	0.0187497229	0.6824194180	0.0000000034
0	0.0000000053	0.0599643822	0.6695056733	0.0119688568	0.2585610824
0	0.0043089407	0.4566141145	0.0373914301	0.4963885648	0.0052969500
2	0.0002249570	0.0035920452	0.9840943092	0.0008948633	0.0111938253
0	0.0000000000	0.1424745196	0.1688458193	0.6770435918	0.0116360693
1	0.0540703468	0.0353720437	0.9097840617	0.0007503131	0.0000232347
0	0.0858306709	0.0000283113	0.8467237823	0.0631421129	0.0042751227
0	0.9314166084	0.0000266928	0.0005525582	0.0571754372	0.0108287034
1	0.0578796656	0.0000055291	0.9383964077	0.0023622159	0.0013561817
1	0.0000000047	0.0643390086	0.5739203080	0.3393121910	0.0224284877
0	0.0162368189	0.5086956698	0.4650389592	0.0060467151	0.0039818371
0	0.0071275769	0.5827505345	0.2099884837	0.1601845407	0.0399488641
0	0.0041639429	0.1429152695	0.0380470422	0.2185817556	0.5962919898
0	0.0000517629	0.6913025948	0.0565553940	0.0035862461	0.2485040022
0	0.0515639613	0.0826342336	0.8518207282	0.0139810769	0.0000000000
0	0.0728036669	0.5744183200	0.1596717778	0.1896399858	0.0034662495
0	0.0000000000	0.0580796918	0.2292319409	0.0436385459	0.6690498215
0	0.0000515705	0.6426720244	0.1739564720	0.1831294428	0.0001904902
1	0.1050977742	0.0480415943	0.8401696606	0.0000766545	0.0066143164
1	0.0000000018	0.4320625399	0.1593079380	0.4085425977	0.0000869227
1	0.0001667552	0.0207211078	0.9660027333	0.0059601697	0.0071492340
1	0.1762739086	0.0124542409	0.8112718139	0.0000000000	0.0000000366
0	0.8455598040	0.1409979093	0.0000396178	0.0134026689	0.0000000000
1	0.0043636813	0.0119650268	0.8633830945	0.0072521557	0.1130360416
0	0.2395654500	0.4490207779	0.0226045615	0.1532967292	0.1355124814
0	0.2606659637	0.7022761951	0.0000023082	0.0000000038	0.0370555292
0	0.0310533999	0.0165985281	0.6457419692	0.0000000117	0.3066060911
0	0.0678761886	0.2593386607	0.0412893523	0.6168196718	0.0146761266
1	0.0000006638	0.0000000001	0.9830809721	0.0056126560	0.0113057080
1	0.0012200528	0.0311429645	0.7314096628	0.1579381077	0.0782892122
0	0.0066703431	0.9395479836	0.0428314473	0.0109493510	0.0000008750
0	0.1343734947	0.0323123046	0.0194697816	0.7887137235	0.0251306956
0	0.1663962339	0.0415893949	0.3895354377	0.0528060396	0.3496728939
0	0.1065338748	0.7451107307	0.0154595569	0.0976320161	0.0352638215
2	0.0000000854	0.0003167512	0.9971232756	0.0025598877	0.0000000000
0	0.0000032737	0.4684428296	0.0512733465	0.4533429129	0.0269376374
0	0.0996375207	0.0016646565	0.0170251416	0.0517711627	0.8299015185
0	0.0010006058	0.9427295324	0.0083818590	0.0478878189	0.0000001838
1	0.0040351569	0.0757349925	0.9202298505	0.0000000000	0.0000000000
1	0.0178534001	0.2685451181	0.7017042971	0.0021427451	0.0097544396
1	0.0000039961	0.0025597961	0.9895550640	0.0077673388	0.0001138051
0	0.0595380803	0.8477102624	0.0133178541	0.0764737020	0.0029601011
0	0.0000469709	0.6850430672	0.0336261860	0.0573564360	0.2239273398
1	0.0002938847	0.6679583461	0.0888221503	0.2118024911	0.0311231278
0	0.1403051854	0.0549628560	0.0002787442	0.7642829655	0.0401702488
0	0.2117464777	0.4968899840	0.1563631039	0.0996356062	0.0353648283
1	0.0554263305	0.1990576310	0.7385599497	0.0069560377	0.0000000511
1	0.0001497741	0.0127667456	0.9479724869	0.0283914595	0.0107195338
0	0.0081845123	0.9008882009	0.0662019766	0.0247246420	0.0000006683
1	0.0212355109	0.0042685283	0.9698009966	0.0019999579	0.0026950063
0	0.9067194012	0.0001291045	0.0238629281	0.0692885662	0.0000000000
2	0.0000000015	0.0005357979	0.9941606836	0.0049012561	0.0004022609
1	0.0070175897	0.1329236568	0.8539267656	0.0058177049	0.0003142830
1	0.0001068148	0.0024086233	0.9933457770	0.0013147891	0.0028239958
