1	0.0291395593	0.0818171727	0.8659609058	0.0222637926	0.0008185696
0	0.1448959402	0.3757396487	0.1458861829	0.0000017773	0.3334764508
0	0.1883681729	0.0003577606	0.6110749452	0.1993023819	0.0008967394
0	0.0229574280	0.2391217659	0.0082094869	0.7070709669	0.0226403523
0	0.3236142830	0.0256373274	0.2910425280	0.1051458732	0.2545599884
0	0.0138405186	0.6858183836	0.2861650630	0.0107025298	0.0034735050
0	0.0223799213	0.0000000166	0.2292647022	0.5523970208	0.1959583392
2	0.0058656527	0.0162625836	0.9778454107	0.0000000037	0.0000263493
0	0.1992589455	0.0000797125	0.7972574746	0.0033825778	0.0000212894
1	0.0000000000	0.1015113420	0.8781677753	0.0203208828	0.0000000000
1	0.0315062936	0.0247924004	0.9379151769	0.0028207699	0.0029653592
1	0.0062044124	0.0005840254	0.9563512249	0.0001897755	0.0366705618
1	0.0000000001	0.0002206533	0.9942121456	0.0039103225	0.0016568785
0	0.1956547420	0.0000004051	0.2510589357	0.0236904230	0.5295954942
1	0.0581014701	0.0029122603	0.8765094096	0.0566924024	0.0057844576
0	0.3233590965	0.3201386581	0.3427485608	0.0129740474	0.0007796371
0	0.3702155274	0.0004206705	0.0079483915	0.2636346657	0.3577807448
0	0.0032598366	0.7543102007	0.1889570127	0.0208351003	0.0326378496
1	0.0009790523	0.0000360885	0.9946519028	0.0002300558	0.0041029006
1	0.5394477738	0.3690360810	0.0159563094	0.0667452682	0.0088145675
1	0.0521616932	0.0159196587	0.4215675163	0.4343593527	0.0759917791
0	0.9492904381	0.0227066993	0.0185666682	0.0056067816	0.0038294127
0	0.0000000000	0.0014992966	0.1920935435	0.8062980256	0.0001091343
0	0.3543304857	0.0002803629	0.2317544731	0.4134388221	0.0001958562
0	0.2660660778	0.2859964535	0.2007987416	0.0000001053	0.2471386217
0	0.0108381898	0.6112770459	0.0112120865	0.0009475044	0.3657251733
0	0.0023954789	0.0317805216	0.4484016527	0.4595222997	0.0579000472
0	0.0109457197	0.0190559440	0.5973306040	0.3726677323	0.0000000000
0	0.0614283021	0.0012054582	0.2148942289	0.2255839145	0.4968880963
0	0.0140821964	0.1599017341	0.3533709618	0.4278180153	0.0448270923
1	0.0090827710	0.0484779607	0.9399280049	0.0000132959	0.0024979675
1	0.0000140055	0.0014884830	0.9982495871	0.0002428784	0.0000050460
0	0.0139301824	0.8461119995	0.1225237771	0.0034556428	0.0139783981
0	0.0049949364	0.4680808700	0.0000166413	0.4308313113	0.0960762410
1	0.0047406024	0.0235016079	0.9602378692	0.0115199201	0.0000000003
1	0.0057058675	0.0875391807	0.8159637970	0.0907911548	0.0000000000
0	0.0000000000	0.0005547666	0.0000000018	0.9993360549	0.0001091766
0	0.2507907371	0.0058036325	0.5510060216	0.0000002336	0.1923993752
1	0.0466050563	0.0000000915	0.7388589648	0.0173560384	0.1971798490
0	0.0526674082	0.6658201950	0.0001531091	0.2793242267	0.0020350609
1	0.0071371143	0.0277637221	0.9610533363	0.0040458272	0.0000000001
2	0.0000000068	0.0001582428	0.9937456462	0.0021476829	0.0039484213
1	0.0000031221	0.0016484357	0.9840317448	0.0082102900	0.0061064074
0	0.0000276709	0.4177319669	0.5798337301	0.0002371924	0.0021694397
0	0.7768333070	0.1279008609	0.0349809647	0.0016115952	0.0586732722
0	0.0000072748	0.7648163939	0.0196124665	0.1589924664	0.0565713984
1	0.6219527060	0.0005080656	0.1325003128	0.1327231482	0.1123157673
1	0.0015723779	0.0074035193	0.9590014655	0.0272021244	0.0048205128
0	0.0000000000	0.0238638090	0.5898472412	0.2906518994	0.0956370504
1	0.0679777830	0.2712655022	0.6461461948	0.0000054504	0.0146050697
0	0.3817146615	0.0042024102	0.5570549420	0.0400218192	0.0170061671
1	0.0000433883	0.0165578012	0.9666695304	0.0062567811	0.0104724988
0	0.0537448813	0.7173251452	0.0976971052	0.1301228525	0.0011100158
0	0.2183415171	0.0010536777	0.3564137595	0.3997150170	0.0244760287
0	0.0137152228	0.6572972623	0.1843272691	0.0271653389	0.1174949070
0	0.0141771848	0.5931132621	0.2493120239	0.1433975291	0.0000000001
1	0.0000765745	0.0364481649	0.9605007409	0.0022057118	0.0007688078
0	0.0044154102	0.0056761542	0.7268576148	0.2603156532	0.0027351676
0	0.0151095308	0.9013739082	0.0396135879	0.0002944757	0.0436084973
0	0.0009849729	0.2534567676	0.7141390980	0.0306226734	0.0007964881
0	0.0277762230	0.6363958962	0.3356138974	0.0000048086	0.0002091748
1	0.0260938773	0.0144136917	0.9044977882	0.0549946428	0.0000000000
0	0.1841047560	0.1475463202	0.6680774743	0.0002714496	0.0000000000
1	0.0000335873	0.4571562445	0.4987621946	0.0293127160	0.0147352577
1	0.0190887376	0.0296339899	0.9428163708	0.0008698102	0.0075910914
0	0.5002036672	0.0001159161	0.0000000000	0.0000500657	0.4996303509
0	0.0131148222	0.0343920759	0.6757140723	0.0330042894	0.2437747402
1	0.0110803013	0.0449308196	0.9342763042	0.0000241338	0.0096884411
0	0.1384399264	0.4535980782	0.2882103590	0.0794358297	0.0403158067
0	0.0000667258	0.9196247882	0.0753116070	0.0049968768	0.0000000022
0	0.0000000000	0.6918692685	0.0351203696	0.0040690809	0.2689412810
2	0.0051283865	0.0372047786	0.9499936947	0.0015309709	0.0061421693
0	0.2988745899	0.6063496406	0.0051736301	0.0893176907	0.0002844487
1	0.0150242125	0.3384789154	0.5842743133	0.0505926760	0.0116298829
1	0.0052971064	0.0000214607	0.9725377396	0.0169879107	0.0051557827
0	0.0220692757	0.5438333053	0.2875531940	0.0840251534	0.0625190716
0	0.0000016768	0.5516575269	0.3456347240	0.0016453069	0.1010607653
1	0.0033126600	0.1494121222	0.7675558728	0.0779976585	0.0017216865
1	0.0450611138	0.0211621923	0.9227471376	0.0000696029	0.0109599534
0	0.0170121738	0.8472636313	0.0897606387	0.0459635559	0.0000000004
0	0.0190612830	0.7711603161	0.0023148877	0.1665280301	0.0409354831
0	0.1001989251	0.0394803210	0.6981969502	0.1590139592	0.0031098445
0	0.0211312544	0.5752634688	0.3378742935	0.0609138807	0.0048171026
0	0.0003620049	0.0709145904	0.3567344446	0.4124440003	0.1595449598
1	0.0512186399	0.3861601954	0.2654533240	0.2544756768	0.0426921640
0	0.0023926978	0.6477622285	0.2550592807	0.0930493958	0.0017363972
0	0.6025435396	0.0176615344	0.3797572188	0.0000098956	0.0000278116
0	0.0367711314	0.2368420230	0.0260125260	0.0587799730	0.6415943467
0	0.2324670091	0.0267714562	0.7290740199	0.0001129566	0.0115745582
0	0.1614872034	0.1033866446	0.6519327522	0.0611312169	0.0220621829
1	0.1083410377	0.0120659179	0.8246533697	0.0000351389	0.0549045359
0	0.7606372546	0.1129939709	0.1257428908	0.0002327176	0.0003931661
0	0.0853956713	0.2283021153	0.5920864199	0.0805833199	0.0136324736
1	0.0128453265	0.0302713232	0.9477758297	0.0083105230	0.0007969976
1	0.0169002255	0.1987944251	0.7835657349	0.0007395937	0.0000000207
1	0.0000082127	0.0020616952	0.9370783717	0.0608435594	0.0000081610
0	0.0602500179	0.4880497356	0.4300104387	0.0004605634	0.0212292445
2	0.0000796591	0.0040741830	0.9955519203	0.0000008347	0.0002934030
1	0.1085907883	0.0020970818	0.8868409453	0.0007716030	0.0016995816
1	0.0306374318	0.0030295555	0.6942707421	0.2720413785	0.0000208921
