0	0.5286625287	0.4535349543	0.0000000000	0.0039256158	0.0138769013
0	0.1117459459	0.1390028578	0.0015452005	0.0316806518	0.7160253440
0	0.7240524662	0.0117390820	0.2078615657	0.0482832056	0.0080636805
0	0.7975381589	0.0000745268	0.0048848619	0.1484145648	0.0490878875
1	0.0000000007	0.0241996341	0.0017564314	0.8643436809	0.1097002528
0	0.6275273118	0.0000026024	0.0000032456	0.1232875502	0.2491792901
1	0.8738014370	0.0001611369	0.0748664358	0.0274583857	0.0237126047
0	0.0237956106	0.0416975439	0.3190738130	0.3321336206	0.2832994118
1	0.0460473542	0.4384730030	0.0000000000	0.3396012082	0.1758784346
0	0.0184843687	0.0464046597	0.0437115782	0.2751273196	0.6162720738
2	0.3458295572	0.6459766083	0.0000119818	0.0010738234	0.0071080294
0	0.0550268240	0.0807866421	0.1834871826	0.6582165678	0.0224827835
1	0.9163551761	0.0150820292	0.0000000014	0.0682995657	0.0002632277
1	0.0351169412	0.0789225796	0.0125746201	0.8693142774	0.0040715817
0	0.0022742458	0.0556681753	0.1029449197	0.5762631114	0.2628495478
0	0.1280148630	0.2772011913	0.0179617505	0.5743353563	0.0024868389
0	0.0055341182	0.0000001209	0.0316260109	0.6606608536	0.3021788964
0	0.2240140239	0.0000000017	0.0000000000	0.0037655215	0.7722204529
1	0.4455082235	0.5312602803	0.0017899967	0.0000000070	0.0214414925
0	0.0429565213	0.0405265929	0.2296323707	0.6038258815	0.0830586336
1	0.0303576566	0.5806008011	0.0796750516	0.2449215435	0.0644449472
1	0.2754251921	0.0618576818	0.0001761985	0.6621267660	0.0004141616
0	0.0483493263	0.0105243414	0.0000000000	0.9065659734	0.0345603589
1	0.0334897735	0.9437391833	0.0000000000	0.0107674674	0.0120035757
1	0.5838135529	0.3898809967	0.0000005925	0.0263048579	0.0000000000
0	0.0023879991	0.0000133752	0.0810549269	0.1259145293	0.7906291696
0	0.0148322785	0.0000523205	0.0529319465	0.9321834546	0.0000000000
1	0.1645963002	0.0025499372	0.0384954837	0.7943582789	0.0000000000
1	0.0924412064	0.4995612103	0.0936007409	0.0003472383	0.3140496040
0	0.3001114536	0.0000000000	0.0000009091	0.6750446157	0.0248430216
0	0.0016818058	0.9703789900	0.0000666078	0.0065996197	0.0212729767
0	0.4701747816	0.0000349691	0.1849981853	0.3080021311	0.0367899328
0	0.4887887056	0.1819373092	0.0973648289	0.0029550740	0.2289540824
0	0.1564393288	0.0000000011	0.8006560443	0.0038987313	0.0390058945
1	0.6413505965	0.3578510817	0.0000233727	0.0007749491	0.0000000000
1	0.4445930467	0.1262771043	0.0078339919	0.4212958560	0.0000000011
0	0.2281644301	0.1710285718	0.0533192670	0.5474509310	0.0000368001
1	0.9812213983	0.0000000000	0.0000000000	0.0166713355	0.0021072662
0	0.0051322172	0.0000002980	0.1845820972	0.2520683558	0.5582170318
0	0.0644248889	0.0827326398	0.0003466015	0.6880054653	0.1644904045
0	0.4533744900	0.1749730553	0.0000964519	0.0538760587	0.3176799441
0	0.3619191704	0.0000000009	0.2439187238	0.3913190575	0.0028430474
0	0.0075474529	0.0018027649	0.2948155165	0.3957785979	0.3000556679
1	0.6033911103	0.0107441524	0.2282246757	0.1576400203	0.0000000413
0	0.0000002110	0.2947016918	0.0002661927	0.3384904228	0.3665414818
0	0.2931533315	0.0018729065	0.6930860156	0.0013208959	0.0105668505
1	0.0000476980	0.9661875099	0.0119341481	0.0205421598	0.0012884841
0	0.1255925010	0.0000776671	0.0062254966	0.1826133437	0.6854909916
0	0.4786955627	0.0001957466	0.2964479425	0.0666746835	0.1579860647
0	0.1597856198	0.0000067943	0.2552988758	0.4152780291	0.1696306809
0	0.0466079631	0.0010695316	0.8992557212	0.0530531946	0.0000135895
1	0.2430045719	0.0000167786	0.0000000000	0.7569735168	0.0000051327
0	0.4810018750	0.3001119068	0.0001214303	0.0506826707	0.1680821173
0	0.5377182655	0.0003352950	0.3675242903	0.0000000087	0.0944221405
0	0.3246258042	0.0896427664	0.1269924816	0.4574861562	0.0012527915
0	0.0012529523	0.1217023929	0.3367459448	0.1642605571	0.3760381530
1	0.3312509060	0.0568933461	0.3391724313	0.0000010366	0.2726822801
0	0.0990891979	0.0000000015	0.4919278343	0.4089376737	0.0000452926
0	0.9633531492	0.0000004963	0.0290132884	0.0000005580	0.0076325081
0	0.0609613915	0.0000000000	0.6868836742	0.0079165520	0.2442383824
1	0.0667001560	0.1170885521	0.5764515756	0.2397597164	0.0000000000
0	0.3278613411	0.3736042012	0.0020049343	0.0239373670	0.2725921564
0	0.6071774052	0.0069000557	0.0014569328	0.3844656063	0.0000000000
2	0.2228386020	0.7557438131	0.0004205759	0.0209970090	0.0000000000
0	0.2537750319	0.3124651127	0.0191656091	0.4034993139	0.0110949325
0	0.6010566061	0.0093363262	0.0186238923	0.0480049999	0.3229781755
0	0.0000396710	0.2383945315	0.0167836917	0.4621958552	0.2825862507
1	0.1226617747	0.0182585536	0.5552362747	0.3033322929	0.0005111041
0	0.3243710275	0.0000000000	0.1252090812	0.5504198902	0.0000000012
0	0.0408225059	0.0801581358	0.5074517280	0.3715650272	0.0000026032
2	0.3267269058	0.0484536613	0.0000000000	0.6248194329	0.0000000000
0	0.0000065611	0.0000000390	0.0000000000	0.9657045345	0.0342888654
0	0.1333461464	0.0039168022	0.0000000000	0.7646810428	0.0980560086
0	0.8569181876	0.0768012618	0.0040281164	0.0618441803	0.0004082539
0	0.4712039501	0.0011851483	0.0000000001	0.2745923185	0.2530185829
0	0.0281950397	0.0039467986	0.0121057702	0.9392254370	0.0165269546
1	0.5642935929	0.1702300384	0.0367225549	0.2275089954	0.0012448184
0	0.0247579385	0.1072315313	0.0000000005	0.5480249557	0.3199855740
0	0.0230892294	0.0900873000	0.0001713516	0.8839752095	0.0026769095
1	0.7423048489	0.1999048589	0.0043527584	0.0534366216	0.0000009123
0	0.4221263428	0.1046370958	0.0000000000	0.0028372343	0.4703993271
0	0.0025727929	0.0373149704	0.0584038822	0.0537385059	0.8479698486
0	0.0566364472	0.1905830403	0.7297470055	0.0087013800	0.0143321270
0	0.0489513042	0.6362790475	0.1309010294	0.1836919017	0.0001767171
2	0.3936747762	0.5257389538	0.0008310409	0.0796737106	0.0000815185
0	0.0000330950	0.0000306690	0.1958453244	0.7754092426	0.0286816691
0	0.0207427646	0.0058226927	0.0344799585	0.8795511537	0.0594034305
0	0.0585359509	0.0153082742	0.1981928256	0.2563314671	0.4716314821
0	0.1829886609	0.0000008732	0.0317876429	0.3069955886	0.4782272344
0	0.3958375250	0.2156455448	0.0026515914	0.0596816401	0.3261836988
2	0.1248246443	0.6765023444	0.0908909522	0.1077820591	0.0000000000
0	0.0037016605	0.0033415653	0.7489752857	0.2431067455	0.0008747431
0	0.0933378528	0.5227290685	0.0000000028	0.1553545334	0.2285785426
0	0.0520025163	0.0000000013	0.9467215828	0.0012106413	0.0000652582
0	0.1605411424	0.0738935143	0.0000000000	0.6892718550	0.0762934884
1	0.2335271105	0.1459740395	0.0000109090	0.2972948866	0.3231930544
0	0.0002889441	0.1014773510	0.5414057124	0.3401602838	0.0166677087
0	0.0000000000	0.0007698809	0.0000121806	0.8783206353	0.1208973031
2	0.7106935957	0.0031041454	0.2796121423	0.0065901166	0.0000000000
0	0.2223908381	0.3336259296	0.4161378232	0.0219885253	0.0058568837
