0	0.0000000000	0.0000000000	0.0242339378	0.2314315550	0.7443345072
1	0.3410314923	0.4791378248	0.0179924080	0.1032170759	0.0586211990
0	0.0000000009	0.0000000007	0.5779207004	0.4220792979	0.0000000001
2	0.0261107808	0.0209734012	0.1961971874	0.7257656869	0.0309529437
0	0.0188394183	0.0074657500	0.0000001927	0.7727422846	0.2009523544
1	0.0032977957	0.8737532450	0.0000158784	0.1229330809	0.0000000000
0	0.0023175138	0.0163347600	0.2506334679	0.7307102532	0.0000040050
0	0.0342853255	0.2091680103	0.0396118831	0.1315740176	0.5853607634
0	0.0012656167	0.3286555433	0.0017745578	0.6639020879	0.0044021943
2	0.2153073419	0.3894458877	0.0011664211	0.3939092688	0.0001710806
1	0.1486675852	0.0000005542	0.0351408684	0.8105182845	0.0056727077
0	0.2464888314	0.3217224919	0.1621495592	0.2696326644	0.0000064530
0	0.1261962595	0.1918535221	0.4608531777	0.0681018515	0.1529951892
0	0.2832587442	0.0018953873	0.1144424703	0.5307966256	0.0696067726
1	0.4270854330	0.0000000000	0.0000066711	0.5729078800	0.0000000160
1	0.0194435705	0.0058686488	0.0004864542	0.9722370769	0.0019642496
0	0.4045460074	0.0221256569	0.0011249268	0.5722018918	0.0000015170
0	0.2910620642	0.5168154108	0.0000000000	0.1235433920	0.0685791329
0	0.0094255854	0.0000000000	0.6628012731	0.3144905858	0.0132825557
1	0.0195981109	0.0305514426	0.0000295796	0.9484374026	0.0013834643
1	0.0647730314	0.3568547788	0.0000000000	0.0028145829	0.5755576069
2	0.6952314978	0.2937794802	0.0000000000	0.0109890220	0.0000000000
0	0.0000005719	0.0682454228	0.0000003917	0.6608922322	0.2708613814
0	0.0010457773	0.0453720632	0.0944120232	0.8490130011	0.0101571352
1	0.1943409881	0.0065905410	0.0000002980	0.7778481534	0.0212200196
0	0.2276550229	0.0000903510	0.5326482103	0.0620463886	0.1775600272
0	0.0689364416	0.3655475332	0.0000000000	0.4558984655	0.1096175597
0	0.0000448008	0.2954635096	0.0529830348	0.6380991653	0.0134094895
0	0.0734334557	0.1025966956	0.4770439694	0.2270437232	0.1198821562
0	0.4505485342	0.0195619561	0.0649265941	0.4640216152	0.0009413003
0	0.0979331220	0.0004908817	0.0410869987	0.8318562734	0.0286327242
0	0.0000000000	0.0000813344	0.7686727349	0.0053505044	0.2258954264
0	0.2919421315	0.0414447171	0.0053338487	0.5749114800	0.0863678228
0	0.3168505766	0.1532968728	0.1510858134	0.2978219084	0.0809448289
0	0.0028918015	0.3413317178	0.0132299822	0.0247071753	0.6178393232
0	0.0000062454	0.0842456440	0.0076561202	0.0002488360	0.9078431544
0	0.0001735793	0.0863039245	0.0004782392	0.9130245478	0.0000197092
0	0.0267520978	0.0006348340	0.3002468580	0.6720887961	0.0002774142
0	0.8902818426	0.0053933566	0.0000000067	0.1039364338	0.0003883603
0	0.3482329110	0.0000187817	0.0000280486	0.3443274072	0.3073928514
1	0.1376938503	0.0003708043	0.0490681835	0.8128671619	0.0000000000
1	0.0055930217	0.0000033497	0.1298256424	0.8645779862	0.0000000000
1	0.0000575751	0.0000005280	0.8672991293	0.1323818141	0.0002609535
0	0.0235025377	0.0108918645	0.1146585369	0.8368085724	0.0141384885
0	0.0772601868	0.3926306646	0.3569261811	0.0879272900	0.0852556775
0	0.0061187593	0.0000013876	0.0000264352	0.9938534003	0.0000000175
1	0.0000038269	0.8135302099	0.0047360798	0.1817298764	0.0000000069
0	0.0670852211	0.5346048012	0.1551384924	0.0631115555	0.1800599297
0	0.0145516467	0.0002328269	0.0551690876	0.8681756123	0.0618708266
0	0.0000028992	0.0000000000	0.2264913698	0.2924494668	0.4810562642
1	0.0009311153	0.0784746930	0.0000000000	0.9202321387	0.0003620530
0	0.0491159864	0.0000000006	0.2088587894	0.6383856942	0.1036395294
0	0.2264212574	0.0990586529	0.0000037741	0.0147195228	0.6597967929
0	0.0262600130	0.0104481396	0.5121381426	0.4383535579	0.0128001469
0	0.3682881048	0.0812650348	0.0000037871	0.4442073818	0.1062356915
0	0.2473471447	0.0289037654	0.0000109740	0.3786663914	0.3450717245
1	0.0023371361	0.0000000089	0.4538501716	0.5438126834	0.0000000000
0	0.2799737858	0.0364121507	0.0010828016	0.6453172991	0.0372139628
0	0.3038407681	0.0000502263	0.2397037730	0.4465866382	0.0098185944
0	0.0000000000	0.0004635883	0.5507664371	0.4051281206	0.0436418540
1	0.0248104538	0.0398081880	0.0018314046	0.9331836625	0.0003662911
0	0.0069080780	0.0149332355	0.0000000000	0.0004096974	0.9777489892
0	0.0396607386	0.0000000000	0.1109711285	0.7427660582	0.1066020747
1	0.6032494826	0.3419516826	0.0000002800	0.0000260785	0.0547724763
1	0.6014911735	0.0237606333	0.0000000000	0.3611380226	0.0136101707
1	0.0003104665	0.8476412216	0.0009858905	0.0054266260	0.1456357955
2	0.0000035203	0.8130933662	0.0068852498	0.1800178637	0.0000000000
0	0.0772543678	0.0670445598	0.0193774953	0.4977223650	0.3386012122
0	0.0077229335	0.9568196573	0.0000000759	0.0074243161	0.0280330171
0	0.0206473332	0.9121208692	0.0013658491	0.0593698152	0.0064961334
0	0.0316087579	0.3336982315	0.1416848138	0.4836049699	0.0094032270
1	0.0369680973	0.0190313878	0.0001368571	0.9305693946	0.0132942632
1	0.1753004823	0.4856983779	0.0138620507	0.3251390891	0.0000000000
1	0.2660571376	0.0054011397	0.0716694394	0.6305613507	0.0263109326
0	0.0093148039	0.0004787020	0.1860253653	0.7920368291	0.0121442998
0	0.0255379258	0.0016983673	0.0235685406	0.2068473277	0.7423478386
0	0.1378223697	0.0042954934	0.0000604790	0.8544471525	0.0033745054
0	0.0000000011	0.0160833052	0.0077264318	0.7784293180	0.1977609439
0	0.1567951837	0.1539457397	0.0095039215	0.3855786936	0.2941764614
0	0.9822294474	0.0000000000	0.0000033442	0.0089200711	0.0088471374
1	0.8816876299	0.0685922108	0.0181388261	0.0315813331	0.0000000000
0	0.0704126302	0.1028067413	0.6001251544	0.0754276346	0.1512278396
1	0.0000001348	0.0609006330	0.8002595729	0.1388396284	0.0000000310
1	0.0474105165	0.1642066048	0.0003935291	0.7879893496	0.0000000000
0	0.6496018680	0.0059124001	0.3189671774	0.0010820834	0.0244364711
2	0.0465511872	0.4406893419	0.0000000000	0.5127592532	0.0000002177
0	0.0016610417	0.2441391899	0.6190136322	0.1009587517	0.0342273845
0	0.0361326168	0.0857013290	0.0019874674	0.8312649792	0.0449136076
0	0.1962241839	0.0000000000	0.0105782114	0.7915894854	0.0016081193
0	0.0000000145	0.0439501605	0.8289427680	0.1009914488	0.0261156082
0	0.1755242901	0.1095797667	0.1149127509	0.0014622237	0.5985209686
0	0.0000000001	0.0000003953	0.0001442452	0.9931828519	0.0066725075
0	0.3720512695	0.4119479874	0.0223053131	0.1581446266	0.0355508034
0	0.0002267913	0.0513746654	0.0564796339	0.4371628597	0.4547560497
1	0.2798942300	0.0087946892	0.0000000005	0.7113110803	0.0000000000
1	0.0260490445	0.2670671374	0.0013078827	0.7053748139	0.0002011215
1	0.2457670516	0.3402130947	0.0000000000	0.4140198537	0.0000000000
0	0.0131978569	0.0065577066	0.1328424887	0.0030290464	0.8443729014
0	0.0234877480	0.2351225158	0.4554664497	0.2859232866	0.0000000000
1	0.2998996337	0.7000974365	0.0000000001	0.0000029296	0.0000000000
