0	0.2110595552	0.0744774902	0.7144629546
0	0.3704963264	0.6295036733	0.0000000003
0	0.0000000000	0.1255144189	0.8744855811
0	0.6644974481	0.2674031617	0.0680993902
0	0.9664359389	0.0173460484	0.0162180126
0	0.9980665397	0.0019334603	0.0000000000
0	0.1379473547	0.8115978927	0.0504547526
0	0.0362356262	0.0527360758	0.9110282980
0	0.2869345329	0.0000000000	0.7130654671
0	0.0580206243	0.0001078995	0.9418714762
0	0.1076959223	0.5388968215	0.3534072562
0	0.7505664369	0.2376639039	0.0117696592
0	0.8816904626	0.0422044223	0.0761051151
1	0.9999595855	0.0000000374	0.0000403771
0	0.7615962144	0.0764186860	0.1619850996
2	0.0372410500	0.1024998648	0.8602590853
0	0.2693614081	0.0000857087	0.7305528832
0	0.9048086475	0.0108873582	0.0843039943
0	0.9152985522	0.0014849502	0.0832164976
0	0.9843852360	0.0089968132	0.0066179508
1	0.8846672601	0.0000576644	0.1152750755
0	0.1632486897	0.3904284598	0.4463228505
0	0.1613596929	0.0139482964	0.8246920106
0	0.0001349642	0.1691678844	0.8306971514
0	0.2104521916	0.0456819035	0.7438659050
0	0.0185434974	0.9809724469	0.0004840557
0	0.6507953096	0.2156479036	0.1335567867
0	0.0000003096	0.0000010594	0.9999986310
1	0.0000000003	0.0002640850	0.9997359147
1	0.0337395656	0.0000000000	0.9662604344
0	0.0000000000	0.9823066334	0.0176933666
0	0.0190185822	0.6606393322	0.3203420856
0	0.1246673319	0.2887021647	0.5866305034
0	0.0219156348	0.0207368560	0.9573475091
0	0.9111479327	0.0748823426	0.0139697247
0	0.9975224459	0.0002803873	0.0021971669
1	0.9016971596	0.0776992688	0.0206035716
0	0.0175609157	0.0730706876	0.9093683967
0	0.1690252793	0.8309747201	0.0000000006
0	0.1843993098	0.8150644744	0.0005362157
0	0.5229526007	0.0192358990	0.4578115003
0	0.0288875572	0.5254156180	0.4456968248
0	0.8883667063	0.1104644858	0.0011688079
0	0.5204711934	0.4795287447	0.0000000620
0	0.4037951829	0.5962048171	0.0000000001
0	0.5218912463	0.3417974547	0.1363112991
0	0.8984709577	0.0192958140	0.0822332283
0	0.8498433176	0.0112364810	0.1389202014
1	0.9017509696	0.0085889416	0.0896600888
0	0.3268322849	0.0060213307	0.6671463844
0	0.8628762582	0.0463167531	0.0908069887
0	0.1710097718	0.2117088274	0.6172814008
0	0.0000000438	0.8122497100	0.1877502462
0	0.4219314267	0.5752932651	0.0027753082
0	0.9931090785	0.0000307608	0.0068601607
0	0.1917944439	0.6552963608	0.1529091953
0	0.0203821715	0.9788763905	0.0007414380
0	0.6504443927	0.0492626018	0.3002930055
0	0.1504630608	0.7668200292	0.0827169099
0	0.5792735244	0.2192596409	0.2014668347
1	0.4226555750	0.3104403356	0.2669040894
0	0.0013537322	0.0000000000	0.9986462678
1	0.7072555732	0.2792661511	0.0134782757
0	0.7444362643	0.1191957491	0.1363679866
0	0.5948482654	0.0000008653	0.4051508694
0	0.9802417456	0.0039967826	0.0157614718
0	0.1849038703	0.7880320782	0.0270640514
0	0.6629338323	0.0012026667	0.3358635010
0	0.7000166605	0.2981146297	0.0018687097
0	0.9928104321	0.0006307928	0.0065587751
1	0.4793750780	0.0255978504	0.4950270716
0	0.5998631503	0.1471612649	0.2529755848
0	0.1765838029	0.0430139676	0.7804022295
0	0.6116785928	0.0354062913	0.3529151159
0	0.0071244980	0.4354709678	0.5574045342
0	0.1338671682	0.8635056917	0.0026271401
0	0.9618199647	0.0149526325	0.0232274029
0	0.4528416522	0.0755505583	0.4716077895
0	0.9980390300	0.0000000000	0.0019609700
0	0.0038024020	0.5278460714	0.4683515267
1	0.6856975150	0.3143024562	0.0000000288
0	0.4292965395	0.0492809471	0.5214225134
0	0.3687759034	0.0003664135	0.6308576831
0	0.2468065314	0.6875784087	0.0656150599
1	0.8403829549	0.1594262054	0.0001908396
0	0.0304563101	0.0118041675	0.9577395225
0	0.0610301715	0.8291377375	0.1098320910
0	0.9756563740	0.0243436260	0.0000000000
0	0.3890812411	0.2593324403	0.3515863186
0	0.7182569593	0.1014199104	0.1803231303
0	0.4052916612	0.2913775858	0.3033307530
1	0.0010311964	0.0823309982	0.9166378054
0	0.4165929170	0.0002165554	0.5831905275
0	0.8888583846	0.0493796784	0.0617619369
0	0.0000070186	0.8314543423	0.1685386391
0	0.5892357785	0.0000000000	0.4107642215
0	0.9128589702	0.0702214717	0.0169195582
0	0.3260349404	0.4555803022	0.2183847575
0	0.9986922614	0.0013073158	0.0000004228
0	0.9714294785	0.0000442091	0.0285263125
