0	0.4600375345	0.2201075786	0.3198548869
2	0.1789283615	0.1895997038	0.6314719347
0	0.2682130803	0.3094397264	0.4223471932
0	0.9623902305	0.0000000524	0.0376097171
0	0.2576774056	0.7138385289	0.0284840655
0	0.2567255492	0.2492687884	0.4940056624
0	0.6110755415	0.0003784098	0.3885460487
0	0.3767008019	0.4283757220	0.1949234761
0	0.0000061405	0.6648971820	0.3350966775
0	0.3453150451	0.0650929252	0.5895920297
0	0.6221911667	0.0010270021	0.3767818312
0	0.9996433469	0.0000036557	0.0003529974
0	0.1350674581	0.3842891269	0.4806434150
0	0.2122095559	0.0907912841	0.6969991600
0	0.2387290444	0.1371179565	0.6241529991
1	0.9635613012	0.0294957410	0.0069429578
0	0.6892939079	0.2433557925	0.0673502996
0	0.0783718523	0.9195401060	0.0020880418
0	0.3171120241	0.0802391869	0.6026487890
0	0.7999909503	0.1004508511	0.0995581986
0	0.0004717401	0.2437743807	0.7557538792
0	0.0449629493	0.9483038723	0.0067331783
0	0.3775319014	0.6221365491	0.0003315495
0	0.1621748564	0.0254675557	0.8123575879
0	0.0000061725	0.0208058028	0.9791880247
0	0.8788926130	0.0560463156	0.0650610713
0	0.1142498350	0.2190931871	0.6666569779
0	0.3545693508	0.1998454572	0.4455851921
0	0.0000037010	0.0954814639	0.9045148351
1	0.0024798432	0.1462123515	0.8513078053
0	0.1507122133	0.0000000000	0.8492877867
1	0.7779901314	0.1122556257	0.1097542430
1	0.0150887225	0.8220292763	0.1628820012
1	0.0000034892	0.6848303046	0.3151662062
0	0.9500875300	0.0000499179	0.0498625521
0	0.4919374473	0.5019176789	0.0061448738
1	0.0010635152	0.0401243972	0.9588120876
0	0.1453124915	0.2141028668	0.6405846417
0	0.4388791393	0.0087605263	0.5523603343
0	0.9166041225	0.0833500286	0.0000458489
0	0.4673498512	0.5319316381	0.0007185107
0	0.0150906803	0.5836926864	0.4012166334
0	0.2933023306	0.0000000008	0.7066976686
0	0.9138514166	0.0000673663	0.0860812171
0	0.4224517578	0.1119898662	0.4655583760
0	0.0123538834	0.5710267066	0.4166194101
0	0.2273362051	0.5343679596	0.2382958353
0	0.2491129527	0.6400739389	0.1108131084
0	0.0014448024	0.2046009939	0.7939542037
0	0.4361305781	0.0000000000	0.5638694219
0	0.7871231019	0.0839378694	0.1289390287
0	0.0004585734	0.7420782030	0.2574632235
0	0.1218248544	0.0031835850	0.8749915606
0	0.0014462564	0.0000001319	0.9985536117
0	0.0954250557	0.9044032394	0.0001717049
0	0.0105259760	0.1813522428	0.8081217812
0	0.0818057162	0.0000005500	0.9181937338
0	0.6300635557	0.1951330970	0.1748033473
0	0.9242800957	0.0111139750	0.0646059293
0	0.9657447528	0.0117762058	0.0224790414
0	0.8552425521	0.1447574479	0.0000000000
0	0.6716192589	0.0000000000	0.3283807411
0	0.0375962370	0.9141161455	0.0482876175
0	0.0000075353	0.4009566955	0.5990357691
0	0.4919039204	0.0003556162	0.5077404634
0	0.0233671604	0.6434974372	0.3331354024
0	0.8607103656	0.0954650487	0.0438245857
0	0.0842818827	0.1176452345	0.7980728828
0	0.1389912144	0.3022996577	0.5587091279
0	0.0060097603	0.0140141662	0.9799760735
0	0.2150354541	0.0000053524	0.7849591935
0	0.6943807728	0.2168956828	0.0887235444
0	0.1598109305	0.0024915118	0.8376975577
0	0.1123066944	0.8156298412	0.0720634645
0	0.6286521305	0.3490388666	0.0223090028
0	0.0092503680	0.2659880519	0.7247615801
0	0.0562593679	0.0919991212	0.8517415110
0	0.0034577775	0.0009014953	0.9956407272
0	0.5088843391	0.4911155785	0.0000000824
0	0.0203026364	0.0002718895	0.9794254742
0	0.8655070143	0.0283827325	0.1061102532
0	0.4287520646	0.1670801121	0.4041678233
0	0.3468764289	0.0009906740	0.6521328971
1	0.8974321496	0.0011482279	0.1014196226
0	0.6399065615	0.0027745560	0.3573188825
0	0.2916479877	0.0759493656	0.6324026467
0	0.7779138969	0.2148975876	0.0071885156
0	0.0175050471	0.0642242338	0.9182707190
0	0.9358693629	0.0004686891	0.0636619481
0	0.2856263648	0.6654027108	0.0489709243
0	0.0818478273	0.0582831455	0.8598690272
0	0.6688659124	0.0009925933	0.3301414943
0	0.1639305037	0.6317555084	0.2043139879
0	0.6257489293	0.3453090783	0.0289419923
0	0.0507145947	0.9190431983	0.0302422070
0	0.5005188535	0.4827790194	0.0167021271
0	0.2690515355	0.0002716266	0.7306768379
0	0.6626190975	0.2735565066	0.0638243960
0	0.2113919402	0.0313908138	0.7572172460
0	0.1117417057	0.0691423931	0.8191159012
