1	0.6465783654	0.1820431924	0.1713784422
0	0.0000000000	1.0000000000	0.0000000000
0	0.0052822224	0.0004037275	0.9943140501
0	0.0000022454	0.0940885784	0.9059091762
1	0.6974165958	0.0076820529	0.2949013513
0	0.0356382345	0.0859976907	0.8783640749
0	0.0009823243	0.3393734866	0.6596441891
0	0.0000308591	0.0507829017	0.9491862392
0	0.0000025412	0.0456398719	0.9543575870
0	0.0792464679	0.0745367547	0.8462167773
0	0.3141297875	0.6031398083	0.0827304042
0	0.1193721753	0.7768878614	0.1037399633
0	0.7356985103	0.0225012532	0.2418002365
0	0.0011922904	0.0000228834	0.9987848262
0	0.0327347164	0.9672652835	0.0000000001
0	0.0728135301	0.9037480978	0.0234383721
1	0.0000008118	0.9998660180	0.0001331702
0	0.0028379849	0.0851550708	0.9120069443
0	0.1103270057	0.1461619511	0.7435110432
0	0.9153084886	0.0000000000	0.0846915114
0	0.8034091803	0.0364036458	0.1601871738
0	0.0000023697	0.9538829536	0.0461146767
0	0.0051208917	0.6337101279	0.3611689803
0	0.5011830383	0.0233586855	0.4754582762
0	0.4875226545	0.3031373553	0.2093399902
0	0.1320577064	0.1796513643	0.6882909293
0	0.2558456876	0.3022560388	0.4418982736
0	0.9999636427	0.0000000002	0.0000363571
0	0.0222366614	0.0149527912	0.9628105474
0	0.0002388709	0.9997611291	0.0000000000
0	0.0874034690	0.9125651530	0.0000313780
0	0.9269710112	0.0050109284	0.0680180604
0	0.0002818987	0.1444589064	0.8552591948
0	0.0044321644	0.4809760647	0.5145917708
0	0.0001856690	0.0048478853	0.9949664457
0	0.0000026359	0.8353032588	0.1646941052
0	0.0000000000	0.0524631107	0.9475368893
0	0.0015936889	0.4780387068	0.5203676043
0	0.0546422051	0.5800378157	0.3653199793
0	0.1293963399	0.8372898399	0.0333138202
0	0.9142527863	0.0769998522	0.0087473615
0	0.3216407291	0.1660337214	0.5123255496
0	0.0458774181	0.2587536342	0.6953689477
0	0.0000000000	0.0206103843	0.9793896157
0	0.0000000000	0.0280413723	0.9719586277
0	0.0751688159	0.0329806398	0.8918505443
0	0.5405216734	0.4542604552	0.0052178714
0	0.0533259361	0.1956877613	0.7509863025
0	0.1984685220	0.0002255682	0.8013059098
1	0.0509145154	0.2799402840	0.6691452006
0	0.0000048071	0.0010465595	0.9989486334
0	0.4309469727	0.4709341398	0.0981188875
0	0.0000000000	0.0949081217	0.9050918783
0	0.0001183688	0.1811710573	0.8187105740
1	0.7692701990	0.1723988295	0.0583309715
0	0.4287308511	0.0310523147	0.5402168342
0	0.0018887270	0.0496418978	0.9484693752
0	0.2480506257	0.5114593747	0.2404899995
0	0.0023022982	0.1245156483	0.8731820535
0	0.0007124961	0.0405545773	0.9587329266
0	0.0892537242	0.5464847736	0.3642615022
1	0.0653944821	0.9304565520	0.0041489659
0	0.0019625595	0.0000000381	0.9980374024
1	0.0000664619	0.8662224549	0.1337110831
0	0.9538385025	0.0423787154	0.0037827821
0	0.0000077641	0.0197703380	0.9802218979
0	0.0060239494	0.2013369655	0.7926390851
0	0.0925457689	0.2395601303	0.6678941008
0	0.0000127728	0.9390236727	0.0609635545
0	0.1788506487	0.8211404866	0.0000088647
0	0.4018112481	0.0017102366	0.5964785153
0	0.1814810919	0.3073246740	0.5111942341
0	0.2788380327	0.0000380564	0.7211239109
0	0.0000002642	0.6305167815	0.3694829542
0	0.0075991368	0.1088785150	0.8835223483
0	0.0000000000	0.8955688325	0.1044311675
0	0.4473414915	0.0120543196	0.5406041889
0	0.2829487327	0.0000004262	0.7170508410
0	0.0000036198	0.0006626825	0.9993336977
0	0.3416835729	0.2113286248	0.4469878023
0	0.0000000000	0.0099970462	0.9900029538
2	0.0672282623	0.0768478011	0.8559239366
0	0.9338132472	0.0000000000	0.0661867528
0	0.9929241000	0.0000006025	0.0070752974
0	0.0206683393	0.3982757805	0.5810558803
0	0.9364378741	0.0025854054	0.0609767206
1	0.0082427130	0.7255386721	0.2662186149
0	0.0000000207	0.8321759800	0.1678239993
0	0.0081285203	0.1645151871	0.8273562926
0	0.1474353449	0.5568929262	0.2956717288
0	0.1336979263	0.3016040673	0.5646980063
0	0.5421700762	0.4533266175	0.0045033063
0	0.0191283025	0.9808601388	0.0000115587
0	0.1350182022	0.0932459541	0.7717358437
0	0.0001572948	0.9191432338	0.0806994714
1	0.0853176712	0.0986632861	0.8160190428
0	0.0000017962	0.9999982038	0.0000000000
0	0.5257213289	0.4619791167	0.0122995544
1	0.0594418757	0.3133366450	0.6272214794
0	0.0035250165	0.9849776017	0.0114973818
