0	0.2587924975	0.0019841097	0.7392233928
0	0.9125689396	0.0000109191	0.0874201412
0	0.8221793912	0.1778193420	0.0000012668
0	0.4945501741	0.5010550578	0.0043947682
0	0.0418069512	0.1297828417	0.8284102071
0	0.4557833496	0.0009650343	0.5432516161
0	0.2467595683	0.0397163213	0.7135241104
0	0.7098035401	0.0171733388	0.2730231210
0	0.9625064533	0.0184235111	0.0190700356
0	0.8705104576	0.1274110689	0.0020784735
0	0.8784624294	0.0050952017	0.1164423690
0	0.2595178047	0.0209835636	0.7194986318
0	0.0361438614	0.0000094486	0.9638466901
0	0.4554778603	0.0012484596	0.5432736801
0	0.2839792779	0.4175810778	0.2984396443
0	0.1846878605	0.2206837723	0.5946283673
0	0.9781014617	0.0000000000	0.0218985383
0	0.8212780986	0.0351997220	0.1435221793
0	0.9150021457	0.0350495259	0.0499483284
0	0.2614344366	0.0309896365	0.7075759268
0	0.0273863512	0.1641357672	0.8084778816
0	0.5813057272	0.4123465102	0.0063477625
0	0.3618640474	0.3706462159	0.2674897367
1	0.0105673282	0.0000325258	0.9894001459
0	0.3694549832	0.0000037933	0.6305412235
0	0.8586045798	0.1413954202	0.0000000000
0	0.5249729130	0.0000577605	0.4749693265
0	0.7520113704	0.2142178883	0.0337707413
0	0.9332897715	0.0004137202	0.0662965083
0	0.4429385437	0.0080640238	0.5489974325
0	0.6576943205	0.3012942126	0.0410114670
0	0.8338005915	0.0019432935	0.1642561150
0	0.7305953670	0.2672741528	0.0021304802
0	0.3861103047	0.0000000000	0.6138896953
0	0.0512900666	0.7035142255	0.2451957078
1	0.7041261697	0.2836077015	0.0122661288
0	0.8753426934	0.1147336093	0.0099236973
2	0.8463747290	0.1509354291	0.0026898418
0	0.0144452230	0.9799459979	0.0056087792
0	0.1922557756	0.8077207151	0.0000235093
0	0.9953137498	0.0046861812	0.0000000690
0	0.0006477294	0.2617914514	0.7375608192
0	0.3197321853	0.1589858238	0.5212819909
0	0.5645347362	0.2170063953	0.2184588685
0	0.1327028592	0.3576233612	0.5096737795
0	0.9595637082	0.0404362917	0.0000000001
0	0.4746785822	0.2837743635	0.2415470543
0	0.2679378007	0.7317855035	0.0002766957
0	0.9562974882	0.0000002705	0.0437022413
0	0.5073671637	0.1104916333	0.3821412030
0	0.2940484676	0.4091479648	0.2968035675
0	0.1693184893	0.0009945572	0.8296869535
0	0.0000000001	0.0779696876	0.9220303123
0	0.4879264536	0.1035628843	0.4085106622
0	0.9479876150	0.0038398949	0.0481724902
0	0.0020071066	0.8644703449	0.1335225485
0	0.0270267277	0.9656745646	0.0072987077
0	0.3259817630	0.4190728595	0.2549453775
0	0.9729506196	0.0270493804	0.0000000000
0	0.6978081065	0.1469071885	0.1552847050
0	0.7425372353	0.0375326102	0.2199301545
0	0.2746348556	0.6392450848	0.0861200596
0	0.6900690650	0.0067242682	0.3032066668
0	0.9505064241	0.0494935759	0.0000000000
0	0.0000000000	0.5870149880	0.4129850120
0	0.9646005944	0.0281499529	0.0072494527
0	0.0830095235	0.0000200918	0.9169703847
0	0.0000019251	0.4503254860	0.5496725889
0	0.6698707997	0.0069237463	0.3232054539
0	0.7903745088	0.2035902357	0.0060352555
0	0.6395074883	0.1673327571	0.1931597546
0	0.1154652038	0.0185811196	0.8659536766
0	0.9032660672	0.0514634219	0.0452705108
0	0.3795127586	0.6045152046	0.0159720368
0	0.2671780769	0.7318037862	0.0010181368
1	0.2225176486	0.6949066084	0.0825757430
0	0.3950607657	0.5312124824	0.0737267519
0	0.1080999069	0.3789178160	0.5129822771
0	0.9912576093	0.0030337349	0.0057086558
1	0.6068778657	0.0081834601	0.3849386742
0	0.0792958664	0.6180073519	0.3026967816
0	0.9963275066	0.0000000000	0.0036724934
0	0.0213867302	0.0005946212	0.9780186486
0	0.0000000000	0.1494198715	0.8505801285
0	0.3723413269	0.2098585441	0.4178001291
0	0.0105916113	0.4004570154	0.5889513733
0	0.7904789340	0.0172707941	0.1922502719
0	0.0051880046	0.6012307319	0.3935812635
0	0.3436377704	0.4503818747	0.2059803549
0	0.9997810413	0.0002189587	0.0000000000
0	0.9033777014	0.0000000002	0.0966222985
0	0.3810127494	0.3310930128	0.2878942378
0	0.1562925233	0.0124639677	0.8312435090
0	0.1308828913	0.6729122437	0.1962048649
0	0.7567772736	0.2215570782	0.0216656481
0	0.1483631897	0.0634686701	0.7881681402
0	0.2286617090	0.4497305424	0.3216077486
0	0.0000029615	0.0265038946	0.9734931438
0	0.0620099685	0.8656707923	0.0723192392
1	0.9356900220	0.0602405903	0.0040693877
