0	0.9822946844	0.0168148154	0.0008905002
0	0.5920979409	0.0036686691	0.4042333900
0	0.9871744692	0.0110607754	0.0017647554
0	0.9389666474	0.0000000000	0.0610333526
1	0.1294619610	0.7106128523	0.1599251867
0	0.7793903961	0.0889150508	0.1316945531
1	0.0045310225	0.4356401680	0.5598288095
0	0.0281940588	0.0066040322	0.9652019091
0	0.0314073263	0.2951862053	0.6734064684
0	0.4423018749	0.5436156088	0.0140825163
0	0.9583771260	0.0331035585	0.0085193155
0	0.3773466910	0.0304173603	0.5922359487
0	0.0103503936	0.9853567559	0.0042928505
1	0.1215699831	0.0698942730	0.8085357439
0	0.0305090851	0.1542790694	0.8152118455
0	0.6698525973	0.3268314828	0.0033159198
0	0.0000000001	0.5422732637	0.4577267362
0	0.1705563475	0.2135777205	0.6158659320
0	0.0000150573	0.3485137509	0.6514711917
0	0.0291396134	0.0508054186	0.9200549680
0	0.0679694105	0.9320305895	0.0000000000
0	0.0000231880	0.4661921106	0.5337847014
0	0.0041891724	0.5034468500	0.4923639776
0	0.0394698311	0.2434017552	0.7171284137
1	0.9725879551	0.0000000000	0.0274120449
1	0.9820596472	0.0179354790	0.0000048738
0	0.1763164559	0.7392426413	0.0844409028
0	0.6728492119	0.2745010358	0.0526497523
1	0.5436657723	0.4463997976	0.0099344301
0	0.2176212492	0.2186399452	0.5637388056
0	0.9999999965	0.0000000000	0.0000000035
0	0.9588947006	0.0023872135	0.0387180858
0	0.0053956257	0.7788419733	0.2157624009
0	0.4286348069	0.0000000008	0.5713651924
0	0.0289922727	0.3985670409	0.5724406864
0	0.2142771236	0.1501212867	0.6356015897
0	0.7745979371	0.0285401834	0.1968618795
1	0.7584113754	0.2042338653	0.0373547593
0	0.0030252026	0.9662176589	0.0307571386
1	0.0424088497	0.6187579344	0.3388332159
0	0.6546067901	0.0004224623	0.3449707475
0	0.4939980537	0.0646538952	0.4413480510
0	0.9995948953	0.0000018096	0.0004032951
0	0.4856643047	0.0000000000	0.5143356952
0	0.8078897890	0.1919477882	0.0001624228
0	0.9831199665	0.0019736168	0.0149064167
0	0.4724621937	0.5269339401	0.0006038663
0	0.1198335587	0.4928850967	0.3872813446
0	0.3266724441	0.1332828677	0.5400446882
0	0.4597164465	0.5402685923	0.0000149612
0	0.9976068463	0.0000016106	0.0023915431
0	0.3315514338	0.6684485115	0.0000000547
0	0.5784947448	0.0000000000	0.4215052552
2	0.0439190644	0.3247825775	0.6312983581
0	0.0024358367	0.9928888681	0.0046752952
0	0.3458140855	0.4458585963	0.2083273182
0	0.1964735029	0.0323358455	0.7711906516
0	0.8774061459	0.0609214592	0.0616723949
0	0.4774712672	0.0000000003	0.5225287324
0	0.0619987871	0.0008755745	0.9371256384
0	0.0532612334	0.8310431473	0.1156956192
0	0.5553409937	0.2156396697	0.2290193365
0	0.0002399119	0.0000000000	0.9997600881
0	0.5188200257	0.0000347885	0.4811451858
0	0.0843688598	0.0072381835	0.9083929567
0	0.9983761019	0.0008208539	0.0008030442
1	0.0019332046	0.2276329992	0.7704337962
0	0.4949386861	0.0129722701	0.4920890438
0	0.2012904400	0.0003690212	0.7983405388
0	0.0560588553	0.9436444470	0.0002966977
0	0.2148322031	0.2029473434	0.5822204535
0	0.4010295443	0.0203092960	0.5786611597
0	0.2224972177	0.4428414201	0.3346613623
0	0.2177895757	0.1244465023	0.6577639220
0	0.1282275939	0.2526094736	0.6191629325
1	0.4003273981	0.5996726019	0.0000000000
0	0.0999152383	0.8911739366	0.0089108251
0	0.3345201625	0.6570734435	0.0084063940
0	0.9526806501	0.0009775721	0.0463417778
0	0.9714744100	0.0238187730	0.0047068169
0	0.9025721803	0.0974275839	0.0000002357
0	0.6390810722	0.2078216695	0.1530972583
0	0.5263084339	0.4736732602	0.0000183059
0	0.9694955824	0.0304516697	0.0000527479
0	0.5180342367	0.4361427723	0.0458229910
0	0.0000003987	0.6269338653	0.3730657359
1	0.5393321069	0.2923107339	0.1683571592
1	0.6351671584	0.1318421991	0.2329906424
0	0.2158871184	0.5526401367	0.2314727448
0	0.0000000129	0.9998366661	0.0001633211
0	0.0038999034	0.9957000609	0.0004000356
0	0.2518688208	0.1408057368	0.6073254424
0	0.4320991360	0.1385909243	0.4293099397
0	0.3343290798	0.3141604239	0.3515104963
1	0.5382707361	0.0067272492	0.4550020146
0	0.3310742468	0.0013839004	0.6675418528
1	0.6291900844	0.0024706706	0.3683392450
0	0.6989227309	0.1340648669	0.1670124021
0	0.4716227364	0.2572945618	0.2710827019
1	0.0030708414	0.3959119512	0.6010172074
