0	0.5141569162	0.3947657160	0.0910773678
0	0.0000000000	0.3955360292	0.6044639708
0	0.0612738204	0.0744097934	0.8643163862
0	0.0000001324	0.0612760223	0.9387238453
2	0.1970624476	0.7908952054	0.0120423470
0	0.8553494959	0.0009525542	0.1436979499
0	0.0256309209	0.4502481237	0.5241209554
0	0.0144238082	0.0012798563	0.9842963355
0	0.7604840749	0.2233502592	0.0161656659
0	0.1652691790	0.7684572011	0.0662736199
0	0.1013387865	0.2504369448	0.6482242688
0	0.0000000104	0.9008303193	0.0991696704
0	0.0762995687	0.1665647844	0.7571356468
0	0.4659019542	0.4274594223	0.1066386236
0	0.0000732396	0.0925089671	0.9074177933
0	0.0000429286	0.4032302189	0.5967268525
0	0.0002716458	0.1337256520	0.8660027021
0	0.0012166442	0.5892925523	0.4094908036
0	0.0289917188	0.1026838894	0.8683243919
0	0.4293851086	0.1195860609	0.4510288305
0	0.0101340469	0.0000000000	0.9898659531
0	0.0016172065	0.4916391430	0.5067436505
0	0.0000000005	0.9996234450	0.0003765545
0	0.0605991288	0.0209960948	0.9184047764
0	0.1816406763	0.0808738618	0.7374854619
0	0.0000059239	0.8082188806	0.1917751955
0	0.0005032151	0.8828792252	0.1166175597
0	0.0000000000	0.0702015931	0.9297984068
0	0.0288482452	0.0360900900	0.9350616649
0	0.0000028793	0.9449141687	0.0550829520
0	0.0000040997	0.5632614335	0.4367344668
0	0.0000670647	0.9730866981	0.0268462371
0	0.0000009505	0.0672140579	0.9327849917
0	0.8184144388	0.0045864243	0.1769991369
0	0.0000437062	0.3204739771	0.6794823166
0	0.1149414422	0.3646289281	0.5204296297
0	0.4589701274	0.1300127570	0.4110171156
0	0.2177199326	0.3898292550	0.3924508124
0	0.1220263677	0.0433007103	0.8346729219
0	0.0267876899	0.2277206998	0.7454916102
0	0.5204132480	0.4791838667	0.0004028853
0	0.0937958212	0.8669184444	0.0392857344
0	0.0005342196	0.0174091088	0.9820566717
0	0.0426714370	0.6366169638	0.3207115992
0	0.0056268160	0.1706007599	0.8237724241
0	0.0039199396	0.6301399659	0.3659400944
0	0.7052255921	0.2813274980	0.0134469099
0	0.1178424999	0.3615495124	0.5206079877
0	0.0046799099	0.2644556784	0.7308644116
0	0.0000000000	0.0000000061	0.9999999939
0	0.1582405110	0.0000048109	0.8417546781
0	0.0191320428	0.0752099036	0.9056580536
0	0.7120290313	0.0629448043	0.2250261644
1	0.1237963297	0.6502483682	0.2259553021
0	0.6621566840	0.0341570820	0.3036862339
0	0.1134988154	0.0301818255	0.8563193591
1	0.0000000000	0.4562901317	0.5437098683
0	0.0116553665	0.9879025840	0.0004420495
0	0.0060134613	0.0426477071	0.9513388316
0	0.0492481903	0.7608238750	0.1899279347
0	0.0096802994	0.0000001155	0.9903195851
0	0.0014435554	0.2781316035	0.7204248411
0	0.0090859154	0.9900895129	0.0008245717
0	0.0640665960	0.3731194884	0.5628139156
0	0.0047504349	0.0015113211	0.9937382440
0	0.0000001456	0.8445900942	0.1554097601
0	0.0116375874	0.1085904940	0.8797719186
1	0.1231142204	0.5532163054	0.3236694743
0	0.6080061676	0.3719706180	0.0200232144
0	0.6358804899	0.3399432128	0.0241762973
0	0.2491469153	0.4079193606	0.3429337242
0	0.3585889247	0.4917553409	0.1496557344
0	0.0092067197	0.0070265439	0.9837667364
0	0.2461745237	0.4729608358	0.2808646405
0	0.0000053194	0.4334318777	0.5665628029
0	0.0000000000	0.3526148694	0.6473851306
0	0.5230506960	0.0000125162	0.4769367877
0	0.0153691731	0.1104224716	0.8742083553
0	0.2565411762	0.0166019697	0.7268568541
0	0.5925789516	0.0689200148	0.3385010336
0	0.0061476880	0.4701590001	0.5236933119
0	0.0000000000	0.0000541993	0.9999458007
0	0.0000621907	0.9113730962	0.0885647131
1	0.0000001452	0.3677750070	0.6322248478
0	0.0046423927	0.3929781265	0.6023794808
0	0.0000000000	0.4498343873	0.5501656127
1	0.5698406415	0.1539787397	0.2761806188
0	0.4009786806	0.5990205417	0.0000007777
0	0.0720384081	0.1520460901	0.7759155018
0	0.0405726679	0.1554082585	0.8040190737
0	0.0029863252	0.0002032690	0.9968104058
0	0.3143505626	0.0460108645	0.6396385729
0	0.0000116849	0.9974299156	0.0025583995
1	0.0723297940	0.4762573582	0.4514128478
0	0.0190156455	0.2230474562	0.7579368983
0	0.0000000369	0.9046238186	0.0953761444
0	0.0000000000	0.5637582630	0.4362417370
1	0.0074494858	0.2644860722	0.7280644420
0	0.0064702336	0.2110825744	0.7824471920
0	0.0002562002	0.9498232159	0.0499205839
