0	0.8839767744	0.0526255037	0.0633977220
0	0.0003397095	0.0893826615	0.9102776289
0	0.1022722680	0.1764920239	0.7212357081
0	0.0435773358	0.0458063617	0.9106163025
0	0.0514303625	0.7979965869	0.1505730506
0	0.3681539468	0.0007497671	0.6310962861
0	0.9203042450	0.0000084701	0.0796872849
0	0.0684003190	0.3233940090	0.6082056720
0	0.2863210278	0.2643617954	0.4493171769
0	0.8411164401	0.1588833668	0.0000001931
0	0.5273152319	0.0131046142	0.4595801539
0	0.2084203167	0.7915711397	0.0000085436
0	0.9943931532	0.0000184243	0.0055884225
0	0.8642444322	0.1282327956	0.0075227722
0	0.3347790321	0.0281550017	0.6370659662
1	0.5332573780	0.3593827159	0.1073599061
0	0.0023480148	0.9517236458	0.0459283394
0	0.0026501366	0.0000000004	0.9973498630
0	0.0000070016	0.9960548867	0.0039381117
0	0.4817921995	0.0000000000	0.5182078005
0	0.0250130671	0.2820397108	0.6929472221
0	0.7898217200	0.2090543131	0.0011239669
0	0.7942465496	0.2013788596	0.0043745909
0	0.9240945665	0.0368356530	0.0390697806
0	0.3445928180	0.5179392754	0.1374679066
0	0.0982462447	0.2365172010	0.6652365542
1	0.0006646770	0.0096125863	0.9897227367
0	0.3434922337	0.0000000000	0.6565077663
0	0.0000215615	0.7014516688	0.2985267698
0	0.2249705110	0.0000173419	0.7750121471
0	0.0000000000	0.8708374540	0.1291625460
0	0.8981284147	0.1018185938	0.0000529915
0	0.3915145207	0.4641857127	0.1442997666
0	0.4825450592	0.0000015325	0.5174534083
0	0.2246371924	0.0000000826	0.7753627250
0	0.9974696619	0.0000077142	0.0025226239
0	0.1384441716	0.7854337169	0.0761221115
0	0.1712248945	0.7387293920	0.0900457135
0	0.1274987578	0.4408739018	0.4316273405
0	0.0000000000	0.9513507056	0.0486492944
0	0.7032327817	0.0000000205	0.2967671978
0	0.0146989826	0.0230503167	0.9622507007
0	0.8730570796	0.0763386442	0.0506042762
0	0.4856276251	0.0000123671	0.5143600078
0	0.5032031343	0.0695475301	0.4272493355
0	0.7323002039	0.2669847423	0.0007150537
0	0.5136262576	0.2856702826	0.2007034598
0	0.0289039126	0.1145306479	0.8565654395
0	0.4272868494	0.5725819300	0.0001312206
0	0.9643488208	0.0000000000	0.0356511792
0	0.0188503486	0.1025234372	0.8786262142
0	0.0000000001	0.0758104656	0.9241895343
0	0.1335944942	0.0000012410	0.8664042648
0	0.6765434182	0.0000000000	0.3234565818
0	0.4699120789	0.0000000165	0.5300879046
0	0.0133592047	0.7429920689	0.2436487264
0	0.9124328544	0.0875671455	0.0000000001
0	0.2281123461	0.6552335153	0.1166541386
0	0.7818092609	0.1630839252	0.0551068139
0	0.0770011433	0.9229987644	0.0000000923
0	0.4488327215	0.0000002100	0.5511670685
0	0.2129035752	0.0069081523	0.7801882725
0	0.0000352434	0.2726268020	0.7273379546
0	0.3015689457	0.2885588366	0.4098722176
0	0.3439977117	0.0471124424	0.6088898459
0	0.0000006470	0.3828707442	0.6171286088
0	0.3826684629	0.0000000001	0.6173315370
0	0.0000000000	0.3091239568	0.6908760432
1	0.7588676423	0.1866484194	0.0544839383
0	0.0092616327	0.0010522054	0.9896861619
0	0.0000005739	0.7562342019	0.2437652242
0	0.9562310668	0.0000060932	0.0437628400
0	0.0115504804	0.9782406111	0.0102089085
0	0.0479391629	0.0080474902	0.9440133468
0	0.9636352214	0.0074511274	0.0289136513
0	0.4745467002	0.0074778637	0.5179754361
0	0.9728550545	0.0000477941	0.0270971514
0	0.1092596859	0.8112951557	0.0794451584
0	0.0015893749	0.1991399723	0.7992706527
0	0.9970451516	0.0017693682	0.0011854802
0	0.2744404308	0.0000032467	0.7255563225
0	0.2002815212	0.0029474162	0.7967710626
0	0.0135481479	0.4155376007	0.5709142514
0	0.0003727892	0.0213742151	0.9782529957
0	0.4617341917	0.5382658082	0.0000000001
0	0.6657948657	0.0805761356	0.2536289987
0	0.3592562354	0.0000007920	0.6407429727
0	0.0320724928	0.7831474163	0.1847800909
1	0.9716231971	0.0186679562	0.0097088467
0	0.0000000000	0.3380228064	0.6619771936
2	0.8231477569	0.0313803651	0.1454718781
0	0.9859483794	0.0015853215	0.0124662991
0	0.0233886475	0.2057371286	0.7708742239
0	0.8802494870	0.0515885290	0.0681619840
0	0.9923842378	0.0066865281	0.0009292341
0	0.9784775341	0.0000110669	0.0215113990
0	0.9938975840	0.0044677861	0.0016346299
0	0.0432248345	0.0188135942	0.9379615713
0	0.0000000045	0.0016172589	0.9983827366
0	0.0007184847	0.3256697972	0.6736117182
