0	0.4313746682	0.2115054862	0.3571198457
0	0.1286620470	0.8435540624	0.0277838906
0	0.9999948022	0.0000051977	0.0000000002
0	0.3688501669	0.6311468899	0.0000029432
0	0.0278070678	0.9721182175	0.0000747147
1	0.0692982576	0.9307004315	0.0000013109
0	0.4431842461	0.1675329837	0.3892827703
0	0.5824049461	0.2871840667	0.1304109872
1	0.0284359210	0.0000000000	0.9715640790
0	0.6716612803	0.1026573739	0.2256813458
0	0.6642944174	0.1064164154	0.2292891672
0	0.6746945608	0.1263268345	0.1989786047
0	0.1623306003	0.0048262279	0.8328431718
0	0.1624221972	0.7306663912	0.1069114116
0	0.8296069954	0.0050848594	0.1653081452
0	0.4564705740	0.0030657788	0.5404636472
0	0.8076886996	0.1193410972	0.0729702032
0	0.9245188484	0.0754811516	0.0000000000
0	0.2137049398	0.7263314111	0.0599636491
0	0.3509867093	0.1387925417	0.5102207490
0	0.4951392748	0.0002288130	0.5046319122
0	0.0005604255	0.0000428108	0.9993967636
0	0.9876358877	0.0123592463	0.0000048661
0	0.0947348214	0.9048023438	0.0004628348
1	0.3737160431	0.6262839355	0.0000000214
2	0.1373625590	0.6927476408	0.1698898002
0	0.9726635303	0.0000436161	0.0272928536
0	0.1611476977	0.2412532422	0.5975990600
0	0.0825179773	0.6291829068	0.2882991159
0	0.0617822980	0.6070042858	0.3312134162
0	0.0015489678	0.0000000364	0.9984509958
0	0.8085201498	0.0735964753	0.1178833749
0	0.3704309013	0.6252079432	0.0043611556
0	0.8754457977	0.0000000177	0.1245541846
0	0.8677412113	0.1272434322	0.0050153565
0	0.7129469173	0.0009083933	0.2861446894
0	0.2052593356	0.2210405963	0.5737000681
1	0.4999438808	0.2883503931	0.2117057261
1	0.2890511894	0.3536359153	0.3573128953
0	0.0001669353	0.4961085493	0.5037245154
1	0.9399608041	0.0000000000	0.0600391959
0	0.9674100045	0.0000003422	0.0325896533
0	0.2044585046	0.1493052567	0.6462362387
0	0.0088402580	0.6804233675	0.3107363745
0	0.9998116903	0.0001809691	0.0000073406
0	0.7069890040	0.2521167032	0.0408942927
0	0.6994204767	0.0747978707	0.2257816526
0	0.3216513086	0.0609165936	0.6174320978
1	0.4510791751	0.5007046849	0.0482161400
0	0.0949129906	0.3639559978	0.5411310115
0	0.1193057309	0.0308333822	0.8498608869
0	0.7811458483	0.0000000000	0.2188541517
0	0.9856464985	0.0001360896	0.0142174120
0	0.0675975678	0.0658224440	0.8665799883
0	0.1848300308	0.0280896762	0.7870802931
0	0.3612487806	0.1126078040	0.5261434153
0	0.9993394746	0.0001152477	0.0005452777
0	0.7981006161	0.1173649439	0.0845344400
0	0.4492806985	0.0002259068	0.5504933947
0	0.4420603228	0.5579393926	0.0000002846
0	0.9667519284	0.0003497320	0.0328983396
0	0.6487888336	0.0000016815	0.3512094849
0	0.8084056048	0.1888501395	0.0027442557
0	0.2946058332	0.1031421413	0.6022520255
0	0.5668514843	0.2910661330	0.1420823827
0	0.0175591489	0.0016815282	0.9807593228
0	0.0154157330	0.5889689117	0.3956153553
0	0.2806385085	0.4858726048	0.2334888867
0	0.2805225874	0.0888200003	0.6306574123
0	0.9998537277	0.0001462722	0.0000000002
0	0.9837340506	0.0000000000	0.0162659493
0	0.3897122416	0.2318190226	0.3784687358
0	0.1531551373	0.5636743546	0.2831705081
2	0.2763705504	0.0000001721	0.7236292775
0	0.0195170481	0.7190348181	0.2614481338
1	0.7561126523	0.0528974626	0.1909898850
0	0.4147854621	0.0291729363	0.5560416016
0	0.7666008226	0.1641344161	0.0692647613
0	0.0000009148	0.4344386030	0.5655604822
0	0.2172615781	0.4784569654	0.3042814565
1	0.6034510650	0.2760750008	0.1204739341
0	0.7178131028	0.0637507346	0.2184361626
0	0.7443146418	0.1442860814	0.1113992768
0	0.6662491616	0.1509644657	0.1827863727
0	0.2394789176	0.7605210824	0.0000000000
0	0.1922220594	0.0714691237	0.7363088169
0	0.9703573804	0.0000000000	0.0296426196
0	0.0711900385	0.0017733081	0.9270366534
0	0.0000005383	0.9995995285	0.0003999332
0	0.5680695718	0.0027287607	0.4292016675
0	0.8061705633	0.0000001346	0.1938293021
0	0.0011143574	0.3390467063	0.6598389363
0	0.0177028912	0.1328643442	0.8494327645
0	0.5955134668	0.0032820657	0.4012044675
0	0.0064817320	0.4133890171	0.5801292508
0	0.2859954202	0.7140045798	0.0000000000
0	0.0347750411	0.2785927263	0.6866322325
0	0.0304006631	0.9695993369	0.0000000000
0	0.0612601859	0.9386987812	0.0000410329
0	0.8933476427	0.0228648369	0.0837875204
