0	0.0759630950	0.0815410737	0.8424958312
0	0.4235256622	0.0717525054	0.5047218324
0	0.5456371825	0.0025469587	0.4518158588
0	0.1767184141	0.8232815633	0.0000000226
0	0.1209942941	0.8235100023	0.0554957036
0	0.0716962431	0.9177124415	0.0105913155
0	0.8756416980	0.0842331644	0.0401251376
0	0.6425308701	0.3563278483	0.0011412816
0	0.4070566180	0.5150348414	0.0779085406
0	0.0284628576	0.9715371424	0.0000000000
0	0.3090045172	0.6860735731	0.0049219098
0	0.5366395959	0.0503587788	0.4130016252
0	0.4520849705	0.0093363283	0.5385787012
0	0.3369968594	0.0062669217	0.6567362189
1	0.7054032341	0.1874780194	0.1071187466
0	0.1224062375	0.8775019685	0.0000917940
1	0.9485016192	0.0039905087	0.0475078721
1	0.0096200259	0.3002394939	0.6901404802
0	0.8262974765	0.0000000003	0.1737025232
0	0.6395931297	0.2985352155	0.0618716548
1	0.0000024313	0.1301675187	0.8698300501
0	0.6334967751	0.0000338024	0.3664694224
0	0.1403598826	0.1338491934	0.7257909240
0	0.0393891484	0.3166839120	0.6439269397
0	0.9170701139	0.0815048383	0.0014250478
0	0.9992696982	0.0007300837	0.0000002181
0	0.1118699174	0.0064783859	0.8816516967
0	0.0461859147	0.7196651707	0.2341489146
1	0.0452574544	0.5567440561	0.3979984895
0	0.0088908853	0.0507173514	0.9403917633
0	0.5122400994	0.3865454885	0.1012144121
0	0.0904754609	0.4365574970	0.4729670421
0	0.0004185518	0.9840743678	0.0155070804
0	0.2789089754	0.2113241349	0.5097668898
0	0.0597455946	0.8312305909	0.1090238145
0	0.0435341033	0.9104672408	0.0459986559
0	0.6471538655	0.0954730744	0.2573730601
0	0.0012619456	0.0679644227	0.9307736318
0	0.2306234188	0.0211969369	0.7481796443
0	0.0085305622	0.0554773541	0.9359920837
0	0.3769644718	0.6155581092	0.0074774189
1	0.6535977674	0.0019853630	0.3444168696
0	0.4081295389	0.5835108306	0.0083596304
0	0.0000000002	0.9213662879	0.0786337119
1	0.1124096830	0.3208221144	0.5667682026
0	0.0000010768	0.0057195939	0.9942793293
0	0.9671601846	0.0052456542	0.0275941612
1	0.9998920327	0.0000005263	0.0001074410
0	0.7133405706	0.1463911639	0.1402682655
0	0.7726619723	0.0000007522	0.2273372755
0	0.5183607693	0.4241908085	0.0574484222
0	0.9463924930	0.0000000454	0.0536074616
0	0.6844424929	0.3100835895	0.0054739177
1	0.6606835284	0.3011088876	0.0382075839
0	0.9421742844	0.0142714151	0.0435543005
0	0.6934638435	0.0025704340	0.3039657225
0	0.4834392016	0.5165607982	0.0000000002
0	0.0086744965	0.0001588060	0.9911666975
0	0.3695103559	0.0620760167	0.5684136274
0	0.8628441866	0.0000000000	0.1371558134
0	0.5589859116	0.0000974483	0.4409166402
0	0.0679000256	0.2243831949	0.7077167795
0	0.0567374550	0.0141320371	0.9291305079
0	0.0886403375	0.0000000218	0.9113596407
0	0.3066351830	0.0000000000	0.6933648170
0	0.1538308540	0.5897384656	0.2564306805
2	0.7632245447	0.2367754553	0.0000000000
0	0.5816919431	0.2415629170	0.1767451399
0	0.4608581640	0.0038953469	0.5352464891
0	0.9623895690	0.0320360996	0.0055743314
0	0.9831718489	0.0168186853	0.0000094658
1	0.2782874799	0.0475330313	0.6741794888
1	0.4710706994	0.4653626327	0.0635666679
0	0.0186445445	0.5754070165	0.4059484390
0	0.0641898176	0.7590172324	0.1767929500
0	0.7412966413	0.2085499232	0.0501534355
0	0.0005693049	0.0004457722	0.9989849230
0	0.0000003763	0.5110104338	0.4889891899
0	0.5763279548	0.0000002768	0.4236717684
0	0.8416221542	0.1582897793	0.0000880665
0	0.0595357747	0.8445237379	0.0959404873
0	0.0006037727	0.1196212377	0.8797749896
0	0.0184851306	0.1305137451	0.8510011243
0	0.0014189475	0.7893517201	0.2092293324
0	0.8411165222	0.0006772973	0.1582061805
1	0.8261032866	0.0000000095	0.1738967039
0	0.4345690647	0.0000000250	0.5654309104
1	0.9522524047	0.0000741264	0.0476734689
0	0.6719979830	0.2010157347	0.1269862823
0	0.0000293939	0.8731931926	0.1267774135
0	0.3393581709	0.0047068113	0.6559350177
0	0.7680373015	0.1877278570	0.0442348415
0	0.1053421793	0.8392169603	0.0554408604
0	0.0001975436	0.0972667800	0.9025356764
0	0.0611016402	0.0000487876	0.9388495722
0	0.5723620776	0.3042313116	0.1234066108
0	0.0629973686	0.0567313031	0.8802713283
0	0.4859032654	0.0006466678	0.5134500668
0	0.0225250620	0.0001864398	0.9772884982
1	0.0000000000	0.0054340193	0.9945659807
