0	0.2720963743	0.0000000000	0.7279036257
0	0.0103729646	0.9549988134	0.0346282219
1	0.2514938734	0.0606152567	0.6878908699
0	0.9572418303	0.0000190497	0.0427391200
0	0.8449817074	0.0904052234	0.0646130692
0	0.7011122318	0.2190721710	0.0798155972
0	0.8280910160	0.0481866259	0.1237223581
0	0.6369870246	0.0000000005	0.3630129748
0	0.3811272219	0.0254761580	0.5933966201
0	0.1509960885	0.7177657521	0.1312381594
0	0.3118409913	0.5224910620	0.1656679467
0	0.6547643359	0.3210175289	0.0242181353
0	0.2298123249	0.1693491960	0.6008384791
0	0.0001201634	0.8963614615	0.1035183751
0	0.8816109751	0.0000000000	0.1183890249
0	0.5112623122	0.3939450173	0.0947926705
0	0.8562093472	0.0000974640	0.1436931888
0	0.3182015718	0.3501434220	0.3316550061
0	0.3687029855	0.6306663157	0.0006306988
0	0.0140618140	0.0835738318	0.9023643542
0	0.2253731849	0.3821210864	0.3925057287
0	0.9989975682	0.0007306657	0.0002717661
0	0.2071988639	0.5502239245	0.2425772116
0	0.0047395192	0.0000000111	0.9952604697
0	0.0470825342	0.9410053070	0.0119121588
0	0.5477660551	0.2491405347	0.2030934102
0	0.5384688502	0.4615309310	0.0000002189
0	0.6286027516	0.1135798570	0.2578173914
0	0.6466850419	0.0000576392	0.3532573189
0	0.9384854487	0.0614768577	0.0000376935
0	0.0138992667	0.9860823119	0.0000184214
0	0.0747772874	0.9084699794	0.0167527332
0	0.2768816377	0.0000283765	0.7230899858
0	0.5102104021	0.4662827525	0.0235068454
0	0.0297297481	0.6865921853	0.2836780666
2	0.1169803618	0.7716155993	0.1114040389
0	0.1272296434	0.6074572765	0.2653130800
0	0.2081028810	0.5281936697	0.2637034493
0	0.2393473078	0.6141336857	0.1465190065
1	0.9279462508	0.0120728919	0.0599808573
0	0.8385260305	0.0671387246	0.0943352448
0	0.5455203482	0.0896019511	0.3648777007
1	0.7216813958	0.1983988001	0.0799198041
0	0.8039680802	0.0011460985	0.1948858213
0	0.6824396805	0.2814452324	0.0361150871
0	0.0001485892	0.9993659619	0.0004854489
0	0.8925148175	0.0458053578	0.0616798247
0	0.2714127786	0.2223267837	0.5062604377
0	0.0000000016	0.5386027970	0.4613972014
0	0.0000000229	0.9999999599	0.0000000172
0	0.0301804004	0.1126427446	0.8571768550
0	0.9384278431	0.0000059930	0.0615661640
0	0.1092137443	0.0180565269	0.8727297287
0	0.5447986882	0.0025405819	0.4526607299
0	0.7056123133	0.0001382271	0.2942494596
0	0.0218625798	0.0205520731	0.9575853471
0	0.0210434355	0.0446790671	0.9342774974
0	0.8358357491	0.0298380450	0.1343262059
1	0.1228687317	0.0000000000	0.8771312683
1	0.4904588051	0.3613050853	0.1482361096
0	0.0289480316	0.0375626792	0.9334892892
0	0.2796356218	0.0000032153	0.7203611628
0	0.0795662907	0.0744620857	0.8459716236
1	0.7804616201	0.0096877164	0.2098506635
0	0.0001497355	0.0001369643	0.9997133002
0	0.7974891410	0.0440542055	0.1584566534
0	0.0000000003	0.0009456810	0.9990543187
0	0.2728738536	0.0007921988	0.7263339477
0	0.1489068074	0.8215104046	0.0295827880
0	0.8518607220	0.0030972572	0.1450420208
0	0.7349998219	0.2641959941	0.0008041840
0	0.3484182575	0.6515443764	0.0000373661
0	0.9327039916	0.0672809820	0.0000150263
0	0.5836882642	0.4101420459	0.0061696899
1	0.1259609319	0.7710816257	0.1029574424
0	0.6939545493	0.2202013365	0.0858441142
1	0.7664490158	0.0396935930	0.1938573912
1	0.5582641048	0.3235703997	0.1181654955
0	0.0153891762	0.7532480257	0.2313627981
0	0.9951702466	0.0027934731	0.0020362802
0	0.5085776755	0.3372780156	0.1541443089
0	0.0807691981	0.0000170932	0.9192137088
2	0.2198813674	0.0283678962	0.7517507364
0	0.4498146703	0.4122299894	0.1379553402
0	0.0080165364	0.0006342311	0.9913492325
0	0.7806136671	0.0053484712	0.2140378617
0	0.8818768072	0.0473301812	0.0707930116
0	0.4606422818	0.5384581607	0.0008995575
0	0.4826080317	0.5173552908	0.0000366776
0	0.0414992602	0.1707652101	0.7877355297
1	0.6269670813	0.0000274980	0.3730054207
0	0.3205687454	0.0479598441	0.6314714105
0	0.0210598869	0.9327301256	0.0462099875
0	0.9529704299	0.0095018802	0.0375276898
0	0.8527413421	0.0211258365	0.1261328214
0	0.1258578691	0.8480338086	0.0261083222
0	0.3295037170	0.6399940988	0.0305021841
0	0.0254188282	0.3375087570	0.6370724148
0	0.1734155582	0.4637567109	0.3628277310
1	0.6797427921	0.2914064025	0.0288508054
