0	0.8715482836	0.0548748018	0.0735769145
0	0.2943940077	0.0006456699	0.7049603224
0	0.9012391392	0.0969539858	0.0018068750
0	0.8446274621	0.0736695653	0.0817029726
0	0.7779622880	0.1840626395	0.0379750726
0	0.2397424829	0.5824931958	0.1777643213
0	0.0000000000	0.0144623109	0.9855376891
0	0.3310770420	0.1667138642	0.5022090938
0	0.4137057882	0.0018871557	0.5844070561
0	0.0382724423	0.9617274977	0.0000000600
0	0.4652281176	0.0000210169	0.5347508656
1	0.7509982667	0.0181035293	0.2308982040
0	0.7408869116	0.0169489604	0.2421641280
0	0.3157484265	0.0588391850	0.6254123885
1	0.0052995927	0.0009382942	0.9937621130
0	0.0309221745	0.0000000030	0.9690778225
0	0.9590858512	0.0000005610	0.0409135877
0	0.3946670256	0.4181986393	0.1871343351
0	0.8268640954	0.0351131413	0.1380227634
0	0.9563102487	0.0000000000	0.0436897513
0	0.2271674959	0.3706435504	0.4021889536
0	0.0039611787	0.4745963719	0.5214424494
0	0.0000000005	0.8933287171	0.1066712824
0	0.7747573527	0.2252426473	0.0000000000
0	0.9332367609	0.0667556843	0.0000075548
1	0.6414410576	0.0409736293	0.3175853130
0	0.7463093150	0.0514436564	0.2022470287
1	0.3564449841	0.3360433318	0.3075116841
0	0.4711183551	0.0176854233	0.5111962216
0	0.0010423187	0.7854266633	0.2135310180
0	0.4307570391	0.0220741212	0.5471688397
0	0.8177151978	0.1822168886	0.0000679136
0	0.6591825497	0.0778810688	0.2629363815
0	0.0000000127	0.5979560751	0.4020439122
1	0.0416012467	0.4690151351	0.4893836182
0	0.0529031113	0.8689864266	0.0781104622
0	0.5130667508	0.0430173933	0.4439158559
0	0.9999947128	0.0000030771	0.0000022101
0	0.9097886742	0.0898767175	0.0003346083
0	0.2324332299	0.1129668464	0.6545999237
0	0.1622700951	0.0033612793	0.8343686256
0	0.4306490475	0.5641050439	0.0052459086
0	0.9999958692	0.0000000000	0.0000041308
0	0.1717380818	0.2511848431	0.5770770751
0	0.9937388974	0.0062611026	0.0000000000
0	0.0000000267	0.9333132445	0.0666867288
2	0.9872474097	0.0050796622	0.0076729281
0	0.5488046521	0.4511929252	0.0000024227
0	0.4803609922	0.4994596353	0.0201793726
0	0.0504579323	0.9492915878	0.0002504799
0	0.0590976448	0.1128055238	0.8280968314
0	0.8373317823	0.0214026734	0.1412655443
0	0.9342092685	0.0657907315	0.0000000000
0	0.9460023628	0.0000696188	0.0539280184
0	0.3736661016	0.0770978592	0.5492360392
0	0.7103367082	0.2896632918	0.0000000000
0	0.8612639761	0.1327743885	0.0059616354
0	0.0018568910	0.9699773793	0.0281657297
0	0.0000000000	0.0000000000	1.0000000000
0	0.9990456659	0.0000000336	0.0009543005
0	0.0636677111	0.1518471462	0.7844851427
0	0.3163715182	0.1538674924	0.5297609893
0	0.0000000000	0.0000000000	1.0000000000
0	0.0059728459	0.3670013380	0.6270258160
0	0.0000312782	0.1566938700	0.8432748518
0	0.9999994733	0.0000005267	0.0000000000
0	0.1444206719	0.2405386553	0.6150406728
1	0.3510080990	0.6488596247	0.0001322762
0	0.8526335102	0.1176479482	0.0297185416
0	0.0079541958	0.7484345228	0.2436112815
1	0.0001750907	0.0120419055	0.9877830039
0	0.1269137868	0.3617788111	0.5113074021
0	0.2989978918	0.0255937542	0.6754083539
0	0.0158867795	0.9573663135	0.0267469070
0	0.0010524190	0.0000003320	0.9989472491
0	0.5724717885	0.0000015706	0.4275266409
0	0.0793079207	0.1435950093	0.7770970700
1	0.2584132940	0.1024232429	0.6391634631
0	0.0676184900	0.9323815100	0.0000000000
0	0.0733172156	0.0541386332	0.8725441512
0	0.6390517455	0.3521466539	0.0088016006
0	0.5625389512	0.3812416135	0.0562194353
0	0.9029288460	0.0862716289	0.0107995251
0	0.7380458952	0.0039729605	0.2579811443
0	0.9995024678	0.0000000000	0.0004975322
0	0.0000000000	0.0795561201	0.9204438799
0	0.4378852905	0.0000075478	0.5621071617
0	0.8375115878	0.1624883571	0.0000000551
1	0.5881703133	0.1101965539	0.3016331328
0	0.3802717302	0.6042597668	0.0154685029
0	0.2026756398	0.0690617381	0.7282626220
1	0.9386246345	0.0524663987	0.0089089668
0	0.3356750758	0.6444931025	0.0198318216
0	0.9998090850	0.0000004265	0.0001904885
0	0.8902652985	0.0000000056	0.1097346959
0	0.8534523063	0.0000087545	0.1465389392
0	0.9994594791	0.0004083034	0.0001322174
0	0.0176806742	0.0533617473	0.9289575784
0	0.3072768591	0.0016740338	0.6910491072
0	0.0887512014	0.1422566003	0.7689921983
