0	0.0960481532	0.1440345326	0.7599173143
0	0.4860609669	0.3672467389	0.1466922942
0	0.0684336165	0.7034236602	0.2281427232
0	0.1931479325	0.8068520675	0.0000000000
0	0.7054098372	0.2930970263	0.0014931366
0	0.6105913197	0.2258675563	0.1635411239
0	0.0287194017	0.2093765860	0.7619040123
0	0.0257856172	0.9557108989	0.0185034839
0	0.1077941484	0.0041767814	0.8880290702
0	0.0331993051	0.4766801633	0.4901205317
0	0.0262225237	0.9509012530	0.0228762233
0	0.0133349940	0.6149987612	0.3716662449
0	0.0017063686	0.9746140986	0.0236795328
0	0.0661242713	0.0001545443	0.9337211844
0	0.8060746340	0.1807592201	0.0131661460
0	0.2229405548	0.4535144181	0.3235450271
0	0.3912046691	0.2689439067	0.3398514241
0	0.0029762079	0.8925041420	0.1045196501
0	0.7918066925	0.0124772056	0.1957161019
0	0.0939661646	0.1726065799	0.7334272555
0	0.9001945009	0.0693115018	0.0304939972
0	0.2090817040	0.0000000017	0.7909182943
2	0.0083464148	0.9881299524	0.0035236328
0	0.2017698824	0.4847219943	0.3135081233
0	0.2095564036	0.0060116727	0.7844319238
0	0.5190969795	0.0001611757	0.4807418448
0	0.6214850119	0.0004017131	0.3781132749
0	0.6265137211	0.2125242267	0.1609620522
0	0.0483079642	0.0052919533	0.9464000825
0	0.7160527677	0.0823712796	0.2015759527
0	0.1677748894	0.0054256439	0.8267994668
0	0.0000127132	0.9852212737	0.0147660131
0	0.7107142826	0.2866092257	0.0026764918
0	0.1623145675	0.7272075235	0.1104779091
0	0.4023942473	0.0004422821	0.5971634707
0	0.8868663414	0.1131333409	0.0000003177
0	0.8233730381	0.0707104507	0.1059165112
1	0.9340652312	0.0000856755	0.0658490933
0	0.0000175862	0.9618781568	0.0381042570
0	1.0000000000	0.0000000000	0.0000000000
1	0.2612840525	0.4019405474	0.3367754000
0	0.4862231172	0.5100209021	0.0037559807
0	0.8637882695	0.0752380132	0.0609737173
0	0.0294968976	0.0453068738	0.9251962286
0	0.9654897469	0.0007906638	0.0337195893
0	0.5317626324	0.0601399715	0.4080973961
0	0.9658243094	0.0340320498	0.0001436408
0	0.5988009907	0.3641151559	0.0370838534
0	0.0043444240	0.5654245735	0.4302310026
2	0.0000045672	0.0011142637	0.9988811691
0	0.6581649833	0.2416773553	0.1001576614
0	0.6692383832	0.1044226281	0.2263389887
0	0.0116638804	0.0486860882	0.9396500314
0	0.7432527529	0.0235619934	0.2331852537
0	0.0091026462	0.6782653010	0.3126320528
0	0.9517205802	0.0482794187	0.0000000011
0	0.5461458517	0.0000000056	0.4538541426
0	0.1719273104	0.7108068704	0.1172658192
0	0.5041284727	0.1010626379	0.3948088893
0	0.8432153334	0.1563343457	0.0004503209
0	0.0430915554	0.1660725306	0.7908359140
0	0.6180238325	0.3707475476	0.0112286199
0	0.4618689576	0.5381295114	0.0000015310
0	0.0368098487	0.0195185093	0.9436716420
0	0.2269379400	0.0678485583	0.7052135016
0	0.9104318411	0.0422200746	0.0473480844
0	0.0054715138	0.1485722465	0.8459562398
0	0.8974764253	0.0348835400	0.0676400347
0	0.9994952635	0.0000000000	0.0005047365
0	0.0158231045	0.8511146350	0.1330622605
0	0.0164213631	0.0010643317	0.9825143052
0	0.9723579356	0.0143932167	0.0132488477
0	0.6128968637	0.3801572099	0.0069459264
0	0.0148899260	0.1311807078	0.8539293662
0	0.7213709026	0.2447501304	0.0338789670
1	0.2495184120	0.5012408043	0.2492407837
0	0.8194634874	0.1031600575	0.0773764551
0	0.1160986235	0.8557393099	0.0281620666
0	0.0027188656	0.0007867839	0.9964943505
0	0.6764768604	0.0338827622	0.2896403774
0	0.5472569929	0.3428164167	0.1099265904
0	0.5282982744	0.1688604978	0.3028412278
0	0.6335637194	0.0953563349	0.2710799458
0	0.5233802812	0.0523576479	0.4242620709
0	0.6393693112	0.0669156036	0.2937150853
1	0.0420403265	0.4123460544	0.5456136191
1	0.1471641581	0.0738762051	0.7789596368
0	0.9350534647	0.0250439028	0.0399026325
0	0.1347290723	0.8550542863	0.0102166415
0	0.5602061177	0.0000446234	0.4397492589
0	0.1467709456	0.7585463655	0.0946826889
1	0.1127110143	0.8861097555	0.0011792302
0	0.0000000000	0.9663497111	0.0336502889
0	0.3636467444	0.4706331400	0.1657201155
0	0.8282142187	0.1717857766	0.0000000047
0	0.4298964566	0.4901489422	0.0799546012
0	0.4447603845	0.2537647657	0.3014748498
0	0.0462444284	0.0000001912	0.9537553804
0	0.6474095124	0.0425990739	0.3099914137
0	0.1091542929	0.0044220599	0.8864236472
