0	0.0504945183	0.2274797556	0.7220257260
0	0.0000280109	0.1196248351	0.8803471540
0	0.0009823571	0.4777373600	0.5212802830
0	0.0310439808	0.0098462711	0.9591097481
0	0.0029041605	0.9953579726	0.0017378669
0	0.0221518677	0.3631059677	0.6147421647
0	0.5060463367	0.3856731109	0.1082805524
0	0.3441717553	0.4229379545	0.2328902902
0	0.1217244585	0.8759526328	0.0023229087
1	0.0000257566	0.0371946925	0.9627795509
0	0.0000000080	0.9789942014	0.0210057907
0	0.9643672422	0.0355017285	0.0001310293
0	0.0549724601	0.0966426081	0.8483849318
0	0.0297488403	0.1219137632	0.8483373965
0	0.3069532069	0.6913790046	0.0016677885
0	0.1328415014	0.0140132780	0.8531452206
0	0.2564106802	0.4289984441	0.3145908758
0	0.0286334373	0.0498062562	0.9215603065
0	0.0109658624	0.9854499424	0.0035841951
0	0.0841661845	0.0023408279	0.9134929876
0	0.0000000000	0.9326211800	0.0673788200
0	0.0000000000	0.0000004208	0.9999995792
0	0.1150461456	0.8504416348	0.0345122196
0	0.2567578911	0.3338233915	0.4094187174
2	0.0031209879	0.9899633134	0.0069156987
0	0.0002291746	0.0676854647	0.9320853606
1	0.1361919615	0.2849251414	0.5788828971
0	0.0000000000	0.0416358146	0.9583641854
1	0.6767040609	0.0721657174	0.2511302217
0	0.0000000035	0.1261538763	0.8738461202
0	0.0000000124	0.9419365824	0.0580634053
0	0.1125195868	0.0007127552	0.8867676581
0	0.2009131520	0.5575845446	0.2415023034
0	0.1257636126	0.0761728368	0.7980635506
0	0.0091053230	0.1358504282	0.8550442489
0	0.2857819171	0.2606488965	0.4535691864
0	0.6835023451	0.0022637400	0.3142339149
0	0.0050489311	0.0113652720	0.9835857968
0	0.1645429469	0.3691865875	0.4662704656
1	0.0688469125	0.2324189016	0.6987341859
0	0.0000026020	0.1341213731	0.8658760249
0	0.7283382876	0.0000002540	0.2716614584
0	0.0000169355	0.0257970868	0.9741859776
0	0.0296023292	0.9700396243	0.0003580465
0	0.0565779776	0.0001038529	0.9433181695
0	0.0000003618	0.0000000000	0.9999996382
0	0.0000000046	0.9786019970	0.0213979984
0	0.6090479124	0.1055155727	0.2854365149
0	0.0001310380	0.0214441657	0.9784247962
0	0.1040523857	0.4970486741	0.3988989403
0	0.0000000000	0.1663695832	0.8336304168
0	0.3052150902	0.0960023308	0.5987825791
0	0.0504331581	0.1329003175	0.8166665244
1	0.3789722075	0.3153124904	0.3057153021
0	0.0028372141	0.9230237356	0.0741390503
0	0.0027337273	0.7422133271	0.2550529457
0	0.0001212874	0.1219106850	0.8779680276
0	0.0155281908	0.0070754279	0.9773963813
0	0.1388388582	0.3992188148	0.4619423270
0	0.3354163052	0.6631952724	0.0013884224
0	0.5980020107	0.1072800991	0.2947178901
0	0.0477271865	0.9504470749	0.0018257385
0	0.0000001758	0.9990565159	0.0009433083
0	0.4025186445	0.0000146658	0.5974666897
0	0.1024861480	0.8901798334	0.0073340186
0	0.0584752112	0.9259005847	0.0156242041
0	0.0518120597	0.1235590858	0.8246288545
0	0.0519491034	0.0183256436	0.9297252530
0	0.0000000004	0.2627228000	0.7372771996
1	0.0007217940	0.8112859977	0.1879922084
0	0.0002919458	0.3070508400	0.6926572142
1	0.0000000010	0.0191005414	0.9808994576
0	0.6087215956	0.0000000000	0.3912784043
0	0.0676407234	0.0000000011	0.9323592754
0	0.0272428790	0.4125907246	0.5601663964
0	0.0000000243	0.0895339937	0.9104659820
1	0.7042453412	0.1753709276	0.1203837312
0	0.0000000000	0.2799278996	0.7200721004
1	0.0000000000	0.0000000043	0.9999999957
0	0.5356756725	0.3262868867	0.1380374408
0	0.0091504972	0.3646265446	0.6262229582
0	0.2905887663	0.6736730354	0.0357381983
0	0.8006353184	0.0263648524	0.1729998292
0	0.4977766133	0.2987514233	0.2034719634
0	0.1196485824	0.8671859227	0.0131654949
0	0.0511783137	0.7779949291	0.1708267572
0	0.8147686331	0.1269805683	0.0582507986
0	0.0016731533	0.6806968849	0.3176299618
0	0.6725585343	0.2932617694	0.0341796963
0	0.0000000000	1.0000000000	0.0000000000
0	0.7559336576	0.0853798945	0.1586864479
1	0.0239773493	0.5655858212	0.4104368295
0	0.8843957740	0.0000807741	0.1155234519
0	0.0161296584	0.2957454547	0.6881248869
0	0.1236636790	0.1295979702	0.7467383508
0	0.1738792728	0.4937822903	0.3323384369
0	0.0113288356	0.0155658069	0.9731053575
0	0.4720717252	0.0310218154	0.4969064594
0	0.7647625384	0.1602018439	0.0750356177
0	0.1552143282	0.0122871455	0.8324985263
