2	0.2577515844	0.0002422996	0.7420061160
0	0.0180993921	0.0503454099	0.9315551980
1	0.5256330699	0.4058637914	0.0685031387
0	0.0256626707	0.2263064047	0.7480309246
0	0.9584166321	0.0415363015	0.0000470664
0	0.0000102095	0.6899960129	0.3099937776
0	0.0033433583	0.9861244418	0.0105321999
0	0.2874890772	0.0002970282	0.7122138946
0	0.0713188235	0.4114862250	0.5171949515
0	0.2217621393	0.7079286530	0.0703092077
0	0.5129783301	0.4291271110	0.0578945589
0	0.4713810865	0.0000397351	0.5285791784
0	0.0232398712	0.8144736108	0.1622865179
1	0.0045958499	0.9708656457	0.0245385044
0	0.0307030063	0.9431930275	0.0261039662
0	0.0006939482	0.6154178224	0.3838882294
0	0.4261237279	0.1066551543	0.4672211178
0	0.1786032566	0.8213962744	0.0000004690
0	0.0001158790	0.9989213010	0.0009628201
0	0.9331640770	0.0666685695	0.0001673535
0	0.3206270005	0.2482397450	0.4311332545
0	0.2798740110	0.0192668365	0.7008591525
0	0.8510676397	0.0000000000	0.1489323603
0	0.6887106070	0.0000000000	0.3112893930
0	0.9966817546	0.0024334596	0.0008847857
0	0.0000136114	0.4939454956	0.5060408930
0	0.0193865008	0.5292031435	0.4514103557
0	0.1258503820	0.1241190239	0.7500305942
0	0.7158462323	0.1645771539	0.1195766138
0	0.9290811650	0.0000001571	0.0709186779
0	0.8065280902	0.0185527780	0.1749191318
0	0.8382078362	0.0215455498	0.1402466139
0	0.9948727721	0.0011657614	0.0039614665
0	0.2700619317	0.1862970936	0.5436409747
0	0.2458250284	0.5632685512	0.1909064204
1	0.7773223271	0.0763307681	0.1463469048
1	0.0000530298	0.9482859995	0.0516609707
0	0.2224487401	0.7580811111	0.0194701488
0	0.8123809951	0.0580857629	0.1295332421
0	0.0001953036	0.9998046964	0.0000000000
0	0.7557905059	0.0003367485	0.2438727455
0	0.0394058035	0.2323836412	0.7282105553
0	0.8303118380	0.0862577563	0.0834304057
0	0.0238266375	0.0557590755	0.9204142870
0	0.8060234901	0.0305651196	0.1634113903
0	0.9401100032	0.0023296051	0.0575603916
0	0.4425137601	0.2569473823	0.3005388575
1	0.0060391096	0.0508286764	0.9431322140
0	0.0640371488	0.1544376592	0.7815251920
0	0.1124277085	0.2902407692	0.5973315224
0	0.8002859797	0.0000000000	0.1997140203
0	0.6840300041	0.3080477344	0.0079222615
0	0.9933308536	0.0001083468	0.0065607997
0	0.4729225331	0.0927411039	0.4343363630
0	0.4791949529	0.2580854397	0.2627196074
0	0.8553935719	0.1374816771	0.0071247511
0	0.8440737863	0.1530226238	0.0029035899
0	0.7408224482	0.2204465703	0.0387309815
0	0.6983263053	0.1042793216	0.1973943731
0	0.2510435374	0.3839753634	0.3649810992
0	0.8945479097	0.1012038262	0.0042482642
0	0.9028575536	0.0970326849	0.0001097615
0	0.6833762557	0.1090534412	0.2075703031
0	0.0087104969	0.0000035138	0.9912859893
0	0.1220004558	0.0209220444	0.8570774998
0	0.1452679191	0.8514956715	0.0032364093
0	0.4719265064	0.2953498945	0.2327235991
0	0.4675699822	0.3624407348	0.1699892830
0	0.1365449130	0.2004320008	0.6630230862
0	0.7098547734	0.2901452266	0.0000000000
0	0.0000024200	0.0121358800	0.9878617000
0	0.2541776569	0.0267875553	0.7190347878
0	0.9633728730	0.0000001614	0.0366269655
0	0.6400663444	0.2682901454	0.0916435102
0	0.7195495046	0.0464639191	0.2339865762
0	0.0458864448	0.9220129200	0.0321006352
0	0.9999863900	0.0000002063	0.0000134037
0	0.0329282349	0.0011258737	0.9659458915
0	0.0105830085	0.6970399364	0.2923770551
0	0.0693832336	0.6063213081	0.3242954583
0	0.4232422392	0.0069335088	0.5698242520
0	0.7195167531	0.1673071018	0.1131761451
0	0.8400447600	0.1511480835	0.0088071565
0	0.0000002603	0.0000617120	0.9999380277
0	0.6744502083	0.0309735417	0.2945762500
0	0.1110870420	0.0795747311	0.8093382269
0	0.8467392976	0.1523954531	0.0008652493
0	0.2356608368	0.1475229259	0.6168162374
0	0.0690990764	0.2663400054	0.6645609182
0	0.0264789110	0.4743932292	0.4991278598
0	0.2043753126	0.0057883338	0.7898363536
0	0.1136848791	0.4451743912	0.4411407297
0	0.5441214610	0.0067993213	0.4490792177
0	0.0323897800	0.0000000002	0.9676102199
0	0.9842134819	0.0017360374	0.0140504807
0	0.8762454654	0.1201508923	0.0036036423
0	0.2841982424	0.3389955535	0.3768062041
0	0.0178235446	0.1785813161	0.8035951393
0	0.5718208741	0.3724491668	0.0557299591
0	0.0014097105	0.2013185708	0.7972717188
