0	0.0009478075	0.6561016386	0.3429505539
0	0.0000004876	0.8833560964	0.1166434159
0	0.0824704712	0.6508077430	0.2667217858
0	0.1187701239	0.8758827882	0.0053470879
0	0.0946097244	0.0002378880	0.9051523875
0	0.1054270592	0.8064767185	0.0880962224
0	0.0338709111	0.8555754531	0.1105536358
0	0.1298114876	0.5000498157	0.3701386968
0	0.0259422632	0.0958518086	0.8782059282
0	0.0000250640	0.9474284761	0.0525464599
0	0.0004760246	0.7304625464	0.2690614291
0	0.0000069214	0.6062949919	0.3936980867
0	0.2481621216	0.4491406558	0.3026972226
0	0.0120339246	0.0043943489	0.9835717265
0	0.0000000000	0.9138735464	0.0861264536
0	0.0066033977	0.3012175055	0.6921790968
0	0.0716978434	0.1378690200	0.7904331366
0	0.9950657320	0.0032676922	0.0016665758
0	0.0036637498	0.7460130941	0.2503231561
0	0.0021809974	0.0000015152	0.9978174874
0	0.0000000158	0.4416294971	0.5583704871
0	0.0769176247	0.2269308408	0.6961515346
0	0.0017185138	0.0316930338	0.9665884524
0	0.3210299440	0.1045325579	0.5744374981
0	0.0046669041	0.9735442968	0.0217887990
1	0.2679150965	0.6957451836	0.0363397200
1	0.0003156289	0.8467570774	0.1529272937
0	0.3756054929	0.3408113621	0.2835831450
0	0.8420485240	0.1169853754	0.0409661007
0	0.0000161287	0.8054790077	0.1945048636
0	0.9111437875	0.0164414116	0.0724148009
0	0.2518822075	0.0613449301	0.6867728624
0	0.0000000013	0.4563921811	0.5436078176
0	0.0049032700	0.5667115901	0.4283851399
0	0.0141530397	0.0015985439	0.9842484164
0	0.0968906067	0.4333373658	0.4697720275
0	0.0012309132	0.0155943307	0.9831747561
2	0.0042193075	0.9486314870	0.0471492055
0	0.1107171644	0.3759577742	0.5133250614
0	0.0024408385	0.7223154598	0.2752437017
0	0.9877059129	0.0113928084	0.0009012788
0	0.0000141452	0.0056541803	0.9943316745
0	0.3105076883	0.1868994722	0.5025928394
2	0.3993550879	0.3115663563	0.2890785558
1	0.0004730208	0.1456461564	0.8538808228
0	0.0254964209	0.9532535663	0.0212500128
0	0.0291252517	0.4604694644	0.5104052839
0	0.2668156199	0.6267589544	0.1064254257
0	0.2724803662	0.0234541827	0.7040654511
0	0.0067721796	0.0000000960	0.9932277244
0	0.0002550556	0.0060745678	0.9936703766
0	0.0008487467	0.4481522315	0.5509990218
0	0.6705393742	0.0237743705	0.3056862552
0	0.1330771449	0.3058414645	0.5610813906
0	0.1544646460	0.7628871967	0.0826481574
0	0.2801222570	0.7197905183	0.0000872247
0	0.0498032628	0.9420537633	0.0081429739
0	0.0000000001	0.0000050312	0.9999949687
0	0.7812373898	0.0022623500	0.2165002602
0	0.0822693310	0.6318807777	0.2858498913
1	0.1156885831	0.0109359686	0.8733754483
0	0.1613319711	0.5230521081	0.3156159207
0	0.0067791376	0.9917165959	0.0015042665
0	0.4522299800	0.0552560207	0.4925139993
0	0.5043471483	0.3614095055	0.1342433463
0	0.1670874008	0.1617252703	0.6711873289
0	0.4271295405	0.1725003404	0.4003701191
0	0.0625264333	0.1608028313	0.7766707354
0	0.9129558521	0.0277468889	0.0592972590
0	0.0000000000	0.8486019472	0.1513980528
0	0.0006422900	0.0309250846	0.9684326254
0	0.1271430125	0.4020145583	0.4708424293
0	0.0000015429	0.3420087829	0.6579896742
0	0.0847973025	0.8760071335	0.0391955641
1	0.0206872045	0.3395703054	0.6397424901
0	0.0448237787	0.2162888613	0.7388873600
0	0.0000000000	0.2042918833	0.7957081167
0	0.5075490309	0.0001421416	0.4923088275
0	0.0001812361	0.3629565868	0.6368621771
0	0.9390722424	0.0609231317	0.0000046259
1	0.0005222230	0.0000000000	0.9994777770
0	0.1348133635	0.4569868450	0.4081997915
1	0.9004303924	0.0000239785	0.0995456291
0	0.0000723956	0.0000000001	0.9999276043
0	0.0073315522	0.3188917509	0.6737766968
0	0.0441675148	0.0043525694	0.9514799157
0	0.4994956589	0.0755667481	0.4249375930
0	0.0000000000	0.1793207882	0.8206792118
0	0.0767041404	0.9230318796	0.0002639800
0	0.6140886493	0.2427333945	0.1431779562
0	0.1751373743	0.8248600705	0.0000025552
0	0.0100787825	0.1009797576	0.8889414598
0	0.0978938368	0.4043664078	0.4977397554
0	0.7801835875	0.0864589063	0.1333575062
0	0.5469857735	0.4530142265	0.0000000000
0	0.0638386666	0.0298190653	0.9063422681
0	0.0000000000	0.8575757903	0.1424242096
0	0.0000562292	0.9995532404	0.0003905304
0	0.6349720648	0.1971201039	0.1679078313
0	0.3948076567	0.0046869292	0.6005054141
