0	0.8733619222	0.1265800081	0.0000580698
0	0.7887891154	0.2109564169	0.0002544677
0	0.0836704743	0.0055137249	0.9108158008
0	0.3435396377	0.1537605557	0.5026998066
0	0.3279921364	0.4371974946	0.2348103689
0	0.9023200108	0.0962354184	0.0014445708
0	0.0509513235	0.7489563568	0.2000923198
0	0.4373571811	0.4573774528	0.1052653662
0	0.2996635239	0.4921196955	0.2082167805
0	0.2585304877	0.1434065611	0.5980629512
0	0.0370679271	0.8397908028	0.1231412701
0	0.0177898682	0.9182141062	0.0639960256
0	0.0288504557	0.9182652677	0.0528842766
0	0.8886670993	0.0001683713	0.1111645295
0	0.1132747561	0.0857291310	0.8009961128
0	0.8102819224	0.1239240873	0.0657939903
0	0.8730060701	0.0020994978	0.1248944322
0	0.4529603205	0.0582799025	0.4887597770
0	0.3518182821	0.6481130220	0.0000686959
0	0.5979573261	0.3346411884	0.0674014855
0	0.6819964808	0.3179975494	0.0000059698
0	0.2683583448	0.0016245125	0.7300171427
0	0.9809215921	0.0043895128	0.0146888951
0	0.1274831629	0.8116733408	0.0608434963
0	0.0000328425	0.1991202252	0.8008469323
0	0.8809548321	0.0000365246	0.1190086433
0	0.9900107533	0.0000002709	0.0099889758
1	0.0055120914	0.1091870504	0.8853008582
0	0.1710545958	0.4607290650	0.3682163392
1	0.0503824599	0.9496172232	0.0000003169
0	0.8168434895	0.0589015168	0.1242549937
2	0.3745166954	0.0807513178	0.5447319868
0	0.9462658641	0.0000000000	0.0537341359
0	0.0080135643	0.4375622060	0.5544242298
0	0.9999950316	0.0000049684	0.0000000000
0	0.8439340036	0.0861157880	0.0699502084
0	0.0647247061	0.9196504114	0.0156248825
0	0.1026046311	0.8845342512	0.0128611176
0	0.1014572140	0.1778650004	0.7206777856
0	0.0148026923	0.0001380915	0.9850592161
1	0.1857362762	0.7749078926	0.0393558312
1	0.6397364650	0.0055684435	0.3546950915
0	0.1974448968	0.0348205384	0.7677345648
0	0.7433853437	0.2317838258	0.0248308305
0	0.1526728376	0.5557645557	0.2915626068
0	0.7824325704	0.0989628036	0.1186046259
1	0.0125268646	0.4212231272	0.5662500082
0	0.0987121094	0.3127145667	0.5885733240
0	0.0009350940	0.9982281445	0.0008367615
0	0.0275026572	0.0557087644	0.9167885784
1	0.1999749574	0.7998738856	0.0001511571
0	0.4845381702	0.2665439349	0.2489178949
0	0.3794741111	0.0001048074	0.6204210815
0	0.2193546646	0.0688000011	0.7118453343
0	0.5182906645	0.4777327938	0.0039765416
1	0.2932628053	0.7031288171	0.0036083776
1	0.0228608396	0.0001280830	0.9770110775
0	0.0000001694	0.9450681647	0.0549316660
0	0.1004660777	0.8787324022	0.0208015201
0	0.4110017301	0.5889982663	0.0000000035
1	0.0000000000	0.3937662437	0.6062337563
1	0.0822678259	0.8399410579	0.0777911162
0	0.7906457519	0.0698603018	0.1394939463
0	0.0044166020	0.0000000000	0.9955833980
0	0.9390157774	0.0359056484	0.0250785742
0	0.8893221609	0.1034349325	0.0072429066
0	0.2973661488	0.0512681759	0.6513656753
0	0.0968953325	0.9031045217	0.0000001457
1	0.9986795694	0.0010770431	0.0002433874
0	0.2782821424	0.7217144351	0.0000034225
0	0.0359100284	0.0000000297	0.9640899419
1	0.8705653583	0.1294346126	0.0000000291
0	0.9832517234	0.0000000023	0.0167482743
0	0.9994927744	0.0000016590	0.0005055665
0	0.5096658403	0.3326453824	0.1576887773
0	0.9130795262	0.0000000000	0.0869204738
0	0.9209422171	0.0357753058	0.0432824771
0	0.8572649323	0.0001530573	0.1425820104
0	0.9674417569	0.0000075744	0.0325506687
0	0.2412079560	0.5540619712	0.2047300729
1	0.2656097248	0.5204631216	0.2139271535
0	0.1452710569	0.7886857726	0.0660431705
0	0.1712884628	0.8012552758	0.0274562613
0	0.9524777988	0.0081105168	0.0394116843
0	0.4182162038	0.5817468786	0.0000369176
0	0.8692095997	0.0066394973	0.1241509030
0	0.0010089702	0.6764187145	0.3225723153
0	0.7244507460	0.1095256008	0.1660236531
0	0.6009442472	0.1649633567	0.2340923961
0	0.5832855424	0.2261018726	0.1906125850
0	0.7846958536	0.2063687797	0.0089353667
0	0.3433339681	0.6354103816	0.0212556503
1	0.2389791268	0.3368500604	0.4241708128
1	0.7059208855	0.1682949461	0.1257841684
1	0.3947804469	0.2933764222	0.3118431309
0	0.7617194440	0.2369679741	0.0013125819
0	0.0000616767	0.1024270960	0.8975112274
0	0.3190294113	0.0133970552	0.6675735335
0	0.0755369884	0.0001703667	0.9242926448
1	0.5906647957	0.0026768946	0.4066583097
