1	0.0005530252	0.1839819798	0.8154649949
0	0.0025817932	0.0183915060	0.9790267008
0	0.0142122899	0.7103270407	0.2754606695
0	0.6425605487	0.2862137150	0.0712257363
1	0.3950285192	0.2696805996	0.3352908811
0	0.0501012797	0.6955959478	0.2543027725
0	0.2677465050	0.2852208239	0.4470326711
0	0.7220110478	0.0011075503	0.2768814019
0	0.0000000000	0.0494934156	0.9505065844
0	0.3615687974	0.0007642211	0.6376669815
0	0.0457959236	0.9495651271	0.0046389493
0	0.0000003033	0.0668067165	0.9331929802
0	0.0572616676	0.3346594312	0.6080789012
1	0.0006941513	0.0115959553	0.9877098934
0	0.0721615573	0.1066973759	0.8211410667
0	0.0006299320	0.7510941376	0.2482759304
0	0.6974023557	0.0000307656	0.3025668788
0	0.0000000020	0.0774070686	0.9225929294
0	0.0111872914	0.2697172571	0.7190954515
0	0.0152851926	0.0689524259	0.9157623815
0	0.3774449476	0.3489933848	0.2735616675
0	0.1017648493	0.8857127410	0.0125224097
0	0.7874049145	0.1665871283	0.0460079572
0	0.0204494600	0.0000878001	0.9794627399
1	0.3114969578	0.6882833625	0.0002196797
0	0.3244551232	0.0801496436	0.5953952332
0	0.0000000000	0.5912094063	0.4087905937
0	0.0903326176	0.0662406726	0.8434267098
0	0.3807987979	0.0012597987	0.6179414034
0	0.0101597880	0.9138003138	0.0760398982
0	0.1840997812	0.4337474257	0.3821527931
1	0.2841682679	0.3327959553	0.3830357768
0	0.0002213337	0.2344322726	0.7653463937
0	0.0000000000	0.8065921174	0.1934078826
0	0.0000197293	0.1419606563	0.8580196144
0	0.0024753021	0.4901076721	0.5074170258
0	0.0001098122	0.5962541024	0.4036360854
0	0.0874586889	0.4067392634	0.5058020476
0	0.7913567765	0.0225614612	0.1860817623
0	0.0000000000	0.5109662726	0.4890337274
0	0.0000011270	0.3467076475	0.6532912255
0	0.5354769221	0.3502347458	0.1142883321
0	0.6533310648	0.2409009051	0.1057680302
0	0.0000000000	0.8247760002	0.1752239997
0	0.1894253165	0.2268269205	0.5837477630
0	0.1264733561	0.0172973443	0.8562292996
0	0.3534915182	0.0002599514	0.6462485304
0	0.0000000000	0.2745513949	0.7254486051
0	0.0004912279	0.8530947803	0.1464139918
0	0.3120181064	0.4510984976	0.2368833960
1	0.8492856607	0.1507143393	0.0000000000
2	0.0018342302	0.4188421366	0.5793236332
0	0.0000000000	0.0157352343	0.9842647657
0	0.1643573169	0.0116846674	0.8239580156
0	0.0001169809	0.8952234154	0.1046596037
0	0.3303353588	0.5565363433	0.1131282979
1	0.0040788306	0.0040672463	0.9918539232
0	0.0000000000	0.7685825867	0.2314174133
0	0.0140549115	0.3261951531	0.6597499354
0	0.0744390087	0.0583357927	0.8672251987
0	0.2130380859	0.0373930880	0.7495688261
1	0.0720334222	0.0007882631	0.9271783148
0	0.0003475118	0.7266015280	0.2730509602
0	0.0012827920	0.6044403118	0.3942768962
0	0.7916999467	0.0520446484	0.1562554050
0	0.0000000000	0.9973205321	0.0026794679
0	0.0000000000	0.0377859542	0.9622140458
0	0.0002672329	0.0000000000	0.9997327671
0	0.1641023615	0.1004710904	0.7354265481
0	0.4008961993	0.5537064539	0.0453973468
0	0.0000002550	0.1186709242	0.8813288208
0	0.0046162152	0.7217392395	0.2736445453
0	0.0050094345	0.0007644865	0.9942260790
1	0.0162789390	0.2154490396	0.7682720214
0	0.0104327044	0.6286569656	0.3609103300
0	0.4551852631	0.0235004213	0.5213143156
0	0.0000128150	0.0059988413	0.9939883437
1	0.4552261263	0.0074832099	0.5372906638
0	0.5265641566	0.1243113230	0.3491245205
0	0.0000062012	0.1565926808	0.8434011180
0	0.0370573154	0.8838206224	0.0791220622
0	0.0401962925	0.1759454082	0.7838582993
1	0.4510353171	0.3926764452	0.1562882377
0	0.0284457247	0.0000006335	0.9715536418
0	0.0087694647	0.0007577487	0.9904727866
0	0.0000000000	0.4205856105	0.5794143895
0	0.0000002449	0.8216988201	0.1783009350
0	0.6930121307	0.0445846984	0.2624031709
0	0.0454904040	0.5936037306	0.3609058654
0	0.0006473564	0.1863626787	0.8129899649
0	0.0772268204	0.2162835160	0.7064896636
0	0.0641348227	0.5568381943	0.3790269830
1	0.1545595330	0.0015704668	0.8438700002
0	0.6581788552	0.3302806478	0.0115404971
0	0.0102890438	0.2185868733	0.7711240829
1	0.0000000000	0.5752264026	0.4247735974
1	0.7121731320	0.1437085254	0.1441183426
0	0.0075281214	0.5748558277	0.4176160509
0	0.0001721778	0.9853918895	0.0144359327
1	0.4836654005	0.5163345995	0.0000000000
