0	0.4445630319	0.0924884168	0.4629485513
0	0.4300222215	0.5696354246	0.0003423539
0	0.0466476594	0.9095834059	0.0437689347
0	0.0948754978	0.7956085176	0.1095159846
0	0.6452615177	0.1642732823	0.1904652000
0	0.0085158583	0.1165610422	0.8749230995
0	0.1098623929	0.2939731672	0.5961644398
0	0.4684835737	0.5163115955	0.0152048308
0	0.0000000967	0.2690224712	0.7309774321
0	0.6509612618	0.0000000000	0.3490387382
0	0.0669055397	0.0000000000	0.9330944603
1	0.5678346017	0.3543863652	0.0777790331
1	0.0000000008	0.0000000000	0.9999999992
0	0.2672271506	0.0270659039	0.7057069455
1	0.5109589578	0.1296457118	0.3593953304
0	0.0000009007	0.0127198940	0.9872792053
0	0.2589350989	0.0000000000	0.7410649011
0	0.6473054756	0.0082988668	0.3443956576
0	0.6689929220	0.0098318033	0.3211752747
0	0.0834460558	0.5515136860	0.3650402582
0	0.0000001712	0.5998539614	0.4001458674
0	0.0000788081	0.1362954293	0.8636257627
0	0.2574023495	0.7322484178	0.0103492326
0	0.6283097234	0.3683472140	0.0033430626
0	0.5586712104	0.1311490172	0.3101797724
1	0.5641588008	0.0000000000	0.4358411992
0	0.0664809788	0.9100851525	0.0234338687
0	0.6247443287	0.0781342079	0.2971214635
0	0.8832011704	0.1098394110	0.0069594186
0	0.4526231424	0.0008146313	0.5465622263
0	0.0002914374	0.0012040786	0.9985044841
0	0.9613737089	0.0386262911	0.0000000000
0	0.0602033835	0.8144575056	0.1253391109
0	0.9466808359	0.0098005502	0.0435186139
0	0.3335648924	0.6525256796	0.0139094280
0	0.3807265562	0.6179542151	0.0013192287
0	0.3710120214	0.4718723371	0.1571156415
0	0.2086082893	0.0860500708	0.7053416399
0	0.0142138364	0.9636094568	0.0221767068
0	0.9722591331	0.0000607517	0.0276801152
0	0.2687491928	0.7312506802	0.0000001269
0	0.0804016333	0.1055494413	0.8140489254
0	0.6402674315	0.0724528058	0.2872797627
0	0.1843877318	0.0000076060	0.8156046622
0	0.0260056606	0.1604913079	0.8135030315
0	0.0664727878	0.9197559815	0.0137712307
0	0.5950950066	0.3208955018	0.0840094917
0	0.0602994101	0.2031724941	0.7365280958
0	0.0000345138	0.0317670896	0.9681983966
0	0.0192430742	0.0001733181	0.9805836077
0	0.9999849352	0.0000119038	0.0000031610
0	0.0000045660	0.3155339345	0.6844614995
0	0.0137925547	0.0000000000	0.9862074453
0	0.0200437634	0.1058581785	0.8740980582
0	0.7476948818	0.2523003649	0.0000047534
0	0.2838088939	0.7141285079	0.0020625982
0	0.0019398705	0.0105539893	0.9875061402
0	0.0009292888	0.0093264314	0.9897442798
0	0.0803795861	0.0000000000	0.9196204139
0	0.3243167479	0.6156151331	0.0600681189
0	0.0151086256	0.9394092314	0.0454821430
1	0.9024107980	0.0871922729	0.0103969291
0	0.7343024632	0.2528619280	0.0128356089
0	0.1793050345	0.8201726289	0.0005223366
0	0.8688375311	0.0445941944	0.0865682746
0	0.4689437494	0.5298863278	0.0011699228
1	0.9171013150	0.0000009491	0.0828977359
0	0.6451237989	0.3251587427	0.0297174584
0	0.8532859482	0.1356060921	0.0111079597
0	0.9983064522	0.0016208623	0.0000726855
0	0.0028171369	0.0926809341	0.9045019289
0	0.0086787172	0.0000143059	0.9913069769
0	0.0618109371	0.0528893978	0.8852996651
0	0.9999210610	0.0000000000	0.0000789390
1	0.8239712836	0.1755752285	0.0004534879
0	0.8686811043	0.0000000000	0.1313188957
0	0.3783789501	0.5446442021	0.0769768478
0	0.7619271970	0.0765459788	0.1615268243
0	0.1253232320	0.8430789732	0.0315977948
2	0.4200588738	0.5531401326	0.0268009936
0	0.7939933696	0.0395011383	0.1665054921
0	0.7270528026	0.0000000018	0.2729471957
0	0.7728125252	0.1040377760	0.1231496988
0	0.0353409200	0.1927688309	0.7718902491
0	0.3555184160	0.6028076359	0.0416739482
0	0.0060297989	0.3805692971	0.6134009041
0	0.5504433422	0.2665624142	0.1829942436
0	0.7590210169	0.0065022924	0.2344766907
0	0.5963741770	0.2977397101	0.1058861129
0	0.2651455025	0.0989789362	0.6358755613
0	0.9197290740	0.0510979542	0.0291729717
1	0.7671299251	0.0206452547	0.2122248202
0	0.1206836543	0.4176516641	0.4616646816
0	0.1883075328	0.1818400215	0.6298524457
0	0.0143780279	0.1189607879	0.8666611842
0	0.5512143073	0.4371426520	0.0116430407
0	0.6802723956	0.0120913648	0.3076362396
0	0.8970965357	0.0502985093	0.0526049550
0	0.5787784006	0.0000000000	0.4212215994
0	0.3536079877	0.5906065627	0.0557854496
