1	0.0394545505	0.2540048431	0.7065406064
0	0.0105523098	0.1017853192	0.8876623710
0	0.1018399016	0.3158895645	0.5822705340
0	0.1319149544	0.1530996402	0.7149854054
0	0.0077027660	0.9237614369	0.0685357972
0	0.0909750624	0.0001332355	0.9088917021
0	0.0000137227	0.1964926192	0.8034936581
1	0.0000230941	0.4344568969	0.5655200090
0	0.6547047657	0.0000000000	0.3452952343
0	0.0430553436	0.2642145571	0.6927300993
0	0.0217596627	0.3925508186	0.5856895187
0	0.0000356281	0.3472401150	0.6527242569
0	0.0133356548	0.0037634907	0.9829008546
0	0.0000011675	0.9980265345	0.0019722980
0	0.0104839257	0.0000038211	0.9895122532
0	0.1218721788	0.8407777257	0.0373500955
0	0.0307404967	0.0219226532	0.9473368501
0	0.1595423420	0.0547390220	0.7857186360
0	0.4873329415	0.5076213071	0.0050457514
0	0.0274425114	0.0226492826	0.9499082059
0	0.0077784969	0.9922215031	0.0000000000
0	0.0000073173	0.8784263633	0.1215663195
0	0.0005235108	0.1531369414	0.8463395478
0	0.0002368807	0.1577675636	0.8419955556
0	0.0631738460	0.6697605515	0.2670656025
0	0.0443457014	0.3084557454	0.6471985532
0	0.0007136139	0.0004152189	0.9988711672
0	0.3009101550	0.6793987121	0.0196911329
1	0.0079522986	0.1457287361	0.8463189653
0	0.7186666713	0.1376578930	0.1436754357
0	0.0681302006	0.3013805902	0.6304892092
0	0.0000089457	0.4036984391	0.5962926151
0	0.0000000000	0.0000657152	0.9999342847
0	0.0000000005	0.9884174397	0.0115825598
0	0.8543873188	0.0016755252	0.1439371560
1	0.0000024422	0.3255440853	0.6744534725
0	0.0596300871	0.0231708733	0.9171990396
0	0.0000000000	0.1109151106	0.8890848894
0	0.0010008628	0.7922309106	0.2067682267
0	0.2496757366	0.7432138361	0.0071104274
1	0.5777164097	0.2538089874	0.1684746029
0	0.4745403031	0.1974406978	0.3280189992
0	0.0192400857	0.8719149349	0.1088449794
0	0.0004089977	0.4847755091	0.5148154932
0	0.5330561304	0.2532232409	0.2137206287
1	0.0054772257	0.1225430977	0.8719796766
0	0.0000074989	0.1615261392	0.8384663619
0	0.8018272856	0.1961561812	0.0020165332
0	0.1300904037	0.1343814990	0.7355280973
0	0.0175781658	0.3060713718	0.6763504623
0	0.0089561470	0.0162970651	0.9747467879
0	0.3143911240	0.3540032343	0.3316056417
0	0.5256826515	0.3537755038	0.1205418448
0	0.2581465510	0.0348248492	0.7070285998
0	0.5327574968	0.3113137600	0.1559287432
0	0.9630152585	0.0115857523	0.0253989893
0	0.0000000101	0.9139955732	0.0860044167
0	0.0331144154	0.0000221063	0.9668634783
0	0.0058395962	0.5883480952	0.4058123086
0	0.0059938963	0.0104810101	0.9835250936
0	0.1619404390	0.5052499005	0.3328096605
0	0.0080877407	0.6724303946	0.3194818647
0	0.0000000000	0.9999966240	0.0000033760
0	0.0087126668	0.7876988216	0.2035885116
0	0.0044923720	0.9739489492	0.0215586789
0	0.1723052283	0.0198255594	0.8078692123
0	0.1301919019	0.0787808867	0.7910272114
0	0.0010807742	0.7605458123	0.2383734135
0	0.2947123627	0.6708423050	0.0344453324
0	0.0165656792	0.9834255550	0.0000087657
0	0.0000000000	0.7655192211	0.2344807789
0	0.2927534666	0.4672673431	0.2399791904
0	0.0929657178	0.0001859625	0.9068483197
0	0.4714978231	0.0334636391	0.4950385378
0	0.0581061977	0.8953772244	0.0465165779
0	0.0000000000	0.8924188868	0.1075811132
0	0.4116770363	0.2103128380	0.3780101257
0	0.8532480406	0.0322526995	0.1144992600
2	0.4461274191	0.4264335732	0.1274390077
0	0.0068749397	0.9005271610	0.0925978993
0	0.0000726569	0.5504878528	0.4494394902
0	0.4045368882	0.0009353298	0.5945277820
0	0.0000019312	0.2946821901	0.7053158786
0	0.0084859218	0.2629955461	0.7285185321
0	0.0000007341	0.3404861111	0.6595131548
0	0.0002332626	0.0405669751	0.9591997622
1	0.0127625342	0.8595921265	0.1276453393
0	0.2069979042	0.0062016452	0.7868004506
0	0.5596318981	0.0514663905	0.3889017114
0	0.0613856108	0.0136726402	0.9249417490
0	0.0000000550	0.5117139027	0.4882860422
0	0.3261689530	0.1130003991	0.5608306480
0	0.7129879877	0.1288024530	0.1582095592
0	0.0761969592	0.9238030312	0.0000000095
0	0.8722468480	0.0235374186	0.1042157333
0	0.0000000000	0.4305543689	0.5694456311
0	0.0418760380	0.9552237202	0.0029002418
0	0.0000016050	0.0285169417	0.9714814533
0	0.1363742806	0.0000000000	0.8636257194
0	0.0727150014	0.5935658905	0.3337191082
