0	0.5468255295	0.4531744695	0.0000000010
0	0.8170378340	0.1166933033	0.0662688627
0	0.0709602776	0.9241854066	0.0048543159
0	0.8772658945	0.0761232816	0.0466108240
0	0.6475683848	0.0678866338	0.2845449814
0	0.2049911285	0.7438628423	0.0511460292
0	0.1631187196	0.8365899411	0.0002913393
1	0.0057203423	0.0066208384	0.9876588193
0	0.2439283186	0.4101006018	0.3459710796
0	0.6024561102	0.1928614865	0.2046824033
0	0.4370616257	0.0000000000	0.5629383743
0	0.0000000549	0.6854490186	0.3145509265
0	0.0827206719	0.7644553590	0.1528239691
1	0.6970533504	0.0476468659	0.2552997837
1	0.5537288125	0.0345574567	0.4117137308
0	0.4674453047	0.1213872968	0.4111673985
0	0.2123397242	0.0102632937	0.7773969821
0	0.9842032423	0.0157966466	0.0000001111
0	0.6988288041	0.0000000000	0.3011711959
0	0.8821323595	0.0000468200	0.1178208205
0	0.5751120249	0.0013285843	0.4235593908
0	0.8575531809	0.1395512684	0.0028955507
0	0.4835691765	0.2506936559	0.2657371676
0	0.9184255328	0.0796759617	0.0018985055
0	0.0318784131	0.9499681530	0.0181534339
0	0.6050518168	0.3137375513	0.0812106319
0	0.5386300416	0.0000019088	0.4613680496
0	0.4734063367	0.2351318306	0.2914618328
0	0.0002710571	0.0545373640	0.9451915788
0	0.9948056973	0.0051943027	0.0000000000
1	0.1014888167	0.8952798797	0.0032313036
0	0.6139801497	0.0810478915	0.3049719589
0	0.6941612116	0.1666560413	0.1391827472
0	0.1265362526	0.0866300542	0.7868336932
0	0.9724063118	0.0000000680	0.0275936202
0	0.0029191142	0.0247171051	0.9723637807
2	0.9157548372	0.0340454315	0.0501997313
0	0.9649655883	0.0000116809	0.0350227308
0	0.0000007100	0.3011489326	0.6988503575
0	0.1172174401	0.0546266060	0.8281559539
0	0.7002182990	0.0064757373	0.2933059637
0	0.3721192457	0.1117754270	0.5161053273
1	0.3916814940	0.6083019843	0.0000165216
0	0.0050066134	0.9643881583	0.0306052284
0	0.5385093945	0.0336094684	0.4278811372
0	0.0000000000	0.0946788670	0.9053211330
0	0.0339108149	0.8882228204	0.0778663646
0	0.0890760270	0.8614271195	0.0494968536
1	0.6315822351	0.0594193178	0.3089984471
0	0.0426683595	0.0000000000	0.9573316405
0	0.7274654206	0.0000006844	0.2725338950
0	0.5400723589	0.4597633431	0.0001642980
0	0.0000703862	0.8154109384	0.1845186754
0	0.0032120051	0.9967597133	0.0000282817
0	0.7811475011	0.1379398494	0.0809126496
0	0.5953111084	0.0199222832	0.3847666084
0	0.6705235005	0.1734158619	0.1560606376
0	0.0378854542	0.9621141024	0.0000004434
0	0.9540859038	0.0000000000	0.0459140962
0	0.8263708829	0.0019742453	0.1716548717
0	0.8514762117	0.0044063472	0.1441174411
0	0.0333688435	0.8419665646	0.1246645919
0	0.0083744841	0.0006893711	0.9909361448
0	0.0662650153	0.0407288776	0.8930061071
0	0.2022217039	0.0618974954	0.7358808008
0	0.8103676547	0.0090205384	0.1806118069
0	0.0179059297	0.9609460413	0.0211480290
0	0.6580098592	0.3078486896	0.0341414512
0	0.1746053081	0.2909482454	0.5344464464
0	0.9159127990	0.0000132856	0.0840739154
0	0.6578469727	0.2722081449	0.0699448824
0	0.4863743628	0.5126991094	0.0009265278
0	0.5914703002	0.0000401833	0.4084895166
0	0.9060901917	0.0863230020	0.0075868063
0	0.4485861826	0.0803897235	0.4710240940
0	0.2793994595	0.0955611483	0.6250393923
0	0.9999801857	0.0000197944	0.0000000198
0	0.7088354701	0.1139247163	0.1772398135
0	0.0103609371	0.1868369386	0.8028021243
0	0.5073398868	0.0808129699	0.4118471433
0	0.8164152754	0.1653529750	0.0182317496
0	0.2741749035	0.0134719581	0.7123531383
0	0.6626959546	0.2959881264	0.0413159190
0	0.2760941382	0.7216148387	0.0022910231
0	0.0661377104	0.2362392934	0.6976229962
0	0.9374894129	0.0614990251	0.0010115620
0	0.0203994030	0.3052357672	0.6743648298
0	0.0086277803	0.0001371054	0.9912351143
0	0.0086626587	0.9905099762	0.0008273651
0	0.0303895494	0.1607508525	0.8088595982
0	0.9865630927	0.0000830093	0.0133538980
0	0.2362230399	0.0063926353	0.7573843248
0	0.0003699273	0.9782326156	0.0213974571
0	0.1075555269	0.4084690391	0.4839754340
0	0.9642836694	0.0035890602	0.0321272704
0	0.8736603442	0.1261581135	0.0001815423
1	0.9028943552	0.0000031014	0.0971025434
0	0.2395638177	0.0016065791	0.7588296032
0	0.1323130617	0.7260062772	0.1416806612
0	0.6327402007	0.0341819987	0.3330778006
