0	0.0117273478	0.0012145107	0.9870581415
1	0.9571882549	0.0427929496	0.0000187956
0	0.1003275029	0.0000000000	0.8996724971
0	0.3069868916	0.0006750209	0.6923380875
1	0.0365448324	0.0418154225	0.9216397450
0	0.0707515530	0.3609644102	0.5682840368
0	0.0702030553	0.1337869521	0.7960099926
0	0.0009562611	0.5023252695	0.4967184694
0	0.2301832862	0.6893806829	0.0804360309
0	0.0000114189	0.5017757766	0.4982128046
0	0.0287346092	0.0295292032	0.9417361876
1	0.0003154746	0.8466845677	0.1529999577
0	0.0387651519	0.0000000001	0.9612348480
0	0.4951121168	0.0180120633	0.4868758199
0	0.1749452692	0.5556413905	0.2694133404
0	0.0000107885	0.8739287189	0.1260604926
1	0.0511918905	0.9078718779	0.0409362317
0	0.3134552655	0.4538185696	0.2327261648
0	0.1056723160	0.4295959413	0.4647317427
0	0.0524922606	0.1649458104	0.7825619290
0	0.0437319319	0.8894021370	0.0668659310
0	0.0000893593	0.9831640889	0.0167465519
1	0.0581503934	0.2255101956	0.7163394111
0	0.0000000000	0.9849600038	0.0150399962
0	0.1050518752	0.2650601809	0.6298879439
0	0.3470158601	0.5804709278	0.0725132121
0	0.6368992387	0.3589155708	0.0041851905
0	0.0285502017	0.1196154196	0.8518343786
0	0.0000000000	0.3096864099	0.6903135901
0	0.0000000003	0.0038510141	0.9961489857
0	0.0579975076	0.0004124989	0.9415899935
0	0.8590363924	0.0033139942	0.1376496134
0	0.0625049745	0.3004824310	0.6370125945
0	0.6548429654	0.1291966174	0.2159604172
0	0.5766394781	0.0014963383	0.4218641836
0	0.0004451602	0.0354625762	0.9640922636
0	0.8235899749	0.0203841731	0.1560258520
0	0.0004771605	0.7197539964	0.2797688432
0	0.0000000000	0.0298243114	0.9701756886
0	0.0492367386	0.4573059039	0.4934573575
0	0.0000000000	0.3268487166	0.6731512834
0	0.0998048523	0.0979322190	0.8022629287
0	0.0000000122	0.0050429455	0.9949570423
0	0.5843056220	0.1902443791	0.2254499990
0	0.0784002505	0.0000000000	0.9215997495
0	0.0009039167	0.9838085340	0.0152875493
0	0.4685510827	0.0000838338	0.5313650834
0	0.0018759173	0.0128888225	0.9852352601
0	0.0004871397	0.0156627681	0.9838500922
0	0.0202563563	0.7823715677	0.1973720761
0	0.1340302379	0.1627176126	0.7032521495
0	0.1394569811	0.0000007470	0.8605422719
2	0.2966045216	0.3140604886	0.3893349898
0	0.0850507493	0.3867706454	0.5281786052
1	0.0030020884	0.0124869106	0.9845110010
0	0.0000224171	0.0134510167	0.9865265662
0	0.1802753300	0.8196878251	0.0000368448
0	0.1022559462	0.2351135452	0.6626305086
0	0.1094986157	0.7575753176	0.1329260667
0	0.9997614587	0.0002385413	0.0000000000
1	0.0000001518	0.8195785657	0.1804212825
0	0.0000000000	0.7712836697	0.2287163303
0	0.2378712208	0.7596816109	0.0024471683
1	0.0009619579	0.0145566050	0.9844814371
0	0.0291686007	0.8365284156	0.1343029838
0	0.0005296211	0.0565363549	0.9429340240
0	0.6328537124	0.1332135206	0.2339327670
0	0.0000000000	0.0202422609	0.9797577391
0	0.0000000000	0.8071136080	0.1928863920
0	0.0021124821	0.8645779430	0.1333095749
0	0.8939290239	0.0660783226	0.0399926536
0	0.0000000000	0.3841028198	0.6158971802
0	0.1833200006	0.0002780738	0.8164019256
0	0.1105934551	0.8894065017	0.0000000432
0	0.0000045884	0.5708171555	0.4291782561
0	0.3095404551	0.0388918332	0.6515677117
0	0.6614419250	0.0020224848	0.3365355901
0	0.2868794541	0.1862961277	0.5268244182
0	0.2887030851	0.3512101734	0.3600867415
0	0.4211420347	0.0716073049	0.5072506605
0	0.9793877234	0.0000000001	0.0206122765
0	0.3442394112	0.0174927835	0.6382678053
0	0.7315734640	0.2035652187	0.0648613174
0	0.1378157571	0.5069373824	0.3552468605
0	0.2953647465	0.6815396822	0.0230955713
0	0.7746358735	0.0036855234	0.2216786031
0	0.1242542799	0.0246641951	0.8510815250
0	0.0025979926	0.0447561424	0.9526458649
0	0.0087331947	0.1026986624	0.8885681429
1	0.5565176271	0.0900502967	0.3534320762
0	0.0016344882	0.1743329607	0.8240325511
0	0.0002481148	0.3452468385	0.6545050467
0	0.0051708873	0.9948290952	0.0000000176
0	0.0332761321	0.3861647421	0.5805591258
0	0.0697751201	0.0309861644	0.8992387155
0	0.0000000207	0.2263291823	0.7736707970
0	0.0387903092	0.9611993689	0.0000103219
0	0.1775331932	0.0204852254	0.8019815814
0	0.0420377580	0.1270063539	0.8309558881
0	0.7021268489	0.0011779377	0.2966952134
