0	0.0797394945	0.0080723220	0.9121881835
0	0.0175517672	0.0000000000	0.9824482328
0	0.0007581681	0.0246894641	0.9745523678
0	0.2898050529	0.0001850848	0.7100098623
0	0.8707193179	0.0882115745	0.0410691076
0	0.0000002351	0.0013951684	0.9986045966
1	0.0114777323	0.9416048649	0.0469174028
0	0.3560694525	0.0146947883	0.6292357592
0	0.0355203308	0.0069301856	0.9575494836
2	0.9583441988	0.0000000000	0.0416558012
0	0.0292497656	0.4243076704	0.5464425641
0	0.0000431825	0.4272140794	0.5727427381
1	0.9148509081	0.0000010606	0.0851480313
0	0.8023700004	0.1902730029	0.0073569967
0	0.9824514404	0.0000000000	0.0175485596
0	0.2145709713	0.0361127908	0.7493162380
0	0.0170908719	0.6864238014	0.2964853267
0	0.6932300112	0.3067699806	0.0000000082
0	0.8413174424	0.0000000000	0.1586825576
0	0.4521983419	0.0370959355	0.5107057226
0	0.0276533604	0.9042281638	0.0681184758
0	0.0682801859	0.7472856231	0.1844341909
1	0.0850301110	0.2479447203	0.6670251687
0	0.7790551977	0.0203336253	0.2006111771
1	0.2157815597	0.0000098937	0.7842085466
1	0.0645991358	0.0000088060	0.9353920582
0	0.0043741137	0.0112949926	0.9843308937
0	0.5132963116	0.4369009938	0.0498026946
0	0.7209853711	0.0072866970	0.2717279319
0	0.0007228299	0.8961049969	0.1031721732
0	0.9857336229	0.0012688816	0.0129974955
0	0.9900929084	0.0074873973	0.0024196943
0	0.0060404170	0.0000000018	0.9939595811
0	0.6582427781	0.0181557800	0.3236014420
0	0.4303068264	0.1019214969	0.4677716767
0	0.1102210296	0.3964947732	0.4932841972
0	0.0089027578	0.9591028653	0.0319943769
0	0.3259651366	0.3298381656	0.3441966978
0	0.3837101143	0.2783050224	0.3379848633
0	0.0318996423	0.4788607769	0.4892395808
0	0.0207786815	0.0792294771	0.8999918414
0	0.0000042832	0.9916518102	0.0083439066
0	0.2543543833	0.7205783717	0.0250672451
0	0.6238185817	0.0359537876	0.3402276307
0	0.8074421367	0.1576457266	0.0349121367
0	0.0043079278	0.9953407137	0.0003513584
0	0.2598567016	0.1644400004	0.5757032979
0	0.9536532495	0.0461443781	0.0002023724
0	0.3786801496	0.6209590458	0.0003608045
0	0.1647938205	0.5508723488	0.2843338306
0	0.7808821215	0.0012361430	0.2178817355
0	0.5282146956	0.4514569966	0.0203283078
0	0.6172176558	0.0689222446	0.3138600996
0	0.7648911714	0.0279438254	0.2071650032
0	0.0000716673	0.9823855229	0.0175428098
0	0.6516195539	0.2314398668	0.1169405793
0	0.2744801301	0.1905915214	0.5349283486
0	0.7954275954	0.2044043810	0.0001680236
0	0.9369197166	0.0630022538	0.0000780296
0	0.0001367533	0.3678000223	0.6320632244
0	0.0000000000	0.8100192733	0.1899807266
0	0.3939027171	0.0348383580	0.5712589248
0	0.7347434140	0.0010091603	0.2642474257
0	0.2340267003	0.1513118272	0.6146614726
0	0.8092013868	0.1785800964	0.0122185168
0	0.0000000000	0.1125239240	0.8874760760
0	0.1654979043	0.0000000000	0.8345020957
0	0.9954037768	0.0000029875	0.0045932357
0	0.0000000005	0.6558537591	0.3441462404
0	0.3458095270	0.0000000000	0.6541904730
0	0.3651145360	0.3374155715	0.2974698926
0	0.0008619644	0.9991236464	0.0000143892
0	0.0696025256	0.0000000000	0.9303974744
0	0.0375280399	0.0018354050	0.9606365551
0	0.7719191715	0.1433270900	0.0847537385
0	0.8762853174	0.0266887487	0.0970259340
1	0.3170101715	0.6829847408	0.0000050877
0	0.9997506529	0.0000000003	0.0002493468
0	0.7005966446	0.0228237339	0.2765796215
0	0.6186194386	0.3303224053	0.0510581561
0	0.8521193424	0.1382829868	0.0095976708
0	0.0114066049	0.1115706358	0.8770227594
0	0.9145030381	0.0854969619	0.0000000000
0	0.3756264868	0.6243728251	0.0000006881
0	0.9731665805	0.0000073880	0.0268260315
0	0.0946506795	0.0003855856	0.9049637349
0	0.7703493520	0.0029908250	0.2266598230
0	0.0036163135	0.0313583991	0.9650252874
0	0.7959965333	0.1380583268	0.0659451400
0	0.5690864383	0.0115984382	0.4193151234
0	0.6395411881	0.3439802421	0.0164785698
0	0.3359745310	0.3980632979	0.2659621711
0	0.0023935947	0.8853356537	0.1122707517
0	0.0066811768	0.3333031162	0.6600157070
1	0.4127152786	0.1861577951	0.4011269263
1	0.4337863084	0.0460203091	0.5201933825
0	0.4812123665	0.0000000000	0.5187876335
0	0.7198779915	0.0331860578	0.2469359507
1	0.8418321746	0.0524687540	0.1056990715
0	0.2881521071	0.1400368096	0.5718110832
