1	0.1433595215	0.6289569222	0.2276835563
0	0.9755366071	0.0067220171	0.0177413757
0	0.7209262703	0.1700741078	0.1089996219
0	0.7355054518	0.0000273722	0.2644671760
0	0.7232034025	0.1251776088	0.1516189886
0	0.9872976367	0.0003475882	0.0123547751
0	0.2256383370	0.0002733271	0.7740883359
0	0.0616060850	0.4349622104	0.5034317046
0	0.8779793790	0.0111723071	0.1108483139
0	0.0132595281	0.0000000112	0.9867404607
0	0.1897125324	0.0096954656	0.8005920020
0	0.0000318170	0.0732593861	0.9267087968
0	0.0159067184	0.0008004768	0.9832928048
0	0.0306764878	0.0088617625	0.9604617497
0	0.1922050703	0.8060764072	0.0017185225
1	0.0561268992	0.9435979456	0.0002751552
0	0.2706309408	0.1512121644	0.5781568948
0	0.1627923694	0.2349248111	0.6022828195
2	0.2923232511	0.0000395179	0.7076372309
0	0.5811900875	0.0000502779	0.4187596346
0	0.0000000000	0.1458507619	0.8541492381
0	0.0366685106	0.6318193761	0.3315121133
0	0.6443591871	0.2350708148	0.1205699980
0	0.2672658345	0.1375925894	0.5951415761
0	0.9878828708	0.0037620193	0.0083551099
0	0.8176287991	0.0917263782	0.0906448227
1	0.8770771637	0.0044187703	0.1185040660
1	0.0120982839	0.5077535888	0.4801481273
1	0.9928098899	0.0000000007	0.0071901094
0	0.6014472189	0.0001308951	0.3984218860
0	0.0044659900	0.0000000428	0.9955339671
0	0.0001493266	0.0000010244	0.9998496489
0	0.0436359442	0.1843881706	0.7719758851
0	0.2113570685	0.4008120567	0.3878308749
0	0.9522367795	0.0170604326	0.0307027878
0	0.2493455514	0.1547828518	0.5958715968
0	0.0109080748	0.0025639867	0.9865279385
0	0.8749761247	0.1246573379	0.0003665374
0	0.0793495768	0.0734402530	0.8472101702
0	0.5973306804	0.3453254413	0.0573438783
0	0.7528595901	0.0708361243	0.1763042856
0	0.9698612596	0.0000054674	0.0301332729
0	0.0395618007	0.0000005641	0.9604376351
0	0.0710955936	0.0000000000	0.9289044064
0	0.1026386333	0.8920964387	0.0052649280
0	0.1111852731	0.2091110986	0.6797036283
0	0.9737837311	0.0262161396	0.0000001293
0	0.7434641842	0.2350806035	0.0214552123
0	0.0119951185	0.3425386142	0.6454662672
0	0.6837196462	0.2428954968	0.0733848570
0	0.0564760309	0.8044701778	0.1390537913
0	0.9931894997	0.0068105003	0.0000000000
0	0.1823566553	0.0039808815	0.8136624632
0	0.4463581411	0.0010218108	0.5526200482
0	0.0051986434	0.9748524379	0.0199489187
1	0.6309516743	0.3139174337	0.0551308920
0	0.0000006784	0.4199480576	0.5800512640
0	0.2435971221	0.6899886202	0.0664142577
0	0.0196378831	0.0130213914	0.9673407255
0	0.0055586474	0.0013991514	0.9930422012
0	0.1676392679	0.8323586649	0.0000020672
0	0.3199000866	0.0832549563	0.5968449571
0	0.0014074890	0.1384677326	0.8601247784
0	0.0108465635	0.9891534114	0.0000000251
0	0.0076266462	0.9923453984	0.0000279555
0	0.4009406847	0.5990565885	0.0000027269
0	0.2754477858	0.0110528352	0.7134993789
1	0.5776571365	0.3753610343	0.0469818293
0	0.1709970717	0.0226885927	0.8063143356
0	0.0849688479	0.0908992063	0.8241319459
0	0.8730072529	0.1262008298	0.0007919173
0	0.0017691553	0.8564850630	0.1417457817
0	0.0326422062	0.0000002738	0.9673575201
0	0.9682155522	0.0012662693	0.0305181784
0	0.0000000000	0.2761773225	0.7238226775
0	0.5174605920	0.2327643585	0.2497750494
0	0.7214343301	0.0969210692	0.1816446007
0	0.1259142438	0.4268774066	0.4472083497
0	0.2631385042	0.2479169454	0.4889445504
0	0.9989488229	0.0000310628	0.0010201143
0	0.0000003667	0.0000000002	0.9999996331
0	0.0008269254	0.4231014072	0.5760716674
0	0.9739188642	0.0255531793	0.0005279565
0	0.0000000000	0.2576540022	0.7423459978
0	0.8950660625	0.0165334738	0.0884004637
0	0.0000444486	0.0364934802	0.9634620712
0	0.3893808633	0.0247822785	0.5858368582
0	0.0289179384	0.0000000000	0.9710820616
0	0.1203237607	0.7721346264	0.1075416128
0	0.5967219205	0.1054056877	0.2978723918
0	0.9359177416	0.0111669627	0.0529152957
0	0.9601346912	0.0201877667	0.0196775421
0	0.0010277122	0.0000012904	0.9989709974
0	0.9032892539	0.0921862712	0.0045244749
0	0.0528433594	0.0000000516	0.9471565890
0	0.4368203510	0.0658642544	0.4973153946
0	0.2109249245	0.5410902768	0.2479847987
1	0.3037755637	0.0597364805	0.6364879559
0	0.2516840557	0.3343288128	0.4139871315
0	0.0000000000	0.9999999983	0.0000000017
