0	0.0000000028	0.1859559367	0.8140440605
0	0.0098473511	0.3273576492	0.6627949998
0	0.0000000551	0.0348207499	0.9651791950
0	0.0835178017	0.5042474339	0.4122347644
0	0.0002680614	0.0174682485	0.9822636901
0	0.7725465977	0.2090759556	0.0183774467
1	0.2526696312	0.5341458280	0.2131845408
0	0.9301207931	0.0475971773	0.0222820296
0	0.0011386470	0.9988196741	0.0000416789
0	0.0815996726	0.3236329690	0.5947673584
0	0.3476445099	0.0215600867	0.6307954034
0	0.0028770087	0.0592776889	0.9378453023
0	0.1329560382	0.2292492883	0.6377946736
0	0.6055409512	0.0322548859	0.3622041628
0	0.0833834399	0.2443410126	0.6722755475
0	0.0012917075	0.0516389180	0.9470693745
0	0.0391185692	0.9574256160	0.0034558149
0	0.0016507592	0.4131235303	0.5852257105
0	0.0119233089	0.2306353630	0.7574413282
0	0.0000000019	0.3473054173	0.6526945808
0	0.0377542048	0.2143181233	0.7479276719
0	0.1786260793	0.1368407047	0.6845332160
0	0.1722675418	0.4233720982	0.4043603600
0	0.2609107405	0.6694042438	0.0696850158
0	0.0134720487	0.2435967084	0.7429312429
0	0.9933766457	0.0042874493	0.0023359049
0	0.2200993302	0.1227703618	0.6571303080
0	0.0999171534	0.3919350027	0.5081478439
0	0.0000035376	0.0073844469	0.9926120155
1	0.0022444277	0.5981333585	0.3996222138
0	0.0000006048	0.0904538407	0.9095455544
0	0.3926420702	0.6053446481	0.0020132818
0	0.0077865813	0.6614159142	0.3307975046
0	0.3172073109	0.6553046283	0.0274880608
0	0.0000000000	0.8605317423	0.1394682577
0	0.0012538489	0.0083782644	0.9903678866
0	0.0014752853	0.9259414861	0.0725832285
1	0.0000000000	0.0554910497	0.9445089503
1	0.2246646588	0.7179462564	0.0573890848
0	0.4058807258	0.5921475671	0.0019717071
0	0.2233363143	0.5140450458	0.2626186399
0	0.0021511218	0.9800511381	0.0177977400
0	0.0002519911	0.0019578196	0.9977901893
0	0.1839544282	0.1963633266	0.6196822452
0	0.0879750755	0.6103486335	0.3016762910
0	0.0410772083	0.1080679904	0.8508548013
0	0.9529925517	0.0026623396	0.0443451087
0	0.6134949828	0.3698815022	0.0166235151
0	0.2314446607	0.3261697001	0.4423856392
0	0.0014002702	0.9133522950	0.0852474349
1	0.0000137847	0.9999862153	0.0000000000
0	0.0003539046	0.1647264087	0.8349196867
0	0.0010559854	0.9542384418	0.0447055728
0	0.4712375637	0.0132629210	0.5154995153
0	0.8043988817	0.0051485612	0.1904525571
0	0.0737079108	0.6920975602	0.2341945290
0	0.1850194401	0.0000167515	0.8149638084
0	0.0426500047	0.9550452305	0.0023047648
1	0.9688206419	0.0311793561	0.0000000020
0	0.4714344951	0.1763431758	0.3522223291
0	0.0071148966	0.7121809702	0.2807041331
0	0.0133235913	0.3560605264	0.6306158822
0	0.0000000000	0.9934884769	0.0065115231
0	0.0069190153	0.5816064279	0.4114745567
0	0.1092245303	0.1550534395	0.7357220302
0	0.1976903240	0.4555009490	0.3468087270
0	0.4509882832	0.0000000000	0.5490117168
0	0.0051730158	0.2972879524	0.6975390317
2	0.0000000000	0.2095153408	0.7904846592
0	0.0000000324	0.1248498919	0.8751500757
0	0.0064977447	0.2067497312	0.7867525241
0	0.5168403136	0.4603473320	0.0228123543
0	0.0000000952	0.0002879497	0.9997119551
0	0.0051060108	0.0000719928	0.9948219964
0	0.4077261279	0.4777782017	0.1144956704
0	0.8635613034	0.0587435295	0.0776951671
0	0.6788842251	0.1344539944	0.1866617805
1	0.0661101677	0.9338888455	0.0000009868
0	0.0749302254	0.4602830706	0.4647867040
0	0.7692388462	0.2073395763	0.0234215776
0	0.0000155502	0.1628013212	0.8371831286
0	0.0000000068	0.0001133656	0.9998866276
0	0.0000000000	0.0000000000	1.0000000000
0	0.9050987595	0.0794697579	0.0154314826
0	0.2455661392	0.3507869754	0.4036468854
0	0.0004736087	0.8484493115	0.1510770798
0	0.1316383430	0.8565225822	0.0118390747
0	0.0161453055	0.6544241986	0.3294304960
1	0.2194386733	0.1760740097	0.6044873170
0	0.0009462305	0.0000201115	0.9990336580
0	0.0000000563	0.0049885180	0.9950114257
0	0.1190318847	0.3160848939	0.5648832213
0	0.0137776883	0.6484291551	0.3377931566
0	0.0275065388	0.9429589755	0.0295344857
0	0.0331956717	0.0164720830	0.9503322453
0	0.0147527040	0.9768776543	0.0083696417
0	0.0000102926	0.0159945425	0.9839951649
0	0.0000005719	0.6271650942	0.3728343339
0	0.0000000000	0.1827728022	0.8172271978
0	0.0054965845	0.0125915518	0.9819118637
