0	0.3928367291	0.5274391213	0.0797241495
0	0.0000000032	0.0000067610	0.9999932358
0	0.9381899599	0.0004547620	0.0613552781
0	0.5257431804	0.2731613956	0.2010954240
0	0.2545227272	0.0029865319	0.7424907409
0	0.0486813724	0.2375804324	0.7137381952
0	0.0479657098	0.5743757526	0.3776585376
0	0.1375958614	0.8572284158	0.0051757228
0	0.3512375737	0.5694913960	0.0792710303
0	0.5935794275	0.3901326826	0.0162878899
0	0.2632503937	0.7302729410	0.0064766653
0	0.5653408316	0.1282270486	0.3064321198
0	0.7799928249	0.2198315795	0.0001755956
0	0.0001125208	0.9525955512	0.0472919280
0	0.0085192231	0.0000516694	0.9914291076
0	0.8433909563	0.0262304022	0.1303786415
0	0.3624427127	0.4196099904	0.2179472969
0	0.5013882052	0.1164451594	0.3821666354
0	0.8441233302	0.0061185051	0.1497581646
0	0.0000277935	0.9771697350	0.0228024715
0	0.9999999852	0.0000000000	0.0000000148
0	0.4539090547	0.0017444275	0.5443465178
0	0.0000123750	0.4914325980	0.5085550270
0	0.0702713697	0.8666123158	0.0631163145
0	0.0118896902	0.0002042022	0.9879061075
2	0.0450523160	0.1669427627	0.7880049213
0	0.3005581379	0.6168019626	0.0826398995
0	0.0120436971	0.0001948205	0.9877614824
0	0.0000000000	0.5904376407	0.4095623593
0	0.5506747586	0.0512569935	0.3980682479
0	0.9587873029	0.0000286234	0.0411840737
0	0.3093553433	0.5103308208	0.1803138359
0	0.7628954384	0.1182598153	0.1188447463
0	0.2870966846	0.0000410783	0.7128622371
0	0.0009985993	0.4543384488	0.5446629519
0	0.0601797582	0.9291427579	0.0106774839
0	0.0000048095	0.9942697717	0.0057254188
0	0.9318883995	0.0000000008	0.0681115997
1	0.0000000000	0.8526146988	0.1473853012
0	0.0082051751	0.0040787364	0.9877160885
0	0.1665395058	0.0309776896	0.8024828046
0	0.9295810217	0.0169846621	0.0534343161
0	0.0546341579	0.8682504557	0.0771153864
0	0.0804481875	0.5179067859	0.4016450267
0	0.2038331991	0.0000334430	0.7961333579
0	0.0000000000	0.8080455616	0.1919544384
0	0.1914630117	0.4336217793	0.3749152090
0	0.0000603335	0.2950707267	0.7048689398
0	0.8398860975	0.0018245309	0.1582893716
0	0.9275152243	0.0645469181	0.0079378575
0	0.0000000029	0.0214340073	0.9785659898
0	0.8609586554	0.1384499380	0.0005914066
0	0.0037688775	0.0084529680	0.9877781546
0	0.7296048218	0.0000000000	0.2703951782
0	0.3245748110	0.0007091438	0.6747160452
1	0.1726595196	0.8263424163	0.0009980641
0	0.0408478542	0.0057781713	0.9533739745
1	0.1676434861	0.6741023311	0.1582541828
0	0.9048942711	0.0849547972	0.0101509317
0	0.9782811835	0.0002379309	0.0214808856
0	0.0017625546	0.2537278661	0.7445095793
0	0.3492708334	0.0062619096	0.6444672571
0	0.9998897257	0.0000000000	0.0001102743
0	0.0152314864	0.8331438976	0.1516246160
0	0.0501731185	0.1331138618	0.8167130197
0	0.1615639323	0.2916803807	0.5467556869
1	0.0003304551	0.2797537829	0.7199157620
0	0.1471392911	0.7675420774	0.0853186316
0	0.6346442673	0.2620887189	0.1032670138
0	0.3524685657	0.2313837423	0.4161476921
0	0.0662624153	0.8492409471	0.0844966376
0	0.0573223491	0.0110374288	0.9316402221
0	0.9710134305	0.0105443208	0.0184422486
0	0.1578399032	0.2768282083	0.5653318884
0	0.7795809983	0.0111272734	0.2092917283
0	0.0480915344	0.9519084656	0.0000000000
2	0.1257125847	0.8658035580	0.0084838573
0	0.9703839579	0.0000030750	0.0296129671
1	0.1059492274	0.8862102288	0.0078405438
0	0.0001349157	0.0731866051	0.9266784793
0	0.2331540706	0.7647454132	0.0021005162
0	0.0005937071	0.9332231633	0.0661831297
0	0.3343746906	0.0001939168	0.6654313926
0	0.4458022710	0.5536834597	0.0005142693
0	0.1563474096	0.2048898239	0.6387627664
0	0.0000220073	0.9999779113	0.0000000814
0	0.2607806474	0.0000270807	0.7391922719
0	0.9780295990	0.0051174989	0.0168529020
0	0.0334335202	0.1100178347	0.8565486451
0	0.0007895056	0.8939817408	0.1052287537
1	0.0203748272	0.9783997592	0.0012254136
0	0.4168600955	0.2203999855	0.3627399190
0	0.8771585357	0.0124396538	0.1104018105
0	0.1691662512	0.2237209431	0.6071128057
0	0.1368065720	0.5643789485	0.2988144795
0	0.9618326861	0.0000000000	0.0381673139
0	0.2100057975	0.0004331301	0.7895610724
0	0.1068830966	0.7753449336	0.1177719698
0	0.3567052747	0.0348190064	0.6084757188
0	0.9999790952	0.0000000000	0.0000209048
