0	0.6109946107	0.0938693495	0.2951360398
0	0.0000619547	0.2061308579	0.7938071874
0	0.1051081870	0.7920491732	0.1028426398
0	0.1331750848	0.1531079188	0.7137169964
0	0.0268345162	0.0834331052	0.8897323786
0	0.2292438785	0.0204022321	0.7503538894
0	0.0000047880	0.0063852890	0.9936099230
0	0.7035806646	0.0927271052	0.2036922302
0	0.8386389771	0.0036647130	0.1576963099
0	0.0000389459	0.9999607041	0.0000003499
0	0.0992383288	0.8670330986	0.0337285726
0	0.5111219726	0.1749869334	0.3138910940
0	0.3682771177	0.3931053164	0.2386175659
0	0.5694124285	0.0399663835	0.3906211880
0	0.8092874694	0.0001054224	0.1906071082
0	0.1634945849	0.2783191338	0.5581862813
0	0.0255333808	0.1033997902	0.8710668290
0	0.7805524401	0.2194063162	0.0000412437
0	0.0000000008	0.6467818535	0.3532181457
0	0.6466475954	0.0585232423	0.2948291623
0	0.4148139413	0.1209953606	0.4641906981
0	0.2583375752	0.0385114607	0.7031509641
0	0.0100063429	0.0874576780	0.9025359791
0	0.0039653698	0.1197068601	0.8763277702
1	0.3390643239	0.4030969098	0.2578387662
0	0.0000389614	0.0658480914	0.9341129472
0	0.0017070268	0.8252397883	0.1730531849
0	0.0000106166	0.5411450888	0.4588442946
0	0.3775418459	0.2363327852	0.3861253689
0	0.1105223096	0.2468517520	0.6426259384
0	0.5569181280	0.2113996257	0.2316822463
0	0.2359321802	0.0956011764	0.6684666434
0	0.5508548791	0.3666171253	0.0825279956
0	0.2842933844	0.0000054059	0.7157012097
0	0.8383035829	0.0440410488	0.1176553683
0	0.9378501538	0.0606242979	0.0015255483
0	0.6424085791	0.0135519144	0.3440395065
0	0.9601899868	0.0041661648	0.0356438484
0	0.9331660520	0.0117668288	0.0550671192
1	0.3529270105	0.0000016185	0.6470713710
0	0.2977149886	0.7015160064	0.0007690050
0	0.9854455603	0.0145537917	0.0000006480
0	0.7210718559	0.0000075891	0.2789205550
1	0.0000525333	0.5832198410	0.4167276257
0	0.9951053014	0.0000002089	0.0048944897
0	0.2326695377	0.7407566644	0.0265737979
0	0.2988042426	0.6908438897	0.0103518677
0	0.8892785490	0.0000000000	0.1107214510
0	0.0200923596	0.0000353798	0.9798722606
0	0.1764188922	0.4384810193	0.3851000884
0	0.9949578877	0.0047407402	0.0003013721
0	0.9804123649	0.0195875933	0.0000000418
2	0.8666077221	0.0445764134	0.0888158644
0	0.0463869663	0.0000483329	0.9535647007
1	0.6931063733	0.3047335471	0.0021600796
0	0.0299878507	0.0493113524	0.9207007969
0	0.8647066943	0.0000000000	0.1352933057
0	0.0800597180	0.0001185449	0.9198217372
0	0.2045555536	0.0699583670	0.7254860794
0	0.0118204577	0.0051479376	0.9830316048
0	0.5258454929	0.0664836421	0.4076708650
0	0.2304465787	0.3381061352	0.4314472862
0	0.1741114202	0.1944899250	0.6313986548
0	0.9838192382	0.0000063350	0.0161744268
0	0.0913394052	0.2377249418	0.6709356531
0	0.3361270810	0.0745945026	0.5892784164
1	0.0000011502	0.1013007731	0.8986980766
0	0.8915674903	0.1084317476	0.0000007621
1	0.6096511232	0.0000000000	0.3903488768
0	0.2065218979	0.7284524089	0.0650256932
0	0.0448554015	0.6988224435	0.2563221550
0	0.1069297258	0.4628997889	0.4301704853
0	0.0189608953	0.9677127389	0.0133263657
0	0.2385428761	0.5492309045	0.2122262194
1	0.0102346490	0.0019930759	0.9877722751
0	0.2033184327	0.7590838489	0.0375977184
0	0.0133435776	0.0000059500	0.9866504724
0	0.0238221123	0.0007033955	0.9754744922
0	0.0456618071	0.0009444832	0.9533937098
0	0.3608632825	0.0022138855	0.6369228319
0	0.9923222148	0.0000000070	0.0076777781
0	0.0392015012	0.0027701396	0.9580283592
0	0.0820159507	0.0884228901	0.8295611592
0	0.0050365711	0.0000113943	0.9949520345
0	0.0818037183	0.0109170126	0.9072792690
0	0.9829153054	0.0170810759	0.0000036187
0	0.0000108653	0.1477780423	0.8522110924
0	0.9739220380	0.0260703604	0.0000076016
0	0.0837729124	0.7612722494	0.1549548382
1	0.1994511593	0.0012296418	0.7993191988
0	0.0000000000	0.0543189153	0.9456810847
0	0.2454109545	0.7201589121	0.0344301335
0	0.0488480625	0.9274257467	0.0237261908
0	0.1051942332	0.2400758728	0.6547298939
0	0.0964759592	0.4509675650	0.4525564758
0	0.9257458930	0.0730224757	0.0012316313
0	0.4893078830	0.5106921170	0.0000000000
1	0.0132290437	0.0000000000	0.9867709563
0	0.0935709715	0.9064266472	0.0000023813
0	0.2076002442	0.4976195753	0.2947801805
