0	0.4341841198	0.5476527025	0.0181631777
0	0.2623883039	0.2152845806	0.5223271155
0	0.1657275050	0.2217716272	0.6125008678
1	0.0816389856	0.2070256273	0.7113353871
0	0.8251637182	0.0081540300	0.1666822519
0	0.0000315739	0.0000000000	0.9999684261
0	0.2072728951	0.1339210845	0.6588060205
0	0.9047807639	0.0003744368	0.0948447994
0	0.6459486200	0.1119384552	0.2421129249
0	0.7507914907	0.1398105500	0.1093979593
0	0.3613507951	0.0183161403	0.6203330646
0	0.0882766476	0.8493179145	0.0624054380
0	0.0028924788	0.3443008777	0.6528066435
1	0.0142681456	0.8641807443	0.1215511101
0	0.5535448443	0.4172514312	0.0292037245
0	0.0904931202	0.9092422155	0.0002646642
0	0.0008847279	0.8571095696	0.1420057024
0	0.1796965919	0.2067483348	0.6135550732
0	0.0568569529	0.0001047441	0.9430383030
0	0.0000000000	0.2109165578	0.7890834422
0	0.8791268823	0.0004029855	0.1204701322
0	0.4856384997	0.4749693547	0.0393921456
0	0.0485209301	0.3877229640	0.5637561059
0	0.8377381844	0.1620826529	0.0001791627
0	0.1502764754	0.4605344783	0.3891890463
0	0.9941942519	0.0001756061	0.0056301421
0	0.0008188434	0.0000007040	0.9991804526
0	0.0619732635	0.0072496353	0.9307771012
0	0.4851745631	0.0130474873	0.5017779496
0	0.6863049922	0.1757713997	0.1379236080
0	0.0020595200	0.9979404800	0.0000000000
0	0.2786102132	0.0045263738	0.7168634130
0	0.0000000000	0.0226369212	0.9773630788
0	0.0000000000	0.6532473958	0.3467526042
1	0.0013467304	0.2097862980	0.7888669716
0	0.9660992244	0.0000250586	0.0338757170
0	0.2321335581	0.0000251514	0.7678412906
0	0.7963699675	0.0290880100	0.1745420225
0	0.5810796214	0.0117025939	0.4072177847
0	0.5285243422	0.3024764772	0.1689991806
0	0.8370417814	0.0327274836	0.1302307350
0	0.9566879735	0.0425964538	0.0007155726
0	0.0736907516	0.9263012180	0.0000080303
0	0.0153164668	0.0000000000	0.9846835332
1	0.0003129332	0.0804179661	0.9192691006
0	0.0028516024	0.9884312063	0.0087171912
0	0.9207142955	0.0740034541	0.0052822504
0	0.7015038969	0.2940671400	0.0044289632
0	0.0000000256	0.3152880351	0.6847119393
0	0.0016626087	0.0079724263	0.9903649650
0	0.3185644093	0.0687575857	0.6126780050
0	0.0377056743	0.3313027014	0.6309916243
0	0.4227386832	0.1835577080	0.3937036088
0	0.6839661575	0.0453318904	0.2707019521
0	0.1217533337	0.0287586475	0.8494880188
0	0.0733491202	0.0700985003	0.8565523795
0	0.0718526729	0.1189708367	0.8091764904
0	0.8198970551	0.0001656200	0.1799373249
0	0.9858426842	0.0057507681	0.0084065477
0	0.5186472618	0.4803639145	0.0009888238
0	0.4795647960	0.5032177284	0.0172174756
0	0.2710159331	0.1832489097	0.5457351572
0	0.0106761301	0.0000274853	0.9892963846
0	0.2034457054	0.2724966302	0.5240576644
0	0.0000834290	0.9520596152	0.0478569558
0	0.6941666214	0.0084908853	0.2973424934
0	0.2368508509	0.4308915873	0.3322575618
0	0.0635815364	0.2691083359	0.6673101277
0	0.0484457046	0.0032266091	0.9483276863
0	0.2013031463	0.0012568162	0.7974400375
0	0.2356134683	0.1166874526	0.6476990791
0	0.0190742996	0.3395595144	0.6413661860
0	0.0279449282	0.0008187968	0.9712362750
0	0.0945813369	0.3204419179	0.5849767452
0	0.0307830493	0.0132248221	0.9559921286
0	0.0139149250	0.1818366785	0.8042483965
0	0.6596704470	0.1824806348	0.1578489182
0	0.0940678207	0.4389570509	0.4669751284
0	0.0018715584	0.8808191608	0.1173092807
0	0.4984108174	0.0235125070	0.4780766756
0	0.3492139005	0.4265309946	0.2242551048
0	0.2806879776	0.5388374804	0.1804745420
0	0.6674299552	0.0000102020	0.3325598428
0	0.0000000257	0.9348076011	0.0651923731
0	0.0111583180	0.0311405893	0.9577010926
0	0.0001358438	0.0510278977	0.9488362585
0	0.0607115012	0.4677709011	0.4715175977
0	0.0003206483	0.2178776391	0.7818017126
0	0.6733440175	0.3266559822	0.0000000002
0	0.0000248423	0.0101236380	0.9898515197
0	0.2140719507	0.0002140244	0.7857140249
0	0.2311116726	0.0001142413	0.7687740860
0	0.3182891419	0.0382502740	0.6434605841
0	0.1349096619	0.0150138008	0.8500765373
0	0.8059153601	0.0026555086	0.1914291312
0	0.5888020486	0.0245106413	0.3866873101
0	0.9999971105	0.0000000041	0.0000028854
0	0.0035321533	0.1359307910	0.8605370557
0	0.9830755532	0.0000044775	0.0169199692
2	0.3332391696	0.6667608304	0.0000000000
