0	0.0125385888	0.9684209122	0.0190404990
0	0.2651851494	0.7348148474	0.0000000033
0	0.0117353002	0.8600215025	0.1282431973
0	0.0004810548	0.3289713039	0.6705476413
0	0.8650651262	0.0628063648	0.0721285090
0	0.0892954230	0.9107045770	0.0000000000
0	0.4105405179	0.0013700723	0.5880894098
1	0.0158509792	0.4115983998	0.5725506210
0	0.9298243271	0.0701732915	0.0000023814
0	0.0005688991	0.0047826500	0.9946484510
0	0.9999049218	0.0000848260	0.0000102522
0	0.9568162101	0.0431837899	0.0000000000
0	0.0146509448	0.0062543908	0.9790946643
1	0.1777702304	0.5354082403	0.2868215294
1	0.0036342799	0.9931893927	0.0031763274
0	0.5455287500	0.0000042840	0.4544669660
0	0.0000000000	0.0519219197	0.9480780803
0	0.1220392086	0.0448577418	0.8331030497
0	0.9999976889	0.0000000000	0.0000023110
0	0.6901692205	0.0034903983	0.3063403812
0	0.1114851345	0.6893183936	0.1991964719
0	0.3028576871	0.0386013844	0.6585409285
0	0.9962147339	0.0037051583	0.0000801079
0	0.6161134653	0.2652343689	0.1186521658
0	0.2525388847	0.7134493787	0.0340117367
0	0.6494903804	0.0002388460	0.3502707736
0	0.3951648948	0.5856667202	0.0191683850
0	0.9162405272	0.0482397328	0.0355197399
0	0.0629977022	0.6161090576	0.3208932402
0	0.0437183485	0.3950616439	0.5612200076
1	0.0000000000	0.0168068219	0.9831931781
0	0.3556283570	0.0000000000	0.6443716430
0	0.8496385026	0.1227542529	0.0276072445
0	0.1623582802	0.7805643761	0.0570773437
0	0.3362274952	0.0000026347	0.6637698701
0	0.2122246774	0.0000478353	0.7877274873
2	0.0409805511	0.6611572252	0.2978622238
0	0.6800971960	0.2801191913	0.0397836127
0	0.1648467909	0.0002279610	0.8349252481
0	0.0878786155	0.5587271017	0.3533942828
0	0.3583151133	0.0058286916	0.6358561951
0	0.0470140667	0.9316108723	0.0213750609
1	0.0000000001	0.9901121454	0.0098878545
0	0.0015904975	0.3192793468	0.6791301558
0	0.4133494558	0.5746294187	0.0120211255
0	0.1087961357	0.8686870046	0.0225168596
0	0.8083575711	0.0788041376	0.1128382913
0	0.2670370615	0.7112490476	0.0217138909
1	0.0298671073	0.8335472857	0.1365856070
0	0.3363233304	0.0031483270	0.6605283426
0	0.4504560434	0.5413608684	0.0081830882
0	0.8666672064	0.1288043085	0.0045284850
0	0.8370939006	0.0045622442	0.1583438552
0	0.9052081578	0.0057868101	0.0890050321
0	0.0791658013	0.1945738018	0.7262603969
0	0.6435787877	0.0000007468	0.3564204654
0	0.7090590585	0.2891231452	0.0018177964
0	0.3560344991	0.2367068501	0.4072586508
0	0.0579936188	0.0000253289	0.9419810523
0	0.2375438945	0.2675976744	0.4948584312
0	0.4978499970	0.0000000000	0.5021500030
0	0.4391770250	0.0091927788	0.5516301962
0	0.1244384598	0.8418664654	0.0336950748
0	0.9846317761	0.0000918830	0.0152763409
0	0.2982407269	0.5318913215	0.1698679516
0	0.0999984942	0.8294371955	0.0705643103
0	0.1858329031	0.5337915196	0.2803755773
0	0.9923980985	0.0013020420	0.0062998595
0	0.0023110347	0.0315727416	0.9661162237
0	0.0951083013	0.2327432070	0.6721484917
0	0.8056397754	0.1800277147	0.0143325099
0	0.4198374347	0.0000422239	0.5801203414
0	0.2557606590	0.7442393310	0.0000000100
0	0.0978788195	0.0004025371	0.9017186434
0	0.1248031597	0.0966407789	0.7785560614
0	0.0063499326	0.8440107167	0.1496393508
0	0.7780505337	0.1411935880	0.0807558782
0	0.0374542456	0.9240953920	0.0384503624
0	0.2423105802	0.2315294329	0.5261599869
0	0.4472496659	0.5515293084	0.0012210257
0	0.0020504372	0.2799154878	0.7180340750
0	0.9564242174	0.0007366936	0.0428390890
0	0.7514004882	0.2112856802	0.0373138316
0	0.9999809361	0.0000110736	0.0000079903
0	0.9705593224	0.0000000000	0.0294406776
0	0.9216739661	0.0138835532	0.0644424807
0	0.6382791553	0.0020683755	0.3596524692
0	0.0634919313	0.8050104350	0.1314976337
0	0.0504902793	0.9388667991	0.0106429216
0	0.3447399534	0.2087481882	0.4465118583
0	0.8083267403	0.0242476247	0.1674256350
0	0.1493737019	0.8247826565	0.0258436416
0	0.0207554770	0.2179386164	0.7613059065
0	0.7839329274	0.0046539841	0.2114130884
0	0.1278253653	0.8689118205	0.0032628142
0	0.7137162232	0.0000232946	0.2862604822
1	0.0000904365	0.9632015967	0.0367079668
0	0.0000000000	0.0001893606	0.9998106394
0	0.2257577550	0.2332415058	0.5410007391
0	0.7434147277	0.1322062732	0.1243789991
