0	0.3353669456	0.5483604379	0.1162726165
0	0.0334692159	0.9664585685	0.0000722155
0	0.0005254838	0.9086919462	0.0907825700
0	0.0689412989	0.9027171830	0.0283415181
0	0.3126343319	0.2344279158	0.4529377523
0	0.6046153491	0.0000000502	0.3953846007
0	0.7551780279	0.0353661815	0.2094557906
0	0.0248306327	0.0946779770	0.8804913904
0	0.9496830759	0.0502682992	0.0000486249
0	0.1675094221	0.2350486479	0.5974419300
0	0.0693507187	0.8437658202	0.0868834611
1	0.0842082112	0.0273869238	0.8884048651
0	0.2052492625	0.1433488540	0.6514018836
0	0.8053269185	0.0129001029	0.1817729786
0	0.9392493529	0.0185542367	0.0421964103
0	0.6996377979	0.1183462720	0.1820159301
0	0.7462195999	0.2537804001	0.0000000000
1	0.2845109559	0.0000000022	0.7154890419
0	0.9381399809	0.0000000000	0.0618600191
0	0.7808769001	0.2167019870	0.0024211129
0	0.0806188081	0.0000000010	0.9193811908
0	0.1907664952	0.5690065631	0.2402269417
0	0.9431761829	0.0461407017	0.0106831154
0	0.0276226670	0.9148893639	0.0574879692
0	0.4393304484	0.0009835961	0.5596859555
0	0.4184830288	0.0894336940	0.4920832772
0	0.9302252335	0.0064829317	0.0632918348
0	0.0000275382	0.1340925171	0.8658799447
0	0.9960806326	0.0000002299	0.0039191374
0	0.0694735040	0.0807188656	0.8498076304
1	0.6915254484	0.3060478756	0.0024266759
1	0.9753598303	0.0081316863	0.0165084834
0	0.0000659428	0.9218393898	0.0780946674
1	0.4170183781	0.0450551837	0.5379264382
0	0.8001364529	0.1763559208	0.0235076264
0	0.9967688602	0.0000500155	0.0031811243
0	0.4912507546	0.0001671408	0.5085821046
0	0.3491332326	0.0253342319	0.6255325355
1	0.0001314705	0.9727893112	0.0270792183
0	0.6491803341	0.0222350364	0.3285846295
0	0.1361253413	0.0174958534	0.8463788053
0	0.9771133870	0.0007046954	0.0221819176
0	0.8687303777	0.0217485774	0.1095210449
0	0.4175341058	0.5521555877	0.0303103066
0	0.0045520341	0.8235263648	0.1719216011
0	0.0001722844	0.9860136086	0.0138141070
0	0.8428222185	0.0024094059	0.1547683756
0	0.9596656980	0.0403242974	0.0000100047
0	0.0175598049	0.9634392165	0.0190009786
0	0.9802315260	0.0197684688	0.0000000052
0	0.6628195326	0.3368822295	0.0002982379
0	0.9558004111	0.0364239736	0.0077756153
0	0.3601214919	0.3004471238	0.3394313844
0	0.0102222447	0.1480061330	0.8417716223
0	0.0296264790	0.0265175655	0.9438559555
0	0.1327021152	0.8413410765	0.0259568083
0	0.0107177311	0.3134170864	0.6758651825
0	0.0290710276	0.9556609142	0.0152680582
0	0.0002483252	0.4749637058	0.5247879690
0	0.0000612008	0.0000028415	0.9999359577
1	0.6241084230	0.3671803062	0.0087112708
0	0.9463974725	0.0001373890	0.0534651385
0	0.0821514639	0.8017745722	0.1160739639
0	0.3565963226	0.5613685778	0.0820350996
0	0.4426131255	0.5535185679	0.0038683066
1	0.0003816844	0.6792644907	0.3203538249
0	0.9994608052	0.0003973528	0.0001418420
0	0.5199357680	0.0005186960	0.4795455360
0	0.0003844969	0.6580555530	0.3415599500
1	0.2364407150	0.6460790711	0.1174802140
0	0.2704868062	0.0521527680	0.6773604258
0	0.3641266474	0.5785841266	0.0572892260
0	0.8213027684	0.0000029748	0.1786942567
0	0.8895213134	0.0005469023	0.1099317844
0	0.3589797542	0.5921757053	0.0488445405
0	0.3841370291	0.0713111835	0.5445517874
0	0.7330986811	0.1148012592	0.1521000596
1	0.3167350579	0.1700583059	0.5132066362
2	0.1379592096	0.6446237604	0.2174170300
0	0.0020048518	0.0000000000	0.9979951482
0	0.8951399065	0.0126549971	0.0922050964
1	0.0126649320	0.0022499548	0.9850851132
0	0.0581966760	0.0001509288	0.9416523952
0	0.0091096811	0.0720524549	0.9188378640
0	0.4031937851	0.0636544053	0.5331518095
1	0.4548777721	0.2480466603	0.2970755676
0	0.4424601954	0.0828245742	0.4747152305
0	0.3694178422	0.2295188766	0.4010632812
0	0.1672317044	0.8228592088	0.0099090869
0	0.7813814922	0.0012254921	0.2173930157
0	0.0006042688	0.0294429951	0.9699527362
0	0.8381761811	0.1618238189	0.0000000000
0	0.3791582370	0.6203602227	0.0004815402
1	0.0415022221	0.7268451539	0.2316526240
0	0.0023310737	0.9955597497	0.0021091766
0	0.5164707861	0.0032806334	0.4802485805
0	0.6581175180	0.1332101777	0.2086723043
0	0.9871564633	0.0124386454	0.0004048913
0	0.4573617469	0.0053683006	0.5372699525
0	0.0007008941	0.0528782952	0.9464208107
