0	0.4971923801	0.4913102949	0.0114973249
0	0.6076360578	0.1548951206	0.2374688215
0	0.3750236784	0.5954296451	0.0295466765
0	0.0981330564	0.7005536793	0.2013132643
1	0.8017747869	0.0008816490	0.1973435641
1	0.0554464750	0.9197640988	0.0247894262
0	0.0044992526	0.0255524307	0.9699483166
0	0.6861258594	0.3075546175	0.0063195231
1	0.0008427195	0.9282555651	0.0709017154
0	0.0000395693	0.9999601523	0.0000002784
0	0.7061820401	0.2750697113	0.0187482486
0	0.5758763705	0.1626737070	0.2614499225
0	0.9708011060	0.0291988767	0.0000000173
0	0.4076219186	0.0012213699	0.5911567114
0	0.3380784096	0.0491814264	0.6127401640
0	0.5087515448	0.0000000017	0.4912484535
1	0.1620363435	0.7147270302	0.1232366263
0	0.0667985684	0.8220278896	0.1111735420
0	0.8427183591	0.0000000000	0.1572816409
0	0.0000000000	0.0000000000	1.0000000000
0	0.0990720513	0.6867465614	0.2141813873
0	0.0402517456	0.2469943855	0.7127538689
0	0.4689730196	0.5269871488	0.0040398316
0	0.0572946532	0.7559205949	0.1867847520
0	0.3187488562	0.0000001079	0.6812510359
0	0.0957767995	0.0280955645	0.8761276359
0	0.1947944760	0.8043968558	0.0008086682
0	0.8195237089	0.0006481917	0.1798280995
0	0.9371677761	0.0623856015	0.0004466224
0	0.5394123410	0.3026221768	0.1579654821
0	0.7973954468	0.0189384959	0.1836660573
0	0.4169439336	0.0298061651	0.5532499013
0	0.0000004270	0.2514818319	0.7485177411
0	0.7859691750	0.2134881783	0.0005426467
0	0.9137542439	0.0000000000	0.0862457561
2	0.3871765651	0.4188209662	0.1940024687
0	0.3224786019	0.0001976952	0.6773237029
0	0.9721952105	0.0277945598	0.0000102297
1	0.0000371754	0.0932797607	0.9066830639
0	0.2024943477	0.7082251575	0.0892804947
0	0.0284152097	0.1352468772	0.8363379131
0	0.9522728866	0.0035541818	0.0441729315
0	0.0007893983	0.0213650326	0.9778455691
1	0.0000036381	0.3822299798	0.6177663821
0	0.0013501115	0.0959530270	0.9026968615
0	0.0001846434	0.0722959870	0.9275193695
0	0.1264388765	0.5494683076	0.3240928159
0	0.1632815254	0.8367184734	0.0000000012
0	0.0730635308	0.0762370232	0.8506994459
0	0.0004714922	0.4300938481	0.5694346598
0	0.2636651406	0.7103150848	0.0260197746
0	0.5722214073	0.3798761097	0.0479024829
0	0.0347683594	0.8565832166	0.1086484241
0	0.0027942437	0.0000000000	0.9972057563
0	0.0000000000	0.9272329486	0.0727670514
0	0.2041498013	0.0002919053	0.7955582934
0	0.0000000000	0.0809129885	0.9190870115
0	0.2682382653	0.0033292022	0.7284325325
0	0.8462924872	0.0230202650	0.1306872478
0	0.9989572823	0.0000160790	0.0010266387
0	0.9628428784	0.0361989540	0.0009581676
0	0.2423883028	0.0783835986	0.6792280986
0	0.0000242031	0.5334769132	0.4664988837
0	0.0074110884	0.1170858984	0.8755030132
0	0.1890206258	0.7775811455	0.0333982287
0	0.2652789389	0.0135930979	0.7211279631
0	0.6285627316	0.0023382613	0.3690990071
0	0.0607731155	0.0022357961	0.9369910884
1	0.0000173495	0.0488543401	0.9511283104
0	0.0015400767	0.9984580255	0.0000018978
0	0.2404601414	0.7490677709	0.0104720877
0	0.0000057608	0.2982060252	0.7017882141
1	0.7162889631	0.1533413948	0.1303696421
0	0.8261563189	0.1738231047	0.0000205764
0	0.1256671641	0.6702231091	0.2041097268
0	0.0751309054	0.0020592398	0.9228098548
0	0.0324305148	0.9675694852	0.0000000000
0	0.5927856922	0.1369519107	0.2702623971
0	0.9769306594	0.0205453741	0.0025239665
0	0.6143011631	0.0150672607	0.3706315762
0	0.0990703866	0.8565063731	0.0444232402
1	0.0998810485	0.0000000031	0.9001189485
0	0.2415106287	0.6323112628	0.1261781085
0	0.1700383853	0.0764686470	0.7534929677
0	0.9105810678	0.0000000000	0.0894189322
0	0.9955028753	0.0000047265	0.0044923982
0	0.8845978437	0.0182429424	0.0971592139
0	0.2667443378	0.6959212193	0.0373344430
0	0.0000000001	0.6920288562	0.3079711437
0	0.2018304029	0.0000003691	0.7981692280
0	0.0006909960	0.0000000000	0.9993090040
0	0.0483173097	0.9246642218	0.0270184685
0	0.3941458612	0.0417654863	0.5640886525
0	0.7155224446	0.0012731896	0.2832043659
0	0.1730503839	0.0006311638	0.8263184522
0	0.7664265687	0.1774575015	0.0561159298
0	0.0006303935	0.9991540703	0.0002155362
0	0.0000010607	0.8571424702	0.1428564691
0	0.0380738007	0.6622536674	0.2996725319
0	0.8802266083	0.0677053190	0.0520680727
