1	0.0001717285	0.8753633637	0.1244649078
0	0.0546161510	0.5339192383	0.4114646107
0	0.0142705383	0.0109736567	0.9747558050
0	0.4259997625	0.4671332930	0.1068669445
0	0.2846991166	0.6465027330	0.0687981504
0	0.0557474294	0.0410606664	0.9031919042
0	0.3304549880	0.4618501508	0.2076948611
0	0.1558802195	0.3109237257	0.5331960548
0	0.0040936916	0.4239328891	0.5719734193
1	0.2690509602	0.1602330591	0.5707159807
0	0.0577379462	0.0667843008	0.8754777530
1	0.0235404826	0.3423728416	0.6340866758
0	0.2367839026	0.5991608159	0.1640552815
0	0.0886994225	0.0242276639	0.8870729136
0	0.0000000010	0.1124198242	0.8875801748
0	0.1676086040	0.0000000568	0.8323913392
0	0.0402666675	0.6923911778	0.2673421546
0	0.1010530356	0.8937129990	0.0052339654
0	0.8281838887	0.0866654721	0.0851506393
0	0.0551030121	0.1175831289	0.8273138589
0	0.0000000005	0.9920829032	0.0079170964
1	0.0000910239	0.8057158248	0.1941931513
0	0.5210048506	0.0956477909	0.3833473585
0	0.1028557482	0.8803532755	0.0167909763
0	0.5458304417	0.2518930800	0.2022764783
0	0.4523105096	0.1233062980	0.4243831924
0	0.3757700335	0.0099677343	0.6142622323
0	0.0002897200	0.0250004584	0.9747098216
0	0.0490679917	0.1333284835	0.8176035249
0	0.9114452875	0.0085733439	0.0799813686
0	0.0003729727	0.0000002945	0.9996267328
0	0.3817368833	0.0662556284	0.5520074882
0	0.7262561235	0.2714903191	0.0022535574
0	0.2350844649	0.7649151805	0.0000003546
0	0.0779776058	0.0840726105	0.8379497837
0	0.2387900108	0.0988656964	0.6623442928
0	0.0332738821	0.7177361049	0.2489900131
0	0.0281435833	0.8337107252	0.1381456915
0	0.0329435666	0.1823187938	0.7847376396
0	0.2132628087	0.7763051199	0.0104320714
0	0.0000000710	0.1926995255	0.8073004035
0	0.3565574599	0.0737330889	0.5697094511
0	0.0622726292	0.8622525736	0.0754747972
0	0.4281793934	0.4862700684	0.0855505382
1	0.0284534172	0.9085233770	0.0630232058
2	0.0022141454	0.6285034110	0.3692824436
0	0.0000075807	0.5031923005	0.4968001188
0	0.2787210925	0.1976219649	0.5236569426
0	0.0000000000	0.3464820797	0.6535179202
2	0.0943555413	0.3967193852	0.5089250736
0	0.0246623546	0.5445217773	0.4308158681
0	0.1435051760	0.1859966577	0.6704981663
0	0.0013735238	0.1549397055	0.8436867708
0	0.4050919231	0.5552975278	0.0396105492
0	0.0454933199	0.0097628981	0.9447437820
0	0.0009435095	0.7916323902	0.2074241003
0	0.0076192922	0.0004019839	0.9919787239
0	0.1668066809	0.7650324470	0.0681608721
0	0.0000000000	0.9678539453	0.0321460547
0	0.3344844228	0.4896184940	0.1758970831
0	0.0000018383	0.3000818770	0.6999162847
0	0.0479161407	0.8655643908	0.0865194685
0	0.0000000000	0.0306755564	0.9693244436
0	0.0000000000	0.4747203614	0.5252796386
0	0.0016555693	0.3392248206	0.6591196101
1	0.0000000008	0.1211529468	0.8788470524
0	0.0000978296	0.0320597394	0.9678424310
0	0.1192041931	0.0000018957	0.8807939112
0	0.0413656958	0.0769450128	0.8816892914
0	0.0093721612	0.2510353397	0.7395924991
0	0.0577691550	0.0005478165	0.9416830285
1	0.0700604332	0.5446527041	0.3852868627
0	0.0992389963	0.8997234122	0.0010375915
0	0.3538964164	0.5895963452	0.0565072385
0	0.3469796555	0.1195222661	0.5334980783
0	0.6820083813	0.1433842883	0.1746073304
1	0.0000000000	0.5297998610	0.4702001390
0	0.7193971144	0.1236267435	0.1569761421
0	0.0000522265	0.9484249151	0.0515228583
0	0.0347480803	0.2353170626	0.7299348571
0	0.5379697537	0.0304649900	0.4315652563
0	0.3236051079	0.2169679264	0.4594269657
0	0.0183364089	0.9816583797	0.0000052115
0	0.0327691626	0.1450901890	0.8221406484
0	0.9595609252	0.0000000000	0.0404390748
0	0.0271275424	0.4652894876	0.5075829700
0	0.0928628935	0.1874796229	0.7196574837
0	0.0003444421	0.0000963421	0.9995592157
0	0.2005593053	0.1334667996	0.6659738951
0	0.0561031867	0.0042865511	0.9396102621
0	0.2908430942	0.3618803605	0.3472765454
0	0.0800145640	0.0720827976	0.8479026383
1	0.0000000000	0.0254481517	0.9745518483
0	0.0407528230	0.0475298532	0.9117173238
0	0.3026708655	0.0015040936	0.6958250409
0	0.0016978712	0.0000000348	0.9983020940
0	0.0000038592	0.9208334224	0.0791627184
0	0.2735839699	0.0555608230	0.6708552071
0	0.2711701608	0.3721455361	0.3566843031
0	0.0284164448	0.0001522656	0.9714312896
