0	0.8014926140	0.0000000000	0.1985073860
0	0.1562402286	0.8334361975	0.0103235739
0	0.0000243533	0.6624480969	0.3375275498
0	0.1066180337	0.7396438679	0.1537380985
0	0.0000276127	0.0000000000	0.9999723873
0	0.9837185802	0.0000343514	0.0162470684
0	0.9475505819	0.0524074737	0.0000419444
0	0.5183647768	0.4260372815	0.0555979417
0	0.9996884092	0.0003115874	0.0000000034
0	0.2345798472	0.0956914684	0.6697286844
0	0.8047477505	0.0009764573	0.1942757922
0	0.3964466055	0.0030614829	0.6004919115
0	0.3278286613	0.6681386262	0.0040327125
0	0.8958888597	0.1002831454	0.0038279949
0	0.7963229574	0.0789117103	0.1247653323
1	0.0000001468	0.6198806981	0.3801191551
0	0.0669687788	0.0000000006	0.9330312206
0	0.2624539469	0.7061818448	0.0313642083
0	0.0000000000	0.4165230013	0.5834769987
0	0.7486722999	0.2283708857	0.0229568144
0	0.1010611880	0.8988849177	0.0000538943
0	0.0352891991	0.7251250675	0.2395857334
0	0.0005056322	0.0468676869	0.9526266810
0	0.8577574889	0.1422420090	0.0000005021
0	0.6730128065	0.0029821689	0.3240050246
0	0.2003988845	0.2606438162	0.5389572993
1	0.2111688459	0.5153266515	0.2735045026
0	0.0814803113	0.1341628565	0.7843568322
0	0.0221103033	0.9778878082	0.0000018884
0	0.0012606266	0.0888440508	0.9098953226
0	0.2734824616	0.0010588959	0.7254586425
0	0.7012584579	0.0004749346	0.2982666075
0	0.0278178617	0.9708793320	0.0013028064
0	0.0463506051	0.6284476003	0.3252017946
0	0.1936398063	0.0000015048	0.8063586889
0	0.0421305585	0.3978033271	0.5600661144
0	0.6499148194	0.3039985044	0.0460866763
0	0.0165024533	0.9834975467	0.0000000000
0	0.0000000001	0.0006439104	0.9993560894
0	0.3609495761	0.6364645724	0.0025858514
0	0.5613970739	0.4386029261	0.0000000000
0	0.0338421978	0.9644620217	0.0016957805
0	0.0416616405	0.4303033502	0.5280350094
0	0.2195955637	0.7507128709	0.0296915655
0	0.0745001563	0.8124806596	0.1130191841
0	0.9999231443	0.0000000023	0.0000768534
0	0.7452655508	0.0897501542	0.1649842951
0	0.0031693052	0.0028790562	0.9939516385
0	0.9859731475	0.0128165956	0.0012102569
0	0.3663330963	0.3790331768	0.2546337269
0	0.7815235877	0.0119655323	0.2065108799
0	0.4969899570	0.4816748226	0.0213352204
0	0.8804375368	0.0555606765	0.0640017867
0	0.9320248313	0.0677921991	0.0001829696
0	0.1533732872	0.2589681160	0.5876585967
0	0.7967280943	0.1903114709	0.0129604348
0	0.1605284538	0.2479924917	0.5914790545
0	0.8483867600	0.1516011970	0.0000120430
0	0.1357701454	0.1455852867	0.7186445679
0	0.0577671627	0.9422328346	0.0000000026
0	0.1564462907	0.3501763583	0.4933773510
0	0.4098468394	0.0001083944	0.5900447662
0	0.0003051823	0.0949873377	0.9047074800
0	0.0233784776	0.0901514279	0.8864700945
0	0.3858284908	0.0239510526	0.5902204565
0	0.2858690318	0.6403265696	0.0738043985
0	0.9051160038	0.0409166692	0.0539673270
0	0.6833673897	0.0350724512	0.2815601591
1	0.3234865786	0.1790922075	0.4974212138
0	0.9825878496	0.0172997570	0.0001123934
0	0.5263875987	0.0042010606	0.4694113407
0	0.0000008361	0.9991132010	0.0008859629
0	0.0631874941	0.0106570511	0.9261554547
0	0.0630585740	0.1061429862	0.8307984398
0	0.2534990022	0.7214313613	0.0250696365
0	0.0218614513	0.0636839799	0.9144545687
0	0.0000041218	0.3794811616	0.6205147166
0	0.0925111768	0.9074888232	0.0000000000
0	0.1170299425	0.7201484606	0.1628215969
0	0.8400824822	0.0000072297	0.1599102881
0	0.6997236792	0.0033447753	0.2969315455
0	0.8782552517	0.0000000000	0.1217447483
0	0.9670032668	0.0253980389	0.0075986944
0	0.4947600828	0.1568889008	0.3483510164
0	0.8839992269	0.0932917782	0.0227089949
0	0.0001757725	0.0765773446	0.9232468829
0	0.5233418400	0.0616662730	0.4149918870
0	0.0000223356	0.0020525972	0.9979250672
1	0.5429348548	0.0405621796	0.4165029656
0	0.6532608207	0.2513112734	0.0954279059
2	0.0712989754	0.6939795040	0.2347215207
0	0.4517097893	0.0270509745	0.5212392362
0	0.0749539572	0.9154027922	0.0096432506
0	0.9468665146	0.0375714432	0.0155620422
0	0.3541650813	0.0000000000	0.6458349187
0	0.0132926495	0.0000062645	0.9867010860
0	0.3481321939	0.2192188114	0.4326489947
0	0.0627644477	0.0000049540	0.9372305983
0	0.6022011816	0.3569430953	0.0408557231
0	0.6090531657	0.0494959713	0.3414508630
