0	0.8049695500	0.0015024509	0.1935279991
0	0.5319667044	0.3768016258	0.0912316698
0	0.5380488955	0.4608267739	0.0011243307
1	0.0000145102	0.9579675152	0.0420179746
0	0.1988028452	0.0169155909	0.7842815639
0	0.3406756359	0.4336150116	0.2257093525
0	0.0676135523	0.0019888249	0.9303976228
0	0.0439957662	0.0988471007	0.8571571331
0	0.0887133944	0.2673654867	0.6439211189
0	0.9798096987	0.0201597273	0.0000305740
1	0.8913214969	0.1057568724	0.0029216307
0	0.0000000000	0.9999570138	0.0000429862
1	0.9999988382	0.0000000000	0.0000011618
0	0.0073606357	0.3085722381	0.6840671262
0	0.6776268456	0.0000250546	0.3223480998
0	0.1361746650	0.6728356116	0.1909897234
0	0.0522292047	0.9012242255	0.0465465698
0	0.0286275997	0.8028683901	0.1685040102
0	0.0043700979	0.0168774802	0.9787524219
0	0.0000000000	0.0213777133	0.9786222867
0	0.5316691465	0.0463261089	0.4220047446
0	0.2108515527	0.0034415342	0.7857069132
0	0.5848423991	0.4018559170	0.0133016838
0	0.9774753282	0.0223338269	0.0001908449
0	0.9261204942	0.0738765929	0.0000029129
0	0.7452978595	0.2512230827	0.0034790578
0	0.0000026814	0.0095575809	0.9904397377
0	0.6789188732	0.0128020033	0.3082791235
1	0.0115649389	0.1071111513	0.8813239098
0	0.8936316724	0.0689587217	0.0374096058
0	0.0000000000	0.0193300867	0.9806699133
0	0.9545726739	0.0222506889	0.0231766373
0	0.8027306273	0.1936865798	0.0035827929
0	0.7746564411	0.1820000095	0.0433435494
0	0.0067943557	0.3914563958	0.6017492485
0	0.9486507183	0.0017009278	0.0496483539
0	0.0003278643	0.0571600888	0.9425120469
1	0.1669590931	0.7943866153	0.0386542916
0	0.0005750447	0.0043550270	0.9950699283
0	0.0672532835	0.9251622229	0.0075844936
0	0.0025813357	0.9629192347	0.0344994296
0	0.9432437202	0.0567508309	0.0000054489
0	0.7170657222	0.2828462258	0.0000880520
0	0.3836434852	0.0000000000	0.6163565148
0	0.2910546153	0.7082545425	0.0006908422
0	0.6040980353	0.3200329502	0.0758690145
0	0.9912877156	0.0000000002	0.0087122842
0	0.4021455133	0.3013139915	0.2965404952
0	0.5115913184	0.0020545106	0.4863541710
0	0.1555204285	0.0000000000	0.8444795715
0	0.0753428654	0.0000000000	0.9246571346
0	0.5421198421	0.0012825073	0.4565976507
0	0.0035914176	0.7074928117	0.2889157707
0	0.0000000248	0.5555265175	0.4444734577
0	0.7659599419	0.0000000014	0.2340400567
0	0.9628732325	0.0358535266	0.0012732409
0	0.6166864391	0.0301920674	0.3531214936
0	0.9999947752	0.0000050919	0.0000001329
0	0.4247040983	0.4797787634	0.0955171383
0	0.9868415208	0.0005107713	0.0126477080
0	0.9925028096	0.0000026858	0.0074945046
0	0.0862400710	0.0243277148	0.8894322141
0	0.0643369575	0.0751866010	0.8604764415
0	0.1549467428	0.0000000012	0.8450532560
0	0.3243005738	0.6756994262	0.0000000000
1	0.2377204434	0.5066202619	0.2556592948
0	0.9344697035	0.0655302251	0.0000000714
0	0.8950499812	0.0013006614	0.1036493573
0	0.0005171393	0.1060093471	0.8934735136
0	0.0483361351	0.9508288854	0.0008349795
0	0.0851163804	0.6709020198	0.2439815998
1	0.3133793111	0.0328370177	0.6537836713
2	0.9525890178	0.0352617552	0.0121492270
0	0.0913609952	0.5905529328	0.3180860720
0	0.0001247508	0.8154717516	0.1844034976
0	0.0043599171	0.1976273171	0.7980127658
0	0.5236481432	0.0622151734	0.4141366834
1	0.7664531341	0.1211914636	0.1123554023
0	0.2053229927	0.0000646769	0.7946123304
0	0.1397000578	0.6752836187	0.1850163235
0	0.4436325463	0.0242321448	0.5321353089
0	0.5664785494	0.0438365555	0.3896848952
1	0.2300754161	0.2818802055	0.4880443784
0	0.6061584336	0.0000000000	0.3938415664
1	0.1897312673	0.7499247015	0.0603440311
0	0.6492237690	0.0000000000	0.3507762310
0	0.0270330491	0.9729669083	0.0000000426
0	0.2292548886	0.3639789857	0.4067661257
0	0.3875129591	0.6124870409	0.0000000000
0	0.0000000607	0.5684059548	0.4315939844
0	0.2122218299	0.6825736294	0.1052045406
0	0.5423861030	0.2343461890	0.2232677080
1	0.4150137717	0.4516989739	0.1332872544
0	0.3820395796	0.1739857525	0.4439746679
1	0.0000000000	0.0000000000	1.0000000000
0	0.0807858828	0.1457164309	0.7734976863
0	0.0404862151	0.7875397936	0.1719739913
0	0.0430800088	0.7711412552	0.1857787360
0	0.0932539111	0.8484067515	0.0583393373
0	0.0001531240	0.0009936677	0.9988532083
