0	0.5952527953	0.2051915908	0.1995556139
1	0.2832163434	0.7167833326	0.0000003240
0	0.5283215451	0.1778037034	0.2938747515
0	0.4481241596	0.5518758404	0.0000000000
0	0.1055031556	0.7449562070	0.1495406374
0	0.1164950672	0.8799760117	0.0035289210
0	0.0000000000	0.2816927601	0.7183072399
0	0.9957680486	0.0041224151	0.0001095362
1	0.0002331910	0.0000000000	0.9997668090
1	0.0440099191	0.7249670128	0.2310230680
0	0.0243651512	0.6084805536	0.3671542952
0	0.4724265376	0.2074883840	0.3200850785
0	0.7688684194	0.2119573873	0.0191741933
0	0.0026297976	0.9716418781	0.0257283243
0	0.0185964536	0.0796775704	0.9017259759
0	0.0013747796	0.0120062362	0.9866189842
0	0.5678838000	0.2679232015	0.1641929985
0	0.0000000213	0.0139813177	0.9860186611
0	0.1185561638	0.0270440499	0.8543997864
0	0.9227853933	0.0532513229	0.0239632838
0	0.0000131622	0.9583698495	0.0416169883
1	0.5348500252	0.4601704842	0.0049794906
0	0.0183959283	0.0000407725	0.9815632992
0	0.0357825424	0.3619889589	0.6022284986
0	0.0454347941	0.5177730327	0.4367921732
0	0.0281982095	0.9717257676	0.0000760229
0	0.0019780072	0.9480633576	0.0499586352
0	0.0076005115	0.8459881089	0.1464113796
0	0.0008948725	0.1466712799	0.8524338476
0	0.0144133353	0.4992740191	0.4863126456
0	0.0625033659	0.7425129461	0.1949836880
0	0.0003023616	0.4342608452	0.5654367931
0	0.0048592902	0.9103511278	0.0847895821
0	0.0000003439	0.9999973044	0.0000023517
0	0.0006160264	0.7584390987	0.2409448749
0	0.0000000002	0.4976057358	0.5023942640
0	0.0027802820	0.4919798887	0.5052398293
0	0.1728059488	0.0483170331	0.7788770180
0	0.0006178648	0.8411948983	0.1581872369
0	0.2661513385	0.1385013520	0.5953473095
0	0.0094695401	0.0000000000	0.9905304599
0	0.0000000000	0.9999851049	0.0000148950
0	0.0316598409	0.5775240349	0.3908161242
0	0.0000000000	0.9168461880	0.0831538120
0	0.6494951617	0.1296415215	0.2208633168
0	0.0000582503	0.9944296845	0.0055120652
1	0.0000768763	0.7047216343	0.2952014894
0	0.1423487168	0.4190183341	0.4386329491
0	0.0416601316	0.5238602977	0.4344795706
0	0.1824758215	0.0124237875	0.8051003910
0	0.0052950575	0.8569131073	0.1377918352
0	0.0709277779	0.8731569155	0.0559153066
0	0.0000005259	0.9729910301	0.0270084440
0	0.0013413245	0.1581039994	0.8405546761
0	0.6770182391	0.0487359731	0.2742457878
0	0.9010986337	0.0009388232	0.0979625431
0	0.0415845373	0.9420284917	0.0163869710
0	0.4560166236	0.3489169276	0.1950664488
1	0.0144069913	0.6079279099	0.3776650988
0	0.5456694676	0.0347701829	0.4195603496
0	0.7116779553	0.2877159059	0.0006061389
2	0.0000000450	0.4515849352	0.5484150197
0	0.2143473626	0.2345383906	0.5511142468
0	0.0585095801	0.0200352817	0.9214551382
0	0.0086866788	0.3409237379	0.6503895833
0	0.0106278164	0.6668663418	0.3225058418
0	0.0000000000	0.0015750990	0.9984249010
1	0.0000467069	0.0049633799	0.9949899132
0	0.0037403707	0.7885413750	0.2077182543
0	0.0000027812	0.7057848070	0.2942124118
0	0.0000000000	0.9973771840	0.0026228160
0	0.1799076149	0.0000165099	0.8200758752
0	0.0436449159	0.0222009864	0.9341540977
0	0.6194736180	0.0314212636	0.3491051184
0	0.0000000000	0.0074044266	0.9925955734
1	0.0046429767	0.0985728161	0.8967842072
0	0.0018117774	0.0874027678	0.9107854548
0	0.4899606283	0.0170945051	0.4929448666
0	0.0065566777	0.5019999908	0.4914433316
0	0.5713941304	0.2267168035	0.2018890662
0	0.9288678912	0.0034889459	0.0676431629
0	0.6427433899	0.0071888604	0.3500677497
0	0.0045946231	0.8573497610	0.1380556158
0	0.0027229922	0.5170034614	0.4802735464
1	0.0405251550	0.9327261551	0.0267486899
0	0.1563304782	0.0032976198	0.8403719019
0	0.0000038769	0.0537948506	0.9462012724
1	0.0591233851	0.0903878728	0.8504887420
0	0.3922165371	0.2023405598	0.4054429031
0	0.1574240345	0.0000000000	0.8425759655
0	0.7919389807	0.0234072736	0.1846537457
0	0.0000000000	0.0000000000	1.0000000000
0	0.1740921117	0.4258065330	0.4001013553
0	0.8398877877	0.0268128561	0.1332993562
0	0.0034564366	0.0488764154	0.9476671480
0	0.5823624082	0.4175024929	0.0001350989
0	0.2167469258	0.7832530741	0.0000000002
0	0.7540623130	0.2444079571	0.0015297299
0	0.6801314461	0.1899080969	0.1299604569
0	0.0472202534	0.0838936070	0.8688861396
