0	0.3985902542	0.5356797404	0.0657300054
1	0.0074436271	0.3679611074	0.6245952655
0	0.0019247269	0.0065262168	0.9915490563
0	0.0000000007	0.0000006897	0.9999993096
1	0.0000269554	0.1017129782	0.8982600664
0	0.2480139441	0.0000001539	0.7519859020
0	0.4276359828	0.0299566358	0.5424073814
0	0.0006831134	0.0007121965	0.9986046901
0	0.0368746735	0.3810590684	0.5820662580
0	0.1893521284	0.3989462181	0.4117016536
0	0.0821625425	0.2000841563	0.7177533012
1	0.0002803762	0.9970821605	0.0026374633
0	0.0000000000	0.4759162372	0.5240837628
0	0.0580774598	0.0998371180	0.8420854221
0	0.0350299720	0.9630441092	0.0019259187
0	0.0138167427	0.5907633405	0.3954199168
1	0.0407357429	0.1329145851	0.8263496719
0	0.0655104409	0.3497450326	0.5847445265
0	0.7471950638	0.0225107568	0.2302941794
0	0.0265374088	0.7376182208	0.2358443703
0	0.3035554777	0.6273375138	0.0691070084
0	0.0166391567	0.9816602206	0.0017006227
1	0.1014757143	0.6309534523	0.2675708334
0	0.6431491308	0.0000000006	0.3568508687
0	0.1057140207	0.0908215114	0.8034644679
0	0.0082970832	0.0019514114	0.9897515054
0	0.2546986354	0.0398205347	0.7054808299
0	0.5541015341	0.4412299594	0.0046685065
0	0.2159327437	0.2379219352	0.5461453211
0	0.0026545514	0.3133921059	0.6839533427
0	0.2209461612	0.3124794468	0.4665743920
0	0.2175405350	0.3654622968	0.4169971682
0	0.6342473471	0.3581271698	0.0076254831
0	0.0267258720	0.9363094243	0.0369647037
0	0.0011691986	0.9667238233	0.0321069781
0	0.1978928015	0.2710337220	0.5310734765
0	0.4025940558	0.2550180382	0.3423879059
0	0.0907522385	0.9089192910	0.0003284705
0	0.0000004217	0.4996966234	0.5003029548
0	0.0000000000	0.0000224239	0.9999775761
0	0.0992274121	0.0150127440	0.8857598438
0	0.0073812037	0.4903069574	0.5023118388
0	0.0068906414	0.0000000109	0.9931093477
0	0.8384423897	0.1615390747	0.0000185356
0	0.9037737751	0.0000074438	0.0962187811
0	0.0000159653	0.0000000423	0.9999839925
0	0.0162403617	0.4814168027	0.5023428357
0	0.0019405797	0.4082591929	0.5898002274
0	0.0000462533	0.8641467107	0.1358070360
0	0.0159139900	0.1456187494	0.8384672606
0	0.0055545419	0.9435976803	0.0508477779
0	0.1155773198	0.1418279411	0.7425947391
2	0.0557957646	0.1420593826	0.8021448528
0	0.0001544159	0.1305887011	0.8692568830
1	0.0100865635	0.6740127739	0.3159006626
0	0.0022021423	0.0000010548	0.9977968030
0	0.0144470824	0.9855529176	0.0000000000
0	0.0000000011	0.0670163898	0.9329836091
0	0.2478184633	0.1813762360	0.5708053007
0	0.0019219902	0.0000000000	0.9980780098
1	0.3699050172	0.0000006069	0.6300943759
0	0.0019748316	0.9056137653	0.0924114032
0	0.0155097972	0.6890999938	0.2953902090
1	0.0096725540	0.1681484667	0.8221789794
0	0.0915270850	0.5507229167	0.3577499983
0	0.0152814241	0.0000086457	0.9847099302
0	0.0150648420	0.0000022841	0.9849328739
0	0.0690739408	0.6336815613	0.2972444979
0	0.0225512147	0.1877611243	0.7896876610
0	0.0002227463	0.0071366075	0.9926406462
0	0.4971739231	0.1630221456	0.3398039313
0	0.0390460935	0.3216332680	0.6393206385
0	0.0000007729	0.2196808102	0.7803184170
0	0.0147502317	0.8771524279	0.1080973404
0	0.1619781256	0.7282606115	0.1097612628
0	0.3084755258	0.4878144232	0.2037100511
0	0.2152872979	0.7695204237	0.0151922784
0	0.1168175977	0.0552279343	0.8279544680
0	0.9481302855	0.0000001607	0.0518695538
0	0.0021260383	0.2224925724	0.7753813893
0	0.0000000035	0.0000000001	0.9999999964
0	0.0000000000	0.5951286596	0.4048713404
0	0.0000048057	0.0000007544	0.9999944399
0	0.4511795830	0.0704811272	0.4783392898
0	0.6391192587	0.1447925785	0.2160881628
0	0.0000475021	0.8000221024	0.1999303955
0	0.2613191125	0.7385245935	0.0001562940
0	0.0404239784	0.9591494224	0.0004265991
0	0.0049084647	0.0123859077	0.9827056277
1	0.0535961746	0.4559735828	0.4904302425
0	0.0114024794	0.9207878346	0.0678096860
0	0.0000000000	0.0000000113	0.9999999887
0	0.0002594050	0.0335464276	0.9661941673
0	0.0232100867	0.0030587272	0.9737311861
0	0.2556846516	0.4725087329	0.2718066155
0	0.0302531405	0.8125110241	0.1572358354
0	0.0110199873	0.7427454873	0.2462345254
0	0.0064832059	0.7953281269	0.1981886671
0	0.8155657524	0.0002228189	0.1842114287
0	0.1745500042	0.0000420656	0.8254079301
