0	0.2070444029	0.2746206760	0.5183349211
0	0.0825617851	0.2407977011	0.6766405138
0	0.0562536776	0.2990364003	0.6447099221
0	0.5935196326	0.0190634825	0.3874168848
0	0.0000000035	0.7848687585	0.2151312381
1	0.0000000000	0.9639444471	0.0360555529
0	0.1609199043	0.0336590137	0.8054210821
0	0.0644207087	0.0008070028	0.9347722886
0	0.0761957891	0.8408897485	0.0829144624
0	0.2112854123	0.5479655843	0.2407490034
0	0.3566723691	0.4945878649	0.1487397660
0	0.2910502916	0.0000546831	0.7088950253
0	0.1719808634	0.4720499545	0.3559691821
0	0.0000044890	0.1555108287	0.8444846822
0	0.4656756165	0.0034279809	0.5308964026
0	0.0020884149	0.0008196056	0.9970919795
0	0.8260615026	0.0019961842	0.1719423132
0	0.0142798336	0.0139509050	0.9717692614
0	0.2311601069	0.0917654672	0.6770744259
0	0.4773194009	0.3768390557	0.1458415434
0	0.0008671867	0.0025730687	0.9965597447
0	0.0841818095	0.2563110942	0.6595070963
0	0.0384462408	0.0000000800	0.9615536792
0	0.0187568288	0.8086023789	0.1726407922
0	0.5290464122	0.4709532587	0.0000003291
0	0.1879823826	0.0000521646	0.8119654528
0	0.2822642360	0.2999218519	0.4178139121
1	0.0000006836	0.9226274683	0.0773718482
0	0.0000000000	0.2803812906	0.7196187094
0	0.1393314163	0.7331545364	0.1275140473
0	0.0000000189	0.0679360815	0.9320638997
0	0.0446341053	0.9377197188	0.0176461759
0	0.0197781770	0.5899578890	0.3902639340
0	0.3258591881	0.0338889953	0.6402518165
0	0.0106261476	0.7368803056	0.2524935468
0	0.0466099412	0.1844053292	0.7689847296
0	0.0000493888	0.9836309744	0.0163196368
0	0.0052230208	0.7299811958	0.2647957835
0	0.3793313252	0.1071866352	0.5134820396
0	0.0321502093	0.9542965372	0.0135532535
0	0.3478720762	0.3629146945	0.2892132293
0	0.3083392978	0.0000000110	0.6916606913
0	0.0051575458	0.0044713492	0.9903711049
0	0.0277823001	0.3786860850	0.5935316149
0	0.0000007870	0.1272961491	0.8727030639
0	0.0000197426	0.0752123603	0.9247678971
0	0.0000208528	0.0000903556	0.9998887916
0	0.1501213067	0.0684363646	0.7814423286
0	0.0348377644	0.8083224783	0.1568397573
0	0.0000005874	0.1214773165	0.8785220961
0	0.1625495711	0.3077219264	0.5297285025
0	0.1931182434	0.0075171182	0.7993646383
0	0.0165579450	0.8199750271	0.1634670280
0	0.8493347001	0.0374597213	0.1132055786
0	0.0000126512	0.7905403055	0.2094470432
1	0.0000000000	0.6677275821	0.3322724179
0	0.1119341851	0.8869167335	0.0011490814
0	0.0153397930	0.7732064831	0.2114537239
0	0.0105295522	0.4573413613	0.5321290864
0	0.1314987784	0.5907162042	0.2777850174
0	0.1776845979	0.0286472363	0.7936681658
0	0.0470583693	0.2053760981	0.7475655326
0	0.0300627697	0.4013370877	0.5686001426
1	0.1128527627	0.1846324472	0.7025147902
0	0.3503720134	0.6114730823	0.0381549043
0	0.0002769374	0.0000584454	0.9996646171
0	0.0238848400	0.1181539880	0.8579611720
0	0.0902002771	0.0000000000	0.9097997229
1	0.0007954495	0.5974389049	0.4017656456
0	0.0000000000	0.6245591102	0.3754408898
0	0.0568126509	0.9099971514	0.0331901978
0	0.0000002399	0.3559329734	0.6440667867
0	0.1460027811	0.0061309256	0.8478662933
1	0.0072753491	0.5180092034	0.4747154475
0	0.2062656791	0.0014832761	0.7922510448
0	0.0023898791	0.9135801145	0.0840300064
0	0.0000046917	0.7532111347	0.2467841736
0	0.0079062472	0.8852453299	0.1068484228
1	0.0000000000	0.6966183967	0.3033816033
0	0.0285657016	0.0006552241	0.9707790743
0	0.0004298042	0.0043111009	0.9952590948
0	0.0040734623	0.9958138477	0.0001126900
0	0.7821069743	0.2137920998	0.0041009259
0	0.1002923387	0.8678332224	0.0318744389
0	0.0558015381	0.0182501403	0.9259483216
0	0.1041693171	0.3400336011	0.5557970818
0	0.1234086884	0.0057881287	0.8708031830
0	0.2254201440	0.0000000000	0.7745798560
0	0.0721953713	0.1458059670	0.7819986618
0	0.3647688488	0.1216135980	0.5136175532
0	0.0320950620	0.1005015879	0.8674033501
0	0.1109543230	0.3521665426	0.5368791344
0	0.9544547009	0.0004828832	0.0450624159
2	0.0083960292	0.0527681611	0.9388358097
0	0.0000152069	0.6188902320	0.3810945611
0	0.1380724847	0.0010777103	0.8608498050
0	0.0035939613	0.9964041020	0.0000019367
0	0.0044193080	0.6904014684	0.3051792236
0	0.0000000000	0.1770197750	0.8229802250
1	0.0752218299	0.8004460811	0.1243320889
