0	0.2355588558	0.7512106412	0.0132305030
0	0.0057509048	0.9487238117	0.0455252836
0	0.2145242163	0.0157792464	0.7696965373
1	0.0995513373	0.9004486627	0.0000000000
0	0.0933873300	0.6505135951	0.2560990748
0	0.1647339862	0.7911402300	0.0441257837
0	0.9974472835	0.0025527165	0.0000000001
0	0.0753830877	0.9246169123	0.0000000000
0	0.4642922650	0.2613115750	0.2743961600
0	0.0000000000	0.1556768117	0.8443231883
0	0.3413778520	0.6541886036	0.0044335444
0	0.0436407760	0.1980590950	0.7583001290
0	0.0010434906	0.0000000000	0.9989565094
0	0.9688240545	0.0012028798	0.0299730657
0	0.4993172773	0.5006827226	0.0000000001
0	0.0023209229	0.3436416304	0.6540374468
0	0.5264379486	0.1861453042	0.2874167473
0	0.0012692988	0.8820877801	0.1166429212
0	0.4957562763	0.4431152180	0.0611285057
1	0.0000000026	0.4021063710	0.5978936264
0	0.0334835018	0.0283854002	0.9381310979
0	0.0905936857	0.8923026762	0.0171036381
1	0.4126976048	0.2212794568	0.3660229383
0	0.6732084511	0.1566779017	0.1701136471
1	0.4435217448	0.3282896844	0.2281885708
0	0.3597061270	0.5175900136	0.1227038594
0	0.4499806223	0.5243128436	0.0257065341
0	0.0007767228	0.2712035621	0.7280197151
0	0.9665919298	0.0321583435	0.0012497267
0	0.5588841661	0.0013691350	0.4397466989
0	0.1653587852	0.0000794771	0.8345617377
0	0.3973454859	0.1577405962	0.4449139180
0	0.4989025019	0.2238030462	0.2772944519
1	0.8506380443	0.0430943991	0.1062675566
1	0.4893498733	0.0023734734	0.5082766533
0	0.1176977426	0.8702714894	0.0120307680
1	0.0112424277	0.4677919203	0.5209656520
0	0.9912149268	0.0000075401	0.0087775331
0	0.9991554638	0.0007978479	0.0000466883
0	0.5554139979	0.4042818425	0.0403041596
0	0.0344613326	0.7624037816	0.2031348858
0	0.0052676754	0.7817825947	0.2129497300
0	0.7675718490	0.1929587994	0.0394693517
0	0.0000476609	0.2292747501	0.7706775889
0	0.0063090079	0.3408215810	0.6528694111
0	0.9989663110	0.0010336878	0.0000000011
0	0.9992644442	0.0000002476	0.0007353081
0	0.3185118963	0.0153601370	0.6661279667
0	0.8125147589	0.0000000000	0.1874852411
0	0.1328552569	0.8658368597	0.0013078834
0	0.2647746338	0.7352252917	0.0000000744
0	0.0983602771	0.1633993688	0.7382403541
0	0.0706469708	0.0020800513	0.9272729779
0	0.8387161783	0.1309279602	0.0303558615
0	0.2794482628	0.7204507190	0.0001010182
0	0.0477525094	0.0085407977	0.9437066929
0	0.3518254308	0.0003943056	0.6477802636
0	0.5261987294	0.0736645535	0.4001367171
0	0.0000294161	0.0840343511	0.9159362328
0	0.0514795534	0.9005210728	0.0479993739
0	0.0027458817	0.7080274992	0.2892266191
0	0.0616337520	0.0026399133	0.9357263347
1	0.3596954377	0.0379986316	0.6023059306
0	0.3850305474	0.0067486911	0.6082207614
0	0.0792323503	0.0000000000	0.9207676497
0	0.3692361751	0.0088361036	0.6219277213
1	0.0444604972	0.0610246315	0.8945148712
0	0.8165551403	0.1552512405	0.0281936192
0	0.0296690599	0.0115992970	0.9587316431
0	0.1799044276	0.7634921533	0.0566034191
0	0.3536828075	0.6463171925	0.0000000000
0	0.0643949452	0.6923925186	0.2432125362
0	0.0000000000	0.4881061766	0.5118938234
0	0.4958530776	0.0951625103	0.4089844121
2	0.0000000893	0.9505856855	0.0494142252
0	0.6980096851	0.0001278487	0.3018624662
0	0.0000001211	0.8719808930	0.1280189859
0	0.2329756786	0.7569674223	0.0100568990
1	0.0327565816	0.0762750015	0.8909684169
0	0.0545577079	0.0000000005	0.9454422916
0	0.4597103945	0.1805578677	0.3597317377
1	0.0000000000	0.9667842710	0.0332157290
0	0.0039637818	0.7835486760	0.2124875422
0	0.0025097634	0.0736715111	0.9238187255
0	0.0000005984	0.0000346549	0.9999647467
1	0.0230754527	0.0312651216	0.9456594257
0	0.3326152728	0.6671601099	0.0002246174
0	0.1996980021	0.0756818474	0.7246201505
0	0.9575322082	0.0000000000	0.0424677918
0	0.0125590062	0.5389131096	0.4485278842
0	0.4788136737	0.2938745042	0.2273118222
0	0.1733038325	0.0138531588	0.8128430087
0	0.0495916905	0.0002266269	0.9501816825
0	0.3682182626	0.6118534884	0.0199282491
0	0.6626494713	0.3054789921	0.0318715366
0	0.0870619518	0.1297309292	0.7832071190
0	0.8912755444	0.0580865938	0.0506378618
0	0.9635059990	0.0000000001	0.0364940009
0	0.9987388980	0.0011883370	0.0000727650
0	0.6477720693	0.3515518154	0.0006761153
