0	0.8121675133	0.1135104984	0.0743219883
0	0.0000000000	0.9108824335	0.0891175665
0	0.0000000000	0.9885473559	0.0114526441
0	0.0317591577	0.9188142138	0.0494266284
0	0.1375728732	0.3039091894	0.5585179375
0	0.0000000000	0.5523989060	0.4476010940
0	0.2533633395	0.0549670040	0.6916696565
0	0.0008915908	0.2443312814	0.7547771278
1	0.0088180009	0.9462189946	0.0449630045
0	0.2160770127	0.5039504770	0.2799725103
0	0.0161174422	0.9834733027	0.0004092551
1	0.0619851886	0.0810449913	0.8569698201
0	0.0121919862	0.0053943999	0.9824136139
0	0.4179826132	0.4803243881	0.1016929987
0	0.1459818996	0.7868754039	0.0671426964
0	0.0000000918	0.5820629139	0.4179369944
0	0.0697023964	0.8928430691	0.0374545346
0	0.6891978350	0.0001781948	0.3106239702
0	0.1408571591	0.8591428409	0.0000000000
0	0.3156802322	0.0057522209	0.6785675469
0	0.0617875474	0.2204538083	0.7177586443
0	0.0148756936	0.8482592981	0.1368650083
0	0.0000044352	0.1336516482	0.8663439167
0	0.0033718635	0.7240733681	0.2725547684
0	0.0035072754	0.4707104938	0.5257822308
0	0.0124346150	0.7262944663	0.2612709186
0	0.9303748830	0.0487471624	0.0208779546
0	0.0000000000	0.5135050757	0.4864949243
0	0.0000030567	0.9991477432	0.0008492001
0	0.0023943586	0.0539510863	0.9436545551
0	0.0000000018	0.1151186021	0.8848813961
0	0.0095011874	0.0000000000	0.9904988126
0	0.7144375679	0.0000000000	0.2855624321
0	0.0075040936	0.3469891302	0.6455067762
1	0.0000000000	0.1802850906	0.8197149094
0	0.0365408769	0.4172357059	0.5462234173
0	0.4355601355	0.0015272849	0.5629125796
0	0.0414329656	0.4309547372	0.5276122972
0	0.0003335839	0.1262999846	0.8733664315
0	0.0538649237	0.9460949165	0.0000401598
0	0.0000025233	0.5898043986	0.4101930781
0	0.0044056710	0.6429183618	0.3526759672
1	0.0306529586	0.2672396028	0.7021074386
0	0.1098853515	0.1014009487	0.7887136998
0	0.0021758077	0.7880038758	0.2098203165
0	0.3246689498	0.5010962382	0.1742348121
0	0.0157402404	0.8687375381	0.1155222215
0	0.7615992228	0.2337359443	0.0046648329
0	0.0704112745	0.0308176579	0.8987710676
0	0.1039722659	0.0018255095	0.8942022246
0	0.0000000789	0.6565930119	0.3434069091
0	0.0000334814	0.8391628603	0.1608036583
0	0.1591321487	0.3004275388	0.5404403125
0	0.2983111324	0.0008022889	0.7008865786
0	0.0842421773	0.1538187131	0.7619391096
0	0.0000000000	0.2263550198	0.7736449802
0	0.0032255502	0.7201315340	0.2766429158
0	0.8350628274	0.1636840099	0.0012531627
0	0.0000000000	0.2051295471	0.7948704529
0	0.2396459725	0.6652657073	0.0950883202
0	0.1639060753	0.6753155291	0.1607783956
1	0.0000000013	0.0315811196	0.9684188790
0	0.0000000139	0.4036392629	0.5963607232
0	0.0000000000	0.0000000000	1.0000000000
0	0.9272492227	0.0002414310	0.0725093463
0	0.1092435512	0.1305374118	0.7602190370
0	0.0851442147	0.8130976298	0.1017581555
0	0.4063091651	0.2194815252	0.3742093097
1	0.0101137247	0.9898861591	0.0000001162
1	0.0181403186	0.3670798668	0.6147798145
0	0.0064961860	0.0001899507	0.9933138633
0	0.0000106039	0.0032195905	0.9967698057
0	0.0000000000	0.0266654080	0.9733345920
0	0.0000000000	0.0068813312	0.9931186688
1	0.2231371801	0.3539487168	0.4229141031
0	0.1652023144	0.0423318642	0.7924658214
0	0.0000007329	0.9404427871	0.0595564800
2	0.0193056540	0.8954171169	0.0852772291
0	0.0019208726	0.8147731490	0.1833059785
0	0.0026651919	0.8375811683	0.1597536398
0	0.0055002002	0.0971770770	0.8973227227
0	0.0027223953	0.1706059767	0.8266716280
0	0.0000014266	0.0000003095	0.9999982640
0	0.3880500808	0.3670988616	0.2448510577
0	0.0000100875	0.0339505556	0.9660393569
0	0.9992667711	0.0007331295	0.0000000994
1	0.0000000006	0.0664810106	0.9335189888
0	0.1745091569	0.2325924874	0.5928983557
0	0.1238376292	0.0332463168	0.8429160540
0	0.3090444543	0.1247160338	0.5662395119
0	0.1371019447	0.1639389585	0.6989590968
0	0.0110713429	0.9889149790	0.0000136781
0	0.2910355828	0.4075427554	0.3014216618
0	0.1179190096	0.0050372924	0.8770436980
0	0.0000530964	0.8611852084	0.1387616951
0	0.7760401834	0.1405240247	0.0834357920
0	0.4130528562	0.0148214791	0.5721256646
0	0.0026382051	0.1913540870	0.8060077079
1	0.0000035413	0.5189352172	0.4810612415
0	0.0029822554	0.8618140345	0.1352037102
