0	0.0000000000	0.8719042677	0.1280957323
0	0.0000379859	0.0228004333	0.9771615808
0	0.0000000537	0.0305354392	0.9694645071
0	0.2461519648	0.0064001875	0.7474478478
0	0.1626401396	0.5724673588	0.2648925016
0	0.0482898782	0.2969216694	0.6547884524
0	0.0159718361	0.9394046099	0.0446235540
0	0.1589416178	0.0000000075	0.8410583747
0	0.9768067064	0.0229747875	0.0002185060
0	0.0385189794	0.4686317005	0.4928493200
2	0.0000000000	0.9231515302	0.0768484698
0	0.0779333428	0.4222255017	0.4998411555
0	0.3409649333	0.4166863052	0.2423487615
0	0.0000095625	0.8904040212	0.1095864163
0	0.2280691768	0.0297875904	0.7421432328
0	0.0251280493	0.7201924142	0.2546795365
0	0.0014961921	0.1944075940	0.8040962139
0	0.0866247907	0.3010084064	0.6123668029
0	0.0852510409	0.0000000000	0.9147489591
1	0.0000000000	0.4403783575	0.5596216425
0	0.5977197911	0.3269071917	0.0753730172
0	0.1134738007	0.3707599040	0.5157662953
0	0.0916762039	0.1955545600	0.7127692360
0	0.0000000000	0.0834919775	0.9165080225
0	0.7099499151	0.0437431584	0.2463069266
0	0.0058365634	0.3691163553	0.6250470812
1	0.0294774628	0.1834758123	0.7870467249
0	0.3085570027	0.6053269204	0.0861160769
0	0.0385219563	0.2290099857	0.7324680580
0	0.0011895162	0.0000536665	0.9987568172
1	0.0000000095	0.2700227541	0.7299772364
0	0.0017175297	0.0133162130	0.9849662573
0	0.0000000000	0.0000000000	1.0000000000
0	0.6213892063	0.3209392732	0.0576715205
0	0.0631479145	0.0244924579	0.9123596275
0	0.0023275148	0.9267442337	0.0709282514
2	0.0080838330	0.0976418192	0.8942743478
0	0.0050539998	0.0395121558	0.9554338444
0	0.0582317695	0.8227980623	0.1189701683
0	0.2829953085	0.0142531829	0.7027515085
0	0.7368758729	0.2571006204	0.0060235067
0	0.0629433919	0.6080092463	0.3290473618
0	0.0135346982	0.0612990279	0.9251662738
0	0.0000002457	0.8682750543	0.1317247001
0	0.6429391706	0.0997127272	0.2573481022
0	0.0000000127	0.0975399488	0.9024600385
0	0.1231946013	0.0000149084	0.8767904902
0	0.1193754502	0.7102978511	0.1703266987
0	0.0793540412	0.1877309185	0.7329150403
0	0.0185548137	0.1121804209	0.8692647654
0	0.1019743753	0.1135613584	0.7844642663
1	0.0000285819	0.8547051425	0.1452662757
0	0.2121041212	0.6960576008	0.0918382779
0	0.6046899120	0.3719739734	0.0233361146
0	0.0000000000	0.0003690286	0.9996309714
0	0.0007760164	0.0000553999	0.9991685837
0	0.1593822872	0.6258474922	0.2147702206
0	0.0451619689	0.1420386964	0.8127993347
0	0.0088087985	0.9881442757	0.0030469259
0	0.1096135733	0.6104378111	0.2799486156
0	0.0003166359	0.9994813715	0.0002019926
0	0.0134092157	0.0559399304	0.9306508538
0	0.0002357859	0.6388365857	0.3609276285
1	0.0004773758	0.3838655459	0.6156570783
0	0.3772880411	0.5835369881	0.0391749708
0	0.0532808546	0.3250313984	0.6216877470
0	0.0000000072	0.0000922587	0.9999077341
0	0.0316891396	0.0683367892	0.8999740712
0	0.0199971990	0.0000000556	0.9800027454
0	0.0000110794	0.3309331601	0.6690557605
0	0.5618952127	0.4380734166	0.0000313707
0	0.0044096431	0.1521852574	0.8434050995
0	0.0000000000	0.2943765500	0.7056234500
1	0.0001451213	0.0005136998	0.9993411789
0	0.0006375068	0.0058925482	0.9934699450
0	0.0000000000	0.7397982485	0.2602017515
1	0.0133794640	0.7038850260	0.2827355100
1	0.0000533923	0.9635278524	0.0364187553
0	0.0326764854	0.2173279643	0.7499955503
0	0.0092363394	0.0629819014	0.9277817591
0	0.0493330731	0.9102034269	0.0404635001
0	0.0003766253	0.0014712487	0.9981521261
0	0.0077825355	0.3584041944	0.6338132701
0	0.2035222934	0.3901636425	0.4063140641
0	0.0586209565	0.8822967260	0.0590823175
0	0.0172756974	0.0575825962	0.9251417064
0	0.0805330226	0.0036218334	0.9158451440
0	0.0015519371	0.0101852206	0.9882628423
0	0.8230497544	0.0245252753	0.1524249703
0	0.0000000056	0.3639062994	0.6360936949
0	0.0067367724	0.6732224639	0.3200407637
0	0.0000000031	0.0468911421	0.9531088548
0	0.0153744069	0.9443995278	0.0402260652
0	0.0000000003	0.9690430270	0.0309569727
0	0.2841546194	0.6762990670	0.0395463136
0	0.1414544782	0.0147056832	0.8438398385
1	0.0048898479	0.0353767820	0.9597333701
0	0.2178284074	0.5981255460	0.1840460466
0	0.0005959473	0.0114133314	0.9879907213
0	0.5305233787	0.1765007422	0.2929758791
