0	0.6957611182	0.1957538483	0.1084850334
0	0.0399153672	0.9309777050	0.0291069278
0	0.1112568827	0.0108568580	0.8778862593
0	0.5268318268	0.4731681732	0.0000000000
1	0.2479128117	0.7157039227	0.0363832656
0	0.6703634526	0.0640349217	0.2656016257
0	0.0000030910	0.5976566289	0.4023402801
0	0.0000000000	0.0200000408	0.9799999592
0	0.0288658742	0.5652811809	0.4058529450
0	0.0331418652	0.2460282192	0.7208299156
0	0.4989386168	0.0000000517	0.5010613315
1	0.0000622347	0.4356018752	0.5643358901
0	0.0000000000	0.0445547527	0.9554452473
0	0.0603008470	0.5906181127	0.3490810403
0	0.5058531418	0.4129637027	0.0811831555
1	0.2216371180	0.6492954815	0.1290674005
1	0.0000000000	0.8554756621	0.1445243379
0	0.1185775418	0.5756179494	0.3058045088
2	0.0000925622	0.5803999466	0.4195074911
0	0.6754461281	0.0705210970	0.2540327750
0	0.0060097483	0.9939898090	0.0000004427
1	0.0504359013	0.0073083416	0.9422557571
0	0.0377146892	0.3416204428	0.6206648679
0	0.9732063478	0.0154586089	0.0113350433
1	0.0000004418	0.0554215600	0.9445779982
1	0.0445864524	0.6047845567	0.3506289909
0	0.1183288028	0.0029839639	0.8786872333
0	0.2365898969	0.0069799382	0.7564301649
0	0.4063816105	0.2737203736	0.3198980159
1	0.0000000019	0.7369851855	0.2630148125
0	0.0000032699	0.9159215141	0.0840752160
0	0.1235405767	0.0453218390	0.8311375843
0	0.9882682800	0.0000000077	0.0117317123
0	0.0000239081	0.0036655085	0.9963105834
0	0.0000000000	0.0005972157	0.9994027843
0	0.1454670612	0.7393800697	0.1151528691
0	0.7722782685	0.1282804203	0.0994413112
0	0.0835560045	0.6222225889	0.2942214067
0	0.0113055840	0.0043876567	0.9843067593
0	0.0000968603	0.2464713823	0.7534317573
0	0.0113719726	0.5893565375	0.3992714899
0	0.9405063486	0.0000000898	0.0594935617
0	0.0758556243	0.8613351736	0.0628092021
0	0.2104907226	0.6962871793	0.0932220981
0	0.0000009610	0.9999990390	0.0000000000
0	0.1683398745	0.7270802524	0.1045798731
0	0.1074711684	0.7891809045	0.1033479271
0	0.5465056477	0.0848006091	0.3686937432
0	0.7402519821	0.2404014412	0.0193465767
0	0.0625629454	0.0201541552	0.9172828993
0	0.0129188192	0.1518058672	0.8352753136
1	0.0433687597	0.6345953576	0.3220358827
0	0.0299976239	0.0006470982	0.9693552779
0	0.0009331088	0.0000054719	0.9990614194
0	0.0050016468	0.0004146969	0.9945836563
0	0.0093782714	0.3672430540	0.6233786746
0	0.0017231119	0.0377350893	0.9605417988
0	0.0000018514	0.9626205654	0.0373775832
0	0.0000836688	0.1820744606	0.8178418706
0	0.1512243663	0.8480079131	0.0007677206
0	0.0264476298	0.7620908199	0.2114615503
0	0.1580209602	0.0196411219	0.8223379179
0	0.0512747449	0.2753769379	0.6733483171
0	0.0000044912	0.9999955088	0.0000000000
0	0.0020405696	0.2129644180	0.7849950124
0	0.1576194532	0.7012162355	0.1411643113
0	0.0000000001	0.7170808615	0.2829191384
0	0.0917049036	0.5766796739	0.3316154225
0	0.2160899968	0.0003228928	0.7835871104
0	0.0217746631	0.0119258786	0.9662994583
0	0.0940485777	0.6000738907	0.3058775316
0	0.2307840938	0.0002791385	0.7689367677
0	0.2036008439	0.3270054062	0.4693937500
0	0.1312858273	0.0019285550	0.8667856177
0	0.0594733206	0.7233419014	0.2171847780
0	0.1283235919	0.7975191804	0.0741572278
0	0.0433240836	0.3031368454	0.6535390711
1	0.0000000003	0.4854923799	0.5145076198
0	0.8365276756	0.0248950449	0.1385772794
0	0.0040827528	0.0886326671	0.9072845801
0	0.1374943510	0.8625056486	0.0000000004
0	0.0196889376	0.2177535938	0.7625574686
1	0.0338193306	0.1137994195	0.8523812499
0	0.0484234580	0.4559936421	0.4955828999
0	0.3125624337	0.0137072822	0.6737302842
1	0.0000000674	0.0982316821	0.9017682506
0	0.0001084547	0.0004853106	0.9994062347
0	0.0925786153	0.5579598774	0.3494615073
0	0.0049232493	0.0078657214	0.9872110293
0	0.4911042135	0.2188127297	0.2900830568
0	0.7366399024	0.0000369106	0.2633231870
0	0.0792024827	0.0232337586	0.8975637587
0	0.1431581507	0.0001518007	0.8566900486
0	0.3399343637	0.0054072563	0.6546583800
0	0.0081087445	0.3844191095	0.6074721460
0	0.6235650202	0.2392616588	0.1371733211
0	0.1336126749	0.0789977481	0.7873895770
0	0.3053978269	0.6167612851	0.0778408880
0	0.0000000000	0.2511184997	0.7488815003
0	0.7469287534	0.0000061814	0.2530650652
