0	0.0611600800	0.0000201010	0.9388198191
0	0.1439420566	0.0000000002	0.8560579432
0	0.4680504863	0.3275119250	0.2044375887
0	0.4228003002	0.5678850118	0.0093146879
0	0.7342294214	0.0000006966	0.2657698819
1	0.0001302597	0.4810062330	0.5188635073
0	0.0945096825	0.8965756710	0.0089146465
0	0.0054581193	0.0013832775	0.9931586031
0	0.0254881866	0.9743941132	0.0001177002
0	0.0666368672	0.9150359411	0.0183271917
0	0.0424331858	0.0000001280	0.9575666862
0	0.3631923806	0.0161750445	0.6206325749
0	0.7695716329	0.0311495009	0.1992788662
1	0.1568171697	0.0555418824	0.7876409478
0	0.0297334818	0.9119902851	0.0582762331
0	0.0000056810	0.5267507921	0.4732435269
0	0.2177704045	0.1125170085	0.6697125871
0	0.7993532027	0.0635891455	0.1370576519
0	0.0270434699	0.0637616399	0.9091948902
0	0.7564288828	0.1603951523	0.0831759649
0	0.8468009282	0.1394314381	0.0137676337
0	0.8641218028	0.0000000005	0.1358781966
0	0.9749712256	0.0001960063	0.0248327681
0	0.9997512144	0.0000001505	0.0002486351
0	0.5651809449	0.2238195553	0.2109994998
0	0.6134920820	0.0001874334	0.3863204846
0	0.7746999645	0.2238038233	0.0014962122
1	0.0003939418	0.3545217855	0.6450842727
0	0.9999999917	0.0000000035	0.0000000048
0	0.0018420960	0.1160433325	0.8821145715
0	0.4405144690	0.0002691475	0.5592163834
0	0.4149105679	0.0687384034	0.5163510287
0	0.7170946326	0.0946855776	0.1882197898
0	0.0634530327	0.4689456974	0.4676012699
2	0.0192804250	0.6082634871	0.3724560879
1	0.6305333544	0.0689087389	0.3005579067
0	0.9253932248	0.0562035100	0.0184032652
1	0.0000055716	0.2187723311	0.7812220972
0	0.2138127545	0.0828192347	0.7033680108
1	0.0007628315	0.0000410692	0.9991960992
0	0.4873601772	0.0351697021	0.4774701207
0	0.0032794851	0.0108809355	0.9858395794
0	0.2885400797	0.7060337706	0.0054261497
0	0.6758757005	0.1271860385	0.1969382610
0	0.8026812158	0.0000013479	0.1973174363
0	0.0692824786	0.8178571649	0.1128603565
1	0.0016640049	0.5286708096	0.4696651855
0	0.8075351573	0.0000000033	0.1924648394
0	0.8938144191	0.0021305540	0.1040550268
0	0.6694530028	0.0757868288	0.2547601684
0	0.1857620956	0.6204368566	0.1938010478
0	0.8921899787	0.1074184350	0.0003915863
0	0.6737670862	0.2925322039	0.0337007098
0	0.9819159859	0.0095099510	0.0085740631
0	0.0163481536	0.7121414963	0.2715103502
0	0.4871172864	0.0455895875	0.4672931262
0	0.8643075247	0.1356902634	0.0000022119
0	0.0000000001	0.3976222647	0.6023777352
0	0.9212429580	0.0229783660	0.0557786760
0	0.9062103319	0.0326036985	0.0611859695
0	0.3773603409	0.2842996037	0.3383400553
0	0.5731282261	0.0025923095	0.4242794645
0	0.7222664782	0.2769773682	0.0007561536
0	0.0000372830	0.6572349097	0.3427278073
1	0.0000002158	0.1340913933	0.8659083909
0	0.9016990306	0.0020286702	0.0962722992
0	0.0004430026	0.0081956638	0.9913613336
0	0.9998836376	0.0001163332	0.0000000293
2	0.9191083690	0.0127275405	0.0681640905
0	0.1125984162	0.6679391154	0.2194624684
0	0.1370996436	0.8542189819	0.0086813745
0	0.6772335545	0.2827764559	0.0399899896
0	0.1673241998	0.0378614342	0.7948143661
0	0.2776633537	0.0638652117	0.6584714347
0	0.7821497590	0.2177559745	0.0000942664
0	0.9566136308	0.0000036000	0.0433827692
0	0.7645416617	0.1483320956	0.0871262427
0	0.6192563834	0.0286259506	0.3521176660
0	0.3479369686	0.3559985541	0.2960644772
0	0.8808366947	0.1096120534	0.0095512518
0	0.1875530674	0.0388187266	0.7736282060
0	0.5790634641	0.1319385903	0.2889979456
0	0.6770544033	0.1150001987	0.2079453980
0	0.4313729187	0.0608995366	0.5077275446
0	0.8699326091	0.0000000000	0.1300673909
1	0.9684387572	0.0000000080	0.0315612348
0	0.9932595276	0.0000021791	0.0067382933
0	0.1410998776	0.8589001224	0.0000000000
0	0.0091262625	0.9883143227	0.0025594148
0	0.0001510520	0.0282547874	0.9715941607
0	0.9986043421	0.0013956579	0.0000000000
0	0.8042781929	0.1955830553	0.0001387518
0	0.7020391232	0.2977511360	0.0002097408
0	0.0092656015	0.5894221688	0.4013122296
0	0.5798509695	0.0408459504	0.3793030801
0	0.0711618414	0.2227669731	0.7060711855
0	0.1667555285	0.4422501065	0.3909943651
0	0.0000000141	0.9804395430	0.0195604428
0	0.2971797987	0.0179292765	0.6848909249
0	0.0746394644	0.0000002198	0.9253603158
