0	0.0000000000	0.9999791223	0.0000208777
0	0.2862983604	0.6667229458	0.0469786938
0	0.0128210071	0.4316268017	0.5555521912
0	0.0007660082	0.1569578458	0.8422761460
0	0.2600270937	0.7368289831	0.0031439233
0	0.0679704851	0.3866055820	0.5454239330
0	0.0000775290	0.0000217460	0.9999007250
0	0.5484571057	0.0660680755	0.3854748188
1	0.0032389456	0.6351309698	0.3616300846
0	0.3411014598	0.0722208279	0.5866777123
0	0.7959729555	0.0000000991	0.2040269454
0	0.0002857908	0.0032838841	0.9964303251
0	0.0000000000	0.0537956332	0.9462043668
1	0.0000000000	0.0030385915	0.9969614085
0	0.0088174593	0.9493488354	0.0418337054
0	0.0090578838	0.0377470218	0.9531950943
0	0.2191606550	0.5513551669	0.2294841781
0	0.1106269430	0.4839941825	0.4053788746
0	0.4582419629	0.4567636176	0.0849944195
0	0.3696353323	0.3758848672	0.2544798005
0	0.0895704963	0.0185462102	0.8918832934
0	0.0381112441	0.0000005172	0.9618882387
0	0.0104990705	0.9894636433	0.0000372862
1	0.0000000000	0.2014590615	0.7985409385
0	0.0000000000	0.2519963687	0.7480036313
1	0.2578540646	0.1024232310	0.6397227045
0	0.0623696034	0.8945598816	0.0430705150
0	0.0003182992	0.9570980484	0.0425836524
1	0.0062234420	0.3020558629	0.6917206951
0	0.0303790911	0.7426680383	0.2269528706
0	0.3637302020	0.6187536611	0.0175161369
0	0.4253632644	0.0000125188	0.5746242168
0	0.0919700949	0.1334228073	0.7746070978
0	0.0357862527	0.0092808746	0.9549328727
0	0.1046310593	0.8637003561	0.0316685847
0	0.0008545392	0.5993375786	0.3998078822
1	0.0000039900	0.0437521823	0.9562438277
0	0.0323827571	0.0270278025	0.9405894404
0	0.2160158571	0.0761077597	0.7078763832
0	0.0000000000	0.0169351373	0.9830648627
0	0.7391429688	0.1652885266	0.0955685046
0	0.1308638186	0.7886577954	0.0804783860
0	0.1193834735	0.5075019706	0.3731145558
0	0.0000000000	0.7860073349	0.2139926651
0	0.0000001145	0.6393642344	0.3606356511
0	0.0641339394	0.2836553964	0.6522106642
0	0.0002101921	0.9169034032	0.0828864048
0	0.0000000000	0.2754372021	0.7245627979
0	0.1058546602	0.8937595605	0.0003857793
0	0.0059794540	0.1038799446	0.8901406014
0	0.1259072064	0.7213918095	0.1527009841
0	0.1374786964	0.3233381013	0.5391832023
0	0.0742988879	0.7159918097	0.2097093024
0	0.0507771671	0.2092393438	0.7399834891
0	0.0253800372	0.9618163294	0.0128036334
0	0.0000659390	0.8202500836	0.1796839774
0	0.0246995802	0.9714278461	0.0038725737
0	0.0000777629	0.8015550356	0.1983672015
0	0.1277724976	0.0446541515	0.8275733509
0	0.0841290356	0.9131560443	0.0027149201
0	0.0250450788	0.0992243459	0.8757305753
0	0.0002678591	0.0000764569	0.9996556840
0	0.6909830707	0.0859730821	0.2230438472
0	0.8699846377	0.0973892603	0.0326261020
0	0.0150542352	0.0009262952	0.9840194695
0	0.0482449723	0.9375707170	0.0141843106
0	0.1613049343	0.0541701729	0.7845248927
1	0.0038325262	0.9953242292	0.0008432445
0	0.0404030795	0.8058165191	0.1537804014
0	0.5956505864	0.0621796085	0.3421698051
0	0.0002069090	0.8330488686	0.1667442224
0	0.0334605758	0.5811166154	0.3854228087
0	0.0018940201	0.9966427532	0.0014632267
1	0.1512487310	0.7639963259	0.0847549430
0	0.0000013592	0.8778052108	0.1221934299
0	0.0067365424	0.7562390268	0.2370244308
0	0.0000146211	0.2648340870	0.7351512918
0	0.0000507744	0.8508343291	0.1491148965
0	0.0636902665	0.7432694439	0.1930402896
0	0.0588809537	0.1851189358	0.7560001105
0	0.0216966996	0.0094755393	0.9688277611
0	0.0885393503	0.8645891183	0.0468715314
0	0.0000792915	0.9709799962	0.0289407124
0	0.0698302858	0.1216371241	0.8085325901
0	0.0000000000	0.9999999542	0.0000000458
0	0.0006498495	0.6894472835	0.3099028670
0	0.1039244242	0.5533910024	0.3426845734
0	0.0006311533	0.3678808976	0.6314879491
2	0.0000000000	0.1239037185	0.8760962815
0	0.0002251186	0.0564787565	0.9432961249
0	0.0002983712	0.4910623646	0.5086392641
0	0.0691706021	0.2679656898	0.6628637081
0	0.1370153655	0.1793657096	0.6836189249
0	0.0801155213	0.7652991845	0.1545852942
0	0.1239967703	0.5112653311	0.3647378986
0	0.1978576394	0.4159821723	0.3861601883
0	0.2852442616	0.3310105994	0.3837451390
0	0.0000327009	0.0534480223	0.9465192768
0	0.0000006937	0.1793005233	0.8206987830
0	0.0000000062	0.9993497307	0.0006502631
