0	0.0320895573	0.9679020599	0.0000083827
0	0.7223946598	0.1031493122	0.1744560280
0	0.7156745412	0.0005996801	0.2837257787
0	0.6624910186	0.3033091594	0.0341998220
1	0.0443606949	0.4400492081	0.5155900970
1	0.0000000000	0.9831796011	0.0168203989
0	0.7862731334	0.1732276247	0.0404992419
0	0.0404073714	0.1573371572	0.8022554714
0	0.1401468549	0.8598446700	0.0000084751
0	0.8749149169	0.0027239184	0.1223611647
0	0.3166186888	0.1200509094	0.5633304018
0	0.3910416038	0.5727358842	0.0362225119
0	0.0636815622	0.8365452819	0.0997731559
1	0.1249374562	0.6382734601	0.2367890837
0	0.1882271838	0.8068787367	0.0048940794
0	0.8656818729	0.1324065136	0.0019116135
0	0.3788854528	0.3124707342	0.3086438130
1	0.8700815225	0.1282594737	0.0016590037
0	0.1903597802	0.0000067947	0.8096334252
1	0.7406522799	0.0149872516	0.2443604685
1	0.1358880842	0.5236611585	0.3404507573
0	0.6457539068	0.0022704306	0.3519756626
1	0.3464595693	0.0000000477	0.6535403830
0	0.8324455940	0.0208404240	0.1467139821
0	0.0000005136	0.0080639571	0.9919355293
0	0.5353274698	0.2033327887	0.2613397415
0	0.4945250048	0.0253034191	0.4801715761
1	0.0000000000	0.5637725232	0.4362274768
0	0.6174605054	0.2357893582	0.1467501365
0	0.0008541278	0.0166945563	0.9824513160
0	0.9480790154	0.0000842772	0.0518367074
1	0.0792785727	0.3218880343	0.5988333930
0	0.0000000012	0.2610949564	0.7389050424
0	0.9737424713	0.0031805927	0.0230769360
0	0.7956313257	0.0723636048	0.1320050695
0	0.1313341151	0.0068871575	0.8617787274
0	0.3720116980	0.3417236392	0.2862646628
0	0.4320554212	0.0028303883	0.5651141905
1	0.7088900118	0.2146232381	0.0764867502
0	0.6516120529	0.0001413353	0.3482466118
0	0.0116487178	0.0305634574	0.9577878248
0	0.0045066401	0.9853622902	0.0101310697
0	0.0027426542	0.0007329730	0.9965243728
0	0.0057408115	0.0000039674	0.9942552211
0	0.1403874001	0.6833322942	0.1762803057
0	0.7084518370	0.0000421025	0.2915060606
0	0.0337468874	0.2701706488	0.6960824638
0	0.1200441571	0.2357318510	0.6442239919
0	0.3863686070	0.0000695278	0.6135618653
0	0.0109216601	0.0254767327	0.9636016071
0	0.8276143926	0.0168615894	0.1555240180
0	0.4317781953	0.5436355422	0.0245862625
0	0.3443473876	0.6556488673	0.0000037451
0	0.9532086686	0.0467686065	0.0000227249
0	0.5553356262	0.4445928536	0.0000715202
0	0.1251882862	0.8748108346	0.0000008791
0	0.0609559194	0.5421849778	0.3968591028
0	0.0043660214	0.2713265156	0.7243074629
0	0.0110427989	0.4894956234	0.4994615777
0	1.0000000000	0.0000000000	0.0000000000
0	0.1932874071	0.0000535419	0.8066590509
0	0.6353963103	0.1035474431	0.2610562467
0	0.0870611314	0.3723546808	0.5405841878
0	0.5283019726	0.4636235335	0.0080744939
0	0.7398668452	0.0011567129	0.2589764419
0	0.0039953534	0.9958938765	0.0001107701
0	0.7826978691	0.0101367458	0.2071653850
0	0.3283482986	0.0367656160	0.6348860854
0	0.0442592538	0.8467206679	0.1090200783
0	0.0046521623	0.9924378788	0.0029099589
0	0.0000027007	0.0111834906	0.9888138087
1	0.0003478791	0.3545625324	0.6450895886
0	0.1678305060	0.0107882077	0.8213812864
0	0.2302276629	0.6455567074	0.1242156297
0	0.0004999912	0.0027649774	0.9967350314
0	0.0726574676	0.2804977293	0.6468448032
1	0.0010996797	0.0538853267	0.9450149936
0	0.3638825458	0.0000000000	0.6361174542
0	0.0008094868	0.0199553840	0.9792351291
0	0.0001515525	0.6589663111	0.3408821364
0	0.0027666276	0.0000000000	0.9972333724
0	0.6214274141	0.0911138386	0.2874587473
2	0.0224436151	0.5927933665	0.3847630184
0	0.1237255770	0.3134047945	0.5628696285
0	0.0171774112	0.0536274052	0.9291951836
0	0.0000838978	0.9589492494	0.0409668529
0	0.8468922804	0.0057848991	0.1473228205
0	0.9822728207	0.0000000402	0.0177271391
0	0.9754915212	0.0000768701	0.0244316087
0	0.7068743841	0.0052382786	0.2878873373
1	0.1736142749	0.6791247952	0.1472609300
0	0.4345019222	0.4750808566	0.0904172212
0	0.8196541802	0.0476089738	0.1327368460
0	0.3708210765	0.5806324462	0.0485464773
0	0.0879262808	0.7801866259	0.1318870933
0	0.8620245575	0.1312405150	0.0067349275
0	0.0192746980	0.7140751721	0.2666501300
0	0.8010064718	0.0000000184	0.1989935098
0	0.0414216453	0.9579020855	0.0006762692
0	0.0969486434	0.0570154616	0.8460358950
