0	0.9539878821	0.0385094243	0.0075026935
0	0.0167818861	0.8501413507	0.1330767632
0	0.9530552881	0.0196679026	0.0272768093
0	0.7532845535	0.2466611143	0.0000543322
0	0.9181565734	0.0000000000	0.0818434266
0	0.7307808482	0.1159059775	0.1533131743
0	0.0508578752	0.6261940097	0.3229481151
0	0.9751031937	0.0008257952	0.0240710111
0	0.8533751904	0.0308880393	0.1157367704
0	0.6016546072	0.3132482873	0.0850971056
0	0.8992463412	0.0002882149	0.1004654439
0	0.0002332004	0.0000000000	0.9997667996
0	0.7099464223	0.1805052096	0.1095483681
0	0.7316558630	0.0000000000	0.2683441370
0	0.4134881224	0.5789631630	0.0075487146
0	0.8603681959	0.1377185100	0.0019132940
0	0.1805885875	0.0329066287	0.7865047838
0	0.0842455999	0.7322460075	0.1835083926
0	0.2617203446	0.2503730752	0.4879065802
0	0.0904377505	0.1521414996	0.7574207499
0	0.0640922372	0.6028151055	0.3330926572
0	0.9248793295	0.0000491084	0.0750715621
0	0.8172740959	0.0155897704	0.1671361336
0	0.8120311913	0.0000000000	0.1879688087
0	0.8936596854	0.0641741565	0.0421661581
0	0.0827003138	0.0000001116	0.9172995746
0	0.4169501918	0.5027222155	0.0803275927
0	0.3835167101	0.0517073034	0.5647759865
0	0.1981572848	0.7796198826	0.0222228326
0	0.6385091949	0.0487029763	0.3127878288
0	0.0142557511	0.6772543749	0.3084898740
0	0.8602076286	0.1393690034	0.0004233680
0	0.0044659317	0.9317979292	0.0637361391
0	0.7112328893	0.0003805910	0.2883865197
0	0.9978466232	0.0021521243	0.0000012524
0	0.2896662387	0.1183363492	0.5919974121
0	0.0509790159	0.1688255039	0.7801954801
0	0.7577682144	0.2026500240	0.0395817615
0	0.7201910662	0.0292865124	0.2505224214
0	0.6464816372	0.0071164626	0.3464019003
0	0.4231147051	0.4996513951	0.0772338998
0	0.2780356611	0.5617386956	0.1602256432
0	0.0125195199	0.0101564196	0.9773240605
0	0.2577515695	0.6760163870	0.0662320435
0	0.9988915501	0.0000967953	0.0010116545
0	0.0614064248	0.0005588223	0.9380347528
0	0.3591353207	0.5866875344	0.0541771449
0	0.1654563688	0.2014127065	0.6331309247
0	0.0131793580	0.0184044180	0.9684162240
0	0.0849725130	0.1044208128	0.8106066742
0	0.6625094888	0.3082363194	0.0292541918
0	0.4104200598	0.0360124741	0.5535674662
0	0.2440215390	0.7308907201	0.0250877409
1	0.5553648075	0.0415653709	0.4030698215
0	0.6119135887	0.3880850791	0.0000013321
0	0.3939274561	0.2203562684	0.3857162754
1	0.5601792634	0.0012652882	0.4385554484
0	0.3252228181	0.0034216787	0.6713555032
0	0.9837822068	0.0069627843	0.0092550089
0	0.0225577906	0.9339277834	0.0435144260
0	0.1093827702	0.0000026891	0.8906145407
1	0.0000001887	0.6139175553	0.3860822560
0	0.4759801644	0.2601040326	0.2639158030
0	0.0264696941	0.9031483350	0.0703819709
2	0.1017094289	0.5591180493	0.3391725218
1	0.7372101837	0.2271472614	0.0356425549
0	0.1727059805	0.8272940175	0.0000000020
1	0.7407390766	0.2478218194	0.0114391040
0	0.3507323614	0.5616137267	0.0876539120
0	0.0007257019	0.0026083738	0.9966659243
0	0.5073000163	0.0005189659	0.4921810178
0	0.2183490541	0.1330195404	0.6486314055
0	0.0974268664	0.6370888257	0.2654843079
0	0.7069165774	0.0576696454	0.2354137772
0	0.4039132695	0.4740546509	0.1220320796
0	0.0000000034	0.2944637509	0.7055362458
1	0.6101910709	0.3872129029	0.0025960262
0	0.0003290947	0.5755190135	0.4241518918
0	0.1619322731	0.2899036381	0.5481640888
0	0.9173779374	0.0389336973	0.0436883653
0	0.0718138814	0.6333568422	0.2948292765
1	0.0731728320	0.5105952185	0.4162319495
0	0.7682023100	0.1930083659	0.0387893242
0	0.0000206433	0.3184868212	0.6814925355
0	0.7646494281	0.0000087252	0.2353418467
1	0.0190731561	0.9204594016	0.0604674422
1	0.8789937387	0.1031684076	0.0178378537
0	0.2392784124	0.0043183891	0.7564031984
0	0.6085624745	0.0178650646	0.3735724609
0	0.0000010603	0.0362552691	0.9637436706
0	0.2547037271	0.7452962711	0.0000000018
0	0.7478680433	0.0079754388	0.2441565179
0	0.0000000008	0.0000000000	0.9999999992
0	0.0518514423	0.0000168939	0.9481316638
0	0.0249466861	0.0666141320	0.9084391819
0	0.0048506078	0.9951474408	0.0000019514
0	0.6698145592	0.1792676242	0.1509178166
1	0.1204920078	0.0516623076	0.8278456845
1	0.0000148883	0.8591953276	0.1407897841
0	0.2408535912	0.0070569675	0.7520894413
