0	0.4525277036	0.2717921312	0.2756801652
0	0.0290017084	0.9694638444	0.0015344473
0	0.1519578166	0.8478886731	0.0001535102
0	0.4284528043	0.0000014566	0.5715457391
0	0.2415339666	0.6850695511	0.0733964823
0	0.2623126706	0.7256966673	0.0119906621
0	0.2308178250	0.0000000000	0.7691821750
0	0.0153750902	0.7867244278	0.1979004821
0	0.7311381405	0.0899575528	0.1789043067
0	0.9669216469	0.0024499156	0.0306284376
0	0.4021616938	0.0340548399	0.5637834664
0	0.9833560084	0.0090567348	0.0075872568
0	0.0000000472	0.0058985988	0.9941013540
0	0.0091009186	0.0802240715	0.9106750099
0	0.4381750086	0.0000129222	0.5618120692
0	0.3801732969	0.6198267031	0.0000000000
0	0.8664192322	0.0276218862	0.1059588817
0	0.8297265424	0.1447892421	0.0254842155
1	0.1570477391	0.8429504624	0.0000017985
0	0.6971239923	0.1489394649	0.1539365429
0	0.9851264197	0.0148735736	0.0000000067
0	0.0000000013	0.0074352231	0.9925647756
0	0.0848035201	0.0000000015	0.9151964784
1	0.2992755414	0.0000000000	0.7007244586
0	0.0044959929	0.7423406451	0.2531633620
0	0.0000301959	0.1292386737	0.8707311304
0	0.8141066980	0.0446362508	0.1412570512
0	0.0137221171	0.1871848918	0.7990929911
0	0.1835886106	0.0521716833	0.7642397061
0	0.1738135515	0.7809929392	0.0451935093
1	0.1646674366	0.1339947940	0.7013377694
0	0.0005945887	0.9438610410	0.0555443703
0	0.1221464385	0.0000000027	0.8778535588
0	0.0017497684	0.5599145667	0.4383356649
1	0.3889317225	0.1074776239	0.5035906536
0	0.2097508091	0.6926041892	0.0976450017
0	0.8503084064	0.0277962491	0.1218953445
0	0.0000025927	0.1363748708	0.8636225365
0	0.0016584120	0.1724639697	0.8258776183
0	0.7047807557	0.0384534128	0.2567658315
0	0.0000003632	0.0000000026	0.9999996342
0	0.9547763937	0.0452151746	0.0000084317
0	0.0000000402	0.3618132033	0.6381867565
1	0.1037284380	0.5963987423	0.2998728197
0	0.0256590960	0.9648618191	0.0094790850
0	0.9148648090	0.0851275861	0.0000076049
1	0.2769459735	0.7115005281	0.0115534984
0	0.9745150989	0.0251030347	0.0003818664
0	0.9352731341	0.0006203913	0.0641064747
0	0.2059080701	0.5469360367	0.2471558931
0	0.2270037910	0.6860018773	0.0869943317
0	0.0979081424	0.1936959913	0.7083958663
1	0.5137641351	0.1280299576	0.3582059073
0	0.7886577565	0.0000000015	0.2113422420
0	0.0168048623	0.9831951377	0.0000000000
0	0.5217620584	0.1573341719	0.3209037698
0	0.7537959042	0.0739975195	0.1722065763
0	0.7636462522	0.0000000000	0.2363537478
1	0.2010156094	0.0799301701	0.7190542205
1	0.9026918199	0.0387343451	0.0585738351
0	0.4381124571	0.0053137457	0.5565737972
0	0.7520435776	0.2479564224	0.0000000000
0	0.0000952588	0.6932260910	0.3066786502
0	0.0083548069	0.0037937068	0.9878514863
0	0.7202180317	0.2467689735	0.0330129948
0	0.5977454940	0.1875289285	0.2147255775
0	0.0001566897	0.9998406765	0.0000026338
0	0.8376552256	0.0356547789	0.1266899955
0	0.0536206837	0.1256614964	0.8207178199
1	0.3057484223	0.0711549662	0.6230966115
0	0.0001337037	0.0135187133	0.9863475830
1	0.0499368049	0.3258065083	0.6242566868
0	0.0580558740	0.0906154241	0.8513287019
0	0.8696080152	0.1303901922	0.0000017926
0	0.2960673391	0.7039326609	0.0000000000
0	0.8123192966	0.1634353597	0.0242453437
0	0.1276874113	0.3546795258	0.5176330629
0	0.0003949268	0.2696109095	0.7299941636
0	0.4210342066	0.0591878699	0.5197779235
0	0.0681650844	0.0230677745	0.9087671411
0	0.5207187722	0.0273751045	0.4519061233
0	0.7648355330	0.0051402847	0.2300241823
0	0.0000678983	0.5949079787	0.4050241229
0	0.0030524703	0.1088012303	0.8881462994
0	0.0002005047	0.4212248793	0.5785746160
0	0.1335595598	0.0178801282	0.8485603120
0	0.1725480859	0.1803994925	0.6470524216
0	0.0036378380	0.0084739965	0.9878881656
0	0.8706438507	0.0000991533	0.1292569960
1	0.0010333878	0.6299241301	0.3690424821
2	0.6457076967	0.2111733327	0.1431189706
0	0.2452087100	0.4660980779	0.2886932121
0	0.0273555001	0.0044168914	0.9682276085
0	0.3884642324	0.4638179691	0.1477177985
0	0.6535077104	0.0029816047	0.3435106849
0	0.9990640317	0.0007711456	0.0001648227
0	0.0064225886	0.4153084767	0.5782689347
0	0.9157954901	0.0000000000	0.0842045099
0	0.8594690306	0.0000001475	0.1405308219
0	0.2613649212	0.0505496588	0.6880854201
