0	0.0000000000	0.9565200022	0.0434799978
0	0.4890806079	0.0084264840	0.5024929081
0	0.1031137535	0.0246889206	0.8721973259
0	0.9799445851	0.0000067052	0.0200487097
0	0.4221191740	0.0000027575	0.5778780684
0	0.8368219394	0.1631780537	0.0000000069
0	0.6291470136	0.0245048772	0.3463481092
0	0.6463637426	0.0388232424	0.3148130150
0	0.8969306807	0.1029560740	0.0001132453
0	0.3384073384	0.2952007063	0.3663919554
0	0.9035928041	0.0000000001	0.0964071958
0	0.7380463381	0.0293335758	0.2326200861
0	0.2882377717	0.0325441158	0.6792181125
0	0.3117973926	0.0004907983	0.6877118091
0	0.1766654644	0.5865747487	0.2367597869
0	0.1765133554	0.1632652511	0.6602213935
0	0.4116318719	0.1251853118	0.4631828163
0	0.0364563501	0.0007033112	0.9628403387
0	0.0231065782	0.6497442996	0.3271491222
0	0.9536896924	0.0000010405	0.0463092672
0	0.1540157015	0.7294170552	0.1165672433
0	0.2896719854	0.0009341726	0.7093938420
0	0.3500152624	0.6397002525	0.0102844851
0	0.6708251132	0.3285693245	0.0006055623
0	0.0008168790	0.0612827135	0.9379004076
0	0.0226588834	0.0020820143	0.9752591023
0	0.5680421345	0.0171411835	0.4148166820
0	0.0000000139	0.0043834954	0.9956164907
0	0.7979737203	0.0005325814	0.2014936983
0	0.0000012594	0.1600443628	0.8399543778
0	0.4221171298	0.0288607483	0.5490221219
0	0.3570159904	0.6305549352	0.0124290745
0	0.5454442349	0.1251940767	0.3293616884
0	0.3034580912	0.0969528230	0.5995890858
0	0.5429646123	0.0870065616	0.3700288261
0	0.8646230443	0.1317287608	0.0036481949
0	0.0029605080	0.0010833161	0.9959561759
0	0.0304849177	0.0750238580	0.8944912242
0	0.1957254693	0.7683981296	0.0358764011
0	0.0498430230	0.0579229437	0.8922340333
0	0.0587233129	0.3434243713	0.5978523158
0	0.2127288186	0.7547831157	0.0324880656
1	0.0262851425	0.8509569463	0.1227579112
0	0.1793644894	0.0010906042	0.8195449064
0	0.4109224877	0.0004490219	0.5886284904
0	0.4740359666	0.0892606963	0.4367033371
0	0.0009230094	0.9976038637	0.0014731269
0	0.6997261367	0.1963426251	0.1039312382
0	0.4434348102	0.1310709428	0.4254942470
0	0.0725909397	0.9265624382	0.0008466221
1	0.1082857914	0.7277166700	0.1639975387
0	0.0136217815	0.0905194873	0.8958587312
0	0.9874126862	0.0095280663	0.0030592475
0	0.5914106602	0.3847178811	0.0238714587
0	0.4718728220	0.0919157313	0.4362114467
0	0.0844179483	0.8993524116	0.0162296401
0	0.9999805830	0.0000000000	0.0000194170
0	0.0645765737	0.7784546596	0.1569687668
0	0.7635277519	0.1741885459	0.0622837022
2	0.8417903350	0.1187808443	0.0394288208
0	0.2115563809	0.0053087475	0.7831348716
0	0.9829888310	0.0025362810	0.0144748880
0	0.0465040185	0.2669031695	0.6865928121
0	0.0784029509	0.7484724579	0.1731245913
0	0.0195377260	0.5878740139	0.3925882601
0	0.9809675537	0.0185268420	0.0005056043
0	0.0000802516	0.1157993945	0.8841203538
0	0.3128999491	0.6738671915	0.0132328595
0	0.0137627391	0.0002691663	0.9859680946
0	0.0394083299	0.1267941866	0.8337974835
0	0.4910481379	0.0261591129	0.4827927492
1	0.0571638307	0.0009256904	0.9419104789
0	0.0000000089	0.1921217903	0.8078782008
0	0.0259272920	0.8814974524	0.0925752556
0	0.0000000000	0.1833555931	0.8166444069
0	0.1331532359	0.0001156898	0.8667310743
0	0.6826765855	0.0389759035	0.2783475110
0	0.9525112190	0.0000000419	0.0474887390
1	0.0000831091	0.7014681539	0.2984487370
0	0.0000000000	0.0000000000	1.0000000000
0	0.3746811892	0.2459610446	0.3793577662
0	0.0111160247	0.4667189067	0.5221650687
0	0.2309656365	0.0000961189	0.7689382447
0	0.8836401526	0.0355155002	0.0808443472
0	0.8686387409	0.1268868303	0.0044744289
0	0.0997218784	0.5310704162	0.3692077054
0	0.0900822591	0.6009962838	0.3089214571
0	0.0007276213	0.0004492870	0.9988230917
0	0.2878968721	0.3969113695	0.3151917584
1	0.3790810937	0.2075920593	0.4133268471
0	0.0013710534	0.7260049204	0.2726240261
0	0.0920767119	0.4811163758	0.4268069123
0	0.9335010341	0.0000000337	0.0664989322
0	0.0592428935	0.9405361040	0.0002210025
0	0.3398461822	0.0496309753	0.6105228426
1	0.0466013953	0.7861846537	0.1672139510
0	0.0000440915	0.0000000000	0.9999559085
0	0.1109782137	0.4267657350	0.4622560514
0	0.2499660201	0.0215454541	0.7284885258
0	0.6689877960	0.0000000000	0.3310122040
