0	0.0445820868	0.3452981208	0.6101197924
0	0.2750480238	0.7136244709	0.0113275052
0	0.0003516636	0.0000000000	0.9996483364
0	0.7180312025	0.0387366185	0.2432321790
1	0.1657292925	0.0000412653	0.8342294422
0	0.7249810475	0.2738781800	0.0011407725
0	0.9048177711	0.0349647296	0.0602174993
0	0.9941519165	0.0000000000	0.0058480835
1	0.0475424747	0.9187252768	0.0337322485
0	0.5106297758	0.4244377450	0.0649324792
0	0.2110971882	0.0250700208	0.7638327910
0	0.1256999024	0.8573580640	0.0169420336
0	0.9953371553	0.0000053270	0.0046575177
0	0.0000203517	0.8417231354	0.1582565129
0	0.9999968543	0.0000000148	0.0000031310
0	0.2216772246	0.4495149339	0.3288078415
0	0.0000992437	0.0791648504	0.9207359059
1	0.1060994357	0.3660603110	0.5278402534
1	0.0006223497	0.2311423025	0.7682353478
1	0.9111036731	0.0068662148	0.0820301122
0	0.4011051941	0.1024133038	0.4964815021
0	0.8251864915	0.1152402947	0.0595732138
0	0.7928818071	0.2066732743	0.0004449186
0	0.2281219464	0.4828778131	0.2890002405
0	0.9865080112	0.0127113272	0.0007806616
0	0.0249992578	0.0000000000	0.9750007422
0	0.0000045215	0.4864780343	0.5135174442
0	0.0675784760	0.0004368593	0.9319846647
0	0.6177262265	0.0081678695	0.3741059040
0	0.0000000000	0.1797732029	0.8202267971
0	0.9615992683	0.0377903490	0.0006103827
0	0.3427997574	0.0001890851	0.6570111575
2	0.3537380729	0.5291394226	0.1171225044
0	0.9060692387	0.0649329949	0.0289977665
0	0.9977492619	0.0010881332	0.0011626049
0	0.0511878035	0.0091780782	0.9396341183
0	0.0009300604	0.0052887596	0.9937811800
0	0.3051666213	0.3261371591	0.3686962196
0	0.0000129869	0.6543282018	0.3456588112
0	0.9904764107	0.0019049690	0.0076186203
0	0.4557762554	0.0490479985	0.4951757461
0	0.1447675946	0.0000000000	0.8552324054
0	0.0000000010	0.5838796809	0.4161203181
0	0.2498348993	0.0262355177	0.7239295829
1	0.0536883658	0.6927330109	0.2535786233
0	0.0093754937	0.0000000000	0.9906245063
0	0.0131615719	0.0000005128	0.9868379153
0	0.3206014939	0.0462770553	0.6331214509
0	0.0443861741	0.2538604720	0.7017533540
0	0.0044713703	0.3414808015	0.6540478283
0	0.8095722590	0.1869884695	0.0034392715
0	0.0003022571	0.6734247921	0.3262729507
0	0.7990200369	0.0407014366	0.1602785265
0	0.0471025144	0.9317231388	0.0211743468
0	0.0018962057	0.5567732976	0.4413304967
0	0.0002189133	0.1815322366	0.8182488501
0	0.1092606295	0.6724111298	0.2183282407
0	0.0030626168	0.0250941608	0.9718432225
1	0.2312659021	0.7660391347	0.0026949632
1	0.0433187186	0.0020280690	0.9546532124
0	0.0000031237	0.5172099222	0.4827869541
0	0.2659361904	0.0519938679	0.6820699418
0	0.0971711476	0.8910135684	0.0118152840
0	0.3706699390	0.0082629450	0.6210671160
0	0.2368878248	0.0112923841	0.7518197910
0	0.0373703914	0.0785857551	0.8840438535
0	0.6057050344	0.3942923304	0.0000026352
0	0.0000008556	0.0244341282	0.9755650162
0	0.8886145578	0.0744831318	0.0369023105
0	0.0287713669	0.0132935032	0.9579351298
0	0.0000000000	0.9948001762	0.0051998238
0	0.9895348633	0.0098978844	0.0005672523
0	0.0205083804	0.6334834713	0.3460081483
0	0.6485409065	0.1752470431	0.1762120504
0	0.1750630674	0.0567588323	0.7681781003
0	0.7491855454	0.0003876984	0.2504267561
1	0.0281756292	0.0099255419	0.9618988290
1	0.0052301838	0.9947453039	0.0000245123
0	0.0076610140	0.1612587803	0.8310802057
0	0.2899650951	0.0049781728	0.7050567322
1	0.8228190667	0.0010479395	0.1761329938
0	0.0010379041	0.0048380413	0.9941240546
0	0.3644051777	0.0032851059	0.6323097164
0	0.0003493592	0.5865356519	0.4131149889
0	0.4919046078	0.0000001798	0.5080952124
0	0.9971519503	0.0027497936	0.0000982561
0	0.7295895031	0.1279918351	0.1424186617
1	0.1609456254	0.0366509207	0.8024034539
0	0.6840115911	0.0000117159	0.3159766930
0	0.3008812567	0.0000000000	0.6991187433
0	0.5108584285	0.2658177595	0.2233238120
0	0.1584754046	0.8193652564	0.0221593390
0	0.2224168042	0.6988203014	0.0787628944
0	0.0279036834	0.6595188833	0.3125774333
0	0.0414589720	0.7962990568	0.1622419711
0	0.9668202958	0.0212737265	0.0119059777
0	0.0000000000	0.0145394056	0.9854605944
1	0.9086400061	0.0514589291	0.0399010648
0	0.5225614956	0.0009513710	0.4764871334
0	0.0002360532	0.5521598621	0.4476040848
