0	0.0679732328	0.9123869509	0.0196398163
0	0.6503865078	0.3496119867	0.0000015054
0	0.0053282721	0.7568724935	0.2377992343
0	0.0125062231	0.7967122470	0.1907815299
1	0.0000160233	0.6583052069	0.3416787698
1	0.8002281610	0.1837458071	0.0160260319
0	0.6618102231	0.2349628679	0.1032269090
0	0.0000000002	0.9993063303	0.0006936695
0	0.0004021175	0.9048200553	0.0947778271
1	0.9723060927	0.0222699039	0.0054240035
0	0.2270531967	0.0000850518	0.7728617515
0	0.0000197188	0.9973422162	0.0026380650
1	0.6012089203	0.3964512602	0.0023398195
0	0.7694356512	0.2275457285	0.0030186203
0	0.7337585883	0.0622193407	0.2040220709
0	0.5871017243	0.2215014272	0.1913968485
2	0.0451233349	0.8917696581	0.0631070070
0	0.0857778176	0.8376398600	0.0765823224
0	0.9642461093	0.0227619724	0.0129919183
0	0.1840731500	0.7330669841	0.0828598659
1	0.0000000505	0.9182670878	0.0817328617
0	0.2338732668	0.7646857285	0.0014410047
0	0.0000969413	0.3754701000	0.6244329587
0	0.7386782103	0.2251133386	0.0362084511
0	0.1625649995	0.1429606471	0.6944743535
0	0.0185431155	0.0721282872	0.9093285974
0	0.6772101399	0.2822417178	0.0405481423
0	0.4536180562	0.4016479070	0.1447340368
0	0.0000000000	0.2269514436	0.7730485564
0	0.0573045482	0.8224545329	0.1202409189
1	0.4229961254	0.5770003048	0.0000035698
0	0.6783276497	0.3177754296	0.0038969207
0	0.1013592649	0.1343510901	0.7642896450
1	0.0501808390	0.4438703655	0.5059487956
1	0.3432195604	0.0228251007	0.6339553389
1	0.8027118070	0.0258835586	0.1714046344
0	0.0163606351	0.0555948461	0.9280445188
0	0.4329546930	0.5670453062	0.0000000008
1	0.7614219974	0.2385773095	0.0000006932
1	0.0153399658	0.9846592661	0.0000007682
1	0.4672092004	0.2622667780	0.2705240215
0	0.7503831273	0.2496168727	0.0000000000
0	0.1424313111	0.6872957378	0.1702729511
0	0.9552859112	0.0438499351	0.0008641537
0	0.9970683617	0.0025545708	0.0003770675
0	0.0038730629	0.3866702118	0.6094567253
0	0.0035331149	0.8018091161	0.1946577691
0	0.0000000956	0.4121803341	0.5878195703
0	0.3831016797	0.0435722281	0.5733260922
0	0.9041951865	0.0470604704	0.0487443431
1	0.0218344673	0.8560143834	0.1221511494
0	0.0010425995	0.9252322296	0.0737251709
0	0.0218582599	0.9667927878	0.0113489523
0	0.6054141826	0.1489223656	0.2456634518
0	0.8806192720	0.1175439228	0.0018368052
0	0.0000000000	0.9979687235	0.0020312765
2	0.3601298562	0.5409839742	0.0988861696
0	0.9244537689	0.0742220800	0.0013241510
1	0.0901246319	0.7406844906	0.1691908775
0	0.5889622230	0.2422625707	0.1687752062
0	0.0001472313	0.9380644719	0.0617882967
0	0.0045713384	0.9954046909	0.0000239707
0	0.0000292564	0.9981191153	0.0018516282
0	0.4019156729	0.5980279119	0.0000564152
0	0.0000986107	0.6251388383	0.3747625510
1	0.4630093331	0.0545762033	0.4824144636
0	0.5782239694	0.1361983124	0.2855777182
0	0.6354713300	0.1360817769	0.2284468931
1	0.0000004591	0.5724304370	0.4275691039
0	0.0069808892	0.9923925906	0.0006265202
0	0.5122030079	0.4202580651	0.0675389270
0	0.6707483884	0.3276782314	0.0015733802
0	0.9999999993	0.0000000000	0.0000000007
0	0.0000000409	0.2587059587	0.7412940005
0	0.4500989394	0.1683273754	0.3815736852
0	0.7916084660	0.1816216907	0.0267698433
0	0.1186382803	0.7247329998	0.1566287199
0	0.1756035041	0.7223182117	0.1020782842
0	0.1536221103	0.0102490034	0.8361288863
0	0.0816212728	0.9007739886	0.0176047385
0	0.9520781770	0.0460325901	0.0018892329
0	0.0798164696	0.4812266251	0.4389569053
0	0.0265838792	0.9548829576	0.0185331632
0	0.0008394071	0.0867694635	0.9123911295
0	0.0825550015	0.0933861841	0.8240588144
0	0.1293577050	0.4814758491	0.3891664459
0	0.8695272621	0.1304727377	0.0000000002
0	0.0029525168	0.9918597486	0.0051877346
0	0.0206762093	0.7812883913	0.1980353994
0	0.9986497031	0.0012890801	0.0000612169
1	0.0009635480	0.9988851612	0.0001512908
0	0.1438954348	0.0000000069	0.8561045582
0	0.3454385969	0.5270559656	0.1275054375
0	0.0715193849	0.7638156300	0.1646649851
0	0.2970364200	0.0747226956	0.6282408843
0	0.7273447982	0.1050752176	0.1675799842
0	0.0145255838	0.9642356272	0.0212387891
0	0.5844002125	0.0666447871	0.3489550004
0	0.1677317944	0.3559631719	0.4763050337
0	0.5201197105	0.0849680838	0.3949122057
