0	0.0336406216	0.0329180733	0.9334413051
0	0.4658899296	0.5341096830	0.0000003874
0	0.0000125525	0.6149631616	0.3850242859
0	0.0001924577	0.0731023109	0.9267052314
1	0.0000093651	0.9999850986	0.0000055364
0	0.0000000000	0.9355787124	0.0644212876
0	0.0000000000	0.9844138917	0.0155861083
1	0.7388505102	0.2611382293	0.0000112606
0	0.4275026089	0.1111497677	0.4613476234
0	0.1087121326	0.3173929250	0.5738949425
0	0.9887076475	0.0110288277	0.0002635248
0	0.1503142437	0.4195867919	0.4300989644
0	0.0555921979	0.9442106672	0.0001971349
0	0.0000000000	0.3569537347	0.6430462653
1	0.0081004216	0.0059239477	0.9859756307
0	0.9491623791	0.0000086968	0.0508289241
0	0.6960670968	0.0869694493	0.2169634539
0	0.2084692509	0.7865082056	0.0050225435
0	0.0216854110	0.7185426844	0.2597719045
1	0.0304197112	0.9331706187	0.0364096701
1	0.0023389968	0.0990767824	0.8985842208
0	0.0000000000	0.9929394349	0.0070605651
1	0.0070511671	0.1608614390	0.8320873939
0	0.2341575744	0.5128557291	0.2529866965
0	0.0163835407	0.9474299830	0.0361864763
2	0.0258535495	0.9138235850	0.0603228655
0	0.0001675135	0.9634350248	0.0363974616
0	0.0243527304	0.9434821018	0.0321651678
0	0.2082508498	0.7917488629	0.0000002873
0	0.0203620242	0.0020619349	0.9775760409
0	0.1040350692	0.7019993442	0.1939655867
0	0.7766063761	0.0752080486	0.1481855753
0	0.1750533300	0.8240061708	0.0009404992
0	0.1694555584	0.5301893212	0.3003551204
0	0.0850344297	0.4517907371	0.4631748332
0	0.5596617318	0.4296840933	0.0106541749
0	0.1612261432	0.8345110205	0.0042628363
0	0.4709554169	0.0403745965	0.4886699866
0	0.0001059298	0.1932181212	0.8066759490
0	0.0220763931	0.8536483183	0.1242752887
0	0.8606811333	0.1393188666	0.0000000001
1	0.0375614102	0.9624385898	0.0000000000
0	0.0000555360	0.9561094943	0.0438349696
0	0.3615639171	0.5105392119	0.1278968711
0	0.0000000000	0.9970055668	0.0029944332
0	0.0212592108	0.8513504574	0.1273903318
0	0.0000000279	0.0584830702	0.9415169019
0	0.0000000000	0.9977489208	0.0022510792
0	0.5236491829	0.3090506996	0.1673001175
0	0.0000000000	0.7972955585	0.2027044415
1	0.0907489475	0.1628159442	0.7464351083
0	0.5451848162	0.4454762689	0.0093389149
0	0.0012693893	0.9987305327	0.0000000781
1	0.3683254291	0.5464524641	0.0852221068
0	0.4091014589	0.5050173397	0.0858812014
0	0.0118497586	0.1691181058	0.8190321356
1	0.3527802730	0.1460848251	0.5011349019
0	0.0026548918	0.9216033687	0.0757417396
1	0.0000098730	0.4405040999	0.5594860271
0	0.5345525037	0.4635680786	0.0018794176
2	0.0158416431	0.9819833326	0.0021750243
0	0.0681850267	0.1370673700	0.7947476033
1	0.0000000000	0.9999998971	0.0000001029
0	0.5739448097	0.0000008176	0.4260543727
0	0.2785223524	0.0000003741	0.7214772735
0	0.0004566913	0.8299261706	0.1696171381
1	0.8495751359	0.1504012264	0.0000236376
0	0.9816148584	0.0183851416	0.0000000000
0	0.2414292070	0.4299710370	0.3285997561
0	0.5550476043	0.0197666640	0.4251857316
0	0.1325777865	0.6334041770	0.2340180365
0	0.0265892737	0.0030282356	0.9703824907
0	0.0000018164	0.9974744163	0.0025237673
0	0.0373065714	0.9487037531	0.0139896755
1	0.0120061902	0.8922602197	0.0957335901
0	0.0000003128	0.8275931116	0.1724065757
0	0.2310254703	0.3878082855	0.3811662441
0	0.0012948758	0.8581740423	0.1405310819
0	0.3461704181	0.6495810203	0.0042485615
0	0.4223298538	0.0267448724	0.5509252738
0	0.1998071631	0.6463439316	0.1538489053
0	0.0007034779	0.9980664789	0.0012300432
1	0.0319343229	0.2260960328	0.7419696444
1	0.1060394766	0.8937949347	0.0001655887
0	0.0173058421	0.9514970239	0.0311971340
1	0.0018636217	0.8862047628	0.1119316156
0	0.0038026451	0.1447576422	0.8514397127
0	0.0000054233	0.3812626305	0.6187319462
0	0.0000000005	0.9999999390	0.0000000605
0	0.0000112580	0.9725839295	0.0274048125
0	0.0005387299	0.0605240313	0.9389372388
0	0.2314492254	0.7684055020	0.0001452726
0	0.0000016347	0.9986859590	0.0013124063
0	0.0000000000	0.1689362932	0.8310637068
0	0.4912471030	0.3969687105	0.1117841864
0	0.0032032446	0.8766870954	0.1201096600
1	0.0826494120	0.0065634994	0.9107870886
0	0.0000000000	0.9997729296	0.0002270704
0	0.0015820252	0.9813817549	0.0170362199
0	0.2976673455	0.5469305483	0.1554021063
