0	0.7989742357	0.1583279297	0.0426978346
0	0.4831324688	0.3690143199	0.1478532113
1	0.0487182202	0.9500412883	0.0012404915
0	0.4519428168	0.4812310573	0.0668261259
1	0.5607763094	0.4366573630	0.0025663276
0	0.0426707413	0.0000193826	0.9573098761
0	0.6040665957	0.0560855889	0.3398478154
0	0.7678927703	0.2250457531	0.0070614765
0	0.4804490779	0.0755250105	0.4440259115
1	0.6394818930	0.0000089876	0.3605091194
0	0.3224749300	0.0000000000	0.6775250700
0	0.9999912546	0.0000028608	0.0000058847
0	0.8102339686	0.0000321602	0.1897338712
0	0.0000000000	0.3769904979	0.6230095021
0	0.0078935151	0.7700356962	0.2220707887
0	0.0880889159	0.3264137305	0.5854973536
0	0.3025104268	0.6974895607	0.0000000125
0	0.0000221194	0.2358193829	0.7641584977
0	0.9298778023	0.0320623040	0.0380598937
0	0.2912508420	0.6512805056	0.0574686524
0	0.7869555158	0.0000746355	0.2129698487
1	0.0252136562	0.0025872678	0.9721990760
1	0.6954074385	0.1760185194	0.1285740421
0	0.4608927308	0.4355709048	0.1035363644
0	0.5834629258	0.0691468633	0.3473902109
0	0.0000020639	0.4787536250	0.5212443111
0	0.4333551835	0.2599718007	0.3066730157
1	0.0000000000	0.9954189582	0.0045810418
0	0.9137044399	0.0862955601	0.0000000000
0	0.0000000000	0.0000190864	0.9999809136
0	0.0355678353	0.9633770307	0.0010551340
0	0.0065512173	0.4916924754	0.5017563073
0	0.9464955325	0.0533022116	0.0002022559
0	0.1216492503	0.3151467599	0.5632039898
0	0.6391799608	0.0659872721	0.2948327671
0	0.0014170466	0.9966153438	0.0019676096
0	0.1617434270	0.5743214909	0.2639350821
0	0.0000170968	0.0000000000	0.9999829032
1	0.9996172493	0.0000577498	0.0003250009
0	0.1057895337	0.0206752351	0.8735352312
0	0.0341694769	0.8292374846	0.1365930385
1	0.1189875825	0.0279607677	0.8530516499
0	0.0004228624	0.0248785927	0.9746985448
0	0.0176380809	0.8730488201	0.1093130990
0	0.0009924466	0.9077931895	0.0912143639
0	0.0002167975	0.9387035172	0.0610796853
0	0.0794243410	0.9205756590	0.0000000000
0	0.9632067496	0.0000000000	0.0367932504
1	0.5386445444	0.0237402238	0.4376152318
0	0.1560497588	0.1233403878	0.7206098533
0	0.0391398204	0.7287201705	0.2321400092
0	0.1879622463	0.7152063108	0.0968314430
1	0.2227082773	0.0007006327	0.7765910901
0	0.2325951019	0.5651231808	0.2022817173
0	0.7861795074	0.0055251700	0.2082953227
1	0.9999943994	0.0000056006	0.0000000000
1	0.0000000000	0.5643705071	0.4356294929
0	0.8553585713	0.0390696839	0.1055717448
0	0.0000705077	0.8066125385	0.1933169537
0	0.8739563527	0.0300833824	0.0959602649
0	0.0000603219	0.7826401345	0.2172995436
2	0.4899206287	0.4992370001	0.0108423712
0	0.9109244019	0.0008266659	0.0882489322
1	0.0000012565	0.9999987407	0.0000000028
0	0.0113567473	0.8395114393	0.1491318134
0	0.0003889807	0.7700163449	0.2295946744
1	0.5285523588	0.0062522825	0.4651953586
0	0.9904637819	0.0066594062	0.0028768119
0	0.9360144310	0.0000000000	0.0639855690
0	0.4413665348	0.0000358764	0.5585975888
0	0.0217196591	0.0635442327	0.9147361082
2	0.0049780158	0.9927968055	0.0022251787
0	0.6431278683	0.0045640127	0.3523081189
0	0.5076694542	0.0154240717	0.4769064742
1	0.6393222740	0.0000000056	0.3606777203
0	0.8486528409	0.1291171985	0.0222299606
0	0.4046206161	0.3304844305	0.2648949534
0	0.6614311182	0.3231225775	0.0154463043
0	0.8212223443	0.1787776557	0.0000000000
0	0.1218050148	0.8753584830	0.0028365022
0	0.2984012889	0.0295888111	0.6720099000
0	0.4631837042	0.3973902500	0.1394260458
0	0.4883104388	0.0000003892	0.5116891720
1	0.8899056048	0.1100943940	0.0000000011
0	0.1063330122	0.7240785612	0.1695884266
0	0.8277134814	0.0386413663	0.1336451522
1	0.3959113951	0.4670928520	0.1369957529
0	0.5394751435	0.4435228574	0.0170019991
0	0.0000000001	0.9533620912	0.0466379086
0	0.9019820454	0.0980179546	0.0000000000
0	0.0012397325	0.0211848852	0.9775753823
0	0.7416647956	0.2257512211	0.0325839832
0	0.0749911711	0.2575175956	0.6674912333
0	0.0157073353	0.9575939245	0.0266987402
0	0.0000012661	0.3436858528	0.6563128811
0	0.0012850203	0.9979855445	0.0007294351
0	0.5774277283	0.4126560722	0.0099161994
0	0.0000001272	0.6292333660	0.3707665068
0	0.2750059060	0.3799031253	0.3450909687
1	0.1436795330	0.3370867955	0.5192336715
