0	0.0183443996	0.5273532079	0.4543023925
0	0.0788041764	0.0002088383	0.9209869853
0	0.3724699147	0.4149325425	0.2125975429
1	0.0000036451	0.2374540123	0.7625423426
0	0.7201758024	0.0000000000	0.2798241976
0	0.0051053771	0.8543923424	0.1405022805
0	0.0000000000	0.0447677534	0.9552322466
0	0.0424156407	0.0000000000	0.9575843593
0	0.2687259169	0.1246908111	0.6065832720
1	0.3434901380	0.0578025199	0.5987073421
0	0.6897643905	0.0000024981	0.3102331114
0	0.0003794252	0.0000000000	0.9996205748
0	0.0000000000	0.0000000000	1.0000000000
1	0.8912929670	0.0995458690	0.0091611640
0	0.0177606884	0.0315605586	0.9506787531
0	0.0029324092	0.1971365448	0.7999310459
0	0.6995127668	0.2919570188	0.0085302144
1	0.0001439497	0.2563226418	0.7435334085
0	0.9952454261	0.0046970047	0.0000575692
0	0.0048363362	0.9629906065	0.0321730573
0	0.0603675479	0.7536022547	0.1860301973
0	0.6125611553	0.0396007955	0.3478380492
0	0.1955693675	0.6958431853	0.1085874472
0	0.7187964882	0.0000048448	0.2811986670
0	0.0008723958	0.1106070887	0.8885205155
0	0.0000709800	0.2449905169	0.7549385030
0	0.0375759206	0.1621360703	0.8002880091
0	0.0177040289	0.6998004776	0.2824954936
0	0.3097874136	0.6902125864	0.0000000000
0	0.0000000001	0.0003795550	0.9996204449
0	0.0000437675	0.3841319206	0.6158243119
0	0.0001226528	0.5442943172	0.4555830301
0	0.3947164691	0.2719471506	0.3333363803
0	0.0003361618	0.3133283260	0.6863355121
0	0.0032361712	0.9967636794	0.0000001494
0	0.2151026532	0.0000000000	0.7848973468
0	0.6590766437	0.3280212535	0.0129021029
0	0.6355288602	0.0000415578	0.3644295820
0	0.7185346546	0.0444816551	0.2369836904
1	0.3686253671	0.6109086882	0.0204659447
0	0.0000404014	0.6608525003	0.3391070983
0	0.7344454136	0.2070405941	0.0585139923
0	0.0000000325	0.6821767441	0.3178232234
0	0.3967837652	0.0404916288	0.5627246060
1	0.5032759696	0.3462339421	0.1504900883
0	0.6203535666	0.1543147664	0.2253316670
0	0.9087435522	0.0019284713	0.0893279765
0	0.0000466405	0.0011914563	0.9987619032
0	0.0734586271	0.3938619769	0.5326793960
0	0.0061727669	0.7027973125	0.2910299206
0	0.1466608618	0.0000036973	0.8533354409
0	0.1657772319	0.3696209147	0.4646018534
0	0.0035090224	0.9916028991	0.0048880785
0	0.0621425343	0.2023164852	0.7355409805
0	0.3612471642	0.1123287950	0.5264240408
0	0.1251298251	0.7853517867	0.0895183882
0	0.0001955861	0.7710727590	0.2287316550
0	0.3880279278	0.5671348134	0.0448372588
2	0.0000000000	0.1877105136	0.8122894864
1	0.0000073282	0.4055415229	0.5944511489
0	0.0981181686	0.0524018217	0.8494800097
0	0.3173371571	0.1687542055	0.5139086374
0	0.0606162486	0.0904177156	0.8489660359
0	0.3887820466	0.0017620191	0.6094559343
0	0.0106658460	0.8344532070	0.1548809470
1	0.9997944412	0.0000651849	0.0001403740
0	0.5698841920	0.3170723074	0.1130435006
1	0.1667605411	0.0000000000	0.8332394589
1	0.4388496799	0.4163679318	0.1447823883
0	0.8873114783	0.0366605075	0.0760280142
1	0.0000012458	0.0000000019	0.9999987523
0	0.0299544387	0.0383218403	0.9317237210
0	0.7562028831	0.0795461025	0.1642510145
0	0.2381445742	0.7610579790	0.0007974467
0	0.2229656020	0.0000000303	0.7770343677
0	0.1066535206	0.0000000002	0.8933464792
0	0.0005833245	0.2311947273	0.7682219482
1	0.0035809541	0.0367171134	0.9597019325
0	0.1453956098	0.2075721066	0.6470322836
1	0.0000001094	0.3375694074	0.6624304832
0	0.0430672551	0.0006169912	0.9563157537
0	0.0033749651	0.2173383851	0.7792866498
0	0.1063242797	0.8522105925	0.0414651278
0	0.8661501047	0.0055520749	0.1282978205
0	0.0256696276	0.0142707897	0.9600595827
0	0.0116998166	0.9778033321	0.0104968513
0	0.0000000000	0.4646703735	0.5353296265
0	0.0241554722	0.8046920145	0.1711525133
2	0.2094059146	0.0780432999	0.7125507854
0	0.1026553023	0.0079196428	0.8894250549
0	0.5718381313	0.3784307511	0.0497311176
0	0.0015166629	0.9347534288	0.0637299083
0	0.0000000001	0.0011939600	0.9988060398
0	0.0000683191	0.9948247024	0.0051069785
1	0.1920328835	0.4190115478	0.3889555687
0	0.5473023250	0.0000002590	0.4526974160
0	0.0000000000	0.0000000007	0.9999999993
0	0.0903775560	0.3289720514	0.5806503926
0	0.0159941367	0.3782588748	0.6057469885
0	0.2708897322	0.0214863184	0.7076239494
