0	0.0020130718	0.1273078525	0.8706790758
1	0.9281059874	0.0717269582	0.0001670544
1	0.1910871270	0.7283070909	0.0806057820
1	0.0073514458	0.0000663845	0.9925821697
0	0.2379221701	0.0386963905	0.7233814394
0	0.9590203695	0.0000000253	0.0409796051
0	0.0335083712	0.0010407393	0.9654508895
0	0.0150091210	0.0052581983	0.9797326806
0	1.0000000000	0.0000000000	0.0000000000
1	0.9243294437	0.0740434601	0.0016270962
0	0.2515455283	0.0212151043	0.7272393674
0	0.1390050253	0.7138937808	0.1471011939
0	0.9999989878	0.0000000000	0.0000010122
1	0.4001667651	0.5772544666	0.0225787684
0	0.3681180971	0.3291838745	0.3026980284
0	0.9791003154	0.0000121794	0.0208875053
0	0.1852179269	0.0245483789	0.7902336942
0	0.0000000000	0.0000000000	1.0000000000
0	0.1119474380	0.0000019075	0.8880506545
0	0.5696051598	0.4258608018	0.0045340385
0	0.3702357863	0.2815069622	0.3482572516
0	0.8516284139	0.0020247393	0.1463468468
0	0.0997913313	0.0000000000	0.9002086687
0	0.0594495679	0.7206532994	0.2198971327
0	0.0432640172	0.1909685496	0.7657674332
2	0.0000003213	0.0002877013	0.9997119773
0	0.3217638319	0.3265139676	0.3517222005
0	0.9605025994	0.0007491395	0.0387482611
0	0.5999804460	0.0000020227	0.4000175312
0	0.0000112665	0.0000642332	0.9999245003
0	0.3691060558	0.5547837034	0.0761102409
0	0.4120157381	0.0000032903	0.5879809716
0	0.0036310741	0.0153665317	0.9810023942
0	0.8726544257	0.0177092289	0.1096363455
0	0.9999856198	0.0000041089	0.0000102713
0	0.5260502305	0.1075624940	0.3663872755
1	0.9996924216	0.0000066742	0.0003009043
0	0.0351461060	0.2123997362	0.7524541578
0	0.0000495057	0.8734297852	0.1265207090
0	0.0001909728	0.0036608248	0.9961482023
0	0.9258876338	0.0163585762	0.0577537901
0	0.2320931931	0.1059251648	0.6619816422
0	0.5028380759	0.3867797240	0.1103822001
0	0.9146160437	0.0853837648	0.0000001914
1	0.0306649726	0.0000425672	0.9692924602
0	0.0000028978	0.0014743616	0.9985227406
0	0.2399288782	0.0013122029	0.7587589189
0	0.6506893169	0.0086826344	0.3406280487
0	0.6536346233	0.0003809752	0.3459844015
0	0.1866019058	0.0000659850	0.8133321092
2	0.9999481747	0.0000476171	0.0000042081
0	0.4486312054	0.0234529010	0.5279158936
0	0.1099072737	0.6134218915	0.2766708348
0	0.0000000307	0.8288574255	0.1711425438
0	0.9839283733	0.0103621818	0.0057094449
0	0.1315906690	0.1248321022	0.7435772288
1	0.7081619289	0.0000018220	0.2918362491
0	0.4729332104	0.0000000000	0.5270667896
0	0.0000001826	0.1401555144	0.8598443030
0	0.0206296263	0.0031815724	0.9761888013
0	0.0531650829	0.0008816110	0.9459533061
1	0.1945152509	0.0079771787	0.7975075704
0	0.6871266582	0.2952350237	0.0176383181
0	0.0120491464	0.0781874645	0.9097633891
0	0.4676552274	0.5323369754	0.0000077972
1	0.0313262063	0.5461407054	0.4225330883
0	0.0000000021	0.0743308816	0.9256691163
1	0.0929593460	0.0000000000	0.9070406540
0	0.0035682114	0.6593003116	0.3371314769
0	0.1252294964	0.7209194967	0.1538510069
1	0.0004177265	0.9986381448	0.0009441287
0	0.8429558446	0.1570391034	0.0000050520
0	0.0361987499	0.0360997607	0.9277014894
0	0.6253824975	0.3485060751	0.0261114274
0	0.4818432500	0.4418450999	0.0763116501
0	0.1802960529	0.0722539827	0.7474499644
0	0.4594607843	0.1177392616	0.4227999541
1	0.7612242345	0.2387366079	0.0000391576
1	0.0000000000	0.0000000000	1.0000000000
0	0.8576763808	0.0021494118	0.1401742073
1	0.0059064604	0.2198798913	0.7742136483
1	0.5200615145	0.4306064040	0.0493320814
0	0.3257618848	0.5649610545	0.1092770607
0	0.5897983862	0.3856688158	0.0245327980
2	0.0030190512	0.0000000000	0.9969809488
0	0.0330785649	0.8844725559	0.0824488792
0	0.2088153172	0.0474821945	0.7437024883
0	0.2417024013	0.2078309584	0.5504666402
0	0.1036797882	0.1459767972	0.7503434146
0	0.0054308108	0.2518204072	0.7427487820
0	0.0002493623	0.0106819479	0.9890686898
0	0.1676887979	0.2858725008	0.5464387014
0	0.0662635024	0.0013995556	0.9323369419
0	0.8322484063	0.1227303569	0.0450212368
0	0.0222474000	0.0000000000	0.9777526000
0	0.3398336991	0.0001402093	0.6600260916
0	0.3386645371	0.6511202467	0.0102152162
0	0.1130553631	0.4841364240	0.4028082129
0	0.0000939888	0.0000000000	0.9999060112
0	0.1218474006	0.0054669783	0.8726856211
