0	0.0000000001	0.6537520305	0.3462479694
0	0.1547464056	0.0506744034	0.7945791909
2	0.0533312427	0.9466687573	0.0000000000
1	0.3446397118	0.3333623656	0.3219979226
0	0.5069118679	0.3245593743	0.1685287579
0	0.1693360984	0.0434386155	0.7872252861
0	0.0092562923	0.4894423096	0.5013013981
0	0.0092206743	0.1097943847	0.8809849410
0	0.0000000000	0.0153929401	0.9846070599
0	0.2844259352	0.1314336597	0.5841404051
1	0.0115004125	0.9884995798	0.0000000077
0	0.0000005240	0.4625135501	0.5374859259
0	0.0757858576	0.1557339522	0.7684801902
0	0.0588541743	0.0028106691	0.9383351566
0	0.3088025605	0.3243739610	0.3668234785
0	0.0002002733	0.0680964683	0.9317032584
0	0.2266686866	0.5739665316	0.1993647819
0	0.0000198551	0.0229778889	0.9770022560
0	0.3998177602	0.2657680544	0.3344141853
0	0.6167309352	0.3832690648	0.0000000000
0	0.0015119864	0.0020475712	0.9964404424
1	0.2366625670	0.5937992984	0.1695381346
0	0.0796342148	0.4134692218	0.5068965634
0	0.0466738417	0.9020890288	0.0512371296
0	0.0585567833	0.0454826641	0.8959605526
0	0.0000030727	0.0148806231	0.9851163042
0	0.0369900133	0.1880433189	0.7749666678
0	0.0000000000	0.2986201256	0.7013798744
0	0.0040440143	0.0053092419	0.9906467437
0	0.3083006601	0.3794107874	0.3122885525
0	0.0009094619	0.0000001949	0.9990903432
0	0.0137237936	0.5442969775	0.4419792290
0	0.7594958338	0.0309102425	0.2095939238
0	0.0769796212	0.1014445381	0.8215758406
1	0.0538690617	0.7719446002	0.1741863381
1	0.0692718599	0.9307281401	0.0000000000
0	0.0009869342	0.9448771646	0.0541359011
0	0.5964400902	0.3842659315	0.0192939783
0	0.4791911271	0.0001255827	0.5206832902
0	0.7402165288	0.0000237392	0.2597597320
1	0.0000692794	0.9999303606	0.0000003600
0	0.0478124217	0.8350524989	0.1171350794
0	0.0007550105	0.6511912671	0.3480537224
0	0.0000319100	0.0000547130	0.9999133770
1	0.0217440420	0.9609001711	0.0173557869
0	0.1174646345	0.0020996838	0.8804356818
0	0.0015983235	0.0307087952	0.9676928813
0	0.0000694187	0.8633584248	0.1365721565
1	0.0800673835	0.4901901871	0.4297424294
0	0.3094436907	0.1332737048	0.5572826045
0	0.0003196269	0.6275094764	0.3721708968
0	0.6731121395	0.2771678159	0.0497200447
0	0.6573128848	0.0116980951	0.3309890200
0	0.8153011442	0.0352966461	0.1494022097
0	0.0009323642	0.2414705970	0.7575970388
0	0.0022095433	0.2147439297	0.7830465270
0	0.0011862731	0.0885859679	0.9102277591
0	0.6393752587	0.0979354566	0.2626892847
0	0.2663716684	0.6298143091	0.1038140225
1	0.1558744921	0.7825730600	0.0615524478
0	0.0182217438	0.0832189414	0.8985593149
0	0.0306936143	0.0707740960	0.8985322898
0	0.4927636156	0.1582550016	0.3489813828
0	0.0478348499	0.9489871053	0.0031780448
1	0.0114541177	0.9885458823	0.0000000000
1	0.6221184034	0.3731675979	0.0047139987
0	0.7765300771	0.0692519778	0.1542179452
0	0.0256052602	0.0000093141	0.9743854257
0	0.0000374950	0.0808161141	0.9191463909
0	0.8062705204	0.0242045337	0.1695249460
0	0.3625033891	0.4102006313	0.2272959796
0	0.8364743727	0.1631057376	0.0004198897
1	0.6180638992	0.3819361000	0.0000000007
0	0.3173894694	0.0000002744	0.6826102562
0	0.0001084999	0.5020054028	0.4978860973
1	0.0954704407	0.7855649497	0.1189646096
0	0.3238892939	0.0000007018	0.6761100042
0	0.0004403879	0.0588040154	0.9407555967
1	0.0432318838	0.8438951653	0.1128729509
0	0.0123906057	0.1340621930	0.8535472013
0	0.1420758497	0.1514421058	0.7064820445
1	0.0290017756	0.9709243671	0.0000738574
1	0.3442601703	0.6556850328	0.0000547969
1	0.0314982692	0.9263955001	0.0421062306
0	0.0122565592	0.3736450670	0.6140983738
0	0.8976543511	0.0237371824	0.0786084664
0	0.6917866601	0.2323738069	0.0758395330
0	0.0001958359	0.6975510017	0.3022531625
0	0.1174951276	0.5803340973	0.3021707751
0	0.2983991773	0.4089971211	0.2926037016
0	0.2097998880	0.0038606503	0.7863394616
1	0.0981391087	0.8068434697	0.0950174216
0	0.0035556642	0.2848002194	0.7116441164
0	0.0557250214	0.9200694412	0.0242055374
0	0.2504940569	0.6319757806	0.1175301624
0	0.0000000822	0.7363583239	0.2636415939
1	0.0063513713	0.9893428468	0.0043057819
0	0.0237430253	0.1206509627	0.8556060121
0	0.3281959754	0.0423808262	0.6294231984
1	0.0775185256	0.9213183134	0.0011631610
