0	0.0000770237	0.0185647458	0.0011635247	0.7140447353	0.2661499705
0	0.6919952035	0.0584648250	0.0333758029	0.1963419244	0.0198222442
0	0.0000002206	0.0548690353	0.0719273413	0.8732034029	0.0000000000
0	0.3532717850	0.3855767227	0.1479830193	0.0000000000	0.1131684729
0	0.1022436014	0.0001894187	0.0307937914	0.0160391733	0.8507340151
0	0.0884609057	0.8542009086	0.0001431184	0.0000464387	0.0571486286
0	0.0000091521	0.6317227235	0.1482787211	0.2199894033	0.0000000000
0	0.6913296040	0.0000851619	0.0493045656	0.2590050936	0.0002755749
0	0.3992367348	0.2301707865	0.0598812225	0.3096177031	0.0010935532
0	0.0000000000	0.3273888122	0.0416637247	0.3497895068	0.2811579563
0	0.0570524312	0.0000048787	0.0585901609	0.8155230785	0.0688294507
0	0.5842757391	0.0053086593	0.0316472833	0.3521883981	0.0265799202
0	0.0002234375	0.4960759798	0.4066582592	0.0143147210	0.0827276025
0	0.0612960560	0.6905284204	0.0105270365	0.2373018373	0.0003466497
0	0.0073124436	0.9924291117	0.0000187423	0.0000041232	0.0002355792
0	0.0225584165	0.0006972140	0.5233542673	0.4457642094	0.0076258928
0	0.0060220381	0.8281503912	0.0688659697	0.0124528895	0.0845087115
1	0.0252582967	0.0733929741	0.0020809095	0.0095334649	0.8897343549
0	0.0103861613	0.1009347428	0.0000062203	0.3394366261	0.5492362495
1	0.0011918887	0.0014283157	0.7688631865	0.0481405652	0.1803760439
0	0.0000959732	0.6286865917	0.0455087585	0.0793647458	0.2463439308
0	0.7896043117	0.0441011001	0.1601242603	0.0000299562	0.0061403716
0	0.2448725390	0.0137519142	0.4943285082	0.1582733888	0.0887736499
1	0.0270212050	0.0000000084	0.8714773402	0.0009955532	0.1005058932
0	0.0590447969	0.0000504835	0.3381849126	0.0422939810	0.5604258260
1	0.4104503708	0.0005872962	0.2257988864	0.2101072174	0.1530562292
0	0.2987993996	0.1266015771	0.0326907103	0.1603975733	0.3815107397
0	0.4395498812	0.0925563106	0.0000137285	0.1621092283	0.3057708515
0	0.3669108564	0.0282090648	0.1991185715	0.0753402820	0.3304212253
0	0.0076083749	0.1506568672	0.4550174339	0.3862063638	0.0005109603
0	0.7370151825	0.1070454197	0.0164958642	0.0120556584	0.1273878752
0	0.1344090144	0.3948708564	0.1645696989	0.1001153553	0.2060350750
0	0.2833173830	0.2741283450	0.3342024686	0.1065019958	0.0018498076
0	0.4332189346	0.0165925289	0.3240707814	0.2235322895	0.0025854656
1	0.0000024443	0.4328190363	0.0240618901	0.4971293962	0.0459872331
1	0.1454281822	0.8457772319	0.0071336775	0.0016609085	0.0000000000
0	0.1105390397	0.0000910420	0.0000000000	0.0000000767	0.8893698416
0	0.0953981666	0.0834313972	0.7514934623	0.0633367319	0.0063402420
0	0.0604130506	0.2901865881	0.0003546049	0.1070823036	0.5419634528
0	0.0000000004	0.1169744094	0.0134124129	0.1513232952	0.7182898822
2	0.7211514810	0.2483438669	0.0290609640	0.0000000403	0.0014436479
1	0.7297201055	0.1109268585	0.0059901191	0.1531156125	0.0002473045
0	0.7280060641	0.0363324623	0.0032831644	0.1664125217	0.0659657875
0	0.7210185533	0.0834881402	0.0863934200	0.0000000027	0.1090998837
1	0.0000524303	0.0019753048	0.2862745575	0.4641772911	0.2475204163
0	0.0275484125	0.0088076568	0.8636997341	0.0000000264	0.0999441702
0	0.4287635644	0.0003123158	0.0076653166	0.0127865034	0.5504722997
0	0.0015359299	0.0272079037	0.7518693184	0.1773941390	0.0419927089
0	0.0168803521	0.6866306236	0.1666389817	0.0312447628	0.0986052798
0	0.0073943820	0.0000000000	0.0771135486	0.3954868689	0.5200052005
0	0.4428868010	0.0000009097	0.1128435336	0.4403079245	0.0039608312
0	0.0306598570	0.0444589766	0.0000000000	0.4842920476	0.4405891188
0	0.8924549853	0.0407818957	0.0000000005	0.0377989770	0.0289641415
0	0.7705302944	0.0658092683	0.0216743159	0.1401476679	0.0018384535
0	0.8516806484	0.0049905672	0.0076734994	0.0173782983	0.1182769867
0	0.1056259994	0.2554187189	0.1420461865	0.1492428036	0.3476662916
0	0.0321842524	0.0119621979	0.4262356969	0.5296172005	0.0000006523
1	0.0469805899	0.3182565165	0.1989199459	0.3733188523	0.0625240953
0	0.6874848175	0.2189801935	0.0000005261	0.0713956795	0.0221387834
0	0.2445530056	0.5020393920	0.0000000062	0.0018584735	0.2515491226
0	0.0884373738	0.4805903729	0.1764770671	0.1403270863	0.1141680999
0	0.0656736975	0.0036075667	0.0011502810	0.8506030901	0.0789653647
1	0.0685943408	0.0071538354	0.3343208862	0.0494048121	0.5405261255
0	0.0001686406	0.5435067485	0.4361195368	0.0000005242	0.0202045498
0	0.1253277125	0.3705125990	0.3938164623	0.0697840245	0.0405592018
0	0.0056544681	0.0197875050	0.5219956264	0.4525624005	0.0000000000
0	0.0086107693	0.3789856910	0.0049018510	0.0000140472	0.6074876414
0	0.0118693476	0.0031526961	0.5364049788	0.3113088875	0.1372640900
0	0.2392656603	0.3798559692	0.0088273309	0.2545672333	0.1174838062
0	0.3156545941	0.0700674574	0.0000683982	0.6126021544	0.0016073960
0	0.0660540276	0.0393523938	0.0100964337	0.2883850726	0.5961120723
0	0.0798534818	0.1137247751	0.6059015796	0.0734150858	0.1271050776
0	0.0000000000	0.3646145655	0.2982707634	0.0034059462	0.3337087249
0	0.0000000000	0.5586262167	0.3937018385	0.0476719315	0.0000000133
0	0.0000003626	0.0642959318	0.6928632805	0.2428372600	0.0000031651
0	0.0259987087	0.0408835540	0.1276733546	0.3691168278	0.4363275550
0	0.2048900491	0.6680366385	0.0565075057	0.0490070600	0.0215587467
1	0.7756234593	0.1465200057	0.0447925716	0.0000161250	0.0330478383
0	0.6045485830	0.1496613549	0.1916425974	0.0064771742	0.0476702904
0	0.1335404176	0.2337665100	0.0057625315	0.6269303519	0.0000001889
0	0.0206057629	0.2874425341	0.3769241329	0.2021961167	0.1128314534
0	0.0176644227	0.2158311327	0.0000203980	0.0360473419	0.7304367048
0	0.0000419905	0.6245216362	0.3744170280	0.0008570420	0.0001623032
0	0.8311476946	0.0028737207	0.1659774175	0.0000000000	0.0000011671
0	0.1987443795	0.0051107233	0.0001739818	0.5183618820	0.2776090334
0	0.0038851950	0.0102558524	0.1328317850	0.7628321096	0.0901950580
0	0.0473515935	0.3535207921	0.2105678132	0.2417171485	0.1468426527
2	0.8277586344	0.1369643716	0.0026351416	0.0000748919	0.0325669606
0	0.9120320291	0.0019810164	0.0697694592	0.0155855872	0.0006319081
0	0.0396588392	0.0000308652	0.0022176683	0.9498859653	0.0082066621
0	0.9572231455	0.0318646582	0.0002101109	0.0068424019	0.0038596835
0	0.4800645030	0.0164836955	0.0277660081	0.3400281747	0.1356576187
0	0.0002883832	0.0000000000	0.0027613760	0.4764048610	0.5205453798
0	0.0002114234	0.1808590745	0.6838493208	0.1298490284	0.0052311529
0	0.5948456984	0.0549512019	0.3112319867	0.0389711130	0.0000000001
0	0.0032751663	0.4728709551	0.0589954749	0.0088721297	0.4559862739
0	0.0195791814	0.0734557868	0.6669562800	0.0106338636	0.2293748883
1	0.0019567647	0.5578427320	0.0000810473	0.0411742566	0.3989451995
1	0.0005807181	0.2073439959	0.0692701419	0.5959977275	0.1268074166
0	0.0631411056	0.1713441743	0.0686529552	0.5640196005	0.1328421643
