0	0.4806109814	0.3747228551	0.0120748429	0.1325605284	0.0000307922
0	0.0654000774	0.4128190722	0.3864415283	0.0321811790	0.1031581431
0	0.5516769364	0.0000531655	0.0324337397	0.3884760641	0.0273600942
0	0.0000000000	0.0713278329	0.2016985169	0.0000518867	0.7269217635
1	0.2522374470	0.5945053526	0.0166825486	0.1365746519	0.0000000000
1	0.2449093768	0.0459132619	0.0674979112	0.0008005306	0.6408789196
0	0.1843958619	0.0000000001	0.0453932198	0.6760244222	0.0941864961
0	0.0010807560	0.1842672116	0.6015317504	0.1841054805	0.0290148015
0	0.0350212985	0.0141120935	0.3842466018	0.0036335898	0.5629864164
1	0.0854176677	0.0077304957	0.4243043509	0.0385605758	0.4439869099
0	0.4022324412	0.3503534027	0.0446977541	0.0007241207	0.2019922813
0	0.0000000000	0.6452019331	0.0000436640	0.0509150598	0.3038393430
0	0.0052916765	0.8221399039	0.0179094640	0.1153268239	0.0393321317
0	0.6143554439	0.0259193471	0.1755621567	0.0000000000	0.1841630522
0	0.0898476314	0.0054846385	0.1354837363	0.0012762845	0.7679077093
0	0.0186113798	0.0000158192	0.0867232819	0.8679986569	0.0266508622
0	0.0409879424	0.0000000021	0.7334102619	0.0067681154	0.2188336781
0	0.7450723006	0.0687756328	0.1458760748	0.0019479212	0.0383280706
0	0.0000006570	0.7085214561	0.0212343117	0.2702435753	0.0000000000
0	0.0124407245	0.0832117074	0.8689563582	0.0000000538	0.0353911561
0	0.1433476967	0.3197200451	0.1564734057	0.3804580075	0.0000008451
0	0.0714749304	0.4153732239	0.4204561843	0.0926927809	0.0000028805
1	0.0449686498	0.0273582656	0.0342773344	0.7566028548	0.1367928955
0	0.9555727421	0.0000001251	0.0184956748	0.0002494719	0.0256819861
0	0.0870422886	0.0000000088	0.0000005332	0.4537709816	0.4591861879
0	0.1103523068	0.6904852241	0.1069544679	0.0000000000	0.0922080011
0	0.0255218808	0.0163810257	0.0232019386	0.0910456817	0.8438494732
1	0.1539120302	0.8260813686	0.0048433554	0.0043025592	0.0108606866
0	0.2025362139	0.4969646006	0.0001228679	0.0000009778	0.3003753398
1	0.7067219956	0.0182944266	0.0608216087	0.0000000120	0.2141619572
0	0.1614760904	0.0000555071	0.8313630680	0.0063715643	0.0007337702
0	0.7786617557	0.0000131743	0.0003559987	0.0323436540	0.1886254172
0	0.0104028055	0.0151103728	0.1830789143	0.5916489994	0.1997589080
0	0.3491936760	0.0375905250	0.1327992328	0.1089241850	0.3714923812
0	0.0032510659	0.8406002112	0.0179199223	0.1382287490	0.0000000516
0	0.2677540659	0.0496517160	0.1774088383	0.0010510828	0.5041342970
0	0.0000041656	0.0239722230	0.0000417972	0.4133795588	0.5626022554
0	0.2370388066	0.4658765826	0.0000008409	0.1934369236	0.1036468463
1	0.0000001343	0.5191558923	0.0000000147	0.0087469647	0.4720969940
0	0.0764911152	0.0000005308	0.1465363668	0.7607904908	0.0161814964
0	0.0000003603	0.0327652850	0.4239490944	0.0000000226	0.5432852376
0	0.2627705731	0.0209985247	0.2553806480	0.3908114847	0.0700387696
1	0.0000000000	0.5395487230	0.0787037911	0.3054405332	0.0763069528
0	0.8270215670	0.0934647810	0.0342042537	0.0425157418	0.0027936565
0	0.0096812213	0.0574556215	0.5012474905	0.2334259603	0.1981897064
0	0.0225486470	0.2377864382	0.5467036227	0.1782932094	0.0146680827
0	0.0026438795	0.9530073036	0.0243480024	0.0200008145	0.0000000000
0	0.0162520813	0.1179757981	0.3316613381	0.0212235591	0.5128872234
0	0.5758574571	0.1742106420	0.1902352105	0.0596848452	0.0000118451
0	0.0017699373	0.0048337719	0.2698324824	0.5585068371	0.1650569714
2	0.5217552676	0.0732422610	0.0893934963	0.3044105532	0.0111984219
0	0.2213929768	0.1351499187	0.0113089035	0.0187902439	0.6133579570
0	0.0000000000	0.4773888363	0.5226107291	0.0000000000	0.0000004346
0	0.0016607680	0.0000063449	0.1375666993	0.0000000000	0.8607661878
0	0.6879094215	0.0050617103	0.1196623841	0.1522902873	0.0350761968
0	0.0000057808	0.0007293744	0.0970044007	0.0988117882	0.8034486559
0	0.0345017663	0.0446482954	0.2583102571	0.6599208166	0.0026188647
0	0.1413269016	0.2021563105	0.4187236702	0.2275209968	0.0102721209
1	0.3078078845	0.4679584873	0.0919599102	0.0026242034	0.1296495148
0	0.7104613123	0.0036774258	0.0000000000	0.2757535871	0.0101076748
0	0.2620242276	0.0524664550	0.2824281941	0.0079098007	0.3951713226
0	0.2818038239	0.0119874312	0.0765108866	0.6296976140	0.0000002443
0	0.4205796948	0.0000959381	0.3500662028	0.2050649992	0.0241931652
0	0.2368603551	0.0573983070	0.6954305655	0.0047121355	0.0055986370
1	0.0678315114	0.2025535619	0.7096232556	0.0109162469	0.0090754241
0	0.3925240694	0.0014212703	0.0248260293	0.0822414454	0.4989871856
0	0.0175956905	0.0878455352	0.0008293708	0.6272767558	0.2664526477
0	0.1526341881	0.3990525589	0.3754186624	0.0364923831	0.0364022075
0	0.3737832735	0.0000000000	0.0303429418	0.5954543826	0.0004194021
0	0.1439804422	0.7592109965	0.0000623069	0.0961526960	0.0005935584
0	0.0214515769	0.0042191279	0.9212258830	0.0502401977	0.0028632145
0	0.0676659433	0.2175811390	0.0170510507	0.3346508764	0.3630509907
0	0.0115780072	0.5532089749	0.0050134963	0.3054707649	0.1247287567
0	0.1918132465	0.0046587535	0.0318652105	0.0101830475	0.7614797421
0	0.1090086060	0.0028069647	0.3648046604	0.5165770334	0.0068027356
0	0.1277897959	0.0308081204	0.8326562979	0.0085319124	0.0002138734
0	0.0001517214	0.0210844256	0.0874902433	0.8858649475	0.0054086623
0	0.0338619190	0.0000273984	0.0000738781	0.0669141483	0.8991226562
0	0.0000001052	0.2893629213	0.1994109274	0.4401396409	0.0710864052
0	0.0846632432	0.0220189919	0.3866797607	0.0097243926	0.4969136116
0	0.0252922798	0.0851535480	0.1763422756	0.0026921797	0.7105197169
0	0.0588814730	0.7981281476	0.0003743557	0.0002498178	0.1423662059
0	0.1677754903	0.2644931121	0.4675781274	0.0065135828	0.0936396875
0	0.2684607400	0.1860626381	0.0054410351	0.5385325799	0.0015030069
0	0.4732219454	0.2067742450	0.0207196805	0.0660812314	0.2332028977
1	0.0446616693	0.1416090186	0.0551698487	0.0202075548	0.7383519086
0	0.1498061782	0.2552235531	0.2794352574	0.2269279922	0.0886070191
0	0.0002636548	0.3307878628	0.4688098957	0.0000114389	0.2001271478
1	0.0688276083	0.3619418939	0.5681329642	0.0004314723	0.0006660613
0	0.0840450651	0.1544358313	0.7614584112	0.0000289497	0.0000317427
0	0.2400569103	0.6334490933	0.0100604359	0.0772054970	0.0392280636
0	0.0383859465	0.0020719136	0.1734089830	0.0044612893	0.7816718676
0	0.0169523786	0.2967612903	0.0245996266	0.2174950436	0.4441916610
0	0.0007133726	0.0000050325	0.0118694179	0.3256077721	0.6618044049
0	0.0000000000	0.0961917364	0.0302947950	0.0466750566	0.8268384120
1	0.0199879641	0.0189542628	0.8246861540	0.0055233770	0.1308482421
0	0.0989549461	0.0002783920	0.5688338219	0.3312529733	0.0006798666
0	0.3041501881	0.0000000038	0.0322067194	0.0919580115	0.5716850772
0	0.0007139150	0.5152680194	0.3164756220	0.0003182329	0.1672242107
0	0.0000000002	0.1724492304	0.1863867230	0.1661693841	0.4749946623
