1	0.0916309065	0.0042759759	0.1978406299	0.4310495057	0.2752029820
0	0.3216478277	0.0822679860	0.2875907576	0.0780353564	0.2304580722
0	0.0000072493	0.1015876471	0.0022170040	0.8322881842	0.0638999155
1	0.4006376565	0.0576211114	0.0914669487	0.4274698159	0.0228044675
0	0.4897796150	0.0391965953	0.0872376574	0.0125359343	0.3712501980
0	0.0585762881	0.4046085008	0.0373248379	0.0605723022	0.4389180710
0	0.2200800728	0.0246464176	0.6073536127	0.0829431104	0.0649767864
0	0.2769164438	0.3964782468	0.0537846473	0.2397582770	0.0330623850
0	0.0582461872	0.0050126732	0.2859664687	0.6507746709	0.0000000000
0	0.0079287234	0.3763717522	0.4849586243	0.1281240475	0.0026168526
0	0.0470292491	0.0000879761	0.0133954364	0.8329658156	0.1065215229
0	0.0472500787	0.2132990687	0.1762220830	0.5632236261	0.0000051435
0	0.0047194933	0.0026428386	0.0869302017	0.3988519371	0.5068555293
0	0.0023729160	0.6289445998	0.0675387090	0.2508225763	0.0503211989
0	0.1823231021	0.0862800705	0.6761941961	0.0000000000	0.0552026313
0	0.0063841473	0.0115110071	0.8202336673	0.1008104334	0.0610607448
0	0.2686561289	0.0789583074	0.0547260923	0.5976594713	0.0000000001
1	0.0344183208	0.6408150398	0.2298954362	0.0027233294	0.0921478737
0	0.5031312842	0.0032719673	0.0001294788	0.0157251641	0.4777421056
0	0.1309843010	0.5456537409	0.3233602824	0.0000000000	0.0000016757
0	0.3185217524	0.0000391356	0.0185901075	0.6163711742	0.0464778303
0	0.6235034983	0.0554117393	0.0000091781	0.0939297279	0.2271458565
0	0.5545857691	0.0461620135	0.0005111214	0.3173672788	0.0813738172
0	0.1547259239	0.1448859984	0.5582172529	0.0515035494	0.0906672754
0	0.0148046091	0.0173512515	0.8258206818	0.0000000317	0.1420234258
0	0.2221055385	0.0000025629	0.1230824782	0.0385899859	0.6162194345
0	0.9004283952	0.0369751852	0.0392795835	0.0079429635	0.0153738727
0	0.8501105323	0.0141408598	0.0031757400	0.0309568643	0.1016160037
0	0.2032723477	0.5686024677	0.1349700702	0.0070535536	0.0861015608
0	0.0519563086	0.4436588541	0.0920005326	0.1101303013	0.3022540033
0	0.0000020706	0.5545112636	0.4003197197	0.0078530265	0.0373139196
0	0.8690163017	0.0000001237	0.0040779352	0.1269056352	0.0000000042
0	0.2991665971	0.0784007117	0.1817719628	0.0582156439	0.3824450845
0	0.1009496972	0.0796786727	0.6962420021	0.0003080086	0.1228216194
0	0.9164120073	0.0077866440	0.0191631697	0.0173279006	0.0393102784
0	0.0812881129	0.6560290119	0.0098622863	0.0440150728	0.2088055162
0	0.0384555064	0.0142661931	0.8502755559	0.0753667913	0.0216359533
0	0.0567191394	0.0024918567	0.0275406571	0.6621346066	0.2511137402
0	0.6517337466	0.0823637997	0.0511620410	0.2065930230	0.0081473897
0	0.0107903617	0.1970357127	0.0001008462	0.7860366933	0.0060363862
0	0.6002380505	0.0348552242	0.1407842180	0.0473398589	0.1767826484
0	0.0000198363	0.2037532610	0.1129447233	0.3011500310	0.3821321484
1	0.0004092882	0.0415728550	0.0335996428	0.4962195941	0.4281986200
0	0.2389925993	0.0890751249	0.0047702570	0.6387531658	0.0284088530
0	0.0018819027	0.4466641096	0.4818878733	0.0609189197	0.0086471946
0	0.4917594754	0.0003621704	0.0000000000	0.0321692264	0.4757091278
0	0.1911798429	0.2723661094	0.3284954299	0.0335973392	0.1743612787
0	0.1004098056	0.0347193497	0.8629501806	0.0000251993	0.0018954648
0	0.0487281443	0.2285067215	0.0334769548	0.4734497151	0.2158384642
0	0.5793821317	0.0000182621	0.0329519933	0.0000049661	0.3876426467
1	0.5130046440	0.1079244838	0.0042886691	0.3747303422	0.0000518609
0	0.0111307113	0.1188616043	0.7363211578	0.0098345000	0.1238520265
0	0.1908427837	0.1339349378	0.1945673119	0.1262142766	0.3544406900
1	0.0085006089	0.1508870707	0.8403060266	0.0000000461	0.0003062477
0	0.2635548640	0.0257136394	0.0000000201	0.2281634547	0.4825680218
0	0.2085528087	0.0674054427	0.0352503355	0.5645255599	0.1242658532
0	0.9915105872	0.0000000000	0.0000000375	0.0029727212	0.0055166541
0	0.0475511724	0.0698996417	0.4431873097	0.0529855597	0.3863763165
0	0.0837332169	0.7669860995	0.0907938796	0.0079610864	0.0505257176
0	0.1117794604	0.1437720980	0.3032370733	0.4412113683	0.0000000000
0	0.0004300480	0.0010051262	0.4360543685	0.3516327208	0.2108777364
0	0.1041754637	0.0005271015	0.6843449242	0.1796400312	0.0313124793
0	0.0781292384	0.0010188446	0.7504010248	0.0164514266	0.1539994656
1	0.0379462055	0.7640610726	0.1093267300	0.0002023382	0.0884636537
0	0.0859507084	0.6879388921	0.2145941546	0.0074244290	0.0040918159
1	0.3814795675	0.3614421328	0.2570755036	0.0000000589	0.0000027371
0	0.2990835666	0.5861953120	0.1140325383	0.0006885832	0.0000000000
1	0.6334944484	0.0018571611	0.0031860644	0.0000000000	0.3614623262
0	0.4672184277	0.0119087078	0.3733606119	0.1208418705	0.0266703820
0	0.0004848397	0.0239638914	0.1795280443	0.7750528975	0.0209703272
0	0.4720647237	0.5089619870	0.0158234139	0.0031498344	0.0000000410
0	0.5113791264	0.0605654991	0.2871665255	0.0828882065	0.0580006424
1	0.0000000000	0.0000000000	0.3325858070	0.0423998944	0.6250142987
0	0.0214140664	0.0120358838	0.6266127779	0.3380242927	0.0019129792
0	0.0367912546	0.4345065696	0.4407654717	0.0199207231	0.0680159810
0	0.0062285463	0.0000242232	0.3942575114	0.1447673005	0.4547224187
0	0.0018929155	0.0627110401	0.2856965004	0.1350918353	0.5146077087
0	0.0330660562	0.4346670852	0.0501032173	0.3990546063	0.0831090350
0	0.0921596568	0.6907648505	0.1967280533	0.0201202766	0.0002271628
1	0.0000160173	0.0142389055	0.0001210797	0.0446574773	0.9409665201
0	0.7472031448	0.2478060601	0.0000000001	0.0049907949	0.0000000000
0	0.0665503086	0.4527661232	0.1772212027	0.2433788479	0.0600835177
0	0.7585272271	0.0480202031	0.0089834187	0.0146845730	0.1697845780
0	0.1502191369	0.1720715984	0.0022008889	0.1161922674	0.5593161083
0	0.1965873142	0.0109605872	0.0000000000	0.7260354365	0.0664166621
0	0.0112658730	0.0004280816	0.5441960224	0.0000010893	0.4441089338
0	0.5498349863	0.0628797290	0.0037337596	0.2367826112	0.1467689139
0	0.2395958245	0.0000024169	0.1248590846	0.6207516723	0.0147910018
0	0.4539681116	0.1026887782	0.0296421117	0.2316611695	0.1820398290
0	0.0257411536	0.0059182484	0.8267571374	0.0000060103	0.1415774502
0	0.0000026826	0.0000000000	0.8635571559	0.0735393622	0.0629007993
2	0.9964884321	0.0001048748	0.0000000001	0.0009354569	0.0024712361
0	0.0950728659	0.0000000000	0.0350503771	0.8698395572	0.0000371998
0	0.0859226100	0.0000563739	0.0475394560	0.4248165820	0.4416649782
0	0.7033542955	0.0748784566	0.1907459071	0.0000000000	0.0310213408
0	0.0082449492	0.3337559428	0.0120375099	0.0000000007	0.6459615973
0	0.1624004408	0.6252905518	0.0003592751	0.0238576381	0.1880920942
0	0.0641608947	0.0184337172	0.5226583899	0.1549938579	0.2397531403
0	0.0077505249	0.8773122814	0.0489415293	0.0659953079	0.0000003566
0	0.7122113313	0.0482217001	0.0966913537	0.0000059293	0.1428696856
