0	0.9659453826	0.0000034955	0.0061691139	0.0000000000	0.0278820079
0	0.9519182903	0.0318946437	0.0150709424	0.0002617534	0.0008543701
0	0.0779893501	0.0942163404	0.0291011915	0.0221005508	0.7765925672
0	0.4832985355	0.0006589553	0.0240770521	0.0213646859	0.4706007712
0	0.0000130139	0.0167679170	0.9450143592	0.0382047095	0.0000000004
0	0.1992145195	0.0399958943	0.1711443794	0.4347706415	0.1548745653
0	0.1196231001	0.2658837234	0.1765588115	0.2302380738	0.2076962912
1	0.4726420074	0.1916365486	0.2626926713	0.0089714489	0.0640573238
0	0.2626735161	0.0073190299	0.6974580882	0.0226385467	0.0099108191
1	0.2590501703	0.0000000350	0.3789407520	0.1898356230	0.1721734197
0	0.5126900772	0.1513990076	0.2850618332	0.0014959357	0.0493531463
0	0.0076477580	0.6028012077	0.0759706557	0.0908034509	0.2227769277
0	0.3536698082	0.0000000000	0.0567850493	0.0414951165	0.5480500261
0	0.0066761282	0.3395154396	0.5837824600	0.0256402815	0.0443856907
0	0.2962075808	0.0640794017	0.4927041089	0.1470089058	0.0000000029
0	0.2824906604	0.0052352689	0.4639390425	0.1744754681	0.0738595601
0	0.0000159158	0.0002396204	0.4458898680	0.5463958956	0.0074587002
0	0.0928298388	0.0001566394	0.2401893036	0.2798521699	0.3869720483
0	0.5873445503	0.0740683043	0.2428812061	0.0909697969	0.0047361425
0	0.0032016899	0.0000000000	0.0002299485	0.3642019102	0.6323664514
0	0.2315523709	0.5943540867	0.0000000000	0.0746371167	0.0994564258
0	0.2938196617	0.5741557782	0.1099400048	0.0068834112	0.0152011441
0	0.3180091689	0.1852146861	0.0036276461	0.0235625446	0.4695859542
0	0.1497685189	0.0499908427	0.0834350842	0.2847082953	0.4320972589
0	0.0024928410	0.0001046677	0.9933918743	0.0022609849	0.0017496320
1	0.7249866979	0.0264888242	0.0572279723	0.0325982684	0.1586982373
0	0.0161445333	0.1085576486	0.8750149818	0.0000506822	0.0002321541
0	0.1870578083	0.3221977891	0.1316843921	0.3590599547	0.0000000558
1	0.1957824154	0.6517460326	0.0124826379	0.0001693280	0.1398195861
0	0.6375111683	0.0025731062	0.0000915774	0.0443968130	0.3154273352
0	0.0138039359	0.0010798327	0.9179601042	0.0015612564	0.0655948709
0	0.0048440128	0.0101888304	0.9763464066	0.0000066006	0.0086141496
0	0.4358255147	0.0466342724	0.0187615903	0.4483702451	0.0504083775
0	0.0222474555	0.0145523656	0.0000001042	0.4525174290	0.5106826458
0	0.0004130139	0.7409150432	0.0260957052	0.2303383016	0.0022379360
0	0.8930183485	0.0066917810	0.0145011916	0.0102651706	0.0755235083
0	0.0000000228	0.1958162033	0.1993889837	0.3454161620	0.2593786282
0	0.0266537616	0.0413126074	0.0460657487	0.8785263277	0.0074415546
1	0.0553466076	0.0144407124	0.4851497951	0.0904893807	0.3545735042
0	0.2145335393	0.0288752561	0.5482021521	0.0052568520	0.2031322004
0	0.0105220610	0.7990583341	0.1614795260	0.0289400789	0.0000000000
0	0.0130931387	0.7962575543	0.0587801416	0.1308651348	0.0010040306
0	0.0029876598	0.7966917203	0.1434289388	0.0000425354	0.0568491457
0	0.9808594970	0.0000009305	0.0191395725	0.0000000000	0.0000000000
0	0.4853769810	0.3755364657	0.1322386565	0.0068478966	0.0000000001
0	0.5823256084	0.0868185893	0.2100413292	0.1199570384	0.0008574347
0	0.0147114606	0.0830213313	0.2045994296	0.6958944634	0.0017733150
0	0.2730618552	0.0924896647	0.0000000000	0.5558855073	0.0785629728
0	0.3005755932	0.1089662055	0.0200936302	0.2319490429	0.3384155282
0	0.0522455038	0.3784985610	0.0003023857	0.5570680675	0.0118854820
0	0.0000444092	0.0017012572	0.0014397111	0.2525667614	0.7442478611
1	0.4552221552	0.0423242904	0.0917976030	0.3032756668	0.1073802846
0	0.0019700944	0.0059835218	0.0900204202	0.8854828682	0.0165430953
0	0.1173577182	0.3934404485	0.0014529333	0.4877475869	0.0000013130
0	0.4359000440	0.0000105220	0.2143756558	0.2559733253	0.0937404528
0	0.0000000046	0.0000000000	0.8786560566	0.0220942696	0.0992496693
0	0.3764382276	0.1408809419	0.1203416580	0.3623391725	0.0000000000
0	0.7333976444	0.0769744441	0.0998563285	0.0421209243	0.0476506588
0	0.0534958455	0.0002618167	0.1933437033	0.7528976428	0.0000009917
0	0.0000000349	0.0722661558	0.1897969730	0.1761481911	0.5617886451
0	0.1283088781	0.5087190354	0.1924796278	0.0447195160	0.1257729427
0	0.0000000089	0.6518804404	0.0000000000	0.0515396948	0.2965798559
0	0.5229760142	0.0861081169	0.3136139684	0.0042837382	0.0730181624
0	0.6600174068	0.0260427119	0.0585718460	0.2463849134	0.0089831220
1	0.0000000065	0.0000037905	0.6001717488	0.3840210973	0.0158033569
0	0.4155154669	0.3207281011	0.0099773384	0.0786461088	0.1751329848
0	0.5118394505	0.0432936795	0.1102071953	0.2591719470	0.0754877277
0	0.2157548361	0.0063140418	0.7209541750	0.0000000091	0.0569769381
1	0.1337140029	0.1530536775	0.1217383957	0.5855129406	0.0059809833
0	0.0582791829	0.0000000215	0.1096554952	0.1383294057	0.6937358948
0	0.0032070044	0.6568687965	0.2194822222	0.0166858507	0.1037561263
0	0.6391191752	0.0000002969	0.0000000000	0.3607612675	0.0001192604
0	0.4394042369	0.0002274308	0.0602328713	0.4574910553	0.0426444057
0	0.0000479442	0.0246561655	0.0002579769	0.9715680377	0.0034698757
0	0.2765979357	0.5522121017	0.0471071776	0.0000000000	0.1240827850
0	0.0282470213	0.4931889861	0.0021561739	0.4138269099	0.0625809088
0	0.0736483044	0.2933853131	0.5828427978	0.0003232816	0.0498003031
0	0.0303137084	0.0099670259	0.7530821455	0.1908227672	0.0158143530
0	0.2802562279	0.4735636256	0.0646915107	0.1486004571	0.0328881787
0	0.0411390299	0.0883793044	0.0444275998	0.0008532017	0.8252008643
0	0.1608790655	0.7672746003	0.0120747314	0.0022883335	0.0574832693
0	0.0242184786	0.0817293700	0.2481199166	0.6459315344	0.0000007003
0	0.7716914890	0.0695371422	0.1025385104	0.0000001281	0.0562327302
0	0.0319654737	0.8733179317	0.0119213713	0.0814171072	0.0013781161
0	0.0145303906	0.1846697833	0.2160846863	0.4580547935	0.1266603464
0	0.0770968595	0.7623074241	0.1023567933	0.0251065395	0.0331323837
0	0.5000241261	0.0002556700	0.0836546124	0.4160372550	0.0000283365
0	0.0003580089	0.9110182638	0.0000000085	0.0000051891	0.0886185297
1	0.4606556855	0.1766310277	0.0675019428	0.0215131142	0.2736982298
0	0.0170749489	0.8521944496	0.0793162725	0.0184761592	0.0329381698
1	0.1194433992	0.0000010616	0.1735266915	0.5695722803	0.1374565674
0	0.1511557104	0.7882412454	0.0051476230	0.0209154017	0.0345400195
0	0.1803113539	0.0773120107	0.5922427825	0.0109553049	0.1391785480
0	0.9359468766	0.0000000001	0.0274804808	0.0149837710	0.0215888715
0	0.2832574666	0.4874529901	0.1555935546	0.0000131266	0.0736828621
0	0.2519844788	0.0110052566	0.4561545201	0.1135072916	0.1673484529
0	0.3458789865	0.0401052085	0.4808671558	0.0000067415	0.1331419078
0	0.3317017429	0.6299730570	0.0010944993	0.0046949130	0.0325357877
2	0.0000000000	0.2276681550	0.0000000000	0.3415240512	0.4308077938
0	0.1371574965	0.0355397153	0.0718796477	0.2557974033	0.4996257372
