0	0.1510217656	0.0025660252	0.0003527795	0.8460593139	0.0000001157
0	0.2537325675	0.0374217605	0.3922163034	0.1942997824	0.1223295862
0	0.1278072006	0.2648299287	0.5259150222	0.0757710798	0.0056767688
0	0.7723276063	0.0000901128	0.0876077179	0.0051711555	0.1348034074
0	0.0012291041	0.0277016495	0.0005558432	0.0514791719	0.9190342314
1	0.0000037345	0.0272680659	0.8763372545	0.0046740811	0.0917168638
0	0.2222396855	0.4132586676	0.0400867921	0.0002461549	0.3241686999
0	0.9589050048	0.0043821037	0.0004862834	0.0118160788	0.0244105293
0	0.2226906814	0.0005963284	0.1474918614	0.6262158141	0.0030053147
0	0.0019552699	0.1914343132	0.0374779696	0.5532491444	0.2158833030
0	0.6258425330	0.0573705583	0.0264621450	0.2903247637	0.0000000000
0	0.0248613963	0.1452789712	0.6784540467	0.0000000001	0.1514055857
0	0.0003549501	0.6976657822	0.0015665972	0.0000000002	0.3004126702
0	0.0000000169	0.2589058637	0.5368301643	0.0043093886	0.1999545666
0	0.2462831838	0.0737042121	0.1718365084	0.0004897251	0.5076863706
1	0.1076838030	0.7870776659	0.1051640188	0.0000729362	0.0000015762
0	0.0480004718	0.8776558133	0.0000336099	0.0351045700	0.0392055350
0	0.0042465950	0.9429556704	0.0005374505	0.0000023569	0.0522579272
0	0.6335790071	0.0078908873	0.0137622164	0.3394788982	0.0052889910
0	0.0402013260	0.0570582878	0.0000000258	0.0013621350	0.9013782254
0	0.3479143027	0.0716075238	0.1096971382	0.0698558840	0.4009251513
0	0.2680990244	0.0271423055	0.5549184615	0.0002328066	0.1496074020
0	0.0099167121	0.0000012214	0.0021968302	0.4476298727	0.5402553636
0	0.0605993296	0.2312826115	0.1515155733	0.5509355742	0.0056669116
0	0.0013645203	0.0260169574	0.0071837923	0.0738545999	0.8915801301
0	0.0684571849	0.6065633259	0.1545794431	0.0213955391	0.1490045070
0	0.0216894506	0.0934728026	0.0105296737	0.8478105306	0.0264975425
0	0.3514802434	0.3885662269	0.2576580973	0.0011600701	0.0011353623
0	0.1890704244	0.0000000000	0.7180639543	0.0627525021	0.0301131192
0	0.0745671957	0.0157550072	0.0000000039	0.0651757091	0.8445020842
0	0.0035115779	0.4498726618	0.0000283863	0.2746559122	0.2719314618
0	0.0222451000	0.3000456111	0.4247768488	0.0345291947	0.2184032453
0	0.4322595260	0.1618101718	0.0407152167	0.3511088066	0.0141062788
0	0.4819808648	0.4620154762	0.0083703844	0.0101309436	0.0375023310
0	0.1505821538	0.1685798831	0.6195652018	0.0287289612	0.0325438001
0	0.0001306434	0.2916516253	0.6338774940	0.0743394759	0.0000007615
0	0.0255936167	0.1579904058	0.4319416547	0.2234730558	0.1610012670
0	0.2857473838	0.0000683386	0.0412992690	0.3942820460	0.2786029626
0	0.5247590346	0.1166320627	0.2444183863	0.0973575293	0.0168329871
0	0.0037698039	0.9134794821	0.0007827312	0.0027816431	0.0791863396
0	0.9407953644	0.0000002270	0.0141425640	0.0001098812	0.0449519633
0	0.0465378767	0.1007663028	0.0825698909	0.0003867958	0.7697391338
0	0.3804785964	0.1752039871	0.3340633326	0.0825499371	0.0277041468
0	0.4056225661	0.3063495756	0.0860869561	0.0160327085	0.1859081937
0	0.2454325911	0.4250356634	0.0405426857	0.0002550247	0.2887340351
0	0.0359180183	0.0269505863	0.5427396049	0.0030698625	0.3913219280
1	0.6600951949	0.1196978861	0.1585375054	0.0531057437	0.0085636699
0	0.1734710182	0.2231577166	0.0259412972	0.5774299679	0.0000000001
0	0.0211951185	0.0145944629	0.3341913419	0.6067887386	0.0232303381
0	0.0186938052	0.2693107191	0.0127479442	0.0060896858	0.6931578457
0	0.2361997692	0.0002781915	0.5681533772	0.0008217330	0.1945469291
0	0.0000565744	0.0451451726	0.8716274953	0.0801622027	0.0030085550
0	0.0682475101	0.3977119933	0.2670518261	0.0224139561	0.2445747145
0	0.1464961631	0.0537407677	0.0000000075	0.6659334687	0.1338295930
0	0.0117041467	0.0296238506	0.4677342168	0.4879646977	0.0029730883
2	0.1114938725	0.4669027131	0.0086010185	0.0493859948	0.3636164011
0	0.0636705044	0.6318254658	0.1494507175	0.0914047962	0.0636485161
0	0.0135536273	0.0886327088	0.0488063602	0.0527936751	0.7962136285
0	0.0140782586	0.0826291187	0.0281494701	0.0000001675	0.8751429852
0	0.7859144453	0.0222056916	0.0029925260	0.1882962175	0.0005911196
0	0.0636296416	0.0059008897	0.1165810364	0.7793409320	0.0345475003
1	0.0018201233	0.2969078644	0.3067325685	0.1223106555	0.2722287883
0	0.0607409974	0.3757254569	0.5384030199	0.0251305257	0.0000000001
0	0.2726357798	0.0000000896	0.3248346919	0.0000000047	0.4025294341
0	0.0106233311	0.1494075863	0.0731772028	0.5171922957	0.2495995841
0	0.0000667693	0.7227137153	0.2432797969	0.0231760978	0.0107636207
0	0.2354587781	0.0550776885	0.0647463739	0.3968928264	0.2478243331
0	0.0118882420	0.1057596344	0.0298534155	0.2030863116	0.6494123964
0	0.4126045861	0.2222820234	0.0006018270	0.3069333002	0.0575782632
0	0.0000000000	0.1172191444	0.1703609770	0.0002849715	0.7121349072
0	0.0053452001	0.0705024449	0.1843889341	0.0004825757	0.7392808452
0	0.3505033426	0.0000000236	0.0264386362	0.0119289261	0.6111290715
0	0.0003980215	0.0395675779	0.7160450529	0.0121397041	0.2318496436
0	0.0165735018	0.0040752809	0.6697159577	0.0141487269	0.2954865327
1	0.0165899478	0.0012944112	0.9360655914	0.0015193184	0.0445307312
0	0.3077604380	0.1656521046	0.1513893445	0.0485085232	0.3266895897
0	0.0008509401	0.7479082486	0.0462115631	0.1709091639	0.0341200842
0	0.3959363803	0.4518378171	0.0788372539	0.0090985473	0.0642900014
0	0.2278129170	0.3335677537	0.0492505505	0.3394946139	0.0498741649
0	0.0188155169	0.2456884602	0.1734693162	0.2400788751	0.3219478315
0	0.0000000000	0.4969940283	0.0148925520	0.0288843529	0.4592290668
0	0.2134179977	0.0148817905	0.6792583700	0.0908919616	0.0015498803
0	0.0571873860	0.0270603742	0.1965061591	0.5326793637	0.1865667170
0	0.1940808599	0.1088121246	0.0000307922	0.6886619180	0.0084143053
0	0.1709908964	0.8252610410	0.0035446741	0.0002033840	0.0000000044
0	0.5413317425	0.1636330222	0.0013871382	0.0059735173	0.2876745798
0	0.0001106131	0.7696172322	0.0007854816	0.0000067183	0.2294799548
0	0.0274985966	0.0280727871	0.0416554766	0.0021805027	0.9005926370
0	0.0226948442	0.0000072731	0.9687446045	0.0045767843	0.0039764939
1	0.1300004327	0.0865560077	0.6552952269	0.0016357179	0.1265126149
0	0.0243864688	0.7701837715	0.0981204090	0.0261681517	0.0811411989
0	0.0132240850	0.0000002058	0.9495310951	0.0001254117	0.0371192025
0	0.0062838529	0.0085489598	0.0236082452	0.0048607135	0.9566982287
0	0.6239987383	0.0998123675	0.0719338880	0.1427242319	0.0615307744
0	0.4714283663	0.0734047898	0.0000000000	0.4551668438	0.0000000000
0	0.1027258398	0.5731322541	0.0389442103	0.0061229894	0.2790747065
0	0.0430218900	0.0003528808	0.8462986545	0.0030586558	0.1072679189
0	0.0062309567	0.0516527109	0.2548855910	0.4344860243	0.2527447172
0	0.0022614665	0.0100529120	0.7539892010	0.1098180420	0.1238783785
0	0.6158906147	0.1158526401	0.1920879793	0.0747819610	0.0013868050
