1	0.0002251026	0.4797407351	0.0004526853	0.4203414371	0.0992400399
0	0.2576487244	0.0004971631	0.1580016506	0.0077875470	0.5760649149
1	0.0326498549	0.1482173029	0.0002212026	0.0025094267	0.8164022130
0	0.1213235927	0.0045801335	0.1637016995	0.0006364106	0.7097581637
0	0.0050151481	0.0377793387	0.0003157239	0.8382910642	0.1185987251
0	0.3167925633	0.4559596535	0.0106111641	0.0000359090	0.2166007101
0	0.0203990972	0.0095121826	0.6497668310	0.2926106652	0.0277112240
1	0.2603870382	0.5716181130	0.0789967508	0.0083165074	0.0806815908
1	0.0072150887	0.1198433252	0.0046052146	0.8585211205	0.0098152510
0	0.6020354497	0.0000000000	0.1911766922	0.0017281648	0.2050596933
0	0.0147603055	0.0446843359	0.7433116519	0.1912899533	0.0059537534
0	0.3573141081	0.0013193094	0.0016970846	0.0705418474	0.5691276504
0	0.0000691409	0.0002401441	0.3116595376	0.0086927583	0.6793384191
0	0.2174500941	0.2695768838	0.1224395584	0.1433377146	0.2471957491
0	0.0121373964	0.0063905102	0.9384945899	0.0001102155	0.0428672879
0	0.0884321666	0.4576564501	0.3414211064	0.0042143096	0.1082759674
0	0.0351649894	0.0617823620	0.1845033818	0.5442218043	0.1743274625
0	0.5179320647	0.3994875329	0.0198795387	0.0000000000	0.0627008637
0	0.9887712763	0.0061238875	0.0015662927	0.0000085930	0.0035299504
1	0.4060046443	0.0000000000	0.0000000000	0.0013775961	0.5926177596
0	0.0284728041	0.5046345797	0.0528546915	0.4048845265	0.0091533982
1	0.2038444425	0.0371940533	0.0593416375	0.0703029401	0.6293169265
0	0.0098499197	0.8693868509	0.0001976200	0.1003574542	0.0202081552
0	0.0087013979	0.4176687680	0.0353834708	0.4150334569	0.1232129064
0	0.0003339354	0.0020732622	0.6607191379	0.2507200577	0.0861536067
0	0.1921384668	0.1061957083	0.0051195893	0.1256877863	0.5708584493
0	0.5528900937	0.2526732609	0.0656795369	0.0753786517	0.0533784568
0	0.0763098392	0.4224401707	0.0922487340	0.0000289456	0.4089723106
2	0.0000000454	0.0831374086	0.5437318180	0.0000012732	0.3731294548
0	0.0000000000	0.3504707232	0.0000000002	0.6495292766	0.0000000000
0	0.0002002795	0.7277268782	0.1487910609	0.0255690701	0.0977127113
0	0.0149828129	0.0102752556	0.5827752505	0.3356481502	0.0563185308
0	0.0155852445	0.6686298730	0.1648583281	0.1504741181	0.0004524363
0	0.7664782357	0.0171331399	0.0934132409	0.0535471910	0.0694281926
0	0.4805609449	0.2905009095	0.1410186515	0.0162269956	0.0716924985
1	0.2078447597	0.1311647312	0.2679448697	0.2258345870	0.1672110525
0	0.0173159524	0.0444207026	0.1325972660	0.3587053984	0.4469606807
0	0.1294744994	0.0000000000	0.0117281785	0.8383027419	0.0204945802
0	0.0353561574	0.0000095602	0.0008465174	0.0000000067	0.9637877583
0	0.0606039378	0.5576601414	0.1342912559	0.0000454730	0.2473991919
0	0.0170737406	0.5809651639	0.0165752440	0.3423680258	0.0430178257
0	0.4702811547	0.0026764315	0.0000249256	0.3043337140	0.2226837743
0	0.8003454332	0.0100688549	0.0005928998	0.0318766219	0.1571161902
0	0.0000001479	0.1734621478	0.5687864613	0.2226676209	0.0350836221
0	0.3488769654	0.4546067782	0.1218575661	0.0000000000	0.0746586903
1	0.0801338702	0.0180258765	0.0838868789	0.1154985275	0.7024548469
0	0.2580015056	0.0035539042	0.1229631948	0.2948532212	0.3206281742
1	0.0417975327	0.9475216862	0.0000743345	0.0000311924	0.0105752543
0	0.1184950515	0.0442819458	0.0872953500	0.2402919881	0.5096356645
0	0.3044668594	0.4038898490	0.0274730583	0.0623173680	0.2018528653
0	0.0364916394	0.0045974437	0.3519051187	0.2485244181	0.3584813802
0	0.0315890519	0.6903958450	0.2023160589	0.0000000000	0.0756990442
0	0.0023019881	0.1137250262	0.1207213434	0.0079651422	0.7552865001
0	0.1727045713	0.0286299896	0.4164595310	0.0029450525	0.3792608555
0	0.0559878963	0.0203130848	0.0525953950	0.8711036239	0.0000000000
0	0.1804178746	0.0625451531	0.0716159731	0.3937050821	0.2917159172
0	0.0000000000	0.0309306010	0.0190015926	0.3322818914	0.6177859150
0	0.0154238934	0.0062943708	0.0181652502	0.9599673212	0.0001491644
0	0.5689785569	0.0000025774	0.0000000237	0.4277749429	0.0032438991
0	0.0122295114	0.0000000000	0.0005177792	0.0000000000	0.9872527094
0	0.1267988316	0.0029912204	0.2786192293	0.5781378120	0.0134529067
0	0.6602151591	0.1726920026	0.0049954117	0.0346656467	0.1274317800
0	0.0673735893	0.0319949938	0.3975336255	0.3148031108	0.1882946807
0	0.0030958130	0.0000101109	0.1545463376	0.0298490041	0.8124987343
0	0.0000082896	0.3439929290	0.0932900128	0.0883657464	0.4743430222
0	0.1396467040	0.6942224909	0.0901915784	0.0259691755	0.0499700512
0	0.1085666480	0.0086500186	0.1827907179	0.0400138990	0.6599787167
0	0.0196325961	0.0158876366	0.5352633084	0.3907686486	0.0384478103
0	0.0194246617	0.2153795806	0.0000000000	0.4353895038	0.3298062540
0	0.7768873277	0.0638175147	0.0116824368	0.0759118478	0.0717008730
0	0.0301995605	0.0000466690	0.0495579538	0.0095408126	0.9106550042
1	0.1245615549	0.0074009250	0.0730327372	0.7950044664	0.0000003165
0	0.0000000000	0.3296881751	0.6167682255	0.0203986233	0.0331449760
0	0.0217323145	0.0050773810	0.0158759912	0.6664645962	0.2908497170
1	0.6587585375	0.0512942917	0.1073846503	0.0108832236	0.1716792969
0	0.0002815340	0.3062384623	0.6219906284	0.0548870213	0.0166023540
0	0.1883212498	0.0159316456	0.0553919971	0.6903769251	0.0499781824
0	0.2775864098	0.5744020563	0.0009520064	0.1470593586	0.0000001689
0	0.0130993093	0.0073499398	0.9166761443	0.0335096833	0.0293649234
0	0.0035219114	0.0556859161	0.0054025130	0.0679334643	0.8674561953
0	0.2194219228	0.1867504955	0.0893336248	0.0913094360	0.4131845209
0	0.7449314860	0.2057145979	0.0405766552	0.0000000013	0.0087772596
0	0.0000741764	0.3136752628	0.6602593192	0.0001404389	0.0258508027
0	0.0406960774	0.0379517365	0.1985827118	0.5155196770	0.2072497973
0	0.0001995450	0.0000000000	0.2289304734	0.2994177345	0.4714522471
0	0.5019352913	0.3840015861	0.0000000000	0.1140631148	0.0000000078
0	0.4572383337	0.3061009452	0.0001491117	0.0949729084	0.1415387010
0	0.0000000000	0.2428549039	0.0999526342	0.5949885858	0.0622038761
0	0.0001085579	0.0000370207	0.7229867961	0.2699878686	0.0068797567
0	0.0261593692	0.0000257134	0.0004677333	0.9531506022	0.0201965818
0	0.0000057905	0.1564545577	0.5370427895	0.2128274902	0.0936693721
0	0.0204626783	0.1182610467	0.0920676150	0.0052354459	0.7639732140
0	0.0000002125	0.0130038503	0.5930145876	0.0155026551	0.3784786945
0	0.6714456846	0.1837678893	0.0000000000	0.1447864261	0.0000000000
0	0.0031393498	0.3301776118	0.0003235659	0.0924780513	0.5738814211
0	0.9293674333	0.0001037674	0.0164679570	0.0282977390	0.0257631032
0	0.0386349470	0.5119574685	0.1285212875	0.1635482021	0.1573380949
0	0.0061014806	0.2282969110	0.0396956710	0.7160713295	0.0098346080
0	0.1938225822	0.4609068492	0.1369127266	0.0981298270	0.1102280150
0	0.0000000000	0.9361819090	0.0330957964	0.0071827567	0.0235395380
