0	0.0044974177	0.4010344200	0.1376429563	0.0000001427	0.4568250632
1	0.8582191220	0.0203883747	0.0588238796	0.0552233880	0.0073452357
1	0.0000019738	0.2776598310	0.0050438541	0.0246566722	0.6926376689
0	0.3847572825	0.0224037581	0.3482549411	0.2340349729	0.0105490453
0	0.0656904506	0.0385816995	0.0230361666	0.7645065066	0.1081851766
0	0.0001662443	0.0076263836	0.0856648119	0.5376418985	0.3689006618
1	0.1432952435	0.1495921436	0.6884071540	0.0003583186	0.0183471403
1	0.0996422276	0.0803895161	0.8196241115	0.0001894887	0.0001546561
0	0.0289597120	0.0306204469	0.0001753830	0.6948423801	0.2454020780
0	0.0476348754	0.0322136246	0.0113906795	0.9087608205	0.0000000000
0	0.0321499309	0.0000277231	0.2662206463	0.0000332339	0.7015684658
0	0.1127712354	0.0000000006	0.0023614943	0.7254480825	0.1594191871
0	0.1106925459	0.7251601858	0.0592995395	0.1048010949	0.0000466338
0	0.8203175118	0.0729977724	0.0000082013	0.0801117555	0.0265647590
0	0.1810656606	0.3497635975	0.4381178809	0.0005871608	0.0304657004
1	0.0070720709	0.0038000320	0.9149068716	0.0701647528	0.0040562727
0	0.1159539137	0.5212250925	0.0949612546	0.2316781420	0.0361815972
0	0.0033694126	0.2502004260	0.0232792176	0.3643747537	0.3587761901
0	0.3169754528	0.0725034808	0.0032004961	0.0000000061	0.6073205642
0	0.0143166307	0.6644882671	0.0089415217	0.3122530641	0.0000005165
0	0.0012708278	0.3980273585	0.2867641828	0.0000000022	0.3139376286
0	0.0174771183	0.1552290485	0.0000636346	0.7142669095	0.1129632891
0	0.0434291238	0.2194597294	0.4061095892	0.0000063103	0.3309952474
0	0.1253072193	0.0079047106	0.0187253293	0.0069648798	0.8410978609
0	0.1882703037	0.1675092141	0.0034471121	0.5562994224	0.0844739477
2	0.0214983380	0.0012401073	0.1018186651	0.8754147400	0.0000281496
0	0.0314489087	0.0362703193	0.8740528882	0.0353847221	0.0228431617
0	0.0712828900	0.1278332700	0.3822861108	0.1177454904	0.3008522388
0	0.0000000662	0.1270867345	0.0030811368	0.8698320626	0.0000000000
0	0.1555106098	0.1283809272	0.6277909655	0.0006080119	0.0877094855
0	0.0000563096	0.0039401162	0.1839222444	0.0726086714	0.7394726583
0	0.0223922783	0.7314624325	0.1000273797	0.0535510828	0.0925668268
0	0.0167114574	0.6571649561	0.1178526359	0.2082270989	0.0000438517
0	0.0002979503	0.0484752543	0.9484690745	0.0000038839	0.0027538370
1	0.0000091645	0.8156104028	0.0000000000	0.0001138175	0.1842666152
0	0.3702533033	0.0121133459	0.0002748465	0.3422086149	0.2751498895
1	0.1619163613	0.5142585221	0.1026559916	0.0792913551	0.1418777699
0	0.3466335076	0.1596354920	0.4525038965	0.0127468557	0.0284802482
0	0.5411167020	0.0000000000	0.1318794646	0.2589599384	0.0680438950
0	0.0116482361	0.3652252082	0.5693300545	0.0008436243	0.0529528768
1	0.1472035686	0.1118291290	0.4159802559	0.2223752133	0.1026118332
0	0.4569096479	0.0562427177	0.0013330693	0.1847988803	0.3007156848
0	0.0124189911	0.1843345562	0.7400910764	0.0624290439	0.0007263324
1	0.2928547164	0.5161732718	0.0101208104	0.1808507861	0.0000004154
0	0.0369799423	0.0061550320	0.9527008204	0.0017279025	0.0024363028
1	0.0152952651	0.9519696290	0.0028481102	0.0020179466	0.0278690491
0	0.4448639689	0.0000000000	0.1225283179	0.4311438142	0.0014638989
0	0.8249666997	0.0128238012	0.0945880079	0.0676214696	0.0000000216
0	0.0006933939	0.2740857596	0.6199396221	0.0867698617	0.0185113627
0	0.3815883509	0.0148108666	0.0356836149	0.3733040679	0.1946130996
0	0.3414502530	0.0456552626	0.0984854203	0.0588699773	0.4555390869
0	0.0260514057	0.0462634072	0.0005661672	0.1837162454	0.7434027744
0	0.1061463650	0.5570175559	0.0005233594	0.3312090972	0.0051036225
0	0.0000371724	0.0220575194	0.6539530636	0.0000000000	0.3239522446
0	0.0260363172	0.0606996007	0.0829075804	0.1216710404	0.7086854614
0	0.0000000528	0.0002556474	0.0660573031	0.9310096609	0.0026773359
1	0.0054167061	0.3780168488	0.3659704593	0.1449917011	0.1056042848
0	0.0131167535	0.7648970466	0.0005400303	0.0000322452	0.2214139244
1	0.0000010194	0.2252366565	0.0045722981	0.5328065480	0.2373834779
0	0.0052369584	0.0000000318	0.9355534802	0.0000011080	0.0592084215
0	0.0833939288	0.0902878914	0.0919661847	0.4037654212	0.3305865738
0	0.0000524454	0.1912351566	0.8085094698	0.0000311125	0.0001718158
0	0.3864283171	0.1117711148	0.1048042868	0.3828293359	0.0141669454
0	0.2644476459	0.0412676957	0.0016601395	0.1944848111	0.4981397079
0	0.4188583663	0.1799609631	0.2099636914	0.1603340947	0.0308828845
0	0.0887684197	0.0306531329	0.0030006704	0.7875748340	0.0900029430
1	0.1900108374	0.0741247125	0.1950045423	0.5408599078	0.0000000000
0	0.0005837984	0.1061239984	0.0124630152	0.0370907403	0.8437384477
0	0.0612770587	0.6058065705	0.3181930359	0.0000168836	0.0147064514
0	0.0536937496	0.0018582486	0.0205266223	0.9239213795	0.0000000000
0	0.4707009336	0.2397540409	0.0298562452	0.2485541703	0.0111346100
0	0.0052471959	0.3976095065	0.1111033236	0.4162211568	0.0698188172
0	0.0000007388	0.0017717833	0.2369751038	0.5568075334	0.2044448407
0	0.1333007590	0.6231235123	0.1090291165	0.0003231728	0.1342234395
0	0.0017296555	0.0000000030	0.4494142002	0.5488561398	0.0000000016
0	0.1344890963	0.0483613886	0.0003643807	0.1120720738	0.7047130607
0	0.9319999754	0.0003359448	0.0000287022	0.0060036546	0.0616317229
0	0.1013437716	0.7407550756	0.0944239032	0.0000000000	0.0634772495
0	0.0373904767	0.0000000014	0.3662688774	0.4364734768	0.1598671678
0	0.6190026514	0.3007918481	0.0528243373	0.0197077495	0.0076734137
0	0.0121610415	0.2713609569	0.5682119888	0.0000009508	0.1482650621
0	0.0004185790	0.0013276591	0.2055928730	0.0007735709	0.7918873180
1	0.0570904362	0.0000085255	0.2564556876	0.5893502414	0.0970951093
0	0.1522018007	0.0503866950	0.0086937723	0.1114190611	0.6772986710
1	0.0412840415	0.1464171900	0.0046387755	0.0139685225	0.7936914705
0	0.0938409813	0.0649301459	0.1151786410	0.2396268190	0.4864234128
0	0.5762325250	0.0029506051	0.4208166039	0.0000000248	0.0000002412
0	0.0000000387	0.1491911424	0.8388612434	0.0000040550	0.0119435205
0	0.0076025761	0.0597777606	0.8997532865	0.0000717581	0.0327946188
0	0.0000005004	0.2047473813	0.1161040415	0.3540451412	0.3251029356
0	0.0040214990	0.6685324538	0.0093051627	0.1267962631	0.1913446215
0	0.2072651468	0.0568274847	0.6862721737	0.0496351798	0.0000000150
0	0.0071097737	0.3374873587	0.0728764258	0.5635973617	0.0189290801
0	0.5786837829	0.2809016623	0.0082589674	0.1321144950	0.0000410925
0	0.0000000000	0.3333329135	0.0327040475	0.0708993311	0.5630637078
0	0.2543186009	0.3523492211	0.0003105343	0.3597058068	0.0333158368
0	0.1944336313	0.6248763282	0.0000000000	0.0014840344	0.1792060062
0	0.1194001960	0.2803751883	0.1934504585	0.3213365836	0.0854375735
0	0.0082459946	0.0145119002	0.0254854093	0.0180066012	0.9337500948
0	0.2952737057	0.2450437404	0.2749076006	0.0092243271	0.1755506261
