0	0.8984735082	0.0045533683	0.0000000000	0.0600634960	0.0369096275
0	0.4091076680	0.2976749834	0.0583385182	0.0371082682	0.1977705622
0	0.0262923670	0.0852612998	0.0711931048	0.5243883487	0.2928648797
1	0.0003001311	0.6018137897	0.3978567581	0.0000000221	0.0000292989
0	0.0037190239	0.0159864187	0.0449373437	0.0246399650	0.9107172487
0	0.0590471164	0.7324252297	0.1788297932	0.0295191362	0.0001787245
0	0.6557797744	0.0000014604	0.1026156234	0.0655168376	0.1760863042
0	0.0877770234	0.1080305179	0.1150372596	0.0365231303	0.6526320688
0	0.7560373036	0.0190668915	0.2247466334	0.0001076751	0.0000414964
0	0.0160322423	0.3938174058	0.4880404448	0.1010360287	0.0010738784
0	0.0961668337	0.0806905889	0.0272510296	0.7958450551	0.0000464927
0	0.0923639313	0.2059829456	0.0933904564	0.5665371917	0.0417254751
0	0.2475021964	0.1750094178	0.2294224672	0.0000058127	0.3480601059
0	0.8179047460	0.0658723854	0.0007790439	0.0000000542	0.1154437705
0	0.4195633146	0.0000000000	0.4751899036	0.0557065542	0.0495402276
2	0.0000000000	0.0000000000	0.0053520167	0.0835252017	0.9111227816
0	0.2663148330	0.0771111467	0.0165935557	0.4914746925	0.1485057721
0	0.0980373269	0.2848536549	0.0208465211	0.3258814260	0.2703810709
0	0.0019734218	0.0000170749	0.1379734652	0.5113509773	0.3486850608
0	0.1027618556	0.1210639352	0.0070623529	0.7636941951	0.0054176612
2	0.0278765324	0.3168531624	0.0819226181	0.4105365026	0.1628111844
0	0.0179103266	0.7371822338	0.0128711301	0.1286324279	0.1034038816
0	0.8077678296	0.0821884260	0.0348787240	0.0751650204	0.0000000000
0	0.0112451027	0.2154175372	0.0033473855	0.3015319928	0.4684579819
0	0.0838910959	0.0000253150	0.0149944078	0.0000110287	0.9010781527
0	0.0090846375	0.1190309108	0.7179263515	0.0000000000	0.1539581002
0	0.0239858104	0.0956374580	0.5711879896	0.2525387521	0.0566499899
0	0.1084071017	0.0000001451	0.4761674415	0.3916225158	0.0238027959
0	0.2563093183	0.7090239161	0.0001634187	0.0344823711	0.0000209757
0	0.3004303653	0.0000033669	0.1351347083	0.0046538925	0.5597776669
0	0.0000000000	0.0005654365	0.9803385998	0.0189532543	0.0001427094
0	0.0000000011	0.4773766476	0.0003550891	0.5125449309	0.0097233313
0	0.3602252957	0.2242078488	0.0000000705	0.0118873036	0.4036794814
0	0.1941936976	0.0000000000	0.6720207676	0.1246317223	0.0091538125
0	0.0000000000	0.8370491015	0.0355205256	0.0003320041	0.1270983688
0	0.0000543072	0.6984200745	0.0172349388	0.0000093761	0.2842813034
0	0.0917423780	0.0132606612	0.8415279846	0.0000105257	0.0534584505
0	0.1441867582	0.0503772638	0.1712533621	0.2753853275	0.3587972885
0	0.0001599277	0.6368332509	0.0331260501	0.3287320790	0.0011486924
0	0.4060284455	0.0000000413	0.3909140711	0.0228591554	0.1801982865
0	0.1992724798	0.0447569969	0.0111917729	0.0000000000	0.7447787505
0	0.1120922738	0.3628735095	0.0349740751	0.0000000000	0.4900601415
1	0.3209067057	0.0420205820	0.3369520882	0.2987979748	0.0013226494
0	0.0232873566	0.8603785840	0.1083138596	0.0018652423	0.0061549575
0	0.1925446755	0.3244831841	0.3824363922	0.1005357483	0.0000000000
0	0.0001535873	0.0900184650	0.1772595897	0.4106089864	0.3219593715
0	0.2659940055	0.0130389125	0.3367944624	0.3789360905	0.0052365291
0	0.0487094046	0.0778990218	0.0010216806	0.8723104520	0.0000594410
0	0.0000000402	0.0000213775	0.1057012696	0.3982034026	0.4960739101
0	0.0973951523	0.1374622933	0.0164988000	0.7080893505	0.0405544040
0	0.4967908787	0.0081964338	0.3914462258	0.0632845803	0.0402818815
0	0.5048214801	0.0014054432	0.0162986458	0.2593310632	0.2181433677
0	0.4446894535	0.0000000000	0.3192464201	0.2125147764	0.0235493500
0	0.3864400802	0.0953752123	0.0022781598	0.1311700280	0.3847365196
0	0.1770971549	0.0000000000	0.0448308595	0.7780715072	0.0000004784
0	0.0000000000	0.3906463297	0.3598321290	0.0890380373	0.1604835040
1	0.0100504950	0.0001568354	0.9871239308	0.0007760341	0.0018927047
0	0.3284155154	0.0014082743	0.0020902768	0.1305984940	0.5374874395
0	0.0389331472	0.1538417321	0.4733232740	0.2712372839	0.0626645628
0	0.3944786410	0.1054605697	0.0004934243	0.0581761127	0.4413912523
0	0.0148084733	0.0230086840	0.8598005586	0.0777725114	0.0246097727
0	0.0000000086	0.0000000037	0.0825349983	0.8019966527	0.1154683368
0	0.0000000703	0.3767251770	0.6202224441	0.0000000296	0.0030522790
0	0.0000049492	0.7032707183	0.0212346257	0.0046312956	0.2708584112
0	0.0113488635	0.3665113682	0.2110609513	0.0921785447	0.3189002722
0	0.0151212917	0.0502678946	0.1443577059	0.5577788915	0.2324742162
0	0.1488856359	0.2806593403	0.0631622121	0.5072928118	0.0000000000
0	0.0000020990	0.0000000000	0.3614498023	0.0475288878	0.5910192109
0	0.0179386098	0.0976664288	0.0468799712	0.0001157751	0.8373992150
0	0.6198916591	0.1997024894	0.0125253986	0.0006360746	0.1672443783
1	0.0147130039	0.5284626185	0.1349088933	0.2088802146	0.1130352698
0	0.1548322605	0.5277474795	0.1180336075	0.1378816076	0.0615050448
0	0.0099405465	0.0002496928	0.6903935532	0.2994162075	0.0000000000
0	0.0949847131	0.0312826243	0.8001155688	0.0196910030	0.0539260908
0	0.4378696833	0.0000000000	0.0016790695	0.5604512470	0.0000000003
0	0.0063368654	0.4443968513	0.0141279484	0.4716040000	0.0635343349
0	0.6247723790	0.1073336741	0.0002153548	0.0000531850	0.2676254071
0	0.0226386264	0.0130132414	0.0487552915	0.0854209424	0.8301718983
0	0.0259742746	0.1448083318	0.2457138290	0.5713356308	0.0121679338
0	0.0000008280	0.4391446906	0.4016868618	0.0316690144	0.1274986052
0	0.4854720303	0.1563779815	0.0481502796	0.0637507771	0.2462489316
0	0.2558014730	0.1817260995	0.2919105240	0.2698899314	0.0006719721
0	0.7445455686	0.0647444886	0.0382994106	0.0295657129	0.1228448193
0	0.2998474541	0.0558705737	0.4608310770	0.0079703154	0.1754805798
0	0.4929967892	0.0193144324	0.0449563496	0.2221083390	0.2206240897
0	0.0570986026	0.0034449584	0.1009637473	0.8328304548	0.0056622369
0	0.0394450580	0.0004698280	0.0136044457	0.3843011091	0.5621795592
0	0.7664646316	0.0201463544	0.0975239226	0.0504115376	0.0654535537
0	0.0040493164	0.1030521754	0.0175307752	0.0016039265	0.8737638065
0	0.0858494482	0.0000000003	0.0724432541	0.5594937386	0.2822135589
1	0.0697394202	0.0907888760	0.7413425348	0.0974389479	0.0006902211
0	0.1506379171	0.6508011090	0.0000006996	0.1971862980	0.0013739763
0	0.0767354038	0.1088746101	0.1805147643	0.6338379017	0.0000373202
0	0.0505464191	0.0747254246	0.8106698897	0.0212611823	0.0427970843
0	0.0000000447	0.0264690602	0.7826387156	0.1908830892	0.0000090903
1	0.5104236056	0.4018675596	0.0877073873	0.0000000012	0.0000014463
0	0.7011460096	0.0032454921	0.2796599777	0.0067882453	0.0091602753
0	0.0494588505	0.1763937034	0.0265572296	0.0742959496	0.6732942668
0	0.0291757758	0.0055197579	0.0243565128	0.5779138491	0.3630341045
0	0.0106455397	0.3228064976	0.3471253682	0.3194225945	0.0000000000
