0	0.0844392530	0.7169951326	0.0512168125	0.0104119614	0.1369368405
0	0.3643952991	0.0224259830	0.0520785879	0.0087502118	0.5523499183
0	0.0057848038	0.0176931683	0.5357535521	0.4407683992	0.0000000766
0	0.5354772848	0.0411409449	0.0018644288	0.1021314698	0.3193858718
0	0.0000004210	0.3970477281	0.2727879786	0.3290911968	0.0010726756
0	0.0000000000	0.1093042353	0.0510727128	0.5650386855	0.2745843664
0	0.0000004272	0.4244119191	0.2697809658	0.1973291596	0.1084775283
0	0.0052199313	0.0470552976	0.0079933687	0.1407699303	0.7989614721
0	0.3047624933	0.0208050254	0.3907636310	0.1118213290	0.1718475212
0	0.2551605159	0.6658148836	0.0035460863	0.0569575845	0.0185209297
0	0.8510504574	0.0675830250	0.0000735163	0.0812831916	0.0000098097
0	0.9250637410	0.0338882804	0.0045999857	0.0349364097	0.0015115833
0	0.3489428788	0.0738541527	0.5016463996	0.0131688724	0.0623876965
0	0.0385762110	0.0029953485	0.9371900160	0.0004969139	0.0207415106
0	0.0010842450	0.0703439125	0.0026352233	0.0077790497	0.9181575696
0	0.4313349156	0.0125543126	0.0000011682	0.4539388907	0.1021707128
0	0.2509245453	0.0126262856	0.0000041766	0.2578853652	0.4785596273
2	0.0002533662	0.4991318836	0.4708008745	0.0298135389	0.0000003369
0	0.2111046842	0.0038700773	0.1349543919	0.0058022026	0.6442686441
0	0.0000388215	0.6773565851	0.0183196183	0.1235578243	0.1807271507
0	0.3301052128	0.0025218367	0.0391569210	0.0000000056	0.6282160238
1	0.0648109634	0.6889400212	0.0782940155	0.0002780826	0.1676769173
0	0.5387115777	0.0833469464	0.2014425890	0.0032525270	0.1732463599
0	0.6970433376	0.0013833458	0.0085834998	0.0000000000	0.2929898168
0	0.1957429417	0.0170630736	0.0000347472	0.0154920625	0.7716671749
0	0.0003611294	0.1531111421	0.4037750501	0.0176498374	0.4251028409
0	0.0545988396	0.0107183179	0.0153591163	0.0155366984	0.9037870279
0	0.1236770996	0.6002685940	0.2007193201	0.0062824082	0.0690525780
0	0.0021408036	0.8134919056	0.0025673731	0.1467387541	0.0350611635
0	0.0078980517	0.4165127529	0.2933038915	0.1097681461	0.1725171578
0	0.7411635606	0.0000000006	0.0163500232	0.0309497778	0.2115366378
0	0.0000019829	0.5341203774	0.0284075467	0.2091709096	0.2282991834
0	0.3175465441	0.6557410259	0.0000000017	0.0000044177	0.0267080106
0	0.0049270233	0.7733314079	0.2146360456	0.0026822515	0.0044232717
0	0.0000000519	0.4535735687	0.1051316270	0.2880210677	0.1532736848
0	0.1869086952	0.0762928990	0.4165966204	0.0000000155	0.3202017700
0	0.1149572669	0.0172065775	0.1867922914	0.3579834735	0.3230603907
0	0.2456248356	0.1741672213	0.1521411503	0.0887588936	0.3393078992
0	0.0116767860	0.0218747681	0.2670134714	0.6993272685	0.0001077059
0	0.0001646418	0.0000003094	0.8262468286	0.0498185907	0.1237696294
0	0.5310179258	0.0044547643	0.0000000029	0.0726398269	0.3918874801
0	0.0002054990	0.5092376889	0.2399701892	0.0299682597	0.2206183633
0	0.1578233703	0.6335818665	0.0000000000	0.1192768257	0.0893179374
1	0.1930943384	0.0012786522	0.0217588060	0.7783349677	0.0055332357
0	0.3514522461	0.3180707701	0.0888099617	0.2414169923	0.0002500298
0	0.0000007036	0.1956715597	0.5500263285	0.2433540333	0.0109473749
1	0.1264791139	0.6498393322	0.1749158966	0.0345458258	0.0142198315
0	0.0085285512	0.0000000000	0.1489615380	0.0501888098	0.7923211010
0	0.0000000000	0.0141494591	0.9277246121	0.0508302521	0.0072956768
0	0.0023012813	0.1193359207	0.0207944451	0.8574593492	0.0001090036
1	0.3530072928	0.2188433132	0.1525919207	0.2498299599	0.0257275134
0	0.4685943518	0.0247264319	0.0725926221	0.0118201140	0.4222664803
0	0.1715977751	0.4037827928	0.1776994897	0.2445221788	0.0023977635
0	0.1489751241	0.1747139738	0.5502254041	0.0152852685	0.1108002295
0	0.1255889923	0.2293339570	0.0454634942	0.0651287748	0.5344847817
0	0.0000074005	0.2867589415	0.1254603154	0.0011610836	0.5866122590
0	0.2067141514	0.0003845743	0.4940011956	0.1524201999	0.1464798787
0	0.1650507068	0.1416442837	0.1348900658	0.3218978428	0.2365171009
0	0.0287642188	0.8772945090	0.0032967151	0.0774503398	0.0131942174
0	0.0757376264	0.2948334480	0.6233147121	0.0061141227	0.0000000908
0	0.0031982908	0.2930841680	0.0000000000	0.0024336993	0.7012838419
0	0.1043840926	0.5681648877	0.2805207845	0.0329014884	0.0140287467
0	0.7948641073	0.0627473004	0.0324822044	0.0254813219	0.0844250659
0	0.1549116518	0.6625076490	0.1278565015	0.0001274120	0.0545967857
0	0.7853424484	0.0925250957	0.0459340353	0.0096856894	0.0665127311
0	0.0003276516	0.7223503238	0.2514869608	0.0183613867	0.0074736771
0	0.0137909006	0.9236090748	0.0222929518	0.0403059648	0.0000011080
1	0.1783836447	0.0163304141	0.2203074437	0.5783582236	0.0066202738
0	0.0109597838	0.7333226349	0.0290980639	0.0925854327	0.1340340848
0	0.0000052498	0.4354568317	0.4499991500	0.0974480867	0.0170906818
0	0.1528730169	0.7323719100	0.1145911463	0.0001639268	0.0000000000
0	0.4551491144	0.0000241404	0.0058233974	0.1136005020	0.4254028458
0	0.8718488560	0.0783654001	0.0179745199	0.0111112605	0.0206999635
0	0.8520434688	0.0997412572	0.0153120746	0.0020993914	0.0308038079
0	0.0063064258	0.0346850058	0.6208001596	0.0007277027	0.3374807060
0	0.2275210340	0.5564414450	0.0216402833	0.1489713060	0.0454259316
0	0.3403420925	0.2073627495	0.0095436569	0.1475423343	0.2952091668
0	0.0089889271	0.9201477055	0.0035486780	0.0619492771	0.0053654123
0	0.0002228961	0.1241271540	0.2619836351	0.4228308843	0.1908354306
0	0.0583708178	0.1992834354	0.4446501684	0.2854883129	0.0122072655
0	0.0300983129	0.0469127453	0.1179346201	0.2727817044	0.5322726174
0	0.1869747641	0.0191729921	0.0252864525	0.0201441266	0.7484216646
0	0.0068796488	0.0907079902	0.0411554034	0.6756338259	0.1856231316
0	0.1360628782	0.7813714233	0.0049894092	0.0090849917	0.0684912976
0	0.0022527507	0.0389731298	0.0291522464	0.0009829262	0.9286389468
0	0.2419515113	0.0303800892	0.2353153858	0.0812542125	0.4110988013
1	0.0000000043	0.2363768880	0.0000001558	0.0922497195	0.6713732325
0	0.0095934352	0.0009509733	0.0479375498	0.0009872773	0.9405307644
0	0.5249428349	0.1777319537	0.2035199492	0.0773606354	0.0164446268
0	0.0441122502	0.1421347163	0.5689255927	0.0702145097	0.1746129310
1	0.5219299560	0.0010472884	0.0000000558	0.1707598493	0.3062628506
0	0.0000000000	0.0000000057	0.7770858251	0.0035641523	0.2193500169
0	0.2065818514	0.5191838066	0.1492022702	0.1250273168	0.0000047550
0	0.4712805945	0.3021822853	0.0000003696	0.1042465456	0.1222902049
0	0.2525570162	0.1367039779	0.1509473810	0.3381172873	0.1216743377
0	0.0024422255	0.7515031525	0.0433637978	0.0000006942	0.2026901299
0	0.7420082274	0.1075970254	0.1418284455	0.0073357381	0.0012305636
0	0.0178554678	0.7845372057	0.0125523737	0.0614186731	0.1236362797
0	0.1100174926	0.1210104559	0.0564343969	0.0408823407	0.6716553139
0	0.3275016651	0.0000048003	0.6718081885	0.0001685099	0.0005168362
