0	0.0001326241	0.3270674361	0.0868455773	0.0326004952	0.5533538673
0	0.6915838632	0.0100478849	0.0739546960	0.0489886239	0.1754249320
0	0.0016087782	0.0365439178	0.5493961499	0.3792597698	0.0331913844
0	0.0484063416	0.2096986571	0.5375066932	0.0056786602	0.1987096480
0	0.0999159523	0.0317288594	0.0015098123	0.1270660440	0.7397793321
0	0.0014720281	0.5806919279	0.2620039317	0.1448296892	0.0110024231
0	0.0850673332	0.0871515366	0.0727369222	0.7550442081	0.0000000000
0	0.0253742857	0.6272537587	0.0481962276	0.2874675756	0.0117081524
1	0.0067329870	0.8792007311	0.0518814608	0.0586857343	0.0034990868
1	0.3161964992	0.3555379608	0.3281849437	0.0000222245	0.0000583719
1	0.0091210109	0.9355704583	0.0429285193	0.0053687357	0.0070112759
0	0.0000175671	0.5904594449	0.0000455781	0.2212437037	0.1882337063
0	0.3782845264	0.0022275195	0.1963686633	0.4104088175	0.0127104733
0	0.1971485315	0.4223866079	0.1795808947	0.1724165783	0.0284673877
0	0.2128478449	0.5605074600	0.2141377498	0.0070907086	0.0054162367
0	0.0353459264	0.0887458151	0.0237924303	0.0353772469	0.8167385812
0	0.0233913093	0.9511728123	0.0104037623	0.0150316291	0.0000004870
0	0.0364039520	0.5058446408	0.3933984291	0.0185885987	0.0457643795
0	0.1346751100	0.0523727832	0.5660579661	0.1726979698	0.0741961709
0	0.0071081848	0.1312045412	0.2569060353	0.5886352837	0.0161459551
0	0.0961975283	0.5732516503	0.0000000273	0.3061071617	0.0244436323
0	0.0258319697	0.2713466105	0.0851006945	0.5882196679	0.0295010575
0	0.0578993902	0.4017930769	0.0004125024	0.0496258049	0.4902692257
0	0.0940343540	0.0721547108	0.0001208122	0.0007145581	0.8329755648
1	0.6600147888	0.0820830693	0.2564053929	0.0000000427	0.0014967064
0	0.0887545594	0.3479666303	0.3461502397	0.0000000779	0.2171284927
0	0.4364698248	0.0000340538	0.0000000052	0.5510543731	0.0124417431
0	0.0714805357	0.0222918556	0.0000000002	0.8238831624	0.0823444461
0	0.0001117499	0.1251659435	0.0722655615	0.8022867433	0.0001700018
0	0.0131777557	0.7487584494	0.0821387541	0.0274968535	0.1284281873
0	0.9056484792	0.0001881424	0.0003186342	0.0046825988	0.0891621454
0	0.2308373627	0.3040295133	0.2562844958	0.0461453943	0.1627032339
1	0.0013598122	0.9809087256	0.0001526041	0.0122259103	0.0053529477
0	0.3946514228	0.0351183609	0.0016843541	0.5165757523	0.0519701100
0	0.5968330492	0.1062580786	0.0428679476	0.1019152236	0.1521257009
0	0.5038042606	0.0000000000	0.4090611061	0.0871266960	0.0000079372
0	0.0595887599	0.4852881972	0.0703406717	0.0139472486	0.3708351225
1	0.4647141082	0.1443196991	0.0002384817	0.3907270244	0.0000006866
0	0.0043236533	0.0096844946	0.9755169340	0.0104666852	0.0000082329
0	0.0035910616	0.7590415810	0.2352607847	0.0017841693	0.0003224034
0	0.1248097171	0.6781009308	0.1513141522	0.0043284096	0.0414467903
0	0.9861623755	0.0036143936	0.0000446967	0.0001809906	0.0099975436
0	0.0925438162	0.0000177687	0.0229758935	0.8844623295	0.0000001920
0	0.0878717894	0.0000293794	0.5553836791	0.0020131366	0.3547020155
0	0.8796750776	0.0943165427	0.0000222789	0.0000000001	0.0259861007
0	0.0000000000	0.0572621883	0.8849711148	0.0274055999	0.0303610970
0	0.0010149050	0.0661299564	0.3039713147	0.6288838226	0.0000000012
0	0.1033833095	0.0724584833	0.0811625753	0.0089837919	0.7340118401
0	0.1635706209	0.0006831775	0.0173986270	0.0000000000	0.8183475747
0	0.0621358068	0.2310929902	0.4671543756	0.0435305589	0.1960862685
1	0.4549652956	0.0437441849	0.0253546252	0.4758400437	0.0000958507
0	0.1354214459	0.0238073004	0.2269324129	0.3845930014	0.2292458394
1	0.1917769676	0.6471755724	0.1117581493	0.0485097983	0.0007795123
0	0.0000023001	0.0009769723	0.2949049262	0.3792128884	0.3249029130
0	0.1261230080	0.1743186939	0.1628953734	0.0000000004	0.5366629243
0	0.4766095929	0.1393859738	0.0419540115	0.3411618331	0.0008885886
0	0.0000000000	0.0646641373	0.1145948181	0.7448113107	0.0759297339
0	0.0303845193	0.7793252371	0.1479664829	0.0014687585	0.0408550023
0	0.0604057134	0.5556757878	0.0672916972	0.0010706521	0.3155561495
0	0.0000000000	0.0000006427	0.0868768216	0.0641832550	0.8489392808
0	0.0045644082	0.2147152860	0.2460842699	0.5197464957	0.0148895402
0	0.0952810475	0.8819162596	0.0000000395	0.0227866146	0.0000160389
2	0.0814119626	0.9174954975	0.0010925399	0.0000000000	0.0000000000
0	0.8927504439	0.0046980974	0.0009667087	0.0689230386	0.0326617113
0	0.0000000128	0.0000204318	0.0049364400	0.0076721605	0.9873709550
0	0.0089794536	0.0000000000	0.9812902852	0.0000068466	0.0097234146
1	0.3395712395	0.5590842057	0.0032096318	0.0981349229	0.0000000000
0	0.3645355714	0.0000143918	0.5448791397	0.0184313846	0.0721395125
0	0.0742777360	0.0477291610	0.8268207418	0.0000004452	0.0511719160
0	0.2728167042	0.4703812644	0.2536890571	0.0029844126	0.0001285618
0	0.0038366839	0.5013085720	0.1572239386	0.0000000441	0.3376307614
0	0.1564294450	0.0061321102	0.7313489749	0.0897734218	0.0163160481
0	0.0642045643	0.0043051854	0.6623867955	0.2690512738	0.0000521809
0	0.0977650563	0.4540087755	0.0590079893	0.1859844465	0.2032337325
0	0.1617379246	0.0639046821	0.0421153426	0.4805969341	0.2516451166
0	0.0002803834	0.3602991960	0.0107322089	0.2733320894	0.3553561223
0	0.2315628083	0.0890081562	0.6356331355	0.0401666787	0.0036292213
0	0.1976791139	0.5139160805	0.0000022706	0.2884025345	0.0000000005
0	0.6961641514	0.0007975423	0.1143795104	0.0064094101	0.1822493858
0	0.0009709426	0.4564109220	0.0017561265	0.0044568168	0.5364051922
0	0.0007509559	0.6706980812	0.0395493685	0.0096584711	0.2793431233
0	0.0013345072	0.1054694923	0.4941072341	0.3111387271	0.0879500394
1	0.8439069955	0.0564740847	0.0736310786	0.0259876908	0.0000001504
0	0.0550203420	0.0590924907	0.5982385419	0.2782472090	0.0094014164
0	0.0332409160	0.0160165140	0.3712920478	0.2511020803	0.3283484418
0	0.0192325432	0.1759133933	0.7555494581	0.0491653811	0.0001392244
0	0.0033659175	0.1183010327	0.0044275721	0.8679151837	0.0059902941
0	0.0161747915	0.0000321074	0.0051334433	0.9786583892	0.0000012686
0	0.2023455530	0.0038613900	0.3171063258	0.4764791286	0.0002076027
1	0.2713164941	0.4951231125	0.0121248610	0.0180321178	0.2034034145
0	0.0031548624	0.0037961642	0.5503836406	0.0807432742	0.3619220585
0	0.0082882033	0.0379861636	0.8094701507	0.0223508686	0.1219046139
0	0.4023407336	0.0458016442	0.5493920022	0.0024656197	0.0000000002
0	0.1489277773	0.0699286187	0.0171011067	0.0717865290	0.6922559683
0	0.1233212772	0.1276787328	0.0303208467	0.0064812969	0.7121978464
0	0.0221424543	0.0001908292	0.0231043501	0.8713587573	0.0832036091
0	0.8231257945	0.0597790747	0.0413882334	0.0138780628	0.0618288346
0	0.0000000091	0.4128498461	0.4072763462	0.0000325977	0.1798412009
0	0.0000000000	0.4616001380	0.0005192228	0.3818997776	0.1559808616
0	0.0003798830	0.0000000044	0.4643876752	0.2039618359	0.3312706014
