0	0.0056743481	0.5455519172	0.2363242724	0.1593369211	0.0531125411
0	0.0049988550	0.4662388806	0.0391671997	0.1103522232	0.3792428414
0	0.8637614457	0.0000480978	0.0013829105	0.0177084057	0.1170991403
0	0.0000064867	0.0000019450	0.0339208955	0.9122932069	0.0537774659
0	0.0008028019	0.1732276977	0.5013725450	0.1164058014	0.2081911541
0	0.0831252819	0.1955841005	0.0851622847	0.6110803358	0.0250479971
0	0.0684409131	0.1575670741	0.2253857378	0.1009053110	0.4477009640
0	0.0097691570	0.9217143375	0.0113444777	0.0201282453	0.0370437826
0	0.4016183841	0.0364603275	0.1486815117	0.2876659752	0.1255738016
0	0.8636202168	0.1288460361	0.0032627567	0.0031940636	0.0010769268
2	0.0005997965	0.9990107189	0.0001764049	0.0002017032	0.0000113764
0	0.7218929873	0.0002805598	0.1713689370	0.0595848531	0.0468726628
0	0.6166161169	0.0365804273	0.1776485574	0.1312662007	0.0378886977
0	0.0795590594	0.0732382022	0.0000000000	0.5479055633	0.2992971751
0	0.4267687193	0.0799650223	0.0000187288	0.4480875975	0.0451599321
0	0.0119954100	0.0419985333	0.8122809552	0.0918837058	0.0418413957
0	0.6634006026	0.0975206405	0.1668784561	0.0090571029	0.0631431978
0	0.0269863890	0.0025054138	0.2340242884	0.5174702888	0.2190136199
0	0.0006518404	0.0259681474	0.0010181045	0.5897661129	0.3825957949
0	0.6732634575	0.0001133049	0.0101525016	0.3164707360	0.0000000000
0	0.0659142325	0.0962157105	0.8267441014	0.0000005522	0.0111254034
0	0.4144605791	0.3145480005	0.2702217837	0.0007696188	0.0000000178
0	0.0526854606	0.5853642578	0.1961644710	0.0157531950	0.1500326156
0	0.3885713967	0.0893113300	0.4950414456	0.0000000340	0.0270757937
0	0.1829676691	0.5627237482	0.1647904182	0.0895181637	0.0000000007
0	0.2847867012	0.0161370935	0.2437354169	0.4553113316	0.0000294568
0	0.0030564296	0.1984075571	0.3335012594	0.3394462383	0.1255885157
0	0.1554975378	0.3926623420	0.0011151243	0.3286539579	0.1220710380
0	0.7092287778	0.1489243440	0.0000059064	0.1416166497	0.0002243221
0	0.0000075278	0.0007178490	0.0022762753	0.6297985346	0.3671998132
0	0.0000185172	0.3764754215	0.0000000000	0.4064045152	0.2171015461
0	0.1439827900	0.7823111532	0.0178870451	0.0001774311	0.0556415805
0	0.3952957743	0.2431053969	0.2284549686	0.0495262903	0.0836175700
0	0.3088520500	0.0055833457	0.1987227937	0.0854076963	0.4014341143
0	0.0426636167	0.4665570986	0.4583235554	0.0000000026	0.0324557267
0	0.0398083846	0.0026266592	0.3795439765	0.0297174875	0.5483034922
0	0.2054631642	0.1861103910	0.4347240922	0.1699731445	0.0037292081
0	0.8617969671	0.0052046244	0.0338366656	0.0052777389	0.0938840040
0	0.1554723475	0.5416572981	0.2693294257	0.0112591645	0.0222817642
0	0.0789342579	0.0604534756	0.2058806155	0.0185899590	0.6361416919
0	0.0019919824	0.1938347211	0.0591459572	0.6946990671	0.0503282722
0	0.0002862345	0.1504264931	0.0037359760	0.4442313674	0.4013199289
0	0.0595004823	0.5364621075	0.0483948687	0.0203142575	0.3353282840
0	0.0000001916	0.3547080711	0.3607888343	0.0000000000	0.2845029029
0	0.0025150093	0.1980382851	0.7962299960	0.0032167052	0.0000000044
0	0.0184552526	0.3865049631	0.3515522926	0.2295884735	0.0138990182
0	0.7330677351	0.0001286172	0.1916402919	0.0751552626	0.0000080932
0	0.0161725780	0.0157033797	0.1478354039	0.0526893082	0.7675993302
0	0.4720176786	0.0269549996	0.0222398426	0.4475931892	0.0311942899
0	0.7899165519	0.1285968451	0.0347681049	0.0000100274	0.0467084707
0	0.0065722360	0.0004423839	0.1893681217	0.0048001057	0.7988171527
0	0.0309493487	0.0000032821	0.8581111157	0.0045254241	0.1064108293
0	0.6546934562	0.0000434899	0.0425633268	0.3015226332	0.0011770939
0	0.1507109486	0.0158419833	0.0446809151	0.4459061758	0.3428599772
0	0.0030664769	0.0758215122	0.0533124635	0.4540018237	0.4137977237
1	0.1524769089	0.6737279255	0.1030674923	0.0425670725	0.0281606009
0	0.5762031884	0.0000134643	0.3684151243	0.0553681459	0.0000000771
0	0.0047062903	0.9913040727	0.0039788661	0.0000006953	0.0000100756
0	0.5328230794	0.0000000079	0.1411681999	0.1372889972	0.1887197155
0	0.0168068047	0.3196388599	0.1094670110	0.1640443647	0.3900429596
0	0.3859140198	0.0052411973	0.0340966308	0.5647436940	0.0100044581
0	0.3408278638	0.4825699204	0.0021287594	0.1490857878	0.0253876686
0	0.3387274683	0.0337943900	0.0000000000	0.1192185189	0.5082596228
0	0.1550711008	0.1846824311	0.1791921582	0.3053933854	0.1756609244
0	0.3564317141	0.1214140625	0.2331757386	0.2889776532	0.0000008315
0	0.0040824036	0.0714803116	0.7027442793	0.2216930056	0.0000000000
0	0.1755179220	0.3836237977	0.1454540455	0.2834896726	0.0119145621
0	0.0559087084	0.1003624656	0.0216567486	0.8025932368	0.0194788407
0	0.0069024381	0.1174180229	0.1566429649	0.2090142155	0.5100223586
0	0.2435249556	0.5825817174	0.1737136903	0.0001796367	0.0000000000
0	0.0000862214	0.1822679279	0.7209683629	0.0000001373	0.0966773505
0	0.0325527953	0.0024762251	0.0329307432	0.0021363743	0.9299038620
0	0.2685255989	0.0020799534	0.0000000095	0.4249947034	0.3043997347
0	0.0338244927	0.0268547410	0.3947791361	0.3904256027	0.1541160276
0	0.1421241314	0.4692653591	0.2745477622	0.0653301313	0.0487326160
0	0.0997486065	0.0000246155	0.8045744347	0.0239378586	0.0717144847
0	0.0145376264	0.0000214657	0.0007967017	0.0112841196	0.9733600867
0	0.0855458369	0.0099487252	0.3509689504	0.0013236276	0.5522128598
1	0.1815977543	0.1569734702	0.6312289370	0.0299525345	0.0002473039
0	0.0170671180	0.0000123984	0.0566596020	0.0052349408	0.9210259409
0	0.2306840556	0.6415905911	0.0000000000	0.1250682870	0.0026570663
0	0.1667890563	0.0759021619	0.0105696932	0.7409631321	0.0057759565
0	0.0864589659	0.2109471320	0.0000000000	0.0002794910	0.7023144110
0	0.0393295277	0.3128916818	0.0059939784	0.0076325403	0.6341522717
1	0.0071167114	0.4903055170	0.1882515865	0.0420132630	0.2723129222
0	0.4538007230	0.0085373897	0.3797774852	0.1457998427	0.0120845595
0	0.0278577267	0.7199363729	0.0000000009	0.0158213968	0.2363845027
0	0.0522977246	0.1147277475	0.7666098510	0.0662545167	0.0001101601
0	0.0128938459	0.0000000000	0.6677655711	0.1939762036	0.1253643794
0	0.5768265751	0.1108238675	0.0117198477	0.2694038845	0.0312258251
0	0.7354387789	0.0011537268	0.2367968787	0.0266106155	0.0000000002
0	0.7333629261	0.1417036121	0.0000000013	0.1248380727	0.0000953878
0	0.2371010788	0.0016064587	0.0199370665	0.5568688613	0.1844865346
0	0.0000000004	0.0902860439	0.4879623984	0.4217515572	0.0000000000
0	0.7264854176	0.0225511967	0.0886369455	0.1525269431	0.0097994972
0	0.0882502274	0.0141824627	0.0003823408	0.8541804871	0.0430044819
0	0.2382359740	0.0001673811	0.0000000023	0.2298693035	0.5317273392
0	0.0002092758	0.0062166703	0.3810376346	0.2021033803	0.4104330389
0	0.0616386116	0.2492796213	0.6854478490	0.0036339181	0.0000000000
0	0.0347965052	0.1843419449	0.1388060665	0.0732600055	0.5687954779
