0	0.1158507872	0.0364070301	0.0400176238	0.2732948897	0.5344296693
0	0.1931515139	0.5722099066	0.2242651068	0.0092436043	0.0011298685
0	0.0848266380	0.0456527296	0.0051248466	0.4728097329	0.3915860530
0	0.0672905828	0.0354517743	0.8959871303	0.0000000000	0.0012705126
0	0.0006912933	0.8527179077	0.0000000001	0.0257993438	0.1207914552
1	0.3519963513	0.4552693898	0.1912515256	0.0009241631	0.0005585702
0	0.2658441563	0.0000466020	0.0025120011	0.6000998193	0.1314974214
0	0.6842238445	0.0015715651	0.0000958558	0.0006223171	0.3134864175
0	0.0393614493	0.0833290340	0.0090445886	0.7609301340	0.1073347940
0	0.3730159498	0.0041236037	0.3346797844	0.1015053777	0.1866752845
0	0.3591330567	0.6069209107	0.0000000000	0.0000000000	0.0339460326
1	0.0347418638	0.9445102094	0.0129830121	0.0021968345	0.0055680801
1	0.6230417803	0.3133075997	0.0636429542	0.0000000336	0.0000076322
0	0.0914495433	0.7447519605	0.0034229485	0.1601475758	0.0002279720
0	0.3158951397	0.0008410678	0.2685120512	0.2443516672	0.1704000742
0	0.0149165676	0.0956022534	0.8630406414	0.0247032830	0.0017372546
1	0.0020475086	0.9939316130	0.0020934446	0.0000002119	0.0019272218
0	0.1832421705	0.6807717531	0.0410755486	0.0472434824	0.0476670454
1	0.1986061433	0.7841020305	0.0000000147	0.0079170439	0.0093747677
0	0.0246256197	0.4127091491	0.4380601222	0.0144639160	0.1101411930
0	0.0985524198	0.0264041078	0.2108549178	0.5770103002	0.0871782545
0	0.0000244672	0.4831324553	0.3896035625	0.1053768069	0.0218627081
0	0.0278698498	0.3042933406	0.6673235898	0.0000000000	0.0005132198
0	0.0217399011	0.8022417887	0.0000000042	0.1415869888	0.0344313173
0	0.9704667636	0.0135630851	0.0000001183	0.0000002601	0.0159697728
0	0.5204806104	0.0864633260	0.1379471867	0.1353557882	0.1197530888
0	0.0005935714	0.4885089398	0.0000094651	0.2801115433	0.2307764803
0	0.3474363723	0.0000001691	0.0000008081	0.6466694010	0.0058932496
0	0.0000000000	0.5843255129	0.0490538328	0.1169128119	0.2497078423
1	0.0000178883	0.6080448380	0.0015589757	0.3227505993	0.0676276987
0	0.0247411522	0.1278104613	0.8077628237	0.0000001143	0.0396854486
1	0.0121897771	0.3664973012	0.0253799694	0.0025179288	0.5934150234
1	0.2256141530	0.6875588028	0.0868270442	0.0000000000	0.0000000000
0	0.0144492864	0.0028434871	0.7584887556	0.0825662545	0.1416522164
1	0.8630467977	0.0931587854	0.0013970494	0.0422933437	0.0001040239
0	0.0002716901	0.3642348080	0.2561502600	0.0021090150	0.3772342269
0	0.1273476296	0.4452610286	0.1819553770	0.1394721475	0.1059638172
0	0.0119540106	0.1628016993	0.6555861648	0.1266417597	0.0430163656
0	0.0000000034	0.3989510820	0.1440651914	0.4433650072	0.0136187160
0	0.1367603747	0.2325911880	0.1680512094	0.0661562342	0.3964409938
0	0.2772591080	0.0115812841	0.0082789465	0.5769028227	0.1259778386
0	0.1131452638	0.0012164094	0.0215191482	0.6957305337	0.1683886450
1	0.0009749971	0.8712706836	0.0000596664	0.1055991024	0.0220955505
0	0.3860976651	0.1680706104	0.2311248859	0.2062762159	0.0084306227
0	0.0221453209	0.9718004889	0.0015613100	0.0044601247	0.0000327555
0	0.2688890923	0.0013707954	0.4797949433	0.0318578761	0.2180872929
1	0.1638321281	0.8326040517	0.0023743941	0.0011831770	0.0000062491
0	0.5511867395	0.1300649997	0.0229964885	0.2957516897	0.0000000825
2	0.0108064925	0.9744844743	0.0146959348	0.0000130984	0.0000000000
0	0.6114996912	0.0118163895	0.3715354492	0.0000886740	0.0050597962
0	0.3860957770	0.3227219031	0.0054774838	0.0803929670	0.2053118691
0	0.3208158905	0.1343549690	0.0000000000	0.5280209330	0.0168082074
0	0.0145420588	0.1661756120	0.5214102092	0.1084072194	0.1894649006
0	0.3127558516	0.5501388125	0.0961605152	0.0212512756	0.0196935451
0	0.2763112257	0.2114509674	0.3677653289	0.1425948167	0.0018776613
0	0.3633704306	0.0000000028	0.0338035062	0.2582785073	0.3445475532
0	0.1320546064	0.0220461193	0.4532629405	0.0000146082	0.3926217257
0	0.2717447279	0.0000000159	0.0000000000	0.5447894971	0.1834657590
0	0.7539619468	0.2172737422	0.0265108134	0.0008238645	0.0014296332
0	0.0103025556	0.0388244788	0.7902608574	0.1571860519	0.0034260563
0	0.4468521379	0.1948631214	0.3520170016	0.0039905114	0.0022772277
0	0.7380571227	0.1084907698	0.0005088920	0.0881285538	0.0648146617
0	0.0571916673	0.3788119441	0.0692277294	0.4947659646	0.0000026945
0	0.1681862432	0.0933196934	0.1716403810	0.1257873457	0.4410663368
0	0.3148441983	0.3827243570	0.1847331374	0.0019722917	0.1157260157
0	0.1105040894	0.0840826807	0.0013774902	0.7410801451	0.0629555947
0	0.3718767621	0.0839708165	0.3293545929	0.2025574695	0.0122403590
1	0.0862717756	0.8415221399	0.0222700194	0.0425119052	0.0074241598
0	0.6114495176	0.0983562222	0.0503501580	0.1272193662	0.1126247360
0	0.0000000000	0.0020275390	0.1140266174	0.5575935770	0.3263522666
0	0.0705821468	0.1639368239	0.6353353447	0.0000013994	0.1301442851
0	0.4746648579	0.0000182980	0.1246599442	0.3873994875	0.0132574125
0	0.1903205835	0.2656377083	0.0000000006	0.4716572744	0.0723844331
1	0.1344139694	0.6588350551	0.0014975535	0.0370754942	0.1681779278
0	0.1461363042	0.7576611516	0.0003082444	0.0613601009	0.0345341990
0	0.0057455408	0.7839682460	0.0272730084	0.0169374651	0.1660757396
0	0.3730658381	0.2115350647	0.1450916860	0.1121733132	0.1581340980
1	0.0729327774	0.1923927087	0.6955365775	0.0369715151	0.0021664213
0	0.1595288675	0.1267299721	0.1143082555	0.5994329049	0.0000000000
0	0.0035934731	0.0145142475	0.4373071657	0.0050945708	0.5394905428
0	0.1607891769	0.3387848333	0.0168113703	0.3802995687	0.1033150509
0	0.8530671542	0.1267805017	0.0025351563	0.0056737986	0.0119433892
0	0.6623203190	0.1345861007	0.1356899002	0.0400960171	0.0273076631
1	0.1974841118	0.7743949404	0.0202386297	0.0031749397	0.0047073784
0	0.6102462130	0.0980668536	0.0639197507	0.2089084456	0.0188587370
0	0.1070506959	0.3163823798	0.5765356025	0.0000313218	0.0000000000
0	0.1526247132	0.0786550861	0.6934339089	0.0024901297	0.0727961621
0	0.0610677505	0.7542356118	0.1619458475	0.0011743728	0.0215764174
1	0.0014218022	0.8108096485	0.1752975570	0.0090558120	0.0034151804
0	0.1142563831	0.0114072210	0.6531610117	0.0144919503	0.2066834339
1	0.2204583906	0.1385099466	0.4314070978	0.1835738289	0.0260507360
0	0.0173865175	0.6762228316	0.0000000017	0.0252323001	0.2811583491
0	0.0241363351	0.0483104704	0.7797738525	0.0083378762	0.1394414659
0	0.8552882300	0.0154210780	0.1159053783	0.0073610162	0.0060242975
0	0.0180653504	0.2994390463	0.0271363735	0.0285948353	0.6267643945
0	0.0000000000	0.0095238939	0.0697015086	0.7008296304	0.2199449672
0	0.1119390098	0.0184331501	0.0717116788	0.7073021797	0.0906139816
0	0.0904943807	0.5578341863	0.0832210293	0.0078189183	0.2606314854
1	0.1599741944	0.0077659947	0.3822109907	0.0000138314	0.4500349889
0	0.0183312068	0.3143932426	0.6163712737	0.0000000000	0.0509042770
