1	0.7677729367	0.2131184031	0.0000027429	0.0001547923	0.0189511250
0	0.0008857165	0.2264896882	0.0062293853	0.0000016247	0.7663935852
0	0.1056027710	0.0006850700	0.4664204590	0.3989888174	0.0283028827
0	0.0000668204	0.0057698050	0.2410360324	0.2114150610	0.5417122812
1	0.3604296467	0.3431404031	0.1098791490	0.0510691766	0.1354816247
0	0.3685319363	0.0751352988	0.0488060740	0.4464948079	0.0610318830
0	0.7861566458	0.1336244228	0.0000752941	0.0006232844	0.0795203529
0	0.3050209345	0.4613563892	0.0044588865	0.2133191107	0.0158446791
0	0.0432620767	0.0208897213	0.1950482557	0.2723452147	0.4684547316
0	0.0848674370	0.7280796031	0.1750424811	0.0000000099	0.0120104689
0	0.0000294563	0.6600932114	0.0279735469	0.0001701709	0.3117336145
0	0.0081509262	0.3283834901	0.0469689578	0.0011821710	0.6153144549
0	0.6187727083	0.0024224935	0.0253740345	0.0019151635	0.3515156001
0	0.1264409959	0.0272564403	0.0022923353	0.8345166242	0.0094936043
0	0.1163864022	0.0460681067	0.0798542957	0.0003181358	0.7573730597
0	0.0000093668	0.5727160900	0.0000000000	0.4016014728	0.0256730704
0	0.0059220474	0.0001794676	0.0441096867	0.2045610120	0.7452277863
0	0.3088074877	0.1570704235	0.5156930960	0.0178532421	0.0005757507
0	0.2821444604	0.1552531683	0.3111907079	0.0344366706	0.2169749929
0	0.4662718161	0.2574232110	0.2058703117	0.0624868503	0.0079478109
0	0.8651578471	0.0002417745	0.0672667189	0.0057567784	0.0615768811
0	0.0005747976	0.0438431242	0.0000883024	0.9554565881	0.0000371877
0	0.0248358635	0.1975662883	0.2194070027	0.0001078389	0.5580830067
0	0.2591185208	0.0011770598	0.0000000000	0.0000000013	0.7397044180
0	0.0570758672	0.0239529197	0.1001510373	0.0964705799	0.7223495959
0	0.1964629685	0.0273934455	0.1674683423	0.5498327015	0.0588425422
1	0.2027023858	0.7954003954	0.0000000003	0.0005793660	0.0013178525
0	0.0859056882	0.0000000143	0.7614093545	0.0148821510	0.1378027919
0	0.1386253964	0.1377321155	0.0267176395	0.2718971419	0.4250277066
0	0.3018260646	0.0000424838	0.6501122853	0.0274081305	0.0206110358
0	0.0000050846	0.0471869859	0.0044007825	0.9483231874	0.0000839597
0	0.1468092127	0.6908964472	0.0000000008	0.0623445965	0.0999497427
0	0.0218938418	0.1215072824	0.0659901273	0.0000000709	0.7906086776
0	0.6366746320	0.1382726801	0.1593830235	0.0248403321	0.0408293322
0	0.8949112724	0.0004371199	0.0759231945	0.0016357569	0.0270926563
0	0.0442395255	0.0954935464	0.4689525650	0.1154009168	0.2759134462
0	0.4879529031	0.0027091946	0.0826289899	0.4267087567	0.0000001557
0	0.0481870416	0.0074821257	0.0128358814	0.5181374229	0.4133575285
2	0.4433271682	0.5543773015	0.0020661856	0.0000000000	0.0002293448
0	0.5215643257	0.0050467867	0.0005670359	0.2215026064	0.2513192453
0	0.3630565030	0.0440707153	0.0001365206	0.0654438275	0.5272924336
0	0.6233451638	0.0003502174	0.0000014333	0.0326970355	0.3436061500
0	0.0064757318	0.6323469538	0.1721505778	0.1874486021	0.0015781345
0	0.0211051828	0.2032473826	0.2168994824	0.0000000000	0.5587479522
0	0.0271058359	0.5438770136	0.1532431858	0.0993084853	0.1764654794
0	0.0853380028	0.0347829848	0.0346170550	0.0032162055	0.8420457518
1	0.2404023109	0.4860123646	0.2345449923	0.0000000799	0.0390402523
0	0.0012762283	0.0006074200	0.6666055346	0.2208149725	0.1106958446
0	0.9405356176	0.0000000000	0.0155619324	0.0000909545	0.0438114954
0	0.0206151270	0.8509978730	0.0320502502	0.0002820080	0.0960547419
0	0.3261727329	0.0271390158	0.0444880696	0.0431130036	0.5590871781
0	0.2487739430	0.0688296501	0.0565131236	0.5386208956	0.0872623876
0	0.0013143805	0.1179638417	0.0610062373	0.0015959047	0.8181196359
0	0.1236787863	0.0778955409	0.0789890812	0.7194365903	0.0000000013
0	0.6579210586	0.3416334870	0.0004446982	0.0000000765	0.0000006796
0	0.0091719306	0.2693995093	0.7214285601	0.0000000000	0.0000000000
0	0.3276692350	0.1734329207	0.0626270905	0.2830726934	0.1531980603
0	0.4720824140	0.0383049743	0.1043119441	0.0006876403	0.3846130273
0	0.0384249729	0.1323049910	0.7427140044	0.0052624761	0.0812935555
0	0.2221097979	0.3731718445	0.3877686846	0.0022504951	0.0146991779
0	0.0000000000	0.1267391353	0.3725494716	0.0000001072	0.5007112859
0	0.2582600816	0.0007774646	0.0949198266	0.1778090981	0.4682335292
0	0.0124405363	0.4734483252	0.3137203970	0.1999475741	0.0004431674
0	0.0615574027	0.0526441194	0.0026903796	0.7412582266	0.1418498717
0	0.3616325376	0.0213030003	0.1327910574	0.0074117481	0.4768616566
0	0.0434712591	0.5104303796	0.0569072592	0.3843531620	0.0048379402
0	0.3668724150	0.6017619604	0.0211869248	0.0002395920	0.0099391077
0	0.0101676271	0.0007279153	0.3534746256	0.3890900915	0.2465397406
0	0.0320078091	0.0001324117	0.8436421554	0.0443043288	0.0799132950
0	0.0027559330	0.7241438559	0.0258839838	0.2223449869	0.0248712404
1	0.3179953647	0.0831416807	0.5228952147	0.0710415996	0.0049261403
0	0.0091943609	0.0075108623	0.0061787833	0.0000012095	0.9771147840
0	0.0000012012	0.0000019933	0.9560026484	0.0439026290	0.0000915281
0	0.2332032440	0.2320812390	0.0000000000	0.4453160225	0.0893994945
0	0.3316997249	0.2996933441	0.3263463025	0.0049343114	0.0373263171
0	0.2000043302	0.4789791284	0.0046075776	0.0105424355	0.3058665284
0	0.4867879785	0.0098723236	0.0009468677	0.5023787949	0.0000140353
0	0.6250958613	0.0000049376	0.0462524596	0.2760969529	0.0525497887
0	0.0291619861	0.1496225582	0.5802101891	0.1430675847	0.0979376818
0	0.0525346337	0.6663519656	0.0270812548	0.2401929345	0.0138392113
0	0.0000202839	0.3468202384	0.0050459892	0.6481134885	0.0000000000
0	0.2076500210	0.3097239932	0.1181058194	0.3563037129	0.0082164534
0	0.5789880178	0.0708177619	0.2145170512	0.0628251206	0.0728520485
0	0.0528746679	0.0043812728	0.0000000261	0.8770934009	0.0656506324
0	0.0000450764	0.1818540811	0.1087735054	0.5581539673	0.1511733698
0	0.0001881731	0.0679126959	0.0879691100	0.8131846399	0.0307453811
0	0.1745871055	0.0687615316	0.1199561812	0.0409247534	0.5957704283
0	0.0366912821	0.0014466284	0.2211135854	0.6404256712	0.1003228329
0	0.4657517273	0.0000238423	0.0451284736	0.1540429014	0.3350530553
1	0.9112973570	0.0247188261	0.0179571885	0.0016246016	0.0444020268
0	0.0823737873	0.0002097600	0.1087991670	0.4831763235	0.3254409622
0	0.2647608516	0.0648004937	0.0000003379	0.0117906976	0.6586476192
1	0.0614666449	0.5493274019	0.1438714679	0.2426362415	0.0026982438
0	0.0000018112	0.0005071994	0.6943787850	0.3005980734	0.0045141309
0	0.1453046077	0.1076558343	0.0000000089	0.6864477597	0.0605917893
0	0.1597431845	0.2254541659	0.0019763434	0.0803758435	0.5324504627
0	0.0000000000	0.4714467193	0.1747320370	0.3538183203	0.0000029234
0	0.2187277902	0.7292454307	0.0001297673	0.0100068374	0.0418901743
1	0.2187009953	0.7741750680	0.0005649411	0.0065577901	0.0000012055
0	0.0002149067	0.0000133134	0.8383989725	0.1220451348	0.0393276727
