0	0.1601493824	0.6118226921	0.1961024930	0.0278166679	0.0041087646
0	0.0941915695	0.0030871477	0.3244837994	0.4607215346	0.1175159488
0	0.3740152346	0.0248753003	0.4638163269	0.1037818372	0.0335113009
1	0.1614962523	0.4845689685	0.0891945554	0.1688715802	0.0958686437
0	0.4235145746	0.2590204344	0.0572787494	0.0005108350	0.2596754065
0	0.0000059601	0.8348434290	0.0267513220	0.0000551328	0.1383441562
0	0.0000000125	0.1854033019	0.1266370651	0.5930397776	0.0949198430
0	0.0240340754	0.4635649340	0.0008335375	0.4739807127	0.0375867404
0	0.1976387310	0.0129232553	0.4733545757	0.0651848467	0.2508985912
0	0.0116758966	0.0000393160	0.2595156994	0.3471123145	0.3816567734
0	0.3986072390	0.0000000001	0.2575413177	0.0042045627	0.3396468806
1	0.0034650858	0.9809769094	0.0000000000	0.0125247017	0.0030333031
1	0.0012176395	0.9965686791	0.0018265803	0.0000049845	0.0003821166
0	0.0789394425	0.0019198641	0.0000000000	0.9184092953	0.0007313981
0	0.0850218009	0.3368396044	0.5186128551	0.0580576383	0.0014681013
0	0.0000101630	0.0006668158	0.9490972744	0.0342686814	0.0159570653
0	0.2694918331	0.0474330262	0.1641766905	0.0338972681	0.4850011820
0	0.0817787061	0.4603529674	0.4372589606	0.0205556083	0.0000537576
0	0.0389214794	0.3473313625	0.6030115352	0.0008386821	0.0098969408
0	0.2782480268	0.0281933319	0.0000886096	0.3646565287	0.3288135030
0	0.0028295301	0.3640652077	0.6215002908	0.0062899426	0.0053150288
0	0.0000000561	0.3725172413	0.0730073159	0.5507861146	0.0036892721
0	0.1784414449	0.6268340098	0.0204881982	0.1742362613	0.0000000858
0	0.0071120607	0.0002524962	0.0072034872	0.9772886140	0.0081433418
0	0.0369167799	0.0597524951	0.0026008945	0.0992552674	0.8014745631
2	0.0107639194	0.9821651458	0.0004125204	0.0049659948	0.0016924195
0	0.0000269774	0.0239842092	0.3689385980	0.0000000031	0.6070502123
0	0.0000000532	0.0219001517	0.0520762155	0.9260235714	0.0000000083
0	0.4323437092	0.3754917048	0.0705280559	0.0586466596	0.0629898705
0	0.0396302852	0.0000000089	0.6294840147	0.3170824893	0.0138032020
0	0.0008722236	0.0156001706	0.0576491137	0.7217601969	0.2041182953
0	0.4597469087	0.0000000002	0.0700128118	0.4238923865	0.0463478929
1	0.0072812792	0.8533229437	0.0487565099	0.0076304702	0.0830087969
0	0.2229160493	0.0848589094	0.0007014510	0.1459195598	0.5456040305
0	0.9046189497	0.0417630562	0.0000000000	0.0088583650	0.0447596290
0	0.0638082903	0.0835406247	0.8407844122	0.0000331488	0.0118335239
0	0.0604480281	0.2336123908	0.1040979866	0.0001796123	0.6016619823
0	0.0000000006	0.4714810201	0.0000017692	0.0978360916	0.4306811185
0	0.0459040248	0.8508488569	0.1014163446	0.0013601502	0.0004706235
1	0.3803985270	0.5614571314	0.0570926218	0.0010317106	0.0000200093
1	0.2147268059	0.2834747227	0.2115641707	0.2729391948	0.0172951059
0	0.3062103310	0.6340318231	0.0000005647	0.0596493751	0.0001079061
0	0.4440671970	0.0044461977	0.0141001228	0.0000188305	0.5373676520
0	0.2469018941	0.3036639991	0.1976487204	0.2194895459	0.0322958406
0	0.4869625641	0.4676634686	0.0078639803	0.0304675947	0.0070423923
0	0.0077908685	0.0940305663	0.8389293596	0.0112503980	0.0479988076
0	0.1344577691	0.7507235856	0.0078201009	0.0016477776	0.1053507667
0	0.5056000550	0.0409981333	0.3597729383	0.0313801130	0.0622487603
0	0.1250514300	0.0414152840	0.7158724247	0.0981866355	0.0194742259
1	0.3299815764	0.4934470552	0.1310155740	0.0183458985	0.0272098959
0	0.0000000002	0.2036319171	0.5929959033	0.1334240966	0.0699480828
0	0.1140151049	0.0581587247	0.0364096727	0.7756199492	0.0157965485
0	0.0026397509	0.3672203739	0.0157964007	0.0001390765	0.6142043981
0	0.3990114232	0.3759307585	0.1475639277	0.0593234491	0.0181704414
0	0.5757838835	0.1533955868	0.0041943027	0.2244283224	0.0421979046
0	0.6309091896	0.0599671922	0.0053756627	0.2286254465	0.0751225089
0	0.0127240129	0.0131359285	0.0024004794	0.7998400605	0.1718995187
0	0.2383823904	0.0000044837	0.4733553277	0.0265221011	0.2617356971
0	0.9216838298	0.0584899793	0.0010108388	0.0090228720	0.0097924801
0	0.1709866246	0.0020110684	0.0999604020	0.7266363573	0.0004055476
1	0.7537236210	0.0000858819	0.0808994126	0.0857244693	0.0795666151
0	0.1496402421	0.8326524197	0.0000013152	0.0037525329	0.0139534902
0	0.0189174673	0.1120042235	0.4558694361	0.4054906811	0.0077181920
0	0.2176058492	0.1550514564	0.2172677318	0.3634301042	0.0466448585
0	0.0719765559	0.5420250801	0.1098775495	0.2615981479	0.0145226665
0	0.0830800140	0.0000000000	0.4973897462	0.3820017225	0.0375285173
0	0.0000074617	0.0441546930	0.9141389738	0.0416916454	0.0000072262
1	0.3456432232	0.4272962056	0.2269764677	0.0000785049	0.0000055986
0	0.3753947427	0.2301781446	0.2926403816	0.1017867311	0.0000000000
0	0.0017232540	0.7775692983	0.0458387166	0.0915204270	0.0833483041
0	0.2918133494	0.1698712793	0.0360970359	0.2267345661	0.2754837693
0	0.1874654551	0.0023193053	0.5975013952	0.1277545003	0.0849593441
0	0.0000000000	0.0000004137	0.3092443952	0.4254466153	0.2653085759
0	0.1502251010	0.1162979739	0.3138284875	0.2525621107	0.1670863268
1	0.1555198436	0.8288893335	0.0094196756	0.0000000000	0.0061711472
0	0.0047662932	0.0782989844	0.7676033375	0.1126805615	0.0366508233
0	0.0479998044	0.8510415602	0.0000005117	0.0055327639	0.0954253597
0	0.2005340864	0.4403005365	0.2791724705	0.0396646224	0.0403282842
0	0.2455887161	0.0755439573	0.2294304156	0.1576114622	0.2918254489
0	0.0395760710	0.0580441140	0.6529614935	0.2326650111	0.0167533104
0	0.1401887264	0.5570252014	0.0000000001	0.0000021216	0.3027839505
0	0.2037577878	0.0033754991	0.0173714631	0.5928732951	0.1826219549
0	0.0040959144	0.1000028104	0.7121200969	0.1837811783	0.0000000000
0	0.2021290027	0.2342579449	0.5516634408	0.0044333528	0.0075162588
0	0.2034451437	0.4623535977	0.2675025937	0.0106513398	0.0560473251
0	0.0249437415	0.2361320965	0.2126898914	0.1096604902	0.4165737804
0	0.7777628227	0.0016583184	0.1578813198	0.0566957104	0.0060018288
0	0.2937700191	0.3985757079	0.0034217742	0.3041630964	0.0000694023
0	0.0109078528	0.0021667616	0.0373888966	0.3070502097	0.6424862792
0	0.0000000111	0.5316210053	0.0011700458	0.3611557981	0.1060531398
0	0.0003893253	0.0314662417	0.6394594807	0.2963855015	0.0322994508
0	0.0926279568	0.1230250299	0.0001913844	0.0002729775	0.7838826513
0	0.2037113091	0.6059320408	0.0345545510	0.1558015616	0.0000005376
0	0.1977313314	0.0000000026	0.6899143758	0.0673742255	0.0449800647
0	0.2558188611	0.2933912966	0.0200085806	0.0408998548	0.3898814069
0	0.0000000000	0.0000002265	0.0947452704	0.9052545032	0.0000000000
0	0.0027551446	0.0000000034	0.2046689453	0.7925758170	0.0000000896
0	0.0842838284	0.0000000000	0.6721001720	0.2353570522	0.0082589474
0	0.0813507745	0.5288954523	0.0831857593	0.0255976690	0.2809703449
1	0.3054595457	0.6554685327	0.0296370553	0.0007506468	0.0086842196
