0	0.1807510021	0.0000000899	0.1837383160	0.6355105920	0.0000000000
0	0.0634724547	0.0257285511	0.0228395718	0.0060291989	0.8819302236
0	0.6605808204	0.0002042287	0.1865503888	0.0870212051	0.0656433569
0	0.3258773120	0.0183540327	0.2751921999	0.2262981465	0.1542783090
0	0.5517439109	0.2040378218	0.1374159920	0.0640865841	0.0427156912
1	0.0017021808	0.9823357460	0.0110101749	0.0000000234	0.0049518749
0	0.4637043412	0.0029157882	0.0170308701	0.0019548670	0.5143941335
0	0.0056269644	0.3473160108	0.0000011918	0.5946438679	0.0524119650
2	0.0371840166	0.9329606916	0.0246967849	0.0000117061	0.0051468008
0	0.1386486405	0.3467919521	0.0351779088	0.1300874734	0.3492940251
0	0.3701832885	0.3387546355	0.1971909941	0.0938710818	0.0000000000
0	0.1482563231	0.0000000021	0.1689121939	0.0034430246	0.6793884563
0	0.0356059326	0.0034258647	0.0027840909	0.6955173407	0.2626667712
1	0.0112923154	0.7230682346	0.0600796123	0.0003549807	0.2052048569
0	0.6928598505	0.1531886012	0.1003682960	0.0535693877	0.0000138646
1	0.0186596285	0.5768892962	0.3371406862	0.0038967590	0.0634136301
0	0.6520028091	0.0089587732	0.1784759140	0.0000005380	0.1605619656
0	0.0927729728	0.7853999562	0.0000009407	0.1208811465	0.0009449838
0	0.0006486183	0.0535663000	0.0003848431	0.1878342394	0.7575659992
0	0.0000000684	0.0032686092	0.5876990450	0.3086132588	0.1004190186
0	0.0013088321	0.2795243268	0.4296351606	0.2250848143	0.0644468662
0	0.4503295556	0.0624679232	0.0398966982	0.0203898979	0.4269159250
0	0.0540199246	0.0000004226	0.0167074455	0.9034840846	0.0257881228
0	0.0146197946	0.0440097366	0.7594689828	0.0007755348	0.1811259512
0	0.9066425594	0.0137898387	0.0142392224	0.0592063873	0.0061219922
0	0.0000000086	0.9039007342	0.0000000007	0.0954277850	0.0006714714
0	0.2186620558	0.1368063456	0.0496752370	0.5664999392	0.0283564225
0	0.0408065921	0.0020133633	0.9541113020	0.0000000000	0.0030687426
0	0.0615316538	0.0026568044	0.8448189276	0.0139776003	0.0770150140
0	0.0125538237	0.0000000000	0.8579212626	0.0498729775	0.0796519362
1	0.0230696205	0.2214991856	0.5332111838	0.0569702152	0.1652497949
0	0.8493011820	0.0156023782	0.0552954144	0.0305702536	0.0492307718
0	0.3050726576	0.2083544601	0.0052903961	0.3712313848	0.1100511015
0	0.4565066753	0.1957729856	0.0809812994	0.0002897781	0.2664492616
0	0.0524018293	0.0000028326	0.2579696252	0.4477049209	0.2419207921
0	0.8533965542	0.1452546337	0.0000000000	0.0013488107	0.0000000014
0	0.1963962507	0.1264699564	0.1625314826	0.0014018561	0.5132004542
0	0.0076437081	0.0429384159	0.5664711266	0.0003052807	0.3826414688
0	0.4569961468	0.0520361662	0.0188427841	0.0480206986	0.4241042042
1	0.0314683093	0.5991283098	0.3670310833	0.0000145801	0.0023577175
0	0.0000776392	0.0162921201	0.0001572529	0.2176119079	0.7658610798
0	0.5728074556	0.3128621019	0.0967171974	0.0074830695	0.0101301757
0	0.2033374398	0.0037870177	0.1856788427	0.0492285977	0.5579681020
0	0.1959602316	0.2040246905	0.4291245455	0.0845074613	0.0863830711
0	0.4976661551	0.1272797112	0.0949803803	0.2752938581	0.0047798953
0	0.0000006203	0.0293002578	0.8406640657	0.1270765629	0.0029584933
0	0.1374695303	0.7325804957	0.0133143786	0.0012969230	0.1153386725
0	0.4857644829	0.0000005020	0.1542069559	0.3538611382	0.0061669210
0	0.3532994355	0.0015942844	0.2648692905	0.3802369896	0.0000000000
0	0.5326144599	0.3498040382	0.0280128421	0.0177610550	0.0718076048
0	0.5856112268	0.0208683009	0.0000002784	0.3892981558	0.0042220381
0	0.3845467729	0.3513316398	0.0091593642	0.1294643004	0.1254979227
0	0.0009939077	0.2730758393	0.6715012256	0.0073753509	0.0470536765
0	0.0000000000	0.8392071758	0.0048792508	0.0000000000	0.1559135734
0	0.0944763337	0.0083164483	0.2954674347	0.0558291020	0.5459106813
0	0.7034379485	0.0627110805	0.0000000000	0.0000000000	0.2338509709
0	0.0165768453	0.3132598250	0.5377120784	0.0908477363	0.0416035150
0	0.0031110866	0.0592012118	0.8086763279	0.0000000000	0.1290113737
0	0.3652624363	0.0000000000	0.6194855590	0.0152460837	0.0000059210
0	0.0449044730	0.1844365141	0.5349676632	0.0375551920	0.1981361576
0	0.1444452259	0.0066946041	0.4450940173	0.4037342588	0.0000318938
0	0.0227573246	0.0778149411	0.7135727135	0.1602773179	0.0255777029
0	0.4505270409	0.3565170497	0.0119622359	0.0101443899	0.1708492837
1	0.0203690995	0.9471869270	0.0121007018	0.0000025061	0.0203407655
0	0.2184284330	0.1353635337	0.0353109408	0.6108970924	0.0000000000
0	0.7133659295	0.0000047120	0.0002422672	0.2213053159	0.0650817754
0	0.8216716477	0.0328141900	0.1385278019	0.0059011256	0.0010852347
1	0.0297911947	0.8818045699	0.0876367561	0.0000022388	0.0007652405
0	0.1981664667	0.0000002811	0.1596810308	0.6418008893	0.0003513320
1	0.0200227808	0.7745604196	0.1685716077	0.0047088409	0.0321363509
0	0.0000000000	0.7199425434	0.1237951472	0.0947310476	0.0615312618
0	0.0003111694	0.1951913927	0.0348082166	0.0330467321	0.7366424891
0	0.0091868599	0.0260929601	0.1146028077	0.4665215002	0.3835958721
0	0.1191676955	0.0000000015	0.8613497401	0.0194823211	0.0000002419
0	0.2820102822	0.3071572753	0.2524560575	0.0241583574	0.1342180275
0	0.0568274827	0.3705356675	0.4753105515	0.0933245329	0.0040017653
0	0.7454186436	0.0000416850	0.0096451245	0.2400715000	0.0048230470
0	0.0196067741	0.0224033669	0.0013180890	0.1397124245	0.8169593455
0	0.1117178379	0.7778709636	0.0000000981	0.0000000300	0.1104110704
0	0.4317361219	0.1198637774	0.0054641257	0.3768066860	0.0661292890
0	0.4731235724	0.5266113199	0.0002594271	0.0000015734	0.0000041072
0	0.0310049743	0.0368085386	0.1422873453	0.7898987663	0.0000003754
0	0.0215649525	0.7380176006	0.0145376284	0.2151850708	0.0106947477
0	0.8842921037	0.0000000000	0.0127991219	0.0170233053	0.0858854692
0	0.9687771767	0.0022534512	0.0240529419	0.0000000000	0.0049164302
0	0.2208855857	0.3719111121	0.0214672431	0.0012395957	0.3844964634
0	0.0280578831	0.8857552220	0.0269851207	0.0407396394	0.0184621349
0	0.0026938614	0.9961479528	0.0009742776	0.0000000000	0.0001839083
0	0.0001543646	0.6377876229	0.0034740673	0.3568544979	0.0017294473
0	0.1688885678	0.2022540983	0.0162575984	0.3556190626	0.2569806730
0	0.8068158577	0.0008452489	0.0500461659	0.0456664334	0.0966262940
0	0.3196175776	0.3620120816	0.1806178374	0.0845301210	0.0532223823
0	0.0928678496	0.0628593596	0.0767580828	0.5307679015	0.2367468065
0	0.0000000034	0.0066514277	0.0070594927	0.8735305603	0.1127585159
0	0.1506395540	0.1700093631	0.4225179507	0.0384474848	0.2183856474
0	0.0280450999	0.4652050545	0.1834496760	0.1076379701	0.2156621994
0	0.2520225565	0.6467560546	0.0040895222	0.0082067339	0.0889251327
0	0.0588986645	0.0000000466	0.3882123246	0.0613610570	0.4915279072
0	0.2116316836	0.2551600748	0.2825570347	0.0124446082	0.2382065988
0	0.0000000002	0.0000000000	0.0486335739	0.2038947142	0.7474717118
