0	0.0169132118	0.7063827196	0.0002370774	0.0005230374	0.2759439538
0	0.0984888940	0.3763337773	0.1935804435	0.3227790195	0.0088178657
0	0.0524171434	0.3634880732	0.1595010144	0.2381743383	0.1864194307
0	0.3236847309	0.1010737768	0.1207281106	0.0000000000	0.4545133817
0	0.0173026417	0.0859721859	0.1131069433	0.7201659447	0.0634522844
0	0.4476676413	0.0004413719	0.0604279807	0.4469875743	0.0444754319
0	0.8349217295	0.1489981817	0.0007709144	0.0022109684	0.0130982060
0	0.1868316956	0.5201693471	0.0099920900	0.2696501400	0.0133567273
2	0.0473426226	0.9425919927	0.0079177212	0.0001027212	0.0020449422
0	0.1659494933	0.2015827757	0.0688207556	0.5636469742	0.0000000012
0	0.4413038796	0.0516435785	0.0007390932	0.4841011620	0.0222122866
0	0.0318690874	0.0144150873	0.5697654997	0.0286586714	0.3552916542
1	0.0118875723	0.1815080855	0.5577047231	0.0000584044	0.2488412148
0	0.0000026745	0.0007050009	0.7431233746	0.1630557056	0.0931132445
0	0.0000348570	0.1531521578	0.0378458672	0.5629310683	0.2460360497
0	0.0649977573	0.2223828190	0.0195319445	0.0306282319	0.6624592472
0	0.0764379122	0.1113538355	0.2115482458	0.5509486978	0.0497113087
0	0.0639184955	0.3014534027	0.4243927103	0.0016769649	0.2085584267
0	0.0098279567	0.1949378865	0.1291055142	0.6661286427	0.0000000000
0	0.0003632704	0.0010635803	0.7916535325	0.1773579325	0.0295616844
0	0.1665973115	0.0001071387	0.1120286621	0.0000000000	0.7212668877
0	0.2811018661	0.2022836142	0.0011138803	0.1388524293	0.3766482102
0	0.0032641909	0.0762362811	0.8914811481	0.0076850884	0.0213332914
2	0.0009581339	0.9110686153	0.0031468468	0.0848114491	0.0000149548
0	0.1380637040	0.3248744463	0.5078994417	0.0001028364	0.0290595715
0	0.4506161777	0.0105443767	0.1347632451	0.1534279649	0.2506482356
0	0.0016643548	0.0000000236	0.0000000000	0.0413684036	0.9569672180
0	0.0463031582	0.0000000000	0.0024078798	0.9512889466	0.0000000154
0	0.0420971291	0.0530102471	0.1308134343	0.7124368100	0.0616423796
0	0.1242807339	0.0708991444	0.7737772001	0.0049118257	0.0261310959
0	0.0343707106	0.2549417575	0.6886669760	0.0220205512	0.0000000046
0	0.0000000014	0.7078576187	0.0989238002	0.0251935415	0.1680250381
0	0.0942567769	0.1494935972	0.2380468342	0.5111071809	0.0070956108
0	0.3854895899	0.0001690111	0.0261864548	0.1619992879	0.4261556562
0	0.0783064813	0.0016640995	0.0000306679	0.9199124603	0.0000862910
0	0.0002347315	0.9170213922	0.0237982450	0.0000347179	0.0589109134
0	0.0002407963	0.2024924630	0.0231429399	0.6583043065	0.1158194943
0	0.0004986497	0.8614750167	0.0170663228	0.0976384644	0.0233215465
0	0.0023276640	0.0968845215	0.1252178073	0.0126765766	0.7628934306
0	0.0468904261	0.3539163047	0.5703801921	0.0000000077	0.0288130695
0	0.0073389034	0.5026012032	0.1458227419	0.3420736286	0.0021635229
0	0.0223626394	0.1128046040	0.5275935780	0.1211560551	0.2160831235
0	0.3916110367	0.1273383589	0.0000000220	0.0017606820	0.4792899005
0	0.7057507466	0.0556459468	0.0104278817	0.2281750233	0.0000004016
0	0.0062339163	0.0025596661	0.3092589997	0.6347911317	0.0471562861
0	0.5214703967	0.3084394330	0.0279061617	0.1400130874	0.0021709213
0	0.0005774859	0.4030500660	0.1083469508	0.0408998105	0.4471256867
0	0.1306113231	0.6205537082	0.0871600790	0.1574096910	0.0042651987
0	0.2165382632	0.7162210153	0.0153097005	0.0000000019	0.0519310191
0	0.0774077186	0.3244804106	0.0698072511	0.2080812543	0.3202233654
0	0.0343393890	0.8841574751	0.0159477286	0.0272198838	0.0383355234
0	0.0130131079	0.4542987705	0.4223666079	0.0000006194	0.1103208943
1	0.4845440587	0.0000006756	0.3322580604	0.0000924248	0.1831047805
0	0.0000000000	0.0000342129	0.2267710046	0.0216194333	0.7515753492
0	0.2906770852	0.3479358323	0.1885522447	0.0000000000	0.1728348379
0	0.4501638329	0.1735279649	0.0836837945	0.2920155818	0.0006088258
0	0.4182865197	0.0957241254	0.2077165602	0.2023807873	0.0758920074
1	0.0011387790	0.5767214858	0.2722239213	0.0012394403	0.1486763736
0	0.0000575488	0.0000581467	0.0064857839	0.7877790528	0.2056194678
0	0.0000000333	0.0000005497	0.0000289040	0.9674505008	0.0325200121
0	0.0028979627	0.0119085053	0.7942775057	0.1731679951	0.0177480313
0	0.0529329933	0.2818447442	0.0733212647	0.5918779910	0.0000230069
1	0.1098967178	0.1966737977	0.6804474275	0.0100426923	0.0029393647
0	0.0265542580	0.5429204001	0.0169281539	0.0005260371	0.4130711509
0	0.0072524222	0.3414914632	0.6512561146	0.0000000000	0.0000000000
0	0.0636071448	0.3374658865	0.0302951369	0.2660235448	0.3026082869
0	0.0574814884	0.7650510044	0.0789136597	0.0787188940	0.0198349534
0	0.2031135158	0.0658834532	0.0002506712	0.2766736678	0.4540786919
0	0.0770151638	0.0468332297	0.8082721479	0.0090494140	0.0588300445
0	0.4053878269	0.0000000000	0.0219938525	0.5565553088	0.0160630118
0	0.2299857588	0.0000159081	0.5673979321	0.2015553417	0.0010450593
0	0.3967636581	0.2387133301	0.0280789550	0.0008380977	0.3356059591
1	0.4454266004	0.5100578267	0.0436781901	0.0008318015	0.0000055813
0	0.5251984230	0.0000000000	0.0837531856	0.1165029549	0.2745454365
0	0.0850908761	0.1538110788	0.1662718105	0.5300119767	0.0648142578
0	0.0035107286	0.0815705577	0.9145454427	0.0003628032	0.0000104677
1	0.4742449165	0.3118258212	0.2139292616	0.0000000006	0.0000000001
0	0.4478491610	0.0340526551	0.0011489659	0.2590936758	0.2578555422
0	0.1807162897	0.0000328186	0.3813034192	0.0000000002	0.4379474723
0	0.0078684090	0.1349594720	0.0117901710	0.0084789419	0.8369030060
0	0.0000568567	0.0000000094	0.0960355022	0.7222006420	0.1817069897
0	0.0000028203	0.3810671392	0.0007518297	0.0116075570	0.6065706538
0	0.0310805913	0.0962012157	0.0036177046	0.0057820872	0.8633184012
0	0.8457889908	0.1153036550	0.0000000000	0.0254274867	0.0134798675
1	0.0000737685	0.7031429491	0.1926225752	0.0356653418	0.0684953654
0	0.0782144275	0.0001019060	0.0107438275	0.7662978830	0.1446419559
0	0.0878242693	0.6505022911	0.0624699084	0.1718022060	0.0274013253
0	0.0893141189	0.8770612787	0.0004920507	0.0011709856	0.0319615662
0	0.0908906558	0.1835543043	0.6858107694	0.0262010630	0.0135432076
0	0.4238681847	0.0350413589	0.0879228528	0.0262103563	0.4269572473
0	0.1609740278	0.3793873911	0.4167502519	0.0418559902	0.0010323391
0	0.0237498638	0.5126228260	0.3984575688	0.0507789588	0.0143907826
0	0.0115332625	0.0305991787	0.9150197640	0.0364461677	0.0064016271
0	0.1323588239	0.3868043653	0.4709926192	0.0075157857	0.0023284058
0	0.7345795028	0.0131740477	0.0087301703	0.2398472372	0.0036690420
0	0.3852758477	0.4269699095	0.0077215046	0.0029605119	0.1770722263
0	0.0000000037	0.3995869626	0.3756182136	0.1967115001	0.0280833201
0	0.0458858831	0.1107483211	0.1806640929	0.0000399787	0.6626617242
0	0.0000029534	0.0431527627	0.7883896600	0.1684546223	0.0000000016
0	0.0596905001	0.4660124402	0.0154371969	0.0576015403	0.4012583225
