1	0.0682931398	0.8138481751	0.1178586851
1	0.0000000847	0.0000008775	0.9999990378
0	0.5375139954	0.4624860046	0.0000000000
0	0.1871765684	0.8128234156	0.0000000160
2	0.0000409153	0.9998568926	0.0001021921
0	0.8996417410	0.0017543520	0.0986039070
0	0.9005575339	0.0178935643	0.0815489019
0	0.5331627347	0.0194668328	0.4473704325
0	0.1587366574	0.6216084071	0.2196549356
0	0.1359906483	0.8504676199	0.0135417317
0	0.0581769037	0.9410798829	0.0007432134
0	0.1619385656	0.8000235795	0.0380378548
1	0.6656649861	0.0272315918	0.3071034221
0	0.9759104102	0.0004314246	0.0236581652
0	0.9531816714	0.0369301717	0.0098881568
0	0.2547497701	0.7451978746	0.0000523553
0	0.4240796833	0.1554298467	0.4204904700
0	0.9687315960	0.0312684040	0.0000000000
0	0.2414695866	0.3006302526	0.4579001608
0	0.0000008687	0.0836803039	0.9163188274
0	0.6163111473	0.3321544712	0.0515343815
0	0.0102589355	0.8587621677	0.1309788968
0	0.0043979786	0.3917317759	0.6038702456
0	0.9913940449	0.0000021186	0.0086038365
0	0.0058171786	0.2694077232	0.7247750983
0	0.9925911270	0.0000151346	0.0073937383
0	0.0425469158	0.9478213546	0.0096317296
1	0.9999986331	0.0000013376	0.0000000293
1	0.0871818006	0.0563885969	0.8564296025
0	0.0920220810	0.3252558860	0.5827220330
0	0.9265985340	0.0362209265	0.0371805395
0	0.9756052232	0.0243947767	0.0000000000
0	0.9907198939	0.0092801061	0.0000000000
0	0.0000000000	0.0012542829	0.9987457171
1	0.2942805943	0.4627850568	0.2429343489
0	0.8406776410	0.0482821624	0.1110401967
0	0.9961856928	0.0034586706	0.0003556366
0	0.6821349019	0.0000000441	0.3178650540
0	0.3851039807	0.0354278197	0.5794681996
0	0.0182057224	0.0144074788	0.9673867988
0	0.1763362385	0.0000000000	0.8236637615
0	0.3659653828	0.0199679932	0.6140666241
0	0.0000000003	0.0897852194	0.9102147804
0	0.0000000032	0.0000134915	0.9999865054
1	0.7948689792	0.1772114598	0.0279195610
1	0.4968350574	0.1286350156	0.3745299270
0	0.9900438500	0.0000479224	0.0099082275
0	0.3676373458	0.0000002721	0.6323623821
0	0.3740632698	0.0383075915	0.5876291387
0	0.7933449461	0.1856646534	0.0209904005
0	0.0000000000	0.4757765877	0.5242234123
0	0.4281357726	0.0064463627	0.5654178646
0	0.2857423078	0.0190170717	0.6952406205
0	0.5316801342	0.0000000000	0.4683198658
0	0.4459839587	0.0726721657	0.4813438757
0	0.0218916519	0.4085307444	0.5695776038
1	0.0238032214	0.6599487696	0.3162480090
0	0.3371391448	0.0618300209	0.6010308343
0	0.0057330069	0.7066932268	0.2875737663
1	0.1711423609	0.8223539886	0.0065036506
0	0.7137625581	0.0060032275	0.2802342144
0	0.0271401714	0.0932017125	0.8796581161
0	0.0222436349	0.0000604061	0.9776959590
0	0.9898596074	0.0000172907	0.0101231018
0	0.1931154920	0.0000000000	0.8068845080
0	0.0122396669	0.7798320890	0.2079282441
0	0.9857998790	0.0008951085	0.0133050125
0	0.2965064406	0.0000000760	0.7034934834
0	0.3901007180	0.6098992820	0.0000000000
0	0.6646234993	0.3281014098	0.0072750909
0	0.0357569433	0.6283505598	0.3358924969
0	0.9054331340	0.0199624199	0.0746044461
1	0.9451162381	0.0063257214	0.0485580405
0	0.1210668122	0.8788199437	0.0001132441
0	0.5061787713	0.0000137019	0.4938075268
1	0.5380409531	0.4565784386	0.0053806083
0	0.0148012511	0.0000001870	0.9851985619
0	0.3753582259	0.6098036500	0.0148381240
1	0.2667950942	0.7036289111	0.0295759947
0	0.8178989257	0.0000634816	0.1820375926
0	0.6805505282	0.3194494718	0.0000000000
0	0.7703096775	0.0461037901	0.1835865324
0	0.9887595040	0.0112404960	0.0000000000
0	0.9841197058	0.0000000000	0.0158802942
0	0.9987023427	0.0000000000	0.0012976573
0	0.7182798483	0.0697669243	0.2119532274
0	0.3730744282	0.3341537971	0.2927717746
0	0.2608430552	0.2359411430	0.5032158017
0	0.8463903556	0.0000551397	0.1535545047
0	0.0308510919	0.3049636391	0.6641852690
0	0.9651572976	0.0348427024	0.0000000000
1	0.5765964989	0.1058207166	0.3175827844
1	0.9993611101	0.0000712256	0.0005676643
0	0.3152426767	0.1946762034	0.4900811199
0	0.0391290433	0.0007280791	0.9601428776
0	0.5318606690	0.0000032165	0.4681361145
0	0.9304180877	0.0172066461	0.0523752662
0	0.6776936042	0.1431442333	0.1791621626
0	0.9524341685	0.0475658315	0.0000000000
0	0.4282173512	0.4166060389	0.1551766099
