0	0.1080624558	0.1384541667	0.7534833775
0	0.4393534782	0.1653656714	0.3952808503
0	0.0805123103	0.2250135852	0.6944741045
0	0.8332829225	0.1663758582	0.0003412193
0	0.0001395421	0.3024994947	0.6973609632
1	0.1964262708	0.5379272604	0.2656464688
0	0.0092829873	0.1647284550	0.8259885577
0	0.6923621469	0.2491828443	0.0584550089
0	0.2084373469	0.2545089191	0.5370537339
1	0.1627712499	0.6345822020	0.2026465482
0	0.7814504084	0.2174892897	0.0010603018
0	0.6167034459	0.0223367065	0.3609598476
0	0.8919799224	0.1074104506	0.0006096270
0	0.2117556199	0.4162772449	0.3719671352
0	0.8909620614	0.0514735756	0.0575643629
0	0.8722907016	0.0017175411	0.1259917573
0	0.2606234855	0.7393764331	0.0000000815
1	0.0353309193	0.0310290560	0.9336400246
0	0.0122581180	0.9600809723	0.0276609097
0	0.9851977557	0.0146665532	0.0001356911
0	0.3028301140	0.4666120978	0.2305577881
1	0.6084379909	0.1000427829	0.2915192261
0	0.0106030453	0.0629932802	0.9264036745
1	0.9877191162	0.0121890284	0.0000918554
0	0.0002975898	0.1409920545	0.8587103556
0	0.1143523054	0.0347807319	0.8508669626
0	0.5026077026	0.0000000280	0.4973922693
0	0.6832576383	0.0844447265	0.2322976352
0	0.0109642443	0.0882578855	0.9007778702
0	0.9325152839	0.0674747004	0.0000100156
0	0.8427671696	0.1510229998	0.0062098306
0	0.5567500567	0.2175427766	0.2257071667
0	0.0000106714	0.1645534284	0.8354359003
1	0.0067900818	0.6943364806	0.2988734376
0	0.3702938903	0.0087920982	0.6209140115
0	0.2575064466	0.6025386507	0.1399549027
0	0.6495006621	0.0000000000	0.3504993379
1	0.2430998700	0.7038927619	0.0530073681
1	0.0526428483	0.0121864299	0.9351707219
0	0.5909512750	0.0195752030	0.3894735220
0	0.0000000000	0.0046507701	0.9953492299
0	0.9999564449	0.0000062619	0.0000372932
0	0.3363199044	0.0087973083	0.6548827872
0	0.1360910818	0.0197840741	0.8441248440
0	0.2739295054	0.0000000001	0.7260704945
1	0.2221784641	0.0776311674	0.7001903685
0	0.5461692148	0.4538307852	0.0000000000
1	0.9897271522	0.0000494036	0.0102234443
1	0.3131984480	0.5423146638	0.1444868882
0	0.9468912836	0.0483089930	0.0047997234
0	0.6804886576	0.0511734873	0.2683378551
1	0.9428763945	0.0000506242	0.0570729813
0	0.9272996061	0.0727003938	0.0000000001
0	0.8360484878	0.0001308689	0.1638206433
0	0.6573774716	0.2148123499	0.1278101784
0	0.8398238133	0.1465039152	0.0136722715
0	0.0200951410	0.0800944690	0.8998103900
0	0.0024245980	0.8962317997	0.1013436023
0	0.0184650365	0.0077441352	0.9737908282
2	0.7574067539	0.2425915814	0.0000016647
0	0.9718857616	0.0118394994	0.0162747390
0	0.9926850637	0.0073149363	0.0000000000
1	0.8386817486	0.0000000086	0.1613182428
1	0.1800626878	0.1896082538	0.6303290583
0	0.8741812320	0.0397739787	0.0860447893
1	0.3697436860	0.6110850743	0.0191712397
0	0.0964822536	0.1021604465	0.8013572999
0	0.9800674194	0.0000146544	0.0199179262
0	0.0173139753	0.9820796171	0.0006064076
0	0.3655924787	0.4819827556	0.1524247658
0	0.8069507370	0.0085737436	0.1844755194
0	0.0193792274	0.0890433377	0.8915774348
0	0.0000000000	0.1063124981	0.8936875019
1	0.5900863892	0.0409788215	0.3689347893
0	0.1597902736	0.0013226423	0.8388870841
0	0.0038678136	0.6998414025	0.2962907839
1	0.0912205740	0.6958986929	0.2128807331
0	0.9925731331	0.0039665511	0.0034603157
2	0.5575823574	0.3904722636	0.0519453790
0	0.0782025375	0.8285468613	0.0932506011
0	0.3295575570	0.0321566075	0.6382858355
0	0.4501442584	0.1163671775	0.4334885641
0	0.0000026368	0.8983192133	0.1016781499
0	0.1493964917	0.0069290256	0.8436744827
0	0.7056457171	0.2843553888	0.0099988940
0	0.0707698959	0.5777128907	0.3515172133
0	0.6980557506	0.3019442494	0.0000000000
0	0.5534306911	0.4128883835	0.0336809254
1	0.3463164948	0.6536834198	0.0000000855
0	0.6872802182	0.0000006027	0.3127191791
0	0.9984683009	0.0015293413	0.0000023578
0	0.2679448774	0.0436018528	0.6884532699
0	0.7779976506	0.0184795239	0.2035228255
1	0.3837845126	0.1039979472	0.5122175401
0	0.0005969461	0.0000000212	0.9994030327
0	0.1939503863	0.0445085972	0.7615410165
0	0.3815008987	0.2936800151	0.3248190863
0	0.0885118134	0.4349245937	0.4765635929
1	0.8940890698	0.0304935913	0.0754173389
1	0.0684324152	0.6434733361	0.2880942486
