0	0.0128654604	0.0706839642	0.9164505754
1	0.0973773859	0.6407434881	0.2618791260
0	0.0487510475	0.0000000098	0.9512489427
0	0.0936023352	0.0482873114	0.8581103534
1	0.6973183522	0.2721816385	0.0305000092
0	0.3442404057	0.4444388064	0.2113207879
0	0.9993693862	0.0006257694	0.0000048444
0	0.8995031866	0.0000000325	0.1004967809
1	0.2672755988	0.7327244012	0.0000000000
0	0.0224411574	0.2694905735	0.7080682691
0	0.0575040841	0.8098923774	0.1326035386
0	0.0744437642	0.5360903955	0.3894658402
2	0.0749284534	0.0001173754	0.9249541712
0	0.2479327831	0.0000000000	0.7520672169
0	0.5079534339	0.0393649157	0.4526816504
0	0.3539538175	0.1753370345	0.4707091479
1	0.2543001642	0.1099567128	0.6357431230
0	0.2015337897	0.0909488231	0.7075173872
0	0.0007339205	0.2500496110	0.7492164685
0	0.9141826612	0.0117608190	0.0740565198
0	0.8323691292	0.0406392171	0.1269916537
1	0.0895778888	0.8771318922	0.0332902190
0	0.1968593709	0.0779081830	0.7252324460
0	0.8486356475	0.0000000000	0.1513643525
1	0.5552949781	0.0000696068	0.4446354151
0	0.1511751964	0.7103845040	0.1384402995
0	0.9321413388	0.0017552293	0.0661034318
0	0.9331196468	0.0003873449	0.0664930083
0	0.0523233266	0.7004087503	0.2472679230
0	0.0204882105	0.9795117895	0.0000000000
1	0.0531257146	0.9463570575	0.0005172279
1	0.5612029061	0.1659926476	0.2728044463
0	0.0174873857	0.9339457133	0.0485669010
1	0.0000030398	0.6806373183	0.3193596420
2	0.0180630887	0.0000000001	0.9819369112
0	0.8590511422	0.0219464644	0.1190023934
0	0.7044736826	0.0224981345	0.2730281829
0	0.1250258110	0.0002575375	0.8747166515
0	0.9980475274	0.0000113586	0.0019411140
0	0.4632149739	0.4346826928	0.1021023333
0	0.8200340751	0.0000167475	0.1799491774
0	0.1509886467	0.4498046936	0.3992066597
0	0.1057767476	0.8942231519	0.0000001004
0	0.4091397896	0.0337519699	0.5571082405
1	0.9786893110	0.0020783814	0.0192323076
0	0.9593926724	0.0000000000	0.0406073276
0	0.8988241266	0.1006583499	0.0005175235
1	0.7347871818	0.0015113506	0.2637014676
0	0.0953344896	0.4152535526	0.4894119579
0	0.7173094909	0.0000000968	0.2826904123
0	0.3049222195	0.3464423430	0.3486354376
0	0.4871019684	0.0000000086	0.5128980229
0	0.0685712892	0.4596743062	0.4717544047
0	0.0095395535	0.0001179035	0.9903425429
0	0.0939409048	0.9054702006	0.0005888946
0	0.2853131222	0.7146868777	0.0000000000
0	0.4383955771	0.0963413923	0.4652630306
0	0.3433747416	0.0009817001	0.6556435583
0	0.5505075696	0.0000000517	0.4494923787
0	0.8442161337	0.1279219993	0.0278618670
0	0.7430984966	0.2405002402	0.0164012632
1	0.9885464424	0.0088975982	0.0025559594
0	0.2672297881	0.0412874354	0.6914827765
1	0.0704645913	0.9295314881	0.0000039206
0	0.3755641112	0.6066119112	0.0178239776
0	0.5254690573	0.0000000323	0.4745309104
0	0.0019078777	0.0298597314	0.9682323910
0	0.2696829860	0.0092170273	0.7210999867
2	0.8986810305	0.0021661466	0.0991528229
0	0.2184300934	0.2478982748	0.5336716318
0	0.7996889646	0.1559885419	0.0443224935
1	0.2755522108	0.2158194719	0.5086283173
1	0.0000008309	0.9999991691	0.0000000000
0	0.4536911375	0.4254650091	0.1208438534
0	0.0000000562	0.9999999438	0.0000000000
0	0.9968239127	0.0000000000	0.0031760873
0	0.0478387236	0.4560605721	0.4961007043
0	0.4928043645	0.1289785549	0.3782170806
1	0.5910842280	0.0177342212	0.3911815508
0	0.4164924492	0.1751563738	0.4083511770
0	0.5826449364	0.1738012062	0.2435538575
0	0.2747929353	0.0000289235	0.7251781412
0	0.7083277374	0.0093074166	0.2823648460
0	0.2653475148	0.0168485102	0.7178039750
0	0.0326982775	0.8917792726	0.0755224499
0	0.0009947595	0.5312373417	0.4677678988
0	0.0000000000	0.1115423813	0.8884576187
1	0.0839917362	0.0070828867	0.9089253771
0	0.5145617818	0.0023869698	0.4830512484
0	0.0000000029	0.0340291610	0.9659708362
0	0.0121443053	0.9878556947	0.0000000000
0	0.6768003393	0.1213168476	0.2018828132
0	0.7572498405	0.0430079240	0.1997422356
0	0.9863168741	0.0096602763	0.0040228496
1	0.0000000048	0.0008899183	0.9991100769
0	0.6831283510	0.0532352775	0.2636363716
0	0.6406966463	0.2711305449	0.0881728088
0	0.0058879920	0.0591842289	0.9349277791
1	0.2436608666	0.0146907891	0.7416483443
0	0.2811379756	0.0800485191	0.6388135053
