0	0.0000009206	0.0005778985	0.9994211809
0	0.5013646137	0.0516046203	0.4470307660
0	0.0000124569	0.0396609385	0.9603266046
0	0.0001438253	0.7078897240	0.2919664508
1	0.2052845549	0.3748548399	0.4198606052
0	0.5415441413	0.1270193680	0.3314364907
0	0.9872339686	0.0121109286	0.0006551029
1	0.3044418508	0.0151067666	0.6804513826
1	0.0166549049	0.0005263572	0.9828187378
0	0.2189367716	0.7620154045	0.0190478239
0	0.9450488279	0.0504261544	0.0045250177
0	0.9490036780	0.0025869383	0.0484093837
0	0.2563373112	0.0856859888	0.6579767000
0	0.0596558291	0.2949452493	0.6453989216
0	0.1029565580	0.8847237108	0.0123197312
1	0.0430126285	0.9566771906	0.0003101809
0	0.2928544300	0.0000003876	0.7071451824
0	0.5902251390	0.2251161285	0.1846587325
0	0.1839180990	0.0063619524	0.8097199486
0	0.7251610634	0.0007692685	0.2740696681
0	0.0933368021	0.1762535119	0.7304096860
0	0.9573000460	0.0017875473	0.0409124067
0	0.4465825302	0.3614678399	0.1919496299
0	0.2999893175	0.0354640498	0.6645466327
0	0.9350573166	0.0418415363	0.0231011471
0	0.9962717396	0.0008864652	0.0028417952
0	0.0066569092	0.0491057241	0.9442373667
0	0.9993860666	0.0006139334	0.0000000000
0	0.8508815060	0.0003041127	0.1488143813
0	0.6763615165	0.0760243840	0.2476140995
0	0.6099330108	0.3899453657	0.0001216235
0	0.5609150367	0.0489082247	0.3901767386
1	0.0005505851	0.1852050802	0.8142443347
0	0.4997813385	0.4239415381	0.0762771234
0	0.4234354842	0.0000015944	0.5765629214
0	0.6439744404	0.2612790797	0.0947464799
0	0.9688631479	0.0091686585	0.0219681937
1	0.9784549001	0.0001004455	0.0214446543
0	0.2573141737	0.1274691498	0.6152166765
1	0.1101968958	0.8897592250	0.0000438791
1	0.5815747001	0.0985148869	0.3199104129
0	0.0963930222	0.8640334848	0.0395734930
0	0.0604380269	0.7784660862	0.1610958869
0	0.0010353207	0.9038948323	0.0950698470
0	0.6384985992	0.3091007580	0.0524006428
0	0.8557073716	0.0136097377	0.1306828906
0	0.8464262004	0.0485222720	0.1050515276
0	0.9506651299	0.0159119573	0.0334229128
0	0.1315511902	0.3813611403	0.4870876695
0	0.1304710339	0.0010614210	0.8684675452
2	0.0300900962	0.1208087227	0.8491011811
0	0.3161206947	0.4506239786	0.2332553266
1	0.6212208863	0.0061905240	0.3725885897
0	0.3668488367	0.3334783321	0.2996728313
0	0.1833580151	0.6264984185	0.1901435665
1	0.4798912362	0.5154694815	0.0046392823
0	0.0000004764	0.8723466479	0.1276528757
0	0.0184625543	0.5673730158	0.4141644299
1	0.0021993137	0.9818051266	0.0159955597
0	0.8889501147	0.0000000079	0.1110498774
1	0.0000103917	0.5498856475	0.4501039609
0	0.7917153785	0.1265876966	0.0816969248
0	0.9981158951	0.0006171365	0.0012669685
0	0.9656940306	0.0300378740	0.0042680954
0	0.9415074486	0.0584925141	0.0000000373
0	0.3215298606	0.0678316212	0.6106385182
0	0.9149006684	0.0000000445	0.0850992870
1	0.8128654395	0.0046185073	0.1825160532
0	0.9309411029	0.0240870985	0.0449717986
1	0.8291821786	0.1386640672	0.0321537541
0	0.8949260426	0.0996846240	0.0053893334
1	0.4613500589	0.1918317762	0.3468181650
0	0.6235776464	0.0352260764	0.3411962773
0	0.0014538022	0.1045633888	0.8939828090
0	0.2128348434	0.7864165370	0.0007486196
0	0.1403383937	0.8595684628	0.0000931435
0	0.3542672737	0.0001243368	0.6456083895
0	0.4536505939	0.0000000000	0.5463494061
0	0.0525311443	0.9474688552	0.0000000005
1	0.5124153466	0.1580019882	0.3295826652
0	0.6837623988	0.0837970100	0.2324405912
0	0.9726224641	0.0246367855	0.0027407503
0	0.6737657219	0.1513852696	0.1748490084
0	0.7683849134	0.0000034885	0.2316115981
0	0.8802295547	0.1197673939	0.0000030514
0	0.9917678453	0.0000000000	0.0082321547
0	0.1682651492	0.3259496897	0.5057851611
0	0.0952480983	0.8728965816	0.0318553200
0	0.0467264648	0.0715194671	0.8817540681
0	0.7636349569	0.0809142239	0.1554508191
0	0.2594310962	0.0927537400	0.6478151639
0	0.0131306322	0.0349259082	0.9519434596
0	0.1446680144	0.4870557073	0.3682762783
0	0.2635729815	0.6428549764	0.0935720421
1	0.0093724086	0.0222733390	0.9683542525
0	0.0757148447	0.9157429930	0.0085421623
0	0.9992605625	0.0007394375	0.0000000000
0	0.4006293963	0.5989808305	0.0003897732
1	0.9280477880	0.0244856663	0.0474665456
1	0.8346755828	0.0000000000	0.1653244172
