0	0.6622312686	0.0000000004	0.3377687310
0	0.4080623283	0.0337595025	0.5581781692
0	0.1720058120	0.0068752216	0.8211189664
0	0.2899835382	0.0005730468	0.7094434150
0	0.7415055298	0.2555370138	0.0029574564
0	0.4083674619	0.4370224337	0.1546101043
1	0.9367098669	0.0632533377	0.0000367954
0	0.8092806198	0.1622999385	0.0284194417
0	0.0002542631	0.7066489358	0.2930968011
0	0.9941805824	0.0000066291	0.0058127885
0	0.9489346801	0.0000000000	0.0510653199
0	0.2958165770	0.2441104891	0.4600729339
1	0.9854914500	0.0116374803	0.0028710697
0	0.0731285427	0.5829573862	0.3439140711
0	0.0971803943	0.7545718548	0.1482477508
0	0.0531602982	0.0084856857	0.9383540161
0	0.4048614875	0.0001248747	0.5950136378
0	0.3646620086	0.0011805687	0.6341574226
0	0.0623638691	0.2320410833	0.7055950475
0	0.4786396531	0.0495526340	0.4718077128
1	0.7259999080	0.0000000000	0.2740000920
1	0.9582076088	0.0416980761	0.0000943152
0	0.1719493227	0.5571139608	0.2709367165
0	0.9866910364	0.0023598977	0.0109490659
2	0.0000000000	0.9664070687	0.0335929313
0	0.6514807785	0.1565619425	0.1919572790
1	0.7907399873	0.2071029587	0.0021570540
0	0.8006510670	0.0000192680	0.1993296650
0	0.8491821200	0.0000023897	0.1508154902
1	0.2317267992	0.0096248955	0.7586483053
0	0.3610379374	0.2639992090	0.3749628537
0	0.1310258368	0.6717810908	0.1971930724
0	0.0505898730	0.9494101238	0.0000000033
0	0.4696542770	0.3632079769	0.1671377461
0	0.5582927167	0.0000000054	0.4417072779
0	0.8807853131	0.1192146869	0.0000000000
0	0.5798661836	0.4201338070	0.0000000094
1	0.8322488405	0.1525638715	0.0151872880
1	0.4459336797	0.3996128429	0.1544534774
0	0.9102687062	0.0897312938	0.0000000000
0	0.0010521826	0.8920181075	0.1069297099
0	0.4025937181	0.1544556096	0.4429506724
0	0.0008854605	0.9985095504	0.0006049891
0	0.0988576668	0.2661543760	0.6349879572
0	0.0672650267	0.0337879111	0.8989470622
0	0.0048353823	0.2052856850	0.7898789328
1	0.2727525244	0.7033422615	0.0239052140
0	0.1237545782	0.0207231294	0.8555222924
0	0.6458543095	0.2991904234	0.0549552671
2	0.0031622210	0.8701843142	0.1266534648
0	0.2282893096	0.5232855631	0.2484251274
0	0.1982598910	0.6768757653	0.1248643436
0	0.0011537555	0.0000576116	0.9987886329
0	0.0468059349	0.0986905961	0.8545034690
0	0.8272198583	0.1508967815	0.0218833602
0	0.6800571504	0.1435221348	0.1764207148
0	0.4705395454	0.3612914495	0.1681690051
0	0.9207669459	0.0790317818	0.0002012724
0	0.0013212030	0.3509325809	0.6477462161
0	0.7112984403	0.1763683336	0.1123332261
0	0.4397269587	0.0011811519	0.5590918893
0	0.7751547463	0.2107369173	0.0141083363
1	0.4322461495	0.4229195901	0.1448342605
0	0.0375639142	0.9436350560	0.0188010299
0	0.2764976391	0.0210624827	0.7024398782
0	0.7525333199	0.0000000175	0.2474666625
1	0.7872232521	0.0000505313	0.2127262165
0	0.6670950258	0.2001260532	0.1327789210
1	0.9300589003	0.0000083147	0.0699327849
1	0.0964676453	0.4994780246	0.4040543301
0	0.4570067230	0.0000000000	0.5429932770
1	0.2225905886	0.7631960683	0.0142133431
2	0.5105342761	0.3544303988	0.1350353251
0	0.7761389719	0.0000068917	0.2238541364
0	0.0410191648	0.8727421270	0.0862387083
0	0.0000000000	0.8394309974	0.1605690025
0	0.9999867671	0.0000124832	0.0000007497
0	0.0101555144	0.8622732368	0.1275712488
1	0.0030408279	0.3001373965	0.6968217756
1	0.0667163773	0.9331179803	0.0001656424
0	0.9531586574	0.0431078820	0.0037334606
0	0.0027271584	0.0539647492	0.9433080924
0	0.9859614298	0.0129141053	0.0011244649
0	0.0429949018	0.0041284028	0.9528766954
0	0.9461563008	0.0074385262	0.0464051730
0	0.8893513379	0.0478763926	0.0627722695
0	0.3009346515	0.6980100488	0.0010552997
1	0.0675322991	0.0081754852	0.9242922157
2	0.8340528371	0.1337635365	0.0321836264
0	0.0739138723	0.0013386752	0.9247474525
1	0.0035716503	0.0131844246	0.9832439251
0	0.2195979346	0.7804002459	0.0000018194
1	0.0218514984	0.9781469490	0.0000015526
0	0.7481976283	0.1447103623	0.1070920094
0	0.0000687022	0.9939627174	0.0059685804
1	0.9999722022	0.0000172153	0.0000105825
0	0.5251228339	0.4632156430	0.0116615231
0	0.3789723234	0.5407038984	0.0803237782
0	0.9721231127	0.0004354200	0.0274414672
0	0.0076460962	0.1154749928	0.8768789109
