0	0.4856862220	0.0000000000	0.5143137780
0	0.2328990700	0.6942594816	0.0728414484
0	0.3299578621	0.2705257178	0.3995164201
0	0.9388043008	0.0000004597	0.0611952395
0	0.0006466674	0.0002828018	0.9990705308
1	0.8804850758	0.0000000002	0.1195149240
0	0.6168827237	0.2590921190	0.1240251572
0	0.0000000000	0.1539379510	0.8460620490
0	0.3779490937	0.0006952385	0.6213556678
0	0.9931272403	0.0068727597	0.0000000000
0	0.0098917254	0.0508905793	0.9392176953
0	0.7986645276	0.0845699177	0.1167655548
0	0.9631096440	0.0099178703	0.0269724858
0	0.6158651918	0.3800322806	0.0041025276
1	0.0750330106	0.6174067215	0.3075602678
0	0.2463915376	0.0617156270	0.6918928355
0	0.3811792643	0.0192525952	0.5995681405
0	0.2660205922	0.0027535229	0.7312258849
0	0.4508565892	0.0344247153	0.5147186955
0	0.1330463653	0.0000000206	0.8669536141
0	0.7993356012	0.1994779823	0.0011864165
0	0.2153675736	0.0030961326	0.7815362938
0	0.0030454909	0.9961735270	0.0007809821
1	0.2608963260	0.6788744395	0.0602292344
0	0.9258484694	0.0737435603	0.0004079702
0	0.4997600705	0.2317849688	0.2684549607
0	0.9991363822	0.0000000000	0.0008636178
1	0.0589314125	0.0000000123	0.9410685751
0	0.7701369734	0.0037277549	0.2261352716
0	0.6698062326	0.3301937674	0.0000000000
0	0.9541996691	0.0213196020	0.0244807289
0	0.0192254342	0.0849550854	0.8958194804
0	0.8834724031	0.0010201977	0.1155073992
0	0.1696344044	0.8287293331	0.0016362625
0	0.4041337413	0.4156240389	0.1802422197
0	0.0207999942	0.3629361021	0.6162639037
1	0.8154779247	0.0000039610	0.1845181143
0	0.8290246126	0.1283795921	0.0425957953
0	0.7730351548	0.2258151928	0.0011496524
0	0.0983567968	0.6618080654	0.2398351378
1	0.3988902384	0.5184794154	0.0826303462
0	0.0001167794	0.0899242403	0.9099589802
0	0.0001741128	0.0000003763	0.9998255109
0	0.8937737028	0.0877992793	0.0184270180
0	0.5974696690	0.1773989965	0.2251313345
0	0.2766129599	0.7065210921	0.0168659480
0	0.9232573873	0.0744352751	0.0023073376
1	0.3388559945	0.0006757029	0.6604683026
0	0.8530076667	0.1469893976	0.0000029357
0	0.0904611663	0.7774150600	0.1321237738
0	0.3669157821	0.2667084179	0.3663758000
0	0.4307916754	0.0306419614	0.5385663632
0	0.9999657629	0.0000297386	0.0000044984
0	0.9755489469	0.0000000259	0.0244510271
0	0.2395013636	0.0000000000	0.7604986364
0	0.3420093646	0.0720974876	0.5858931478
0	0.8946190525	0.1053809475	0.0000000000
0	0.0870064888	0.1255652197	0.7874282915
1	0.2592853574	0.5549783348	0.1857363078
0	0.0002678287	0.5626991778	0.4370329935
0	0.5761779734	0.1807722937	0.2430497329
0	0.6251424615	0.3450145688	0.0298429697
0	0.3792902911	0.5778499214	0.0428597875
1	0.5670506835	0.2969270947	0.1360222218
0	0.0306923290	0.0000000008	0.9693076702
2	0.3099820403	0.0000000439	0.6900179158
0	0.7455663588	0.2085197951	0.0459138461
0	0.1106224601	0.0398469666	0.8495305733
0	0.0810472822	0.9189527138	0.0000000039
0	0.7103030311	0.1037681531	0.1859288158
0	0.0289718307	0.0000000000	0.9710281693
0	0.9764469122	0.0233026945	0.0002503934
0	0.0000735589	0.5347908743	0.4651355668
0	0.5703063607	0.3916617174	0.0380319218
0	0.5832766026	0.3916092244	0.0251141731
0	0.8672722303	0.0091494461	0.1235783236
0	0.4705149786	0.5261864480	0.0032985734
0	0.5707906208	0.1667681651	0.2624412141
0	0.6269305179	0.0083314417	0.3647380404
0	0.1116360175	0.4970754318	0.3912885506
1	0.7588896912	0.2409589145	0.0001513943
0	0.2275059120	0.4524384160	0.3200556720
0	0.9231694766	0.0591046533	0.0177258702
1	0.8203157673	0.0864647787	0.0932194540
0	0.1310565692	0.1723150662	0.6966283646
1	0.4462599247	0.0756108916	0.4781291837
0	0.1303705812	0.2106769974	0.6589524214
0	0.6848102136	0.0799674490	0.2352223374
0	0.0710097468	0.0000000136	0.9289902395
0	0.1583189502	0.4029722228	0.4387088270
0	0.9967882498	0.0001734374	0.0030383129
0	0.0617450594	0.0293398639	0.9089150767
1	0.4191423759	0.5085150072	0.0723426169
0	0.3969221737	0.4405310621	0.1625467642
1	0.9973862565	0.0019014168	0.0007123268
0	0.5649305740	0.2437615993	0.1913078267
0	0.4455729630	0.0339569750	0.5204700620
0	0.9999948767	0.0000051233	0.0000000000
0	0.1020574721	0.1544751412	0.7434673867
1	0.9873047683	0.0000875127	0.0126077190
