0	0.5047125607	0.0000000003	0.4952874390
0	0.7063573239	0.2671951347	0.0264475415
0	0.0246271074	0.1450447669	0.8303281257
0	0.4601827560	0.5395430770	0.0002741670
0	0.0157759773	0.0930583298	0.8911656929
0	0.4332702199	0.5621070768	0.0046227033
0	0.0278554798	0.0177257165	0.9544188037
0	0.0000000998	0.7991216210	0.2008782792
1	0.0063592940	0.0237896179	0.9698510882
0	0.8459694607	0.1345292920	0.0195012473
0	0.9340185128	0.0000004022	0.0659810849
1	0.6864704129	0.1554511079	0.1580784793
0	0.0000000000	0.0000000286	0.9999999714
1	0.7022538484	0.0066723089	0.2910738427
0	0.9177187361	0.0758259782	0.0064552857
0	0.2266215479	0.7733784521	0.0000000000
1	0.7453284207	0.2136232997	0.0410482796
2	0.1658493016	0.8341506984	0.0000000000
0	0.2819960707	0.0000000771	0.7180038522
0	0.5735006544	0.0586199044	0.3678794413
0	0.0000000000	0.9034091386	0.0965908614
0	0.3001938223	0.3905290241	0.3092771536
0	0.6616864371	0.3383135629	0.0000000000
0	0.9175745235	0.0335224886	0.0489029879
0	0.9316174280	0.0001120385	0.0682705335
0	0.9498101150	0.0105679965	0.0396218885
2	0.0288513044	0.4776549036	0.4934937920
0	0.9854298640	0.0000000732	0.0145700628
0	0.9558408709	0.0360182224	0.0081409067
0	0.7812339896	0.0797041161	0.1390618943
0	0.9999947292	0.0000052708	0.0000000000
0	0.5722373636	0.0052289628	0.4225336736
0	0.9997411689	0.0000005843	0.0002582467
0	0.9403626382	0.0596243735	0.0000129883
1	0.0269855613	0.0000000000	0.9730144387
0	0.0000000000	0.8540700356	0.1459299643
0	0.9911233034	0.0005753022	0.0083013944
0	0.1588934302	0.8411065156	0.0000000542
0	0.0871742651	0.0757858375	0.8370398974
0	0.0452575362	0.8224192647	0.1323231991
0	0.0015657397	0.9984266275	0.0000076328
1	0.9636799549	0.0001729052	0.0361471399
0	0.9600468206	0.0286757596	0.0112774198
0	0.1148958771	0.8850838510	0.0000202720
1	0.0921368993	0.6230992488	0.2847638518
0	0.9999285553	0.0000714439	0.0000000009
0	0.1742433504	0.5296208373	0.2961358123
1	0.7074260789	0.2154621429	0.0771117782
0	0.9881300013	0.0107878917	0.0010821070
0	0.7761110991	0.2238889009	0.0000000000
0	0.0698307241	0.1225164118	0.8076528641
0	0.8836530520	0.0094472068	0.1068997412
0	0.0000000000	0.8871160842	0.1128839158
0	0.0400907942	0.5061910000	0.4537182058
0	0.8585927376	0.1396752650	0.0017319973
0	0.0816222223	0.0353407539	0.8830370238
1	0.7600124661	0.0839511084	0.1560364256
1	0.2367429578	0.0402425238	0.7230145184
0	0.4348077835	0.0262172111	0.5389750053
1	0.8578779795	0.1389906281	0.0031313924
0	0.8800701550	0.0000000000	0.1199298450
0	0.8238222742	0.1588174663	0.0173602594
0	0.0000206329	0.0000738977	0.9999054694
0	0.7887590413	0.0342082554	0.1770327033
0	0.2820464977	0.7164541481	0.0014993542
0	0.0000000000	0.2260727627	0.7739272373
0	0.0000137039	0.0368177174	0.9631685787
0	0.7015012414	0.0011460094	0.2973527492
0	0.5410170785	0.1741690404	0.2848138811
0	0.4059403836	0.0040442433	0.5900153731
0	0.8913342789	0.0988705212	0.0097951999
1	0.0023318717	0.9920103185	0.0056578098
1	0.1242246795	0.0172953752	0.8584799453
0	0.0441817073	0.2248204702	0.7309978226
0	0.9999868630	0.0000130942	0.0000000428
0	0.0415420469	0.4744064847	0.4840514684
0	0.1528198179	0.0000482610	0.8471319210
0	0.0066978846	0.3572429555	0.6360591600
0	0.1138284046	0.1704608186	0.7157107768
0	0.1380452144	0.0785614945	0.7833932911
0	0.6504693209	0.0508661474	0.2986645316
0	0.5073508614	0.4461292682	0.0465198704
0	0.9678037992	0.0321233699	0.0000728309
0	0.0496055189	0.0000099898	0.9503844913
0	0.0000000025	0.0500411585	0.9499588389
0	0.5694829527	0.3472008527	0.0833161947
1	0.2242638074	0.7392143583	0.0365218343
0	1.0000000000	0.0000000000	0.0000000000
0	0.8299642901	0.0919416307	0.0780940792
0	0.0523543795	0.0182954782	0.9293501423
1	0.2238020765	0.0006180904	0.7755798330
0	0.8491596372	0.0000007597	0.1508396030
0	0.8250064062	0.0002760725	0.1747175213
0	0.9434588854	0.0000000000	0.0565411146
1	0.1121635669	0.0315901234	0.8562463098
0	0.0947626976	0.9049223114	0.0003149910
0	0.5492350146	0.4505503011	0.0002146843
0	0.0277873533	0.0716804772	0.9005321695
0	0.1161957123	0.8838042877	0.0000000000
0	0.2136243400	0.7415945608	0.0447810992
