0	0.9954763240	0.0012217583	0.0033019176
0	0.0075310252	0.8486996833	0.1437692915
0	0.0029670242	0.9508265892	0.0462063867
0	0.0597872478	0.6377825318	0.3024302204
0	0.6488263717	0.1592220305	0.1919515978
2	0.1562461584	0.8177633012	0.0259905403
0	0.3358845716	0.0382673794	0.6258480490
0	0.3002105334	0.5533006654	0.1464888013
1	0.3921823289	0.5743582452	0.0334594259
1	0.6562591361	0.0000060087	0.3437348552
0	0.4311841741	0.5431209281	0.0256948978
0	0.0019615097	0.0000000000	0.9980384903
0	0.8566634918	0.1414115534	0.0019249548
0	0.2094386530	0.0000000000	0.7905613470
1	0.1126518109	0.7937635645	0.0935846246
0	0.0013600217	0.0479332125	0.9507067658
0	0.0553282224	0.0002115441	0.9444602335
0	0.0045901291	0.0000062264	0.9954036446
1	0.1807634353	0.3552332250	0.4640033398
0	0.9852099626	0.0000788069	0.0147112305
1	0.9694147372	0.0000000000	0.0305852628
0	0.0802448319	0.8858421315	0.0339130365
0	0.5549234469	0.1162760514	0.3288005017
0	0.0011194675	0.2031722895	0.7957082429
0	0.1899194805	0.3578021986	0.4522783210
0	0.2939789103	0.4598247765	0.2461963131
0	0.1822379390	0.8176292201	0.0001328409
0	0.2735335655	0.6923616835	0.0341047510
1	0.3274291337	0.6725677550	0.0000031113
0	0.9291689858	0.0370337024	0.0337973118
0	0.5764325642	0.0792653425	0.3443020933
0	0.2568931999	0.7431016203	0.0000051797
0	0.0226595152	0.0038633378	0.9734771470
0	0.9152251173	0.0714548449	0.0133200378
0	0.9999938637	0.0000061357	0.0000000006
0	0.0003562472	0.9992652354	0.0003785173
0	0.0000032047	0.0000009371	0.9999958582
0	0.8328430385	0.1658376447	0.0013193168
0	0.6424313777	0.0000472395	0.3575213828
0	0.9320697765	0.0498592561	0.0180709674
0	0.8642799348	0.0002151758	0.1355048894
0	0.8346635197	0.1650694107	0.0002670697
0	0.6604292081	0.0236696469	0.3159011450
0	0.6374677929	0.2796531389	0.0828790681
0	0.8053831773	0.1945827887	0.0000340341
0	0.0000000001	0.0101240998	0.9898759002
2	0.8865746743	0.0889748267	0.0244504990
0	0.0575717734	0.0000000000	0.9424282266
0	0.9999345123	0.0000000000	0.0000654877
1	0.9503657401	0.0002256510	0.0494086088
0	0.7356136822	0.1949403811	0.0694459367
0	0.8114796332	0.0060633882	0.1824569786
0	0.0269031075	0.0160121893	0.9570847032
0	0.7856630197	0.0000623708	0.2142746095
1	0.0002200624	0.9997799376	0.0000000000
0	0.0663881403	0.0150700559	0.9185418038
0	0.2815333333	0.3781663417	0.3403003250
0	0.9999420149	0.0000579754	0.0000000097
1	0.3957542001	0.4294844972	0.1747613027
0	0.9532060071	0.0466965376	0.0000974552
0	0.2175478115	0.0000006934	0.7824514951
0	0.4963778613	0.5034254255	0.0001967132
0	0.7961377964	0.2038622033	0.0000000003
0	0.0575910634	0.0423368252	0.9000721114
0	0.3824912700	0.0274093907	0.5900993393
0	0.9438452871	0.0434245677	0.0127301452
0	0.0609859201	0.7781439012	0.1608701787
0	0.8176638823	0.1543547699	0.0279813478
0	0.8768250835	0.1231749165	0.0000000000
0	0.1952574949	0.1528570555	0.6518854496
0	0.2693214175	0.7306005850	0.0000779974
1	0.6662726846	0.1540839303	0.1796433851
1	0.9046353310	0.0197566552	0.0756080139
0	0.4792704808	0.0000000000	0.5207295192
0	0.0002371220	0.6058590411	0.3939038369
0	0.0813574426	0.0425141963	0.8761283611
0	0.9547629904	0.0000000000	0.0452370096
1	0.8177276701	0.1710179796	0.0112543503
0	0.8177953199	0.0380129436	0.1441917365
0	0.0136152035	0.5335810557	0.4528037408
0	0.9388981450	0.0375308471	0.0235710079
0	0.1285998971	0.1934322950	0.6779678079
2	0.9987026202	0.0000295885	0.0012677913
0	0.0079198613	0.5379693575	0.4541107812
0	0.0479778575	0.0000457372	0.9519764054
0	0.6528623814	0.0812719659	0.2658656527
0	0.4128073571	0.4429474228	0.1442452201
0	0.7487421310	0.0000000004	0.2512578686
0	0.9566837937	0.0409661783	0.0023500280
0	0.1793948258	0.0175755636	0.8030296106
0	0.2143240399	0.0000000405	0.7856759195
1	0.0670981809	0.5761246025	0.3567772166
1	0.0042706724	0.3813029734	0.6144263542
0	0.0672747879	0.5990990495	0.3336261626
0	0.0000000000	0.0062016333	0.9937983667
0	0.9999276197	0.0000000003	0.0000723801
0	0.1781058803	0.6023254454	0.2195686743
0	0.3104884749	0.6814806911	0.0080308340
0	0.8383948003	0.1615952830	0.0000099167
0	0.3755867400	0.1778694639	0.4465437962
