0	0.1208115455	0.5686081066	0.3105803479
0	0.6260098589	0.0001422302	0.3738479109
0	0.0027706457	0.1095027433	0.8877266111
0	0.3056828169	0.5135712538	0.1807459293
2	0.9793856230	0.0205619482	0.0000524289
0	0.4012122190	0.5987863426	0.0000014383
0	0.0057329444	0.1355204550	0.8587466006
0	0.2610958701	0.3124193849	0.4264847449
1	0.8574883675	0.1314059877	0.0111056449
0	0.8671085536	0.0246806422	0.1082108042
0	0.9283966038	0.0681684386	0.0034349576
0	0.3294050241	0.1696021179	0.5009928580
1	0.3000868993	0.6224333991	0.0774797016
0	0.2222605996	0.1957025457	0.5820368547
0	0.0577186464	0.5082201566	0.4340611970
0	0.4241607494	0.0022269676	0.5736122830
0	0.9984121360	0.0001189251	0.0014689390
1	0.0000153152	0.0082867151	0.9916979697
0	0.0975042754	0.0842283592	0.8182673654
0	0.9546559574	0.0453202452	0.0000237974
0	0.2836424990	0.2283693012	0.4879881998
1	0.2842452292	0.0122744111	0.7034803597
0	0.2985096682	0.7003501158	0.0011402160
0	0.1267627172	0.3542496600	0.5189876228
1	0.0305514044	0.0000000000	0.9694485956
0	0.7987066721	0.0705058775	0.1307874504
0	0.5765253249	0.0961879936	0.3272866815
0	0.8532203017	0.0635174359	0.0832622624
0	0.9974842099	0.0025153638	0.0000004263
0	0.1199373993	0.3254330512	0.5546295495
0	0.9742766193	0.0000000000	0.0257233807
0	0.2259451886	0.1523982075	0.6216566039
0	0.7673136049	0.1875725679	0.0451138272
0	0.4560086784	0.0415762008	0.5024151208
1	0.0000000000	0.0314295333	0.9685704667
1	0.9691408174	0.0000000000	0.0308591826
0	0.7571459377	0.1322784801	0.1105755822
0	0.7254611947	0.0007944607	0.2737443446
0	0.0358073540	0.0000000000	0.9641926460
0	0.3119143114	0.6726458400	0.0154398486
1	0.0000000104	0.9541855289	0.0458144607
1	0.5369106117	0.2442895450	0.2187998432
1	0.0063624890	0.0000000002	0.9936375108
0	0.6644264880	0.3354919838	0.0000815282
0	0.7899429934	0.2100570066	0.0000000000
0	0.9942960483	0.0056993024	0.0000046492
0	0.5383966186	0.0014723576	0.4601310239
0	0.9999589696	0.0000125438	0.0000284866
0	0.1358231758	0.0000000000	0.8641768242
0	0.3995527686	0.4122459306	0.1882013008
1	0.9916934431	0.0000000000	0.0083065569
0	0.3581481673	0.0000203531	0.6418314797
0	0.2187005770	0.7572970075	0.0240024156
0	0.0088825972	0.0000004715	0.9911169313
1	0.0241568048	0.8477401502	0.1281030450
0	0.9535563761	0.0000000000	0.0464436239
0	0.6982049037	0.2976151226	0.0041799737
0	0.7176953623	0.1689007131	0.1134039246
0	0.8841427383	0.0001292716	0.1157279901
0	0.0000000000	0.7468167453	0.2531832547
0	0.1518056474	0.5718023503	0.2763920023
0	0.3744698690	0.0336488388	0.5918812921
0	0.8152876957	0.1796677419	0.0050445623
0	0.8960595905	0.0378553491	0.0660850604
0	0.5658210608	0.3901070234	0.0440719158
0	0.0000000716	0.1678619344	0.8321379941
0	0.6175199325	0.0091032730	0.3733767945
0	0.6711088494	0.0121999444	0.3166912062
0	0.9928599654	0.0000000000	0.0071400345
0	0.7302818936	0.2587426004	0.0109755060
0	0.3259475860	0.1187319380	0.5553204760
1	0.6301744192	0.3347916788	0.0350339021
0	0.0100285103	0.9840961451	0.0058753446
1	0.5857686083	0.0262275422	0.3880038495
0	0.9966636249	0.0028883053	0.0004480698
0	0.0675531526	0.0000000000	0.9324468474
0	0.6655568611	0.0003717438	0.3340713951
0	0.0730175658	0.3195700087	0.6074124255
0	0.8732440921	0.1267450933	0.0000108146
0	0.2788471267	0.0003732253	0.7207796480
0	0.0000067261	0.0515169547	0.9484763193
1	0.0433630416	0.3015902876	0.6550466708
0	0.4548779836	0.3361174957	0.2090045207
1	0.4397924891	0.0630782921	0.4971292188
0	0.6384166543	0.3615713732	0.0000119726
0	0.7398174873	0.0615573070	0.1986252057
0	0.5873094437	0.0000000000	0.4126905563
0	0.9071827898	0.0711436578	0.0216735525
0	0.9999865264	0.0000000000	0.0000134736
1	0.0000131494	0.6693000636	0.3306867870
0	0.9217605652	0.0626646523	0.0155747825
0	0.9144990321	0.0311384892	0.0543624787
0	0.9305845723	0.0694154277	0.0000000000
0	0.9225251637	0.0006152968	0.0768595395
0	0.9953938665	0.0001562022	0.0044499312
1	0.2468263390	0.0000000021	0.7531736589
0	0.9820261660	0.0000000000	0.0179738340
0	0.2325942807	0.0000000024	0.7674057169
0	1.0000000000	0.0000000000	0.0000000000
1	0.8046323894	0.1376227291	0.0577448815
