0	0.0303398528	0.4178162443	0.5518439028
0	0.7808608641	0.1441010261	0.0750381098
1	0.9889798164	0.0045183443	0.0065018392
0	0.5535992841	0.4450043793	0.0013963367
1	0.7869296939	0.0000000000	0.2130703061
0	0.9271231205	0.0199773236	0.0528995559
0	0.3885018825	0.1007237801	0.5107743374
0	0.9937908792	0.0000025876	0.0062065332
0	0.1004729189	0.0065853147	0.8929417664
0	0.0874801485	0.6880440752	0.2244757763
0	0.2588277360	0.1193411857	0.6218310782
0	0.5985373391	0.3351672665	0.0662953944
0	0.2169463945	0.0653924140	0.7176611915
0	0.0130020797	0.0611324998	0.9258654206
0	0.7777838245	0.0000000099	0.2222161656
0	0.0451301529	0.9315569516	0.0233128956
0	0.0001208940	0.0000883807	0.9997907254
0	0.5862495776	0.0321820483	0.3815683742
0	0.2574921703	0.7012307529	0.0412770768
0	0.0117418783	0.4986331807	0.4896249410
0	0.0350543010	0.4305507153	0.5343949837
0	0.3146606793	0.0430188832	0.6423204375
0	0.1441378143	0.0033575160	0.8525046697
0	0.8566224576	0.1432386739	0.0001388685
0	0.0000003200	0.0003316414	0.9996680386
1	0.5205960401	0.0000000009	0.4794039590
0	0.4061756653	0.4058726540	0.1879516807
1	0.2121984223	0.5998330557	0.1879685220
0	0.9270366351	0.0729262598	0.0000371052
0	0.0969536429	0.9015502354	0.0014961217
1	0.9167887454	0.0612212193	0.0219900354
0	0.0329122856	0.2156803014	0.7514074129
0	0.9626575635	0.0087581922	0.0285842443
0	0.2916938702	0.1282437697	0.5800623602
0	0.5792575912	0.0008894850	0.4198529238
0	0.5835477830	0.0148198986	0.4016323184
1	0.0816601281	0.9183398719	0.0000000000
0	0.9516940499	0.0054926819	0.0428132681
0	0.2128914023	0.3261593827	0.4609492150
0	0.9796170302	0.0000976238	0.0202853460
0	0.6272409662	0.0435911233	0.3291679106
0	0.5955287569	0.3312187696	0.0732524735
0	0.3151734352	0.0000501947	0.6847763701
1	0.9935931839	0.0063046926	0.0001021234
0	0.8476994840	0.0872730996	0.0650274165
0	0.3851013893	0.0000000000	0.6148986107
1	1.0000000000	0.0000000000	0.0000000000
0	0.1626251596	0.0070935795	0.8302812609
0	0.0745576726	0.3723825055	0.5530598220
0	0.5046009073	0.0128584513	0.4825406414
0	0.0000009044	0.7724979981	0.2275010975
0	0.1605898487	0.6101266537	0.2292834977
0	0.0383146211	0.2578251993	0.7038601796
1	0.8098175769	0.0023059568	0.1878764664
0	0.1651247797	0.8254151159	0.0094601044
0	0.9594356817	0.0023016423	0.0382626760
0	0.9871970385	0.0000976099	0.0127053516
0	0.0378705153	0.7256154640	0.2365140207
0	0.9785267474	0.0214732526	0.0000000000
0	0.0001359169	0.9399016430	0.0599624401
1	0.0000028892	0.0000270969	0.9999700140
0	0.3470583017	0.0000003618	0.6529413365
0	0.8211717859	0.0000001709	0.1788280432
1	0.0004450171	0.0132141666	0.9863408163
0	0.9139102570	0.0208771567	0.0652125863
0	0.5149696720	0.2323145460	0.2527157820
0	0.2009239388	0.7989890775	0.0000869837
0	0.1296577149	0.8703422842	0.0000000009
0	0.0094191780	0.9546208522	0.0359599698
0	0.0314429700	0.0427046332	0.9258523967
0	0.2446431848	0.0054815827	0.7498752325
0	0.0751376966	0.1351067035	0.7897555999
0	0.3588136321	0.3621411331	0.2790452348
0	0.9999947691	0.0000038894	0.0000013416
0	0.0156680603	0.0000000008	0.9843319389
0	0.6148985075	0.3850811274	0.0000203651
0	0.6199814179	0.3301356928	0.0498828893
2	0.0002298754	0.2545978984	0.7451722262
0	0.4377461083	0.5436206847	0.0186332070
0	0.3244413692	0.5085117673	0.1670468634
1	0.8372105444	0.1248662341	0.0379232215
0	0.0221513356	0.9690076976	0.0088409668
0	0.3059515955	0.0000011912	0.6940472133
0	0.3763733154	0.5817820630	0.0418446216
0	0.0003995711	0.0019207929	0.9976796360
0	0.0001653685	0.8736762445	0.1261583870
0	0.5380440072	0.4544111245	0.0075448683
0	0.9268774638	0.0731225362	0.0000000000
0	0.1206288123	0.1775369521	0.7018342356
1	0.2483074624	0.7475902814	0.0041022562
0	0.1638499341	0.2522050363	0.5839450296
0	0.9987899639	0.0010946830	0.0001153532
0	0.1926965572	0.0003778099	0.8069256329
0	0.7917945679	0.2082054321	0.0000000000
0	0.8811292668	0.0000000000	0.1188707332
0	0.8042208946	0.1141552691	0.0816238364
1	0.0564213371	0.0898747037	0.8537039592
0	0.0234505736	0.8028595210	0.1736899054
0	0.8114441110	0.0240831803	0.1644727087
0	0.0389776280	0.0709311352	0.8900912368
