0	0.8167873284	0.0000000000	0.1832126716
0	0.2575260560	0.0505717198	0.6919022242
0	0.5781522895	0.1189713043	0.3028764062
1	0.8134369316	0.1865630684	0.0000000000
0	0.9273303029	0.0636565205	0.0090131766
1	0.6299983408	0.0022231327	0.3677785265
1	0.0000000490	0.0590305993	0.9409693517
0	0.8958874976	0.0254157935	0.0786967089
0	0.3523869282	0.0002594980	0.6473535738
0	0.3983906838	0.3801030500	0.2215062662
0	0.0387409471	0.1766041930	0.7846548599
0	0.4121779376	0.1087831143	0.4790389481
0	0.8699645962	0.0000634111	0.1299719927
0	0.4484898296	0.0000000000	0.5515101704
1	0.0003789991	0.0025462998	0.9970747011
0	0.5824559067	0.1910350537	0.2265090397
0	0.4525472923	0.5474017142	0.0000509936
0	0.6434541574	0.0847670602	0.2717787823
0	0.0014284214	0.5631870646	0.4353845140
0	0.0148652529	0.0603315858	0.9248031613
0	0.9603894513	0.0197748832	0.0198356655
0	0.4075437607	0.0010046997	0.5914515396
0	0.0000970189	0.0730787654	0.9268242157
0	0.0307498956	0.4840588129	0.4851912914
0	0.1609448718	0.8385513803	0.0005037479
0	0.0578771839	0.3292837174	0.6128390987
0	0.9133047406	0.0866951013	0.0000001580
0	0.0066700014	0.8915305223	0.1017994764
1	0.0534989684	0.7259828883	0.2205181433
0	0.2102366705	0.0082138967	0.7815494328
0	0.7555746506	0.0612835911	0.1831417583
0	0.7648166380	0.0252035450	0.2099798170
1	0.0000436262	0.8861356329	0.1138207410
0	0.2112542218	0.6019361853	0.1868095928
0	0.4720017345	0.0302647135	0.4977335520
0	0.0223071337	0.0000067331	0.9776861332
0	0.8539821594	0.0838562189	0.0621616217
0	0.2324458995	0.0000156729	0.7675384276
0	0.9999983361	0.0000000000	0.0000016639
0	0.4931765439	0.0003643153	0.5064591408
1	0.9237970723	0.0000000000	0.0762029277
0	0.3334046878	0.6664331006	0.0001622116
0	0.0237709588	0.9734212944	0.0028077469
0	0.7658563235	0.1683871464	0.0657565301
1	0.0000000000	0.0127104780	0.9872895220
0	0.4269582769	0.0109547319	0.5620869912
0	0.9935782975	0.0005539249	0.0058677775
1	0.6445238425	0.0069038125	0.3485723451
0	0.0113399360	0.9886301956	0.0000298684
0	0.2316342453	0.0000636380	0.7683021167
0	0.6734313493	0.0000000080	0.3265686427
1	0.0018568981	0.6767368562	0.3214062456
1	0.0038102414	0.0000000000	0.9961897586
0	0.0301045467	0.0000025313	0.9698929220
0	0.3224187510	0.1931967245	0.4843845246
0	0.0163689781	0.8730675974	0.1105634245
0	0.9996151889	0.0000012943	0.0003835168
0	0.5925283009	0.1586313535	0.2488403455
0	0.0260109541	0.0124762505	0.9615127954
0	0.0022980681	0.0015449316	0.9961570004
0	0.0204225810	0.0000001960	0.9795772230
1	0.0001306143	0.0000000031	0.9998693826
0	0.9300930502	0.0694360225	0.0004709274
0	0.9944974583	0.0054745859	0.0000279557
0	0.0000698463	0.9999295545	0.0000005991
0	0.0543207846	0.0393641694	0.9063150460
0	0.9922501217	0.0028545378	0.0048953406
1	0.9524485319	0.0241650092	0.0233864589
0	0.8466711496	0.0190671675	0.1342616829
0	0.0024135554	0.2996755937	0.6979108508
0	0.8474901587	0.0353579914	0.1171518499
0	0.9004783809	0.0216635919	0.0778580272
1	0.7451031166	0.0000008386	0.2548960449
0	0.2413712694	0.6929490337	0.0656796969
1	0.1934503585	0.1104161112	0.6961335303
0	0.6758487824	0.2172135107	0.1069377069
0	0.9048809838	0.0884361939	0.0066828223
1	0.8610736102	0.0201263554	0.1188000344
0	0.9976751498	0.0023248501	0.0000000001
1	0.0553379364	0.4946003907	0.4500616729
2	0.0001523340	0.0022279149	0.9976197512
1	0.0244194857	0.0000000000	0.9755805143
0	0.3789601990	0.0139799339	0.6070598671
0	0.9999449800	0.0000550200	0.0000000000
1	0.9704491766	0.0028719093	0.0266789142
1	0.9996943735	0.0000000000	0.0003056265
0	0.6621899785	0.0014651016	0.3363449199
0	0.9230759978	0.0769239542	0.0000000480
0	0.9955754168	0.0044221518	0.0000024314
0	0.9981598092	0.0000000000	0.0018401908
0	0.0096557218	0.4518926638	0.5384516144
0	0.4795593245	0.5021246302	0.0183160452
0	0.6174333204	0.0000000000	0.3825666796
0	0.0342225195	0.9652570159	0.0005204645
0	0.6254278079	0.3138758120	0.0606963801
0	0.9800199264	0.0138017749	0.0061782987
0	0.8055275035	0.0146343604	0.1798381361
0	0.0287331006	0.0105215364	0.9607453631
0	0.7795136974	0.0000954676	0.2203908350
0	0.4339717842	0.0000262675	0.5660019482
