0	0.3537485876	0.6203528363	0.0258985761
0	0.7340751535	0.0353742677	0.2305505788
0	0.3496096782	0.0000488568	0.6503414650
0	0.6628773323	0.0692379381	0.2678847297
0	0.8008235074	0.0000000000	0.1991764926
0	0.0145174690	0.0070635081	0.9784190229
0	0.4789408915	0.1570640435	0.3639950650
1	0.2605428591	0.0004433509	0.7390137900
1	0.2715653926	0.0687704523	0.6596641551
0	0.0045528315	0.0174448478	0.9780023207
0	0.0160880310	0.4885723853	0.4953395837
0	0.4732032294	0.0436288457	0.4831679248
0	0.9505525507	0.0486618009	0.0007856484
1	0.0899619874	0.0000000000	0.9100380126
0	0.8430049317	0.0000382070	0.1569568613
0	0.6020756300	0.1621883484	0.2357360216
1	0.8535607379	0.1249483014	0.0214909607
0	0.8056055436	0.1876519747	0.0067424817
0	0.7338777080	0.0000932016	0.2660290904
0	0.9893252631	0.0040403524	0.0066343845
0	0.0047543866	0.2567418005	0.7385038129
0	0.6291639767	0.1081188025	0.2627172208
0	0.4939638886	0.0411085189	0.4649275925
0	0.6605370671	0.0000000000	0.3394629329
0	0.5704056472	0.3843206925	0.0452736602
1	0.0258342692	0.7350451587	0.2391205721
0	0.0036170756	0.8470927000	0.1492902245
0	0.5342215759	0.2050694196	0.2607090044
0	0.9740765734	0.0195528690	0.0063705576
1	0.5918396376	0.0060853127	0.4020750497
0	0.9867537844	0.0000620834	0.0131841322
0	0.8703185182	0.0629973788	0.0666841030
0	0.9492746898	0.0480709215	0.0026543887
1	0.1319021633	0.2849734931	0.5831243436
0	0.0051833896	0.9948166098	0.0000000006
0	0.8954420221	0.0000000000	0.1045579779
1	0.0333272859	0.0000000000	0.9666727141
0	0.0113680361	0.0351236012	0.9535083627
0	0.8426813798	0.1484296486	0.0088889716
1	0.0000000126	0.0000000000	0.9999999874
1	0.8210356031	0.1360000804	0.0429643165
0	0.6394760703	0.3605239297	0.0000000000
1	0.9256149946	0.0524868569	0.0218981486
0	0.3370501397	0.1096559882	0.5532938721
0	0.7395374816	0.1119183830	0.1485441354
0	0.3820491524	0.0215302995	0.5964205481
0	0.3947234323	0.4553929983	0.1498835694
0	0.2281675770	0.3518859852	0.4199464377
0	0.8364520890	0.1028912541	0.0606566569
0	0.0316360997	0.8785820672	0.0897818331
0	0.9184387579	0.0016088318	0.0799524103
0	0.3670667359	0.5710932108	0.0618400533
0	0.9022004194	0.0125246853	0.0852748953
1	0.0989859359	0.0000278899	0.9009861742
0	0.0003084935	0.0564984471	0.9431930594
1	0.0159582501	0.9771026266	0.0069391233
1	0.5585242871	0.0000000004	0.4414757124
0	0.0720850880	0.2668015947	0.6611133173
1	0.1423128116	0.4298456203	0.4278415681
1	0.8580506585	0.1321762511	0.0097730904
1	0.5179609077	0.0001747561	0.4818643362
1	0.5363646775	0.0420835265	0.4215517960
0	0.1286820242	0.0165692072	0.8547487686
0	0.9569837661	0.0000000000	0.0430162339
0	0.4734041918	0.5081027586	0.0184930495
1	0.9863578135	0.0094102984	0.0042318881
0	0.1333878116	0.0000060376	0.8666061507
0	0.5855821593	0.0703154936	0.3441023470
1	0.6563675564	0.3436324436	0.0000000000
0	0.5585347887	0.4375661724	0.0038990389
0	0.1510815745	0.0543978419	0.7945205836
0	0.8178259290	0.0179795586	0.1641945123
0	0.0263393337	0.0000001028	0.9736605635
1	0.0783232678	0.8634429661	0.0582337661
0	0.0407728905	0.2504399314	0.7087871781
0	0.6890933204	0.3109064792	0.0000002004
0	0.8112962133	0.0772083239	0.1114954629
0	0.9684910687	0.0064753571	0.0250335742
0	0.8286924328	0.0000005930	0.1713069741
0	0.1054285917	0.8837963146	0.0107750938
1	0.9881117726	0.0118879911	0.0000002363
0	0.9847923288	0.0045559985	0.0106516728
0	0.6634081353	0.1640220247	0.1725698400
2	0.6481552276	0.0870363946	0.2648083778
0	0.0221884256	0.0008159188	0.9769956556
1	0.9386879558	0.0000000000	0.0613120442
2	0.0101460290	0.0006879493	0.9891660216
1	0.9105718687	0.0730356481	0.0163924832
0	0.5378660895	0.1272796787	0.3348542318
0	0.0000000000	0.4276244739	0.5723755261
0	0.0746038888	0.9253959627	0.0000001484
0	0.0003516243	0.2176221259	0.7820262498
0	0.0590343965	0.0411930013	0.8997726021
1	0.9689510076	0.0006138408	0.0304351515
0	0.8725684099	0.0006025918	0.1268289983
0	0.0001728156	0.9897030772	0.0101241073
0	0.9675665217	0.0113619592	0.0210715191
0	0.4511091383	0.0625288963	0.4863619654
1	0.2664154212	0.0000000000	0.7335845788
1	0.9290287542	0.0280462355	0.0429250103
