0	0.5028745288	0.0139897647	0.4831357065
0	0.7616710592	0.2183125652	0.0200163756
0	0.1387006092	0.8573522305	0.0039471604
0	0.9937357745	0.0055113288	0.0007528967
1	0.8032083471	0.1685509197	0.0282407333
0	0.4694872477	0.5304891286	0.0000236237
0	0.8894462930	0.1023949762	0.0081587309
0	0.0000899797	0.6333414940	0.3665685263
0	0.3102007720	0.5871405278	0.1026587002
0	0.0641391553	0.3390239557	0.5968368890
0	0.9189508137	0.0071395895	0.0739095968
1	0.8735919550	0.0003435456	0.1260644994
0	0.0038562355	0.9856567555	0.0104870090
0	0.4864606402	0.0000124629	0.5135268970
0	0.9499938157	0.0499989488	0.0000072356
0	0.0000000270	0.9826393220	0.0173606509
1	0.3383053870	0.0539076911	0.6077869218
0	0.8785670216	0.0877736436	0.0336593348
0	0.9029843775	0.0348618011	0.0621538214
0	0.0009283796	0.1242895425	0.8747820779
0	0.0877372237	0.7142386623	0.1980241140
0	0.3282676277	0.0004792915	0.6712530808
0	0.6566836756	0.3433163244	0.0000000000
0	0.9444345719	0.0024887315	0.0530766966
0	0.0001874360	0.4904634092	0.5093491548
0	0.3285824511	0.0000040082	0.6714135407
1	0.0144221514	0.0000178134	0.9855600352
0	0.1439628235	0.0000000000	0.8560371765
1	0.9486635911	0.0172703448	0.0340660641
0	0.5996543196	0.3987303960	0.0016152844
0	0.7230725805	0.2326823195	0.0442451000
0	0.5318089215	0.0861851320	0.3820059464
0	0.0795864192	0.0000000573	0.9204135235
0	0.0455411553	0.5198781557	0.4345806890
0	0.3453224266	0.6083658427	0.0463117306
0	0.0975126572	0.0021447880	0.9003425548
0	0.0934201638	0.0000016524	0.9065781838
0	0.9584868076	0.0000001245	0.0415130679
0	0.6854677283	0.0000021374	0.3145301343
0	0.9851740503	0.0061005586	0.0087253911
1	0.7609988426	0.0000069592	0.2389941982
1	0.3270010239	0.6621324875	0.0108664885
0	0.7819116695	0.2134846344	0.0046036960
0	0.9773517891	0.0061118248	0.0165363861
0	0.8266303926	0.0127906285	0.1605789789
0	0.2214528569	0.0000054994	0.7785416437
0	0.8461386908	0.0004810087	0.1533803005
0	0.8874854859	0.0103616335	0.1021528806
0	0.2533530154	0.4690916300	0.2775553546
0	0.0000555185	0.0294793430	0.9704651385
0	0.8941955058	0.0034949203	0.1023095739
0	0.7306720334	0.2026071996	0.0667207670
0	0.7517293274	0.2249798752	0.0232907974
0	0.4000214287	0.0182689293	0.5817096420
1	0.0007666056	0.1908404793	0.8083929151
0	0.7166898496	0.2665333373	0.0167768131
0	0.1535132883	0.5633857874	0.2831009243
0	0.9824001450	0.0086102011	0.0089896539
0	0.8510941494	0.0016081556	0.1472976950
0	0.9859545938	0.0070079623	0.0070374439
0	0.3817740692	0.3205674063	0.2976585245
0	0.9887097669	0.0003299218	0.0109603113
1	0.0484993825	0.1076421271	0.8438584904
0	0.3357763375	0.6638323753	0.0003912872
0	0.9992840361	0.0000009733	0.0007149906
0	0.1372732679	0.0727556324	0.7899710997
0	0.4274852743	0.5723706166	0.0001441091
0	0.0365285241	0.0180190804	0.9454523955
0	0.0901395271	0.6062644189	0.3035960539
0	0.8518733328	0.1273389541	0.0207877130
0	0.0000000000	0.9890331658	0.0109668342
0	0.8657258330	0.0421457844	0.0921283826
0	0.9999187535	0.0000812465	0.0000000000
0	0.0003374543	0.0000095350	0.9996530106
0	0.3518612828	0.6129838978	0.0351548195
0	0.0709230789	0.2963893852	0.6326875359
0	0.7482012040	0.0120136530	0.2397851429
0	0.4576662130	0.4938524532	0.0484813338
0	0.0004507387	0.9418915887	0.0576576726
0	0.1593644468	0.7679509509	0.0726846023
0	0.0000405225	0.0369144635	0.9630450140
0	0.8520264107	0.0538596933	0.0941138960
0	0.4798973701	0.0234296084	0.4966730215
0	0.9985116258	0.0000000000	0.0014883742
0	0.1518856306	0.8481140847	0.0000002847
2	0.0013105463	0.0000000000	0.9986894537
0	0.9847701359	0.0137184790	0.0015113851
0	0.9404399094	0.0557068017	0.0038532889
1	0.1312907080	0.2543376757	0.6143716164
0	0.1275289762	0.8724583760	0.0000126479
0	0.6267690347	0.3636868125	0.0095441528
1	0.0896574016	0.8337082839	0.0766343145
0	0.0834984124	0.9159172224	0.0005843652
0	0.1856114673	0.1556998414	0.6586886913
0	0.0850717359	0.1544860171	0.7604422470
0	0.8446347047	0.1242191187	0.0311461766
0	0.9313558371	0.0000000000	0.0686441629
0	0.9607178776	0.0077040875	0.0315780349
0	0.6779359712	0.0736900202	0.2483740086
0	0.0025608191	0.0000114676	0.9974277132
