0	0.0140471673	0.9859267909	0.0000260418
0	0.0472325151	0.8531750668	0.0995924181
0	0.1199059363	0.0087369956	0.8713570681
0	0.5798693806	0.0000000000	0.4201306194
0	0.7280222977	0.0015057190	0.2704719833
1	0.8052319014	0.1947669185	0.0000011800
0	0.8107929325	0.0000339089	0.1891731586
1	0.0691210761	0.0004162797	0.9304626441
1	0.9756353832	0.0230628264	0.0013017904
0	0.9859021935	0.0140342595	0.0000635470
0	0.5725453529	0.2090808010	0.2183738462
0	0.0275835727	0.2973662208	0.6750502064
0	0.0000000000	0.2644197879	0.7355802121
0	0.8674327821	0.0201952408	0.1123719771
1	0.9897879682	0.0102117849	0.0000002469
0	0.3258837907	0.6323403897	0.0417758197
0	0.6916758302	0.2071604356	0.1011637342
0	0.9606689704	0.0379236682	0.0014073615
0	0.0688609690	0.5851678479	0.3459711832
0	0.0014384962	0.6512247224	0.3473367815
0	0.2783874242	0.4802344709	0.2413781049
0	0.0799707715	0.2216472413	0.6983819871
0	0.6363935505	0.2735590009	0.0900474486
0	0.0812298713	0.9187697275	0.0000004012
0	0.0001034170	0.2037652860	0.7961312969
0	0.0016933174	0.0856889368	0.9126177459
0	0.0957413525	0.7756370219	0.1286216257
0	0.9781585328	0.0193063454	0.0025351218
0	0.9941111661	0.0058885895	0.0000002444
0	0.0003610873	0.9171068852	0.0825320275
0	0.0250129638	0.1502901556	0.8246968807
0	0.9980628465	0.0000000420	0.0019371115
0	0.1245137567	0.7927758685	0.0827103748
0	0.0099231347	0.0000516682	0.9900251971
0	0.0593944682	0.8118422350	0.1287632968
0	0.1473709058	0.3683524854	0.4842766088
1	0.0000005713	0.2162244257	0.7837750030
0	0.7112208914	0.0307153942	0.2580637144
0	0.4048942244	0.0000000000	0.5951057756
0	0.0177664920	0.8901883191	0.0920451889
0	0.3301825696	0.0910966574	0.5787207729
1	0.9866987167	0.0006477046	0.0126535787
1	0.8002342341	0.1996755079	0.0000902579
0	0.1475574545	0.8524425443	0.0000000012
0	0.0004329887	0.7538780355	0.2456889758
0	0.4324531113	0.1008413545	0.4667055343
0	0.8450157717	0.0991493248	0.0558349034
0	0.6033621153	0.2410849544	0.1555529303
0	0.7147432465	0.1750986218	0.1101581317
0	0.0005070461	0.9993723848	0.0001205691
0	0.3876453597	0.3155380590	0.2968165813
0	0.9498163837	0.0501836163	0.0000000000
0	0.5023830877	0.0605349541	0.4370819581
0	0.9010545153	0.0908246611	0.0081208236
0	0.6985678276	0.0421876905	0.2592444819
0	0.4522082624	0.2320028869	0.3157888506
1	0.0189493171	0.7541581891	0.2268924938
0	0.1200107677	0.7994971695	0.0804920627
0	0.4146071850	0.5432962727	0.0420965423
0	0.9960299734	0.0008702686	0.0030997580
0	0.4401960476	0.0000015593	0.5598023931
0	0.0002533668	0.9812858093	0.0184608239
0	0.2523908173	0.0190647100	0.7285444726
0	0.6255474174	0.2928420496	0.0816105330
0	0.0055728408	0.0004977320	0.9939294272
0	0.5195220539	0.3658148627	0.1146630834
0	0.0016344180	0.2875786348	0.7107869472
0	0.9833475146	0.0121026443	0.0045498411
0	0.5725728026	0.1753919767	0.2520352207
0	0.8960931755	0.0521691870	0.0517376375
0	0.9563371905	0.0008639832	0.0427988263
0	0.9998675366	0.0001324634	0.0000000000
0	0.9846525004	0.0121610583	0.0031864413
0	0.3378723384	0.0435667778	0.6185608838
0	0.8007503851	0.1790561728	0.0201934420
1	0.2420040102	0.7335509220	0.0244450678
0	0.0005310568	0.9983145042	0.0011544390
0	0.7094035014	0.0000077825	0.2905887160
0	0.0365384991	0.9173913959	0.0460701049
1	0.7700527456	0.0419971402	0.1879501142
0	0.3502132344	0.5322267992	0.1175599665
0	0.6199100881	0.3800899119	0.0000000000
0	0.0000021212	0.8070328441	0.1929650347
1	0.5425837693	0.0000000288	0.4574162018
1	0.0028270621	0.6857401044	0.3114328335
0	0.0023636258	0.0015632875	0.9960730866
1	0.1380498721	0.5645095981	0.2974405298
1	0.0009756061	0.9990243442	0.0000000496
0	0.7263187697	0.0375189925	0.2361622379
1	0.0120970686	0.0000000000	0.9879029314
0	0.0556060252	0.0851415744	0.8592524004
0	0.1366485154	0.8615885956	0.0017628890
0	0.9672966048	0.0296476977	0.0030556974
1	0.1170613506	0.0421823073	0.8407563421
0	0.3043194005	0.0000073583	0.6956732412
0	0.4568057528	0.0992122855	0.4439819617
0	0.2269781478	0.7495350162	0.0234868361
0	0.3118963874	0.0005264455	0.6875771671
2	0.3670573984	0.0000085883	0.6329340134
0	0.2736833514	0.0000000000	0.7263166486
