0	0.2059773413	0.0609072273	0.7331154315
0	0.3639900771	0.0000596118	0.6359503111
0	0.5073383993	0.4431620782	0.0494995225
0	0.0006256535	0.9993726237	0.0000017229
0	0.9056206812	0.0290131761	0.0653661428
0	0.9503321768	0.0000007629	0.0496670603
0	0.3172263627	0.1601834039	0.5225902335
0	0.9999769795	0.0000000000	0.0000230205
1	0.0070125672	0.1085019899	0.8844854429
0	0.5500984966	0.0689095713	0.3809919321
0	0.9265928175	0.0734071825	0.0000000000
0	0.6121341857	0.1850642520	0.2028015623
0	0.9991341348	0.0003953376	0.0004705276
1	0.9999995063	0.0000000000	0.0000004937
2	0.0000000006	0.0000000000	0.9999999994
0	0.6607565013	0.0016569257	0.3375865731
1	0.7936573141	0.2063383384	0.0000043474
0	0.5637874197	0.0894965274	0.3467160529
0	0.0355326927	0.2559651967	0.7085021106
0	0.9995712373	0.0000000000	0.0004287627
1	0.8950407260	0.1049589661	0.0000003079
0	0.8729122787	0.0000000003	0.1270877210
0	0.0000000355	0.2044118547	0.7955881099
0	0.5333944885	0.4666055086	0.0000000029
1	0.2118224421	0.7710132011	0.0171643567
0	0.0016169850	0.9566455828	0.0417374322
0	0.0143441880	0.8431421494	0.1425136626
0	0.5071290518	0.0000000000	0.4928709482
1	0.0015961152	0.1024612363	0.8959426485
0	0.0346184575	0.0031549227	0.9622266198
0	0.5530117328	0.1792460271	0.2677422402
0	0.3133893874	0.6228343234	0.0637762892
0	0.5264741243	0.3335392061	0.1399866696
0	0.0056275284	0.9858946154	0.0084778561
1	0.1666188818	0.0739483362	0.7594327820
0	0.0001570639	0.0192652161	0.9805777201
0	0.0000000038	0.9880704148	0.0119295813
0	0.0000000000	0.8417570169	0.1582429831
0	0.6337399859	0.1637249807	0.2025350334
0	0.1109231090	0.1843899984	0.7046868926
0	0.9886525197	0.0041371330	0.0072103472
0	0.0668495685	0.5010677648	0.4320826666
0	0.8260538018	0.0025701677	0.1713760305
0	0.6026503497	0.0359990405	0.3613506098
0	0.9986975075	0.0013024260	0.0000000666
0	0.9887766522	0.0112020209	0.0000213269
0	0.6540017344	0.3320004887	0.0139977769
0	0.7683041354	0.0298870065	0.2018088581
1	0.1100409954	0.0002560819	0.8897029228
1	0.0000000186	0.0307501905	0.9692497908
0	0.5946366042	0.0369756284	0.3683877674
0	0.8203290059	0.0794570181	0.1002139760
1	0.2159097429	0.0016343054	0.7824559517
1	0.0014811352	0.8692317404	0.1292871244
0	0.9731831732	0.0268164061	0.0000004207
0	0.4026375973	0.0570476517	0.5403147510
0	0.8276819302	0.1267492190	0.0455688508
1	0.6391320754	0.0007364412	0.3601314833
0	0.8692482540	0.1283908753	0.0023608707
1	0.0399055599	0.0000182362	0.9600762039
0	0.6169669206	0.0010165033	0.3820165761
0	0.9999862740	0.0000000000	0.0000137259
0	0.3966964304	0.1381234707	0.4651800989
0	0.1161624315	0.0991097582	0.7847278103
0	0.2813863677	0.0224873385	0.6961262938
0	0.0034073178	0.3308948014	0.6656978808
0	0.9524152186	0.0370533012	0.0105314802
0	0.7085161886	0.2914838114	0.0000000000
1	0.9970090542	0.0011237925	0.0018671534
0	0.0007953977	0.9687932454	0.0304113569
0	0.0259114865	0.4252050609	0.5488834525
0	0.9012587683	0.0000000000	0.0987412317
0	0.0126023711	0.0283381590	0.9590594699
0	0.8088543662	0.0550932794	0.1360523544
0	0.0000000000	0.0947127062	0.9052872938
0	0.5776419686	0.0000000000	0.4223580314
1	0.9226538086	0.0773461914	0.0000000000
2	0.0650916890	0.9265192649	0.0083890461
0	0.4883343612	0.0089498079	0.5027158309
0	0.4118855641	0.2738471437	0.3142672922
0	0.0023703858	0.9482713365	0.0493582777
0	0.5985809308	0.2450875425	0.1563315267
0	0.1593892206	0.3073735561	0.5332372233
0	0.1445383114	0.0008100813	0.8546516073
0	0.0842254000	0.8855935112	0.0301810888
0	0.9213457687	0.0031639885	0.0754902428
0	0.9209237471	0.0000028854	0.0790733674
0	0.7113091902	0.0797815180	0.2089092918
0	0.9015118536	0.0981327380	0.0003554084
0	0.6371782040	0.0000000041	0.3628217919
0	0.2965715186	0.7033321942	0.0000962871
0	0.4158302725	0.1677017281	0.4164679994
0	0.9050894740	0.0939899855	0.0009205404
0	0.9949859707	0.0000000001	0.0050140292
0	0.5170748751	0.0054440605	0.4774810644
0	0.9763179232	0.0236820620	0.0000000148
0	0.0033619449	0.8219437318	0.1746943232
0	0.0693198976	0.0275073721	0.9031727304
0	0.8391078244	0.1597267433	0.0011654323
1	0.0100937525	0.0000006432	0.9899056043
