0	0.0140604243	0.8054517076	0.1804878681
0	0.0000438354	0.9900723005	0.0098838642
0	0.2909470846	0.2196450247	0.4894078907
0	0.9148641848	0.0518167814	0.0333190338
0	0.7163919758	0.2766290615	0.0069789628
0	0.0007595218	0.0000002510	0.9992402273
0	0.0000000000	0.4452225980	0.5547774020
0	0.3940144036	0.1321704411	0.4738151553
0	0.5384353403	0.0032129654	0.4583516943
0	0.9312580143	0.0125357187	0.0562062669
0	0.0010208291	0.0000005637	0.9989786072
0	0.7825682583	0.0739080767	0.1435236650
1	0.0270696552	0.9729303448	0.0000000000
0	0.1522952112	0.1791296413	0.6685751475
0	0.1695014491	0.6854217349	0.1450768160
0	0.7211399945	0.1653232074	0.1135367981
0	0.2267315082	0.3487895733	0.4244789185
0	0.5763090099	0.0000000000	0.4236909901
0	0.5145413602	0.0170509459	0.4684076940
0	0.5449246130	0.2157568275	0.2393185596
0	0.0329686400	0.0000000013	0.9670313586
0	0.9472673186	0.0474742441	0.0052584373
0	0.0000739535	0.8329667741	0.1669592724
0	0.2169974127	0.0074634214	0.7755391660
0	0.0455136244	0.6260769402	0.3284094354
0	0.0810288791	0.0059098080	0.9130613129
0	0.0000000150	0.0213226070	0.9786773780
1	0.5126527427	0.4719926424	0.0153546149
0	0.3544429025	0.6453462747	0.0002108228
1	0.0513712249	0.0437685474	0.9048602277
0	0.0010460248	0.0033778281	0.9955761471
0	0.3727772895	0.0075356813	0.6196870293
0	0.7140943173	0.2856729997	0.0002326830
0	0.4946780627	0.0009785291	0.5043434081
0	0.7025152939	0.2974818774	0.0000028287
0	0.6214952217	0.1862578568	0.1922469215
0	0.9559655996	0.0440343432	0.0000000572
0	0.0015082702	0.9629924138	0.0354993160
0	0.0504834919	0.2236257303	0.7258907778
0	0.9999992110	0.0000000000	0.0000007890
0	0.0850954435	0.9111238809	0.0037806755
0	0.5909491860	0.1939255765	0.2151252374
0	0.2481475345	0.1094105473	0.6424419183
1	0.0287203008	0.2721945188	0.6990851805
0	0.0567051298	0.0000932133	0.9432016569
0	0.8823291854	0.0174628585	0.1002079561
0	0.4382164079	0.0000000000	0.5617835921
0	0.0016678623	0.0130587178	0.9852734199
0	0.1735684835	0.0003984496	0.8260330669
2	0.0000000014	0.0000000000	0.9999999986
0	0.0872670820	0.8900605472	0.0226723708
0	0.8750391064	0.1249608855	0.0000000081
1	0.1879236857	0.0000000000	0.8120763143
1	0.7827984060	0.1367073061	0.0804942879
0	0.9077792940	0.0000008296	0.0922198764
0	0.5865885301	0.3978173027	0.0155941672
0	0.9841952056	0.0138532303	0.0019515641
1	0.9999999990	0.0000000001	0.0000000009
0	0.1616822882	0.8383170697	0.0000006421
0	0.5631549647	0.2343835490	0.2024614863
0	0.6854360511	0.1299523935	0.1846115554
0	0.0403104185	0.0820832243	0.8776063572
0	0.6243379108	0.2255129441	0.1501491451
0	0.5663405464	0.3520839306	0.0815755230
0	0.4667898643	0.5331243961	0.0000857397
0	0.6244285781	0.1715963698	0.2039750521
0	0.0112981251	0.9885870097	0.0001148652
0	0.7634268228	0.0000098117	0.2365633655
0	0.1998243845	0.8001754508	0.0000001648
1	0.0060081146	0.0162669998	0.9777248856
0	0.3538193494	0.1454724408	0.5007082099
1	0.2225750134	0.0000040404	0.7774209462
0	0.1577492619	0.2513552283	0.5908955098
0	0.1783092652	0.0000132761	0.8216774587
0	0.6605247643	0.0000000294	0.3394752063
0	0.1845589427	0.0066943331	0.8087467242
0	0.9472467142	0.0527532858	0.0000000000
0	0.5893193089	0.0023768710	0.4083038201
0	0.0027605216	0.0000008286	0.9972386498
0	0.0515954874	0.0011700779	0.9472344347
1	0.4451913482	0.5536621776	0.0011464742
0	0.3074572838	0.6924696471	0.0000730690
0	0.4725796141	0.3275105532	0.1999098328
0	0.0000272176	0.9999724558	0.0000003266
0	0.0117986619	0.4997565546	0.4884447835
0	0.2914698399	0.2639724008	0.4445577593
1	0.6904744608	0.3095255392	0.0000000000
0	0.4345768354	0.1652432285	0.4001799361
0	0.9778123019	0.0032478682	0.0189398299
0	0.4584400436	0.0115925114	0.5299674450
0	0.6483371281	0.1632690105	0.1883938614
0	0.1368458913	0.7895044880	0.0736496207
0	0.2569618682	0.6834968738	0.0595412580
0	0.1580967391	0.5732358000	0.2686674609
1	0.9720059643	0.0000000000	0.0279940357
0	0.8150702356	0.1848775705	0.0000521939
0	0.0952939541	0.5468370401	0.3578690057
0	0.1936309216	0.6204378377	0.1859312407
0	0.5494082937	0.0000000123	0.4505916940
1	0.1389453834	0.0000122834	0.8610423333
