1	0.2406115994	0.1548885006	0.6044999000
1	0.0000000001	0.9996373479	0.0003626519
0	0.0001132807	0.0000000000	0.9998867193
0	0.3750501924	0.6249457744	0.0000040332
0	0.8427864531	0.1374022975	0.0198112494
0	0.9882029869	0.0116386867	0.0001583264
0	0.9995447366	0.0000003534	0.0004549100
0	0.8692242139	0.1025273573	0.0282484289
1	0.2226760476	0.1980425756	0.5792813769
0	0.0001166823	0.5209181208	0.4789651969
0	0.9949838077	0.0000000025	0.0050161897
0	0.0098936491	0.4650019040	0.5251044469
0	0.1296348018	0.1185610238	0.7518041744
0	0.1162414993	0.0290231502	0.8547353505
0	0.9063117130	0.0000058009	0.0936824861
0	0.7246396620	0.2229218480	0.0524384900
0	0.6403167523	0.3596831388	0.0000001089
0	0.8673224729	0.1161791340	0.0164983932
1	0.7525789773	0.0000370745	0.2473839482
0	0.7526490242	0.2473479726	0.0000030031
1	0.0147368932	0.9848080081	0.0004550987
0	0.9500686290	0.0137096262	0.0362217448
0	0.8626543606	0.0185753609	0.1187702784
0	0.7930802973	0.0162064618	0.1907132408
0	0.0000000000	0.9998149650	0.0001850350
0	0.6392588132	0.0015481328	0.3591930540
0	0.0023676033	0.8995770676	0.0980553291
2	0.0951372222	0.0000000000	0.9048627778
0	0.6452458937	0.0201897033	0.3345644030
0	0.0788127956	0.3488426839	0.5723445206
1	0.1165323647	0.0000000000	0.8834676353
0	0.0007275366	0.9832813542	0.0159911092
1	0.8955805807	0.1002420323	0.0041773870
0	0.1332387338	0.4936088835	0.3731523828
0	1.0000000000	0.0000000000	0.0000000000
0	0.0255325551	0.6371090404	0.3373584045
0	0.0098970910	0.0055779868	0.9845249222
0	0.0341245138	0.0209424614	0.9449330248
0	0.2091438911	0.5578817287	0.2329743802
1	0.6631509135	0.0000000012	0.3368490853
0	0.9984528622	0.0000000000	0.0015471378
0	0.1395662588	0.1447442479	0.7156894932
1	0.6865742558	0.0000000000	0.3134257442
0	0.0009286419	0.8879915699	0.1110797883
0	0.9991920003	0.0007876266	0.0000203731
0	0.9721655053	0.0000000459	0.0278344488
1	0.7055267272	0.1085044238	0.1859688490
0	0.7528084494	0.1593872899	0.0878042607
0	0.8631464064	0.1368535838	0.0000000098
0	0.0417272795	0.0003149699	0.9579577506
0	0.9380629705	0.0000000000	0.0619370295
0	0.5003618111	0.4996381842	0.0000000047
1	0.2241704390	0.2039213646	0.5719081964
0	0.0512073898	0.1117087382	0.8370838719
0	0.0000084451	0.0233995838	0.9765919712
0	0.2427974951	0.2494401808	0.5077623241
0	0.0000206358	0.9900776877	0.0099016765
0	0.8432388045	0.0000000002	0.1567611953
0	0.9101555467	0.0884460876	0.0013983658
0	0.3234665379	0.6421659189	0.0343675431
0	0.5350616887	0.0275843334	0.4373539779
1	0.7969827214	0.0000012188	0.2030160599
0	0.0758853521	0.0004812822	0.9236333657
0	0.5883219605	0.1003930826	0.3112849569
1	0.9999998989	0.0000000000	0.0000001011
1	0.6272071519	0.3155267477	0.0572661004
0	0.4932869873	0.1651039014	0.3416091113
1	0.0019337532	0.6436711400	0.3543951068
0	0.9042876165	0.0911436493	0.0045687341
0	0.7558908985	0.2438776826	0.0002314190
0	0.9086010901	0.0232347158	0.0681641941
1	0.0692614814	0.0484397336	0.8822987850
0	0.7766566792	0.1401993992	0.0831439216
0	0.9977437316	0.0000022408	0.0022540276
0	0.3283496846	0.6705598010	0.0010905144
0	0.7146616600	0.2102478799	0.0750904602
0	0.9009753486	0.0824149927	0.0166096587
0	0.4833513247	0.0000467544	0.5166019210
2	0.0000892789	0.0000000000	0.9999107211
1	0.9999891398	0.0000108602	0.0000000000
1	0.9999960155	0.0000038459	0.0000001386
0	0.0515220614	0.0000332258	0.9484447127
1	0.5786669325	0.1305350989	0.2907979686
0	0.6316405983	0.3373393380	0.0310200637
0	0.1681671317	0.2985386065	0.5332942618
0	0.2124042002	0.0199838454	0.7676119543
0	0.8431474397	0.0521319137	0.1047206467
1	0.9988343618	0.0011656382	0.0000000000
0	0.5129107830	0.3708606109	0.1162286061
0	0.2617292530	0.0269717271	0.7112990199
0	0.8350969089	0.1167980063	0.0481050848
0	0.2154023243	0.5183774246	0.2662202511
1	0.1837312952	0.0000085544	0.8162601504
0	0.9999570852	0.0000413943	0.0000015204
0	0.1052188540	0.0024987286	0.8922824174
0	0.9777752927	0.0222202443	0.0000044631
0	0.7690320550	0.0000328900	0.2309350550
0	0.4780646892	0.0115026981	0.5104326127
0	0.0524674236	0.3035088704	0.6440237060
0	0.0524214650	0.0001882336	0.9473903014
