0	0.0000448034	0.0081248040	0.9310317598	0.0337111114	0.0270875214
1	0.1664743876	0.2822049157	0.1685319723	0.3796653270	0.0031233974
0	0.0538034241	0.1443870241	0.5925234700	0.0008448423	0.2084412395
0	0.2690572423	0.1860602258	0.0377141925	0.4665440875	0.0406242519
1	0.0074896479	0.0000000000	0.2289897737	0.2968599471	0.4666606313
1	0.0000549740	0.0064706929	0.4272395913	0.5047469943	0.0614877475
2	0.7015999305	0.0000000000	0.0875238506	0.2108539888	0.0000222300
0	0.0172696057	0.0000644417	0.9800541959	0.0000000000	0.0026117566
1	0.0000000013	0.4224706221	0.0274913646	0.0086311179	0.5414068941
0	0.0695533512	0.8115805271	0.1149393652	0.0009169184	0.0030098381
1	0.0954202411	0.0026074017	0.0206278347	0.5364345606	0.3449099619
1	0.1724182042	0.0490238939	0.0294060992	0.7491499742	0.0000018286
0	0.0345349594	0.2581741613	0.4842954136	0.0000000499	0.2229954158
1	0.0797037345	0.0000000000	0.0101260696	0.9095615769	0.0006086190
1	0.0619438700	0.0104704326	0.0000552847	0.5117762244	0.4157541883
0	0.0000539053	0.0077896078	0.3219176694	0.0322029934	0.6380358241
0	0.1643056731	0.4790956790	0.0046660282	0.2317371554	0.1201954644
1	0.1143169022	0.0183265451	0.2999932419	0.5114768637	0.0558864470
0	0.2241521404	0.2404548690	0.1247739818	0.2844500901	0.1261689187
1	0.6252353861	0.1472527011	0.0011864070	0.0740552095	0.1522702963
0	0.0627702327	0.1489539348	0.0008195505	0.7873230007	0.0001332813
0	0.0024298571	0.5033337147	0.2461143663	0.2480879975	0.0000340643
0	0.0273368643	0.0000434617	0.2617687794	0.3496487867	0.3612021078
1	0.0000000000	0.1288873197	0.2839853546	0.2614187163	0.3257086094
1	0.0496399094	0.0023583569	0.6860651199	0.1552635088	0.1066731050
0	0.3575042831	0.6081086318	0.0311951586	0.0015084193	0.0016835071
0	0.4213646984	0.1994291868	0.1103256193	0.2683478045	0.0005326910
0	0.5367849658	0.0913464709	0.1514849292	0.0215392817	0.1988443525
0	0.3230698960	0.0035121558	0.0000000610	0.6734178086	0.0000000786
0	0.7383319424	0.1857837795	0.0133796301	0.0584348222	0.0040698258
0	0.0048950761	0.0273580854	0.3267676502	0.3144387291	0.3265404592
0	0.0199550831	0.6442472095	0.1817267396	0.1496499336	0.0044210343
1	0.2341827243	0.0767779899	0.2346111028	0.2659974097	0.1884307733
0	0.1043949374	0.0385461851	0.3481284161	0.0000003851	0.5089300762
1	0.0256272364	0.3815365192	0.1204684641	0.0738268868	0.3985408935
1	0.1686653670	0.0053563267	0.1758337729	0.2852782975	0.3648662358
0	0.0000000161	0.9561677908	0.0320373522	0.0050550632	0.0067397777
0	0.1671517289	0.1459266023	0.4678926087	0.1612562567	0.0577728034
0	0.4669610365	0.1323958275	0.0000000023	0.1134524394	0.2871906944
1	0.3012230526	0.6473385445	0.0295369053	0.0000000000	0.0219014977
1	0.2586914606	0.1718680040	0.0002326097	0.5447076776	0.0245002481
0	0.0582197273	0.0000000000	0.9376306668	0.0038459046	0.0003037013
0	0.2132388932	0.4206908472	0.0000000017	0.0039378104	0.3621324476
0	0.0430233150	0.1513443725	0.0991794010	0.0000000000	0.7064529115
0	0.0261004646	0.0350590126	0.1705470007	0.2882248991	0.4800686230
1	0.5815507350	0.0210862491	0.0372739632	0.1847172316	0.1753718210
1	0.1774886236	0.0742746254	0.6652101810	0.0334807650	0.0495458050
2	0.1512755378	0.0000000149	0.1125906133	0.2402400008	0.4958938332
1	0.0226217249	0.0107697040	0.1808550553	0.7640633392	0.0216901766
1	0.0478027912	0.0703105454	0.0086871360	0.7457210849	0.1274784425
1	0.0002913374	0.0420122844	0.5444304207	0.4108594227	0.0024065348
1	0.1527248232	0.0000001075	0.2754550601	0.0000008549	0.5718191544
0	0.2507981499	0.0000000000	0.0185570282	0.0576998248	0.6729449970
1	0.1901620551	0.2748219213	0.0752394842	0.4146392960	0.0451372435
0	0.3780557380	0.0000004756	0.5695389948	0.0379574039	0.0144473877
0	0.0436371616	0.8506010498	0.0054384073	0.0806400147	0.0196833666
1	0.0055891876	0.3075481515	0.2858748959	0.0884200150	0.3125677500
0	0.0063061258	0.1062612801	0.0584387876	0.0000006157	0.8289931909
2	0.2074395272	0.6496677342	0.1412376872	0.0000016255	0.0016534259
1	0.0017542315	0.5311217204	0.4125293410	0.0485100164	0.0060846907
0	0.1917386440	0.0235762465	0.0052330040	0.7585539166	0.0208981889
1	0.5503747369	0.0282112564	0.0784811915	0.2784814697	0.0644513454
1	0.0092037528	0.3048598073	0.0757254609	0.0349484875	0.5752624916
1	0.3217008809	0.5644347920	0.0068860465	0.0738892760	0.0330890047
0	0.2679542616	0.4439947312	0.0399724113	0.2215648205	0.0265137754
1	0.0043977878	0.0000000000	0.7696408385	0.2259407677	0.0000206060
0	0.2624530374	0.2498676715	0.2086688163	0.2743441488	0.0046663259
1	0.0343188095	0.0000084361	0.0000000000	0.0000706944	0.9656020599
0	0.0135449981	0.8099942750	0.0001602903	0.0990960269	0.0772044097
0	0.0006500609	0.8260941292	0.1715253986	0.0016264362	0.0001039752
0	0.0144361509	0.0628350684	0.0109955552	0.9040947840	0.0076384415
0	0.7059857569	0.0007974789	0.0000000270	0.2782312561	0.0149854811
0	0.1869488401	0.0000190661	0.0000000000	0.0001817347	0.8128503591
2	0.3460135634	0.0884680789	0.1663590451	0.3991514396	0.0000078731
0	0.0039076197	0.0280797762	0.9658815424	0.0013172611	0.0008138006
2	0.0865834659	0.0000000000	0.6748432593	0.0151455650	0.2234277097
2	0.0181106236	0.5324794537	0.0718639615	0.0187058753	0.3588400859
1	0.0379425101	0.0000001764	0.0682169543	0.8549629960	0.0388773633
0	0.7937562812	0.0003175868	0.1518600985	0.0000000000	0.0540660335
0	0.0046270504	0.0578213970	0.8592687198	0.0781447198	0.0001381130
1	0.2392068845	0.1102956209	0.3778466037	0.1349125509	0.1377383401
0	0.0000113861	0.5292537433	0.4410342365	0.0296837469	0.0000168873
1	0.1035295367	0.0708054871	0.7641268180	0.0000000000	0.0615381582
1	0.9147667857	0.0113561548	0.0187874755	0.0085274744	0.0465621097
0	0.2315476475	0.6634561261	0.0167023026	0.0316108397	0.0566830841
0	0.5192439231	0.0237158630	0.3496847711	0.1026194680	0.0047359749
1	0.0000000007	0.0200711798	0.0983422513	0.8814146563	0.0001719119
1	0.3733693651	0.4196061226	0.2005777038	0.0053012093	0.0011455992
1	0.6753239253	0.1768055379	0.0077304234	0.0488951549	0.0912449586
1	0.1311109908	0.1954449313	0.4198729010	0.0120929994	0.2414781775
0	0.1201359412	0.0287632473	0.6642487893	0.1367713528	0.0500806694
1	0.0076747731	0.0795994812	0.0000008437	0.0268398092	0.8858850928
0	0.0000000369	0.5512716237	0.4429902359	0.0000000002	0.0057381033
1	0.0609856873	0.0577845118	0.8011204898	0.0801093110	0.0000000000
1	0.0041683306	0.1733740180	0.0880769339	0.5115954296	0.2227852879
0	0.7011778893	0.0406155713	0.1007890782	0.1573984498	0.0000190115
0	0.6507277900	0.2401474473	0.0001767149	0.0000000000	0.1089480478
0	0.0520623211	0.1105104642	0.5135533792	0.0796301607	0.2442436749
1	0.0366615713	0.0000532877	0.9557466575	0.0000000182	0.0075384654
0	0.0854729530	0.5696034908	0.1893387154	0.0060636974	0.1495211434
