0	0.0849924062	0.1096672945	0.0197903403	0.7634802056	0.0220697534
0	0.5469053051	0.4209811943	0.0058557620	0.0000000005	0.0262577382
0	0.0880111356	0.7040313192	0.0000459304	0.0537632061	0.1541484088
0	0.3339544098	0.1176481096	0.0686327862	0.1409104589	0.3388542355
1	0.1211970187	0.0265683481	0.1411470303	0.6561906527	0.0548969502
0	0.6849913151	0.0965245657	0.0001853377	0.0000071232	0.2182916583
0	0.0120236141	0.0000000000	0.0889811767	0.0530619009	0.8459333083
0	0.0041049369	0.7836919622	0.0622666119	0.0116079941	0.1383284948
0	0.7578571926	0.1788546239	0.0129978446	0.0067194496	0.0435708893
0	0.2329861635	0.0001149801	0.7638432586	0.0000000000	0.0030555977
0	0.0054867955	0.3526954992	0.0051746290	0.6251216520	0.0115214244
0	0.0114104392	0.0137459669	0.4787499017	0.4343293660	0.0617643262
0	0.0956757852	0.1345197592	0.0176220897	0.2539658601	0.4982165058
0	0.1752286078	0.0257811304	0.0000149854	0.5343451342	0.2646301421
0	0.0413144451	0.0159975178	0.1690793450	0.7736086032	0.0000000888
1	0.0144284400	0.0011303771	0.1666871488	0.5217883718	0.2959656623
0	0.2406453199	0.0000925585	0.2273943507	0.0153776226	0.5164901482
1	0.0223987559	0.0471283801	0.0002654428	0.8630928953	0.0671145258
0	0.1401316344	0.3029534410	0.3785140640	0.0915883335	0.0868125271
0	0.1673309647	0.4354289438	0.3234878657	0.0670970644	0.0066551613
0	0.1313518359	0.0000002980	0.3243876970	0.0447175471	0.4995426219
1	0.0488852273	0.0700624116	0.2170337794	0.0907304428	0.5732881389
0	0.1250942466	0.2145203820	0.0100339983	0.6385051659	0.0118462072
0	0.3491766895	0.1897614831	0.3582403623	0.0078333342	0.0949881309
0	0.3433969931	0.0040951068	0.2133144368	0.0085805512	0.4306129121
0	0.0000008222	0.0097896923	0.4779149416	0.4399710713	0.0723234726
2	0.0393506290	0.3220779249	0.1255564425	0.4128808972	0.1001341064
0	0.3641183045	0.0313737016	0.3744019225	0.2300504536	0.0000556179
0	0.7684370591	0.0182878220	0.1208601686	0.0000288280	0.0923861223
0	0.2597031894	0.0241540562	0.0466810708	0.0748876503	0.5945740333
1	0.1302235495	0.0125912888	0.0696104382	0.2741254207	0.5134493027
0	0.1397383412	0.0570464889	0.0859211423	0.7141871423	0.0031068853
1	0.0000000002	0.0238981010	0.2509750369	0.2317461411	0.4933807208
0	0.3470473610	0.0935811630	0.0615750844	0.0269193472	0.4708770444
0	0.0349061687	0.0001953424	0.0023260586	0.7703529824	0.1922194478
0	0.2224860553	0.0219603744	0.0123329919	0.6317138963	0.1115066821
0	0.2375558208	0.4153590437	0.0076173690	0.0147973593	0.3246704071
0	0.0005209427	0.0603563483	0.0454740595	0.5732484640	0.3204001854
1	0.1480388784	0.2332498968	0.0073621545	0.4560990908	0.1552499795
0	0.2164619016	0.2979419045	0.2463224665	0.0104278255	0.2288459020
0	0.0992482736	0.0238923947	0.0435160122	0.1355434443	0.6977998752
0	0.2460816862	0.0004757012	0.0070407166	0.7321402772	0.0142616188
0	0.0738151836	0.4451200526	0.4744798961	0.0030914391	0.0034934287
0	0.2259572563	0.5201192036	0.0526559512	0.1831564850	0.0181111040
0	0.4579056985	0.0252391925	0.1006471067	0.2148048416	0.2014031607
1	0.7879727791	0.0606987544	0.1416788730	0.0071035668	0.0025460266
0	0.3271091244	0.0455216548	0.2364780986	0.0210369933	0.3698541288
1	0.0143496641	0.2934519777	0.6054360503	0.0003280547	0.0864342532
0	0.1928249322	0.4759660592	0.0465570392	0.0141773406	0.2704746288
0	0.0734215455	0.0000790238	0.8733421147	0.0000000000	0.0531573160
1	0.0182804406	0.8624048761	0.1193137149	0.0000000000	0.0000009685
0	0.6431163240	0.0125098964	0.1246221757	0.1226932632	0.0970583407
0	0.0136934491	0.9847899786	0.0010062812	0.0000000000	0.0005102912
0	0.3336792707	0.3470412570	0.1564272575	0.0699865397	0.0928656751
1	0.0133134105	0.0000000336	0.8791635719	0.0981385503	0.0093844336
0	0.0327610338	0.8581222951	0.0000000058	0.0451733871	0.0639432782
0	0.7668216231	0.0000794059	0.0005380573	0.0817137643	0.1508471494
0	0.0345770498	0.0000143319	0.0000576265	0.0383908384	0.9269601534
0	0.0729087115	0.5349404277	0.1919798338	0.1898931512	0.0102778759
1	0.0781384636	0.7609961104	0.0133495994	0.1021140544	0.0454017722
0	0.0764144706	0.8692286285	0.0109813097	0.0289255761	0.0144500151
0	0.0000549372	0.0015590050	0.0680057436	0.8021010937	0.1282792206
1	0.0116483612	0.0173332399	0.0021507667	0.0044506722	0.9644169600
0	0.0000000002	0.2334102839	0.5077505731	0.2412444914	0.0175946514
0	0.0355661595	0.0000000000	0.7800391091	0.1716134621	0.0127812693
1	0.0538183307	0.0730080112	0.4637452715	0.0000000000	0.4094283866
1	0.0354648602	0.3416705758	0.2028225381	0.3912407320	0.0288012938
2	0.8365716028	0.0157920389	0.0000000009	0.1476363574	0.0000000000
1	0.0236994762	0.1165338698	0.0840432609	0.5369506630	0.2387727300
0	0.0269481999	0.8925454968	0.0263735125	0.0456597244	0.0084730665
0	0.0468633263	0.1380529628	0.1186422899	0.0827772617	0.6136641592
0	0.1567016354	0.0149149427	0.4165572973	0.2616985255	0.1501275990
0	0.0298581139	0.3784686238	0.3656092640	0.2226903824	0.0033736160
0	0.0000000000	0.1855028300	0.8031211550	0.0110302006	0.0003458145
1	0.2777186459	0.2275012022	0.0003083934	0.1342052098	0.3602665487
1	0.0696395097	0.3945552252	0.0897427417	0.0447209680	0.4013415554
0	0.7196243171	0.0391807252	0.0029179546	0.1358053945	0.1024716086
1	0.0008693553	0.0000705385	0.0034731757	0.0194753892	0.9761115413
0	0.0000053885	0.0604500178	0.4640699377	0.0004995611	0.4749750949
0	0.0005465339	0.0015788935	0.2805296032	0.4975728217	0.2197721477
0	0.0000002371	0.2431444902	0.0008747775	0.0013213634	0.7546591318
0	0.2746165107	0.4549320751	0.2050633829	0.0000959273	0.0652921041
0	0.5923171244	0.0744907556	0.0002610499	0.0001354722	0.3327955980
1	0.2459790970	0.0925771695	0.0000000000	0.0006605115	0.6607832221
0	0.1695526479	0.0000000002	0.1450705705	0.4280569750	0.2573198064
0	0.6049765364	0.1877903767	0.0180000293	0.0000000000	0.1892330576
0	0.1507804264	0.1185726258	0.0684337276	0.0139580004	0.6482552197
1	0.0611118268	0.2723496077	0.4376553971	0.1598530056	0.0690301628
0	0.0075855033	0.0227043474	0.5057804708	0.1665637184	0.2973659601
1	0.1675809384	0.3900330626	0.1073087465	0.0089616799	0.3261155727
1	0.1448192262	0.0068761148	0.7142987767	0.1333303655	0.0006755166
0	0.5388903524	0.0000001844	0.0486150172	0.0321626346	0.3803318115
0	0.0508589263	0.6851184971	0.0000000000	0.1384675887	0.1255549879
0	0.4218909767	0.4645514563	0.0000000000	0.0000776220	0.1134799449
1	0.0103654860	0.5477270926	0.4415539813	0.0000000027	0.0003534374
0	0.0202092888	0.0077189733	0.3455624569	0.4604486372	0.1660606438
0	0.8163758048	0.0363398699	0.0062402860	0.0930685630	0.0479754763
0	0.0095106725	0.6896227524	0.0017141145	0.0047389025	0.2944135581
1	0.0000000000	0.1058044854	0.0303150684	0.5166919281	0.3471885181
0	0.1583132275	0.4514479518	0.2125979467	0.1776166392	0.0000242348
