0	0.4285423533	0.0000000000	0.0000026750	0.5714110284	0.0000439434
0	0.0930282914	0.4692878876	0.0483929276	0.0075772839	0.3817136094
0	0.0050934730	0.2328374196	0.0000000314	0.0000000000	0.7620690760
0	0.0000000000	0.2433512532	0.1462138238	0.6093177930	0.0011171300
0	0.1581944008	0.1447719643	0.0000006455	0.6959963591	0.0010366303
0	0.2406971238	0.2250798652	0.0054254431	0.0762357994	0.4525617685
0	0.0055977905	0.4529325332	0.1925521765	0.3447210579	0.0041964419
0	0.7547279443	0.2055745323	0.0084810758	0.0045734661	0.0266429814
0	0.0641150240	0.0005141312	0.9060978688	0.0058112750	0.0234617010
1	0.0128753123	0.8209600274	0.0068362841	0.1583419670	0.0009864092
0	0.4374740580	0.3385091573	0.0037081011	0.0080670203	0.2122416633
1	0.0302147927	0.7249449690	0.1356740419	0.0284409278	0.0807252686
1	0.0722146745	0.6487592316	0.2654240047	0.0013551240	0.0122469652
0	0.0003639036	0.1284301120	0.4593491151	0.0240428005	0.3878140688
0	0.0088478285	0.1088933232	0.0631850146	0.8183957456	0.0006780881
1	0.0000000000	0.2207503512	0.0007380650	0.0000035809	0.7785080029
2	0.1137191071	0.3573229565	0.0117774276	0.0191911116	0.4979893973
1	0.1115660227	0.0552513994	0.0639692094	0.5732481836	0.1959651849
0	0.0201771423	0.0031534423	0.9329181442	0.0002270472	0.0435242239
0	0.0187192419	0.0225840167	0.0140931540	0.9247308561	0.0198727312
1	0.0244621269	0.0000012308	0.4551247422	0.5173031834	0.0031087167
0	0.0610864715	0.0754166446	0.6833345394	0.1732498318	0.0069125126
0	0.1904405491	0.4686556620	0.3375395263	0.0000010877	0.0033631750
0	0.2204271611	0.1233753042	0.1455207048	0.4072953476	0.1033814823
1	0.2386724048	0.2150545784	0.0245204536	0.4777981334	0.0439544299
0	0.0000501768	0.8476197199	0.0194988866	0.0845493272	0.0482818895
2	0.0018194147	0.1086769015	0.1730655760	0.0130800750	0.7033580327
0	0.0238867845	0.2437510990	0.0617612861	0.0563698619	0.6142309684
1	0.0251361429	0.0807583587	0.2055390795	0.0072691097	0.6812973091
0	0.1664932233	0.2961811602	0.0650766449	0.4664516256	0.0057973459
2	0.0301234077	0.2456291703	0.6823274383	0.0186566882	0.0232632954
0	0.6061529503	0.1433947321	0.0530367904	0.1956961074	0.0017194198
1	0.9282881676	0.0000000000	0.0030711119	0.0686407205	0.0000000000
0	0.0536291904	0.1372849350	0.4119370078	0.2556621117	0.1414867552
0	0.0036787988	0.2693818620	0.6134931435	0.0000000000	0.1134461958
0	0.1486389593	0.1720702085	0.2465244632	0.4317800373	0.0009863317
0	0.0009978762	0.0001818236	0.9534851549	0.0011154343	0.0442197109
0	0.0000609831	0.4094985112	0.0140317261	0.3816531524	0.1947556273
1	0.8608797008	0.0316009058	0.0175389857	0.0899728831	0.0000075246
0	0.0115971780	0.6538174338	0.1801079850	0.0338457935	0.1206316097
1	0.0000202752	0.1777353157	0.0175185450	0.0023375483	0.8023883159
0	0.4934669329	0.0040201431	0.2599851340	0.1627250577	0.0798027323
0	0.2872474386	0.0889599581	0.3917499137	0.2283075312	0.0037351584
1	0.0731251601	0.0417730036	0.8775646637	0.0075371725	0.0000000000
0	0.0072667082	0.0363056197	0.1029508887	0.2315906793	0.6218861041
1	0.0524236113	0.0114229957	0.0000000626	0.3606266529	0.5755266774
1	0.4846988405	0.2693332730	0.0030977940	0.1855673505	0.0573027420
0	0.0235930512	0.4302568999	0.0443824889	0.0012711834	0.5004963766
0	0.5157887793	0.4233091489	0.0000000000	0.0069530565	0.0539490153
1	0.0000249481	0.3384552675	0.1794054735	0.3480481745	0.1340661363
0	0.0002565883	0.0317275250	0.4575228912	0.1051957260	0.4052972696
0	0.0003183891	0.0000000044	0.4376931388	0.5615218046	0.0004666631
0	0.8892291986	0.0010319896	0.1097170100	0.0000206074	0.0000011944
0	0.0188264851	0.0214034504	0.0015656874	0.6762222799	0.2819820972
0	0.0010447891	0.6776339116	0.2154813905	0.1058028850	0.0000370239
0	0.0940677602	0.3472359673	0.4154819108	0.1299194526	0.0132949091
0	0.0856708449	0.0937038295	0.0498260528	0.0235093235	0.7472899494
0	0.3358313224	0.0078445519	0.0249561017	0.3598102235	0.2715578006
0	0.0675836439	0.5893061119	0.0059096326	0.0492011636	0.2879994480
0	0.0115481355	0.0207879542	0.9171180904	0.0017648235	0.0487809964
0	0.2617748874	0.0303626141	0.7067370065	0.0011254921	0.0000000000
0	0.1272453552	0.0489503585	0.0901677139	0.0028384394	0.7307981329
1	0.0078091955	0.0334439634	0.1437705084	0.0300466408	0.7849296919
0	0.0194081385	0.8219076442	0.0665033130	0.0917526027	0.0004283016
1	0.1772714693	0.3832822500	0.0000000251	0.4259500499	0.0134962057
0	0.4512321551	0.0316105037	0.2866611571	0.1145759631	0.1159202210
0	0.0247567911	0.4512907341	0.4338265729	0.0874205358	0.0027053662
0	0.0169352345	0.0329003655	0.0045567606	0.9374317317	0.0081759076
0	0.0234523798	0.1354234366	0.0439104263	0.6892024532	0.1080113041
0	0.1247055945	0.0794132336	0.1911546570	0.1625373637	0.4421891512
0	0.7345641251	0.0007954198	0.0000001183	0.2125838592	0.0520564775
1	0.1482757936	0.0431630559	0.0658232917	0.6453931826	0.0973446761
1	0.1443578109	0.0317036738	0.0086069011	0.1448613151	0.6704702990
0	0.0015247962	0.0388656304	0.8366797028	0.0000227984	0.1229070722
1	0.2777043968	0.2429650674	0.0005207252	0.0919231793	0.3868866312
1	0.0529077364	0.8032278391	0.0682314898	0.0003154348	0.0753174998
0	0.0751221457	0.0516842507	0.0010862067	0.5059553172	0.3661520797
0	0.1933803455	0.0006660564	0.6437822585	0.0305157932	0.1316555463
0	0.0321086002	0.0004698013	0.0000000000	0.4434832139	0.5239383846
1	0.4177832407	0.0035286620	0.0012155594	0.5774725379	0.0000000001
1	0.1846749889	0.2510599363	0.0616152338	0.4994878236	0.0031620175
0	0.0069179903	0.5226014393	0.1455111021	0.3243740486	0.0005954196
1	0.1817027215	0.0553885637	0.2436279359	0.5192807654	0.0000000135
1	0.0684985965	0.6475569160	0.1605964463	0.0265487489	0.0967992923
0	0.0689997905	0.1099431033	0.0000000000	0.3763851718	0.4446719344
0	0.2827260323	0.6497212874	0.0000097917	0.0669503733	0.0005925154
1	0.0000000033	0.7116431775	0.2413102379	0.0283000542	0.0187465272
0	0.0000031743	0.2904581012	0.0036394450	0.6263980857	0.0795011937
0	0.0332210166	0.1089452191	0.0396365458	0.4388702845	0.3793269340
1	0.5048137874	0.0565015912	0.0008366647	0.2004181163	0.2374298403
0	0.1501700402	0.2305973296	0.0055073316	0.2498744226	0.3638508760
0	0.0872887527	0.0497583305	0.1691507846	0.1534765154	0.5403256167
0	0.0449056794	0.0741103445	0.0082675850	0.8608212285	0.0118951626
1	0.0000755149	0.3058809065	0.5429282548	0.1448604334	0.0062548903
0	0.3246295500	0.0019900950	0.5264422702	0.0006937954	0.1462442894
1	0.0191887428	0.5772331741	0.0515687600	0.3405605264	0.0114487966
0	0.7904180790	0.1197829707	0.0199803104	0.0608422601	0.0089763798
1	0.3919119484	0.0038241824	0.3663019186	0.0203144569	0.2176474938
0	0.3882679167	0.3161649155	0.1491442004	0.0705948508	0.0758281166
1	0.0008930701	0.7076048132	0.1022765805	0.1890187475	0.0002067887
