0	0.0000000766	0.0000000000	0.0000000045	0.9990716330	0.0009282860
0	0.2231954739	0.0153255780	0.0000000000	0.0013244814	0.7601544666
0	0.3030354194	0.0000035661	0.1338678920	0.1098557276	0.4532373949
0	0.1241953302	0.5951776511	0.0542703342	0.0337806228	0.1925760617
1	0.0000811663	0.0301419534	0.6769863895	0.2067430801	0.0860474107
0	0.1540217496	0.5075717398	0.0219205470	0.2617752132	0.0547107504
0	0.3091142968	0.2767220730	0.0070092041	0.1386553656	0.2684990604
0	0.0000844383	0.3751332475	0.0065596752	0.6182171955	0.0000054435
0	0.0000000109	0.0315048287	0.0465243535	0.5380670111	0.3839037958
0	0.7856729073	0.0025703309	0.0114304141	0.0904955001	0.1098308475
0	0.0000000000	0.0000661117	0.0035624781	0.0388355289	0.9575358813
0	0.3363607116	0.1730540014	0.3491073399	0.0606351333	0.0808428138
2	0.1061851439	0.0005910763	0.4858876998	0.0123436218	0.3949924582
2	0.1662076174	0.0000121616	0.0231334200	0.0062449934	0.8044018077
0	0.6336922817	0.0003870162	0.3539119849	0.0117761831	0.0002325340
0	0.0946765858	0.8491384717	0.0012484585	0.0002199578	0.0547165261
0	0.0825437689	0.1671184029	0.1377077178	0.3613903450	0.2512397655
1	0.0090933326	0.5532365762	0.0000220750	0.0013416869	0.4363063294
1	0.0007109643	0.4728687762	0.2675007168	0.1066199849	0.1522995578
1	0.5896859636	0.0380540049	0.3586768847	0.0105910128	0.0029921340
2	0.0009921821	0.2267641725	0.0091546939	0.7629630157	0.0001259358
0	0.4302834706	0.2901774662	0.0918638514	0.1136146019	0.0740606100
1	0.0959488942	0.5181539465	0.0071551136	0.2764821454	0.1022599003
0	0.1306658355	0.0071234347	0.5091434284	0.0040305244	0.3490367770
0	0.1132918779	0.5271600741	0.1782219128	0.0200231949	0.1613029402
0	0.0000311176	0.0991519601	0.5901895947	0.0029414938	0.3076858338
0	0.0074184103	0.0307621453	0.8129571907	0.1462302736	0.0026319801
0	0.2128825954	0.0066649980	0.0760363528	0.6985282350	0.0058878188
1	0.1534510580	0.0006855181	0.2584078140	0.3077586676	0.2796969423
1	0.1838937893	0.6784120270	0.0024465156	0.1352476664	0.0000000017
1	0.1909078615	0.5386942241	0.1517918222	0.0029368646	0.1156692275
1	0.4399365977	0.2066030984	0.0000029472	0.1099724813	0.2434848754
2	0.0243619485	0.4787831988	0.2419515369	0.2446311041	0.0102722117
0	0.1336422222	0.7124706840	0.0803867490	0.0000243268	0.0734760179
0	0.2076198928	0.2367504428	0.4750126821	0.0123146301	0.0683023522
0	0.2292474259	0.0123889161	0.0000000000	0.6238932585	0.1344703996
0	0.0000000452	0.0060506371	0.0425198280	0.2496478792	0.7017816105
1	0.0402370097	0.4910135136	0.4262001179	0.0008972925	0.0416520663
0	0.0021431103	0.0000000000	0.3129391216	0.0175445135	0.6673732546
1	0.0377549470	0.4259247119	0.0000024547	0.2106958815	0.3256220048
0	0.3610791543	0.4919294529	0.0553828255	0.0302486525	0.0613599149
0	0.0646171169	0.0007437784	0.0032018006	0.0193466714	0.9120906327
0	0.0054490691	0.0238474911	0.7859462793	0.0000071060	0.1847500546
0	0.3194761452	0.1503399868	0.4009232687	0.0595649972	0.0696956021
0	0.7211830097	0.0009429630	0.0148389882	0.2137878399	0.0492471992
0	0.0017712814	0.9346904818	0.0021456614	0.0205427113	0.0408498641
1	0.0491051756	0.1786033525	0.2458259993	0.0000836414	0.5263818312
0	0.8383287858	0.0448036158	0.0002444478	0.0064334403	0.1101897103
0	0.0199215707	0.1006928672	0.2630219689	0.0142498824	0.6021137108
0	0.1255818619	0.0301268602	0.7891212398	0.0525710010	0.0025990372
1	0.3840825890	0.0047329594	0.0390609236	0.0552573163	0.5168662116
1	0.1566537606	0.3594073438	0.1546095599	0.1142538231	0.2150755125
0	0.4717572476	0.4072889576	0.0091154358	0.0622991291	0.0495392298
0	0.0021693572	0.0013991428	0.3361091934	0.4711617638	0.1891605427
1	0.0005647841	0.1010063803	0.0739701307	0.0176458569	0.8068128481
0	0.7408561579	0.0877932198	0.0913035999	0.0709450663	0.0091019561
1	0.0028133688	0.0264752971	0.0000000000	0.9156444643	0.0550668697
0	0.6715866383	0.1715637799	0.0000859730	0.0000006763	0.1567629325
1	0.4228776070	0.2316796543	0.0374092376	0.3069105584	0.0011229428
0	0.2846304764	0.1256545658	0.0033842893	0.5863306685	0.0000000000
0	0.2934581297	0.2497910835	0.2629024203	0.0031551111	0.1906932554
1	0.0000000715	0.3079165491	0.3812067119	0.2282705421	0.0826061254
0	0.0816322915	0.2724141928	0.0000000761	0.0976841187	0.5482693208
0	0.1676664024	0.3436457244	0.1809713145	0.0225962444	0.2851203143
1	0.0108766049	0.2112379777	0.0120267193	0.0174410522	0.7484176458
0	0.1409994310	0.0022832108	0.6348594103	0.1451346230	0.0767233249
1	0.0233913272	0.0741260357	0.0353632744	0.0612304701	0.8058888926
0	0.3335585082	0.3178305466	0.0403650426	0.1945823629	0.1136635399
0	0.6448500830	0.0277859151	0.0072635720	0.0168353297	0.3032651002
0	0.3696097106	0.3356338306	0.2651991746	0.0213327308	0.0082245535
0	0.0171480902	0.3355275512	0.2832832182	0.3270385377	0.0370026028
0	0.0014917588	0.0047301245	0.2191857173	0.5794080558	0.1951843435
0	0.0029130004	0.0222096909	0.0084200174	0.3723686951	0.5940885962
1	0.1411683640	0.1875696734	0.3149116494	0.1167339701	0.2396163432
0	0.0002264609	0.0007080204	0.1094910820	0.8895744367	0.0000000000
0	0.1583218272	0.0060723990	0.0623437118	0.6422660340	0.1309960280
0	0.2609146006	0.0864851267	0.3714364610	0.0470969597	0.2340668520
0	0.5673875140	0.0922290394	0.2981403307	0.0422428686	0.0000002473
0	0.0825020190	0.0000000509	0.0106441892	0.9040436298	0.0028101112
1	0.0053825008	0.3226007715	0.6002927223	0.0483185948	0.0234054107
0	0.0890422558	0.0587230028	0.0490225755	0.0632436332	0.7399685327
0	0.0000000000	0.5118145430	0.0788217949	0.0000000000	0.4093636621
2	0.0060765653	0.6715722459	0.1267338281	0.1713480136	0.0242693471
1	0.6394081984	0.3541300679	0.0000374321	0.0000000036	0.0064242980
0	0.0161790338	0.6059225934	0.1968722024	0.1665431942	0.0144829763
0	0.2521900361	0.7385934570	0.0000640446	0.0000000000	0.0091524623
2	0.0074681331	0.6415883122	0.2607075673	0.0845259887	0.0057099988
0	0.0070816645	0.0519875195	0.9223182146	0.0000106466	0.0186019550
0	0.0000012964	0.2573769420	0.0369459149	0.1761342988	0.5295415479
1	0.6988746691	0.1306307101	0.0857283439	0.0684691440	0.0162971329
0	0.0082609163	0.1408570993	0.4703031631	0.3805734012	0.0000054201
1	0.0042351945	0.0097626641	0.0174692005	0.9685186317	0.0000143091
0	0.0506734992	0.6241447806	0.0435316933	0.0396118596	0.2420381673
0	0.0003375198	0.1577463805	0.2921976022	0.2746636245	0.2750548730
1	0.1935678223	0.5200941834	0.2297210062	0.0319183418	0.0246986464
2	0.0232260857	0.0744124013	0.0041592889	0.4262291450	0.4719730791
0	0.0377814066	0.0013983016	0.0027804650	0.2922305178	0.6658093090
1	0.2776328728	0.2045730739	0.2356970547	0.1184768011	0.1636201975
2	0.0110655834	0.0000000000	0.2486422090	0.3998327674	0.3404594402
1	0.1512456402	0.3833991595	0.0572945270	0.3573177014	0.0507429718
