1	0.0581540667	0.8127302463	0.0035630623	0.0793326822	0.0462199425
0	0.9280857225	0.0296318401	0.0000000447	0.0422744892	0.0000079036
0	0.0206753579	0.9131407935	0.0525805853	0.0081332581	0.0054700052
1	0.0290972243	0.0007121449	0.4412642381	0.1979109127	0.3310154800
0	0.9500982496	0.0013986416	0.0061575230	0.0423455846	0.0000000012
0	0.0113129636	0.6638648979	0.0004099154	0.0000053867	0.3244068364
1	0.4381169611	0.0000003002	0.5520544838	0.0034084995	0.0064197554
0	0.4729356304	0.3134481150	0.0519912180	0.1134688761	0.0481561605
0	0.0000027445	0.8275228297	0.0140150127	0.0643803988	0.0940790143
0	0.3469029268	0.0000000002	0.6024027252	0.0063440465	0.0443503013
0	0.2494269744	0.1519115921	0.0466454907	0.4091231265	0.1428928163
0	0.3478611475	0.1974894301	0.1667369239	0.1899889893	0.0979235091
0	0.3419592332	0.4533712347	0.1024733565	0.0047067057	0.0974894700
0	0.1250379496	0.0000000000	0.0706627794	0.2473077432	0.5569915278
0	0.0605006999	0.0159995192	0.0573400607	0.7919194616	0.0742402586
0	0.3140403671	0.0032079487	0.6703693959	0.0084765272	0.0039057611
1	0.0602293286	0.0851429981	0.0759663625	0.7778464972	0.0008148136
0	0.1335555846	0.0502963351	0.0588746809	0.3046061334	0.4526672661
0	0.0107957578	0.5451333843	0.2069557103	0.2368480424	0.0002671052
2	0.0002342081	0.0767986635	0.5346386201	0.1222175145	0.2661109938
1	0.7143183528	0.0119509358	0.1945724256	0.0121423208	0.0670159650
0	0.0137453610	0.0047031231	0.2417777507	0.0145912399	0.7251825252
0	0.0819473792	0.0622309784	0.0697686291	0.0556114155	0.7304415978
1	0.2394763444	0.0129679901	0.3078425521	0.0777554554	0.3619576579
0	0.2055259570	0.1437978133	0.0451397262	0.5265387364	0.0789977671
0	0.1622224360	0.3534282452	0.4667254236	0.0064665510	0.0111573442
1	0.1203686896	0.1390631914	0.0212037914	0.1945421175	0.5248222100
1	0.0802212206	0.0000000001	0.3788538893	0.2118387132	0.3290861768
0	0.7280111587	0.0222368519	0.2488740949	0.0000002471	0.0008776473
0	0.0266270327	0.9357463532	0.0138148737	0.0118283137	0.0119834267
0	0.6399549770	0.0072001802	0.2759512662	0.0282778165	0.0486157601
0	0.0000015153	0.7783120208	0.1784761985	0.0005409953	0.0426692701
1	0.1091670995	0.0002931668	0.0085779235	0.8803631655	0.0015986448
0	0.0496487446	0.2779374226	0.5328287941	0.0250922691	0.1144927697
0	0.0000000000	0.0000000000	0.0963352423	0.0019805055	0.9016842522
0	0.0000071737	0.4477747274	0.1019065832	0.0000001450	0.4503113707
0	0.0866078435	0.0114206852	0.2572071442	0.2111722672	0.4335920599
0	0.8478979975	0.0099608532	0.0000206733	0.0559889176	0.0861315584
0	0.5401775228	0.1348805435	0.2252658389	0.0948571118	0.0048189830
0	0.5182702454	0.0444309871	0.0802192507	0.1047601620	0.2523193548
0	0.4158243416	0.1223427355	0.0656032503	0.2502285100	0.1460011626
1	0.5644256283	0.0255580292	0.3299845903	0.0531469657	0.0268847865
0	0.8028348893	0.0523390011	0.0424455455	0.1023496061	0.0000309580
0	0.1675575974	0.5230236460	0.3087126935	0.0000000532	0.0007060098
0	0.0124470356	0.0417185760	0.0000000889	0.2772463459	0.6685879536
0	0.1039558509	0.5325841299	0.2116012552	0.1464236877	0.0054350764
0	0.0083144452	0.3326670572	0.3463878041	0.1298944424	0.1827362511
1	0.1466554974	0.3621339636	0.0221048045	0.1824323090	0.2866734256
0	0.2116329428	0.1153360910	0.2319541684	0.4410669350	0.0000098628
0	0.0015012754	0.1307413389	0.2297352331	0.1739700810	0.4640520717
1	0.0000000000	0.1754046140	0.1219940122	0.2881214296	0.4144799442
1	0.7237430564	0.0437470572	0.0173276407	0.2114848654	0.0036973804
1	0.0052722260	0.0064060255	0.0912450032	0.8970736717	0.0000030736
1	0.0890553205	0.0372186033	0.5390661312	0.0000956485	0.3345642966
0	0.1050035362	0.5429025429	0.0905284687	0.1065416691	0.1550237831
1	0.0856176745	0.0373660915	0.5359725662	0.0426760606	0.2983676072
1	0.0009617424	0.1295499015	0.0064749583	0.6918260903	0.1711873075
1	0.1778773919	0.0731664512	0.1770734602	0.2387011789	0.3331815178
0	0.0291834054	0.3428242041	0.0026794242	0.6242374845	0.0010754817
0	0.2581596244	0.4684415780	0.0692803245	0.1617854633	0.0423330098
0	0.0141856250	0.2578177728	0.5398553802	0.1859651278	0.0021760942
1	0.0443364127	0.0200491217	0.0478342669	0.3016151439	0.5861650548
0	0.0427461299	0.0627559552	0.0273479855	0.0000035425	0.8671463869
1	0.3068247965	0.3519422760	0.0000021233	0.3395346708	0.0016961333
0	0.0029619653	0.0335705887	0.0386813896	0.6942012135	0.2305848429
0	0.0000000000	0.3127322912	0.0514925249	0.1208773949	0.5148977890
0	0.3454950844	0.1605120381	0.3497109951	0.0129113802	0.1313705022
0	0.7254277160	0.1289842961	0.0041739058	0.0000000000	0.1414140821
0	0.0000114626	0.0257523351	0.0135170931	0.4328932778	0.5278258314
0	0.0000000000	0.8167883656	0.0136418507	0.1666272822	0.0029425014
1	0.0217882718	0.1187834246	0.1034536273	0.5620884095	0.1938862667
0	0.0361712216	0.3025287681	0.5086203440	0.1455159470	0.0071637193
0	0.0002600340	0.0322786974	0.0000015869	0.0000940820	0.9673655998
0	0.0471017066	0.0027902104	0.9160449552	0.0310296296	0.0030334982
0	0.0319429500	0.0000009828	0.0075990848	0.5807862102	0.3796707722
0	0.1521275831	0.1215240440	0.3350953898	0.3623525474	0.0289004357
2	0.0022242476	0.5056405304	0.0089573737	0.0874821140	0.3956957342
0	0.0000000000	0.0000000000	0.9481648256	0.0476579660	0.0041772084
0	0.4544247045	0.2265228447	0.0000000793	0.2901834823	0.0288688892
1	0.8134055500	0.0267458422	0.1524605355	0.0073878911	0.0000001812
1	0.2098121517	0.1355830133	0.0002149701	0.5347745519	0.1196153130
1	0.0000079154	0.0341516174	0.7650908127	0.0000000013	0.2007496532
1	0.4069698376	0.0644993395	0.0005645779	0.4261502755	0.1018159695
0	0.2996498526	0.6998985522	0.0001636805	0.0000225380	0.0002653767
0	0.0005303142	0.7434241998	0.0501337588	0.1263259323	0.0795857950
1	0.2433522415	0.0327856255	0.0001764799	0.0362380284	0.6874476247
0	0.0300011488	0.4079807918	0.0695619252	0.4848538622	0.0076022721
0	0.1057825470	0.2998572372	0.4614614821	0.0142476103	0.1186511233
0	0.6140589473	0.0151452406	0.0467823576	0.2337495749	0.0902638796
0	0.0018201576	0.1736558777	0.0943016992	0.4745325806	0.2556896849
0	0.8838917511	0.0043311952	0.0128072248	0.0285310252	0.0704388037
0	0.1285647688	0.0268732125	0.0000087831	0.8354098138	0.0091434218
2	0.8423238061	0.0444943200	0.0234233455	0.0712532070	0.0185053214
1	0.0221324653	0.1241673850	0.7131616740	0.1405112262	0.0000272495
0	0.1756689349	0.0000000000	0.3019443280	0.3230745415	0.1993121955
1	0.0049505718	0.0235928719	0.0148549078	0.9475682674	0.0090333812
0	0.0000127396	0.1208512995	0.1581963172	0.0756961804	0.6452434633
0	0.3796513306	0.0229317053	0.0550310533	0.5151597497	0.0272261612
1	0.0764581283	0.3243980682	0.0001435626	0.3993991147	0.1996011262
0	0.0000037379	0.5336890885	0.3871532768	0.0003523316	0.0788015652
