0	0.6883131091	0.0481425719	0.1877446381	0.0516720925	0.0241275884
0	0.0646508850	0.0002126284	0.0044253979	0.9307110888	0.0000000000
0	0.1902002812	0.6396364781	0.0681032742	0.0003857699	0.1016741966
0	0.0641954855	0.0455248051	0.2310156213	0.4567882064	0.2024758817
0	0.0020179786	0.5814221712	0.2315588056	0.0066701640	0.1783308806
1	0.3890346749	0.0312037388	0.0692906667	0.3785232414	0.1319476781
0	0.0047718961	0.7432330322	0.0740366516	0.0000432853	0.1779151348
1	0.0143227980	0.1828323663	0.0000471017	0.2705141244	0.5322836096
1	0.0034363285	0.2192168252	0.7617088887	0.0002973435	0.0153406142
0	0.0005444830	0.0000012419	0.9807832314	0.0186243962	0.0000466475
0	0.5300663453	0.4047532414	0.0593675458	0.0058128675	0.0000000000
1	0.0246145671	0.0005574941	0.0050476870	0.0017275322	0.9680527196
0	0.0026419734	0.1806161622	0.2487222433	0.1692517865	0.3987678346
1	0.0000000194	0.3550523007	0.5069459421	0.1380017373	0.0000000004
1	0.6254945191	0.0000003716	0.0670398256	0.2400359010	0.0674293828
0	0.0951917784	0.6848329200	0.0828318730	0.0002407456	0.1369026829
2	0.4899614554	0.2078007434	0.2686117857	0.0057924947	0.0278335209
0	0.2010128575	0.0803768383	0.6655403452	0.0000000159	0.0530699431
0	0.0000034429	0.0042300207	0.0262207217	0.5993756381	0.3701701765
1	0.0006816050	0.1598575769	0.0925348482	0.7469176755	0.0000082944
0	0.0593572581	0.1222156192	0.6511551835	0.0502206623	0.1170512769
0	0.2706529229	0.0099164022	0.0000299306	0.1156830284	0.6037177159
1	0.0008236582	0.0701130552	0.3434425552	0.1808447431	0.4047759882
0	0.4247237605	0.0325779857	0.1266090784	0.2255064579	0.1905827175
0	0.3865374399	0.5023003036	0.0734719436	0.0259317290	0.0117585839
1	0.0000905143	0.1626453964	0.4441079789	0.0000000411	0.3931560692
0	0.3856303045	0.2269946165	0.0021214144	0.0238032785	0.3614503861
0	0.8278805302	0.0000000000	0.0000098524	0.1720825622	0.0000270553
1	0.0505443588	0.2076232004	0.0746038253	0.1497221035	0.5175065121
0	0.1238164744	0.2303806455	0.0004260232	0.5379047562	0.1074721007
0	0.5195097442	0.1549579394	0.0254197927	0.0017330823	0.2983794413
1	0.4145526611	0.3596497917	0.0206331052	0.0077332221	0.1974312198
2	0.0495317675	0.4380792550	0.1791901797	0.0000254798	0.3331733180
0	0.0903862297	0.9052129917	0.0025510772	0.0000000729	0.0018496284
1	0.4696506419	0.1683292287	0.1762399846	0.0000339403	0.1857462046
0	0.5524769608	0.0379271696	0.0642511139	0.2275034799	0.1178412758
0	0.0046271765	0.0609696531	0.0005288763	0.8734216287	0.0604526654
1	0.0000000000	0.2355557228	0.6940379896	0.0703312570	0.0000750306
0	0.0298344642	0.7824433019	0.0674972978	0.0859648543	0.0342600818
1	0.0262180301	0.7507557341	0.1245304726	0.0118469246	0.0866488385
0	0.0000195851	0.0097201370	0.0000974257	0.1255129448	0.8646499073
1	0.4171236987	0.1446510242	0.3684870776	0.0689435353	0.0007946643
1	0.3955485555	0.0283914803	0.5326066052	0.0434493746	0.0000039844
0	0.6649461292	0.0325129701	0.0053465002	0.2433276112	0.0538667893
1	0.3467946353	0.0594305601	0.3046503954	0.0346020173	0.2545223919
0	0.4249875475	0.0058243346	0.2616909387	0.3036337016	0.0038634776
1	0.7377936728	0.2085736428	0.0003501281	0.0049413833	0.0483411730
1	0.0031499415	0.0837909190	0.0041046434	0.0577915518	0.8511629443
0	0.1611375096	0.7317821874	0.0091305333	0.0161388364	0.0818109333
0	0.9337268225	0.0000000000	0.0662731775	0.0000000000	0.0000000000
1	0.9773936258	0.0148280095	0.0009957868	0.0000000000	0.0067825779
1	0.0594776782	0.0061535563	0.0000002286	0.9023942542	0.0319742828
1	0.2590198891	0.0148273210	0.0788712768	0.0700462514	0.5772352617
1	0.5824860948	0.0036863001	0.0848362693	0.2742229772	0.0547683586
0	0.9504786418	0.0060869727	0.0235130042	0.0147811341	0.0051402472
0	0.7383963949	0.0627345302	0.0002467538	0.0455241412	0.1530981799
0	0.1108762558	0.0767159370	0.5460094777	0.0004997866	0.2658985429
1	0.0000000000	0.4954221254	0.2595166257	0.0266800385	0.2183812104
0	0.0000076381	0.8169083189	0.0624646176	0.1206194255	0.0000000000
0	0.0004100707	0.0007878332	0.2731723772	0.0028200547	0.7228096643
0	0.0109052855	0.2683579851	0.0021015773	0.7111802867	0.0074548654
1	0.0238402955	0.0000000001	0.1572623562	0.7057756974	0.1131216507
0	0.0083989312	0.0020381394	0.9396382346	0.0498311226	0.0000935722
0	0.0702615638	0.0999432911	0.7999590263	0.0082222431	0.0216138757
1	0.1392621859	0.1132421685	0.0005575765	0.7416108676	0.0053272016
0	0.0275764821	0.0000068866	0.1866628655	0.0483316570	0.7374221088
1	0.2354890707	0.0223933206	0.4160239715	0.2118313334	0.1142623039
0	0.0007820002	0.2886703160	0.3548422730	0.0331268844	0.3225785264
0	0.4994524271	0.0058439575	0.3850484313	0.0949559676	0.0146992165
1	0.3955781473	0.0438556150	0.0085954608	0.0416384918	0.5103322851
1	0.0000014583	0.0400325977	0.0358871710	0.0777349194	0.8463438536
1	0.0350132278	0.0933978229	0.1860635208	0.5422703404	0.1432550882
1	0.0000876295	0.5028997270	0.3077768853	0.1892357583	0.0000000000
0	0.7635074784	0.0000193975	0.2171105277	0.0161889867	0.0031736097
0	0.0463264686	0.0000000327	0.0010828569	0.2775327731	0.6750578686
0	0.0134116815	0.0830082816	0.0000886060	0.0011420872	0.9023493437
1	0.0000010023	0.4643157993	0.4463908265	0.0154681162	0.0738242556
1	0.9470693337	0.0383259301	0.0070253529	0.0030450656	0.0045343178
0	0.6090756879	0.1061696888	0.0032316088	0.1731911761	0.1083318383
1	0.0008297735	0.0507016651	0.0002623098	0.3174278131	0.6307784384
0	0.1611645284	0.4469414665	0.2611592379	0.1282641046	0.0024706626
0	0.0116054788	0.2519317286	0.6801119688	0.0555062947	0.0008445291
2	0.0447041649	0.1060326816	0.0062472893	0.0726761641	0.7703397000
1	0.1672177006	0.0192350541	0.0585988089	0.0000000000	0.7549484364
1	0.1341318649	0.0000030750	0.8657911158	0.0000011896	0.0000727547
0	0.0023823722	0.0289819091	0.9326511468	0.0004807199	0.0355038520
1	0.4480133250	0.1560500973	0.0000942039	0.1638380473	0.2320043266
0	0.0027854216	0.5214886082	0.0134126878	0.0304194547	0.4318938277
0	0.0004993786	0.2060979573	0.5493218264	0.2433022204	0.0007786172
1	0.5636405508	0.0768932748	0.0999721284	0.0068908477	0.2526031984
1	0.1181883492	0.0005351955	0.0013877988	0.1461926583	0.7336959982
0	0.0979629074	0.5719770493	0.0069740332	0.0135691857	0.3095168244
0	0.0171703106	0.0056636324	0.0533246680	0.9186755440	0.0051658451
2	0.0340418923	0.0181201570	0.1011812795	0.0015778598	0.8450788115
1	0.0196814711	0.6587955720	0.0340576063	0.0000021659	0.2874631847
1	0.0351067715	0.1502385666	0.0559078522	0.0383570947	0.7203897151
0	0.0000516564	0.2381169095	0.1928761749	0.0077216649	0.5612335943
1	0.1082339195	0.2378373650	0.0000184733	0.0001895552	0.6537206871
0	0.0036751046	0.1586522728	0.3172263912	0.1795677494	0.3408784820
0	0.4762943197	0.0459346207	0.0245874341	0.2617016241	0.1914820015
