0	0.1513286989	0.8029398589	0.0043952073	0.0038189781	0.0375172567
0	0.2853165776	0.3354338449	0.0523508079	0.0004538692	0.3264449005
1	0.1485683997	0.4680885544	0.1445981151	0.0000000000	0.2387449307
1	0.0073266248	0.7418615820	0.0000000000	0.0418173206	0.2089944727
0	0.1156261426	0.2719241204	0.1863772835	0.3578208393	0.0682516142
0	0.1949757459	0.0462575738	0.0763024127	0.0662096491	0.6162546186
0	0.0742014668	0.2364302754	0.5658210698	0.1186617326	0.0048854555
1	0.5034887599	0.0774049593	0.0000015604	0.1029260716	0.3161786488
1	0.0019290235	0.0379041548	0.0002603306	0.0087364069	0.9511700842
0	0.1779430861	0.4279755657	0.3940761417	0.0000050731	0.0000001333
1	0.0186200769	0.0016339456	0.7425055160	0.0616732941	0.1755671674
1	0.0000002633	0.4346086611	0.2942251043	0.2415249802	0.0296409912
0	0.0194138661	0.0318962949	0.7946971755	0.0000000000	0.1539926634
0	0.0464432907	0.5564163962	0.1751165723	0.1924774791	0.0295462616
0	0.7287511934	0.0284659576	0.2391703038	0.0000000000	0.0036125452
0	0.6917936360	0.0007334109	0.0018094098	0.0353218954	0.2703416479
0	0.5060128322	0.0055111985	0.0000049118	0.4784634697	0.0100075879
1	0.1101010791	0.0115427018	0.8160139353	0.0621682589	0.0001740249
0	0.0965918582	0.2224026843	0.5165438823	0.1243138245	0.0401477507
0	0.5545239938	0.1193353692	0.0027039070	0.0002070234	0.3232297066
0	0.0505353816	0.1191334081	0.0169235002	0.3682403666	0.4451673434
0	0.9267668945	0.0028649462	0.0275284884	0.0155734202	0.0272662507
1	0.0000629801	0.2292404489	0.7178342762	0.0000000000	0.0528622948
0	0.0001725156	0.8428988046	0.0494839654	0.0163960056	0.0910487088
1	0.0722751198	0.7642615131	0.1026826989	0.0403961290	0.0203845392
0	0.3497111098	0.5073092043	0.0335785692	0.1091363460	0.0002647707
0	0.0023033556	0.5531682350	0.0054113254	0.0036395840	0.4354775001
0	0.0000000975	0.0000000001	0.0519120533	0.2689824217	0.6791054273
0	0.3687598184	0.6302054660	0.0000998475	0.0006833605	0.0002515077
0	0.6918430809	0.2357965195	0.0021116122	0.0674103735	0.0028384140
0	0.0625713734	0.2407209166	0.0000000000	0.0117232510	0.6849844590
0	0.1160288212	0.8594542136	0.0164333912	0.0003340122	0.0077495617
0	0.2538649208	0.0221881414	0.3120263142	0.4035924483	0.0083281753
1	0.0043660805	0.0360966592	0.3975378299	0.5616234475	0.0003759828
0	0.0374005943	0.0000873864	0.1537435366	0.6329556596	0.1758128231
0	0.2981011197	0.1155950342	0.3296435087	0.1144558985	0.1422044388
1	0.1285894776	0.5824715471	0.1697869886	0.1158497542	0.0033022325
1	0.1515726010	0.2382403714	0.1346953926	0.2799708638	0.1955207712
0	0.5240792758	0.0989828715	0.0000008949	0.3274868434	0.0494501144
0	0.0224852124	0.3446530993	0.2053592414	0.3073749292	0.1201275178
1	0.0406997348	0.3204153610	0.0012380090	0.0412964682	0.5963504271
0	0.6730016003	0.0161761055	0.0007832090	0.3100390852	0.0000000000
0	0.0476622003	0.0103751157	0.6228256603	0.3119492414	0.0071877823
0	0.0000091378	0.0016327845	0.1350151522	0.4991077711	0.3642351544
0	0.2454723596	0.0130958242	0.0090533972	0.3679440063	0.3644344128
0	0.3803948094	0.0000034616	0.1682750053	0.4073532047	0.0439735190
0	0.6526879651	0.2006048118	0.0151097733	0.0325379725	0.0990594773
1	0.2021867996	0.6800070286	0.0415255433	0.0239337298	0.0523468987
1	0.5543397818	0.1083261132	0.0020227903	0.0041774668	0.3311338479
0	0.0005968395	0.1037854599	0.0900226815	0.0000000004	0.8055950188
0	0.0563242409	0.1063686479	0.6307580676	0.1345441353	0.0720049083
1	0.1024193479	0.0946296451	0.1547581571	0.3344880140	0.3137048359
0	0.1890248243	0.1864034857	0.6235068299	0.0000001622	0.0010646980
0	0.1125983484	0.0012314208	0.6447664530	0.0158535737	0.2255502041
0	0.3126880826	0.1667813761	0.0197516094	0.5001650584	0.0006138736
0	0.2920316726	0.1168575427	0.3631701751	0.2104927148	0.0174478949
1	0.0027353932	0.3731593681	0.0021775895	0.0961930978	0.5257345513
0	0.0000000000	0.0253259669	0.0363177659	0.2504206599	0.6879356073
1	0.1658835439	0.2968342244	0.0851051032	0.3235169192	0.1286602093
0	0.0262016660	0.8942724413	0.0000248215	0.0342368969	0.0452641743
1	0.0000004960	0.3876142425	0.0525713029	0.5548571501	0.0049568085
1	0.0071596717	0.1032132122	0.8867789638	0.0000002164	0.0028479359
0	0.2106614837	0.0288950701	0.6391400442	0.0169586148	0.1043447872
1	0.0495117959	0.6084621373	0.2093977367	0.0000000743	0.1326282557
0	0.6052946124	0.0684076519	0.0248715757	0.2985000855	0.0029260745
0	0.0031772761	0.8452335153	0.0550766517	0.0965114505	0.0000011064
0	0.0472080191	0.0036646330	0.0249619558	0.8101974968	0.1139678953
0	0.2665177650	0.7173505456	0.0058182042	0.0000023999	0.0103110853
0	0.2859549216	0.0628218769	0.0105589467	0.6321460598	0.0085181950
0	0.4481406505	0.1214239933	0.1918691638	0.1832771812	0.0552890112
0	0.0159012347	0.0251036800	0.0414865316	0.0031348045	0.9143737492
0	0.1213999333	0.0178543746	0.0079336922	0.5782526030	0.2745593969
0	0.0843163404	0.2061053235	0.3475733595	0.3511221508	0.0108828258
0	0.0066821351	0.3485330877	0.0017687742	0.6068783211	0.0361376819
0	0.0102559395	0.5217772875	0.2349440659	0.1309617253	0.1020609817
1	0.0000013239	0.5594358479	0.2811534198	0.0193275719	0.1400818366
2	0.6587473118	0.3412515819	0.0000004352	0.0000006711	0.0000000000
1	0.6338111684	0.1392776594	0.0970747223	0.0000000000	0.1298364499
0	0.0492272598	0.1417193050	0.2749695028	0.3330731763	0.2010107560
1	0.1868666327	0.0183295061	0.0000616144	0.7191539187	0.0755883282
0	0.3610859714	0.0331658083	0.6050441569	0.0007040634	0.0000000000
1	0.0493925352	0.6144176117	0.0939434321	0.0000000005	0.2422464206
0	0.0102331262	0.7736615190	0.2063366565	0.0097686983	0.0000000000
0	0.0462143389	0.5304277582	0.2793793150	0.1439774970	0.0000010909
1	0.0153149012	0.0000000000	0.5496164897	0.0000000000	0.4350686090
1	0.1876479200	0.1316698047	0.0887118449	0.5313075592	0.0606628712
1	0.1555460075	0.3250798391	0.0365014476	0.4316752796	0.0511974261
1	0.6029727350	0.0559294710	0.0067877773	0.0004626726	0.3338473440
1	0.4826260982	0.0548015733	0.1534729041	0.3056094421	0.0034899823
0	0.1330826654	0.0695242773	0.7914621656	0.0059305865	0.0000003053
1	0.2304157226	0.0112048925	0.0001281834	0.7211562041	0.0370949974
0	0.0000006622	0.0092081665	0.9898324620	0.0009181903	0.0000405191
1	0.1532780328	0.8175815294	0.0252589984	0.0038814084	0.0000000310
0	0.0050312002	0.0041233598	0.1524140283	0.6339389804	0.2044924313
0	0.0000081284	0.0294574036	0.0256738608	0.0932493956	0.8516112116
1	0.0125438094	0.4607472587	0.1615079281	0.3646038099	0.0005971939
0	0.0102829649	0.1663465789	0.7128044898	0.0003964282	0.1101695381
0	0.1151147564	0.0000026634	0.0767912585	0.0045432026	0.8035481192
0	0.0795803475	0.0281890078	0.1484589783	0.6507537008	0.0930179655
0	0.6416086829	0.0403082435	0.0000000000	0.0000091098	0.3180739638
