0	0.0000044329	0.0500753756	0.0000079728	0.0055876310	0.9443245877
1	0.0009968400	0.0178992483	0.9721875065	0.0012796186	0.0076367865
0	0.0000000000	0.0001320062	0.0036888205	0.9961721481	0.0000070252
0	0.2032475438	0.0123076979	0.0123368126	0.0011471776	0.7709607681
0	0.1140739208	0.1810183199	0.6643223379	0.0405821409	0.0000032804
0	0.0057528880	0.4994484796	0.0000084658	0.0253102637	0.4694799028
1	0.0001199945	0.7114407513	0.1466355728	0.0507306988	0.0910729827
1	0.0152698734	0.8049657729	0.0251347618	0.1344661035	0.0201634884
1	0.0113996915	0.0004406919	0.0000008930	0.0108164576	0.9773422660
0	0.0428926926	0.0149101201	0.2424853917	0.6986353452	0.0010764503
0	0.4780195449	0.2795445898	0.1042142787	0.1382215866	0.0000000000
0	0.0123142367	0.0303587188	0.9416064666	0.0038235715	0.0118970065
0	0.0001792413	0.0023650153	0.0151129626	0.9816685606	0.0006742202
0	0.0001773934	0.0016109893	0.9982115780	0.0000000002	0.0000000392
0	0.0000028362	0.0457182486	0.0001667323	0.8836186377	0.0704935452
1	0.0216231548	0.0123977231	0.5878346030	0.0761802485	0.3019642706
0	0.0078583279	0.0953171938	0.2166880896	0.4519137853	0.2282226034
0	0.6047359886	0.0000000000	0.3924044276	0.0028577700	0.0000018138
0	0.0672562517	0.5368140122	0.2493288274	0.1119327982	0.0346681105
0	0.2515484048	0.0617702332	0.0084702138	0.0000085821	0.6782025662
1	0.0080215046	0.0159005277	0.0002251651	0.7948549936	0.1809978090
1	0.1415337697	0.6039740376	0.1506566330	0.0059034532	0.0979321065
0	0.3844457980	0.0089376810	0.4732067696	0.1333824501	0.0000273013
0	0.0351457928	0.0962535859	0.1529663466	0.6876020312	0.0280322435
0	0.0013513507	0.8023996933	0.1395493688	0.0000013249	0.0566982623
0	0.4759366388	0.4385992700	0.0285301207	0.0000893432	0.0568446274
0	0.1101357829	0.0301411368	0.0016837010	0.7972310414	0.0608083378
0	0.8609464089	0.1376499029	0.0003477074	0.0000000728	0.0010559080
0	0.2272370705	0.0261375575	0.3008987631	0.4456071264	0.0001194825
0	0.6353335315	0.1173411767	0.1905258683	0.0351367511	0.0216626723
1	0.0713290203	0.0025037331	0.7631091855	0.1596188412	0.0034392199
0	0.0697818251	0.0320089503	0.1525499248	0.3126129813	0.4330463185
0	0.4802061368	0.0055759582	0.3464306855	0.0009216542	0.1668655653
1	0.6591454623	0.0016388959	0.0000249798	0.0054610159	0.3337296462
0	0.4092927795	0.0317649696	0.0253619899	0.5326749642	0.0009052968
1	0.8531278758	0.0095995549	0.0188244373	0.1005297728	0.0179183592
0	0.1117007410	0.3383708620	0.5028977467	0.0163725677	0.0306580826
0	0.5521633507	0.0163922542	0.2721299886	0.0005818740	0.1587325324
1	0.0181458167	0.0000019501	0.9448617821	0.0350553466	0.0019351045
0	0.5859486986	0.0711916815	0.1059402264	0.0000783357	0.2368410578
0	0.2814726856	0.2667757880	0.0000000408	0.4271102725	0.0246412131
0	0.4554539590	0.2410982047	0.2701814394	0.0033621820	0.0299042149
1	0.0376582077	0.3673589906	0.4450875984	0.0010748049	0.1488203984
0	0.0023259869	0.3014640210	0.6960742885	0.0000197743	0.0001159293
1	0.1551250486	0.0627269056	0.3672466189	0.0108823710	0.4040190558
0	0.1747648845	0.1593641966	0.6133666439	0.0006131899	0.0518910851
0	0.0335505291	0.9410736324	0.0019835034	0.0058171388	0.0175751963
1	0.1682803022	0.1570804487	0.0083168148	0.0383655576	0.6279568767
0	0.1402675136	0.2730767860	0.5794987592	0.0071396637	0.0000172775
1	0.7534260818	0.0795894924	0.0242199286	0.0000000000	0.1427644972
1	0.3026924099	0.2123265466	0.0754725568	0.1926261816	0.2168823051
0	0.0044958168	0.0970679942	0.0001577737	0.8965993501	0.0016790652
0	0.0843442776	0.0062950857	0.8981249783	0.0007046775	0.0105309809
0	0.1497803282	0.0000000005	0.1171240717	0.0251854293	0.7079101704
1	0.4048521592	0.1690145484	0.0032392731	0.1654771731	0.2574168462
0	0.0335100905	0.0391125942	0.0942624269	0.8287987882	0.0043161001
0	0.0000733528	0.0000003793	0.9331118225	0.0645942582	0.0022201872
0	0.9738640213	0.0000000000	0.0023059698	0.0236137668	0.0002162422
0	0.0218433418	0.0000138073	0.5723586906	0.1885272093	0.2172569510
0	0.4905104158	0.0980544347	0.2964844866	0.0280555642	0.0868950987
0	0.0813959853	0.0001962861	0.7688658067	0.1495419219	0.0000000000
2	0.0404997073	0.8823053290	0.0298916983	0.0094652863	0.0378379790
1	0.2321013390	0.0001367861	0.5793767426	0.0948978593	0.0934872730
0	0.0000000000	0.5948550825	0.0000005629	0.2467706814	0.1583736732
0	0.0886063166	0.0001167785	0.0896782408	0.0656667666	0.7559318975
1	0.3580240243	0.0462510702	0.0115060043	0.5154136710	0.0688052302
0	0.0003946389	0.2208913728	0.0000000000	0.0140435922	0.7646703961
0	0.1282012782	0.0385639860	0.0772487244	0.0000009707	0.7559850407
0	0.0000000000	0.0665539789	0.6486690401	0.0516915285	0.2330854525
0	0.1902302966	0.0219286977	0.3952887256	0.2068501176	0.1857021625
1	0.5030671366	0.0026230250	0.0000417005	0.4047518931	0.0895162447
0	0.2130568380	0.0788065456	0.0642865836	0.6438409765	0.0000090564
0	0.4399024427	0.0606267075	0.0000000037	0.4773502583	0.0221205879
0	0.4321379077	0.2994641375	0.1809825739	0.0267284606	0.0606869203
0	0.7993605508	0.0012179054	0.0985573992	0.0166132986	0.0842508460
1	0.0721389159	0.8836116699	0.0056733069	0.0009904791	0.0375856282
0	0.0002518434	0.3093736922	0.5559684495	0.1183445987	0.0160614162
1	0.0000000042	0.5230461139	0.4203927729	0.0381336255	0.0184274835
0	0.0114891901	0.0098848070	0.2456034219	0.6103599572	0.1226626239
0	0.1256895336	0.1938771314	0.4168591653	0.0219948959	0.2415792738
0	0.0716472852	0.0003104786	0.0000000000	0.8901917921	0.0378504441
1	0.0876274884	0.0778852617	0.0000000030	0.0264880935	0.8079991533
1	0.8624523258	0.0270515654	0.0211064733	0.0236525693	0.0657370662
0	0.4262217639	0.0405747397	0.3756414640	0.1162582091	0.0413038233
0	0.0000050288	0.5083906792	0.2042984594	0.0733991204	0.2139067123
0	0.2258237051	0.0000001469	0.0724611209	0.2138519926	0.4878630345
0	0.2796253638	0.2506817485	0.0028319362	0.3064242986	0.1604366528
1	0.0087053868	0.0637813460	0.7487945439	0.0573376857	0.1213810376
0	0.3410877965	0.0000000000	0.0766870381	0.3072914437	0.2749337217
0	0.0132472843	0.0230544659	0.2723046332	0.1152594649	0.5761341517
0	0.2022719188	0.2592296646	0.3852202550	0.1532624901	0.0000156715
0	0.5819179082	0.1196199032	0.1080412496	0.1812763532	0.0091445858
0	0.3554865396	0.0116709384	0.0000924546	0.6119028911	0.0208471763
0	0.1064029370	0.0002656791	0.0000000000	0.8714240734	0.0219073105
0	0.7902780679	0.0235044770	0.0000039809	0.1861608639	0.0000526102
0	0.0799395281	0.4300541354	0.0000000013	0.1695414424	0.3204648929
1	0.1262676486	0.0208559345	0.2358867149	0.0192176315	0.5977720705
0	0.2281649503	0.0000598109	0.2704932208	0.0934640012	0.4078180168
0	0.0659582017	0.4330095402	0.0342414682	0.4667897000	0.0000010899
1	0.0115270871	0.0856968841	0.9006459909	0.0021300380	0.0000000000
