0	0.1304105435	0.0183057501	0.7492497323	0.0022844519	0.0997495222
1	0.0000016039	0.0000500110	0.0294016649	0.7281499703	0.2423967499
0	0.1065952539	0.6558195544	0.0331845164	0.0355964205	0.1688042549
0	0.2239353393	0.0000011348	0.0000145064	0.6911949492	0.0848540703
0	0.1087834048	0.7532765625	0.1377697131	0.0001703196	0.0000000001
1	0.1399697465	0.0850859978	0.4413788840	0.0273626464	0.3062027253
0	0.1014821221	0.0200188226	0.4033040400	0.3182418637	0.1569531516
0	0.2038146748	0.0715029906	0.2163170969	0.3477107147	0.1606545229
1	0.0445317515	0.0861836275	0.5024751562	0.2224082249	0.1444012398
1	0.6651621029	0.0911464102	0.2374445829	0.0062327623	0.0000141418
0	0.1832100913	0.3719126531	0.1086179560	0.1812659386	0.1549933610
0	0.0614888793	0.0238795060	0.0000138314	0.8079349371	0.1066828461
0	0.0148456302	0.1011961370	0.8774107257	0.0016851500	0.0048623572
1	0.0270318043	0.3399883551	0.3614843869	0.0120978886	0.2593975651
0	0.0393151490	0.0270575910	0.0000000000	0.6814411049	0.2521861551
0	0.2111727670	0.2127409389	0.0073154153	0.5687708788	0.0000000000
0	0.1252380694	0.1961017185	0.5790102997	0.0927877758	0.0068621366
0	0.2405139643	0.0127576062	0.0610432248	0.5396107194	0.1460744853
1	0.3718469382	0.0008228939	0.0914564147	0.5157062625	0.0201674907
0	0.0014990880	0.7823469007	0.0000000001	0.0911665544	0.1249874568
0	0.2402176768	0.5368205744	0.0000224844	0.1402080698	0.0827311946
0	0.5089480615	0.2289373714	0.1752708419	0.0858069874	0.0010367378
0	0.0279471102	0.0825418881	0.4762004620	0.3587393343	0.0545712055
1	0.0000364642	0.8533543878	0.0129055299	0.0154049678	0.1182986503
1	0.0000000025	0.4583653764	0.5252975041	0.0013501762	0.0149869409
0	0.0001885428	0.4618518175	0.5135685118	0.0066565057	0.0177346222
0	0.0024617941	0.2385028927	0.0000881023	0.7588839862	0.0000632248
0	0.6271957181	0.0003842267	0.0990991399	0.1481514561	0.1251694592
0	0.1365456682	0.0329152808	0.7273263425	0.0802541108	0.0229585977
0	0.0080264242	0.0029681705	0.0322402714	0.0588327700	0.8979323640
0	0.0241578310	0.0710560756	0.8676117013	0.0362614660	0.0009129260
0	0.0503118640	0.1066302903	0.5868097799	0.0715530449	0.1846950209
1	0.0000000000	0.3811991477	0.5840545105	0.0031636881	0.0315826537
1	0.6616230663	0.0838561669	0.1785098508	0.0000004931	0.0760104229
1	0.2670948674	0.1993144106	0.0636609937	0.4538419258	0.0160878025
0	0.1603163511	0.1201959776	0.0281446183	0.5886159898	0.1027270631
0	0.5236618207	0.2915591453	0.0000006335	0.0000036065	0.1847747940
0	0.3139969443	0.6677065918	0.0168803559	0.0009977474	0.0004183606
0	0.2827987047	0.7120709735	0.0029558033	0.0017351494	0.0004393691
0	0.3855721513	0.0760447946	0.0000000000	0.5383830541	0.0000000000
0	0.4144353739	0.0006403268	0.3675217704	0.1910696263	0.0263329027
1	0.0201003974	0.7238459316	0.0759110359	0.1801348464	0.0000077887
0	0.0000018535	0.3371234279	0.0111038467	0.1237122923	0.5280585795
0	0.1593225958	0.3718127238	0.4663196226	0.0000000000	0.0025450577
0	0.2934305594	0.5149304856	0.0285115669	0.0055427765	0.1575846116
1	0.0283295902	0.8398225273	0.0411582469	0.0905602263	0.0001294093
1	0.6481170255	0.0164642335	0.0002517828	0.0077822999	0.3273846584
1	0.3115578509	0.3314629338	0.2817462172	0.0476189649	0.0276140332
0	0.2157606800	0.1369161100	0.2562748712	0.1837026806	0.2073456582
2	0.0004234499	0.2123168564	0.1282731476	0.0562609600	0.6027255862
0	0.3385688880	0.4390981994	0.0729342637	0.1492183672	0.0001802817
1	0.0000015624	0.0209497169	0.1006363417	0.0445742790	0.8338381000
0	0.0272440982	0.4021032678	0.4622985151	0.0278968562	0.0804572627
0	0.0034337558	0.0607382047	0.0042152946	0.9316091458	0.0000035991
0	0.1101824033	0.5412310265	0.3028481249	0.0187934462	0.0269449990
0	0.0246745568	0.0000021107	0.0048486478	0.9493036889	0.0211709958
1	0.2433218964	0.2464926092	0.2142329245	0.0052203401	0.2907322297
0	0.6803083136	0.0619689495	0.2555781634	0.0008123061	0.0013322674
0	0.2704895957	0.0156952798	0.1143751179	0.5115850556	0.0878549511
0	0.2763693758	0.0116320551	0.1788859560	0.3033622493	0.2297503638
0	0.1353605907	0.5293182440	0.3353211646	0.0000000000	0.0000000006
1	0.2739920328	0.0024170594	0.0000139319	0.1971270270	0.5264499489
0	0.0095767803	0.0756098523	0.6884971435	0.0804713356	0.1458448883
1	0.0056083704	0.4230043933	0.4149881647	0.0000746519	0.1563244197
0	0.0690080334	0.1585897622	0.2046819654	0.5673129014	0.0004073377
2	0.0032878105	0.2786445674	0.1969950614	0.0173051822	0.5037673784
1	0.5582252554	0.0000000000	0.0293162845	0.3336139852	0.0788444749
0	0.3289482291	0.0179391588	0.0034955881	0.5795307869	0.0700862371
1	0.0421639534	0.2156016463	0.6515690975	0.0797175503	0.0109477526
0	0.4839874922	0.0488239780	0.1764001683	0.0003498960	0.2904384655
0	0.0134709146	0.0000018286	0.0933800286	0.7268518653	0.1662953629
1	0.0808528597	0.0845604791	0.0058219040	0.0000426417	0.8287221156
0	0.2938638254	0.0269221097	0.0874058886	0.5410687044	0.0507394719
0	0.0538821581	0.2379488572	0.0463165515	0.5461367545	0.1157156787
1	0.0084059976	0.7130110973	0.0648718155	0.1215411118	0.0921699779
0	0.1595015071	0.0000024943	0.7641130006	0.0578365301	0.0185464680
0	0.2043446867	0.0754816265	0.1784955917	0.4845098959	0.0571681992
0	0.0097164198	0.0502580998	0.0403414628	0.2540116819	0.6456723357
1	0.0011666470	0.0106843394	0.3697360090	0.6184130030	0.0000000016
0	0.0033605431	0.0426797837	0.1569345208	0.4969879034	0.3000372489
0	0.0000000045	0.0463608233	0.0002803989	0.0016124281	0.9517463452
1	0.2100089550	0.4016946615	0.0466988142	0.0176198903	0.3239776789
0	0.0000005712	0.0116763373	0.0049404152	0.1737545175	0.8096281588
1	0.6956374588	0.0040347110	0.1482516156	0.0000578517	0.1520183629
1	0.0105557120	0.1345863206	0.2224538136	0.3179720025	0.3144321513
0	0.2161739858	0.0011705199	0.0000000006	0.2677460156	0.5149094781
0	0.1181417752	0.1002054172	0.7802409637	0.0002211013	0.0011907425
0	0.0027406283	0.0675722826	0.9262074183	0.0000000000	0.0034796708
0	0.0208791486	0.2228053617	0.0273909967	0.5298396910	0.1990848019
1	0.1095704211	0.2120290711	0.0000390844	0.3434852843	0.3348761391
0	0.0000495443	0.6593372465	0.0068897280	0.2280166764	0.1057068048
0	0.0648057675	0.4256557366	0.0052502044	0.5041434337	0.0001448577
2	0.1446820210	0.0004765457	0.1372109874	0.0000845661	0.7175458798
0	0.0002876126	0.4057901092	0.0540846916	0.2746826054	0.2651549813
0	0.9079251842	0.0570037681	0.0304219663	0.0000000018	0.0046490796
0	0.2053424141	0.3197293682	0.2170012798	0.0000000000	0.2579269379
0	0.1544122538	0.0000000000	0.6707107917	0.0157228261	0.1591541284
0	0.0035515734	0.0006336564	0.6776683261	0.1433464653	0.1747999789
1	0.1574479982	0.3550011639	0.0522539755	0.3831075419	0.0521893204
0	0.0002055087	0.0016028417	0.6561271642	0.1370599843	0.2050045012
