1	0.0875016452	0.1911670283	0.0000000070	0.0087574232	0.7125738963
0	0.0000000000	0.2482891966	0.3959696400	0.1457597970	0.2099813664
0	0.3143446952	0.1324496293	0.0019179477	0.3177054555	0.2335822723
0	0.0000002609	0.4584772514	0.0005703178	0.4260322535	0.1149199164
0	0.4402068661	0.3148238539	0.0991923589	0.0096748604	0.1361020607
0	0.0036292974	0.0062149120	0.0019957347	0.9881600326	0.0000000233
1	0.0528471286	0.0220285184	0.2122487144	0.0955197001	0.6173559385
0	0.1463836577	0.0036518051	0.8234244399	0.0152146915	0.0113254058
2	0.1341305275	0.0011973082	0.1184574632	0.6822405663	0.0639741347
0	0.0848283695	0.5067954555	0.0381230505	0.0000000331	0.3702530914
0	0.0004028515	0.1144243273	0.4918380329	0.0000000000	0.3933347883
0	0.0080478989	0.0011936165	0.2734823346	0.7109451713	0.0063309787
1	0.0107805537	0.6612518433	0.2739418880	0.0540257150	0.0000000000
1	0.0022781196	0.0003220923	0.0540841507	0.6444878339	0.2988278035
0	0.7683285125	0.1389744486	0.0009770426	0.0789989142	0.0127210821
1	0.2861110738	0.0000000406	0.6995351121	0.0127523219	0.0016014516
1	0.0085079094	0.1835321742	0.0012299282	0.5686308688	0.2380991194
0	0.0426599068	0.2690056841	0.2706852684	0.3130733546	0.1045757861
1	0.0008679944	0.0016216732	0.3401114453	0.6573746311	0.0000242560
0	0.0103417395	0.4039041796	0.0056655401	0.1347422952	0.4453462456
1	0.0018670893	0.0016113635	0.1644925325	0.5715406189	0.2604883958
1	0.0357236400	0.0622271704	0.4042260514	0.0599232569	0.4378998813
0	0.0005578919	0.0000002877	0.0000000000	0.2033319914	0.7961098290
0	0.5794125097	0.3353838358	0.0000235541	0.0155464726	0.0696336278
1	0.0446730272	0.5717549447	0.0610497967	0.0670512975	0.2554709339
0	0.5793144399	0.0218929504	0.1986984138	0.0537540001	0.1463401957
1	0.0004539132	0.0030435312	0.6159680596	0.0579156652	0.3226188308
0	0.2242566077	0.4713754448	0.0442742837	0.0010510634	0.2590426003
0	0.0069660477	0.0647161975	0.2365756652	0.4472315409	0.2445105487
0	0.5708500464	0.0347391419	0.0048500717	0.2787823156	0.1107784244
0	0.8790271831	0.0691938991	0.0058723541	0.0263853210	0.0195212427
0	0.0303673978	0.0588897342	0.0018444467	0.3939697239	0.5149286975
1	0.0232876923	0.9749330005	0.0010000378	0.0003231374	0.0004561320
0	0.0091985967	0.0014494750	0.0551354788	0.3746291402	0.5595873093
1	0.5449084351	0.0049018183	0.0000000030	0.0908335664	0.3593561772
0	0.0009962579	0.5490448020	0.1512177069	0.0007747123	0.2979665208
1	0.1675718077	0.1152140343	0.3634097316	0.2057325186	0.1480719078
0	0.0262953355	0.0005199146	0.9684016531	0.0000692319	0.0047138648
0	0.6077862122	0.0250280346	0.0656127352	0.0115296019	0.2900434161
1	0.2405089102	0.0000000001	0.1351377511	0.2041786727	0.4201746659
0	0.0452329885	0.5883274097	0.0100703560	0.0255798430	0.3307894028
0	0.1195089061	0.2163945686	0.0457773284	0.5238474438	0.0944717531
1	0.1195329889	0.0021118861	0.2376651840	0.4587010745	0.1819888666
0	0.8171792727	0.0011670977	0.1681540668	0.0001774062	0.0133221566
0	0.4973365186	0.0000000000	0.0000069287	0.5018055982	0.0008509545
1	0.5761054425	0.3573880575	0.0396618337	0.0047681728	0.0220764934
0	0.2513609234	0.0001262282	0.0061616207	0.0000000000	0.7423512277
0	0.0853992241	0.9115759605	0.0001189222	0.0000035393	0.0029023540
0	0.6250295799	0.0000000146	0.0855862956	0.0185653460	0.2708187638
2	0.6025532112	0.0115785944	0.0000000000	0.2765269932	0.1093412011
0	0.3285584739	0.6115902072	0.0262738268	0.0176253087	0.0159521833
1	0.3612334919	0.4517490427	0.1632469550	0.0212916760	0.0024788344
2	0.1741404745	0.0000583948	0.0131928948	0.0000000169	0.8126082190
0	0.0365162081	0.5022981179	0.3269083021	0.1102955835	0.0239817884
0	0.0000000252	0.0163841316	0.1610792639	0.5919094180	0.2306271613
1	0.0183134523	0.1825775400	0.5680150103	0.1436405920	0.0874534054
1	0.1701675117	0.1034971507	0.0034082133	0.0613361272	0.6615909971
0	0.0029026837	0.0000000000	0.4345219555	0.0016688760	0.5609064849
0	0.0140789681	0.3555638379	0.0000000000	0.4755425017	0.1548146923
0	0.0411709461	0.4380883812	0.0048573059	0.5057012556	0.0101821111
0	0.0099100215	0.0370155042	0.2702004163	0.6825577658	0.0003162921
1	0.0003715696	0.2022822080	0.5590083581	0.0235286589	0.2148092054
1	0.0435925010	0.0690673079	0.8670608088	0.0154919714	0.0047874110
1	0.2672018340	0.3108155017	0.1586707139	0.0017796889	0.2615322616
0	0.6541345611	0.0003942084	0.3011607800	0.0400565450	0.0042539054
0	0.1868442214	0.0309091424	0.0019124570	0.6307157617	0.1496184176
1	0.0225393461	0.2154594775	0.3301150127	0.0008477803	0.4310383834
1	0.1283049728	0.0000070601	0.0354039939	0.1401346116	0.6961493616
1	0.0151503565	0.4963345590	0.0110017660	0.4689299079	0.0085834106
0	0.3413760044	0.0626635459	0.0197138749	0.5762464861	0.0000000887
1	0.0326452121	0.1286201209	0.0000156510	0.8387189204	0.0000000956
1	0.0404882794	0.0020603884	0.9063064539	0.0275216392	0.0236232390
0	0.4715210554	0.0927541265	0.0061659823	0.4295571780	0.0000016578
0	0.0055760726	0.0665474987	0.6031995319	0.0867872422	0.2378896545
0	0.2166783821	0.5582269852	0.0395564485	0.0454347434	0.1401034409
0	0.0079504648	0.2545085716	0.0922044990	0.6434968311	0.0018396335
0	0.1474703630	0.7609575966	0.0563717214	0.0318521872	0.0033481318
0	0.2552401746	0.0020956712	0.0000000000	0.0152681031	0.7273960510
0	0.2630650509	0.3765946331	0.3598967857	0.0002672604	0.0001762699
1	0.5433612034	0.1393809138	0.1838612445	0.0341892525	0.0992073859
1	0.0361913457	0.0104779117	0.7891114946	0.1555208029	0.0086984451
1	0.7665455089	0.0109870716	0.0188319339	0.0000000000	0.2036354856
0	0.0162132103	0.0286122233	0.0716236878	0.7920704279	0.0914804508
1	0.2103542341	0.0405562041	0.5072281985	0.0550155446	0.1868458186
0	0.2181705532	0.2403031114	0.1659857254	0.3538016857	0.0217389243
1	0.0003682266	0.0300230111	0.6494403746	0.2784992308	0.0416691568
0	0.0275367263	0.1371393430	0.8208693554	0.0144297070	0.0000248682
1	0.0006181475	0.0016579537	0.9832223822	0.0117887772	0.0027127394
0	0.0004910001	0.0022365621	0.0542680233	0.9278810317	0.0151233827
1	0.9079052036	0.0903839048	0.0000000000	0.0014620138	0.0002488777
0	0.1889196932	0.2059576979	0.0251225553	0.1302751473	0.4497249064
0	0.0000003682	0.0548081064	0.8863475103	0.0586317869	0.0002122281
0	0.0124926702	0.0664218786	0.0307414130	0.2824106488	0.6079333894
0	0.4419857221	0.0982727012	0.3860237780	0.0737177987	0.0000000000
1	0.0002013206	0.0307347950	0.4085086959	0.0131740887	0.5473810997
2	0.2088058257	0.3990165683	0.2067225011	0.0479327174	0.1375223875
0	0.4747124890	0.4590667827	0.0008597904	0.0605283786	0.0048325594
0	0.7138985000	0.2545368672	0.0301736987	0.0000000000	0.0013909341
0	0.0004074896	0.3165598782	0.0043279275	0.2878985712	0.3908061335
1	0.3764950114	0.0816442561	0.0107092452	0.1504980242	0.3806534630
