0	0.0000000000	0.0059149787	0.0000000116	0.0000001603	0.9940848493
0	0.1079161466	0.0013679380	0.0490439758	0.7697738813	0.0718980582
1	0.8050097124	0.1006354149	0.0510125563	0.0408817185	0.0024605979
0	0.2751329132	0.0262324378	0.5651972304	0.0836959675	0.0497414510
0	0.6823044850	0.0434880642	0.0986704576	0.0110677041	0.1644692890
0	0.0979203176	0.0059219929	0.0221695512	0.0814815102	0.7925066281
0	0.0006724512	0.1730876140	0.7190358639	0.1066902873	0.0005137836
0	0.0589516690	0.8401841655	0.0806279732	0.0201640550	0.0000721373
1	0.0246223896	0.6652109615	0.1753090188	0.1348576142	0.0000000159
0	0.0117460689	0.0188963190	0.0467081977	0.2220411729	0.7006082415
0	0.0546050341	0.5445098885	0.1424718555	0.2205445925	0.0378686293
0	0.0031327411	0.0332126908	0.0263224723	0.0071562098	0.9301758860
0	0.0054100311	0.2924140691	0.6353387154	0.0007989991	0.0660381851
0	0.5552458206	0.4155746289	0.0127937547	0.0163799702	0.0000058255
1	0.3768563868	0.5102581956	0.0062219701	0.0000219713	0.1066414761
0	0.0887439795	0.1057982761	0.3638322607	0.2762748926	0.1653505911
1	0.0000001189	0.0069408263	0.0439358610	0.7832189399	0.1659042539
1	0.0037438233	0.7104364531	0.0311667198	0.0248111520	0.2298418519
0	0.4476137470	0.0000070702	0.3883795608	0.1328353174	0.0311643046
0	0.0000000095	0.0000048398	0.0103148038	0.4401851940	0.5494951528
0	0.0000257552	0.7322460757	0.0345248902	0.0495870401	0.1836162388
0	0.0232291020	0.4614446253	0.0755499055	0.0905168053	0.3492595619
0	0.0473925978	0.0971333504	0.1599005017	0.0017246233	0.6938489268
0	0.0093633659	0.7474847148	0.0244065389	0.2187453804	0.0000000000
0	0.0000000082	0.2504839725	0.1264722057	0.5473583025	0.0756855110
0	0.0803230441	0.0203738011	0.5858025221	0.0000124048	0.3134882280
1	0.0000314638	0.1750568223	0.1992908353	0.0026365060	0.6229843725
0	0.0987245161	0.3563358772	0.3861071096	0.0131255788	0.1457069182
0	0.0122176455	0.4503330665	0.2958884143	0.0527078119	0.1888530618
0	0.0322377792	0.0060917455	0.0114014864	0.3684368595	0.5818321294
1	0.0259667291	0.1896490891	0.5916948372	0.1781766851	0.0145126595
1	0.6090721973	0.0002957745	0.1956697278	0.0000001076	0.1949621928
0	0.3103890701	0.0022805455	0.5502733071	0.0614789190	0.0755781583
0	0.0063159146	0.0000262095	0.0185212230	0.0001074821	0.9750291708
1	0.0158417364	0.5598515412	0.1483093612	0.0254471132	0.2505502480
0	0.0726978985	0.0027729046	0.0032187048	0.8616182254	0.0596922667
0	0.8506670409	0.0087414558	0.1311173644	0.0036788869	0.0057952520
0	0.1691851741	0.0000001054	0.6213463963	0.0000000029	0.2094683213
2	0.5979461357	0.1941375721	0.0911374486	0.0491762174	0.0676026263
0	0.9012299027	0.0812297647	0.0175278460	0.0000113851	0.0000011015
1	0.0022468711	0.6779052387	0.0004101793	0.0000000197	0.3194376913
1	0.0031867789	0.0000211534	0.5063352285	0.4189381852	0.0715186540
0	0.0638819780	0.0430811787	0.4342908086	0.0954861487	0.3632598860
0	0.6434247377	0.0136677624	0.2990125075	0.0000043761	0.0438906163
0	0.0936141580	0.2624360522	0.5970306995	0.0000000017	0.0469190887
1	0.5018232619	0.0000000000	0.3804925196	0.1060822462	0.0116019723
0	0.7911686928	0.1265182328	0.0055244123	0.0767886621	0.0000000000
1	0.0000050721	0.7395559578	0.0059298023	0.0038898421	0.2506193256
0	0.0116058257	0.2690820245	0.1267632810	0.5523211005	0.0402277685
0	0.1180699079	0.0000020265	0.0312794239	0.8506486290	0.0000000128
0	0.0002461108	0.0060753237	0.6672196924	0.1104790068	0.2159798663
1	0.7082447076	0.0959997876	0.0658566939	0.0000000084	0.1298988025
1	0.1877771054	0.0006751006	0.2690728643	0.3628996026	0.1795753271
0	0.1490288004	0.0342548671	0.0661272903	0.7505890231	0.0000000191
1	0.1336050943	0.1495688729	0.0042434359	0.0136874916	0.6988951053
0	0.0000000006	0.4997654113	0.0889075920	0.0649480136	0.3463789824
0	0.0011919186	0.0539747544	0.0020598244	0.0000110330	0.9427624697
1	0.0060114646	0.0076427132	0.9850477045	0.0012784390	0.0000196787
0	0.2890847998	0.5861745603	0.0004722249	0.0763276199	0.0479407950
1	0.4364135912	0.0247994518	0.2494528331	0.2661671830	0.0231669409
1	0.1434796392	0.2443059607	0.0000806806	0.3295943053	0.2825394142
1	0.0703754818	0.0047274522	0.0229309682	0.7647036821	0.1372624157
1	0.0378388947	0.0000004094	0.8643277873	0.0140456224	0.0837872862
0	0.0006186350	0.0161581639	0.6805405969	0.3026776187	0.0000049855
1	0.0253776163	0.1032855761	0.6889247239	0.1392570507	0.0431550330
0	0.0002466268	0.1367074608	0.6648347761	0.0058875577	0.1923235786
0	0.0515546440	0.9177419990	0.0223347454	0.0000005313	0.0083680803
1	0.1017430515	0.4183841245	0.2931382058	0.0511784879	0.1355561302
1	0.0400195960	0.0073397381	0.7458985584	0.0004410699	0.2063010377
1	0.0674049593	0.7567364725	0.0469750959	0.1005448911	0.0283385811
0	0.1217097064	0.0026879329	0.5904762962	0.2698308109	0.0152952536
2	0.6711143354	0.1202737758	0.0913714767	0.0000029990	0.1172374131
0	0.1026761757	0.0064562604	0.8530576132	0.0256513274	0.0121586234
1	0.0251894240	0.0154918130	0.0021144291	0.7420051632	0.2151991707
1	0.0095485930	0.7639377495	0.0254141519	0.1995404550	0.0015590505
1	0.0057600030	0.9751134052	0.0170384792	0.0004789022	0.0016092103
0	0.4380026972	0.0009442999	0.3143301374	0.2464046400	0.0003182255
0	0.0638255184	0.0000000159	0.0237041775	0.1719722391	0.7404980490
1	0.0000000000	0.0874318559	0.1987175269	0.6610023802	0.0528482369
0	0.0000855937	0.7613643183	0.0000017026	0.0002337621	0.2383146233
0	0.0687714580	0.2755757241	0.0898745784	0.2549777846	0.3108004549
0	0.0438767109	0.0471235999	0.4585572403	0.2919152414	0.1585272075
1	0.0011139238	0.0169665121	0.3013430552	0.0300864308	0.6504900782
0	0.5194285569	0.1625892955	0.0000417351	0.1359232773	0.1820171352
0	0.1641586252	0.6810942160	0.0651632965	0.0114651605	0.0781187019
0	0.0971964866	0.4327058765	0.0087623820	0.4504744704	0.0108607845
0	0.4117498622	0.0024223075	0.3226238727	0.1408145245	0.1223894330
1	0.1504845361	0.6755189526	0.1408527721	0.0216526064	0.0114911328
1	0.0398624440	0.1115524161	0.1797284894	0.0901837258	0.5786729247
0	0.2567404388	0.0163192458	0.6616794240	0.0652596013	0.0000012901
1	0.0035143156	0.6642765976	0.0769386235	0.2473546411	0.0079158223
0	0.1035696024	0.7592701408	0.0163567040	0.0141132951	0.1066902576
2	0.6422101706	0.2225169988	0.1345965213	0.0006762468	0.0000000625
0	0.1168461548	0.8791613200	0.0039925100	0.0000000022	0.0000000131
0	0.2645876344	0.0522342250	0.4864109514	0.0019466180	0.1948205712
0	0.0743814242	0.3544815259	0.0818440218	0.4876350504	0.0016579778
1	0.5353553856	0.0000000000	0.1229817206	0.1908129234	0.1508499704
0	0.0892629058	0.0403883982	0.5051329035	0.2421694118	0.1230463807
1	0.0075853659	0.1466799234	0.8445435282	0.0000000026	0.0011911798
0	0.0050839995	0.0020616520	0.8714222828	0.0966960439	0.0247360218
