0	0.0004661545	0.0485406716	0.8473772481	0.0089191402	0.0946967856
0	0.0000002558	0.0167571166	0.0372102446	0.0451914904	0.9008408925
0	0.0360640395	0.0907647921	0.7977643212	0.0714034447	0.0040034025
1	0.0117241506	0.2342250292	0.3524341394	0.4001949733	0.0014217076
0	0.2039592587	0.0001628523	0.7388666416	0.0570111247	0.0000001227
0	0.1213218474	0.1398638142	0.0022711862	0.0037114524	0.7328316999
1	0.0209186752	0.1528395298	0.6858917037	0.1267315329	0.0136185584
0	0.5905660693	0.1114160010	0.2146609657	0.0125741357	0.0707828283
0	0.4473188891	0.0690192990	0.4030787946	0.0001714944	0.0804115229
0	0.6333121890	0.2540340213	0.0250566286	0.0087984497	0.0787987115
1	0.0164739454	0.5851838870	0.0342622427	0.0652986613	0.2987812636
1	0.0000317768	0.7265019585	0.0195945697	0.2534819598	0.0003897353
0	0.0229704462	0.0463265270	0.0781216498	0.0000002049	0.8525811722
0	0.2537918771	0.7251567124	0.0197233382	0.0000023121	0.0013257602
0	0.0034665902	0.0397118697	0.0000000000	0.1870726250	0.7697489150
0	0.0118012402	0.1849364462	0.2906233990	0.0004554179	0.5121834966
0	0.2257405202	0.4576006288	0.3166583896	0.0000001385	0.0000003228
0	0.0385941749	0.0419556293	0.0933237540	0.7700323764	0.0560940655
0	0.0000026471	0.2706841786	0.2607440834	0.4471413484	0.0214277424
0	0.0598762818	0.0206393415	0.0010395346	0.7401630628	0.1782817793
1	0.0612057521	0.1885856034	0.3640071168	0.3113529183	0.0748486094
1	0.2113110304	0.1062678147	0.1687893351	0.0199010597	0.4937307601
0	0.0036892629	0.0282719168	0.0115305676	0.0252775967	0.9312306561
1	0.0000000000	0.0000121995	0.2136354700	0.5073688241	0.2789835064
0	0.0003777896	0.0384758776	0.8155494056	0.1272943130	0.0183026143
2	0.0599085860	0.0000068441	0.0000001306	0.9400242291	0.0000602101
1	0.1911544961	0.1202477485	0.5248248880	0.0083010300	0.1554718374
0	0.0249842859	0.2102807404	0.0307217483	0.7332956675	0.0007175578
0	0.9043993204	0.0000945921	0.0095400311	0.0673590926	0.0186069639
0	0.0000000000	0.0099929966	0.0000028196	0.9899848221	0.0000193616
1	0.0408540204	0.1345259019	0.0417328926	0.7827727786	0.0001144066
0	0.2321698958	0.0337279959	0.5149285530	0.2191735554	0.0000000000
0	0.1112908913	0.0156676930	0.0029571473	0.5222038425	0.3478804260
0	0.0080143817	0.2937261163	0.2076513213	0.3948834458	0.0957247348
1	0.2368563843	0.5318200743	0.1499879154	0.0784085521	0.0029270739
0	0.0000086755	0.0813462744	0.7962889717	0.0068612158	0.1154948625
0	0.3241831864	0.3480968961	0.0886895850	0.0210199054	0.2180104272
0	0.0469154239	0.0000000000	0.0122149036	0.0349223183	0.9059473542
0	0.2787708494	0.0117896879	0.0000000028	0.6511112392	0.0583282207
0	0.0532909828	0.0344747466	0.0618901089	0.0410309828	0.8093131789
0	0.1494404649	0.0027843763	0.0092936671	0.2280394439	0.6104420477
1	0.6883330730	0.0000036041	0.0023850148	0.2292056082	0.0800726999
0	0.2732313448	0.1646995676	0.0974418906	0.0009223280	0.4637048690
0	0.0026052640	0.9942104917	0.0000650526	0.0001412584	0.0029779333
1	0.1625981386	0.5285110961	0.2447492138	0.0003522057	0.0637893458
0	0.2014141875	0.5993796188	0.0081030851	0.0000141459	0.1910889627
1	0.1015202295	0.0000000195	0.1774895849	0.0241626950	0.6968274711
2	0.1568607628	0.1037611050	0.4084416172	0.3309256178	0.0000108972
2	0.0202840111	0.7857106588	0.0215055214	0.1724998087	0.0000000000
0	0.6943572556	0.2045910398	0.0002761956	0.0152863328	0.0854891762
1	0.0000000000	0.0044976589	0.8501126047	0.1285103147	0.0168794216
1	0.1187703265	0.0315636231	0.0112320880	0.8357106511	0.0027233113
0	0.0041324964	0.0000117757	0.0145442721	0.0458528289	0.9354586270
0	0.6572560434	0.0329157218	0.0082704415	0.2214783718	0.0800794215
1	0.0002837307	0.4491434358	0.0000033655	0.0012113128	0.5493581552
2	0.0177229509	0.0070035120	0.0290119555	0.9383742518	0.0078873297
1	0.3115527159	0.0002622052	0.1247969569	0.0084720580	0.5549160641
0	0.0169172883	0.0001140543	0.6760966456	0.0005436215	0.3063283902
0	0.4616646446	0.1553002961	0.2264543333	0.0842412178	0.0723395082
0	0.0079184714	0.3135893851	0.0609704973	0.4831786818	0.1343429644
0	0.5038127183	0.1217849785	0.0614963169	0.0000198572	0.3128861291
0	0.1937502491	0.4058416913	0.0002381676	0.3999076936	0.0002621984
1	0.0357221882	0.5877947875	0.0042739015	0.3508130312	0.0213960916
0	0.0674562516	0.0380229708	0.0615228946	0.0000000296	0.8329978534
0	0.0000035581	0.0342257386	0.0000000000	0.2644548116	0.7013158917
1	0.0281881281	0.0009983380	0.2627054380	0.1353495052	0.5727585907
2	0.1202014464	0.2456176752	0.0034600478	0.1760461468	0.4546746837
0	0.0025345765	0.9943003180	0.0000173225	0.0000077286	0.0031400544
0	0.1179844608	0.3145623839	0.0256444935	0.4054386278	0.1363700340
0	0.0585034490	0.0000000000	0.1090548185	0.3610921929	0.4713495397
0	0.0000000569	0.9841047397	0.0086792808	0.0072159226	0.0000000000
1	0.7330354998	0.0029850120	0.0275283270	0.0141730750	0.2222780862
1	0.0014784668	0.0650798684	0.0088761440	0.2072744477	0.7172910731
0	0.0474394060	0.1022733005	0.2537850448	0.4322186136	0.1642836351
0	0.6751297982	0.0441693095	0.2511384072	0.0007977748	0.0287647103
0	0.4476767747	0.0158566776	0.0185387083	0.5179236919	0.0000041475
1	0.8811933853	0.0253449679	0.0000120578	0.0876653990	0.0057841899
2	0.2219873774	0.0000038023	0.0735752208	0.0500684063	0.6543651933
0	0.0000000075	0.8051219027	0.0292337006	0.1649203478	0.0007240415
1	0.0000000000	0.8631963480	0.0491002526	0.0037240963	0.0839793031
1	0.0000002559	0.1218787538	0.0301981651	0.8351937544	0.0127290708
0	0.0150698742	0.0000000294	0.9489392947	0.0159401383	0.0200506635
0	0.1496581226	0.5744854446	0.0804752415	0.1953811884	0.0000000029
0	0.0483201484	0.2720559173	0.2721778842	0.4000939447	0.0073521054
2	0.7933949932	0.0002595800	0.1356883604	0.0706555900	0.0000014765
0	0.7933562698	0.0145324355	0.0012723608	0.0246354895	0.1662034443
1	0.0002293549	0.8229074463	0.1513635953	0.0179242586	0.0075753448
0	0.2018213689	0.0062816962	0.1289603310	0.0030916411	0.6598449627
1	0.0027864996	0.9558413261	0.0054143426	0.0207565860	0.0152012458
0	0.0000003239	0.0068169264	0.0784676825	0.3817379572	0.5329771099
0	0.5510700643	0.1040628329	0.2976448916	0.0018336662	0.0453885451
0	0.0005745054	0.0000175866	0.6606430494	0.2366458293	0.1021190293
1	0.4043199948	0.0058896796	0.0000000000	0.0000042251	0.5897861005
0	0.0101426233	0.0002111792	0.8215759499	0.1334343178	0.0346359298
0	0.0742056567	0.0002661291	0.0125702965	0.8669746033	0.0459833144
0	0.0002527722	0.3841546914	0.6102214046	0.0000000017	0.0053711300
0	0.0661041116	0.0003853274	0.0319718329	0.8948898529	0.0066488753
0	0.4752341310	0.0000000000	0.0016808642	0.0000000000	0.5230850048
1	0.1205948078	0.5140384369	0.2118889134	0.0159650037	0.1375128383
0	0.0391293463	0.0064505031	0.9523633423	0.0020568083	0.0000000000
