1	0.0080938367	0.0008841067	0.1962573337	0.4878582703	0.3069064527
0	0.3294048781	0.1442708185	0.4723791316	0.0336470216	0.0202981503
1	0.0000005570	0.0001224133	0.0089215473	0.0376988063	0.9532566762
0	0.2331080778	0.0042444874	0.0011774178	0.0000017825	0.7614682345
1	0.0000968057	0.0860805263	0.0186802808	0.8492520938	0.0458902934
0	0.0008485588	0.0199588858	0.7689244507	0.0682005266	0.1420675782
0	0.5475401141	0.0012702855	0.0000861412	0.4385396880	0.0125637712
2	0.0000000000	0.0347819248	0.5073406477	0.4458109445	0.0120664830
0	0.5203589612	0.0022714529	0.0896306362	0.1315055953	0.2562333545
1	0.2391529651	0.6974511445	0.0009970327	0.0174706903	0.0449281674
2	0.4366131903	0.0349567373	0.4223257690	0.0657185584	0.0403857449
0	0.9113589103	0.0647080723	0.0011182353	0.0085186430	0.0142961391
0	0.5973033204	0.2126002608	0.0000000001	0.1892799064	0.0008165124
1	0.2175968938	0.0150626579	0.1264452938	0.3954151205	0.2454800339
1	0.7016870346	0.1068028087	0.0000000000	0.1820392462	0.0094709105
0	0.2434129509	0.3205024478	0.0504023773	0.3344982366	0.0511839874
0	0.2085743621	0.0433978910	0.6393093232	0.0502523205	0.0584661033
0	0.0002417220	0.1337780686	0.0179178684	0.0575804184	0.7904819227
0	0.0817611614	0.1902278581	0.5914941934	0.0709240470	0.0655927401
1	0.1415599931	0.1013804580	0.4869647594	0.0495928846	0.2205019048
1	0.0234773042	0.0793303963	0.0855556807	0.0743605896	0.7372760291
1	0.0349241786	0.0126708084	0.0116938957	0.0920712875	0.8486398298
1	0.5086566942	0.0001851034	0.0209167800	0.4702307513	0.0000106710
1	0.5958405584	0.3484438737	0.0000000992	0.0557154687	0.0000000000
0	0.4875418901	0.0007184360	0.2101235213	0.1855221971	0.1160939555
0	0.0007497660	0.0000237096	0.0812814974	0.6695122880	0.2484327390
0	0.0258831470	0.0260833913	0.4106887827	0.4703067318	0.0670379472
0	0.8013053519	0.0047117568	0.1767123238	0.0172705661	0.0000000014
0	0.0363311125	0.8228426698	0.0757713684	0.0650548493	0.0000000000
1	0.3865181756	0.0404180987	0.3645153401	0.0006662755	0.2078821102
1	0.0021123033	0.5747120602	0.1515228605	0.0087127005	0.2629400755
2	0.0102386574	0.4069035371	0.1545260464	0.0025236026	0.4258081565
0	0.0630864255	0.2881866852	0.5365082793	0.0620479660	0.0501706440
0	0.0874323687	0.0355970722	0.5023583902	0.0024089350	0.3722032339
1	0.1026297582	0.3760185815	0.1999273827	0.3129462202	0.0084780574
0	0.0350073649	0.5940658724	0.3707236993	0.0001981024	0.0000049610
0	0.0565913826	0.4122909776	0.4294012171	0.0942098239	0.0075065987
1	0.0998185442	0.1849620441	0.1142893538	0.5169346956	0.0839953623
0	0.0149007166	0.1009057139	0.8414291655	0.0202396050	0.0225247991
0	0.0009131864	0.0068092206	0.0140201645	0.0000000008	0.9782574277
0	0.1631668287	0.6192779498	0.0690564489	0.1287661730	0.0197325996
0	0.1787864687	0.3107672972	0.0147154345	0.4889337330	0.0067970666
0	0.3532480561	0.4346100123	0.1066629827	0.1054546600	0.0000242889
1	0.4462535139	0.1318286368	0.0262573733	0.3931528391	0.0025076369
0	0.0582578303	0.7751501424	0.0127024621	0.1538013907	0.0000881745
0	0.0103767847	0.1192425699	0.1059205313	0.5506182995	0.2138418146
0	0.0678282829	0.2044010363	0.5722755497	0.0000000000	0.1554951311
0	0.0412090042	0.0523427363	0.0056139536	0.7704214772	0.1304128287
0	0.0000083747	0.0038975076	0.0000002627	0.2129082646	0.7831855905
0	0.0001162813	0.9527858318	0.0023054745	0.0203925492	0.0243998632
1	0.9566688932	0.0079302979	0.0308278712	0.0045680670	0.0000048707
1	0.0221620043	0.1528713658	0.1575938934	0.3424813694	0.3248913671
0	0.1354854840	0.0000012750	0.4380673750	0.1076291025	0.3188167636
1	0.0936586145	0.2221428286	0.0000000000	0.5029432211	0.1812553359
0	0.4067735194	0.1203596708	0.0326082138	0.3543982065	0.0858603895
0	0.1013327930	0.4889197150	0.1121611614	0.0005629104	0.2970234202
0	0.0806301348	0.1526466454	0.3103315756	0.4457301454	0.0106614988
0	0.3286070218	0.0021507288	0.4021516044	0.0042159623	0.2628746827
1	0.0025644106	0.4464169268	0.0051253782	0.3486144016	0.1972788828
0	0.4170737523	0.3890574868	0.0000898339	0.1915409759	0.0022379511
0	0.0088967130	0.5932655352	0.2198961496	0.0619583560	0.1159832462
0	0.0000049936	0.0000812378	0.3691116221	0.0093326546	0.6214694920
0	0.3366260598	0.2400570757	0.0712830518	0.0009331930	0.3511006197
0	0.4362411650	0.3372585712	0.0040241073	0.0322804724	0.1901956842
0	0.7333145682	0.0262547185	0.2387028804	0.0000248214	0.0017030115
0	0.0000527694	0.0377170511	0.8962721144	0.0134985505	0.0524595145
1	0.0091890150	0.8204875591	0.0528822235	0.1174403266	0.0000008759
1	0.0202093225	0.0000000000	0.4929217964	0.1381526033	0.3487162778
0	0.4180751386	0.1659023012	0.3121090662	0.0187194238	0.0851940702
0	0.0002788226	0.0314407852	0.0069389911	0.0563498452	0.9049915559
0	0.0000014852	0.0699546544	0.0583652273	0.7675949645	0.1040836686
0	0.3647874567	0.0510626080	0.5248575775	0.0592923498	0.0000000080
1	0.0012852478	0.7121284317	0.1108931761	0.0666733344	0.1090198101
0	0.1261023054	0.6809418858	0.0582637257	0.0594108226	0.0752812605
1	0.1696495051	0.0004837402	0.0000000000	0.1990296349	0.6308371198
0	0.1187168055	0.0914218195	0.0285636231	0.7272431655	0.0340545864
0	0.0046277345	0.9767204363	0.0070919682	0.0109402343	0.0006196265
0	0.7176491540	0.1375084418	0.0000237542	0.0029850734	0.1418335766
1	0.3544216428	0.0297146574	0.5564072373	0.0000000000	0.0594564625
0	0.0302670355	0.0625897723	0.1890262814	0.6564292363	0.0616876744
0	0.5273851456	0.0003870035	0.4314598840	0.0019834628	0.0387845041
1	0.6148160421	0.0006010140	0.1004304888	0.0160251748	0.2681272803
0	0.2084827670	0.0014398334	0.6498621787	0.1401876034	0.0000276175
1	0.0093596099	0.0670793449	0.0602130473	0.1969267988	0.6664211990
0	0.0573628376	0.0013502489	0.7114939909	0.2292956846	0.0004972380
0	0.0493822211	0.0897776234	0.6233761316	0.0472610807	0.1902029432
0	0.0028111756	0.0063139298	0.8866303865	0.0712913048	0.0329532033
1	0.5582199958	0.1643085817	0.2772180160	0.0000398332	0.0002135733
1	0.0185440142	0.0851347586	0.2609149265	0.0116319893	0.6237743113
0	0.1318932877	0.0015601724	0.0012591957	0.8650352915	0.0002520526
0	0.3936169063	0.0196714982	0.3561854225	0.0549063405	0.1756198326
0	0.1364026206	0.0346427826	0.7760838571	0.0013349684	0.0515357713
0	0.3320588971	0.4710165418	0.1321738863	0.0001343548	0.0646163200
1	0.0009608507	0.0050147304	0.0042253943	0.0476110110	0.9421880135
0	0.0000000000	0.6694458661	0.2549922297	0.0754644186	0.0000974856
0	0.0004288553	0.9608691032	0.0167645323	0.0219350361	0.0000024732
0	0.0000046964	0.4294672115	0.1893941293	0.1379584051	0.2431755578
0	0.0729276339	0.4460619619	0.4810104042	0.0000000000	0.0000000000
0	0.0464340861	0.3171656234	0.0401849446	0.5952100484	0.0010052975
0	0.6001567381	0.3317723123	0.0275215250	0.0005161333	0.0400332913
