1	0.1510073399	0.0039794909	0.0000111094	0.0026468429	0.8423552170
0	0.0206734937	0.4912802773	0.4645291893	0.0020670225	0.0214500172
1	0.0407006717	0.0008806483	0.0936086207	0.4889179979	0.3758920614
1	0.2564867273	0.0948690712	0.0999950425	0.1507959203	0.3978532387
0	0.0818013539	0.0043037215	0.0219474019	0.4163662771	0.4755812455
0	0.8571716046	0.0031399960	0.0718100175	0.0239738030	0.0439045789
0	0.1592308646	0.6582988257	0.1824297351	0.0000000003	0.0000405743
0	0.6080038546	0.2430788524	0.0213334167	0.0361632741	0.0914206021
0	0.7868511408	0.0000000000	0.0530238963	0.0653048529	0.0948201099
1	0.0090879003	0.1485798394	0.0000000027	0.2102298894	0.6321023682
0	0.0003231039	0.5899144898	0.0007078152	0.3608545941	0.0481999969
0	0.3322293249	0.0051579515	0.0000671559	0.0070857201	0.6554598476
1	0.1516111265	0.0768246144	0.0058569429	0.7106998701	0.0550074462
0	0.0004424434	0.0001246250	0.0175017052	0.9819290771	0.0000021493
1	0.6222088247	0.0213407242	0.0000000000	0.1590378329	0.1974126182
2	0.1850201041	0.1579199946	0.0000000000	0.0008625253	0.6561973760
0	0.0000282978	0.1487615842	0.0001826965	0.7883784338	0.0626489877
0	0.0000000000	0.1525045560	0.3072072963	0.5335613419	0.0067268057
0	0.3423910322	0.0007570735	0.0763035629	0.1585681191	0.4219802123
1	0.1408899145	0.0220088964	0.0035055840	0.0001069537	0.8334886514
0	0.2027488244	0.5182293510	0.0009777812	0.0044710858	0.2735729577
1	0.0606020373	0.0088245666	0.0000080435	0.0010613793	0.9295039733
1	0.2815883372	0.3091666618	0.0010342166	0.3446181624	0.0635926221
1	0.2604994607	0.2269077104	0.0059105780	0.1901946656	0.3164875853
0	0.1066509967	0.8637480390	0.0000834564	0.0000572510	0.0294602568
1	0.8240432804	0.0158632372	0.0006661301	0.0000000000	0.1594273522
1	0.2092289543	0.0375734265	0.0774525087	0.0192747245	0.6564703859
0	0.0676112510	0.0136062938	0.0986263685	0.1228968577	0.6972592290
1	0.3980838836	0.0978364393	0.0914304637	0.0101860316	0.4024631818
0	0.1954340008	0.0306065498	0.7561766278	0.0051150363	0.0126677853
0	0.1796485635	0.6868931873	0.0000000219	0.0936100552	0.0398481721
0	0.0925643601	0.0494155931	0.5007638311	0.2899397187	0.0673164971
0	0.0194745637	0.0302986070	0.5075819860	0.4166831259	0.0259617175
0	0.6470662948	0.0417758194	0.0000000007	0.0015895655	0.3095683195
0	0.0024512329	0.3208543345	0.5704616262	0.0301718839	0.0760609225
0	0.7919757149	0.0601007558	0.0109118723	0.1366109875	0.0004006695
0	0.3449167235	0.0881010963	0.5358390525	0.0311299569	0.0000131709
0	0.0000027732	0.6952933173	0.2887255024	0.0159783944	0.0000000127
0	0.2429946140	0.0214452226	0.1574178960	0.1998318594	0.3783104079
1	0.0301479380	0.0679647636	0.0043226521	0.0635982760	0.8339663703
0	0.0146665362	0.6143946007	0.0007302409	0.0070338514	0.3631747708
0	0.0732628559	0.1815287836	0.5076329810	0.0029063118	0.2346690677
0	0.3888555900	0.1531062170	0.0631359092	0.3839702542	0.0109320295
0	0.0314578106	0.1611363086	0.0365083876	0.1654922525	0.6054052407
0	0.0475048663	0.0749001066	0.7187156877	0.0591636995	0.0997156400
0	0.0052264929	0.2659520833	0.7165849726	0.0122320338	0.0000044175
1	0.0698762899	0.0270078691	0.0835682033	0.0082714654	0.8112761723
0	0.8044670687	0.0000000010	0.0787141524	0.0144729452	0.1023458327
0	0.1088816377	0.0003694350	0.2446189920	0.5669962892	0.0791336461
0	0.0010133076	0.6111626894	0.0897487648	0.2941275398	0.0039476983
1	0.0358639967	0.0999699400	0.0049395871	0.0447620179	0.8144644583
1	0.0000014939	0.0000090578	0.0523458940	0.0000000010	0.9476435533
2	0.0238397535	0.0152643026	0.0007023426	0.0009510962	0.9592425051
1	0.0016446375	0.3152076629	0.0000000000	0.4208987116	0.2622489879
0	0.1489894835	0.7643654601	0.0493423203	0.0315658639	0.0057368722
0	0.3961387524	0.0346844297	0.2294570519	0.0000000053	0.3397197607
2	0.4064516796	0.0830875993	0.0000149139	0.0000140674	0.5104317399
0	0.5433672576	0.0990166701	0.0744098532	0.0290624839	0.2541437352
1	0.0714343350	0.5509961134	0.0117386213	0.0062638057	0.3595671246
0	0.0000000002	0.2041757921	0.2680371236	0.5273196476	0.0004674364
1	0.0016031472	0.1270512861	0.0288996625	0.0142419319	0.8282039724
1	0.0680343562	0.3637852711	0.0000005874	0.0000000000	0.5681797853
1	0.2586455148	0.0776311151	0.0718263603	0.0301241226	0.5617728873
0	0.4087128844	0.0921342645	0.4641321646	0.0336137817	0.0014069048
0	0.3717272953	0.0447264787	0.3045340423	0.2036088707	0.0754033131
1	0.0008312844	0.4911233712	0.0021895601	0.0368855853	0.4689701990
0	0.0703298109	0.5456238364	0.0029984890	0.3631431282	0.0179047355
1	0.0000000000	0.1057482697	0.4768970190	0.3398055829	0.0775491283
2	0.0045286148	0.0132877112	0.0001068905	0.0000772516	0.9819995319
0	0.0002479577	0.0056865394	0.3884474586	0.2931376360	0.3124804083
1	0.2871829245	0.3415867324	0.1943551572	0.1253514496	0.0515237363
0	0.0899011807	0.0363708644	0.0000000209	0.6762832786	0.1974446555
1	0.2900535802	0.3935794172	0.0641219275	0.0407056571	0.2115394180
0	0.7102274294	0.0064073789	0.1927906915	0.0372977769	0.0532767233
1	0.3638850834	0.2106325051	0.0000674490	0.0000000002	0.4254149623
1	0.0003616255	0.4148916036	0.0017431036	0.0013810305	0.5816226368
0	0.0198085016	0.1550418710	0.4204051153	0.0133856356	0.3913588766
0	0.0000036270	0.0000083795	0.2370508603	0.0000005227	0.7629366105
1	0.0070167405	0.0000047508	0.0000000000	0.0003796001	0.9925989086
1	0.0000000000	0.9937569794	0.0030494988	0.0000000541	0.0031934677
1	0.4548118571	0.0183348635	0.0000016110	0.0255867858	0.5012648826
1	0.5374428665	0.1400259220	0.0092172720	0.0000000000	0.3133139396
1	0.1803094405	0.6008320554	0.0000120024	0.1321376190	0.0867088827
0	0.4225387439	0.2675290834	0.1234706084	0.1092018922	0.0772596721
0	0.0222672351	0.4648382706	0.0014914306	0.4875355505	0.0238675133
1	0.0004891239	0.4232802087	0.3284886270	0.2281387156	0.0196033248
0	0.0125489541	0.0956509524	0.4631431764	0.4283485798	0.0003083373
0	0.0603764093	0.2462267867	0.6933947974	0.0000014187	0.0000005878
0	0.0000006195	0.0800753209	0.1096104458	0.7945208114	0.0157928025
0	0.0000000000	0.2206288423	0.0000005325	0.5736849784	0.2056856468
0	0.3669933125	0.2551606224	0.0017189949	0.0000363524	0.3760907177
0	0.0000000286	0.0001018750	0.5581749597	0.4388642238	0.0028589129
1	0.1701086655	0.3267272889	0.0605429535	0.0968366868	0.3457844054
1	0.0266166346	0.0397785853	0.0000167983	0.1715343696	0.7620536123
1	0.0001424472	0.8785414558	0.0056729302	0.0033701653	0.1122730015
0	0.7090025308	0.2420338243	0.0061542482	0.0290048218	0.0138045749
0	0.1951319688	0.0379807424	0.3015152884	0.4596000035	0.0057719968
1	0.7445909776	0.0547978788	0.0000000000	0.0004147060	0.2001964376
2	0.0929044057	0.3339897552	0.0000000018	0.0010473292	0.5720585081
0	0.0278999765	0.6435909844	0.0406237186	0.2822174570	0.0056678635
