0	0.0595386009	0.0224092177	0.8264778719	0.0000132660	0.0915610435
0	0.0319781775	0.1182579083	0.0000000176	0.0395824939	0.8101814028
0	0.3612815867	0.6048809796	0.0196550215	0.0000000973	0.0141823148
0	0.0004211691	0.0003082805	0.7973888278	0.2018817226	0.0000000000
0	0.0000017496	0.1667394335	0.0000166456	0.8332363243	0.0000058470
1	0.0000007998	0.0313777461	0.0123250797	0.1322960706	0.8240003039
0	0.1874329835	0.0003901060	0.0995905894	0.2382996914	0.4742866297
0	0.4325873413	0.0013810942	0.3739100665	0.0000010318	0.1921204661
0	0.0000000007	0.7778671317	0.0107878141	0.1418048304	0.0695402231
1	0.0142691665	0.8846570529	0.0001627979	0.0934311629	0.0074798197
0	0.0043723436	0.7195968694	0.0034845218	0.2704559290	0.0020903362
0	0.0000000001	0.0999749708	0.0592436811	0.0002400640	0.8405412839
1	0.0308326666	0.2126348535	0.0144190355	0.0009115406	0.7412019038
1	0.0433780834	0.0027250691	0.0000126144	0.1881333360	0.7657508972
1	0.0251041458	0.0028364749	0.0000000000	0.0000000000	0.9720593793
0	0.1873018516	0.0000000000	0.0176852795	0.7753081587	0.0197047102
0	0.1240811801	0.0264502181	0.2637490292	0.0474716129	0.5382479596
0	0.0000000000	0.1817818914	0.0265224430	0.7887913834	0.0029042822
1	0.0016257948	0.5310873766	0.3956276543	0.0147329846	0.0569261897
1	0.0032464805	0.0000000000	0.0830913120	0.0000616005	0.9136006071
0	0.1584275410	0.1799369387	0.0252801125	0.6352916872	0.0010637206
1	0.4194541316	0.4333360816	0.0000000000	0.0085034617	0.1387063251
0	0.1961436102	0.0828822783	0.1853521711	0.3198484304	0.2157735099
1	0.7329635534	0.1726782052	0.0899505094	0.0043100350	0.0000976969
1	0.1189591237	0.0467620995	0.0000000000	0.0001184126	0.8341603642
0	0.2134935117	0.4167067013	0.0844971465	0.1078031159	0.1774995246
0	0.0832269625	0.0378374721	0.6681792536	0.1320561544	0.0787001574
0	0.3149433938	0.3293963903	0.1562981731	0.0863262005	0.1130358423
2	0.0012722209	0.2180806102	0.0766878216	0.0037500443	0.7002093029
0	0.4409523917	0.2336141009	0.2602391999	0.0607402579	0.0044540496
0	0.0392797365	0.2835840708	0.0078464293	0.1219638654	0.5473258980
1	0.0033008284	0.7614054117	0.0001712754	0.0029162550	0.2322062296
0	0.0000000446	0.0000000000	0.9958349314	0.0028574069	0.0013076171
2	0.0924108952	0.2831947877	0.0077977239	0.5375647980	0.0790317952
0	0.0751708753	0.0000054624	0.4504761109	0.1045017439	0.3698458075
0	0.0600035608	0.2833232488	0.2314228065	0.1873712598	0.2378791242
0	0.0022259811	0.0320382575	0.0152355793	0.2283733864	0.7221267957
0	0.0003242504	0.1003178988	0.2597626648	0.3729955152	0.2665996707
0	0.3042290910	0.6266409847	0.0689277214	0.0000000000	0.0002022029
0	0.1649699890	0.2756382726	0.0800881380	0.3200321161	0.1592714842
0	0.0046961953	0.0000328827	0.0017326108	0.8413310908	0.1522072203
0	0.1776162488	0.0781382352	0.0555759886	0.0444802816	0.6441892458
2	0.0074246818	0.0911853827	0.0018935826	0.0069212982	0.8925750548
0	0.6103359220	0.0971293326	0.1323966204	0.0881725968	0.0719655283
1	0.3633062934	0.0042503119	0.0007788758	0.4327651790	0.1988993399
0	0.1180683076	0.0000000412	0.1505500185	0.1089727948	0.6224088378
0	0.0340937026	0.0076376502	0.1686318978	0.0202512567	0.7693854927
0	0.0112184524	0.2510161133	0.2112129762	0.3198543487	0.2066981095
0	0.0000000000	0.0629516992	0.1126109019	0.6285301766	0.1959072223
1	0.1431556208	0.7199850253	0.0000000000	0.1159298633	0.0209294906
1	0.0080215980	0.0431238182	0.0004820547	0.0139382339	0.9344342953
0	0.4632737050	0.1862915741	0.2426519219	0.0080524958	0.0997303031
0	0.2744748196	0.3306960445	0.0870742776	0.0137629223	0.2939919361
0	0.9851050082	0.0015742944	0.0000000000	0.0082835866	0.0050371109
0	0.4242056222	0.3010820283	0.0162167577	0.0175128216	0.2409827701
1	0.0600850877	0.0993499279	0.1407595382	0.2281033628	0.4717020834
0	0.0238569971	0.3846746857	0.0069710602	0.4664199843	0.1180772727
0	0.0000387121	0.0539429568	0.2879487814	0.6340822951	0.0239872545
0	0.2340079567	0.3844749471	0.0120525115	0.0369784730	0.3324861118
1	0.0629485209	0.7266840129	0.0009424158	0.0000000000	0.2094250504
1	0.0183758987	0.4837225264	0.0122377040	0.0000000035	0.4856638673
0	0.0135615157	0.0001225234	0.1419787424	0.0427996962	0.8015375224
1	0.2896284725	0.0032414835	0.0100504218	0.0119395125	0.6851401097
1	0.7154997896	0.1973858600	0.0000003340	0.0106873781	0.0764266382
0	0.0728772554	0.0506419448	0.2525896563	0.0188044331	0.6050867104
1	0.0000000414	0.7891772607	0.0102682300	0.0537436068	0.1468108611
0	0.0142355791	0.0768628443	0.0002663409	0.0137257017	0.8949095340
0	0.0646590301	0.0263018198	0.0002707314	0.2572125981	0.6515558206
1	0.5905755457	0.1776436797	0.0435044738	0.0000000189	0.1882762818
0	0.3590139615	0.1622043555	0.0017699670	0.0259233740	0.4510883420
1	0.2370581096	0.0003344250	0.6467583755	0.0050670994	0.1107819905
0	0.0000000021	0.0000048625	0.1797147156	0.7344996809	0.0857807389
1	0.0712332912	0.4760595484	0.3376062729	0.0175955016	0.0975053859
0	0.6243268599	0.0519142875	0.0859688780	0.0337211047	0.2040688698
0	0.0018060884	0.1173058879	0.2927599826	0.5178682420	0.0702597991
0	0.6141789607	0.0029442021	0.0000000005	0.3828156675	0.0000611693
1	0.3336561585	0.0673938180	0.0006550850	0.0021363374	0.5961586010
1	0.0041787017	0.9128491551	0.0397972163	0.0017790666	0.0413958602
0	0.4042661970	0.2817990076	0.0000765797	0.1712864299	0.1425717858
0	0.2611176337	0.0713673407	0.2653259539	0.1130219284	0.2891671434
0	0.2507369731	0.1307607335	0.4251488717	0.0073843000	0.1859691217
0	0.0006384402	0.2578109489	0.6959524232	0.0033956722	0.0422025154
0	0.8417262088	0.0229093340	0.0025185641	0.0303954594	0.1024504336
0	0.1211325411	0.1308398229	0.0006376279	0.0590945985	0.6882954096
0	0.1081893537	0.1450916707	0.0225492768	0.6408989417	0.0832707571
1	0.2138621334	0.0859138719	0.0000138435	0.1260701361	0.5741400151
0	0.0000057874	0.0015210951	0.4964964796	0.4668300717	0.0351465662
1	0.0214400005	0.0496286948	0.0093310203	0.0000000091	0.9196002754
0	0.4356806635	0.1615114848	0.2103918365	0.0000000000	0.1924160151
1	0.0669133118	0.3396367394	0.4556121425	0.0031673077	0.1346704986
0	0.0043944030	0.4989484791	0.0181322948	0.2957479738	0.1827768493
0	0.0628102275	0.5263628766	0.0399158426	0.3709110532	0.0000000001
1	0.0013448461	0.0011998554	0.0000380348	0.0019966590	0.9954206048
1	0.0012444449	0.0525115936	0.0216685700	0.0578125358	0.8667628557
0	0.0017186311	0.0784646606	0.7968318882	0.0866130294	0.0363717906
0	0.0001576696	0.8060632459	0.0535010446	0.0963471002	0.0439309396
0	0.0000005938	0.0094674747	0.1324208384	0.8581110931	0.0000000000
0	0.5926288662	0.0001323546	0.0002088185	0.4068636677	0.0001662930
0	0.4631607739	0.0000143231	0.3093470059	0.0160212796	0.2114566175
0	0.0411048197	0.2653284318	0.0179949721	0.4037035134	0.2718682631
