1	0.0717842124	0.0001971088	0.0643966618	0.0298850520	0.8337369649
2	0.0286779260	0.5344271413	0.0835662082	0.0000213971	0.3533073274
0	0.0164647035	0.0145616031	0.0372398315	0.2648373908	0.6668964710
0	0.0301576052	0.0023364428	0.0736284862	0.1255704903	0.7683069756
0	0.0258864713	0.1336253177	0.0098006136	0.7979827690	0.0327048285
0	0.0707845139	0.1133595732	0.5162933083	0.2250609918	0.0745016128
0	0.0000035034	0.0592328698	0.0758168563	0.1932062197	0.6717405509
1	0.2381299011	0.4243254474	0.0000000426	0.0012279501	0.3363166588
0	0.1158309841	0.2112415157	0.3970428140	0.1124665129	0.1634181734
0	0.1088022420	0.7663243313	0.0062923151	0.0362778672	0.0823032443
0	0.0448138356	0.0000000000	0.3283417391	0.1928498377	0.4339945875
0	0.0080221296	0.0941837622	0.1691213403	0.3835268322	0.3451459356
0	0.0340305740	0.1415051533	0.3255594776	0.2836291057	0.2152756895
0	0.0297408264	0.1589229605	0.5987732252	0.2097088834	0.0028541044
0	0.2578126092	0.0622773596	0.3603501200	0.2344188450	0.0851410661
0	0.0377132622	0.0261480926	0.0000186647	0.9331626963	0.0029572841
1	0.5530045408	0.0000005049	0.0002054182	0.4069622675	0.0398272685
0	0.0456908088	0.0000001343	0.8126388656	0.1120249126	0.0296452788
0	0.0000000002	0.5169876077	0.0000000033	0.4830123888	0.0000000000
0	0.0154656276	0.0796353762	0.1945271786	0.7099448274	0.0004269903
0	0.8802366115	0.0000000000	0.0040925259	0.0167664502	0.0989044124
1	0.7577694719	0.0105979588	0.0623867356	0.0311100422	0.1381357915
1	0.2613266100	0.2920170856	0.3479783873	0.0441421628	0.0545357543
0	0.1342024147	0.2983058256	0.4261898389	0.0867919754	0.0545099454
0	0.1762010770	0.0005522090	0.0000056693	0.0012494111	0.8219916336
1	0.0867753481	0.1195163301	0.2536694550	0.0000000005	0.5400388664
1	0.0023871585	0.0002349356	0.0000012287	0.0565466324	0.9408300448
1	0.0000019773	0.0192295957	0.0133961795	0.0128437180	0.9545285294
0	0.1440293838	0.2526663024	0.6033010636	0.0000004286	0.0000028216
0	0.0252851924	0.0333279236	0.1991226789	0.0380784058	0.7041857993
1	0.1866179813	0.6665749732	0.0054785014	0.0049641058	0.1363644382
1	0.2932933184	0.4535580049	0.0653882651	0.0401129190	0.1476474925
0	0.0151899639	0.8129340985	0.1217898534	0.0223949850	0.0276910992
2	0.0293864067	0.1297437873	0.0038600724	0.1208873233	0.7161224103
1	0.0009862173	0.1929307773	0.2849512535	0.0717850264	0.4493467254
1	0.0016534949	0.1523512003	0.1073940727	0.0000000005	0.7386012316
0	0.0000012714	0.3717955444	0.5085608483	0.0001544220	0.1194879140
1	0.0025253117	0.6965184368	0.0003952187	0.0000002249	0.3005608080
1	0.0512403174	0.3206040246	0.1611598685	0.0000083979	0.4669873916
1	0.0912551423	0.0136697650	0.0446780368	0.1287127317	0.7216843242
0	0.0031646779	0.0029244103	0.5270260201	0.2789840785	0.1879008131
0	0.0204941505	0.1112772389	0.1217156582	0.0051995748	0.7413133776
0	0.0031173612	0.6451467616	0.1870424272	0.0075044365	0.1571890135
0	0.3317811409	0.3025003760	0.1957349031	0.1688817112	0.0011018688
0	0.8165738883	0.0052079454	0.1531222707	0.0239994925	0.0010964031
0	0.0111033537	0.0517415832	0.8013793797	0.0000765211	0.1356991623
1	0.0036002576	0.0014596284	0.0574699641	0.0000000003	0.9374701496
0	0.0000000683	0.9506460166	0.0022372853	0.0471166298	0.0000000000
0	0.0466427902	0.2171772561	0.6189954871	0.0050759413	0.1121085252
0	0.0127382515	0.0035442813	0.0824553847	0.0446701282	0.8565919544
1	0.5291466603	0.0420785013	0.0053716161	0.1279237840	0.2954794383
0	0.0250518855	0.8542028384	0.1135540427	0.0071912334	0.0000000000
1	0.0026418411	0.3786245789	0.0017427769	0.1230716995	0.4939191036
0	0.2829784833	0.1244928954	0.0071118115	0.5854168098	0.0000000000
0	0.3950898328	0.5777372947	0.0144219551	0.0000091150	0.0127418024
0	0.2086962694	0.7002082244	0.0000000000	0.0910347530	0.0000607532
0	0.0939983630	0.4639329402	0.1256020495	0.3164282491	0.0000383982
0	0.1671357786	0.0000000828	0.0288472766	0.0440107495	0.7600061126
0	0.1650707639	0.0353802829	0.1011289406	0.0000000010	0.6984200116
0	0.0000000000	0.0635738599	0.0196631994	0.8520262206	0.0647367201
0	0.5977712716	0.0209745182	0.2452270664	0.1360271231	0.0000000206
0	0.1219392341	0.1216941843	0.0010784677	0.2999359796	0.4553521342
1	0.0004420441	0.2848250359	0.2385211529	0.0581966193	0.4180151478
0	0.0263686587	0.0017983742	0.0727689108	0.0050429747	0.8940210817
0	0.0087718469	0.1859001583	0.5912829594	0.0934944449	0.1205505905
0	0.0060059382	0.0000035108	0.1854611173	0.8084076548	0.0001217789
1	0.2230723649	0.0244362593	0.0000000583	0.2295661845	0.5229251330
0	0.0000003601	0.0069334316	0.4595726421	0.0000000270	0.5334935393
0	0.0352517969	0.0013432043	0.1481141841	0.0000304482	0.8152603665
1	0.0302828587	0.5301680898	0.0075409585	0.0341015290	0.3979065640
2	0.6458203416	0.0139605354	0.0060900002	0.0343783211	0.2997508017
0	0.2681348204	0.0000000000	0.2307570910	0.1325659047	0.3685421840
0	0.0002502590	0.4769604721	0.0550051338	0.1894933511	0.2782907840
0	0.2919151571	0.2544702202	0.2073024626	0.2461557605	0.0001563996
0	0.3095581081	0.1227603852	0.0013108660	0.5595051714	0.0068654693
1	0.6453788255	0.0000004187	0.2369328056	0.0000000255	0.1176879247
0	0.1145053873	0.7012515426	0.0132104518	0.0495364926	0.1214961258
0	0.3528747175	0.0011342110	0.0152013596	0.0048080312	0.6259816806
1	0.3633026650	0.0000060306	0.0000000000	0.4807264577	0.1559648467
0	0.0007835695	0.0045652211	0.0000000000	0.0421514630	0.9524997464
1	0.2997324098	0.1648308957	0.0535466405	0.0001994387	0.4816906153
0	0.0067097448	0.0738037511	0.0000000004	0.7756143383	0.1438721653
1	0.0000733293	0.5433376373	0.0002140250	0.3848962194	0.0714787890
0	0.2980384327	0.1433301736	0.4764548532	0.0821752781	0.0000012624
1	0.1352511094	0.3390365555	0.1983171388	0.0843807252	0.2430144711
1	0.0003936711	0.3824550205	0.1663637983	0.0002592987	0.4505282114
0	0.7507710095	0.0067986334	0.0000000180	0.2243316388	0.0180987003
0	0.1579268346	0.5266454604	0.1269826550	0.0000571870	0.1883878631
0	0.2352494148	0.0004070700	0.3192461642	0.3517181617	0.0933791893
1	0.3497832684	0.3079088856	0.0109408497	0.0000000000	0.3313669963
0	0.0289214188	0.0575703816	0.9074402083	0.0059617835	0.0001062077
1	0.0127866714	0.9155299072	0.0542033517	0.0044079391	0.0130721306
0	0.0916304232	0.1711790871	0.0760802758	0.6611098415	0.0000003724
0	0.0120787721	0.0029775485	0.7506073475	0.0063295960	0.2280067359
0	0.2374447968	0.0457859585	0.2433816669	0.0531557881	0.4202317898
0	0.6686543385	0.3020430893	0.0002637013	0.0289991479	0.0000397230
0	0.5720883086	0.0000857923	0.0642776564	0.0000602966	0.3634879461
0	0.7168457602	0.0362468252	0.1479596707	0.0001121574	0.0988355865
1	0.0000847708	0.0329010763	0.0006164624	0.0000001609	0.9663975296
1	0.0427296180	0.8552164966	0.0001929074	0.0895619557	0.0122990224
