0	0.0000108681	0.7527046100	0.0006908120	0.2457096091	0.0008841008
1	0.0004613753	0.4207226090	0.0000000003	0.0000000003	0.5788160152
0	0.0185841975	0.1214806314	0.2529245479	0.1697706235	0.4372399997
1	0.5188113805	0.2118098503	0.1805896932	0.0000049104	0.0887841655
0	0.0000000231	0.2641041234	0.5882209671	0.1430784036	0.0045964828
0	0.5023161337	0.3904370624	0.0814673595	0.0015577699	0.0242216746
0	0.0003411365	0.1170567989	0.3576378877	0.3128354321	0.2121287448
1	0.2322384466	0.0258517734	0.0145111515	0.0000000000	0.7273986285
1	0.1378831154	0.3858702951	0.0005092109	0.0540733889	0.4216639897
0	0.2039133177	0.0000001179	0.1307580512	0.0329883034	0.6323402098
0	0.0253504670	0.0029647055	0.5884897836	0.0000000133	0.3831950306
0	0.0152103969	0.0000000368	0.0010546768	0.0579933198	0.9257415696
1	0.0256447357	0.8926228889	0.0530464614	0.0000000000	0.0286859140
0	0.0072364743	0.0396060979	0.5949627418	0.3429555922	0.0152390938
2	0.0065692806	0.0055517278	0.0086335289	0.0003788425	0.9788666202
0	0.2143173958	0.0006701729	0.0509706941	0.5964800008	0.1375617364
0	0.0532447184	0.2653950512	0.6320980638	0.0434955471	0.0057666195
0	0.6051967611	0.0000000000	0.0094673620	0.3803780554	0.0049578215
0	0.3454071317	0.0886574957	0.0052039730	0.2024125391	0.3583188606
0	0.0000000000	0.0013217911	0.8398431607	0.1579371399	0.0008979083
1	0.0527782199	0.0060373088	0.0206120170	0.1197296083	0.8008428460
0	0.3115907481	0.4789596545	0.0363828916	0.1529258315	0.0201408743
0	0.1352258124	0.0000000106	0.8488025435	0.0002545953	0.0157170382
0	0.0001902216	0.1865519427	0.1884539158	0.0000000000	0.6248039198
2	0.0339117356	0.1180503959	0.0000216033	0.0387160930	0.8093001722
0	0.2400396557	0.1244134860	0.5652771627	0.0482485522	0.0220211433
1	0.2800118052	0.2623102211	0.0425512574	0.0092013155	0.4059254008
1	0.0008415202	0.1765715293	0.0000389408	0.6746198739	0.1479281359
0	0.0059047397	0.0420135929	0.3930316645	0.5586948777	0.0003551252
1	0.5860629452	0.3529967827	0.0306167365	0.0096631968	0.0206603387
1	0.6553781407	0.0000186178	0.2960330890	0.0482210820	0.0003490705
1	0.0071116874	0.0085828421	0.0146898281	0.0000000035	0.9696156389
0	0.3142772892	0.0000000000	0.3800923965	0.1515988905	0.1540314238
1	0.1865720936	0.0020882916	0.0847279287	0.0348925067	0.6917191794
1	0.6982536610	0.0588831322	0.0255483508	0.0421760477	0.1751388083
2	0.0526520692	0.0297338986	0.0000000000	0.0119248309	0.9056892013
0	0.0217968547	0.3374719821	0.2530309052	0.1719143971	0.2157858609
1	0.0013051289	0.0169932889	0.0271626133	0.8151833326	0.1393556363
0	0.4896895108	0.2837190355	0.0645230432	0.1605100114	0.0015583992
0	0.5312415202	0.0715774870	0.0228255760	0.0131129304	0.3612424863
1	0.0016103697	0.5507503554	0.0005549262	0.0350768361	0.4120075125
0	0.0257613909	0.0158160099	0.2553710303	0.0144797639	0.6885718050
0	0.3344542195	0.1031502605	0.3045787205	0.1816296169	0.0761871826
0	0.0145243885	0.5327623662	0.0852614454	0.1976237162	0.1698280837
2	0.0013064619	0.0879928511	0.0063312339	0.0000163556	0.9043530975
0	0.0123638264	0.8570438130	0.0444260084	0.0000212996	0.0861450526
1	0.1067927828	0.0962489367	0.0260073679	0.0897669004	0.6811840122
0	0.2092015052	0.3940691520	0.3721841137	0.0241674345	0.0003777946
0	0.5805294903	0.0279253611	0.3908251443	0.0007183125	0.0000016918
0	0.7670792725	0.0010549238	0.0015343583	0.2303297384	0.0000017070
0	0.7151685787	0.0000373873	0.0230711880	0.2604683333	0.0012545127
1	0.1195966446	0.2231799530	0.0208437260	0.0300937615	0.6062859148
0	0.0000001101	0.3225693316	0.1191870570	0.2806048842	0.2776386171
0	0.1703656627	0.5146278868	0.1244240088	0.0000024962	0.1905799455
1	0.0617273244	0.0007256499	0.0129952054	0.0017605073	0.9227913130
0	0.0227219906	0.2060915391	0.0000342480	0.2052324891	0.5659197333
0	0.0393929340	0.7660682485	0.0426238013	0.0036779608	0.1482370554
0	0.3318150912	0.2889101306	0.0125182756	0.3077153508	0.0590411518
1	0.0612696275	0.3745825784	0.1226966512	0.0022663705	0.4391847724
0	0.0078279530	0.6429524897	0.0049182214	0.1078313985	0.2364699374
1	0.0305416998	0.3093787038	0.2360719056	0.0000000000	0.4240076908
1	0.9412334335	0.0015863339	0.0016852958	0.0001276117	0.0553673252
0	0.0214970219	0.0003206073	0.0983221782	0.0022912576	0.8775689351
2	0.2632539490	0.2327774346	0.0014983125	0.0000000000	0.5024703039
1	0.0007895840	0.4530571281	0.0907122575	0.0170242666	0.4384167639
1	0.2561841592	0.0001609473	0.2695275161	0.1787581895	0.2953691879
0	0.0068841738	0.0530510919	0.3961351971	0.0435678687	0.5003616686
0	0.0186252668	0.6133854527	0.0017106426	0.1691853782	0.1970932597
1	0.7929714130	0.0000001179	0.0001560226	0.0717411173	0.1351313292
0	0.8706200552	0.0860877823	0.0250629161	0.0000421823	0.0181870642
0	0.0045696256	0.9950982772	0.0002323566	0.0000217082	0.0000780324
0	0.7217632032	0.0302999770	0.2155556313	0.0131755427	0.0192056458
0	0.0524812451	0.2716339197	0.0000036109	0.1917644909	0.4841167334
0	0.3071497755	0.4714009156	0.2056534060	0.0125662066	0.0032296964
0	0.0973336718	0.0730896831	0.2309472280	0.5688686012	0.0297608160
0	0.0450622947	0.1793640573	0.1798905028	0.0189383508	0.5767447945
0	0.5888691631	0.1288232491	0.0470402053	0.2333442178	0.0019231647
0	0.0004068529	0.2551131974	0.3247743344	0.1809251771	0.2387804381
0	0.6536463268	0.1040450773	0.0819418127	0.0729605159	0.0874062673
1	0.0000000001	0.6754055560	0.0681030209	0.2534480280	0.0030433951
0	0.3014224290	0.2101711591	0.0006925948	0.1268123705	0.3609014465
0	0.0000000000	0.0769461252	0.8436701062	0.0047854762	0.0745982924
1	0.2624711697	0.4998921564	0.0191211466	0.0001173997	0.2183981275
0	0.0000044752	0.0929427812	0.2311275650	0.0716115797	0.6043135989
0	0.0001713776	0.3983226727	0.4810787432	0.1204272065	0.0000000000
1	0.6045572180	0.0258105450	0.2257507848	0.1152286412	0.0286528110
0	0.0790367108	0.2457028292	0.0000113750	0.0005571162	0.6746919688
1	0.0000606979	0.8480440116	0.0000007574	0.0171680409	0.1347264922
1	0.0009529088	0.0824986040	0.2606472499	0.0096047523	0.6462964851
1	0.2406706009	0.0342756806	0.0000000000	0.0161194603	0.7089342582
0	0.0049003466	0.0355943237	0.6634444193	0.0611702812	0.2348906291
0	0.0114690806	0.0791032588	0.0001660082	0.4368954316	0.4723662207
0	0.2448487518	0.0756373491	0.0381207476	0.6158972334	0.0254959181
1	0.0116529332	0.0220141288	0.0143662015	0.0000000001	0.9519667365
1	0.1110092144	0.0085554135	0.8125200630	0.0000000001	0.0679153090
1	0.0131040199	0.0120201267	0.0210866027	0.0001511828	0.9536380679
1	0.1424998189	0.3757318370	0.0003586304	0.0098198425	0.4715898712
1	0.3057502312	0.0090500894	0.0971816675	0.0004761523	0.5875418596
0	0.3877189128	0.0128537379	0.0001346778	0.5992926708	0.0000000006
1	0.0858016368	0.0013079982	0.0000042405	0.0526981747	0.8601879497
