0	0.0366976922	0.0081552992	0.0477011232	0.8722225334	0.0352233520
0	0.0358715110	0.0196898974	0.6624721503	0.0342007663	0.2477656750
0	0.0000034254	0.3637143257	0.4819338301	0.1484037633	0.0059446556
0	0.0541913028	0.1011366907	0.0000000000	0.0832751905	0.7613968159
0	0.0659781933	0.0945681636	0.0181691320	0.7758179675	0.0454665435
1	0.0855008623	0.8268243987	0.0070284026	0.0519215694	0.0287247670
1	0.0003935951	0.1047181122	0.0000715897	0.0498825847	0.8449341183
1	0.1844222922	0.1298717218	0.6431247023	0.0000000000	0.0425812838
0	0.1141019963	0.0446489452	0.8155306546	0.0000146293	0.0257037746
1	0.0455062631	0.6278268588	0.0046900866	0.2349523611	0.0870244304
1	0.1621644461	0.1156578512	0.0000000000	0.0263992662	0.6957784365
1	0.0000006545	0.0741008043	0.0647740431	0.7819277004	0.0791967977
0	0.2672150878	0.0876378126	0.1090225638	0.5242826762	0.0118418596
0	0.0006560434	0.1084226400	0.0541163260	0.6325386078	0.2042663828
0	0.3080724604	0.5210041340	0.0552861060	0.0128235677	0.1028137320
1	0.2951535471	0.0043656334	0.0426400259	0.0053667036	0.6524740900
1	0.8568469555	0.1394527077	0.0000000000	0.0037000934	0.0000002433
0	0.3498774411	0.3196901248	0.1352429685	0.1592077209	0.0359817447
0	0.7331501580	0.0001392925	0.0043990702	0.1023943043	0.1599171749
0	0.3979768636	0.2148744979	0.2618218158	0.0249557406	0.1003710821
0	0.0030218847	0.4957991020	0.4501502076	0.0470431024	0.0039857033
0	0.0000000000	0.7212008751	0.1556076554	0.0113882560	0.1118032136
0	0.2043268907	0.1885775362	0.0111093779	0.5446371174	0.0513490778
0	0.0435631276	0.0068917671	0.7289978290	0.1872795433	0.0332677330
0	0.2945014532	0.0013889330	0.6982484629	0.0058513728	0.0000097781
0	0.1877830425	0.3926685731	0.0045101289	0.4028013562	0.0122368992
1	0.6121644033	0.0166814580	0.1344918602	0.0000007795	0.2366614990
1	0.0388749766	0.4226560097	0.0116867777	0.0000216628	0.5267605731
1	0.5767145755	0.0003086889	0.0287412687	0.1602601597	0.2339753072
0	0.0826697424	0.0436798534	0.3014105774	0.2499364620	0.3223033647
1	0.0134736907	0.2878378845	0.0118077248	0.0665724473	0.6203082526
0	0.0000305149	0.9551038569	0.0248199311	0.0047733939	0.0152723033
0	0.0151673258	0.0230301177	0.2750124024	0.2568928386	0.4298973155
0	0.0472633007	0.0000372011	0.1903778237	0.7515454225	0.0107762520
0	0.0037780104	0.6633517533	0.0719526727	0.2162859196	0.0446316439
1	0.3469823892	0.0925552629	0.0692414876	0.0000429280	0.4911779323
1	0.1380996022	0.1302980165	0.2341114179	0.0050408726	0.4924500908
0	0.0011037179	0.0648066613	0.1978132754	0.5830960996	0.1531802458
0	0.0152010393	0.0000000387	0.2244782501	0.6796832349	0.0806374369
1	0.1005929224	0.0922132992	0.0991007134	0.0165771053	0.6915159596
0	0.0049183948	0.1133616118	0.4185544147	0.0424842544	0.4206813243
0	0.0850555508	0.0000179458	0.0000000000	0.8378333398	0.0770931636
1	0.0011678418	0.5745040494	0.0069042149	0.0826790449	0.3347448491
0	0.0713692935	0.0879744001	0.8130239867	0.0194038135	0.0082285063
0	0.0277388179	0.0002360553	0.0191561842	0.4239570313	0.5289119113
0	0.0000000010	0.2621307989	0.0021215758	0.7240333897	0.0117142346
0	0.2454573106	0.4106334335	0.1950682163	0.0212781849	0.1275628548
1	0.0651482020	0.0171150976	0.0000000001	0.0000000000	0.9177367004
0	0.0000499061	0.0162319693	0.0548722861	0.5826224229	0.3462234156
1	0.0166369009	0.4739472141	0.0148105744	0.1633628820	0.3312424287
0	0.7416754031	0.1196997409	0.0879103634	0.0000363507	0.0506781419
0	0.4399413174	0.0716855518	0.1968145598	0.0361752550	0.2553833161
0	0.0461466297	0.4368290096	0.0918002085	0.3902127023	0.0350114499
1	0.1128917461	0.3891531611	0.0072109043	0.3238811326	0.1668630559
0	0.1797395709	0.0000000000	0.8104281012	0.0000286199	0.0098037079
1	0.1354197527	0.8618761882	0.0004363823	0.0000001923	0.0022674845
0	0.0970464866	0.0336263481	0.0773035535	0.7129719701	0.0790516417
2	0.1216044916	0.2231005381	0.0000000633	0.0000000000	0.6552949070
0	0.7128571410	0.0119272562	0.2461378101	0.0239562766	0.0051215162
0	0.0707182116	0.2483504671	0.0647772169	0.0287353900	0.5874187145
0	0.1012597578	0.7770933566	0.1216468856	0.0000000000	0.0000000000
0	0.1531859516	0.3393262213	0.2360992886	0.0020751114	0.2693134271
0	0.0168502736	0.1140083330	0.0220859112	0.5439793919	0.3030760903
0	0.1849242534	0.3354709831	0.0001931013	0.2767383572	0.2026733051
0	0.2614792976	0.2196360333	0.1712157296	0.1235048149	0.2241641246
2	0.0776784015	0.0000006384	0.0000000026	0.0000407387	0.9222802189
1	0.1040015671	0.0002358934	0.0218900147	0.0105163057	0.8633562190
0	0.0693982537	0.3507293216	0.0578737359	0.0028639151	0.5191347738
1	0.0900528544	0.7131954086	0.0000015363	0.0000000000	0.1967502007
1	0.0146794519	0.1487315969	0.0000000000	0.0145197199	0.8220692313
0	0.1172816729	0.5265782934	0.1969152827	0.0296708847	0.1295538664
1	0.5927311004	0.1452127609	0.0506776852	0.1678913982	0.0434870552
0	0.0000240710	0.0005956974	0.5620606185	0.4373108772	0.0000087359
1	0.2180227671	0.5633330799	0.0000000000	0.2169402738	0.0017038792
0	0.0044361862	0.0000236336	0.0082391105	0.0000000000	0.9873010697
0	0.1042803447	0.8213734152	0.0005125573	0.0738334708	0.0000002119
0	0.7150571214	0.1563964643	0.0108982193	0.0000385075	0.1176096876
1	0.0095910165	0.0044120592	0.0046247725	0.2838930448	0.6974791069
0	0.0667111884	0.0971360345	0.0092653741	0.6622705894	0.1646168136
0	0.0000175895	0.4947100892	0.2173546877	0.0000000685	0.2879175650
0	0.0000011232	0.0036763781	0.9675917211	0.0012489655	0.0274818122
1	0.0003149768	0.2709563622	0.0010729697	0.4809122107	0.2467434807
0	0.0025393088	0.9888038071	0.0001434835	0.0063502912	0.0021631094
1	0.8864316359	0.0048818549	0.0001225644	0.0013403817	0.1072235631
0	0.1615537362	0.0904120573	0.0194392172	0.7285949893	0.0000000000
0	0.0910627410	0.0000005255	0.5260291945	0.3828266875	0.0000808516
1	0.0000103248	0.0355507014	0.0000000000	0.0066287407	0.9578102331
0	0.0703904424	0.5201991187	0.0188788333	0.3901227418	0.0004088637
1	0.0000823977	0.0078763060	0.0007514440	0.0000400080	0.9912498442
0	0.0061618905	0.5810736359	0.0004883821	0.0000393171	0.4122367746
0	0.2835395807	0.0368562117	0.0000000077	0.2295410081	0.4500631918
0	0.6640059580	0.0027669982	0.3149227130	0.0183043303	0.0000000005
1	0.3028108455	0.6316415267	0.0039936412	0.0558153280	0.0057386587
1	0.0330939139	0.3442603097	0.4251758939	0.0001735232	0.1972963592
0	0.0007001314	0.0327148164	0.8817956950	0.0521099327	0.0326794245
1	0.5521215709	0.0529532631	0.0000000003	0.0190425426	0.3758826232
0	0.0023371685	0.2151822738	0.2088123240	0.2233775841	0.3502906497
0	0.1846510071	0.2350685822	0.1099343461	0.4703460643	0.0000000003
0	0.0013830319	0.8291150335	0.0784752066	0.0858351559	0.0051915721
0	0.0615182647	0.2050974580	0.2962169666	0.4371329893	0.0000343215
