0	0.0283375875	0.0000000000	0.1193557174	0.3535832536	0.4987234415
0	0.0926596387	0.0749772863	0.4246694353	0.0000112899	0.4076823498
1	0.0061113588	0.5615603934	0.1354970622	0.1486127273	0.1482184583
1	0.9168603580	0.0773430512	0.0003649092	0.0006042801	0.0048274015
1	0.1642644301	0.3581476566	0.0325401338	0.0000000071	0.4450477724
0	0.0758575343	0.5152402850	0.0529837108	0.2324361894	0.1234822806
0	0.0250998350	0.0093772993	0.0000000000	0.0111471379	0.9543757279
1	0.1640236848	0.5352768436	0.2031497417	0.0152145810	0.0823351488
0	0.0179866915	0.0358352933	0.8702160146	0.0002196569	0.0757423438
0	0.7401064485	0.0511059598	0.0000000114	0.1019921117	0.1067954687
1	0.5646127988	0.1452326539	0.0147936136	0.0384612024	0.2368997313
1	0.2055849956	0.0000034270	0.1141109521	0.2903296345	0.3899709909
0	0.0391943303	0.2902589689	0.0064376991	0.4870102859	0.1770987157
0	0.2689552299	0.0000000000	0.0744136506	0.1091323104	0.5474988092
1	0.0000000000	0.6520386648	0.1148467117	0.2014385376	0.0316760859
1	0.0000000000	0.0854509518	0.0718690572	0.4543855952	0.3882943958
0	0.1155327075	0.0000000000	0.7338352910	0.0823662780	0.0682657235
1	0.0000518205	0.2241303939	0.1206655509	0.0724172393	0.5827349954
0	0.0799509136	0.6024613616	0.0000000000	0.3071857076	0.0104020172
0	0.0041909694	0.1761339603	0.0092615857	0.0407745244	0.7696389601
1	0.0006877816	0.0999547946	0.0898830246	0.0003399743	0.8091344248
0	0.7277915240	0.0003344764	0.0883852697	0.0960004316	0.0874882983
0	0.1445096375	0.3599146947	0.0361238075	0.3823550332	0.0770968270
1	0.0020842269	0.0459432230	0.0000000000	0.0029239738	0.9490485762
1	0.6776869242	0.0296872176	0.0145842649	0.0000000076	0.2780415857
1	0.0001012824	0.0002669481	0.1262965380	0.5663041662	0.3070310654
1	0.0788403229	0.4169847470	0.4319032676	0.0087394775	0.0635321851
1	0.0100689658	0.8186751837	0.0180950824	0.0370910731	0.1160696950
0	0.0792531764	0.2932425051	0.0518266484	0.2190807988	0.3565968714
0	0.1990253190	0.0015684217	0.5678916667	0.2315143554	0.0000002371
0	0.0000749973	0.3523338773	0.3318158222	0.0472560750	0.2685192282
0	0.1651303255	0.4561298063	0.1020902259	0.0000075731	0.2766420692
0	0.0303738480	0.0008002654	0.1744004942	0.7235550407	0.0708703516
1	0.4694678665	0.4998855747	0.0012240253	0.0288895942	0.0005329393
0	0.1272307340	0.0000000009	0.6030146822	0.0009103973	0.2688441856
0	0.0287375622	0.0488386998	0.0000829475	0.7667231831	0.1556176074
0	0.1137657122	0.0008463725	0.1631664129	0.7208877099	0.0013337925
1	0.6242345412	0.3029036547	0.0000034241	0.0078586200	0.0649997600
0	0.0000030687	0.0249001256	0.2359317963	0.7381296191	0.0010353903
0	0.0373563840	0.6279221552	0.0374575084	0.0611072491	0.2361567033
1	0.2562280956	0.4296887220	0.0001869345	0.2153709493	0.0985252986
0	0.4175390237	0.0003008375	0.5609038149	0.0211151007	0.0001412233
0	0.6706048754	0.0492560720	0.0285920516	0.0014757896	0.2500712115
0	0.3721712088	0.0493065686	0.0243152118	0.0000497654	0.5541572453
0	0.6677735709	0.0454404742	0.0012445945	0.2469001441	0.0386412163
0	0.1068439473	0.0999684696	0.1276162011	0.0286351011	0.6369362808
1	0.0000345618	0.0481218355	0.0582076595	0.0000396589	0.8935962844
1	0.4219294504	0.0009894689	0.1589086008	0.0431867357	0.3749857441
0	0.0684104686	0.1577616372	0.0388239896	0.4106231206	0.3243807840
0	0.0050950564	0.0439857464	0.9214403204	0.0000043518	0.0294745250
0	0.3706919063	0.4881178523	0.0700058755	0.0192602994	0.0519240665
0	0.0003708493	0.0000003935	0.0002575971	0.6381292503	0.3612419099
0	0.2282711303	0.2257576934	0.0650840834	0.3230826624	0.1578044306
0	0.0430039765	0.3037807426	0.1656198786	0.0911712957	0.3964241066
1	0.6553734578	0.0961994879	0.0034404227	0.0442071993	0.2007794322
0	0.2997134219	0.0000000001	0.0427420364	0.0231136235	0.6344309181
0	0.8483665410	0.0216616085	0.0510665531	0.0000000650	0.0789052324
0	0.0106145373	0.0012456789	0.9645692956	0.0023097833	0.0212607049
0	0.2005458644	0.0007790349	0.5132849606	0.2853346019	0.0000555381
0	0.6672822770	0.0004566564	0.0204173767	0.3118174236	0.0000262663
0	0.2351291480	0.1422443417	0.0153521968	0.6065392417	0.0007350718
1	0.3139794702	0.0992588571	0.0000000083	0.0000000000	0.5867616644
1	0.0134020642	0.0881899530	0.0017990263	0.2224471571	0.6741617995
0	0.1057844504	0.5277018550	0.0497114860	0.3168022086	0.0000000000
1	0.0000825325	0.2509307370	0.0000020648	0.0004083274	0.7485763383
0	0.0054428070	0.0796338613	0.7879333116	0.0389426148	0.0880474053
0	0.2738111522	0.0003556018	0.0200536010	0.5475447404	0.1582349045
0	0.7070546924	0.0000000000	0.2376487468	0.0552799515	0.0000166092
0	0.0885871499	0.2056882299	0.1606402614	0.5450839930	0.0000003659
0	0.0050615977	0.1825832831	0.3812833743	0.0880451796	0.3430265653
0	0.2921222146	0.0000047968	0.0756910526	0.1436242263	0.4885577096
1	0.2167409605	0.0007590007	0.0000000000	0.0006863849	0.7818136538
1	0.1656525305	0.5230931126	0.1193344481	0.1274685108	0.0644513980
0	0.0368665009	0.0000106775	0.1163673521	0.5473568782	0.2993985913
1	0.0033932709	0.0000498659	0.0036163488	0.0284517604	0.9644887540
1	0.0132697862	0.0093774681	0.0153407359	0.0010276255	0.9609843843
0	0.8346249602	0.0467552496	0.0237296077	0.0246472477	0.0702429348
0	0.0997914587	0.0586386698	0.0048417918	0.8080741624	0.0286539173
0	0.0873663576	0.0874412120	0.0770084219	0.6470916911	0.1010923175
1	0.6463265606	0.1845547800	0.0285433553	0.0000000000	0.1405753041
0	0.2628273639	0.7203691143	0.0002912028	0.0004907124	0.0160216066
1	0.3104425976	0.2192483650	0.2329140312	0.0307669607	0.2066280456
1	0.0066077770	0.0027303105	0.5042684920	0.0349590004	0.4514344202
1	0.0901853031	0.2688375115	0.1883670581	0.0000000000	0.4526101273
0	0.0468459119	0.0097500515	0.0099737539	0.0005219607	0.9329083221
0	0.0959391405	0.0566077522	0.4765172804	0.1140334388	0.2569023881
0	0.0810246707	0.3133994602	0.5400380645	0.0000070488	0.0655307558
0	0.6094833975	0.0080531147	0.3406464772	0.0345332137	0.0072837969
0	0.0498187228	0.0613564654	0.6671860950	0.1514560613	0.0701826555
1	0.6804186596	0.0691011058	0.0000003180	0.0000630946	0.2504168221
1	0.0037544231	0.5513736464	0.0032482061	0.0000000003	0.4416237241
1	0.0123772135	0.0001011355	0.0062606044	0.0531261597	0.9281348869
2	0.3009377933	0.1765941495	0.0000000029	0.0004465507	0.5220215036
0	0.7208298835	0.0230583844	0.2229770723	0.0000063043	0.0331283555
0	0.7899119417	0.0316380336	0.0000000728	0.0107789300	0.1676710218
0	0.0309411860	0.0036898223	0.2984504074	0.2861914300	0.3807271543
0	0.0008539966	0.7619512133	0.0710132815	0.0603963585	0.1057851502
0	0.2331430111	0.1683305576	0.0001694263	0.0922171372	0.5061398678
0	0.0194311384	0.0049119249	0.8795857764	0.0834114694	0.0126596909
0	0.0015710544	0.0329739236	0.0622760203	0.0579956823	0.8451833193
