0	0.1138833483	0.0912617220	0.5615602201	0.1506524985	0.0826422111
1	0.1134003544	0.3328185703	0.0095981315	0.0692939664	0.4748889774
0	0.0000000757	0.7838775781	0.1237867210	0.0694640414	0.0228715839
1	0.0846262018	0.0039473522	0.0484174510	0.6217109795	0.2412980156
1	0.2752677928	0.5680598341	0.0585314984	0.0003945534	0.0977463212
1	0.0817143101	0.0100083058	0.0105295725	0.1274695537	0.7702782579
0	0.0023630116	0.0813324810	0.5748162719	0.2790715883	0.0624166472
1	0.5448872299	0.0310166970	0.1373301184	0.0571701654	0.2295957892
0	0.0032972841	0.2944483556	0.4247833062	0.0763921563	0.2010788977
0	0.7534449922	0.0839586917	0.0234903152	0.0720229475	0.0670830533
1	0.1625640703	0.4760849060	0.0008645756	0.2773448678	0.0831415803
0	0.0454159123	0.3968435212	0.1097757993	0.4208850775	0.0270796898
1	0.8329886331	0.0126154253	0.0388638353	0.0441381552	0.0713939512
1	0.0000253194	0.2470083003	0.0503076679	0.0000000006	0.7026587118
1	0.0608307775	0.7915750930	0.0166212161	0.0000000000	0.1309729134
0	0.3419548757	0.0214349113	0.0646229954	0.5719871324	0.0000000852
0	0.0335886112	0.6887781869	0.1979150752	0.0254544010	0.0542637256
1	0.1579664874	0.7624930451	0.0000000000	0.0000198504	0.0795206172
1	0.0632257706	0.6485264478	0.0126940195	0.2744036010	0.0011501610
0	0.0032778071	0.9244369790	0.0500572807	0.0222136563	0.0000142768
0	0.0000000000	0.6180849241	0.0163541333	0.0012856516	0.3642752910
0	0.4499466644	0.0618706849	0.0025649418	0.1792343008	0.3063834081
0	0.0217627588	0.4152519811	0.4479518153	0.0774569238	0.0375765210
1	0.0000529074	0.3694515696	0.0000000000	0.0280052478	0.6024902753
1	0.0000006544	0.1627471727	0.0000006262	0.2535060839	0.5837454628
1	0.1741104351	0.0695405738	0.0000935105	0.1569985668	0.5992569139
0	0.6545675149	0.0328694901	0.0940793862	0.2184405825	0.0000430263
1	0.0615134351	0.0439345006	0.0000000000	0.0000002135	0.8945518508
2	0.2211379988	0.4654219848	0.0275734776	0.0080850164	0.2777815224
0	0.1307356039	0.7019990512	0.1473937479	0.0198710603	0.0000005367
0	0.0012545650	0.0569906246	0.9199756038	0.0019118109	0.0198673957
1	0.2534272414	0.0000024862	0.0126138728	0.0651368064	0.6688195932
1	0.3489399073	0.4141789147	0.0000000004	0.0283656800	0.2085154976
1	0.0710757248	0.6400035730	0.0058360551	0.0813526513	0.2017319958
0	0.2442313927	0.7537658007	0.0007113463	0.0004692697	0.0008221907
0	0.0000429181	0.1074388188	0.1879250327	0.7039116587	0.0006815716
0	0.1090282768	0.0000135301	0.0058396765	0.8124192118	0.0726993048
0	0.0387678664	0.0113599488	0.0012508971	0.8946606552	0.0539606325
0	0.1210948936	0.4558354176	0.0000000106	0.1257575324	0.2973121459
0	0.6085352160	0.0547464471	0.1588576278	0.1778161914	0.0000445178
0	0.3083972348	0.1220719601	0.2098485780	0.3593066372	0.0003755899
0	0.0156249374	0.4980008683	0.0870535620	0.3993206323	0.0000000000
0	0.0111146924	0.0183904101	0.8035338906	0.1605231777	0.0064378291
0	0.0174893599	0.0000221243	0.1539711842	0.8238975331	0.0046197985
0	0.3022684487	0.0136925231	0.0181403720	0.6551741996	0.0107244566
1	0.0001039869	0.0374556913	0.0000000000	0.0029402240	0.9595000978
0	0.1892339092	0.0288587129	0.4257553817	0.1868885674	0.1692634288
0	0.0064354627	0.8603231437	0.0731298372	0.0601114907	0.0000000658
1	0.2373603508	0.0902821129	0.0742262131	0.5923460430	0.0057852802
0	0.0488035766	0.1684321634	0.6346946908	0.1467052786	0.0013642906
0	0.3247780726	0.1325262705	0.0824936585	0.0000000000	0.4602019983
1	0.1430216073	0.7437484834	0.0153722711	0.0506564249	0.0472012132
1	0.3812680954	0.2798630802	0.0144875875	0.0084718837	0.3159093532
0	0.0014436019	0.3690461034	0.1905159335	0.4145822150	0.0244121462
2	0.0010854493	0.9056586972	0.0070931297	0.0000019191	0.0861608046
0	0.5905589760	0.3726580900	0.0126804443	0.0076705580	0.0164319318
0	0.2560053825	0.0054557651	0.0104019412	0.1817827324	0.5463541788
1	0.0008635077	0.1069281151	0.1388139402	0.1708775786	0.5825168583
0	0.3029538525	0.5217678937	0.0774285802	0.0010213306	0.0968283430
1	0.3304740833	0.2508836255	0.1069685059	0.1125656910	0.1991080943
1	0.1524195185	0.1224000171	0.0000000000	0.1103598185	0.6148206459
0	0.0001178242	0.4237482145	0.2891508003	0.2778358991	0.0091472620
0	0.2814784242	0.1013967385	0.1615211018	0.0869450016	0.3686587338
0	0.2534140680	0.0159407821	0.4350283519	0.0003882239	0.2952285740
0	0.0387388804	0.1662059981	0.0574747326	0.0058723519	0.7317080370
0	0.0023096283	0.0448282216	0.1730561022	0.7480534439	0.0317526040
0	0.0012103038	0.1741985789	0.0006407676	0.1172272654	0.7067230843
0	0.1368301889	0.6572412698	0.0646159094	0.0637681730	0.0775444589
2	0.0000000058	0.0122777916	0.0131234488	0.0027417909	0.9718569629
0	0.0019938309	0.0002362602	0.0000000001	0.0238254113	0.9739444976
0	0.0000000000	0.0000181821	0.9964790483	0.0035016110	0.0000011585
0	0.0010180150	0.2001769166	0.3855077425	0.4101960380	0.0031012879
1	0.0016267196	0.1869705347	0.0015748633	0.0493950103	0.7604328722
0	0.0289713294	0.0015129619	0.0617825545	0.1963437233	0.7113894309
1	0.1286278267	0.0020083323	0.0270719640	0.0007537333	0.8415381437
0	0.1049612769	0.2430637027	0.5911175927	0.0001163325	0.0607410953
0	0.0003490231	0.0045101870	0.0022035735	0.0200516037	0.9728856127
0	0.4244597134	0.1670501440	0.0163566913	0.3921334513	0.0000000000
2	0.0217706333	0.3464909306	0.0143268563	0.0373092943	0.5801022856
0	0.0319603234	0.8355010881	0.0000043094	0.1260058363	0.0065284427
1	0.7943379097	0.0571933680	0.0824834512	0.0597277075	0.0062575635
1	0.6484180693	0.2794439691	0.0077523423	0.0612962233	0.0030893960
0	0.3787669394	0.2429332726	0.1475029753	0.2212949792	0.0095018335
0	0.5856403667	0.0000011706	0.1990162041	0.2153422578	0.0000000009
1	0.2649509937	0.0836283231	0.0001336408	0.0126294773	0.6386575651
0	0.0324432317	0.7284263633	0.1660453915	0.0153507777	0.0577342358
1	0.2324338740	0.1986666179	0.0050684078	0.0737968604	0.4900342399
1	0.1150269056	0.5259342128	0.0022122602	0.0000000177	0.3568266036
0	0.0106504538	0.3799376300	0.3190516127	0.2902312566	0.0001290469
0	0.5939761439	0.1254508059	0.1259170735	0.1438188861	0.0108370905
1	0.6222073770	0.1922701530	0.0000000004	0.0575817602	0.1279407094
0	0.0457121899	0.0000117962	0.7888658313	0.0566303844	0.1087797981
0	0.4285961714	0.3345905854	0.1486780723	0.0377659586	0.0503692123
1	0.7534062176	0.0011174846	0.0005915199	0.0007608648	0.2441239131
0	0.1293565038	0.1376567418	0.2699091686	0.0001984405	0.4628791453
0	0.5047754391	0.0256346002	0.2408810693	0.0199241712	0.2087847203
0	0.6763986074	0.0146668150	0.2816213540	0.0260031444	0.0013100792
0	0.0000332927	0.4869507941	0.0523674180	0.4479159180	0.0127325772
0	0.0312436521	0.0018066133	0.5558460655	0.2028438671	0.2082598021
1	0.0511411407	0.0076932903	0.0526167624	0.0002455153	0.8883032914
