1	0.3862032383	0.0185338427	0.0032278404	0.0271727983	0.5648622803
0	0.1446107330	0.2476957363	0.3834762477	0.1887479134	0.0354693696
0	0.0029175011	0.0803783281	0.0000019234	0.9167022474	0.0000000000
1	0.0117602449	0.3133465139	0.4651865793	0.0441579381	0.1655487238
2	0.3677909418	0.0122017026	0.0001358626	0.0000000000	0.6198714930
1	0.0816712128	0.0000000017	0.0244357390	0.0004098920	0.8934831545
0	0.0545253767	0.4070107249	0.1147867109	0.4203867597	0.0032904279
0	0.0596506814	0.7241702225	0.1344307455	0.0817483498	0.0000000008
0	0.0460720675	0.1048739252	0.0104801326	0.2042140029	0.6343598718
1	0.6226381408	0.0995684914	0.1063361459	0.0925785513	0.0788786708
0	0.0220390978	0.6415662529	0.1905747480	0.0587652148	0.0870546866
0	0.2034683088	0.5470512992	0.0252782062	0.0252562687	0.1989459171
0	0.4287275660	0.1196147146	0.2244402882	0.2272174313	0.0000000000
0	0.3203930207	0.5728529589	0.0007323518	0.1018995305	0.0041221381
0	0.0035398596	0.9091634658	0.0872939578	0.0000000000	0.0000027168
0	0.0490664917	0.6570523570	0.2938585171	0.0000000000	0.0000226342
0	0.2082338913	0.2718038129	0.4390865849	0.0196398215	0.0612358895
0	0.3191566072	0.0090563246	0.3501763233	0.0000749722	0.3215357727
1	0.0113176427	0.3015179809	0.2849782683	0.0332974012	0.3688887069
0	0.2581147433	0.0046397130	0.0880587062	0.6460665320	0.0031203055
0	0.1922041433	0.0018132764	0.2204989456	0.3134561715	0.2720274633
0	0.0013650361	0.2860262416	0.2021066004	0.0066898732	0.5038122488
0	0.2826779500	0.0140520528	0.1003297635	0.5955162480	0.0074239857
1	0.4395873111	0.5236963705	0.0004660896	0.0000000010	0.0362502278
1	0.2436842088	0.4946212443	0.0058043682	0.0136726339	0.2422175448
1	0.6659318110	0.0365592330	0.0000006983	0.0005492539	0.2969590039
0	0.0074813653	0.0011838109	0.1308592544	0.8565756207	0.0038999487
1	0.0519407984	0.5137531702	0.3168866289	0.0288869290	0.0885324735
1	0.0737343825	0.1194578748	0.1670911793	0.0013523897	0.6383641737
2	0.1204929332	0.0173542219	0.0014980997	0.0066610773	0.8539936679
0	0.9179412037	0.0342674680	0.0353811197	0.0092322050	0.0031780036
1	0.0110002777	0.2924998817	0.0000000000	0.2531153261	0.4433845145
0	0.6044681980	0.1753974981	0.1494433141	0.0706792871	0.0000117027
0	0.2369816530	0.0179568570	0.0000000000	0.0277402751	0.7173212149
1	0.3694001873	0.0034941838	0.0016154702	0.1113162181	0.5141739405
1	0.4954941702	0.0375535734	0.0379981825	0.4281566975	0.0007973766
2	0.0867945057	0.0119780424	0.0000000000	0.0000027877	0.9012246642
0	0.0047914699	0.0199503309	0.0506440867	0.2583296057	0.6662845068
1	0.2183190759	0.2935531941	0.2785915994	0.0000000000	0.2095361306
0	0.3751056542	0.3454559245	0.0038508498	0.2659509145	0.0096366568
0	0.9424571708	0.0041037971	0.0350363246	0.0000228779	0.0183798296
0	0.8846439865	0.0211068564	0.0000091057	0.0893668819	0.0048731694
0	0.0000000533	0.0901431659	0.4236515582	0.0046323131	0.4815729096
0	0.5047260473	0.0152800589	0.1106359502	0.3203647436	0.0489932000
1	0.0380011335	0.2784914435	0.6639720654	0.0001969362	0.0193384214
0	0.9617415083	0.0006569569	0.0220800309	0.0155215037	0.0000000002
0	0.0000000000	0.3309629461	0.6670805224	0.0019473482	0.0000091832
0	0.6173213451	0.0099465131	0.0068769962	0.3551189625	0.0107361831
0	0.0000549133	0.2045423992	0.2099922097	0.2946008059	0.2908096719
0	0.0195673568	0.2085350796	0.4603931000	0.1476069052	0.1638975585
2	0.5118323083	0.3700975273	0.0098522384	0.0038577628	0.1043601632
0	0.4961921395	0.0009595595	0.3397067981	0.0248737024	0.1382678005
0	0.3366544448	0.0252510614	0.0574922912	0.0033179825	0.5772842200
0	0.1555923682	0.3414185225	0.2428856425	0.2452946555	0.0148088112
0	0.1575388855	0.0001885779	0.4703777411	0.0883920709	0.2835027246
0	0.1907357941	0.0000001615	0.1270505043	0.0129141047	0.6692994354
1	0.1886253955	0.0735231788	0.0003724457	0.0000000008	0.7374789793
2	0.0090972083	0.8133128797	0.0000000000	0.0000540631	0.1775358489
0	0.0070541825	0.5089518558	0.4838889067	0.0000000000	0.0001050550
1	0.0013709080	0.2919574867	0.0459111942	0.0000117157	0.6607486954
0	0.1205021180	0.5488099176	0.2286441501	0.0860294525	0.0160143619
0	0.6466255532	0.0000000006	0.0004095344	0.1867697994	0.1661951123
0	0.2688783939	0.0482100712	0.0239362811	0.4782542515	0.1807210023
0	0.6757076968	0.0606685071	0.0399190678	0.0003762647	0.2233284636
0	0.9284360357	0.0000073947	0.0626987042	0.0088578653	0.0000000000
1	0.0479777881	0.1465241539	0.0000037599	0.0830554669	0.7224388312
0	0.4146565362	0.0188967290	0.0126438616	0.2467940892	0.3070087840
1	0.8760705692	0.0117196878	0.0007314198	0.0539997981	0.0574785251
0	0.3015883221	0.1282596543	0.1498230775	0.4203257587	0.0000031874
0	0.0131055146	0.0711901346	0.3389451318	0.0727290840	0.5040301350
0	0.1363900078	0.0028804915	0.0382107405	0.3663535461	0.4561652142
1	0.8747464257	0.0984014462	0.0260058978	0.0001826439	0.0006635865
0	0.5218809667	0.2446696134	0.0006468699	0.0544884168	0.1783141332
1	0.0065252561	0.0108105835	0.0082714220	0.0024100421	0.9719826962
0	0.0425910015	0.4381286997	0.3910988382	0.1122926902	0.0158887704
1	0.5721926205	0.0140283310	0.0007963578	0.0099214500	0.4030612407
0	0.0350242056	0.0790987968	0.4508684882	0.0087517384	0.4262567710
0	0.1213721111	0.1040300711	0.7689475036	0.0000963388	0.0055539754
1	0.0427057998	0.0010788414	0.0915228751	0.0419121650	0.8227803187
0	0.0002180106	0.0000000307	0.9054612660	0.0000000048	0.0943206879
0	0.0202725044	0.1000421646	0.3043675084	0.4566133893	0.1187044334
0	0.6791399623	0.0046229574	0.0000000000	0.3087594949	0.0074775854
1	0.0054663831	0.1334910927	0.1216099997	0.0901172098	0.6493153147
0	0.1469268853	0.1660955928	0.6364856566	0.0059103649	0.0445815004
1	0.0337411117	0.2520289394	0.0627522563	0.0000000005	0.6514776921
2	0.4207631803	0.0082779520	0.0026575733	0.0000000014	0.5683012930
1	0.0675693878	0.6547252867	0.0012669181	0.0470253502	0.2294130573
1	0.0002741197	0.2393563101	0.0387263112	0.1278724837	0.5937707754
0	0.0218491470	0.6301020322	0.2629195817	0.0849482013	0.0001810378
0	0.4863445309	0.4212816506	0.0269567947	0.0000164360	0.0654005878
1	0.0149026097	0.3525492150	0.1043924333	0.0000000006	0.5281557413
0	0.0712546290	0.0000001475	0.1935037077	0.6644147028	0.0708268131
0	0.0310036894	0.0000006778	0.0000086077	0.1038637443	0.8651232809
0	0.5985321974	0.0794197011	0.0934254255	0.0854778653	0.1431448107
0	0.8741948533	0.0000011470	0.0008323813	0.0973690986	0.0276025199
0	0.3685225846	0.0048884981	0.4512439750	0.1444508701	0.0308940723
0	0.0078248871	0.1687149005	0.0083558291	0.8086928668	0.0064115165
0	0.0000007707	0.4709396618	0.1953224368	0.1533617327	0.1803753979
0	0.0055659096	0.1610313486	0.5021258339	0.3312483979	0.0000285099
1	0.2876334184	0.2464739756	0.0002604119	0.0760704106	0.3895617835
