0	0.3803698799	0.1351236724	0.3721639620	0.0578993294	0.0544431563
0	0.6218502083	0.0465739411	0.0264827842	0.0220083158	0.2830847506
0	0.0183536059	0.1373484284	0.6789450595	0.0401206037	0.1252323026
0	0.0867082299	0.6460813381	0.0034524349	0.1153738705	0.1483841266
0	0.0001517396	0.3244589682	0.3101009270	0.3652717820	0.0000165832
0	0.3079009944	0.0000000000	0.0013733706	0.6822721161	0.0084535189
0	0.0116496883	0.0031176981	0.1490923341	0.0172049821	0.8189352974
0	0.0195146505	0.0293404575	0.0000833951	0.1152208601	0.8358406367
1	0.0365751493	0.4703869117	0.0000000000	0.4698074798	0.0232304593
0	0.2845023938	0.0594873776	0.0050448169	0.0000000000	0.6509654117
0	0.0283595486	0.3575841313	0.4536229018	0.1437106825	0.0167227359
1	0.1265970179	0.6839543025	0.0004541268	0.1844528175	0.0045417353
1	0.1127645161	0.0467318829	0.0005164916	0.0000001031	0.8399870063
0	0.1079658595	0.0000001092	0.3153241836	0.4059310212	0.1707788265
1	0.0022899459	0.7965146906	0.0007866806	0.0010841724	0.1993245105
0	0.3341424798	0.2567371153	0.0765159293	0.3326031721	0.0000013036
0	0.1121652314	0.0633314185	0.1447066615	0.2026895229	0.4771071656
0	0.1245778885	0.8661037804	0.0003283322	0.0089898642	0.0000001347
0	0.2938803928	0.2908350549	0.3400088014	0.0752757508	0.0000000000
0	0.0199316791	0.0693293317	0.4998368423	0.3441137068	0.0667884401
0	0.0025807143	0.0109401071	0.0269023515	0.9482005638	0.0113762633
0	0.0037145231	0.1155576795	0.6454659232	0.0355085460	0.1997533283
0	0.0652525903	0.0017948462	0.0405773774	0.1153396030	0.7770355830
0	0.0001833069	0.1811729871	0.1085612000	0.1014061745	0.6086763315
0	0.9844416013	0.0148797486	0.0004469031	0.0001543589	0.0000773881
0	0.0097900677	0.0016241533	0.6612297409	0.1231492375	0.2042068006
0	0.6530196170	0.0869313511	0.1820552074	0.0420785553	0.0359152692
0	0.1727613879	0.2809487296	0.0000041955	0.2620593544	0.2842263327
1	0.2510085695	0.5696738648	0.0555319893	0.0067612660	0.1170243104
1	0.2568674049	0.0454588446	0.0000070983	0.0461868644	0.6514797878
0	0.1808075151	0.0649616097	0.3195274636	0.0285097555	0.4061936562
0	0.3521660483	0.2296460939	0.3542672867	0.0060248836	0.0578956875
0	0.2134322665	0.3758074856	0.3917554083	0.0100723051	0.0089325345
0	0.6308161694	0.0000290879	0.1093315231	0.0403647598	0.2194584598
1	0.3312725351	0.0929525510	0.0072902156	0.0160224377	0.5524622606
0	0.8163530622	0.0582177470	0.0110587831	0.1140572662	0.0003131414
2	0.0006857421	0.2459674540	0.0000429281	0.0440311814	0.7092726944
0	0.0000002457	0.0003716138	0.4846481897	0.0000000000	0.5149799509
1	0.2687740075	0.0232520158	0.0991824961	0.0121894951	0.5966019855
0	0.7543077101	0.1823630597	0.0631048458	0.0000000085	0.0002243759
0	0.8929810509	0.0142507346	0.0774314772	0.0024526214	0.0128841158
1	0.0187876969	0.4090210673	0.1193681887	0.1425041562	0.3103188909
0	0.0683636276	0.0199377320	0.0588025350	0.5708571477	0.2820389577
1	0.0056633548	0.0725278673	0.0000000000	0.0298951791	0.8919135988
0	0.0103077436	0.0134956905	0.0519205565	0.9242742781	0.0000017312
2	0.1891980804	0.1234802232	0.1563803400	0.0000000000	0.5309413565
0	0.0011515921	0.6909083623	0.2914390016	0.0132309806	0.0032700634
1	0.1564351729	0.5468219834	0.0012902841	0.0320281884	0.2634243711
0	0.2053669951	0.0325557959	0.1437927290	0.5815699443	0.0367145357
1	0.0102724598	0.0318020646	0.0386258540	0.4922088459	0.4270907758
0	0.2476876809	0.2085919603	0.0014259130	0.3768862081	0.1654082377
0	0.0000108757	0.0986906100	0.3863225733	0.0449664930	0.4700094480
1	0.2536769930	0.6522590873	0.0073593050	0.0314359585	0.0552686562
0	0.0181351194	0.0185734809	0.1046883015	0.7954570371	0.0631460611
0	0.0000021660	0.3719754843	0.3021813883	0.3258383757	0.0000025856
0	0.1440783393	0.0831537666	0.0195875272	0.7531803204	0.0000000465
0	0.0000754435	0.1434242027	0.2536205027	0.0324544701	0.5704253809
0	0.0039804085	0.6064031894	0.0000000281	0.3849669029	0.0046494711
2	0.1163109323	0.3839201306	0.3358287825	0.1096882687	0.0542518859
1	0.0517231876	0.8080888737	0.0068988331	0.0180513911	0.1152377144
0	0.1217332791	0.0077574273	0.7178078326	0.0001560037	0.1525454571
0	0.4160177090	0.4826624107	0.0010966861	0.0039829912	0.0962402030
1	0.0085159914	0.2274338663	0.0007884529	0.0578326660	0.7054290235
0	0.1267487120	0.3017180500	0.0423576634	0.3801476890	0.1490278856
0	0.1977898386	0.0000662138	0.0001253964	0.7973749612	0.0046435900
0	0.1400141963	0.0641979098	0.4108563599	0.0000045351	0.3849269990
1	0.0001543762	0.1728748455	0.1066715561	0.0540395965	0.6662596258
0	0.4698859096	0.0087314637	0.1089262945	0.1650873651	0.2473689671
0	0.0250857737	0.0139031786	0.0940880088	0.0225159824	0.8444070565
0	0.0011245685	0.4462584104	0.0013992838	0.1734962717	0.3777214655
0	0.3595363093	0.0150168586	0.3354012101	0.0002040855	0.2898415366
0	0.4532597766	0.4575931655	0.0796624534	0.0088593155	0.0006252890
0	0.3897073205	0.1472681043	0.0394731482	0.4231229638	0.0004284633
0	0.0000008824	0.9031642769	0.0622034509	0.0331314260	0.0014999638
0	0.1495186121	0.2763442810	0.4071392334	0.1609994251	0.0059984484
0	0.1815957770	0.0000000000	0.7167753314	0.0639590511	0.0376698405
0	0.0300927037	0.4810484124	0.0387684070	0.0170410261	0.4330494509
2	0.2255578887	0.0590498722	0.0002357323	0.0000178854	0.7151386215
0	0.3619993304	0.0140967572	0.0002688273	0.0521229944	0.5715120906
0	0.3352887272	0.0177775510	0.4115732273	0.2312936724	0.0040668221
0	0.4978177461	0.0000952987	0.5020831641	0.0000021923	0.0000015989
0	0.0081879133	0.1927434443	0.0191890118	0.7331782744	0.0467013562
0	0.0422984185	0.9264691077	0.0140626757	0.0107638142	0.0064059839
1	0.0146495749	0.1453222343	0.0064613854	0.0018303982	0.8317364072
0	0.0274249432	0.2294955345	0.4371992909	0.3050624355	0.0008177959
0	0.0735580088	0.0000031007	0.7794686462	0.1462617227	0.0007085216
0	0.2080560171	0.0569457354	0.0000517096	0.7179271893	0.0170193486
0	0.2745725974	0.0005668804	0.0000001106	0.4495244770	0.2753359346
1	0.2275726355	0.1135528725	0.0116447390	0.0381301302	0.6090996229
0	0.5076729213	0.2797909192	0.0406905175	0.1718456386	0.0000000033
0	0.6984090042	0.0000211068	0.1152494790	0.0259536995	0.1603667105
2	0.2704682679	0.1529081294	0.0050772981	0.0000000000	0.5715463046
0	0.0000000000	0.1434832246	0.0000146839	0.4209374213	0.4355646701
1	0.0391462636	0.3289418649	0.2783909296	0.1440093278	0.2095116141
1	0.7001902702	0.0724789149	0.0018877751	0.0611253910	0.1643176488
0	0.0523752339	0.0064394218	0.0012923205	0.5742897964	0.3656032274
1	0.0216944996	0.0000000821	0.0000000000	0.0000204180	0.9782850004
1	0.0023617623	0.0001252018	0.0006228168	0.0204972038	0.9763930153
0	0.1746124740	0.0786916177	0.1360523520	0.0147310715	0.5959124848
0	0.0197320449	0.3658811193	0.0482282691	0.5510672120	0.0150913547
