1	0.0206273150	0.0000000393	0.0000000452	0.4853581480	0.4940144525
0	0.0290698878	0.0001463129	0.6135211435	0.1182634756	0.2389991802
0	0.0009613124	0.0006592655	0.4543640706	0.0931687402	0.4508466112
0	0.4259727900	0.0000000000	0.0070227643	0.0543651648	0.5126392808
0	0.0186477283	0.7621403234	0.0012340213	0.0838597326	0.1341181943
1	0.1031953773	0.0679704666	0.5886468105	0.0903347169	0.1498526286
1	0.1473266242	0.2630771799	0.3348882389	0.1473842438	0.1073237133
0	0.0000034662	0.2193837402	0.0000533607	0.6875932152	0.0929662178
1	0.1400062284	0.0723926201	0.0235609808	0.5592623804	0.2047777902
1	0.5414525369	0.0016488291	0.3155514775	0.1164337978	0.0249133587
1	0.1769018808	0.0558584242	0.0826249861	0.2889395688	0.3956751402
1	0.0272661593	0.0210933655	0.0977430180	0.8347665715	0.0191308857
1	0.0000000067	0.3587438246	0.2616793865	0.0000773557	0.3794994264
0	0.0028361322	0.0000027081	0.7139948214	0.0136640283	0.2695023101
0	0.0293086917	0.0003015420	0.6925353972	0.1680094022	0.1098449670
1	0.0504118971	0.0019313147	0.9308710550	0.0148123646	0.0019733686
1	0.0739283299	0.0694461662	0.3890269417	0.1656012249	0.3019973373
0	0.0005937145	0.0754469625	0.2538357515	0.6376687422	0.0324548294
1	0.0897213975	0.3122015475	0.0551118296	0.4727978813	0.0701673441
1	0.0226563179	0.0789949755	0.0742754186	0.8237924124	0.0002808756
2	0.0065714970	0.0028277071	0.0065693557	0.9814922359	0.0025392043
1	0.1724705704	0.2101349455	0.0000000010	0.3178381382	0.2995563449
0	0.0008480675	0.1130699034	0.6627481646	0.2178842710	0.0054495934
0	0.2267561969	0.5857737863	0.1874599976	0.0000100191	0.0000000000
0	0.2778457571	0.0453565091	0.0000000000	0.3870306710	0.2897670628
0	0.0000038746	0.0143659453	0.9698818680	0.0149798349	0.0007684772
0	0.0160990520	0.0049360395	0.0553361177	0.0280201484	0.8956086424
0	0.0880985100	0.0190844136	0.0000000000	0.7451021032	0.1477149732
0	0.5329530424	0.0016982427	0.3355645621	0.0452165418	0.0845676111
1	0.0658107403	0.4987956960	0.2806951665	0.1144140772	0.0402843201
0	0.0774625204	0.0006321501	0.0000017348	0.1831812938	0.7387223009
0	0.0000000000	0.3139048679	0.0565294594	0.6233285399	0.0062371328
1	0.5986079283	0.0009489094	0.0899432980	0.3104998643	0.0000000000
1	0.0439138538	0.7641418337	0.0236663701	0.0000663775	0.1682115650
0	0.2110839474	0.3182710862	0.0108695770	0.4597750131	0.0000003763
0	0.0606764922	0.7638148063	0.0234541901	0.1381919460	0.0138625654
0	0.2887560896	0.1242284220	0.0610204148	0.2197710720	0.3062240017
0	0.0879433430	0.8099727916	0.0151711094	0.0817266797	0.0051860763
0	0.0043741547	0.0466171729	0.0006174767	0.8819360606	0.0664551350
0	0.1520773785	0.3907046589	0.4571036891	0.0001142735	0.0000000000
1	0.2235913650	0.0182357413	0.0000000000	0.7092095919	0.0489633019
0	0.1966413316	0.3199283322	0.3303064238	0.0966542239	0.0564696885
1	0.2210078332	0.0000000551	0.3083233686	0.3512439040	0.1194248390
1	0.9340932006	0.0147767418	0.0000001517	0.0418145312	0.0093153747
1	0.8591602903	0.0002754976	0.0917020221	0.0006178561	0.0482443338
0	0.6846045811	0.1061514478	0.1976995320	0.0114060888	0.0001383504
0	0.1441197218	0.0303276064	0.5364227594	0.0027976376	0.2863322748
0	0.8384956657	0.0689858775	0.0841593189	0.0082835012	0.0000756367
0	0.1714448570	0.0388788034	0.4099716484	0.0228396501	0.3568650411
0	0.0602017458	0.0000000000	0.5007342250	0.0000000000	0.4390640291
0	0.0417795147	0.0000009168	0.0570234997	0.3641185619	0.5370775070
1	0.0098556626	0.0000000248	0.3377302916	0.2038949054	0.4485191156
0	0.1525334836	0.0376508916	0.1996355529	0.5453225896	0.0648574823
0	0.0000000000	0.0758032258	0.1066046086	0.0025704707	0.8150216949
1	0.1553152942	0.6949605057	0.1211613680	0.0059385413	0.0226242907
1	0.6404001581	0.0150695904	0.2867675033	0.0285068796	0.0292558686
0	0.0383705738	0.0000000000	0.0631200470	0.0249773551	0.8735320241
0	0.9010218185	0.0000219967	0.0210528573	0.0459547217	0.0319486058
0	0.1398674122	0.0000000000	0.1983699416	0.0711051149	0.5906575313
0	0.0006695679	0.0664992670	0.0307324919	0.0021510706	0.8999476026
0	0.0000000000	0.0003849565	0.0000255275	0.8748114943	0.1247780217
0	0.1983580153	0.3344623273	0.2602848431	0.0290794087	0.1778154056
0	0.5806226137	0.0513069096	0.3675535259	0.0003928367	0.0001241142
0	0.0004320008	0.8054108640	0.1050437703	0.0677619223	0.0213514426
1	0.1096586775	0.1201436410	0.4407265978	0.3294710837	0.0000000000
0	0.6088387874	0.3398839738	0.0494267263	0.0000003423	0.0018501702
1	0.0000826993	0.0028355644	0.3675103254	0.3283193454	0.3012520655
1	0.2903811104	0.0528136736	0.1389098722	0.2025495977	0.3153457460
0	0.0291513747	0.0004425600	0.0092166086	0.0081435165	0.9530459403
1	0.1085157825	0.0474628731	0.1634612204	0.0866475651	0.5939125588
0	0.5824593410	0.0001029342	0.0789554976	0.3322385223	0.0062437048
1	0.0144153775	0.0276456038	0.0010039209	0.9548647404	0.0020703574
0	0.3901815932	0.2787178249	0.0000000020	0.0943766650	0.2367239149
0	0.0181663956	0.5537335069	0.0035204574	0.1368670890	0.2877125510
1	0.3510501572	0.0000336053	0.2584349571	0.3753850934	0.0150961871
0	0.0737353325	0.0206568471	0.0141577044	0.8258409980	0.0656091179
0	0.0065160246	0.0000340638	0.9563148094	0.0180401298	0.0190949725
0	0.1048160656	0.3525674161	0.4211997113	0.0146593875	0.1067574194
0	0.0000331350	0.0075762164	0.9165591582	0.0740239809	0.0018075095
1	0.6577788825	0.1134412270	0.0092414643	0.0604362456	0.1591021806
1	0.0060392731	0.0000000000	0.0363859515	0.0000000000	0.9575747754
0	0.6415743320	0.1474580764	0.1131618090	0.0000000000	0.0978057826
1	0.6104024384	0.0000000748	0.0832345141	0.1547310009	0.1516319719
0	0.0992397210	0.0417861905	0.8589740881	0.0000000000	0.0000000005
0	0.5670600346	0.1644024605	0.0000011237	0.0444159083	0.2241204728
0	0.0000001484	0.0013464093	0.9579702309	0.0064540710	0.0342291404
0	0.0000177600	0.3083145160	0.0065189936	0.0761009769	0.6090477535
2	0.0114833168	0.0233611049	0.5515161987	0.2178465209	0.1957928588
0	0.2759604509	0.7123760230	0.0015201464	0.0010485926	0.0090947870
2	0.0068270022	0.2227724663	0.0902671648	0.4603021884	0.2198311784
0	0.0012219768	0.0016009500	0.0555745868	0.6948750846	0.2467274018
1	0.0041181067	0.8850157957	0.0132481679	0.0434000659	0.0542178638
0	0.0264436773	0.0266894851	0.0094200577	0.6593357743	0.2781110057
0	0.0682429738	0.0936826124	0.5849867409	0.0301823668	0.2229053061
0	0.0622742774	0.0001111204	0.1602282348	0.2839047943	0.4934815731
1	0.1935670317	0.1133178749	0.5281495621	0.0118526705	0.1531128607
1	0.0663098016	0.0000000000	0.1156216066	0.1661942497	0.6518743421
0	0.2753431697	0.0128046242	0.6150422598	0.0968099457	0.0000000005
1	0.0958215832	0.7591113037	0.0494469577	0.0824446395	0.0131755159
0	0.0409369261	0.0115277734	0.1286856175	0.0988800185	0.7199696644
