1	0.3153596974	0.0001422780	0.0000394470	0.6795026546	0.0049559230
0	0.7694137256	0.1168951812	0.1131965295	0.0004944241	0.0000001397
0	0.2374564412	0.2723981477	0.0000000162	0.2614561673	0.2286892276
1	0.5574574493	0.2607771232	0.0719378538	0.0551347108	0.0546928629
1	0.1150038864	0.8140582326	0.0023441002	0.0683406464	0.0002531345
1	0.1132211854	0.0006867016	0.3715091275	0.2812145053	0.2333684802
1	0.1191710431	0.0329003580	0.8147598703	0.0331232064	0.0000455222
1	0.1138800562	0.1505802361	0.1228807803	0.0844974491	0.5281614784
1	0.0000026829	0.0601969977	0.5310483690	0.0002237180	0.4085282324
0	0.0622772782	0.3784228316	0.2834738307	0.2678439992	0.0079820603
1	0.1810563320	0.0022060390	0.7247978943	0.0365582746	0.0553814601
0	0.0001549314	0.1849944491	0.0000000000	0.0333302580	0.7815203615
0	0.1592700982	0.2066390507	0.1395314158	0.0161882565	0.4783711787
1	0.0362193639	0.2050641223	0.0351606453	0.4938772431	0.2296786254
0	0.0877884601	0.0421594164	0.0335793026	0.8364647382	0.0000080827
0	0.6615882337	0.0477730349	0.2785125040	0.0121262274	0.0000000000
2	0.9514791392	0.0000638959	0.0171049360	0.0262514233	0.0051006057
1	0.0015989242	0.0000009343	0.0355097886	0.1537850594	0.8091052936
0	0.2408924946	0.4583044307	0.1959585653	0.1036159676	0.0012285418
1	0.8624352856	0.0159411325	0.0903486618	0.0211602152	0.0101147049
0	0.0005613850	0.2377992716	0.0074771598	0.1326798157	0.6214823680
1	0.0409201359	0.1291679900	0.3917588189	0.4337606331	0.0043924221
1	0.6794481261	0.0143442766	0.0004272933	0.0001371215	0.3056431824
0	0.3443656148	0.0048936144	0.3659015999	0.1689801226	0.1158590484
1	0.1853900729	0.2673438500	0.3848001666	0.0143424019	0.1481235086
1	0.1290984492	0.8088953925	0.0206938678	0.0278609797	0.0134513108
0	0.1763689627	0.0729819252	0.3310562850	0.3317814864	0.0878113407
0	0.1765067137	0.0837605216	0.0254694015	0.7102792983	0.0039840648
2	0.2437753382	0.0750906249	0.2891742457	0.0045663687	0.3873934224
0	0.2322738544	0.0112807468	0.0800252649	0.3275649038	0.3488552300
0	0.0114726675	0.0577501443	0.4856599900	0.2308113872	0.2143058110
0	0.5179232291	0.0059334809	0.0000000000	0.0000675545	0.4760757355
1	0.0002709098	0.0001870702	0.1638683114	0.1438392604	0.6918344481
0	0.0283809566	0.0036842275	0.1080832302	0.2109553877	0.6488961980
0	0.0851108168	0.0201967911	0.0960464015	0.0212868012	0.7773591894
1	0.0902404103	0.5333352073	0.1233146887	0.1124288352	0.1406808584
1	0.6961056783	0.1891685183	0.0838418074	0.0144781626	0.0164058334
0	0.0859387153	0.3008510744	0.0393868758	0.5552924710	0.0185308636
1	0.2740554114	0.0060993629	0.0356052515	0.6711370446	0.0131029296
0	0.1805982107	0.5588574221	0.1731716933	0.0767710688	0.0106016051
1	0.1368140695	0.0296459116	0.2743773687	0.0033081900	0.5558544602
1	0.0235139500	0.8749529044	0.0001516518	0.0908443785	0.0105371154
0	0.1250029687	0.0188916937	0.4473136091	0.3464662915	0.0623254371
1	0.0001002088	0.4591204109	0.3813846310	0.1570368728	0.0023578765
0	0.4594751027	0.2348319575	0.2468031690	0.0358328574	0.0230569134
1	0.7401461131	0.1835485450	0.0595240552	0.0167812859	0.0000000007
0	0.0000041333	0.2063099752	0.7936858914	0.0000000000	0.0000000000
0	0.0742909202	0.0478896177	0.7840382884	0.0922469766	0.0015341972
0	0.1013645283	0.1485541427	0.0025715268	0.1291366447	0.6183731574
0	0.9982383003	0.0015858620	0.0001758349	0.0000000023	0.0000000004
2	0.0013250408	0.2291955786	0.5027861895	0.2666638049	0.0000293862
0	0.1169456839	0.0000047466	0.0004952850	0.3447281538	0.5378261307
0	0.0011372003	0.4297638355	0.2411833151	0.2544269778	0.0734886713
0	0.2061212771	0.5338527717	0.0002345442	0.0055592501	0.2542321569
0	0.1086965076	0.2949811008	0.0062014139	0.5901209759	0.0000000019
0	0.4525487491	0.0007321111	0.0110228287	0.5352568958	0.0004394154
1	0.2133425584	0.6155936163	0.0401297207	0.0114459763	0.1194881283
0	0.0000008708	0.9061630728	0.0056044115	0.0038728948	0.0843587500
0	0.2737242248	0.2610568959	0.4652188761	0.0000000026	0.0000000005
1	0.3753642161	0.0273641125	0.0003265101	0.2631957699	0.3337493914
0	0.1923568403	0.0410734296	0.0650757832	0.6660752113	0.0354187356
0	0.2479787876	0.0708230229	0.2547236640	0.3343706718	0.0921038537
0	0.1707417776	0.3475308920	0.3784460055	0.0805941530	0.0226871720
0	0.0700768452	0.0000799590	0.0214890282	0.7854603541	0.1228938135
1	0.0772776093	0.0366509228	0.3552543186	0.2240932345	0.3067239149
1	0.0000000019	0.0547236675	0.3508644217	0.3984323038	0.1959796051
0	0.3332536993	0.4149205495	0.0000344683	0.2409906157	0.0108006672
0	0.1767165013	0.1821413529	0.0026629548	0.6193012848	0.0191779062
1	0.0163637194	0.3007924051	0.0000409720	0.6807532472	0.0020496564
1	0.3081962126	0.2073332697	0.0003920149	0.2843437390	0.1997347638
0	0.0976570785	0.8257583326	0.0051210818	0.0631227053	0.0083408018
0	0.0079234382	0.9607834853	0.0007880086	0.0001881491	0.0303169188
0	0.0876889632	0.3128577451	0.5835358916	0.0041624156	0.0117549845
1	0.3158290363	0.0626463994	0.1957817070	0.0902485939	0.3354942635
0	0.0094206019	0.0000000000	0.0757709032	0.0005784460	0.9142300489
0	0.0334329023	0.4663817125	0.0932274280	0.3844347839	0.0225231732
1	0.3885623011	0.0313695179	0.1318206018	0.4482366216	0.0000109576
1	0.0008608908	0.0000055840	0.1218046245	0.8773289007	0.0000000000
0	0.8800848198	0.0015421460	0.0020084215	0.0484841522	0.0678804605
0	0.0461035620	0.1761565952	0.5278938184	0.0003900155	0.2494560089
0	0.0590876588	0.4271666582	0.4236378682	0.0794863390	0.0106214759
0	0.3613978659	0.0079265536	0.6032765692	0.0000001814	0.0273988299
0	0.0456975535	0.0037678935	0.1700238980	0.6293660687	0.1511445863
0	0.0907730168	0.0322785580	0.0070711826	0.0000055184	0.8698717241
0	0.1024078955	0.4190512556	0.4717154219	0.0000000000	0.0068254270
0	0.0262013909	0.3266765138	0.4865417526	0.0058854876	0.1546948551
1	0.1963635776	0.6882641647	0.0342144184	0.0809534173	0.0002044220
1	0.6316241908	0.1869964673	0.1438668436	0.0000129594	0.0374995388
0	0.0101614194	0.0000013962	0.5609460958	0.1057488712	0.3231422175
0	0.0088672633	0.1727819167	0.2461201129	0.1964640031	0.3757667040
2	0.0000013954	0.5277937391	0.3326658914	0.0002593152	0.1392796589
0	0.5219058416	0.0225163093	0.3103585135	0.0146324234	0.1305869123
1	0.0738226534	0.0120603377	0.0013473548	0.3652178324	0.5475518218
0	0.6988240460	0.0002532446	0.0236954821	0.0070214505	0.2702057769
0	0.0316046279	0.0001575481	0.0000000000	0.9565551723	0.0116826518
0	0.0412632875	0.0000000000	0.0019173967	0.3571853970	0.5996339188
1	0.9258642488	0.0130613775	0.0078587011	0.0269124341	0.0263032386
1	0.0015765870	0.3588830446	0.0002721385	0.5288482751	0.1104199548
0	0.0001399832	0.1381099192	0.0063376170	0.4163339691	0.4390785116
0	0.0186699511	0.1556801201	0.5961674559	0.2058997632	0.0235827097
