1	0.2650601998	0.3232997498	0.0852124713	0.2171980332	0.1092295459
0	0.1182379263	0.2390329445	0.2083815812	0.1491939254	0.2851536226
1	0.3749016664	0.0000008267	0.0984872672	0.2525060909	0.2741041489
0	0.0126990190	0.0041797394	0.9779820271	0.0036711676	0.0014680469
0	0.2852731043	0.3106889789	0.0616284510	0.2488599696	0.0935494961
0	0.0604123345	0.2695533898	0.6165753925	0.0270848641	0.0263740191
0	0.0031320873	0.1292847574	0.4568133772	0.1016460828	0.3091236952
0	0.0413777570	0.0076295188	0.7899685959	0.1609945837	0.0000295446
1	0.0013749132	0.0000000233	0.0000033040	0.9844972846	0.0141244750
1	0.8023579368	0.1944967334	0.0000000000	0.0008296357	0.0023156941
2	0.0000000000	0.4810505909	0.2683686080	0.2467578318	0.0038229693
0	0.0835076649	0.0000000010	0.5558986417	0.0823700553	0.2782236370
0	0.5490275554	0.0179149717	0.1985800286	0.0106522621	0.2238251822
0	0.9477229831	0.0074851202	0.0402884249	0.0024419790	0.0020614928
0	0.0007004734	0.1708088806	0.6257790462	0.1383096369	0.0644019628
0	0.1573232702	0.0024327933	0.0008495635	0.1871824635	0.6522119095
1	0.0000000001	0.1956385300	0.4840891355	0.2756651296	0.0446072048
0	0.0110225295	0.7626649862	0.0000348551	0.2048538255	0.0214238036
0	0.1806156291	0.0037557324	0.0000421918	0.6851599230	0.1304265238
2	0.0062820095	0.0904477278	0.2799610822	0.5866986767	0.0366105037
0	0.0441581773	0.0679856263	0.8591971074	0.0286180265	0.0000410625
0	0.4124408254	0.0849083236	0.4688767219	0.0337741245	0.0000000046
1	0.1298558256	0.3656379125	0.0348618367	0.0156435821	0.4540008431
0	0.0768602156	0.0279032156	0.1697114234	0.6757048059	0.0498203395
0	0.0003220377	0.6262857701	0.1287633862	0.0182582832	0.2263705228
2	0.0163857271	0.0000000000	0.0133300922	0.9596890105	0.0105951702
0	0.0127246103	0.0124440502	0.7789803600	0.0047903893	0.1910605902
0	0.0000001651	0.0324134691	0.3982178935	0.0004588342	0.5689096380
0	0.1081441279	0.0815055779	0.6286591753	0.0868875228	0.0948035962
0	0.0233086210	0.4913003121	0.0849852965	0.3273721538	0.0730336166
0	0.2230333805	0.2299460580	0.0152501952	0.1665709199	0.3651994464
0	0.0840004589	0.6760723203	0.1339589454	0.0050229117	0.1009453637
0	0.2826837041	0.1659116678	0.0379350081	0.1225372457	0.3909323744
0	0.7145479390	0.1479133480	0.0568187207	0.0000000005	0.0807199919
0	0.5812965299	0.0082360422	0.0025491466	0.0409202597	0.3669980216
0	0.0000031060	0.0003177261	0.2154273671	0.6941653238	0.0900864770
0	0.3348830999	0.0182273828	0.5305845414	0.0094772918	0.1068276842
0	0.7551696795	0.0004744660	0.2210275593	0.0165621399	0.0067661553
0	0.0916880437	0.7573096331	0.1268197448	0.0226573289	0.0015252495
1	0.0149943454	0.0000000000	0.5120751535	0.1270357564	0.3458947446
0	0.4412244831	0.0000001797	0.2507323789	0.1745170042	0.1335259541
0	0.1138237406	0.0529813289	0.1921907879	0.6082585734	0.0327455692
1	0.0002660687	0.7918355934	0.0811732135	0.1267250554	0.0000000690
1	0.0000000972	0.0705894199	0.0000612603	0.9237277985	0.0056214241
1	0.5194189298	0.2385357520	0.1002179029	0.0302961207	0.1115312947
1	0.8179216212	0.0483953415	0.0000000000	0.0129196912	0.1207633461
0	0.0071100009	0.3831867399	0.1722938996	0.3865015611	0.0509077984
1	0.2030053194	0.2001326183	0.0032232631	0.3686498825	0.2249889167
0	0.0203274208	0.5064661598	0.1006013255	0.0022961588	0.3703089351
1	0.2578502071	0.6458370184	0.0001804412	0.0960164088	0.0001159245
0	0.8979860189	0.0994364372	0.0021561690	0.0004040326	0.0000173423
1	0.4722059334	0.0000000002	0.0322801524	0.1806564349	0.3148574791
0	0.0035021521	0.2379566828	0.2250605354	0.0000000000	0.5334806296
0	0.0066205522	0.5650815802	0.0034136443	0.0325969434	0.3922872799
0	0.5658738607	0.0995835990	0.0073113798	0.3271951961	0.0000359644
0	0.4769846699	0.1246348880	0.2481490593	0.1501384683	0.0000929145
1	0.2679734344	0.3162523448	0.3658613065	0.0000000000	0.0499129143
0	0.3477641493	0.5901339484	0.0130614581	0.0000062640	0.0490341802
0	0.0707519067	0.0299988514	0.1786646734	0.6999498937	0.0206346749
0	0.0162152701	0.9732783161	0.0040585227	0.0000235641	0.0064243270
0	0.0194585201	0.0411994209	0.0384234912	0.0158944247	0.8850241431
0	0.0972240223	0.0115719119	0.0431624397	0.5264017960	0.3216398301
0	0.0189255896	0.0920224808	0.8038119930	0.0098179357	0.0754220009
0	0.2771211917	0.0576284984	0.2114494661	0.3997146844	0.0540861594
1	0.0659907888	0.1717118624	0.0359262467	0.4906147659	0.2357563362
0	0.3519212239	0.3327668674	0.0674544028	0.1347706923	0.1130868136
1	0.0357721174	0.0013382872	0.1120706659	0.1811090862	0.6697098433
1	0.0000034051	0.0014926630	0.9886113276	0.0048333253	0.0050592790
1	0.0000000000	0.1233053331	0.7140272624	0.0000011749	0.1626662296
0	0.6186916990	0.0000000000	0.3002368684	0.0523438937	0.0287275389
1	0.0265740852	0.1004789874	0.1876588256	0.1518620033	0.5334260986
0	0.0030995260	0.0010775532	0.7655882311	0.1614571227	0.0687775670
2	0.0839751456	0.1516159011	0.2156655191	0.5487434329	0.0000000013
1	0.0110392261	0.0216243905	0.7080266465	0.0176916074	0.2416181295
1	0.0000000000	0.0072978885	0.9911987006	0.0015028245	0.0000005863
0	0.0069844339	0.1751489631	0.7640349186	0.0028921755	0.0509395089
0	0.2205149910	0.1120395312	0.1212456259	0.2977377812	0.2484620707
1	0.0000027136	0.0481066071	0.0493979081	0.9024927709	0.0000000003
1	0.5201261693	0.3046924990	0.0065404481	0.0000000000	0.1686408835
0	0.2281972543	0.3820446066	0.0636451968	0.0603597866	0.2657531558
0	0.2618287487	0.1128565297	0.0478492316	0.0221539659	0.5553115241
0	0.0299867494	0.3071607676	0.0000091781	0.3057294938	0.3571138111
0	0.0005446659	0.0000142341	0.7018647823	0.0005361011	0.2970402166
1	0.0630696437	0.3684857690	0.0000399713	0.1531514440	0.4152531720
1	0.0006140025	0.0523879843	0.1541548960	0.2159485611	0.5768945561
1	0.4066498874	0.0556416065	0.2756595693	0.0003648564	0.2616840803
0	0.3918668976	0.0760789225	0.1222832542	0.2911629882	0.1186079375
0	0.2147514622	0.0745178979	0.0237646910	0.6869457100	0.0000202389
0	0.2348686427	0.0806421153	0.1382852754	0.0673294654	0.4788745012
0	0.0142688882	0.0244981031	0.3684585916	0.0996612221	0.4931131950
0	0.5985206571	0.1845354720	0.0796412967	0.0001036229	0.1371989513
1	0.2265220044	0.0143852317	0.6410813910	0.0000000000	0.1180113730
0	0.1476318981	0.0381284228	0.0000579534	0.2739747172	0.5402070085
1	0.0707223839	0.3233405386	0.4251980438	0.0045354306	0.1762036032
1	0.2183573475	0.0003715482	0.7604920034	0.0039485291	0.0168305718
0	0.8917024773	0.0002483795	0.0562728652	0.0484322501	0.0033440279
1	0.0137306180	0.0002787513	0.0367484887	0.1364159287	0.8128262132
0	0.0429650786	0.0031328386	0.2420077604	0.0588981985	0.6529961240
0	0.1310818151	0.0498693636	0.2817544527	0.5001584779	0.0371358908
0	0.6981940399	0.0019439577	0.2386890142	0.0103517476	0.0508212406
