1	0.6101102862	0.3379395179	0.0427001249	0.0014684034	0.0077816676
1	0.0515627673	0.0045511556	0.9234553989	0.0162480998	0.0041825785
0	0.0385714693	0.1941891526	0.0001161452	0.7415781438	0.0255450891
1	0.0001677281	0.3869783970	0.1333243864	0.4498268028	0.0297026856
0	0.0000000001	0.2572775945	0.7268505987	0.0157479535	0.0001238533
1	0.2262603471	0.4444205251	0.2298971657	0.0054350088	0.0939869533
0	0.2322448788	0.6650216072	0.0974214269	0.0053117798	0.0000003072
2	0.5697088472	0.3574059633	0.0726948662	0.0001903232	0.0000000000
0	0.0712911117	0.5994759317	0.0447145190	0.2845183571	0.0000000805
1	0.0000000313	0.0002588564	0.2482114283	0.6377893234	0.1137403606
1	0.0011529910	0.8671531907	0.0909241812	0.0359200080	0.0048496293
1	0.3430099751	0.2589084201	0.0000037399	0.1933715247	0.2047063402
0	0.4167317941	0.0199978538	0.3218545554	0.0445285159	0.1968872808
1	0.6165470578	0.0197809084	0.0854970267	0.1786254008	0.0995496063
0	0.0093079217	0.0527332391	0.0000000000	0.9011209068	0.0368379324
1	0.1029900787	0.0838969762	0.0177711314	0.7548473889	0.0404944248
0	0.0632930277	0.1756718766	0.1620178236	0.2771871529	0.3218301193
0	0.0394283587	0.0000361857	0.3526806990	0.5059835900	0.1018711665
1	0.1401160896	0.0009865379	0.0640922269	0.7717625657	0.0230425798
0	0.0000000000	0.6340323397	0.0020164094	0.3441599040	0.0197913469
0	0.0293605819	0.4064177696	0.0000008308	0.0478296740	0.5163911437
0	0.5008082720	0.4265016348	0.0522202705	0.0000124421	0.0204573806
0	0.4429482854	0.2436997554	0.0694403046	0.2304146268	0.0134970277
0	0.1819959053	0.0009575624	0.0561732148	0.7605872307	0.0002860869
0	0.7232303718	0.0676394066	0.1996246848	0.0094884729	0.0000170640
0	0.0029505150	0.1560685221	0.2992578010	0.0000000178	0.5417231441
1	0.1983523314	0.0425418122	0.0031516766	0.7266932860	0.0292608937
1	0.0000000028	0.2007800801	0.1040659487	0.6748954270	0.0202585413
0	0.1685378841	0.1488226804	0.0376642042	0.2564726984	0.3885025329
0	0.1046392254	0.0056292151	0.0172332089	0.4525636834	0.4199346671
0	0.1720076610	0.1758507225	0.0647304225	0.0064458914	0.5809653026
0	0.0472967229	0.0000072302	0.3720719174	0.5251276990	0.0554964305
1	0.4326817154	0.0002097198	0.3326596366	0.2292417241	0.0052072040
0	0.0889524986	0.0070813746	0.0288178117	0.5599694240	0.3151788912
0	0.9542252600	0.0059568590	0.0053580814	0.0344597996	0.0000000000
0	0.0578446030	0.0036106390	0.0000127512	0.0656417926	0.8728902141
0	0.0014874455	0.1268673908	0.0552353287	0.2542242617	0.5621855732
0	0.0128772956	0.1522875471	0.0000006672	0.0453314571	0.7895030331
0	0.2895803213	0.1126136197	0.1651491567	0.1996385770	0.2330183253
0	0.1288563959	0.0673085255	0.0994330536	0.0625713983	0.6418306266
1	0.8659923898	0.0026122736	0.0140738487	0.0569444918	0.0603769961
0	0.0933782210	0.0157073805	0.0000935554	0.8269580536	0.0638627895
1	0.2348918412	0.0060771204	0.0383156715	0.5067286628	0.2139867040
0	0.0129266715	0.0088028398	0.0001706324	0.0634023473	0.9146975091
0	0.6819327292	0.1786812917	0.0437454244	0.0002908047	0.0953497501
1	0.0000010852	0.3445829093	0.5329694825	0.0463759435	0.0760705794
0	0.0121335478	0.6181733903	0.0414117312	0.0173505116	0.3109308190
1	0.5243325732	0.3235924346	0.0002454573	0.0000000041	0.1518295308
0	0.0373659053	0.0036646138	0.5479258280	0.0827239072	0.3283197457
1	0.0738414284	0.0550088713	0.7435413359	0.1215425917	0.0060657727
1	0.6847599707	0.0035848211	0.2625590164	0.0000000000	0.0490961918
0	0.0000401806	0.0018286618	0.9487170303	0.0388823127	0.0105318145
1	0.0211008719	0.1367190679	0.7664420316	0.0064372429	0.0693007857
0	0.0003129770	0.1902062147	0.6806736681	0.0010144346	0.1277927056
0	0.0000000032	0.1805847752	0.0000000000	0.8194152216	0.0000000000
0	0.3401496958	0.1381713060	0.1171340229	0.1941600209	0.2103849543
0	0.0271677990	0.3278123918	0.0176715979	0.0957179493	0.5316302620
0	0.7519897950	0.1548485598	0.0618921580	0.0137882971	0.0174811901
1	0.1830680620	0.1258231122	0.0020896547	0.6789007936	0.0101183775
1	0.1962343834	0.0566581309	0.6164182711	0.1241093175	0.0065798971
0	0.0715815212	0.0302015345	0.2446926620	0.4968445923	0.1566796900
0	0.4087398303	0.0000939992	0.1185629000	0.0168595118	0.4557437587
0	0.1996629326	0.0873586608	0.0367212506	0.3861321148	0.2901250413
0	0.0000073109	0.7427407856	0.0348994386	0.0160774139	0.2062750510
2	0.5357697468	0.0781381398	0.0641882070	0.0832451817	0.2386587247
0	0.1023506305	0.3249292584	0.5594626017	0.0119104700	0.0013470395
0	0.1850094582	0.1195634087	0.0001647498	0.4102385211	0.2850238622
2	0.1100078958	0.2310754524	0.0917903385	0.2089523138	0.3581739996
1	0.0000000000	0.0006854673	0.0611641683	0.6348506773	0.3032996870
0	0.5612216892	0.0969368083	0.0853892649	0.1823205912	0.0741316464
0	0.1206242528	0.0599388977	0.0003406348	0.3046997926	0.5143964221
2	0.0114606308	0.0179385426	0.8407671816	0.1048066212	0.0250270238
0	0.6205532810	0.0439897954	0.0323240743	0.3015853537	0.0015474956
0	0.1545102366	0.5050331242	0.3061570591	0.0342159426	0.0000836376
0	0.6821075462	0.0511581197	0.0025866481	0.0015528136	0.2625948724
0	0.0000000014	0.0000000000	0.0894547271	0.9105452484	0.0000000232
0	0.1151848858	0.7854840082	0.0840118753	0.0002348405	0.0150843903
1	0.5919771706	0.3423766476	0.0135875081	0.0000000000	0.0520586738
0	0.0068799564	0.6313826771	0.2972230050	0.0315743749	0.0329399866
0	0.9279179565	0.0344072178	0.0006441176	0.0368583523	0.0001723558
0	0.4677740388	0.0022042604	0.3985254950	0.0017741896	0.1297220161
0	0.1876796002	0.0017384146	0.2801283965	0.1066420340	0.4238115547
0	0.0603931993	0.0527890679	0.0000074842	0.0022073785	0.8846028701
0	0.0000101890	0.0000000034	0.8274793430	0.1453872564	0.0271232082
1	0.0008190948	0.1321483864	0.5782487304	0.2606410402	0.0281427482
1	0.0838131749	0.5917971729	0.0000065131	0.3112656610	0.0131174781
0	0.0777808543	0.2649486915	0.0553880954	0.5999518651	0.0019304937
0	0.0088444162	0.8179947671	0.1484696451	0.0141973679	0.0104938037
1	0.0377629987	0.4291591699	0.1843882194	0.3103915283	0.0382980838
1	0.2893982251	0.0062327654	0.5337654133	0.0418042941	0.1287993021
0	0.0000014993	0.2719846966	0.1041422491	0.0171129311	0.6067586240
0	0.0003803997	0.0366306959	0.7544158305	0.0000000000	0.2085730739
0	0.0407163050	0.0000003344	0.4538997583	0.3888930451	0.1164905571
1	0.0326561621	0.0023665859	0.1759820881	0.7848526048	0.0041425590
0	0.2290916639	0.4088510726	0.0086542674	0.3407352585	0.0126677376
1	0.2068198287	0.0375720133	0.0202366882	0.0471480199	0.6882234499
1	0.0070512930	0.0001460145	0.0000062938	0.0977979694	0.8949984293
2	0.4379616227	0.3539289059	0.0025565359	0.1765728794	0.0289800560
1	0.0024248936	0.5269352113	0.0959811425	0.0314316852	0.3432270674
1	0.0886602839	0.2705857209	0.4524711305	0.1624593249	0.0258235399
