0	0.0316619316	0.0045426728	0.0225638210	0.0222546610	0.9189769136
1	0.2509137887	0.1364258988	0.0195520338	0.5931082675	0.0000000112
0	0.6845468107	0.0065785915	0.1772993586	0.1220815634	0.0094936758
0	0.0653270209	0.3823869628	0.0000338816	0.5281549358	0.0240971989
0	0.1823242765	0.0056094592	0.2333582589	0.1594343100	0.4192736953
0	0.0001790565	0.2659137011	0.0428593028	0.2440975434	0.4469503963
0	0.3681635433	0.2732125493	0.0159617431	0.1187509111	0.2239112533
1	0.0294192631	0.1412374782	0.3085980088	0.5207452203	0.0000000296
0	0.0877437141	0.0690507911	0.4209063260	0.4218729747	0.0004261941
0	0.0000905067	0.4832583844	0.0005712642	0.2267222588	0.2893575859
1	0.0068669423	0.1398654277	0.5803482819	0.0430114065	0.2299079417
0	0.0000098216	0.0048410959	0.0019898986	0.0361418228	0.9570173610
0	0.0260485012	0.9494272859	0.0075322483	0.0106085904	0.0063833743
2	0.7245975999	0.0061547482	0.1704125320	0.0000002852	0.0988348348
0	0.6562525435	0.0005570423	0.2045182044	0.0000000000	0.1386722098
1	0.1763879266	0.6297185483	0.1203049157	0.0735886094	0.0000000000
0	0.2845656451	0.0588263827	0.3650293441	0.2915701240	0.0000085041
0	0.1263560220	0.0001888266	0.0000000000	0.2577871524	0.6156679991
1	0.7796810600	0.0120273876	0.0003217349	0.1328433320	0.0751264855
0	0.5899949236	0.1871878229	0.0598785048	0.0248608867	0.1380778620
1	0.0180273070	0.0365158569	0.1740168320	0.7707921840	0.0006478200
0	0.1663235403	0.1132533519	0.3152851254	0.3869599356	0.0181780469
1	0.1648445418	0.0880905986	0.3534233733	0.0584383211	0.3352031653
0	0.2676706160	0.0050539498	0.0311065609	0.1655690764	0.5305997968
1	0.7074976843	0.0985393871	0.0079901126	0.1859728161	0.0000000000
0	0.0000029366	0.0464704758	0.9225526254	0.0134528421	0.0175211200
0	0.2401358303	0.0000000000	0.3749378101	0.2482378971	0.1366884625
0	0.0962308969	0.0739486387	0.0019971957	0.0055044462	0.8223188225
1	0.0278157192	0.7363630658	0.0353202887	0.1519418667	0.0485590595
0	0.0004156707	0.0359259575	0.9536983262	0.0097882756	0.0001717700
0	0.0000027719	0.0580238163	0.8160511371	0.0767929079	0.0491293668
2	0.0535330857	0.9411627870	0.0000075075	0.0000112759	0.0052853439
0	0.0022615536	0.0350859865	0.0527395106	0.0041657925	0.9057471567
1	0.1152768395	0.6014592207	0.0132503515	0.2700135883	0.0000000000
0	0.0081209388	0.0985508093	0.2990395854	0.2513116512	0.3429770153
1	0.0736255069	0.4025769511	0.0282724693	0.0014295709	0.4940955017
0	0.0907264272	0.7881102843	0.1199719995	0.0011912889	0.0000000000
1	0.0526281307	0.1265809649	0.4219399731	0.3987263166	0.0001246146
1	0.7539290586	0.0026102432	0.0679642469	0.0092929987	0.1662034527
1	0.0174512852	0.0203706902	0.0867030270	0.6498144523	0.2256605453
0	0.0051570276	0.0000084395	0.3974768788	0.1984563134	0.3989013407
1	0.0066295970	0.0031555767	0.0033228955	0.9667929263	0.0200990046
1	0.0452685776	0.0000000000	0.0270618187	0.1070285558	0.8206410479
1	0.3941845155	0.1336341707	0.2187384148	0.0314893718	0.2219535272
0	0.3746547248	0.4403530121	0.0813595058	0.0379658791	0.0656668782
1	0.0000000000	0.2013565357	0.4779849828	0.2706838080	0.0499746735
0	0.7082276800	0.1920768091	0.0705983867	0.0067658578	0.0223312665
1	0.0862475032	0.6317739924	0.0010179268	0.1024221616	0.1785384161
0	0.8077859533	0.1809123830	0.0000995823	0.0112020814	0.0000000000
0	0.0070445528	0.0202402207	0.0190746472	0.0311284172	0.9225121621
0	0.2623561992	0.0271387490	0.4151854307	0.2641120428	0.0312075784
0	0.0883119274	0.2942791619	0.5304147917	0.0719874645	0.0150066545
0	0.2296905299	0.0151641223	0.0590959100	0.6877718708	0.0082775671
0	0.0006232290	0.5743081685	0.1003946409	0.1818694301	0.1428045314
1	0.0078999797	0.1311353860	0.0035720024	0.7887662715	0.0686263603
1	0.0735819464	0.5684234336	0.1989217209	0.0321436497	0.1269292494
0	0.0000154256	0.0013584719	0.5299993407	0.0308929644	0.4377337974
1	0.0337028391	0.0085817576	0.4429031854	0.4268170812	0.0879951367
1	0.4956211651	0.1906684859	0.0034357300	0.1915089764	0.1187656426
1	0.0000000000	0.1419954588	0.0577632249	0.6087238029	0.1915175134
0	0.0000159423	0.0048388006	0.0306169815	0.3422881533	0.6222401222
0	0.3845598402	0.3013763782	0.0005453269	0.3130935792	0.0004248754
1	0.1425669205	0.3448397087	0.2659665534	0.2423482024	0.0042786149
0	0.0000027578	0.7456058822	0.0826869167	0.0000393531	0.1716650903
0	0.7313264424	0.0017364860	0.2257474032	0.0411051140	0.0000845544
0	0.5514363454	0.0000008561	0.0000930594	0.1140346029	0.3344351362
0	0.3750070392	0.0957239373	0.0493331194	0.2427225450	0.2372133591
0	0.0332907290	0.0000000000	0.0502706317	0.5259823889	0.3904562505
2	0.1584230135	0.0022059763	0.5542556724	0.2279537783	0.0571615594
0	0.0566573112	0.0000178718	0.8721250101	0.0711483354	0.0000514716
1	0.8666120180	0.0623870560	0.0002385839	0.0021584164	0.0686039258
1	0.1721644078	0.0589844529	0.1790572377	0.0010420019	0.5887518996
1	0.0963518644	0.0536127763	0.0466058407	0.6611650216	0.1422644970
0	0.2436429231	0.1183107216	0.0394192928	0.1683416416	0.4302854209
0	0.0270058063	0.5661420231	0.0000093719	0.3736552050	0.0331875938
1	0.4606959048	0.2629258826	0.0000000004	0.2763782121	0.0000000000
1	0.0023437087	0.0564984955	0.4557601761	0.0028786947	0.4825189250
0	0.0155048082	0.0692088513	0.4463406410	0.4137625914	0.0551831080
0	0.0000279272	0.8080104658	0.0048406124	0.1472959757	0.0398250188
0	0.0080077610	0.1025409728	0.4988372532	0.0043175309	0.3862964822
0	0.8841902536	0.0719009331	0.0105787150	0.0333289200	0.0000011783
0	0.0002663449	0.3306420941	0.0400978353	0.0464706320	0.5825230937
1	0.0000000000	0.0109323908	0.0958837705	0.8657680452	0.0274157935
1	0.0238759543	0.2021098122	0.0809600779	0.0291627477	0.6638914079
0	0.0001518669	0.0215033871	0.2754558774	0.6431768894	0.0597119792
2	0.5299896936	0.0041409146	0.0000001750	0.0000000004	0.4658692165
0	0.5652384200	0.0044336979	0.1131080431	0.0012554233	0.3159644157
0	0.0018884489	0.1304661115	0.1315022623	0.7152057657	0.0209374116
0	0.0077240294	0.0452030906	0.0309444274	0.0053382988	0.9107901538
1	0.1607828772	0.4005585251	0.0170901849	0.4172945522	0.0042738606
0	0.4412965045	0.3301165702	0.2255027962	0.0030837475	0.0000003816
0	0.0000000000	0.6735197323	0.1665111992	0.0873111021	0.0726579664
0	0.5279602991	0.0280611499	0.2051926796	0.1435737077	0.0952121638
0	0.6241203573	0.0087470063	0.0354679217	0.0214428933	0.3102218214
0	0.0087447475	0.0015426570	0.0000000001	0.0002944769	0.9894181184
0	0.0394533016	0.5043142321	0.0775122339	0.1181261305	0.2605941020
0	0.6574902142	0.1869412718	0.0203871520	0.0449969752	0.0901843868
1	0.2205357166	0.0038503591	0.0339438551	0.3844269798	0.3572430893
0	0.0182543517	0.7332571427	0.0480323533	0.0234556012	0.1770005511
0	0.1313511608	0.2411902553	0.0579293557	0.1387494671	0.4307797611
