1	0.1022506079	0.7880012210	0.0007423505	0.1068215691	0.0021842515
0	0.2538481918	0.6181642700	0.1065050129	0.0032425192	0.0182400061
0	0.0148467909	0.6826339268	0.2898507319	0.0001022821	0.0125662683
0	0.0866967877	0.0000000001	0.1193670774	0.0005170683	0.7934190664
0	0.2585712409	0.0707274926	0.0386307615	0.5020136151	0.1300568899
0	0.0188841077	0.0005464788	0.0810471700	0.6749515997	0.2245706439
1	0.0124821114	0.7715457642	0.0030168016	0.1977962504	0.0151590724
0	0.0098369135	0.4544533011	0.3596842907	0.1349282229	0.0410972717
0	0.1806656574	0.4189060484	0.0000000000	0.0439036892	0.3565246050
1	0.0000000000	0.3645586805	0.4020932087	0.0000019391	0.2333461716
0	0.0026055517	0.2029746847	0.3645134713	0.2541060916	0.1758002007
2	0.8501540326	0.0347646252	0.1148880713	0.0000340941	0.0001591767
1	0.2954398700	0.2141172555	0.1389899115	0.0170739109	0.3343790520
0	0.6770982852	0.0953690044	0.0233864724	0.0305212397	0.1736249985
0	0.3617312057	0.4073738838	0.0527846890	0.1339894341	0.0441207874
0	0.0031164445	0.1957526788	0.7908810707	0.0098065277	0.0004432784
0	0.5317475361	0.1602201150	0.2875160230	0.0044968113	0.0160195146
0	0.0016902774	0.0244993814	0.1098299405	0.0000048974	0.8639755033
0	0.0212992065	0.3558900095	0.0000000003	0.4259169315	0.1968938522
0	0.0000085011	0.0051511493	0.0002118471	0.0000051620	0.9946233405
0	0.2792565756	0.4971011005	0.0409042169	0.1740136002	0.0087245068
1	0.8317146368	0.0043172382	0.1404066481	0.0060029882	0.0175584886
0	0.0292081760	0.6957673042	0.0128563133	0.0899450521	0.1722231545
0	0.0000000000	0.6947556509	0.0692756012	0.2359687479	0.0000000000
1	0.1740287478	0.1598192633	0.0000000000	0.6008723102	0.0652796787
0	0.0403727927	0.2330653704	0.0000000000	0.7265618370	0.0000000000
0	0.0053147838	0.0006856202	0.8323825247	0.0000000000	0.1616170713
0	0.0000000026	0.0106213777	0.3690635992	0.5341080601	0.0862069603
1	0.4059266958	0.0107280357	0.3948375828	0.0769908923	0.1115167934
0	0.0000000333	0.0022941589	0.2990349589	0.0976986584	0.6009721906
0	0.0703568790	0.0964431412	0.0208000207	0.0681203210	0.7442796381
0	0.4775025551	0.0000000000	0.4818327382	0.0406606043	0.0000041025
1	0.1159237898	0.0004289109	0.1377308617	0.0000000000	0.7459164376
2	0.3685265100	0.0025661838	0.0000023236	0.6232538552	0.0056511274
1	0.6018972605	0.0345883097	0.1314825398	0.0739120830	0.1581198070
1	0.4801159096	0.2209203284	0.0283868879	0.2609523493	0.0096245249
1	0.2541633043	0.1506165579	0.1772340261	0.4135623653	0.0044237465
2	0.0015373405	0.0002243088	0.1059304317	0.0116183232	0.8806895958
0	0.0034698341	0.9034506031	0.0519995416	0.0300615694	0.0110184518
0	0.0032256621	0.1790048645	0.6509840908	0.0000055352	0.1667798474
0	0.0754484583	0.1362272105	0.2511570225	0.0000232153	0.5371440935
0	0.3206744227	0.6727759500	0.0001307349	0.0061769941	0.0002418982
0	0.6490419372	0.1818535774	0.0140125982	0.0002527533	0.1548391339
0	0.6199632453	0.0008929560	0.2211683703	0.0809565739	0.0770188546
0	0.3253274977	0.2047053512	0.0009397970	0.3171041242	0.1519232299
0	0.0540192736	0.8262378188	0.0001311077	0.0042218686	0.1153899314
0	0.0312578872	0.0000000000	0.0025288263	0.0004351410	0.9657781455
0	0.0675171952	0.1653048752	0.7238981654	0.0020645296	0.0412152346
0	0.0000010101	0.4537553200	0.3320696069	0.2125196508	0.0016544123
1	0.1019734770	0.4034208070	0.2440005942	0.2319125687	0.0186925531
1	0.7317003981	0.0000000000	0.0827285201	0.1676130105	0.0179580714
0	0.0149557725	0.0025836648	0.8022926684	0.1120211314	0.0681467629
0	0.0193874545	0.8907699305	0.0710440649	0.0005001154	0.0182984347
1	0.2799906553	0.1441953724	0.0000000000	0.4632606004	0.1125533719
0	0.0078404901	0.0013670439	0.9202190518	0.0578614545	0.0127119597
0	0.0029054712	0.0418593769	0.3530155636	0.1261423332	0.4760772551
2	0.0039084577	0.0000492882	0.0075632431	0.5048072708	0.4836717402
1	0.1380393629	0.0882702579	0.5607431237	0.0002764022	0.2126708533
1	0.1101052948	0.0471711315	0.0174690799	0.7108132110	0.1144412828
0	0.1546796293	0.0613243538	0.0205745905	0.6120999856	0.1513214409
1	0.8361706625	0.0389743340	0.0000000000	0.1025543500	0.0223006535
0	0.1188694592	0.8520470855	0.0213422259	0.0077412257	0.0000000037
0	0.1605252216	0.0551479791	0.1391264036	0.6202959656	0.0249044302
1	0.0185522518	0.1934957636	0.0646474294	0.5533598128	0.1699447424
1	0.0031794948	0.0204346051	0.1414310122	0.0000000000	0.8349548879
0	0.4661656916	0.2161563641	0.2568870529	0.0008412921	0.0599495993
0	0.2446829909	0.5924266809	0.0097561927	0.0221663101	0.1309678253
1	0.8064880933	0.0651853354	0.0088260262	0.0000002169	0.1195003283
0	0.2529729359	0.2491046302	0.0408340157	0.4551618823	0.0019265360
0	0.6473160616	0.0786155569	0.0006768950	0.0110878474	0.2623036391
1	0.0000014066	0.2164775357	0.1521487285	0.5740227433	0.0573495860
2	0.0000015360	0.6351623462	0.1514327785	0.1820859358	0.0313174035
0	0.0226568504	0.2701642394	0.5055967874	0.0036480381	0.1979340846
1	0.0199124785	0.0603630989	0.0432557272	0.5279493384	0.3485193570
0	0.0023205715	0.0188114527	0.4724852877	0.1864223412	0.3199603469
1	0.0000000000	0.0551221247	0.0094680926	0.7383783535	0.1970314292
0	0.0048058079	0.0008121090	0.5092903345	0.0374836292	0.4476081194
0	0.0125298172	0.9874670845	0.0000014484	0.0000000000	0.0000016499
1	0.0001424523	0.3789871609	0.0004313917	0.6203514602	0.0000875349
0	0.0188240005	0.4217039644	0.0226187558	0.5331195277	0.0037337516
1	0.0543523019	0.0585710634	0.8553377000	0.0291427627	0.0025961719
1	0.0134412862	0.0000439219	0.0007445855	0.9791635523	0.0066066541
0	0.0189015921	0.9710508902	0.0026247234	0.0001505833	0.0072722110
0	0.2080316663	0.1469583136	0.0000000000	0.5514955543	0.0935144657
0	0.3431915281	0.1534982130	0.0000000000	0.2310468182	0.2722634407
0	0.1101060633	0.0893573173	0.0767889503	0.0008383597	0.7229093094
0	0.1057166652	0.0875690233	0.0881602455	0.6748049083	0.0437491576
0	0.3537928293	0.0084204563	0.1318841573	0.1769731615	0.3289293956
1	0.2563980326	0.0139727636	0.2231674937	0.0005618236	0.5058998865
0	0.2285323722	0.1230196818	0.1727128693	0.1736520138	0.3020830629
1	0.0000000163	0.1246697172	0.0683600275	0.0618512555	0.7451189835
1	0.4701116351	0.2673661369	0.0846391345	0.0854492809	0.0924338127
0	0.1750513290	0.5532546613	0.2095949719	0.0350940930	0.0270049448
1	0.3647893300	0.3481648584	0.0954057852	0.1222614951	0.0693785314
1	0.1635315925	0.0001634823	0.7888674046	0.0468374967	0.0006000239
1	0.0057854674	0.0011739955	0.0738535249	0.8712262930	0.0479607191
2	0.2254946870	0.1760472563	0.5820760150	0.0000119836	0.0163700580
0	0.4250342881	0.0501903996	0.0089949129	0.3865206099	0.1292597895
0	0.0061321238	0.0000000000	0.8619999990	0.0353669859	0.0965008913
0	0.0000213272	0.9810654360	0.0103023644	0.0052988755	0.0033119969
