0	0.0076830823	0.1900304447	0.7666280904	0.0206185669	0.0150398157
0	0.0000000000	0.0870799685	0.5498769872	0.2839362712	0.0791067731
1	0.0780658887	0.0525255979	0.0001072102	0.0443027778	0.8249985255
0	0.0779886872	0.0235718070	0.0205747227	0.8766251929	0.0012395902
0	0.0758479710	0.8820242156	0.0193218417	0.0100501932	0.0127557785
0	0.1456423905	0.0836655499	0.0000000000	0.7675954127	0.0030966468
0	0.4313312533	0.0000000000	0.0251512332	0.2609903239	0.2825271896
0	0.0000000001	0.0007415372	0.0693356834	0.7000353068	0.2298874725
0	0.2516404400	0.0209933804	0.0004915392	0.0258744240	0.7010002163
1	0.0807194590	0.2287040896	0.0026999863	0.0072556031	0.6806208621
1	0.0000000000	0.4475155892	0.0423084646	0.4181924468	0.0919834993
2	0.0000002419	0.0929144500	0.8284342573	0.0000000389	0.0786510119
0	0.0899229839	0.0188428523	0.5033581063	0.3359232484	0.0519528090
0	0.6255467322	0.1925778303	0.0000028343	0.0136413276	0.1682312755
0	0.0419290080	0.0745537916	0.7097688296	0.0015162109	0.1722321599
0	0.3629245276	0.2972793659	0.0467683843	0.1890388350	0.1039888872
0	0.0538920875	0.6918277292	0.0552998899	0.0044927881	0.1944875053
0	0.8634633872	0.0000000000	0.0502972865	0.0333624814	0.0528768449
0	0.0127024147	0.0006152296	0.1583587030	0.1498423085	0.6784813442
0	0.0405690228	0.8057232966	0.0137653861	0.0898942906	0.0500480039
1	0.2488259698	0.0023915443	0.4184642549	0.0707649267	0.2595533042
1	0.0096903687	0.1140712603	0.1862984334	0.6366157856	0.0533241520
0	0.0004346699	0.4433212748	0.0458466433	0.4561278366	0.0542695754
0	0.3170239332	0.1114692219	0.1362619538	0.2150177074	0.2202271837
0	0.0000221826	0.0832580149	0.0004345219	0.8558304657	0.0604548149
0	0.0067148333	0.1343580848	0.3405362196	0.0052614819	0.5131293804
2	0.0007078449	0.4212601375	0.2679564838	0.1575299341	0.1525455997
0	0.2721508620	0.0000000297	0.3229050601	0.0797708869	0.3251731614
1	0.1036797342	0.1256814251	0.3778262415	0.3275906184	0.0652219809
0	0.4032337731	0.0002758892	0.0084814244	0.5879414172	0.0000674962
0	0.0519875586	0.1151576279	0.5712011044	0.0322089295	0.2294447796
1	0.0000011958	0.0020656867	0.0068318250	0.1080020079	0.8830992846
0	0.0037276039	0.7124507884	0.0274302163	0.0165775783	0.2398138131
1	0.0000009237	0.0000000073	0.0966594335	0.8129442121	0.0903954233
0	0.0003757962	0.0000004741	0.0453199087	0.0381945100	0.9161093110
0	0.0056969378	0.4194098320	0.5023781378	0.0031886291	0.0693264633
1	0.0499377079	0.0000690515	0.0566938225	0.5883159971	0.3049834209
1	0.0083551114	0.2798105434	0.6636675059	0.0481644927	0.0000023466
0	0.0025509255	0.0000088094	0.0027400814	0.9881853733	0.0065148104
0	0.4196118936	0.0098398567	0.4988503766	0.0198949212	0.0518029519
0	0.0102782104	0.0000695305	0.0000204874	0.0000000000	0.9896317717
0	0.0017977776	0.0000000606	0.4859027942	0.4573617414	0.0549376261
0	0.7478881362	0.0033303953	0.0456298018	0.2030552881	0.0000963785
2	0.9627312470	0.0104719597	0.0267967930	0.0000000003	0.0000000000
1	0.0991833457	0.0016976578	0.3050858681	0.3775354436	0.2164976848
2	0.1271236919	0.7388227641	0.1325909209	0.0000000000	0.0014626231
0	0.0044430778	0.0792827929	0.0244618712	0.3746570847	0.5171551733
1	0.0519109935	0.0038317096	0.1086808102	0.7277990279	0.1077774588
0	0.6245266645	0.0303732036	0.2579212503	0.0871318470	0.0000470345
0	0.6324436825	0.0003475753	0.1354864941	0.2069512853	0.0247709628
1	0.0450352065	0.6951311793	0.0000038468	0.1120259135	0.1478038539
0	0.0011047603	0.0020126368	0.7286193047	0.0000001000	0.2682631981
0	0.0082834163	0.0531688259	0.4487956870	0.4758938325	0.0138582384
1	0.8189617801	0.0119417789	0.0846463494	0.0829257681	0.0015243235
1	0.1725852726	0.3180796553	0.1488027913	0.3586169916	0.0019152893
0	0.1027249492	0.4548488043	0.3308532164	0.0931547857	0.0184182444
1	0.3502749408	0.4526489945	0.1809219774	0.0144737506	0.0016803367
1	0.0034948708	0.4851951094	0.0227422612	0.0004485570	0.4881192016
2	0.0218512966	0.0004152226	0.0001460187	0.9338193769	0.0437680851
0	0.0000000000	0.1566093484	0.8249439035	0.0184465831	0.0000001649
0	0.0049401954	0.3856812138	0.0049628688	0.5837263519	0.0206893701
0	0.0000000029	0.0001071918	0.2069747964	0.7012926498	0.0916253591
0	0.0204416395	0.5605972326	0.0920883557	0.0943039677	0.2325688046
1	0.0338878877	0.0226793981	0.9080594478	0.0045699505	0.0308033160
2	0.0055950766	0.0927594945	0.5729350261	0.0678060132	0.2609043896
0	0.0023655586	0.0000618779	0.0001234837	0.9967846123	0.0006644676
0	0.0981048056	0.1718150984	0.6708562983	0.0386850121	0.0205387856
1	0.1615648090	0.0520870174	0.0134070173	0.7683318692	0.0046092872
0	0.0598261382	0.1760756373	0.3558701621	0.1851412905	0.2230867719
1	0.3942785152	0.0126263515	0.4587668842	0.0004382218	0.1338900272
2	0.5778716959	0.0614041221	0.2132420552	0.0000047162	0.1474774106
1	0.0004191569	0.0022289232	0.3689517785	0.6278964233	0.0005037180
0	0.0617779895	0.0001307015	0.0832859022	0.0034586750	0.8513467319
0	0.3131105177	0.0064065338	0.0399108884	0.0229146376	0.6176574225
1	0.3446049964	0.0288175087	0.0643356782	0.0056371528	0.5566046639
1	0.0000000011	0.6992549608	0.1296537417	0.1407376028	0.0303536936
0	0.0122243032	0.5357780001	0.1466353020	0.3024170902	0.0029453044
0	0.3675672301	0.0257199341	0.3666921806	0.0178627204	0.2221579349
0	0.3672045098	0.5505005341	0.0000000000	0.0666327533	0.0156622028
1	0.0669524953	0.8829183232	0.0006925604	0.0453801926	0.0040564286
0	0.1393165783	0.5674782793	0.0000000000	0.0478897047	0.2453154377
1	0.2603737828	0.4472658227	0.0148790097	0.1951577899	0.0823235949
0	0.0199405821	0.0516672672	0.9066691494	0.0015541976	0.0201688037
1	0.4238631333	0.0000148042	0.0329297265	0.0081098760	0.5350824599
1	0.0938665893	0.6743269333	0.0487007631	0.0455295243	0.1375761901
1	0.8522333532	0.0006238359	0.1410454127	0.0038050848	0.0022923134
2	0.4723135238	0.1893091917	0.0102361746	0.0960923836	0.2320487262
1	0.0002083462	0.6603889964	0.2532935833	0.0043554871	0.0817535870
1	0.0204894279	0.0058563877	0.7616051506	0.0370464243	0.1750026094
1	0.0085672812	0.9295543721	0.0000000039	0.0553737300	0.0065046128
0	0.0075813089	0.0000041838	0.9206503945	0.0717597474	0.0000043654
0	0.0792162025	0.0336582520	0.5460244333	0.3221345458	0.0189665664
1	0.0434630404	0.0960231329	0.3980873839	0.0002271562	0.4621992866
0	0.5154666947	0.0000000191	0.0004435996	0.4767092010	0.0073804856
1	0.2861214831	0.0000000256	0.6560530215	0.0000129480	0.0578125217
0	0.0166137563	0.6254430015	0.0586910800	0.2249940957	0.0742580665
0	0.0010456908	0.1959429408	0.7739647707	0.0288390459	0.0002075518
0	0.0618326215	0.2420299864	0.0797654529	0.4194121932	0.1969597460
0	0.0009631293	0.1685618242	0.3708576924	0.0249216633	0.4346956908
0	0.6201660810	0.0000003668	0.0284051116	0.3514284406	0.0000000000
