1	0.3291137192	0.1546096273	0.0315642643	0.4847123892	0.0000000000
1	0.2720675211	0.0000534027	0.4121558796	0.3157231966	0.0000000000
1	0.0459730741	0.0715049681	0.0735251411	0.0069928659	0.8020039508
0	0.0000011445	0.1729828060	0.0000240422	0.8263517276	0.0006402798
0	0.0278200171	0.8567290319	0.0051133789	0.0324652824	0.0778722896
0	0.0403605249	0.0136122274	0.2418162221	0.6394188234	0.0647922022
0	0.0013282296	0.1482829173	0.0285294461	0.0000620521	0.8217973549
1	0.0000000663	0.3248327411	0.4371265544	0.1885812132	0.0494594250
1	0.6743027184	0.2524374187	0.0647564623	0.0003983961	0.0081050045
0	0.0196958937	0.8953910124	0.0212881168	0.0006080858	0.0630168914
2	0.0256785741	0.5654628279	0.0056377222	0.0002584657	0.4029624101
0	0.7050467540	0.0076796454	0.2104580793	0.0586842892	0.0181312321
0	0.0074779584	0.0034571989	0.6123928035	0.3466064982	0.0300655411
0	0.0000270606	0.0452903815	0.2666742255	0.4584648297	0.2295435027
2	0.0155083895	0.0252667037	0.1419222047	0.7813851941	0.0359175079
1	0.1441409792	0.0267629125	0.0255447259	0.0000243704	0.8035270120
2	0.6600758142	0.3328144023	0.0059873318	0.0010351592	0.0000872926
0	0.2988383463	0.0003546723	0.2065212875	0.0074556822	0.4868300118
0	0.3679318794	0.0010201651	0.0034354912	0.5170177739	0.1105946904
0	0.1443328791	0.0878369383	0.0084714602	0.3689627172	0.3903960053
0	0.0362654755	0.0165112099	0.1698565390	0.5200918981	0.2572748775
0	0.0039241336	0.8177273739	0.0228871898	0.1554613027	0.0000000000
1	0.0013977253	0.0154593559	0.1846994464	0.4038383359	0.3946051366
0	0.5996010870	0.0496479001	0.3326151891	0.0000624171	0.0180734067
0	0.0723531005	0.6083364022	0.0940031969	0.0393495100	0.1859577904
1	0.1172786248	0.7126328425	0.0011600237	0.0311028284	0.1378256805
1	0.0014006287	0.2162104038	0.0000000006	0.7746089727	0.0077799942
0	0.0070647374	0.6278921042	0.0254473125	0.1702633843	0.1693324615
2	0.0945294722	0.3826364888	0.5223236169	0.0005104222	0.0000000000
1	0.7701740268	0.0034634319	0.0122623944	0.0000075735	0.2140925734
0	0.0872608691	0.0512374502	0.6954022473	0.0702878996	0.0958115339
0	0.0945479504	0.5259948995	0.1416350651	0.1784427788	0.0593793062
1	0.0019564151	0.0000000002	0.7913520208	0.1770081596	0.0296834043
1	0.2022646346	0.4142867677	0.0111141571	0.3645941155	0.0077403251
0	0.3715467197	0.0167224390	0.0979594481	0.1944801913	0.3192912019
0	0.0000396681	0.1131630066	0.1590549850	0.6702025670	0.0575397733
0	0.0021785669	0.0016105130	0.2367158970	0.0003292565	0.7591657665
0	0.0932609276	0.0030453350	0.8778467382	0.0039874613	0.0218595379
0	0.3817452363	0.0055904489	0.2967632532	0.3158754319	0.0000256297
0	0.0195750375	0.0076533607	0.0483781220	0.1638185235	0.7605749562
1	0.0000000121	0.4195850990	0.1941449126	0.3157738719	0.0704961044
1	0.0556362678	0.0005371452	0.0022832748	0.7715083171	0.1700349952
0	0.1233254292	0.8528224471	0.0230294897	0.0004701702	0.0003524638
0	0.3922561222	0.0113237670	0.1657815031	0.0639413993	0.3666972083
0	0.0074003804	0.0574211788	0.1677786276	0.0910470003	0.6763528129
0	0.3619809450	0.2616802179	0.0441602635	0.1821667458	0.1500118278
1	0.2488512001	0.3970855959	0.1130490576	0.0354134190	0.2056007274
0	0.1943602530	0.7731668381	0.0163520474	0.0101072409	0.0060136206
0	0.2478200768	0.0000001243	0.1028342435	0.0812115544	0.5681340010
1	0.0875456699	0.0032040939	0.6049211862	0.0000000004	0.3043290496
1	0.6276697249	0.0106382085	0.0297362470	0.1058146071	0.2261412125
0	0.2012143541	0.0000000034	0.4323684665	0.2013139624	0.1651032137
1	0.0103729378	0.0001636370	0.4319876654	0.0010331830	0.5564425769
0	0.0450765829	0.0438672240	0.2569820944	0.2126331099	0.4414409888
0	0.0010717420	0.3938492235	0.0317810659	0.1991083875	0.3741895811
0	0.0134157987	0.9758964713	0.0000143708	0.0106707931	0.0000025661
1	0.0299622546	0.0079178779	0.0042003840	0.9117081836	0.0462112998
0	0.6297936598	0.2538203097	0.0500875697	0.0178656402	0.0484328205
0	0.0049611974	0.9608815631	0.0008501858	0.0331321847	0.0001748690
0	0.4754557500	0.0000012171	0.2007068766	0.3100124115	0.0138237447
0	0.6437312890	0.1605711157	0.0014361134	0.0008671169	0.1933943651
0	0.0279789096	0.0023159959	0.0065806232	0.0207508052	0.9423736660
0	0.0502381051	0.2859067532	0.0449411950	0.1790225051	0.4398914416
0	0.0054495159	0.8644366064	0.0158130884	0.1142982105	0.0000025788
0	0.0005374666	0.7779456807	0.0197427288	0.1572124381	0.0445616857
1	0.7030325830	0.0506269536	0.2237846627	0.0225543225	0.0000014782
0	0.1219245123	0.0035366264	0.0000224465	0.0145276439	0.8599887709
0	0.1693575518	0.0809855209	0.2322168747	0.0186717756	0.4987682771
1	0.0486270944	0.0787776170	0.0000243668	0.8080645542	0.0645063676
1	0.1972948059	0.0082445904	0.6378346064	0.1515626103	0.0050633870
0	0.0001261356	0.2114150638	0.0842115784	0.0000525752	0.7041946470
1	0.5639187529	0.1380184639	0.0861060532	0.0001027073	0.2118540226
0	0.0442171849	0.0129375103	0.8377629515	0.0493854826	0.0556968707
1	0.2637860780	0.4993095044	0.0028819150	0.0019106897	0.2321118128
0	0.8451080533	0.1061377352	0.0114919937	0.0015582423	0.0357039755
0	0.0553262836	0.6687219809	0.0554875041	0.0610048505	0.1594593809
1	0.2404618455	0.3681728407	0.0339506959	0.3574146156	0.0000000023
1	0.8132437394	0.0372281423	0.1251496610	0.0000000000	0.0243784573
0	0.7720325360	0.2117494648	0.0065491664	0.0093835947	0.0002852380
0	0.5732773652	0.3476786217	0.0349163827	0.0211836453	0.0229439851
1	0.0355234897	0.0190243131	0.4857778021	0.4540230202	0.0056513749
0	0.2400665623	0.3457003853	0.0212306374	0.3819675065	0.0110349086
0	0.0687315994	0.0571789255	0.8243306784	0.0001321544	0.0496266425
1	0.0380067236	0.0000145035	0.1888882550	0.0214602043	0.7516303136
0	0.0422406749	0.9367262601	0.0040248548	0.0044869483	0.0125212619
1	0.3614249932	0.1718857146	0.1789308976	0.2857083574	0.0020500372
0	0.0866086121	0.4220545407	0.4904648173	0.0002356845	0.0006363454
0	0.0065018541	0.8667802858	0.1008135718	0.0037166011	0.0221876871
0	0.2296157510	0.0651193500	0.2795174545	0.0547742070	0.3709732374
2	0.0498915944	0.8670401730	0.0826100547	0.0000000000	0.0004581779
1	0.0022184395	0.0220441052	0.0003117296	0.9749463714	0.0004793543
1	0.2830339190	0.6154030694	0.0137347998	0.0000075451	0.0878206667
0	0.0016528326	0.8135612325	0.0683437148	0.1134779550	0.0029642652
1	0.3941089801	0.0114058833	0.0821112201	0.0294828639	0.4828910527
0	0.0961553410	0.1110702797	0.0002254841	0.5733431376	0.2192057577
1	0.9591027302	0.0021862080	0.0049419038	0.0246238933	0.0091452647
1	0.0015378243	0.0000019414	0.2058103272	0.0207513277	0.7718985795
1	0.0000000770	0.1665085587	0.5091338814	0.1897481420	0.1346093408
1	0.0000000033	0.2159152864	0.1789151203	0.1777005602	0.4274690297
0	0.5365998163	0.0387219165	0.0429026408	0.3649151556	0.0168604707
