0	0.1118235729	0.0411074440	0.4560584864	0.3804040304	0.0106064663
1	0.2051094801	0.0036803286	0.1837580352	0.0000000101	0.6074521459
0	0.0583809204	0.2412026494	0.0000376098	0.0450178304	0.6553609899
0	0.6016604733	0.0005119928	0.0011514762	0.3079738120	0.0887022456
0	0.0228256349	0.7376338503	0.0733495012	0.1661635944	0.0000274192
0	0.0000000121	0.0174171092	0.1114152640	0.8134373517	0.0577302631
0	0.0000742668	0.0001537247	0.2672312488	0.7322158664	0.0003248933
0	0.2538539903	0.0298548574	0.2554022664	0.4608888859	0.0000000000
0	0.0172565776	0.2677089710	0.1056403402	0.2627312407	0.3466628705
0	0.5786570254	0.0001830886	0.0000173058	0.4195174616	0.0016251186
0	0.1790137873	0.1101106462	0.2802847037	0.0309360960	0.3996547668
1	0.4693597658	0.0943275852	0.0255964695	0.1424398250	0.2682763545
2	0.0748976867	0.0287770080	0.8661026944	0.0302226110	0.0000000000
0	0.0000777663	0.2195836223	0.2151082753	0.5652303361	0.0000000000
1	0.2843336770	0.0478793350	0.1942366854	0.0055540058	0.4679962968
1	0.2093746626	0.0206491653	0.5609469883	0.0143654320	0.1946637518
2	0.0054653429	0.4245952445	0.1109144101	0.1215959662	0.3374290363
1	0.0126050931	0.0409896591	0.4401807371	0.2870340531	0.2191904575
1	0.0045861249	0.8905839291	0.0072455534	0.0097863604	0.0877980321
0	0.1528325248	0.0012415283	0.0819912453	0.7552682626	0.0086664390
0	0.0015858899	0.1755690452	0.0017877352	0.7887189848	0.0323383450
0	0.0398552897	0.1010104298	0.7444313173	0.0833827945	0.0313201688
1	0.0025909308	0.3912569833	0.0001412963	0.0926731087	0.5133376809
0	0.7225328540	0.0179560726	0.0053941015	0.1763681275	0.0777488444
0	0.2349335422	0.0658490734	0.3229280052	0.2938913026	0.0823980766
1	0.3104097276	0.0032665042	0.4754355949	0.0045665595	0.2063216138
0	0.7170643001	0.1596800479	0.0000423557	0.0185337596	0.1046795367
0	0.1204148227	0.3204783461	0.1928854309	0.0000000003	0.3662214001
0	0.0251720160	0.1897430745	0.0000000347	0.0000051272	0.7850797477
1	0.7074150027	0.0477762734	0.1788100999	0.0641273226	0.0018713014
0	0.0364164136	0.0435591556	0.3890070966	0.0728792156	0.4581381186
1	0.0000001790	0.0388964612	0.0148754213	0.8159251935	0.1303027450
0	0.0326817089	0.0678651093	0.0909699410	0.7819102715	0.0265729694
1	0.0034179707	0.0172021613	0.0000281135	0.8582887334	0.1210630210
0	0.2939204055	0.0344197900	0.1954495956	0.4001003617	0.0761098472
0	0.9280299891	0.0004922015	0.0437278603	0.0277373705	0.0000125786
1	0.5506931831	0.0386614104	0.0147789691	0.2466158285	0.1492506089
0	0.1101319096	0.6055713922	0.0436366093	0.2406545033	0.0000055856
0	0.0001096766	0.0584278869	0.3509041578	0.4717412473	0.1188170313
1	0.4424209468	0.0068929865	0.0268947738	0.2067802855	0.3170110075
0	0.4003949788	0.0701662241	0.0776412632	0.4435130875	0.0082844464
0	0.8770135857	0.0000477974	0.0113473534	0.0990176004	0.0125736631
0	0.0273652648	0.0002967689	0.0000280638	0.0002828256	0.9720270769
0	0.0236130592	0.2853323806	0.0005762064	0.4462479754	0.2442303785
0	0.1007919940	0.0683357580	0.4333792415	0.0530994245	0.3443935819
2	0.0514996760	0.1631018630	0.6311297238	0.0132246193	0.1410441179
0	0.0648181863	0.0007552307	0.0007835560	0.8555331281	0.0781098989
1	0.6239737072	0.0888192455	0.2791928671	0.0047684833	0.0032456969
0	0.0495170663	0.0084493463	0.0312019701	0.0071104161	0.9037212013
0	0.1283591469	0.3513707720	0.0000000000	0.0142305284	0.5060395526
0	0.2206067551	0.0033816151	0.0273571521	0.0049077581	0.7437467195
2	0.4191466157	0.0009626580	0.0886286694	0.0000000000	0.4912620570
0	0.1268656694	0.1055287722	0.7609290639	0.0001752292	0.0065012653
1	0.0000030132	0.1138335718	0.0000000011	0.0031752075	0.8829882064
0	0.0001052547	0.0173095601	0.5877192922	0.2716488368	0.1232170562
1	0.0000000234	0.3555844457	0.0000000632	0.3575409515	0.2868745161
0	0.2963039172	0.1488234575	0.2918290845	0.2189660072	0.0440775335
0	0.0237044250	0.2476136578	0.6809152501	0.0012210370	0.0465456301
0	0.0489101045	0.7370246630	0.1570134774	0.0567896596	0.0002620954
1	0.1139443500	0.0318675016	0.0000000688	0.0033522622	0.8508358174
0	0.0521890734	0.0120103263	0.7398112477	0.1956813372	0.0003080153
1	0.0000123122	0.1038373105	0.0081100328	0.4365326262	0.4515077183
1	0.1598900751	0.2992198669	0.1331563096	0.0493096811	0.3584240673
0	0.5520488562	0.1330164397	0.3072071965	0.0036572138	0.0040702938
1	0.0332085722	0.0923219087	0.8736246268	0.0008207960	0.0000240962
0	0.1609217158	0.0554897005	0.5818215637	0.2001095251	0.0016574949
0	0.2314338808	0.2326975126	0.0180585009	0.0007917481	0.5170183576
0	0.0799184747	0.5222114184	0.2402133213	0.0308141261	0.1268426596
0	0.0634019117	0.1484160543	0.6053043741	0.1809137073	0.0019639527
0	0.3742797225	0.0720067969	0.0000029390	0.0000273335	0.5536832081
0	0.0778547232	0.8820403030	0.0000771879	0.0395423820	0.0004854039
0	0.1510001176	0.0720887146	0.7685419404	0.0002288680	0.0081403594
1	0.4184083567	0.3946110745	0.1162233333	0.0534322508	0.0173249846
0	0.7081071778	0.2046896356	0.0855451135	0.0016547899	0.0000032832
1	0.0217617815	0.0188683390	0.7545444665	0.1767164096	0.0281090033
0	0.7700005968	0.0000861959	0.0034636888	0.0000143163	0.2264352022
2	0.0027901423	0.2531299365	0.5976973947	0.1239343945	0.0224481321
1	0.0175315587	0.1048353603	0.1465166676	0.4475728140	0.2835435994
0	0.4371375546	0.0759587337	0.0015078168	0.3848255246	0.1005703704
0	0.1542201183	0.0238030837	0.2410802047	0.0000000000	0.5808965933
0	0.0020774120	0.0000005616	0.5394052900	0.0000000000	0.4585167364
1	0.0361580199	0.5641487556	0.0015585623	0.1439689170	0.2541657453
0	0.0000246506	0.4138160432	0.0572952744	0.1244031052	0.4044609265
2	0.0179042386	0.0432967779	0.0010200408	0.0582656667	0.8795132759
1	0.2067325166	0.0538910707	0.7131298473	0.0000381430	0.0262084223
1	0.2388675103	0.3107730550	0.0000463624	0.2135925619	0.2367205104
0	0.0001027810	0.8171814254	0.0004274574	0.0004049510	0.1818833852
2	0.3472733696	0.0008661261	0.5936379648	0.0581840159	0.0000385236
1	0.3522235208	0.2238259784	0.4154919765	0.0061160547	0.0023424697
1	0.0537937451	0.0000000231	0.0062642115	0.7891597250	0.1507822953
0	0.7328366775	0.0000002282	0.1485922343	0.1143305535	0.0042403065
0	0.0000392760	0.3531063136	0.0651480594	0.5817063508	0.0000000001
0	0.1321587743	0.6575375554	0.0388502808	0.1649570193	0.0064963701
0	0.0452130800	0.0000000024	0.0051448127	0.1285365337	0.8211055711
0	0.3909589485	0.0075381106	0.5823563074	0.0041189407	0.0150276928
1	0.1954098629	0.0026114662	0.0025782513	0.3126036766	0.4867967430
1	0.0032458197	0.0426041388	0.1351620190	0.8189834354	0.0000045872
0	0.0000026521	0.0000031048	0.0149877948	0.0870948730	0.8979115752
0	0.4136064538	0.2395637208	0.2301101946	0.1098879032	0.0068317276
0	0.3882882597	0.0346810928	0.0346600028	0.0119962668	0.5303743780
