2	0.3552149839	0.0250385628	0.2366364404	0.3089069236	0.0742030893
0	0.5625542317	0.1173176248	0.0482786808	0.1107934991	0.1610559635
2	0.0021401954	0.0000000018	0.6366046014	0.0209672093	0.3402879921
0	0.0968622082	0.0082581052	0.2894352637	0.5958307170	0.0096137060
0	0.9334193513	0.0001232081	0.0000038531	0.0612298908	0.0052236967
0	0.0000789727	0.1317813672	0.0258836509	0.1446157279	0.6976402812
0	0.0377299320	0.2941508053	0.4291129180	0.0311155029	0.2078908417
0	0.0000102727	0.0007438396	0.9954124270	0.0038330629	0.0000003978
1	0.0000000000	0.0017873204	0.7536162329	0.0450592215	0.1995372252
0	0.0118874059	0.3500953742	0.2105911844	0.2789011908	0.1485248447
0	0.0059014523	0.5940264240	0.0218944427	0.2218347154	0.1563429657
0	0.0105737937	0.0524817274	0.9309062212	0.0060376590	0.0000005987
1	0.1201723618	0.5918686895	0.0545092193	0.2334497285	0.0000000009
1	0.0578829977	0.8661426145	0.0221589739	0.0267530435	0.0270623704
0	0.0328336875	0.0034923642	0.0792233714	0.8484196454	0.0360309315
1	0.0178381051	0.1189042773	0.6387201054	0.2237688297	0.0007686825
2	0.1472261583	0.0274286141	0.1403567718	0.6832994913	0.0016889646
1	0.2559165104	0.0273467640	0.4218182064	0.1561010367	0.1388174825
0	0.0654644568	0.0508750098	0.8313546364	0.0458383945	0.0064675025
0	0.0005936568	0.1245269837	0.7657464083	0.0096055817	0.0995273695
1	0.0055014469	0.8894935575	0.0000000000	0.1024381634	0.0025668322
0	0.0833530634	0.0000001583	0.0734831336	0.3169428834	0.5262207613
0	0.0143158053	0.0000113009	0.9722992110	0.0130353030	0.0003383797
1	0.0893528596	0.2110281055	0.0045844025	0.1068058634	0.5882287690
0	0.0000405890	0.0000021626	0.0018512843	0.6311561404	0.3669498237
0	0.3521958168	0.0100560317	0.4849562276	0.0000009023	0.1527910216
0	0.1314225843	0.8563202874	0.0016757789	0.0105799623	0.0000013871
0	0.4078116413	0.2286739187	0.0344727473	0.0328371484	0.2962045443
0	0.0303961985	0.0000143549	0.9695894466	0.0000000000	0.0000000000
0	0.1168436979	0.1166587082	0.0700580371	0.4058529855	0.2905865713
0	0.4269992755	0.2922662340	0.0493124060	0.2045150536	0.0269070309
0	0.0450387375	0.1332210054	0.3584811810	0.2116877670	0.2515713091
0	0.8928725201	0.0254222217	0.0496715847	0.0278721781	0.0041614954
0	0.0129486864	0.0057044823	0.8961950934	0.0170633776	0.0680883604
0	0.0760730391	0.0000607579	0.0821571088	0.4138810080	0.4278280862
0	0.2234222043	0.0137227356	0.2487782799	0.0235632077	0.4905135724
1	0.9022244786	0.0061701971	0.0023822350	0.0011390015	0.0880840878
0	0.0324120759	0.0218125938	0.0479068246	0.8747700856	0.0230984201
0	0.0008166232	0.9705336137	0.0030969811	0.0165435860	0.0090091960
0	0.1541508505	0.7618723950	0.0000000000	0.0380796909	0.0458970636
2	0.4258847735	0.0017063817	0.0420482974	0.0313629085	0.4989976389
0	0.1431725551	0.0001241306	0.7204530918	0.0953404598	0.0409097628
0	0.0023806767	0.0989496568	0.1446317857	0.6713197290	0.0827181519
1	0.0024872051	0.3317452921	0.0526011810	0.0097767439	0.6033895779
0	0.1796356517	0.3348285598	0.4690211341	0.0104201983	0.0060944561
0	0.0233692803	0.2578416469	0.0649251559	0.0107138146	0.6431501024
0	0.4413477264	0.0187938211	0.1002103759	0.0252374323	0.4144106443
0	0.0151069728	0.6738487411	0.0512898043	0.1495997129	0.1101547688
0	0.1482209375	0.0052477645	0.5917961379	0.0226190798	0.2321160802
0	0.0160856516	0.0670378385	0.0579522046	0.1875496199	0.6713746855
0	0.4740246329	0.0000000005	0.1072721099	0.0077645989	0.4109386578
1	0.2639900471	0.0002109388	0.0015468123	0.2718646180	0.4623875838
1	0.0009479322	0.2005099647	0.1426827862	0.1094919270	0.5463673898
0	0.0061706451	0.0001348689	0.8796946228	0.0055598552	0.1084400081
1	0.3438070174	0.4677911547	0.1588839336	0.0111009508	0.0184169435
0	0.0320093643	0.1518983932	0.0017028597	0.0026156437	0.8117737391
1	0.0004529749	0.6619145080	0.1906845434	0.1380234981	0.0089244755
0	0.0004554669	0.4651020826	0.2567661341	0.2776200359	0.0000562806
1	0.2552637808	0.0000000000	0.4920432378	0.0874830902	0.1652098912
0	0.0178235993	0.0000060433	0.2823168777	0.0000187764	0.6998347032
1	0.0930733583	0.5312427345	0.2968784416	0.0788054656	0.0000000000
0	0.1872374586	0.0879523913	0.0207478047	0.7040623248	0.0000000206
0	0.0018673802	0.3291335299	0.2333824047	0.0099196611	0.4256970241
0	0.0279300748	0.4016590152	0.5680584202	0.0000028722	0.0023496176
0	0.1053655609	0.6074430899	0.0000126904	0.1921671514	0.0950115073
0	0.2339101331	0.0086229854	0.0000580294	0.0000053717	0.7574034803
0	0.0300485982	0.1212507300	0.0727250232	0.7759755203	0.0000001283
0	0.0103762698	0.2096753257	0.7478610845	0.0292859862	0.0028013338
0	0.0131647210	0.0365248892	0.1231071424	0.7999705186	0.0272327288
0	0.0033121541	0.2244005569	0.0913293462	0.6797137246	0.0012442181
0	0.0355663638	0.0027837400	0.2721756392	0.3155007613	0.3739734957
0	0.0000023112	0.0074516854	0.5247852615	0.2424415544	0.2253191875
1	0.7472637391	0.0099206201	0.0242538073	0.2068804395	0.0116813940
1	0.2198934222	0.0151620793	0.0000000977	0.1774866651	0.5874577358
0	0.0000000000	0.5753698401	0.0460535950	0.3187584433	0.0598181216
1	0.0000000000	0.3136270173	0.0209194435	0.0665533502	0.5989001890
0	0.3677064078	0.0000000053	0.0000000000	0.0017683058	0.6305252811
0	0.0054966343	0.6347269567	0.0924280697	0.2666237118	0.0007246275
1	0.7503642989	0.0160446790	0.0010108548	0.1320361337	0.1005440336
2	0.0012589508	0.0000000000	0.3592670605	0.3540950118	0.2853789768
1	0.0000736367	0.0000000000	0.0000804152	0.0197987118	0.9800472363
0	0.1302681812	0.2860294917	0.0046486937	0.0195729410	0.5594806925
0	0.0341098510	0.0000001949	0.6334521000	0.2392285653	0.0932092889
0	0.2478219151	0.2792342119	0.4149124017	0.0000080649	0.0580234064
1	0.0005279726	0.0715415075	0.0413665020	0.3235053909	0.5630586270
1	0.0351273343	0.1499925779	0.1804847129	0.1568740114	0.4775213635
0	0.0002926336	0.4832323828	0.0010390626	0.0066709168	0.5087650042
1	0.1122662591	0.0000000000	0.1383490699	0.0241903313	0.7251943397
0	0.0367237236	0.2190749303	0.0024670835	0.0025245097	0.7392097530
1	0.0012069175	0.1811934062	0.2423547348	0.2662459115	0.3089990300
0	0.1190608695	0.1063936343	0.0567824987	0.5037535327	0.2140094648
1	0.0002530734	0.1288966029	0.0029926387	0.0348893086	0.8329683765
0	0.1470876363	0.1535147579	0.0000000001	0.1355758333	0.5638217724
0	0.0061243651	0.0089819406	0.9357045346	0.0135686704	0.0356204893
0	0.0332980699	0.1907084625	0.3019334620	0.1099618579	0.3640981477
0	0.0612782246	0.4460423949	0.1494009563	0.2813502901	0.0619281340
0	0.5961178488	0.2508891532	0.0000178567	0.0012504410	0.1517247003
0	0.0000000000	0.0042483403	0.0155112899	0.0002445448	0.9799958250
1	0.0420044143	0.0000239835	0.2329863600	0.4154968994	0.3094883428
1	0.2365497281	0.0132322596	0.0098738542	0.7028312436	0.0375129145
