1	0.3863220762	0.2934172442	0.3090674382	0.0111932408	0.0000000006
0	0.0006275436	0.0000000000	0.0299197250	0.8589017344	0.1105509970
1	0.2084569621	0.0125524173	0.0239667136	0.0035461971	0.7514777098
0	0.5521265664	0.1213447058	0.3198933823	0.0003807117	0.0062546338
0	0.2976333292	0.0435871260	0.1643009875	0.0951796890	0.3992988683
1	0.0985667859	0.4253040576	0.3990455846	0.0549034912	0.0221800808
0	0.2089098670	0.0002201169	0.1919128314	0.4729645770	0.1259926077
0	0.0000276687	0.1001793007	0.1906158141	0.0177955645	0.6913816521
0	0.0041516965	0.1453317112	0.5154560592	0.2998976868	0.0351628464
1	0.4552773707	0.4536694413	0.0463089613	0.0257155057	0.0190287210
0	0.7201527690	0.1246856511	0.0181836894	0.0988925972	0.0380852932
1	0.2090458103	0.0016379563	0.0336860937	0.0217143184	0.7339158213
0	0.0141404502	0.7049046634	0.0281747274	0.2462022845	0.0065778745
1	0.0366314980	0.3174613708	0.5288303130	0.0262312263	0.0908455920
0	0.0486061593	0.4208481916	0.0980024403	0.0086716147	0.4238715942
0	0.0624570424	0.0000000075	0.1853874958	0.0796564150	0.6724990392
1	0.1797284869	0.5973184619	0.0211499900	0.0287339461	0.1730691151
1	0.3649793994	0.2000426704	0.0821322659	0.0000000183	0.3528456460
0	0.0698916849	0.2570598552	0.1652164007	0.0026990368	0.5051330224
0	0.1124043605	0.4939790656	0.2548014899	0.1268468284	0.0119682556
0	0.2297798243	0.0625648011	0.2210258308	0.3174268678	0.1692026761
0	0.0004010557	0.1179671629	0.5960643708	0.2175849436	0.0679824670
1	0.0094083875	0.2278304555	0.0498413573	0.0549263614	0.6579934383
0	0.0059714464	0.8614707269	0.0504152080	0.0821426187	0.0000000000
0	0.6027215439	0.1536935670	0.0174052391	0.0966475729	0.1295320771
1	0.1500499866	0.1022710945	0.6132151409	0.1112799616	0.0231838163
0	0.2294848689	0.1953881438	0.4614816321	0.1135924500	0.0000529052
1	0.2955921031	0.0000000017	0.4190647016	0.2853431936	0.0000000000
0	0.0000000000	0.0000605404	0.3578248018	0.5136300836	0.1284845742
0	0.8717258313	0.0113590441	0.0079267338	0.0000114328	0.1089769580
0	0.5036999883	0.0779330583	0.0103099653	0.4080568267	0.0000001615
1	0.0836940743	0.0000000028	0.6620786112	0.0001193643	0.2541079474
0	0.1867039341	0.2513560700	0.4772127666	0.0847272293	0.0000000000
0	0.0002995079	0.0154657835	0.0496370334	0.2680968117	0.6665008635
1	0.3673478047	0.0264812366	0.0000355816	0.4655259473	0.1406094298
0	0.1729672440	0.0117877996	0.0044491990	0.0663665585	0.7444291989
0	0.0795195288	0.0916364117	0.0234514489	0.0376696160	0.7677229946
1	0.3994069108	0.0025134184	0.5202572853	0.0007434273	0.0770789582
2	0.0430375406	0.0000000000	0.2287403823	0.5967364616	0.1314856155
0	0.3361910131	0.0014290882	0.5831360747	0.0326888016	0.0465550223
0	0.5027344399	0.0778622701	0.2229931366	0.0000000000	0.1964101534
0	0.0049399579	0.1727485696	0.0000054930	0.1972546971	0.6250512823
1	0.0549567998	0.3052548300	0.2598030670	0.0000323793	0.3799529239
1	0.9204753772	0.0369687615	0.0002505415	0.0073086784	0.0349966414
0	0.0597199863	0.0005447358	0.0021720322	0.4388131234	0.4987501223
0	0.5135861735	0.2372147937	0.0763106932	0.0005500857	0.1723382540
0	0.3296560198	0.0025710770	0.0000000000	0.6612031183	0.0065697850
0	0.0380864979	0.0016020211	0.1103421228	0.0128578949	0.8371114634
0	0.1862361442	0.0026339706	0.1336876545	0.2672143227	0.4102279080
0	0.0364137711	0.4616484766	0.1318831899	0.1869978508	0.1830567116
0	0.0018819544	0.6559281109	0.2619926231	0.0000000000	0.0801973116
1	0.1271280104	0.0014291916	0.0626817435	0.8087610012	0.0000000533
1	0.3247650758	0.0000000000	0.0196718839	0.0007100376	0.6548530027
1	0.0044520240	0.0847876544	0.0375908717	0.0245877779	0.8485816720
1	0.0832763994	0.8800633405	0.0039470949	0.0177637239	0.0149494413
0	0.3741049857	0.0538045635	0.0008747226	0.2978629507	0.2733527775
1	0.1724871174	0.1783026329	0.2931390833	0.2085555796	0.1475155868
0	0.0173232323	0.0029027072	0.1548548495	0.0002551596	0.8246640513
0	0.3519312536	0.0486187859	0.0025933568	0.4697074365	0.1271491672
0	0.0210210897	0.7771154221	0.0067649351	0.1885105214	0.0065880317
0	0.0000235409	0.4220561827	0.0817617219	0.4698532376	0.0263053169
0	0.0293009360	0.0158066208	0.0603020075	0.8945866669	0.0000037689
1	0.0923692942	0.0608126576	0.2774966318	0.0036749217	0.5656464946
0	0.3425190568	0.6541082527	0.0016544455	0.0000000000	0.0017182449
0	0.0305865251	0.0000000000	0.3245330160	0.5883889590	0.0564914999
0	0.0170477411	0.9014706784	0.0128083118	0.0465233869	0.0221498818
0	0.4929063855	0.0443037495	0.0000036001	0.4627862649	0.0000000000
0	0.6111726955	0.0000985169	0.3084553173	0.0017970391	0.0784764313
0	0.0002485611	0.0159069107	0.6466851102	0.1451704597	0.1919889583
0	0.0236159984	0.4099784621	0.5536211922	0.0006057127	0.0121786346
1	0.0438506941	0.1229682203	0.0004469163	0.0714145002	0.7613196691
0	0.0781076147	0.0728161961	0.3205925718	0.1777794347	0.3507041827
1	0.0000000000	0.9990662494	0.0008190184	0.0000000000	0.0001147322
0	0.3468632292	0.0007317127	0.0716950294	0.1897634499	0.3909465789
0	0.1371377990	0.0261934813	0.0178570987	0.0206142100	0.7981974110
1	0.0129800390	0.6024834039	0.0254965111	0.0446846335	0.3143554125
1	0.0002834836	0.0426733727	0.5069669457	0.0590818533	0.3909943447
1	0.0003946725	0.8363440875	0.1630194604	0.0000000993	0.0002416803
1	0.0106347683	0.0597566173	0.0000000000	0.2997387532	0.6298698612
0	0.2016688617	0.1960152703	0.0251196827	0.5292760843	0.0479201011
1	0.3032862844	0.1685835175	0.4550652987	0.0600852728	0.0129796265
0	0.8915263087	0.0000067349	0.0011401777	0.0253294642	0.0819973146
1	0.0000000002	0.1109681699	0.1737595312	0.5054537703	0.2098185284
0	0.1190019252	0.0000233614	0.0000000161	0.2772617993	0.6037128980
0	0.2379860059	0.3942304422	0.3373343397	0.0225958815	0.0078533308
0	0.0000000013	0.8313385208	0.0300824654	0.0407541189	0.0978248936
0	0.0058985185	0.4459104561	0.5141503291	0.0011045269	0.0329361693
1	0.4624250890	0.4581582250	0.0091267182	0.0684587495	0.0018312183
0	0.0000000000	0.2380858008	0.0019438334	0.4900364661	0.2699338998
0	0.3936290677	0.1702502691	0.0035952210	0.3553714459	0.0771539963
0	0.1266537150	0.0083634871	0.3480895300	0.0098570693	0.5070361986
1	0.5121497538	0.1907870409	0.0000000003	0.2970629870	0.0000002181
0	0.0205906682	0.7829773195	0.1259579535	0.0704740588	0.0000000000
0	0.0045445872	0.0030980217	0.0182567752	0.0000181300	0.9740824859
1	0.0369580653	0.2681237544	0.3889400543	0.0000034850	0.3059746410
1	0.8054647776	0.0059293439	0.0663131337	0.0000756292	0.1222171156
1	0.0214334856	0.3111316995	0.5846634140	0.0000004978	0.0827709031
0	0.0052871272	0.3283042721	0.0230873526	0.5837301621	0.0595910860
0	0.0003987633	0.0000000001	0.1837149672	0.4516880299	0.3641982394
0	0.7579299858	0.0410181826	0.2004695498	0.0001092022	0.0004730797
