0	0.4385213136	0.0000147535	0.0216254994	0.3919769326	0.1478615008
0	0.0153938209	0.0163283821	0.0939955234	0.5228690900	0.3514131836
0	0.0051464180	0.1593847978	0.0869632529	0.6833425205	0.0651630107
0	0.0189824967	0.0714076302	0.0091319965	0.0675907093	0.8328871672
1	0.1153729763	0.0207260283	0.1210067285	0.2634596701	0.4794345967
1	0.0087183857	0.1295638037	0.0236804235	0.1259018520	0.7121355351
0	0.0408826158	0.0241301950	0.0000000079	0.0417857037	0.8932014775
0	0.1646103567	0.2505100678	0.0189262992	0.5628331571	0.0031201193
0	0.0041411407	0.9940956486	0.0000057414	0.0006079472	0.0011495220
0	0.3161188572	0.0270843210	0.1427363206	0.2620406916	0.2520198096
1	0.0690999020	0.2900948777	0.4079321948	0.2328549442	0.0000180813
0	0.0000000000	0.0161140902	0.2882505621	0.4591479803	0.2364873674
0	0.0327191306	0.9256393366	0.0001356884	0.0182683157	0.0232375287
0	0.0063319361	0.1832550089	0.1089414398	0.1375918097	0.5638798056
0	0.0685576386	0.0000000045	0.1214297996	0.0512332884	0.7587792690
1	0.1305463266	0.0744145201	0.5041049605	0.2909100017	0.0000241910
0	0.9128757224	0.0508593063	0.0011079185	0.0331506602	0.0020063926
1	0.0257981075	0.0000000001	0.2205067741	0.0344233988	0.7192717196
0	0.0001965295	0.5045445674	0.0813886620	0.0075220809	0.4063481602
0	0.1802502760	0.8195611627	0.0000000020	0.0001885290	0.0000000302
0	0.4494026030	0.0932667840	0.0202628638	0.4360777733	0.0009899759
1	0.1110477157	0.6868667545	0.1059460278	0.0117054004	0.0844341016
1	0.0006523972	0.0035366121	0.0241957475	0.0000451168	0.9715701264
0	0.1467174165	0.5212566669	0.1990690260	0.1103760659	0.0225808246
0	0.6900513624	0.0080775093	0.0572664904	0.0852383289	0.1593663089
0	0.1406492679	0.0000001249	0.5798438695	0.0801985625	0.1993081752
0	0.2387247271	0.1796913718	0.0225831442	0.5074181530	0.0515826040
2	0.4538953694	0.0048596606	0.3208950472	0.0377437373	0.1826061854
2	0.3855220009	0.2018743469	0.1681564076	0.0612139679	0.1832332768
0	0.1118423672	0.0081570729	0.1353240729	0.6204543595	0.1242221275
0	0.2673348458	0.0000000019	0.4118947847	0.0952923662	0.2254780014
0	0.6427222853	0.2262249642	0.0000000059	0.0000293453	0.1310233993
2	0.0188099506	0.0000000067	0.0000000000	0.0469464794	0.9342435632
0	0.0000383314	0.8861910655	0.0628601018	0.0337420076	0.0171684936
0	0.1135326405	0.4584569653	0.2765306433	0.0004725376	0.1510072132
0	0.4634452987	0.0053038806	0.0183980494	0.5110005410	0.0018522303
0	0.0019190885	0.1386098768	0.0009938127	0.0220025783	0.8364746437
0	0.0003032178	0.0682162909	0.0346304048	0.4268166896	0.4700333969
1	0.0171778285	0.5559066497	0.3702709608	0.0257471308	0.0308974302
0	0.2285826958	0.1601317166	0.5593529995	0.0006344564	0.0512981317
0	0.0001796225	0.0362366595	0.6792549615	0.2784565903	0.0058721661
0	0.1539977643	0.0969108433	0.0001599254	0.0237521833	0.7251792837
0	0.0006134910	0.0120275410	0.0908762755	0.0735431443	0.8229395483
1	0.1511101347	0.0023826010	0.2521433949	0.4052702060	0.1890936634
0	0.0000000001	0.1171249613	0.8420562044	0.0371525314	0.0036663029
0	0.0565563426	0.0002438726	0.1843045275	0.7296577428	0.0292375146
0	0.0658351368	0.0525543054	0.8350215761	0.0037910510	0.0427979307
1	0.4753087408	0.4069497551	0.0098565920	0.0002381948	0.1076467173
0	0.0042656643	0.3271340825	0.6526709026	0.0109670127	0.0049623380
0	0.2136121695	0.1267418673	0.0000003270	0.4095903269	0.2500553093
1	0.1465426510	0.0001007470	0.0001691126	0.0011541685	0.8520333209
0	0.0364057324	0.2163484358	0.0073816248	0.0103553702	0.7295088368
0	0.0502864638	0.2973016135	0.0000716766	0.0994875829	0.5528526632
1	0.0000000021	0.1468247165	0.7689331672	0.0477702080	0.0364719062
1	0.7162315417	0.0055680655	0.0001334618	0.0161644791	0.2619024518
0	0.0486040862	0.1028838656	0.8286581558	0.0000331689	0.0198207234
1	0.0000000012	0.0000000000	0.0000000000	0.5186938342	0.4813061645
0	0.0272822652	0.0446129873	0.0874303441	0.1362685701	0.7044058332
1	0.0000000000	0.8313368618	0.0967306495	0.0001825518	0.0717499370
0	0.0508229419	0.8462387128	0.0021975910	0.0000001488	0.1007406055
0	0.2990889336	0.1979547826	0.2354875855	0.0728595244	0.1946091739
0	0.0880790415	0.2165044049	0.0000046769	0.0002640029	0.6951478737
0	0.4243868425	0.0000033866	0.4133626196	0.0005857091	0.1616614423
0	0.0000000000	0.0843580308	0.9027292367	0.0026724149	0.0102403176
0	0.0672691902	0.0425597097	0.2016600554	0.0413142588	0.6471967859
0	0.2545899851	0.6525035733	0.0000820645	0.0011782816	0.0916460955
0	0.0232487480	0.2526497264	0.1540091828	0.3498027950	0.2202895478
0	0.0542904202	0.0069279215	0.9351514757	0.0029572930	0.0006728896
0	0.8861173359	0.0986404608	0.0152409433	0.0000000000	0.0000012599
0	0.0446898973	0.0248212349	0.0055889143	0.0177662452	0.9071337084
0	0.0387665367	0.0011471641	0.7604378987	0.0456716709	0.1539767296
0	0.5204962401	0.0619815629	0.0953548602	0.2595410245	0.0626263124
1	0.0000000238	0.0890869194	0.7129223778	0.1955534834	0.0024371955
1	0.0241812004	0.2806333199	0.3124229135	0.2826781427	0.1000844234
0	0.0457878495	0.7945946038	0.0204584350	0.0338549970	0.1053041147
1	0.3540616817	0.0124312491	0.0799266139	0.4749209297	0.0786595256
0	0.1506779539	0.0083394644	0.0329467770	0.0000000000	0.8080358047
0	0.1829979246	0.0023780019	0.8108045649	0.0034424026	0.0003771060
1	0.0825289164	0.0000000000	0.1950474939	0.0305354664	0.6918881233
1	0.1835840254	0.0047773497	0.3995911247	0.4119699526	0.0000775475
0	0.0077046787	0.0211980629	0.8194835110	0.1502853314	0.0013284160
1	0.0778272526	0.0000135090	0.0494726818	0.3153145146	0.5573720420
0	0.0006359144	0.0004850210	0.9545480389	0.0422276944	0.0021033314
0	0.3025566027	0.0050949835	0.1697204729	0.4407669215	0.0818610195
0	0.0320276295	0.0109388148	0.0846290363	0.8097491125	0.0626554070
1	0.9410755047	0.0246227924	0.0342112922	0.0000000000	0.0000904107
0	0.7034490732	0.0000203511	0.0307907908	0.1402087605	0.1255310245
0	0.1741279607	0.3426835464	0.3142583775	0.1345763075	0.0343538078
0	0.4512263795	0.0242071576	0.1048823153	0.0663501330	0.3533340146
0	0.0227214733	0.1318195432	0.4760386494	0.3466533307	0.0227670034
0	0.0000483840	0.0149611931	0.1626523474	0.5545651563	0.2677729192
0	0.0162203214	0.2602830538	0.6438394361	0.0468715510	0.0327856376
1	0.1835017926	0.6433983417	0.0019750828	0.1700948423	0.0010299407
0	0.0000000000	0.1912502555	0.3248317284	0.1068406651	0.3770773510
0	0.9967096251	0.0000000000	0.0032897346	0.0000006329	0.0000000074
0	0.0002843861	0.1985795701	0.2211261413	0.4005099173	0.1794999853
1	0.3972767086	0.0567513683	0.1259423747	0.4200272173	0.0000023311
1	0.0151704858	0.1413288721	0.8008648030	0.0421598739	0.0004759652
0	0.1759081080	0.7661660278	0.0000000000	0.0579250618	0.0000008023
0	0.2723439410	0.2313776481	0.0891562276	0.0000105367	0.4071116467
