0	0.0600871818	0.0037445806	0.6506648869	0.2795458272	0.0059575235
0	0.0043370946	0.0071036124	0.4295391161	0.5573316506	0.0016885263
0	0.0165998614	0.0006053422	0.0000725831	0.2758534335	0.7068687797
0	0.0012470976	0.0002108419	0.1216502501	0.0006205243	0.8762712861
0	0.1889649013	0.0002598755	0.0455294415	0.0936885094	0.6715572724
1	0.0334877767	0.2400905124	0.1616124064	0.3152687261	0.2495405784
1	0.1483310041	0.0093454701	0.1036176468	0.7342881279	0.0044177511
1	0.6570437035	0.0286831477	0.1715350651	0.0000005299	0.1427375539
0	0.0000000000	0.4424169194	0.0295670711	0.3527651015	0.1752509080
0	0.0000000018	0.6141693829	0.0451943795	0.0789310720	0.2617051638
1	0.0000148041	0.0350105772	0.6641750243	0.0260667095	0.2747328848
1	0.6784277639	0.2108760755	0.0015483389	0.1051095217	0.0040383000
2	0.1206847089	0.1306865782	0.2350175619	0.3502985098	0.1633126412
1	0.0558106969	0.4495285965	0.0003795993	0.0002243460	0.4940567612
0	0.8074645973	0.0111345426	0.0726355949	0.0126652418	0.0961000234
1	0.0876235112	0.3182661839	0.0025733601	0.5837814846	0.0077554603
1	0.0000000000	0.0327380986	0.0045784884	0.9612059720	0.0014774410
0	0.1015021950	0.1210541868	0.0007648747	0.7693449780	0.0073337656
0	0.3346250948	0.0270730447	0.3941355694	0.2441662597	0.0000000314
0	0.0446352111	0.1797609658	0.0000077091	0.7098719936	0.0657241204
1	0.0494874644	0.0294631185	0.8948222025	0.0000005269	0.0262266877
1	0.0065699953	0.0080635924	0.3467552706	0.5914442796	0.0471668619
0	0.2828030386	0.3462220530	0.2618774914	0.0513309923	0.0577664247
0	0.9491513347	0.0508476448	0.0000008336	0.0000001673	0.0000000197
1	0.2130036420	0.1149164152	0.1477862185	0.0000122411	0.5242814832
0	0.0132666129	0.4415766112	0.2622116373	0.2229816770	0.0599634616
1	0.3805231045	0.1239629513	0.1773597377	0.0105842081	0.3075699984
0	0.2555334851	0.7151990729	0.0132169776	0.0160504644	0.0000000000
0	0.0264759619	0.6477088499	0.0015554092	0.0882136320	0.2360461471
0	0.8279836562	0.0000188998	0.0483378879	0.0000018215	0.1236577346
1	0.2453598800	0.1493659999	0.0503850004	0.2502785378	0.3046105818
0	0.0280781793	0.0722421735	0.3943049927	0.5042509976	0.0011236569
0	0.1477720519	0.0608917480	0.7294448008	0.0615032984	0.0003881009
0	0.5264346615	0.1112500147	0.0000069744	0.2800756493	0.0822327002
1	0.0191264767	0.0451015137	0.4524201236	0.2745897680	0.2087621180
0	0.0195202712	0.4688093960	0.4295803846	0.0329563127	0.0491336354
1	0.4235679033	0.1194745015	0.0000000001	0.0000000000	0.4569575951
0	0.0000000246	0.5683313210	0.3202610175	0.0304333741	0.0809742628
0	0.0005954544	0.5077902437	0.0023770713	0.4892372306	0.0000000000
0	0.8891664884	0.0215557059	0.0740499462	0.0113747270	0.0038531326
1	0.0000000000	0.7048825477	0.0509632941	0.2441508851	0.0000032732
0	0.0160115867	0.0352506127	0.1028064554	0.8331205580	0.0128107872
2	0.0000000051	0.0000007573	0.0620563587	0.7174459811	0.2204968977
0	0.2992352985	0.0006756676	0.0173071311	0.4827415326	0.2000403702
0	0.1523325934	0.7562015065	0.0911719582	0.0002938566	0.0000000854
0	0.0527834321	0.0565292025	0.5604223580	0.3278712981	0.0023937093
0	0.0000000000	0.0063073987	0.1258541603	0.0295139337	0.8383245073
0	0.2083307809	0.0211857211	0.3247673472	0.2621445807	0.1835715700
0	0.4417332228	0.0640257916	0.4029716335	0.0000031114	0.0912662407
0	0.0224637926	0.5637514067	0.1147677473	0.2989404881	0.0000765652
0	0.0624378139	0.1275243308	0.0001413944	0.0008333936	0.8090630673
1	0.2361517460	0.2910844863	0.2554484536	0.0018523313	0.2154629829
0	0.2241618691	0.1576518994	0.0609265426	0.0047556480	0.5525040410
0	0.8431820569	0.0482261326	0.0772277231	0.0016175221	0.0297465652
1	0.0109954546	0.0321841834	0.9085397676	0.0007621238	0.0475184706
0	0.0258967346	0.0032416881	0.2567887524	0.4881744500	0.2258983749
0	0.0321256762	0.3742623123	0.0000605347	0.5267696408	0.0667818360
1	0.1723005394	0.0716890496	0.1974166041	0.2058880272	0.3527057797
1	0.0167913244	0.0000008246	0.0160018074	0.9595436583	0.0076623853
0	0.0001699676	0.0005269231	0.1512871565	0.0520038013	0.7960121514
1	0.0201807174	0.0151434728	0.1998616115	0.5780641063	0.1867500920
1	0.3861855849	0.5329124396	0.0019378989	0.0764256550	0.0025384215
0	0.2128090648	0.0711797255	0.3974731416	0.1527558767	0.1657821914
1	0.0259634984	0.0032332849	0.0006549091	0.9518683668	0.0182799408
0	0.0001920831	0.0017903435	0.4863619076	0.0792767765	0.4323788894
0	0.0225261053	0.8443820648	0.0142871240	0.0181267190	0.1006779869
0	0.0102871556	0.6702478943	0.0000000000	0.3161342434	0.0033307068
0	0.1101494773	0.0000000000	0.2438899661	0.4914799512	0.1544806054
1	0.0004507006	0.4315868952	0.5177777940	0.0113436071	0.0388410031
1	0.1729101198	0.0000000000	0.0253552665	0.1175783861	0.6841562276
1	0.1261332105	0.0124256326	0.1712534423	0.0832517778	0.6069359368
1	0.4527225375	0.0131512870	0.1744978965	0.3372371120	0.0223911670
0	0.0206192339	0.1964431315	0.2520907410	0.4468253982	0.0840214953
1	0.2839008328	0.0445775019	0.1531011395	0.3995879452	0.1188325806
1	0.0691007060	0.0000000012	0.0058658730	0.4403804085	0.4846530113
0	0.1554220993	0.0996858557	0.0822422022	0.6585552832	0.0040945596
1	0.0391177109	0.0701075795	0.0000004035	0.4875807883	0.4031935178
0	0.0586901070	0.1416620894	0.0899402435	0.7031039769	0.0066035832
0	0.0938454009	0.3017687415	0.1556516518	0.2133276457	0.2354065600
0	0.2162294228	0.0000010457	0.6734693239	0.1050324492	0.0052677583
0	0.0484841946	0.1900277124	0.7280441930	0.0005280593	0.0329158407
0	0.0585243500	0.0631790226	0.7347606490	0.1435195859	0.0000163924
1	0.2913136326	0.3404533818	0.0728562225	0.0261111529	0.2692656101
0	0.1669657391	0.2883769234	0.0581177038	0.2044259435	0.2821136902
0	0.9862716010	0.0000000000	0.0000000901	0.0136698480	0.0000584609
1	0.7627529610	0.0041664179	0.0003747364	0.1768098508	0.0558960339
0	0.4067595244	0.3221713507	0.0135856013	0.1980564282	0.0594270953
0	0.4887729727	0.0000007444	0.1908442180	0.3086655383	0.0117165266
2	0.0130913998	0.7746289585	0.1427380041	0.0468609418	0.0226806958
0	0.5975905414	0.0006316561	0.0171104165	0.0177141020	0.3669532840
1	0.1284434773	0.1202384884	0.0782929641	0.5938343110	0.0791907592
0	0.2076975484	0.5631877746	0.0000120367	0.0440235130	0.1850791273
1	0.0000000215	0.0007791126	0.7717140417	0.0016017056	0.2259051187
0	0.0001207267	0.0161712091	0.1187876517	0.2925664158	0.5723539968
0	0.0877985282	0.0000000000	0.2961639630	0.0000027614	0.6160347474
0	0.5130184449	0.0000000000	0.2123769042	0.0030011215	0.2716035295
1	0.2017273930	0.2578042435	0.0660303853	0.3928491517	0.0815888266
0	0.0192351895	0.0373564435	0.0037926640	0.3055006212	0.6341150819
0	0.1117031553	0.3709008251	0.0000000352	0.4845829217	0.0328130626
0	0.3304119132	0.0000000000	0.1069408522	0.0645169881	0.4981302465
