1	0.9104356214	0.0000003718	0.0455128830	0.0000008219	0.0440503019
0	0.3283278377	0.0000083235	0.0017255794	0.1574409175	0.5124973419
0	0.0172260755	0.0036716260	0.4493096275	0.4958477688	0.0339449022
0	0.0135747866	0.8494347909	0.0001044378	0.0000000000	0.1368859846
1	0.0023944861	0.2934873726	0.1312448778	0.5713554712	0.0015177923
0	0.0000000000	0.0000000033	0.5823713393	0.1085920255	0.3090366318
1	0.2996821144	0.5337412200	0.0180739626	0.1476062647	0.0008964383
0	0.0000000000	0.2914324851	0.5763017766	0.0000541623	0.1322115760
0	0.7204423972	0.0010227775	0.1885801629	0.0876618177	0.0022928447
1	0.1526501671	0.0000628888	0.5300633666	0.0455808160	0.2716427614
0	0.6172261632	0.0000000000	0.0471345322	0.0031237010	0.3325156036
1	0.1862461396	0.2749299994	0.0009175670	0.1470066874	0.3908996066
1	0.0882240974	0.4324859514	0.4306866460	0.0458656614	0.0027376438
1	0.0284320772	0.0396736501	0.0211303501	0.4375209140	0.4732430086
2	0.0027402311	0.6900610129	0.0378015719	0.2407415772	0.0286556069
0	0.3134874090	0.0113613716	0.0288489283	0.6463022897	0.0000000014
0	0.0000468826	0.2133742699	0.0113925441	0.0665464110	0.7086398924
0	0.3949346048	0.0000000000	0.1599810749	0.2406433123	0.2044410080
0	0.0000226614	0.1750035314	0.7347700097	0.0738868515	0.0163169460
0	0.0934176673	0.2296682803	0.3123438485	0.0665826398	0.2979875641
0	0.0281633114	0.9070787843	0.0000010561	0.0175144152	0.0472424330
0	0.2990687615	0.0000026234	0.4962911582	0.1789048223	0.0257326346
0	0.3158086966	0.0000000326	0.4286668732	0.0572192688	0.1983051288
1	0.0102786864	0.7775958771	0.1235656517	0.0885597847	0.0000000000
1	0.6581169169	0.1907904571	0.1070997160	0.0000000000	0.0439929101
1	0.0205129734	0.1061711801	0.2611193811	0.3010817863	0.3111146791
0	0.0000415534	0.0030832824	0.8770524116	0.1197549070	0.0000678456
0	0.1012305817	0.0986994778	0.3646025592	0.1124794529	0.3229879284
0	0.0164929430	0.0012782315	0.0374316615	0.4223046123	0.5224925517
0	0.0276797308	0.6905564965	0.0344802250	0.2048444318	0.0424391160
1	0.0000000065	0.9023162441	0.0000000006	0.0943805170	0.0033032318
0	0.4424140281	0.2067643660	0.0252400191	0.3255815868	0.0000000000
0	0.0323001370	0.0956316198	0.4712647999	0.2985580469	0.1022453964
0	0.6438406454	0.0663267459	0.0131864607	0.2649143802	0.0117317678
1	0.0091004007	0.1509331820	0.8352958031	0.0034280333	0.0012425809
0	0.0000000008	0.1019845202	0.4348274113	0.1417204480	0.3214676198
0	0.0859058190	0.1992946529	0.2626475556	0.0028885210	0.4492634515
0	0.0619226690	0.3547226211	0.4612018207	0.0357263596	0.0864265296
0	0.3157788535	0.0184977192	0.0009547974	0.0005772998	0.6641913301
1	0.0796105423	0.0607927238	0.2461930148	0.1471632191	0.4662405000
2	0.0443375774	0.6002496522	0.0736516363	0.2817269205	0.0000342136
0	0.0876877422	0.6869673446	0.0423874627	0.1297464293	0.0532110212
0	0.0000027090	0.0238877657	0.2066267166	0.3575707826	0.4119120260
0	0.2574010262	0.3406957920	0.1991844992	0.1860711568	0.0166475259
0	0.0058480985	0.0056786657	0.4844963171	0.5038492100	0.0001277087
0	0.0712006757	0.0005706492	0.6683767061	0.1047950021	0.1550569669
0	0.0060523513	0.2745320735	0.5125825878	0.2065650598	0.0002679276
1	0.0000002445	0.0626895086	0.5856901835	0.2978846670	0.0537353964
0	0.0009486677	0.0009659519	0.5878938545	0.2415996677	0.1685918582
0	0.0000000000	0.0378607925	0.0000062908	0.5117898673	0.4503430494
2	0.0006088764	0.0356853056	0.0119975926	0.5198661382	0.4318420873
1	0.0031753253	0.2770380992	0.3270392750	0.3927454042	0.0000018963
1	0.7977193033	0.0657623545	0.0375599544	0.0639992420	0.0349591457
0	0.1890156249	0.0381273582	0.6613957626	0.1042926076	0.0071686467
0	0.1009736097	0.4198575171	0.0257593743	0.1307184385	0.3226910603
1	0.0000538271	0.2394379162	0.1998928821	0.5601485359	0.0004668387
0	0.0000000000	0.0000059567	0.0468152147	0.9531788115	0.0000000171
0	0.5566288712	0.0506389131	0.3329468342	0.0562622919	0.0035230896
0	0.3957444548	0.0092708154	0.0000003680	0.5273850033	0.0675993586
0	0.0492981626	0.0071322082	0.0829838213	0.1629579284	0.6976278794
0	0.2024487408	0.0000000839	0.0031813159	0.7172025487	0.0771673106
0	0.0883022945	0.0634937978	0.0016159898	0.8465603453	0.0000275725
1	0.0199296612	0.3479670943	0.0000000631	0.0278153179	0.6042878636
0	0.2970717428	0.0044075568	0.0082759287	0.6896210138	0.0006237580
1	0.5782006495	0.3326867521	0.0339055321	0.0552040810	0.0000029853
1	0.0015619528	0.2569918759	0.3049383028	0.3445411855	0.0919666830
0	0.1017058906	0.1715319265	0.3995430631	0.0033637816	0.3238553382
1	0.8394367273	0.0189712064	0.0860887706	0.0302815920	0.0252217036
0	0.0000096298	0.1577783348	0.1673255028	0.5241904925	0.1506960401
0	0.4684351401	0.1610499040	0.1976827607	0.0414733352	0.1313588600
1	0.4878802413	0.0001311145	0.3907681029	0.1116197525	0.0096007887
0	0.1165029845	0.3476408477	0.4200163167	0.0278861877	0.0879536634
1	0.4510403031	0.0000000167	0.0518573604	0.4971023197	0.0000000000
0	0.0702753775	0.1281170238	0.3894866813	0.1732487308	0.2388721866
0	0.0271086940	0.2470337587	0.0086529324	0.6251445973	0.0920600176
0	0.4978801621	0.1384213214	0.0662171708	0.2598533593	0.0376279864
1	0.0221251243	0.4501398828	0.4701746108	0.0001720251	0.0573883570
0	0.0097255553	0.0994234579	0.8349727782	0.0000439519	0.0558342568
0	0.0837999780	0.1158477104	0.5585196783	0.0755168082	0.1663158251
1	0.5816514988	0.3815466765	0.0261492734	0.0062585401	0.0043940112
0	0.0000045244	0.0000018133	0.0003469075	0.2622105176	0.7374362372
1	0.1450508390	0.0011047511	0.0345190410	0.2659496190	0.5533757499
0	0.0019914991	0.0864588982	0.6338205088	0.1026011379	0.1751279560
2	0.1390749339	0.2032955632	0.6132094353	0.0117651219	0.0326549457
1	0.5666135938	0.1752691418	0.0151643262	0.1876813861	0.0552715521
0	0.1442335360	0.0282981580	0.6831508697	0.0094431600	0.1348742765
1	0.1096411364	0.0773763951	0.1231726561	0.0316548759	0.6581549365
0	0.0000000000	0.2761831560	0.0000000229	0.0182612039	0.7055556173
2	0.0496250363	0.6717658507	0.2763597723	0.0019374089	0.0003119319
1	0.0029173874	0.1207264436	0.5219514391	0.0002161776	0.3541885524
0	0.2514614641	0.2648069176	0.0087233157	0.0042979832	0.4707103193
1	0.6805977475	0.1827647370	0.1366374683	0.0000000000	0.0000000472
0	0.2623317849	0.0634301004	0.3320446301	0.0142903807	0.3279031038
0	0.6891964435	0.0152925481	0.0489647136	0.2465462947	0.0000000001
0	0.8788315058	0.0464254029	0.0719077774	0.0025290450	0.0003062688
0	0.8871915309	0.0081901435	0.0106070125	0.0940112115	0.0000001017
0	0.2887599460	0.2204877274	0.0000001499	0.0070064546	0.4837457223
0	0.0031582465	0.0029293165	0.0002349249	0.8919943367	0.1016831755
0	0.0000000000	0.1676242605	0.1060922083	0.6983301224	0.0279534087
2	0.1150177437	0.0076629073	0.5672023927	0.0000180638	0.3100988925
