1	0.0200325272	0.5045671727	0.0238129024	0.0527800821	0.3988073156
0	0.5712654267	0.0581403142	0.1764741020	0.1750869330	0.0190332241
0	0.0000000834	0.0000000037	0.9683331982	0.0316667115	0.0000000032
0	0.1370862519	0.0052701938	0.6220651584	0.0552295137	0.1803488821
0	0.0860235362	0.7358975480	0.0110737486	0.0966153797	0.0703897874
1	0.0265125036	0.0945900922	0.4234702934	0.1807669117	0.2746601992
1	0.4152663201	0.0000684356	0.5617895962	0.0228756333	0.0000000148
0	0.0837539870	0.0270565288	0.0223038736	0.0101325122	0.8567530985
0	0.9592561739	0.0010777058	0.0001984698	0.0394624946	0.0000051559
1	0.3695448000	0.0173714029	0.0150262457	0.5776175295	0.0204400219
0	0.2964956492	0.2645790813	0.0190219542	0.3323283326	0.0875749826
0	0.0143181530	0.1814215249	0.0877688705	0.1103992830	0.6060921685
0	0.6039629552	0.0654456669	0.0606779682	0.2699133561	0.0000000536
1	0.0002276052	0.8521513962	0.0730191340	0.0660891613	0.0085127034
0	0.0060875324	0.0007139551	0.0974679075	0.8223505255	0.0733800796
0	0.0842504104	0.2964930164	0.5176252022	0.0533874011	0.0482439698
0	0.3206912851	0.0850291237	0.5461739621	0.0441598241	0.0039458049
0	0.9696499007	0.0104377093	0.0003165636	0.0192981347	0.0002976918
0	0.6393643660	0.2905372295	0.0316636842	0.0000751355	0.0383595847
2	0.0660225360	0.3661742644	0.5603885027	0.0074146946	0.0000000022
0	0.0700902579	0.0000125619	0.0062479853	0.0523379264	0.8713112685
0	0.0001075649	0.0731808743	0.7812086127	0.0002710473	0.1452319008
0	0.0149019274	0.0586378710	0.3404182756	0.2451284948	0.3409134311
0	0.1827761282	0.3324766029	0.2688033348	0.0000821983	0.2158617359
0	0.0571454009	0.0000038117	0.0476006150	0.5938658601	0.3013843124
0	0.0547529388	0.2024428127	0.6570904664	0.0147438154	0.0709699667
0	0.1898733157	0.0170370592	0.6589215982	0.0042242012	0.1299438257
0	0.0682110854	0.6742611253	0.0270840258	0.0024425351	0.2280012284
0	0.0637215088	0.0136480020	0.5260026279	0.0205223545	0.3761055067
0	0.9686799994	0.0130503000	0.0000010163	0.0182647020	0.0000039823
1	0.0253710022	0.1266126515	0.1863141283	0.0789641801	0.5827380379
0	0.0261078411	0.8668349071	0.0773087036	0.0267191896	0.0030293586
0	0.0132535438	0.1452298017	0.0174042122	0.0000000186	0.8241124237
1	0.0016954893	0.9352028436	0.0012599767	0.0613997396	0.0004419507
0	0.4324706419	0.4973504078	0.0000471631	0.0086638826	0.0614679045
0	0.0301813886	0.0126551572	0.0306448938	0.4465258457	0.4799927147
0	0.1740239573	0.6852991500	0.0795065716	0.0611687190	0.0000016021
0	0.0026615009	0.0464896036	0.0000049104	0.5182523598	0.4325916253
0	0.1843868497	0.5743920469	0.0000000003	0.0122096365	0.2290114666
1	0.4963700768	0.0023223957	0.2813756939	0.1924826719	0.0274491617
0	0.0055902455	0.0688135722	0.1971388872	0.7284365911	0.0000207040
1	0.1949551575	0.1232913329	0.0111618932	0.0000000000	0.6705916164
0	0.2300642413	0.3749505781	0.2150266524	0.1799585282	0.0000000000
0	0.0143538736	0.5844970326	0.0099112297	0.3082498725	0.0829879917
0	0.0000604538	0.1219631190	0.7062780123	0.0918588943	0.0798395206
0	0.0411134842	0.1127019577	0.1897150317	0.1132308360	0.5432386904
1	0.2370209740	0.0912919599	0.0074584338	0.6100860747	0.0541425576
1	0.1036049133	0.0389407430	0.1169132819	0.0001423363	0.7403987255
0	0.0026896889	0.0149203370	0.6912716173	0.1198812126	0.1712371443
1	0.1067331709	0.0454117536	0.5639512073	0.2378432176	0.0460606505
1	0.0701415820	0.1607425600	0.0246203653	0.0005851159	0.7439103768
1	0.6682822603	0.0206498410	0.0255682091	0.0000321530	0.2854675366
0	0.4623162540	0.0092864044	0.1554368464	0.2560326462	0.1169278490
0	0.2176836428	0.1686634651	0.0271985841	0.1099068650	0.4765474430
0	0.3291325474	0.3876833680	0.0613440250	0.1035143555	0.1183257041
0	0.1887078615	0.4123455938	0.0000001135	0.3978794473	0.0010669839
1	0.3298016700	0.2178469764	0.1279014181	0.1920231435	0.1324267920
0	0.1939800804	0.7571492807	0.0000039047	0.0038390646	0.0450276697
0	0.0073485724	0.6622995781	0.0038444420	0.0009521431	0.3255552644
1	0.0000206807	0.2087314879	0.7899948480	0.0000000000	0.0012529834
0	0.0588176072	0.1061950508	0.0084312441	0.0165292602	0.8100268376
1	0.0000039288	0.9206243597	0.0494877922	0.0001148525	0.0297690667
0	0.2734586042	0.0731691018	0.0000049020	0.2000991179	0.4532682741
0	0.0787440042	0.3216974738	0.3974348182	0.0000000000	0.2021237038
0	0.1423488812	0.8286603395	0.0177875950	0.0000000000	0.0112031842
0	0.1186901764	0.7885463999	0.0008290231	0.0160326811	0.0759017196
2	0.6388141913	0.3500448631	0.0109389858	0.0002008491	0.0000011107
0	0.1397714354	0.0000060414	0.6594635651	0.0460399442	0.1547190139
0	0.0000006608	0.0398869663	0.0150421779	0.0137318474	0.9313383476
0	0.0161877645	0.2833052386	0.3421978175	0.1840681175	0.1742410620
1	0.1018921901	0.3396243183	0.0000000000	0.2083502496	0.3501332420
0	0.2671480287	0.0316326214	0.0178041671	0.0229965274	0.6604186555
0	0.0332351111	0.0000000236	0.1412125679	0.6893318097	0.1362204877
1	0.0029092572	0.5916657087	0.2124497385	0.1922300366	0.0007452591
0	0.1189179428	0.4368117268	0.0000000013	0.4167360837	0.0275342454
0	0.0000000000	0.0027111448	0.6950938342	0.0840718722	0.2181231488
0	0.2666198007	0.0961106647	0.2970485948	0.3401798461	0.0000410937
1	0.0001523504	0.0170988274	0.4977846119	0.0000000001	0.4849642102
0	0.4718757685	0.0042570250	0.0003552631	0.5235119433	0.0000000001
0	0.5481043656	0.0044893898	0.2588676955	0.1137349716	0.0748035775
1	0.1964710065	0.2598291227	0.1179862504	0.3814161000	0.0442975205
0	0.2557799683	0.5642929845	0.0091218011	0.1076006869	0.0632045591
0	0.0010960464	0.2880233658	0.5974244213	0.0337606671	0.0796954994
0	0.0001954422	0.4052131261	0.0844532368	0.0000174945	0.5101207004
0	0.0011280460	0.6311232929	0.0029389715	0.3141435793	0.0506661103
0	0.3184443349	0.0857481700	0.2266603280	0.0000050969	0.3691420704
0	0.0517444479	0.9308555976	0.0008512619	0.0002707068	0.0162779858
0	0.7227492352	0.1712832493	0.0000228141	0.0022227663	0.1037219351
0	0.5243734395	0.1609791107	0.0000000001	0.3024231320	0.0122243177
0	0.2661722818	0.0406274530	0.3859856052	0.3072146471	0.0000000130
0	0.0000000000	0.3053990731	0.0387614391	0.1838290371	0.4720104507
1	0.0852965546	0.6774157796	0.2343240796	0.0018142724	0.0011493138
1	0.2116096971	0.2706759598	0.2679879717	0.0091216786	0.2406046929
0	0.3009521375	0.0013766568	0.1447119042	0.3611458805	0.1918134210
0	0.0065874298	0.0000000000	0.7596218876	0.0024922489	0.2312984337
1	0.0099390806	0.0004188162	0.6091060744	0.3805360288	0.0000000000
0	0.0486800217	0.4208753218	0.0010789795	0.5189423819	0.0104232951
1	0.2035184587	0.0916604641	0.1026804514	0.0089961825	0.5931444433
1	0.2085306785	0.2598078678	0.1190853409	0.1560405860	0.2565355268
1	0.0000000000	0.2354790443	0.0000000027	0.0000143920	0.7645065611
