2	0.0170159733	0.8866896582	0.0911609654	0.0051331492	0.0000002539
0	0.1476764380	0.7769185577	0.0000349283	0.0753700670	0.0000000089
0	0.1201286744	0.1298530526	0.0009452656	0.0000000000	0.7490730074
0	0.8613939478	0.0352544340	0.0136711745	0.0008591184	0.0888213253
0	0.0472556897	0.0328463396	0.2819427763	0.2262896451	0.4116655494
1	0.6647315237	0.0000000000	0.0433857349	0.2918827414	0.0000000000
1	0.1478650798	0.0349455295	0.2852493455	0.2265936554	0.3053463898
2	0.8945318564	0.0691314362	0.0355414477	0.0000000007	0.0007952590
0	0.7434944233	0.1102321814	0.0000000715	0.0225122007	0.1237611231
0	0.0000053137	0.2398318340	0.0000000000	0.0365736985	0.7235891537
1	0.0071562603	0.3205871823	0.0142405802	0.0000701828	0.6579457944
0	0.0152057848	0.1637387366	0.0170793184	0.5658254844	0.2381506759
0	0.1248609079	0.0040526097	0.8365172215	0.0341222612	0.0004469997
1	0.0313310853	0.1447984818	0.1292270260	0.5460832407	0.1485601663
1	0.0006963550	0.0443720156	0.7170988488	0.1536605805	0.0841722001
0	0.0198650971	0.0000816891	0.0045069357	0.1571558139	0.8183904643
0	0.0587823689	0.1985142209	0.0000000248	0.2095301016	0.5331732838
1	0.1193570813	0.4470101383	0.0844207335	0.3475936187	0.0016184282
0	0.0146876481	0.2125222148	0.0879623794	0.0000068083	0.6848209493
1	0.0000000000	0.2466764580	0.0862345085	0.6649141539	0.0021748796
0	0.0593046034	0.0826134793	0.3617172930	0.0861578374	0.4102067869
1	0.2301330059	0.7010003915	0.0101660453	0.0000023259	0.0586982315
0	0.0266303172	0.0090388423	0.2886205476	0.5838234992	0.0918867936
1	0.0273722636	0.7355721365	0.0319123810	0.2051226519	0.0000205670
1	0.6329016033	0.0309379057	0.0001504397	0.2014554445	0.1345546068
0	0.1854595796	0.2776342289	0.0088350970	0.2589138117	0.2691572828
0	0.1726935155	0.2466838436	0.0960789477	0.3089846706	0.1755590227
0	0.1771840627	0.0000000000	0.0000000000	0.0000000170	0.8228159204
0	0.0000000000	0.0674388372	0.0950815958	0.8374795670	0.0000000000
0	0.2374970467	0.2659680387	0.0272418768	0.3104131522	0.1588798856
0	0.0049004840	0.5207521973	0.3244231871	0.0134332753	0.1364908563
1	0.0000009647	0.0001230972	0.0577380604	0.7012112494	0.2409266283
0	0.1879709083	0.1290526656	0.0919499019	0.0160328025	0.5749937217
0	0.0775111617	0.0030179132	0.5307758197	0.3783756655	0.0103194399
1	0.0175651590	0.5681869875	0.0583144854	0.0003902978	0.3555430703
2	0.0309825042	0.6974395527	0.0168160313	0.0693545461	0.1854073657
0	0.1862508154	0.0000064111	0.8137052532	0.0000165584	0.0000209619
0	0.0018370413	0.5435826044	0.1343919840	0.0930592930	0.2271290772
0	0.1921275855	0.1761327523	0.1129975102	0.4769013995	0.0418407524
0	0.1009915190	0.2365918090	0.0702946932	0.0161750573	0.5759469215
2	0.6368221312	0.1537543429	0.1444867233	0.0648778185	0.0000589841
1	0.0103545500	0.7615785759	0.0009778135	0.1771811465	0.0499079142
0	0.0994693490	0.0574792675	0.0008270057	0.0000000009	0.8422243768
0	0.1963589058	0.0561626601	0.1475882816	0.0012382071	0.5986519454
0	0.1541580363	0.2642812981	0.1552365491	0.0491634775	0.3771606390
0	0.0941327692	0.3615500630	0.5437117790	0.0006053888	0.0000000000
1	0.0983992209	0.1660330491	0.4720310515	0.2630492576	0.0004874209
0	0.1547171057	0.0013835799	0.0090717795	0.8269222053	0.0079053295
0	0.0027755464	0.0000183019	0.1205743258	0.6031479357	0.2734838902
0	0.0000000000	0.0649191118	0.0038482372	0.6459910332	0.2852416178
0	0.2589809730	0.0000060065	0.0000000000	0.4998100581	0.2412029624
1	0.0770355410	0.0329034906	0.0292922516	0.6017526607	0.2590160561
0	0.5187257513	0.1083999136	0.2440805239	0.1263424157	0.0024513954
0	0.0518366701	0.5150792466	0.2110269282	0.0064234835	0.2156336716
0	0.0000005919	0.9754971719	0.0045812439	0.0107525535	0.0091684388
0	0.1804042852	0.0243442044	0.0000022423	0.2042611510	0.5909881171
0	0.2389005907	0.1768493850	0.0000016162	0.4030865862	0.1811618219
0	0.0000022145	0.0021338220	0.6838568603	0.3140070649	0.0000000383
0	0.1002715210	0.0590319530	0.0035958868	0.8244933867	0.0126072526
0	0.0000315251	0.0259199344	0.0061180422	0.0004708449	0.9674596535
0	0.4675015732	0.0789817888	0.2215349490	0.0850002529	0.1469814362
0	0.0469344380	0.5486306380	0.3552996410	0.0250077128	0.0241275702
1	0.0000000000	0.0119226955	0.0001242869	0.3821167959	0.6058362217
1	0.0269187325	0.0328627722	0.0678702175	0.1691715158	0.7031767620
1	0.6328346148	0.3484941281	0.0031815042	0.0021474142	0.0133423387
0	0.0912498406	0.0436514773	0.0044622649	0.1439450583	0.7166913590
1	0.0081427755	0.0360175001	0.0000000437	0.9558396807	0.0000000000
0	0.0006234428	0.0916992993	0.3162447302	0.3542960406	0.2371364871
0	0.2439194000	0.2304858665	0.0453629138	0.0000776741	0.4801541456
1	0.0471027037	0.1983078694	0.0005497673	0.6453195499	0.1087201097
0	0.0445019694	0.0190155488	0.0244107500	0.0667205273	0.8453512045
0	0.0306947685	0.0032068932	0.7173274531	0.0000196671	0.2487512181
0	0.4071864162	0.0007667911	0.0024560464	0.5458908992	0.0436998470
0	0.0000000000	0.0519229216	0.9465521373	0.0015249411	0.0000000000
0	0.7325804569	0.2472349865	0.0000006414	0.0201839020	0.0000000131
0	0.0002669646	0.2945420363	0.1312935034	0.1534792706	0.4204182251
0	0.0303164584	0.2334161506	0.0008000900	0.2009972127	0.5344700883
0	0.0966730358	0.3047808233	0.0299103277	0.5685882641	0.0000475492
0	0.1620245537	0.4033233665	0.2957052118	0.0000382289	0.1389086390
2	0.0000014576	0.0573376408	0.0000000000	0.8644567564	0.0782041452
0	0.3622561920	0.0000428963	0.0752209848	0.4763537137	0.0861262133
1	0.0226278348	0.0005886047	0.1277343731	0.0000000359	0.8490491516
1	0.0564076609	0.1875025063	0.0950151414	0.1191702358	0.5419044557
1	0.8079437791	0.0047675704	0.0004454341	0.0465161824	0.1403270340
1	0.2163646370	0.2418391253	0.1627170510	0.0790231146	0.3000560721
1	0.0000000764	0.1156446821	0.2289146734	0.3051047142	0.3503358539
1	0.1311760884	0.2377070526	0.0737049071	0.3109751013	0.2464368506
2	0.0809475592	0.0102256333	0.0361066318	0.7339974286	0.1387227471
0	0.0002562500	0.3724107133	0.0260111744	0.5477842630	0.0535375993
0	0.0021535847	0.4046021711	0.0211501336	0.5298498376	0.0422442730
0	0.5122321868	0.0354682526	0.0000000737	0.2238328043	0.2284666825
2	0.4449664822	0.0000506015	0.4777002348	0.0543680279	0.0229146536
0	0.4663851747	0.4860570611	0.0475576445	0.0000000909	0.0000000288
0	0.2137500065	0.0141622988	0.7611164553	0.0000497760	0.0109214634
0	0.8225427482	0.0000018701	0.0325226157	0.0000016915	0.1449310743
0	0.1989424690	0.0004777339	0.5224400479	0.0016554523	0.2764842969
0	0.2685674966	0.1165416814	0.0895089472	0.5006291788	0.0247526959
1	0.1893864423	0.2012099230	0.0342041610	0.5501099970	0.0250894768
1	0.0683655675	0.3036697720	0.1111104586	0.0529823999	0.4638718019
1	0.0001358112	0.1617736023	0.7840822508	0.0540030201	0.0000053156
