0	0.1123410521	0.0031984245	0.8844605233
1	0.3806358093	0.2205601773	0.3988040134
0	0.7543779585	0.2454268152	0.0001952263
1	0.0000000000	0.0440017741	0.9559982259
2	0.6792326695	0.0686728412	0.2520944893
1	0.8059433595	0.0009875975	0.1930690430
0	0.2517665011	0.0005018349	0.7477316639
1	0.6598167620	0.0000306214	0.3401526167
0	0.9038769816	0.0515680952	0.0445549232
0	0.4728043176	0.0152135486	0.5119821338
0	0.2854129719	0.7145841821	0.0000028459
1	0.3113676102	0.0696370215	0.6189953684
1	0.0959179981	0.7245180730	0.1795639289
0	0.0718401951	0.4049596060	0.5232001989
0	0.7971222378	0.1407150142	0.0621627480
0	0.1217321150	0.2565400290	0.6217278560
0	0.9999974547	0.0000000000	0.0000025453
0	0.0000094707	0.6285462040	0.3714443252
0	0.1086593492	0.0000000972	0.8913405536
2	0.0394610090	0.1330456279	0.8274933632
1	0.7636129587	0.1660952315	0.0702918098
0	0.0151022505	0.3879532237	0.5969445259
1	0.1657642526	0.5620486962	0.2721870512
1	0.2734273056	0.0010014123	0.7255712822
0	0.0000061644	0.7440151168	0.2559787188
0	0.1222547023	0.7252568543	0.1524884433
2	0.3874288783	0.2657244041	0.3468467175
1	0.4563515698	0.3875407025	0.1561077277
0	0.5308060793	0.4286379874	0.0405559333
0	0.6209390416	0.0412401598	0.3378207986
1	0.0202811527	0.7175003231	0.2622185241
0	0.7139166250	0.2421747106	0.0439086644
1	0.9666725269	0.0331902666	0.0001372064
2	0.0372402577	0.0499755792	0.9127841631
1	0.0424220984	0.3314523575	0.6261255441
1	0.6522638078	0.0013671383	0.3463690539
2	0.4285224456	0.5646294942	0.0068480602
0	0.0695082336	0.9304833780	0.0000083884
0	0.0360758038	0.1234068042	0.8405173920
0	0.3054748674	0.6423738331	0.0521512994
1	0.1749893133	0.7619641675	0.0630465192
0	0.6971282758	0.2611972819	0.0416744423
0	0.1679339132	0.0912109318	0.7408551550
0	0.5926656342	0.3966225409	0.0107118249
0	0.0047295576	0.4829212579	0.5123491845
0	0.0000001173	0.4292732801	0.5707266025
0	0.2314968951	0.7648550427	0.0036480622
1	0.0002983080	0.2265697281	0.7731319639
0	0.9449720629	0.0548758834	0.0001520537
1	0.1188931981	0.0022137569	0.8788930450
1	0.7120810623	0.2879189377	0.0000000000
1	0.1188059163	0.8048851042	0.0763089795
0	0.9711496136	0.0203864354	0.0084639510
2	0.4586000111	0.5413496833	0.0000503056
0	0.4502022862	0.1465799227	0.4032177911
0	0.0140879336	0.3312251936	0.6546868728
2	0.1897056408	0.5922548714	0.2180394878
1	0.3234716784	0.6567947125	0.0197336091
0	0.3691005325	0.0088200958	0.6220793717
1	0.0488670366	0.5294737430	0.4216592204
2	0.0060534144	0.9937768032	0.0001697824
0	0.2145000357	0.6885457426	0.0969542217
0	0.3150466866	0.0000000095	0.6849533038
1	0.1266257921	0.7044941623	0.1688800456
1	0.0000000000	0.9988446531	0.0011553469
1	0.0039403030	0.0027451684	0.9933145286
1	0.9207867756	0.0133703358	0.0658428886
1	0.4023177379	0.4204890900	0.1771931721
1	0.7326629736	0.0078970983	0.2594399280
1	0.8784906903	0.1209879614	0.0005213484
0	0.0294654379	0.9538640690	0.0166704932
0	0.1796790808	0.7619053103	0.0584156089
0	0.7173596118	0.1982729527	0.0843674355
1	0.0091875147	0.0465287667	0.9442837186
0	0.9949239023	0.0048708065	0.0002052912
1	0.0053635174	0.8929886722	0.1016478104
0	0.9911216380	0.0088747095	0.0000036525
1	0.8211172634	0.1549832861	0.0238994505
0	0.0378826170	0.9563967645	0.0057206185
0	0.6582876522	0.3417123366	0.0000000112
0	0.2105357483	0.1268717916	0.6625924601
0	0.9987930974	0.0001118528	0.0010950498
2	0.7421124710	0.0001393355	0.2577481935
1	0.4496863476	0.0490689520	0.5012447004
0	0.0000104693	0.0376344172	0.9623551136
0	0.0686056047	0.3458750471	0.5855193483
1	0.7459717264	0.1290355320	0.1249927416
1	0.1079474943	0.7414954893	0.1505570164
1	0.0093359838	0.4458098359	0.5448541804
0	0.9995982407	0.0003594293	0.0000423300
1	0.0693846454	0.7287773587	0.2018379959
1	0.9495960187	0.0129014859	0.0375024954
1	0.0126806191	0.0010534732	0.9862659077
0	0.4870411660	0.1814911971	0.3314676370
0	0.8048732813	0.1585810755	0.0365456432
0	0.6001119150	0.0982174496	0.3016706354
0	0.8196653970	0.0000040426	0.1803305604
2	0.0037137636	0.8488326392	0.1474535972
0	0.4383138891	0.3042579562	0.2574281547
0	0.6600796086	0.2913310193	0.0485893721
