0	0.9874251337	0.0120034926	0.0005713737
1	0.3629440594	0.1357624774	0.5012934632
0	0.1368234879	0.0212472293	0.8419292828
1	0.4698607705	0.5301392294	0.0000000002
0	0.2511700307	0.7049371532	0.0438928162
0	0.5337665369	0.0542908829	0.4119425802
0	0.7952702757	0.1852536099	0.0194761144
0	0.2146292111	0.0624870840	0.7228837049
0	0.0000064405	0.7655554739	0.2344380856
1	0.4765797330	0.0275309583	0.4958893087
1	0.0714858549	0.9285141451	0.0000000000
0	0.1047770544	0.0777561090	0.8174668365
0	0.1341591338	0.5143053673	0.3515354989
1	0.0000018413	0.3001480636	0.6998500951
0	0.3165635656	0.5103846207	0.1730518137
0	0.0057959194	0.9794599443	0.0147441363
1	0.5989587601	0.0000001731	0.4010410668
0	0.7810778389	0.2055283503	0.0133938109
0	0.9813535152	0.0141611926	0.0044852922
2	0.8799951005	0.1079219510	0.0120829485
0	0.2001375578	0.0030450852	0.7968173570
0	0.0000017131	0.9743463339	0.0256519530
0	0.3286992029	0.6535868633	0.0177139338
0	0.1588542186	0.8145484615	0.0265973199
0	0.2001125715	0.7998155625	0.0000718660
1	0.0033318140	0.8641736956	0.1324944904
0	0.0000594846	0.5589826846	0.4409578308
0	0.3305708493	0.6588959070	0.0105332437
1	0.0486987479	0.0229426166	0.9283586355
0	0.0004841662	0.2329822641	0.7665335697
1	0.9368071114	0.0034748505	0.0597180381
0	0.3476981261	0.6510216817	0.0012801922
0	0.0309780337	0.0000073565	0.9690146098
0	0.5842673837	0.4035151922	0.0122174242
0	0.0000826994	0.0161452386	0.9837720620
0	0.0178291409	0.1275079431	0.8546629160
0	0.0192357488	0.0017659045	0.9789983467
0	0.0000001351	0.4404120021	0.5595878628
0	0.0396151953	0.9513842167	0.0090005880
0	0.0006540016	0.4277122644	0.5716337340
1	0.0000000000	0.0286928869	0.9713071131
1	0.2859929477	0.3871344752	0.3268725772
1	0.9438278704	0.0283546177	0.0278175118
1	0.0597571193	0.3777958279	0.5624470528
0	0.5248351018	0.1820173794	0.2931475188
0	0.7622359295	0.0038084160	0.2339556546
0	0.1001118570	0.6214134100	0.2784747330
0	0.5150327061	0.0000959005	0.4848713933
1	0.3100023608	0.6474234290	0.0425742102
0	0.6553983064	0.2569419009	0.0876597928
0	0.9530495646	0.0000127578	0.0469376776
1	0.0113966460	0.2485277379	0.7400756162
1	0.1682097426	0.1129890561	0.7188012013
0	0.1653166628	0.0300582754	0.8046250618
0	0.7708559620	0.2291440255	0.0000000126
1	0.6069700348	0.2013104196	0.1917195456
0	0.3257591273	0.0373541657	0.6368867070
0	0.5312112069	0.1817131254	0.2870756676
0	0.0058647606	0.8589637962	0.1351714432
0	0.0006872123	0.9858990526	0.0134137351
0	0.1675116019	0.5656607798	0.2668276183
1	0.3987453688	0.0002885299	0.6009661013
0	0.6869079997	0.1700494687	0.1430425316
1	0.8388994015	0.0832169303	0.0778836682
1	0.0587991847	0.8398660715	0.1013347438
0	0.0000001470	0.0451767325	0.9548231205
1	0.2061423477	0.1194176974	0.6744399549
0	0.0000017186	0.4849885145	0.5150097670
0	0.1259407255	0.0000000000	0.8740592745
0	0.9884341329	0.0115658671	0.0000000000
0	0.1880169383	0.0625753199	0.7494077417
1	0.2335755167	0.0131977657	0.7532267176
1	0.0142957895	0.1145790009	0.8711252096
0	0.1710062481	0.2460691854	0.5829245665
2	0.2294037172	0.6913266162	0.0792696666
1	0.9349464036	0.0645061942	0.0005474022
1	0.3013898849	0.5841896995	0.1144204156
1	0.0006221239	0.0508355193	0.9485423568
2	0.9100013830	0.0899986166	0.0000000004
0	0.7249248890	0.0294279613	0.2456471497
1	0.0394675630	0.0176807007	0.9428517363
0	0.0369428831	0.8159756034	0.1470815135
0	0.0000000000	0.0234153901	0.9765846099
0	0.9580699716	0.0391840982	0.0027459301
0	0.4396525553	0.0181787145	0.5421687303
0	0.5404148111	0.4561955532	0.0033896357
0	0.2180936664	0.5018850511	0.2800212825
0	0.0003327244	0.8631030429	0.1365642327
1	0.9959360114	0.0040639886	0.0000000000
1	0.6316979191	0.3673899299	0.0009121510
0	0.0000000000	0.7350246394	0.2649753606
0	0.1390328892	0.8608871287	0.0000799821
0	0.4106013234	0.5857848228	0.0036138538
0	0.0047379432	0.2422353645	0.7530266923
0	0.9526855695	0.0455474163	0.0017670142
0	0.9475205948	0.0061311684	0.0463482368
0	0.4234666598	0.2330443546	0.3434889855
1	0.0715772841	0.9284227159	0.0000000000
0	0.9109315049	0.0879881723	0.0010803228
0	0.8710951322	0.0755435726	0.0533612952
