0	0.9571593147	0.0000039400	0.0428367453
0	0.5120762903	0.1278175022	0.3601062075
1	0.5115724421	0.0000140207	0.4884135371
1	0.0001476941	0.9980883690	0.0017639368
0	0.0004158827	0.0160127436	0.9835713737
1	0.3111512914	0.6876458370	0.0012028717
0	0.0000120792	0.0702230241	0.9297648967
0	0.5166621961	0.4530296627	0.0303081412
0	0.0673709114	0.9216216387	0.0110074498
0	0.9515621054	0.0479237072	0.0005141874
0	0.0046888306	0.4386723528	0.5566388166
1	0.1028339052	0.0112212744	0.8859448204
0	0.4358530361	0.0000000378	0.5641469261
0	0.4024483311	0.1106912092	0.4868604596
1	0.6120518782	0.0499584484	0.3379896734
0	0.9774410498	0.0001110181	0.0224479321
0	0.8052758352	0.0187175835	0.1760065813
0	0.0755865348	0.9244133669	0.0000000982
0	0.1585755021	0.8414241696	0.0000003283
0	0.2410528737	0.1932644543	0.5656826720
0	0.0000000000	0.1467926419	0.8532073581
0	0.5570467474	0.3666941469	0.0762591057
0	0.5312770914	0.0023636950	0.4663592137
0	0.7843111307	0.2156880981	0.0000007712
0	0.0000256607	0.0034283761	0.9965459631
0	0.4186631042	0.3718554252	0.2094814706
1	0.6049933781	0.0041590564	0.3908475655
1	0.7498617240	0.0019169871	0.2482212889
0	0.9131802272	0.0000023774	0.0868173954
0	0.0048003986	0.0236008181	0.9715987833
1	0.1150188236	0.8825595374	0.0024216390
0	0.1197717188	0.6097829121	0.2704453691
0	0.1354797673	0.8644856135	0.0000346191
1	0.0613580960	0.1670103419	0.7716315621
0	0.2404805156	0.1490802194	0.6104392650
1	0.0009794961	0.7520355951	0.2469849088
1	0.0344972862	0.0816200884	0.8838826254
0	0.0182507027	0.9079716896	0.0737776077
0	0.3442345500	0.6548006071	0.0009648429
0	0.9148930695	0.0044460094	0.0806609211
1	0.4653365304	0.5346634696	0.0000000000
1	0.0000417463	0.9696140945	0.0303441592
2	0.0229034072	0.0353636424	0.9417329503
0	0.1730654274	0.0000000397	0.8269345329
0	0.2121714682	0.0282349907	0.7595935411
0	0.1061472595	0.5462946629	0.3475580776
0	0.5739453430	0.3732904422	0.0527642148
0	0.0004035255	0.1741878531	0.8254086215
0	0.7266726847	0.1149115046	0.1584158107
1	0.0004764739	0.0828247480	0.9166987781
1	0.8904154832	0.0252256892	0.0843588276
0	0.3838124578	0.0000000047	0.6161875375
1	0.1167891593	0.7024061909	0.1808046499
0	0.0000000000	0.8463421194	0.1536578806
0	0.3354659613	0.1414592080	0.5230748307
0	0.3122528264	0.0363787969	0.6513683767
0	0.7573162486	0.0691715364	0.1735122149
0	0.0754433235	0.8617447669	0.0628119096
0	0.0000003972	0.0082629817	0.9917366211
0	0.1988027755	0.1044893405	0.6967078840
1	0.3158446649	0.0395571392	0.6445981959
1	0.0010430647	0.6837897643	0.3151671710
1	0.4847358040	0.2840770795	0.2311871165
1	0.1267395429	0.2846296720	0.5886307851
0	0.7234844790	0.0000588432	0.2764566778
0	0.8318874551	0.0000001791	0.1681123658
0	0.9990443899	0.0009556085	0.0000000016
1	0.1272114771	0.0094881708	0.8633003521
0	0.2324285413	0.7280881532	0.0394833055
1	0.3096382840	0.1502573800	0.5401043361
0	0.0000000034	0.8512737930	0.1487262037
1	0.4163906798	0.4321839253	0.1514253949
0	0.0192014234	0.4051511424	0.5756474342
1	0.6448619894	0.0494792573	0.3056587533
1	0.0881946610	0.9110544888	0.0007508501
0	0.0129724723	0.0006326821	0.9863948457
0	0.7785423355	0.1673799218	0.0540777426
0	0.0075471686	0.7849832148	0.2074696166
0	0.0847294305	0.9031341213	0.0121364482
0	0.7164276131	0.0959701311	0.1876022558
0	0.8809170467	0.1179754781	0.0011074753
0	0.2983339953	0.1552876899	0.5463783148
2	0.6823268743	0.3043851853	0.0132879405
2	0.0003765733	0.0000000494	0.9996233773
0	0.2168907889	0.7477277970	0.0353814141
1	0.0000108668	0.0000000000	0.9999891332
0	0.2884313454	0.6765865813	0.0349820734
1	0.8349828421	0.0757048446	0.0893123134
0	0.2268035011	0.1387793402	0.6344171587
1	0.0055066794	0.9289272069	0.0655661138
0	0.5641885771	0.2372763940	0.1985350288
0	0.4111245254	0.0000003088	0.5888751658
1	0.3931995330	0.5041659041	0.1026345630
1	0.0000027990	0.3374081276	0.6625890735
1	0.4952028131	0.1205377643	0.3842594226
1	0.4213575490	0.0061451351	0.5724973158
0	0.0182883541	0.8691940836	0.1125175623
0	0.3543033536	0.0095467123	0.6361499341
1	0.0002230885	0.6881541358	0.3116227757
0	0.7598265898	0.1229016582	0.1172717520
