0	0.4036307728	0.0000004946	0.5963687326
1	0.4070462051	0.1484882630	0.4444655319
1	0.1165868993	0.8834124670	0.0000006337
1	0.0000000045	0.7268074859	0.2731925096
0	0.7531674197	0.2468325803	0.0000000000
0	0.3153133416	0.4699819528	0.2147047056
0	0.0240859631	0.7512643070	0.2246497299
0	0.3341079311	0.6507175065	0.0151745624
0	0.0913951119	0.0486649432	0.8599399449
0	0.1320613402	0.7266008425	0.1413378173
0	0.1195569757	0.8157691735	0.0646738508
2	0.0025725237	0.0000698181	0.9973576582
1	0.0817949398	0.0000020197	0.9182030405
0	0.0094780734	0.4415022191	0.5490197075
2	0.3329041081	0.5527775001	0.1143183919
2	0.0937809610	0.6689559095	0.2372631294
1	0.0000000000	0.0168371914	0.9831628086
1	0.7988847782	0.0074595658	0.1936556560
0	0.0000000000	0.1264097620	0.8735902380
0	0.4693386369	0.1185907558	0.4120706073
1	0.9999999998	0.0000000002	0.0000000000
1	0.0003560920	0.9996424981	0.0000014099
1	0.0209953665	0.5225927142	0.4564119194
0	0.7159824306	0.2424978947	0.0415196747
1	0.0112535225	0.3236791991	0.6650672784
1	0.7299609158	0.2211171165	0.0489219678
0	0.0552794855	0.6017064864	0.3430140281
0	0.0511035975	0.9463878518	0.0025085507
1	0.2392095192	0.0000004279	0.7607900529
0	0.0000000000	1.0000000000	0.0000000000
0	0.0000000000	0.3493926534	0.6506073466
0	0.9216093281	0.0166726589	0.0617180130
0	0.1404924050	0.0000025904	0.8595050046
0	0.0280565461	0.6879370013	0.2840064526
0	0.2765675041	0.6186073796	0.1048251163
0	0.9785240136	0.0010122493	0.0204637371
1	0.8278694541	0.0000208257	0.1721097202
0	0.4660734317	0.5330575029	0.0008690654
0	0.2759644659	0.0732914347	0.6507440993
0	0.7187964340	0.0221055148	0.2590980512
1	0.0478785294	0.0663751737	0.8857462969
1	0.3493442953	0.6333706027	0.0172851020
0	0.1157782803	0.4761809971	0.4080407226
0	0.0491275491	0.8998634075	0.0510090435
1	0.3857719066	0.1285004382	0.4857276551
1	0.4119279858	0.2556397204	0.3324322937
0	0.0963605515	0.9036394485	0.0000000000
0	0.0080454038	0.9840151365	0.0079394597
1	0.6687527139	0.0000000000	0.3312472861
0	0.0370698827	0.9374448440	0.0254852732
0	0.3549334154	0.5484342433	0.0966323413
0	0.0000000000	0.0800143078	0.9199856922
1	0.5451420607	0.4008828199	0.0539751194
1	0.0378929904	0.2392868105	0.7228201991
0	0.0467651926	0.2292881803	0.7239466271
1	0.0453255598	0.2026845978	0.7519898424
1	0.0117256942	0.2650406352	0.7232336706
0	0.2618314152	0.6425333958	0.0956351889
0	0.3792806872	0.5681110982	0.0526082146
0	0.9999741330	0.0000258670	0.0000000000
0	0.0054471899	0.0000000001	0.9945528100
0	0.0621592601	0.0400402211	0.8978005187
2	0.5972713455	0.1965032930	0.2062253614
0	0.0131343964	0.0145966449	0.9722689586
1	0.0033013299	0.0001180979	0.9965805722
0	0.9999998708	0.0000000004	0.0000001288
0	0.0650467243	0.2273238997	0.7076293760
0	0.8685442802	0.0192668328	0.1121888870
0	0.7032250299	0.1689933123	0.1277816577
0	0.6712734394	0.3269237448	0.0018028157
0	0.9208830958	0.0015746664	0.0775422378
0	0.1551991708	0.0786678870	0.7661329422
1	0.0202274431	0.7950328596	0.1847396973
1	0.0196317766	0.3901863663	0.5901818571
0	0.0001419327	0.0000000000	0.9998580673
1	0.1379904722	0.5264980919	0.3355114358
2	0.4088798696	0.3512463416	0.2398737888
1	0.7867568712	0.0366147606	0.1766283682
1	0.0134141352	0.1382446120	0.8483412529
1	0.0104897194	0.1879843701	0.8015259105
1	0.9876266435	0.0037183578	0.0086549987
0	0.4749662655	0.2733369401	0.2516967944
0	0.8382508008	0.1188563963	0.0428928029
0	0.0698076125	0.9224666394	0.0077257481
0	0.0858760996	0.0109093202	0.9032145802
0	0.7469371612	0.2483522790	0.0047105598
0	0.4614729125	0.0000000000	0.5385270875
1	0.0000005157	0.2487919917	0.7512074926
1	0.9390159751	0.0374059548	0.0235780701
1	0.0000000000	0.5991820782	0.4008179218
0	0.1977360887	0.0752226316	0.7270412798
0	0.3499557966	0.0000000000	0.6500442034
0	0.0197334225	0.0676786271	0.9125879505
1	0.1535572660	0.8464427296	0.0000000044
0	0.6982243503	0.2743751152	0.0274005345
0	0.0021195005	0.6823972035	0.3154832960
1	0.0000000020	0.9397519860	0.0602480120
1	0.1805939028	0.6334212792	0.1859848180
0	0.1860197827	0.8109936789	0.0029865384
1	0.9437860039	0.0562105265	0.0000034696
