1	0.0636610558	0.0000000000	0.9363389442
1	0.6278134020	0.0184433334	0.3537432645
1	0.1336810480	0.0177477518	0.8485712002
1	0.9313583465	0.0535163403	0.0151253132
1	0.4148976828	0.5850996058	0.0000027114
0	0.0023632374	0.7827540033	0.2148827593
0	0.0000010194	0.8502970564	0.1497019243
1	0.0662163257	0.3109074385	0.6228762358
1	0.0081208500	0.0006445351	0.9912346149
0	0.0864269334	0.4611770362	0.4523960304
0	0.4925072583	0.2297882221	0.2777045196
1	0.0006324811	0.0136001397	0.9857673793
1	0.5573226750	0.4041772353	0.0385000898
0	0.0114576798	0.0649670664	0.9235752537
0	0.4789459269	0.0661371397	0.4549169335
0	0.3360121267	0.0014393639	0.6625485094
0	0.0000000000	0.0000000887	0.9999999112
2	0.3407103240	0.6162646232	0.0430250528
0	0.2034372210	0.0956506444	0.7009121346
0	0.8503805650	0.1496194350	0.0000000000
0	0.8468830268	0.1420845921	0.0110323811
0	0.0080306999	0.5295018826	0.4624674175
1	0.0982954075	0.8531644463	0.0485401462
0	0.0875270389	0.0036658814	0.9088070797
0	0.6736952498	0.3262969924	0.0000077578
1	0.0281852167	0.3937528124	0.5780619710
0	0.7570721609	0.1520740486	0.0908537904
1	0.4943218753	0.5056781247	0.0000000001
1	0.5679485539	0.2598912009	0.1721602452
1	0.8041740151	0.1640704440	0.0317555409
0	0.3810322316	0.6014710818	0.0174966866
0	0.7209862548	0.0130972703	0.2659164750
0	0.0468558761	0.9194661460	0.0336779779
0	0.1101773125	0.5832312376	0.3065914499
1	0.9930078949	0.0066063274	0.0003857777
0	0.0357403962	0.5278957054	0.4363638985
1	0.9136771592	0.0000257335	0.0862971073
0	0.0003296818	0.9145461414	0.0851241769
1	0.0000000944	0.8004615963	0.1995383093
0	0.5913139800	0.3255070364	0.0831789836
0	0.7367169374	0.1021826700	0.1611003926
0	0.0049705083	0.5505185527	0.4445109390
0	0.0000142092	0.9393241979	0.0606615929
0	0.5472691918	0.1060024783	0.3467283299
0	0.4229749374	0.3300532902	0.2469717725
0	0.5726712611	0.4211198812	0.0062088577
1	0.0673972541	0.0563668213	0.8762359246
0	0.8519806445	0.0000032930	0.1480160626
2	0.6907577735	0.0806136527	0.2286285737
0	0.4206324049	0.3025202787	0.2768473164
0	0.5794799307	0.0275465470	0.3929735223
0	0.0433823972	0.8564052039	0.1002123989
1	0.5847694049	0.0875643822	0.3276662129
0	0.9687765145	0.0310285693	0.0001949161
0	0.7166507418	0.0937231613	0.1896260969
0	0.4060673009	0.2543723577	0.3395603414
0	0.6932874980	0.0202861279	0.2864263741
1	0.2854480911	0.1077990364	0.6067528726
0	0.2923083612	0.6982419054	0.0094497333
0	0.0484262580	0.3128821631	0.6386915789
0	0.3274284582	0.3800598677	0.2925116741
0	0.9215578956	0.0000010365	0.0784410679
0	0.0000000000	0.9425418196	0.0574581804
1	0.1033718676	0.2812166728	0.6154114596
1	0.9757575205	0.0242424794	0.0000000002
0	0.0186966531	0.8358693509	0.1454339959
0	0.0159198696	0.0079184291	0.9761617013
1	0.7114839853	0.0067950446	0.2817209701
0	0.0145135926	0.8470176773	0.1384687300
0	0.1131805760	0.8868192861	0.0000001378
0	0.1817649610	0.0784234974	0.7398115416
0	0.0959194010	0.3739409407	0.5301396582
0	0.5650880356	0.0000000029	0.4349119615
0	0.0000000000	0.9809715405	0.0190284595
0	0.2750492475	0.4958516152	0.2290991373
1	0.1616782986	0.3073216490	0.5310000524
0	0.0822481843	0.5610918456	0.3566599701
0	0.0000032400	0.8615906690	0.1384060910
0	0.0019976797	0.6371236439	0.3608786765
1	0.0462713129	0.2057289719	0.7479997152
0	0.0240654669	0.9710143931	0.0049201400
1	0.2899212110	0.4460702738	0.2640085152
0	0.0474936092	0.8137560983	0.1387502925
0	0.9573520025	0.0134977962	0.0291502013
1	0.0782911852	0.9028126048	0.0188962100
0	0.1106813231	0.0814254501	0.8078932268
0	0.9731122108	0.0268663738	0.0000214154
0	0.1529385946	0.7208760105	0.1261853949
0	0.0678913492	0.9206918960	0.0114167548
1	0.5356894833	0.3527589990	0.1115515176
0	0.9851370598	0.0041985832	0.0106643569
0	0.0000213318	0.3395638118	0.6604148564
1	0.0316383640	0.5959617168	0.3723999192
0	0.8779419158	0.1210755613	0.0009825229
1	0.1177162613	0.0578798886	0.8244038501
0	0.7966870643	0.2032609568	0.0000519789
0	0.6983682970	0.2916472911	0.0099844119
1	0.7145373938	0.2842919595	0.0011706467
0	0.0983244751	0.0007297824	0.9009457425
0	0.0827396443	0.1724673451	0.7447930107
