1	0.5589162185	0.4370829528	0.0040008287
0	0.2073877142	0.2093986733	0.5832136126
0	1.0000000000	0.0000000000	0.0000000000
1	0.8018648205	0.0658615760	0.1322736034
0	0.0254873917	0.0123588602	0.9621537481
1	0.0044191838	0.2344155510	0.7611652652
0	0.7097345619	0.0006786308	0.2895868073
0	0.1268326838	0.1411975555	0.7319697607
0	0.9315871962	0.0000871237	0.0683256800
1	0.0124038117	0.9842556995	0.0033404888
0	0.8939457223	0.1060542777	0.0000000000
1	0.9921107691	0.0078880386	0.0000011923
0	0.0000000000	0.1318268221	0.8681731779
0	0.3121079094	0.5035569272	0.1843351634
1	0.8442786732	0.0330376098	0.1226837170
1	0.0000001936	0.0335082864	0.9664915199
0	0.0101126796	0.2832740803	0.7066132402
0	0.0205827346	0.6682800561	0.3111372094
1	0.0598139097	0.3482277075	0.5919583828
0	0.8832697349	0.0981930933	0.0185371718
0	0.2954997135	0.4100470797	0.2944532067
0	0.0000000020	0.9892204603	0.0107795377
0	0.3275950776	0.1956952921	0.4767096304
1	0.1311313665	0.8688685739	0.0000000596
0	0.0058865617	0.8979639963	0.0961494420
0	0.5230030203	0.0865157007	0.3904812789
0	0.0475492874	0.9505961824	0.0018545302
0	0.0122850545	0.9660346927	0.0216802528
0	0.9999082757	0.0000002459	0.0000914784
0	0.0272436753	0.0559968227	0.9167595021
1	0.2220059328	0.2117778142	0.5662162529
0	0.0009097728	0.1761818065	0.8229084207
1	0.0000263808	0.8725489969	0.1274246223
0	0.0000272395	0.1778947593	0.8220780012
0	0.0041198504	0.9938963786	0.0019837710
1	0.6582460985	0.2655966737	0.0761572278
1	0.3404369792	0.0000000067	0.6595630141
0	0.0391156040	0.0025958663	0.9582885297
1	0.3334801188	0.1928080715	0.4737118098
0	0.1882333559	0.3252135285	0.4865531156
0	0.0201201517	0.3286508245	0.6512290238
0	0.0026904791	0.0000002644	0.9973092565
1	0.1726714531	0.0375651700	0.7897633769
1	0.8436617525	0.0000000000	0.1563382475
1	0.9182877529	0.0000554152	0.0816568319
1	0.1522258336	0.4440931983	0.4036809681
0	0.6455076219	0.0189407570	0.3355516211
0	0.5206028653	0.4783469735	0.0010501612
1	0.9122245619	0.0094581461	0.0783172920
1	0.0812771420	0.8151222210	0.1036006370
1	0.0969920493	0.6152240412	0.2877839095
0	0.4380830614	0.5548662682	0.0070506703
0	0.2251819877	0.7744747330	0.0003432793
0	0.5195473509	0.2453222647	0.2351303844
1	0.9942313495	0.0057686505	0.0000000000
0	0.0430945879	0.1842511390	0.7726542731
0	0.8081057775	0.1345151020	0.0573791204
0	0.9902756675	0.0000000000	0.0097243325
0	0.0494534747	0.8887815286	0.0617649967
1	0.2430157037	0.4387376380	0.3182466582
2	0.0323523224	0.7783840869	0.1892635907
0	0.0000000000	0.9931519269	0.0068480731
0	0.6783772315	0.0605929972	0.2610297713
0	0.1774036736	0.1759065130	0.6466898134
1	0.7572364382	0.0898169796	0.1529465822
1	0.3962452976	0.0307909549	0.5729637475
0	0.0000000000	0.6471693153	0.3528306847
0	0.3444534348	0.6554715870	0.0000749782
1	0.8797480732	0.1191627201	0.0010892067
0	0.4078240129	0.3259022826	0.2662737045
0	0.4459333440	0.0032353160	0.5508313400
0	0.4958242952	0.0000005294	0.5041751755
0	0.0918094090	0.7776161050	0.1305744860
0	0.0001174353	0.9996837411	0.0001988236
0	0.2580447849	0.4921511980	0.2498040171
1	0.1626061971	0.7574458127	0.0799479903
0	0.8279726113	0.1668693998	0.0051579889
0	0.5883007320	0.3889410098	0.0227582582
0	0.1542810668	0.0000002521	0.8457186811
0	0.4713538294	0.5049419952	0.0237041754
1	0.1571180040	0.4841613444	0.3587206517
0	0.0172111877	0.8124570428	0.1703317696
0	0.7509464783	0.0753045943	0.1737489274
1	0.8563631392	0.1215755402	0.0220613205
0	0.3508238097	0.0519063035	0.5972698868
0	0.9785643411	0.0171160761	0.0043195828
0	0.0210950861	0.9292149945	0.0496899194
0	0.4307005402	0.0005699441	0.5687295157
0	0.0006841802	0.0160642757	0.9832515441
1	0.0419063101	0.8851601247	0.0729335652
0	0.2334713652	0.7612631429	0.0052654919
1	0.1282106133	0.8717893290	0.0000000577
0	0.4749009852	0.5250886375	0.0000103772
0	0.2948516418	0.2113726039	0.4937757544
1	0.0000000301	0.2901188720	0.7098810979
0	0.0050460760	0.9914790016	0.0034749224
0	0.5706621875	0.4293378125	0.0000000000
0	0.6063713621	0.3663606966	0.0272679412
0	0.1846907394	0.8115627735	0.0037464871
0	0.0011829891	0.3726214541	0.6261955569
