0	0.8545543054	0.0404590416	0.1049866530
0	0.6141640718	0.0246546406	0.3611812876
0	0.0002300007	0.9763379949	0.0234320044
0	0.8507883678	0.0603874101	0.0888242221
1	0.8213250588	0.0597596163	0.1189153249
0	0.5403521635	0.0000000012	0.4596478353
0	0.0000000000	0.7867928382	0.2132071618
0	0.9427080929	0.0000052805	0.0572866266
0	0.0912320667	0.2717357122	0.6370322211
0	0.9759579939	0.0000565830	0.0239854230
0	0.0015221617	0.8007926787	0.1976851596
1	0.0236112461	0.0032001272	0.9731886267
0	0.0740243142	0.3700792945	0.5558963913
0	0.5291161930	0.0000000000	0.4708838070
1	0.4036990807	0.0052454400	0.5910554793
0	0.3590179819	0.6409606767	0.0000213414
0	0.9299919851	0.0018122310	0.0681957838
0	0.0947799130	0.0704277331	0.8347923539
0	0.1119800544	0.7613096193	0.1267103263
0	0.5321201380	0.4678798564	0.0000000056
1	0.3639543894	0.0455108332	0.5905347774
2	0.0131128773	0.0456958552	0.9411912676
1	0.0187753119	0.2523662046	0.7288584836
0	0.3812714621	0.1587777944	0.4599507435
1	0.6899260843	0.0086843778	0.3013895380
0	0.9180468117	0.0809567729	0.0009964155
1	0.3395752941	0.6553526917	0.0050720142
1	0.9941891713	0.0000000000	0.0058108287
0	0.1092932760	0.4818351905	0.4088715335
0	0.5096898030	0.0444181298	0.4458920673
0	0.8944532449	0.0539896287	0.0515571264
0	0.8909976005	0.0891337523	0.0198686472
1	0.3056694353	0.1124703557	0.5818602091
0	0.3109073306	0.6715915824	0.0175010870
0	0.5230843699	0.0000049154	0.4769107146
1	0.0003867599	0.9927049436	0.0069082965
0	0.0074798175	0.5751443727	0.4173758098
1	0.8793180772	0.0001233066	0.1205586161
1	0.8511334725	0.0906088275	0.0582576999
0	0.3949865761	0.1273041961	0.4777092278
1	0.3029520137	0.0203724146	0.6766755717
0	0.8878807600	0.0221922627	0.0899269773
1	0.0024086089	0.9975913375	0.0000000536
0	0.1184936183	0.0000009524	0.8815054293
0	0.1856009967	0.6428628521	0.1715361512
0	0.1499792883	0.5160746999	0.3339460118
0	0.0003721840	0.9020187113	0.0976091047
1	0.1087219857	0.8900879636	0.0011900507
1	0.4938664606	0.0001199998	0.5060135396
0	0.2391061288	0.5554388200	0.2054550512
1	0.0011795215	0.4457833008	0.5530371777
0	0.0212323672	0.0178191640	0.9609484688
0	0.1397125790	0.8555369117	0.0047505093
0	0.0069756389	0.0599336148	0.9330907463
0	0.8289714279	0.0062568333	0.1647717388
2	0.0045776504	0.9732858985	0.0221364511
0	0.9937670106	0.0000777633	0.0061552261
0	0.1297322858	0.0858629084	0.7844048058
0	0.0850016709	0.0684093836	0.8465889455
0	0.8609450628	0.0620554896	0.0769994476
0	0.0443950654	0.1788930475	0.7767118871
0	0.0354408828	0.3244542243	0.6401048929
0	0.6147212958	0.0600857379	0.3251929664
0	0.9999999927	0.0000000073	0.0000000000
0	0.3342403754	0.6543585354	0.0114010891
1	0.0205013636	0.0007164689	0.9787821675
1	0.0000000005	0.9989072903	0.0010927091
2	0.2661006499	0.5502757491	0.1836236010
0	0.9870954006	0.0072151994	0.0056894000
0	0.5324657410	0.4672919228	0.0002423362
1	0.5106823837	0.1055828816	0.3837347347
0	0.7788459652	0.1719706633	0.0491833715
2	0.7447864899	0.2022959792	0.0529175309
0	0.4886912943	0.1712866852	0.3400220205
0	0.9999999999	0.0000000000	0.0000000001
1	0.0687295397	0.0893318606	0.8419385998
0	0.7975628327	0.0360307633	0.1664064040
0	0.0442276567	0.6577839144	0.2979884289
0	0.0319004697	0.9536838758	0.0144156545
0	0.4247413601	0.4525983601	0.1226602798
0	0.0000000037	0.0771581267	0.9228418695
0	0.0112174796	0.0046060199	0.9841765005
0	0.7523250777	0.2476749222	0.0000000000
0	0.8692920616	0.0037960052	0.1269119331
1	0.0526255329	0.9472973908	0.0000770763
0	0.9955005225	0.0008921862	0.0036072913
1	0.5272712979	0.4072668769	0.0654618253
0	0.0944679531	0.9054196828	0.0001123641
0	0.9999899450	0.0000100550	0.0000000000
1	0.0000000214	0.8021933228	0.1978066557
1	0.9802209151	0.0021482227	0.0176308622
0	0.7905929081	0.2077746085	0.0016324834
0	0.0000000037	0.9967387854	0.0032612109
1	0.7276083125	0.2723916875	0.0000000000
0	0.0003833367	0.4257641249	0.5738525385
0	0.0104138539	0.0000076384	0.9895785077
1	0.1447723232	0.0235068515	0.8317208253
1	0.0044609286	0.0709888197	0.9245502517
0	0.0194149944	0.0961885002	0.8843965054
0	0.1323632573	0.8676367427	0.0000000000
