2	0.0000279907	0.4562922153	0.5436797940
1	0.0000000000	0.4055540546	0.5944459454
1	0.5538358718	0.4145924984	0.0315716298
1	0.2343069267	0.3155558556	0.4501372177
0	0.0638808671	0.9361191329	0.0000000000
1	0.0743511033	0.6677305227	0.2579183739
0	0.0000906602	0.0000504160	0.9998589239
0	0.6970004985	0.2811841627	0.0218153389
0	0.4867256015	0.4634092943	0.0498651042
1	0.8407768568	0.0004766019	0.1587465413
1	0.0005246831	0.5467380592	0.4527372577
1	0.5105789966	0.0156559352	0.4737650682
1	0.0000056232	0.1664332768	0.8335611000
0	0.0791997507	0.9208002493	0.0000000000
0	0.9999590448	0.0000407189	0.0000002363
0	0.5441543667	0.2421795518	0.2136660815
0	0.3314946982	0.6511338056	0.0173714963
1	0.9007117981	0.0059319054	0.0933562965
1	0.0168805271	0.7971761103	0.1859433626
1	0.4114666527	0.0304320323	0.5581013150
0	0.4532357229	0.5223548592	0.0244094179
0	0.0345248100	0.0019661824	0.9635090076
0	0.5518539309	0.0072753414	0.4408707277
0	0.9201662199	0.0311879042	0.0486458759
0	0.0001039189	0.8569137033	0.1429823777
0	0.9606235107	0.0299631508	0.0094133386
0	0.0586157348	0.0164906890	0.9248935762
0	0.4325858623	0.5673861773	0.0000279603
0	0.5825632754	0.4174366043	0.0000001203
1	0.2833300778	0.1191086384	0.5975612838
1	0.6010694434	0.3989305558	0.0000000008
1	0.3685452166	0.0022803195	0.6291744640
0	0.0321697077	0.9678302923	0.0000000000
0	0.9592631328	0.0338907650	0.0068461022
0	0.8649649363	0.0143345986	0.1207004652
0	0.0000000008	0.8361452323	0.1638547669
0	0.0279696354	0.2712013198	0.7008290448
0	0.7141059607	0.2786546599	0.0072393794
1	0.1019817896	0.4694759643	0.4285422461
1	0.0978739462	0.8869113990	0.0152146547
0	0.6009176021	0.3977809530	0.0013014449
0	0.0000033027	0.9013270553	0.0986696420
1	0.0000004125	0.0531271509	0.9468724367
0	0.4811301062	0.4032991159	0.1155707779
0	0.4536965870	0.5462997591	0.0000036539
0	0.0005050712	0.9640762462	0.0354186825
0	0.2025950537	0.2248445270	0.5725604193
1	0.2298876763	0.4950968791	0.2750154446
1	0.9920914078	0.0000000000	0.0079085922
0	0.1606714063	0.0600491847	0.7792794091
1	0.6977286336	0.2402342151	0.0620371514
0	0.0514336328	0.4257383975	0.5228279697
0	0.2020669846	0.4714525789	0.3264804365
0	0.8026606625	0.1973393227	0.0000000147
1	0.0000000002	0.1929970531	0.8070029466
1	0.7904771204	0.0031328243	0.2063900554
0	0.3060185796	0.6886349466	0.0053464737
0	0.0316942857	0.2057815793	0.7625241350
0	0.2093415343	0.6062131105	0.1844453552
0	0.5626809350	0.4211196097	0.0161994552
1	0.4249110721	0.0002447781	0.5748441498
0	0.5618272710	0.4381374462	0.0000352829
0	0.0572552089	0.9427447550	0.0000000362
1	0.2556320823	0.2021138443	0.5422540734
1	0.1743309104	0.4758013590	0.3498677306
1	0.0079158632	0.9355260355	0.0565581013
2	0.3268485529	0.6537223194	0.0194291278
0	0.2701453183	0.6932395466	0.0366151351
0	0.7929978614	0.2055844673	0.0014176713
0	0.6721310451	0.0676708527	0.2601981021
1	0.1337120721	0.1090081389	0.7572797890
0	0.0025475231	0.2668776248	0.7305748521
0	0.8989488631	0.0000000000	0.1010511369
0	0.6360495913	0.1649285380	0.1990218707
1	0.2297288454	0.3485461886	0.4217249660
1	0.9812921841	0.0181495640	0.0005582519
1	0.8858973362	0.1138724821	0.0002301816
0	0.0241629053	0.0735983385	0.9022387562
0	0.1242664231	0.8129344215	0.0627991554
0	0.3659591571	0.5395919538	0.0944488890
1	0.9105792169	0.0032263163	0.0861944668
1	0.0006983682	0.9385610864	0.0607405453
0	0.3497606716	0.5637314771	0.0865078513
0	0.0018737441	0.5497770195	0.4483492363
0	0.3389392643	0.0002872046	0.6607735311
1	0.0000009477	0.8762487300	0.1237503224
0	0.3457639974	0.1167464242	0.5374895784
0	0.7451966064	0.2500127665	0.0047906271
1	0.0004798052	0.4619895717	0.5375306231
1	0.3251641295	0.2742842251	0.4005516454
0	0.1309314837	0.0033788419	0.8656896744
1	0.6690455799	0.2355248333	0.0954295869
0	0.3652307908	0.6208507702	0.0139184391
1	0.6221773714	0.3743046148	0.0035180138
0	0.0000616019	0.9995965487	0.0003418494
1	0.1181751944	0.0000918016	0.8817330040
0	0.0136304090	0.4548479859	0.5315216051
0	0.0117832499	0.0601748801	0.9280418701
0	0.9701606140	0.0001133506	0.0297260354
0	0.3333054949	0.0522578597	0.6144366453
