0	0.9519874987	0.0000000220	0.0480124793
0	0.0026649626	0.0000000023	0.9973350350
0	0.0746219164	0.0163954140	0.9089826696
2	0.8852434373	0.0000000602	0.1147565025
0	0.0319326401	0.1223550664	0.8457122935
0	0.3493395973	0.1190907623	0.5315696404
0	0.0003345130	0.2666347267	0.7330307604
1	0.4472394795	0.0430655178	0.5096950026
0	0.8267171813	0.0784202307	0.0948625880
1	0.9427815779	0.0000000196	0.0572184025
1	0.0228354189	0.9467074198	0.0304571613
0	0.0065736560	0.9896023158	0.0038240282
0	0.9851684838	0.0040403936	0.0107911226
0	0.0001431281	0.1464349412	0.8534219307
1	0.8456541271	0.0878578180	0.0664880548
1	0.0083810448	0.3913827216	0.6002362336
1	0.1531344926	0.0317816081	0.8150838993
0	0.6113885728	0.2624218515	0.1261895757
0	0.0000000065	0.0325022708	0.9674977227
1	0.1339485409	0.2122900849	0.6537613742
1	0.0010080545	0.9986184009	0.0003735446
0	0.7734448521	0.0008839923	0.2256711556
0	0.0000818074	0.9999164841	0.0000017085
0	0.1461535995	0.7173279852	0.1365184153
0	0.4819825315	0.3398039790	0.1782134894
0	0.9879817623	0.0119385093	0.0000797285
0	0.0010258092	0.9311016814	0.0678725093
0	0.4350722742	0.0003112959	0.5646164299
1	0.9435667447	0.0248061449	0.0316271104
0	0.6589221430	0.3348028693	0.0062749876
0	0.3011541866	0.6723716761	0.0264741372
0	0.9588231202	0.0028761420	0.0383007378
1	0.3494739856	0.6320992921	0.0184267223
0	0.1137097874	0.8348815707	0.0514086419
1	0.0147165161	0.0226285294	0.9626549545
1	0.0047978120	0.3354014693	0.6598007187
1	0.0005257886	0.9838402458	0.0156339656
1	0.6736237780	0.0300167835	0.2963594385
0	0.0117798281	0.8340620524	0.1541581196
0	0.0048335532	0.9948466335	0.0003198133
0	0.0362108423	0.2956111018	0.6681780559
0	0.3716115048	0.6283884952	0.0000000000
0	0.1217112845	0.7008969012	0.1773918143
1	0.0107403045	0.8308270934	0.1584326021
0	0.0065062121	0.3604120646	0.6330817233
0	0.9481870658	0.0000000000	0.0518129342
0	0.9142316943	0.0337161500	0.0520521558
1	0.9844190597	0.0000000000	0.0155809403
1	0.9996603604	0.0000000000	0.0003396396
0	0.5183589262	0.0062405374	0.4754005365
0	0.2544045084	0.5581087886	0.1874867031
0	0.5541795364	0.0002734941	0.4455469695
0	0.0019184520	0.0108310061	0.9872505419
0	0.5518361153	0.4135988527	0.0345650320
1	0.3000319613	0.0001309398	0.6998370990
0	0.5024072246	0.0075799409	0.4900128345
0	0.0334944438	0.1826231969	0.7838823593
0	0.1698528324	0.7901777490	0.0399694186
0	0.0082899243	0.9717955424	0.0199145332
0	0.3343624060	0.6650843039	0.0005532901
0	0.0020170309	0.6780118049	0.3199711642
0	0.0000000002	0.9999987617	0.0000012381
0	0.7638796201	0.0722211970	0.1638991829
0	0.3886608624	0.1338811615	0.4774579761
1	0.0761873817	0.3141754933	0.6096371250
1	0.8295660718	0.0861263374	0.0843075909
0	0.1627011515	0.5850312940	0.2522675545
2	0.0490202454	0.6830586935	0.2679210611
0	0.0009441488	0.4160418563	0.5830139948
0	0.9392669674	0.0000027064	0.0607303263
1	0.0178237562	0.0694505676	0.9127256762
0	0.0473974271	0.0000000347	0.9526025382
0	0.9368681882	0.0004773086	0.0626545032
0	0.9964039381	0.0002762620	0.0033197998
0	0.0128772980	0.7998674939	0.1872552080
1	0.0455289769	0.6691289637	0.2853420594
1	0.0078307014	0.8429038060	0.1492654926
0	0.8389687617	0.1384453997	0.0225858387
1	0.0717709446	0.8939665176	0.0342625378
2	0.1248596016	0.8607089888	0.0144314096
0	0.8108142462	0.1868932274	0.0022925264
1	0.1232644061	0.0000000032	0.8767355907
0	0.0000008924	0.9942129488	0.0057861588
0	0.6715778849	0.3123652375	0.0160568775
1	0.7565489483	0.0151708511	0.2282802006
1	0.0000001252	0.8713365497	0.1286633251
0	0.4319487208	0.5020995997	0.0659516796
1	0.2334622754	0.0000000000	0.7665377245
1	0.0027540074	0.0113175476	0.9859284451
0	0.0872087485	0.6760121196	0.2367791320
0	0.0000427032	0.1746172209	0.8253400759
0	0.3325632727	0.0368104666	0.6306262607
0	0.3216180359	0.0146709838	0.6637109803
0	0.0000787219	0.9307248396	0.0691964385
0	0.0047563187	0.9485250006	0.0467186807
0	0.0240066731	0.0147475497	0.9612457773
1	0.1481545132	0.7342092609	0.1176362259
1	0.4838602882	0.4947594223	0.0213802894
0	0.1373777855	0.0495708890	0.8130513255
0	0.1437344336	0.6113269489	0.2449386176
