1	0.4621254469	0.0516716728	0.4862028802
0	0.0000165799	0.1424092264	0.8575741937
0	0.7686713895	0.1109983534	0.1203302571
1	0.3815366263	0.6184633521	0.0000000216
0	0.8084785608	0.1529513557	0.0385700835
1	0.0577669949	0.3197440103	0.6224889948
1	0.4957299555	0.3012932278	0.2029768168
1	0.8719320177	0.1205695397	0.0074984425
0	0.0464165775	0.7679595666	0.1856238559
0	0.9959625931	0.0032713874	0.0007660194
0	0.0477408466	0.0173937943	0.9348653591
1	0.1144616097	0.5855297004	0.3000086899
1	0.7896960438	0.0839495985	0.1263543577
0	0.7195915710	0.0000268203	0.2803816088
0	0.8770285324	0.0072023244	0.1157691432
0	0.0000000008	0.7306370928	0.2693629063
1	0.4952766303	0.0284836337	0.4762397360
1	0.1089377224	0.0001398444	0.8909224332
0	0.0003363998	0.4742897489	0.5253738512
0	0.0000006666	0.7367668956	0.2632324379
1	0.4260320425	0.0893821833	0.4845857742
2	0.1113738916	0.1588061554	0.7298199530
0	0.9451785908	0.0546264450	0.0001949643
1	0.2833174103	0.1512218317	0.5654607580
0	0.0000611428	0.0456793296	0.9542595276
1	0.0000253453	0.1145670750	0.8854075797
1	0.9781788076	0.0201673592	0.0016538332
0	0.0042256618	0.8012751456	0.1944991926
1	0.0185418994	0.9803658592	0.0010922414
2	0.9345633270	0.0101740854	0.0552625876
0	0.0195938773	0.9716467198	0.0087594029
0	0.1438472695	0.8561525102	0.0000002203
1	0.8989535211	0.0743450190	0.0267014598
1	0.1123821414	0.8313567846	0.0562610740
1	0.0006333665	0.5276622632	0.4717043703
1	0.5858891809	0.0823070107	0.3318038084
0	0.0248281906	0.0224983183	0.9526734912
0	0.2328085130	0.5766456993	0.1905457876
2	0.0000000000	0.0010259515	0.9989740485
0	0.9373678655	0.0346635497	0.0279685848
1	0.0000000000	0.9200053676	0.0799946324
1	0.0054842108	0.0033579757	0.9911578135
1	0.6221709303	0.3210827234	0.0567463463
1	0.5076015444	0.4900695828	0.0023288728
0	0.5244347154	0.4753965696	0.0001687149
0	0.0442563903	0.9557436097	0.0000000000
0	0.0000465697	0.0000108443	0.9999425860
0	0.2264847588	0.0403667703	0.7331484709
1	0.3286783938	0.5243477186	0.1469738877
1	0.5234216435	0.4765407401	0.0000376165
1	0.0040118659	0.7404656193	0.2555225148
0	0.8262920810	0.1570983887	0.0166095302
0	0.6618735203	0.1534432916	0.1846831881
0	0.8270769495	0.1215145271	0.0514085234
0	0.8634902784	0.1365001760	0.0000095456
0	0.9969827177	0.0002047277	0.0028125546
0	0.4285372094	0.0000005911	0.5714621995
0	0.9672331627	0.0286780629	0.0040887744
0	0.1314906455	0.0030795243	0.8654298302
0	0.3327860169	0.5979754781	0.0692385050
2	0.8884529727	0.0815426002	0.0300044271
2	0.6894440021	0.1256331594	0.1849228385
0	0.9804291467	0.0000059024	0.0195649509
0	0.7708414910	0.0073860799	0.2217724291
0	0.9270111625	0.0000000000	0.0729888375
1	0.7244901288	0.2738793662	0.0016305050
1	0.0311492605	0.9648672176	0.0039835219
1	0.0284655676	0.1448968583	0.8266375741
0	0.4755072552	0.0038778930	0.5206148518
0	0.4422164441	0.0252883705	0.5324951854
1	0.9604729608	0.0268681560	0.0126588833
1	0.0001702955	0.4270119051	0.5728177994
0	0.0000341369	0.6531751098	0.3467907533
0	0.0430126083	0.1127951821	0.8441922096
1	0.0002994565	0.1903919913	0.8093085522
1	0.3853004671	0.0646893587	0.5500101742
1	0.0001417827	0.8598418130	0.1400164043
2	0.0460139338	0.0072026995	0.9467833667
1	0.3962500313	0.4599024663	0.1438475024
1	0.6717898463	0.0000100858	0.3282000679
0	0.1477288493	0.2036035101	0.6486676407
1	0.2544931847	0.7455068153	0.0000000000
0	0.2170987921	0.6562369370	0.1266642709
0	0.8928406310	0.0083065225	0.0988528465
0	0.3473911413	0.4787357160	0.1738731426
0	0.5890383888	0.2730196067	0.1379420045
0	0.0327963683	0.5534986223	0.4137050094
0	0.6846198935	0.0080787901	0.3073013164
1	0.1433687852	0.8117174103	0.0449138045
0	0.0577406245	0.1279417074	0.8143176681
0	0.9033678203	0.0360386518	0.0605935279
0	0.9181033666	0.0000000000	0.0818966334
2	0.0035672162	0.9964327838	0.0000000000
1	0.0000000000	0.9999999996	0.0000000004
0	0.3472218099	0.0001645549	0.6526136353
0	0.6441159599	0.3411575963	0.0147264438
1	0.6287824247	0.0793791008	0.2918384745
0	0.0306664210	0.0000027650	0.9693308141
1	0.0000000000	0.9999928552	0.0000071448
0	0.4658125799	0.5331547080	0.0010327121
