1	0.0833545627	0.3360913607	0.5805540767
0	0.0000000003	0.2217766049	0.7782233948
0	0.0454325236	0.0343954437	0.9201720327
0	0.1911041753	0.7599693124	0.0489265123
0	0.0018388537	0.8823740665	0.1157870798
0	0.2365878250	0.2165922619	0.5468199131
0	0.0108713832	0.5879692599	0.4011593569
0	0.6541174758	0.2383975251	0.1074849991
2	0.0000252259	0.9999747741	0.0000000000
0	0.6724568735	0.0000000000	0.3275431265
2	0.6574732640	0.0095083350	0.3330184010
1	0.1599604680	0.5521881001	0.2878514319
0	0.0064551087	0.7124190076	0.2811258837
0	0.5166879910	0.4785576031	0.0047544059
0	0.9847506357	0.0146647529	0.0005846113
1	0.0294642158	0.0000064197	0.9705293646
0	0.2050818861	0.7434108509	0.0515072630
0	0.2072227724	0.1057820565	0.6869951711
0	0.0027520288	0.5141053217	0.4831426495
0	0.0009400367	0.5805595334	0.4185004299
0	0.0629287543	0.9330072797	0.0040639660
0	0.2175038771	0.7773140347	0.0051820882
1	0.5324402896	0.1356338419	0.3319258685
0	0.0172429976	0.8602651535	0.1224918489
0	0.9255227161	0.0584435904	0.0160336935
0	0.0475302091	0.1123435014	0.8401262895
0	0.0002108978	0.2553738995	0.7444152027
1	0.1105342127	0.8819776943	0.0074880931
1	0.0032156013	0.9917521496	0.0050322492
0	0.0074979823	0.9925020011	0.0000000166
0	0.1154519650	0.8705140569	0.0140339781
1	0.4229727201	0.1073937419	0.4696335380
0	0.0529674982	0.9466637524	0.0003687494
0	0.0000000000	0.9745826953	0.0254173047
2	0.0017646531	0.0003955732	0.9978397737
1	0.7406132075	0.2583420883	0.0010447042
0	0.0236930919	0.9763054529	0.0000014552
0	0.9830605793	0.0000000000	0.0169394206
2	0.4530612040	0.5396217360	0.0073170600
1	0.0000457141	0.3920405874	0.6079136985
0	0.1253296450	0.2242627116	0.6504076433
0	0.9596803893	0.0384105571	0.0019090536
0	0.2834346944	0.0000007165	0.7165645891
0	0.7440669725	0.0377924649	0.2181405626
1	0.2475042687	0.7285293015	0.0239664298
0	0.8050115850	0.1949884150	0.0000000000
1	0.9803826012	0.0174652266	0.0021521721
0	0.7260132990	0.0147866118	0.2592000891
1	0.6772702261	0.2806829645	0.0420468094
0	0.0002126661	0.5527483156	0.4470390182
0	0.0675646855	0.1723669587	0.7600683557
0	0.0077647371	0.2636026480	0.7286326149
1	0.0135516963	0.9864420195	0.0000062842
1	0.4862721975	0.0023272323	0.5114005702
0	0.5533784198	0.3588322707	0.0877893096
1	0.0105277922	0.1380629630	0.8514092448
1	0.0003124525	0.9941582551	0.0055292924
1	0.1251230304	0.0594997271	0.8153772425
0	0.2027929732	0.7934682179	0.0037388089
2	0.0161558225	0.1889119222	0.7949322553
1	0.2814258192	0.7185705218	0.0000036590
0	0.0000235573	0.0000019842	0.9999744585
0	0.4142617796	0.2368302660	0.3489079545
0	0.4493144130	0.5494599846	0.0012256024
0	0.7150840285	0.0197785702	0.2651374012
1	0.0901938844	0.3279118050	0.5818943105
0	0.8972185788	0.0454020079	0.0573794132
0	0.5984370119	0.4015629881	0.0000000000
0	0.7170078106	0.2824389683	0.0005532210
0	0.4271247976	0.3611979166	0.2116772858
0	0.0411481834	0.8405051621	0.1183466545
0	0.8985557765	0.1014007335	0.0000434900
0	0.0038976631	0.0452373879	0.9508649490
1	0.0131250729	0.0559652033	0.9309097237
0	0.9524751771	0.0000253257	0.0474994973
0	0.0278763844	0.9721125388	0.0000110768
0	0.6792489153	0.0000000000	0.3207510847
0	0.8636620628	0.0075055452	0.1288323920
0	0.1353583426	0.4949047950	0.3697368624
1	0.6189332092	0.0268900253	0.3541767655
1	0.2810492083	0.7179192741	0.0010315175
0	0.0015296188	0.4450809303	0.5533894509
1	0.8377499021	0.0195675092	0.1426825887
0	0.9973941447	0.0000000019	0.0026058534
1	0.0262233425	0.0007074407	0.9730692168
1	0.1240995279	0.0000001575	0.8759003146
1	0.5067967130	0.1852302513	0.3079730356
0	0.5580311040	0.0000007288	0.4419681671
1	0.0000000001	0.6898460289	0.3101539710
1	0.0000015744	0.7099493496	0.2900490760
1	0.5609164927	0.4390835067	0.0000000006
0	0.0036747518	0.3925600953	0.6037651530
0	0.8961374107	0.0107768296	0.0930857598
1	0.1096413099	0.8012999068	0.0890587833
0	0.3786134961	0.0366489100	0.5847375939
0	0.0000000456	0.8705656364	0.1294343180
0	0.1007953702	0.3555190267	0.5436856031
0	0.1300329072	0.2409776030	0.6289894898
0	0.8590899096	0.0000000001	0.1409100903
0	0.0595948919	0.9404051081	0.0000000000
