2	0.4123875517	0.0384354140	0.5491770344
0	0.0029305505	0.1259660900	0.8711033595
0	0.5756595745	0.2362857655	0.1880546600
1	0.0496206182	0.6544153570	0.2959640248
0	0.8117655171	0.1848856559	0.0033488270
0	0.4524899523	0.5106835997	0.0368264479
0	0.0081823379	0.9912847889	0.0005328732
0	0.6520003760	0.0037158430	0.3442837811
0	0.0006434053	0.9622713696	0.0370852250
0	0.0626438133	0.0000000000	0.9373561867
0	0.3234965505	0.6655084947	0.0109949548
1	0.0084579225	0.6991700879	0.2923719895
0	0.3889709827	0.0000000001	0.6110290172
2	0.0940309078	0.1874507171	0.7185183751
0	0.7904067381	0.1721315344	0.0374617275
0	0.0253912823	0.0004404343	0.9741682834
0	0.8649760153	0.0445690804	0.0904549043
0	0.1126358821	0.1942676656	0.6930964523
1	0.7006736299	0.0650607230	0.2342656472
1	0.8274617104	0.1646434527	0.0078948369
0	0.0000199172	0.0882279850	0.9117520978
1	0.1070529082	0.0932296584	0.7997174334
1	0.4340203133	0.2657616445	0.3002180421
0	0.0452070342	0.2790028611	0.6757901047
0	0.1171665647	0.0892304320	0.7936030034
0	0.1348250514	0.8125798150	0.0525951336
0	0.0001429454	0.4945975619	0.5052594927
1	0.0957061843	0.0000003860	0.9042934297
0	0.1388051083	0.0000004329	0.8611944589
0	0.0091968901	0.1313535259	0.8594495841
0	0.0000025127	0.3626536084	0.6373438789
1	0.9824421299	0.0000000000	0.0175578701
0	0.9985098731	0.0000055613	0.0014845656
0	0.0000000000	0.4168118695	0.5831881305
0	0.0002756009	0.7743641339	0.2253602651
0	0.9977157401	0.0000000000	0.0022842599
0	0.0002701778	0.3306911832	0.6690386391
1	0.7950759359	0.0144649742	0.1904590899
0	0.1051287629	0.8948632958	0.0000079413
0	0.0013433520	0.7467626322	0.2518940157
0	0.4042386210	0.0458146881	0.5499466909
0	0.0000000000	0.0000083694	0.9999916306
0	0.0265723855	0.0000000000	0.9734276145
1	0.9596695823	0.0000000000	0.0403304177
1	0.3153520676	0.6621526615	0.0224952709
1	0.0985667216	0.8205073490	0.0809259294
0	0.0427483300	0.9572516700	0.0000000000
0	0.0413421991	0.9316599824	0.0269978185
0	0.3848074401	0.5073482781	0.1078442818
0	0.9361699969	0.0000000000	0.0638300031
0	0.9475792377	0.0380440805	0.0143766818
0	0.2167374570	0.1224293300	0.6608332130
1	0.9671165883	0.0247240327	0.0081593790
0	0.0659963813	0.2323886079	0.7016150108
1	0.0020548676	0.0831698833	0.9147752490
0	0.9047553501	0.0000000000	0.0952446498
0	0.8822899369	0.0000012094	0.1177088537
0	0.1303904146	0.8583918635	0.0112177218
1	0.8885508438	0.0363983541	0.0750508022
0	0.8894203059	0.0860419707	0.0245377234
0	0.7157125376	0.2733568667	0.0109305957
0	0.0846513484	0.9152853871	0.0000632645
0	0.0000000000	0.9989399112	0.0010600888
1	0.3308110885	0.0004439739	0.6687449376
2	0.0218372556	0.2061758075	0.7719869369
1	0.0000000001	0.0271985052	0.9728014948
0	0.7275034297	0.2714183919	0.0010781784
0	0.0080230711	0.0208896563	0.9710872726
1	0.4473804688	0.5525775142	0.0000420170
2	0.4863124652	0.4728800408	0.0408074940
0	0.0000125663	0.9998085569	0.0001788768
0	0.2396200387	0.7573445108	0.0030354505
0	0.4987225319	0.0485303150	0.4527471532
1	0.0011548979	0.2924887474	0.7063563547
1	0.2327715472	0.2614469007	0.5057815522
0	0.5128095178	0.4439869408	0.0432035413
0	0.2152165134	0.0987051360	0.6860783506
0	0.7340070561	0.2342764883	0.0317164557
1	0.8703923134	0.0987592372	0.0308484494
1	0.9289566175	0.0458396447	0.0252037377
0	0.0023670450	0.4432912713	0.5543416837
0	0.0752092503	0.9247623843	0.0000283654
0	0.0000000827	0.9720927770	0.0279071403
0	0.1483626471	0.8494004342	0.0022369187
0	0.5123950818	0.3067826629	0.1808222553
0	0.0000517432	0.0712599627	0.9286882940
0	0.8486272790	0.0000000000	0.1513727210
0	0.9561557640	0.0000020324	0.0438422036
0	0.0643625332	0.6674497298	0.2681877369
0	0.1567939122	0.0002679993	0.8429380885
0	0.2992870986	0.0000000000	0.7007129014
0	0.2944177072	0.3633410684	0.3422412244
0	0.0000001728	0.9948956867	0.0051041405
0	0.0691299779	0.7634695637	0.1674004584
1	0.9661843703	0.0173900896	0.0164255401
2	0.9753346284	0.0246653692	0.0000000024
0	0.0127542527	0.1838245476	0.8034211997
0	0.9941443621	0.0058503327	0.0000053053
1	0.0144271929	0.6669204549	0.3186523522
1	0.0874774355	0.1472707668	0.7652517978
