0	0.1539052596	0.4921907494	0.3539039909
2	0.5046113811	0.0002837875	0.4951048313
1	0.7150310410	0.2262010361	0.0587679229
1	0.9992831604	0.0000000192	0.0007168204
1	0.2446734395	0.3241541190	0.4311724415
0	0.0327623479	0.2555405465	0.7116971056
0	0.0162223160	0.8063102011	0.1774674830
0	0.6824432347	0.2563181574	0.0612386079
0	0.0506308223	0.9493691777	0.0000000000
0	0.0075607094	0.9633691774	0.0290701132
1	0.2695792352	0.7202814052	0.0101393596
1	0.0247649678	0.3769508737	0.5982841586
0	0.2931884677	0.3737667038	0.3330448285
0	0.8249830460	0.0773892547	0.0976276993
1	0.0163057601	0.0141050300	0.9695892098
1	0.0000000000	0.1879751800	0.8120248200
0	0.1841260777	0.7898297975	0.0260441248
2	0.5983181315	0.3518469087	0.0498349598
0	0.0434788832	0.0007982862	0.9557228306
1	0.2095551901	0.6305500088	0.1598948012
1	0.7551927034	0.2430936967	0.0017135999
0	0.1320795879	0.8409862325	0.0269341795
1	0.7453605597	0.0002953146	0.2543441257
0	0.0259372644	0.1356984690	0.8383642666
0	0.5896572773	0.0306605022	0.3796822205
0	0.1562771904	0.1465336086	0.6971892010
1	0.0053789413	0.1410998766	0.8535211821
0	0.6616737321	0.2421896323	0.0961366357
0	0.0587881407	0.0034257822	0.9377860770
1	0.1076764181	0.3491890344	0.5431345475
0	0.0578522913	0.0001612176	0.9419864911
0	0.1237801149	0.0663632398	0.8098566453
0	0.0875582400	0.0298565476	0.8825852124
1	0.1093135008	0.1524319290	0.7382545702
0	0.0073029595	0.0002434543	0.9924535862
0	0.0394144313	0.4763219840	0.4842635847
1	0.9048075759	0.0000697569	0.0951226672
0	0.8508329643	0.0004668815	0.1487001542
0	0.0065615419	0.0753360392	0.9181024189
1	0.1396498160	0.0500677144	0.8102824697
1	0.0000573480	0.9441073514	0.0558353006
1	0.0607922642	0.5275532872	0.4116544486
0	0.0122957161	0.9554410287	0.0322632553
0	0.0076539453	0.9788712541	0.0134748005
0	0.2036028371	0.7791968140	0.0172003490
0	0.2892802571	0.6790813207	0.0316384222
0	0.6502486622	0.0876870199	0.2620643179
0	0.1917658891	0.7210254124	0.0872086985
1	0.1643718786	0.0089037104	0.8267244110
0	0.2091312579	0.7908528762	0.0000158659
2	0.0215721366	0.9473484760	0.0310793874
0	0.0057769660	0.7547151733	0.2395078607
0	0.0999862157	0.4616630701	0.4383507142
0	0.2987318225	0.2779114104	0.4233567671
0	0.1876374940	0.8119437362	0.0004187698
0	0.0000011639	0.6010538334	0.3989450028
0	0.4222429324	0.3113674200	0.2663896476
0	0.9124774465	0.0781498075	0.0093727461
0	0.1690367803	0.8262509498	0.0047122699
0	0.9995323509	0.0002178072	0.0002498419
1	0.1497710561	0.3558359103	0.4943930336
0	0.6386603347	0.0084281578	0.3529115075
0	0.0000143263	0.9995127403	0.0004729334
1	0.0002608898	0.1791865370	0.8205525732
0	0.1604310776	0.7300820012	0.1094869212
0	0.1007486694	0.5553118146	0.3439395159
1	0.0844365602	0.0029264737	0.9126369661
1	0.0003362434	0.0109252584	0.9887384981
1	0.2294944256	0.2095666650	0.5609389094
1	0.6037798461	0.0895223308	0.3066978231
0	0.3548999969	0.5622419893	0.0828580138
0	0.1349266297	0.8383869265	0.0266864437
0	0.2620510076	0.3517448575	0.3862041350
0	0.0009167383	0.9757949252	0.0232883364
0	0.0375221916	0.0360861225	0.9263916859
1	0.2187726638	0.0107961669	0.7704311693
1	0.1096753036	0.0869926746	0.8033320218
0	0.7069541987	0.1459691491	0.1470766522
0	0.2668861358	0.5769029345	0.1562109297
1	0.1353875781	0.7987239480	0.0658884739
0	0.0401820699	0.9598139430	0.0000039871
1	0.0033267461	0.0026555282	0.9940177257
0	0.3721016298	0.6085888055	0.0193095648
0	0.1729266614	0.6234515643	0.2036217743
0	0.0238451381	0.0188820555	0.9572728064
0	0.2906115473	0.5351391008	0.1742493519
0	0.7106706611	0.2893293352	0.0000000037
1	0.9393132719	0.0167824851	0.0439042430
0	0.1716314444	0.8155612009	0.0128073547
1	0.2352702312	0.3308698584	0.4338599104
1	0.2865111222	0.0002837516	0.7132051262
1	0.0129346710	0.0024583363	0.9846069926
0	0.4635396406	0.0000073423	0.5364530170
1	0.9517327810	0.0001079629	0.0481592561
1	0.0238952131	0.1237626642	0.8523421227
0	0.0215669931	0.0631409034	0.9152921034
0	0.0000000000	0.1511894461	0.8488105539
0	0.9412001632	0.0578243399	0.0009754969
1	0.4131629145	0.3146139082	0.2722231773
1	0.2443509729	0.5243136254	0.2313354017
