1	0.6376291264	0.2194720741	0.1428987995
0	0.4994175146	0.4809046737	0.0196778117
0	0.8168697900	0.0860246893	0.0971055207
0	0.7084955139	0.0240231494	0.2674813367
2	0.0434113432	0.0248643718	0.9317242850
1	0.1255997488	0.2981042579	0.5762959933
0	0.6030861105	0.3766301976	0.0202836920
1	0.1451106047	0.7441519957	0.1107373996
0	0.9483866283	0.0490386571	0.0025747145
0	0.8453127545	0.1498471436	0.0048401020
0	0.0445468351	0.3589828963	0.5964702686
1	0.4045789925	0.0000000000	0.5954210075
1	0.6639141482	0.3215632754	0.0145225764
1	0.9960245990	0.0036996688	0.0002757322
1	0.0000154530	0.0005967464	0.9993878005
2	0.1232452529	0.1141233155	0.7626314316
0	0.2162736115	0.0002822735	0.7834441149
0	0.0001182596	0.4836145289	0.5162672115
0	0.0027093728	0.9704264887	0.0268641385
0	0.1516112177	0.4367076256	0.4116811567
0	0.2123309194	0.4606866751	0.3269824055
0	0.0058667271	0.0031556075	0.9909776654
0	0.0025462358	0.0017683260	0.9956854382
1	0.0694933924	0.0005031718	0.9300034358
0	0.0000030335	0.0023416944	0.9976552721
0	0.1717589821	0.0952458626	0.7329951552
0	0.5947807287	0.0024715267	0.4027477446
1	0.5275984023	0.0072772391	0.4651243586
0	0.0767852109	0.9232098201	0.0000049690
0	0.3921697817	0.1142980624	0.4935321558
1	0.5277407326	0.3071812380	0.1650780294
0	0.0947467738	0.0000116268	0.9052415994
1	0.1350788337	0.0552132661	0.8097079002
1	0.9347178279	0.0033602286	0.0619219435
1	0.9923402409	0.0060242524	0.0016355067
0	0.2517212768	0.7270624838	0.0212162394
0	0.1489280676	0.3143564601	0.5367154723
0	0.1801397291	0.0020253758	0.8178348950
0	0.5456663619	0.1953921500	0.2589414881
0	0.1995483102	0.5904754119	0.2099762779
0	0.1238950464	0.1518833120	0.7242216415
1	0.0253770417	0.0000000358	0.9746229225
1	0.3933643341	0.5777652210	0.0288704449
1	0.0003871855	0.9996121301	0.0000006844
0	0.7771107558	0.0054906448	0.2173985994
1	0.2585436848	0.6923772794	0.0490790358
1	0.0000018308	0.9411070844	0.0588910848
0	0.1455922215	0.8030758271	0.0513319514
0	0.0000433338	0.0206336561	0.9793230101
0	0.2181119213	0.1789055148	0.6029825639
1	0.0429268802	0.8957980431	0.0612750767
0	0.8511136534	0.0002733350	0.1486130116
0	0.0266408881	0.2275210542	0.7458380577
0	0.2568970458	0.7429071886	0.0001957656
0	0.3983740430	0.5465044437	0.0551215133
0	0.5445771947	0.2114379826	0.2439848227
0	0.0004081919	0.0162069727	0.9833848354
1	0.7446122635	0.0016518213	0.2537359152
0	0.3220079303	0.0000054106	0.6779866591
0	0.3644686784	0.6174395865	0.0180917350
1	0.3391323208	0.2503910659	0.4104766133
0	0.2407707109	0.6261424018	0.1330868873
0	0.0014803723	0.1801405075	0.8183791202
0	0.8640222579	0.0453690471	0.0906086950
0	0.9986402419	0.0013597581	0.0000000000
0	0.0000000000	0.0025317133	0.9974682867
1	0.6809375938	0.0254941509	0.2935682553
1	0.4946656002	0.5053343998	0.0000000000
0	0.7510263568	0.2291377640	0.0198358792
0	0.3176006976	0.0449648244	0.6374344779
0	0.0000188921	0.6656189444	0.3343621635
0	0.0000000000	0.3251228511	0.6748771489
1	0.0347142296	0.9037450045	0.0615407659
0	0.2202245299	0.1083979699	0.6713775003
0	0.9725582961	0.0182808828	0.0091608211
1	0.8591787842	0.0042938526	0.1365273632
0	0.0760145673	0.4682534089	0.4557320238
2	0.3794642437	0.6075019775	0.0130337788
0	0.9999409838	0.0000590160	0.0000000002
0	0.9732425483	0.0000080332	0.0267494185
1	0.2459264302	0.2315406551	0.5225329147
0	0.2550063687	0.3049133617	0.4400802696
1	0.7309804471	0.2689175726	0.0001019803
1	0.0000740710	0.9832636424	0.0166622866
0	0.0295607726	0.4468531515	0.5235860760
1	0.3363093106	0.0072746487	0.6564160407
0	0.9555395009	0.0182610573	0.0261994418
0	0.0000366955	0.8679048951	0.1320584095
0	0.1430000305	0.0000000000	0.8569999695
0	0.2252678466	0.3018504435	0.4728817099
0	0.4634394432	0.5310795645	0.0054809924
1	0.0001760674	0.0016338533	0.9981900794
0	0.4888289748	0.0499304643	0.4612405609
1	0.8840241674	0.1159716686	0.0000041640
0	0.9756148216	0.0036175691	0.0207676093
0	0.9999985785	0.0000000001	0.0000014214
0	0.0306365119	0.9656381949	0.0037252932
0	0.2691406719	0.2673808815	0.4634784466
0	0.0311136653	0.6740711840	0.2948151506
1	0.0002247646	0.3463981367	0.6533770987
