0	0.3092503739	0.4367928721	0.2539567540
0	0.3979251795	0.1594499234	0.4426248971
0	0.0000000000	0.2502632596	0.7497367404
1	0.3827254327	0.0650678317	0.5522067355
0	0.5577599885	0.4422400115	0.0000000000
0	0.8049031624	0.0797874493	0.1153093883
1	0.8827577480	0.0000000000	0.1172422519
0	0.4896676270	0.3269146479	0.1834177251
0	0.9147410246	0.0123160873	0.0729428881
0	0.4198168223	0.1146801431	0.4655030346
1	0.0000116306	0.1916140278	0.8083743416
0	0.0000000205	0.0272005574	0.9727994221
0	0.0000073897	0.9689887690	0.0310038413
1	0.0003144641	0.5837921054	0.4158934306
0	0.0170455426	0.9759087969	0.0070456605
0	0.1110664359	0.8085262245	0.0804073396
0	0.9254128995	0.0706567561	0.0039303443
1	0.5354373471	0.4639486387	0.0006140141
0	0.0000626449	0.9999373110	0.0000000441
0	0.8366628945	0.0001547967	0.1631823088
0	0.0000865741	0.2119834819	0.7879299440
0	0.0279502600	0.1414514368	0.8305983032
1	0.9865859360	0.0007509589	0.0126631051
0	0.4203712495	0.2782334606	0.3013952899
1	0.6955660770	0.2179132708	0.0865206522
0	0.0092538350	0.0686433997	0.9221027654
0	0.6335223119	0.1652243040	0.2012533841
0	0.2917894893	0.2980664738	0.4101440369
0	0.8857251237	0.1142738551	0.0000010212
0	0.3099278802	0.4821782010	0.2078939188
1	0.9047868260	0.0044774044	0.0907357696
0	0.2697981544	0.0000471459	0.7301546998
0	0.7605124950	0.2394866894	0.0000008156
0	0.6324086015	0.0186537767	0.3489376218
0	0.8160819977	0.0023634373	0.1815545650
0	0.3241761989	0.6670849682	0.0087388329
0	0.6063527870	0.1994839154	0.1941632976
0	0.0007365120	0.9992634880	0.0000000000
1	0.1206654612	0.1278011007	0.7515334381
1	0.0009750897	0.2249669824	0.7740579279
0	0.8956556454	0.1042712695	0.0000730852
1	0.0455140265	0.5826165379	0.3718694356
1	0.7006209353	0.1732948682	0.1260841965
0	0.1131680847	0.0513146603	0.8355172550
0	0.9164398407	0.0794354391	0.0041247201
0	0.7210829221	0.2788896284	0.0000274495
0	0.0953602885	0.6140188138	0.2906208977
0	0.0422526231	0.9540318036	0.0037155733
0	0.2975971610	0.0040477408	0.6983550982
0	0.1789547950	0.2387228087	0.5823223963
0	0.0000008415	0.9667857299	0.0332134287
0	0.2059449154	0.0022716912	0.7917833934
1	0.3817103066	0.0000663701	0.6182233233
0	0.0146065756	0.0446104617	0.9407829627
0	0.5931698510	0.0701365866	0.3366935624
1	0.5650774308	0.3591740448	0.0757485244
0	0.0463989003	0.2983157442	0.6552853555
0	0.0011178348	0.0210117691	0.9778703961
0	0.6622231874	0.2044790361	0.1332977765
1	0.2937092946	0.4368590620	0.2694316434
0	0.0120678901	0.9865148434	0.0014172665
0	0.0005323712	0.3285561792	0.6709114495
2	0.0626972090	0.2683836068	0.6689191842
0	0.0397354941	0.1166373658	0.8436271402
0	0.3869612276	0.4498595249	0.1631792475
1	0.4070358718	0.2937500888	0.2992140394
1	0.8989760041	0.0000169072	0.1010070887
2	0.1537606180	0.4843253683	0.3619140137
0	0.3735824696	0.0224595447	0.6039579857
1	0.8003513461	0.1687588305	0.0308898234
1	0.0000004487	0.2179022709	0.7820972804
1	0.9849172017	0.0010364666	0.0140463317
0	0.2225923023	0.0166534890	0.7607542086
0	0.7886223539	0.0003880918	0.2109895544
0	0.9290743812	0.0000109865	0.0709146323
1	0.1388959526	0.3100277714	0.5510762761
0	0.0004368068	0.2776564026	0.7219067907
0	0.0100622589	0.9894187429	0.0005189982
0	0.0523768948	0.2808334559	0.6667896493
0	0.8157640070	0.1793044815	0.0049315116
0	0.0008368341	0.1856709426	0.8134922233
0	0.0593945860	0.6884178702	0.2521875438
1	0.4227358460	0.3227540717	0.2545100824
0	0.4657105709	0.1807191375	0.3535702916
0	0.0000000000	0.0603875039	0.9396124961
0	0.0069616335	0.0041446446	0.9888937219
0	0.0024398503	0.1527193140	0.8448408357
1	0.9987478376	0.0012521624	0.0000000000
1	0.0248504541	0.9436594965	0.0314900494
1	0.6872319098	0.3121560053	0.0006120849
1	0.5004805627	0.1618258020	0.3376936354
1	0.7765708365	0.2196584001	0.0037707634
0	0.7794645767	0.0577394211	0.1627960021
0	0.0020299923	0.0628746551	0.9350953527
1	0.0000000001	0.0587003240	0.9412996759
0	0.2494054670	0.6289267211	0.1216678119
0	0.2557984576	0.7441057525	0.0000957899
0	0.4726427913	0.0108038302	0.5165533785
0	0.5728904625	0.4162871065	0.0108224310
0	0.0000000034	0.6662935836	0.3337064130
