1	0.0031363141	0.5976629649	0.3992007210
0	0.1242483023	0.0063401850	0.8694115127
0	0.1458382662	0.7375101824	0.1166515514
0	0.0000000000	0.0000983234	0.9999016766
0	0.0753778099	0.0961408072	0.8284813828
1	0.7785076327	0.2178301612	0.0036622062
0	0.0052739331	0.9462349937	0.0484910732
0	0.5015562533	0.0381017451	0.4603420016
0	0.9779032028	0.0000056810	0.0220911162
1	0.0000305751	0.0968356398	0.9031337851
0	0.9848238532	0.0053729881	0.0098031587
0	0.0372052157	0.0000000000	0.9627947843
1	0.0436186872	0.9540361209	0.0023451919
0	0.0081714053	0.0039809756	0.9878476191
0	0.0653627559	0.8902508741	0.0443863699
0	0.0563277946	0.4511946444	0.4924775609
1	0.0008245249	0.2183466776	0.7808287975
1	0.3027465056	0.4939367284	0.2033167660
0	0.7437039751	0.0691659525	0.1871300724
0	0.1553819225	0.1012607488	0.7433573287
0	0.0331269624	0.1334836801	0.8333893574
0	0.2319802569	0.7605526896	0.0074670535
1	0.0587118467	0.0000000000	0.9412881533
0	0.3548507827	0.5886229736	0.0565262437
1	0.0037057238	0.5965096924	0.3997845838
0	0.0001518973	0.7268225337	0.2730255690
0	0.3713582825	0.4671075384	0.1615341791
0	0.0404059065	0.9405408201	0.0190532734
0	0.1911791629	0.1363278256	0.6724930115
0	0.0001163588	0.3948587294	0.6050249118
2	0.3933359543	0.6066394802	0.0000245656
0	0.9207292000	0.0790284414	0.0002423586
0	0.0000000000	0.0005586818	0.9994413182
0	0.9660770824	0.0137007720	0.0202221456
0	0.0014460304	0.0000040541	0.9985499155
0	0.0000000000	0.9921757197	0.0078242803
0	0.9555605958	0.0003338357	0.0441055685
0	0.1038910804	0.1138702311	0.7822386885
0	0.0002556131	0.9778901660	0.0218542209
1	0.1746234580	0.8253760289	0.0000005131
0	0.8053704246	0.0630902967	0.1315392787
0	0.1309966004	0.6045046527	0.2644987469
2	0.9983300225	0.0016436844	0.0000262931
0	0.1139401878	0.1660154300	0.7200443822
0	0.3098069456	0.1699587165	0.5202343379
0	0.9753541976	0.0143323079	0.0103134945
0	0.9999991787	0.0000008212	0.0000000001
1	0.9999974147	0.0000000011	0.0000025842
0	0.3879313616	0.0021951353	0.6098735031
0	0.0048269276	0.0041352852	0.9910377872
0	0.4661936383	0.4459565267	0.0878498350
0	0.0763038730	0.0005651577	0.9231309693
0	0.2071905487	0.0007527054	0.7920567460
1	0.0000000000	0.4256934175	0.5743065825
0	0.5942130724	0.2055834222	0.2002035055
1	0.0066275515	0.9933724482	0.0000000002
1	0.7133676670	0.0245950924	0.2620372406
0	0.0181932173	0.0001796796	0.9816271031
0	0.5405690217	0.1331614209	0.3262695574
0	0.9548770803	0.0269766700	0.0181462498
0	0.0164462830	0.0608433567	0.9227103604
0	0.8929345651	0.0930160853	0.0140493496
0	0.7115330081	0.0926778946	0.1957890973
0	0.0709391967	0.8494815700	0.0795792333
0	0.5203334439	0.0000662271	0.4796003289
1	0.6869783863	0.1959351799	0.1170864337
0	0.3774131115	0.6218781560	0.0007087326
0	0.0489832504	0.9320588606	0.0189578890
0	0.3875149354	0.0425757618	0.5699093028
1	0.0045896990	0.8300280456	0.1653822555
1	0.0201866528	0.2047651553	0.7750481918
0	0.0172857016	0.0925293942	0.8901849041
0	0.5344073039	0.4655926961	0.0000000000
0	0.1218679154	0.7950470046	0.0830850800
0	0.0000014628	0.6997516486	0.3002468886
1	0.5135751283	0.0170484069	0.4693764648
0	0.5139892909	0.4674723515	0.0185383576
1	0.2576035763	0.3989607957	0.3434356280
0	0.0623812138	0.9109971964	0.0266215898
0	0.4386155059	0.1404706670	0.4209138271
0	0.0910706113	0.4879007063	0.4210286824
1	0.4786994676	0.2516553181	0.2696452143
0	0.6603539941	0.0000000000	0.3396460059
1	0.5216505616	0.3700307977	0.1083186408
0	0.0789334262	0.8825359200	0.0385306538
0	0.0013521933	0.8249884485	0.1736593582
0	0.0654648425	0.9345351572	0.0000000003
1	0.1048093191	0.4437319956	0.4514586853
1	0.0354715463	0.1424196517	0.8221088020
0	0.6967991576	0.0677466173	0.2354542251
0	0.2816803128	0.4561321247	0.2621875625
0	0.9426096337	0.0566218714	0.0007684949
1	0.4082928588	0.5820062660	0.0097008752
0	0.4950117366	0.0433024769	0.4616857865
1	0.3944664081	0.0104786877	0.5950549042
1	0.0224401855	0.9612578561	0.0163019584
0	0.5441130519	0.1172108272	0.3386761209
0	0.4874325058	0.3145055817	0.1980619125
1	0.0150995958	0.9849004042	0.0000000000
0	0.1370999515	0.7709941840	0.0919058646
