1	0.0119101792	0.9880256270	0.0000641938
1	0.6057133253	0.3942866538	0.0000000209
1	0.2330317517	0.7669568223	0.0000114261
0	0.8179071853	0.0000000001	0.1820928146
1	0.6569526175	0.3417605660	0.0012868165
0	0.8644218915	0.0472664690	0.0883116395
0	0.1237994306	0.4842525288	0.3919480406
0	0.5421150428	0.0929797858	0.3649051714
0	0.0038901458	0.4527804580	0.5433293963
0	0.0756564589	0.0000000876	0.9243434535
1	0.0000000003	0.9136217309	0.0863782689
0	0.0066410651	0.3496676249	0.6436913100
0	0.0000008800	0.2558709098	0.7441282102
0	0.0009237608	0.0259805323	0.9730957069
0	0.3037311154	0.2491836126	0.4470852720
0	0.1939814045	0.0100629540	0.7959556415
0	0.5029807326	0.0008840654	0.4961352020
0	0.0809253683	0.8977898800	0.0212847517
1	0.0013948425	0.9539330342	0.0446721233
1	0.0021873013	0.9965767335	0.0012359652
0	0.9965396932	0.0013101782	0.0021501286
0	0.0002113037	0.6503100242	0.3494786722
0	0.7218313541	0.0514145875	0.2267540584
1	0.0000047947	0.9999901469	0.0000050584
1	0.0016657040	0.9983342960	0.0000000000
1	0.0001666050	0.9121035947	0.0877298003
1	0.0600052550	0.9399923641	0.0000023809
1	0.0007533887	0.2950530368	0.7041935744
0	0.5031020044	0.4774489588	0.0194490367
0	0.0146815316	0.9211456227	0.0641728457
0	0.0341169845	0.8544977839	0.1113852316
0	0.0167947152	0.7372220178	0.2459832670
0	0.8844151985	0.0000012533	0.1155835482
0	0.6994148479	0.1953850181	0.1052001340
0	0.0402079239	0.6809205865	0.2788714896
1	0.0594581017	0.9405418952	0.0000000031
0	0.0505679738	0.0271872618	0.9222447644
1	0.0503010825	0.8118660656	0.1378328520
2	0.0002799232	0.9996271750	0.0000929018
1	0.0427262358	0.9570857133	0.0001880509
0	0.2755307286	0.0000000336	0.7244692379
1	0.0000055503	0.9864121664	0.0135822834
0	0.6166306740	0.2056794388	0.1776898872
0	0.5794551470	0.1159141756	0.3046306774
1	0.0114892707	0.6323215130	0.3561892163
0	0.0783942062	0.9170661531	0.0045396406
0	0.0000229190	0.6887353200	0.3112417610
0	0.0030914274	0.9161425903	0.0807659822
0	0.0131541618	0.3874369367	0.5994089015
1	0.0000000000	0.9831373391	0.0168626609
0	0.3805061032	0.3319786505	0.2875152464
0	0.9070935271	0.0686683361	0.0242381368
1	0.0138055784	0.9861928073	0.0000016143
1	0.0000000132	0.9448705297	0.0551294571
0	0.8815473456	0.0152992666	0.1031533878
1	0.0474110726	0.9369352133	0.0156537142
0	0.9652902398	0.0230165372	0.0116932231
0	0.1584353140	0.1675170949	0.6740475910
0	0.1145624464	0.5674686410	0.3179689127
0	0.4888400508	0.1038835327	0.4072764165
0	0.3802444634	0.4474925229	0.1722630137
0	0.0003259792	0.7057066020	0.2939674188
0	0.8738617747	0.0340433408	0.0920948845
0	0.7656940167	0.2315671762	0.0027388071
0	0.0000000034	0.0911017806	0.9088982160
0	0.9061301974	0.0000002515	0.0938695511
1	0.3092827450	0.0000008979	0.6907163571
0	0.2386494267	0.3927438309	0.3686067424
0	0.0111696345	0.0000000001	0.9888303654
0	0.8945236650	0.0000850393	0.1053912958
0	0.7861448298	0.0851161924	0.1287389778
0	0.0821810341	0.9133517800	0.0044671859
0	0.0003693671	0.9996196640	0.0000109689
0	0.0990318042	0.7519576227	0.1490105731
1	0.1842597017	0.3794111293	0.4363291690
0	0.9992734201	0.0006741198	0.0000524601
0	0.0208948963	0.0000000706	0.9791050331
0	0.5490388804	0.1862615932	0.2646995264
1	0.3898463234	0.4676936023	0.1424600743
1	0.1966959620	0.8027611604	0.0005428776
0	0.4765038778	0.0039929372	0.5195031850
0	0.0984278921	0.9005601142	0.0010119937
1	0.0029162084	0.9886231411	0.0084606506
0	0.1583892076	0.0389576991	0.8026530933
0	0.0000000000	0.0000002189	0.9999997811
0	0.0906725438	0.6294730485	0.2798544077
0	0.6206335209	0.1215456258	0.2578208534
1	0.0000001381	0.7908920245	0.2091078374
0	0.0523180541	0.6722320541	0.2754498918
1	0.0000059941	0.9999919760	0.0000020300
0	0.0000000047	0.9999999037	0.0000000917
0	0.8949541983	0.0021486484	0.1028971534
0	0.0000000333	0.7794955041	0.2205044626
1	0.1141894347	0.5548866999	0.3309238654
0	0.9300432942	0.0546488540	0.0153078518
0	0.1165305198	0.8593829402	0.0240865399
0	0.0158023411	0.0239736472	0.9602240117
0	0.0000496549	0.9957628054	0.0041875397
0	0.0430250759	0.9336139099	0.0233610142
0	0.2811480455	0.3271215331	0.3917304214
