1	0.2191372931	0.0007992607	0.7800634462
0	0.0713802718	0.6863047777	0.2423149505
0	0.2362534392	0.0026218646	0.7611246963
0	0.0690910013	0.4619438236	0.4689651751
1	0.0523197255	0.9381583139	0.0095219606
0	0.0000000000	0.7576697554	0.2423302446
0	0.1667497982	0.2903901661	0.5428600358
0	0.0244241684	0.0938309576	0.8817448740
0	0.9326085839	0.0121167968	0.0552746192
0	0.9028323878	0.0006599728	0.0965076395
0	0.4027879823	0.5401520310	0.0570599867
0	0.3686130785	0.0007887015	0.6305982200
0	0.4458005104	0.4422410232	0.1119584664
0	0.0099223711	0.9107297420	0.0793478869
0	0.4354462842	0.2942525693	0.2703011465
0	0.8987323368	0.1011988325	0.0000688307
0	0.6686201254	0.0036204115	0.3277594631
1	0.0061936110	0.7887680301	0.2050383589
1	0.0000000000	0.9999999986	0.0000000014
1	0.0410954562	0.0871791321	0.8717254117
2	0.0000000000	0.9972756792	0.0027243208
0	0.0150974611	0.0000053584	0.9848971805
0	0.0073642877	0.0000000000	0.9926357123
0	0.5841976379	0.0000000000	0.4158023621
1	0.0000004378	0.9999995622	0.0000000000
1	0.0000000118	0.7784147180	0.2215852702
1	0.4389305072	0.1723339091	0.3887355837
1	0.0314420145	0.9408588467	0.0276991389
0	0.6112216326	0.3883190904	0.0004592770
0	0.0162527030	0.6916405929	0.2921067041
0	0.0856487399	0.9090067039	0.0053445562
1	0.0647885756	0.9347754676	0.0004359568
0	0.4902026158	0.0068554212	0.5029419630
0	0.1288839987	0.7909588014	0.0801571998
1	0.1486604648	0.5282012243	0.3231383109
0	0.0927491883	0.2686883487	0.6385624630
1	0.0011434271	0.3573051913	0.6415513816
1	0.0006107559	0.9793356419	0.0200536022
0	0.5428519973	0.1199009993	0.3372470034
0	0.0493533497	0.9506464018	0.0000002485
1	0.0000019300	0.9926345974	0.0073634726
1	0.0469188737	0.9530774610	0.0000036653
1	0.0127798997	0.9562611396	0.0309589607
0	0.9423439643	0.0184686601	0.0391873756
0	0.0025624791	0.6380921228	0.3593453981
0	0.1616279845	0.2474989444	0.5908730710
0	0.1338873930	0.0000313930	0.8660812140
1	0.0000691368	0.9950337103	0.0048971528
0	0.0772372689	0.1953485318	0.7274141992
0	0.4080182763	0.5824827069	0.0094990168
1	0.0004559314	0.9993109610	0.0002331076
1	0.8171278284	0.1714706564	0.0114015152
0	0.0000185059	0.3304935138	0.6694879802
2	0.0001137189	0.9998682739	0.0000180073
0	0.9005315247	0.0000016076	0.0994668677
0	0.0125634465	0.4801084083	0.5073281451
0	0.0268395703	0.0000287838	0.9731316459
1	0.0000000000	0.9999999993	0.0000000007
1	0.0005113777	0.8888566327	0.1106319896
0	0.0283991436	0.0090375339	0.9625633225
1	0.0000000000	0.9985362947	0.0014637053
0	0.0318065702	0.2534619106	0.7147315192
1	0.0007979420	0.9981910965	0.0010109615
0	0.0952225964	0.0871408273	0.8176365763
0	0.0680009489	0.2294306371	0.7025684139
1	0.3867112777	0.5569266278	0.0563620945
1	0.0248257274	0.9751742726	0.0000000000
1	0.0729568989	0.9073360336	0.0197070675
1	0.2419557313	0.7580442687	0.0000000000
1	0.0005289780	0.2037818481	0.7956891739
0	0.0027843964	0.7584491174	0.2387664862
1	0.0005264199	0.9994735703	0.0000000099
0	0.5131373201	0.4597849182	0.0270777618
1	0.0000052697	0.9999947123	0.0000000180
0	0.3103357869	0.6663330588	0.0233311543
0	0.0283244803	0.1423675149	0.8293080048
0	0.6329655682	0.0606665711	0.3063678607
0	0.2869094567	0.0752299096	0.6378606337
1	0.0000000000	1.0000000000	0.0000000000
0	0.2480691761	0.3698433681	0.3820874558
1	0.0106510892	0.9877327532	0.0016161575
0	0.0355528361	0.1803285078	0.7841186561
0	0.7076031125	0.0000811197	0.2923157678
0	0.0000000000	0.1250437992	0.8749562008
1	0.0233025920	0.8771775044	0.0995199036
0	0.1528885685	0.8258569142	0.0212545173
0	0.0112815118	0.8182131141	0.1705053741
0	0.7262591445	0.0090621437	0.2646787118
0	0.1880080809	0.0000005109	0.8119914082
1	0.0000000000	0.9906238269	0.0093761731
0	0.0569303260	0.9430571931	0.0000124808
0	0.8458155914	0.0148044159	0.1393799927
0	0.9951052833	0.0005827316	0.0043119851
0	0.1498137548	0.8167760421	0.0334102030
0	0.8615977374	0.0038023675	0.1345998951
0	0.0790417652	0.0011147694	0.9198434654
2	0.0017908972	0.9982091028	0.0000000000
0	0.4712317517	0.3320906707	0.1966775776
1	0.3791983347	0.6204844658	0.0003171995
0	0.7985161249	0.0316434824	0.1698403926
