0	0.6998257971	0.2786753740	0.0214988289
0	0.1804119586	0.0061802518	0.8134077896
1	0.0648842161	0.9308843777	0.0042314062
0	0.6414113496	0.3585886504	0.0000000000
1	0.0072966439	0.9917119135	0.0009914427
0	0.7019884051	0.0000000168	0.2980115781
0	0.0000157215	0.9993566045	0.0006276740
0	0.0024756744	0.6973343790	0.3001899466
1	0.0000000004	0.9999967104	0.0000032892
0	0.3030211622	0.2648502508	0.4321285870
0	0.9252112616	0.0396142536	0.0351744848
0	0.1676436633	0.3696138741	0.4627424627
1	0.0118578262	0.7297306424	0.2584115314
1	0.8923843089	0.0170621230	0.0905535681
1	0.0030564023	0.9964802717	0.0004633260
0	0.0992167336	0.0452840290	0.8554992374
1	0.0043199601	0.8128009299	0.1828791100
0	0.0023677874	0.2611395699	0.7364926427
1	0.0000000000	0.3178687699	0.6821312301
1	0.0000000001	0.0028660113	0.9971339885
0	0.5141603066	0.3885780872	0.0972616063
0	0.0325640262	0.2771892424	0.6902467314
1	0.0000000000	0.9802242156	0.0197757844
0	0.5178031841	0.0319862713	0.4502105446
0	0.3124321728	0.0000000032	0.6875678240
1	0.0000520545	0.9998392690	0.0001086765
0	0.8940673847	0.0536339459	0.0522986694
0	0.0018716501	0.0161207755	0.9820075744
1	0.0225141461	0.9774748835	0.0000109704
0	0.0000003585	0.9284512173	0.0715484242
0	0.8624635631	0.1258238614	0.0117125754
0	0.0005246582	0.0006290775	0.9988462643
1	0.0000000000	0.8776427524	0.1223572476
0	0.6995077613	0.0000064040	0.3004858348
0	0.0000805228	0.6462913961	0.3536280811
0	0.1853123642	0.5436547708	0.2710328650
0	0.0941547949	0.6847643213	0.2210808837
0	0.0038159089	0.1222778129	0.8739062782
0	0.0378992227	0.1891236395	0.7729771379
1	0.0095110972	0.9904889028	0.0000000000
0	0.0694744937	0.9191870051	0.0113385012
1	0.3792473626	0.0352075354	0.5855451020
1	0.1001868565	0.0115631166	0.8882500269
1	0.0000666719	0.7162605258	0.2836728023
0	0.2335545818	0.3550579965	0.4113874218
1	0.0039223305	0.9933036555	0.0027740140
0	0.2243204985	0.0771524739	0.6985270276
0	0.3717246051	0.0000000226	0.6282753722
0	0.1904158505	0.0333770647	0.7762070848
1	0.1745942035	0.7894413679	0.0359644286
0	0.2515829038	0.7398708949	0.0085462013
0	0.0170764313	0.0000309005	0.9828926682
0	0.0012771299	0.0655222074	0.9332006627
0	0.3713775627	0.2424324238	0.3861900135
0	0.9998769171	0.0001230829	0.0000000000
0	0.2310257393	0.1167978701	0.6521763906
0	0.0288583541	0.3101920385	0.6609496074
0	0.9470856268	0.0020236294	0.0508907438
1	0.5691010216	0.4308778431	0.0000211354
0	0.8791561114	0.0847279963	0.0361158923
0	0.6692641457	0.3307358543	0.0000000000
1	0.0003085307	0.1736081397	0.8260833296
0	0.0001991823	0.7802001807	0.2196006370
0	0.0384867657	0.1558624294	0.8056508050
1	0.0000000273	0.9488219128	0.0511780599
1	0.8364913415	0.1634863321	0.0000223263
0	0.2747425373	0.3383027212	0.3869547415
0	0.3658604415	0.0000000003	0.6341395582
1	0.0002462468	0.9995779635	0.0001757898
0	0.9354553765	0.0040240744	0.0605205491
1	0.0000000383	0.9998257188	0.0001742429
0	0.0027403163	0.0000000000	0.9972596837
0	0.4418979036	0.5087048433	0.0493972531
1	0.0027071571	0.9081973692	0.0890954737
2	0.0000000000	0.9999999634	0.0000000366
0	0.9327036847	0.0672960422	0.0000002731
0	0.6290294139	0.2379966575	0.1329739286
1	0.0995871878	0.9004124447	0.0000003675
0	0.8258478272	0.0046440269	0.1695081458
0	0.6601113129	0.0015497813	0.3383389057
0	0.4602332503	0.3847510848	0.1550156650
0	0.2948972491	0.6295073950	0.0755953559
0	0.7012638666	0.2987245918	0.0000115415
0	0.3579362656	0.0002598170	0.6418039174
1	0.0000005675	0.9998549380	0.0001444945
0	0.0016786678	0.7558086864	0.2425126458
0	0.7009003928	0.1451316739	0.1539679332
0	0.2087535562	0.6867934970	0.1044529468
0	0.2260689242	0.7739309234	0.0000001525
1	0.0274725874	0.8969567872	0.0755706254
0	0.0224253944	0.6585274547	0.3190471508
0	0.0131706502	0.0042739282	0.9825554217
0	0.0002404729	0.0804216003	0.9193379269
0	0.0420705205	0.0189146006	0.9390148789
2	0.0000000000	1.0000000000	0.0000000000
1	0.0000255212	0.5139580392	0.4860164395
1	0.0000179726	0.9928487935	0.0071332340
0	0.0013105072	0.0188096931	0.9798797998
0	0.0000000000	0.0856436740	0.9143563260
1	0.0000217896	0.9999782104	0.0000000000
