0	0.2036255740	0.7957337675	0.0006406585
0	0.9532330516	0.0467669479	0.0000000005
0	0.3247339090	0.0253439667	0.6499221243
0	0.2084978561	0.7908307350	0.0006714088
2	0.0000202809	0.9983820962	0.0015976230
1	0.0213999618	0.8034721906	0.1751278476
0	0.2292819117	0.0678200013	0.7028980870
0	0.7229828309	0.2209997031	0.0560174659
0	0.0002387768	0.9997612232	0.0000000000
0	0.0008588013	0.6527889735	0.3463522252
2	0.0000003094	0.9595470100	0.0404526806
1	0.0000000000	0.8712396820	0.1287603180
0	0.1222992638	0.8074709702	0.0702297660
1	0.0005291409	0.2149710756	0.7844997835
0	0.1127559565	0.8687278501	0.0185161934
1	0.0000000000	0.2114816865	0.7885183135
0	0.6467525035	0.0487143955	0.3045331010
0	0.9865730738	0.0023688800	0.0110580463
0	0.9752049152	0.0000000000	0.0247950848
0	0.3907067441	0.3873621160	0.2219311399
0	0.8935115470	0.1064884530	0.0000000000
0	0.0399042031	0.2140259336	0.7460698633
0	0.0000000000	0.6293578385	0.3706421615
1	0.0135617100	0.3640964751	0.6223418150
0	0.4130690456	0.2507379028	0.3361930515
1	0.0038705460	0.9940238165	0.0021056375
0	0.1923954675	0.2878921769	0.5197123556
0	0.3433247992	0.6566588097	0.0000163911
1	0.6888378905	0.1192565062	0.1919056033
0	0.0146754023	0.8122159966	0.1731086011
1	0.0000000000	0.9999850146	0.0000149854
0	0.0915065439	0.5105400079	0.3979534482
0	0.5726279885	0.0034922606	0.4238797509
1	0.0000000000	0.8972697999	0.1027302001
0	0.8784963779	0.1183626010	0.0031410211
1	0.0000000000	0.9359388387	0.0640611612
1	0.0000000011	0.7932474423	0.2067525566
0	0.9235821516	0.0752435463	0.0011743021
2	0.0000000000	1.0000000000	0.0000000000
0	0.7587761277	0.2065473503	0.0346765220
0	0.2356378117	0.6283266342	0.1360355541
1	0.0000002844	0.0589079969	0.9410917187
0	0.5093540196	0.3623322785	0.1283137019
0	0.4610615536	0.1241270431	0.4148114033
0	0.5570520194	0.4415557036	0.0013922769
0	0.0148477432	0.5645582213	0.4205940355
1	0.0154321131	0.9842036172	0.0003642698
0	0.7306997923	0.0604395571	0.2088606506
0	0.7863168083	0.2136803213	0.0000028704
0	0.0239513196	0.6580114354	0.3180372450
1	0.0001224719	0.9998775276	0.0000000005
1	0.0000000003	0.9983406578	0.0016593419
0	0.3658030605	0.0076508098	0.6265461297
0	0.0496862475	0.2201622694	0.7301514830
0	0.9766143506	0.0000000034	0.0233856461
1	0.0000000000	0.9981267353	0.0018732646
0	0.2825432824	0.4881732292	0.2292834884
0	0.0379967128	0.0530187900	0.9089844972
0	0.3970195100	0.2741223929	0.3288580971
0	0.0024543832	0.7879060254	0.2096395915
0	0.4338202239	0.4503702175	0.1158095585
1	0.0000171258	0.6582465184	0.3417363558
0	0.3494238793	0.1054248449	0.5451512758
2	0.0000000406	0.9559499449	0.0440500144
0	0.4089662939	0.2930368787	0.2979968274
1	0.0012594195	0.9987405805	0.0000000000
1	0.0075823296	0.9924061612	0.0000115092
1	0.0000000000	0.9896211413	0.0103788587
0	0.2341552254	0.0207141719	0.7451306026
1	0.1863356946	0.8132767524	0.0003875530
1	0.0835090366	0.9158698275	0.0006211358
0	0.0075817438	0.1186185897	0.8737996664
0	0.0000000000	0.0427410142	0.9572589858
0	0.0835973229	0.9155143621	0.0008883150
0	0.8670923753	0.0701155665	0.0627920582
0	0.0195234137	0.1189359623	0.8615406240
1	0.1632076189	0.8309776636	0.0058147175
0	0.4882553684	0.3009629361	0.2107816954
0	0.6895359978	0.0042930968	0.3061709054
0	0.4957862963	0.0566483919	0.4475653117
0	0.6526461244	0.0475028875	0.2998509881
0	0.0612844714	0.3818972493	0.5568182793
0	0.3756843285	0.1136892523	0.5106264192
1	0.0000000000	0.9999999986	0.0000000014
1	0.0000000000	0.5006676917	0.4993323083
0	0.0522777368	0.0001554661	0.9475667971
0	0.9053452140	0.0927492170	0.0019055690
0	0.0193646049	0.6659460389	0.3146893562
0	0.0032447656	0.9853529497	0.0114022847
0	0.9639601348	0.0076019146	0.0284379506
1	0.0004905613	0.9093763218	0.0901331169
1	0.0296955438	0.9527545267	0.0175499294
1	0.0000000000	0.9999999999	0.0000000001
0	0.0323102713	0.8988880332	0.0688016955
0	0.5260971313	0.0052851940	0.4686176747
1	0.0101897681	0.9332564094	0.0565538226
0	0.7588212171	0.0242926108	0.2168861721
1	0.0317468547	0.9409738397	0.0272793056
0	0.9060510904	0.0000000011	0.0939489085
1	0.0001366869	0.6679601886	0.3319031245
