0	0.0913389550	0.4539251364	0.4547359086
1	0.0041784802	0.9958073045	0.0000142153
0	0.0009811905	0.7861001138	0.2129186957
1	0.0286077002	0.9234315189	0.0479607809
1	0.0000015285	0.9063816857	0.0936167858
1	0.0000000000	0.9866725355	0.0133274645
0	0.3845469223	0.0131124286	0.6023406491
0	0.3456765606	0.1385856752	0.5157377643
1	0.3460186422	0.4990986176	0.1548827402
0	0.1492858463	0.8334136240	0.0173005296
0	0.7479163464	0.2520835846	0.0000000689
0	0.0406036546	0.3057705010	0.6536258444
0	0.9855189138	0.0128155399	0.0016655463
0	0.1491966729	0.0000002546	0.8508030725
1	0.0836665898	0.9163334102	0.0000000000
0	0.0886991189	0.7339420219	0.1773588592
0	0.1658739117	0.1805064757	0.6536196126
2	0.0000000000	1.0000000000	0.0000000000
1	0.0018295500	0.9423217846	0.0558486654
1	0.0206211525	0.4444142314	0.5349646161
1	0.0000000000	0.6703368234	0.3296631766
0	0.9833061986	0.0159866608	0.0007071406
1	0.0000325511	0.6866029480	0.3133645009
1	0.0000407150	0.9999548386	0.0000044463
0	0.0380805064	0.4830721166	0.4788473770
0	0.2287976561	0.1366521552	0.6345501887
0	0.2204485748	0.0207848290	0.7587665962
1	0.1556772179	0.8443227424	0.0000000397
1	0.0000000577	0.9999999423	0.0000000000
0	0.0000004274	0.0270708558	0.9729287168
1	0.0245534679	0.8547462480	0.1207002842
0	0.1445411880	0.3139491711	0.5415096410
0	0.5376580781	0.0520435445	0.4102983774
0	0.6071120378	0.2934791771	0.0994087851
1	0.0251986421	0.8576019719	0.1171993860
1	0.0026909772	0.9968035387	0.0005054840
1	0.0000000002	0.0709503483	0.9290496515
0	0.0164805835	0.9768555738	0.0066638427
0	0.7265799460	0.0543076892	0.2191123648
0	0.4944516767	0.2171646311	0.2883836922
0	0.0043518718	0.1164641209	0.8791840073
0	0.9433093057	0.0024250454	0.0542656489
1	0.0000000000	0.9162525003	0.0837474997
0	0.7545786937	0.0172239671	0.2281973392
0	0.3881135417	0.0351581839	0.5767282744
1	0.0519609979	0.9453692024	0.0026697997
1	0.0001916062	0.8659033850	0.1339050088
1	0.3386035044	0.6481934659	0.0132030298
0	0.0407928064	0.5563213304	0.4028858632
0	0.1039329763	0.2250778232	0.6709892005
0	0.0011911267	0.0067199059	0.9920889674
1	0.0409062093	0.9589329496	0.0001608411
1	0.0007282349	0.9952745142	0.0039972508
1	0.0004183935	0.9995816062	0.0000000003
0	0.3942551898	0.2377619384	0.3679828718
1	0.4865585267	0.4378209217	0.0756205516
0	0.4422923970	0.0006496060	0.5570579970
1	0.0841654245	0.5933492161	0.3224853595
1	0.0000000000	0.9942776061	0.0057223939
0	0.6414099915	0.3585812072	0.0000088013
0	0.0178589764	0.6841626503	0.2979783733
2	0.0000000000	0.9949933009	0.0050066991
0	0.5655542103	0.0451025124	0.3893432773
0	0.1020650951	0.6943855231	0.2035493818
0	0.6998987969	0.2509488771	0.0491523260
1	0.0042556266	0.9957443728	0.0000000006
2	0.0059814107	0.9940110251	0.0000075642
1	0.1598588407	0.7629404698	0.0772006895
0	0.8844532048	0.0337051324	0.0818416627
1	0.0009668195	0.9926968246	0.0063363559
0	0.1436696316	0.4480867297	0.4082436387
1	0.0000013695	0.9826102708	0.0173883597
1	0.0271799237	0.9725663981	0.0002536781
1	0.0000000000	0.9998543209	0.0001456791
0	0.4449780085	0.2850861237	0.2699358679
0	0.4150848865	0.0888065029	0.4961086106
1	0.0006351348	0.9943451482	0.0050197171
0	0.9452108735	0.0000000000	0.0547891265
0	0.0000000020	0.5536670939	0.4463329041
1	0.9128917278	0.0738989738	0.0132092985
0	0.3964129173	0.2547018292	0.3488852534
0	0.0862617708	0.0158076213	0.8979306079
0	0.0000000000	0.9370587438	0.0629412562
1	0.7039424168	0.2822346442	0.0138229389
0	0.7523683194	0.0001616876	0.2474699930
0	0.0175303253	0.9558687577	0.0266009170
0	0.9999795561	0.0000006778	0.0000197661
0	0.6644076354	0.0365450600	0.2990473045
1	0.3345131894	0.5974395105	0.0680473001
0	0.0007305115	0.5849921237	0.4142773647
0	0.0638203062	0.9333183620	0.0028613318
0	0.0037320650	0.2191080626	0.7771598724
1	0.0281239956	0.8213253468	0.1505506577
0	0.0172817929	0.1466502969	0.8360679102
0	0.4662478728	0.5334447524	0.0003073748
0	0.0051992523	0.9133854887	0.0814152590
0	0.2464400619	0.7498541106	0.0037058275
0	0.5510337546	0.1668030593	0.2821631861
0	0.9714670671	0.0285328970	0.0000000359
0	0.0011024103	0.9988974242	0.0000001655
