0	0.6972956631	0.3013290961	0.0013752408
0	0.9486562587	0.0001143436	0.0512293977
0	0.3036395968	0.2978767770	0.3984836261
2	0.0000000000	0.9999999572	0.0000000428
0	0.4459235717	0.5540568782	0.0000195500
0	0.1586971876	0.0033168295	0.8379859829
0	0.0513858776	0.2624716672	0.6861424552
1	0.2258996374	0.7568158601	0.0172845026
0	0.0629345944	0.4313990982	0.5056663074
1	0.0079478700	0.2428574487	0.7491946813
1	0.3078484302	0.1098313625	0.5823202073
0	0.8817687468	0.1182312532	0.0000000000
0	0.7970906035	0.2029093965	0.0000000000
0	0.0108197641	0.1290814346	0.8600988013
1	0.0011121020	0.9228593741	0.0760285239
1	0.0000037004	0.7953518429	0.2046444567
1	0.0166350747	0.8185728895	0.1647920358
0	0.1575495259	0.0010307706	0.8414197035
0	0.9868022834	0.0067731565	0.0064245600
1	0.0000000000	0.9999637972	0.0000362028
1	0.0016756204	0.6031285651	0.3951958145
0	0.8229139242	0.0000018518	0.1770842239
0	0.8726606592	0.0082836217	0.1190557191
0	0.5175190144	0.3533450567	0.1291359289
0	0.0064110043	0.2531420615	0.7404469342
0	0.7569713916	0.2390245441	0.0040040642
0	0.8844602320	0.0000560560	0.1154837120
0	0.0156585514	0.9843396907	0.0000017580
1	0.0028462631	0.9969259766	0.0002277602
0	0.0136710843	0.0996432821	0.8866856336
0	0.0070100899	0.9250452184	0.0679446916
0	0.0000000000	0.2442576623	0.7557423377
1	0.1328868592	0.8121006770	0.0550124639
0	0.2224885663	0.1314734588	0.6460379749
1	0.0001140770	0.9997959235	0.0000899994
1	0.0096507677	0.5736422721	0.4167069602
1	0.0000003898	0.4630651992	0.5369344110
1	0.0574105294	0.9425894706	0.0000000000
0	0.3317304302	0.2529925466	0.4152770232
0	0.0269262199	0.9216322422	0.0514415379
0	0.0633458371	0.8952649571	0.0413892058
0	0.0028564136	0.6929479968	0.3041955896
0	0.0727886563	0.0623152538	0.8648960899
1	0.0835199901	0.9090931707	0.0073868392
0	0.2651331768	0.2540098656	0.4808569576
0	0.1078569092	0.2555144098	0.6366286809
0	0.9837393045	0.0013962221	0.0148644735
1	0.0000000000	0.8556892196	0.1443107804
1	0.0523221332	0.9476778667	0.0000000001
0	0.4017844338	0.1589779148	0.4392376514
0	0.0682821209	0.0000013084	0.9317165707
0	0.9763951582	0.0087194439	0.0148853979
0	0.2775386703	0.3111303773	0.4113309524
0	0.0354654391	0.9627559346	0.0017786262
1	0.0000000000	0.9957726381	0.0042273619
0	0.8082262309	0.1861121669	0.0056616022
0	0.1050782882	0.0010188543	0.8939028575
0	0.9467852969	0.0131138382	0.0401008649
0	0.0286880000	0.9709252281	0.0003867718
0	0.2444666100	0.7541991297	0.0013342603
0	0.0380361132	0.2601199940	0.7018438928
0	0.2161095846	0.0000011602	0.7838892552
0	0.0002996648	0.8857994375	0.1139008977
0	0.6348440115	0.3622010061	0.0029549824
1	0.0466715342	0.9330005922	0.0203278737
1	0.0178605545	0.9111476832	0.0709917623
0	0.1558552156	0.1159931247	0.7281516597
2	0.0000000000	0.9972399848	0.0027600152
0	0.1409931975	0.8344726488	0.0245341537
0	0.0483171928	0.9515751900	0.0001076172
1	0.0000011013	0.4895104933	0.5104884054
0	0.6671532113	0.3282371318	0.0046096569
0	0.0850721480	0.0039628897	0.9109649624
0	0.2334186911	0.1369179414	0.6296633675
0	0.0112295397	0.0012757581	0.9874947022
1	0.0000000015	0.9390432908	0.0609567077
1	0.0000028447	0.9999719987	0.0000251566
0	0.1030288272	0.8914249578	0.0055462150
1	0.0000000000	0.9916406204	0.0083593796
2	0.0002451293	0.9997245887	0.0000302820
0	0.3324301667	0.0000021617	0.6675676716
1	0.0000043743	0.0192255412	0.9807700845
0	0.0808068819	0.1078782746	0.8113148435
0	0.9659375331	0.0183181454	0.0157443216
1	0.0000000000	0.9998886026	0.0001113974
1	0.0000000000	0.0543099992	0.9456900008
0	0.0000383123	0.7790545129	0.2209071748
1	0.0000000000	0.9840605777	0.0159394223
1	0.0213257195	0.7434013497	0.2352729308
0	0.2392920493	0.7531421581	0.0075657927
0	0.9298777922	0.0081275647	0.0619946432
0	0.0867475342	0.4203004875	0.4929519783
0	0.3746705507	0.3736413035	0.2516881458
0	0.1259218577	0.8335301512	0.0405479911
0	0.0642765284	0.0198645468	0.9158589248
0	0.4693969402	0.2913157965	0.2392872633
1	0.0293941416	0.9706048787	0.0000009797
1	0.0000000000	1.0000000000	0.0000000000
0	0.7642418083	0.0020940671	0.2336641246
0	0.0000019073	0.5450560868	0.4549420058
