1	0.0220516077	0.0452316929	0.9327166994
0	0.0068177315	0.0001143026	0.9930679659
0	0.4792523285	0.4284862875	0.0922613840
0	0.0000249551	0.0019169429	0.9980581021
0	0.0018895360	0.0001633507	0.9979471133
1	0.6375667599	0.0219424062	0.3404908339
1	0.1990828357	0.0350023649	0.7659147993
1	0.1733182684	0.7913414073	0.0353403243
0	0.1002821964	0.0670466319	0.8326711717
0	0.3213691668	0.1720361919	0.5065946414
1	0.0197884011	0.0018219949	0.9783896040
0	0.9987868012	0.0000005773	0.0012126215
1	0.0702410286	0.0000736139	0.9296853575
1	0.0000154985	0.0000000000	0.9999845015
0	0.0010597279	0.8490163970	0.1499238752
0	0.4191317737	0.0350148269	0.5458533994
1	0.0237415614	0.7431277843	0.2331306542
0	0.2861696293	0.0262345971	0.6875957736
0	0.3757557597	0.0022680977	0.6219761426
0	0.0000000000	0.4587785849	0.5412214151
0	0.9536372907	0.0043154600	0.0420472493
2	0.9926791933	0.0000000000	0.0073208067
0	0.9918061522	0.0053124843	0.0028813634
1	0.0000000005	0.8350765433	0.1649234561
0	0.0004982136	0.0005045316	0.9989972549
0	0.0291227118	0.0001528710	0.9707244172
0	0.3920229612	0.0006249745	0.6073520643
0	0.6950835891	0.0001452420	0.3047711689
0	0.0635461627	0.0156581580	0.9207956793
0	0.3751243786	0.4846761339	0.1401994875
0	0.6786830069	0.0000039646	0.3213130285
1	0.5304203987	0.0049901440	0.4645894574
0	0.4414124285	0.0385036403	0.5200839313
0	0.0795578607	0.1102088909	0.8102332484
0	0.1793938459	0.1623685509	0.6582376031
0	0.0091700594	0.0792962943	0.9115336463
0	0.0006426292	0.1016285668	0.8977288040
0	0.1815574897	0.0005266151	0.8179158952
0	0.0000001487	0.0842690330	0.9157308183
1	0.0020019536	0.0365472803	0.9614507660
0	0.7764958860	0.0011196503	0.2223844638
0	0.1858442530	0.0295590963	0.7845966507
0	0.0842691566	0.0089363620	0.9067944814
1	0.2978040745	0.0255216267	0.6766742988
0	0.0961827435	0.2839854624	0.6198317941
0	0.3333600932	0.0504109456	0.6162289612
1	0.1158760683	0.0011230611	0.8830008706
1	0.0000000080	0.0012471751	0.9987528169
0	0.8728475435	0.1269331281	0.0002193284
0	0.0000000001	0.0000000000	0.9999999999
0	0.0003469286	0.9996530714	0.0000000000
0	0.0000644843	0.0035066703	0.9964288454
0	0.8885430862	0.0405835090	0.0708734048
1	0.0248085832	0.0257895677	0.9494018490
1	0.7250669495	0.1772740318	0.0976590187
0	0.1738725193	0.1542124718	0.6719150089
1	0.0010607249	0.1462662401	0.8526730350
1	0.0030155217	0.0021413862	0.9948430921
0	0.0057173352	0.0194294889	0.9748531758
0	0.6027571751	0.1576276062	0.2396152188
1	0.0061868575	0.0125533739	0.9812597686
0	0.0804162785	0.0409325227	0.8786511988
0	0.3091923610	0.0122130045	0.6785946345
0	0.0253053853	0.0021917126	0.9725029021
0	0.1443198973	0.7253233999	0.1303567027
0	0.0000000000	0.0507282582	0.9492717418
0	0.5369148406	0.0056053733	0.4574797861
0	0.1960993499	0.0168334959	0.7870671542
0	0.0001246224	0.9121635940	0.0877117836
1	0.0000000000	0.0013800256	0.9986199744
0	0.0049031968	0.5762264759	0.4188703273
0	0.0153333789	0.0563913564	0.9282752648
0	0.3611737111	0.5338106496	0.1050156393
0	0.0044900497	0.0000000000	0.9955099503
0	0.1113257922	0.8886629522	0.0000112556
0	0.0563362889	0.0000000914	0.9436636197
0	0.3670595667	0.4977202542	0.1352201791
0	0.1040259410	0.8658882263	0.0300858327
1	0.1641879854	0.7963170378	0.0394949768
0	0.0000003156	0.0501143366	0.9498853479
2	0.2183074546	0.0000000000	0.7816925454
1	0.0038411847	0.0015532179	0.9946055973
0	0.3809133860	0.3237219519	0.2953646621
1	0.4873160396	0.0000000000	0.5126839604
0	0.0174350845	0.0366124720	0.9459524435
0	0.1527814812	0.0064272470	0.8407912717
0	0.0734046584	0.0011774062	0.9254179354
1	0.0264326952	0.3004973325	0.6730699723
0	0.9864158874	0.0004133995	0.0131707131
1	0.0529124001	0.2377132475	0.7093743523
0	0.1410886787	0.4812842694	0.3776270519
0	0.3309637411	0.0449352975	0.6241009614
1	0.0086747395	0.0435033140	0.9478219465
1	0.6404752952	0.0986652489	0.2608594559
2	0.0000134966	0.0637458347	0.9362406686
0	0.4867828172	0.1765277582	0.3366894246
0	0.0712973271	0.8889130943	0.0397895786
1	0.5107930180	0.1183648964	0.3708420856
0	0.9644554141	0.0010645934	0.0344799924
0	0.0926973998	0.2163722741	0.6909303262
0	0.2838585377	0.3466109479	0.3695305144
0	0.0243824479	0.9756175521	0.0000000000
0	0.0000005122	0.0023137500	0.9976857378
1	0.0353077040	0.3747223804	0.5899699155
0	0.5021573631	0.4935410828	0.0043015540
1	0.1326557842	0.0282516458	0.8390925700
1	0.0055159160	0.0073873696	0.9870967144
1	0.0300658319	0.0552082905	0.9147258777
0	0.1388229645	0.1252115315	0.7359655040
0	0.0232840696	0.0167823918	0.9599335386
1	0.0000119381	0.8901275897	0.1098604722
2	0.0000044138	0.1696625508	0.8303330354
0	0.2722737521	0.2824013507	0.4453248972
1	0.0000000000	0.9999996076	0.0000003924
0	0.4131950727	0.0231467110	0.5636582164
0	0.0708320782	0.2452808751	0.6838870467
0	0.0082975045	0.0453920419	0.9463104536
0	0.8887807880	0.1101228014	0.0010964106
0	0.1017853585	0.1241295841	0.7740850574
0	0.3001999772	0.0000021218	0.6997979010
1	0.0367181701	0.0044301879	0.9588516420
0	0.0975667240	0.9022710036	0.0001622725
1	0.0026322233	0.9466026275	0.0507651493
0	0.9318553053	0.0000000636	0.0681446311
0	0.1727026683	0.0701215946	0.7571757370
1	0.3590021288	0.0434803561	0.5975175151
0	0.2192571375	0.1666833525	0.6140595100
0	0.7653890872	0.0785758205	0.1560350923
1	0.1265410635	0.0000000008	0.8734589357
0	0.0000000000	0.0000000000	1.0000000000
0	0.0776483590	0.1322723741	0.7900792669
0	0.8692279152	0.0277480808	0.1030240039
0	0.0624798776	0.0024212387	0.9350988837
1	0.1556472942	0.0079072554	0.8364454505
0	0.4536289438	0.5463208886	0.0000501676
1	0.0030719474	0.9968974929	0.0000305597
0	0.0034291147	0.1095170655	0.8870538198
1	0.0092977470	0.0050446871	0.9856575659
0	0.4523802612	0.3780192976	0.1696004413
0	0.0003293926	0.5973636634	0.4023069440
0	0.0297732557	0.0065327916	0.9636939527
0	0.1476186912	0.0084684284	0.8439128805
0	0.0000000011	0.9267191104	0.0732808885
0	0.3266389003	0.3956768167	0.2776842830
0	0.5373477816	0.2116927656	0.2509594528
0	0.0006545400	0.3299886384	0.6693568215
0	0.0465168761	0.1769678613	0.7765152626
1	0.6328500330	0.0001960373	0.3669539297
1	0.0572003463	0.0495652379	0.8932344157
2	0.0292854947	0.1698519420	0.8008625633
1	0.7035073218	0.0002460958	0.2962465825
0	0.8080968174	0.1698081213	0.0220950613
1	0.2185911598	0.0876311163	0.6937777239
0	0.0624736725	0.0005340391	0.9369922884
1	0.0000000000	0.0010286898	0.9989713102
1	0.0000000003	0.0000002812	0.9999997185
0	0.1165081296	0.0000076666	0.8834842037
0	0.0039871595	0.4331381326	0.5628747079
0	0.1217010845	0.1897712681	0.6885276474
1	0.0622424415	0.5564351205	0.3813224380
1	0.0022530653	0.2689703748	0.7287765599
0	0.0002498791	0.0738724217	0.9258776992
1	0.6843049389	0.0450233544	0.2706717068
0	0.9935019844	0.0000000000	0.0064980156
0	0.6671072344	0.1434486228	0.1894441428
1	0.0000000036	0.0000000000	0.9999999964
0	0.0010254099	0.0125210824	0.9864535077
0	0.0686873225	0.0500017819	0.8813108956
0	0.2553496498	0.6074505468	0.1371998034
0	0.0010433567	0.1483392760	0.8506173672
0	0.0000000000	0.6839525505	0.3160474495
0	0.0112443050	0.2985457083	0.6902099866
2	0.4964675844	0.1585117797	0.3450206359
0	0.0098311132	0.0325304750	0.9576384118
0	0.0536019780	0.0000000000	0.9463980220
0	0.7290277669	0.0760056207	0.1949666124
0	0.2622536861	0.0414062090	0.6963401049
0	0.1695982216	0.2366632460	0.5937385324
0	0.2718987085	0.1505754041	0.5775258874
0	0.6839923096	0.3150973585	0.0009103319
0	0.2147801801	0.0000001360	0.7852196839
0	0.0891999013	0.2444345728	0.6663655259
1	0.0085984945	0.0716606904	0.9197408151
0	0.0026870754	0.0498752013	0.9474377233
1	0.0834496342	0.0363093516	0.8802410142
0	0.1919382643	0.0090203090	0.7990414268
1	0.1627613488	0.0000105613	0.8372280899
1	0.0003259179	0.2968253951	0.7028486870
0	0.1261792498	0.0702469353	0.8035738149
0	0.0012178681	0.9152807425	0.0835013895
0	0.0073201603	0.0103659381	0.9823139017
0	0.0001021935	0.0001435096	0.9997542968
0	0.9172507414	0.0000000000	0.0827492586
1	0.4541802482	0.0001913249	0.5456284269
0	0.0348590824	0.7052127448	0.2599281728
0	0.1398042865	0.1242848449	0.7359108687
0	0.6307373832	0.0000103996	0.3692522173
1	0.3246672143	0.0000000000	0.6753327857
0	0.0221766099	0.0146146554	0.9632087347
0	0.1234327504	0.8011187896	0.0754484600
0	0.0809522895	0.0001859068	0.9188618037
0	0.0009321533	0.0000853111	0.9989825356
1	0.0000000000	0.3804664752	0.6195335248
0	0.0876744831	0.8594225287	0.0529029882
0	0.0224628664	0.1804637852	0.7970733483
1	0.1615985103	0.1268145787	0.7115869110
0	0.9893528347	0.0106130000	0.0000341652
0	0.8633410166	0.1250610517	0.0115979318
0	0.3129638122	0.6698338905	0.0172022973
0	0.1102459804	0.0596515744	0.8301024452
0	0.0309834893	0.0843289630	0.8846875478
0	0.0001263115	0.8894642761	0.1104094124
0	0.0290758271	0.0141503729	0.9567738000
0	0.3933726827	0.1083820149	0.4982453025
1	0.6524713487	0.3475286513	0.0000000000
0	0.0000000000	0.0066886177	0.9933113823
0	0.0350418286	0.0000282453	0.9649299261
0	0.1924702291	0.0832849565	0.7242448144
1	0.0014178001	0.9200656221	0.0785165778
0	0.0010855759	0.1957237883	0.8031906358
0	0.9936952672	0.0000447248	0.0062600080
0	0.1580796861	0.0526826093	0.7892377046
0	0.0000181092	0.6498181330	0.3501637578
1	0.0755921760	0.0073917709	0.9170160531
0	0.0000425249	0.3135714432	0.6863860320
0	0.6911217032	0.0055872015	0.3032910953
0	0.3621271234	0.3446475315	0.2932253452
0	0.0667298508	0.3182429604	0.6150271888
0	0.1796754475	0.0069240020	0.8134005505
0	0.7570019454	0.0001604964	0.2428375582
0	0.0134548605	0.0000001358	0.9865450038
0	0.1773100908	0.0805604349	0.7421294743
0	0.6685023763	0.0000131270	0.3314844967
0	0.9380238001	0.0000662837	0.0619099162
1	0.4559111224	0.0013045024	0.5427843751
0	0.7534268955	0.0234986991	0.2230744054
1	0.1550875022	0.0051399009	0.8397725969
0	0.1192220410	0.0079162025	0.8728617565
0	0.0197283563	0.0061439624	0.9741276813
1	0.0000217458	0.0108507570	0.9891274972
0	0.0862503147	0.3807834118	0.5329662735
0	0.4171645747	0.0102593463	0.5725760789
0	0.1921894262	0.0209681129	0.7868424609
1	0.0000269510	0.1546962120	0.8452768370
0	0.0594618465	0.2010211949	0.7395169586
1	0.0701602580	0.0154735114	0.9143662306
2	0.4238962092	0.5761037905	0.0000000003
1	0.4793702042	0.0000000000	0.5206297958
1	0.0782432943	0.5177720767	0.4039846290
0	0.7464811451	0.1363062452	0.1172126098
0	0.7992856720	0.0000000000	0.2007143280
1	0.1466066248	0.0442137100	0.8091796652
1	0.0188630715	0.0000010776	0.9811358509
1	0.0067402619	0.0430432679	0.9502164702
1	0.0022678136	0.0000575018	0.9976746847
0	0.0103063200	0.0002306195	0.9894630605
1	0.0000608753	0.3925134208	0.6074257039
0	0.4751272151	0.5248727848	0.0000000000
1	0.0000343696	0.0033886144	0.9965770160
0	0.0001040485	0.3961881932	0.6037077583
0	0.0001599675	0.0000043527	0.9998356797
0	0.0346279394	0.1485967988	0.8167752617
0	0.9733450913	0.0266438259	0.0000110828
0	0.1718492283	0.0514819593	0.7766688124
0	0.9653506844	0.0000000063	0.0346493092
1	0.0065438775	0.9930836271	0.0003724954
0	0.0000062199	0.1923555647	0.8076382153
1	0.9999952410	0.0000002474	0.0000045116
0	0.9538997514	0.0125916420	0.0335086066
1	0.0286199953	0.3497504913	0.6216295134
0	0.0000764859	0.2704536547	0.7294698594
1	0.0825678938	0.0008115603	0.9166205459
0	0.0207362260	0.9792616010	0.0000021730
1	0.8650438054	0.0000000000	0.1349561946
0	0.2422383016	0.0456299603	0.7121317381
1	0.2165860458	0.2712514152	0.5121625389
0	0.0336044955	0.4538202809	0.5125752237
0	0.0506444612	0.0000203267	0.9493352121
0	0.0846257945	0.0282787601	0.8870954454
0	0.0005077070	0.0000000000	0.9994922930
0	0.2183297373	0.0032492060	0.7784210567
0	0.0029225282	0.0097915131	0.9872859587
1	0.4525741925	0.0513058072	0.4961200003
0	0.0197151486	0.9316088826	0.0486759689
0	0.0002138732	0.7083886553	0.2913974715
2	0.0055573258	0.0000000001	0.9944426741
0	0.0028649668	0.0696665228	0.9274685105
1	0.2569300509	0.4025486724	0.3405212768
0	0.0110927044	0.0652381235	0.9236691721
0	0.4285157179	0.0000000000	0.5714842821
0	0.0000366084	0.0000055124	0.9999578792
0	0.0242163043	0.0069610815	0.9688226142
1	0.8200778646	0.0816964640	0.0982256714
0	0.0020954754	0.0019046811	0.9959998435
1	0.1482645543	0.1517806664	0.6999547793
0	0.0364430790	0.0000000000	0.9635569210
0	0.1484367789	0.1807266896	0.6708365315
0	0.1381379021	0.0000000000	0.8618620979
2	0.8315497158	0.0056571450	0.1627931393
0	0.8863112011	0.0546451756	0.0590436233
0	0.5082894658	0.0010895581	0.4906209761
1	0.3083159398	0.0032687618	0.6884152984
0	0.2921537550	0.4294351227	0.2784111223
0	0.4440586992	0.0214390762	0.5345022246
1	0.9672816361	0.0000141423	0.0327042216
1	0.0443566285	0.0748658833	0.8807774883
0	0.0001216516	0.1257645545	0.8741137939
1	0.2959895107	0.0000088115	0.7040016778
0	0.0107755953	0.1123392981	0.8768851066
0	0.0042037659	0.9869231646	0.0088730695
2	0.0002857301	0.0027837147	0.9969305552
1	0.3287740299	0.0006738233	0.6705521468
0	0.9849410557	0.0005220558	0.0145368885
1	0.0585367929	0.0191779584	0.9222852488
1	0.7910359617	0.0243989423	0.1845650960
1	0.9979632470	0.0018375045	0.0001992484
0	0.0457822759	0.1339608823	0.8202568418
0	0.1026213338	0.0226006363	0.8747780299
1	0.0000000000	0.8325782504	0.1674217496
0	0.9728774505	0.0010813161	0.0260412335
1	0.0260308074	0.0174868696	0.9564823231
0	0.0000003026	0.0009777501	0.9990219473
0	0.0031606235	0.0069539124	0.9898854641
0	0.5962880565	0.0034234539	0.4002884896
1	0.9995228935	0.0004771062	0.0000000003
0	0.3798718391	0.1267736078	0.4933545531
0	0.2485728352	0.0488769310	0.7025502337
0	0.1806750808	0.1401868294	0.6791380899
0	0.0983637794	0.0429897795	0.8586464411
0	0.0000000000	0.2668560258	0.7331439742
0	0.0193380225	0.0000206732	0.9806413044
0	0.1676637652	0.0333286571	0.7990075777
1	0.0074845008	0.0000901388	0.9924253604
0	0.0000614226	0.8281001423	0.1718384351
1	0.0000000179	0.8252969443	0.1747030378
1	0.3509021108	0.0041965620	0.6449013272
0	0.0419758804	0.0038138121	0.9542103075
0	0.6815335120	0.3182405138	0.0002259742
1	0.9386056474	0.0007247908	0.0606695618
0	0.0288308462	0.0142607064	0.9569084474
0	0.7671309880	0.0000668439	0.2328021681
1	0.2247176801	0.0765283154	0.6987540045
1	0.1039011963	0.0277568519	0.8683419518
0	0.0000427819	0.5664585755	0.4334986426
0	0.8932062350	0.0067031042	0.1000906608
0	0.4257097855	0.0000006128	0.5742896017
1	0.9999871993	0.0000126000	0.0000002006
0	0.0365905671	0.9634089352	0.0000004977
0	0.0000290674	0.0000000514	0.9999708812
0	0.1121894606	0.0000000000	0.8878105394
0	0.0267730568	0.0066124502	0.9666144930
0	0.2950844883	0.0000000017	0.7049155100
0	0.4760243456	0.1298448976	0.3941307567
1	0.0784576123	0.0017633859	0.9197790018
0	0.0000195208	0.0260175231	0.9739629561
0	0.0382409294	0.0162673533	0.9454917172
1	0.1349453102	0.0064635485	0.8585911413
0	0.0000000000	0.3268850589	0.6731149411
0	0.0000158705	0.5223712277	0.4776129018
0	0.0165600948	0.4040474753	0.5793924299
1	0.0246344596	0.1753299885	0.8000355519
1	0.0290673188	0.0000002012	0.9709324800
0	0.5226074746	0.0011813032	0.4762112222
0	0.0198134517	0.0000000015	0.9801865468
0	0.1374466282	0.0013858062	0.8611675656
0	0.0000032954	0.0211707874	0.9788259172
0	0.0016141205	0.0001629091	0.9982229705
0	0.0000152236	0.0000000000	0.9999847764
1	0.6177093152	0.0061573520	0.3761333328
0	0.0356208692	0.3569096543	0.6074694765
0	0.0000371887	0.0004622758	0.9995005355
0	0.0042467745	0.0000283105	0.9957249149
0	0.1358402299	0.0956034395	0.7685563306
0	1.0000000000	0.0000000000	0.0000000000
0	0.2483263065	0.7394774675	0.0121962260
0	0.1139725952	0.6352187829	0.2508086219
2	0.0544200040	0.0105778124	0.9350021835
0	0.0074497754	0.1564121339	0.8361380908
1	0.0000193238	0.0925950132	0.9073856630
1	0.0232871379	0.0002035646	0.9765092975
1	0.0518932940	0.4229937616	0.5251129444
0	0.7980687508	0.0000000014	0.2019312478
1	0.8119435765	0.0000380477	0.1880183758
0	0.0000000000	0.2596738459	0.7403261541
0	0.0039306201	0.0085780531	0.9874913268
0	0.4346931278	0.0000000062	0.5653068660
1	0.4140815426	0.0654538130	0.5204646444
1	0.0026393900	0.0400366865	0.9573239236
1	0.0335158373	0.0004083678	0.9660757949
1	0.1561322699	0.0833019592	0.7605657710
1	0.1622777301	0.0070770259	0.8306452440
0	0.7852536837	0.1679671650	0.0467791513
0	0.9717287813	0.0000019816	0.0282692371
0	0.9288635087	0.0660802046	0.0050562867
0	0.0000000000	0.0000550760	0.9999449240
0	0.5094288939	0.0874866683	0.4030844378
1	0.1207056179	0.7783667625	0.1009276196
0	0.1485475629	0.7382924598	0.1131599773
1	0.1753466967	0.0550799739	0.7695733294
1	0.0540997031	0.0000001684	0.9459001285
1	0.0000000000	0.0000000000	1.0000000000
0	0.6398092910	0.3597775670	0.0004131419
0	0.0000000001	0.0368878178	0.9631121821
0	0.0025986909	0.0000000000	0.9974013091
0	0.5985940434	0.1974899691	0.2039159874
1	0.2976860546	0.6486015651	0.0537123803
0	0.4359376929	0.5640621403	0.0000001668
0	0.0089897491	0.0090522981	0.9819579528
1	0.0701660018	0.4966366033	0.4331973949
1	0.0006580867	0.9985951912	0.0007467221
1	0.0276630383	0.2986032764	0.6737336853
1	0.0000000000	0.2871861307	0.7128138693
0	0.0001850966	0.0050808205	0.9947340828
0	0.0606298720	0.0000058035	0.9393643245
1	0.7115555741	0.0008592959	0.2875851300
0	0.6001903083	0.0463573496	0.3534523421
0	0.0172202462	0.3462398964	0.6365398574
0	0.0000019041	0.0371108983	0.9628871975
0	0.0049654391	0.0000000041	0.9950345568
0	0.0798623191	0.0078578245	0.9122798564
0	0.0672149945	0.0011577200	0.9316272855
1	0.0012496747	0.0318222983	0.9669280270
0	0.0000142746	0.0407188760	0.9592668494
0	0.0355473801	0.1127916595	0.8516609604
0	0.1214597915	0.0463416799	0.8321985287
1	0.0696328499	0.3268366394	0.6035305107
0	0.0162859576	0.0003245437	0.9833894987
1	0.0010336091	0.0073764165	0.9915899744
0	0.0000000000	0.0109909505	0.9890090495
0	0.1417327664	0.0000000129	0.8582672207
0	0.0303338611	0.0455979582	0.9240681807
1	0.2110022061	0.5074310877	0.2815667063
0	0.9083352557	0.0000829837	0.0915817606
0	0.3103592971	0.0000000003	0.6896407026
0	0.1828430052	0.8028074969	0.0143494979
1	0.0012830045	0.1649227592	0.8337942363
0	0.0003611634	0.0403691318	0.9592697048
0	0.1530845501	0.0013932496	0.8455222003
0	0.0131420459	0.0106903538	0.9761676003
0	0.0000018645	0.0000000001	0.9999981354
1	0.0039773455	0.0000000001	0.9960226544
0	0.0000004054	0.0000378928	0.9999617018
0	0.6387733431	0.1895240009	0.1717026561
0	0.0180567449	0.0003126400	0.9816306150
1	0.0099726407	0.8979531235	0.0920742358
0	0.0507262379	0.0076849032	0.9415888589
0	0.0004925888	0.0000069401	0.9995004712
1	0.0150109954	0.0000000016	0.9849890029
1	0.0108423535	0.4595484888	0.5296091577
0	0.7034525994	0.0627774150	0.2337699856
0	0.0102921989	0.0000000000	0.9897078011
1	0.0000000498	0.0008600694	0.9991398809
1	0.0420074176	0.0982798866	0.8597126958
0	0.1919335325	0.0022633742	0.8058030933
0	0.7416306389	0.2561107097	0.0022586514
1	0.1211876076	0.0000000027	0.8788123898
0	0.0019064296	0.0002500687	0.9978435017
1	0.0091104167	0.3400976845	0.6507918988
0	0.1570298150	0.0161702255	0.8267999595
0	0.1731049289	0.6514210406	0.1754740305
0	0.7107909657	0.0000000000	0.2892090343
0	0.0153042760	0.0008245386	0.9838711853
0	0.0000000000	0.9953827303	0.0046172697
0	0.0578902766	0.3383432578	0.6037664656
1	0.0760663694	0.0233700170	0.9005636136
0	0.0267953544	0.0000002350	0.9732044106
0	0.0855488121	0.0000000000	0.9144511879
0	0.0119668437	0.0039907233	0.9840424329
0	0.4884569500	0.0837452428	0.4277978072
0	0.0000711149	0.0000000999	0.9999287852
0	0.0200331213	0.5530157408	0.4269511379
1	0.1305746397	0.8060295046	0.0633958557
0	0.5375892725	0.0168190767	0.4455916508
0	0.0000000000	0.0005683845	0.9994316155
1	0.0000103307	0.1817662976	0.8182233717
1	0.0304763893	0.0148366856	0.9546869252
1	0.0073392431	0.0041628487	0.9884979082
0	0.0001724801	0.9998256749	0.0000018450
0	0.0293519119	0.0354178295	0.9352302586
0	0.9600195809	0.0000019070	0.0399785121
0	0.4211046836	0.0000328005	0.5788625160
0	0.0000081279	0.0000067918	0.9999850803
1	0.5246613221	0.3264805407	0.1488581373
1	0.4588564055	0.0001262197	0.5410173748
1	0.0145065778	0.0000000017	0.9854934205
1	0.4217399930	0.2220304215	0.3562295855
0	0.6341444089	0.0037848719	0.3620707191
1	0.1735259698	0.0019352648	0.8245387654
0	0.6455821704	0.3448952407	0.0095225889
0	0.0344342930	0.1243034137	0.8412622932
0	0.8552225861	0.0198958270	0.1248815869
0	0.8449677695	0.0815575796	0.0734746509
0	0.0000000000	0.2427650954	0.7572349046
0	0.0000021541	0.0008728411	0.9991250048
1	0.0010361811	0.0003715292	0.9985922898
1	0.3815351539	0.0000000701	0.6184647761
0	0.9645755831	0.0000000000	0.0354244169
0	0.3988702728	0.2502598618	0.3508698654
1	0.3440607471	0.0076674627	0.6482717902
0	0.5724428703	0.0000162189	0.4275409108
