0	0.3884645130	0.0625995686	0.5489359184
0	0.0736727137	0.0000000000	0.9263272863
0	0.2117097640	0.7633160991	0.0249741370
0	0.5320746434	0.4250191274	0.0429062292
0	0.0000000000	0.0000013158	0.9999986842
0	0.6414223127	0.3585761531	0.0000015342
0	0.5120576099	0.3409999475	0.1469424425
1	0.0121316769	0.0039871342	0.9838811889
2	0.0000000000	0.8776807752	0.1223192248
0	0.0288298465	0.8269393716	0.1442307818
0	0.2915105332	0.0234801014	0.6850093654
1	0.0090909388	0.9642059485	0.0267031128
1	0.0204984101	0.5422441637	0.4372574262
1	0.6166214399	0.0552772840	0.3281012762
1	0.0003193172	0.3021904283	0.6974902545
1	0.0495807813	0.0000529318	0.9503662869
0	0.0000000001	0.0000862381	0.9999137618
0	0.0009786009	0.1454383861	0.8535830130
0	0.9990590380	0.0003540032	0.0005869588
0	0.5995072149	0.0050383147	0.3954544703
0	0.0131763811	0.0497536328	0.9370699860
1	0.0000012953	0.9623596915	0.0376390132
2	0.0000506353	0.0035682278	0.9963811369
0	0.0001341789	0.5457517153	0.4541141058
0	0.0019925455	0.2160256433	0.7819818111
0	0.8112469874	0.1871760363	0.0015769764
2	0.7755580019	0.1393134857	0.0851285124
1	0.0008031299	0.1637362863	0.8354605838
1	0.0000000477	0.5959930241	0.4040069282
0	0.0193354322	0.0509627512	0.9297018166
0	0.5275169651	0.0000096728	0.4724733622
1	0.0000089163	0.0000005813	0.9999905023
2	0.0234346338	0.0056160808	0.9709492854
0	0.0699391694	0.0343952381	0.8956655925
0	0.9267293859	0.0692321096	0.0040385045
0	0.0450972544	0.0018512258	0.9530515198
0	0.0003616888	0.3557323362	0.6439059749
0	0.6961828027	0.0732651857	0.2305520116
0	0.0000338802	0.0070293598	0.9929367599
1	0.0000000000	0.0411713464	0.9588286536
2	0.0000001106	0.3455554976	0.6544443919
0	0.3002967476	0.0000195901	0.6996836623
0	0.0149094423	0.9712571073	0.0138334504
0	0.1413328245	0.0037238955	0.8549432800
1	0.9964487758	0.0000239843	0.0035272399
0	0.0000000000	0.9616217365	0.0383782635
1	0.7480081277	0.0760866390	0.1759052334
0	0.0836145035	0.6561395222	0.2602459742
0	0.3080802996	0.0530727635	0.6388469368
1	0.1874024273	0.6804216223	0.1321759505
0	0.0188163656	0.2373102136	0.7438734208
0	0.0004847067	0.0627448382	0.9367704551
1	0.0216044517	0.2980046335	0.6803909148
0	0.0455781768	0.6149233344	0.3394984888
0	0.0000000068	0.9962038021	0.0037961911
1	0.4699043020	0.5293670754	0.0007286226
0	0.2025893537	0.0000000086	0.7974106376
0	0.0606597720	0.2671277645	0.6722124635
2	0.4203674301	0.0008950887	0.5787374812
0	0.1328645399	0.0056199936	0.8615154665
1	0.0000000002	0.0000000000	0.9999999998
1	0.0197606255	0.0956706587	0.8845687158
1	0.8051194172	0.0000000000	0.1948805828
1	0.4793244832	0.0000000000	0.5206755168
1	0.0601646821	0.3307468365	0.6090884814
0	0.9094951000	0.0224792791	0.0680256210
0	0.0203174596	0.8068283914	0.1728541490
0	0.6212254419	0.0001348337	0.3786397244
0	0.8995954637	0.0230860555	0.0773184808
0	0.0065748775	0.0000031362	0.9934219863
1	0.0555830389	0.2917966094	0.6526203516
1	0.2135771272	0.0757344243	0.7106884486
0	0.0715509007	0.0008043531	0.9276447462
0	0.0231410687	0.8238849090	0.1529740223
0	0.8938098634	0.0293239052	0.0768662314
0	0.0906416980	0.0204273483	0.8889309536
0	0.0006982801	0.0030435580	0.9962581619
0	0.0000002193	0.0157022868	0.9842974939
0	0.0706920744	0.0000000000	0.9293079256
0	0.2874232387	0.7125240495	0.0000527118
0	0.0004390091	0.1848441770	0.8147168139
1	0.0078627848	0.7214499900	0.2706872252
2	0.0393517685	0.5225505736	0.4380976579
1	0.3875757377	0.0007999243	0.6116243380
0	0.1189687021	0.5393628947	0.3416684033
0	0.2367201518	0.0087231165	0.7545567316
1	0.9129375341	0.0870623920	0.0000000739
0	0.3171973566	0.0184575364	0.6643451070
0	0.0526614669	0.9258310464	0.0215074867
1	0.0020285733	0.1456253198	0.8523461069
1	0.9692250271	0.0301652416	0.0006097313
0	0.1306774916	0.1145442729	0.7547782355
0	0.6346519551	0.0002731926	0.3650748523
0	0.0000000077	0.1266068648	0.8733931275
1	0.0004592109	0.7686005824	0.2309402067
0	0.0212500539	0.2809801159	0.6977698302
1	0.3057146160	0.5497506193	0.1445347647
0	0.5998505069	0.3964532545	0.0036962386
0	0.9155315671	0.0107459059	0.0737225270
0	0.2427068926	0.5184192625	0.2388738450
1	0.1351950306	0.1679825520	0.6968224174
0	0.5405916935	0.4591387218	0.0002695847
1	0.0471806148	0.9526175402	0.0002018450
0	0.0880447312	0.1596374993	0.7523177695
0	0.7700271874	0.1978990956	0.0320737170
1	0.3589131659	0.1601716688	0.4809151653
0	0.1590312950	0.2478045477	0.5931641573
0	0.0458307719	0.0772071085	0.8769621196
0	0.0006889956	0.0040918674	0.9952191370
0	0.3156914070	0.0236106945	0.6606978985
1	0.5580709989	0.0114981034	0.4304308978
0	0.0549957808	0.0018929966	0.9431112226
1	0.0000047205	0.0024535788	0.9975417007
0	0.1025041833	0.7900019373	0.1074938795
0	0.8408532197	0.1576630778	0.0014837025
0	0.9999850797	0.0000016294	0.0000132909
0	0.0001122143	0.9071950621	0.0926927236
1	0.6915604114	0.0000009192	0.3084386694
1	0.1476125612	0.7859262690	0.0664611698
1	0.8821417982	0.1174891125	0.0003690893
1	0.0000081750	0.9674932148	0.0324986102
0	0.1317052833	0.8203332931	0.0479614236
0	0.6888967387	0.0000000000	0.3111032613
1	0.2097594104	0.0528829944	0.7373575951
1	0.0217773230	0.0012986103	0.9769240667
0	0.0001752901	0.5934618415	0.4063628684
0	0.0720604769	0.7537851838	0.1741543394
0	0.9968113983	0.0031885966	0.0000000052
1	0.0157284582	0.0003309182	0.9839406237
0	0.0301859949	0.8768692844	0.0929447207
0	0.1937359074	0.0000000000	0.8062640926
1	0.0042399063	0.4200054363	0.5757546575
0	0.9266139562	0.0005644144	0.0728216294
0	0.0000000000	0.0151159422	0.9848840577
1	0.1217593672	0.0000021689	0.8782384638
0	0.1641768452	0.6790747382	0.1567484167
0	0.0983339164	0.0000000046	0.9016660790
0	0.0000000006	0.3335436912	0.6664563081
0	0.0000000000	0.9856261075	0.0143738925
2	0.7939137963	0.0018984049	0.2041877988
0	0.5014688469	0.3689543645	0.1295767885
0	0.1970129160	0.0910467375	0.7119403465
1	0.5602906481	0.0000042280	0.4397051238
0	0.8489190594	0.0658787970	0.0852021436
0	0.9960707339	0.0034249746	0.0005042915
0	0.0000000000	0.6865282260	0.3134717740
0	0.7340786738	0.1909698958	0.0749514303
0	0.3394909444	0.1308049862	0.5297040693
2	0.0854698273	0.0039027907	0.9106273820
0	0.0048304524	0.0684592207	0.9267103269
1	0.0144723422	0.3524139909	0.6331136669
1	0.6520070198	0.0000066114	0.3479863688
0	0.1158824781	0.6002992007	0.2838183213
0	0.0103026788	0.6934307658	0.2962665554
0	0.0000094481	0.0871550730	0.9128354789
0	0.0000000001	0.3382930527	0.6617069472
0	0.0344911856	0.0503898065	0.9151190079
0	0.9627550552	0.0000000369	0.0372449079
0	0.0000330539	0.0689207486	0.9310461974
2	0.0003172421	0.2828322758	0.7168504821
0	0.2983689552	0.1299774635	0.5716535813
2	0.0001154860	0.0000017452	0.9998827689
0	0.4099309129	0.0015646744	0.5885044127
1	0.0000648414	0.0961825186	0.9037526400
0	0.2421505091	0.0053766251	0.7524728657
0	0.7925642659	0.0053705671	0.2020651670
2	0.0000003183	0.0420085087	0.9579911730
0	0.0000803775	0.1530649597	0.8468546628
0	0.0000195996	0.0000000228	0.9999803776
0	0.3013524869	0.1146781098	0.5839694033
1	0.5120394249	0.0862780131	0.4016825620
1	0.0012644953	0.2116708978	0.7870646069
0	0.0889209372	0.0021195968	0.9089594660
2	0.0049958105	0.9515234824	0.0434807071
2	0.9349369748	0.0648721194	0.0001909058
0	0.0127355806	0.5689382452	0.4183261743
0	0.5836407376	0.4138240726	0.0025351898
0	0.0004964448	0.0000000000	0.9995035552
1	0.0000219216	0.0785029026	0.9214751758
0	0.0783115842	0.4891578349	0.4325305810
1	0.6310882128	0.0000087267	0.3689030605
0	0.0011991046	0.1099974186	0.8888034769
1	0.0305856017	0.8240082201	0.1454061782
0	0.0346406790	0.0032309933	0.9621283278
0	0.1456108077	0.0307275865	0.8236616058
0	0.0306836392	0.0029070614	0.9664092993
0	0.6507677971	0.2173600586	0.1318721443
1	0.0093866621	0.4325894145	0.5580239233
0	0.0282716699	0.7209154581	0.2508128720
0	0.4428581775	0.0015985685	0.5555432539
0	0.0247697442	0.5019967997	0.4732334561
0	0.0043920125	0.2387625427	0.7568454447
0	0.5051179062	0.4908011947	0.0040808990
1	0.6871233482	0.0000100690	0.3128665828
1	0.0020781983	0.7908591831	0.2070626185
0	0.0000052172	0.3650398916	0.6349548911
0	0.1459755499	0.0029473345	0.8510771157
0	0.0388959385	0.0001286551	0.9609754065
0	0.7378902631	0.2400628307	0.0220469062
1	0.9992769994	0.0002476447	0.0004753558
0	0.0023303810	0.5697985414	0.4278710776
1	0.0360056924	0.3974680314	0.5665262761
0	0.4657632371	0.1732559791	0.3609807838
0	0.0000000001	0.1177482180	0.8822517819
0	0.6967788646	0.0000000000	0.3032211354
0	0.0780401133	0.0223893497	0.8995705370
0	0.1067091214	0.0000038321	0.8932870465
1	0.0000000000	0.5418888972	0.4581111028
1	0.1360761833	0.2246157441	0.6393080725
0	0.2634995718	0.0000000000	0.7365004282
1	0.0424518880	0.0027042559	0.9548438562
0	0.2200820278	0.3798565371	0.4000614351
0	0.3322910452	0.0937931458	0.5739158089
2	0.6108448363	0.0002558542	0.3888993094
0	0.0000122170	0.0067587261	0.9932290569
2	0.7828843595	0.0000000905	0.2171155500
1	0.0146200262	0.9558768063	0.0295031675
0	0.0254037579	0.5184456173	0.4561506247
0	0.0610478633	0.1051842585	0.8337678782
1	0.2262332412	0.6865780329	0.0871887259
0	0.3908533651	0.6091466348	0.0000000001
0	0.0428397592	0.9564591953	0.0007010455
1	0.4510838690	0.0812380096	0.4676781215
0	0.1063816955	0.5083152886	0.3853030159
0	0.0356279264	0.1328277555	0.8315443181
0	0.0873669770	0.0003478862	0.9122851368
1	0.8493283573	0.0265886988	0.1240829439
2	0.0966702589	0.0102550838	0.8930746573
0	0.0515017266	0.2358006908	0.7126975826
0	0.4450276416	0.0000000021	0.5549723563
1	0.8572796231	0.1417217929	0.0009985840
0	0.2731567257	0.1331306375	0.5937126368
0	0.7194635395	0.0000002319	0.2805362286
1	0.8792153272	0.1207846030	0.0000000698
0	0.1016164205	0.3611682381	0.5372153414
0	0.0000001123	0.0010353126	0.9989645752
0	0.1056287401	0.2117098513	0.6826614085
1	0.0272292587	0.0000000000	0.9727707413
1	0.4522189242	0.5135198283	0.0342612475
1	0.0112228736	0.7988908250	0.1898863014
0	0.0010910977	0.2737498096	0.7251590927
1	0.4155584528	0.4742420241	0.1101995231
0	0.1049156928	0.1806022498	0.7144820574
1	0.0966349286	0.8908289587	0.0125361127
1	0.0442799865	0.4585353246	0.4971846889
2	0.9988168281	0.0000000503	0.0011831216
1	0.0005503308	0.5681922499	0.4312574193
0	0.0958567018	0.4819864649	0.4221568333
0	0.9780219946	0.0178984168	0.0040795886
0	0.6708343827	0.3288950384	0.0002705789
1	0.0028019842	0.0000028998	0.9971951160
0	0.0014290632	0.4714932948	0.5270776420
1	0.0198068787	0.7714320078	0.2087611135
0	0.1271181261	0.0000000000	0.8728818739
0	0.1705294088	0.0322600110	0.7972105802
0	0.0148433543	0.0120423441	0.9731143017
1	0.1714720060	0.0255980504	0.8029299436
0	0.5128520204	0.1833562851	0.3037916945
0	0.4754296809	0.0000000200	0.5245702991
0	0.6709530272	0.0000000006	0.3290469721
0	0.0009684473	0.1375376104	0.8614939423
0	0.0000150121	0.0041920802	0.9957929077
2	0.7623799692	0.2376200301	0.0000000008
0	0.0992010152	0.7316049163	0.1691940684
0	0.0000000000	0.0143279794	0.9856720206
0	0.0105954189	0.9876148544	0.0017897267
0	0.9927065685	0.0012721242	0.0060213074
0	0.9999567779	0.0000000155	0.0000432066
0	0.0349198600	0.8403738390	0.1247063010
0	0.0017854787	0.9832017222	0.0150127991
0	0.0000000009	0.5811133450	0.4188866541
0	0.0022102550	0.0046496597	0.9931400853
0	0.2194636523	0.0104389634	0.7700973842
1	0.0000096131	0.8801392639	0.1198511230
1	0.2732909627	0.0000000000	0.7267090373
0	0.9646404148	0.0000000000	0.0353595852
2	0.0004420994	0.0293605860	0.9701973147
1	0.0063702882	0.7614989693	0.2321307425
0	0.1554039678	0.1602833843	0.6843126479
0	0.9562747347	0.0397714147	0.0039538506
0	0.0012035891	0.2116965490	0.7870998620
0	0.4478169062	0.0688866433	0.4832964505
0	0.0011248805	0.0774963488	0.9213787708
1	0.1980910847	0.8018266830	0.0000822324
0	0.0395735098	0.8888410678	0.0715854224
1	0.0000002384	0.7440302720	0.2559694896
1	0.0000159677	0.3064619499	0.6935220824
1	0.8736734053	0.0000000000	0.1263265947
0	0.4347746141	0.0348680043	0.5303573816
0	0.3035628097	0.3221596908	0.3742774995
1	0.3396568182	0.3023482836	0.3579948983
0	0.0004680441	0.9825454876	0.0169864683
1	0.1348169350	0.0204025321	0.8447805329
0	0.8698249055	0.1295344451	0.0006406495
0	0.9991589219	0.0008377725	0.0000033057
0	0.3331639006	0.0776088349	0.5892272645
1	0.0180120725	0.0181477978	0.9638401297
0	0.3565125610	0.0223118528	0.6211755862
2	0.0509782519	0.0000145603	0.9490071878
1	0.6938069185	0.0321788690	0.2740142125
0	0.0925973763	0.0928521698	0.8145504539
1	0.0000222578	0.0000000000	0.9999777422
0	0.1101866911	0.8875976411	0.0022156679
1	0.0208497238	0.9115357541	0.0676145221
0	0.0000274918	0.0000079296	0.9999645786
0	0.1040952816	0.0001700059	0.8957347125
0	0.4298097744	0.5701901143	0.0000001113
0	0.1935070335	0.3863850185	0.4201079479
1	0.0009141268	0.0000000134	0.9990858598
1	0.1672536517	0.0097876786	0.8229586697
0	0.1111371273	0.3816264753	0.5072363974
0	0.8944569020	0.0247555833	0.0807875148
0	0.8725900454	0.0690300737	0.0583798808
0	0.8093179754	0.0000000000	0.1906820246
1	0.0550662773	0.0577085883	0.8872251345
0	0.3137149366	0.6424639524	0.0438211110
1	0.1303515246	0.0489454046	0.8207030709
1	0.0001187619	0.3610569491	0.6388242890
0	0.0001791397	0.9810383461	0.0187825142
1	0.4211927382	0.4467086874	0.1320985744
0	0.0050977644	0.6201926559	0.3747095797
1	0.1400103485	0.0003174016	0.8596722499
0	0.0001356556	0.5818451580	0.4180191863
0	0.1019809027	0.0000445242	0.8979745731
1	0.8731750467	0.0081722677	0.1186526856
0	0.0244715717	0.9075892371	0.0679391912
0	0.2315115263	0.0190535192	0.7494349545
1	0.0000090424	0.6388509671	0.3611399905
1	0.2406014109	0.0000000181	0.7593985710
0	0.0009041405	0.4761456122	0.5229502473
1	0.9449644961	0.0002084705	0.0548270334
0	0.0034490639	0.0287825717	0.9677683644
1	0.0309622466	0.2740635873	0.6949741662
1	0.1905911965	0.5224129197	0.2869958838
0	0.0306803364	0.1365372717	0.8327823920
0	0.0546444754	0.0038016355	0.9415538892
1	0.0000004527	0.0022594962	0.9977400511
0	0.0339364774	0.1381414718	0.8279220508
0	0.0210040983	0.9789959017	0.0000000000
0	0.9148898771	0.0839131625	0.0011969604
0	0.0536323702	0.4712487946	0.4751188353
1	0.1460106745	0.3703087838	0.4836805418
1	0.2282924052	0.0288744074	0.7428331875
0	0.9663297376	0.0000000000	0.0336702624
0	0.9355901037	0.0000035104	0.0644063859
0	0.0000149593	0.0007149371	0.9992701036
0	0.6720497792	0.0048935849	0.3230566359
0	0.0628471172	0.1096980252	0.8274548576
1	0.0034483850	0.0948302583	0.9017213567
0	0.0009487100	0.6162464493	0.3828048407
0	0.0030080093	0.0330208309	0.9639711598
0	0.0167464633	0.4107442075	0.5725093292
0	0.6489148995	0.3437067182	0.0073783823
0	0.0009876080	0.1407994151	0.8582129769
0	0.0000331175	0.9565539406	0.0434129420
2	0.0910309770	0.0496611086	0.8593079144
0	0.0013639417	0.9943293164	0.0043067419
0	0.0392021096	0.3592737259	0.6015241645
0	0.0972682773	0.3464421128	0.5562896099
0	0.6274365338	0.0001062139	0.3724572523
0	0.3146706647	0.4652440315	0.2200853038
2	0.7168700142	0.0000000000	0.2831299858
0	0.4064049908	0.5935327967	0.0000622124
1	0.0000000619	0.0000000000	0.9999999381
0	0.0156937480	0.4580872936	0.5262189584
0	0.2877729302	0.0006858292	0.7115412406
0	0.6796520533	0.1391277781	0.1812201686
0	0.0000000000	0.0016314117	0.9983685883
1	0.0131266796	0.6819129033	0.3049604171
1	0.5170261008	0.0002924522	0.4826814470
0	0.0149732928	0.2987707395	0.6862559676
1	0.0049521421	0.0003814693	0.9946663886
1	0.0001773726	0.9998226241	0.0000000033
1	0.5149693189	0.4377403153	0.0472903659
1	0.4933968808	0.2925628171	0.2140403021
0	0.0237717156	0.0195489906	0.9566792938
1	0.1545276519	0.0004986060	0.8449737422
0	0.0006317353	0.7900935151	0.2092747496
1	0.7383607913	0.0780014647	0.1836377440
0	0.7618822930	0.0453302663	0.1927874407
2	0.0391313044	0.0119146902	0.9489540054
0	0.9206511227	0.0174345189	0.0619143584
0	0.4779287386	0.2433110775	0.2787601839
0	0.0020126502	0.4060606704	0.5919266794
1	0.5764175936	0.0018443988	0.4217380076
0	0.1375543045	0.1208152721	0.7416304234
1	0.0171651582	0.0179004874	0.9649343544
1	0.0397988110	0.8025643635	0.1576368255
0	0.2203123111	0.6855401802	0.0941475088
0	0.0000000000	0.1737575407	0.8262424593
0	0.0718449555	0.0000061780	0.9281488665
1	0.9936162070	0.0000045725	0.0063792205
1	0.0000000000	0.0000000431	0.9999999569
0	0.2412874283	0.0000000000	0.7587125717
1	0.0000000520	0.0000227808	0.9999771672
0	0.0321215395	0.0000000000	0.9678784605
1	0.0000000095	0.9999999905	0.0000000000
1	0.2109232270	0.4508551808	0.3382215921
0	0.9453796058	0.0000527488	0.0545676454
0	0.3641141583	0.5930583331	0.0428275086
0	0.8787915188	0.0001351696	0.1210733115
0	0.7931838981	0.0000000000	0.2068161019
0	0.0991893366	0.0000000002	0.9008106632
0	0.0014132869	0.1342741436	0.8643125695
1	0.0483525210	0.0344612295	0.9171862495
0	0.1239963536	0.8181406158	0.0578630306
1	0.0002609186	0.0427363517	0.9570027297
0	0.8872426394	0.0843616802	0.0283956804
0	0.0142926361	0.2548975489	0.7308098150
1	0.4730026253	0.0128672502	0.5141301245
0	0.9763904425	0.0000797547	0.0235298027
0	0.0003907673	0.0230170991	0.9765921337
0	0.1577155612	0.7290183038	0.1132661350
0	0.0001619749	0.2056412266	0.7941967985
0	0.2493438724	0.1348354856	0.6158206421
0	0.2431409021	0.0672232990	0.6896357989
1	0.0000000349	0.0003402048	0.9996597603
0	0.1024005335	0.2492388164	0.6483606501
0	0.4143042201	0.1525569883	0.4331387915
1	0.7158474295	0.0269425762	0.2572099944
1	0.0005472349	0.0384733415	0.9609794236
1	0.7737413671	0.1935189850	0.0327396479
0	0.1468656115	0.7488285417	0.1043058468
1	0.0001186321	0.5970435712	0.4028377967
1	0.1492212790	0.1314233971	0.7193553238
0	0.0000000009	0.1122516888	0.8877483103
1	0.0000727878	0.0047361719	0.9951910403
0	0.3925486695	0.1480194952	0.4594318352
0	0.4426356256	0.0000025668	0.5573618076
0	0.7841084381	0.0132131777	0.2026783842
0	0.0164948018	0.0348250232	0.9486801750
0	0.0128326022	0.5374476441	0.4497197537
0	0.1936572820	0.0709374626	0.7354052554
1	0.8604940459	0.0000000001	0.1395059539
0	0.0000778266	0.2205864264	0.7793357470
0	0.1280338046	0.8718767451	0.0000894503
1	0.0851901813	0.0999010127	0.8149088060
0	0.0608525978	0.0410910969	0.8980563053
0	0.0283327201	0.8951904286	0.0764768512
0	0.0000000003	0.5661950527	0.4338049470
0	0.0000000000	0.0000027718	0.9999972282
0	0.0034544806	0.1409962717	0.8555492477
1	0.0059743210	0.0015458068	0.9924798722
0	0.0000179394	0.0007070636	0.9992749970
0	0.0000000000	0.1993196985	0.8006803015
0	0.0108708494	0.0762336021	0.9128955486
0	0.1968656213	0.7472740186	0.0558603601
0	0.0002163131	0.3634123889	0.6363712980
0	0.3276862833	0.6477781692	0.0245355475
2	0.0117552995	0.0925739879	0.8956707126
0	0.0092634924	0.5954471477	0.3952893599
0	0.0837254113	0.1060914048	0.8101831839
0	0.9969299984	0.0000000000	0.0030700016
1	0.0000000000	0.7353278872	0.2646721128
1	0.0000000000	0.4287112190	0.5712887810
0	0.0027084298	0.0000000000	0.9972915702
0	0.0294696429	0.0346326784	0.9358976788
0	0.0236047402	0.0037059668	0.9726892930
1	0.0000000000	0.2137410607	0.7862589393
1	0.7883412024	0.0768355697	0.1348232279
0	0.6526670349	0.0797332168	0.2675997483
0	0.0129405512	0.8520786951	0.1349807537
1	0.0000000208	0.0026792360	0.9973207432
0	0.0188847084	0.1631436565	0.8179716352
0	0.7351756331	0.1875373847	0.0772869821
1	0.1112001376	0.0166686447	0.8721312177
1	0.8220592901	0.0235675607	0.1543731492
0	0.0000000097	0.1897477240	0.8102522663
0	0.8071599689	0.0130116546	0.1798283765
0	0.0921372745	0.0921849031	0.8156778224
1	0.0000000000	0.4152609166	0.5847390834
0	0.0126748795	0.1528236993	0.8345014211
0	0.1347510472	0.0588559605	0.8063929924
0	0.0007379436	0.0391154032	0.9601466532
0	0.8200108995	0.0630900023	0.1168990983
0	0.0978713741	0.0859824022	0.8161462237
1	0.8800141031	0.0000000000	0.1199858969
1	0.1752468732	0.1873485172	0.6374046096
1	0.1768905912	0.0000000025	0.8231094063
0	0.0377811925	0.3466838581	0.6155349494
0	0.6683237293	0.1113155786	0.2203606921
0	0.2388258656	0.4601041235	0.3010700109
0	0.0000000000	0.0000000000	1.0000000000
1	0.6512601914	0.2327193967	0.1160204118
1	0.0634710114	0.0000000000	0.9365289886
0	0.0000000003	0.1483143537	0.8516856460
0	0.2891119065	0.2307113629	0.4801767306
1	0.5959191257	0.2268163093	0.1772645650
0	0.6430370395	0.0047920859	0.3521708746
1	0.0000000000	0.9086753675	0.0913246325
0	0.0612737162	0.9387252623	0.0000010214
0	0.0414452898	0.0537583831	0.9047963271
1	0.0003264816	0.0443986958	0.9552748226
1	0.4870994895	0.0000747745	0.5128257360
1	0.7122951140	0.0235443477	0.2641605383
0	0.4928002826	0.0389760164	0.4682237010
1	0.0837371997	0.0007725301	0.9154902701
0	0.3032006596	0.6198997698	0.0768995707
0	0.8672240482	0.1319694318	0.0008065200
0	0.0000000000	0.5065036907	0.4934963093
