0	0.0558794366	0.7854839702	0.1586365932
0	0.3872826653	0.0697274332	0.5429899015
0	0.2231167810	0.7442540498	0.0326291692
0	0.0135082406	0.0249856350	0.9615061244
0	0.1608436422	0.0000000000	0.8391563578
0	0.9115533709	0.0385867101	0.0498599189
1	0.1769984733	0.6490925589	0.1739089678
1	0.7884671106	0.0059848818	0.2055480076
1	0.7978172199	0.0000000000	0.2021827801
0	0.4919712682	0.2877377112	0.2202910205
1	0.0348492262	0.1942877128	0.7708630610
0	0.5140602776	0.0201960173	0.4657437051
0	0.0004505872	0.4662709525	0.5332784602
0	0.9094583428	0.0032587678	0.0872828894
0	0.0201834768	0.6643566599	0.3154598633
1	0.0860646251	0.0182419078	0.8956934671
0	0.0000046395	0.9302962171	0.0696991434
1	0.2961954508	0.6621453549	0.0416591944
1	0.6435575085	0.0133926612	0.3430498302
0	0.0052503432	0.6118135507	0.3829361062
1	0.7390370562	0.2113013242	0.0496616196
1	0.1698846354	0.4371156502	0.3929997145
0	0.8066363680	0.0000000003	0.1933636317
1	0.3147964400	0.6497775459	0.0354260141
2	0.0009574436	0.1728920905	0.8261504659
0	0.6525170674	0.0240711528	0.3234117798
0	0.0200602946	0.3104295087	0.6695101968
2	0.7311252663	0.0006383973	0.2682363364
0	0.0004011904	0.3045359186	0.6950628910
1	0.0360562738	0.0029282547	0.9610154715
0	0.0000000000	0.1435546111	0.8564453889
1	0.0000239676	0.7230279903	0.2769480420
1	0.0000799419	0.3057817775	0.6941382806
1	0.0040096642	0.9445459601	0.0514443757
1	0.0579935261	0.9158591919	0.0261472820
0	0.1724889956	0.1638125386	0.6636984658
1	0.3777760258	0.2106924130	0.4115315612
0	0.0085987568	0.2365938675	0.7548073757
1	0.0013341585	0.9929506778	0.0057151637
1	0.0000056548	0.0407458761	0.9592484691
1	0.2407998608	0.4541805269	0.3050196123
1	0.3150853243	0.0246988140	0.6602158617
0	0.7737469429	0.1588426680	0.0674103891
1	0.0000222083	0.0974544163	0.9025233754
0	0.3570026919	0.0000060203	0.6429912878
0	0.0016481730	0.9861759115	0.0121759155
1	0.2606374145	0.0297296155	0.7096329699
0	0.2144077320	0.0022545424	0.7833377255
0	0.0172713110	0.6138078064	0.3689208827
0	0.0427590952	0.2685045079	0.6887363969
1	0.2999162055	0.6780125347	0.0220712598
1	0.0004877163	0.0167488986	0.9827633851
0	0.5381971273	0.0347386846	0.4270641881
1	0.4695504872	0.2283270675	0.3021224454
1	0.0067554152	0.0486753000	0.9445692848
1	0.0078236310	0.1437654844	0.8484108846
1	0.6813016047	0.2812951399	0.0374032554
0	0.1010677549	0.2231801676	0.6757520774
0	0.3972902620	0.0247648835	0.5779448545
2	0.2858703428	0.2489759580	0.4651536992
0	0.0001207005	0.1824711234	0.8174081761
1	0.0204089842	0.0879830435	0.8916079723
0	0.8577459404	0.1416684580	0.0005856016
1	0.1310196691	0.3305367557	0.5384435752
0	0.0058573725	0.2876835405	0.7064590870
0	0.9803739938	0.0148063927	0.0048196135
0	0.0451956728	0.9354958981	0.0193084291
0	0.0068350656	0.9592830450	0.0338818894
0	0.1468729243	0.8381246874	0.0150023883
2	0.0003476367	0.9936016730	0.0060506904
0	0.1820583195	0.7966613571	0.0212803235
0	0.2439615049	0.2416798516	0.5143586435
0	0.0050112993	0.1158704994	0.8791182013
0	0.0000003405	0.1164300080	0.8835696515
1	0.1803354849	0.6344355764	0.1852289387
0	0.0000094739	0.0000673951	0.9999231309
0	0.0000000000	0.9008366278	0.0991633722
0	0.2908181118	0.6728825968	0.0362992915
0	0.0472774496	0.0504040663	0.9023184842
0	0.0052906725	0.4051753625	0.5895339650
2	0.0095859479	0.8957045799	0.0947094722
0	0.0070536383	0.2023067943	0.7906395674
1	0.0492512827	0.4389682478	0.5117804694
1	0.1090839001	0.0478891401	0.8430269599
0	0.0651129023	0.0156906087	0.9191964890
1	0.0041048434	0.0000000000	0.9958951566
0	0.6834730704	0.1423003962	0.1742265333
0	0.5752330213	0.1728779983	0.2518889805
0	0.6347454648	0.2551889197	0.1100656155
0	0.2556742054	0.0042008165	0.7401249781
1	0.0855808752	0.0692190064	0.8452001184
1	0.0022547381	0.8900726036	0.1076726583
0	0.0000462220	0.9997962048	0.0001575731
0	0.0207184305	0.1360059195	0.8432756500
0	0.7373620435	0.0374764275	0.2251615289
1	0.0000551121	0.9998764736	0.0000684143
0	0.0777299540	0.0611775397	0.8610925062
0	0.1319526311	0.5387775443	0.3292698246
0	0.1139146898	0.4268741029	0.4592112072
0	0.9978852532	0.0000000002	0.0021147467
1	0.0000808300	0.4625336184	0.5373855516
0	0.0001527075	0.9905882134	0.0092590791
1	0.0000000025	0.7170821084	0.2829178891
0	0.0000000013	0.9955092506	0.0044907481
1	0.8169970278	0.0158732157	0.1671297565
1	0.0163287139	0.7344089689	0.2492623172
0	0.6082901769	0.1848043774	0.2069054457
0	0.7974970014	0.0307057571	0.1717972415
0	0.1929880835	0.3473736102	0.4596383063
1	0.0477038623	0.0497294315	0.9025667061
0	0.0057220562	0.0021630037	0.9921149401
0	0.0999877122	0.3574298817	0.5425824061
0	0.0270708727	0.7724931624	0.2004359649
0	0.1908387405	0.4025379341	0.4066233254
0	0.0915624411	0.0000011096	0.9084364493
0	0.7088196102	0.2911322694	0.0000481204
0	0.2853729750	0.0598339900	0.6547930350
0	0.4999375287	0.3681864807	0.1318759906
1	0.4694168839	0.0168554764	0.5137276397
0	0.6122534602	0.2601138841	0.1276326557
0	0.0014855224	0.9458975978	0.0526168798
1	0.5154636141	0.0160277631	0.4685086228
0	0.1294749363	0.2737694383	0.5967556254
0	0.9292434896	0.0000002596	0.0707562508
0	0.0197125387	0.9343277171	0.0459597442
0	0.1185570174	0.8210994063	0.0603435763
0	0.8630192533	0.0638102465	0.0731705002
0	0.0000003011	0.0838706046	0.9161290943
1	0.0447416624	0.0015247109	0.9537336268
0	0.2274945584	0.7725054341	0.0000000075
1	0.1277795167	0.2004375876	0.6717828956
0	0.1170082396	0.7928982468	0.0900935137
0	0.0050856207	0.0005081731	0.9944062061
0	0.0081009695	0.0000000081	0.9918990224
0	0.6845849174	0.0140509489	0.3013641337
0	0.3719982367	0.5670504384	0.0609513249
0	0.0196008227	0.0039578209	0.9764413564
2	0.7785227143	0.0000000000	0.2214772857
1	0.0011528289	0.9876241670	0.0112230041
0	0.0697044601	0.9302955125	0.0000000274
0	0.7938939710	0.1012718754	0.1048341537
0	0.1974662406	0.7446165711	0.0579171883
0	0.0291318436	0.9372358471	0.0336323093
1	0.0180517738	0.1330862315	0.8488619947
1	0.3795898975	0.0812928616	0.5391172409
0	0.0000000000	0.0850701920	0.9149298080
1	0.8199343865	0.0846263515	0.0954392619
0	0.0185824808	0.5261801001	0.4552374191
1	0.0981653348	0.0000045214	0.9018301438
0	0.1114902496	0.8795835016	0.0089262488
0	0.1466329909	0.0735383884	0.7798286207
0	0.2811445905	0.1055161637	0.6133392458
0	0.0422681950	0.0029276664	0.9548041386
0	0.0001470258	0.0276893359	0.9721636384
1	0.0002021360	0.2454068997	0.7543909643
0	0.1239477228	0.1243804639	0.7516718133
0	0.0007581045	0.3184732683	0.6807686272
0	0.8552364434	0.1158307389	0.0289328176
0	0.1108602854	0.1091063074	0.7800334071
0	0.8603506139	0.1393704351	0.0002789510
2	0.2601317402	0.7226494641	0.0172187956
0	0.0710254414	0.0746809947	0.8542935639
0	0.0000032100	0.3403612722	0.6596355177
0	0.0001306069	0.9873027209	0.0125666722
0	0.3488232773	0.6510829052	0.0000938175
0	0.0059368990	0.1947627349	0.7993003661
2	0.3331627913	0.0060314134	0.6608057953
2	0.0043593417	0.9919463494	0.0036943088
1	0.0000175580	0.8456528329	0.1543296091
1	0.0000140872	0.6845290968	0.3154568160
2	0.0059547840	0.8075760691	0.1864691469
0	0.7534762460	0.0578912507	0.1886325033
1	0.0007846009	0.0151630876	0.9840523115
0	0.4846787059	0.0741682341	0.4411530600
1	0.0000000000	0.0956125504	0.9043874496
0	0.0772006993	0.9222668123	0.0005324884
2	0.1270748643	0.2563578101	0.6165673256
1	0.0000000000	0.8086627530	0.1913372470
0	0.1032180533	0.7961982394	0.1005837073
1	0.2357259018	0.7131620567	0.0511120414
0	0.0036488608	0.4024105619	0.5939405773
0	0.0669805344	0.0000000012	0.9330194644
1	0.6052151417	0.3714741479	0.0233107104
1	0.0042987813	0.9201648472	0.0755363715
1	0.3650301501	0.1935153903	0.4414544596
0	0.9129814376	0.0479286413	0.0390899211
0	0.0012943134	0.0632214375	0.9354842491
0	0.0000974518	0.0374759742	0.9624265739
0	0.1024650030	0.0649908634	0.8325441336
1	0.0112859525	0.9415791242	0.0471349233
0	0.1922420280	0.0313623304	0.7763956415
0	0.1795020805	0.2660283835	0.5544695360
0	0.3312733202	0.6166994939	0.0520271859
0	0.1211594099	0.0000000013	0.8788405888
0	0.0023171773	0.2670029583	0.7306798644
0	0.4853350576	0.2588069565	0.2558579859
1	0.3048422965	0.6925520713	0.0026056322
0	0.2888817852	0.2890613374	0.4220568774
0	0.7941856932	0.0229867518	0.1828275551
1	0.1701940329	0.8298059671	0.0000000000
0	0.0004753719	0.4846557675	0.5148688606
1	0.0090299302	0.9737505204	0.0172195494
1	0.4044927681	0.0012053358	0.5943018961
1	0.0015148980	0.9490841894	0.0494009127
0	0.7845975420	0.1088010288	0.1066014292
1	0.1010238155	0.8972112667	0.0017649178
0	0.5241400309	0.0468216247	0.4290383445
0	0.9343167449	0.0587808549	0.0069024002
0	0.2485678937	0.1569245893	0.5945075170
1	0.9922827620	0.0014016601	0.0063155779
0	0.0438094308	0.5472980842	0.4088924850
1	0.3384064983	0.0000000003	0.6615935014
0	0.0529071673	0.5288287675	0.4182640652
0	0.7990657807	0.0454242047	0.1555100146
1	0.0767624974	0.6460273285	0.2772101741
0	0.0103514621	0.9737045500	0.0159439879
0	0.4785392297	0.3041552907	0.2173054796
1	0.0141427634	0.0069570122	0.9789002243
0	0.0000000994	0.0690475878	0.9309523127
0	0.5030423760	0.4879879159	0.0089697081
1	0.0027477018	0.0734442539	0.9238080444
1	0.4793593541	0.0691233074	0.4515173385
0	0.0030376482	0.0000094067	0.9969529451
0	0.0038044938	0.9491367388	0.0470587673
0	0.0050552188	0.3671307646	0.6278140166
1	0.0742772608	0.9256974449	0.0000252943
0	0.6922481503	0.0307533848	0.2769984649
0	0.0005135640	0.2643690898	0.7351173462
1	0.1009510852	0.5527583479	0.3462905669
1	0.8231846549	0.1481094606	0.0287058845
1	0.1721365844	0.7643952795	0.0634681361
0	0.1855475881	0.6861926949	0.1282597170
1	0.0133501054	0.9866198876	0.0000300070
0	0.0168656335	0.1004769024	0.8826574641
0	0.4888803856	0.1861393426	0.3249802719
0	0.0137198777	0.9806070742	0.0056730481
0	0.0338368109	0.2312478625	0.7349153267
0	0.1378724376	0.0760756423	0.7860519201
0	0.0000000000	0.9656013033	0.0343986967
0	0.3142176306	0.1499629017	0.5358194677
1	0.0000000033	0.9805815010	0.0194184956
1	0.0742997522	0.8489968342	0.0767034137
0	0.0054737354	0.7047182906	0.2898079740
1	0.3424015713	0.6522321574	0.0053662713
0	0.1001875660	0.4256535068	0.4741589272
1	0.0766989282	0.7728516555	0.1504494163
0	0.0373527603	0.9614342962	0.0012129434
0	0.5670353898	0.0582701501	0.3746944601
1	0.3767025190	0.4951211448	0.1281763362
0	0.4395064433	0.3898334496	0.1706601072
0	0.5665590904	0.3398323139	0.0936085958
0	0.5623964340	0.0811297913	0.3564737746
0	0.7828960320	0.1951312813	0.0219726867
0	0.5547070934	0.1539245513	0.2913683553
1	0.7479402341	0.0244783102	0.2275814557
0	0.7587160053	0.0094691222	0.2318148725
1	0.1360637282	0.0267962659	0.8371400059
0	0.0445474224	0.8690859233	0.0863666543
0	0.5456904247	0.4335917102	0.0207178651
0	0.0000272714	0.9999629587	0.0000097699
1	0.0192514449	0.8504797125	0.1302688426
0	0.7498637821	0.0019027069	0.2482335110
0	0.1985772033	0.0001637237	0.8012590730
1	0.5045891719	0.3973607353	0.0980500928
0	0.0527158872	0.0367669931	0.9105171198
0	0.0028736569	0.5969164442	0.4002098989
0	0.0979682142	0.8990409599	0.0029908259
0	0.1095617113	0.3522489293	0.5381893595
1	0.9511606794	0.0161785076	0.0326608130
0	0.2880146823	0.0000000000	0.7119853177
0	0.0524337302	0.1319779195	0.8155883502
0	0.0102265095	0.9896963697	0.0000771208
0	0.4453472350	0.0782186539	0.4764341111
1	0.5200557401	0.0000003114	0.4799439485
0	0.0000751575	0.2494127838	0.7505120586
0	0.0370043739	0.9438370003	0.0191586258
0	0.0155901724	0.9733394365	0.0110703911
1	0.6142104837	0.0305647023	0.3552248140
0	0.0141612541	0.9394740631	0.0463646828
0	0.9384807897	0.0000000000	0.0615192103
0	0.0002214863	0.2800651318	0.7197133819
0	0.1155369106	0.0148968741	0.8695662153
1	0.0000000020	0.9992439610	0.0007560370
1	0.2665408301	0.0676818091	0.6657773608
0	0.7748054984	0.2250438686	0.0001506329
0	0.0513095475	0.0358296546	0.9128607979
1	0.8102734767	0.0000000000	0.1897265233
0	0.4564738126	0.4417513088	0.1017748786
2	0.0280410054	0.0011010247	0.9708579699
0	0.0446738398	0.9526367484	0.0026894118
0	0.0786283015	0.1477174849	0.7736542135
0	0.8168506208	0.0710631479	0.1120862314
1	0.0000000000	0.9750296032	0.0249703968
0	0.7049832298	0.0634719922	0.2315447779
2	0.2407001119	0.0336966024	0.7256032857
0	0.0024820628	0.1992363508	0.7982815864
1	0.0265701298	0.8197927192	0.1536371511
1	0.5713722055	0.2131350839	0.2154927105
0	0.0000000002	0.0182741936	0.9817258062
1	0.0308482967	0.6508900985	0.3182616048
0	0.0900576995	0.0933754422	0.8165668582
0	0.0008090992	0.2017041099	0.7974867910
0	0.0065998294	0.2047219076	0.7886782630
0	0.3799739276	0.5835928966	0.0364331758
0	0.0699054712	0.6274930768	0.3026014520
0	0.0000000765	0.8393770279	0.1606228956
0	0.1020933051	0.5740230349	0.3238836600
0	0.0191865897	0.1280764937	0.8527369166
0	0.0578150859	0.8854396298	0.0567452842
1	0.0620798170	0.2430439449	0.6948762381
0	0.0001625396	0.9547600055	0.0450774549
0	0.9447867203	0.0006657345	0.0545475453
1	0.0959182106	0.6985904757	0.2054913137
0	0.0000995922	0.0017446784	0.9981557294
1	0.0139542867	0.8188861046	0.1671596087
1	0.1954418681	0.7081969694	0.0963611625
0	0.0220911834	0.1958952335	0.7820135831
1	0.8583893237	0.1414712195	0.0001394568
0	0.0005069570	0.5311154450	0.4683775979
0	0.1968005506	0.0874219171	0.7157775323
0	0.0004558454	0.2619239246	0.7376202300
2	0.4835630699	0.1113899722	0.4050469578
0	0.4381807855	0.3528104161	0.2090087984
1	0.3802223319	0.4350123969	0.1847652713
0	0.0286244648	0.9480804354	0.0232950998
0	0.0699060563	0.8358806011	0.0942133426
0	0.5739229987	0.0741769485	0.3519000528
1	0.1199090709	0.1018009568	0.7782899723
0	0.0174123706	0.9715420045	0.0110456249
1	0.0084815181	0.2515245511	0.7399939307
1	0.5607472705	0.3279906200	0.1112621095
0	0.0421680279	0.0000010273	0.9578309447
0	0.0345741772	0.0261233293	0.9393024935
1	0.0000102857	0.0098003275	0.9901893868
1	0.1675213761	0.2483117246	0.5841668993
0	0.1287915336	0.4768891531	0.3943193133
0	0.0050623368	0.0451551181	0.9497825450
0	0.0000063254	0.0093328427	0.9906608319
0	0.0045848566	0.7102354451	0.2851796983
0	0.3023593083	0.2131731667	0.4844675250
0	0.5729857091	0.2515085857	0.1755057052
1	0.2227889623	0.5988052603	0.1784057774
0	0.2118387206	0.7879630458	0.0001982336
1	0.9690203359	0.0183032538	0.0126764103
2	0.0419536407	0.7651574725	0.1928888868
0	0.0005401428	0.6222739712	0.3771858861
0	0.7708759415	0.0102701821	0.2188538764
0	0.7636208705	0.0000591832	0.2363199462
1	0.0116604152	0.7136041689	0.2747354159
0	0.2636105739	0.5441206656	0.1922687605
0	0.4455541099	0.0000000051	0.5544458850
0	0.1046074096	0.0434864434	0.8519061470
0	0.9115019103	0.0105782165	0.0779198731
1	0.0683880265	0.4415769163	0.4900350572
0	0.0005156582	0.0897904600	0.9096938817
1	0.2771691247	0.1255682412	0.5972626340
0	0.1274563441	0.6412962584	0.2312473975
0	0.0692760085	0.7488237277	0.1819002638
0	0.0156129472	0.8776705762	0.1067164766
0	0.0030135244	0.0000001650	0.9969863106
0	0.0539168258	0.9460003401	0.0000828341
0	0.7065845431	0.1912019264	0.1022135304
0	0.1209061924	0.0105663180	0.8685274896
1	0.5819373174	0.0047726234	0.4132900593
1	0.0301361820	0.6643826221	0.3054811959
1	0.8363629827	0.0460456711	0.1175913462
0	0.0509217756	0.5845585717	0.3645196527
0	0.0109225214	0.2490393789	0.7400380997
0	0.8944507893	0.0940367771	0.0115124336
0	0.1990528900	0.0512830174	0.7496640926
0	0.9464852262	0.0000020467	0.0535127270
1	0.3906806347	0.1377074561	0.4716119091
0	0.1215520365	0.0904876481	0.7879603154
0	0.3033622025	0.3767487414	0.3198890561
1	0.2796084806	0.4992234833	0.2211680361
0	0.0000982623	0.9781939814	0.0217077562
0	0.2370277772	0.0000000000	0.7629722228
0	0.2871982306	0.5222209208	0.1905808485
1	0.1467843533	0.8410182604	0.0121973863
0	0.0017496298	0.0584878728	0.9397624974
1	0.0111884298	0.6035098733	0.3853016969
1	0.0000014345	0.0000556988	0.9999428667
0	0.5836491766	0.1416443565	0.2747064668
1	0.9082719215	0.0000184568	0.0917096218
0	0.0012317536	0.9679612137	0.0308070327
1	0.8706210370	0.0884520722	0.0409268908
0	0.4716629789	0.1633667078	0.3649703133
0	0.4749033458	0.0131572643	0.5119393899
0	0.9246434376	0.0169647594	0.0583918030
0	0.3488499825	0.0670047138	0.5841453037
0	0.0065697722	0.5610218695	0.4324083583
0	0.0705486738	0.0000240641	0.9294272621
0	0.0161288751	0.9443018346	0.0395692902
1	0.0000066708	0.7100635684	0.2899297608
0	0.0225341171	0.9356625584	0.0418033244
1	0.1419164047	0.7899848465	0.0680987488
1	0.0000000000	0.7600547586	0.2399452414
1	0.0864466990	0.8480487635	0.0655045375
2	0.0561317901	0.0000026391	0.9438655708
0	0.0000000000	0.9928175817	0.0071824183
1	0.5161798776	0.0014832248	0.4823368977
0	0.0040205770	0.1210671141	0.8749123089
0	0.0078306891	0.0041320301	0.9880372809
1	0.5454886783	0.2393631394	0.2151481822
0	0.5963046625	0.0183271934	0.3853681441
0	0.0039468395	0.7204850693	0.2755680912
0	0.0005801149	0.2615981560	0.7378217291
1	0.0298598639	0.7856218892	0.1845182469
0	0.2640829367	0.7350499941	0.0008670691
0	0.5065261007	0.0000000016	0.4934738977
0	0.7712561007	0.2101189199	0.0186249794
0	0.0147643708	0.1008772994	0.8843583297
0	0.2513676569	0.7467732279	0.0018591153
0	0.0412912640	0.8824932351	0.0762155009
0	0.0850184691	0.0001394066	0.9148421243
0	0.1094804888	0.8903103275	0.0002091836
0	0.2047452417	0.6156453641	0.1796093942
1	0.0072760662	0.0184026339	0.9743212999
0	0.0001125409	0.0028303067	0.9970571524
0	0.3136985886	0.6863013730	0.0000000384
0	0.0037689422	0.9933515548	0.0028795031
1	0.2431594762	0.5034498735	0.2533906504
1	0.6676843844	0.0000000000	0.3323156156
0	0.0395264248	0.4060653429	0.5544082323
1	0.4451328787	0.5538338122	0.0010333091
0	0.8800632205	0.0000186100	0.1199181695
1	0.7049327217	0.0740788784	0.2209883998
1	0.0556194806	0.9296136759	0.0147668435
0	0.1823075861	0.0311761859	0.7865162280
0	0.0029170974	0.0553972618	0.9416856408
1	0.5154678336	0.3485867455	0.1359454208
0	0.9170704940	0.0000001819	0.0829293241
0	0.0613011163	0.3067950829	0.6319038008
0	0.0034330814	0.2362798224	0.7602870962
1	0.0017107130	0.1637958347	0.8344934523
0	0.0377613810	0.0571228706	0.9051157484
0	0.0926395795	0.0000531782	0.9073072423
1	0.1867746348	0.0000000000	0.8132253652
0	0.9391745561	0.0135682157	0.0472572282
1	0.6531300062	0.2360765900	0.1107934038
2	0.0041773756	0.4503448961	0.5454777284
0	0.0033043871	0.6571049286	0.3395906843
1	0.8584116714	0.0605049379	0.0810833907
1	0.5775925481	0.1744708086	0.2479366433
0	0.0074432329	0.9923310623	0.0002257048
2	0.0886655458	0.0233235698	0.8880108845
0	0.0458741403	0.1334805770	0.8206452827
0	0.4461960405	0.2669804940	0.2868234655
0	0.0043286852	0.9753950329	0.0202762819
0	0.5034015774	0.1164650036	0.3801334189
0	0.3125541436	0.5986528604	0.0887929959
1	0.0000002448	0.0392184331	0.9607813221
1	0.9686618122	0.0089460176	0.0223921701
0	0.0017490175	0.0028798976	0.9953710849
0	0.0000608785	0.2908570366	0.7090820849
1	0.1105071062	0.0000009121	0.8894919817
0	0.6104765057	0.1790172805	0.2105062138
0	0.7545824951	0.1941473983	0.0512701066
0	0.0025199608	0.8870680350	0.1104120042
0	0.0014721450	0.9932765993	0.0052512558
1	0.0000000000	0.9414092624	0.0585907376
0	0.1295913786	0.7426681455	0.1277404759
1	0.5084467918	0.0201069578	0.4714462504
0	0.5602786897	0.3929191108	0.0468021995
0	0.0786426011	0.8165140405	0.1048433584
1	0.0061967227	0.0210915922	0.9727116851
0	0.0043032287	0.4193095850	0.5763871863
1	0.0284843493	0.2164221056	0.7550935451
1	0.8961417053	0.0025113599	0.1013469349
1	0.0405820276	0.0000000000	0.9594179724
0	0.0122287571	0.0045687073	0.9832025356
0	0.0046136136	0.2452028814	0.7501835050
0	0.0996099757	0.6319522962	0.2684377281
0	0.0961251542	0.5118636919	0.3920111539
0	0.2716158986	0.3196407816	0.4087433198
0	0.0000391438	0.0864175000	0.9135433562
0	0.0014791527	0.9844604648	0.0140603825
0	0.3047287474	0.3954279974	0.2998432551
0	0.0167342296	0.0000069838	0.9832587866
1	0.0947034899	0.7264054387	0.1788910714
1	0.1936834794	0.0393716693	0.7669448513
0	0.1506009720	0.8493516396	0.0000473885
0	0.0332735876	0.7326171271	0.2341092854
1	0.0456604209	0.7186611865	0.2356783927
0	0.1349806801	0.0589879028	0.8060314170
0	0.5481134490	0.4172569512	0.0346295999
0	0.0000000000	0.9448656717	0.0551343283
0	0.2814415770	0.7185565472	0.0000018758
0	0.0000263417	0.7237197864	0.2762538719
0	0.8000631648	0.0000000000	0.1999368352
0	0.3341017555	0.6658605657	0.0000376787
0	0.0000000021	0.0001447965	0.9998552014
0	0.0912702965	0.0068424253	0.9018872781
1	0.0279082358	0.6853022392	0.2867895250
0	0.0000000000	0.3343765955	0.6656234045
0	0.2791734370	0.5899863695	0.1308401935
0	0.5446913370	0.0000000000	0.4553086629
0	0.2329695614	0.2946312228	0.4723992158
0	0.0195911185	0.8017388964	0.1786699851
0	0.0085479069	0.0085867656	0.9828653275
