1	0.2848383626	0.0038887949	0.7112728425
1	0.9215781796	0.0339998514	0.0444219690
1	0.6603524663	0.1091476327	0.2304999010
1	0.0380047572	0.9619952420	0.0000000008
0	0.0030785534	0.2014479912	0.7954734555
1	0.8986270717	0.0595747464	0.0417981819
0	0.0791289143	0.3900210658	0.5308500198
2	0.1801043236	0.3309298742	0.4889658023
1	0.0268892793	0.9067424102	0.0663683104
1	0.9766452232	0.0054628700	0.0178919068
1	0.7991303867	0.1032028378	0.0976667755
0	0.0308101280	0.9691895253	0.0000003467
1	0.9715511051	0.0041798350	0.0242690600
0	0.7097794859	0.2902204884	0.0000000257
0	0.0336501528	0.3926006648	0.5737491824
0	0.0155195221	0.9769204762	0.0075600018
1	0.0000000000	0.3700455152	0.6299544848
2	0.6319808587	0.3676156290	0.0004035123
1	0.4497499159	0.5379130395	0.0123370446
1	0.0865125435	0.1550961117	0.7583913449
1	0.0234698148	0.2559710502	0.7205591350
1	0.4052342194	0.5756652932	0.0191004874
0	0.0491658718	0.9506306989	0.0002034293
0	0.5498751070	0.0592444125	0.3908804805
1	0.2274701580	0.7688206179	0.0037092241
1	0.0064250791	0.4951613653	0.4984135557
0	0.2269919176	0.7093752266	0.0636328558
0	0.2676692154	0.4823672696	0.2499635150
0	0.0045699509	0.0244531617	0.9709768874
0	0.0631666436	0.0270817099	0.9097516465
1	0.8537805938	0.0859165429	0.0603028632
0	0.0039072422	0.0159551973	0.9801375604
0	0.0380094933	0.6495650257	0.3124254810
1	0.9455382207	0.0482064546	0.0062553248
2	0.0519473851	0.9480517921	0.0000008228
0	0.1024450237	0.8815582656	0.0159967107
0	0.0463082087	0.0348991249	0.9187926664
0	0.1800028681	0.4219388141	0.3980583177
2	0.0738655029	0.1713812600	0.7547532372
0	0.0034258344	0.9869827020	0.0095914636
1	0.0843007568	0.2434279987	0.6722712444
1	0.5590849994	0.4409114868	0.0000035139
0	0.9979269060	0.0004745972	0.0015984968
0	0.0138242701	0.4150094083	0.5711663215
0	0.0000034418	0.9082554687	0.0917410894
1	0.0000000000	0.9403431345	0.0596568655
1	0.0000000000	0.8845308556	0.1154691444
0	0.3521999674	0.6478000326	0.0000000000
1	0.6873330790	0.0417676943	0.2708992267
0	0.0000652333	0.0000648495	0.9998699172
0	0.7009753261	0.2990246738	0.0000000001
0	0.0000444189	0.0852139850	0.9147415961
0	0.0201390133	0.8789747642	0.1008862224
0	0.0402075681	0.3662926625	0.5934997694
1	0.2664928201	0.4280492585	0.3054579214
0	0.0009017766	0.9926460367	0.0064521867
2	0.3203624623	0.6742373005	0.0054002372
1	0.0287246657	0.6343025054	0.3369728289
1	0.2573808550	0.7426191450	0.0000000000
0	0.0682112422	0.0067608022	0.9250279556
0	0.2689242756	0.6791256945	0.0519500299
0	0.0016441912	0.9329766218	0.0653791870
0	0.1782227350	0.8217772649	0.0000000001
0	0.9656294166	0.0343705733	0.0000000101
0	0.1798772342	0.8155187918	0.0046039740
0	0.9311907937	0.0668356786	0.0019735277
1	0.2483851135	0.7516088639	0.0000060226
0	0.0000807649	0.1662648074	0.8336544277
0	0.9825316799	0.0045262870	0.0129420330
1	0.0016870743	0.9982476213	0.0000653044
0	0.1900297762	0.0058272655	0.8041429583
1	0.0175392804	0.2339876690	0.7484730506
0	0.9321563074	0.0675200121	0.0003236805
2	0.4077268643	0.4109127367	0.1813603989
0	0.0001695129	0.6641721282	0.3356583589
1	0.8095826382	0.0018548209	0.1885625409
2	0.6511954679	0.2189432036	0.1298613285
2	0.0000000000	1.0000000000	0.0000000000
1	0.5249673796	0.0576620475	0.4173705730
1	0.2478132064	0.0000255092	0.7521612844
0	0.0862461823	0.0000178913	0.9137359263
0	0.0041696690	0.0910539099	0.9047764211
1	0.9559943727	0.0300286900	0.0139769373
2	0.1552723754	0.6003674541	0.2443601705
0	0.0000000243	0.1674791223	0.8325208534
0	0.1785392961	0.2728675937	0.5485931101
0	0.5604416801	0.0054901462	0.4340681737
1	0.0095132053	0.2424453244	0.7480414704
0	0.5948128844	0.3515904570	0.0535966586
1	0.8727248259	0.0860949819	0.0411801922
0	0.0069388817	0.7652228407	0.2278382777
0	0.1094682321	0.1227933009	0.7677384671
0	0.0004126521	0.7460007930	0.2535865549
0	0.5568951781	0.2873015020	0.1558033199
0	0.2541346783	0.0047461658	0.7411191558
0	0.0000037726	0.9999962274	0.0000000000
0	0.1219468604	0.2469697905	0.6310833491
0	0.9911908836	0.0088045976	0.0000045187
0	0.0306523790	0.9382765980	0.0310710230
0	0.0333343957	0.1369435086	0.8297220958
1	0.0744147989	0.9221563865	0.0034288146
0	0.6628745856	0.2733608847	0.0637645297
0	0.0198527717	0.8939920967	0.0861551316
0	0.6238475877	0.1317495987	0.2444028136
1	0.0882172132	0.6775747960	0.2342079908
0	0.0000000000	0.1183424640	0.8816575360
0	0.1184563966	0.1178057179	0.7637378855
2	0.0000012883	0.0636340655	0.9363646462
0	0.0000000000	0.9999999926	0.0000000074
1	0.0282147220	0.5875245090	0.3842607690
1	0.0067817018	0.9709796120	0.0222386862
0	0.1353433527	0.0002892994	0.8643673479
0	0.9410026620	0.0039071307	0.0550902073
0	0.2974375769	0.6530235170	0.0495389061
0	0.0110424053	0.8264402952	0.1625172994
0	0.0000134292	0.9892533444	0.0107332264
0	0.5856204476	0.0441449978	0.3702345545
0	0.9295764853	0.0505141966	0.0199093181
0	0.0033427775	0.1373620177	0.8592952048
1	0.0356324829	0.0376902411	0.9266772759
1	0.4948130122	0.5038929755	0.0012940123
1	0.4457891961	0.5258348509	0.0283759530
0	0.0330560315	0.9561855534	0.0107584151
1	0.0503502762	0.7064296698	0.2432200540
0	0.1111308615	0.0315077387	0.8573613998
0	0.1731281546	0.6223020948	0.2045697506
0	0.0033414118	0.7729841067	0.2236744815
0	0.3001167218	0.6447783925	0.0551048857
0	0.0001469055	0.6026424720	0.3972106224
0	0.0003363903	0.9676625682	0.0320010416
0	0.0116530911	0.4769826631	0.5113642458
1	0.7629714488	0.0216415861	0.2153869651
1	0.5574282525	0.0834389669	0.3591327806
0	0.0640443135	0.9296653644	0.0062903221
0	0.9896724736	0.0005688517	0.0097586747
0	0.1404367299	0.0607298637	0.7988334064
0	0.8934310563	0.0000000000	0.1065689437
1	0.9745264911	0.0180185446	0.0074549643
0	0.0995038115	0.0276961226	0.8728000659
0	0.0000147693	0.9249562284	0.0750290023
0	0.8711627108	0.0948070531	0.0340302362
1	0.0024396194	0.0082016057	0.9893587750
1	0.0107354276	0.0714798738	0.9177846986
0	0.3906868702	0.6092546422	0.0000584876
1	0.7484926039	0.2515072409	0.0000001552
1	0.9982287564	0.0001629583	0.0016082852
0	0.2919574113	0.6856789903	0.0223635984
0	0.7652549840	0.0366661587	0.1980788573
0	0.2313793131	0.3960373228	0.3725833641
1	0.0110456830	0.9840371348	0.0049171823
0	0.7083508409	0.2318466682	0.0598024910
0	0.0651013011	0.8403018130	0.0945968858
0	0.7913756101	0.2058363730	0.0027880170
1	0.2102874986	0.6501210186	0.1395914828
0	0.0598363669	0.9401615888	0.0000020442
1	0.0000015333	0.7636128491	0.2363856175
0	0.0000000000	0.8788258274	0.1211741726
1	0.0190617047	0.3207450614	0.6601932339
0	0.0026989439	0.9973009235	0.0000001326
0	0.9307337879	0.0373057974	0.0319604146
0	0.0082653984	0.3112578932	0.6804767084
1	0.7721149394	0.2278850590	0.0000000015
1	0.5962773522	0.0000000000	0.4037226478
1	0.0876499741	0.8397041500	0.0726458759
0	0.9382333378	0.0334223714	0.0283442907
0	0.3291096067	0.0000937957	0.6707965976
0	0.9779126810	0.0000000304	0.0220872887
0	0.0000002131	0.8590182396	0.1409815473
0	0.0312537733	0.3383035538	0.6304426729
0	0.4301260854	0.2634088012	0.3064651134
1	0.9997604654	0.0000002027	0.0002393320
1	0.0114740433	0.6146934596	0.3738324971
0	0.7040376071	0.1925526088	0.1034097841
0	0.0000000155	0.7256776455	0.2743223390
0	0.9800181471	0.0062499869	0.0137318660
0	0.3710703117	0.6287355177	0.0001941706
1	0.9985674594	0.0000282282	0.0014043124
0	0.8383725973	0.1570724364	0.0045549664
0	0.0000000023	0.9403501270	0.0596498707
0	0.0001549030	0.7481451379	0.2516999591
0	0.8044752450	0.1827050966	0.0128196584
0	0.0510107962	0.1360074637	0.8129817401
0	0.0392480142	0.9165794950	0.0441724909
0	0.2970556567	0.6530669666	0.0498773767
1	0.3603877923	0.1397639244	0.4998482833
1	0.5359772529	0.3589602182	0.1050625288
0	0.3986210632	0.3551900830	0.2461888538
1	0.1437461143	0.2023243607	0.6539295250
0	0.6564907966	0.3153717538	0.0281374497
1	0.2044717763	0.0527671056	0.7427611181
0	0.2985215231	0.7010370053	0.0004414716
0	0.3928381944	0.2051461601	0.4020156455
0	0.1613272533	0.1508604482	0.6878122985
0	0.0072106454	0.0958935792	0.8968957754
0	0.0111469323	0.0699226954	0.9189303723
0	0.9911390926	0.0085351285	0.0003257788
0	0.1138888427	0.0000293609	0.8860817965
0	0.0006555659	0.0292761335	0.9700683006
1	0.8750334348	0.0005620353	0.1244045299
1	0.1019608388	0.8980391612	0.0000000000
0	0.0514781469	0.8609779714	0.0875438817
1	0.1024140325	0.2007256099	0.6968603576
1	0.0164333923	0.5985346714	0.3850319363
0	0.4577307691	0.0000000000	0.5422692309
1	0.1189006445	0.0860450160	0.7950543395
1	0.0374104928	0.1704873245	0.7921021827
0	0.5854003024	0.3645656446	0.0500340530
0	0.0070389920	0.9866037002	0.0063573078
1	0.0153133634	0.9786325523	0.0060540844
1	0.0197545838	0.4836467448	0.4965986714
0	0.5196640120	0.0000940544	0.4802419336
1	0.0012086336	0.7322931296	0.2664982368
1	0.6296868352	0.0009464073	0.3693667575
0	0.0000000005	0.0000538711	0.9999461284
0	0.1860175092	0.2046659756	0.6093165151
0	0.7649684862	0.2338716856	0.0011598282
1	0.8918974420	0.1080259486	0.0000766094
0	0.3683484455	0.3764841864	0.2551673681
1	0.1402799996	0.5353846086	0.3243353918
0	0.5279348227	0.0206997289	0.4513654485
1	0.0000484181	0.9654245751	0.0345270068
0	0.7458678854	0.0281845059	0.2259476087
1	0.9542352898	0.0457647102	0.0000000000
0	0.0000412509	0.9995690727	0.0003896764
0	0.0000000000	0.7474438294	0.2525561706
0	0.0572640637	0.9073675581	0.0353683782
0	0.0020551461	0.9638339275	0.0341109265
0	0.0073074090	0.1069498566	0.8857427343
1	0.4056384926	0.0000047724	0.5943567350
0	0.1560857033	0.7109527038	0.1329615929
0	0.9191193368	0.0439011241	0.0369795391
0	0.0000060743	0.1823330318	0.8176608939
1	0.7071090327	0.2928279494	0.0000630179
2	0.0244467043	0.4953055198	0.4802477759
0	0.6979395323	0.2852569373	0.0168035304
0	0.1693286816	0.4086602338	0.4220110846
0	0.8425904675	0.1000514938	0.0573580387
0	0.0038415711	0.0018642519	0.9942941769
0	0.5263158344	0.4230711285	0.0506130371
1	0.0000007704	0.8182332030	0.1817660266
0	0.0031161721	0.0291601274	0.9677237005
0	0.0000000001	0.9338790509	0.0661209491
1	0.4757739773	0.5161495242	0.0080764986
1	0.0031993512	0.9062821858	0.0905184630
1	0.8373380104	0.1096532493	0.0530087403
1	0.0000016221	0.9745069257	0.0254914522
0	0.0661212191	0.2034524606	0.7304263202
2	0.0000000000	0.0224075521	0.9775924479
0	0.0053331096	0.8154611728	0.1792057175
0	0.2553115643	0.7304687837	0.0142196520
0	0.4273656871	0.1085946077	0.4640397052
1	0.1989923048	0.8010076952	0.0000000000
0	0.0000000000	0.1971327477	0.8028672523
1	0.5858960404	0.4140109531	0.0000930065
0	0.6202877435	0.2129455455	0.1667667109
0	0.7622598417	0.0953858582	0.1423543001
1	0.0005078571	0.2192552241	0.7802369188
1	0.0044697509	0.4776863679	0.5178438812
0	0.0000000000	0.4436903621	0.5563096379
0	0.1049585595	0.7401805647	0.1548608758
0	0.2139281400	0.7043923074	0.0816795527
0	0.3184538413	0.0115095157	0.6700366430
1	0.0238523375	0.9651615225	0.0109861400
0	0.0493803595	0.2735915206	0.6770281199
2	0.0572765183	0.7945936366	0.1481298451
0	0.0388649753	0.9464729800	0.0146620447
0	0.6329054704	0.0000800794	0.3670144501
2	0.1300633711	0.6713827304	0.1985538985
1	0.0336636793	0.1463287897	0.8200075310
0	0.0000000000	0.0180966014	0.9819033986
1	0.0256548328	0.4271416881	0.5472034791
1	0.9988886982	0.0001096055	0.0010016963
1	0.0869858774	0.5898635436	0.3231505791
1	0.0317222902	0.7291923026	0.2390854071
1	0.0000009695	0.2315804404	0.7684185901
0	0.0016187072	0.8979732903	0.1004080025
0	0.6900208732	0.3046397270	0.0053393998
1	0.7944690833	0.0713618832	0.1341690336
1	0.6050862636	0.3564763530	0.0384373834
1	0.0286707908	0.9713278971	0.0000013121
0	0.9897938200	0.0020550302	0.0081511498
1	0.3694761978	0.6048544001	0.0256694022
0	0.0197223259	0.9788245059	0.0014531682
0	0.7247256127	0.0521206924	0.2231536948
0	0.3418709527	0.0166878693	0.6414411780
0	0.9923773019	0.0071660991	0.0004565990
0	0.4855130236	0.1003961022	0.4140908742
0	0.0266176564	0.6506442481	0.3227380955
0	0.3828689684	0.1259840011	0.4911470304
0	0.5107355653	0.3891807290	0.1000837058
0	0.7900636100	0.0859921037	0.1239442863
0	0.0517454882	0.2427341306	0.7055203812
0	0.0000000003	0.0370554467	0.9629445530
0	0.4827886828	0.5166546998	0.0005566175
0	0.0860027089	0.9120812003	0.0019160908
0	0.0000145136	0.8962274619	0.1037580245
0	0.3435030266	0.0040429528	0.6524540206
0	0.5576267344	0.0461861198	0.3961871458
0	0.5009477895	0.0778444075	0.4212078030
0	0.3169534218	0.6778617871	0.0051847911
0	0.0000000000	0.6892812863	0.3107187137
0	0.0001532558	0.9998467442	0.0000000000
1	0.0707860596	0.8677685712	0.0614453692
0	0.0100886831	0.0136208481	0.9762904687
0	0.0170600396	0.0765191997	0.9064207607
1	0.0062929144	0.0729958555	0.9207112301
1	0.3847228766	0.4649872958	0.1502898276
0	0.2769852291	0.0000004157	0.7230143552
0	0.0171074484	0.2342858126	0.7486067390
0	0.0392405060	0.8430371051	0.1177223889
1	0.8274824235	0.1403258557	0.0321917208
0	0.0001009571	0.1933302273	0.8065688156
0	0.0013394762	0.6455990861	0.3530614378
0	0.8992062549	0.0738979486	0.0268957964
0	0.0000000000	0.7762773658	0.2237226342
0	0.0310241287	0.1504817270	0.8184941443
0	0.8286519183	0.1616983513	0.0096497304
1	0.3002270628	0.5753243963	0.1244485409
0	0.0627565416	0.0469338151	0.8903096432
1	0.0005963472	0.2867896187	0.7126140341
0	0.9896009950	0.0012256769	0.0091733281
0	0.6804365352	0.1005659510	0.2189975138
1	0.0448869292	0.5701731033	0.3849399675
1	0.6136526096	0.2971432206	0.0892041699
0	0.1641302110	0.6599457849	0.1759240041
0	0.0909117496	0.9006792514	0.0084089991
1	0.1226878458	0.8767625237	0.0005496305
0	0.3342087789	0.2691628421	0.3966283790
0	0.1101468144	0.1177448840	0.7721083016
0	0.2935901191	0.0270135271	0.6793963538
0	0.0000000020	0.1582443675	0.8417556305
0	0.5052705222	0.4947294765	0.0000000013
1	0.0014863951	0.9966325661	0.0018810388
0	0.0060901230	0.8924345085	0.1014753686
1	0.0000007130	0.9911135253	0.0088857617
2	0.2984365900	0.1572923626	0.5442710473
1	0.0000000000	0.9749239697	0.0250760303
1	0.0004418421	0.1113572994	0.8882008586
1	0.0407335804	0.0648366919	0.8944297277
1	0.0146263758	0.9853736242	0.0000000000
1	0.2727819126	0.3269166649	0.4003014224
1	0.1346991894	0.7608856548	0.1044151558
0	0.0000001016	0.5835039715	0.4164959269
0	0.0014150199	0.9963615770	0.0022234032
0	0.0664920355	0.1836240025	0.7498839620
0	0.1755788788	0.0819448963	0.7424762249
0	0.5049451515	0.4920252419	0.0030296067
1	0.9955507145	0.0026598147	0.0017894708
1	0.5545402877	0.1796126312	0.2658470811
0	0.0046129279	0.3035806592	0.6918064128
1	0.1008721489	0.6847973636	0.2143304875
1	0.0466633474	0.7544502851	0.1988863675
0	0.7196361905	0.2622619699	0.0181018396
1	0.1049839967	0.8810166023	0.0139994010
1	0.4295093814	0.0415127273	0.5289778912
0	0.1950291940	0.2018747426	0.6030960634
0	0.0080325589	0.9916643069	0.0003031343
0	0.7585353000	0.2180333381	0.0234313619
0	0.9140439765	0.0859560235	0.0000000000
2	0.0000000001	0.7446747221	0.2553252778
1	0.0000000012	0.4574790615	0.5425209372
1	0.0011440237	0.9750098100	0.0238461663
1	0.0006084182	0.2766882395	0.7227033423
2	0.9966417647	0.0028374032	0.0005208321
0	0.0384006323	0.0481788277	0.9134205400
1	0.3324494782	0.6617720958	0.0057784260
1	0.9659160407	0.0001955594	0.0338883999
0	0.8819731252	0.0649689328	0.0530579420
0	0.0000035296	0.9895879396	0.0104085308
1	0.9790830424	0.0199921627	0.0009247949
1	0.2281201317	0.4774504906	0.2944293777
0	0.0184176380	0.2384770695	0.7431052925
1	0.4821802994	0.0928152710	0.4250044296
1	0.0012221119	0.0000095719	0.9987683162
0	0.9926362189	0.0055479134	0.0018158677
0	0.0495606980	0.9393934976	0.0110458044
0	0.0744768913	0.7759642190	0.1495588897
1	0.3213192135	0.3233476301	0.3553331564
0	0.6680913638	0.3101489223	0.0217597139
0	0.0021179979	0.9190615996	0.0788204025
0	0.0074583983	0.2551488617	0.7373927401
0	0.0000000135	0.9999522985	0.0000476880
1	0.0003471205	0.9476849343	0.0519679452
1	0.0024953941	0.1990400358	0.7984645701
0	0.8911984462	0.1029846640	0.0058168898
1	0.0512210914	0.1924835677	0.7562953409
0	0.0859858037	0.5469454976	0.3670686987
0	0.0000000001	0.0234657263	0.9765342736
0	0.9970343808	0.0024797971	0.0004858221
0	0.9847505440	0.0103299119	0.0049195440
1	0.1890488455	0.7910984108	0.0198527437
1	0.2798853520	0.1480512900	0.5720633580
2	0.7893354963	0.1400028864	0.0706616173
1	0.1715984161	0.0031229863	0.8252785976
0	0.0063085419	0.7460295224	0.2476619357
1	0.0000005302	0.8898328590	0.1101666108
1	0.7872913076	0.1821695228	0.0305391696
1	0.9028347694	0.0963908350	0.0007743956
1	0.2172428043	0.7143245176	0.0684326780
1	0.1476078310	0.5340248474	0.3183673216
1	0.0000349701	0.0037917936	0.9961732364
0	0.0014211119	0.1782151220	0.8203637661
1	0.5353340850	0.4597952404	0.0048706746
1	0.0002759223	0.7872129013	0.2125111764
1	0.0034441898	0.8580743725	0.1384814377
0	0.0115475891	0.0015455330	0.9869068779
1	0.0560034051	0.1296843937	0.8143122012
0	0.9753785303	0.0000055195	0.0246159502
0	0.5716253941	0.3249521395	0.1034224664
0	0.2296376544	0.7703618632	0.0000004824
0	0.8061052198	0.1867797422	0.0071150379
1	0.9377865401	0.0580538493	0.0041596106
0	0.6675714664	0.1863310279	0.1460975056
0	0.1445184216	0.6745997454	0.1808818330
0	0.0002248661	0.9996125707	0.0001625632
1	0.9099517199	0.0795658713	0.0104824088
0	0.7976445048	0.0143436039	0.1880118913
1	0.0000000575	0.8950017507	0.1049981918
1	0.1905565860	0.7317849473	0.0776584667
0	0.3937082492	0.5808906917	0.0254010591
0	0.2043027534	0.3523405634	0.4433566832
0	0.0343874786	0.8256976421	0.1399148793
1	0.9953248590	0.0000000180	0.0046751230
2	0.3923105986	0.5076754336	0.1000139678
0	0.0000000000	0.8252884032	0.1747115968
1	0.0693452397	0.0127092950	0.9179454653
0	0.8480383075	0.0197244007	0.1322372919
0	0.9456483092	0.0251039409	0.0292477499
0	0.0956985209	0.9008550638	0.0034464153
0	0.0095750433	0.9904249567	0.0000000001
0	0.1652369060	0.8132106832	0.0215524108
0	0.1266000542	0.1632275593	0.7101723865
0	0.0000447294	0.0988690951	0.9010861755
1	0.9522136896	0.0312415702	0.0165447403
0	0.0000003118	0.8131858941	0.1868137942
0	0.0235361591	0.4244928080	0.5519710329
1	0.0496071036	0.8299580487	0.1204348477
1	0.1930984629	0.0109388196	0.7959627174
0	0.6162428186	0.3826273823	0.0011297991
1	0.6511462453	0.1456941952	0.2031595595
1	0.0902142887	0.3170564468	0.5927292645
0	0.0629837023	0.8539042472	0.0831120505
1	0.0000004046	0.9999823498	0.0000172456
0	0.0105573244	0.9677023248	0.0217403508
0	0.0465567563	0.9065616638	0.0468815800
0	0.7566915384	0.1131163858	0.1301920758
0	0.0471032682	0.9093085831	0.0435881487
0	0.0017835743	0.9977435033	0.0004729224
0	0.0610487704	0.3600089059	0.5789423237
0	0.4988964380	0.0000536638	0.5010498982
0	0.0621482478	0.8740900302	0.0637617220
0	0.9891330753	0.0062693987	0.0045975260
0	0.0000000028	0.9267943490	0.0732056482
0	0.5497686455	0.2856303876	0.1646009670
1	0.1216749932	0.5354953179	0.3428296888
0	0.0000016199	0.0051001907	0.9948981894
1	0.0334268435	0.0582274192	0.9083457373
0	0.5154373890	0.2684146529	0.2161479581
0	0.0105092549	0.0000000914	0.9894906537
0	0.3666218744	0.4107159375	0.2226621881
0	0.0000000030	0.0091194342	0.9908805628
1	0.1870953907	0.1596334577	0.6532711516
0	0.0001256830	0.2927150656	0.7071592514
0	0.0000000570	0.6416152958	0.3583846472
0	0.3617310520	0.6382688968	0.0000000513
0	0.5912992205	0.4021739438	0.0065268357
1	0.0790743104	0.4956812772	0.4252444124
0	0.2122309975	0.7838625454	0.0039064571
1	0.0003814962	0.0000000000	0.9996185038
1	0.0041903436	0.0549001060	0.9409095504
2	0.7376878842	0.0516195887	0.2106925270
1	0.0000014642	0.3172077309	0.6827908049
0	0.0777810428	0.0813432616	0.8408756956
1	0.0003712664	0.4846937343	0.5149349992
0	0.0801236282	0.8973581179	0.0225182538
1	0.0858667385	0.0147338945	0.8993993669
0	0.0000374271	0.9544437956	0.0455187774
0	0.9674635859	0.0106456498	0.0218907643
0	0.0000000000	0.9913284514	0.0086715486
2	0.9121393766	0.0314876259	0.0563729975
1	0.0000741679	0.9121861399	0.0877396922
0	0.9977586595	0.0000000463	0.0022412943
0	0.0000000000	0.0000000000	1.0000000000
0	0.0919388921	0.9080559450	0.0000051628
1	0.8181472502	0.1542527872	0.0275999626
0	0.3136534722	0.0276585939	0.6586879339
0	0.7288031710	0.2711160690	0.0000807601
0	0.7900761658	0.0929890310	0.1169348032
0	0.9126752672	0.0462251672	0.0410995657
0	0.0152551338	0.4696269222	0.5151179441
0	0.9587972101	0.0256668778	0.0155359121
0	0.1640012467	0.0000066097	0.8359921436
0	0.9999830689	0.0000006665	0.0000162646
0	0.0033679385	0.9966320614	0.0000000001
0	0.0208851753	0.3241042351	0.6550105896
1	0.0004322291	0.9124843996	0.0870833713
1	0.0000000000	0.7465264283	0.2534735717
1	0.0005572343	0.0990766060	0.9003661596
0	0.8834989536	0.0084480781	0.1080529682
0	0.6091573952	0.2938955810	0.0969470238
