0	0.0702486113	0.0135226668	0.9162287219
0	0.1933885749	0.4213491410	0.3852622841
1	0.7161212374	0.0895387481	0.1943400144
0	0.5062666956	0.2451957934	0.2485375111
1	0.0273183239	0.3258268555	0.6468548206
0	0.0195491749	0.6830290771	0.2974217479
2	0.1521251128	0.0073427906	0.8405320966
1	0.0225196360	0.9229071119	0.0545732520
0	0.9472632861	0.0012718225	0.0514648914
1	0.0000000000	0.2117801157	0.7882198843
0	0.0219876922	0.7103508634	0.2676614444
0	0.0000000000	0.4142139881	0.5857860119
0	0.3961213167	0.5495167800	0.0543619033
0	0.7860603514	0.0593880309	0.1545516177
0	0.6804454965	0.2460081480	0.0735463555
0	0.6347166132	0.2884410265	0.0768423602
1	0.0300374001	0.8857791268	0.0841834731
0	0.1152581728	0.0777097064	0.8070321208
0	0.1220553137	0.0000000416	0.8779446447
2	0.7506296318	0.0359196999	0.2134506683
0	0.5867729278	0.1331461009	0.2800809713
0	0.1414393599	0.8570789398	0.0014817003
1	0.0053738820	0.1485762421	0.8460498759
1	0.0394961558	0.0431731712	0.9173306730
0	0.0017340844	0.9857403229	0.0125255927
0	0.0053585953	0.0000000000	0.9946414047
0	0.0067251816	0.8762236056	0.1170512128
0	0.0008368186	0.0735424004	0.9256207810
0	0.7105087655	0.2688624219	0.0206288126
1	0.4321999886	0.2411444285	0.3266555829
0	0.0010001601	0.1352260661	0.8637737738
1	0.0453651627	0.4028145604	0.5518202769
0	0.0000662039	0.0278921684	0.9720416277
1	0.4629418001	0.0328117544	0.5042464455
0	0.0616840780	0.9346412775	0.0036746445
1	0.0024236149	0.9847144508	0.0128619343
1	0.0003327168	0.0000131173	0.9996541659
0	0.4362046516	0.0723959790	0.4913993694
0	0.2740560145	0.3559202191	0.3700237663
1	0.1706172306	0.0239737429	0.8054090265
0	0.4489783892	0.0036789160	0.5473426948
0	0.8901506711	0.1098493289	0.0000000000
0	0.0027261000	0.2765441846	0.7207297154
0	0.0020278946	0.9103111980	0.0876609075
0	0.6015389154	0.0000001073	0.3984609773
1	0.0000122778	0.6136969796	0.3862907426
1	0.0487491183	0.7644853871	0.1867654946
1	0.1143583543	0.1858019320	0.6998397137
0	0.1104791681	0.8377935265	0.0517273054
1	0.0000000000	0.0000005056	0.9999994944
0	0.4219600337	0.5022877704	0.0757521959
1	0.1162332701	0.3198064017	0.5639603282
1	0.0022750952	0.0000000000	0.9977249048
1	0.9349070290	0.0000000000	0.0650929710
0	0.1432351704	0.0474218403	0.8093429893
0	0.0022885507	0.6266767004	0.3710347489
0	0.3021618360	0.3886770516	0.3091611125
0	0.8689106998	0.0016390708	0.1294502294
0	0.0000034826	0.0405971246	0.9593993929
0	0.0003210074	0.0290416352	0.9706373575
1	0.2350291736	0.1705362150	0.5944346114
0	0.8834523680	0.1165476320	0.0000000000
0	0.2260612599	0.1625393633	0.6113993767
1	0.0005024127	0.0618095984	0.9376879889
1	0.5263202629	0.4736796534	0.0000000837
1	0.6788138771	0.3004677221	0.0207184008
0	0.0050599938	0.0831165322	0.9118234740
0	0.1353919920	0.6961414464	0.1684665616
0	0.2332711489	0.0435537702	0.7231750809
0	0.0930029884	0.0144586882	0.8925383233
1	0.0002034292	0.7770717773	0.2227247935
0	0.2473300744	0.1255621937	0.6271077319
0	0.4452685319	0.2471372527	0.3075942155
1	0.1175251050	0.0910834429	0.7913914521
0	0.4086902446	0.5913080410	0.0000017143
0	0.1256833779	0.5607449191	0.3135717030
0	0.0000000000	0.8816829490	0.1183170510
1	0.0000000001	0.9198182977	0.0801817023
0	0.2723507673	0.7222858666	0.0053633661
0	0.0000152840	0.0791905347	0.9207941813
0	0.5284328790	0.2123837545	0.2591833666
0	0.0362692416	0.9608521752	0.0028785833
0	0.0000021884	0.3314375908	0.6685602208
0	0.5689563263	0.1120063403	0.3190373333
1	0.1010636509	0.1270619762	0.7718743729
0	0.0488026017	0.6945390651	0.2566583332
0	0.9797902152	0.0184334435	0.0017763413
0	0.4600663431	0.3551296072	0.1848040497
1	0.0001118615	0.7782385437	0.2216495948
0	0.0755920272	0.7944570071	0.1299509656
1	0.0000022814	0.1142786630	0.8857190556
1	0.0074364491	0.0000000000	0.9925635509
1	0.0000585293	0.1737310454	0.8262104253
0	0.2657611543	0.7342388457	0.0000000000
0	0.0457813262	0.0002184830	0.9540001908
0	0.9998508365	0.0001491586	0.0000000049
1	0.0027375792	0.9768735764	0.0203888444
0	0.4864994737	0.0000000486	0.5135004777
1	0.0188863789	0.8501394588	0.1309741623
0	0.0000000141	0.4523766356	0.5476233503
0	0.3079069479	0.1106110213	0.5814820308
0	0.9026447721	0.0736619944	0.0236932335
0	0.0038942175	0.7723637493	0.2237420332
1	0.0000000000	0.0000000000	1.0000000000
1	0.0073072483	0.0199579842	0.9727347675
1	0.0000000014	0.9262124821	0.0737875165
0	0.6593058767	0.1823909372	0.1583031861
0	0.5022046023	0.4623970299	0.0353983678
1	0.1498498432	0.1108045812	0.7393455755
0	0.6133362645	0.2013024240	0.1853613116
0	0.0115296819	0.4605983042	0.5278720139
0	0.7141800801	0.0002446458	0.2855752741
1	0.0020846084	0.0781416049	0.9197737867
2	0.0020545420	0.0081439684	0.9898014897
1	0.0238311387	0.6434532449	0.3327156164
1	0.3915895367	0.3413777876	0.2670326757
1	0.2180649088	0.0000000000	0.7819350912
1	0.8250408733	0.0569660287	0.1179930980
1	0.0063033564	0.5475575734	0.4461390702
1	0.0000001908	0.2212702689	0.7787295403
0	0.0015408341	0.9984367511	0.0000224148
0	0.0089894113	0.5938662738	0.3971443149
0	0.0517716266	0.4215623745	0.5266659989
0	0.0000000054	0.0187791416	0.9812208530
0	0.0026764844	0.6034355576	0.3938879580
0	0.0022494530	0.1833938212	0.8143567258
0	0.5707143518	0.0339006219	0.3953850263
0	0.0000000248	0.0000000000	0.9999999752
1	0.7008058555	0.0268051989	0.2723889456
0	0.0906017797	0.9075043630	0.0018938574
0	0.0000000000	0.0258502802	0.9741497198
0	0.9999652524	0.0000000000	0.0000347476
0	0.5691351023	0.0020054892	0.4288594085
1	0.0000000004	0.3843671343	0.6156328652
1	0.0000000000	0.7234623120	0.2765376880
0	0.0001342738	0.0530852741	0.9467804521
0	0.5806836293	0.2342345063	0.1850818644
1	0.0543018009	0.9376925422	0.0080056569
1	0.0024647945	0.0011186081	0.9964165974
1	0.3055710033	0.4556846556	0.2387443412
0	0.0000717636	0.6359628215	0.3639654148
1	0.1261370661	0.6045888932	0.2692740406
2	0.0200067511	0.1189472041	0.8610460448
0	0.3046357602	0.3914263003	0.3039379395
1	0.0262285131	0.2742978338	0.6994736531
1	0.3243009708	0.0000000032	0.6756990260
0	0.2779005628	0.2064438619	0.5156555753
0	0.1134564957	0.0166585310	0.8698849732
0	0.2784561745	0.7060581592	0.0154856663
0	0.0562314175	0.8616608486	0.0821077339
1	0.1540316312	0.0000000001	0.8459683687
0	0.6041333530	0.3521294466	0.0437372004
0	0.5173262168	0.1516762739	0.3309975093
0	0.0000409366	0.9999590634	0.0000000000
0	0.0630020363	0.4312580972	0.5057398665
0	0.0921882019	0.3371446693	0.5706671288
0	0.0146982760	0.2543737738	0.7309279502
1	0.0051467129	0.7634687184	0.2313845687
0	0.0004309766	0.1870780409	0.8124909825
0	0.0000369373	0.0102475017	0.9897155609
0	0.6099097942	0.0007515357	0.3893386700
0	0.0000000000	0.5205345254	0.4794654746
0	0.0109943643	0.9669386534	0.0220669822
0	0.0107128192	0.8267467129	0.1625404678
0	0.9015031390	0.0977874271	0.0007094339
0	0.1107971221	0.6181290662	0.2710738118
0	0.7956179808	0.2025300144	0.0018520048
1	0.3926358268	0.4240769075	0.1832872657
0	0.1430309016	0.1046455816	0.7523235168
0	0.5733865084	0.0005769147	0.4260365769
0	0.7258457666	0.0367239798	0.2374302536
0	0.0001397362	0.7326928729	0.2671673908
0	0.0795732152	0.1139265140	0.8065002708
2	0.0003540653	0.0000235376	0.9996223972
1	0.0000116317	0.9673825729	0.0326057954
1	0.2698101677	0.0001683799	0.7300214524
0	0.0013293714	0.0000001331	0.9986704954
0	0.7923856719	0.0055021044	0.2021122237
0	0.5519840865	0.0000359349	0.4479799786
0	0.7979354165	0.0158476755	0.1862169080
1	0.8221681504	0.0354231468	0.1424087028
1	0.0006254630	0.3536798675	0.6456946695
0	0.0000000007	0.0224088769	0.9775911225
0	0.7116625129	0.2699485983	0.0183888888
1	0.0070757588	0.9341698960	0.0587543452
0	0.0451804700	0.0087958965	0.9460236336
0	0.0001157501	0.7199985999	0.2798856500
0	0.0000900945	0.5265761854	0.4733337201
0	0.6721333715	0.2534268340	0.0744397945
1	0.2789947590	0.0000000967	0.7210051443
1	0.0112160589	0.0051044631	0.9836794780
0	0.1890660396	0.5255063157	0.2854276447
1	0.0000000000	0.0141340338	0.9858659662
2	0.0273859656	0.0000000001	0.9726140343
0	0.1301333027	0.2468954875	0.6229712099
0	0.8391291894	0.0000001675	0.1608706431
1	0.2460904096	0.7353313145	0.0185782759
1	0.0870663273	0.9115063181	0.0014273545
0	0.1338220892	0.4384122305	0.4277656803
0	0.2247646318	0.6238378247	0.1513975435
1	0.3435279286	0.0775732382	0.5788988333
1	0.0016217871	0.0805003488	0.9178778641
1	0.0238489666	0.4832144686	0.4929365648
0	0.9612711857	0.0258478791	0.0128809352
1	0.0000591439	0.0000000000	0.9999408561
1	0.2081041270	0.0259217662	0.7659741068
1	0.1918873361	0.1933978173	0.6147148466
1	0.0112732964	0.9808736241	0.0078530795
0	0.3785056004	0.6214943996	0.0000000000
1	0.1140015309	0.3081628190	0.5778356501
0	0.0040625432	0.0068622443	0.9890752125
0	0.8789821788	0.0001408260	0.1208769952
1	0.7280104859	0.0000664320	0.2719230820
1	0.0000000611	0.2577619829	0.7422379560
0	0.9828097546	0.0000000000	0.0171902454
1	0.2781017211	0.5278931600	0.1940051189
1	0.0444945857	0.8885955352	0.0669098791
1	0.0001090876	0.0000000000	0.9998909124
0	0.3213404417	0.2267751446	0.4518844137
0	0.0000835248	0.9999161444	0.0000003309
1	0.0591219539	0.0221535136	0.9187245325
0	0.0895515547	0.1821489482	0.7282994971
0	0.3712483759	0.3086515416	0.3201000825
0	0.0000006342	0.1391541636	0.8608452022
0	0.8287138268	0.1626118358	0.0086743374
0	0.1917674437	0.6073414762	0.2008910801
1	0.0000090273	0.8846557152	0.1153352575
0	0.0088993502	0.6964346155	0.2946660343
0	0.9766215613	0.0000000000	0.0233784387
1	0.0171322340	0.1241549054	0.8587128606
0	0.0000222430	0.2941261445	0.7058516124
1	0.1303962084	0.7177335872	0.1518702044
0	0.0234994339	0.3770765150	0.5994240511
1	0.0000000000	0.5983917904	0.4016082096
1	0.1692682550	0.0085909916	0.8221407534
0	0.0054905579	0.8557643765	0.1387450656
0	0.0528635331	0.8797792162	0.0673572507
0	0.0122778914	0.8074392948	0.1802828138
1	0.0000000016	0.9736527151	0.0263472833
0	0.8042168626	0.1897871525	0.0059959849
1	0.1022263067	0.0318908927	0.8658828007
0	0.9997786312	0.0000000000	0.0002213688
1	0.0792963939	0.5811941795	0.3395094266
1	0.2765597693	0.5897964805	0.1336437503
2	0.0775112620	0.0000000062	0.9224887318
0	0.4493740465	0.2910897266	0.2595362269
0	0.0050163159	0.7665365603	0.2284471238
0	0.1257778783	0.8742221217	0.0000000000
0	0.3192522506	0.0121523797	0.6685953697
1	0.1266057511	0.0000000010	0.8733942479
0	0.0085336828	0.7963829576	0.1950833595
0	0.0553303165	0.2064649069	0.7382047766
0	0.0000063787	0.9826947690	0.0172988522
0	0.8521686083	0.1359543028	0.0118770888
1	0.2747024745	0.0912507396	0.6340467859
0	0.2314823890	0.3545925525	0.4139250585
0	0.1276387629	0.8242614248	0.0480998122
0	0.3186539129	0.6782629931	0.0030830941
1	0.0013550802	0.5113958145	0.4872491054
1	0.1877141218	0.5021686295	0.3101172487
2	0.2030985787	0.1819455997	0.6149558216
0	0.6597333640	0.3402653717	0.0000012643
0	0.0000000007	0.8050483376	0.1949516617
0	0.8532714009	0.0229521907	0.1237764085
0	0.3239772638	0.6472746818	0.0287480544
0	0.0258809975	0.6740017045	0.3001172981
2	0.0010274358	0.0401054031	0.9588671610
0	0.6268236412	0.1399057649	0.2332705939
0	0.7155930151	0.0267351153	0.2576718695
2	0.0035359795	0.1901441656	0.8063198549
0	0.8981829080	0.0958134258	0.0060036662
1	0.9021834207	0.0978153125	0.0000012667
0	0.2678837142	0.6340646803	0.0980516054
0	0.8382943279	0.0000004810	0.1617051911
0	0.0000000013	0.3657745761	0.6342254225
0	0.5343531552	0.4381980911	0.0274487537
1	0.0010181414	0.2319841783	0.7669976803
0	0.7756916082	0.0025989108	0.2217094811
2	0.1505291737	0.0453875375	0.8040832889
0	0.0000000000	0.0000000000	1.0000000000
2	0.1019621637	0.2217266553	0.6763111810
1	0.0000000000	0.5072553319	0.4927446681
1	0.6393875881	0.3521249176	0.0084874943
0	0.6491327591	0.0000000000	0.3508672409
1	0.7949017244	0.0031014183	0.2019968573
1	0.0035837128	0.0186357099	0.9777805773
0	0.8948518903	0.0348065334	0.0703415762
1	0.1152922494	0.5847468481	0.2999609025
1	0.3191517386	0.1160986051	0.5647496563
1	0.0166780519	0.1403768845	0.8429450636
0	0.0242445399	0.0942495972	0.8815058629
1	0.0154575385	0.7291906579	0.2553518036
1	0.0031331006	0.0333803020	0.9634865974
0	0.7883577133	0.0745368085	0.1371054782
0	0.6116111017	0.3883888133	0.0000000850
0	0.0028948010	0.7595825814	0.2375226176
0	0.3394392765	0.0834220771	0.5771386464
2	0.0000000420	0.4974767023	0.5025232557
0	0.1934604202	0.7439077404	0.0626318394
1	0.2926222337	0.2785743110	0.4288034553
0	0.0000684104	0.4755193723	0.5244122174
1	0.1670050363	0.0042810344	0.8287139293
1	0.0046242033	0.9252890943	0.0700867024
1	0.7187025089	0.0079521765	0.2733453147
0	0.7027939396	0.2904620541	0.0067440063
0	0.8422617900	0.0031504947	0.1545877153
0	0.0049948340	0.5594742945	0.4355308715
0	0.1424143273	0.0085198158	0.8490658568
1	0.3579107725	0.0000003722	0.6420888553
1	0.0002868419	0.0218808012	0.9778323568
0	0.9986951712	0.0003734936	0.0009313352
0	0.9107418344	0.0049176794	0.0843404862
0	0.1715562162	0.1574737667	0.6709700171
0	0.0449232924	0.0319715183	0.9231051892
0	0.1728045549	0.0086594784	0.8185359667
0	0.3712617663	0.5903853605	0.0383528732
0	0.0056837340	0.7377688270	0.2565474390
0	0.1319363812	0.5661603243	0.3019032945
1	0.2717322244	0.7280893781	0.0001783975
0	0.0000353735	0.6886829238	0.3112817027
0	0.0000000024	0.1979451663	0.8020548312
1	0.8260841498	0.1726957007	0.0012201496
0	0.4151284334	0.1166224399	0.4682491267
1	0.3568107582	0.1106184325	0.5325708093
0	0.0016704076	0.0317359407	0.9665936518
0	0.0000000000	0.1123217220	0.8876782780
1	0.9526880439	0.0003578390	0.0469541171
0	0.2451051539	0.7546254940	0.0002693520
1	0.0654685790	0.0024467008	0.9320847202
0	0.9059164964	0.0874391884	0.0066443152
0	0.0077005228	0.9922994485	0.0000000287
0	0.0234890178	0.0257201758	0.9507908064
0	0.0083531379	0.6648105754	0.3268362867
0	0.0794286860	0.9204095015	0.0001618125
0	0.5859243287	0.2091045217	0.2049711496
0	0.1026791028	0.8774812774	0.0198396198
0	0.0000000001	0.9614544390	0.0385455609
1	0.4932419540	0.5059361721	0.0008218739
0	0.0000000000	0.0298928199	0.9701071801
1	0.7044546173	0.2602758558	0.0352695270
1	0.0000948600	0.2297692045	0.7701359355
0	0.0000012043	0.0160438335	0.9839549622
1	0.3138759258	0.1434299098	0.5426941645
0	0.0000000007	0.0312543696	0.9687456297
0	0.1983659577	0.4434158462	0.3582181962
0	0.3443289832	0.6552802209	0.0003907959
0	0.0609864617	0.0356014830	0.9034120552
0	0.9998201992	0.0000000043	0.0001797965
0	0.0011480096	0.8320529712	0.1667990192
0	0.0050923258	0.9949074823	0.0000001919
0	0.1535078294	0.1323648332	0.7141273373
2	0.0012908940	0.0090185970	0.9896905090
0	0.2771322945	0.1649715325	0.5578961729
1	0.0057873751	0.0904288339	0.9037837910
0	0.0000000000	0.9996404807	0.0003595193
1	0.0000563326	0.0006669340	0.9992767334
0	0.4397679629	0.0037500120	0.5564820251
0	0.0729910699	0.9270089301	0.0000000000
1	0.0140501874	0.5673985947	0.4185512179
1	0.9819008732	0.0151171142	0.0029820126
0	0.0717375604	0.5252903393	0.4029721003
1	0.1452857985	0.4801476598	0.3745665418
0	0.4401837757	0.0127341632	0.5470820611
2	0.0012137587	0.9830771673	0.0157090741
1	0.0000000000	0.8125381206	0.1874618794
0	0.0106601955	0.9686622990	0.0206775055
1	0.0790806835	0.2298938763	0.6910254402
1	0.1964403949	0.0000000187	0.8035595865
0	0.0000000000	0.9747216569	0.0252783431
0	0.1777847963	0.6721963453	0.1500188584
0	0.0000000000	0.6214458033	0.3785541967
0	0.0193310151	0.0394605967	0.9412083882
0	0.9990628230	0.0000001182	0.0009370588
1	0.0005393232	0.7896817483	0.2097789285
1	0.0000000346	0.4401607914	0.5598391740
2	0.0038241939	0.0004675089	0.9957082972
1	0.0133106465	0.2931830992	0.6935062543
2	0.0096750368	0.0621400296	0.9281849336
1	0.2904346055	0.6540618760	0.0555035185
0	0.2131141310	0.7060473736	0.0808384955
0	0.0095269830	0.0045292444	0.9859437726
0	0.9631046277	0.0177661987	0.0191291736
0	0.0740646938	0.9194183548	0.0065169514
2	0.0014651810	0.0000039750	0.9985308440
2	0.0000000005	0.1745950739	0.8254049256
0	0.4257895812	0.5742088692	0.0000015497
2	0.1285830210	0.0474692809	0.8239476981
2	0.0005613851	0.0000008063	0.9994378086
0	0.0934532849	0.9033190728	0.0032276423
0	0.3414028551	0.1028080420	0.5557891029
0	0.0890631030	0.5892161498	0.3217207472
1	0.0010763210	0.9831970001	0.0157266789
0	0.0005842358	0.0957164528	0.9036993114
1	0.1995527117	0.7823199760	0.0181273123
1	0.0441920554	0.0560643963	0.8997435483
0	0.0000000000	0.0082657804	0.9917342196
0	0.0000001055	0.9975614217	0.0024384728
0	0.7002485982	0.2901024078	0.0096489940
0	0.0457681430	0.6865344069	0.2676974501
0	0.3474979621	0.6473329171	0.0051691207
0	0.9559031243	0.0440517595	0.0000451162
0	0.1036700545	0.3727195324	0.5236104131
0	0.5567582187	0.3170596149	0.1261821664
1	0.5659896654	0.0287646934	0.4052456412
0	0.0517182496	0.0340646590	0.9142170913
1	0.3541987515	0.0528229641	0.5929782844
0	0.1554414822	0.2870400071	0.5575185107
1	0.7253354545	0.0000000000	0.2746645455
1	0.1961583204	0.3980620016	0.4057796781
1	0.0270492583	0.1513904407	0.8215603010
0	0.0595424711	0.2540847233	0.6863728056
1	0.5709239852	0.0053464012	0.4237296136
1	0.0335635264	0.9180780366	0.0483584370
0	0.0597269065	0.8526955682	0.0875775254
1	0.0005365118	0.8764983254	0.1229651628
1	0.3285671893	0.1174934504	0.5539393603
1	0.0004304951	0.6091121812	0.3904573237
0	0.0644099685	0.8973075447	0.0382824867
1	0.0906643777	0.8792933320	0.0300422903
0	0.6549745849	0.2150950388	0.1299303762
0	0.0000001408	0.0000000031	0.9999998561
0	0.3766431417	0.6223646691	0.0009921892
0	0.0476174600	0.0002001675	0.9521823726
0	0.2172093355	0.0263866990	0.7564039656
1	0.6176785537	0.1517206276	0.2306008187
1	0.1218065183	0.1007302345	0.7774632472
0	0.4351151348	0.3262241255	0.2386607396
0	0.0283104472	0.9714466409	0.0002429119
1	0.6424916879	0.0000659169	0.3574423953
0	0.0000000000	0.3840423749	0.6159576251
1	0.0012966417	0.4045957045	0.5941076537
0	0.3030602334	0.0164864185	0.6804533482
1	0.0062467244	0.0196048319	0.9741484437
0	0.3766799293	0.6233105564	0.0000095143
1	0.0305072209	0.6954990540	0.2739937250
0	0.1010086537	0.5265962912	0.3723950551
0	0.0052655467	0.9611648801	0.0335695732
0	0.0680707099	0.0467389549	0.8851903352
1	0.2349946982	0.0607890100	0.7042162918
0	0.0000000000	0.1065964376	0.8934035624
1	0.5577610875	0.2836977893	0.1585411232
1	0.1227191933	0.2926484754	0.5846323313
0	0.0478646996	0.6909385101	0.2611967903
0	0.4154767178	0.5662224667	0.0183008155
0	0.0001991105	0.5775309975	0.4222698920
0	0.8426278061	0.1511148355	0.0062573584
1	0.0247969717	0.0000000234	0.9752030049
0	0.9749731024	0.0000884662	0.0249384315
1	0.0350020134	0.0832937190	0.8817042676
1	0.1004102756	0.7917214733	0.1078682511
0	0.0010803870	0.9979175867	0.0010020263
0	0.9982652186	0.0005336290	0.0012011524
0	0.2046098524	0.7183225463	0.0770676013
1	0.1058541333	0.2380053955	0.6561404712
1	0.0000000000	0.0000002747	0.9999997253
0	0.4663793660	0.0784895804	0.4551310536
1	0.0297595068	0.4640608803	0.5061796129
0	0.7759481033	0.0003745643	0.2236773324
1	0.1603934544	0.0000008159	0.8396057297
1	0.0792100965	0.0086264243	0.9121634792
1	0.1197514887	0.5982307547	0.2820177567
0	0.4080203059	0.5290741262	0.0629055679
0	0.3574521127	0.6400777555	0.0024701318
0	0.0043261716	0.9916283852	0.0040454432
0	0.2861331078	0.0000000000	0.7138668922
0	0.0557679387	0.0858470919	0.8583849694
1	0.1431744948	0.1024352287	0.7543902765
1	0.1825211868	0.1936963171	0.6237824961
0	0.9999896635	0.0000000000	0.0000103365
2	0.0000000000	0.0372115900	0.9627884100
1	0.0000351938	0.0040478410	0.9959169653
1	0.0105470400	0.0000000000	0.9894529600
1	0.1811609215	0.0089102885	0.8099287900
1	0.6430029552	0.2109125544	0.1460844904
1	0.0813465645	0.1550335095	0.7636199261
0	0.0000011591	0.2942538373	0.7057450037
0	0.0042699485	0.9477590838	0.0479709677
0	0.0157686926	0.2933804742	0.6908508333
2	0.0000381432	0.0335604096	0.9664014472
1	0.0000576900	0.0128210016	0.9871213085
0	0.0411925566	0.9581270968	0.0006803466
1	0.3087471753	0.3943866839	0.2968661408
0	0.0081704447	0.3823405904	0.6094889650
1	0.0095669690	0.9823020346	0.0081309964
0	0.9651116721	0.0342642190	0.0006241089
1	0.6797507104	0.3062249594	0.0140243302
0	0.0040425615	0.9929160766	0.0030413619
1	0.0124775555	0.5177122882	0.4698101563
0	0.0090974207	0.9894534925	0.0014490868
1	0.7953318614	0.0000000000	0.2046681386
0	0.8637118650	0.0176744619	0.1186136731
1	0.0000000000	0.0002556086	0.9997443914
0	0.0942090897	0.9057909103	0.0000000000
0	0.3207808858	0.5134189784	0.1658001357
1	0.0000000000	0.0318621202	0.9681378798
0	0.0000025394	0.9999974606	0.0000000000
0	0.0287211124	0.9305135296	0.0407653581
1	0.0323808152	0.0000072037	0.9676119810
0	0.9926667235	0.0000049126	0.0073283639
0	0.5737685222	0.1059190471	0.3203124307
