0	0.0000002547	0.9999997427	0.0000000026
1	0.0243825164	0.4061814287	0.5694360549
0	0.0000000000	0.2228765289	0.7771234711
1	0.3120922297	0.4223034798	0.2656042905
0	0.9774196340	0.0225803660	0.0000000000
1	0.1179093315	0.8820906383	0.0000000301
0	0.0000144244	0.1778199193	0.8221656563
1	0.0103709977	0.5745072343	0.4151217681
0	0.3865593377	0.3000484989	0.3133921634
1	0.0382659315	0.1766359018	0.7850981667
1	0.0130257214	0.3378076826	0.6491665960
0	0.0494991565	0.4809945959	0.4695062476
0	0.2277654926	0.5169833480	0.2552511595
1	0.1998429260	0.2016616732	0.5984954007
1	0.2236071691	0.6632824550	0.1131103759
0	0.0000000000	0.3719673775	0.6280326225
0	0.7044271375	0.0003056371	0.2952672254
0	0.0000000072	0.8925683920	0.1074316007
0	0.0432268901	0.8714987629	0.0852743470
1	0.1749600261	0.0350133928	0.7900265811
0	0.0000002053	0.9441328490	0.0558669458
0	0.0036001722	0.2121820256	0.7842178022
0	0.7624750128	0.0012543992	0.2362705881
0	0.0759668214	0.5210525297	0.4029806489
0	0.0789968064	0.1899635759	0.7310396177
1	0.2656507811	0.3794527589	0.3548964600
0	0.0160795839	0.9180290445	0.0658913716
0	0.1678054455	0.3649552647	0.4672392898
1	0.0012074286	0.0000000000	0.9987925714
0	0.1173900403	0.0034497243	0.8791602353
0	0.0079196736	0.5908062986	0.4012740278
0	0.1136343214	0.7658134729	0.1205522057
0	0.4911799795	0.0000000000	0.5088200205
1	0.2889802853	0.5892958627	0.1217238521
0	0.0395870896	0.5457586486	0.4146542618
0	0.3522668135	0.4032932075	0.2444399790
1	0.0000000141	0.0060070244	0.9939929615
1	0.8184404383	0.0844719686	0.0970875930
0	0.0194659749	0.6414622265	0.3390717986
0	0.0262598862	0.1890678713	0.7846722425
1	0.0130494222	0.2285655761	0.7583850017
0	0.4976907094	0.4682852131	0.0340240774
1	0.4634714211	0.0678571646	0.4686714142
0	0.0000000000	0.9746468912	0.0253531088
1	0.0690689866	0.6674604870	0.2634705264
1	0.1082205347	0.0462110630	0.8455684023
0	0.1143465165	0.2514019773	0.6342515061
0	0.0188710004	0.6873188456	0.2938101540
0	0.4588883343	0.4968034906	0.0443081751
0	0.0734002529	0.2329087461	0.6936910009
0	0.0888864090	0.0383125274	0.8728010636
1	0.3907819175	0.5300334701	0.0791846124
0	0.4444075780	0.5555922800	0.0000001420
0	0.6851235876	0.1112011917	0.2036752207
0	0.2001188090	0.7954883133	0.0043928777
0	0.0203868005	0.4032375657	0.5763756338
0	0.0000015778	0.7256220570	0.2743763652
0	0.2334603664	0.3044742212	0.4620654124
1	0.0000006375	0.2928964112	0.7071029512
0	0.0930995581	0.9055715128	0.0013289291
1	0.0133113513	0.3982151923	0.5884734564
0	0.0000000000	0.2591386018	0.7408613982
0	0.1742250091	0.0385878788	0.7871871122
0	0.0286221876	0.3526670440	0.6187107685
0	0.0000120329	0.9528354547	0.0471525124
1	0.2375837878	0.7580981435	0.0043180687
0	0.0000000073	0.6225037617	0.3774962310
1	0.5630663708	0.3045434182	0.1323902110
0	0.0001603850	0.0000102727	0.9998293423
2	0.6257091235	0.1738428515	0.2004480250
0	0.1665181479	0.3159544196	0.5175274326
1	0.0021501448	0.6128595274	0.3849903278
0	0.9441204307	0.0009087884	0.0549707809
0	0.0000361830	0.9650687379	0.0348950791
0	0.0000115350	0.3921892271	0.6077992380
0	0.0192308007	0.0003350163	0.9804341830
1	0.2339976160	0.1535322587	0.6124701253
0	0.0000000378	0.8724638908	0.1275360715
0	0.0002023586	0.0473819508	0.9524156906
1	0.0848285468	0.7802792430	0.1348922102
1	0.0950314803	0.0000000038	0.9049685159
1	0.2973575646	0.0000058165	0.7026366189
1	0.3829865202	0.1514609481	0.4655525317
0	0.0358968769	0.0499198581	0.9141832650
0	0.2256505629	0.6694394933	0.1049099438
0	0.1085940221	0.8343832609	0.0570227170
1	0.1448396328	0.5724229014	0.2827374658
0	0.0335236639	0.2602018085	0.7062745276
1	0.0166979663	0.0251320517	0.9581699819
0	0.0104927229	0.2401667969	0.7493404802
1	0.0338749852	0.4164116279	0.5497133869
1	0.0000000424	0.0540129909	0.9459869667
0	0.0358003895	0.8493901582	0.1148094523
0	0.0000036575	0.6941183053	0.3058780372
1	0.5999454617	0.3834192055	0.0166353328
2	0.9155468112	0.0092697925	0.0751833963
1	0.2981361772	0.2952271375	0.4066366853
0	0.0000000000	0.1148001108	0.8851998892
1	0.2784274552	0.6523518681	0.0692206767
0	0.0000000000	0.9652676167	0.0347323833
0	0.0020379817	0.9979583728	0.0000036455
0	0.0000432751	0.0634797960	0.9364769289
1	0.0036803441	0.3076786064	0.6886410494
0	0.0139482448	0.4819088730	0.5041428822
0	0.0000042458	0.9999957542	0.0000000000
0	0.0000000179	0.2375167754	0.7624832067
0	0.0889278130	0.0151687156	0.8959034714
1	0.7688910885	0.1710597568	0.0600491547
0	0.5103661040	0.0206943812	0.4689395148
0	0.7307420533	0.0280097469	0.2412481998
1	0.5722023450	0.3759208520	0.0518768030
1	0.5601163362	0.4036349225	0.0362487414
0	0.1377824189	0.8620312843	0.0001862967
0	0.0199506677	0.1741329643	0.8059163681
1	0.1193360720	0.4987831431	0.3818807849
1	0.0053559490	0.0026363515	0.9920076996
0	0.9002691370	0.0997219326	0.0000089304
0	0.2062655575	0.7064548283	0.0872796142
1	0.0095101826	0.8259143300	0.1645754874
0	0.9224936520	0.0774683037	0.0000380443
0	0.0150213562	0.7985107785	0.1864678652
0	0.4538634659	0.4382934345	0.1078430996
1	0.1633952035	0.2430482218	0.5935565747
0	0.1257242687	0.1378940800	0.7363816513
0	0.0030482242	0.9822994551	0.0146523208
1	0.2692713961	0.7307253407	0.0000032632
2	0.7769423100	0.1815093078	0.0415483821
0	0.0108300967	0.8716715830	0.1174983203
0	0.0116010628	0.7427176204	0.2456813169
0	0.0757485852	0.3125230617	0.6117283531
0	0.6646558710	0.0199851298	0.3153589991
1	0.0000000000	0.2327867737	0.7672132263
0	0.0807040883	0.2533107865	0.6659851252
0	0.0000000000	0.2191964354	0.7808035646
0	0.0000000000	0.8607187824	0.1392812176
0	0.0235134824	0.7975112528	0.1789752648
0	0.0770127611	0.8346962891	0.0882909497
1	0.2203445615	0.0002844131	0.7793710254
0	0.0122271720	0.1828897080	0.8048831200
1	0.5783646279	0.0231028569	0.3985325152
0	0.2587733823	0.6172679339	0.1239586837
1	0.0925802314	0.0814301725	0.8259895962
0	0.0000110769	0.9998370555	0.0001518676
0	0.0000000000	0.9966228542	0.0033771458
0	0.0692976877	0.2160704300	0.7146318824
0	0.5358913119	0.1670727415	0.2970359466
1	0.0012981385	0.0088275833	0.9898742783
0	0.0071159359	0.0351888003	0.9576952638
1	0.0797018715	0.1566850726	0.7636130559
0	0.0112308581	0.4910401587	0.4977289831
0	0.5675339905	0.3912859224	0.0411800871
0	0.0000008033	0.0003238977	0.9996752990
1	0.0692957938	0.2305739666	0.7001302396
1	0.0099668934	0.2777696910	0.7122634156
1	0.1158377984	0.8702894302	0.0138727713
0	0.2502645090	0.0008578591	0.7488776319
0	0.0300908957	0.3379979495	0.6319111548
0	0.0000000000	0.5058813896	0.4941186104
1	0.0513657410	0.0045354783	0.9440987807
0	0.0202293614	0.8998331212	0.0799375174
1	0.0421443611	0.2075355421	0.7503200967
2	0.6617657405	0.2310887587	0.1071455009
1	0.1325035051	0.0014833503	0.8660131446
0	0.0000280050	0.9860193144	0.0139526807
0	0.1337222997	0.7156515003	0.1506262000
0	0.9149816167	0.0000012586	0.0850171247
1	0.0072952588	0.5048471878	0.4878575533
0	0.0278758500	0.9721237632	0.0000003868
0	0.0000000000	0.9999979598	0.0000020401
1	0.5407753838	0.0021457212	0.4570788950
0	0.3167964669	0.4997293292	0.1834742039
0	0.0003203664	0.4461064685	0.5535731650
0	0.0032922914	0.9967064875	0.0000012211
2	0.2811796427	0.2049145114	0.5139058458
0	0.9771861478	0.0000065131	0.0228073391
1	0.0256204656	0.6615067806	0.3128727538
0	0.0013795292	0.9986131934	0.0000072774
0	0.3596061399	0.4266797933	0.2137140668
1	0.0010512351	0.0107815055	0.9881672593
0	0.2706697460	0.1615552477	0.5677750063
0	0.2816499273	0.3666554709	0.3516946017
0	0.0037775350	0.9764955849	0.0197268801
0	0.0000013965	0.5261619306	0.4738366728
0	0.0580655846	0.1234447354	0.8184896801
0	0.9451303931	0.0497548004	0.0051148064
1	0.1114780172	0.3576625454	0.5308594373
2	0.1414747360	0.2634303876	0.5950948764
1	0.8681130580	0.1113464256	0.0205405164
1	0.6076440280	0.2537051130	0.1386508590
0	0.9092686365	0.0471436980	0.0435876654
0	0.0000000000	0.4547732551	0.5452267449
0	0.0000279354	0.0196790858	0.9802929788
0	0.0003032670	0.6519876934	0.3477090396
0	0.2392982294	0.6153897133	0.1453120573
0	0.4110564720	0.2995716698	0.2893718582
0	0.5798995397	0.0005656283	0.4195348320
0	0.0163362862	0.0067465481	0.9769171657
1	0.6251847777	0.0706379924	0.3041772299
1	0.0006554846	0.0273046515	0.9720398639
0	0.0021894773	0.0368363842	0.9609741385
0	0.0612528106	0.2482784540	0.6904687355
0	0.3020357677	0.6970117793	0.0009524530
0	0.0000000000	0.0186571682	0.9813428318
1	0.0221332379	0.8649515758	0.1129151863
1	0.5688549634	0.0414661649	0.3896788717
0	0.0216923785	0.9023961179	0.0759115036
2	0.0247079064	0.6433143813	0.3319777122
1	0.0000013905	0.0609721933	0.9390264163
1	0.0000000464	0.2515320966	0.7484678569
0	0.0043062303	0.8665741886	0.1291195810
1	0.8783787684	0.0000000000	0.1216212316
0	0.5056004807	0.4029818627	0.0914176566
1	0.6628707013	0.1451358191	0.1919934796
1	0.4890658713	0.2762645168	0.2346696119
1	0.0858654664	0.7850812737	0.1290532599
1	0.0568188602	0.8457192411	0.0974618988
1	0.0054203270	0.4425211118	0.5520585612
0	0.1137910445	0.7273527790	0.1588561765
0	0.1752198146	0.4393524729	0.3854277126
0	0.0117313749	0.1384511742	0.8498174509
0	0.0043841155	0.9955368898	0.0000789947
0	0.0105115080	0.0002858233	0.9892026687
0	0.0290586304	0.8214587025	0.1494826671
0	0.1556292830	0.0017731073	0.8425976097
0	0.4729734338	0.5238228099	0.0032037563
1	0.0373242798	0.0190917711	0.9435839491
0	0.0021187214	0.8383625587	0.1595187199
0	0.1873292867	0.7516435919	0.0610271214
1	0.0051397214	0.7936705397	0.2011897388
0	0.3864492797	0.4665990498	0.1469516705
1	0.0055422126	0.3612161642	0.6332416231
1	0.3561274000	0.0240063856	0.6198662144
0	0.0776385452	0.3912523409	0.5311091139
0	0.9896581978	0.0087411316	0.0016006706
1	0.1335547913	0.3466354001	0.5198098086
1	0.3397904619	0.0019153837	0.6582941544
0	0.0000000030	0.9982411017	0.0017588952
0	0.2101253443	0.7787888874	0.0110857683
1	0.0581137374	0.3018184148	0.6400678478
0	0.1025329351	0.3656234912	0.5318435737
0	0.0013792863	0.1061214077	0.8924993060
1	0.0324499616	0.4748959922	0.4926540462
1	0.0263953485	0.6294244871	0.3441801643
0	0.0939537989	0.9040886276	0.0019575735
0	0.0013336830	0.8838231554	0.1148431616
0	0.9417494087	0.0333486932	0.0249018981
0	0.2869783439	0.1703118847	0.5427097714
0	0.0000000002	0.9999999998	0.0000000000
0	0.4811779522	0.5154861442	0.0033359037
0	0.0026139095	0.8544818616	0.1429042289
0	0.0001876563	0.9561249847	0.0436873590
1	0.2108561067	0.7255445066	0.0635993867
0	0.4872261323	0.0196895348	0.4930843329
1	0.0136425586	0.3795266064	0.6068308349
1	0.3325751056	0.0163125476	0.6511123468
0	0.0000000197	0.0004958496	0.9995041307
0	0.0335037706	0.2461080218	0.7203882076
1	0.0036421808	0.1028996370	0.8934581822
0	0.2236401571	0.1135346106	0.6628252323
0	0.0000509062	0.9679261781	0.0320229157
0	0.0000103367	0.9224618757	0.0775277876
0	0.8046096061	0.1817867113	0.0136036826
1	0.6413200210	0.2666992334	0.0919807456
1	0.1425787462	0.0228270303	0.8345942235
2	0.0260302669	0.3899425837	0.5840271494
0	0.0153397524	0.7325312575	0.2521289901
0	0.8186617763	0.0631039139	0.1182343099
1	0.0596967095	0.0296812304	0.9106220601
1	0.2226143412	0.2529137328	0.5244719260
0	0.5777006631	0.0038653282	0.4184340086
1	0.2799713045	0.0075690331	0.7124596624
0	0.6051605796	0.2970109502	0.0978284702
1	0.8634926209	0.0911112541	0.0453961250
1	0.9110041121	0.0000288916	0.0889669964
0	0.0001582278	0.8859967032	0.1138450689
0	0.0813992003	0.8991489071	0.0194518926
1	0.5531885057	0.3784734080	0.0683380864
0	0.0000000000	0.9952850147	0.0047149853
0	0.1637106015	0.0660802090	0.7702091895
1	0.0515509644	0.7094726246	0.2389764109
0	0.0107725257	0.4534149066	0.5358125677
0	0.0674785411	0.9322956547	0.0002258042
0	0.2144653387	0.3476180488	0.4379166124
0	0.0487565243	0.8387883873	0.1124550884
0	0.0007320829	0.0722071167	0.9270608003
1	0.2336466446	0.0448810971	0.7214722583
0	0.9934049391	0.0065944084	0.0000006526
2	0.4734035427	0.1448465679	0.3817498893
1	0.0040473748	0.0882877704	0.9076648548
0	0.4842271435	0.5157727635	0.0000000930
0	0.0021704006	0.9771026761	0.0207269232
1	0.0075405245	0.9683120772	0.0241473983
1	0.5976844055	0.3647690098	0.0375465847
0	0.6805896561	0.0338600285	0.2855503154
0	0.1934704118	0.0384227230	0.7681068652
0	0.8324688602	0.1225157001	0.0450154397
0	0.0000036165	0.5309796255	0.4690167581
0	0.0141012051	0.0000200082	0.9858787866
0	0.6754114266	0.3126484825	0.0119400909
0	0.2952992993	0.7046932460	0.0000074547
0	0.5258230295	0.1128682129	0.3613087576
0	0.2085586961	0.5769806450	0.2144606589
1	0.0057762541	0.9361796486	0.0580440973
0	0.0000112503	0.3365394323	0.6634493174
0	0.5146241335	0.1419257967	0.3434500698
1	0.0231205246	0.0031249740	0.9737545014
0	0.6045189699	0.0366381266	0.3588429036
1	0.0000000000	0.1472996309	0.8527003691
1	0.0570322817	0.1280602394	0.8149074789
1	0.0575469618	0.0120584394	0.9303945988
1	0.0809903420	0.2795005085	0.6395091495
0	0.1262501352	0.7929304486	0.0808194163
0	0.0000053480	0.9486495745	0.0513450776
0	0.0003091261	0.2213715581	0.7783193159
0	0.0037241123	0.9040828947	0.0921929930
0	0.0535267203	0.9184127579	0.0280605218
2	0.0492602184	0.0436462734	0.9070935081
1	0.4967390521	0.0185074786	0.4847534693
1	0.0687001339	0.1957045777	0.7355952884
1	0.0021821733	0.9977870979	0.0000307287
1	0.0928679211	0.0002293013	0.9069027776
0	0.0870168056	0.0000000529	0.9129831415
0	0.0750355572	0.8552857329	0.0696787098
0	0.0020684520	0.9676305450	0.0303010031
2	0.0843033655	0.0229591559	0.8927374785
1	0.8411508149	0.0861337283	0.0727154568
1	0.0000001506	0.1922774588	0.8077223907
1	0.9761880172	0.0044629796	0.0193490032
0	0.0124976137	0.1498985401	0.8376038461
0	0.0000001630	0.8793676658	0.1206321711
1	0.0012051367	0.0000724872	0.9987223761
0	0.1862654008	0.6217046897	0.1920299095
1	0.1674899269	0.2245195051	0.6079905681
0	0.0023011699	0.9946194363	0.0030793937
0	0.0009098491	0.0902536469	0.9088365040
1	0.0066795748	0.0364431480	0.9568772772
0	0.1774419175	0.8079369057	0.0146211767
1	0.0053058459	0.6159256020	0.3787685521
1	0.0048900181	0.1948336789	0.8002763030
0	0.2247999562	0.2264406050	0.5487594389
1	0.0029086167	0.0617358047	0.9353555787
0	0.0000559092	0.8690955363	0.1308485545
1	0.1148261641	0.3629637526	0.5222100834
1	0.0032537179	0.0010747135	0.9956715686
0	0.9617788272	0.0367206501	0.0015005227
1	0.3047537443	0.1122335752	0.5830126805
1	0.7758237677	0.0469431854	0.1772330470
1	0.0522116924	0.8299100006	0.1178783070
1	0.3139793838	0.0099396378	0.6760809784
0	0.0290602082	0.3783006184	0.5926391734
1	0.0361212839	0.4923107708	0.4715679453
1	0.0000000000	0.4676806999	0.5323193001
0	0.2727696066	0.7202658337	0.0069645597
0	0.0000000000	0.2094860882	0.7905139118
0	0.5574467028	0.1083835099	0.3341697873
0	0.0004844586	0.9994780364	0.0000375050
1	0.4669332908	0.3271406676	0.2059260416
0	0.6586748239	0.2938980397	0.0474271364
1	0.0130379499	0.0019711052	0.9849909450
0	0.4669664407	0.3464325002	0.1866010591
0	0.0191964969	0.7982437261	0.1825597770
0	0.0260871579	0.9737156133	0.0001972288
0	0.0665512978	0.0000000001	0.9334487021
0	0.1133032681	0.3326791527	0.5540175792
1	0.6835753566	0.0597214706	0.2567031728
1	0.0121626510	0.8838670015	0.1039703475
1	0.3299915918	0.0000000070	0.6700084012
0	0.0245320753	0.8283830714	0.1470848533
1	0.5781660587	0.0390528089	0.3827811325
0	0.2918306077	0.6835212272	0.0246481651
1	0.4985757842	0.0739735747	0.4274506410
0	0.0907226088	0.2895900491	0.6196873421
1	0.0102638648	0.0000494757	0.9896866595
2	0.6856462928	0.0256368675	0.2887168397
0	0.0142837793	0.9671796119	0.0185366088
0	0.0019472143	0.9975200908	0.0005326949
0	0.0000000000	0.9717453241	0.0282546759
0	0.4449851315	0.1205611949	0.4344536735
1	0.0000986282	0.0413446969	0.9585566749
0	0.0918771451	0.9005477499	0.0075751050
0	0.8776650775	0.0138615999	0.1084733227
0	0.2842051863	0.0009213426	0.7148734711
0	0.0043470351	0.4780368249	0.5176161399
0	0.5739369598	0.4259336532	0.0001293870
0	0.9962031491	0.0035752478	0.0002216031
1	0.5212916818	0.0061710660	0.4725372522
0	0.0867933802	0.9008369716	0.0123696482
1	0.0006503094	0.0867766278	0.9125730628
0	0.0016299521	0.5041551914	0.4942148564
0	0.0000000000	0.8570248059	0.1429751941
1	0.0543908284	0.0002245496	0.9453846220
1	0.0000873376	0.6949583828	0.3049542796
0	0.8505236819	0.1474335919	0.0020427263
0	0.0032293758	0.2091351282	0.7876354960
0	0.2143361288	0.7828225392	0.0028413320
0	0.0152223002	0.9834932699	0.0012844299
0	0.0000122347	0.0347961832	0.9651915821
0	0.4451443172	0.1401038043	0.4147518785
0	0.0151528839	0.0017736327	0.9830734834
0	0.0359249800	0.8725847866	0.0914902333
0	0.0000046724	0.9998639013	0.0001314263
0	0.3664908971	0.0534449353	0.5800641676
1	0.1842646333	0.3422514635	0.4734839032
2	0.0021146272	0.1298690743	0.8680162985
0	0.0877815152	0.0002156489	0.9120028359
0	0.0000001320	0.8782390287	0.1217608394
0	0.2095779278	0.6170059460	0.1734161262
1	0.0995123970	0.1622876478	0.7381999552
0	0.1651151270	0.2389753661	0.5959095069
1	0.0091823343	0.7471645204	0.2436531453
0	0.0832512049	0.8529155815	0.0638332137
1	0.1835938630	0.0134531635	0.8029529735
0	0.0125785875	0.7882495063	0.1991719062
0	0.0000108957	0.9078431693	0.0921459350
0	0.0132948745	0.8157426856	0.1709624399
1	0.0000000000	0.8300675404	0.1699324596
0	0.0117218713	0.5445840805	0.4436940482
0	0.0857175516	0.3313455206	0.5829369278
0	0.1487187858	0.0775260342	0.7737551801
0	0.1094603266	0.8648284246	0.0257112488
0	0.1942221405	0.3093109348	0.4964669247
1	0.3310377799	0.0314255451	0.6375366751
0	0.0544038456	0.1911470183	0.7544491361
0	0.2032572099	0.7018427433	0.0949000468
0	0.0004427218	0.9487665113	0.0507907669
0	0.7653855301	0.2153132660	0.0193012039
0	0.0000000014	0.5094941219	0.4905058767
0	0.2463874970	0.1029983561	0.6506141469
0	0.0356706279	0.2591700515	0.7051593206
0	0.5801682287	0.0230676951	0.3967640761
0	0.4000284580	0.4281098493	0.1718616927
1	0.4551642817	0.0799012557	0.4649344626
1	0.0646309212	0.5902259151	0.3451431637
0	0.0051146442	0.0206344850	0.9742508708
0	0.1843912346	0.6458542676	0.1697544978
0	0.0879620719	0.2242617132	0.6877762149
0	0.0773702316	0.7651773991	0.1574523693
0	0.0000000000	0.0276765200	0.9723234800
1	0.2312074430	0.7662087698	0.0025837872
0	0.0000314572	0.8421118366	0.1578567061
0	0.6253252835	0.3746597167	0.0000149998
1	0.0005350165	0.9034042896	0.0960606939
2	0.0078760641	0.2168052412	0.7753186947
1	0.4488403072	0.5392969691	0.0118627237
0	0.2927273231	0.4341249100	0.2731477669
0	0.2083514889	0.4951131003	0.2965354109
1	0.1627928145	0.0237875128	0.8134196727
0	0.0028856658	0.3308518621	0.6662624721
1	0.8772284345	0.1022858822	0.0204856833
0	0.4230031768	0.1862175542	0.3907792690
0	0.0615867586	0.8657351388	0.0726781026
1	0.0000024302	0.3244110184	0.6755865514
1	0.2833391506	0.0413515424	0.6753093070
0	0.4457460179	0.1765797897	0.3776741924
1	0.0065359525	0.0091308368	0.9843332107
1	0.0972301012	0.0625425170	0.8402273818
0	0.0000000000	0.9818941383	0.0181058617
0	0.1013633622	0.8951682674	0.0034683704
1	0.0000000000	0.9323918026	0.0676081974
1	0.2093438644	0.0182493004	0.7724068352
0	0.0915984956	0.0346328330	0.8737686715
1	0.3399666931	0.2855675627	0.3744657442
0	0.5845827026	0.1266193200	0.2887979774
0	0.0797724932	0.3044703606	0.6157571462
0	0.0000000000	0.6417607659	0.3582392341
0	0.4723490712	0.4808515735	0.0467993553
0	0.0016173450	0.9962496215	0.0021330335
2	0.2135495912	0.0904078202	0.6960425885
0	0.3515012262	0.6206830734	0.0278157004
0	0.7219189545	0.2562917838	0.0217892616
1	0.0904747551	0.6281599331	0.2813653118
0	0.2381879376	0.2328888696	0.5289231928
1	0.0533579446	0.7659807434	0.1806613119
0	0.2800703641	0.0000055646	0.7199240713
0	0.3612661308	0.1947375630	0.4439963062
0	0.2097628819	0.0000010244	0.7902360938
0	0.0000000000	0.8916780311	0.1083219689
2	0.8669872662	0.0041067125	0.1289060214
0	0.3644573057	0.5084718352	0.1270708591
1	0.1416003747	0.3423056031	0.5160940222
0	0.0000000000	0.0234682600	0.9765317400
0	0.0780583786	0.8206394619	0.1013021595
0	0.0001034295	0.5762093309	0.4236872396
1	0.1393569285	0.8604695783	0.0001734932
1	0.4752831161	0.2487822599	0.2759346241
0	0.0000680488	0.3253529843	0.6745789670
0	0.1843202932	0.0002566345	0.8154230723
1	0.8365586485	0.0708137279	0.0926276236
1	0.3048816315	0.0838720155	0.6112463531
0	0.0898233435	0.6151767536	0.2949999029
1	0.0230833026	0.9414402909	0.0354764065
2	0.1001363007	0.1083219083	0.7915417910
0	0.0000940744	0.8770705949	0.1228353306
1	0.0124869840	0.1481604340	0.8393525820
1	0.2023569890	0.6081624792	0.1894805318
2	0.1757650353	0.0038498217	0.8203851429
0	0.0212261174	0.9787738730	0.0000000095
0	0.0205247349	0.9779634058	0.0015118593
0	0.0088947790	0.8638104820	0.1272947390
2	0.0684358822	0.0007359818	0.9308281360
