0	0.0729942666	0.5390793759	0.3879263576
0	0.8057750540	0.1942238279	0.0000011181
0	0.1158623971	0.6216162516	0.2625213513
0	0.4028301479	0.2313009510	0.3658689012
0	0.5694004244	0.2321763299	0.1984232457
0	0.5157470067	0.2097305334	0.2745224599
0	0.2176186494	0.2394524032	0.5429289474
0	0.2181452248	0.0178663670	0.7639884082
1	0.5878201681	0.1153749641	0.2968048678
1	0.0018396737	0.1677395348	0.8304207915
1	0.1989006763	0.0000000000	0.8010993237
0	0.0235824553	0.9763121181	0.0001054266
0	0.1824097920	0.0000092451	0.8175809629
1	0.9977598627	0.0000000081	0.0022401292
0	0.2774227578	0.3786979602	0.3438792820
0	0.2332752361	0.0000019431	0.7667228209
0	0.1790092897	0.8075697421	0.0134209681
1	0.0002273574	0.0494366720	0.9503359706
0	0.6680459980	0.0049229438	0.3270310582
1	0.0067383359	0.0122538787	0.9810077853
0	0.0000008013	0.0719520636	0.9280471351
0	0.1941581712	0.7221054416	0.0837363871
1	0.0154062104	0.8824927663	0.1021010232
0	0.7518999630	0.2358068653	0.0122931717
0	0.0000056852	0.2627989464	0.7371953684
0	0.0462966688	0.0044193956	0.9492839357
1	0.8999702678	0.0102454134	0.0897843189
0	0.3382870902	0.0024595453	0.6592533644
0	0.3383900476	0.0353416227	0.6262683297
1	0.1146839190	0.0543944220	0.8309216590
1	0.0350094861	0.9584760123	0.0065145016
1	0.9970950586	0.0023942920	0.0005106494
1	0.9999984069	0.0000001731	0.0000014201
0	0.4070002621	0.0203508252	0.5726489127
1	0.0000707384	0.0000612203	0.9998680413
0	0.0074796602	0.0269845195	0.9655358203
1	0.0000112135	0.0000000000	0.9999887865
1	0.0000000000	0.4003619773	0.5996380227
0	0.0628986823	0.8860700076	0.0510313101
0	0.1273170317	0.7734105944	0.0992723739
0	0.0299749564	0.0001679992	0.9698570444
0	0.7696389389	0.0756132204	0.1547478407
1	0.4995310160	0.4740378669	0.0264311171
0	0.0000000003	0.0064465817	0.9935534180
1	0.1211849897	0.0000000000	0.8788150103
0	0.5548353048	0.4451646952	0.0000000000
1	0.2554680560	0.3470562350	0.3974757090
1	0.1007851807	0.7632698306	0.1359449887
0	0.7199123891	0.0638026497	0.2162849612
0	0.0014566910	0.0043960794	0.9941472296
1	0.5673911712	0.0193386815	0.4132701473
0	0.9835200938	0.0158576828	0.0006222234
0	0.0680731768	0.8475056736	0.0844211495
0	0.2500363087	0.0321931192	0.7177705720
0	0.1219457912	0.6796587253	0.1983954835
1	0.3496463004	0.0000000000	0.6503536996
0	0.0014733694	0.6202586020	0.3782680287
0	0.4355200598	0.2030465300	0.3614334102
1	0.0769686427	0.0001158157	0.9229155416
0	0.6288428790	0.0782206066	0.2929365145
0	0.0438412536	0.0309340970	0.9252246494
0	0.7289489117	0.1661596314	0.1048914569
0	0.4603212982	0.4774530483	0.0622256535
0	0.0020474502	0.0749939971	0.9229585527
0	0.7303513245	0.0018149199	0.2678337557
0	0.2550271824	0.5008259752	0.2441468424
0	0.1426977574	0.7413405155	0.1159617270
1	0.2099395555	0.0132501744	0.7768102702
2	0.9864035685	0.0116279253	0.0019685062
1	0.0004550813	0.0000037176	0.9995412011
1	0.0013990243	0.0739164462	0.9246845295
1	0.9780920741	0.0000000364	0.0219078895
1	0.1898903094	0.0000000349	0.8101096556
1	0.0029380515	0.0026395440	0.9944224045
0	0.4521448401	0.5461602060	0.0016949539
0	0.0361989605	0.1781447363	0.7856563031
0	0.6490691347	0.0000062350	0.3509246303
1	0.0814994929	0.8097161822	0.1087843249
1	0.0000326309	0.7082670246	0.2917003445
0	0.0000003689	0.0033973150	0.9966023161
0	0.6609466186	0.0000008238	0.3390525575
1	0.1496981095	0.0353987593	0.8149031311
2	0.0000573722	0.0001464330	0.9997961948
0	0.9512214512	0.0037221038	0.0450564450
1	0.8314002568	0.0060824558	0.1625172874
0	0.0035874212	0.1717211079	0.8246914708
0	0.0240546844	0.0000000000	0.9759453156
0	0.1994769327	0.0034260234	0.7970970440
1	0.1130128078	0.0183432619	0.8686439302
0	0.6061882672	0.1065096184	0.2873021144
0	0.0642214945	0.0453707798	0.8904077257
1	0.2135091126	0.2525231527	0.5339677347
0	0.0000000180	0.1509750220	0.8490249600
0	0.3839599107	0.3445634754	0.2714766139
1	0.3784438961	0.0004634805	0.6210926234
0	0.9013460723	0.0858889174	0.0127650102
1	0.6175133659	0.3819374235	0.0005492106
0	0.0000551929	0.0022868707	0.9976579364
0	0.1699639379	0.2634461705	0.5665898916
1	0.0191620966	0.9808379034	0.0000000000
1	0.0000000236	0.0017159747	0.9982840017
1	0.9999999988	0.0000000012	0.0000000000
1	0.9989464816	0.0001812190	0.0008722994
0	0.0000423081	0.6798012413	0.3201564505
0	0.7975053621	0.0012141976	0.2012804403
0	0.0297616845	0.0000000045	0.9702383110
0	0.2267482389	0.0000034186	0.7732483425
0	0.6094126123	0.1224334762	0.2681539114
1	0.9689752454	0.0000467630	0.0309779916
0	0.0488415268	0.0990257089	0.8521327644
1	0.0411265266	0.8727278835	0.0861455899
1	0.0000000178	0.0000000198	0.9999999624
0	0.6990122277	0.0025347828	0.2984529894
0	0.0245178985	0.9126966769	0.0627854247
0	0.1184802643	0.0001444420	0.8813752936
0	0.7906656232	0.0897890671	0.1195453097
1	0.1924507615	0.7666057390	0.0409434994
0	0.0671278964	0.5984689410	0.3344031627
0	0.0811368882	0.0048366386	0.9140264732
0	0.1897480170	0.1569214618	0.6533305212
2	0.4293970014	0.5706029986	0.0000000000
0	0.5579221792	0.3899861881	0.0520916327
0	0.1572671112	0.1725935600	0.6701393288
1	0.0000000135	0.0121904126	0.9878095739
0	0.0406317679	0.0424700509	0.9168981812
1	0.0000000000	0.0050291171	0.9949708829
0	0.0234452503	0.4204910185	0.5560637312
0	0.4168830525	0.0155069862	0.5676099613
0	0.8162547461	0.0726888344	0.1110564195
1	0.0730612400	0.0000052586	0.9269335014
0	0.0012824648	0.9545268131	0.0441907221
0	0.0204317591	0.0327411112	0.9468271298
0	0.0473915545	0.0002657664	0.9523426790
0	0.1902873453	0.1047466822	0.7049659724
0	0.9570050413	0.0158993927	0.0270955660
0	0.4075153059	0.0405052105	0.5519794835
0	0.0181672017	0.0323785128	0.9494542855
1	0.4397678359	0.0698214420	0.4904107221
0	0.0012155246	0.0015163627	0.9972681128
0	0.5560690043	0.0490324202	0.3948985755
0	0.7163336380	0.0059950224	0.2776713396
1	0.0000066734	0.0693827380	0.9306105887
0	0.1141752586	0.0019079211	0.8839168203
1	0.8814650369	0.0364864254	0.0820485377
0	0.0000858190	0.1559312337	0.8439829473
2	0.1079333929	0.0000000000	0.8920666071
0	0.0053246576	0.0177309832	0.9769443593
0	0.7955134928	0.0000000000	0.2044865072
0	0.7666254787	0.1335169526	0.0998575687
0	0.0017074149	0.9451840195	0.0531085655
1	0.9578540223	0.0000000010	0.0421459768
1	0.3571305756	0.3915686966	0.2513007278
1	0.0139052726	0.1160481258	0.8700466016
1	0.9858140998	0.0060794188	0.0081064814
0	0.2924449777	0.0810586328	0.6264963895
2	0.0000105925	0.0000013084	0.9999880991
1	0.0086048722	0.0010920101	0.9903031177
1	0.1626250703	0.1015379122	0.7358370175
0	0.2102457851	0.3031176533	0.4866365616
0	0.7295654868	0.2651101700	0.0053243432
1	0.1482286877	0.1745854698	0.6771858425
0	0.1434158697	0.2162273770	0.6403567533
0	0.8139314403	0.1806019274	0.0054666322
0	0.4388546058	0.0330535193	0.5280918749
2	0.9999131488	0.0000000000	0.0000868512
0	0.6632803672	0.0000005731	0.3367190597
1	0.9999315224	0.0000299975	0.0000384801
0	0.0314851645	0.3227036598	0.6458111757
0	0.0204605916	0.0873528316	0.8921865768
1	0.8534592458	0.1393635178	0.0071772364
0	0.3699183738	0.4106268387	0.2194547875
0	0.4127023721	0.1322409243	0.4550567036
1	0.1023151928	0.0779975109	0.8196872963
1	0.9656631162	0.0000000000	0.0343368838
0	0.1513413960	0.0000000000	0.8486586040
0	0.9132977437	0.0000000641	0.0867021922
1	0.0004500939	0.0000794704	0.9994704357
0	0.0000722562	0.9563496861	0.0435780577
0	0.5058280944	0.0560090144	0.4381628912
0	0.6573548278	0.0063634346	0.3362817376
2	0.0000162597	0.0000000000	0.9999837403
0	0.6839284943	0.2100491438	0.1060223619
0	0.3557337217	0.0014709309	0.6427953474
0	0.5153796874	0.0164858715	0.4681344410
0	0.0090776238	0.9495792096	0.0413431666
0	0.6801305167	0.1892626759	0.1306068074
0	0.3000517997	0.2919884970	0.4079597033
1	0.0000048997	0.0000015452	0.9999935551
1	0.9862323756	0.0000000000	0.0137676244
1	0.9254004752	0.0745803355	0.0000191893
0	0.0008897486	0.9160172335	0.0830930180
0	0.7012463148	0.0345810454	0.2641726398
0	0.0095116150	0.2196290069	0.7708593780
0	0.0000880138	0.0093902421	0.9905217441
0	0.8818907971	0.0089306832	0.1091785196
0	0.1141999431	0.5160438711	0.3697561858
0	0.9578376566	0.0000198466	0.0421424968
1	0.0084029603	0.0431923838	0.9484046559
1	0.0000000000	0.2878434837	0.7121565163
0	0.0669681633	0.6925182685	0.2405135681
1	0.0627014976	0.9284558294	0.0088426730
1	0.9035611856	0.0000000911	0.0964387234
1	0.6066094070	0.1342194061	0.2591711869
1	0.7291707243	0.2708292757	0.0000000000
1	0.8391875082	0.1106131067	0.0501993851
0	0.0631588157	0.0000000000	0.9368411843
0	0.2697949577	0.0000004540	0.7302045883
0	0.4915657952	0.4282924355	0.0801417693
0	0.6306393264	0.0351923803	0.3341682933
0	0.0094773839	0.0000017990	0.9905208171
0	0.0809360364	0.1446342010	0.7744297626
0	0.1381912129	0.4483581209	0.4134506662
1	0.0000026455	0.0705412911	0.9294560634
1	0.4895084500	0.0000000000	0.5104915500
1	0.9497477432	0.0000000069	0.0502522498
0	0.7722679193	0.0000316553	0.2277004254
1	0.6416250002	0.0000055205	0.3583694792
1	0.9999209139	0.0000769156	0.0000021705
1	0.1380966827	0.0056602119	0.8562431053
0	0.0270604276	0.0234806099	0.9494589625
0	0.4982770096	0.1470634834	0.3546595070
1	0.0710553117	0.7904412763	0.1385034120
0	0.3553439690	0.5335229835	0.1111330475
1	0.2202530600	0.3968440965	0.3829028434
0	0.9999928319	0.0000003052	0.0000068629
0	0.0016180897	0.3220309290	0.6763509814
2	0.0002426345	0.9997573655	0.0000000000
1	0.0010201662	0.0000000000	0.9989798338
0	0.4297525932	0.0125684802	0.5576789266
1	0.0000011558	0.7456744474	0.2543243968
1	0.6242791274	0.0534308756	0.3222899970
1	0.0002323387	0.7355585773	0.2642090840
0	0.4273089310	0.0072887383	0.5654023307
0	0.0007999963	0.1439650598	0.8552349439
0	0.0258629230	0.0026481601	0.9714889169
1	0.1462547768	0.0000000000	0.8537452232
0	0.1595335876	0.0364700210	0.8039963914
0	0.4920603703	0.0694797053	0.4384599244
2	0.0638311801	0.0000000000	0.9361688199
0	0.0000049115	0.2059252360	0.7940698525
0	0.1023479322	0.8793547994	0.0182972685
1	0.1012398112	0.0001934790	0.8985667098
1	0.0000007341	0.0014153801	0.9985838858
0	0.9113197249	0.0592863377	0.0293939374
0	0.3924797949	0.0543908177	0.5531293874
0	0.2377461126	0.0364999389	0.7257539485
0	0.0012048340	0.6871726358	0.3116225302
0	0.7026223226	0.0583893653	0.2389883121
0	0.0083407503	0.0283324056	0.9633268441
0	0.6871566853	0.2650849217	0.0477583930
0	0.8155443368	0.0096469344	0.1748087288
0	0.5345355913	0.0078290627	0.4576353460
2	0.0000027406	0.0000000213	0.9999972381
0	0.0125685506	0.2885498348	0.6988816146
0	0.8201329502	0.0000002797	0.1798667701
1	0.5484508910	0.4515487530	0.0000003560
0	0.1031444155	0.5480166683	0.3488389162
1	0.0537074803	0.0000000769	0.9462924428
0	0.0144169137	0.0882085529	0.8973745333
0	0.5003968748	0.0480348878	0.4515682373
0	0.0046921293	0.0662959462	0.9290119245
1	0.0070650258	0.0197025603	0.9732324138
0	0.0149335946	0.2380708394	0.7469955660
0	0.9839755963	0.0126493053	0.0033750983
0	0.0000000119	0.9999968273	0.0000031609
1	0.0787259751	0.0001043100	0.9211697149
1	0.7403046625	0.2596953375	0.0000000000
0	0.0026894251	0.9197382713	0.0775723035
1	0.0416228313	0.0147687617	0.9436084070
0	0.0000000000	0.0000683829	0.9999316171
1	0.1302814035	0.0012689237	0.8684496728
2	0.0000589032	0.1108682210	0.8890728758
0	0.5134946211	0.0126880711	0.4738173078
0	0.2721232674	0.0270502477	0.7008264849
1	0.0282959281	0.0000000000	0.9717040719
0	0.5671509686	0.0004175832	0.4324314481
0	0.1574059682	0.0391274529	0.8034665788
1	0.1767865100	0.0565458300	0.7666676600
0	0.0000496072	0.1248161832	0.8751342096
1	0.7334129725	0.0222425936	0.2443444338
2	0.0000000000	0.2343183764	0.7656816236
1	0.0463679849	0.5754394727	0.3781925424
0	0.3935614267	0.3548348279	0.2516037454
0	0.0079826967	0.9920173033	0.0000000000
0	0.6877173919	0.2786381163	0.0336444918
1	0.9978326253	0.0000126795	0.0021546952
2	0.0000000000	0.0000000000	1.0000000000
0	0.5014988244	0.2613720128	0.2371291628
0	0.0475878800	0.7915414693	0.1608706507
1	0.0000000000	0.0312627680	0.9687372320
1	0.1647552970	0.5694030943	0.2658416088
0	0.0981507729	0.2700685879	0.6317806393
0	0.0622715683	0.0014190593	0.9363093724
0	0.9696350152	0.0072314499	0.0231335348
1	0.0000000008	0.0000000012	0.9999999980
0	0.1418524787	0.0316318772	0.8265156442
1	0.0335901751	0.0000000016	0.9664098234
1	0.9696144659	0.0055049358	0.0248805983
1	0.8631665508	0.1321202787	0.0047131705
1	0.0844317869	0.0501015546	0.8654666586
1	0.0000000000	0.0348088585	0.9651911415
0	0.1235445505	0.0000000000	0.8764554495
1	0.7465289670	0.0908047928	0.1626662403
0	0.3286586966	0.0007521698	0.6705891336
0	0.5808524447	0.0230100127	0.3961375425
0	0.7045745803	0.1367699014	0.1586555183
1	0.9319823976	0.0400936156	0.0279239867
0	0.0219092547	0.5152072258	0.4628835195
1	0.0000000000	0.9956469597	0.0043530403
0	0.1887225115	0.1124074497	0.6988700388
0	0.0919389395	0.7778103578	0.1302507028
1	0.9069541097	0.0051961171	0.0878497732
0	0.1598440927	0.0001813454	0.8399745619
0	0.0487816365	0.0282574599	0.9229609036
1	0.0061933406	0.0000742409	0.9937324185
0	0.4630626819	0.0445898390	0.4923474791
0	0.6341975987	0.0022398557	0.3635625457
1	0.9675898985	0.0000000000	0.0324101015
0	0.8340588573	0.0106753820	0.1552657607
0	0.7904854867	0.0000065096	0.2095080038
0	0.3109982685	0.3725595171	0.3164422144
1	0.5505878506	0.1504182981	0.2989938512
0	0.0043758066	0.0610291006	0.9345950928
1	0.5994835586	0.4005164414	0.0000000000
0	0.1326498031	0.1761631076	0.6911870893
0	0.0189731294	0.0565003283	0.9245265423
0	0.1026873181	0.2119524202	0.6853602618
1	0.0043674737	0.5239395779	0.4716929484
1	0.4868469743	0.2537941454	0.2593588803
0	0.0445087117	0.6991693464	0.2563219418
0	0.3197428020	0.1577359296	0.5225212684
0	0.9962659553	0.0020712412	0.0016628035
0	0.2693105234	0.3215227444	0.4091667322
1	0.1351707746	0.0000276195	0.8648016059
1	0.0000000000	0.0123757523	0.9876242477
1	0.0047786394	0.0000000560	0.9952213046
0	0.3840535771	0.4535012090	0.1624452139
0	0.2400589013	0.7536339293	0.0063071694
0	0.5621336910	0.0000071525	0.4378591565
0	0.1034582040	0.8543387774	0.0422030185
1	0.0584014498	0.1960517055	0.7455468447
2	0.0004788466	0.3652237729	0.6342973805
2	0.0442538070	0.0000000007	0.9557461923
0	0.0055517998	0.0065878509	0.9878603493
0	0.4837181439	0.0796214653	0.4366603908
0	0.5532202715	0.0419147458	0.4048649827
2	0.0715151066	0.0000010613	0.9284838321
0	0.8217326620	0.1576834156	0.0205839223
0	0.0000000000	0.1709949980	0.8290050020
1	0.0101924508	0.0000000000	0.9898075492
1	0.0009086911	0.4104814809	0.5886098280
0	0.3074123649	0.2917201351	0.4008674999
0	0.0822620316	0.1644562156	0.7532817528
0	0.4799723397	0.1499465479	0.3700811124
1	0.0067619377	0.0000000142	0.9932380480
1	0.2543498487	0.7456501493	0.0000000019
0	0.1093694193	0.0244237417	0.8662068390
1	0.0004526106	0.0819291509	0.9176182384
1	0.4991226088	0.4921115734	0.0087658178
2	0.0046811610	0.1423149449	0.8530038941
1	0.0275854972	0.8766434905	0.0957710123
0	0.1998422466	0.5847683677	0.2153893857
0	0.0931813793	0.2735372047	0.6332814159
0	0.0202478944	0.9797521019	0.0000000037
0	0.0005280853	0.0000000034	0.9994719113
0	0.8414701588	0.1581173498	0.0004124915
1	0.3110404715	0.0000069339	0.6889525946
0	0.0319022530	0.1621597329	0.8059380140
1	0.8109313558	0.0000000000	0.1890686442
0	0.9703714009	0.0056423717	0.0239862274
0	0.3888877435	0.3768008778	0.2343113787
0	0.5959187859	0.0059377360	0.3981434781
1	0.0098920273	0.0000008393	0.9901071334
0	0.8828036758	0.0606435796	0.0565527447
0	0.3806908061	0.0157974387	0.6035117552
2	0.2097264721	0.0010936594	0.7891798685
0	0.0629253550	0.9174989275	0.0195757175
0	0.2882262778	0.0006827771	0.7110909451
0	0.7106463047	0.0303690221	0.2589846732
0	0.6923991898	0.0000000343	0.3076007759
1	0.4742935612	0.0282130471	0.4974933917
0	0.1715196887	0.4176589226	0.4108213887
1	0.6654475390	0.0000288239	0.3345236371
0	0.7950907733	0.1540470533	0.0508621733
0	0.0215715244	0.2366977029	0.7417307728
0	0.9242252097	0.0745530140	0.0012217763
0	0.1741211244	0.3798348034	0.4460440722
1	0.0013845905	0.2271399910	0.7714754185
1	0.9985465726	0.0000011111	0.0014523163
0	0.5067645592	0.1077467146	0.3854887263
0	0.3216265606	0.2275350891	0.4508383504
0	0.4108621750	0.5330729833	0.0560648417
1	0.9946652722	0.0000000000	0.0053347278
0	0.0955358976	0.0062085013	0.8982556011
0	0.5808233057	0.0045054368	0.4146712574
1	0.4985182696	0.1422775052	0.3592042252
0	0.0612116532	0.0146624279	0.9241259189
0	0.3827726113	0.3029045355	0.3143228532
0	0.1454683587	0.8524605563	0.0020710850
1	0.5659370020	0.4153554157	0.0187075822
0	0.9930107190	0.0004621533	0.0065271277
0	0.3176801990	0.2131666479	0.4691531531
1	0.9563240550	0.0436737799	0.0000021650
0	0.4346300394	0.3612212075	0.2041487531
2	0.9999963318	0.0000000000	0.0000036682
0	0.2945907409	0.6893082958	0.0161009633
0	0.9103570296	0.0499238511	0.0397191193
0	0.2636108184	0.0012081017	0.7351810800
2	0.3112207445	0.0000000000	0.6887792555
0	0.7911363303	0.1594700194	0.0493936502
0	0.1291457939	0.1967930565	0.6740611496
0	0.2421676073	0.0139573453	0.7438750474
1	0.0001245111	0.0000000003	0.9998754885
0	0.1556507274	0.1987013693	0.6456479033
2	0.1029416497	0.0000000069	0.8970583434
0	0.1664232055	0.1493504076	0.6842263869
0	0.0646275166	0.6960474620	0.2393250213
0	0.0681634696	0.9267083321	0.0051281983
0	0.0004355898	0.2023230660	0.7972413441
1	0.6350264773	0.0000003817	0.3649731410
1	0.0874689640	0.8575265324	0.0550045036
1	0.6018961726	0.0000291955	0.3980746318
0	0.2650339210	0.0309031580	0.7040629211
1	0.9893709288	0.0103366977	0.0002923736
0	0.5023580096	0.0445956795	0.4530463109
0	0.7525907487	0.0007212621	0.2466879892
2	0.3304995868	0.6693809902	0.0001194230
0	0.6543529930	0.0000000765	0.3456469305
0	0.6886422928	0.1532485129	0.1581091943
0	0.0036521470	0.0679541917	0.9283936613
0	0.7883678180	0.2116262195	0.0000059625
1	0.9612507349	0.0387486265	0.0000006386
0	0.6614880969	0.3365459265	0.0019659767
0	0.0300887476	0.9694217261	0.0004895264
1	0.0428259733	0.0460162235	0.9111578032
0	0.1793923270	0.5778238645	0.2427838086
1	0.6682122858	0.3278284403	0.0039592739
0	0.1408549059	0.0262247939	0.8329203003
0	0.4480137314	0.0007085189	0.5512777497
0	0.9057825431	0.0298144729	0.0644029840
0	0.8393768853	0.0073597654	0.1532633493
1	0.3796881391	0.2809726533	0.3393392076
0	0.0328193421	0.0000027708	0.9671778871
1	0.0772332769	0.0000000000	0.9227667231
0	0.0998856853	0.4083076095	0.4918067052
1	0.9248423344	0.0000000000	0.0751576656
0	0.5738159463	0.3105748874	0.1156091663
1	0.6222919015	0.2711379420	0.1065701565
0	0.8499609957	0.0000001367	0.1500388676
0	0.3669453803	0.2680306372	0.3650239825
0	0.6378952805	0.1094805549	0.2526241646
0	0.1596668527	0.0270436759	0.8132894713
0	0.0000164294	0.4722445769	0.5277389937
0	0.5318666853	0.0541147254	0.4140185893
0	0.3308955942	0.2872458798	0.3818585260
1	0.2249565772	0.0000795732	0.7749638496
1	0.3184474127	0.1711326366	0.5104199507
0	0.9966520588	0.0029261206	0.0004218206
0	0.1821331736	0.7902433768	0.0276234496
1	0.1003145824	0.0029360209	0.8967493968
1	0.1462496802	0.3267072176	0.5270431022
0	0.5042789280	0.0606942808	0.4350267912
1	0.3114257178	0.0000000112	0.6885742711
1	0.0000000030	0.0999854203	0.9000145767
0	0.0279197379	0.9410432414	0.0310370207
1	0.9008527662	0.0003641358	0.0987830980
0	0.9893530553	0.0075278083	0.0031191364
1	0.0557847337	0.7129222304	0.2312930360
1	0.6704116389	0.3295883611	0.0000000000
1	0.0004162637	0.1327479525	0.8668357839
0	0.0019408738	0.1394161258	0.8586430004
0	0.4422712049	0.5186945158	0.0390342793
1	0.8731885245	0.0927146168	0.0340968587
0	0.1144607875	0.0033895903	0.8821496222
2	0.0005970621	0.4411441676	0.5582587703
0	0.0007770455	0.0145852651	0.9846376894
0	0.2788561418	0.6461051663	0.0750386918
1	0.1501918638	0.8475553895	0.0022527467
0	0.7250388544	0.0000000305	0.2749611152
1	0.0967774164	0.0000366732	0.9031859103
1	0.0452155193	0.0389916058	0.9157928749
0	0.0038214481	0.4319719097	0.5642066422
0	0.5151055145	0.1363703993	0.3485240862
0	0.9001674119	0.0180816501	0.0817509380
0	0.6628842483	0.0125641808	0.3245515709
0	0.5481409172	0.0156176150	0.4362414678
0	0.9210798060	0.0282267776	0.0506934164
1	0.3589538821	0.0210519332	0.6199941846
0	0.0000070477	0.4462389465	0.5537540058
0	0.4106645563	0.0673798831	0.5219555606
1	0.0615907043	0.0000000063	0.9384092894
0	0.7879277634	0.0000074558	0.2120647807
0	0.0015373643	0.0073534716	0.9911091641
0	0.6222386535	0.1623387670	0.2154225795
1	0.8146717182	0.0000195921	0.1853086897
0	0.5211570277	0.0622481103	0.4165948620
1	0.2988812869	0.0000000000	0.7011187131
0	0.3477250405	0.0350815488	0.6171934106
0	0.2348701773	0.0331628180	0.7319670047
0	0.6855039813	0.2956708440	0.0188251747
