0	0.3360076670	0.0082431893	0.6557491437
1	0.0001763483	0.1352665604	0.8645570914
0	0.8222151551	0.0860023444	0.0917825006
0	0.1663994758	0.0000621067	0.8335384175
0	0.0444363604	0.8263332465	0.1292303931
0	0.0514978608	0.3892931854	0.5592089539
0	0.8682024621	0.1288657183	0.0029318196
1	0.0239303291	0.0000003830	0.9760692879
1	0.0057986243	0.8635913599	0.1306100158
0	0.9545556696	0.0310141884	0.0144301420
0	0.0050024958	0.3980328128	0.5969646914
0	0.4075762663	0.0052760803	0.5871476534
0	0.0030695710	0.1418130141	0.8551174149
1	0.2113802552	0.0017350561	0.7868846888
1	0.3287179525	0.0026475341	0.6686345134
1	0.1870359535	0.0150790928	0.7978849537
0	0.6030747009	0.2195852371	0.1773400620
0	0.2555223976	0.0238106092	0.7206669932
1	0.8495318472	0.0000000000	0.1504681528
0	0.2876235657	0.7006185645	0.0117578698
0	0.9702268904	0.0293227239	0.0004503857
0	0.9957082557	0.0000000286	0.0042917157
1	0.3375968576	0.0000000000	0.6624031424
1	0.0897934089	0.4127630710	0.4974435200
0	0.2489213518	0.2198138808	0.5312647675
1	0.7225268195	0.0219822416	0.2554909388
1	0.2365892975	0.7622460771	0.0011646254
0	0.2033437194	0.2983556643	0.4983006164
0	0.0515529929	0.0006964215	0.9477505856
1	0.9584423952	0.0389070083	0.0026505965
1	0.9638502959	0.0224931668	0.0136565373
0	0.3477614199	0.1524544029	0.4997841772
0	0.0431127277	0.0187899668	0.9380973055
0	0.1304280538	0.0025684817	0.8670034645
0	0.1236162531	0.0000000264	0.8763837205
0	0.0806787539	0.0414906425	0.8778306035
0	0.0043989954	0.0845435466	0.9110574580
1	0.0015961839	0.9984038141	0.0000000021
0	0.7219820600	0.0000000001	0.2780179399
0	0.8480754958	0.0000000000	0.1519245041
1	0.8833793450	0.0199845218	0.0966361332
0	0.2449328293	0.0005991507	0.7544680200
1	0.8211391545	0.0000000091	0.1788608364
0	0.0223480948	0.3365459330	0.6411059722
0	0.3605844329	0.0041412981	0.6352742690
0	0.5215249043	0.0034022059	0.4750728898
0	0.3697333380	0.1067600468	0.5235066152
0	0.1529440420	0.2485144599	0.5985414982
1	0.8088697265	0.1762246075	0.0149056659
1	0.0001619057	0.0906708813	0.9091672129
1	0.7539867098	0.0240196354	0.2219936549
0	0.9896844347	0.0101421163	0.0001734490
0	0.5944150793	0.2088717527	0.1967131680
0	0.1893362322	0.0055281185	0.8051356493
0	0.0397033464	0.0091606905	0.9511359631
1	0.0000000000	0.3746988057	0.6253011943
0	0.5249617648	0.0305487969	0.4444894383
0	0.6319999663	0.0001178447	0.3678821891
1	0.0552788152	0.0004261298	0.9442950550
1	0.7738847890	0.0215397695	0.2045754415
0	0.9999966180	0.0000000000	0.0000033820
1	0.1353046363	0.3245556389	0.5401397248
1	0.9135283463	0.0598449703	0.0266266834
1	0.8002119632	0.0000159603	0.1997720765
1	0.3589537633	0.0523615675	0.5886846692
0	0.9493599669	0.0328443007	0.0177957324
1	0.9930861709	0.0000000000	0.0069138291
0	0.3951516640	0.0002754238	0.6045729122
0	0.4143537388	0.0015939660	0.5840522953
0	0.3921643477	0.1363083231	0.4715273292
0	0.3189553218	0.0178336459	0.6632110323
0	0.0659944158	0.0014701693	0.9325354148
0	0.7295489593	0.2276290967	0.0428219440
1	0.0000581985	0.0033311871	0.9966106144
1	0.2714838373	0.0000000000	0.7285161627
1	0.7982438348	0.0210886473	0.1806675178
1	0.0244497336	0.4145076475	0.5610426189
0	0.0057781043	0.0054290808	0.9887928149
0	0.0000212737	0.0000851611	0.9998935652
1	0.8608381222	0.0000000000	0.1391618778
0	0.6016184919	0.3380249022	0.0603566059
0	0.8669514538	0.0000000000	0.1330485461
1	0.0336490508	0.0232796278	0.9430713214
1	0.4571068896	0.5426669344	0.0002261760
0	0.5302292206	0.0339023935	0.4358683859
1	0.9560226873	0.0000001026	0.0439772102
1	0.2356221635	0.2706552226	0.4937226139
1	0.3275323572	0.1794069154	0.4930607275
1	0.1033079523	0.4326240757	0.4640679720
1	0.5702293209	0.0083387239	0.4214319552
0	0.0513205755	0.1733551037	0.7753243207
0	0.1627087025	0.0000250538	0.8372662438
1	0.8181980007	0.1254429063	0.0563590929
0	0.0089856679	0.9909321114	0.0000822206
0	0.0382723157	0.1068473015	0.8548803828
1	0.2978036755	0.0000000000	0.7021963245
1	0.8954452996	0.0000000667	0.1045546337
0	0.1022892323	0.0125959498	0.8851148179
1	0.4415764944	0.0070100673	0.5514134383
0	0.8790747531	0.1113582246	0.0095670223
0	0.9659971854	0.0337542626	0.0002485520
0	0.7734298944	0.0627311002	0.1638390054
0	0.0384705017	0.0312834267	0.9302460716
0	0.0000000000	0.0425150999	0.9574849001
0	0.5272976511	0.0743465329	0.3983558160
1	0.0000000032	0.0000000069	0.9999999900
0	0.5414982086	0.1685606738	0.2899411176
0	0.0000437811	0.0332489334	0.9667072855
0	0.7176616292	0.0000000848	0.2823382860
0	0.0334618845	0.0634765384	0.9030615771
1	0.3494917998	0.0103251089	0.6401830913
1	0.9999999969	0.0000000031	0.0000000000
1	0.6582847051	0.0728040352	0.2689112597
0	0.0316967240	0.0574341581	0.9108691180
1	0.0024533403	0.5339330431	0.4636136167
0	0.8546922323	0.0000000018	0.1453077660
1	0.9667896934	0.0001342889	0.0330760177
0	0.3776227420	0.1443817558	0.4779955022
0	0.9713523139	0.0171144315	0.0115332546
0	0.1070516717	0.8100416491	0.0829066792
0	0.0476807193	0.0195257381	0.9327935426
2	0.9791568559	0.0079993182	0.0128438259
0	0.3006634184	0.1392238997	0.5601126818
0	0.5483519660	0.0000000000	0.4516480340
0	0.2816611829	0.1699311353	0.5484076819
0	0.5641597008	0.2622216933	0.1736186059
1	0.1079605708	0.0042417412	0.8877976880
0	0.3883807497	0.0002509867	0.6113682636
0	0.5956546209	0.0018393067	0.4025060724
1	0.0190620803	0.3029205245	0.6780173951
1	0.4078851837	0.1080142869	0.4841005294
0	0.5876009142	0.0001329898	0.4122660960
1	0.0161964732	0.2257476824	0.7580558444
0	0.9471036812	0.0086878967	0.0442084220
0	0.6208397873	0.0602797623	0.3188804504
0	0.4549678280	0.5449189447	0.0001132273
0	0.4471949161	0.1676265049	0.3851785790
2	0.8947699241	0.1008199769	0.0044100990
0	0.6448638305	0.2151859754	0.1399501941
0	0.0990857274	0.0001613784	0.9007528942
1	0.0343281026	0.1555680696	0.8101038277
0	0.1214812706	0.8240652497	0.0544534796
0	0.1133479438	0.0008537306	0.8857983256
2	0.9993892407	0.0000000058	0.0006107535
1	0.1011492094	0.0580315551	0.8408192355
0	0.0258895792	0.0043824546	0.9697279661
0	0.0925303945	0.6547800242	0.2526895813
0	0.0290837001	0.2959671298	0.6749491701
1	0.3178171065	0.6628866236	0.0192962699
0	0.9991008388	0.0000001471	0.0008990141
1	0.5953444614	0.0969296047	0.3077259339
0	0.5063224564	0.4929136236	0.0007639199
0	0.0104872287	0.9871131301	0.0023996412
0	0.4269610844	0.0763761198	0.4966627958
0	0.9376540394	0.0000000003	0.0623459603
0	0.7622025537	0.0370185903	0.2007788559
0	0.9115116063	0.0091182889	0.0793701048
0	0.3182046002	0.2162992844	0.4654961154
1	0.1688046668	0.2721115623	0.5590837709
0	0.2255087829	0.1000003436	0.6744908735
0	0.3611484714	0.5124294369	0.1264220917
0	0.2628656855	0.4035287353	0.3336055792
1	0.3905629243	0.0006627052	0.6087743705
1	0.1607534059	0.0710195795	0.7682270147
0	0.8274617453	0.0382781698	0.1342600849
1	0.0608540341	0.2060534152	0.7330925508
1	0.9999999999	0.0000000000	0.0000000001
0	0.0000112426	0.0000000000	0.9999887574
0	0.2293539778	0.0024104036	0.7682356186
2	0.9999966859	0.0000000005	0.0000033135
0	0.9835762117	0.0021734831	0.0142503051
0	0.1248104482	0.6836971824	0.1914923694
1	0.8578735582	0.1420994830	0.0000269587
0	0.5542746596	0.0000000000	0.4457253404
0	0.0343404093	0.1849490065	0.7807105841
0	0.3132699622	0.0000000035	0.6867300343
0	0.5121716935	0.4823551980	0.0054731085
0	0.0091379787	0.1032542437	0.8876077775
0	0.9218099581	0.0000000000	0.0781900419
1	0.0511429371	0.0066328507	0.9422242123
0	0.5168482260	0.0064992300	0.4766525439
1	0.8694959393	0.0000503959	0.1304536648
0	0.0872634442	0.0828041680	0.8299323878
0	0.1169577356	0.1869962735	0.6960459909
1	0.0000000010	0.1494842800	0.8505157191
0	0.8570842284	0.0000013488	0.1429144228
0	0.0674680062	0.3275005817	0.6050314122
0	0.4191223980	0.0034759629	0.5774016391
0	0.9804311706	0.0000000000	0.0195688294
0	0.2008002313	0.7166942310	0.0825055377
1	0.7739704244	0.0599430104	0.1660865653
0	0.3163484002	0.2785254650	0.4051261348
1	0.1989997285	0.4616555895	0.3393446820
1	0.4715376371	0.3420608037	0.1864015592
1	0.0000000311	0.0335982452	0.9664017237
1	0.7065261877	0.2909480561	0.0025257562
0	0.0228786795	0.9726741323	0.0044471882
1	0.0000345041	0.6916523172	0.3083131787
0	0.0049540969	0.0424735260	0.9525723771
0	0.2155436080	0.4855545324	0.2989018596
0	0.8679017450	0.0365452884	0.0955529666
1	0.0246770726	0.0000000283	0.9753228991
0	0.6744065282	0.0118522965	0.3137411753
0	0.1264643311	0.6315362467	0.2419994222
0	0.4045189887	0.5884870361	0.0069939752
1	0.1310736921	0.0000000682	0.8689262396
0	0.0174908275	0.0000000000	0.9825091725
0	0.1722023799	0.0003668616	0.8274307585
1	0.1561908691	0.0000000000	0.8438091309
1	0.6205727173	0.3794272822	0.0000000006
0	0.3627804578	0.3786673298	0.2585522124
0	0.0117179388	0.0038374238	0.9844446374
1	0.9728194441	0.0000162082	0.0271643477
0	0.0017968600	0.9982031348	0.0000000052
0	0.1145959671	0.2754499281	0.6099541048
0	0.1236538026	0.0796158924	0.7967303050
0	0.9728641686	0.0056838274	0.0214520040
0	0.1738315263	0.1024509640	0.7237175097
1	0.9946202637	0.0000000046	0.0053797317
1	0.1034601347	0.8052363724	0.0913034929
0	0.4983424378	0.0057497948	0.4959077675
1	0.3589853354	0.1923817846	0.4486328800
0	0.6871932338	0.0027841294	0.3100226368
0	0.8967768311	0.1031786119	0.0000445570
0	0.4430507760	0.0222988657	0.5346503583
1	0.6971169721	0.0831540716	0.2197289563
1	0.0018786832	0.2828981649	0.7152231518
0	0.0037861099	0.0000955112	0.9961183790
1	0.0000615934	0.1963714545	0.8035669521
0	0.4096911354	0.3123915244	0.2779173402
0	0.3709535414	0.5629692770	0.0660771816
1	0.3484376375	0.0001131574	0.6514492051
0	0.9962034485	0.0000000000	0.0037965515
0	0.9999999173	0.0000000000	0.0000000827
0	0.0001247753	0.4669118446	0.5329633802
1	0.3991246158	0.6008665814	0.0000088028
1	0.0036457749	0.2017978642	0.7945563609
0	0.6689666714	0.0109241636	0.3201091650
0	0.7769857191	0.0000000000	0.2230142809
1	0.0000000107	0.2489832949	0.7510166945
0	0.6616142395	0.1101173692	0.2282683913
0	0.7960273488	0.0651834017	0.1387892495
1	0.5956233460	0.4042558277	0.0001208263
1	0.5845874434	0.3551721929	0.0602403637
1	0.5807337479	0.3337334608	0.0855327913
0	0.1714863218	0.2402769658	0.5882367124
0	0.0000002514	0.8154885666	0.1845111820
0	0.9263590946	0.0038967151	0.0697441903
0	0.4342439370	0.3862028793	0.1795531837
0	0.8912732005	0.0039156559	0.1048111436
1	0.8808281666	0.0909082490	0.0282635845
2	0.1843310406	0.1382270798	0.6774418796
2	0.9366948219	0.0002322386	0.0630729395
1	0.0000000000	0.0110862999	0.9889137001
1	0.0156823743	0.9843176257	0.0000000000
0	0.0351028006	0.9087662450	0.0561309544
0	0.5790289825	0.0000017270	0.4209692904
0	0.9165522164	0.0015916228	0.0818561607
0	0.0025559454	0.8533683033	0.1440757513
2	0.0013442527	0.0274972072	0.9711585402
0	0.4966262183	0.4174419484	0.0859318333
0	0.9379233467	0.0520579383	0.0100187150
1	0.8384936125	0.0909743974	0.0705319901
0	0.4423952071	0.5234233109	0.0341814820
0	0.5874556343	0.1506311791	0.2619131866
0	0.2204338435	0.7004036743	0.0791624822
1	0.0000000012	0.0833049293	0.9166950695
2	0.0212402245	0.0921844195	0.8865753560
0	0.4041128030	0.1800167330	0.4158704640
1	0.0000000793	0.0000000000	0.9999999207
1	0.2448783766	0.0005481884	0.7545734350
1	0.7819485559	0.0097416554	0.2083097887
1	0.0946290719	0.8138059718	0.0915649564
0	0.1272661626	0.1880255278	0.6847083096
1	0.5245302934	0.0000000000	0.4754697066
1	0.0041507280	0.0032985700	0.9925507019
0	0.1622593909	0.2584825898	0.5792580193
0	0.9840099519	0.0153474446	0.0006426035
0	0.4514021075	0.5134900922	0.0351078002
2	0.9523513912	0.0324699843	0.0151786245
0	0.5987914774	0.1041549764	0.2970535462
0	0.4289909644	0.0000346703	0.5709743653
1	0.9932222322	0.0000000000	0.0067777678
0	0.4900439664	0.2661486795	0.2438073542
0	0.1658063135	0.0827341528	0.7514595338
1	0.9951827246	0.0000000000	0.0048172754
0	0.0007801861	0.0078724008	0.9913474131
1	0.8278048443	0.0830678973	0.0891272584
0	0.4156461734	0.1009273868	0.4834264398
1	0.4130898242	0.4000192720	0.1868909039
0	0.4486541618	0.0089471523	0.5423986859
1	0.0389130403	0.0383708652	0.9227160945
1	0.1839659289	0.0000000000	0.8160340711
1	0.7825401818	0.0674290656	0.1500307526
0	0.2789216906	0.3674782141	0.3536000953
0	0.7570167499	0.0000000010	0.2429832491
0	0.7065717063	0.0161727180	0.2772555757
1	0.8594231758	0.1292559748	0.0113208494
0	0.9136987046	0.0013964039	0.0849048914
1	0.0007466544	0.6196119143	0.3796414313
0	0.1324820234	0.5764667416	0.2910512351
0	0.8531960645	0.0457086103	0.1010953253
1	0.0583538650	0.9415307494	0.0001153857
1	0.1872001218	0.2737265970	0.5390732812
0	0.9229885884	0.0051437296	0.0718676820
1	0.6602118288	0.0160172312	0.3237709400
1	0.0008980826	0.2345823666	0.7645195508
1	0.8200697931	0.1799301554	0.0000000515
1	0.9705578512	0.0191327922	0.0103093566
1	0.2060493537	0.0010848095	0.7928658368
0	0.3428569383	0.1913155952	0.4658274665
0	0.2304797221	0.3435012578	0.4260190202
0	0.5479718775	0.0000089464	0.4520191761
0	0.8958400820	0.0053833961	0.0987765219
0	0.0915539370	0.0002471316	0.9081989313
0	0.9604932261	0.0000000000	0.0395067739
0	0.3236881614	0.3908925492	0.2854192894
1	0.7531614709	0.0000000000	0.2468385291
1	0.9264873186	0.0705162823	0.0029963991
0	0.9749205112	0.0027432982	0.0223361906
1	0.0787861970	0.2648824622	0.6563313408
1	0.0000432062	0.9999553103	0.0000014834
1	0.0513514905	0.0320163531	0.9166321564
0	0.9631527607	0.0353562892	0.0014909501
0	0.2111352786	0.0037027011	0.7851620203
1	0.0471063307	0.5323560199	0.4205376494
2	0.9999999300	0.0000000000	0.0000000700
1	0.5162899054	0.0531734839	0.4305366108
1	0.1260039527	0.0051520739	0.8688439734
0	0.1547042642	0.0001249557	0.8451707801
0	0.8584302625	0.1412212186	0.0003485190
0	0.0021042911	0.1855622442	0.8123334647
0	0.9173908340	0.0683161286	0.0142930374
0	0.8837720576	0.0149083523	0.1013195901
0	0.2292403006	0.0000000000	0.7707596994
0	0.7918619053	0.1436980486	0.0644400461
0	0.0738661982	0.0531039993	0.8730298025
0	0.8371275868	0.1020103532	0.0608620600
1	0.0074195036	0.8779804932	0.1146000032
0	0.9955885836	0.0000000000	0.0044114164
0	0.6873129541	0.1193455838	0.1933414620
0	0.0003062055	0.1385764176	0.8611173770
0	0.9771970457	0.0000000000	0.0228029543
0	0.0206151330	0.6520060277	0.3273788393
1	0.0868371014	0.0000001301	0.9131627685
0	0.3954264740	0.1386682520	0.4659052741
0	0.2902820692	0.0000526333	0.7096652975
1	0.5884309551	0.0551998574	0.3563691875
0	0.0447919270	0.8811417944	0.0740662786
0	0.8093371630	0.1906625067	0.0000003303
0	0.8136073924	0.0000000000	0.1863926076
1	0.1931009651	0.1924874876	0.6144115474
0	0.9096939915	0.0000067947	0.0902992137
0	0.0274673705	0.2466687436	0.7258638859
0	0.9661043795	0.0071266090	0.0267690114
0	0.3009794758	0.2659552921	0.4330652321
0	0.7672092539	0.1380368926	0.0947538535
0	0.1898049760	0.0353680998	0.7748269241
0	0.2456501865	0.0279315789	0.7264182345
0	0.7738366068	0.0105367337	0.2156266595
0	0.8258692008	0.1708419536	0.0032888456
0	0.0793396823	0.0181530386	0.9025072791
0	0.0497642087	0.0926624335	0.8575733577
0	0.6454512706	0.2122686896	0.1422800399
0	0.1357809588	0.1281791885	0.7360398527
0	0.0000000000	0.5803521150	0.4196478850
0	0.8668031800	0.1187812066	0.0144156134
0	0.0200314864	0.0000000107	0.9799685029
0	0.8834174210	0.1165373186	0.0000452604
0	0.4253331146	0.2810435706	0.2936233149
0	0.4365415106	0.0120646038	0.5513938856
1	0.7079429671	0.2358789756	0.0561780573
1	0.9929070037	0.0000000055	0.0070929908
0	0.2263247805	0.3654146718	0.4082605477
1	0.6806694256	0.2963836575	0.0229469168
0	0.0039977861	0.0000375637	0.9959646502
0	0.8466620775	0.1484343249	0.0049035976
1	0.4445274863	0.4768818823	0.0785906315
0	0.6286784165	0.0552898517	0.3160317318
1	0.9999999497	0.0000000300	0.0000000203
1	0.0184758667	0.2321929208	0.7493312126
1	0.2839150972	0.6213591882	0.0947257146
0	0.0348745240	0.0431966080	0.9219288680
1	0.3724155162	0.2302598437	0.3973246401
0	0.9201113683	0.0751559838	0.0047326478
1	0.9432384070	0.0040209874	0.0527406056
1	0.0000000003	0.2771996520	0.7228003476
0	0.5880429493	0.2657172828	0.1462397680
0	0.2881481211	0.4471897056	0.2646621733
0	0.0117607928	0.5858580255	0.4023811817
0	0.7784434191	0.1772726402	0.0442839407
0	0.1451456309	0.1675850714	0.6872692977
0	0.3676837861	0.1582534923	0.4740627216
0	0.4847144336	0.0037869438	0.5114986227
0	0.8269515313	0.0000311194	0.1730173493
1	0.5610453639	0.3293590442	0.1095955919
0	0.9972764778	0.0000000000	0.0027235222
0	0.7355926731	0.0008821614	0.2635251654
1	0.8180602367	0.0091634457	0.1727763176
0	0.0989009744	0.4465178855	0.4545811402
1	0.2828031274	0.2363104135	0.4808864592
0	0.0089739734	0.0312847422	0.9597412844
0	0.9759733004	0.0121993889	0.0118273107
1	0.0000226987	0.0095215419	0.9904557594
0	0.3888620019	0.1223750085	0.4887629896
1	0.0726389351	0.0180881058	0.9092729592
0	0.7289094884	0.2393200165	0.0317704951
0	0.3098595488	0.0036082821	0.6865321691
0	0.5367960790	0.2014874688	0.2617164522
1	0.1000053264	0.6421852089	0.2578094647
1	0.0041674236	0.9957834896	0.0000490869
0	0.9430637569	0.0514938073	0.0054424358
0	0.0177456411	0.0539983803	0.9282559786
0	0.5717523305	0.0249050076	0.4033426619
0	0.5855828260	0.2519853548	0.1624318192
0	0.5273728746	0.1116801001	0.3609470253
0	0.0748364415	0.8563573760	0.0688061826
0	0.2617236377	0.0001108206	0.7381655417
0	0.1515148541	0.2248535722	0.6236315737
1	0.9315271605	0.0683901773	0.0000826623
1	0.2008100704	0.6340805928	0.1651093368
0	0.9935849828	0.0000004159	0.0064146012
0	0.2208266311	0.0970583852	0.6821149837
0	0.2003071483	0.3932501563	0.4064426954
1	0.3394037394	0.2000267182	0.4605695423
0	0.9485931892	0.0094237300	0.0419830808
0	0.0219181018	0.2852932812	0.6927886170
0	0.8980126296	0.0585581778	0.0434291926
0	0.1254957242	0.0052961744	0.8692081014
0	0.7563574858	0.0000009337	0.2436415805
0	0.1879321036	0.0017673192	0.8103005772
1	0.1763372403	0.1104427052	0.7132200545
0	0.3849767778	0.0043123897	0.6107108325
0	0.1182142862	0.0000000000	0.8817857138
0	0.1247947455	0.1130860887	0.7621191658
0	0.0748007821	0.0000060473	0.9251931706
2	0.0102788012	0.8610322875	0.1286889113
0	0.4897179598	0.2299208593	0.2803611809
0	0.6724143545	0.1078577230	0.2197279224
0	0.3366382021	0.2863667861	0.3769950118
0	0.2567359927	0.5113051910	0.2319588163
0	0.0392287064	0.1884832546	0.7722880390
0	0.3123940328	0.0052627613	0.6823432059
0	0.0012342856	0.9702105019	0.0285552126
0	0.1018438743	0.0164132756	0.8817428502
0	0.6121369256	0.0961913516	0.2916717228
0	0.4032441383	0.0073806973	0.5893751644
0	0.8032855171	0.0156375409	0.1810769420
2	0.1895946217	0.1068772162	0.7035281621
0	0.9807784512	0.0016454210	0.0175761278
0	0.8555488971	0.1361327194	0.0083183835
1	0.1897987899	0.0000000000	0.8102012101
1	0.9751267380	0.0248732620	0.0000000000
1	0.4679079614	0.2962279848	0.2358640538
2	0.0385681734	0.0819665584	0.8794652682
1	0.9263397358	0.0253688045	0.0482914597
0	0.4078696500	0.0000036583	0.5921266917
1	0.2285280570	0.7063753502	0.0650965928
0	0.0589131187	0.8654790777	0.0756078036
0	0.0965229069	0.3225800531	0.5808970400
0	0.0490429441	0.7596119122	0.1913451437
0	0.0016274089	0.0016818028	0.9966907882
1	0.9949327904	0.0047754730	0.0002917366
0	0.3365906073	0.2440453325	0.4193640603
1	0.0825019809	0.0016183259	0.9158796932
1	0.3206900150	0.6763693941	0.0029405909
0	0.0817323402	0.8544418748	0.0638257850
0	0.3402536272	0.0000273833	0.6597189894
2	0.8653920502	0.0017347639	0.1328731859
0	0.6226849589	0.0000373134	0.3772777277
0	0.5049959285	0.1345592897	0.3604447818
0	0.0017595799	0.0438714828	0.9543689373
0	0.6215406502	0.3784593497	0.0000000001
0	0.2348309142	0.7611533794	0.0040157063
1	0.0000048339	0.0035142539	0.9964809123
0	0.2165103827	0.0001347406	0.7833548767
0	0.0763033458	0.0557801021	0.8679165520
0	0.0000026241	0.0751014496	0.9248959263
0	0.0006976373	0.0076410836	0.9916612791
0	0.1773568756	0.0814033234	0.7412398010
0	0.8769482563	0.0720467467	0.0510049969
0	0.1057965015	0.0026978655	0.8915056329
1	0.2255657298	0.0003164627	0.7741178075
1	0.7813735402	0.0210285643	0.1975978955
0	0.0050510620	0.3750199232	0.6199290149
0	0.0000000043	0.9835842837	0.0164157120
1	0.9998479805	0.0000253247	0.0001266948
1	0.0198954649	0.0000027645	0.9801017706
0	0.0420011532	0.9118778783	0.0461209686
0	0.1449937132	0.0018220493	0.8531842376
0	0.0948564651	0.0000135312	0.9051300036
2	0.9992779234	0.0007220723	0.0000000043
0	0.0000020123	0.0183797413	0.9816182464
0	0.0081923391	0.9667597720	0.0250478889
0	0.8389666011	0.0606233977	0.1004100012
1	0.0343373953	0.1812131097	0.7844494950
0	0.0000501801	0.2024114300	0.7975383898
1	0.1796850563	0.0000000000	0.8203149437
0	0.1307182112	0.0629814551	0.8063003337
0	0.5384007185	0.4615992815	0.0000000000
