1	0.9436148505	0.0563848995	0.0000002500
0	0.0000329190	0.2253632121	0.7746038689
1	0.0006044702	0.0275501143	0.9718454155
0	0.5810150004	0.2038917273	0.2150932724
1	0.9628824495	0.0371175505	0.0000000000
0	0.2263215709	0.0004152805	0.7732631487
1	0.0749167382	0.9023508024	0.0227324593
0	0.3920402247	0.5459617563	0.0619980190
1	0.0022339557	0.6804136409	0.3173524034
0	0.7758740039	0.2241212504	0.0000047457
1	0.1927043678	0.5308274752	0.2764681570
1	0.0004644383	0.9020266626	0.0975088991
1	0.8390323575	0.1609676425	0.0000000000
0	0.1656559925	0.8343440075	0.0000000000
0	0.9610885230	0.0366553992	0.0022560778
2	0.1130247815	0.6407258916	0.2462493269
0	0.2892859983	0.6930122261	0.0177017757
1	0.7746716636	0.2243070474	0.0010212890
0	0.0656131538	0.0006637152	0.9337231310
1	0.4561041939	0.5290975130	0.0147982932
0	0.0522156202	0.9448844376	0.0028999422
1	0.8524502068	0.1475497439	0.0000000493
0	0.9946298233	0.0000000000	0.0053701767
1	0.1401422272	0.4123678446	0.4474899282
1	0.4633351674	0.1409506342	0.3957141984
0	0.0043029215	0.0000000000	0.9956970785
0	0.4182516046	0.5817480272	0.0000003682
2	0.2341474963	0.7646657171	0.0011867866
1	0.8618815709	0.0261906964	0.1119277327
0	0.1341542412	0.3070733086	0.5587724503
1	0.5048770201	0.0000151301	0.4951078498
0	0.0000001749	0.0612048475	0.9387949776
0	0.7534084470	0.0405566142	0.2060349388
0	0.5770841152	0.4227553030	0.0001605818
0	0.1049274763	0.8907662246	0.0043062991
0	0.0006333982	0.9993666018	0.0000000000
2	0.6044850396	0.0021275956	0.3933873648
0	0.2613876828	0.1962884167	0.5423239005
0	0.0847734688	0.0194503976	0.8957761336
0	0.0610989434	0.5606690052	0.3782320515
1	0.0043999820	0.0212995212	0.9743004968
0	0.0000000000	0.9979608050	0.0020391950
0	0.0154056940	0.9266149337	0.0579793723
0	0.0000000000	0.0115309474	0.9884690525
1	0.3801596406	0.5700986661	0.0497416933
0	0.7810167946	0.0705534377	0.1484297676
0	0.6073560934	0.2668946424	0.1257492642
1	0.0515920407	0.9171015478	0.0313064116
1	0.2353351227	0.0005752381	0.7640896393
1	0.2296441240	0.4904743807	0.2798814953
0	0.2290800047	0.7709199949	0.0000000004
1	0.6031907620	0.3943241992	0.0024850388
1	0.9939660685	0.0060339315	0.0000000000
0	0.1773953063	0.0003057422	0.8222989515
0	0.3710361120	0.1366851438	0.4922787443
0	0.9999303010	0.0000000064	0.0000696926
0	0.7178715072	0.0153092644	0.2668192284
0	0.7013589064	0.2986410936	0.0000000000
0	0.2163396713	0.0000343036	0.7836260251
1	0.9630940285	0.0132768273	0.0236291442
0	0.0010475963	0.6529635103	0.3459888934
0	0.8196542459	0.1469305854	0.0334151687
2	0.1965426115	0.1139955822	0.6894618062
0	0.0873446367	0.7030844815	0.2095708818
1	0.4114497633	0.2297392782	0.3588109585
0	0.0000000000	0.5456518459	0.4543481541
1	0.2639289166	0.3774981349	0.3585729485
1	0.0399436385	0.3490800266	0.6109763349
0	0.8032851674	0.1967118844	0.0000029482
0	0.4185457890	0.0129461893	0.5685080218
0	0.0723241519	0.2189095678	0.7087662803
1	0.0090184514	0.7497184834	0.2412630652
0	0.2878961240	0.4000093224	0.3120945536
1	0.0009209715	0.0000000814	0.9990789471
0	0.1084489673	0.0005293281	0.8910217046
0	0.1740691253	0.8258592426	0.0000716321
0	0.1347621553	0.6853639648	0.1798738799
0	0.0000002249	0.5681798643	0.4318199108
0	0.0948637455	0.2961448905	0.6089913640
0	0.2612696936	0.0878667678	0.6508635386
0	0.0781690587	0.6993005782	0.2225303631
0	0.0246021629	0.9753758564	0.0000219807
1	0.5266607221	0.3869701075	0.0863691704
0	0.0013635797	0.1458155392	0.8528208810
0	0.7240923402	0.0000000398	0.2759076200
0	0.3204352428	0.0000000372	0.6795647200
0	0.0915047317	0.9038892047	0.0046060637
0	0.4460667437	0.5500214456	0.0039118107
1	0.1784119243	0.6646137082	0.1569743676
0	0.1098558260	0.7981807918	0.0919633821
0	0.9960086181	0.0039378669	0.0000535150
2	0.9997692989	0.0000127629	0.0002179382
2	0.1402227544	0.2248055334	0.6349717121
1	0.4182167644	0.0000110964	0.5817721392
0	0.9629401503	0.0161276284	0.0209322213
1	0.8988220071	0.1009624951	0.0002154978
0	0.6822005017	0.0035144551	0.3142850431
0	0.2897913694	0.7101367001	0.0000719305
1	0.1535217007	0.1545146312	0.6919636681
0	0.6734035396	0.2051031473	0.1214933131
