0	0.0366534543	0.9633465457	0.0000000000
1	0.1138585067	0.8861414923	0.0000000010
0	0.3868002112	0.3015370080	0.3116627808
1	0.4821887179	0.0281946977	0.4896165844
0	0.8460879159	0.0023600624	0.1515520217
0	0.1642650668	0.3157019618	0.5200329714
1	0.4366704875	0.5544857847	0.0088437277
1	0.0153589350	0.9846410650	0.0000000000
0	0.0000236216	0.9035288089	0.0964475695
0	0.3167275609	0.0831061252	0.6001663138
0	0.0000006823	0.0217956445	0.9782036732
1	0.0183173934	0.9816576449	0.0000249617
1	0.9875347221	0.0001899645	0.0122753134
1	0.9999969499	0.0000030501	0.0000000000
1	0.8048871330	0.1940098559	0.0011030111
1	0.1798432680	0.3059487390	0.5142079931
0	0.8568660276	0.1107742624	0.0323597100
1	0.1543012152	0.5628267685	0.2828720163
1	0.3072402375	0.0120016452	0.6807581172
0	0.2417606103	0.0017750195	0.7564643702
1	0.7912489177	0.0315558471	0.1771952352
0	0.1074453640	0.8923746583	0.0001799777
0	0.8050760904	0.1883849752	0.0065389343
1	0.7296942336	0.0008810463	0.2694247201
0	0.0507643256	0.9489553716	0.0002803028
1	0.3173695662	0.4325096808	0.2501207530
0	0.0000000000	0.9999752914	0.0000247085
0	0.8058062470	0.1308200328	0.0633737203
0	0.5051690253	0.2581122671	0.2367187076
0	0.2262470608	0.0942713807	0.6794815586
0	0.0114308314	0.9841345378	0.0044346308
1	0.7861673993	0.0100632833	0.2037693174
0	0.7864092400	0.2135906049	0.0000001551
1	0.7515556857	0.0000006417	0.2484436726
1	0.0042338823	0.7231985484	0.2725675692
0	0.6096713238	0.3197011934	0.0706274829
0	0.2453847830	0.0270410140	0.7275742029
0	0.0008231782	0.9991767918	0.0000000300
0	0.8813068273	0.0793726062	0.0393205664
1	0.7014300689	0.0637635248	0.2348064063
1	0.7494386288	0.0595624974	0.1909988738
0	0.0107171647	0.9870418973	0.0022409379
0	0.0004064823	0.9995934938	0.0000000239
0	0.1646845003	0.3586361135	0.4766793863
0	0.5860688284	0.0558137194	0.3581174522
0	0.0059348026	0.1561049685	0.8379602289
1	0.8022943056	0.0087221458	0.1889835486
0	0.8524537871	0.0170508050	0.1304954079
0	0.0019512249	0.0051261159	0.9929226592
0	0.0004063103	0.6630929691	0.3365007206
0	0.9910425696	0.0000000000	0.0089574304
1	0.0003379255	0.7072442722	0.2924178023
0	0.1671160819	0.3510573753	0.4818265427
0	0.0000001611	0.0708085875	0.9291912514
0	0.9839141906	0.0160858094	0.0000000000
0	0.4969963341	0.0504949904	0.4525086755
0	0.5103758752	0.3521817773	0.1374423475
2	0.0874253092	0.8270664579	0.0855082330
1	0.6024790078	0.1474780972	0.2500428950
0	0.6581573774	0.1572075787	0.1846350439
1	0.0011150372	0.7764509918	0.2224339710
0	0.5154402843	0.3897149340	0.0948447818
0	0.0011164318	0.0030150256	0.9958685426
0	0.0185866872	0.8992167435	0.0821965693
0	0.0025409841	0.7566585792	0.2408004368
0	0.1102977949	0.8897006417	0.0000015634
0	0.5100691204	0.2405492778	0.2493816018
0	0.0000000024	0.0511768047	0.9488231929
1	0.8455535500	0.1147031915	0.0397432585
0	0.0000000001	0.0194364552	0.9805635447
0	0.1330085722	0.6573014565	0.2096899713
0	0.8737467351	0.0079050684	0.1183481965
0	0.0000000011	0.7465045739	0.2534954250
1	0.2734811433	0.4471171374	0.2794017194
1	0.0385575487	0.9525506821	0.0088917691
1	0.0184691935	0.0000072224	0.9815235841
2	0.0561302583	0.9351010918	0.0087686499
0	0.1314075063	0.8596715324	0.0089209613
0	0.3057010834	0.6942913769	0.0000075396
2	0.6429071355	0.3529493759	0.0041434887
0	0.0063291128	0.7252197638	0.2684511234
1	0.5549557920	0.4270541808	0.0179900271
0	0.0933663686	0.3144804864	0.5921531450
1	0.1659267829	0.0284793608	0.8055938563
0	0.7909206568	0.1920978733	0.0169814700
0	0.0741676936	0.9258323035	0.0000000029
0	0.5284789664	0.4682429275	0.0032781061
0	0.5471736690	0.4528263310	0.0000000000
0	0.0141609873	0.1008581102	0.8849809026
0	0.0469496365	0.7216000712	0.2314502923
1	0.1404313323	0.8456441910	0.0139244767
0	0.0081495958	0.1182302005	0.8736202037
0	0.0096253079	0.1246109618	0.8657637303
1	0.0562485413	0.0001944373	0.9435570213
1	0.6387747581	0.3043260948	0.0568991472
0	0.7890782902	0.0012585826	0.2096631272
2	0.0000105278	0.1148405717	0.8851489005
0	0.3640148764	0.4927491510	0.1432359725
0	0.9874301154	0.0007465956	0.0118232890
0	0.0000057387	0.7825813807	0.2174128806
