1	0.9181340436	0.0698143459	0.0120516105
1	0.3702584981	0.0036089824	0.6261325195
0	0.5673030442	0.4326507187	0.0000462371
1	0.9838601441	0.0045938034	0.0115460526
2	0.1772398820	0.8217515517	0.0010085663
2	0.0500965953	0.9499022046	0.0000012001
0	0.0000000426	0.9999999574	0.0000000000
0	0.0223672683	0.6751089373	0.3025237944
0	0.0020058298	0.9977789228	0.0002152474
0	0.6370960793	0.2963217193	0.0665822014
0	0.0135690838	0.9563205201	0.0301103960
0	0.0645752546	0.9123673325	0.0230574129
2	0.0015956580	0.9816149004	0.0167894416
1	0.1312667573	0.8366143425	0.0321189002
0	0.0000000000	0.9979221823	0.0020778177
0	0.7338829538	0.2579763929	0.0081406533
0	0.0101082216	0.7608117114	0.2290800670
0	0.6911845945	0.2106845059	0.0981308997
0	0.0037039617	0.1762577769	0.8200382615
1	0.0431631660	0.9568363615	0.0000004725
1	0.7679378486	0.2235673584	0.0084947930
0	0.0379947082	0.8832477090	0.0787575828
0	0.3239316186	0.5898074602	0.0862609211
1	0.0003909652	0.9969931343	0.0026159005
1	0.9897161348	0.0003379738	0.0099458915
0	0.2274457106	0.7542506670	0.0183036224
0	0.0056772068	0.9943227899	0.0000000033
0	0.9999997788	0.0000000009	0.0000002202
0	0.3481824462	0.6518027806	0.0000147732
1	0.1320748077	0.8675447204	0.0003804718
0	0.0195556000	0.0000024527	0.9804419473
0	0.3406100935	0.0260438460	0.6333460605
1	0.4508211479	0.2783416649	0.2708371872
1	0.6480237883	0.3265454159	0.0254307958
1	0.3913244425	0.0000000056	0.6086755519
0	0.1917214943	0.8082785057	0.0000000000
0	0.0665012496	0.9334958890	0.0000028614
1	0.0082847680	0.6049970376	0.3867181944
2	0.1455489833	0.1264343523	0.7280166644
0	0.3920818793	0.4820815809	0.1258365398
1	0.0525668058	0.9313132099	0.0161199843
0	0.0000000027	0.3047544455	0.6952455518
1	0.0301899269	0.3665336353	0.6032764378
0	0.9264608676	0.0735390981	0.0000000343
0	0.8206955032	0.1793044968	0.0000000000
0	0.0066058954	0.9854895523	0.0079045523
0	0.8707976040	0.1283557324	0.0008466635
1	0.4687689071	0.0883878546	0.4428432383
0	0.2172974539	0.7786606790	0.0040418670
1	0.0000001321	0.4159054499	0.5840944180
0	0.0000000000	1.0000000000	0.0000000000
1	0.0003552112	0.2543810639	0.7452637249
1	0.1173028208	0.6700135216	0.2126836577
1	0.0697705177	0.9267740248	0.0034554575
2	0.6463321572	0.3536507897	0.0000170531
0	0.9646610082	0.0341476966	0.0011912952
0	0.1225823168	0.8177651830	0.0596525002
0	0.3991495513	0.5789899515	0.0218604972
0	0.1777657292	0.7842033201	0.0380309506
0	0.3507851464	0.2755578297	0.3736570239
0	0.5922968464	0.1677321703	0.2399709833
1	0.0000000010	0.9994958600	0.0005041390
0	0.2126609820	0.7873359709	0.0000030471
0	0.7460351564	0.0013379229	0.2526269206
0	0.0934301235	0.9063817935	0.0001880830
1	0.0545541009	0.8451266552	0.1003192439
0	0.0362130948	0.6067020546	0.3570848506
0	0.0003007497	0.9996989797	0.0000002706
1	0.4214435463	0.3169719152	0.2615845385
1	0.8338119660	0.1521573694	0.0140306646
0	0.0000000003	0.4283368318	0.5716631679
0	0.0865161003	0.9134838997	0.0000000000
0	0.0514798966	0.1287970665	0.8197230369
1	0.0000000000	0.9518472438	0.0481527562
0	0.0257143067	0.5449316131	0.4293540801
1	0.0000000000	1.0000000000	0.0000000000
0	0.2073379370	0.7773205303	0.0153415327
0	0.0001313251	0.9288794812	0.0709891936
0	0.9096238185	0.0903481056	0.0000280759
0	0.0000000000	0.9420696453	0.0579303547
0	0.0000050423	0.9999949577	0.0000000000
0	0.0631382327	0.0437635273	0.8930982400
0	0.0027288431	0.8564281832	0.1408429737
1	0.2035232605	0.6387063455	0.1577703939
0	0.0005955473	0.0000000000	0.9994044527
1	0.2579911084	0.7415130442	0.0004958474
0	0.2444383643	0.0043083980	0.7512532378
0	0.4953418121	0.5046581491	0.0000000387
0	0.0043367790	0.0354447746	0.9602184464
1	0.0000000000	0.9990250670	0.0009749330
0	0.0029076569	0.0020663395	0.9950260036
1	0.1059661927	0.8922953009	0.0017385064
0	0.0516472925	0.0000526154	0.9483000922
1	0.0000638887	0.6624904116	0.3374456998
0	0.2940017725	0.7059982275	0.0000000000
0	0.0645125122	0.3996653885	0.5358220993
1	0.0359596823	0.8760377983	0.0880025193
0	0.1056387330	0.8684869392	0.0258743278
0	0.1046573428	0.8953426572	0.0000000000
0	0.7641145812	0.1941827313	0.0417026875
