0	0.1996211598	0.8003729748	0.0000058654
0	0.9986456987	0.0013543013	0.0000000000
0	0.0116964353	0.9883035647	0.0000000000
0	0.5673304011	0.0116853899	0.4209842089
0	0.0035052518	0.9474109311	0.0490838171
0	0.9698712858	0.0280970895	0.0020316247
0	0.0695438492	0.8527359510	0.0777201999
0	0.0509791118	0.0088788401	0.9401420481
0	0.4395047988	0.1234901896	0.4370050116
1	0.9991061839	0.0008938154	0.0000000007
1	0.0712002908	0.8337192540	0.0950804552
1	0.2745560261	0.5940482104	0.1313957635
0	0.5828937456	0.3232214062	0.0938848482
0	0.0001370988	0.6137790913	0.3860838099
0	0.0675914240	0.7840922461	0.1483163299
0	0.8483385219	0.0019379829	0.1497234952
0	0.8079230488	0.1918877231	0.0001892281
0	0.1520094600	0.0161011172	0.8318894228
0	0.3542368278	0.6402436550	0.0055195172
0	0.2404453657	0.7595546343	0.0000000000
0	0.0405270779	0.6428375006	0.3166354215
0	0.0690426091	0.4056133127	0.5253440781
0	0.7213088753	0.2535817305	0.0251093943
2	0.0047064165	0.7156265280	0.2796670555
0	0.9986773499	0.0013226501	0.0000000000
0	0.0000500770	0.0008456220	0.9991043010
0	0.8630023740	0.1079853221	0.0290123039
0	0.4132721161	0.5867278839	0.0000000000
2	0.4375403883	0.0641204398	0.4983391719
1	0.0001290668	0.9998706771	0.0000002560
1	0.1005860383	0.8315875727	0.0678263890
1	0.0000005946	0.0000000001	0.9999994053
0	0.0000115944	0.0007636729	0.9992247327
0	0.1946437667	0.8053562333	0.0000000000
1	0.2108077575	0.7891922425	0.0000000000
0	0.0218901585	0.8921336523	0.0859761892
0	0.7876015493	0.0168216170	0.1955768337
1	0.4973449550	0.5026549638	0.0000000811
2	0.9937479124	0.0000001917	0.0062518959
0	0.0002174561	0.9707386714	0.0290438725
0	0.1645593905	0.8310842965	0.0043563130
0	0.0107655512	0.5969412550	0.3922931937
0	0.9720064126	0.0279306100	0.0000629774
0	0.1692310550	0.7559118012	0.0748571438
1	0.0000699081	0.7574772259	0.2424528660
0	0.1855324434	0.8144457931	0.0000217635
1	0.1152854436	0.8385765034	0.0461380530
1	0.2574510248	0.0056815644	0.7368674108
0	0.0014922251	0.9984981890	0.0000095860
0	0.7273299940	0.2477150699	0.0249549362
0	0.3520960688	0.3399653621	0.3079385690
2	0.4677113881	0.2196704674	0.3126181444
1	0.0163801064	0.0073274661	0.9762924275
1	0.7548773014	0.1756347317	0.0694879669
1	0.4534216386	0.3005064431	0.2460719183
0	0.0000000005	0.9461382106	0.0538617888
0	0.1464173167	0.0981131914	0.7554694919
1	0.0408124651	0.9080765496	0.0511109853
0	0.9151050827	0.0701630107	0.0147319066
0	0.2115730314	0.7884269684	0.0000000003
1	0.0141164218	0.9858835782	0.0000000000
1	0.0008217332	0.1871003836	0.8120778832
1	0.4190349777	0.0034508201	0.5775142023
0	0.8910336602	0.0471469268	0.0618194130
1	0.4735663105	0.4702048430	0.0562288465
0	0.0000000000	0.6909413841	0.3090586159
0	0.2161568431	0.5907892575	0.1930538994
1	0.1091977082	0.2880253954	0.6027768964
0	0.0071572303	0.9701422161	0.0227005536
0	0.3147838319	0.1908676891	0.4943484790
0	0.0000000000	0.0062904102	0.9937095898
1	0.0124096090	0.5759157897	0.4116746013
0	0.0181910806	0.9790619069	0.0027470125
1	0.0000000066	0.1994477748	0.8005522186
1	0.3879439017	0.6120554682	0.0000006301
0	0.5948754807	0.1410004256	0.2641240937
0	0.0000000479	0.0037635601	0.9962363920
0	0.0000021725	0.8597166608	0.1402811667
0	0.7499091463	0.0493510843	0.2007397694
0	0.6295989201	0.3595778211	0.0108232588
2	0.0000026946	0.9771300536	0.0228672518
1	0.0000000362	0.2335399473	0.7664600165
0	0.9416379688	0.0521169739	0.0062450574
0	0.1163509221	0.8699651555	0.0136839224
1	0.0000006832	0.0966994963	0.9032998205
0	0.0177621958	0.4452354818	0.5370023224
0	0.2751962160	0.7247685875	0.0000351964
0	0.0241651798	0.9758348202	0.0000000000
0	0.2509349962	0.7167862829	0.0322787209
0	0.4513189440	0.5477532674	0.0009277886
0	0.0376806324	0.9623193676	0.0000000000
1	0.9147181672	0.0680697305	0.0172121022
0	0.3290094706	0.4201217576	0.2508687719
1	0.0000006728	0.9990439506	0.0009553766
0	0.6808565869	0.3191433721	0.0000000411
2	0.0092544626	0.9665618977	0.0241836397
0	0.0000000000	0.0175024548	0.9824975452
1	0.0000000000	0.6281836564	0.3718163436
1	0.0488632826	0.0021793761	0.9489573412
0	0.0008921435	0.9938806119	0.0052272446
