0	0.8447994910	0.0592449191	0.0959555898
1	0.0262959985	0.0115869289	0.9621170726
1	0.0000002069	0.9472715279	0.0527282652
1	0.1919237283	0.2804937122	0.5275825595
0	0.0000000015	0.0539756418	0.9460243567
0	0.1151897502	0.0102791710	0.8745310788
1	0.0095815710	0.1790150954	0.8114033336
0	0.0057073011	0.3667698002	0.6275228987
0	0.6454567776	0.3545172068	0.0000260156
0	0.0000104834	0.9941728962	0.0058166205
0	0.0014709585	0.9653334854	0.0331955561
2	0.0442590108	0.9548710165	0.0008699727
0	0.2357791837	0.3473299204	0.4168908958
2	0.1105366705	0.5698496197	0.3196137098
0	0.0275835483	0.5770690972	0.3953473545
0	0.0000029925	0.0000172807	0.9999797268
0	0.2959392310	0.0352624881	0.6687982809
0	0.0000441621	0.9504321084	0.0495237295
0	0.0006081529	0.5162361999	0.4831556472
1	0.0819266418	0.9084815882	0.0095917701
0	0.7270828238	0.0000000917	0.2729170845
0	0.3266813697	0.6722139807	0.0011046496
2	0.0134824106	0.3622199041	0.6242976854
0	0.6442699288	0.2089587238	0.1467713475
1	0.6274084345	0.0000000000	0.3725915655
1	0.9995498015	0.0000000013	0.0004501972
0	0.8965937883	0.0308268937	0.0725793181
0	0.7423864908	0.2576135092	0.0000000000
0	0.0000000000	0.9999810391	0.0000189609
0	0.3162656696	0.6835173841	0.0002169463
1	0.5322478282	0.4370258028	0.0307263690
0	0.0000005937	0.9201095870	0.0798898193
0	0.9190493648	0.0003005856	0.0806500496
1	0.0003086919	0.1165203326	0.8831709756
2	0.3871490982	0.0986722547	0.5141786472
1	0.2382260714	0.7616793895	0.0000945391
0	0.3214266944	0.6770768899	0.0014964157
0	0.1978188347	0.5739199896	0.2282611757
0	0.0133901247	0.0724685556	0.9141413197
1	0.0103940735	0.9799119403	0.0096939862
0	0.0617582260	0.8985261880	0.0397155860
0	0.0000014464	0.9999980763	0.0000004772
0	0.0227202204	0.9725804534	0.0046993263
1	0.1708797226	0.4063291424	0.4227911349
1	0.5213715697	0.2708139175	0.2078145128
1	0.0000000063	0.8574569187	0.1425430750
0	0.9320753105	0.0192485000	0.0486761896
0	0.0077500323	0.6822387305	0.3100112372
0	0.4136534149	0.5828520496	0.0034945355
0	0.1816853187	0.8183146813	0.0000000000
1	0.5382052744	0.3455046514	0.1162900742
0	0.0218010795	0.3077908536	0.6704080669
0	0.0000454397	0.0105987092	0.9893558510
1	0.6598746827	0.3308861007	0.0092392166
1	0.0000000566	0.6757637579	0.3242361855
1	0.0001776015	0.2301004892	0.7697219093
1	0.0810982576	0.0983550171	0.8205467253
0	0.9148164505	0.0067856176	0.0783979319
1	0.3786468581	0.6063855883	0.0149675537
0	0.0503189431	0.4954475188	0.4542335381
0	0.1050711688	0.2741185781	0.6208102531
0	0.8924313276	0.0801246853	0.0274439871
2	0.0000135020	0.9966457230	0.0033407750
1	0.4735584413	0.5264415260	0.0000000326
0	0.0640970581	0.4039610157	0.5319419262
1	0.0108560131	0.2143765437	0.7747674432
1	0.1513222744	0.7107786968	0.1378990288
1	0.1742399838	0.7389653775	0.0867946387
1	0.0001653724	0.0157325594	0.9841020682
1	0.3449250046	0.0181587250	0.6369162704
0	0.3193289815	0.6111566547	0.0695143638
0	0.8980852204	0.1016475669	0.0002672127
1	0.0502354781	0.9369593366	0.0128051853
0	0.2258102605	0.5476914962	0.2264982434
0	0.1079514318	0.8387426343	0.0533059338
2	0.1831343815	0.1656612840	0.6512043346
0	0.2800540563	0.7018245455	0.0181213982
0	0.0000000000	0.0106048582	0.9893951418
0	0.0341903711	0.9657669082	0.0000427207
0	0.5509789291	0.2708814904	0.1781395805
0	0.3636601021	0.4291294265	0.2072104713
0	0.2078269507	0.0000001356	0.7921729137
0	0.2407933476	0.3050805782	0.4541260742
0	0.3448189634	0.0555926126	0.5995884240
0	0.0004434280	0.4371726523	0.5623839197
1	0.3237783730	0.4809117837	0.1953098432
1	0.0009476235	0.9528228897	0.0462294868
0	0.2220377772	0.6595695506	0.1183926722
1	0.4270293019	0.5507898329	0.0221808652
0	0.2699278477	0.5690194219	0.1610527304
0	0.6139071014	0.3541483129	0.0319445857
0	0.9956252902	0.0043350620	0.0000396478
1	0.1518619370	0.7617646171	0.0863734460
0	0.0000000000	0.0000370044	0.9999629956
0	0.0005668704	0.4328097679	0.5666233617
0	0.8176928941	0.0326501184	0.1496569875
0	0.0000000000	0.8381205169	0.1618794831
2	0.2414791384	0.0000227484	0.7584981131
0	0.0017022534	0.9982961696	0.0000015771
0	0.2565858831	0.6556175660	0.0877965509
