0	0.0000685118	0.9958729801	0.0040585081
0	0.2615047938	0.3816001419	0.3568950643
1	0.3425756135	0.0044654017	0.6529589848
1	0.3706104212	0.5915039306	0.0378856482
1	0.9405437205	0.0120872937	0.0473689858
0	0.0018146662	0.0239293618	0.9742559720
1	0.9088069614	0.0219983049	0.0691947337
0	0.4075689023	0.5924256669	0.0000054308
0	0.4141656533	0.3884411672	0.1973931795
1	0.1340735507	0.0167898284	0.8491366209
0	0.0133951154	0.7407521847	0.2458526999
0	0.8023036576	0.1975362322	0.0001601103
2	0.1357407141	0.0470267709	0.8172325150
0	0.2410461372	0.7547792979	0.0041745648
0	0.0152696824	0.3947971783	0.5899331393
1	0.0054183870	0.8107276029	0.1838540101
1	0.9975655679	0.0000190334	0.0024153987
0	0.0828496045	0.7138218579	0.2033285376
0	0.7015141122	0.2980039841	0.0004819037
0	0.0763568665	0.0000000125	0.9236431210
1	0.0827343535	0.4616884747	0.4555771718
1	0.3569791301	0.1004875874	0.5425332825
0	0.4355924976	0.5630745808	0.0013329216
1	0.5914756399	0.0010181573	0.4075062029
1	0.0073068080	0.5425920525	0.4501011395
1	0.2798070256	0.6693058683	0.0508871061
0	0.0118569959	0.9874723966	0.0006706075
0	0.0004749861	0.8559218211	0.1436031927
0	0.0000138888	0.0025223335	0.9974637777
0	0.0025436662	0.9974562568	0.0000000770
0	0.5503021101	0.4437000773	0.0059978126
0	0.4310587378	0.2099131084	0.3590281538
0	0.6859570101	0.1960888010	0.1179541888
0	0.7126280904	0.0000183484	0.2873535612
0	0.7223371729	0.2398776270	0.0377852001
1	0.5851855580	0.0262518685	0.3885625734
1	0.1535184624	0.4243850445	0.4220964931
0	0.0702903015	0.9296844323	0.0000252662
0	0.2921539250	0.1379527375	0.5698933375
0	0.5126594548	0.4873402030	0.0000003422
0	0.4250388271	0.5749611729	0.0000000000
0	0.0519023358	0.0446743998	0.9034232644
0	0.1594226865	0.1859138631	0.6546634503
2	0.0807853402	0.9192146596	0.0000000002
0	0.0061929106	0.8221846409	0.1716224486
0	0.0066963232	0.0706542549	0.9226494219
0	0.4339396362	0.5660354928	0.0000248711
0	0.9589383248	0.0231289503	0.0179327250
0	0.0127461749	0.2054247499	0.7818290752
0	0.9610887960	0.0006149840	0.0382962200
1	0.6216534362	0.3100619683	0.0682845955
1	0.6169283929	0.1149727110	0.2680988961
1	0.0745641910	0.9187563497	0.0066794593
1	0.5412058989	0.0083448173	0.4504492837
0	0.3880775022	0.4300223966	0.1819001012
1	0.6223138886	0.3728213513	0.0048647601
0	0.9869522636	0.0000000000	0.0130477364
0	0.5079701840	0.1738957192	0.3181340968
0	0.8635657538	0.0003738244	0.1360604218
0	0.3707169946	0.5203471034	0.1089359020
1	0.6853753257	0.3145588869	0.0000657873
0	0.4830169679	0.0582328463	0.4587501858
0	0.0219174742	0.0003581424	0.9777243834
1	0.3533304876	0.1395329309	0.5071365815
0	0.8545454116	0.0299569578	0.1154976306
0	0.0486600586	0.0005050886	0.9508348528
0	0.0263986701	0.1076296280	0.8659717018
1	0.5621508836	0.2531383214	0.1847107949
0	0.0087704106	0.9912263249	0.0000032645
1	0.0438292814	0.0295213772	0.9266493414
0	0.0000000001	0.6802319673	0.3197680326
0	0.3745955506	0.6229478030	0.0024566463
0	0.1374503343	0.1920947494	0.6704549163
0	0.2799974801	0.0008106112	0.7191919087
0	0.9058696382	0.0941303064	0.0000000554
0	0.0429835864	0.2060355165	0.7509808971
0	0.9047021122	0.0930244064	0.0022734814
1	0.0039984722	0.6447252277	0.3512763001
0	0.0000027757	0.9893985876	0.0105986367
1	0.9369767870	0.0547261401	0.0082970729
0	0.2568822486	0.7430817140	0.0000360374
0	0.5156111667	0.0520576597	0.4323311735
0	0.2295466067	0.3999546488	0.3704987445
0	0.4616969928	0.4020299392	0.1362730680
0	0.2579306422	0.3434706268	0.3985987310
0	0.9161459799	0.0001172206	0.0837367995
1	0.0945091403	0.2040237824	0.7014670773
1	0.2938929857	0.0051982979	0.7009087164
0	0.9484072272	0.0007904828	0.0508022900
1	0.0005174513	0.9993847407	0.0000978080
1	0.1606732098	0.4755763617	0.3637504285
0	0.1504917198	0.8241827938	0.0253254863
0	0.2783031452	0.5643657125	0.1573311424
1	0.1808675575	0.0000000007	0.8191324418
0	0.0002756553	0.4707578392	0.5289665056
0	0.0424479474	0.8899149542	0.0676370984
1	0.1297686477	0.1679234287	0.7023079236
0	0.0000000000	0.0209474968	0.9790525032
0	0.4224095668	0.4979608813	0.0796295519
1	0.3378029394	0.6322863793	0.0299106813
