0	0.8980933832	0.0971757508	0.0047308660
0	0.0097933313	0.6183806759	0.3718259928
0	0.0000107500	0.8830789190	0.1169103310
0	0.1140435627	0.8859549676	0.0000014696
1	0.0198619973	0.7419048866	0.2382331161
0	0.0000529529	0.8886702268	0.1112768203
0	0.7785524921	0.2214475079	0.0000000000
2	0.3963498071	0.5942028913	0.0094473015
0	0.9875739992	0.0000001965	0.0124258043
0	0.0015358665	0.9963275249	0.0021366086
1	0.1032965783	0.8687813771	0.0279220445
0	0.1366425118	0.8605303225	0.0028271657
0	0.8394263558	0.0174212613	0.1431523829
0	0.4299157691	0.4572367145	0.1128475164
0	0.0202605906	0.7614079402	0.2183314692
0	0.0077379323	0.9922122021	0.0000498656
1	0.9037448920	0.0193969562	0.0768581519
0	0.0786960108	0.9213028592	0.0000011300
1	0.1352222868	0.2908276618	0.5739500514
1	0.0147520039	0.9646974654	0.0205505307
0	0.3824910992	0.4102936624	0.2072152383
0	0.0331384033	0.9231125669	0.0437490298
0	0.7914644141	0.1821927811	0.0263428049
0	0.3632605168	0.6367394832	0.0000000000
1	0.3857136467	0.4017996724	0.2124866809
1	0.1046948545	0.8817130596	0.0135920859
0	0.0299707915	0.0204668839	0.9495623246
1	0.8404235267	0.1595764548	0.0000000186
0	0.0000000006	0.6247901817	0.3752098178
1	0.0197455346	0.6117793367	0.3684751287
0	0.8744718222	0.0006466722	0.1248815056
0	0.0018181423	0.9308124990	0.0673693587
0	0.0098912636	0.9825255557	0.0075831806
0	0.5529796334	0.4469516833	0.0000686832
1	0.6661973827	0.2478015367	0.0860010807
0	0.1216309208	0.8783690667	0.0000000126
0	0.4793600770	0.5206368211	0.0000031019
0	0.0787533794	0.7640644466	0.1571821739
1	0.0890084538	0.8425248432	0.0684667030
2	0.0000851333	0.9055869611	0.0943279056
1	0.0015282304	0.2925585013	0.7059132683
0	0.0057060511	0.0119768307	0.9823171182
0	0.6721373508	0.2278467582	0.1000158911
2	0.5737274827	0.4249725845	0.0012999327
1	0.0930717033	0.8566937447	0.0502345521
0	0.1123426757	0.8780051001	0.0096522242
0	0.0394194527	0.9605805473	0.0000000000
1	0.9891105217	0.0108894783	0.0000000000
0	0.0231976029	0.8861050185	0.0906973786
1	0.0000000000	0.9531359899	0.0468640101
0	0.0000000000	0.9187764064	0.0812235936
1	0.0796379655	0.9203074138	0.0000546208
1	0.0000683051	0.9988982287	0.0010334662
0	0.6752018960	0.0531649587	0.2716331453
1	0.5683543148	0.4316423224	0.0000033628
0	0.0020014535	0.9979759702	0.0000225762
1	0.0008799295	0.7468834680	0.2522366026
0	0.0003077620	0.8830121206	0.1166801174
0	0.0621390194	0.4721826134	0.4656783672
1	0.1065182834	0.8598896299	0.0335920867
1	0.0017991686	0.7712178157	0.2269830157
1	0.1407695227	0.8584935536	0.0007369237
0	0.3289044931	0.2214727670	0.4496227398
0	0.0000000000	0.9400088195	0.0599911805
1	0.0020294806	0.9854675317	0.0125029877
0	0.0001439100	0.0000502302	0.9998058598
0	0.6999104231	0.1782011753	0.1218884016
1	0.0017163405	0.9973762859	0.0009073736
1	0.1793015292	0.6331954846	0.1875029862
1	0.0085566679	0.6701474724	0.3212958597
0	0.2207441099	0.7792542340	0.0000016561
1	0.6089479022	0.3564134116	0.0346386862
0	0.0348489672	0.7657206336	0.1994303992
1	0.3910413715	0.6081907876	0.0007678409
0	0.2188220485	0.0012952724	0.7798826791
0	0.5738378428	0.3008958192	0.1252663381
0	0.0863322137	0.7819718568	0.1316959296
0	0.0000000001	0.9996669773	0.0003330226
0	0.0011833467	0.9808846447	0.0179320085
1	0.4013521817	0.4478183388	0.1508294795
0	0.0000000001	0.9997982656	0.0002017343
0	0.6719416452	0.0098725149	0.3181858399
0	0.0058132334	0.9941235265	0.0000632401
0	0.0052499090	0.6315101142	0.3632399767
0	0.2938521463	0.0332091239	0.6729387298
1	0.0838231527	0.8925972875	0.0235795599
1	0.1555625769	0.8208772198	0.0235602033
0	0.0000039549	0.1014743838	0.8985216613
0	0.2035226160	0.0222648795	0.7742125045
0	0.0212925308	0.0000084883	0.9786989809
0	0.0863643907	0.7580687799	0.1555668293
1	0.2428928063	0.7552268000	0.0018803938
0	0.1535863367	0.0178736383	0.8285400250
1	0.0282867980	0.0000000014	0.9717132007
1	0.0000017185	0.7950506916	0.2049475898
1	0.0000054907	0.9999944302	0.0000000791
0	0.0004045992	0.9325565168	0.0670388841
1	0.3618483345	0.4280787160	0.2100729495
0	0.0909513088	0.3267948491	0.5822538421
0	0.0000000003	0.0975417520	0.9024582477
