0	0.0644935611	0.9354551884	0.0000512505
0	0.2235778473	0.6713094908	0.1051126619
0	0.0030514009	0.1259602673	0.8709883318
0	0.3705166346	0.0000002371	0.6294831283
1	0.0614210278	0.2397490535	0.6988299187
0	0.8412495333	0.0000000001	0.1587504667
0	0.5138624342	0.1847092244	0.3014283415
1	0.0633604329	0.9366395671	0.0000000000
1	0.8423787130	0.0133791816	0.1442421054
0	0.0000916863	0.9963728141	0.0035354996
2	0.1286834751	0.8713165249	0.0000000000
1	0.0018536967	0.1709842522	0.8271620511
1	0.0081834303	0.7135151923	0.2783013773
0	0.0000002212	0.5578662605	0.4421335182
0	0.9281814686	0.0178457553	0.0539727761
0	0.4697980376	0.2661718185	0.2640301439
1	0.0009939378	0.5626496635	0.4363563988
2	0.0084234839	0.0303700619	0.9612064542
1	0.3144906710	0.3395726390	0.3459366900
0	0.0519759743	0.8553186458	0.0927053799
1	0.0774225982	0.4836064038	0.4389709980
0	0.6352387756	0.3647611784	0.0000000461
0	0.3479580109	0.5650689141	0.0869730751
1	0.2660239260	0.5260401293	0.2079359447
1	0.5350842676	0.3949184353	0.0699972971
1	0.7232653840	0.2719485510	0.0047860650
1	0.2023339975	0.7976660025	0.0000000000
1	0.5421024118	0.4558246322	0.0020729560
0	0.4236011702	0.0000677009	0.5763311289
0	0.0000084491	0.9999915509	0.0000000000
1	0.3804250866	0.6195748973	0.0000000161
1	0.3976017707	0.6020682924	0.0003299369
0	0.0000000010	0.9999999990	0.0000000000
2	0.3759807303	0.6126208294	0.0113984403
0	0.0057521891	0.7117275897	0.2825202212
0	0.0028509186	0.9724511328	0.0246979486
0	0.0006850702	0.6446805000	0.3546344298
0	0.0268050229	0.9665707273	0.0066242498
0	0.2337051455	0.3643269599	0.4019678946
0	0.0000000342	0.9999999658	0.0000000000
1	0.1339831901	0.7416233143	0.1243934955
0	0.0884732996	0.2482117647	0.6633149358
2	0.8260741157	0.0122994964	0.1616263879
1	0.0000000000	1.0000000000	0.0000000000
1	0.0048278057	0.7905390793	0.2046331150
0	0.1378857516	0.8486770084	0.0134372401
0	0.7884998063	0.1026750689	0.1088251248
0	0.7635125338	0.2364874450	0.0000000212
0	0.4911541144	0.1281504464	0.3806954392
0	0.0000462865	0.7715595263	0.2283941873
0	0.2194030624	0.7805968044	0.0000001332
0	0.0001892153	0.6549719341	0.3448388506
1	0.0000000000	0.9385642974	0.0614357026
1	0.0000000000	0.9185169264	0.0814830736
0	0.2196352427	0.2393045708	0.5410601865
1	0.9435451954	0.0564548046	0.0000000000
1	0.4594055309	0.0425307261	0.4980637430
1	0.8799333550	0.1044421014	0.0156245436
0	0.0000000000	0.9900810431	0.0099189569
1	0.1060864930	0.8177215913	0.0761919157
1	0.6291597831	0.0000000000	0.3708402169
2	0.9082673356	0.0865688838	0.0051637807
0	0.9841239657	0.0158760338	0.0000000005
0	0.0436429013	0.8765459503	0.0798111484
0	0.0334427696	0.9665572304	0.0000000000
0	0.0000690436	0.8065462916	0.1933846648
0	0.0000000002	0.9914528442	0.0085471557
0	0.1040063448	0.7359307611	0.1600628941
0	0.2298477295	0.2724119102	0.4977403603
0	0.1200167071	0.2160435591	0.6639397338
0	0.0107246337	0.9851584289	0.0041169374
0	0.0000410490	0.8437737294	0.1561852215
0	0.3701427850	0.4477753753	0.1820818396
0	0.2189261658	0.6352868038	0.1457870304
1	0.0177243067	0.8954040728	0.0868716205
0	0.6288288448	0.3710920928	0.0000790624
1	0.9082642735	0.0917345115	0.0000012150
1	0.9323231778	0.0314320576	0.0362447646
1	0.5527501386	0.0010714963	0.4461783651
0	0.0000000000	0.8057626328	0.1942373672
1	0.2287157840	0.5072642712	0.2640199448
1	0.5263785945	0.4735857858	0.0000356196
1	0.0346100299	0.9653711273	0.0000188428
0	0.0295073950	0.2384309780	0.7320616269
1	0.3114810836	0.4339731263	0.2545457901
0	0.9925664784	0.0074335110	0.0000000106
0	0.0804070680	0.9081245855	0.0114683465
1	0.0119180756	0.4012692377	0.5868126868
0	0.1734257858	0.2746279010	0.5519463132
1	0.0001568440	0.9998431560	0.0000000000
0	0.7127339140	0.2867302630	0.0005358230
1	0.1202718595	0.2355159223	0.6442122182
1	0.5553372899	0.4234086103	0.0212540998
0	0.0006172472	0.3659289906	0.6334537622
0	0.6210340061	0.1130084954	0.2659574985
0	0.2231744492	0.5704105025	0.2064150483
1	0.0117727872	0.9869276669	0.0012995458
1	0.0062061602	0.9914573019	0.0023365378
1	0.1132550516	0.8867449484	0.0000000000
0	0.8430120147	0.1292892351	0.0276987502
