0	0.3601071510	0.4208998777	0.2189929713
0	0.2342533866	0.0009897989	0.7647568145
0	0.2899586560	0.7095679504	0.0004733936
0	0.4224390559	0.0689698426	0.5085911015
0	0.0051557045	0.0057772773	0.9890670181
0	0.7299863301	0.0000633025	0.2699503674
0	0.0703277924	0.5302382195	0.3994339881
1	0.8456558834	0.0031766566	0.1511674600
1	0.3111992340	0.6517037418	0.0370970242
0	0.1363167380	0.8636806743	0.0000025877
1	0.2730691609	0.6324210758	0.0945097633
2	0.8359089165	0.1634863640	0.0006047195
1	0.1505255528	0.6888143087	0.1606601385
0	0.0635055712	0.7846300335	0.1518643953
0	0.1680865840	0.0238339006	0.8080795154
1	0.8932465693	0.0780038058	0.0287496249
1	0.1792959856	0.1194397935	0.7012642209
0	0.0094404321	0.2357808753	0.7547786926
0	0.1443777577	0.2212590378	0.6343632044
1	0.0000000000	1.0000000000	0.0000000000
1	0.0350014593	0.0001166676	0.9648818731
1	0.1492604459	0.2003540755	0.6503854786
1	0.0203839253	0.0027020714	0.9769140033
0	0.1116790578	0.7292983161	0.1590226261
1	0.0343015769	0.2006809098	0.7650175134
0	0.1206074208	0.7760469603	0.1033456189
0	0.0348883807	0.6357368153	0.3293748039
0	0.0483013446	0.8472600067	0.1044386486
1	0.0076691691	0.9905152658	0.0018155651
0	0.8441128192	0.1222515451	0.0336356357
0	0.3264264825	0.0200540595	0.6535194580
0	0.2502258852	0.1099994727	0.6397746421
0	0.1343241322	0.8582858139	0.0073900539
0	0.0631377076	0.3150879512	0.6217743411
0	0.1743112864	0.7968141012	0.0288746124
0	0.9124243810	0.0192844697	0.0682911494
0	0.1118595298	0.2137177366	0.6744227336
0	0.8007213814	0.1992683808	0.0000102378
0	0.0106839173	0.9013126829	0.0880033998
0	0.0002349576	0.0302447171	0.9695203253
1	0.8149444379	0.0910815490	0.0939740130
0	0.0286533086	0.9674302795	0.0039164119
1	0.0050236188	0.6391101544	0.3558662267
0	0.7462185101	0.0551927618	0.1985887281
1	0.0000000347	0.1950158335	0.8049841318
0	0.8376595601	0.1623403665	0.0000000735
0	0.0565115339	0.3146673358	0.6288211302
0	0.0114488319	0.6883141566	0.3002370114
1	0.7610891154	0.2079935456	0.0309173390
0	0.0745058890	0.9179160334	0.0075780776
0	0.2309997833	0.0033022141	0.7656980025
1	0.0002793404	0.1812333543	0.8184873053
0	0.1854718549	0.4972649988	0.3172631463
2	0.0000000000	0.1765567984	0.8234432016
0	0.0102237270	0.9894158109	0.0003604621
0	0.5752390852	0.1482160848	0.2765448299
0	0.0000000000	0.8236747269	0.1763252731
0	0.9503367395	0.0496632580	0.0000000025
1	0.7118908055	0.2459651462	0.0421440483
1	0.8434067017	0.0000000000	0.1565932983
1	0.0733247209	0.6934883694	0.2331869098
0	0.2095448113	0.0286596433	0.7617955454
0	0.0021926266	0.0196055717	0.9782018017
0	0.1447102737	0.7349371304	0.1203525959
0	0.6870386741	0.2079090350	0.1050522909
0	0.0939957886	0.6951764577	0.2108277536
1	0.4940606473	0.0038880593	0.5020512934
0	0.1847915401	0.7476642952	0.0675441647
0	0.0944149901	0.9007432377	0.0048417722
1	0.0548746444	0.9451253504	0.0000000052
0	0.1726329152	0.2487834480	0.5785836368
0	0.1954130208	0.0692053609	0.7353816183
0	0.9993420489	0.0000022513	0.0006556998
0	0.4474211177	0.5525788823	0.0000000000
0	0.9643155146	0.0356844704	0.0000000150
0	0.5885592505	0.4114404136	0.0000003358
0	0.8924740604	0.1075259296	0.0000000100
0	0.3980596697	0.5859152224	0.0160251080
0	0.6929817526	0.0415877292	0.2654305182
0	0.0026739591	0.0199267833	0.9773992576
0	0.5067547623	0.1065790081	0.3866662296
1	0.9881971176	0.0053312070	0.0064716754
1	0.0015282903	0.5372459808	0.4612257289
1	0.6030315711	0.0022842721	0.3946841567
1	0.4974630594	0.3160072020	0.1865297387
1	0.0215367244	0.0473161286	0.9311471470
0	0.8476175395	0.0000000015	0.1523824590
0	0.9229127268	0.0592649131	0.0178223601
0	0.1959329641	0.0145253232	0.7895417127
0	0.0005577457	0.9994408723	0.0000013819
1	0.0143282197	0.9074345524	0.0782372279
0	0.0734429894	0.6649836080	0.2615734027
0	0.4030766253	0.0011315832	0.5957917914
0	0.6478476932	0.3511788862	0.0009734206
0	0.0048358039	0.9936672669	0.0014969293
0	0.8902558241	0.1097439820	0.0000001939
1	0.9643090455	0.0218522012	0.0138387533
0	0.9999303824	0.0000696117	0.0000000058
1	0.0247670101	0.1690023305	0.8062306594
0	0.3937141151	0.6050876056	0.0011982793
