1	0.1643531551	0.8356398596	0.0000069853
0	0.1682991033	0.2597736718	0.5719272249
2	0.3777905500	0.2462511131	0.3759583369
0	0.0499879259	0.3844673990	0.5655446751
0	0.0606768303	0.9358763853	0.0034467844
0	0.0000000001	0.8903591052	0.1096408947
1	0.8433925131	0.0000012130	0.1566062739
1	0.0017160136	0.9937323570	0.0045516294
1	0.1195644771	0.8804355229	0.0000000000
1	0.9329476338	0.0000000000	0.0670523662
2	0.1776432746	0.8223455707	0.0000111547
1	0.0129433145	0.9869368896	0.0001197959
1	0.0305770868	0.9694105085	0.0000124047
0	0.9739853710	0.0256155821	0.0003990469
0	0.6557868129	0.3437479200	0.0004652672
1	0.0011999687	0.9953624498	0.0034375815
1	0.0022855180	0.9840260313	0.0136884507
0	0.0728572301	0.7376505770	0.1894921929
2	0.0000000000	0.9996100878	0.0003899122
0	0.6391326848	0.3607053548	0.0001619604
0	0.1405342368	0.0616887370	0.7977770263
0	0.8086762747	0.1913237253	0.0000000000
0	0.3309861424	0.6636808627	0.0053329948
0	0.0000004635	0.9152294321	0.0847701044
1	0.0040603017	0.9956548496	0.0002848487
0	0.5104630125	0.4895363647	0.0000006228
1	0.8187376141	0.1131415654	0.0681208205
0	0.0000005398	0.9982729000	0.0017265602
0	0.0000000000	0.0006490821	0.9993509179
1	0.0006117120	0.7006722654	0.2987160226
0	0.8966520748	0.1030767422	0.0002711830
0	0.0187448667	0.9811835246	0.0000716087
0	0.7919314122	0.1932851600	0.0147834278
0	0.7880219913	0.1949532011	0.0170248076
1	0.0408741058	0.5334551952	0.4256706990
0	0.2026832541	0.1362269599	0.6610897860
1	0.0000219567	0.0116976741	0.9882803693
2	0.2515110145	0.0697549829	0.6787340025
2	0.0017560679	0.9939500094	0.0042939227
1	0.5067131971	0.0072712369	0.4860155661
0	0.0116872644	0.0398456553	0.9484670804
0	0.2536920876	0.7463078880	0.0000000244
2	0.7015764579	0.2984235421	0.0000000000
0	0.7878319034	0.2121669383	0.0000011583
1	0.6791858533	0.2885975395	0.0322166072
0	0.1788092020	0.6550929038	0.1660978941
1	0.0000000000	0.6280194687	0.3719805313
0	0.0001105029	0.9709973733	0.0288921238
1	0.0147963866	0.5570524828	0.4281511306
0	0.8904287058	0.1077413917	0.0018299025
0	0.0058812765	0.9914649651	0.0026537584
1	0.5651507151	0.4348141393	0.0000351456
1	0.3843382357	0.6138908362	0.0017709281
0	0.7034000762	0.2965999238	0.0000000000
0	0.0007003039	0.9991733128	0.0001263833
0	0.7165076428	0.0960307584	0.1874615988
1	0.2141124115	0.7036453786	0.0822422100
1	0.0000000020	0.4647101834	0.5352898146
0	0.4774427293	0.1752288607	0.3473284099
0	0.8591599889	0.1408183968	0.0000216143
1	0.1352162253	0.3766795121	0.4881042626
0	0.0010390334	0.9989609367	0.0000000299
1	0.0003921096	0.0000000000	0.9996078904
0	0.7714674612	0.2122020780	0.0163304607
0	0.0042768599	0.9956171612	0.0001059789
0	0.2996350345	0.7003649625	0.0000000030
0	0.9349085850	0.0609466499	0.0041447651
1	0.0242131446	0.9350203815	0.0407664740
1	0.9789920332	0.0000000000	0.0210079668
0	0.5588012376	0.4320080248	0.0091907376
1	0.0001860334	0.9998139666	0.0000000000
1	0.2393444002	0.0665089597	0.6941466400
0	0.0000029176	0.0004365727	0.9995605096
0	0.0000000000	0.9249620285	0.0750379715
0	0.0000000410	0.9999999579	0.0000000011
0	0.0717209625	0.0148441858	0.9134348517
1	0.0000000000	0.9915452365	0.0084547635
0	0.0066227873	0.8444939896	0.1488832231
0	0.0028870586	0.0189152348	0.9781977067
0	0.0587291673	0.0738950522	0.8673757805
1	0.2054297138	0.0000005604	0.7945697258
0	0.5584203596	0.3447444633	0.0968351772
1	0.0002330103	0.9997669897	0.0000000000
1	0.0000001686	0.9509306703	0.0490691611
0	0.0000000000	0.9936366285	0.0063633715
0	0.4455127693	0.5544872307	0.0000000000
1	0.0544299265	0.9120414564	0.0335286171
0	0.0000000001	0.4956131085	0.5043868914
1	0.9995283335	0.0004049294	0.0000667371
0	0.0035444911	0.9964555066	0.0000000023
0	0.0000716640	0.6287266450	0.3712016910
0	0.0521197031	0.2294151975	0.7184650994
1	0.0000012393	0.8849542602	0.1150445005
0	0.4131883811	0.5842186942	0.0025929246
0	0.3451603423	0.0076679588	0.6471716988
2	0.0000000000	0.9980092838	0.0019907162
0	0.4941910658	0.5058089075	0.0000000267
0	0.0120699480	0.8393751813	0.1485548707
0	0.0807137955	0.4917805246	0.4275056799
0	0.0000000000	0.9941606726	0.0058393274
