1	0.0004069251	0.0575567508	0.9420363241
0	0.5512917101	0.4487082899	0.0000000000
1	0.0000012321	0.4604225353	0.5395762326
0	0.4676963099	0.0000186399	0.5322850501
0	0.4029998901	0.3976071767	0.1993929332
0	0.0297565411	0.0000000000	0.9702434589
0	0.0201435849	0.8539440255	0.1259123896
0	0.4561102205	0.1836646695	0.3602251100
0	0.3818914117	0.2285761956	0.3895323927
1	0.4272962883	0.5437001894	0.0290035223
0	0.3679866956	0.0091236306	0.6228896738
1	0.1044590983	0.8955409004	0.0000000012
0	0.8597838311	0.0938950069	0.0463211620
0	0.0000000000	0.0000032105	0.9999967895
0	0.0080224416	0.0015925313	0.9903850271
1	0.2676958814	0.3474016078	0.3849025108
2	0.0837247756	0.0213693109	0.8949059135
0	0.9165918568	0.0000000000	0.0834081432
1	0.0516686054	0.0007832569	0.9475481377
0	0.6285034935	0.3714958490	0.0000006575
0	0.0563089041	0.0000247505	0.9436663454
1	0.0055647253	0.8390530834	0.1553821913
0	0.8711506948	0.0952411884	0.0336081168
0	0.9092588303	0.0023363187	0.0884048510
0	0.0044590946	0.9223744426	0.0731664628
0	0.1025069947	0.7932407268	0.1042522784
0	0.1995748803	0.8003340371	0.0000910826
0	0.0000091202	0.7070701544	0.2929207254
1	0.1193024507	0.4143295447	0.4663680046
1	0.7890010831	0.2078571000	0.0031418169
0	0.5292503511	0.4695216434	0.0012280055
1	0.7611411154	0.1248265722	0.1140323125
0	0.0009717859	0.9990211768	0.0000070372
0	0.0000000000	0.9999999999	0.0000000001
0	0.7081015585	0.2546735924	0.0372248491
1	0.8367048656	0.1627678146	0.0005273198
1	0.7572024050	0.0061728098	0.2366247852
0	0.2079268130	0.7889631739	0.0031100131
0	0.4569581074	0.3451119024	0.1979299902
0	0.2919478270	0.2530126596	0.4550395134
1	0.0000062178	0.9999937822	0.0000000000
2	0.0042654532	0.1941626293	0.8015719176
0	0.0180478290	0.6790268115	0.3029253595
0	0.8061050188	0.1279378949	0.0659570863
1	0.7380062857	0.0002822917	0.2617114226
0	0.6937843159	0.3022393803	0.0039763038
1	0.0000003092	0.9999996908	0.0000000000
0	0.7709295008	0.0000000000	0.2290704992
2	0.0602393180	0.3435424731	0.5962182089
1	0.4849888272	0.0005558245	0.5144553482
0	0.0191073599	0.8715425665	0.1093500736
0	0.1586195998	0.8053962255	0.0359841747
1	0.1635091598	0.8356185331	0.0008723071
0	0.2850222292	0.1786473437	0.5363304272
0	0.2791278698	0.0767165048	0.6441556254
0	0.1983783529	0.0093989168	0.7922227303
0	0.6052405468	0.1221761385	0.2725833146
0	0.7186601840	0.0421205612	0.2392192548
0	0.0012672174	0.4118136442	0.5869191384
0	0.0067136611	0.9792130953	0.0140732436
1	0.1329764104	0.4660902229	0.4009333667
1	0.9285220895	0.0254973966	0.0459805139
0	0.3330774672	0.6667219132	0.0002006196
0	0.9328324940	0.0174106036	0.0497569024
0	0.5556140660	0.1801291960	0.2642567380
2	0.0155545649	0.2225747293	0.7618707058
1	0.9999767299	0.0000111326	0.0000121375
1	0.0000000201	0.8814686587	0.1185313213
1	0.3354158998	0.6109984047	0.0535856955
0	0.7612417655	0.0121369216	0.2266213129
0	0.0000193923	0.8978604861	0.1021201216
0	0.6012560910	0.1019823631	0.2967615459
0	0.6758498325	0.0000000197	0.3241501479
0	0.0023195762	0.9869676948	0.0107127289
0	0.0019146476	0.8670265674	0.1310587850
1	0.9999948611	0.0000051389	0.0000000000
0	0.4188688577	0.5811308797	0.0000002626
1	0.0000925106	0.0000404867	0.9998670027
0	0.1388347599	0.5466348480	0.3145303921
0	0.8317755573	0.0214963466	0.1467280961
0	0.7276093550	0.2471989686	0.0251916764
1	0.8212680645	0.1761951553	0.0025367801
0	0.9738202712	0.0000007363	0.0261789925
0	0.7111026244	0.2877683341	0.0011290414
0	0.3184364234	0.6797450108	0.0018185658
0	0.0000144257	0.9999834527	0.0000021216
1	0.2856757000	0.7053874105	0.0089368895
0	0.0005779278	0.2543114954	0.7451105768
0	0.3158400711	0.6841599289	0.0000000000
1	0.4199721777	0.4709700284	0.1090577938
0	0.1369529145	0.6143521718	0.2486949137
0	0.2176988716	0.0345717162	0.7477294121
1	0.9394943013	0.0000102247	0.0604954739
0	0.1001274726	0.0853926860	0.8144798414
0	0.5852633845	0.1901569613	0.2245796543
1	0.0549667992	0.6365614648	0.3084717360
0	0.0607645830	0.0919464937	0.8472889233
1	0.4713564651	0.0000000000	0.5286435349
1	0.8642579197	0.0000020993	0.1357399811
0	0.3230402630	0.6769490693	0.0000106677
