1	0.1154063571	0.4304848050	0.4541088379
0	0.5545693363	0.0831589877	0.3622716760
2	0.7792354161	0.2203381448	0.0004264391
1	0.7458096605	0.2541903395	0.0000000000
0	0.0000000000	0.0060141042	0.9939858958
0	0.6785179298	0.0001825204	0.3212995499
0	0.0308531865	0.9544226101	0.0147242034
1	0.0000000000	0.7717254655	0.2282745345
0	0.0011472001	0.0764598529	0.9223929470
0	0.7323339630	0.1813509265	0.0863151105
1	0.3518162277	0.0187429426	0.6294408297
1	0.0645950323	0.6914805636	0.2439244041
0	0.0139465312	0.9860534688	0.0000000000
0	0.4164424128	0.5155856640	0.0679719232
2	0.0230475605	0.8899482135	0.0870042260
0	0.1845062506	0.2155174770	0.5999762724
0	0.0242000933	0.9721375772	0.0036623295
1	0.4510255995	0.0192853908	0.5296890097
0	0.2557315126	0.7433229564	0.0009455311
0	0.9996119148	0.0003754551	0.0000126302
1	0.0707917544	0.6610758227	0.2681324229
0	0.2200816029	0.7050430412	0.0748753559
0	0.0126041385	0.6561892234	0.3312066381
1	0.0000000002	0.9996572110	0.0003427888
0	0.9947344214	0.0031606740	0.0021049046
1	0.4985538069	0.0000655911	0.5013806021
0	0.9418853702	0.0057193543	0.0523952754
0	0.9848886660	0.0064588285	0.0086525055
0	0.0000789599	0.9999210401	0.0000000000
0	0.0000102888	0.0912420615	0.9087476497
0	0.9523127464	0.0000092077	0.0476780459
1	0.1837087344	0.7786244634	0.0376668022
0	0.9678740762	0.0308137369	0.0013121870
0	0.0966162255	0.0079630700	0.8954207045
0	0.7037360158	0.0067469733	0.2895170110
0	0.3488370433	0.3015639156	0.3495990411
0	0.0363755488	0.9119570286	0.0516674226
1	0.3179239040	0.6820760960	0.0000000000
0	0.7931172485	0.1810947696	0.0257879818
1	0.0215432115	0.6872185931	0.2912381953
1	0.5015374268	0.2421175531	0.2563450202
0	0.4087531020	0.5912182619	0.0000286361
0	0.0000000000	0.9966716811	0.0033283189
1	0.0000000067	0.8344210396	0.1655789537
0	0.7616735454	0.1094524879	0.1288739667
1	0.2137648737	0.7862335029	0.0000016234
0	0.7197790465	0.1212410952	0.1589798582
0	0.0003256506	0.5956343910	0.4040399584
0	0.0000000015	0.3050462133	0.6949537852
1	0.3158197355	0.6841684135	0.0000118510
0	0.9760079048	0.0215704948	0.0024216004
1	0.0000000001	0.9999999983	0.0000000016
1	0.1735223958	0.0010249066	0.8254526976
1	0.9983601004	0.0000000000	0.0016398996
0	0.6562332444	0.0875435076	0.2562232480
0	0.0870519374	0.0147313298	0.8982167328
0	0.5479915833	0.1125927010	0.3394157157
1	0.7238100398	0.2760998975	0.0000900627
0	0.1285687206	0.8662180577	0.0052132217
1	0.0168187068	0.2175343480	0.7656469452
1	0.5151121579	0.4819946514	0.0028931906
0	0.4220904124	0.4596641739	0.1182454137
0	0.6440501593	0.0000000000	0.3559498407
0	0.0924377998	0.4319546885	0.4756075116
0	0.1875999215	0.8090133184	0.0033867600
0	0.2073911581	0.7342452756	0.0583635663
0	0.4732933297	0.5171144069	0.0095922634
0	0.0000266809	0.8455277635	0.1544455556
0	0.1778647005	0.8110062349	0.0111290647
0	0.5837767766	0.4162218544	0.0000013691
0	0.4347586458	0.5573204764	0.0079208778
0	0.8914410905	0.0093980360	0.0991608735
0	0.0807763891	0.9160258294	0.0031977814
1	0.1262472497	0.0711918995	0.8025608508
0	0.0296005219	0.8129410239	0.1574584543
0	0.4250001290	0.5516656516	0.0233342194
0	0.0087248470	0.9912751530	0.0000000000
1	0.0000003533	0.0845601412	0.9154395054
1	0.2848667606	0.7151332393	0.0000000000
0	0.0939581432	0.5643525542	0.3416893026
1	0.0000000000	0.9988192843	0.0011807157
0	0.0038498221	0.9448810214	0.0512691565
0	0.4101565312	0.0306121309	0.5592313378
0	0.0003448123	0.9996198785	0.0000353092
1	0.5278386712	0.4582966706	0.0138646582
0	0.0025944898	0.9347301576	0.0626753525
1	0.0030640644	0.0224800913	0.9744558443
1	0.0210108424	0.9788203066	0.0001688510
1	0.5997353660	0.3985711134	0.0016935206
1	0.0047177550	0.9553091980	0.0399730470
1	0.1491543071	0.2676442475	0.5832014454
0	0.2083723225	0.1517798166	0.6398478609
1	0.0018950834	0.7377866969	0.2603182198
1	0.1155948617	0.2322932885	0.6521118498
0	0.0001604866	0.9718105761	0.0280289373
0	0.1943495914	0.0930308412	0.7126195674
0	0.0696786792	0.9290517246	0.0012695962
0	0.0000000000	0.9368255663	0.0631744337
1	0.0120701887	0.4870841453	0.5008456660
0	0.3377995703	0.4960227706	0.1661776590
