0	0.8986090051	0.0952320108	0.0061589842
1	0.0000000000	0.0000000002	0.9999999998
0	0.4726037411	0.4938794183	0.0335168406
0	0.0917233320	0.9081408526	0.0001358154
1	0.0056839343	0.9446355842	0.0496804814
1	0.0000000247	0.1883414921	0.8116584832
0	0.0003650158	0.5026784924	0.4969564918
2	0.0248172002	0.8247027602	0.1504800396
1	0.0000144820	0.0199552678	0.9800302502
0	0.0058411700	0.0000066308	0.9941521992
0	0.0738888395	0.9261111563	0.0000000042
0	0.3532766644	0.4327003589	0.2140229767
0	0.4141704742	0.5858295258	0.0000000000
0	0.0000000800	0.1845245879	0.8154753321
0	0.5465750468	0.1589966362	0.2944283170
0	0.0000005804	0.9804948578	0.0195045618
1	0.0555588584	0.1464010066	0.7980401351
1	0.9185242081	0.0799559668	0.0015198251
0	0.1896726801	0.3766855244	0.4336417955
0	0.7694723389	0.2273557289	0.0031719323
0	0.6060645538	0.3313270109	0.0626084353
0	0.0688584576	0.0068892333	0.9242523090
0	0.7100133499	0.0000000032	0.2899866469
0	0.0006857012	0.0080345087	0.9912797901
1	0.2281835827	0.4488246856	0.3229917317
0	0.5026203211	0.2044896981	0.2928899807
1	0.5888456737	0.3729363349	0.0382179914
1	0.3024926852	0.6112359579	0.0862713569
0	0.0000061306	0.9994629529	0.0005309165
0	0.0000054863	0.8154602892	0.1845342245
1	0.6342708006	0.0075868168	0.3581423825
1	0.0000003227	0.0048852481	0.9951144292
0	0.0000000000	0.9297817562	0.0702182438
0	0.2790065306	0.4924608268	0.2285326427
0	0.0312050849	0.2725470518	0.6962478633
0	0.8161729937	0.0020438138	0.1817831925
0	0.8197089903	0.1682496447	0.0120413651
1	0.9032738031	0.0562058310	0.0405203659
0	0.9957405739	0.0000123164	0.0042471097
0	0.1882977606	0.3213950235	0.4903072160
0	0.0336711581	0.0212836761	0.9450451658
0	0.0000007433	0.9429681932	0.0570310635
1	0.1044307810	0.1146213533	0.7809478657
1	0.9997039268	0.0000003939	0.0002956793
0	0.1065627583	0.8934127400	0.0000245016
0	0.1414313317	0.0111328454	0.8474358228
0	0.5412826128	0.2891864553	0.1695309318
0	0.1627034392	0.0000000000	0.8372965608
0	0.0068187117	0.0782147852	0.9149665031
0	0.1166854556	0.5522760421	0.3310385022
0	0.1648068439	0.1877496062	0.6474435500
2	0.0018408982	0.1556944560	0.8424646458
1	0.3878469654	0.0951611450	0.5169918896
1	0.3318187563	0.4801167625	0.1880644812
0	0.0000000000	0.8098582019	0.1901417981
0	0.5844928873	0.0000487153	0.4154583975
2	0.7445765324	0.0000120728	0.2554113948
0	0.5850580693	0.0183391357	0.3966027950
0	0.2257659083	0.0064521478	0.7677819440
0	0.0000000007	0.9559371689	0.0440628304
0	0.0000000000	0.9934644610	0.0065355390
1	0.0000000081	0.9999999919	0.0000000000
0	0.4250366568	0.0625785934	0.5123847498
1	0.9210457102	0.0761615789	0.0027927109
0	0.5306204618	0.4332707063	0.0361088319
0	0.2161891434	0.2595288237	0.5242820329
0	0.9328152874	0.0000006603	0.0671840524
0	0.2811767052	0.5208716330	0.1979516618
0	0.4219211465	0.0009628446	0.5771160089
1	0.5978315277	0.4021684723	0.0000000000
0	0.9596463971	0.0403529269	0.0000006760
0	0.0027009454	0.9972990546	0.0000000000
0	0.9820489172	0.0028378456	0.0151132373
0	0.0000000953	0.9825712149	0.0174286897
0	0.6744432628	0.0000000000	0.3255567372
1	0.3770872314	0.6077714392	0.0151413294
0	0.7836971069	0.1504661607	0.0658367324
1	0.0583025749	0.8029309075	0.1387665176
0	0.0000000000	0.6861271437	0.3138728563
0	0.0000016758	0.9999983242	0.0000000000
2	0.2900138985	0.7092916502	0.0006944513
0	0.0046344375	0.0001313266	0.9952342359
0	0.0274200749	0.9350474401	0.0375324850
1	0.9190351751	0.0467335925	0.0342312324
0	0.0009688405	0.8524948181	0.1465363414
1	0.0000000000	0.9526364488	0.0473635512
0	0.1183220608	0.1727221733	0.7089557660
0	0.1598670669	0.8401322900	0.0000006432
0	0.5709601995	0.4290395437	0.0000002568
1	0.0090591316	0.0652762188	0.9256646496
0	0.1609564153	0.6808294235	0.1582141612
0	0.9830770763	0.0018373449	0.0150855789
1	0.0004398703	0.9995601240	0.0000000057
1	0.9193841656	0.0004485303	0.0801673041
0	0.0000114969	0.4679005254	0.5320879777
0	0.0007397835	0.7279086862	0.2713515303
1	0.0228701249	0.8873710196	0.0897588555
1	0.8091958328	0.1681519314	0.0226522359
0	0.5301013670	0.1547859022	0.3151127308
0	0.0700016761	0.9298760736	0.0001222503
