0	0.0626161950	0.9373823552	0.0000014499
1	0.0358073453	0.0000000013	0.9641926534
2	0.0002473275	0.0037891441	0.9959635284
0	0.2353450274	0.7646529992	0.0000019734
0	0.1533429825	0.8466416871	0.0000153304
1	0.0010407365	0.7376885371	0.2612707264
0	0.5175089815	0.0000007942	0.4824902243
0	0.0006222900	0.9107658880	0.0886118220
1	0.0270158271	0.9014548073	0.0715293656
1	0.4195656872	0.0772781604	0.5031561524
0	0.0887665525	0.2730108456	0.6382226018
0	0.0271320747	0.8704507612	0.1024171641
1	0.0119762858	0.4688015708	0.5192221434
0	0.0000000000	0.9999796465	0.0000203535
0	0.0010908242	0.9643129750	0.0345962008
0	0.0314208867	0.9387745035	0.0298046098
0	0.0457848372	0.5844564382	0.3697587247
1	0.0000000000	0.0000524414	0.9999475586
1	0.7153721212	0.2846230779	0.0000048009
1	0.0000002147	0.9987907993	0.0012089861
0	0.0676956324	0.0002293079	0.9320750596
2	0.0000000000	0.9228687546	0.0771312454
0	0.0681552674	0.3461397466	0.5857049860
0	0.0000004248	0.6241764524	0.3758231228
0	0.0880505066	0.6266666707	0.2852828227
0	0.6725237385	0.0201332950	0.3073429665
0	0.2312094060	0.7601901147	0.0086004793
1	0.4619437091	0.3958142047	0.1422420862
1	0.0134670158	0.4255990221	0.5609339621
0	0.4269747871	0.4615435264	0.1114816865
0	0.0506140691	0.3590408666	0.5903450644
0	0.0331198370	0.9617579179	0.0051222450
1	0.0053553949	0.9940047518	0.0006398533
0	0.5450375171	0.4323769309	0.0225855520
0	0.0082852870	0.0503576817	0.9413570313
1	0.8817925966	0.0603484478	0.0578589556
0	0.7816328239	0.1402083951	0.0781587810
1	0.0011851243	0.9056590954	0.0931557803
1	0.0017639414	0.4696429806	0.5285930780
0	0.0000000000	0.8825697850	0.1174302150
0	0.0056908422	0.6689263651	0.3253827928
0	0.1717598989	0.8282305429	0.0000095582
0	0.0000000154	0.9158100813	0.0841899033
1	0.0272800413	0.8017259034	0.1709940553
0	0.0474697357	0.0080081357	0.9445221286
0	0.0000000000	0.9184213789	0.0815786211
0	0.0875309456	0.9124690544	0.0000000000
0	0.0002204344	0.9968166938	0.0029628718
0	0.3557581267	0.5709504753	0.0732913980
1	0.0000745496	0.0728329782	0.9270924722
1	0.0000001889	0.9999996578	0.0000001533
1	0.6970044732	0.0051380063	0.2978575205
0	0.6761203300	0.2180409693	0.1058387007
0	0.0000006714	0.9389455290	0.0610537996
0	0.0315734366	0.4169567629	0.5514698005
1	0.1486593242	0.7220591199	0.1292815559
0	0.0389349952	0.9610650048	0.0000000000
1	0.5074479784	0.4925520216	0.0000000000
1	0.0809409046	0.0000055184	0.9190535770
0	0.1253144116	0.7868839171	0.0878016713
1	0.0722986720	0.4593621639	0.4683391641
0	0.1217914974	0.6447376052	0.2334708974
1	0.8703501754	0.0772419833	0.0524078413
1	0.0000000000	0.9949325660	0.0050674340
0	0.0000000231	0.0024492478	0.9975507291
0	0.0000166238	0.8919443365	0.1080390398
0	0.0000000000	0.9984523921	0.0015476079
1	0.2526647024	0.7473352961	0.0000000015
0	0.8645258257	0.1316457155	0.0038284588
0	0.0788408460	0.7699581814	0.1512009726
0	0.1233129968	0.4244332674	0.4522537358
0	0.0007276979	0.2637209459	0.7355513562
0	0.3105021265	0.6450448887	0.0444529848
0	0.0006060486	0.9075336261	0.0918603253
1	0.0000164486	0.0030366623	0.9969468890
1	0.0127960545	0.2235708281	0.7636331174
0	0.0178668467	0.9821331533	0.0000000000
0	0.0000000000	1.0000000000	0.0000000000
0	0.0000000001	0.9995356213	0.0004643786
0	0.0536078812	0.0000000000	0.9463921188
0	0.0000000000	0.0336061325	0.9663938675
1	0.0011678001	0.9949212840	0.0039109159
1	0.3511405386	0.1370745610	0.5117849004
0	0.1701930463	0.8298069537	0.0000000000
0	0.4751570971	0.5248429029	0.0000000000
1	0.9593653125	0.0406341878	0.0000004997
0	0.0035109372	0.8324878500	0.1640012127
2	0.0935670151	0.8459160518	0.0605169331
1	0.4495442983	0.0430704159	0.5073852858
0	0.7098403386	0.0000000000	0.2901596614
1	0.0010817831	0.9988812396	0.0000369773
0	0.0237009755	0.3806053658	0.5956936587
1	0.0000000000	0.1477944450	0.8522055550
1	0.0010856057	0.1379910163	0.8609233780
0	0.0246479924	0.9753520076	0.0000000000
0	0.4700318644	0.5124247573	0.0175433783
0	0.0014165854	0.5941392453	0.4044441693
0	0.9623706177	0.0375640570	0.0000653253
0	0.3950496178	0.5903960117	0.0145543706
0	0.3977487585	0.2260869654	0.3761642761
