1	0.0246881667	0.8704099076	0.1049019257
1	0.4904086957	0.0000000000	0.5095913043
0	0.2693467482	0.0000031213	0.7306501305
0	0.0001253978	0.9998746022	0.0000000000
1	0.6133057950	0.2307807751	0.1559134299
1	0.0141412587	0.9760854948	0.0097732465
0	0.4539950786	0.5453211195	0.0006838019
1	0.0000000000	0.9316666708	0.0683333292
0	0.0747435830	0.9223759537	0.0028804633
0	0.0000000002	0.9999680923	0.0000319075
1	0.4012761902	0.0000015383	0.5987222715
1	0.0020872224	0.7720274527	0.2258853249
0	0.0024210544	0.5041178412	0.4934611044
1	0.0047028732	0.7986462118	0.1966509150
0	0.0017385283	0.9982613059	0.0000001658
0	0.0000000000	0.5294748210	0.4705251790
1	0.8721274390	0.0225999082	0.1052726528
1	0.2023992578	0.0955966899	0.7020040524
1	0.0216771363	0.0005835667	0.9777392970
2	0.0000246777	0.9471974638	0.0527778585
0	0.9379771856	0.0615865325	0.0004362820
0	0.1093623725	0.8604224272	0.0302152003
0	0.1903967486	0.7654632388	0.0441400126
1	0.0161606756	0.9774189234	0.0064204009
0	0.1581715890	0.8372239037	0.0046045073
0	0.6468330519	0.2651220486	0.0880448995
0	0.0189321783	0.2107460013	0.7703218204
0	0.2343765230	0.7239063683	0.0417171087
0	0.0476786308	0.2099859604	0.7423354088
0	0.2637405719	0.4774572330	0.2588021951
1	0.0000000000	0.7439155339	0.2560844661
0	0.9999969584	0.0000000086	0.0000030330
0	0.2591482242	0.2089285776	0.5319231981
0	0.0075321347	0.9924678653	0.0000000000
0	0.9433752138	0.0566247862	0.0000000000
1	0.0026349444	0.9973650500	0.0000000056
1	0.0002461541	0.5156489959	0.4841048500
0	0.7246008960	0.0002685757	0.2751305283
0	0.7954501882	0.1051486655	0.0994011462
1	0.0563906926	0.9436093074	0.0000000000
0	0.1068281561	0.8918521553	0.0013196886
1	0.6483364278	0.3298644676	0.0217991045
0	0.1026329939	0.8973669945	0.0000000116
0	0.0000007379	0.9620015180	0.0379977441
0	0.9166372681	0.0028221523	0.0805405796
0	0.0201108320	0.0073006222	0.9725885459
1	0.1659962517	0.4362624328	0.3977413156
0	0.9519844948	0.0480154323	0.0000000730
0	0.0774669199	0.2110815894	0.7114514907
1	0.0027494342	0.8689773586	0.1282732072
0	0.7694745225	0.2149897721	0.0155357054
1	0.0000001325	0.0000014259	0.9999984417
0	0.0524136113	0.2932564317	0.6543299569
1	0.8135956501	0.0016087735	0.1847955764
0	0.2591044034	0.7406600317	0.0002355649
1	0.3575646849	0.6277998014	0.0146355137
1	0.1600114113	0.8398886780	0.0000999107
0	0.0002442092	0.9997500635	0.0000057273
0	0.1303107395	0.4322845034	0.4374047571
0	0.0000214074	0.7876659507	0.2123126419
0	0.0000087500	0.6174116434	0.3825796066
0	0.0000297820	0.9519091867	0.0480610313
1	0.0030303284	0.8449651472	0.1520045244
0	0.0000005800	0.9220612598	0.0779381602
1	0.0193210525	0.9806665682	0.0000123793
0	0.0000154780	0.9999579208	0.0000266012
1	0.0791064221	0.5050232471	0.4158703308
1	0.0000000000	1.0000000000	0.0000000000
0	0.0004020453	0.9921522779	0.0074456769
0	0.0486811509	0.8841877993	0.0671310498
1	0.0053464803	0.1012492267	0.8934042929
1	0.2115642938	0.0015703983	0.7868653079
0	0.1178159927	0.0019122055	0.8802718018
0	0.3867968213	0.1878976236	0.4253055551
0	0.0333225618	0.9417798797	0.0248975585
1	0.9999899264	0.0000049271	0.0000051465
0	0.0000000014	0.8440529234	0.1559470752
0	0.0366909797	0.9503832047	0.0129258157
0	0.2533402647	0.6726222963	0.0740374389
0	0.0041660243	0.8467426230	0.1490913527
0	0.2815842211	0.4254987057	0.2929170732
1	0.6178406423	0.3807926137	0.0013667440
1	0.3752501635	0.6218749141	0.0028749224
1	0.9956445709	0.0002468692	0.0041085599
0	0.0000123004	0.0001990045	0.9997886951
1	0.0413524989	0.0000014583	0.9586460427
0	0.1829877877	0.6551786881	0.1618335242
0	0.0473918889	0.9526080925	0.0000000186
0	0.0622633582	0.9377365933	0.0000000485
1	0.0000000039	0.0015780855	0.9984219106
0	0.0706858470	0.9291394809	0.0001746721
1	0.1241056562	0.0000008409	0.8758935029
0	0.8242392962	0.0001970094	0.1755636944
1	0.0081624681	0.6073773346	0.3844601973
0	0.3497221754	0.6502777703	0.0000000543
0	0.1193052671	0.7167529383	0.1639417945
0	0.9994219958	0.0005780033	0.0000000009
1	0.2613607861	0.7386146365	0.0000245773
1	0.0001242843	0.4142837558	0.5855919599
0	0.9536531268	0.0000000000	0.0463468732
