0	0.0195709731	0.5724646939	0.4079643330
0	0.0766696415	0.2665453314	0.6567850271
0	0.1602201114	0.7903042515	0.0494756371
0	0.0189085154	0.9588714173	0.0222200674
0	0.3901767619	0.0241676559	0.5856555822
0	0.8092698993	0.0197601969	0.1709699037
0	0.3328187795	0.6671812205	0.0000000000
0	0.0002131714	0.0266675185	0.9731193101
0	0.2668432981	0.6034381792	0.1297185226
0	0.0000885306	0.9999114694	0.0000000000
1	0.4032563104	0.5402432402	0.0565004494
0	0.0020379877	0.7440127757	0.2539492365
0	0.0000000063	0.9996513420	0.0003486516
1	0.7582977393	0.1100867004	0.1316155603
1	0.1072530235	0.0012785554	0.8914684211
0	0.3718884639	0.4841558741	0.1439556621
0	0.5584306532	0.2632422102	0.1783271366
0	0.5772874434	0.3160173587	0.1066951979
0	0.1401357488	0.7721026046	0.0877616466
1	0.1333567541	0.0135199731	0.8531232728
0	0.0000030482	0.3917406817	0.6082562701
0	0.0000000000	0.9890456777	0.0109543223
0	0.3011537680	0.5190550261	0.1797912059
1	0.0778796889	0.9204124759	0.0017078353
0	0.1976460891	0.8023535427	0.0000003683
0	0.2259272465	0.7699937654	0.0040789881
0	0.2570579982	0.7124747117	0.0304672902
1	0.0039298018	0.0949715988	0.9010985993
1	0.1677432190	0.8236716945	0.0085850865
0	0.1894678252	0.8105321748	0.0000000000
0	0.0062192262	0.0457643675	0.9480164063
0	0.1152518453	0.8847441956	0.0000039591
1	0.1061715756	0.1718376713	0.7219907530
0	0.5938516331	0.1585414741	0.2476068928
0	0.3111437866	0.2119054685	0.4769507450
0	0.9999914763	0.0000000091	0.0000085146
1	0.0115952544	0.8044293088	0.1839754368
1	0.0004822091	0.9994060981	0.0001116928
0	0.0047448748	0.5195985666	0.4756565586
0	0.2515596870	0.0003808666	0.7480594464
0	0.7552067006	0.0000000171	0.2447932823
0	0.3468770843	0.6529454867	0.0001774290
1	0.5413162110	0.4238894114	0.0347943777
0	0.3880487438	0.5272138770	0.0847373792
0	0.0253727774	0.9706638008	0.0039634219
0	0.6961568579	0.1242635482	0.1795795939
0	0.0634238080	0.9365761920	0.0000000000
0	0.0028766958	0.9929070472	0.0042162570
0	0.1119998238	0.1781635176	0.7098366586
2	0.0000000000	0.6166529537	0.3833470463
0	0.7657730309	0.2331775482	0.0010494209
0	0.8500668254	0.1499329043	0.0000002703
0	0.6881545017	0.3118454976	0.0000000007
1	0.1340339374	0.7791667010	0.0867993616
0	0.0780768353	0.8732784041	0.0486447607
0	0.0590822049	0.8397850709	0.1011327242
0	0.4221976080	0.5588941233	0.0189082686
0	0.9782740199	0.0217259801	0.0000000000
0	0.0123730230	0.8828392098	0.1047877673
0	0.5143986905	0.4602980382	0.0253032713
0	0.0629876754	0.5503621257	0.3866501990
0	0.9999998709	0.0000000000	0.0000001291
0	0.0000000000	0.0000108561	0.9999891439
0	0.2144759640	0.1434576410	0.6420663950
0	0.3239681511	0.6392705467	0.0367613022
1	0.0000064052	0.9312604983	0.0687330965
1	0.0000011343	0.0130982931	0.9869005726
1	0.0905381173	0.8658298850	0.0436319977
0	0.1399639035	0.8597395337	0.0002965627
0	0.0001040815	0.9123704198	0.0875254986
0	0.0587981263	0.9412018142	0.0000000595
1	0.0074345780	0.8342646814	0.1583007406
0	0.0001919112	0.1750490245	0.8247590643
0	0.0000067008	0.7052177426	0.2947755566
1	0.1265271686	0.8007055416	0.0727672898
1	0.0819182863	0.9180785226	0.0000031911
0	0.0000476603	0.7045173462	0.2954349935
1	0.0000000000	0.1171777204	0.8828222796
1	0.0001996936	0.0286378043	0.9711625021
0	0.0056688889	0.3230614873	0.6712696238
1	0.0426875483	0.2970101454	0.6603023063
1	0.2633651299	0.1737607254	0.5628741447
0	0.8569207852	0.1401098374	0.0029693774
0	0.0293814799	0.9706185188	0.0000000013
1	0.9996600401	0.0003344081	0.0000055518
0	0.9929760652	0.0068566870	0.0001672478
1	0.0000000008	0.8580841737	0.1419158255
0	0.0071617863	0.8477640968	0.1450741169
1	0.1169043930	0.4539982857	0.4290973213
0	0.0027589452	0.8087926491	0.1884484057
0	0.0309521642	0.7615736782	0.2074741576
0	0.2661936821	0.7337051679	0.0001011500
1	0.4100176303	0.0000860847	0.5898962850
1	0.9604833120	0.0322674732	0.0072492148
0	0.6212330149	0.3787461932	0.0000207919
0	0.0093682951	0.4923714947	0.4982602102
0	0.0000161822	0.9999559518	0.0000278660
1	0.0024989196	0.9975010804	0.0000000000
0	0.0058497039	0.0000405398	0.9941097563
1	0.2394079314	0.0166120729	0.7439799957
