0	0.1663433004	0.8164092867	0.0172474129
0	0.5957949262	0.4042050738	0.0000000000
2	0.1178518519	0.4676678835	0.4144802646
0	0.0000186060	0.9784717805	0.0215096135
0	0.0032501614	0.7251297291	0.2716201094
0	0.0668188459	0.9324293582	0.0007517959
0	0.0000000000	0.9087986786	0.0912013214
0	0.3755539891	0.6236434025	0.0008026084
1	0.0000000000	0.8730751664	0.1269248336
1	0.0000000178	0.6540701252	0.3459298569
0	0.0302428117	0.8415873090	0.1281698793
0	0.0000000000	0.2924875203	0.7075124797
0	0.1624596442	0.8375403558	0.0000000000
0	0.0032866246	0.4279652708	0.5687481046
2	0.0000000000	0.9166669022	0.0833330978
0	0.0632328949	0.2536604845	0.6831066206
0	0.0462327139	0.3658561919	0.5879110942
0	0.0013070478	0.9984202329	0.0002727193
0	0.4207918758	0.0008161157	0.5783920085
1	0.6715888981	0.3284110940	0.0000000079
1	0.0000197366	0.1443889366	0.8555913268
0	0.6402389563	0.3474828345	0.0122782092
1	0.3845167343	0.2322779764	0.3832052894
1	0.0036015296	0.9963959733	0.0000024971
0	0.1361682352	0.5393456585	0.3244861063
0	0.0000000001	0.0000060596	0.9999939404
0	0.0009328005	0.3167806213	0.6822865782
1	0.0000000000	0.9999999997	0.0000000003
0	0.1078058292	0.5311033524	0.3610908184
0	0.4609280918	0.5220951796	0.0169767286
2	0.0594778845	0.8783301717	0.0621919438
1	0.1223667259	0.0652869244	0.8123463498
1	0.3608349449	0.6258710128	0.0132940423
0	0.6164880138	0.2815045970	0.1020073892
0	0.0054265326	0.7602565079	0.2343169594
1	0.0006818924	0.5838282594	0.4154898482
1	0.0001299682	0.9889042898	0.0109657420
0	0.0002988892	0.9997011108	0.0000000000
0	0.0120855442	0.7359621372	0.2519523186
0	0.1016140866	0.8981345522	0.0002513612
0	0.5290990862	0.0180629157	0.4528379981
1	0.0019912604	0.0405592129	0.9574495268
1	0.4700263499	0.4047821322	0.1251915179
0	0.9062172440	0.0776097608	0.0161729952
0	0.0227076201	0.9166331146	0.0606592653
0	0.0004280642	0.0021084875	0.9974634483
0	0.9593915958	0.0405597817	0.0000486225
1	0.0082137154	0.5291887428	0.4625975418
0	0.0112899037	0.8758481457	0.1128619506
2	0.0157727253	0.1388187051	0.8454085696
0	0.3967306199	0.0773898256	0.5258795545
0	0.1047215455	0.4143410045	0.4809374501
0	0.0886110885	0.3939499909	0.5174389205
1	0.8443755802	0.1462668657	0.0093575541
0	0.0000000002	0.9978365926	0.0021634072
1	0.0319222181	0.7211812664	0.2468965155
1	0.2440180802	0.6791072381	0.0768746817
0	0.1127312201	0.3193791524	0.5678896274
1	0.9750789357	0.0249210643	0.0000000000
0	0.0000033907	0.0000000139	0.9999965954
0	0.5294378862	0.0451922816	0.4253698322
1	0.7286229333	0.0590824927	0.2122945740
0	0.3378301505	0.6567377526	0.0054320970
0	0.0000000000	0.9410664009	0.0589335991
0	0.8424014047	0.0121827182	0.1454158770
2	0.1146936068	0.5907292176	0.2945771756
1	0.0081293427	0.9918706573	0.0000000000
0	0.4587994236	0.5080617446	0.0331388317
0	0.6335230314	0.3664590110	0.0000179576
1	0.0321666786	0.3407345864	0.6270987349
1	0.4927366958	0.4727743222	0.0344889820
1	0.0000755822	0.0608920733	0.9390323445
0	0.0501661487	0.9492968483	0.0005370030
1	0.0362524199	0.9364594958	0.0272880843
0	0.0108774530	0.9827443875	0.0063781595
0	0.1570900201	0.6906241099	0.1522858701
0	0.5115703635	0.2420096507	0.2464199858
1	0.0561991865	0.2778166945	0.6659841189
1	0.1585178949	0.8414612860	0.0000208191
0	0.4428238861	0.2795661347	0.2776099792
0	0.0890507430	0.8481974421	0.0627518149
1	0.2487739807	0.2555135304	0.4957124889
0	0.2958715269	0.6188985661	0.0852299070
1	0.0552969717	0.8768641740	0.0678388543
0	0.0034052650	0.0000000005	0.9965947345
0	0.0386688942	0.0996313617	0.8616997442
1	0.1426273550	0.8505352685	0.0068373766
0	0.8435511674	0.1349231605	0.0215256722
0	0.6638368377	0.2382907652	0.0978723971
1	0.1437369131	0.8561419607	0.0001211262
0	0.0257071810	0.9742928172	0.0000000018
0	0.0000005402	0.3072799275	0.6927195323
0	0.7399247210	0.0555357214	0.2045395576
0	0.1243668192	0.7249393215	0.1506938593
1	0.0765121557	0.7865709061	0.1369169382
0	0.1697731399	0.8301006551	0.0001262050
0	0.0000087278	0.8415392247	0.1584520474
1	0.0201441729	0.4434858477	0.5363699793
1	0.0078456940	0.6548754649	0.3372788411
0	0.9205707319	0.0772396697	0.0021895984
