1	0.7884842200	0.1152234373	0.0962923427
0	0.9966452109	0.0033547891	0.0000000000
0	0.0000000000	0.6820440349	0.3179559651
0	0.0008614860	0.9991385138	0.0000000002
0	0.0024605818	0.9933847464	0.0041546718
0	0.3398406314	0.6601593681	0.0000000005
0	0.4258450749	0.0436350765	0.5305198486
0	0.0935929336	0.7133058851	0.1931011813
0	0.6047485847	0.3288261443	0.0664252710
1	0.0216808602	0.1653864879	0.8129326519
0	0.8929487569	0.0058240735	0.1012271696
0	0.0117313376	0.9800162226	0.0082524397
2	0.0000000000	0.2536007110	0.7463992890
0	0.1238233917	0.6333124883	0.2428641200
0	0.0000341433	0.0012631653	0.9987026914
0	0.0633802766	0.9356967081	0.0009230152
1	0.6834385158	0.1037985169	0.2127629673
0	0.7727268864	0.2271803241	0.0000927895
0	0.1129500419	0.8862449506	0.0008050075
0	0.0111966526	0.9499779253	0.0388254221
0	0.1757158140	0.0253421103	0.7989420756
1	0.0000000000	0.7915844083	0.2084155917
0	0.0029325993	0.5551062386	0.4419611620
0	0.6089692291	0.3340935489	0.0569372220
0	0.7646496714	0.2122242375	0.0231260912
0	0.6792071491	0.1815604062	0.1392324447
0	0.0227652370	0.2228983935	0.7543363695
1	0.5078590876	0.0000004152	0.4921404972
0	0.7471127521	0.2380945812	0.0147926667
0	0.0755084537	0.2402493581	0.6842421882
1	0.0438429928	0.9548108130	0.0013461942
0	0.3185141123	0.6232098018	0.0582760859
0	0.5057532956	0.4917788618	0.0024678426
0	0.3507352707	0.6144045741	0.0348601552
0	0.8763861468	0.1236137826	0.0000000706
1	0.0306439766	0.4992203650	0.4701356585
0	0.6219323776	0.3314071521	0.0466604703
0	0.0753424389	0.8987897301	0.0258678310
0	1.0000000000	0.0000000000	0.0000000000
0	0.0000000000	0.9473253258	0.0526746742
0	0.3021185488	0.6978693785	0.0000120727
1	0.9080915129	0.0051039816	0.0868045055
0	0.1323707978	0.8615205932	0.0061086090
2	0.0000000000	0.7727386029	0.2272613971
0	0.0001384275	0.9396629012	0.0601986713
2	0.0000000000	0.4683408318	0.5316591682
0	0.1508869399	0.2539974831	0.5951155770
0	0.0152442539	0.9843501553	0.0004055907
0	0.0003933215	0.8569182683	0.1426884102
1	0.0015074390	0.0001453768	0.9983471842
0	0.0865651320	0.8907767825	0.0226580855
1	0.0645544138	0.4706594741	0.4647861122
0	0.3599833209	0.4630588565	0.1769578226
1	0.0329893154	0.9638831818	0.0031275028
1	0.0000001599	0.5374018521	0.4625979880
0	0.8459444760	0.0007981317	0.1532573923
1	0.0011278672	0.9971488926	0.0017232403
0	0.1983973996	0.7322573735	0.0693452269
0	0.0003923038	0.8654914888	0.1341162074
0	0.3087860424	0.1111174544	0.5800965032
0	0.1010430402	0.8657171201	0.0332398397
0	0.0000000000	0.8905255065	0.1094744935
0	0.0344508080	0.0060885214	0.9594606706
0	0.9206531466	0.0000060376	0.0793408157
0	0.5793675240	0.4154085440	0.0052239320
1	0.0000022674	0.8865847585	0.1134129741
1	0.0510219360	0.9489780640	0.0000000001
0	0.0826358313	0.8694103457	0.0479538231
0	0.0199577131	0.9701351107	0.0099071762
1	0.1122585934	0.8529080731	0.0348333335
1	0.7955198529	0.2044801468	0.0000000003
1	0.6898765583	0.2526433684	0.0574800733
0	0.0822157067	0.1879726354	0.7298116579
0	0.1292635987	0.6083982410	0.2623381603
0	0.0071256504	0.9530701337	0.0398042159
0	0.0000073597	0.6133237284	0.3866689120
1	0.1489769774	0.6517849465	0.1992380761
0	0.3392399592	0.6606178018	0.0001422390
0	0.8157929822	0.1795217083	0.0046853095
0	0.2292076633	0.7705801327	0.0002122040
0	0.0000009250	0.1863137859	0.8136852891
0	0.0000112082	0.9999887918	0.0000000000
0	0.3193621827	0.6541677216	0.0264700956
0	0.3478671028	0.6405155620	0.0116173353
0	0.0000005079	0.8874050786	0.1125944135
1	0.0752347249	0.5839428824	0.3408223927
1	0.0187117603	0.8366007155	0.1446875243
1	0.4874900168	0.5010805627	0.0114294205
1	0.9052084959	0.0938077518	0.0009837523
0	0.2645399830	0.3355497833	0.3999102336
1	0.0320395224	0.9205000489	0.0474604287
1	0.0004327054	0.9838878852	0.0156794094
0	0.0027113706	0.9972886294	0.0000000000
0	0.0017453851	0.9189594705	0.0792951444
2	0.0576978059	0.2727330347	0.6695691594
0	0.1146835754	0.3398321920	0.5454842326
1	0.3088643014	0.6174412171	0.0736944816
0	0.9998927899	0.0000000000	0.0001072101
1	0.0315818331	0.5452843365	0.4231338304
0	0.2293142502	0.1634312513	0.6072544985
