0	0.0000418938	0.8462139957	0.1537441104
1	0.0001023786	0.9424649505	0.0574326709
0	0.0772174627	0.5850159352	0.3377666021
0	0.1169080452	0.2757676457	0.6073243091
0	0.1987311953	0.8012631373	0.0000056674
1	0.4921406237	0.1769397328	0.3309196435
1	0.5357922454	0.4641953261	0.0000124285
1	0.0061936606	0.3267390989	0.6670672404
0	0.1058945262	0.8826756499	0.0114298239
1	0.0000100703	0.0233680066	0.9766219231
0	0.2502501900	0.2810509710	0.4686988390
0	0.8574731653	0.0837776374	0.0587491973
0	0.1381772860	0.4790696248	0.3827530892
0	0.1335012849	0.0272597888	0.8392389262
0	0.0138327666	0.5450548091	0.4411124243
1	0.0050906666	0.1617408536	0.8331684798
1	0.0188001592	0.2256447194	0.7555551214
1	0.0000000000	0.2791892209	0.7208107791
1	0.0000000001	0.9995384119	0.0004615880
0	0.1503443614	0.7341799119	0.1154757267
0	0.0339168800	0.9660015575	0.0000815625
0	0.0001273916	0.9998726083	0.0000000000
0	0.0000000089	0.9999999911	0.0000000000
1	0.0113463470	0.9793018002	0.0093518528
0	0.1511834960	0.5155677465	0.3332487575
0	0.9386938849	0.0613059595	0.0000001557
0	0.0184859772	0.4003396862	0.5811743366
2	0.0001385386	0.7429842883	0.2568771731
0	0.0009906849	0.9887608540	0.0102484611
0	0.0130547346	0.9869452654	0.0000000000
0	0.1704909529	0.0001209553	0.8293880917
0	0.0116898389	0.5352846251	0.4530255361
1	0.1240657179	0.7321536824	0.1437805997
0	0.0511131914	0.9196089544	0.0292778542
0	0.2633501096	0.2872961523	0.4493537381
0	0.0216105927	0.0000012360	0.9783881713
1	0.2783190958	0.6551268682	0.0665540360
0	0.2128508948	0.4732451235	0.3139039817
1	0.0000000000	0.9999999979	0.0000000021
1	0.0000000000	0.9798748314	0.0201251686
1	0.0000003474	0.7837005729	0.2162990797
1	0.0701489757	0.4055073425	0.5243436818
0	0.0000237036	0.9999762964	0.0000000000
0	0.0003477170	0.5270875756	0.4725647074
1	0.0000193549	0.0000001216	0.9999805235
0	0.9375409149	0.0000445451	0.0624145400
2	0.0065906690	0.9351262369	0.0582830941
0	0.0495638014	0.2451797586	0.7052564400
0	0.5282227566	0.4698869675	0.0018902759
1	0.0000023496	0.9187254346	0.0812722158
0	0.9280440033	0.0719559967	0.0000000000
1	0.0012939308	0.7988855551	0.1998205141
1	0.0278466973	0.8039095391	0.1682437636
0	0.0000000001	0.0463327246	0.9536672753
0	0.4298837771	0.5467644008	0.0233518221
0	0.0052906074	0.3844868578	0.6102225348
1	0.0000006561	0.7575799482	0.2424193958
0	0.0026087579	0.0749681287	0.9224231133
1	0.1704143851	0.3815173832	0.4480682316
0	0.1097329809	0.8902670191	0.0000000000
0	0.0113564023	0.7736706977	0.2149729000
0	0.5511723429	0.4285398094	0.0202878477
0	0.0087178623	0.4457049014	0.5455772364
0	0.7279289124	0.1966218442	0.0754492434
0	0.0041302875	0.9326167377	0.0632529748
0	0.0044439316	0.7476947019	0.2478613664
0	0.0000000000	0.1807292367	0.8192707633
1	0.3793488194	0.0013246499	0.6193265307
1	0.0947552182	0.1463128065	0.7589319752
0	0.2931703524	0.5356238600	0.1712057875
1	0.0080029979	0.9175896030	0.0744073991
1	0.4978349968	0.5010083707	0.0011566325
1	0.0060725099	0.1161432057	0.8777842844
1	0.6215171197	0.3287599295	0.0497229507
1	0.0001676343	0.7704759196	0.2293564461
2	0.0000017548	0.7047352128	0.2952630324
1	0.0000000000	0.1390512575	0.8609487425
1	0.0000559849	0.8841835571	0.1157604581
0	0.3402686647	0.5833194019	0.0764119333
0	0.0525481916	0.0316902873	0.9157615212
0	0.0009575279	0.4985127612	0.5005297109
1	0.0589286772	0.0040874564	0.9369838664
0	0.0000000000	0.0000167241	0.9999832759
0	0.3878749414	0.0000000000	0.6121250586
0	0.0215653384	0.4792815908	0.4991530708
0	0.1114151526	0.8573815283	0.0312033191
0	0.4684437588	0.1495394860	0.3820167552
0	0.6432472959	0.1117605615	0.2449921426
0	0.0205495109	0.5896571509	0.3897933382
0	0.0000000115	0.9780084215	0.0219915671
0	0.0358312692	0.0006243175	0.9635444133
0	0.4734999220	0.0000000000	0.5265000780
0	0.0395404507	0.9602479447	0.0002116046
1	0.2259334950	0.2763696582	0.4976968468
1	0.0000023857	0.9776520299	0.0223455844
1	0.0000000060	0.3789768981	0.6210230959
0	0.0014252171	0.7421692070	0.2564055759
0	0.0078506211	0.9895068709	0.0026425080
0	0.0000008709	0.7811929237	0.2188062055
0	0.0004833978	0.9980437878	0.0014728144
