0	0.1766992970	0.2623662059	0.5609344971
2	0.0115302016	0.8952047610	0.0932650374
1	0.0199305952	0.8704785559	0.1095908489
0	0.0000019403	0.6343442961	0.3656537636
1	0.0012588891	0.3034901465	0.6952509644
0	0.3588701477	0.6411298523	0.0000000000
1	0.9272746140	0.0621852633	0.0105401227
0	0.0012595688	0.9982069778	0.0005334534
0	0.0000006971	0.5348486070	0.4651506958
0	0.7168366274	0.0000000847	0.2831632879
1	0.0006779587	0.9659095237	0.0334125176
0	0.0105598901	0.8076827421	0.1817573678
0	0.8962871190	0.1037128810	0.0000000000
0	0.2014105221	0.0664598270	0.7321296509
0	0.0363104901	0.0888457019	0.8748438080
0	0.0569218811	0.0795526064	0.8635255126
1	0.0344253081	0.9354067127	0.0301679792
1	0.0060919734	0.2822736350	0.7116343916
0	0.4256032962	0.0652590207	0.5091376831
1	0.0000000000	0.0017743247	0.9982256753
0	1.0000000000	0.0000000000	0.0000000000
0	0.0776834646	0.8579501502	0.0643663852
0	0.0000000025	0.4075257801	0.5924742174
1	0.0000373384	0.0099604571	0.9900022044
1	0.0000000001	0.0000331544	0.9999668455
1	0.1788027994	0.7614210764	0.0597761242
0	0.3118733714	0.6857862542	0.0023403743
0	0.1035561062	0.3987390240	0.4977048697
0	0.0000273298	0.6602019164	0.3397707538
0	0.0642914753	0.0699684716	0.8657400532
0	0.3705517207	0.3076389685	0.3218093109
0	0.0000000000	0.9469802778	0.0530197222
1	0.0000000000	0.0985503376	0.9014496624
0	0.0000000001	0.9992996898	0.0007003100
0	0.9568728252	0.0319976193	0.0111295555
0	0.2244436609	0.5272088582	0.2483474809
2	0.0000000000	0.8348860369	0.1651139631
0	0.0000000000	0.9999969806	0.0000030194
1	0.8480296844	0.1519703156	0.0000000000
1	0.0000000000	0.7061321075	0.2938678925
0	0.0000000000	0.9999954997	0.0000045003
1	0.1265665210	0.0588571738	0.8145763052
0	0.0145703019	0.9854247361	0.0000049620
1	0.8978239300	0.0882000081	0.0139760619
1	0.0000000008	0.8454790423	0.1545209569
0	0.2979184408	0.0491447676	0.6529367916
0	0.9999620899	0.0000222628	0.0000156473
0	0.0000689459	0.9999310541	0.0000000000
1	0.4341057292	0.0017089136	0.5641853572
0	0.9280788547	0.0712825726	0.0006385727
0	0.2147288541	0.0003257471	0.7849453988
0	0.1490792462	0.5593442752	0.2915764786
0	0.0048008890	0.0274448746	0.9677542364
0	0.0067808105	0.8995984910	0.0936206985
0	0.2360643370	0.7351461003	0.0287895627
1	0.4040738773	0.2832809358	0.3126451869
1	0.0059554025	0.5791217739	0.4149228236
0	0.7500806493	0.1682044774	0.0817148733
0	0.4376101378	0.0861394898	0.4762503724
0	0.0000000006	0.9999064435	0.0000935558
0	0.2895185841	0.0778215380	0.6326598780
0	0.8766364204	0.0004536689	0.1229099107
0	0.1677258360	0.8068606749	0.0254134891
0	0.2733204893	0.6332015610	0.0934779497
0	0.0097500476	0.9754984591	0.0147514933
0	0.2689361115	0.7310638885	0.0000000000
0	0.9727886648	0.0221444458	0.0050668894
0	0.1122392509	0.6015628846	0.2861978646
0	0.4906437530	0.1038424139	0.4055138331
1	0.0772423834	0.7041051375	0.2186524791
1	0.0248124829	0.4269486077	0.5482389094
0	0.0068789483	0.9931210517	0.0000000000
1	0.0011359988	0.9988489625	0.0000150387
1	0.3182970572	0.6407750756	0.0409278672
0	0.2996378952	0.7003621047	0.0000000001
0	0.0054058914	0.9624279137	0.0321661949
1	0.2577880849	0.2404801487	0.5017317664
0	0.0000000012	0.9999999975	0.0000000013
0	0.9999926719	0.0000021982	0.0000051299
0	0.0344667752	0.8204987902	0.1450344346
0	0.0023117925	0.9976882075	0.0000000000
1	0.0018975776	0.3692372788	0.6288651437
0	0.0095977890	0.2195612775	0.7708409334
2	0.0000004254	0.9919379785	0.0080615960
1	0.0190846324	0.8955102084	0.0854051592
1	0.7270938073	0.2499528840	0.0229533087
0	0.2666333344	0.6759865426	0.0573801229
0	0.9679076809	0.0000000001	0.0320923190
0	0.0000003378	0.8454139728	0.1545856894
0	0.0000034659	0.9183229014	0.0816736327
0	0.1823208192	0.5881778485	0.2295013324
0	0.5972883244	0.3944651479	0.0082465277
0	0.0134129470	0.9536178083	0.0329692448
0	0.0380580374	0.5628503324	0.3990916302
1	0.6720884532	0.2889068600	0.0390046868
0	0.9930354637	0.0069645339	0.0000000024
0	0.2686333999	0.7230375214	0.0083290786
1	0.0000000000	0.9849825969	0.0150174031
1	0.0023702892	0.9674453041	0.0301844067
0	0.0000000265	0.3609837685	0.6390162050
