0	0.5666783194	0.3159363379	0.1173853427
0	0.4871495447	0.0004813508	0.5123691045
0	0.3760510907	0.0000144399	0.6239344695
1	0.0239854590	0.7859829278	0.1900316132
0	0.9787924407	0.0000000000	0.0212075593
2	0.2364391572	0.7048979520	0.0586628908
1	0.8283233997	0.0732548817	0.0984217186
2	0.6559129434	0.0021604688	0.3419265879
1	0.5947141198	0.4052847694	0.0000011108
1	0.8986318093	0.0820965720	0.0192716187
0	0.0448509227	0.0084277324	0.9467213450
0	0.2130366669	0.4486230357	0.3383402975
1	0.2336850511	0.7175036642	0.0488112846
0	0.0000000001	0.1370064671	0.8629935328
1	0.3315797875	0.0901495036	0.5782707089
1	0.2461203628	0.7488019714	0.0050776658
0	0.6953582311	0.0679545125	0.2366872564
0	0.3307051194	0.4496521708	0.2196427098
0	0.9951216204	0.0003617667	0.0045166129
2	0.0293516435	0.0074347496	0.9632136068
0	0.1153324975	0.6327644174	0.2519030850
0	0.0000001428	0.0828233569	0.9171765004
0	0.0549684033	0.9066890042	0.0383425924
0	0.0030934365	0.2866024245	0.7103041390
0	0.8569303967	0.0241046642	0.1189649391
1	0.9624563476	0.0059939824	0.0315496700
1	0.0983279145	0.5895931467	0.3120789388
0	0.0605719222	0.3091619103	0.6302661675
0	0.2694280973	0.0423569589	0.6882149438
0	0.0000005249	0.0198522358	0.9801472393
0	0.9987938936	0.0009829580	0.0002231484
1	0.8243300504	0.1026768768	0.0729930728
0	0.0157582860	0.9841739681	0.0000677460
0	0.0442617339	0.9557382661	0.0000000000
0	0.0145700475	0.0068301201	0.9785998324
0	0.0170745819	0.0037328136	0.9791926045
0	0.0002654542	0.5713100571	0.4284244887
0	0.0000010997	0.0090407924	0.9909581080
0	0.0000000473	0.0197940049	0.9802059477
0	0.0067717340	0.0482876836	0.9449405824
1	0.0049848870	0.9759073882	0.0191077248
1	0.9720829125	0.0279122122	0.0000048752
0	0.5668893663	0.0077012739	0.4254093598
0	0.8113845697	0.0000000000	0.1886154303
0	0.9642515846	0.0296932836	0.0060551318
0	0.7649296698	0.2346808362	0.0003894940
1	0.3802036159	0.0000000000	0.6197963841
0	0.1785185320	0.3153880171	0.5060934509
0	0.2865980450	0.5618259858	0.1515759692
1	0.0000092109	0.2186926075	0.7812981817
1	0.5072223848	0.3552471168	0.1375304984
1	0.0006854902	0.3776409548	0.6216735549
0	0.0000311905	0.3227598414	0.6772089682
1	0.6560914325	0.2228651010	0.1210434665
0	0.3051335493	0.2138773153	0.4809891354
1	0.0005626222	0.1278537901	0.8715835877
0	0.8679095458	0.1006534194	0.0314370348
0	0.0303609437	0.6069767822	0.3626622741
0	0.3990203375	0.6008470012	0.0001326613
0	0.9013645611	0.0000000000	0.0986354389
0	0.0967552597	0.0416259761	0.8616187643
1	0.1906569318	0.7773189743	0.0320240940
0	0.0054669476	0.9895426223	0.0049904301
0	0.9133345085	0.0000148092	0.0866506824
0	0.0045485503	0.0409895718	0.9544618779
1	0.4465736823	0.1849126030	0.3685137147
0	0.0096020976	0.9510279700	0.0393699324
1	0.0140280414	0.8540175754	0.1319543832
1	0.1431401446	0.8565949972	0.0002648582
0	0.0000000000	0.9340123709	0.0659876290
0	0.4024808311	0.0023114704	0.5952076985
1	0.8050052627	0.1001953437	0.0947993936
0	0.7849544858	0.0368564094	0.1781891048
0	0.5031921448	0.0165710897	0.4802367655
1	0.1052085058	0.5023920395	0.3923994547
1	0.1908158602	0.8091841342	0.0000000056
1	0.2221736988	0.2797814663	0.4980448349
0	0.0000022193	0.0330566960	0.9669410847
0	0.3781374904	0.2600710168	0.3617914929
1	0.9964790581	0.0000757056	0.0034452363
1	0.0032937589	0.3659575557	0.6307486854
0	0.0835827343	0.0137180376	0.9026992282
0	0.1134382591	0.0000004532	0.8865612876
0	0.0008393910	0.9795806505	0.0195799585
0	0.8403301095	0.1596682054	0.0000016850
0	0.5657093862	0.4342906129	0.0000000009
0	0.9640996021	0.0062633261	0.0296370717
1	0.7413921617	0.2525382542	0.0060695842
1	0.4601050362	0.0436028079	0.4962921559
1	0.1813762123	0.1797026211	0.6389211666
0	0.9334758321	0.0249479923	0.0415761757
0	0.0058675831	0.8796139014	0.1145185155
1	0.5315162230	0.3131417136	0.1553420634
0	0.4638597112	0.4824106044	0.0537296843
0	0.7651101508	0.0000001606	0.2348896886
1	0.0005929186	0.1879146994	0.8114923820
0	0.2650136029	0.5407474450	0.1942389521
1	0.7642746773	0.0000000000	0.2357253227
0	0.8673164039	0.0000466380	0.1326369582
0	0.0690259440	0.0094556335	0.9215184226
