0	0.4065942764	0.5934057236	0.0000000000
2	0.4926935059	0.0248792257	0.4824272684
1	0.0035726918	0.0160734466	0.9803538616
1	0.5418218309	0.4103141391	0.0478640300
0	0.0005606482	0.0135670227	0.9858723291
2	0.2168704227	0.4011997879	0.3819297894
0	0.0036016834	0.0085353734	0.9878629433
0	0.5848260911	0.3602439993	0.0549299096
1	0.0209198875	0.4610251589	0.5180549537
0	0.0000200329	0.5617856012	0.4381943659
0	0.8330299122	0.0598937093	0.1070763785
1	0.9939247067	0.0044897285	0.0015855648
0	0.0936207468	0.0013964224	0.9049828308
0	0.0000004172	0.9938744488	0.0061251340
1	0.0930758186	0.7699357509	0.1369884305
1	0.6125041342	0.3857333264	0.0017625394
1	0.0459814417	0.2620590819	0.6919594763
1	0.2754306992	0.5268913093	0.1976779915
1	0.1196223666	0.0000109750	0.8803666584
0	0.7767856659	0.0046661633	0.2185481709
1	0.4450665730	0.5549334270	0.0000000000
1	0.0000009105	0.0000000000	0.9999990895
0	0.1900012081	0.8099987919	0.0000000000
1	0.1608124369	0.0830532004	0.7561343627
1	0.0303648384	0.9696274116	0.0000077501
0	0.8840822682	0.0771091811	0.0388085507
0	0.0114114878	0.9057641898	0.0828243225
0	0.3469272395	0.6530656912	0.0000070694
0	0.1268091702	0.6226601483	0.2505306815
0	0.9637486056	0.0000000000	0.0362513944
1	0.0096033890	0.0333995974	0.9569970137
0	0.1424890109	0.8575059804	0.0000050086
0	0.9532419806	0.0231807930	0.0235772264
0	0.9535917436	0.0458307563	0.0005775001
2	0.2846248679	0.0650100492	0.6503650829
0	0.0000001894	0.8723100817	0.1276897290
1	0.0975954588	0.5063255355	0.3960790058
0	0.0028143230	0.0000016302	0.9971840468
0	0.9869450977	0.0016476014	0.0114073009
0	0.1058501738	0.3155302798	0.5786195464
0	0.0172097222	0.0016839594	0.9811063184
2	0.0474871106	0.0059599649	0.9465529245
0	0.6084137351	0.0007115560	0.3908747089
1	0.4738185916	0.1003501690	0.4258312394
1	0.1564097198	0.4236734781	0.4199168021
1	0.0006497826	0.6078225346	0.3915276828
1	0.0007174639	0.0372829930	0.9619995431
1	0.0028790330	0.9174001520	0.0797208150
0	0.5355141845	0.4644192770	0.0000665385
0	0.0026457029	0.9973271275	0.0000271695
0	0.0003659093	0.9542145362	0.0454195544
0	0.8343040364	0.0003338227	0.1653621410
1	0.1695600383	0.7365206628	0.0939192988
1	0.5514083834	0.4402530063	0.0083386103
0	0.1039849621	0.3137102672	0.5823047707
0	0.0248782732	0.6908739737	0.2842477531
0	0.1152236775	0.1865063895	0.6982699330
0	0.9986496907	0.0000000644	0.0013502448
0	0.3440219609	0.0065497195	0.6494283196
0	0.1872949897	0.0000000000	0.8127050103
0	0.0524182128	0.2330555574	0.7145262298
1	0.2303929217	0.7695156152	0.0000914631
0	0.0045945905	0.2252231242	0.7701822852
1	0.8042181228	0.1911149737	0.0046669035
0	0.1540446356	0.1254730223	0.7204823421
0	0.2083160198	0.0165369785	0.7751470017
0	0.2774410691	0.6676426226	0.0549163083
0	0.0011214999	0.0284985287	0.9703799714
0	0.0733613177	0.9052738275	0.0213648548
1	0.6891575265	0.0069047663	0.3039377073
0	0.0812756165	0.4086762422	0.5100481413
1	0.0892724739	0.6374039354	0.2733235906
0	0.0000018469	0.9999979823	0.0000001708
0	0.0000001473	0.9999998515	0.0000000012
0	0.5821309776	0.4178690224	0.0000000000
2	0.8949566980	0.1046434155	0.0003998865
0	0.4284762358	0.1218518883	0.4496718759
0	0.0049506516	0.9764432048	0.0186061436
0	0.9998471207	0.0001528675	0.0000000118
0	0.2086394065	0.4975522296	0.2938083639
1	0.0024422973	0.1341563763	0.8634013264
1	0.3763353020	0.5260111143	0.0976535837
0	0.0000980031	0.7652990316	0.2346029654
1	0.0000000000	0.6281542778	0.3718457222
0	0.8678363780	0.0685259584	0.0636376636
1	0.0086698466	0.7721729554	0.2191571980
1	0.2402731654	0.0531336486	0.7065931860
1	0.0151761992	0.1527799575	0.8320438433
0	0.0095928316	0.6492618094	0.3411453590
0	0.8547841485	0.1222062214	0.0230096301
0	0.0563807643	0.9307369096	0.0128823261
1	0.5076388259	0.0065252827	0.4858358913
0	0.0069600015	0.9055985790	0.0874414195
1	0.4503724214	0.0004264644	0.5492011142
0	0.0037301235	0.8085716895	0.1876981869
1	0.5844463108	0.2510260047	0.1645276845
1	0.0001152921	0.1419721836	0.8579125244
0	0.0036575739	0.9874972041	0.0088452220
0	0.1585279320	0.7769425644	0.0645295036
0	0.4520507834	0.0634841500	0.4844650666
