0	0.2333722520	0.7665582353	0.0000695127
1	0.6570161709	0.0357790637	0.3072047654
1	0.0198813331	0.9786529163	0.0014657507
1	0.0751993296	0.0000896614	0.9247110090
0	0.8913786278	0.0011571953	0.1074641770
2	0.0003342967	0.3449474962	0.6547182071
0	0.0868878758	0.8145250900	0.0985870343
1	0.1396933412	0.6178757223	0.2424309365
0	0.0811614955	0.0778350131	0.8410034914
0	0.5920602607	0.3304661920	0.0774735472
0	0.0000709048	0.9950894984	0.0048395968
1	0.6386666444	0.1047284205	0.2566049351
0	0.2088939247	0.1675550296	0.6235510457
0	0.0028224901	0.9871814569	0.0099960530
0	0.2102435232	0.6227714792	0.1669849975
1	0.2652978410	0.7179569592	0.0167451998
0	0.9997706614	0.0001895166	0.0000398220
0	0.0355853914	0.9477748907	0.0166397179
0	0.0851713042	0.9128211582	0.0020075376
0	0.0053549501	0.2368204826	0.7578245673
0	0.0004349412	0.3963979385	0.6031671202
1	0.1029244924	0.2864865505	0.6105889570
0	0.2451741667	0.4744240855	0.2804017478
0	0.0380262585	0.9601436495	0.0018300920
1	0.0027907174	0.9970580080	0.0001512746
0	0.6124906842	0.3618549809	0.0256543349
0	0.0682131100	0.6152149111	0.3165719788
1	0.0923144473	0.0000000000	0.9076855527
0	0.0000000000	0.3663731024	0.6336268976
1	0.8287859954	0.0109287078	0.1602852968
1	0.2887635242	0.7111417338	0.0000947419
0	0.0002546422	0.9988664677	0.0008788901
0	0.0001117862	0.9998882138	0.0000000000
1	0.0428301344	0.8446920405	0.1124778251
0	0.3690098048	0.6309901784	0.0000000168
0	0.0275753304	0.9723620865	0.0000625831
0	0.0000000911	0.5412426326	0.4587572763
1	0.0072390056	0.1255084125	0.8672525819
0	0.9999988114	0.0000011886	0.0000000000
1	0.8688199275	0.0000011536	0.1311789190
1	0.0339502887	0.3620182158	0.6040314955
0	0.0227775109	0.9641146245	0.0131078646
0	0.9809884378	0.0190115622	0.0000000000
0	0.0182224167	0.6318033375	0.3499742458
0	0.9278137651	0.0106891200	0.0614971149
0	0.0000210258	0.9991878273	0.0007911470
1	0.4033650207	0.5961793833	0.0004555960
1	0.1940495979	0.7956807868	0.0102696153
0	0.1182926691	0.0346307499	0.8470765811
0	0.0002575475	0.8347826813	0.1649597712
1	0.4380071975	0.5591706179	0.0028221846
0	0.3438503948	0.6561496016	0.0000000037
0	0.0000000268	0.0071312301	0.9928687431
1	0.3705437913	0.6292956607	0.0001605480
0	0.4934867487	0.2160262278	0.2904870235
0	0.1564767068	0.0130312685	0.8304920247
0	0.0425423725	0.8073658177	0.1500918098
0	0.3815302988	0.6184225259	0.0000471753
1	0.2179737178	0.0002234578	0.7818028243
1	0.0097672170	0.2820499131	0.7081828699
0	0.0090593592	0.9684408139	0.0224998268
0	0.0041522273	0.5988505598	0.3969972129
0	0.8914135815	0.1060082094	0.0025782091
0	0.0318701087	0.0056740111	0.9624558801
0	0.3622529886	0.5853059977	0.0524410137
0	0.2137576881	0.7798382609	0.0064040511
0	0.0005163601	0.0000000000	0.9994836399
1	0.0000008208	0.9949771484	0.0050220308
0	0.3746799089	0.6090790387	0.0162410524
1	0.0018426155	0.9161195854	0.0820377991
1	0.0000000000	0.9798342088	0.0201657912
1	0.0131823271	0.8646647816	0.1221528913
1	0.2355533048	0.2161481134	0.5482985819
1	0.8350152065	0.1649847906	0.0000000029
0	0.8113008883	0.1832347286	0.0054643831
0	0.0701689118	0.2959474152	0.6338836730
0	0.8038945892	0.1952432944	0.0008621164
0	0.0281579070	0.9718099215	0.0000321715
0	0.0344247385	0.9519847330	0.0135905285
0	0.3250841588	0.6748794587	0.0000363824
0	0.1297286624	0.8385511541	0.0317201834
0	0.0541107032	0.9458884627	0.0000008340
0	0.0172127220	0.9821543058	0.0006329722
0	0.0011167935	0.0000000000	0.9988832065
1	0.0927108402	0.0201269762	0.8871621836
1	0.0506969289	0.9319182753	0.0173847958
0	0.2538927721	0.3358272516	0.4102799763
0	0.8429401753	0.0052412566	0.1518185681
0	0.0210344864	0.9360468548	0.0429186588
1	0.1192586372	0.6458534307	0.2348879322
0	0.1619295711	0.4311878678	0.4068825610
1	0.0005468589	0.0000433560	0.9994097852
0	0.0690583829	0.0417404982	0.8892011190
0	0.3590098593	0.5295158031	0.1114743376
0	0.2908182901	0.7091817099	0.0000000000
1	0.2116787838	0.1792871067	0.6090341095
0	0.0000000000	0.5363799180	0.4636200819
0	0.0174063356	0.9825936644	0.0000000000
1	0.5353778902	0.3635485031	0.1010736067
0	0.0000001469	0.8070284878	0.1929713653
