0	0.0000000000	0.9994940859	0.0005059141
0	0.1157439554	0.4594941932	0.4247618514
0	0.1614126523	0.6242110211	0.2143763266
0	0.0183947032	0.0000033871	0.9816019097
0	0.0006411414	0.1973131575	0.8020457011
0	0.0004908483	0.9971982883	0.0023108634
0	0.0528176333	0.7974505231	0.1497318437
0	0.9821815228	0.0000240271	0.0177944501
0	0.0000000988	0.9947168124	0.0052830888
1	0.0055304931	0.0062136879	0.9882558191
0	0.9554153357	0.0016719975	0.0429126668
0	0.0160144849	0.9403743325	0.0436111827
1	0.3420616583	0.4476073703	0.2103309714
0	0.2299508034	0.7127690786	0.0572801181
1	0.0104114292	0.8182860468	0.1713025239
0	0.7831825604	0.2110924983	0.0057249413
1	0.0022714956	0.1449207293	0.8528077751
1	0.6413960508	0.1313014381	0.2273025112
0	0.5094594140	0.0132393040	0.4773012821
1	0.9770172984	0.0168325833	0.0061501183
0	0.7455277903	0.2544717837	0.0000004261
0	0.0000001011	0.7339153395	0.2660845594
0	0.8078026502	0.1921963984	0.0000009514
0	0.0068354873	0.8868716632	0.1062928495
0	0.0085827920	0.9914172080	0.0000000000
0	0.0000000000	0.9980838010	0.0019161990
1	0.7600837409	0.1101009073	0.1298153518
1	0.0623536487	0.9376453206	0.0000010307
0	0.3841589621	0.5753652442	0.0404757937
0	0.2391861606	0.7608138394	0.0000000000
0	0.0063903238	0.5784517172	0.4151579590
0	0.1674906016	0.8325091366	0.0000002619
0	0.4313804193	0.4925184348	0.0761011459
1	0.9996763756	0.0000082808	0.0003153437
0	0.0202648582	0.8273114067	0.1524237352
1	0.2959883388	0.6945653299	0.0094463313
1	0.0265186177	0.9734796860	0.0000016963
1	0.2776442415	0.4362274065	0.2861283521
0	0.5687046067	0.1860083686	0.2452870247
0	0.1448832657	0.8537821752	0.0013345591
0	0.0007034155	0.0205134065	0.9787831780
0	0.9999999081	0.0000000000	0.0000000919
1	0.2600302745	0.1894426441	0.5505270815
0	0.0210193499	0.9615742404	0.0174064097
0	0.1169126253	0.3127505114	0.5703368633
1	0.0000086012	0.8300619809	0.1699294179
0	0.9986491210	0.0013508790	0.0000000000
1	0.4347257512	0.0000004961	0.5652737527
0	0.1460282860	0.0970792249	0.7568924891
0	0.0200495428	0.9798642302	0.0000862269
0	0.0001283959	0.9998716041	0.0000000000
0	0.1058450654	0.8927005780	0.0014543565
0	0.0000000000	0.4880801941	0.5119198059
0	0.0003662186	0.0602794965	0.9393542849
0	0.0090158755	0.0000000050	0.9909841194
0	0.3363418521	0.1256512013	0.5380069467
0	0.9427067490	0.0108074724	0.0464857787
1	0.0045611672	0.5870383103	0.4084005225
0	0.3562846303	0.5537714418	0.0899439279
0	0.0024904872	0.9904300432	0.0070794695
1	0.2552470199	0.7447529801	0.0000000000
0	0.0182216376	0.9817779826	0.0000003797
0	0.1460604059	0.5020014465	0.3519381476
2	0.0000000000	0.9626923059	0.0373076941
0	0.9379712602	0.0000968675	0.0619318723
1	0.0006044184	0.9979797801	0.0014158015
1	0.6740242776	0.1631456413	0.1628300811
0	0.4679666504	0.5320266021	0.0000067474
1	0.8700511233	0.0481221014	0.0818267753
0	0.0006818354	0.7210040237	0.2783141409
0	0.0388652004	0.9353320905	0.0258027092
0	0.0166196514	0.9831271877	0.0002531609
1	0.0153873591	0.3671847706	0.6174278703
1	0.0002033241	0.9881171482	0.0116795276
0	0.0000020983	0.9999979017	0.0000000000
0	0.0750831132	0.1870790690	0.7378378178
0	0.2288872812	0.7690974462	0.0020152726
0	0.1578410426	0.0330269397	0.8091320177
0	0.0000000038	0.9999999942	0.0000000020
0	0.0005008499	0.9994395997	0.0000595505
0	0.6296224191	0.3440677364	0.0263098445
0	0.9877896974	0.0089565846	0.0032537180
1	0.0434670903	0.9565327519	0.0000001578
0	0.5018448827	0.4380776263	0.0600774910
1	0.1756713192	0.8242096329	0.0001190478
2	0.0008047630	0.0318702080	0.9673250289
2	0.0000000000	0.9999328260	0.0000671740
2	0.0321018155	0.1565058938	0.8113922908
0	0.6265601441	0.1885503009	0.1848895550
0	0.4924918790	0.0598175525	0.4476905685
0	0.0015163154	0.9151629297	0.0833207550
1	0.5375498931	0.4571424943	0.0053076125
1	0.0010438594	0.9911329180	0.0078232226
0	0.0005739311	0.9705627342	0.0288633347
0	0.0628186490	0.7986423743	0.1385389767
0	0.2380680994	0.6838160410	0.0781158596
0	0.0000000003	0.0342197720	0.9657802277
0	0.0020125364	0.9926543081	0.0053331554
1	0.0520666117	0.8923645482	0.0555688401
0	0.1680287501	0.5724977944	0.2594734556
