0	0.0000000000	0.9996906107	0.0003093893
0	0.0652754336	0.0021057915	0.9326187748
0	0.0064386868	0.0000000000	0.9935613132
0	0.9080273896	0.0000000000	0.0919726104
0	0.0185754238	0.3080363505	0.6733882257
1	0.1774045174	0.8069159236	0.0156795589
0	0.1779615338	0.6669709387	0.1550675275
1	0.1529087660	0.0059119575	0.8411792765
2	0.2777646835	0.0248442808	0.6973910357
1	0.0130783336	0.0811457052	0.9057759611
0	0.7167138777	0.0034823134	0.2798038089
1	0.1126440364	0.6408078304	0.2465481332
0	0.0000003656	0.9466113923	0.0533882420
1	0.6092070442	0.2038652415	0.1869277143
0	0.4449783619	0.4527464278	0.1022752103
0	0.3682130870	0.6287932178	0.0029936953
0	0.4642024530	0.0000000000	0.5357975470
1	0.6918671972	0.2955957057	0.0125370971
0	0.0326320406	0.6731454295	0.2942225299
0	0.0000000000	0.9999207046	0.0000792954
1	0.7566935316	0.0348788019	0.2084276665
0	0.0121668809	0.7909874206	0.1968456986
0	0.5091012544	0.0424413094	0.4484574362
1	0.4878619588	0.5050647604	0.0070732808
0	0.1469093275	0.0001946024	0.8528960701
0	0.1320001943	0.6758463507	0.1921534550
0	0.0090005722	0.2481919152	0.7428075126
1	0.7808508708	0.0000000000	0.2191491292
0	0.0000000001	0.8876195636	0.1123804364
0	0.8196760026	0.1759076465	0.0044163509
1	0.1465002507	0.4135714839	0.4399282654
1	0.0003083699	0.1459648918	0.8537267383
1	0.5778470055	0.4184540078	0.0036989867
1	0.0347704251	0.0613576651	0.9038719098
1	0.0000002588	0.1529169175	0.8470828238
0	0.1799033953	0.2537416945	0.5663549102
0	0.0046192987	0.0000446469	0.9953360545
0	0.0011194395	0.9886438652	0.0102366953
1	0.9842454136	0.0137741016	0.0019804848
0	0.8099001983	0.1295131560	0.0605866457
1	0.1229158566	0.6639551447	0.2131289987
0	0.1880324770	0.3616431079	0.4503244150
1	0.9983915434	0.0001793980	0.0014290586
0	0.0000000000	0.0002186190	0.9997813810
1	0.3530391189	0.0000245409	0.6469363401
0	0.1474627952	0.8523277396	0.0002094652
1	0.1226128557	0.3994249203	0.4779622241
0	0.0632358804	0.9367640059	0.0000001137
0	0.0175555585	0.9815650015	0.0008794400
1	0.6460094190	0.0011584784	0.3528321026
0	0.0216462380	0.3084881659	0.6698655962
0	0.1013474551	0.0107917879	0.8878607570
0	0.1152588809	0.1223922764	0.7623488426
0	0.0082029249	0.1156536328	0.8761434422
1	0.9910665954	0.0000000000	0.0089334046
0	0.0000000000	0.9977205154	0.0022794846
0	0.9515633472	0.0102638619	0.0381727909
0	0.4107444654	0.1285591485	0.4606963861
1	0.6525169822	0.3474830178	0.0000000000
0	0.0000000000	0.0391708195	0.9608291805
0	0.0407645693	0.0001994846	0.9590359461
1	0.8509251884	0.0006461011	0.1484287104
0	0.0023305837	0.8472335179	0.1504358984
0	0.9220069667	0.0552812758	0.0227117575
1	0.7410175848	0.0258813660	0.2331010492
1	0.4880653520	0.0000001385	0.5119345095
0	0.9465082307	0.0534450854	0.0000466839
0	0.0000004298	0.1273323529	0.8726672173
0	0.6276407464	0.3689102835	0.0034489702
0	0.0486912565	0.5863431066	0.3649656369
1	0.0002867102	0.0783702066	0.9213430832
1	0.8203863693	0.0000026624	0.1796109683
0	0.9479147119	0.0435382396	0.0085470486
2	0.5904661087	0.2548005658	0.1547333255
0	0.4206925430	0.0675344884	0.5117729686
1	0.0000000000	0.3001698846	0.6998301154
0	0.0005683418	0.0491205576	0.9503111006
0	0.0355209201	0.6327573715	0.3317217083
1	0.2478635828	0.0472063018	0.7049301153
1	0.0000002300	0.0000000000	0.9999997700
0	0.2950963056	0.3823176369	0.3225860575
0	0.1131116250	0.8868546894	0.0000336856
0	0.0056835686	0.9942291531	0.0000872784
0	0.7597927628	0.1343641582	0.1058430791
0	0.8092727991	0.1905153729	0.0002118280
0	0.9375845504	0.0299793970	0.0324360526
0	0.0000000012	0.9999999988	0.0000000000
0	0.3445136721	0.1014368626	0.5540494654
0	0.8335545998	0.1661198256	0.0003255746
1	0.1768070098	0.7488581250	0.0743348652
0	0.8538709473	0.1160837722	0.0300452805
1	0.6529111430	0.1334876200	0.2136012369
1	0.0416613122	0.8139805371	0.1443581507
0	0.0721981816	0.8625672214	0.0652345970
1	0.6013487187	0.2217543675	0.1768969138
0	0.3320957852	0.1878569991	0.4800472157
0	0.9740471916	0.0257425377	0.0002102706
0	0.0000000000	0.0557063026	0.9442936974
0	0.7580253572	0.2304347299	0.0115399129
0	0.1086301685	0.7259041459	0.1654656856
