0	0.2207282804	0.7791890820	0.0000826376
1	0.4335681630	0.4296130334	0.1368188037
0	0.0005211385	0.0767937530	0.9226851086
2	0.7743034098	0.2068793720	0.0188172182
0	0.0630013082	0.3072719547	0.6297267371
0	0.0038766251	0.3496499859	0.6464733890
1	0.2761454188	0.1771162182	0.5467383630
1	0.0172708077	0.9827285331	0.0000006592
0	0.0065800538	0.0002810426	0.9931389037
0	0.6742654978	0.0151890267	0.3105454754
0	0.0001582932	0.7289696578	0.2708720491
0	0.0000259216	0.5074752274	0.4924988510
0	0.6964484268	0.1962813770	0.1072701961
0	0.4650459093	0.2515869877	0.2833671030
1	0.0077697023	0.0834330644	0.9087972333
0	0.3147872618	0.0000000312	0.6852127069
0	0.7461576938	0.1928033915	0.0610389147
0	0.3619167336	0.0000000001	0.6380832663
0	0.0000000000	0.5351751241	0.4648248759
0	0.8901193764	0.0205101169	0.0893705067
0	0.0965778264	0.2386927550	0.6647294186
0	0.5729336336	0.3993669317	0.0276994347
0	0.7751797494	0.0040901000	0.2207301505
0	0.0043301059	0.6018415337	0.3938283605
0	0.4842246856	0.4969498960	0.0188254183
1	0.2014764664	0.2542008152	0.5443227184
0	0.4295310586	0.2049722826	0.3654966588
0	0.0000000000	0.9091175523	0.0908824477
0	0.0965268744	0.7612658046	0.1422073210
0	0.8192162218	0.0020491479	0.1787346302
1	0.4597769973	0.5402230027	0.0000000000
0	0.0000000000	0.0845296099	0.9154703901
1	0.2551407966	0.1304225325	0.6144366709
0	0.1259128291	0.6632494527	0.2108377182
0	0.0267613983	0.0526376583	0.9206009434
0	0.2389794677	0.4477212107	0.3132993216
0	0.5898776013	0.3674318632	0.0426905355
0	0.0225626019	0.9768815067	0.0005558914
1	0.1489599012	0.2018032426	0.6492368562
0	0.7516575373	0.2308115206	0.0175309421
0	0.0940563912	0.0146259835	0.8913176253
0	0.0000000001	0.0188248934	0.9811751065
0	0.0491269176	0.9184771920	0.0323958904
0	0.0000002132	0.9119965909	0.0880031959
1	0.1257609290	0.0064379892	0.8678010818
1	0.0083979354	0.0000053089	0.9915967557
0	0.0000033604	0.9370816874	0.0629149522
0	0.1785155362	0.4520457743	0.3694386895
0	0.0920306855	0.8622387684	0.0457305461
0	0.0045847350	0.0197180770	0.9756971880
0	0.0000621566	0.0003000167	0.9996378267
0	0.2797072324	0.6989186067	0.0213741609
2	0.0370545443	0.8196440520	0.1433014037
1	0.2955727160	0.6227003024	0.0817269816
0	0.0524037943	0.0360294947	0.9115667110
1	0.8593324134	0.0144000908	0.1262674958
1	0.9175306739	0.0385800409	0.0438892852
0	0.4892076371	0.3988414432	0.1119509197
0	0.0000002159	0.6358573767	0.3641424074
0	0.0142455752	0.0071957913	0.9785586335
0	0.4561652459	0.3232852696	0.2205494845
0	0.4601973178	0.0000197729	0.5397829094
1	0.0168979213	0.7572149328	0.2258871460
0	0.9171455825	0.0828544175	0.0000000000
0	0.3422268377	0.3767877658	0.2809853964
1	0.1268550248	0.3258625953	0.5472823799
0	0.2660574826	0.6876044756	0.0463380418
0	0.1094745627	0.7464252703	0.1441001670
0	0.9211182116	0.0788260231	0.0000557653
0	0.0078893070	0.2902723719	0.7018383211
0	0.4373768913	0.5526512563	0.0099718524
1	0.0000000001	0.0294635575	0.9705364424
0	0.8645249247	0.0005854775	0.1348895977
0	0.0000088993	0.0193086952	0.9806824055
0	0.2853729714	0.0003418455	0.7142851831
0	0.6598465454	0.3127871007	0.0273663539
1	0.7400015504	0.1489931190	0.1110053306
1	0.0547919687	0.1160759254	0.8291321059
0	0.4756360371	0.0000000000	0.5243639629
0	0.0160012846	0.9839987154	0.0000000000
0	0.9757992549	0.0000045568	0.0241961883
1	0.6592636568	0.0605169440	0.2802193991
1	0.3437769668	0.0445603512	0.6116626820
1	0.4186579018	0.3001749429	0.2811671553
1	0.0908459806	0.0000000000	0.9091540194
0	0.0000000000	0.0475996762	0.9524003238
0	0.7164060610	0.0000265961	0.2835673429
1	0.0000000000	0.3829204487	0.6170795513
1	0.8840235497	0.0002875556	0.1156888948
2	0.8216575413	0.0000243937	0.1783180650
0	0.0079581518	0.1719603473	0.8200815009
0	0.6490791807	0.2826787461	0.0682420732
0	0.0069229587	0.0329235993	0.9601534420
0	0.3003850086	0.5685170169	0.1310979746
1	0.5520099993	0.0032193715	0.4447706292
1	0.0073227755	0.1113545409	0.8813226837
0	0.0623384709	0.8319766454	0.1056848837
1	0.2162869166	0.0199141715	0.7637989119
0	0.8684855063	0.0018691010	0.1296453927
1	0.1716961853	0.1264349614	0.7018688534
