0	0.1655501183	0.0848820569	0.7495678248
0	0.4282922034	0.5716436422	0.0000641545
1	0.5007157810	0.0470475557	0.4522366633
0	0.0854957865	0.8219453831	0.0925588304
1	0.0349720338	0.6983688399	0.2666591263
1	0.1117411196	0.8843779759	0.0038809045
0	0.0000013396	0.6094767666	0.3905218938
0	0.0216378118	0.9783621882	0.0000000000
0	0.6113770869	0.2776141014	0.1110088117
1	0.2702347725	0.7297652275	0.0000000000
0	0.9744356635	0.0000000000	0.0255643365
0	0.0024185845	0.0008589429	0.9967224726
1	0.7911918127	0.0490928921	0.1597152952
0	0.0669393796	0.3041125090	0.6289481115
1	0.0000000088	0.4241272625	0.5758727287
0	0.0063627722	0.9906540020	0.0029832258
0	0.0001838988	0.0000000000	0.9998161012
1	0.0000000000	0.9272509064	0.0727490936
0	0.6581911493	0.1920889303	0.1497199204
1	0.0482673586	0.0006182052	0.9511144362
0	0.0209156697	0.7527631058	0.2263212245
0	0.0622449147	0.0173109236	0.9204441616
0	0.4439612750	0.4363426307	0.1196960943
0	0.0029038624	0.0000000534	0.9970960842
1	0.0043596176	0.9933602160	0.0022801663
2	0.0000006421	0.9922898275	0.0077095304
0	0.2601058389	0.7108524743	0.0290416868
0	0.2482336348	0.5574555793	0.1943107859
0	0.3904337045	0.6033437821	0.0062225134
0	0.0724895800	0.9275012003	0.0000092197
1	0.0059762648	0.2137670282	0.7802567070
0	0.0000006428	0.2303790290	0.7696203282
1	0.0000229275	0.9337600776	0.0662169949
1	0.0222116598	0.9775202477	0.0002680925
0	0.1395927276	0.0070373541	0.8533699183
0	0.4346434328	0.0337466198	0.5316099473
1	0.2117347141	0.0749133365	0.7133519494
1	0.3313032328	0.6139806981	0.0547160691
0	0.3672866588	0.6323215017	0.0003918395
0	0.4627252424	0.5047315463	0.0325432112
1	0.0018461583	0.9768957585	0.0212580832
0	0.0507859996	0.9472659673	0.0019480331
1	0.7652025840	0.0834324645	0.1513649516
2	0.0037936569	0.0143650919	0.9818412512
0	0.0003600216	0.5056998618	0.4939401167
0	0.0220013281	0.3681376840	0.6098609879
0	0.8860540305	0.0727239355	0.0412220339
0	0.0000000000	0.0000028926	0.9999971074
1	0.0000004889	0.9793494893	0.0206500218
1	0.0801405351	0.1239059550	0.7959535099
0	0.0786845999	0.9121328644	0.0091825357
0	0.0073129389	0.8062965022	0.1863905590
1	0.0371259982	0.5507551943	0.4121188076
1	0.3200798775	0.6797450596	0.0001750630
1	0.0000003549	0.9950375719	0.0049620732
1	0.0001570696	0.0000349038	0.9998080266
0	0.9837671946	0.0027967869	0.0134360185
1	0.0307119160	0.6752438792	0.2940442049
0	0.0055014913	0.9944985085	0.0000000002
0	0.0016833022	0.3704558684	0.6278608294
0	0.9942966167	0.0056524239	0.0000509594
0	0.0608380304	0.4269841442	0.5121778254
0	0.0034887635	0.6784027775	0.3181084590
0	0.8731954413	0.0000000000	0.1268045587
0	0.0000001510	0.9999998490	0.0000000000
0	0.9982535626	0.0009342787	0.0008121587
0	0.0000000000	0.9999999737	0.0000000263
0	0.0000000000	0.9914418049	0.0085581951
0	0.8166870736	0.0485888183	0.1347241081
0	0.0000000000	0.7354701635	0.2645298365
0	0.0060850900	0.9937307045	0.0001842055
0	0.7515482204	0.0537269138	0.1947248659
0	0.0040974656	0.1188059838	0.8770965506
1	0.0000000000	0.1332661538	0.8667338462
2	0.1425050109	0.0320720561	0.8254229330
0	0.0508218291	0.9491759538	0.0000022171
0	0.0000888193	0.8136194686	0.1862917121
0	0.0909965887	0.9074409423	0.0015624690
0	0.5893241393	0.3993845314	0.0112913292
0	0.6058809246	0.2105324583	0.1835866171
0	0.7628408182	0.2371591807	0.0000000011
0	0.0563766431	0.9427983565	0.0008250004
0	0.2769052301	0.4361621991	0.2869325708
0	0.2556920999	0.0856345618	0.6586733383
0	0.0538490360	0.9461509640	0.0000000000
0	0.2421823808	0.0000000000	0.7578176192
0	0.0025912494	0.0215479981	0.9758607525
1	0.0003630555	0.9819326560	0.0177042886
0	0.0008763297	0.9958275692	0.0032961011
0	0.1256279147	0.0616774965	0.8126945887
0	0.3710321416	0.1548058433	0.4741620151
0	0.0378676275	0.0055119058	0.9566204667
0	0.0173036533	0.8977742454	0.0849221013
0	0.0462073620	0.9334767972	0.0203158408
1	0.0000002992	0.9999997008	0.0000000000
1	0.0000000000	0.0000000000	1.0000000000
1	0.0000269759	0.0242198972	0.9757531269
0	0.0016109968	0.6065463491	0.3918426541
1	0.1232496797	0.2009720744	0.6757782459
0	0.9562438773	0.0204448884	0.0233112344
