0	0.0005963637	0.9483165868	0.0510870495
0	0.4144097739	0.0050667163	0.5805235098
0	0.7735794477	0.1189736237	0.1074469286
0	0.2827340782	0.5392228264	0.1780430955
1	0.3060889554	0.4022387170	0.2916723276
0	0.0000000000	0.5887378996	0.4112621004
1	0.1493109932	0.1564782210	0.6942107858
0	0.1543540728	0.0415143835	0.8041315437
0	0.4423218018	0.5291315192	0.0285466789
0	1.0000000000	0.0000000000	0.0000000000
1	0.1248082811	0.8628934059	0.0122983130
0	0.0001437434	0.9879926529	0.0118636037
1	0.0140989525	0.6518690081	0.3340320394
0	0.1982030990	0.4698997631	0.3318971379
0	0.6990473214	0.0238014386	0.2771512400
0	0.8082642218	0.0000000000	0.1917357781
1	0.7651695594	0.2348304404	0.0000000001
1	0.0056661144	0.0078642929	0.9864695927
0	0.1727458365	0.0036447360	0.8236094275
1	0.0000010028	0.1039438965	0.8960551007
0	0.9575046260	0.0424890839	0.0000062901
0	0.1811403076	0.0725841381	0.7462755542
1	0.0000016398	0.0361280539	0.9638703064
1	0.1599496395	0.4469650723	0.3930852883
1	0.3190431956	0.2605119193	0.4204448852
0	0.9675868614	0.0324114992	0.0000016394
1	0.1021491558	0.8873242447	0.0105265995
1	0.0000000001	0.6909678600	0.3090321399
2	0.0000000000	0.3760359162	0.6239640838
0	0.0066061088	0.0900293005	0.9033645907
0	0.7766076638	0.0218954638	0.2014968723
0	0.0474176730	0.9523923474	0.0001899796
0	0.0000000000	0.9212298888	0.0787701112
1	0.0462584528	0.9537414869	0.0000000603
2	0.0000000310	0.9936052885	0.0063946804
0	0.0012557098	0.6017324081	0.3970118821
0	0.8235151434	0.1583829830	0.0181018736
1	0.9974558653	0.0000014186	0.0025427161
0	0.2045899546	0.6390678679	0.1563421775
1	0.6033446430	0.2996104042	0.0970449528
0	0.0552726652	0.1246778484	0.8200494863
0	0.1189009100	0.7411424136	0.1399566764
0	0.0618777406	0.9381203850	0.0000018744
0	0.0000017082	0.4684449270	0.5315533647
0	0.0067882245	0.9932117754	0.0000000001
1	0.3528083221	0.3626722892	0.2845193887
0	0.4031919356	0.5627991125	0.0340089519
0	0.9202086005	0.0064670314	0.0733243681
1	0.6444251325	0.0833116784	0.2722631891
0	0.0441759507	0.7081212943	0.2477027550
0	0.0031777106	0.0483166052	0.9485056842
1	0.0130901344	0.7142116301	0.2726982355
0	0.8164412193	0.1522622710	0.0312965096
1	0.0000002149	0.1605885091	0.8394112761
0	0.0992179825	0.0196499494	0.8811320680
0	0.3280724118	0.6719275873	0.0000000010
0	0.0000000000	0.9991033627	0.0008966373
0	0.0690938455	0.7819465401	0.1489596144
1	0.0000000000	0.7412495329	0.2587504671
0	0.0653500508	0.9346499492	0.0000000000
0	0.0008651047	0.0621919169	0.9369429784
1	0.0266513146	0.9728414434	0.0005072419
0	0.3197493330	0.1910053839	0.4892452831
0	0.2021800877	0.3762612744	0.4215586380
0	0.9338536402	0.0398411880	0.0263051718
1	0.0000000000	0.9999884202	0.0000115798
0	0.9688993202	0.0310942486	0.0000064311
1	0.0004839661	0.6777270099	0.3217890240
0	0.0751790262	0.0794602614	0.8453607123
0	0.0264092883	0.9498173899	0.0237733217
2	0.5393240282	0.0473874811	0.4132884906
0	0.9773718027	0.0226281273	0.0000000700
1	0.0685413018	0.6353839607	0.2960747375
1	0.1069656661	0.2608821823	0.6321521517
0	0.5831770440	0.0704373756	0.3463855803
0	0.0002140460	0.5371378221	0.4626481319
1	0.0000000000	0.0028378114	0.9971621886
0	0.0000304047	0.7253043013	0.2746652940
0	0.0010696136	0.6190898355	0.3798405509
0	0.0883566874	0.0000000000	0.9116433126
0	0.0749167263	0.7192585581	0.2058247157
0	0.0000448032	0.9999519084	0.0000032884
1	0.0330033889	0.5311776022	0.4358190089
0	0.4625832634	0.1365579666	0.4008587700
2	0.0033242901	0.2145440509	0.7821316590
1	0.0177458186	0.7559604471	0.2262937344
0	0.2177771748	0.1462577546	0.6359650706
0	0.1099530984	0.8900426932	0.0000042084
0	0.7134779479	0.2864880325	0.0000340195
0	0.0047022763	0.7510348182	0.2442629055
2	0.0234551465	0.7743226781	0.2022221754
0	0.0000000003	0.3963795119	0.6036204877
2	0.7056413144	0.0228175648	0.2715411207
1	0.8695115260	0.0385325483	0.0919559256
1	0.0004031302	0.8776096637	0.1219872061
0	0.9192040847	0.0000000076	0.0807959077
1	0.5544705777	0.2445627280	0.2009666942
0	0.7070264864	0.2610168279	0.0319566858
0	0.1754111336	0.8133390314	0.0112498351
0	0.0332976843	0.4155898738	0.5511124419
