0	0.3378512005	0.5626370380	0.0995117615
2	0.3180672284	0.5971391029	0.0847936687
0	0.5492696497	0.4507303503	0.0000000000
0	0.3808034007	0.6191965993	0.0000000000
1	0.0790845957	0.0369500772	0.8839653271
0	0.0425101207	0.0577871448	0.8997027345
0	0.5293671986	0.0154821461	0.4551506553
0	0.1351912848	0.0079172346	0.8568914807
0	0.0000088313	0.9994792958	0.0005118729
1	0.7360161731	0.0825328441	0.1814509828
1	0.2504155380	0.2678532936	0.4817311684
0	0.0716229858	0.9272996286	0.0010773856
1	0.0008547684	0.8263551975	0.1727900341
0	0.3916465928	0.5875621444	0.0207912628
0	0.0206408756	0.9493242928	0.0300348317
0	0.1453588628	0.2176020544	0.6370390829
0	0.0448737338	0.2733165323	0.6818097339
0	0.7678273598	0.2256755089	0.0064971313
1	0.0208378350	0.3711903989	0.6079717661
0	0.4464817911	0.3554605242	0.1980576846
0	0.1255094442	0.0030928209	0.8713977348
0	0.9999999999	0.0000000001	0.0000000000
0	0.4506260721	0.0032272074	0.5461467205
0	0.0183907512	0.9026314402	0.0789778087
2	0.2744936771	0.5669716512	0.1585346717
0	0.0028026603	0.9582653027	0.0389320370
1	0.3506078366	0.6317317463	0.0176604170
0	0.0025244348	0.5138954039	0.4835801612
0	0.2399433661	0.5964103750	0.1636462589
0	0.2137930659	0.1742679506	0.6119389835
0	0.0870511022	0.8888942467	0.0240546510
0	0.0168195178	0.9651039346	0.0180765476
0	0.0983975922	0.0000025037	0.9015999041
0	0.3457194506	0.1531559582	0.5011245913
1	0.5904026142	0.0000000114	0.4095973744
1	0.4949378076	0.0168596127	0.4882025797
0	0.9929335852	0.0018713063	0.0051951085
0	0.0003991311	0.5404544023	0.4591464666
1	0.3068217947	0.5525145744	0.1406636309
0	0.1573852975	0.5673911388	0.2752235636
1	0.1266567092	0.8226446003	0.0506986904
0	0.3858508621	0.6125577565	0.0015913814
1	0.8423678705	0.1443008222	0.0133313072
0	0.0404143641	0.0000233373	0.9595622987
0	0.0290547508	0.4332230344	0.5377222148
0	0.4238892445	0.2026635262	0.3734472293
0	0.1865787202	0.2162359372	0.5971853425
0	0.0146892060	0.9853096307	0.0000011633
2	0.0040271108	0.0088213649	0.9871515243
0	0.0326342856	0.7893239460	0.1780417685
1	0.1928357498	0.2387853666	0.5683788836
1	0.9107373374	0.0850579353	0.0042047274
0	0.3471231890	0.6172603358	0.0356164752
1	0.3539442367	0.0000396413	0.6460161219
1	0.0057118750	0.9578035422	0.0364845828
0	0.0901651706	0.9095947193	0.0002401101
0	0.1731717882	0.0318171040	0.7950111079
1	0.4070254344	0.0547589083	0.5382156574
0	0.0034845232	0.9939523193	0.0025631575
2	0.3315892869	0.6290025436	0.0394081694
0	0.5093595856	0.0343219383	0.4563184761
0	0.8609797071	0.1293934103	0.0096268827
1	0.4194520338	0.1823406151	0.3982073512
0	0.0392132619	0.9595990959	0.0011876421
0	0.0154648767	0.5293312290	0.4552038943
1	0.7123519435	0.2865619438	0.0010861127
1	0.2087647972	0.0262504626	0.7649847402
0	0.3615573875	0.0069421211	0.6315004914
0	0.1672422822	0.8224324133	0.0103253045
1	0.0213544044	0.9497602529	0.0288853427
0	0.1815132017	0.2777922888	0.5406945095
0	0.1859830984	0.8113039604	0.0027129413
1	0.2813464902	0.0613451158	0.6573083940
0	0.1697343887	0.6882447936	0.1420208176
1	0.0255082850	0.6601566211	0.3143350938
1	0.7527934852	0.2465310728	0.0006754419
0	0.0105268409	0.9117503313	0.0777228279
0	0.2944202760	0.7053725572	0.0002071668
0	0.9940919499	0.0056124501	0.0002956000
0	0.1821369995	0.6893379601	0.1285250404
0	0.9182332118	0.0817667870	0.0000000012
1	0.0067409809	0.9932419745	0.0000170446
0	0.9269924558	0.0730075442	0.0000000001
0	0.0001182041	0.2555584311	0.7443233648
0	0.0311479904	0.9622204150	0.0066315946
1	0.0021351700	0.0707090546	0.9271557753
1	0.0178499470	0.6397836026	0.3423664504
1	0.7106678706	0.0008012212	0.2885309082
1	0.0320232034	0.3570500962	0.6109267004
1	0.1268713552	0.1656530577	0.7074755871
0	0.0001138227	0.9998861773	0.0000000000
1	0.8116211109	0.1881799166	0.0001989725
0	0.1486275963	0.8511746543	0.0001977494
2	0.5110808374	0.0134779948	0.4754411678
0	0.0315862159	0.6668563212	0.3015574630
1	0.0842447465	0.8893070094	0.0264482441
0	0.8915894327	0.0042269210	0.1041836463
1	0.0001781804	0.0005498930	0.9992719265
0	0.0274250998	0.8402978447	0.1322770555
0	0.0000050873	0.0337654173	0.9662294953
