1	0.0000922155	0.8252749723	0.1746328122
0	0.1491676048	0.8508323952	0.0000000000
0	0.0027312985	0.9972668033	0.0000018982
1	0.0021264428	0.0158700075	0.9820035497
0	0.8362492584	0.1637507416	0.0000000000
0	0.7143032199	0.2856967801	0.0000000000
0	0.0005509015	0.0289021373	0.9705469613
0	0.8280152887	0.1718629821	0.0001217292
0	0.3915829087	0.1959189814	0.4124981100
0	0.8430183152	0.0046435083	0.1523381765
1	0.0000000000	1.0000000000	0.0000000000
2	0.1292873698	0.6676434098	0.2030692204
1	0.9772503663	0.0084669897	0.0142826440
0	0.0000000000	0.9985918217	0.0014081783
1	0.8928630115	0.0628716138	0.0442653748
0	0.2370903310	0.3364168678	0.4264928013
0	0.0000381279	0.4227631206	0.5771987515
0	0.0000000006	0.9051588231	0.0948411763
0	0.8625363077	0.1371252243	0.0003384680
0	0.1253143976	0.6088377483	0.2658478541
0	0.4468655402	0.5286081369	0.0245263228
0	0.0025002090	0.1000143911	0.8974853999
0	0.7778119612	0.1952470522	0.0269409866
0	0.0621595601	0.1974823778	0.7403580621
0	0.7370530790	0.0406454445	0.2223014765
1	0.0076793305	0.1625154413	0.8298052283
0	0.5277949434	0.4492538880	0.0229511686
0	0.9702651473	0.0043393037	0.0253955490
0	0.6674921280	0.1449673666	0.1875405054
0	0.0000000001	0.9999040261	0.0000959738
1	0.0775594958	0.8713400838	0.0511004204
1	0.5222564205	0.0004447279	0.4772988516
0	0.5754878801	0.2027545995	0.2217575204
0	0.0000885880	0.8301971067	0.1697143053
1	0.0000010449	0.9829073248	0.0170916303
0	0.0923835859	0.9076163769	0.0000000372
0	0.0685548148	0.0954449366	0.8360002486
0	0.2596149622	0.7401144152	0.0002706226
1	0.0004595983	0.2187808087	0.7807595930
0	0.5630536205	0.3042172243	0.1327291552
0	0.7421253480	0.1821506092	0.0757240428
0	0.0003668921	0.6002511016	0.3993820063
0	0.4755127645	0.5194098327	0.0050774029
0	0.0978836713	0.7724223850	0.1296939437
0	0.0320326322	0.0034576318	0.9645097360
0	0.0017382180	0.8823669083	0.1158948737
0	0.0000000000	0.8778272366	0.1221727634
0	0.5498696350	0.4307627082	0.0193676568
0	0.9993449557	0.0002729740	0.0003820703
1	0.5722420336	0.3883083090	0.0394496574
0	0.0289055774	0.9681312493	0.0029631733
1	0.0000000000	0.1983252421	0.8016747579
1	0.3503827470	0.0760217787	0.5735954742
1	0.0000000004	0.1617209584	0.8382790413
1	0.0106329588	0.7970573611	0.1923096801
0	0.6503148284	0.3194982947	0.0301868768
1	0.0222875380	0.1327873248	0.8449251372
0	0.0000030019	0.4937496444	0.5062473537
0	0.0000865774	0.9321304125	0.0677830100
0	0.6116279656	0.0000740024	0.3882980321
0	0.0055549830	0.9744366484	0.0200083686
0	0.8010050098	0.0000000000	0.1989949902
0	0.0000000084	0.9957263198	0.0042736718
1	0.9982382849	0.0017617151	0.0000000000
1	0.0000000000	0.6911198526	0.3088801474
1	0.5843243728	0.3464323464	0.0692432808
0	0.0395551452	0.9232618264	0.0371830284
0	0.1370070343	0.6404932488	0.2224997168
0	0.0000002390	0.1719508945	0.8280488665
1	0.0000000000	0.9399755449	0.0600244551
1	0.0922251016	0.3805139988	0.5272608996
1	0.2254533421	0.4753029662	0.2992436917
0	0.0576063351	0.0148523929	0.9275412720
0	0.0558049147	0.9025838993	0.0416111860
1	0.4518152905	0.0026392561	0.5455454534
0	0.0011610212	0.3362579463	0.6625810324
0	0.0048008449	0.9951991551	0.0000000000
0	0.2944077836	0.6089657892	0.0966264271
0	0.0428936666	0.9559542986	0.0011520349
0	0.0006437146	0.9988576207	0.0004986647
0	0.0339656106	0.9020305983	0.0640037910
2	0.0000000000	0.9919834843	0.0080165157
1	0.1057279818	0.3203738765	0.5738981417
0	0.7023640235	0.0000055964	0.2976303801
0	0.5557596756	0.4442403244	0.0000000000
0	0.0423303792	0.8188074920	0.1388621288
1	0.0317370705	0.6522485895	0.3160143400
0	0.0018635983	0.2009324288	0.7972039729
0	0.2540332783	0.0284155655	0.7175511561
1	0.0088571398	0.0718375795	0.9193052806
1	0.9040938705	0.0462747331	0.0496313964
1	0.0000006839	0.9173773582	0.0826219579
0	0.2487969705	0.4521934144	0.2990096152
1	0.4343722553	0.3993405064	0.1662872383
0	0.0219484824	0.9780515176	0.0000000000
0	0.2920426532	0.6367556422	0.0712017046
0	0.2047389889	0.6941432430	0.1011177682
0	0.0020406596	0.0708209044	0.9271384360
1	0.1687633091	0.6113429268	0.2198937641
0	0.9685235178	0.0039950900	0.0274813921
