1	0.8902938555	0.0957444704	0.0139616741
1	0.1035799504	0.3311898222	0.5652302274
0	0.0012337167	0.6764645950	0.3223016883
1	0.5711615259	0.3299759950	0.0988624791
0	0.0020330456	0.9873105528	0.0106564016
2	0.1478013567	0.3308769774	0.5213216659
2	0.0944886431	0.5104355874	0.3950757695
1	0.0376785242	0.7955069073	0.1668145686
0	0.0000000081	0.7910697703	0.2089302215
1	0.0305573458	0.5963538796	0.3730887746
1	0.5245537379	0.3138853362	0.1615609258
1	0.0682242882	0.0000014426	0.9317742693
1	0.1010882034	0.1662776458	0.7326341508
2	0.0631286848	0.0004201767	0.9364511385
0	0.9297242140	0.0702757843	0.0000000016
0	0.2450066977	0.5704797362	0.1845135662
0	0.0816605333	0.9181874944	0.0001519723
0	0.0268853125	0.0010130429	0.9721016446
1	0.8747119689	0.0096751957	0.1156128355
0	0.0000000000	0.7972111503	0.2027888497
1	0.0595090314	0.4193202272	0.5211707414
0	0.6236755111	0.0028425469	0.3734819420
2	0.0000617204	0.8658823866	0.1340558930
0	0.8873356421	0.1126643579	0.0000000000
1	0.0007576116	0.3918278445	0.6074145439
1	0.0065469335	0.1743518570	0.8191012095
1	0.1142554457	0.5408792323	0.3448653219
0	0.2682637752	0.7317362248	0.0000000000
1	0.0255296353	0.9740690109	0.0004013539
0	0.0030362411	0.9105024825	0.0864612764
0	0.0037682862	0.1782003504	0.8180313635
0	0.1569782837	0.0006136431	0.8424080732
0	0.1448338942	0.8152944502	0.0398716556
0	0.2503790967	0.6805029579	0.0691179453
1	0.0794592497	0.0013519299	0.9191888204
2	0.9861360515	0.0067057807	0.0071581678
0	0.0863379366	0.8072114579	0.1064506054
1	0.5594063301	0.4194225651	0.0211711048
0	0.6873198870	0.1768190832	0.1358610298
0	0.0730626969	0.8863555921	0.0405817109
1	0.0340742384	0.9606745108	0.0052512509
0	0.3421950973	0.6560336712	0.0017712314
0	0.0810670297	0.8223149863	0.0966179840
1	0.9071065246	0.0921766559	0.0007168195
1	0.6114907862	0.0343442692	0.3541649446
0	0.4541540943	0.0585071117	0.4873387940
1	0.0102481182	0.9897518799	0.0000000020
1	0.0106738152	0.9893261829	0.0000000019
1	0.0032331680	0.7724724497	0.2242943823
0	0.7751540298	0.2227685246	0.0020774456
1	0.7159284867	0.2840710486	0.0000004647
0	0.3426006719	0.6110778216	0.0463215065
1	0.2511392505	0.0432051671	0.7056555824
0	0.9147394465	0.0062113891	0.0790491645
1	0.1163192365	0.8562054029	0.0274753607
1	0.0084101528	0.6600072050	0.3315826422
0	0.0000000003	0.9498958897	0.0501041100
2	0.0016935308	0.4355478629	0.5627586063
0	0.8524545387	0.0019115557	0.1456339055
0	0.0000010055	0.9999989945	0.0000000000
1	0.5030287319	0.1160483388	0.3809229293
1	0.0098934152	0.4736229961	0.5164835887
0	0.0919636853	0.9080276638	0.0000086509
0	0.2687512610	0.0785939613	0.6526547778
0	0.0000000008	0.0041261084	0.9958738907
1	0.6518616479	0.0186329737	0.3295053784
2	0.5087640521	0.1917380894	0.2994978586
2	0.4247562037	0.0532478523	0.5219959440
0	0.7959766782	0.0099212829	0.1941020390
1	0.7886491307	0.0000000000	0.2113508693
1	0.0000000110	0.8748599996	0.1251399894
0	0.0000000054	0.3278447975	0.6721551972
0	0.1684616283	0.7080462369	0.1234921348
0	0.0002269804	0.0385216449	0.9612513747
0	0.0162051197	0.5646237351	0.4191711452
0	0.5269388460	0.4729603903	0.0001007638
0	0.1810995688	0.2551763743	0.5637240569
0	0.5504353615	0.2008763126	0.2486883259
2	0.5189718649	0.4330328024	0.0479953327
0	0.2242384911	0.0075138918	0.7682476170
1	0.8054592291	0.0316095088	0.1629312621
0	0.7511190124	0.2293327532	0.0195482344
0	0.0001461610	0.4104587964	0.5893950426
0	0.8606632049	0.0109435303	0.1283932649
0	0.9096705958	0.0903293857	0.0000000186
0	0.1048452525	0.8888149731	0.0063397744
0	0.0000000026	0.6033853227	0.3966146747
0	0.1794456107	0.0423726309	0.7781817584
0	0.0145494553	0.9703442095	0.0151063353
1	0.0508268220	0.5617653253	0.3874078527
0	0.0069690845	0.7375026063	0.2555283092
0	0.0005015667	0.0374038758	0.9620945575
1	0.1035869130	0.4443707819	0.4520423052
0	0.2045068341	0.7954931659	0.0000000000
0	0.7941439421	0.1692038451	0.0366522128
0	0.0145487209	0.9201606232	0.0652906560
0	0.0901010004	0.7098375413	0.2000614582
1	0.0007028389	0.0484299472	0.9508672138
1	0.0230824382	0.3879564776	0.5889610842
0	0.4540626499	0.2356303912	0.3103069590
