0	0.9993932210	0.0000000000	0.0006067790
1	0.3143615497	0.0000188774	0.6856195729
1	0.0001908581	0.3235506838	0.6762584581
0	0.2663388917	0.7336611083	0.0000000000
0	0.6045549173	0.1879186896	0.2075263932
1	0.2712065774	0.2858837595	0.4429096631
0	0.5916672298	0.3858640903	0.0224686799
1	0.8510410009	0.0005718249	0.1483871742
1	0.0084264077	0.0258141164	0.9657594759
1	0.0008385286	0.0273261478	0.9718353237
0	0.0000016459	0.9999983541	0.0000000000
0	0.0000006703	0.0627902827	0.9372090470
0	0.6741902425	0.3195184694	0.0062912881
0	0.1789165308	0.5269909742	0.2940924951
0	0.8939604952	0.0460240324	0.0600154723
1	0.2918796980	0.7079226133	0.0001976887
0	0.9242667284	0.0757332693	0.0000000023
1	0.8888565769	0.1111434226	0.0000000004
0	0.0001935355	0.6656887720	0.3341176925
0	0.0248433609	0.0144473819	0.9607092572
0	0.9931856405	0.0000000000	0.0068143595
0	0.0168913390	0.9831086610	0.0000000000
1	0.2244107406	0.7278498083	0.0477394511
0	0.0690368578	0.8783318841	0.0526312580
0	0.0396130345	0.9520492346	0.0083377308
1	0.0857064689	0.0539296678	0.8603638633
0	0.1901560274	0.6213767571	0.1884672155
0	0.0496464303	0.9498833109	0.0004702588
0	0.0007714277	0.7744096286	0.2248189437
0	0.0977300693	0.3559611191	0.5463088116
1	0.1970752563	0.1580538673	0.6448708764
0	0.8471092405	0.1528878905	0.0000028690
0	0.4636528259	0.0170832320	0.5192639421
0	0.9980080770	0.0012747932	0.0007171298
0	0.0000832170	0.2570599354	0.7428568476
0	0.4248575616	0.5209276622	0.0542147762
0	0.1711397683	0.8266304870	0.0022297446
0	0.0113090354	0.3539921242	0.6346988404
0	0.1724438601	0.0053159270	0.8222402129
0	0.0277976449	0.5817350219	0.3904673332
0	0.3911819489	0.5208071908	0.0880108603
0	0.0000211360	0.0206082799	0.9793705840
1	0.9867193167	0.0063073920	0.0069732913
0	0.1822201483	0.8097749985	0.0080048532
1	0.7140410892	0.2843081008	0.0016508099
1	0.4314768745	0.5355025592	0.0330205663
1	0.7030946413	0.2959765847	0.0009287740
0	0.3795877899	0.5878966323	0.0325155778
0	0.0465717250	0.7820589739	0.1713693011
1	0.1299125826	0.0056709743	0.8644164432
0	0.7973459199	0.0064275814	0.1962264987
0	0.8505836362	0.1460710003	0.0033453635
1	0.9228887263	0.0755498693	0.0015614044
0	0.0003003902	0.3770722447	0.6226273651
1	0.1809786418	0.8095694785	0.0094518796
0	0.0011755433	0.6870437543	0.3117807024
0	0.0081704941	0.0004274869	0.9914020190
0	0.5278899654	0.1825828514	0.2895271832
0	0.0537092955	0.2445785869	0.7017121176
2	0.5298376590	0.1493490789	0.3208132620
1	0.0234017788	0.9748611473	0.0017370739
0	0.2738146608	0.1765228309	0.5496625084
1	0.5219907710	0.4420432169	0.0359660121
0	0.0162186944	0.9832444621	0.0005368436
1	0.3056030535	0.0210792956	0.6733176509
1	0.0391308546	0.3877421539	0.5731269915
1	0.0869329831	0.5771832384	0.3358837785
0	0.1524671881	0.5916605998	0.2558722121
0	0.3775292048	0.0400505195	0.5824202757
1	0.0066271095	0.2685105262	0.7248623643
0	0.3771591341	0.4771367811	0.1457040848
0	0.0000075786	0.7535669938	0.2464254276
1	0.9736475924	0.0242962183	0.0020561893
0	0.3419753518	0.4575582435	0.2004664047
0	0.0095172919	0.5109338346	0.4795488735
0	0.0204074899	0.0006452165	0.9789472935
0	0.3653328554	0.0288946488	0.6057724958
0	0.5128694098	0.3038511432	0.1832794470
2	0.1143653289	0.0001842526	0.8854504185
1	0.0011738260	0.0038556497	0.9949705243
1	0.2996460958	0.6974219135	0.0029319907
0	0.9082832449	0.0906222181	0.0010945370
1	0.0436629409	0.0917495158	0.8645875433
0	0.4197572569	0.0001703005	0.5800724426
0	0.9826387026	0.0004381386	0.0169231588
0	0.0000000000	0.0000000000	1.0000000000
0	0.1098646038	0.6154919968	0.2746433994
1	0.2171080060	0.5916792046	0.1912127895
2	0.0254517034	0.0527048053	0.9218434914
0	0.0000000000	0.9999986878	0.0000013122
0	0.8928371614	0.0906398135	0.0165230251
1	0.4777725860	0.0270209225	0.4952064914
0	0.7043900692	0.0000023142	0.2956076166
0	0.0000000000	0.9649118476	0.0350881524
0	0.7517924734	0.0071963048	0.2410112219
1	0.3163868472	0.5421370604	0.1414760924
0	0.0570984498	0.9225172098	0.0203843404
0	0.0001696834	0.9998303166	0.0000000000
0	0.3612456240	0.5843879442	0.0543664318
1	0.4814735615	0.1505742577	0.3679521807
