0	0.0472554414	0.0060330268	0.9467115318
0	0.1530041745	0.2571361384	0.5898596871
1	0.0066642633	0.9933356818	0.0000000549
0	0.3650288295	0.5931322408	0.0418389297
0	0.1937299201	0.6841477088	0.1221223711
0	0.8828445539	0.0501540617	0.0670013844
0	0.4803137687	0.0000000018	0.5196862295
1	0.1036731712	0.5628925500	0.3334342788
0	0.9877806686	0.0122193313	0.0000000002
0	0.1853753882	0.6262279671	0.1883966447
0	0.1814995720	0.3891326450	0.4293677830
0	0.0005225739	0.5780252524	0.4214521737
0	0.4695889911	0.5292851792	0.0011258297
1	0.0234638863	0.0013945241	0.9751415896
0	0.0001172893	0.8576139898	0.1422687209
0	0.1424374499	0.7455236664	0.1120388837
0	0.3611377066	0.4541013670	0.1847609264
1	0.0585108855	0.0390502273	0.9024388872
0	0.0132347905	0.2883125011	0.6984527084
0	0.8806067454	0.1193932546	0.0000000000
0	0.0014354685	0.9613099050	0.0372546265
0	0.5631267233	0.4366197162	0.0002535605
1	0.8611858869	0.0782557048	0.0605584084
1	0.2443158598	0.7477300392	0.0079541011
0	0.1999843387	0.0000000000	0.8000156613
1	0.1530571525	0.6473535483	0.1995892992
1	0.0006037811	0.5177463746	0.4816498443
1	0.0616940789	0.2356273872	0.7026785339
0	0.6077745563	0.2162214933	0.1760039504
1	0.4718351841	0.3350207876	0.1931440283
0	0.4273352932	0.5726116958	0.0000530110
0	0.0535895305	0.0526184011	0.8937920683
0	0.8067057972	0.0207127671	0.1725814356
1	0.3256024601	0.4441404053	0.2302571346
1	0.0113729383	0.0000593077	0.9885677540
0	0.0063960250	0.0001855804	0.9934183946
0	0.0150838372	0.6935590032	0.2913571596
0	0.5121605863	0.4878323070	0.0000071067
1	0.8223063382	0.1213692899	0.0563243719
0	0.9248309696	0.0078220101	0.0673470203
0	0.4003772944	0.5580483172	0.0415743884
0	0.1017026676	0.0069770143	0.8913203182
1	0.0009719272	0.0670627117	0.9319653610
0	0.1708180762	0.5832601786	0.2459217451
0	0.6377697459	0.0068367320	0.3553935221
0	0.9999429725	0.0000570274	0.0000000000
0	0.2980865877	0.0284446737	0.6734687385
1	0.1157721521	0.8763919983	0.0078358496
0	0.0000032484	0.9999949945	0.0000017571
0	0.2237298723	0.2735432838	0.5027268439
1	0.0001645224	0.9457061234	0.0541293541
0	0.0171132942	0.9560363343	0.0268503715
1	0.2507331343	0.0013024831	0.7479643827
0	0.4872953948	0.4965473326	0.0161572726
0	0.6998080840	0.2364670681	0.0637248479
0	0.0310436385	0.1521885779	0.8167677836
1	0.0943072096	0.4769821600	0.4287106304
0	0.7366370096	0.0574639774	0.2058990130
1	0.1316938138	0.5360714370	0.3322347492
0	0.5600810781	0.2342106238	0.2057082980
1	0.9731839503	0.0222903534	0.0045256963
0	0.0108488159	0.5067514127	0.4823997714
0	0.0075447551	0.9497958944	0.0426593505
1	0.0874803748	0.9035273817	0.0089922435
1	0.0001752568	0.2147251642	0.7850995790
1	0.5205343779	0.0041865422	0.4752790800
1	0.0603473581	0.8763778277	0.0632748142
1	0.9058590402	0.0725790770	0.0215618828
0	0.0008827754	0.0807157157	0.9184015089
0	0.5361862824	0.4197899772	0.0440237404
1	0.7424284588	0.0835917841	0.1739797571
0	0.7411113682	0.2588881490	0.0000004828
0	0.4228825568	0.1243778960	0.4527395471
0	0.0169153044	0.9738732612	0.0092114344
0	0.0986329034	0.0358911829	0.8654759137
0	0.0000808739	0.9156293240	0.0842898022
0	0.0002478735	0.9914096892	0.0083424373
1	0.1081905795	0.6983339451	0.1934754755
0	0.4691644988	0.3477677663	0.1830677349
0	0.2595443718	0.7358533616	0.0046022666
0	0.0001325506	0.3337984128	0.6660690366
1	0.0047997866	0.6858200214	0.3093801919
1	0.7508689563	0.0624537969	0.1866772468
0	0.6574701450	0.2666905799	0.0758392752
1	0.0330812445	0.6690651288	0.2978536267
0	0.8677197710	0.0573079674	0.0749722616
0	0.9754893510	0.0000252946	0.0244853544
0	0.1129299236	0.8168910777	0.0701789987
0	0.4669578416	0.5330421584	0.0000000000
1	0.0205243340	0.9192285487	0.0602471174
0	0.0009682826	0.0122381306	0.9867935868
1	0.4313873524	0.5237091220	0.0449035256
0	0.0483217502	0.3604988294	0.5911794205
1	0.7959386130	0.0000005086	0.2040608784
0	0.3046956802	0.6601089783	0.0351953415
0	0.0000085621	0.9999634358	0.0000280022
2	0.4963938585	0.0025668722	0.5010392692
0	0.9896012811	0.0006224978	0.0097762211
0	0.2035762072	0.4717233101	0.3247004827
0	0.2697439600	0.0000080308	0.7302480092
