0	0.0000000000	0.9972520364	0.0027479636
1	0.8811547460	0.0548336586	0.0640115954
0	0.0000000000	0.9448735298	0.0551264702
0	0.2112947370	0.4626738699	0.3260313931
0	0.6512442361	0.0032493318	0.3455064321
1	0.0007811488	0.5577361836	0.4414826675
0	0.3263037646	0.0016063348	0.6720899005
0	0.3175664295	0.3565210528	0.3259125177
1	0.0090444756	0.9031735360	0.0877819884
1	0.6233007774	0.3725203856	0.0041788370
0	0.1626115986	0.3262996882	0.5110887132
1	0.3399369231	0.0524348502	0.6076282268
1	0.2745824088	0.2691718586	0.4562457326
1	0.1002948200	0.6932960094	0.2064091706
1	0.3859578303	0.0943669868	0.5196751829
0	0.7208124329	0.2790664311	0.0001211360
1	0.0569818644	0.3567669142	0.5862512213
1	0.1938234438	0.6329590503	0.1732175059
1	0.9731985507	0.0066119185	0.0201895307
0	0.2049250694	0.7760278427	0.0190470879
0	0.0125697571	0.0000000150	0.9874302279
0	0.8116505723	0.1505663469	0.0377830808
0	0.0166954399	0.9673243912	0.0159801689
0	0.5521695812	0.0167202808	0.4311101380
0	0.3999913787	0.0188119606	0.5811966607
0	0.2945092929	0.2029283348	0.5025623723
0	0.0019724420	0.0268522250	0.9711753330
1	0.1258280813	0.2110943869	0.6630775318
0	0.4299724349	0.0000000000	0.5700275651
0	0.9257358971	0.0066730794	0.0675910235
0	0.0237981055	0.9762018945	0.0000000000
0	0.0019083823	0.5773479911	0.4207436266
0	0.0027992982	0.9971915031	0.0000091987
0	0.0081935007	0.0000059235	0.9918005758
0	0.9295574740	0.0684188959	0.0020236301
0	0.0000019615	0.9999745388	0.0000234996
0	0.5908917463	0.0229753634	0.3861328904
0	0.0102530936	0.9896503339	0.0000965725
0	0.0000000000	0.9800802237	0.0199197763
1	0.1680167180	0.2957682194	0.5362150626
0	0.1021710991	0.4376884083	0.4601404926
1	0.0022037617	0.7700865002	0.2277097381
1	0.0387517921	0.4741178594	0.4871303485
0	0.6257632451	0.2885317267	0.0857050282
1	0.1096542053	0.7845253756	0.1058204191
0	0.5493704064	0.1238990971	0.3267304966
0	0.3300457048	0.2008707586	0.4690835367
1	0.8284113917	0.0000005669	0.1715880414
0	0.9246939526	0.0002272433	0.0750788041
0	0.9439842570	0.0000006065	0.0560151365
0	0.0002385520	0.9851856853	0.0145757626
0	0.0000000199	0.6182296408	0.3817703393
0	0.8415171509	0.1584826559	0.0000001932
0	0.1336228851	0.8662468268	0.0001302881
2	0.7164321763	0.0357368049	0.2478310189
0	0.5303649874	0.4696350126	0.0000000000
2	0.8378693572	0.1218096784	0.0403209644
1	0.3852114489	0.0124749075	0.6023136436
1	0.6324619110	0.0011456388	0.3663924502
2	0.8069810527	0.1780190440	0.0149999033
0	0.1197373964	0.8148860326	0.0653765710
1	0.0072411829	0.9691506869	0.0236081302
1	0.0574916677	0.0822550454	0.8602532869
1	0.9682153371	0.0232075021	0.0085771608
1	0.2332716373	0.5724583573	0.1942700054
0	0.7962685022	0.1657886087	0.0379428892
2	0.1826921224	0.5483861366	0.2689217410
0	0.0621407710	0.9376042160	0.0002550130
1	0.2921868093	0.7018796130	0.0059335777
0	0.0225059899	0.2214665026	0.7560275075
0	0.7048775424	0.1839958918	0.1111265657
0	0.0446905047	0.9552930001	0.0000164952
1	0.0001136512	0.5724696779	0.4274166709
1	0.6088866537	0.1313787229	0.2597346234
0	0.0171253921	0.0189185964	0.9639560115
1	0.2819307743	0.0505379183	0.6675313074
2	0.3386662066	0.2635854477	0.3977483458
1	0.1845995970	0.0000433026	0.8153571004
0	0.3495157889	0.2945785379	0.3559056732
0	0.0154243756	0.6748863256	0.3096892987
0	0.0617799318	0.1303688536	0.8078512146
0	0.0039753188	0.6184676268	0.3775570545
0	0.5237444525	0.4762555209	0.0000000266
0	0.1920802144	0.7737656595	0.0341541261
0	0.2130356391	0.0510280628	0.7359362981
0	0.0000001271	0.3562773914	0.6437224815
0	0.1109224223	0.6998247734	0.1892528043
0	0.2550317378	0.7449682622	0.0000000000
0	0.0001622121	0.9972840457	0.0025537422
0	0.8534334046	0.0452725037	0.1012940917
0	0.9452866305	0.0546384832	0.0000748862
0	0.1929879009	0.5907466879	0.2162654112
0	0.6943860066	0.3056139934	0.0000000000
1	0.1285608517	0.3383997714	0.5330393768
0	0.0228809239	0.0000000003	0.9771190757
0	0.9997815350	0.0002126720	0.0000057930
1	0.3171496159	0.2771870550	0.4056633290
1	0.2684608515	0.7046146537	0.0269244948
0	0.0990411025	0.8885655317	0.0123933658
2	0.0255302180	0.8621721540	0.1122976280
