1	0.6352085015	0.1253511986	0.2394402999
1	0.0003418184	0.5098506595	0.4898075221
0	0.0573650140	0.7508286622	0.1918063238
0	0.0980517753	0.7852933862	0.1166548384
2	0.0138837923	0.8074922567	0.1786239510
0	0.2842130563	0.0844776749	0.6313092688
1	0.0002617590	0.0542256351	0.9455126060
0	1.0000000000	0.0000000000	0.0000000000
0	0.3008599244	0.6627063381	0.0364337375
0	0.0000000000	0.7030526046	0.2969473954
0	0.5654204913	0.0644519126	0.3701275961
0	0.0404890523	0.3627202552	0.5967906925
1	0.0156503803	0.9356576297	0.0486919899
0	0.0000000000	0.9940615415	0.0059384585
0	0.0162198309	0.5208082561	0.4629719130
0	0.5139063962	0.0617500438	0.4243435600
0	0.0000000964	0.8518230565	0.1481768470
1	0.7333229267	0.2666770633	0.0000000100
0	0.0012343370	0.9630536591	0.0357120038
0	0.1145929174	0.8777583222	0.0076487603
0	0.5271558181	0.2404665672	0.2323776147
0	0.6771942258	0.3228057742	0.0000000000
1	0.0249815451	0.9236518859	0.0513665691
0	0.0590670321	0.8108244839	0.1301084840
1	0.0023297273	0.8913582678	0.1063120049
2	0.0155719958	0.9619473523	0.0224806519
1	0.5564223244	0.0225764169	0.4210012587
1	0.0000067551	0.0158948949	0.9840983500
0	0.1528542495	0.2784035545	0.5687421960
1	0.7015767864	0.2967740896	0.0016491240
0	0.3912323552	0.6018337153	0.0069339296
2	0.0161513435	0.4887779582	0.4950706983
2	0.0316546471	0.9410720805	0.0272732723
1	0.0018053937	0.9949508378	0.0032437685
0	0.9930297471	0.0069701126	0.0000001403
0	0.0085802288	0.4207370714	0.5706826998
0	0.9215186583	0.0379356102	0.0405457314
0	0.0027304359	0.9830182876	0.0142512765
0	0.6013278965	0.3986721035	0.0000000000
2	0.0000000005	0.9761797578	0.0238202417
0	0.0287185532	0.4785681993	0.4927132475
0	0.8601558793	0.1337654280	0.0060786927
1	0.5245316968	0.2864411470	0.1890271562
1	0.5785288387	0.0538140842	0.3676570772
0	0.0159063039	0.8890439946	0.0950497015
1	0.0655270046	0.9307340149	0.0037389805
0	0.7341730375	0.2518698602	0.0139571023
2	0.3260158601	0.6555220875	0.0184620524
1	0.0000000000	0.8590443511	0.1409556489
1	0.0046696375	0.8031913545	0.1921390080
1	0.0594404773	0.4836246807	0.4569348421
1	0.0000000053	0.9761419014	0.0238580933
0	0.0142088507	0.9857869809	0.0000041684
0	0.0900616356	0.3496292549	0.5603091096
2	0.0092209751	0.2294531634	0.7613258614
1	0.2426042448	0.7565178719	0.0008778834
0	0.8801999328	0.0124578806	0.1073421867
2	0.0172649899	0.5186392536	0.4640957565
0	0.6744591800	0.1391672405	0.1863735794
0	0.3734767424	0.6256872850	0.0008359727
0	0.0012181054	0.9873944955	0.0113873991
1	0.2742691402	0.2912092956	0.4345215642
0	0.9124004900	0.0874055368	0.0001939731
1	0.2247738535	0.0005526223	0.7746735242
0	0.1637158790	0.8338261335	0.0024579875
0	0.4638894491	0.0126664565	0.5234440944
0	0.1027469023	0.8971128967	0.0001402010
0	0.0000376499	0.5436974520	0.4562648981
1	0.1159415734	0.8828161681	0.0012422586
1	0.3673210799	0.6285464537	0.0041324664
0	0.0532898104	0.3621411576	0.5845690320
0	0.0267531966	0.9689453936	0.0043014097
1	0.0000000748	0.7913465401	0.2086533852
0	0.0931221858	0.1659844962	0.7408933180
0	0.0041605343	0.9687659740	0.0270734917
0	0.2937035615	0.0470358450	0.6592605935
0	0.9157035507	0.0842061422	0.0000903071
1	0.0129667958	0.8408958056	0.1461373986
0	0.0110673985	0.9855685002	0.0033641013
1	0.2224109955	0.1610544828	0.6165345216
0	0.7441186261	0.2453834840	0.0104978900
1	0.0000000204	0.9936007865	0.0063991931
1	0.1719634243	0.5849131261	0.2431234497
0	0.9998531086	0.0001468818	0.0000000096
1	0.7159202170	0.0026800253	0.2813997576
0	0.0906223212	0.9093776765	0.0000000023
0	0.0388474636	0.9611524688	0.0000000676
0	0.0060369061	0.9166708823	0.0772922115
0	0.4579258139	0.4167161014	0.1253580847
0	0.0011892788	0.0243273639	0.9744833573
1	0.0037095429	0.0000147933	0.9962756638
1	0.8229073730	0.1769475133	0.0001451137
0	0.1074106334	0.8874311920	0.0051581746
1	0.0553636940	0.7449801876	0.1996561183
1	0.2668674164	0.7331173999	0.0000151836
1	0.0371406861	0.2906061547	0.6722531592
1	0.3869579427	0.2810634951	0.3319785623
0	0.0063079254	0.0108623700	0.9828297045
1	0.1741564285	0.0631483768	0.7626951947
2	0.0275100900	0.8759724578	0.0965174522
