0	0.0234204269	0.0011126210	0.0000340354	0.9283432205	0.0470896962
0	0.0000038034	0.0067327595	0.3385995853	0.6522470470	0.0024168048
0	0.9645157883	0.0099116028	0.0057385634	0.0025190240	0.0173150215
0	0.0000000000	0.1683643791	0.0201409210	0.7624206862	0.0490740137
2	0.3361339976	0.1418605232	0.0000022252	0.1209617306	0.4010415234
1	0.0317039314	0.0605386529	0.4249845404	0.0206671658	0.4621057094
0	0.0005017786	0.0101307103	0.0423434279	0.9470240832	0.0000000000
0	0.0059777697	0.0813820646	0.1111846282	0.4507160272	0.3507395103
1	0.0047945739	0.1680429531	0.7888917297	0.0093266841	0.0289440592
0	0.6657765630	0.2942659161	0.0002687032	0.0000000212	0.0396887965
0	0.0505137965	0.2674116900	0.0153560749	0.6314528132	0.0352656255
0	0.5299113302	0.0771784406	0.0036536283	0.3765607104	0.0126958904
0	0.2765512738	0.2753607510	0.1232654865	0.2396898162	0.0851326726
0	0.0036259247	0.0000081841	0.3381596885	0.6445042144	0.0137019882
0	0.0000208281	0.2847002186	0.0749924492	0.3061566198	0.3341298843
0	0.8819305656	0.0004184697	0.0184197100	0.0850173394	0.0142139152
0	0.0001032153	0.0988884448	0.5975843224	0.1748703787	0.1285536387
0	0.0323543464	0.0069030841	0.1604639462	0.3157087059	0.4845699175
1	0.0000000038	0.0125928984	0.3567623400	0.0251835783	0.6054611795
1	0.2181454874	0.0153352181	0.1959243324	0.5545523472	0.0160426149
0	0.8124920980	0.1463544768	0.0219912756	0.0163666248	0.0027955248
0	0.0612923329	0.0802839953	0.0000000000	0.8179906126	0.0404330592
0	0.0188672730	0.0234797676	0.7871766062	0.0964111311	0.0740652221
0	0.0474322951	0.0022851329	0.6588836381	0.2827678536	0.0086310804
0	0.1396886491	0.0970168959	0.5652034266	0.1497831909	0.0483078375
1	0.0645325347	0.0193780083	0.3919318708	0.1086542885	0.4155032977
1	0.5563831424	0.0036886908	0.0090169600	0.3819360052	0.0489752015
1	0.0415275112	0.2352348334	0.6671524769	0.0560840171	0.0000011614
1	0.0000012315	0.0915773522	0.0009572250	0.9073853663	0.0000788250
0	0.0000153573	0.1206799465	0.8345058125	0.0447988838	0.0000000000
0	0.7486413579	0.1873688268	0.0247019818	0.0000000001	0.0392878334
0	0.0258713248	0.2056211534	0.0119114162	0.6900038432	0.0665922624
0	0.1896848373	0.5254138025	0.0008476525	0.2755890463	0.0084646614
0	0.0172567290	0.3391212926	0.0130207618	0.6299147153	0.0006865013
2	0.3112492545	0.2426967133	0.0010971684	0.3711763116	0.0737805522
0	0.1794122379	0.0035270962	0.1546468407	0.6623946148	0.0000192105
1	0.5102465513	0.1394384571	0.2268931700	0.0621816735	0.0612401480
0	0.1556805264	0.0065924323	0.3971658474	0.0158635328	0.4246976610
1	0.8856212753	0.0263942513	0.0795887749	0.0045925355	0.0038031630
0	0.8151986002	0.0004735726	0.0012816097	0.1829521511	0.0000940664
0	0.1449879700	0.4795670396	0.0071621977	0.3023843447	0.0658984481
1	0.0198573311	0.3060202612	0.4043131790	0.1762991541	0.0935100746
0	0.0136471652	0.9803625257	0.0012385021	0.0047375988	0.0000142082
0	0.0081842686	0.0878930056	0.1440927540	0.7598208314	0.0000091404
0	0.0591251004	0.0005440581	0.0833387384	0.0713945368	0.7855975662
0	0.1746488720	0.1687292851	0.0471222864	0.6067103693	0.0027891872
0	0.0000680080	0.4270502703	0.0692173711	0.5032846131	0.0003797375
0	0.0154051933	0.0217630368	0.0104587794	0.9288592617	0.0235137287
0	0.1387040839	0.0394735511	0.7123214820	0.0592027884	0.0502980947
0	0.0048379251	0.0616099164	0.6251153335	0.3084052450	0.0000315799
0	0.1279154993	0.0000000000	0.0059098276	0.0995600441	0.7666146291
1	0.0982586055	0.0004657192	0.7290156371	0.1707275134	0.0015325248
0	0.0216612422	0.0000000000	0.0310662523	0.9460739791	0.0011985264
0	0.0705758130	0.0000000000	0.1382549757	0.7866004075	0.0045688039
0	0.0049947923	0.0007228182	0.1222294377	0.3905440105	0.4815089412
0	0.5516700361	0.1545349865	0.0298754852	0.2633470823	0.0005724099
0	0.0379898838	0.0000000053	0.4808279748	0.4534508520	0.0277312841
1	0.3776326482	0.0977978921	0.0743033141	0.4427352274	0.0075309181
0	0.0023657634	0.9397854135	0.0274372487	0.0101208332	0.0202907413
0	0.1802174223	0.2435913831	0.0582511677	0.2459712880	0.2719687390
0	0.1454889510	0.0005238813	0.0640531598	0.6235798945	0.1663541134
0	0.0214305599	0.1405476514	0.0719091995	0.7629960668	0.0031165224
0	0.4238697424	0.0406742124	0.2238355772	0.1564875092	0.1551329589
0	0.0001396572	0.0272488321	0.1297875516	0.8428239590	0.0000000000
1	0.0040181791	0.6006700244	0.3106208744	0.0556100172	0.0290809048
0	0.0081205922	0.0020320851	0.5553335044	0.2191558976	0.2153579208
0	0.4338043253	0.5156781118	0.0494479085	0.0000000070	0.0010696474
0	0.1414302147	0.0537773176	0.3178752546	0.2591580755	0.2277591376
0	0.0105786462	0.5807969526	0.2344391640	0.0700945281	0.1040907091
1	0.0078179785	0.1260879491	0.0000599918	0.3787541631	0.4872799176
0	0.0000951967	0.0710293313	0.8949101761	0.0148016025	0.0191636934
0	0.8705477421	0.0001304111	0.0000000000	0.0454320039	0.0838898429
1	0.4587469310	0.0042680304	0.3649400708	0.0031444447	0.1689005231
0	0.5480111771	0.0025816050	0.3112515330	0.0301569218	0.1079987631
0	0.2851596528	0.0010387347	0.0972539694	0.0925264058	0.5240212374
0	0.4627020049	0.0000000000	0.0514156120	0.0628891363	0.4229932467
0	0.6647340716	0.1668089169	0.0114614145	0.1279810833	0.0290145137
0	0.0002728517	0.0959055558	0.5289180221	0.1030609303	0.2718426402
0	0.3397157591	0.0529530995	0.2126082350	0.3947212043	0.0000017022
0	0.0010825310	0.3470257255	0.1692213966	0.3245188155	0.1581515315
0	0.0829076434	0.1932995437	0.4702927820	0.0285098791	0.2249901518
1	0.2207136919	0.0110895040	0.0429437977	0.1309230737	0.5943299328
1	0.0636536149	0.5438541965	0.0000447023	0.1302328185	0.2622146678
1	0.0000008341	0.1090966974	0.6068389616	0.1515483323	0.1325151746
0	0.1430160647	0.3861223658	0.0708247886	0.3066454642	0.0933913166
0	0.0001268886	0.0902819280	0.0058623415	0.1168833021	0.7868455398
0	0.0099605025	0.0914248587	0.3999059880	0.4987085647	0.0000000861
0	0.1032538671	0.0017227517	0.8716367622	0.0233866170	0.0000000020
0	0.0722440477	0.0857847474	0.5367592194	0.2809666401	0.0242453453
0	0.0007615097	0.0212850672	0.0006026304	0.9554469775	0.0219038152
0	0.0136737503	0.0621344659	0.0000000380	0.0000011622	0.9241905837
0	0.0035633576	0.0002238604	0.0000000001	0.7619610186	0.2342517633
1	0.4606490295	0.0007759767	0.0633586881	0.0000702318	0.4751460739
1	0.0000019010	0.6373973151	0.0216057684	0.2068756321	0.1341193834
1	0.8031914956	0.0001606465	0.1798621366	0.0002467667	0.0165389546
0	0.3965563940	0.3066307452	0.2644441822	0.0316608816	0.0007077970
0	0.0162285266	0.3643713087	0.1238667947	0.4916897664	0.0038436035
0	0.0035634728	0.4145165342	0.1781279560	0.4010136318	0.0027784052
0	0.0077257509	0.0000000033	0.1666463018	0.7999883882	0.0256395558
1	0.4991730260	0.2130017492	0.2508080864	0.0369425982	0.0000745402
