0	0.0028606304	0.0320889462	0.0963439767	0.2640057715	0.6047006752
0	0.1893059618	0.7293646723	0.0055589423	0.0183096170	0.0574608067
0	0.2044405962	0.4948115829	0.1631463770	0.0707091706	0.0668922732
1	0.0175717800	0.5105336572	0.3263035880	0.1455909745	0.0000000002
1	0.0004705813	0.4460915829	0.3401641622	0.1708570143	0.0424166593
0	0.3881427635	0.0214499718	0.3368233088	0.2387314244	0.0148525314
0	0.0000182946	0.7740335003	0.0343988859	0.1849374130	0.0066119062
0	0.0952909676	0.0004397633	0.5729643331	0.3085387702	0.0227661658
0	0.1471802668	0.1281832428	0.6307770488	0.0522581613	0.0416012804
0	0.0216936452	0.0144149437	0.0000003597	0.4112335216	0.5526575299
0	0.0788269210	0.1152769397	0.1560661580	0.6342687287	0.0155612526
1	0.0000000091	0.0000000000	0.9318708502	0.0667009878	0.0014281528
0	0.0320529080	0.0226330696	0.4096669061	0.5186380992	0.0170090172
0	0.4680209735	0.0063722833	0.0233473372	0.5022454658	0.0000139403
0	0.3707377068	0.0000336185	0.0094193147	0.6198069370	0.0000024230
0	0.1313607109	0.0958787925	0.4867386142	0.2531603775	0.0328615050
0	0.0029779252	0.0000000014	0.9547754227	0.0135755904	0.0286710603
0	0.0199878540	0.0464531853	0.5936485317	0.0455297334	0.2943806956
0	0.1817588332	0.1947267694	0.6197192712	0.0036938707	0.0001012556
0	0.0007007329	0.0332650131	0.8404867325	0.1017806841	0.0237668374
0	0.0213386933	0.2360796585	0.0803710959	0.1158085652	0.5464019871
0	0.1858100974	0.5249234226	0.0144765241	0.2326785275	0.0421114284
0	0.0005449935	0.2938444159	0.0909011322	0.6147078610	0.0000015974
0	0.0280659857	0.0000000000	0.0000400970	0.0062869238	0.9656069935
0	0.4873256622	0.0655897922	0.0302997410	0.3898596084	0.0269251963
0	0.4095581583	0.0349788437	0.2446748155	0.2995934243	0.0111947582
0	0.2442152632	0.0934240649	0.1620245901	0.0228918192	0.4774442626
0	0.5082151594	0.0140169766	0.3308029998	0.1408475833	0.0061172809
0	0.0157245820	0.6345400656	0.0000000000	0.1455222150	0.2042131374
0	0.4001979752	0.1704596419	0.2952769641	0.0390725729	0.0949928458
0	0.0001292671	0.9329229428	0.0147865091	0.0234578326	0.0287034484
0	0.0000434334	0.0705180979	0.0133069342	0.9130945573	0.0030369773
0	0.0411111960	0.0695357797	0.0383759450	0.3506107312	0.5003663480
0	0.0483139813	0.2641321090	0.3574369428	0.3204255378	0.0096914290
2	0.4388642090	0.0008041758	0.3014421868	0.2579986457	0.0008907827
0	0.6495264154	0.1263487297	0.0229497819	0.1182953134	0.0828797596
1	0.1054118119	0.0000062741	0.5445776894	0.3170175353	0.0329866894
1	0.3004095615	0.2504929684	0.1285836073	0.3045258557	0.0159880071
0	0.0549097937	0.0339750024	0.1251703504	0.7723475139	0.0135973397
0	0.0306456211	0.0000000011	0.1930998895	0.4534518293	0.3228026590
0	0.0150359797	0.0000000002	0.0000050099	0.9849037107	0.0000552994
0	0.4153881292	0.0402251518	0.0091245923	0.1420658388	0.3931962879
0	0.0000017599	0.0178105251	0.8179117812	0.1568017949	0.0074741388
0	0.0477729658	0.1893550303	0.1563888127	0.0038086825	0.6026745086
1	0.1521631485	0.2488982852	0.4069541405	0.0605916877	0.1313927382
0	0.0178850816	0.1868666955	0.0000174537	0.6496012137	0.1456295555
0	0.0016656349	0.0101060966	0.9411092611	0.0459095728	0.0012094345
0	0.0108898230	0.3884971708	0.1925121056	0.3669783914	0.0411225092
0	0.0042398985	0.0257020460	0.4079989849	0.2953223912	0.2667366794
0	0.0317117361	0.0694870068	0.0000679478	0.8545304624	0.0442028469
1	0.0005579807	0.0320261921	0.2924102749	0.6613183916	0.0136871607
0	0.0000488625	0.0937855020	0.2435376735	0.6626279620	0.0000000000
0	0.0004011489	0.0006422995	0.5287625333	0.4701940183	0.0000000000
0	0.0142585397	0.1394859565	0.3137511486	0.0110902867	0.5214140685
0	0.0000031304	0.9108861639	0.0879613998	0.0000020853	0.0011472206
0	0.0000000000	0.1636907996	0.1859784293	0.0875125876	0.5628181835
0	0.1018133547	0.0000449727	0.0338438311	0.7848225975	0.0794752440
0	0.1434778366	0.3535089221	0.1013145190	0.2897221645	0.1119765579
0	0.0033854679	0.7221691200	0.0772112317	0.0576608807	0.1395732997
0	0.1073616506	0.3674934253	0.0211422955	0.3445707151	0.1594319134
1	0.2579595017	0.0382690883	0.2128895361	0.3654489974	0.1254328765
0	0.0941474816	0.0793106653	0.2575681039	0.0227667426	0.5462070066
0	0.0000353116	0.0893106566	0.1114657887	0.7601969185	0.0389913247
0	0.0552928891	0.1299527033	0.0000000000	0.7738394409	0.0409149666
0	0.2606881104	0.1325991273	0.0749439534	0.0000008337	0.5317679752
0	0.0613114082	0.0770767995	0.6387910500	0.2227159473	0.0001047950
0	0.3369728880	0.0000000000	0.0076217322	0.5927929201	0.0626124597
0	0.1167162307	0.0355244854	0.1569657869	0.6504619334	0.0403315636
1	0.0787534062	0.0270474183	0.0670244506	0.0784227224	0.7487520024
0	0.6710322387	0.0196207922	0.1495912207	0.1405014527	0.0192542958
0	0.5546597287	0.1202969117	0.0048726409	0.3201707186	0.0000000000
0	0.0000308409	0.0000214252	0.9624311704	0.0190738866	0.0184426769
0	0.1535111767	0.0187993737	0.0310766459	0.5254400043	0.2711727994
0	0.0749875389	0.5405726208	0.3125559098	0.0716903365	0.0001935939
0	0.4203885024	0.0024753800	0.4256769327	0.1514558142	0.0000033707
0	0.1753294298	0.4041614436	0.0000000000	0.2952554646	0.1252536620
0	0.0359376779	0.0138430829	0.0324439248	0.8807676157	0.0370076987
0	0.1474430796	0.0037491580	0.6597704849	0.0141478621	0.1748894153
0	0.1817060851	0.6860798871	0.0002056095	0.1307543200	0.0012540983
0	0.0736517395	0.0196261510	0.0638275986	0.8409910207	0.0019034903
0	0.1172392663	0.0000000230	0.5457645946	0.3367633066	0.0002328094
1	0.0053356851	0.0018143803	0.0372890922	0.6470431620	0.3085176804
0	0.0902691580	0.4076917169	0.2741223182	0.1298792148	0.0980375921
0	0.2917969150	0.0005025304	0.5629308302	0.1387388821	0.0060308422
0	0.0003026863	0.1278849079	0.1225123072	0.0236336070	0.7256664915
1	0.6161468182	0.0644641026	0.1512928457	0.0030688185	0.1650274150
0	0.0377913027	0.0603985809	0.0013708926	0.2749417294	0.6254974944
0	0.1545826957	0.4771684606	0.1986919509	0.0169426617	0.1526142311
0	0.4896013366	0.2615048908	0.0450494038	0.0041748277	0.1996695411
1	0.0072452506	0.0852114217	0.0269802262	0.0301265372	0.8504365642
0	0.3246012360	0.1496377800	0.0001246341	0.3806968933	0.1449394566
0	0.0000008710	0.0669982572	0.4408002346	0.4913618123	0.0008388249
0	0.2168819022	0.2829820701	0.0587552910	0.3247467012	0.1166340356
0	0.0000866825	0.0485387717	0.0066884783	0.6425915578	0.3020945098
0	0.3194627575	0.0371734739	0.1539277457	0.2384924624	0.2509435604
0	0.0432197778	0.0707573729	0.2466146710	0.6386746009	0.0007335773
1	0.2909385544	0.0648782314	0.0522727409	0.1910535283	0.4008569450
0	0.0716761874	0.4406597224	0.2810780491	0.1759213486	0.0306646925
0	0.0844597489	0.0150392602	0.7751670175	0.0273359424	0.0979980311
0	0.0001310918	0.0095415282	0.9492543709	0.0215148405	0.0195581686
