0	0.0007481021	0.0040110647	0.7620673056	0.2326030788	0.0005704488
0	0.0012866209	0.0463684772	0.2766319811	0.5823232549	0.0933896659
1	0.0000233630	0.0579416722	0.0192761109	0.8433745069	0.0793843470
0	0.7120524663	0.0000000088	0.0091535363	0.0168768317	0.2619171570
0	0.0986089267	0.3186054848	0.0929964624	0.4579801850	0.0318089412
1	0.3231245162	0.2179780412	0.4588968504	0.0000000000	0.0000005922
0	0.0535576289	0.5383786532	0.1210738517	0.2829628463	0.0040270199
0	0.1268664265	0.0358423134	0.7578049887	0.0770261902	0.0024600811
0	0.1958510540	0.2868518414	0.4942331826	0.0115717870	0.0114921350
0	0.0105258193	0.0646405971	0.0944261440	0.8301867500	0.0002206896
0	0.6326468213	0.2181656353	0.0535558881	0.0020611505	0.0935705048
0	0.0088847782	0.3197349149	0.0238379006	0.4618697788	0.1856726275
0	0.1076681858	0.2033128080	0.0924412053	0.5718558597	0.0247219413
2	0.2042048632	0.0000328151	0.2657945002	0.2527352674	0.2772325541
0	0.0000614362	0.6853625635	0.0406146224	0.2023920684	0.0715693095
1	0.2799799643	0.0059638818	0.3810349600	0.0685545473	0.2644666467
0	0.0200554348	0.0160844863	0.8028287297	0.1609030260	0.0001283232
0	0.0086037541	0.1732710295	0.1049336980	0.1298688856	0.5833226327
0	0.0528266222	0.0234200956	0.6086465729	0.0204982441	0.2946084653
0	0.0049826581	0.0000649014	0.8213019505	0.1637510969	0.0098993931
1	0.0154938835	0.0000000000	0.0019437397	0.9536609137	0.0289014631
0	0.7878671617	0.0970650097	0.0765941010	0.0317264326	0.0067472950
0	0.0119554318	0.0074978676	0.0133076117	0.1749401441	0.7922989447
0	0.0003139983	0.8391290475	0.0593341260	0.0553015488	0.0459212794
0	0.2240619990	0.1048045316	0.0103393898	0.4507430182	0.2100510614
0	0.9328554719	0.0009672847	0.0042087735	0.0347699625	0.0271985075
0	0.0000116393	0.0020432793	0.7940541671	0.2038529930	0.0000379213
0	0.7875838642	0.0596572347	0.0398475896	0.0823519823	0.0305593292
0	0.0716839233	0.0020878716	0.1886677267	0.0673130546	0.6702474239
0	0.7778377742	0.0647874048	0.0145499990	0.0216913434	0.1211334786
0	0.3547537267	0.0029448212	0.0015581353	0.4845563002	0.1561870166
0	0.0000872944	0.0240526638	0.0542295198	0.8883126632	0.0333178588
0	0.2304649719	0.0003941064	0.0058641791	0.0022808836	0.7609958591
0	0.1038478044	0.0024052175	0.3762321189	0.1824803642	0.3350344949
0	0.0016684477	0.0014910080	0.3788185243	0.4456842498	0.1723377703
0	0.0450871698	0.0104464924	0.5537190087	0.3661143533	0.0246329759
0	0.0004062443	0.8847887930	0.0285451727	0.0546754789	0.0315843110
0	0.0347841131	0.0000634057	0.0086534952	0.9138815103	0.0426174756
0	0.0301766505	0.0379495017	0.9300107730	0.0012421873	0.0006208876
0	0.8714568706	0.0077151597	0.0001481265	0.0840640741	0.0366157691
0	0.6305888054	0.0000179625	0.3535302717	0.0008359676	0.0150269928
0	0.0600425392	0.4331916641	0.0006872627	0.1271967492	0.3788817849
0	0.7639099112	0.0591031512	0.0871651752	0.0898217624	0.0000000000
0	0.0307742051	0.0028433645	0.9031149402	0.0520841931	0.0111832972
2	0.0019864855	0.4525870395	0.0010524152	0.5435263376	0.0008477222
1	0.0011504338	0.1929526228	0.0003319206	0.7893023973	0.0162626256
1	0.0418833841	0.1157586148	0.1289360891	0.7134219119	0.0000000000
1	0.3870948845	0.0141538360	0.0669575927	0.4503301736	0.0814635131
0	0.0000120774	0.2448887290	0.4352857363	0.2914909823	0.0283224751
0	0.0049408894	0.0729758629	0.0039222711	0.1711886659	0.7469723108
0	0.0063438962	0.0108029272	0.0000000000	0.0019421419	0.9809110347
0	0.1561880401	0.4042797371	0.0000045092	0.2254392198	0.2140884938
0	0.0121289098	0.7283755373	0.1398781381	0.0292424391	0.0903749757
0	0.0014689341	0.0074627227	0.4471141572	0.2041724812	0.3397817047
0	0.0082096247	0.0303809720	0.0127900283	0.9485254039	0.0000939710
0	0.6569673490	0.0194593405	0.0944134591	0.0617803083	0.1673795431
2	0.3999890440	0.1390113156	0.0457717370	0.3750000330	0.0402278703
0	0.0001714269	0.6328846051	0.2669700572	0.0320064738	0.0679674370
1	0.0037419492	0.8255802024	0.0000000436	0.1596273872	0.0110504177
0	0.1420210850	0.1086545888	0.3442788326	0.3691087605	0.0359367332
0	0.2273880409	0.3475423813	0.0895825501	0.0280105594	0.3074764683
0	0.7478453435	0.0001633320	0.0295374241	0.0012301436	0.2212237568
0	0.0142475538	0.1835027003	0.0560981299	0.7370041840	0.0091474319
1	0.4148171538	0.1184892202	0.3782785596	0.0554108876	0.0330041788
0	0.0135392534	0.0001557699	0.0419763518	0.9258617300	0.0184668949
0	0.0000156951	0.0000699798	0.2861806593	0.6824371229	0.0312965429
1	0.3478198847	0.1821530106	0.3126014658	0.1574256389	0.0000000000
1	0.1147201910	0.1092054416	0.1408508342	0.0740888746	0.5611346586
0	0.0527873311	0.3490783584	0.4590078371	0.0000288468	0.1390976266
0	0.0443199700	0.0037869590	0.6085700781	0.3420012744	0.0013217186
0	0.2239836694	0.5597662474	0.0815380378	0.0221268345	0.1125852109
0	0.0631278598	0.1027657146	0.2184553313	0.2841189267	0.3315321677
0	0.1068370004	0.1637593517	0.0330634008	0.6883730400	0.0079672071
0	0.0102725690	0.2097542724	0.5535701663	0.0383973726	0.1880056197
0	0.1146540125	0.1140800067	0.0000115975	0.2277909611	0.5434634222
1	0.4565751275	0.0370351301	0.3371540904	0.0207300386	0.1485056135
1	0.1433244379	0.4161877232	0.0487654487	0.3643021333	0.0274202569
1	0.0410134007	0.8794072488	0.0014067441	0.0720962165	0.0060763901
0	0.8641272312	0.0444941309	0.0362239317	0.0494034924	0.0057512137
0	0.0756253534	0.0054856871	0.3746044200	0.5442843099	0.0000002296
0	0.0567743157	0.6469134347	0.0959535397	0.1929558340	0.0074028759
0	0.0414406947	0.0450434287	0.2616800008	0.6479423029	0.0038935730
0	0.0505822941	0.0002948840	0.0208591350	0.5001935650	0.4280701220
1	0.0380036497	0.1471228424	0.7900683081	0.0220287588	0.0027764409
0	0.2185018679	0.2897789447	0.1303272630	0.2788645651	0.0825273592
0	0.5263827088	0.1737725457	0.0279263422	0.2717160608	0.0002023425
1	0.0004282909	0.0162676569	0.0798342030	0.6002801481	0.3031897012
0	0.4759618885	0.0019352372	0.3787510114	0.1327604904	0.0105913725
0	0.0002443665	0.0463510876	0.5847680551	0.0084205073	0.3602159834
0	0.0619064003	0.2466209674	0.4033277128	0.2456169086	0.0425280109
0	0.0751309105	0.6808455044	0.0934370649	0.0460526433	0.1045338770
0	0.0000000000	0.0020624964	0.8340702230	0.0541336461	0.1097336346
1	0.1825547778	0.7333129232	0.0330098527	0.0167115113	0.0344109350
0	0.0054206599	0.0001188625	0.0002779473	0.9928467253	0.0013358049
1	0.0581114112	0.0708700401	0.0323020994	0.5192316625	0.3194847868
0	0.0000000000	0.0350290986	0.0000480351	0.8861049064	0.0788179600
0	0.1825659525	0.1178589405	0.0011794893	0.6969392496	0.0014563682
0	0.0554082093	0.1622785267	0.2069494065	0.4655041800	0.1098596775
0	0.6570019375	0.0519542487	0.2437299273	0.0033494213	0.0439644652
0	0.0399959998	0.0910399685	0.8644862464	0.0000000000	0.0044777853
