0	0.0088708479	0.6510083589	0.0000020553	0.2017463862	0.1383723517
1	0.0000000000	0.0233380937	0.0003445862	0.9762815743	0.0000357459
0	0.1128472551	0.0128710686	0.2175313471	0.6263418514	0.0304084779
0	0.0001305743	0.0709145094	0.7239641844	0.0082386306	0.1967521013
0	0.4077750762	0.1194108992	0.3085323431	0.0094689102	0.1548127713
1	0.9686394684	0.0014897500	0.0037084218	0.0253552190	0.0008071409
0	0.0000004389	0.0500488280	0.2773584279	0.6725923052	0.0000000000
0	0.0000043797	0.2555727725	0.0985834786	0.5797576637	0.0660817055
0	0.0020615315	0.2950319663	0.0023098182	0.0223788353	0.6782178487
0	0.6514877362	0.0101156638	0.2032276732	0.1347916766	0.0003772502
1	0.0017376283	0.0240469292	0.9354851781	0.0385253071	0.0002049572
1	0.0210889209	0.4029937063	0.5342651240	0.0379990419	0.0036532068
0	0.0064220389	0.6181856964	0.0650694171	0.2288853205	0.0814375270
0	0.0000000000	0.0012335379	0.9950743265	0.0000012268	0.0036909087
0	0.0083703633	0.1333622182	0.7520594120	0.0765495696	0.0296584369
0	0.6956196230	0.0097641622	0.1400678578	0.0004190537	0.1541293034
2	0.0152071495	0.0529528487	0.6535964975	0.1835448388	0.0946986655
0	0.0004371704	0.0557106611	0.0699883091	0.5161679251	0.3576959343
1	0.1503032188	0.0000146564	0.5637859360	0.0846048027	0.2012913861
0	0.0000000000	0.0289079750	0.4632736425	0.0022911115	0.5055272711
0	0.1926775247	0.0468819040	0.7589055778	0.0008038052	0.0007311884
0	0.0456137614	0.2192395801	0.5695338272	0.0000080404	0.1656047908
0	0.1620946622	0.0013935590	0.6586721195	0.1778319177	0.0000077417
0	0.7895445584	0.1597518846	0.0005970366	0.0000358971	0.0500706234
0	0.0001571937	0.4568896821	0.2865747702	0.2199402510	0.0364381030
0	0.1017903355	0.0000000000	0.8558981971	0.0076600223	0.0346514451
0	0.1746110534	0.1469172347	0.6081056499	0.0703466261	0.0000194359
1	0.1194346196	0.0681476656	0.6247722964	0.0654528877	0.1221925307
0	0.0002570413	0.2859098622	0.2396745386	0.2674626836	0.2066958744
0	0.1086608818	0.1764985556	0.0471678674	0.5335848176	0.1340878777
1	0.0281986385	0.1422436893	0.0005679343	0.4504395825	0.3785501553
0	0.0153483164	0.0944088646	0.7957822493	0.0066887886	0.0877717810
0	0.1347384253	0.0015652830	0.8624420476	0.0007705241	0.0004837199
0	0.0160615740	0.8463004583	0.0633772900	0.0016073478	0.0726533298
0	0.0000042198	0.1161580254	0.0371211011	0.8467166536	0.0000000001
0	0.0000000000	0.9167685712	0.0777428307	0.0000000167	0.0054885815
1	0.0432005729	0.1075595609	0.6889744306	0.1602558506	0.0000095851
0	0.0459548680	0.0055635104	0.0017132255	0.0975384326	0.8492299635
0	0.0097797604	0.0000000000	0.6768985262	0.2692883497	0.0440333637
0	0.0107074088	0.5903493309	0.1481518221	0.0003739646	0.2504174736
0	0.0000045990	0.0946521411	0.4215169507	0.2515275257	0.2322987835
1	0.0000000004	0.0745116319	0.9214301646	0.0002269978	0.0038312054
0	0.3715748380	0.1371719467	0.4599813324	0.0312694027	0.0000024802
0	0.0001862811	0.6961860302	0.2761714646	0.0218925307	0.0055636934
1	0.2146127994	0.0000000000	0.7852452969	0.0000080469	0.0001338568
0	0.0000043074	0.6409531808	0.0601933289	0.0038580285	0.2949911544
0	0.0051006532	0.0844553464	0.5851232337	0.0015752903	0.3237454763
0	0.0410133944	0.0000000000	0.6149565217	0.0036946658	0.3403354182
0	0.0025189136	0.0069656930	0.9479362986	0.0398162018	0.0027628930
0	0.0184455373	0.6815325801	0.2111920251	0.0607364742	0.0280933833
0	0.6334197525	0.0000005424	0.1064384117	0.0001166407	0.2600246527
1	0.0000000000	0.1367478420	0.7763656239	0.0820345688	0.0048519653
0	0.0250242002	0.1339453436	0.6208057878	0.0000020409	0.2202226275
0	0.0639384612	0.0340725128	0.8459627029	0.0027195825	0.0533067406
0	0.2423621760	0.0690759909	0.5989451507	0.0896166819	0.0000000005
1	0.4109109616	0.2098505683	0.3011088199	0.0203499158	0.0577797344
0	0.0647597363	0.3405858233	0.3799717409	0.0868249366	0.1278577629
0	0.0032978396	0.0000000000	0.0730289067	0.9236732537	0.0000000000
0	0.0000000000	0.0000000000	0.3508527298	0.0013692853	0.6477779848
0	0.0229059631	0.8187275926	0.1320263129	0.0088593112	0.0174808202
1	0.0779012820	0.0000066442	0.2106894335	0.6948678907	0.0165347496
0	0.0893156853	0.4973374172	0.0001732660	0.1393602043	0.2738134273
0	0.1542012152	0.0396526547	0.1156341187	0.6905120049	0.0000000066
0	0.0032077050	0.3118110987	0.3897076453	0.2239310764	0.0713424745
0	0.1577264860	0.1362141983	0.1188834070	0.5871483149	0.0000275937
0	0.3935105452	0.2224966408	0.2970327312	0.0818277831	0.0051322997
0	0.0000012909	0.7664855800	0.1777588122	0.0111399667	0.0446143502
0	0.0000000011	0.0083281236	0.3472332710	0.0327936919	0.6116449124
0	0.0800246049	0.2263460102	0.2718909502	0.0011016119	0.4206368228
0	0.0234234963	0.0002767780	0.0022947672	0.9225952457	0.0514097129
0	0.3381759180	0.0018159619	0.5772638945	0.0608059544	0.0219382712
0	0.0278628472	0.0244290303	0.7475501582	0.2001574837	0.0000004806
0	0.0001850932	0.3532025021	0.2245477912	0.0434604120	0.3786042016
1	0.0002253352	0.0033695533	0.0822590971	0.4470398486	0.4671061658
1	0.8507943165	0.0235880318	0.0938547033	0.0051097707	0.0266531777
0	0.0000000000	0.0049603118	0.1213925711	0.0036764232	0.8699706939
0	0.0243044421	0.1966744320	0.1524849880	0.5812592310	0.0452769070
0	0.1589471111	0.1747292788	0.1539444522	0.0001343240	0.5122448339
0	0.2747918126	0.0000083988	0.5709484030	0.1518141488	0.0024372369
1	0.0000004596	0.0000000000	0.9384195387	0.0614867538	0.0000932479
1	0.0305214975	0.3147312101	0.6510627430	0.0012970407	0.0023875087
0	0.0004847047	0.0126899943	0.3048362213	0.0278156422	0.6541734375
0	0.1336039894	0.0000000000	0.6840252789	0.0785994858	0.1037712458
0	0.0000000017	0.1242522562	0.8260581671	0.0134278954	0.0362616796
1	0.0010963814	0.0279402722	0.0002269030	0.5015595780	0.4691768653
1	0.0023309188	0.0988818102	0.3547123449	0.1271579524	0.4169169736
0	0.0000489758	0.3825728286	0.2258369739	0.2191535108	0.1723877109
0	0.2193417048	0.0019906240	0.7446150024	0.0024853593	0.0315673095
0	0.0000058605	0.3503396719	0.0545536715	0.0993810085	0.4957197875
0	0.3681958028	0.0000000000	0.0013138616	0.0002191390	0.6302711966
1	0.0008351116	0.0000226152	0.2775010763	0.1520290664	0.5696121305
0	0.0000002438	0.0018351520	0.9925161661	0.0056484381	0.0000000000
0	0.0082022937	0.9662043656	0.0225451029	0.0000008501	0.0030473876
0	0.0000000032	0.0217028075	0.6231921091	0.0052770530	0.3498280272
0	0.0467184146	0.0972333008	0.7911090581	0.0531635307	0.0117756958
0	0.1154072591	0.1361455648	0.7466791148	0.0000494650	0.0017185962
0	0.0000053291	0.0000001377	0.9658954664	0.0009521859	0.0331468809
0	0.2347144775	0.1159725074	0.1841517159	0.3601335595	0.1050277398
1	0.0038369921	0.0026900108	0.6913181476	0.0112594659	0.2908953836
0	0.1585918382	0.0000000008	0.7873595515	0.0341390686	0.0199095410
