0	0.7656886427	0.0023025071	0.0829251376	0.1490837126	0.0000000000
0	0.0134207090	0.0492315047	0.4206173415	0.5165865459	0.0001438989
0	0.0734354994	0.0000467688	0.7053526518	0.0342609099	0.1869041701
0	0.0007386815	0.1635268349	0.5786077115	0.1128424554	0.1442843166
0	0.2752683113	0.0000131232	0.0285106722	0.2226536518	0.4735542414
0	0.0526187301	0.0118975180	0.3497623040	0.0967826670	0.4889387808
0	0.4612462396	0.1337577370	0.1046666859	0.0916218786	0.2087074589
0	0.0023525215	0.0604123873	0.8991911108	0.0174633631	0.0205806173
0	0.1696080796	0.1844679258	0.0895096066	0.0313345684	0.5250798196
0	0.0223883193	0.0306886990	0.0272226279	0.9196327493	0.0000676044
0	0.0007886330	0.0157708762	0.0777002818	0.9034485337	0.0022916753
1	0.0065052855	0.0149478550	0.0534081603	0.9238609529	0.0012777464
0	0.5767445483	0.0087952144	0.1632146713	0.0720257159	0.1792198501
0	0.2614679373	0.0250263444	0.0114723880	0.6393436787	0.0626896516
0	0.3723547988	0.0000050150	0.5952253065	0.0199330883	0.0124817914
1	0.0011225966	0.6964665393	0.1113577527	0.1013569849	0.0896961265
1	0.0170709490	0.0000090412	0.1531290805	0.7459918419	0.0837990874
0	0.0041346210	0.8848957085	0.0003934084	0.1006199599	0.0099563022
0	0.0189616889	0.2097596193	0.5932300540	0.0420547557	0.1359938821
0	0.2031803402	0.0002289454	0.7725928848	0.0039822541	0.0200155755
1	0.0016591942	0.9435361939	0.0371722923	0.0000009529	0.0176313667
0	0.2295183588	0.0787736627	0.5256832523	0.0453922987	0.1206324276
0	0.0862984860	0.0553853974	0.3092059168	0.4564777766	0.0926324232
0	0.1233114066	0.0012959359	0.4676248246	0.2054001300	0.2023677029
1	0.2568991003	0.2219376341	0.0096528601	0.5111696395	0.0003407660
0	0.2276915696	0.0946992262	0.1448482730	0.5290645610	0.0036963703
1	0.2197052036	0.3716834718	0.1248723951	0.2763729409	0.0073659886
0	0.2683841872	0.0003990103	0.3497121614	0.1008376870	0.2806669541
0	0.1605378558	0.2353975690	0.5415804859	0.0381565819	0.0243275074
0	0.2381220018	0.0235573830	0.5721897075	0.1039033227	0.0622275850
0	0.0446407470	0.0125946712	0.7120441307	0.2298183037	0.0009021475
0	0.0219433002	0.3524492672	0.3787902874	0.0471161478	0.1997009974
0	0.2972320877	0.5572996210	0.1454527716	0.0000000000	0.0000155196
0	0.1187516812	0.0094872967	0.7001096255	0.1703883723	0.0012630243
1	0.0234293426	0.8337679471	0.0000011795	0.1266110604	0.0161904703
1	0.7506849987	0.0192370372	0.1540935642	0.0455998204	0.0303845794
1	0.1479849987	0.0088428607	0.0038943185	0.8280258045	0.0112520176
0	0.3718346390	0.0218274827	0.0057223090	0.6006155549	0.0000000143
1	0.8407053859	0.0684731138	0.0377200184	0.0234356289	0.0296658530
0	0.0925046966	0.0035633511	0.0013744449	0.2341719237	0.6683855838
1	0.0230481454	0.9358368460	0.0017319992	0.0022771154	0.0371058939
0	0.0254827357	0.0124687124	0.0000896423	0.1839407625	0.7780181471
0	0.1663335156	0.0039420692	0.6622912079	0.0365898141	0.1308433931
1	0.0325970657	0.5180249360	0.2109019683	0.2384760300	0.0000000000
0	0.4175591968	0.0000006256	0.0000725687	0.5823005585	0.0000670503
1	0.1896704011	0.0027405827	0.6070921793	0.1271422626	0.0733545743
0	0.0786622981	0.3031830684	0.5676454504	0.0252153025	0.0252938806
0	0.0422520390	0.0241266357	0.1334521056	0.6885124790	0.1116567408
0	0.0088228562	0.0000924095	0.4452260875	0.3842841842	0.1615744626
1	0.5131916210	0.0695783188	0.1736817165	0.1157737795	0.1277745643
0	0.1316597663	0.1416631381	0.0266676658	0.1811552385	0.5188541913
1	0.0465513472	0.0716765999	0.0513811956	0.7862403851	0.0441504721
0	0.4447444232	0.0301607369	0.4325274691	0.0779807768	0.0145865940
0	0.4169348312	0.0090713961	0.2809144233	0.2926709212	0.0004084283
1	0.4951455532	0.0631893880	0.1803465795	0.2613167932	0.0000016860
1	0.0000716465	0.0058176032	0.3334145030	0.6578542449	0.0028420025
0	0.0000219743	0.0563089853	0.7187410420	0.2171994561	0.0077285423
1	0.0000485846	0.0345613209	0.5810287861	0.3478653567	0.0364959517
0	0.0083371732	0.0244364067	0.0333657713	0.8814866397	0.0523740091
0	0.0266257863	0.0736817418	0.7400686361	0.1479950520	0.0116287838
1	0.0156902459	0.0359362905	0.8356856378	0.1084217605	0.0042660653
0	0.0317584729	0.1287885035	0.4485582008	0.2011548746	0.1897399482
2	0.0000006117	0.0000711636	0.6374810619	0.3482377571	0.0142094057
0	0.1379648814	0.1829621915	0.5875071788	0.0314993975	0.0600663509
0	0.0048063949	0.1626515545	0.5868327701	0.0414532394	0.2042560411
0	0.1818574647	0.0002407534	0.1481167431	0.5724260338	0.0973590049
0	0.1946497625	0.0441274664	0.0424876509	0.1291703852	0.5895647349
0	0.1475362591	0.3454331368	0.0013909698	0.4890468870	0.0165927474
0	0.1261321335	0.0000009943	0.0034157439	0.8643926224	0.0060585059
0	0.0010819433	0.0460756045	0.2541807893	0.6986616629	0.0000000000
0	0.0040917641	0.0000192589	0.0879605709	0.9079279692	0.0000004369
0	0.0000108563	0.1006764894	0.0318096944	0.5173417429	0.3501612170
0	0.1735169629	0.5770174569	0.0055507605	0.1944752411	0.0494395786
0	0.0022755079	0.0009993303	0.8290633628	0.0600707157	0.1075910833
0	0.0000000000	0.0008666529	0.0540111325	0.0807118961	0.8644103186
1	0.0000000279	0.0000000000	0.8475846897	0.0170050094	0.1354102730
0	0.1242390928	0.0462776046	0.7956122442	0.0318242381	0.0020468203
0	0.1170780376	0.0550246103	0.0000017865	0.6121034631	0.2157921025
0	0.0263657255	0.0006365267	0.2712739334	0.6891713410	0.0125524734
0	0.0373669319	0.0008833037	0.0266893100	0.1372446547	0.7978157997
0	0.0484398545	0.4354165851	0.1819988176	0.3341434356	0.0000013072
0	0.0162732475	0.0361779126	0.1980369948	0.6217710583	0.1277407868
0	0.0758217869	0.0001674611	0.4003702164	0.3554669726	0.1681735630
0	0.0015881988	0.6227649473	0.2360829197	0.1384056978	0.0011582364
0	0.0088586040	0.0021465294	0.4328490065	0.1167199429	0.4394259172
0	0.0000000420	0.1648646654	0.4057328720	0.1012368560	0.3281655645
0	0.5840393285	0.1770935901	0.1060132420	0.1300177579	0.0028360814
1	0.0005386389	0.9141738609	0.0136042183	0.0000000000	0.0716832818
0	0.1059873185	0.0135381027	0.0031183815	0.2315287452	0.6458274520
0	0.0535899439	0.0000112041	0.2029720176	0.7342530841	0.0091737503
1	0.2787087591	0.0004145427	0.2281558314	0.1580187781	0.3347020888
0	0.6743279668	0.0352343329	0.0244576439	0.0189513471	0.2470287094
1	0.9233661051	0.0712748512	0.0004823018	0.0028509715	0.0020257704
0	0.0549150894	0.0297601457	0.8937389770	0.0215377187	0.0000480692
0	0.9295778684	0.0328316021	0.0058296638	0.0316137503	0.0001471154
0	0.2594075829	0.0034045513	0.0687414389	0.5974700615	0.0709763654
0	0.0022944306	0.6677790661	0.2976114265	0.0323083661	0.0000067107
0	0.1048400170	0.0101863423	0.2549035279	0.5689970606	0.0610730522
1	0.0072282131	0.0770685498	0.8787979741	0.0108314721	0.0260737908
1	0.2681150283	0.0000752292	0.6145198142	0.0966883935	0.0206015349
