0	0.0017721010	0.0049209572	0.0772345124	0.7079855942	0.2080868352
0	0.0532877491	0.1413230203	0.7567719861	0.0479157840	0.0007014605
0	0.0866737453	0.0000000003	0.4614256559	0.0014912144	0.4504093841
1	0.0000094903	0.0000006596	0.9664605286	0.0196982068	0.0138311147
0	0.1516024120	0.0007752450	0.0093455110	0.0003037761	0.8379730559
0	0.0000000000	0.0787277168	0.1574793189	0.6640910822	0.0997018821
0	0.0726418580	0.1010509845	0.8238910225	0.0012846781	0.0011314570
0	0.0203040515	0.0000034915	0.2276519367	0.7520400375	0.0000004827
0	0.0000000001	0.1943279684	0.4457331459	0.0674688189	0.2924700667
0	0.0055265162	0.0030816735	0.9814042227	0.0088766501	0.0011109375
0	0.0221401725	0.1520719028	0.3100667008	0.5157212239	0.0000000000
0	0.0324839111	0.1434979121	0.2614030559	0.4147624115	0.1478527094
1	0.0000000002	0.0003458321	0.5564920383	0.4419260449	0.0012360845
0	0.0577612172	0.0149178426	0.9212450274	0.0001930786	0.0058828342
0	0.0000000000	0.0052368045	0.0942606333	0.1273099861	0.7731925762
0	0.0451043346	0.0083604841	0.0455572562	0.8571623813	0.0438155438
0	0.0021467249	0.5496857824	0.2324194936	0.1635000699	0.0522479291
0	0.1262819972	0.4239629959	0.1306001048	0.3026973180	0.0164575841
0	0.0223230164	0.0114042137	0.8771623854	0.0871963358	0.0019140487
0	0.1191434251	0.0000000010	0.6457236607	0.0037018610	0.2314310522
0	0.1820382067	0.2625143511	0.0003333646	0.5226484235	0.0324656540
0	0.0000052796	0.2593441443	0.0204538572	0.1169050543	0.6032916646
2	0.0014457716	0.0011790433	0.1595569128	0.1522978844	0.6855203879
0	0.0000000000	0.0000000000	0.0637846879	0.9015475859	0.0346677262
1	0.0000240107	0.5398903925	0.0557250761	0.3194942685	0.0848662522
0	0.0079306124	0.4021677143	0.0347210567	0.5412017275	0.0139788892
0	0.0000000048	0.0000998606	0.6640660723	0.3346491159	0.0011849464
1	0.1618364768	0.0030855801	0.0541862266	0.7798736375	0.0010180789
0	0.0198350511	0.0134154921	0.8715028638	0.0035016914	0.0917449017
0	0.0076111695	0.0144405895	0.9335861356	0.0108688673	0.0334932382
0	0.0013018646	0.3902276157	0.3631050156	0.2453655040	0.0000000000
1	0.0953726847	0.2485167240	0.0000160801	0.6062664218	0.0498280894
0	0.0000000000	0.0006764744	0.5375318731	0.2361415186	0.2256501340
0	0.1383626277	0.2182289469	0.0003618717	0.5197789539	0.1232675998
0	0.0353027823	0.2617716693	0.1746391044	0.4480903476	0.0801960964
1	0.0502874671	0.0347481225	0.6800708776	0.0032812663	0.2316122665
1	0.3856455154	0.0262174613	0.4957944080	0.0000013152	0.0923413001
0	0.0023247587	0.0000201890	0.4115062355	0.5499325672	0.0362162495
0	0.0794827103	0.0345698293	0.7535237146	0.0000043078	0.1324194381
0	0.0008256254	0.0386004016	0.3574468041	0.3475921012	0.2555350678
1	0.0175041155	0.0001221669	0.0013582070	0.1598562008	0.8211593098
0	0.5363538746	0.0424344190	0.2964619533	0.0008006686	0.1239490846
0	0.0129325109	0.8624281897	0.0955742196	0.0288750477	0.0001900321
0	0.4997969455	0.0063379855	0.4366463031	0.0557417945	0.0014769713
0	0.1559198039	0.1394530529	0.0206347772	0.0777330299	0.6062593361
0	0.0470388194	0.0000000001	0.9297458868	0.0002116858	0.0230036079
0	0.0000000041	0.7575613581	0.0261778803	0.0000000000	0.2162607576
1	0.0200981741	0.0000000000	0.8228426095	0.0057648529	0.1512943634
0	0.0000290230	0.1381630337	0.0066441453	0.0001856901	0.8549781079
0	0.1780895068	0.6483480491	0.1398414256	0.0337087181	0.0000123003
0	0.0017649399	0.4500437952	0.1683030973	0.0670943911	0.3127937765
0	0.6195570275	0.0000023733	0.2177768739	0.1402787155	0.0223850099
0	0.3775895402	0.0897658682	0.0586240891	0.3664433880	0.1075771145
0	0.0004366556	0.0000000000	0.9387416091	0.0000771488	0.0607445865
0	0.0001653415	0.0000000650	0.7789981223	0.0301783137	0.1906581575
0	0.0009551987	0.0245354486	0.4530172008	0.0577027819	0.4637893700
0	0.0107927244	0.0000000000	0.8172465307	0.1719607449	0.0000000000
1	0.2358066032	0.4562720026	0.0008394988	0.1729455521	0.1341363434
0	0.0020560723	0.1344785845	0.0271232300	0.5855096962	0.2508324169
0	0.5793373152	0.0000026055	0.4052536747	0.0154064046	0.0000000000
1	0.3987248952	0.0001141403	0.1538659381	0.0183492410	0.4289457855
0	0.0000000002	0.5733672515	0.1204642194	0.0534717057	0.2526968233
0	0.0059400805	0.4893538840	0.1108600430	0.2967415703	0.0971044221
0	0.0302962763	0.0201778060	0.7985576145	0.1495989238	0.0013693793
0	0.0003076412	0.0051730619	0.1351824175	0.7773357543	0.0820011250
0	0.0089449344	0.3374763075	0.5652768886	0.0883018695	0.0000000000
0	0.0013130896	0.0063796912	0.2789108329	0.6674732740	0.0459231123
0	0.0111532618	0.0712047029	0.5901665286	0.3274754997	0.0000000069
0	0.3771700670	0.0600249655	0.0000000190	0.0572557706	0.5055491779
0	0.0803692821	0.0419569565	0.8626799171	0.0005416632	0.0144521811
1	0.0414329785	0.1684454162	0.4022699179	0.3745783953	0.0132732920
0	0.0000000000	0.0926499661	0.4402800347	0.0000539267	0.4670160725
1	0.0097066915	0.0068937457	0.7895748507	0.1276147695	0.0662099426
1	0.5378363014	0.0550020814	0.3877211223	0.0194192877	0.0000212072
1	0.1910967963	0.2513047567	0.5182486842	0.0000000000	0.0393497629
0	0.0000000181	0.1995676277	0.7599431242	0.0026302045	0.0378590255
0	0.0000000000	0.1250228822	0.1157282024	0.2046230921	0.5546258233
0	0.4909150770	0.4984850415	0.0002889935	0.0103104198	0.0000004682
0	0.0000006851	0.0000007827	0.6260190132	0.3711227690	0.0028567501
1	0.0012316865	0.1833376550	0.1127758118	0.6541356741	0.0485191726
0	0.0000000000	0.0003195619	0.0004774038	0.9986853396	0.0005176946
0	0.0324021908	0.0000255771	0.9675722321	0.0000000000	0.0000000000
0	0.3353502179	0.0001959970	0.4035741923	0.0737018279	0.1871777648
0	0.0794030814	0.0614520029	0.2866296698	0.5725152455	0.0000000005
0	0.0086340835	0.6208575732	0.3653450907	0.0011420065	0.0040212461
1	0.0206787842	0.2069070625	0.0218730647	0.0150844560	0.7354566325
0	0.0046763542	0.0131058403	0.4420573300	0.1872390590	0.3529214165
0	0.0133138239	0.1757917559	0.7827784415	0.0135823900	0.0145335887
1	0.1819826046	0.0514243847	0.3852664388	0.1808457690	0.2004808028
0	0.0002126127	0.6932516557	0.2961202395	0.0104139788	0.0000015132
0	0.0475557510	0.0001203349	0.0391671640	0.0018687928	0.9112879574
0	0.0006249263	0.0323138570	0.6233321787	0.3437193131	0.0000097249
0	0.3393245949	0.2420417098	0.3006168143	0.0472475685	0.0707693124
0	0.2565885461	0.0293131075	0.5128993824	0.2011989640	0.0000000000
0	0.0662640647	0.0121107181	0.0388349757	0.8813829697	0.0014072718
1	0.0000000054	0.8230700066	0.0409786592	0.0240628066	0.1118885223
0	0.0091278347	0.0933783851	0.8552632161	0.0121287412	0.0301018230
0	0.0313544748	0.0301281495	0.4905657816	0.0013527907	0.4465988035
0	0.0182305470	0.1640113050	0.4692877992	0.0046595911	0.3438107577
1	0.0017453701	0.0096507514	0.5093238179	0.4497751091	0.0295049515
