1	0.1157424540	0.2392658721	0.6352005049	0.0097911689	0.0000000001
0	0.0044936383	0.0671851518	0.0000030847	0.0086548916	0.9196632335
1	0.0206347321	0.1575940228	0.5868161252	0.1649345834	0.0700205366
1	0.0109221876	0.0513366382	0.1455893770	0.1290311307	0.6631206665
0	0.0230634795	0.0000083260	0.2870590456	0.2314613890	0.4584077599
0	0.0007283230	0.1992001036	0.6366952097	0.1198806025	0.0434957612
0	0.0002206717	0.0528951311	0.3319815913	0.0091688237	0.6057337822
0	0.0118026222	0.0008205506	0.1600430277	0.7703804971	0.0569533023
0	0.1897796702	0.0887423973	0.3388550951	0.3620340821	0.0205887552
0	0.0000000000	0.0870198423	0.4234630213	0.4893994595	0.0001176769
0	0.0106794959	0.0263347955	0.9404600432	0.0000000000	0.0225256653
0	0.0034165769	0.0288067935	0.3096980654	0.1010873763	0.5569911880
1	0.0157853440	0.1255512561	0.8509867316	0.0076766672	0.0000000011
0	0.0000325587	0.0000000000	0.9825788127	0.0040233790	0.0133652496
0	0.0000194246	0.5415578199	0.3666302341	0.0873948827	0.0043976387
0	0.1583898095	0.0269657951	0.7215379712	0.0000000000	0.0931064242
0	0.0148307965	0.0000000000	0.2265717150	0.0502432847	0.7083542038
2	0.0013115247	0.3514795927	0.6332599309	0.0000624235	0.0138865282
1	0.0196625152	0.7082989350	0.0996043804	0.0097615802	0.1626725892
0	0.0042364714	0.2868163803	0.0000000523	0.3238508954	0.3850962006
0	0.0875794868	0.0605947924	0.4950393350	0.0134860821	0.3433003037
0	0.7112781920	0.0006179400	0.0467623335	0.2413415345	0.0000000000
0	0.7359076315	0.0206179759	0.1228219144	0.0775891778	0.0430633005
0	0.0723075649	0.0040037318	0.7761753726	0.0747147672	0.0727985635
0	0.0009782472	0.0961516802	0.5562426675	0.3428860394	0.0037413657
0	0.1017140075	0.0001084878	0.8636759915	0.0000000010	0.0345015121
1	0.0000000047	0.0000076418	0.9741004242	0.0069486859	0.0189432434
0	0.0027122952	0.0042905127	0.0015390198	0.1574643797	0.8339937927
0	0.0000000066	0.0000000941	0.2619805710	0.7367700802	0.0012492481
0	0.0994409632	0.0689254613	0.2432689727	0.0276230349	0.5607415679
0	0.0000000000	0.0128493747	0.0304068107	0.8450834589	0.1116603556
0	0.0121980714	0.6678900664	0.0466107756	0.2732466553	0.0000544312
0	0.0124357362	0.3251374583	0.0642283766	0.0929026250	0.5052958039
0	0.1239475264	0.0021652341	0.3221779854	0.3561582149	0.1955510392
0	0.0257860770	0.3186809185	0.2539641905	0.2531560195	0.1484127946
0	0.3618320401	0.0000000036	0.2754629469	0.0124842861	0.3502207234
0	0.4247752398	0.4128362891	0.1127909097	0.0443415312	0.0052560302
0	0.0072791540	0.2049498578	0.1970497293	0.0366777935	0.5540434654
0	0.0000000000	0.1992108936	0.6344441562	0.1571195385	0.0092254117
0	0.0840049322	0.0000000000	0.2372018021	0.5286679355	0.1501253303
0	0.3623715575	0.3451756484	0.1168695090	0.1710334372	0.0045498479
0	0.1403681069	0.2986765699	0.3464163527	0.2103698437	0.0041691267
0	0.0000473331	0.0000049983	0.0305065234	0.9694411317	0.0000000135
0	0.4447216851	0.0821847767	0.0915500371	0.1802413146	0.2013021865
0	0.0105385011	0.6518874931	0.3053594685	0.0000000085	0.0322145288
0	0.1600572272	0.1921161473	0.0476841209	0.0991507702	0.5009917344
0	0.2246291959	0.0053704597	0.5489572217	0.2163934205	0.0046497021
1	0.0004926049	0.0425870113	0.9279102852	0.0039787736	0.0250313250
1	0.0000000000	0.4551392979	0.1457962976	0.3862055579	0.0128588466
0	0.0167743523	0.0727315089	0.0008370264	0.5902464548	0.3194106575
0	0.0001156248	0.1982910604	0.0438210465	0.6689561133	0.0888161550
0	0.0105176427	0.1092299032	0.8782063220	0.0020431432	0.0000029889
0	0.2028659724	0.5746017014	0.0040396981	0.1508258869	0.0676667411
0	0.1028065130	0.0000000901	0.5134747667	0.3493400688	0.0343785614
0	0.0000000059	0.0001662472	0.9872752472	0.0009143952	0.0116441045
0	0.0116735114	0.5203072395	0.0039992988	0.0014072901	0.4626126602
1	0.5617317994	0.1425507129	0.0000485397	0.0583934357	0.2372755123
0	0.0000000000	0.5579031699	0.2980023819	0.0275493678	0.1165450804
0	0.0000000011	0.2464650892	0.1882202047	0.2652169293	0.3000977758
0	0.0330557099	0.3217365104	0.6114335350	0.0225639060	0.0112103387
0	0.0959183051	0.6318905543	0.2252482703	0.0000855297	0.0468573406
0	0.0140396464	0.5523217362	0.0588047453	0.0000003614	0.3748335107
0	0.3329447870	0.0517947209	0.6118881238	0.0032558490	0.0001165193
0	0.6584579753	0.0427653844	0.2735919448	0.0079531313	0.0172315642
1	0.0000000000	0.0561575693	0.0016451948	0.9336563545	0.0085408814
0	0.6306163373	0.0947844978	0.0721679043	0.0351836157	0.1672476449
0	0.0000760237	0.0173981816	0.7408182524	0.0112034862	0.2305040562
0	0.0679001222	0.3273472497	0.0340582813	0.3584754221	0.2122189247
0	0.0240470479	0.2865022670	0.0487969654	0.5953625882	0.0452911314
0	0.0000002109	0.8215937291	0.0000000000	0.0741669693	0.1042390907
0	0.0405835027	0.0436942175	0.8753881611	0.0343988808	0.0059352380
0	0.0136749968	0.0186605611	0.6819452888	0.2857154077	0.0000037456
0	0.0000000000	0.4059476653	0.2241714101	0.1341465850	0.2357343396
0	0.0041748174	0.0000257798	0.8846301257	0.0501659686	0.0610033085
0	0.0000083380	0.5229738690	0.1767439878	0.1144160627	0.1858577426
1	0.0000256310	0.0000000000	0.0895747029	0.7241873090	0.1862123572
0	0.3244711657	0.1408039652	0.2050179559	0.3243909915	0.0053159217
1	0.8107803014	0.0000000000	0.0110859586	0.0000295383	0.1781042017
0	0.1476657514	0.0111139868	0.0026818759	0.2687821962	0.5697561897
0	0.0000497914	0.2234233793	0.7294425719	0.0205204564	0.0265638010
1	0.0044255490	0.0237697024	0.9624834557	0.0092252795	0.0000960133
1	0.0150485250	0.7680755109	0.1335869566	0.0446840236	0.0386049839
0	0.0114204901	0.0516720583	0.2247368313	0.0000202998	0.7121503205
0	0.0007421157	0.0935064980	0.8488626559	0.0000094469	0.0568792834
0	0.0093631621	0.1768347428	0.0036227849	0.8010023509	0.0091769593
0	0.0000756576	0.0063467869	0.1789254376	0.0830498290	0.7316022889
1	0.0700422214	0.5248374138	0.1098602149	0.0016297812	0.2936303687
0	0.0240329862	0.1535535248	0.3532760680	0.4242470716	0.0448903494
0	0.0000097823	0.1911333539	0.0484532252	0.2696186716	0.4907849671
0	0.0000003945	0.2931275968	0.6584937229	0.0101136477	0.0382646380
0	0.2203937500	0.0959931675	0.0920972792	0.1639048798	0.4276109235
0	0.2182846058	0.3956805917	0.3852886759	0.0000000000	0.0007461265
0	0.0000727086	0.3953574063	0.0274418758	0.0008469441	0.5762810651
1	0.0001802099	0.0446229143	0.9239173961	0.0053359668	0.0259435128
0	0.0000000008	0.0000176508	0.0789906474	0.9205755352	0.0004161658
0	0.0064497738	0.4654351486	0.5277611922	0.0003283652	0.0000255201
0	0.0294951683	0.0297400605	0.6318410964	0.0000069300	0.3089167448
0	0.0166312938	0.2042613050	0.2219163261	0.4584012894	0.0987897857
0	0.0379293323	0.6686619836	0.1485962449	0.0663105183	0.0785019209
0	0.0534645287	0.0002062871	0.8729631817	0.0191787876	0.0541872148
