0	0.0757457656	0.0887125917	0.8093971528	0.0079132597	0.0182312302
1	0.0043389520	0.0000000001	0.0932060200	0.2953468465	0.6071081814
0	0.0000000000	0.0000000000	0.0000423604	0.9990474375	0.0009102020
0	0.0171364660	0.0348499558	0.8149567820	0.0957687318	0.0372880644
0	0.0178367738	0.1347684329	0.1917255486	0.2136274760	0.4420417686
1	0.0351103759	0.4455487069	0.3121868393	0.0000004754	0.2071536024
0	0.0787436171	0.5111725439	0.2217615889	0.1780192356	0.0103030145
0	0.0000000000	0.7382973285	0.1436258803	0.0874417884	0.0306350028
0	0.1855321606	0.0016578664	0.3492637040	0.4547327602	0.0088135088
1	0.3290195350	0.0723539208	0.2124489010	0.3073240955	0.0788535477
0	0.0215338975	0.1183592246	0.0023801838	0.7568407704	0.1008859236
0	0.0202471217	0.0001235511	0.2223663961	0.5054889699	0.2517739611
0	0.1525975184	0.1734687518	0.2487318846	0.3863218060	0.0388800393
0	0.0496661160	0.0000001697	0.9168881789	0.0169351817	0.0165103537
0	0.1001655633	0.0536163319	0.1437235129	0.1490954661	0.5533991258
0	0.0150818309	0.4009479801	0.4449809609	0.0100534792	0.1289357490
0	0.0702323351	0.0309004972	0.1999887984	0.6313059917	0.0675723776
0	0.0000000000	0.2802423444	0.5156211681	0.2041364229	0.0000000646
0	0.1171115955	0.0767477897	0.6972281796	0.1077988451	0.0011135902
0	0.1344950702	0.0016436543	0.1497608097	0.3737354427	0.3403650232
0	0.2052334705	0.2592966408	0.0367782383	0.4861967931	0.0124948573
1	0.1888349707	0.0008650847	0.4075035532	0.3955122358	0.0072841557
1	0.1716762103	0.7636772341	0.0000000000	0.0645257275	0.0001208282
0	0.4674092575	0.1017414900	0.3320632858	0.0987692800	0.0000166866
0	0.0370582765	0.0484601511	0.0123211729	0.8211344815	0.0810259180
1	0.0371236525	0.0955736018	0.0769907142	0.7813366556	0.0089753759
0	0.3024054930	0.0013984166	0.5137309719	0.1443207142	0.0381444043
1	0.0000000003	0.0954925698	0.2537208071	0.6387453338	0.0120412890
1	0.7222456856	0.0735609887	0.0029974223	0.1980336050	0.0031622984
0	0.0797777371	0.1832439027	0.3120339867	0.0482027231	0.3767416505
0	0.0423199903	0.0000000000	0.6943447540	0.2576388254	0.0056964303
0	0.0154108054	0.1149958247	0.0020185775	0.2058573725	0.6617174199
0	0.3150736868	0.0000024979	0.6668244826	0.0134955188	0.0046038140
0	0.7792101496	0.1949008639	0.0000000014	0.0252966343	0.0005923508
0	0.1244636568	0.0431352314	0.0217336442	0.8105888814	0.0000785862
0	0.4376843005	0.0171148946	0.0724421758	0.2464139193	0.2263447097
0	0.6333363287	0.0080325732	0.0717638642	0.2036412163	0.0832260176
0	0.6090288883	0.1015575277	0.2192915828	0.0610219138	0.0091000873
0	0.0199520993	0.6586026907	0.1337908697	0.1869877268	0.0006666135
0	0.0000120246	0.0000010499	0.0194447867	0.0217374125	0.9588047263
0	0.2290966164	0.5730450391	0.0088593774	0.0004101459	0.1885888212
1	0.5883350098	0.0520326022	0.2259964544	0.1066167593	0.0270191743
0	0.0446438942	0.0897381832	0.6834060098	0.1144308996	0.0677810131
0	0.6124766568	0.1385623684	0.0686151617	0.0141530661	0.1661927470
0	0.0101054184	0.0000696488	0.9524342210	0.0018768329	0.0355138789
0	0.0009364138	0.0042658244	0.1204139499	0.4263920682	0.4479917436
0	0.4950058649	0.0205686652	0.2045782645	0.0572968756	0.2225503299
0	0.1437532302	0.0181110683	0.7696252820	0.0685104194	0.0000000001
1	0.0032849363	0.1902019242	0.5421327968	0.2643601783	0.0000201644
1	0.0023605784	0.0104374487	0.0609709074	0.0006991258	0.9255319397
0	0.4093382378	0.0402528980	0.2910794361	0.2515337302	0.0077956978
0	0.0082414608	0.0086461427	0.5608585076	0.3085370873	0.1137168016
0	0.0136877249	0.0648756380	0.7455176311	0.1759189921	0.0000000139
0	0.0484870480	0.0248035332	0.2036347222	0.7210242071	0.0020504894
0	0.0057201711	0.0031820999	0.1007768858	0.8472119182	0.0431089250
1	0.0260885729	0.3904134592	0.4591825601	0.0438657747	0.0804496331
1	0.0013320446	0.0559938115	0.0005339226	0.0656819130	0.8764583083
0	0.0352774466	0.0001000444	0.3278669009	0.6076353747	0.0291202334
0	0.1676822726	0.0000536841	0.0028239124	0.8129650194	0.0164751115
0	0.4718830038	0.1511198038	0.0867980446	0.2384325488	0.0517665990
0	0.1548295248	0.5711416609	0.0678143225	0.0000000034	0.2062144884
0	0.7600104794	0.0697727639	0.0000002420	0.1655667284	0.0046497862
0	0.1016783883	0.6357807850	0.0102144891	0.2407081080	0.0116182295
0	0.8425613832	0.0777295405	0.0143591314	0.0645580956	0.0007918492
0	0.0039546017	0.0322725384	0.3915959375	0.5658984901	0.0062784324
0	0.0867294170	0.0000000908	0.1147757497	0.3376342696	0.4608604729
0	0.2123087096	0.1211798293	0.0165441002	0.2879554579	0.3620119030
0	0.0762790086	0.0000073978	0.0260487081	0.0611415701	0.8365233153
0	0.0000000011	0.1209525600	0.2370288537	0.6410899685	0.0009286166
2	0.2493564262	0.2628281201	0.3051433326	0.0768419522	0.1058301690
1	0.0582398689	0.0024164992	0.0450171773	0.4209883311	0.4733381235
0	0.1527493611	0.1262785515	0.2517412623	0.4604129949	0.0088178302
0	0.0216632700	0.0325035054	0.0000165337	0.1975158317	0.7483008593
0	0.0771617954	0.0884997667	0.0891143112	0.7116415281	0.0335825986
0	0.1524290147	0.4000470322	0.0001998056	0.4352090384	0.0121151092
0	0.0003019295	0.2714408001	0.5229707536	0.0223735479	0.1829129688
0	0.0185121264	0.1882533936	0.0376207267	0.2113647677	0.5442489856
0	0.0020702361	0.0547360258	0.4753826035	0.4192400632	0.0485710713
0	0.1311528295	0.0001096512	0.1018342243	0.6960955015	0.0708077936
0	0.0010641119	0.0004022997	0.1289367280	0.8695524015	0.0000444588
1	0.0065578944	0.2110068176	0.3262193509	0.2498851616	0.2063307756
0	0.0873330804	0.0045684531	0.7000081291	0.1750126547	0.0330776827
1	0.1001408649	0.0891992976	0.4202258585	0.0000756511	0.3903583279
0	0.0587858337	0.1466891048	0.5206475179	0.0265173827	0.2473601609
0	0.1848637492	0.0000003615	0.1291045314	0.2067584492	0.4792729088
1	0.1575227684	0.2714769131	0.3223294750	0.1921312997	0.0565395439
0	0.0987807315	0.8316007232	0.0317361833	0.0028830072	0.0349993548
1	0.5033509435	0.0012897925	0.4642506205	0.0257651969	0.0053434465
0	0.0623766088	0.1150740787	0.5963085818	0.0806415962	0.1455991344
0	0.1004868856	0.0201856726	0.0164756128	0.0434969191	0.8193549099
0	0.0245010137	0.0318232869	0.5072569917	0.4262486822	0.0101700255
0	0.0129923615	0.1077335697	0.4585611556	0.0130678085	0.4076451046
0	0.0003754244	0.9706612145	0.0063270477	0.0206150538	0.0020212595
0	0.2960034966	0.0803468840	0.1443096119	0.2283306846	0.2510093229
0	0.4805073977	0.1541235206	0.3317608386	0.0000001370	0.0336081060
1	0.5477040744	0.0483624891	0.0022617097	0.4016717231	0.0000000037
0	0.0000000001	0.0000000003	0.1153281931	0.2694229857	0.6152488209
0	0.2552301375	0.0001570158	0.3912711714	0.2852254443	0.0681162310
0	0.0454215563	0.1471037986	0.0024491126	0.7931457664	0.0118797661
0	0.5913313911	0.1549045673	0.1721398060	0.0000268311	0.0815974045
