0	0.1296383363	0.0151919299	0.0010962944	0.0670559402	0.7870174991
1	0.1556137842	0.0296740050	0.3795641112	0.3808799604	0.0542681391
0	0.0058528257	0.0133773376	0.9006587758	0.0800577382	0.0000533226
0	0.1071191159	0.0000004044	0.0871585111	0.4672132383	0.3385087303
1	0.1123494305	0.0127924777	0.8625092270	0.0123484944	0.0000003704
0	0.0621358543	0.0856938054	0.1733465836	0.4593889894	0.2194347673
0	0.6783347132	0.0952749615	0.2138836824	0.0081413146	0.0043653283
0	0.0550500708	0.0020821877	0.9362405396	0.0001235492	0.0065036527
0	0.0148269455	0.0000381665	0.8697827908	0.1119057578	0.0034463394
1	0.0008192126	0.7643416422	0.1181362241	0.0310575155	0.0856454056
0	0.2544136917	0.7237055613	0.0000000047	0.0176822084	0.0041985338
0	0.0001473881	0.0022255546	0.9063175915	0.0911285821	0.0001808837
0	0.0000000000	0.0000000000	0.8097359475	0.1839442303	0.0063198222
0	0.5227318833	0.0571082172	0.3849709814	0.0000059958	0.0351829223
1	0.0000005386	0.0758351739	0.2014941283	0.1920865944	0.5305835647
0	0.9188482952	0.0773145031	0.0031694604	0.0000000002	0.0006677412
0	0.0038424735	0.1545240989	0.3917247648	0.3297383633	0.1201702995
0	0.0000316198	0.1725336895	0.8248323347	0.0026023547	0.0000000012
0	0.0217119172	0.0000372901	0.7413769035	0.1795021180	0.0573717712
0	0.6217985014	0.1458709019	0.0806856580	0.1328821070	0.0187628317
0	0.0145458193	0.1485176323	0.4533435904	0.0479904375	0.3356025204
0	0.0017212592	0.2989532602	0.2132722256	0.1080793201	0.3779739348
0	0.0059715699	0.0009599089	0.4067562759	0.5862988375	0.0000134078
0	0.0228010502	0.5908206223	0.2800609687	0.1063092107	0.0000081481
2	0.0000152940	0.0632420611	0.2442151473	0.0000024099	0.6925250875
0	0.3372355481	0.0020931194	0.6439954895	0.0166136793	0.0000621636
0	0.0224326302	0.0253711239	0.7515020652	0.0003572709	0.2003369099
1	0.0266528156	0.0067113237	0.7560383459	0.1795937627	0.0310037521
0	0.1735038223	0.0018760485	0.0077457379	0.2797774141	0.5370969771
0	0.2312275919	0.1588461345	0.0020704649	0.6054168370	0.0024389716
0	0.0000005701	0.1293648071	0.0757204578	0.0000000000	0.7949141650
0	0.5716377759	0.0794721247	0.0568421511	0.0246372440	0.2674107044
1	0.0534960005	0.0284375846	0.1780804664	0.0000001008	0.7399858477
0	0.0000000000	0.0001902538	0.3351810777	0.6646286685	0.0000000000
0	0.0000007469	0.1006677985	0.5539932503	0.0031707310	0.3421674733
0	0.0007915464	0.0028555372	0.8883530042	0.1079691349	0.0000307773
0	0.0467963400	0.0116439770	0.4056434844	0.0252716929	0.5106445057
0	0.0000000000	0.0001461202	0.9995115164	0.0000000197	0.0003423438
0	0.1681856054	0.0939421462	0.1292880832	0.0204837796	0.5881003857
1	0.0756444186	0.5033140476	0.1477805453	0.0378745785	0.2353864100
0	0.0000000000	0.1037364260	0.6170273562	0.2103619044	0.0688743134
0	0.3165063735	0.1627946064	0.2139240221	0.2970656924	0.0097093056
1	0.0000322312	0.4305427053	0.1608264411	0.3700243977	0.0385742247
0	0.0770058113	0.0069565819	0.6342298892	0.2431080896	0.0386996280
1	0.0000519374	0.0066345194	0.4504788962	0.4459273047	0.0969073424
0	0.4546366038	0.0680713557	0.0000010175	0.3743162487	0.1029747743
0	0.1460312523	0.0583858051	0.1306089767	0.6044660505	0.0605079154
1	0.0017069135	0.0168421391	0.4212052716	0.3609679296	0.1992777461
1	0.0037304932	0.0030507418	0.9911272414	0.0000000000	0.0020915237
0	0.0158381417	0.0002085965	0.1448522392	0.0119879993	0.8271130233
0	0.2629619224	0.0000647863	0.6627301054	0.0519287998	0.0223143861
0	0.5339487290	0.1495394957	0.3154586166	0.0010531554	0.0000000032
0	0.6351951013	0.1092656165	0.0005991455	0.1392137358	0.1157264010
0	0.0006987830	0.2601759767	0.7190051289	0.0012854187	0.0188346927
1	0.0000206147	0.5452935504	0.2512427140	0.2018807317	0.0015623892
0	0.0899560035	0.3608111200	0.3800621617	0.1651618341	0.0040088806
0	0.0054748187	0.4583402393	0.3599550944	0.1620292475	0.0142006001
0	0.0964719599	0.0014564507	0.6128859971	0.0798434145	0.2093421778
0	0.2483963109	0.1068428677	0.0212634571	0.4560399110	0.1674574532
0	0.4423188437	0.0002670154	0.4315388754	0.1225119545	0.0033633110
0	0.0031283447	0.2474134550	0.6571893200	0.0040319687	0.0882369116
1	0.0081531532	0.0478975157	0.6712002934	0.0345938128	0.2381552249
0	0.0318738054	0.6754085410	0.0001392777	0.0000000002	0.2925783756
0	0.0000000000	0.0192296444	0.2765832834	0.0012470134	0.7029400587
0	0.3525385581	0.3277783449	0.0297580144	0.1494933086	0.1404317740
0	0.0073901268	0.0569558747	0.8273987990	0.0005338630	0.1077213365
0	0.0658568195	0.0244738524	0.7451602416	0.1593757895	0.0051332970
1	0.1575158538	0.2668680505	0.3062984338	0.2690861466	0.0002315154
0	0.0277318882	0.0176359205	0.8537405468	0.0081788355	0.0927128089
0	0.0000000000	0.0239005598	0.7532344001	0.0066591025	0.2162059376
1	0.0001816308	0.0036661587	0.2166083235	0.7794191023	0.0001247846
0	0.2201810149	0.0208264944	0.1350397862	0.6238308935	0.0001218111
0	0.0374123120	0.0317760036	0.2311124815	0.0110417328	0.6886574700
0	0.0727793243	0.7049077188	0.2200415262	0.0022640616	0.0000073691
0	0.0000000188	0.5365806495	0.3896440576	0.0090219806	0.0647532936
1	0.0000111241	0.0093983559	0.2267063810	0.0000639176	0.7638202214
0	0.0684425625	0.0000000000	0.1835822086	0.1055940170	0.6423812119
0	0.0875865385	0.0000000031	0.1211006505	0.7644680265	0.0268447813
0	0.1525000287	0.0017566454	0.0350076050	0.7419158083	0.0688199126
0	0.1731637004	0.0789395555	0.4277238425	0.1330400345	0.1871328670
0	0.5262515426	0.2396345609	0.0080581528	0.2216711030	0.0043846408
1	0.0001028345	0.0794137267	0.1586183960	0.0965353431	0.6653296997
0	0.0037610428	0.6355372527	0.1646102678	0.0786380496	0.1174533871
0	0.2488743067	0.1276046379	0.5607203198	0.0382795823	0.0245211533
0	0.0332455974	0.2519179242	0.4592215255	0.0010728650	0.2545420880
1	0.0012780283	0.1029453484	0.0051624865	0.4669574020	0.4236567347
0	0.0000000001	0.6349890788	0.1195154397	0.0000058427	0.2454896387
0	0.0000000000	0.0071942749	0.9342304560	0.0583659824	0.0002092867
0	0.1227420063	0.0164156878	0.1905466789	0.6702956271	0.0000000000
1	0.1544364297	0.0449398329	0.4551162506	0.3237423025	0.0217651843
2	0.0034986530	0.8900086063	0.0938109906	0.0070434746	0.0056382754
0	0.0557163559	0.1478031892	0.4006552702	0.2915161042	0.1043090804
0	0.0931250312	0.1163524315	0.2113835795	0.5705165981	0.0086223597
0	0.0130682158	0.0016350688	0.7952311602	0.1765507422	0.0135148131
0	0.0023509419	0.4585774510	0.3241336513	0.1163376253	0.0986003306
0	0.0008208526	0.0000367289	0.9876664710	0.0094921309	0.0019838167
0	0.0868155362	0.0396476888	0.6315353585	0.0000006898	0.2420007267
0	0.0041824300	0.0000380928	0.0010756845	0.9403888986	0.0543148941
2	0.0000118154	0.0527142716	0.6926047492	0.0182405236	0.2364286402
0	0.0000000015	0.0234929096	0.2829615698	0.6759781106	0.0175674086
