0	0.0629496736	0.0164771382	0.4057830906	0.0238828705	0.4909072271
0	0.0008691762	0.0005790623	0.0199799298	0.8001944879	0.1783773438
1	0.2158986089	0.2215598022	0.0530178064	0.4564172670	0.0531065155
0	0.2918721078	0.0954643729	0.3195182540	0.2092385543	0.0839067111
0	0.2684080554	0.3269289765	0.3754704181	0.0159637793	0.0132287707
0	0.2033847993	0.0640154259	0.1167494381	0.6119789120	0.0038714248
0	0.1183697867	0.0145405328	0.0000000000	0.2559381165	0.6111515640
0	0.0708586011	0.1392660936	0.4207048630	0.1962907133	0.1728797290
2	0.0065105681	0.1359652003	0.2130044507	0.6372122176	0.0073075633
0	0.2591903782	0.1334652988	0.0963202283	0.3597577325	0.1512663622
1	0.0000234887	0.0123721371	0.3217947211	0.1797911836	0.4860184695
0	0.0988561896	0.0003411914	0.0661039912	0.1420375882	0.6926610397
0	0.0306345042	0.9044920161	0.0027286726	0.0069659268	0.0551788803
1	0.1980279506	0.5045999399	0.0000000014	0.0336011098	0.2637709982
0	0.2335202234	0.0000000067	0.0000020002	0.7647652152	0.0017125545
0	0.2566242058	0.0065693078	0.6729160071	0.0629257315	0.0009647478
0	0.0057085268	0.0096533777	0.0151869304	0.9553889418	0.0140622234
0	0.0089583110	0.0110412100	0.0335802131	0.8866133715	0.0598068943
0	0.0008818927	0.0000301335	0.0442359779	0.7994087663	0.1554432295
0	0.1199604082	0.3469340449	0.5275384074	0.0048867218	0.0006804178
0	0.0783109592	0.0049645032	0.1229021434	0.3912533719	0.4025690222
0	0.0360242948	0.7213312210	0.0188865530	0.2237076026	0.0000503286
0	0.0990203676	0.0030944764	0.0838018434	0.7659229187	0.0481603939
0	0.1372808320	0.3399725362	0.0044526926	0.4323659553	0.0859279839
0	0.0363096474	0.0000572000	0.0335180435	0.8728095774	0.0573055316
1	0.0087730498	0.4889835090	0.4856941788	0.0000174347	0.0165318278
0	0.0009427324	0.9568226099	0.0422069789	0.0000233930	0.0000042859
1	0.0139265015	0.3676226993	0.0005037557	0.0054889661	0.6124580775
0	0.5584261332	0.0077815853	0.1097154705	0.0271861570	0.2968906540
0	0.0091970441	0.0361369796	0.0018000475	0.3827114633	0.5701544654
1	0.0195168890	0.0011507324	0.0320555417	0.0954236359	0.8518532009
0	0.0009298688	0.0337531512	0.5944048442	0.3606900690	0.0102220668
0	0.0000000000	0.0613011856	0.0000003815	0.5903791295	0.3483193033
0	0.2427105836	0.0009843626	0.4228987198	0.3167614208	0.0166449132
0	0.0395152077	0.0000000000	0.3940047360	0.5343715175	0.0321085388
0	0.8583621746	0.0109566534	0.0821856778	0.0484906166	0.0000048777
0	0.0000895636	0.0422883139	0.0082928407	0.6126266729	0.3367026089
0	0.0452540767	0.0000000004	0.7625609400	0.0259607681	0.1662242148
0	0.5314602409	0.0000000000	0.2842373111	0.1783984568	0.0059039912
0	0.0035837512	0.1138446479	0.1514994399	0.7114361972	0.0196359638
0	0.0019378831	0.0122635373	0.0679640171	0.9175729159	0.0002616465
1	0.0685283804	0.1273398933	0.2858347309	0.0066830105	0.5116139850
0	0.0022702019	0.9123244658	0.0084582752	0.0001785061	0.0767685510
0	0.0000769182	0.0683482625	0.4574146336	0.2294338384	0.2447263473
1	0.0438490523	0.4938038981	0.0039681516	0.2914575811	0.1669213169
0	0.1161266580	0.2672193361	0.1075565278	0.1730161849	0.3360812932
0	0.0463681162	0.0165568189	0.6751227788	0.1188248675	0.1431274186
0	0.0572517539	0.7049496385	0.0628336395	0.1665561010	0.0084088671
0	0.3440482913	0.0216350331	0.5347905954	0.0001361229	0.0993899573
0	0.1711205849	0.0126937139	0.6648271872	0.0949253014	0.0564332127
0	0.0042476737	0.0210313263	0.7353542821	0.2393667177	0.0000000001
0	0.0369516703	0.0000885683	0.0062779337	0.4537336520	0.5029481757
1	0.0408446055	0.0056823207	0.0828628100	0.4089136625	0.4616966014
0	0.0541925287	0.5361651754	0.1629724870	0.0277293295	0.2189404795
0	0.0136886209	0.1645789372	0.0103513018	0.7902551971	0.0211259430
0	0.0382815318	0.0000000001	0.0579940910	0.8396592645	0.0640651126
0	0.4480482660	0.0019978865	0.1189247425	0.0000000001	0.4310291050
1	0.0000006059	0.1439929196	0.0849879638	0.7710062247	0.0000122861
0	0.5439255152	0.1037963940	0.0540269047	0.2083196555	0.0899315306
0	0.2491118317	0.0016629046	0.6810497573	0.0447053569	0.0234701496
0	0.3126996740	0.4355549915	0.0108055883	0.0000040542	0.2409356920
0	0.0003399072	0.2470307230	0.0296536165	0.2563120312	0.4666637221
0	0.0605250711	0.8151500216	0.0000000043	0.0170352095	0.1072896935
0	0.2703830036	0.2088575825	0.1016741003	0.0470214867	0.3720638269
0	0.0391985237	0.1344579930	0.0105609568	0.6348825661	0.1808999604
0	0.2172667419	0.0868471813	0.0150360536	0.1693358664	0.5115141567
0	0.0110312726	0.0000129595	0.0456406131	0.9432927663	0.0000223885
1	0.1166531190	0.0253450528	0.8565383797	0.0011829030	0.0002805455
0	0.0032520056	0.0000138745	0.0020887362	0.9931720675	0.0014733162
1	0.3430656109	0.1730216690	0.4239610383	0.0535320641	0.0064196177
0	0.1431963610	0.3607281071	0.3368223419	0.1536673509	0.0055858392
0	0.2340716399	0.2463960487	0.1932419503	0.1957230451	0.1305673159
0	0.5979275545	0.0007037439	0.0013563302	0.3417726041	0.0582397673
1	0.0233541765	0.0007075805	0.8916864699	0.0046093478	0.0796424252
0	0.0175762256	0.0047022822	0.3744006628	0.1519106303	0.4514101991
0	0.0105339662	0.9677719633	0.0044161250	0.0009327158	0.0163452297
0	0.2192448015	0.5753838213	0.1273346094	0.0254942681	0.0525424996
0	0.0171222955	0.0001186547	0.0042249455	0.1076213913	0.8709127130
0	0.0373449376	0.0405041352	0.2474645137	0.6595069809	0.0151794326
0	0.0079327484	0.0045231366	0.5903301834	0.3940734517	0.0031404798
1	0.0545282697	0.0011005562	0.7951907199	0.0247456034	0.1244348508
1	0.1000550462	0.0000045510	0.8475233347	0.0127990599	0.0396180082
0	0.8563381886	0.0000000000	0.0486706812	0.0438922207	0.0510989095
0	0.0306903067	0.1035964966	0.5444130828	0.3094201893	0.0118799248
0	0.0002342620	0.0013738250	0.0000005110	0.9968704676	0.0015209344
0	0.0000307352	0.0000303959	0.0000001319	0.4396774928	0.5602612442
0	0.7588695840	0.0032363940	0.1889887192	0.0445581876	0.0043471152
0	0.0327232397	0.0135683534	0.4081256334	0.3519502312	0.1936325422
2	0.0770682334	0.0595791822	0.3936823570	0.3763696903	0.0933005372
0	0.0315136484	0.0035921814	0.0099898158	0.9544849643	0.0004193901
1	0.0697629568	0.0574738044	0.0071942014	0.7465329665	0.1190360709
1	0.1728255845	0.5581233836	0.0111472561	0.1875921760	0.0703115999
1	0.1619431132	0.3297284542	0.3575071640	0.0505107070	0.1003105615
0	0.5155963789	0.0959488522	0.0809588292	0.0598686551	0.2476272846
2	0.7026954073	0.0332166616	0.0570618923	0.0294135705	0.1776124683
1	0.0014317337	0.0146867611	0.9389913284	0.0062838094	0.0386063674
0	0.2486261819	0.1935470893	0.2165625451	0.2894496730	0.0518145107
0	0.4962937092	0.0212811252	0.0056686447	0.4767565197	0.0000000012
0	0.8102715157	0.0000000000	0.0661934659	0.0496991050	0.0738359134
0	0.8058463693	0.0428166503	0.1327383698	0.0000000010	0.0185986095
