0	0.5655615207	0.1324837845	0.0392707036	0.2071769356	0.0555070557
0	0.0035610880	0.0650346819	0.0739465943	0.3614114096	0.4960462262
0	0.1120065000	0.2116870328	0.1083979713	0.4963963444	0.0715121515
0	0.0000000020	0.0076192423	0.0332935968	0.9590832498	0.0000039092
0	0.4499865274	0.1606331571	0.1002923632	0.2890873652	0.0000005871
0	0.0180498950	0.8249266473	0.0392767647	0.1159117026	0.0018349904
1	0.0000927355	0.0691553919	0.0269843613	0.9011410659	0.0026264453
1	0.0158171192	0.0018346639	0.9601914422	0.0049017046	0.0172550701
0	0.0136715291	0.9315777546	0.0000000000	0.0000000382	0.0547506781
0	0.4661101976	0.0434117012	0.1692042085	0.1722711275	0.1490027652
0	0.7496390453	0.1004000961	0.0000000028	0.0544630204	0.0954978354
1	0.0195947872	0.0822329498	0.1046737647	0.7697209546	0.0237775436
0	0.7215166809	0.1074599728	0.0127924438	0.1304174994	0.0278134030
0	0.0054575918	0.0000028290	0.1087961940	0.4855181401	0.4002252451
0	0.0147361161	0.0002968443	0.0674077863	0.0575216156	0.8600376377
0	0.4965907717	0.1520107711	0.0183651950	0.3060151410	0.0270181212
0	0.0000001271	0.2072849175	0.4876919604	0.3050228077	0.0000001873
0	0.0442573363	0.0000051655	0.3358096825	0.0907974572	0.5291303585
0	0.0692911141	0.0000001215	0.4402229611	0.4892726431	0.0012131601
0	0.6146884672	0.0714363494	0.0311119629	0.0263878609	0.2563753595
0	0.0000000000	0.0000000030	0.2445977946	0.6525645410	0.1028376615
0	0.0724573459	0.0012130034	0.4286715128	0.4558193988	0.0418387391
0	0.1033456694	0.0018415911	0.7915571085	0.0305414543	0.0727141768
1	0.0128962195	0.2065721831	0.0352087540	0.5778346773	0.1674881661
0	0.0010041993	0.9726169160	0.0000004636	0.0263784212	0.0000000000
1	0.1348568787	0.0008588014	0.3505993587	0.5076023708	0.0060825903
0	0.0006642872	0.9815493151	0.0112783053	0.0001204963	0.0063875960
0	0.0656834813	0.3977595550	0.1131096547	0.3160289737	0.1074183354
0	0.0000000000	0.0138033908	0.0002140604	0.7753908021	0.2105917468
0	0.0450601730	0.2149945204	0.0127416673	0.7052723177	0.0219313215
0	0.0008671080	0.0149361716	0.6375547723	0.0006102159	0.3460317322
0	0.4301952241	0.0000000000	0.2551788432	0.2246262281	0.0899997046
0	0.2764570472	0.0209664422	0.5753795598	0.0849542020	0.0422427488
0	0.2837459820	0.0176604104	0.2522657237	0.4461266855	0.0002011984
0	0.0404389387	0.0000000000	0.0174352798	0.6484877641	0.2936380174
1	0.1220370120	0.1699407683	0.6715573663	0.0257505752	0.0107142783
0	0.0249199891	0.2272547526	0.1708867843	0.5744315900	0.0025068840
1	0.4780031941	0.2494531465	0.1349676294	0.0195734342	0.1180025958
0	0.0014547854	0.0012903244	0.1437069056	0.0940971580	0.7594508265
0	0.0040636643	0.4021329731	0.5111266505	0.0487487886	0.0339279235
0	0.1776926415	0.0366499575	0.0667907455	0.4875964332	0.2312702224
0	0.0602204529	0.3339550262	0.0009618158	0.4088140118	0.1960486933
0	0.0014380177	0.4899184101	0.1993385238	0.3079218017	0.0013832467
0	0.0001023278	0.0174322521	0.9180137979	0.0559910973	0.0084605248
0	0.1778115879	0.6128414522	0.0000169222	0.2093300351	0.0000000027
0	0.7848196871	0.0320990056	0.0000895552	0.0593964778	0.1235952743
0	0.0000000000	0.0000000000	0.7056906921	0.2402584826	0.0540508253
0	0.2313567750	0.0915227839	0.0294383055	0.5503593662	0.0973227695
2	0.1040774546	0.6049833526	0.0049502785	0.2859889139	0.0000000004
0	0.3232891575	0.1185777620	0.2298598596	0.0019227743	0.3263504466
0	0.0111640408	0.3549985317	0.1102060440	0.0524547380	0.4711766456
0	0.0017799404	0.6535422052	0.0003286286	0.3443492259	0.0000000000
0	0.0718597968	0.0581162281	0.3127200295	0.3262982322	0.2310057135
0	0.1640245215	0.1135460866	0.2920366694	0.3067979998	0.1235947227
0	0.1834930842	0.0812595054	0.0235230381	0.7018806467	0.0098437256
0	0.0525707278	0.2850710927	0.0595292167	0.5837009023	0.0191280605
1	0.0622540497	0.5159241398	0.2645943727	0.0006163112	0.1566111265
0	0.0463935068	0.4641789536	0.0197931501	0.2522081224	0.2174262671
0	0.0557636929	0.3088894133	0.2551803798	0.3801645900	0.0000019240
0	0.0000000000	0.0354142978	0.0307785641	0.7048834420	0.2289236961
1	0.0016348500	0.1139785088	0.0621079517	0.6148323653	0.2074463242
1	0.4338552554	0.0110150848	0.3191425606	0.2311356830	0.0048514161
0	0.0039411230	0.0329598814	0.8441001377	0.1156576170	0.0033412409
0	0.0715368642	0.0967246017	0.1825336376	0.1196885993	0.5295162973
0	0.0623259118	0.0727093133	0.0355720372	0.7161868340	0.1132059036
0	0.8905984879	0.0090581747	0.0339474903	0.0501430184	0.0162528287
1	0.0616698692	0.0147747847	0.0880887429	0.8352428503	0.0002237529
0	0.0050867855	0.0018519510	0.5270791191	0.4532500878	0.0127320565
0	0.0893434383	0.0009338044	0.0449290105	0.1357167022	0.7290770445
1	0.1425908460	0.0675392592	0.0160540768	0.0265498591	0.7472659588
0	0.1067622797	0.1697474085	0.0293291161	0.5519926289	0.1421685668
0	0.0058606285	0.0131040179	0.0008340846	0.6287067907	0.3514944783
1	0.2400337408	0.5077476332	0.2426246768	0.0046886965	0.0049052528
1	0.0087220649	0.0865350443	0.0002165339	0.4201684772	0.4843578797
0	0.0000008446	0.0007644580	0.3237546227	0.1114461033	0.5640339714
0	0.0719197781	0.0693077939	0.6126342778	0.0042246066	0.2419135436
1	0.0102285364	0.0296487880	0.0726445699	0.8306530265	0.0568250792
0	0.5304483731	0.0990265358	0.2702270546	0.0001315764	0.1001664600
1	0.1290022606	0.5960845993	0.0713703834	0.0194837846	0.1840589721
0	0.0479302431	0.0860978843	0.1853605779	0.0005910471	0.6800202476
1	0.1994203046	0.0132166519	0.6044869645	0.1598159811	0.0230600979
0	0.0033411245	0.1643182580	0.0189052926	0.6203226800	0.1931126448
0	0.1954877667	0.2869800705	0.3930314981	0.0279451211	0.0965555437
0	0.2017648261	0.4551090814	0.3402234596	0.0029026148	0.0000000181
0	0.0810256693	0.4754139528	0.3546868320	0.0876596822	0.0012138637
0	0.0546012837	0.1212694331	0.2071812578	0.5180672451	0.0988807803
0	0.0217607564	0.5758036995	0.3989718726	0.0004125561	0.0030511154
0	0.0644186443	0.0204685185	0.7861692882	0.0918080208	0.0371355281
0	0.8857060163	0.0571166383	0.0011597869	0.0390521564	0.0169654020
0	0.0330950551	0.8057200249	0.1109994458	0.0500983162	0.0000871580
0	0.1762472713	0.4032727291	0.0052704789	0.1733061231	0.2419033975
0	0.0647555970	0.4687681755	0.0733248096	0.3283734557	0.0647779621
1	0.0000000000	0.5750393087	0.1730430893	0.2308859048	0.0210316972
0	0.3919714537	0.0250252184	0.0052162689	0.5777764694	0.0000105896
0	0.0458570780	0.4476116474	0.0024084841	0.4976887438	0.0064340466
0	0.1727604972	0.0359389734	0.5013102842	0.2790629658	0.0109272794
0	0.1033454006	0.0000564854	0.2618479752	0.1435710512	0.4911790876
0	0.5139892003	0.1421239981	0.1233299742	0.2204613643	0.0000954630
0	0.4188283525	0.0136599123	0.1215182196	0.0000001135	0.4459934021
0	0.2801395950	0.2593264003	0.1503984010	0.0039316706	0.3062039331
