0	0.1427273096	0.2422416826	0.3423120194	0.2616704083	0.0110485800
0	0.0032571511	0.0224183300	0.2417505113	0.1788333577	0.5537406498
0	0.3248159827	0.0041162860	0.4167504604	0.1520288692	0.1022884018
0	0.0185461068	0.1548986505	0.6914534959	0.0890853028	0.0460164440
0	0.0064217322	0.0000000001	0.5760842808	0.0907761457	0.3267178413
0	0.0328285171	0.0064481015	0.0278346469	0.0028713990	0.9300173357
0	0.0536518950	0.0684222729	0.3561209498	0.0253466856	0.4964581967
0	0.3421950793	0.0000000000	0.1656980572	0.1689484784	0.3231583851
0	0.0619320737	0.0000393424	0.4547032751	0.1214876140	0.3618376949
0	0.1201765794	0.1272418918	0.5226383577	0.2093334119	0.0206097592
0	0.0007846995	0.1540853002	0.1260205697	0.4130700707	0.3060393599
0	0.2763361459	0.4891080669	0.1080356208	0.0170433746	0.1094767918
1	0.0069701879	0.0132429484	0.0300050294	0.0639776486	0.8858041857
0	0.0014199698	0.1153654567	0.7819574534	0.0859303488	0.0153267713
0	0.0000011417	0.0086735142	0.7255789907	0.0482784767	0.2174678766
0	0.7435792425	0.0176863452	0.0000000002	0.1067357950	0.1319986171
0	0.0056934561	0.5034250985	0.4464843808	0.0443970646	0.0000000000
0	0.0970898284	0.0000005227	0.2132168191	0.0237653237	0.6659275061
0	0.0000002358	0.2395949063	0.5711301422	0.0590406570	0.1302340587
0	0.0000576953	0.8669963439	0.0466106962	0.0000596804	0.0862755842
0	0.0000000000	0.0267988760	0.7286875790	0.1117978561	0.1327156888
0	0.0000000000	0.2446101998	0.0364160971	0.3844318820	0.3345418211
1	0.0122699136	0.5081616600	0.4597898138	0.0011472498	0.0186313627
0	0.0002737613	0.0000000044	0.6330588684	0.0283430558	0.3383243101
0	0.0003414260	0.4732492548	0.0215331609	0.4201547802	0.0847213781
0	0.0100143848	0.5707516786	0.3831665094	0.0117445395	0.0243228876
1	0.1700069052	0.0000000004	0.7918702182	0.0000070026	0.0381158736
0	0.1465845290	0.0347124361	0.0105427708	0.0164019605	0.7917583037
0	0.0149091952	0.1123325784	0.4821001317	0.3551108731	0.0355472217
1	0.0024731540	0.0037533803	0.6035687725	0.1653865102	0.2248181831
1	0.0000000000	0.0098306007	0.0163987719	0.8283401847	0.1454304426
1	0.1989896668	0.7217803826	0.0681396151	0.0000031463	0.0110871891
0	0.0000000000	0.0324636779	0.8956388975	0.0718193718	0.0000780527
0	0.0035507461	0.0000637387	0.4969385723	0.0774155934	0.4220313495
0	0.5254964501	0.0990863417	0.1785322145	0.1951152665	0.0017697272
0	0.1200178990	0.0061448923	0.8730664803	0.0007707284	0.0000000000
0	0.0002197671	0.4252370527	0.0248855220	0.0240344461	0.5256232121
0	0.0000000000	0.1750126972	0.1718771587	0.6531101441	0.0000000000
0	0.2276708335	0.0514531108	0.7165966284	0.0039911896	0.0002882377
1	0.1494779419	0.4147271159	0.3087053231	0.1269711901	0.0001184290
0	0.0000000000	0.4277036835	0.1549014504	0.3008950466	0.1164998196
0	0.3026142691	0.1493517352	0.5128113950	0.0000000000	0.0352226007
0	0.0013013333	0.0000013634	0.9303240303	0.0227760487	0.0455972242
0	0.2636502067	0.0709186653	0.4269482773	0.2384828507	0.0000000000
0	0.0000064148	0.0628689103	0.5702455955	0.0239565779	0.3429225016
0	0.8005436221	0.0197147082	0.0039088966	0.0000000001	0.1758327730
0	0.0326298290	0.1303599488	0.7879093647	0.0374211343	0.0116797232
1	0.0176430471	0.0000001487	0.9663551966	0.0011630496	0.0148385580
0	0.0069385655	0.2940455308	0.5462610288	0.1486436563	0.0041112186
0	0.0707571035	0.2635297914	0.5359597209	0.1114913720	0.0182620123
0	0.2251651562	0.0472288378	0.0743472100	0.0198490663	0.6334097297
0	0.0226187785	0.0170167626	0.9387467992	0.0000000056	0.0216176541
1	0.1401707362	0.4568990711	0.0073840540	0.0588175037	0.3367286350
1	0.0070354922	0.0152072299	0.9553095234	0.0023038028	0.0201439516
0	0.0384564935	0.1562553325	0.3240271934	0.2590618601	0.2221991204
0	0.1612392812	0.0674211031	0.0003417455	0.1463316643	0.6246662059
0	0.0002983399	0.6110245521	0.3086745969	0.0687663936	0.0112361175
0	0.1356575076	0.5526911207	0.2479440830	0.0000000000	0.0637072887
0	0.0000044661	0.2174233251	0.3441209735	0.0707425904	0.3677086449
0	0.0800847576	0.8407698315	0.0090482871	0.0031432246	0.0669538991
0	0.0037401236	0.3171430673	0.6129576360	0.0657601734	0.0003989997
1	0.0226683310	0.5539638490	0.4233661014	0.0000000000	0.0000017186
0	0.0016533545	0.2287263984	0.7444759939	0.0002010329	0.0249432204
0	0.0001238467	0.0075619539	0.5134887490	0.0001957574	0.4786296930
0	0.0278886239	0.0014175374	0.9255784855	0.0451153532	0.0000000000
0	0.0000000026	0.5085091758	0.1502856977	0.0001025200	0.3411026039
0	0.0054829574	0.0506790965	0.0265204818	0.3126128276	0.6047046367
1	0.0000000013	0.1479777277	0.2820790919	0.1757597390	0.3941834401
0	0.0184559522	0.0114603862	0.9589203815	0.0034054169	0.0077578632
1	0.0020684640	0.0325418090	0.0167533411	0.0002574152	0.9483789706
0	0.2493384664	0.3218382872	0.0547125896	0.3740635639	0.0000470929
0	0.0000000000	0.0001606805	0.0002819962	0.9680658119	0.0314915114
1	0.0103570489	0.0620664495	0.9263806682	0.0006909244	0.0005049090
1	0.0003442883	0.0011113956	0.8706105621	0.0122733805	0.1156603734
0	0.1877695639	0.4175026885	0.3289813928	0.0000000001	0.0657463547
0	0.0000000000	0.4960160642	0.0352400610	0.4687438748	0.0000000000
0	0.0000000365	0.0572455700	0.6798458426	0.1556136842	0.1072948667
0	0.0000010929	0.0062109242	0.0792518149	0.3669278741	0.5476082938
0	0.0000008145	0.0000003426	0.9743133877	0.0000000272	0.0256854280
0	0.0544698204	0.0000000035	0.8163570062	0.1288823342	0.0002908356
0	0.5227983627	0.0000084836	0.3769655918	0.0045882947	0.0956392672
0	0.2669501866	0.0000046262	0.2954443007	0.4202484309	0.0173524555
0	0.0088098195	0.0010788488	0.0405116490	0.0210933176	0.9285063652
1	0.0322329662	0.0000000000	0.3928031016	0.5295872620	0.0453766701
0	0.0046004248	0.6078910934	0.0250681477	0.3622495014	0.0001908326
1	0.0087165222	0.0000825212	0.0006613313	0.0828934116	0.9076462137
0	0.0334809310	0.0061480454	0.3003262308	0.6568394984	0.0032052945
0	0.2825874378	0.0997572038	0.5559559763	0.0001195302	0.0615798519
2	0.0000000000	0.2579085195	0.0540213523	0.1367768842	0.5512932439
1	0.0024798867	0.1010781110	0.1523617465	0.0000121067	0.7440681490
0	0.0966373376	0.0000000008	0.6306444565	0.0035560850	0.2691621202
0	0.1036279031	0.0000000000	0.0001733014	0.1242437433	0.7719550523
1	0.0108170779	0.0000001525	0.7160017487	0.0015359141	0.2716451069
1	0.0032292721	0.0529451491	0.9424037255	0.0000556578	0.0013661954
0	0.0064873014	0.0089352477	0.1955548642	0.0988679234	0.6901546632
0	0.4980129504	0.2257966206	0.0047695847	0.1815563021	0.0898645422
0	0.1121807192	0.0051596307	0.3677014058	0.3599552930	0.1550029514
0	0.8337432185	0.0009194116	0.1076666519	0.0407514661	0.0169192519
0	0.1019538224	0.0865168619	0.4524791214	0.3590450257	0.0000051687
0	0.2566008922	0.0239895024	0.5354915666	0.0000000000	0.1839180388
