0	0.0584114279	0.0034925594	0.1526287284	0.0004927803	0.7849745040
0	0.1219288042	0.2766971848	0.4638564407	0.0909191636	0.0465984066
0	0.0040144266	0.0001921939	0.0390384648	0.9567548966	0.0000000180
0	0.0101772435	0.0026800244	0.9245244167	0.0104163226	0.0522019928
0	0.0005385316	0.0005590807	0.8996723562	0.0975083120	0.0017217195
0	0.2358768842	0.0011337179	0.0444458786	0.0640755063	0.6544680131
0	0.0237724627	0.0004247971	0.4862681983	0.2933341822	0.1962003597
0	0.1929452813	0.5175889719	0.0643830470	0.2124453433	0.0126373565
1	0.0000074523	0.9080252305	0.0086483186	0.0342677177	0.0490512810
0	0.0000254330	0.0282149367	0.0137084424	0.0242812511	0.9337699369
1	0.0596376089	0.0740066292	0.1144815829	0.6878239693	0.0640502097
0	0.0001003602	0.0033243512	0.9859579523	0.0000006906	0.0106166458
0	0.3288300355	0.0038061804	0.2184122747	0.0719024687	0.3770490407
0	0.2987302950	0.1414472184	0.1981507022	0.3337509209	0.0279208635
0	0.2558690731	0.0000002552	0.1922883682	0.5518422750	0.0000000285
0	0.2045580325	0.0002712657	0.4215622906	0.3093839495	0.0642244618
1	0.1448526159	0.0008657222	0.5037533727	0.3154418328	0.0350864564
0	0.1162811749	0.3252338778	0.5331336112	0.0162747889	0.0090765472
1	0.3154134742	0.0144958983	0.0849639688	0.5848407301	0.0002859285
0	0.0078365212	0.0000005130	0.1600290277	0.8321268364	0.0000071016
1	0.0000475880	0.1377186393	0.0028557160	0.0023361464	0.8570419103
0	0.1852383676	0.0973614271	0.0081535807	0.6461340359	0.0631125887
1	0.3032315468	0.6380338683	0.0050376557	0.0291742889	0.0245226404
0	0.1426936323	0.6317126489	0.1820081233	0.0353384285	0.0082471670
1	0.2283464982	0.2418187659	0.0427681114	0.3258789972	0.1611876272
0	0.0850854878	0.0000667048	0.8692808298	0.0455668277	0.0000001499
0	0.7032360778	0.1447672877	0.0417387754	0.1078047647	0.0024530943
0	0.0065665282	0.2347387759	0.5430639701	0.0000022370	0.2156284889
0	0.0306282052	0.1274602711	0.1453306433	0.1600941025	0.5364867779
0	0.1675039294	0.0021840683	0.2652554174	0.5170848593	0.0479717256
0	0.0000000000	0.6437903995	0.2359797271	0.1202298735	0.0000000000
1	0.0884518419	0.7188103523	0.0567781319	0.0665754794	0.0693841945
1	0.0008237787	0.3229676535	0.5828542884	0.0631412353	0.0302130441
0	0.3379249932	0.1273266957	0.0872689546	0.1291265341	0.3183528224
0	0.6763394372	0.0229999197	0.1727255697	0.1278775049	0.0000575684
0	0.5566895487	0.2075368935	0.2249491284	0.0000362638	0.0107881655
1	0.2721675836	0.6027062802	0.0000011778	0.0189697759	0.1061551826
1	0.2460586360	0.0004101707	0.3282735271	0.0759549952	0.3493026710
0	0.8054064973	0.0033260766	0.0207251387	0.0974274263	0.0731148612
0	0.0000000000	0.7094895010	0.1490545477	0.0644045334	0.0770514178
1	0.0000008608	0.0757301316	0.6357046809	0.2761402981	0.0124240287
0	0.6529637421	0.2577923462	0.0250929123	0.0447514397	0.0193995597
1	0.1525775325	0.1108591462	0.1952662283	0.3242139759	0.2170831171
0	0.0036615638	0.2960720996	0.0980183414	0.5733510608	0.0288969344
0	0.0209600294	0.0058984240	0.3781233083	0.2615731706	0.3334450678
1	0.1412659302	0.0001350144	0.7360037710	0.0118552307	0.1107400537
0	0.8048836165	0.0000000021	0.0220533819	0.1730578904	0.0000051091
0	0.0366182513	0.0000507432	0.8803550109	0.0829721176	0.0000038770
0	0.7863152853	0.0976545696	0.0948249166	0.0004131716	0.0207920570
0	0.0001161081	0.0458889196	0.9096709361	0.0396644565	0.0046595798
1	0.0240895243	0.0001541360	0.7893117357	0.0499939558	0.1364506482
0	0.0693809739	0.2746598448	0.3732059940	0.2814019343	0.0013512531
0	0.0001543427	0.4791028910	0.0681889484	0.0278847760	0.4246690418
0	0.0909484954	0.0519231497	0.1032916181	0.5371372044	0.2166995325
0	0.0001249271	0.1713801362	0.0353063215	0.0039336349	0.7892549802
0	0.6790101646	0.0397376718	0.0409108284	0.2373548932	0.0029864420
0	0.0438881028	0.1969409989	0.5501363438	0.1571007700	0.0519337844
0	0.2121666290	0.0197793500	0.0233444551	0.6982350445	0.0464745214
1	0.0216172921	0.4356206799	0.0093584786	0.0909215805	0.4424819690
0	0.0429325826	0.3320226330	0.4976073859	0.0916713330	0.0357660655
1	0.4820892359	0.1295620459	0.3622571401	0.0229202020	0.0031713761
1	0.0780900679	0.0000936795	0.6008451654	0.3209710872	0.0000000000
1	0.1591617229	0.0000000029	0.0000733556	0.8403074421	0.0004574766
0	0.5373214076	0.0104793060	0.3389292086	0.1131870280	0.0000830498
0	0.0000349092	0.1468788711	0.4940712282	0.2346546321	0.1243603595
0	0.2757029258	0.4034261786	0.0630521118	0.2578187152	0.0000000685
0	0.0452325685	0.3559021762	0.0492829621	0.5470717139	0.0025105792
0	0.2432202683	0.2635754319	0.2727087019	0.0415499075	0.1789456904
1	0.1793489150	0.0589753570	0.1097803646	0.6518675448	0.0000278187
1	0.0557970555	0.8901295441	0.0088546319	0.0429041247	0.0023146438
1	0.0834084856	0.1126692148	0.0231501818	0.6860898296	0.0946822882
2	0.0453658989	0.2562153302	0.2867756887	0.4115632197	0.0000798625
0	0.0753133652	0.0292052204	0.2370045572	0.6560946740	0.0023821832
0	0.3439174388	0.0022939543	0.0911311563	0.0416869074	0.5209705432
0	0.2481706754	0.0001582878	0.1089564096	0.6312768697	0.0114377574
0	0.0000000000	0.0583093864	0.1036575487	0.1844054178	0.6536276471
0	0.0182726147	0.2781716777	0.0670497799	0.5867313167	0.0497746110
0	0.5834177585	0.1806910776	0.0704895706	0.1399133435	0.0254882498
1	0.0534852184	0.4829860877	0.0356526306	0.2863154996	0.1415605637
0	0.0355958654	0.0003698759	0.0204710882	0.6063746821	0.3371884884
0	0.3335024027	0.2682767792	0.0001186646	0.3873220157	0.0107801378
0	0.3160779234	0.0445565944	0.1749428752	0.4307101958	0.0337124112
0	0.0370642730	0.8406993083	0.0570863055	0.0633642549	0.0017858583
0	0.0393584107	0.0311914943	0.5486490895	0.3586130702	0.0221879353
0	0.0189084343	0.7084663341	0.2051731947	0.0667434365	0.0007086005
0	0.1677826351	0.0401116650	0.0823840279	0.7048845337	0.0048371383
0	0.1577083584	0.1267851203	0.0041025542	0.5542519306	0.1571520365
0	0.1863478556	0.0215308816	0.6636316027	0.1271584610	0.0013311991
0	0.0134477212	0.3453682686	0.3554472476	0.2857367625	0.0000000000
0	0.0407557955	0.0361105024	0.7970279973	0.0935822189	0.0325234860
1	0.2049996929	0.0127464464	0.2369820128	0.0145297120	0.5307421359
0	0.0332465763	0.2033802376	0.0606425638	0.4011701807	0.3015604417
0	0.0000160168	0.0098264807	0.6985982658	0.0011741559	0.2903850808
0	0.0022537262	0.0124256756	0.0120211787	0.2982792952	0.6750201242
0	0.1251320754	0.1352151425	0.5705539097	0.1410971399	0.0280017324
0	0.0140313594	0.2594581627	0.4969389768	0.0717540583	0.1578174429
1	0.0196105617	0.0090445592	0.9120277742	0.0586629107	0.0006541942
1	0.3155032192	0.1205478000	0.1046127520	0.3877587996	0.0715774293
0	0.0030451444	0.2887651665	0.1155903819	0.3097650346	0.2828342726
0	0.0271413632	0.0057886245	0.0447912451	0.9070497163	0.0152290509
