0	0.0038756010	0.0000441452	0.6073436659	0.3882823305	0.0004542573
0	0.1662250517	0.7187208548	0.0350290691	0.0800250243	0.0000000000
0	0.0000000039	0.1628403237	0.5263661519	0.0000126644	0.3107808561
1	0.2543747014	0.0000817422	0.5296439642	0.1574919339	0.0584076584
0	0.7925036084	0.0901976855	0.0855592186	0.0190052625	0.0127342250
0	0.1424581921	0.0393566512	0.7702970224	0.0017393819	0.0461487523
0	0.0000109009	0.0517200425	0.4767602809	0.1817014035	0.2898073722
0	0.0626321581	0.3362814560	0.0860618502	0.2726606762	0.2423638594
0	0.6891074654	0.1109403499	0.0026119935	0.1688900513	0.0284501399
1	0.1673290680	0.3746430546	0.2418115202	0.0140965145	0.2021198427
0	0.0951524053	0.2029184968	0.1736239961	0.3300908954	0.1982142063
0	0.0001251960	0.0050991262	0.2302051087	0.7215172046	0.0430533645
0	0.0399388244	0.0879628494	0.2072503668	0.6472656051	0.0175823544
0	0.5035843096	0.0498309700	0.2445639648	0.1340176664	0.0680030892
0	0.0000000345	0.0525321359	0.0013263740	0.9322920129	0.0138494427
0	0.0686673602	0.0000021600	0.0280128523	0.0647105830	0.8386070445
1	0.0000035570	0.0006478252	0.1259312422	0.0835179690	0.7898994065
0	0.0131737877	0.3018970339	0.4273528340	0.2346854111	0.0228909334
0	0.2862120159	0.0132564382	0.1018081580	0.5738707017	0.0248526863
0	0.0464822785	0.2655640715	0.1689057012	0.5190229559	0.0000249929
0	0.1167309799	0.0136685920	0.5075181418	0.3613992661	0.0006830202
0	0.0052999243	0.2715006948	0.0689913613	0.6379551172	0.0162529025
0	0.8405974240	0.1003813859	0.0113794545	0.0000000000	0.0476417356
1	0.1425443293	0.5877289257	0.0919974489	0.1365992551	0.0411300410
0	0.0305272949	0.0077070617	0.8453798256	0.0000000878	0.1163857299
1	0.0055036389	0.6184335739	0.2400635059	0.1359992805	0.0000000008
0	0.2130261273	0.0181540957	0.0695660495	0.6883557638	0.0108979637
0	0.0035952300	0.8570885953	0.0351577984	0.0000000000	0.1041583764
0	0.0050510702	0.0324290108	0.5293555284	0.4324778489	0.0006865416
0	0.0000469955	0.0281864241	0.1037130294	0.8671189316	0.0009346194
0	0.0170113331	0.1994154843	0.0896695560	0.1073645211	0.5865391055
1	0.0476166037	0.9187352807	0.0038255193	0.0298225935	0.0000000027
0	0.0000000000	0.0832270796	0.2068534321	0.7099194775	0.0000000108
1	0.0000000000	0.0949547263	0.1748483162	0.2632256479	0.4669713097
0	0.0001676812	0.0002950208	0.1781022902	0.8039334407	0.0175015670
1	0.0694526437	0.0000000287	0.7361393690	0.0951434318	0.0992645268
0	0.0223264841	0.0512833798	0.8474690128	0.0789211233	0.0000000000
0	0.6774520422	0.1511970745	0.0000000010	0.0502520315	0.1210988508
0	0.0000000001	0.6461008206	0.0431122605	0.1444581681	0.1663287506
0	0.5796950044	0.0000207614	0.0561664066	0.3465238655	0.0175939621
0	0.0033722870	0.0079515138	0.7656714910	0.0047532655	0.2182514427
2	0.0000000028	0.2050605743	0.0230971769	0.6752447967	0.0965974493
0	0.1586194878	0.0777755139	0.7327363583	0.0042103203	0.0266583197
0	0.0134786085	0.0000079084	0.1110938690	0.3160771030	0.5593425111
0	0.1123825102	0.0336635106	0.6820306072	0.0054166838	0.1665066882
0	0.0142704839	0.0180943307	0.0000011961	0.0000000716	0.9676339177
0	0.0077091001	0.0000000000	0.0326043973	0.8799646980	0.0797218046
0	0.1854113649	0.2407742166	0.0565804434	0.2028914938	0.3143424813
0	0.1509276262	0.1090831499	0.2570012134	0.0421433616	0.4408446489
0	0.0000000607	0.0005659839	0.6892873750	0.3094800649	0.0006665155
0	0.4158984117	0.2359546994	0.1244277578	0.0180753401	0.2056437910
0	0.2964940556	0.0024243548	0.3111014581	0.2387469479	0.1512331836
1	0.0000766043	0.7868921745	0.0435060239	0.1153441906	0.0541810067
0	0.1562096902	0.2988958886	0.2715622584	0.2244345519	0.0488976109
0	0.3513289200	0.1174003556	0.3217937089	0.1406364219	0.0688405937
0	0.0650592179	0.2992951249	0.1086126497	0.4452651610	0.0817678464
1	0.1009535307	0.0635393436	0.2690455767	0.2082323901	0.3582291590
0	0.2248107479	0.0044621146	0.0336879908	0.5194167220	0.2176224247
0	0.0393447903	0.0009355900	0.5601780198	0.2744671891	0.1250744108
0	0.4269809032	0.0511181163	0.1813270844	0.2718691595	0.0687047366
1	0.0771738528	0.0092536851	0.6138786626	0.2914989783	0.0081948213
0	0.0000000002	0.3030317969	0.0006217832	0.5091490695	0.1871973503
1	0.2691842523	0.0000000000	0.2528085965	0.3047431859	0.1732639653
1	0.0038458522	0.0166636022	0.0762052944	0.8997989838	0.0034862673
0	0.0177854955	0.7806497469	0.1619899859	0.0124463045	0.0271284673
0	0.0202434938	0.1235234628	0.4719594833	0.3789376372	0.0053359228
1	0.4968464214	0.0000017765	0.0345568841	0.4637315829	0.0048633352
0	0.3641018550	0.5365706186	0.0238685798	0.0001503266	0.0753086200
0	0.1468727459	0.0073361296	0.1177973216	0.0121622943	0.7158315086
0	0.0361350434	0.2953681444	0.0552644295	0.5697281491	0.0435042337
0	0.0067741457	0.0655160252	0.0410201458	0.8750908451	0.0115988381
1	0.1175717233	0.0875405501	0.1711745137	0.0011938485	0.6225193643
1	0.0528368548	0.0229282346	0.5529186069	0.3429811928	0.0283351108
0	0.2556514875	0.0105838160	0.3706807830	0.3318598850	0.0312240285
0	0.0000708460	0.0000000000	0.0258186195	0.6542751312	0.3198354032
0	0.1985395184	0.1314131223	0.0756849566	0.4840040572	0.1103583454
1	0.0541947931	0.6306802184	0.0960572559	0.0041025948	0.2149651378
0	0.0249733456	0.0000000000	0.0841292482	0.7780827757	0.1128146305
0	0.6029946342	0.3367702535	0.0458937817	0.0000000043	0.0143413264
0	0.0000062695	0.0294467722	0.2984999169	0.6358019901	0.0362450512
1	0.0085963810	0.0000000000	0.0000756228	0.7921330534	0.1991949428
0	0.4895076205	0.2390212581	0.0032021214	0.2426875851	0.0255814149
0	0.0053696630	0.1432853243	0.7882254533	0.0391921086	0.0239274509
0	0.1782232662	0.2930749162	0.2304178999	0.0001032972	0.2981806204
0	0.0000061685	0.7498793139	0.0014538596	0.2341766240	0.0144840341
0	0.1990613874	0.1986100981	0.2915530986	0.3107754123	0.0000000036
0	0.0566542282	0.0995195442	0.3311140321	0.4196183379	0.0930938576
0	0.0012785100	0.1155780329	0.0186516980	0.5806801328	0.2838116262
0	0.0581022454	0.0509569938	0.1205358257	0.5191197542	0.2512851809
0	0.0000000080	0.0013001139	0.7898311874	0.1975301513	0.0113385395
0	0.1431122680	0.0560551807	0.0301328876	0.7548123083	0.0158873554
0	0.0504525550	0.7163211211	0.0382914262	0.0925718869	0.1023630108
0	0.5340922437	0.4215635376	0.0000195331	0.0340606878	0.0102639978
0	0.0694827186	0.4903632389	0.0406019195	0.3621197116	0.0374324114
1	0.0852744630	0.1934514738	0.0648385418	0.0095907349	0.6468447865
0	0.0036993218	0.0494078706	0.6592545044	0.1875668887	0.1000714145
0	0.7398242588	0.0392443340	0.1006517103	0.1202796970	0.0000000000
1	0.2504724554	0.0298357228	0.1245633603	0.1023240159	0.4928044456
0	0.0693735041	0.3196909207	0.3230556303	0.0061762453	0.2817036996
0	0.0963563148	0.6017415942	0.2604478984	0.0268087558	0.0146454369
