1	0.0000857265	0.2436332316	0.5475902743	0.2086852219	0.0000055457
0	0.0000753222	0.1149889800	0.6893042366	0.1953892910	0.0002421702
1	0.0000047542	0.2937091741	0.6066453924	0.0185176848	0.0811229945
1	0.0008775841	0.6320460569	0.2524826993	0.0925041684	0.0220894913
0	0.0000783453	0.3341884171	0.5496717726	0.0970812822	0.0189801828
1	0.0351626042	0.1492678867	0.7095116081	0.0461278763	0.0599300247
0	0.0037021082	0.0000136688	0.8541763417	0.1420489130	0.0000589683
0	0.4325495370	0.2736797546	0.2934068090	0.0003638995	0.0000000000
1	0.1597784697	0.0056221976	0.4869858643	0.1055479724	0.2420654960
1	0.1329986466	0.6265172719	0.0579927164	0.1181911395	0.0643002257
0	0.2934776948	0.0059805430	0.6462908929	0.0024307347	0.0518201346
0	0.0001365541	0.0000714606	0.9011937844	0.0153431299	0.0832550711
0	0.0000148922	0.7085889200	0.0022412185	0.0250564048	0.2640985644
0	0.0133035258	0.0129367794	0.3266847181	0.6410715942	0.0060033825
0	0.0015904857	0.0110943558	0.8330898336	0.0232477875	0.1309775373
0	0.0000071905	0.1091689309	0.2834607148	0.6073631639	0.0000000000
0	0.0797649269	0.0030131010	0.8259900832	0.0742509201	0.0169809688
0	0.0007337024	0.5269180866	0.4169174080	0.0335838629	0.0218469401
0	0.0639382850	0.0000000079	0.3354416751	0.3545974285	0.2460226034
0	0.5475898063	0.0000000005	0.0009310919	0.3649532522	0.0865258490
0	0.0123676315	0.3262096270	0.6606682966	0.0002695877	0.0004848572
0	0.0000004716	0.6853355661	0.2865421482	0.0000298825	0.0280919316
0	0.0000000005	0.0056413312	0.0275704552	0.8555516699	0.1112365432
0	0.0901686520	0.4395697263	0.0069082351	0.2780635270	0.1852898596
0	0.0012716780	0.0684797531	0.2220309815	0.7082175875	0.0000000000
0	0.0000000000	0.0048008616	0.6807154864	0.0053496996	0.3091339525
0	0.0016307594	0.0013881971	0.1233349868	0.8734849123	0.0001611443
0	0.1958634991	0.1197551974	0.3017969941	0.3722903013	0.0102940081
0	0.0631407276	0.0761703696	0.7864808860	0.0742078057	0.0000002112
0	0.0044179339	0.1460758284	0.8351996532	0.0117033937	0.0026031909
0	0.0000075582	0.5171675744	0.1775822556	0.2678929858	0.0373496259
0	0.1239635025	0.0182714490	0.7282726338	0.0000524372	0.1294399775
0	0.0000000000	0.3197495052	0.0746782764	0.0683743488	0.5371978696
1	0.0068482017	0.0061276800	0.1056206147	0.8759753955	0.0054281081
0	0.0030647409	0.2502501724	0.6168530431	0.0317227516	0.0981092920
0	0.0000000029	0.0095445803	0.4436263070	0.2190962066	0.3277329032
0	0.0000000000	0.0401553962	0.7836828823	0.1518286325	0.0243330890
1	0.0284071524	0.5307842406	0.0380276179	0.0322195660	0.3705614232
1	0.0219798386	0.0005873918	0.3280514210	0.0028227074	0.6465586413
1	0.0000000000	0.1122032075	0.0202838537	0.3160564675	0.5514564712
0	0.0003281904	0.0025463956	0.9177705575	0.0385478089	0.0408070476
0	0.0000000096	0.2862861572	0.2831317231	0.0197777570	0.4108043530
0	0.0130181997	0.8412194092	0.0116010299	0.0429568626	0.0912044985
0	0.0357194505	0.0532645507	0.2975749443	0.0000860373	0.6133550172
0	0.0077155006	0.0000297861	0.1569412106	0.0124322226	0.8228812801
0	0.0295077200	0.2914886132	0.0060369023	0.0148243663	0.6581423982
0	0.0415524901	0.0042219867	0.4528154516	0.0000018401	0.5014082315
0	0.0000000002	0.0754801446	0.8774799354	0.0470394872	0.0000004326
0	0.0000750130	0.1293149687	0.4544903896	0.3472764536	0.0688431752
0	0.0642190199	0.0003877145	0.6997489659	0.2353930818	0.0002512179
0	0.0097108036	0.9437396698	0.0215562481	0.0087964722	0.0161968064
0	0.0392506333	0.0215137637	0.0058561633	0.8810004375	0.0523790022
0	0.0646222722	0.3788853637	0.2554380087	0.1597728245	0.1412815309
0	0.5051149532	0.0839180972	0.0735075796	0.3360266461	0.0014327239
0	0.0000004144	0.1227756756	0.4750881790	0.2422233384	0.1599123926
1	0.0225699838	0.0061152486	0.3895897413	0.5118187170	0.0699063093
1	0.0296990785	0.2406268990	0.4179461768	0.1154921685	0.1962356771
0	0.7301682438	0.0361313926	0.0473873399	0.1819845749	0.0043284489
0	0.0841984889	0.0172664585	0.8208053198	0.0428896476	0.0348400851
0	0.5138120809	0.0273157570	0.4573487619	0.0002123903	0.0013110098
0	0.0000000109	0.0000009524	0.8844806682	0.0011925607	0.1143258077
0	0.0033101262	0.0435796010	0.7493745283	0.1993887140	0.0043470305
0	0.0362138757	0.4542092997	0.3808395281	0.0279970414	0.1007402552
0	0.0255491343	0.0678559186	0.3551052608	0.1404097105	0.4110799757
0	0.1803223294	0.0001129030	0.2656205841	0.0109603870	0.5429837965
0	0.0022267636	0.0002459315	0.2190707871	0.7783846838	0.0000718340
0	0.0000120251	0.1631801858	0.8320285039	0.0038269177	0.0009523675
0	0.0423390606	0.0003607492	0.4938807539	0.1770449709	0.2863744654
0	0.2398661241	0.7578296157	0.0012439822	0.0000000000	0.0010602780
0	0.0073952667	0.4457048443	0.2652731012	0.2235686229	0.0580581648
0	0.0290360412	0.1045317070	0.6785250618	0.0357841909	0.1521229991
1	0.0002390884	0.0000000661	0.4085364932	0.0000003241	0.5912240282
1	0.0001643979	0.0000009961	0.0034538561	0.6984114439	0.2979693059
1	0.0000000000	0.4676441624	0.3705173439	0.0782162978	0.0836221959
1	0.0688753961	0.2746123360	0.6045923208	0.0167490993	0.0351708479
0	0.0000238174	0.1474277413	0.0000078485	0.5816101328	0.2709304600
1	0.0550622521	0.1365841528	0.1634189404	0.6449346546	0.0000000000
0	0.0000312564	0.0000184293	0.3845664261	0.5311353933	0.0842484949
0	0.0000840358	0.4920111906	0.4303716697	0.0026511683	0.0748819357
0	0.0658816100	0.0000233453	0.8787825817	0.0535158961	0.0017965669
0	0.0814924120	0.0656446725	0.8500252446	0.0000473510	0.0027903198
1	0.0152971285	0.0157018424	0.0949427201	0.8740583090	0.0000000000
2	0.0003953285	0.0272752704	0.9627968338	0.0068539891	0.0026785782
0	0.0634609351	0.8670282125	0.0338086252	0.0307590574	0.0049431697
0	0.0000008480	0.0000000000	0.7065448613	0.2850084504	0.0084458403
0	0.1429433350	0.0058068462	0.7953977949	0.0000009502	0.0558510737
0	0.0131511714	0.0102266253	0.9410391026	0.0010747987	0.0345083020
0	0.0008107407	0.4035301308	0.3098464346	0.2815783974	0.0042342966
1	0.0018123910	0.0214965882	0.4888741854	0.4202571305	0.0675597049
0	0.0047297758	0.3137722763	0.0238436594	0.6054784039	0.0521758846
1	0.0000000000	0.0127114926	0.9872884534	0.0000000540	0.0000000000
0	0.0002250292	0.0051368690	0.0183548654	0.4107281147	0.5655551218
0	0.0350558637	0.0005013142	0.9611596661	0.0025050998	0.0007780561
0	0.0000000000	0.0000594010	0.9766081034	0.0214636115	0.0018688842
0	0.1248981854	0.7850307869	0.0176634830	0.0050318965	0.0673756483
0	0.2486463809	0.3505219229	0.2871529693	0.0222750961	0.0914036309
0	0.0513067250	0.7823540637	0.1613076780	0.0041699204	0.0008616129
0	0.4988373163	0.3721454335	0.1192877262	0.0003503526	0.0093791713
0	0.0073753767	0.0483828634	0.9442003612	0.0000413988	0.0000000000
0	0.0000000509	0.1306858595	0.5044238290	0.0000000000	0.3648902607
