0	0.0000021401	0.0000005630	0.9946934787	0.0045911973	0.0007126208
0	0.0103053364	0.0183341811	0.0803153024	0.0644395389	0.8266056412
1	0.0120615640	0.5211870573	0.4000415376	0.0423079069	0.0244019341
0	0.0368328675	0.1090114266	0.6356836164	0.2167875606	0.0016845289
2	0.0000000002	0.3939780322	0.0000000012	0.1196938582	0.4863281082
0	0.0337569693	0.7463512692	0.1121936866	0.0180670298	0.0896310450
0	0.1472155099	0.0001810630	0.4559132640	0.1861638006	0.2105263624
0	0.8633629672	0.0000000035	0.1203010330	0.0162975910	0.0000384052
0	0.0533545709	0.2179827519	0.0324514415	0.0000897967	0.6961214390
0	0.0130306533	0.2896116852	0.6580431523	0.0000833561	0.0392311530
0	0.0560703982	0.2497016717	0.6777756913	0.0003042727	0.0161479662
0	0.0790726526	0.0311897150	0.2076651712	0.3331047533	0.3489677080
0	0.1706625613	0.1514779770	0.0198405007	0.0878783922	0.5701405689
0	0.0672647543	0.0017491332	0.3605858272	0.5619323207	0.0084679646
0	0.0000167899	0.8130996636	0.1705508818	0.0014147392	0.0149179255
0	0.0000000000	0.1614987447	0.2801301144	0.0000064165	0.5583647244
0	0.0128006408	0.0000000000	0.6825826679	0.2792627902	0.0253539010
0	0.0836653386	0.0006727251	0.2482578959	0.2862116891	0.3811923512
0	0.3264030322	0.0000000093	0.6331383993	0.0373951504	0.0030634089
0	0.0027650884	0.0000000050	0.1655617158	0.7391454032	0.0925277876
0	0.0739514993	0.1798731231	0.1176024653	0.0272134878	0.6013594245
2	0.0006999414	0.0822034933	0.2661741955	0.1675921312	0.4833302386
0	0.0003198919	0.4437207343	0.1547161271	0.0293010375	0.3719422093
0	0.0142821788	0.0000093913	0.8005907204	0.1778279001	0.0072898093
1	0.0000000000	0.0003608910	0.8364677971	0.1236720960	0.0394992159
0	0.0013486533	0.8376151934	0.1492324629	0.0118036904	0.0000000000
0	0.0129605458	0.0000000000	0.7138009697	0.0068823292	0.2663561553
0	0.1386140745	0.7557969206	0.0860487226	0.0170566587	0.0024836236
0	0.1267358609	0.6125252808	0.0601166361	0.0823242194	0.1182980027
1	0.0136902208	0.9619319643	0.0124227297	0.0000530964	0.0119019888
0	0.0006162430	0.0359922178	0.0093112694	0.0989293799	0.8551508899
0	0.0018161208	0.0007277372	0.0004215459	0.9545038462	0.0425307499
0	0.5299446149	0.0193993903	0.0558856243	0.3923194081	0.0024509624
0	0.1970496856	0.5483578906	0.1073689224	0.0361806798	0.1110428216
0	0.0089002896	0.0676067345	0.2468755032	0.1754308949	0.5011865777
2	0.3168112637	0.0582183316	0.0000082655	0.5196653380	0.1052968013
0	0.0000000299	0.2458585292	0.7471158421	0.0000052067	0.0070203922
0	0.0016026215	0.6194970407	0.3198918804	0.0511024414	0.0079060160
0	0.0155796547	0.0000000000	0.6120997585	0.2443286109	0.1279919759
1	0.0077776243	0.0000000002	0.9843015089	0.0001553809	0.0077654858
1	0.4903656682	0.0048463981	0.5030239947	0.0017512164	0.0000127226
0	0.4201564790	0.0002470739	0.0000089122	0.1028587218	0.4767288131
0	0.0000089200	0.9320103056	0.0370383106	0.0230312486	0.0079112153
0	0.2564614175	0.0000003017	0.0405628040	0.6634758861	0.0394995907
0	0.0076488518	0.0000000010	0.0766974595	0.1948026437	0.7208510440
0	0.0162386837	0.0000000003	0.9697987876	0.0045308997	0.0094316287
1	0.0165539384	0.5432303289	0.2503069554	0.0129644747	0.1769443026
0	0.1055620078	0.0005388862	0.0068416101	0.0854056633	0.8016518326
0	0.2726489459	0.0646371013	0.6254678192	0.0005861315	0.0366600021
0	0.0360472080	0.0073935594	0.0021997725	0.0008448111	0.9535146490
0	0.0000000000	0.0000018344	0.9976469218	0.0005934725	0.0017577712
0	0.0564010155	0.0000000000	0.8876362348	0.0021755633	0.0537871864
0	0.0000117913	0.0000000027	0.1069825431	0.0000000086	0.8930056544
0	0.0000022467	0.6481870736	0.3476047385	0.0000783758	0.0041275653
0	0.2792894643	0.4441750776	0.2764930933	0.0000407365	0.0000016282
1	0.0000864421	0.0562982564	0.1727374494	0.0000000219	0.7708778303
0	0.0255690682	0.0008263449	0.6384191239	0.3183433990	0.0168420640
0	0.0209607681	0.1410301064	0.2942201530	0.5437889698	0.0000000027
0	0.0726928007	0.1440968596	0.0030183132	0.6633704484	0.1168215781
0	0.0000000000	0.0000003755	0.8639508988	0.0290139804	0.1070347453
0	0.0750696012	0.0578351714	0.6363455535	0.1894101854	0.0413394885
1	0.3498946175	0.0282953231	0.1474021598	0.2399907884	0.2344171112
0	0.0000000000	0.7325908516	0.2667470914	0.0006620418	0.0000000152
0	0.0558019431	0.2356296225	0.2809668272	0.2478030968	0.1797985104
0	0.0000018577	0.0332696814	0.8440995336	0.1226244012	0.0000045262
1	0.0146185872	0.0000000001	0.4061447840	0.5791590619	0.0000775669
0	0.1289651493	0.3182517091	0.5365348335	0.0161136825	0.0001346256
0	0.0014877944	0.8159942527	0.1201212183	0.0027609962	0.0596357383
0	0.0061021898	0.0562597998	0.3781280676	0.1321765008	0.4273334420
0	0.0047351218	0.0000000000	0.0413784417	0.0299413237	0.9239451128
0	0.0000000000	0.0464560827	0.4582713170	0.0494547779	0.4458178224
0	0.0415678290	0.0593377204	0.6235682847	0.2755252515	0.0000009145
0	0.0084442656	0.0002728863	0.2155867300	0.7262996207	0.0493964975
0	0.0000000000	0.0000000000	0.8575974215	0.0975310898	0.0448714887
0	0.2162178029	0.0065959295	0.6352272903	0.1419589774	0.0000000000
1	0.0026806805	0.0140199354	0.4529913644	0.5104698839	0.0198381358
0	0.2478975521	0.0552180469	0.0000000000	0.6968105233	0.0000738777
1	0.0000000001	0.5274403107	0.4556189311	0.0000381799	0.0169025782
0	0.0000000000	0.0051656350	0.8200275215	0.0004912466	0.1743155969
0	0.0436985669	0.4673376536	0.0801282234	0.0032168528	0.4056187032
0	0.0219602412	0.1242371870	0.0943387304	0.1681044413	0.5913594001
0	0.0000000071	0.0549375985	0.9450596183	0.0000027761	0.0000000000
0	0.5326879515	0.0632777306	0.2955726333	0.0023606968	0.1061009879
0	0.0011765796	0.0020541519	0.7255493838	0.0152173917	0.2560024930
1	0.0018447354	0.1605998681	0.6569584391	0.1702042149	0.0103927425
0	0.0064152213	0.0177381557	0.6442619149	0.3315750012	0.0000097069
0	0.4103787031	0.1306820524	0.0222377092	0.3703731123	0.0663284230
0	0.0024054366	0.0956448842	0.6846540076	0.1842783849	0.0330172868
0	0.2726294162	0.0159901746	0.4244048310	0.2268894798	0.0600860985
0	0.0196334018	0.0182001557	0.9485283682	0.0136249790	0.0000130953
0	0.0000000045	0.0137887896	0.2568275552	0.6762554496	0.0531282011
0	0.0540670783	0.9235831390	0.0223497244	0.0000000547	0.0000000035
0	0.1072749319	0.0000000238	0.5398942782	0.3122791030	0.0405516631
1	0.5648232665	0.0666557517	0.2214397864	0.1429813319	0.0040998635
0	0.2560243458	0.1026351739	0.0772941509	0.5623749375	0.0016713919
0	0.3059882922	0.4878383182	0.0535593703	0.1526140192	0.0000000000
0	0.7436342765	0.0321859625	0.0348502007	0.0075484907	0.1817810696
0	0.0026990533	0.0001179935	0.1173427451	0.0172802758	0.8625599323
0	0.0130560163	0.2465051426	0.7023407768	0.0030448860	0.0350531783
0	0.0000214122	0.0234415583	0.5163689460	0.0898877834	0.3702803002
