0	0.0001922007	0.0321633931	0.8486920303	0.1133720461	0.0055803298
1	0.0000000000	0.0563701348	0.0207439411	0.5146292178	0.4082567063
0	0.3116177937	0.0145452004	0.1798227484	0.1123138299	0.3817004276
0	0.0058116384	0.0000081657	0.0200039639	0.9179219581	0.0562542739
0	0.0000069474	0.0269500037	0.0500707055	0.2158357743	0.7071365691
0	0.0634174595	0.0658864467	0.7671067205	0.0883453509	0.0152440223
0	0.0249932384	0.5965877615	0.0907345560	0.2538864897	0.0337979544
0	0.0157253381	0.0018155737	0.8118639869	0.0000000000	0.1705951013
0	0.0212879278	0.0291043352	0.9163925071	0.0332125685	0.0000026613
0	0.0000011442	0.0226416559	0.9709043531	0.0027265911	0.0037262557
0	0.0001453170	0.1974495001	0.1339656903	0.5966753104	0.0717641821
0	0.0000027138	0.6026809349	0.3119404933	0.0000000023	0.0853758557
0	0.2472759721	0.0121931590	0.0008172607	0.1057466381	0.6339669700
0	0.0408698323	0.1852099298	0.2119311373	0.0037013062	0.5582877944
0	0.3593248537	0.0130385125	0.5297913750	0.0937599922	0.0040852666
0	0.3656113524	0.0002758843	0.2774279294	0.3205292078	0.0361556262
0	0.0092489000	0.0000000000	0.4961944994	0.1467979727	0.3477586279
2	0.1326900849	0.0934696188	0.7723845731	0.0000001062	0.0014556170
0	0.0000000000	0.3676116808	0.1475318700	0.0412255882	0.4436308609
1	0.0001820372	0.1335244647	0.8246551358	0.0245700075	0.0170683547
0	0.0000000119	0.0038815685	0.9891596140	0.0002727390	0.0066860667
0	0.0389365908	0.4310987285	0.3211593818	0.0010018065	0.2078034923
0	0.0015991856	0.5502493771	0.3048305848	0.0000000000	0.1433208526
0	0.0667839473	0.3874695683	0.0217839895	0.0322553171	0.4917071778
0	0.0026690873	0.3172878117	0.1217080635	0.4024629905	0.1558720471
0	0.1656900705	0.2166151921	0.2630060652	0.0547550618	0.2999336103
0	0.0590798709	0.0002523275	0.9112962304	0.0285492961	0.0008222751
1	0.0314093835	0.2616919471	0.7065828407	0.0001667104	0.0001491183
0	0.0001611057	0.1114838294	0.2316507152	0.6540318789	0.0026724708
1	0.0009240944	0.0466118031	0.3829602400	0.2632425819	0.3062612807
1	0.0966025797	0.5611649021	0.2568783837	0.0075892073	0.0777649271
1	0.0430887328	0.0735791360	0.2572013969	0.2974625544	0.3286681799
1	0.1754045294	0.7377903899	0.0264056624	0.0000015551	0.0603978632
0	0.0344562768	0.5517421687	0.2611058922	0.1524736198	0.0002220426
0	0.2538668340	0.3505872042	0.2285636375	0.0223336661	0.1446486581
0	0.0000000003	0.6387906637	0.0123160308	0.1035583529	0.2453349524
1	0.0000004880	0.0117580758	0.9729231163	0.0031775824	0.0121407374
1	0.5651269724	0.0067418367	0.3178475154	0.0040649300	0.1062187455
0	0.0393504381	0.4664896632	0.1901569777	0.1414481975	0.1625547235
0	0.1569352774	0.0981332048	0.0003310321	0.0507880307	0.6938124550
0	0.0060746949	0.0284657536	0.9471943432	0.0000252622	0.0182399461
0	0.0439587146	0.0491679737	0.7413136692	0.1531777033	0.0123819392
0	0.0001000150	0.0000000001	0.8305258004	0.0000000000	0.1693741845
1	0.0201749480	0.1771632785	0.4304362458	0.3232050595	0.0490204683
0	0.2012696046	0.0000000000	0.1406076974	0.3675234001	0.2905992978
0	0.4275936139	0.0882975513	0.0000000000	0.0000000000	0.4841088348
0	0.0002612114	0.1169110348	0.6658606623	0.0595503806	0.1574167108
0	0.4590095668	0.0005341082	0.0000095019	0.0751495241	0.4652972990
0	0.4194311089	0.0553900961	0.2567948289	0.1817710224	0.0866129437
0	0.0001999808	0.4230563264	0.0081910248	0.2556833204	0.3128693476
0	0.5792363509	0.0000157812	0.3819303569	0.0000000321	0.0388174787
0	0.0994783827	0.5661365489	0.0000141423	0.3319073883	0.0024635377
0	0.0126787404	0.1884127439	0.0010860652	0.3091645849	0.4886578656
0	0.0061931509	0.0680816367	0.8666898774	0.0149729359	0.0440623990
1	0.0027883163	0.0000140763	0.3105558122	0.0854579935	0.6011838017
0	0.2685115673	0.0000000000	0.3576508909	0.3738375419	0.0000000000
0	0.0000000000	0.0642693721	0.5221503966	0.0067065382	0.4068736931
0	0.0000046066	0.0420329847	0.7302234045	0.2267267921	0.0010122121
0	0.0021040637	0.0000361181	0.1255105466	0.0946643092	0.7776849623
0	0.0192721747	0.1708230344	0.0333507109	0.0000000136	0.7765540664
0	0.0016868880	0.0225020732	0.8240699873	0.0837013676	0.0680396839
0	0.7223620239	0.0126580900	0.0746221494	0.0016966584	0.1886610783
0	0.0838305435	0.0014274940	0.3654151677	0.5438168567	0.0055099381
0	0.0502582760	0.0003195180	0.8331003980	0.0059369876	0.1103848204
0	0.0439680176	0.0013124664	0.9543930103	0.0003020499	0.0000244559
0	0.0623771063	0.0173388761	0.7191018657	0.1815878388	0.0195943132
0	0.0251536098	0.2045927026	0.6861737747	0.0148595833	0.0692203295
0	0.2092258477	0.3888645421	0.1863427093	0.0079766966	0.2075902044
0	0.8891787435	0.0196125254	0.0393745279	0.0518342031	0.0000000000
0	0.0129687453	0.0043339849	0.9521523401	0.0000080718	0.0305368579
0	0.0000000152	0.0005829103	0.9982037456	0.0012128713	0.0000004575
0	0.0373283135	0.1814737696	0.5388839722	0.0000568177	0.2422571270
0	0.0036730440	0.0013255396	0.0051081036	0.9250976155	0.0647956973
0	0.0000000048	0.0161578533	0.5816372796	0.0000000959	0.4022047664
0	0.0930290685	0.0436433502	0.4502050101	0.3979685688	0.0151540024
0	0.0955327063	0.0233846018	0.8153484601	0.0531317794	0.0126024525
0	0.6781160947	0.0063949374	0.2419555976	0.0281656375	0.0453677328
0	0.0171163270	0.0042402880	0.8485511924	0.1215245516	0.0085676410
0	0.6453900834	0.0000000073	0.3213478874	0.0085198760	0.0247421458
0	0.0000000000	0.0193277932	0.0021167707	0.6420600555	0.3364953806
1	0.0494484398	0.1948374473	0.6010897530	0.1514727243	0.0031516357
0	0.0000000000	0.1178357973	0.8656203656	0.0000000012	0.0165438358
0	0.0000000000	0.3509967249	0.0000043164	0.4774756598	0.1715232989
0	0.0214830324	0.4053247461	0.3968262422	0.0001776499	0.1761883294
0	0.0617773067	0.1879396912	0.3090631261	0.3257316882	0.1154881877
0	0.0175458014	0.0000000000	0.8266205876	0.0013071462	0.1545264649
0	0.1004024127	0.0000000027	0.1277490850	0.7644399187	0.0074085809
0	0.6879447316	0.1862306984	0.0641692680	0.0000000018	0.0616553001
0	0.0000000000	0.2386127635	0.2882935995	0.1645525042	0.3085411327
0	0.0156872828	0.0000667190	0.2570558950	0.2204832594	0.5067068438
0	0.0001162231	0.0407755687	0.5708273713	0.3557114579	0.0325693790
0	0.0928995619	0.0208697663	0.4135860334	0.3943187494	0.0783258890
0	0.0282916378	0.0276096652	0.9434719856	0.0000034372	0.0006232742
0	0.0018882713	0.0000000061	0.8871904511	0.0112330406	0.0996882310
0	0.2684971177	0.0005259226	0.3668005807	0.1863739050	0.1778024739
0	0.0406896562	0.8709814997	0.0000010619	0.0575391109	0.0307886713
0	0.0004354504	0.4640758662	0.1722314742	0.3388831587	0.0243740506
1	0.0398758925	0.0000000258	0.9415023612	0.0087322465	0.0098894739
0	0.0000000002	0.0000122859	0.0120700020	0.9505768671	0.0373408447
0	0.3167752864	0.0783075446	0.0561886043	0.0873723559	0.4613562088
