0	0.0000000006	0.0000082130	0.7518560558	0.0001328869	0.2480028436
0	0.3525338680	0.2404463770	0.3783558959	0.0264353978	0.0022284613
0	0.4033521873	0.0116064605	0.0309034083	0.5537801220	0.0003578219
0	0.0000000015	0.1203170052	0.8795892775	0.0000000000	0.0000937159
1	0.2553872758	0.1723488502	0.0289568492	0.1139591077	0.4293479171
0	0.0216546937	0.0049924530	0.6739815483	0.0013635982	0.2980077068
0	0.0016741572	0.1380972545	0.4845205535	0.0214226349	0.3542853998
0	0.2625074721	0.0384365043	0.1065092325	0.5711697156	0.0213770755
0	0.0003647305	0.0037667922	0.8374450769	0.0276929144	0.1307304859
0	0.1014436646	0.0000327564	0.0984496164	0.7993888242	0.0006851384
1	0.0003459322	0.0000119784	0.9971465270	0.0024955624	0.0000000000
0	0.0005799963	0.0019551399	0.5851121975	0.4123463786	0.0000062876
0	0.6021376230	0.0000000000	0.2627259623	0.0640643541	0.0710720606
0	0.0911543909	0.0062577266	0.8886128585	0.0127745584	0.0012004655
0	0.0000789058	0.0560414539	0.4495951516	0.4942842045	0.0000002842
0	0.0021018636	0.4096027330	0.0741803423	0.5015081544	0.0126069068
0	0.5397148243	0.0000029512	0.0063105151	0.0000018434	0.4539698660
0	0.0556618692	0.0037416610	0.9174624435	0.0001770503	0.0229569760
0	0.0001271188	0.3747783075	0.0042872580	0.0000005873	0.6208067284
0	0.0001041539	0.7906022939	0.1578321568	0.0514613954	0.0000000000
0	0.1162313724	0.1288246921	0.2263022214	0.5286416720	0.0000000422
0	0.0000321879	0.0082018694	0.1677460655	0.0623953628	0.7616245145
2	0.0107332835	0.1799273513	0.5139167301	0.0081973154	0.2872253197
0	0.0000327768	0.0187583980	0.7410119905	0.2401914336	0.0000054011
0	0.0451565591	0.0090472297	0.9271812211	0.0015927336	0.0170222565
1	0.0133846035	0.0717059255	0.0012525972	0.0062768876	0.9073799862
2	0.3036423246	0.0147773312	0.2340387767	0.0195276680	0.4280138994
0	0.0000000000	0.0400050861	0.1310723374	0.2793425673	0.5495800091
1	0.0139294665	0.0530339978	0.6977737992	0.0880932272	0.1471695093
0	0.0193237671	0.1226578978	0.7477088267	0.0000000000	0.1103095084
0	0.4148369145	0.0000000524	0.0146885257	0.1187887983	0.4516857091
0	0.3815265719	0.3881731930	0.1358083360	0.0000005245	0.0944913746
0	0.0086791047	0.0005853093	0.7345249863	0.0474009666	0.2088096331
0	0.3405512792	0.0002794832	0.1345438205	0.4696805551	0.0549448620
1	0.1699214068	0.1057135809	0.0843435257	0.4057702750	0.2342512115
0	0.0962138880	0.0000000000	0.8591869475	0.0097261203	0.0348730441
0	0.0986698621	0.1045236160	0.0023218283	0.0000354825	0.7944492111
0	0.3331989054	0.5620961023	0.0001036602	0.1038789049	0.0007224271
0	0.5212169943	0.1091732873	0.2541267076	0.0098700440	0.1056129667
0	0.0003262211	0.1952865485	0.6217434114	0.1766741319	0.0059696871
0	0.0051770318	0.0000128030	0.8566606247	0.0001597781	0.1379897624
0	0.1429455169	0.0127008318	0.8121489560	0.0307332202	0.0014714751
0	0.3031889640	0.0446131051	0.6018854892	0.0439766263	0.0063358153
1	0.5698509978	0.3990893494	0.0032948216	0.0000000000	0.0277648312
0	0.5235265385	0.0618016700	0.2376398117	0.0056137505	0.1714182294
0	0.0000000000	0.6550717265	0.2921971426	0.0442534126	0.0084777183
0	0.1255663770	0.0008729085	0.0503967225	0.5152939273	0.3078700647
0	0.0000010924	0.4974093050	0.1921891610	0.3087377277	0.0016627139
0	0.5036451395	0.0165262489	0.1617739782	0.0297070017	0.2883476317
0	0.8213791049	0.0336449316	0.0316982666	0.1131521689	0.0001255280
1	0.1308230073	0.1008680927	0.7002357235	0.0648419792	0.0032311973
1	0.0726486835	0.2037270823	0.3307398120	0.0404453146	0.3524391075
1	0.0000000000	0.5266190702	0.0571439882	0.4148259747	0.0014109669
0	0.0033103062	0.0034555200	0.8982552148	0.0892293561	0.0057496029
0	0.7357664175	0.0023414738	0.0534492172	0.0183078105	0.1901350811
0	0.0200026099	0.0003811585	0.7193225345	0.2602936963	0.0000000008
0	0.0518829246	0.4160185325	0.0914180206	0.4406616532	0.0000188692
0	0.0231316759	0.1527398908	0.5983273006	0.1103430803	0.1154580523
0	0.1138679222	0.1291266907	0.0821609602	0.6081429669	0.0667014599
0	0.0162323790	0.0139423817	0.9566511685	0.0131478834	0.0000261874
0	0.0004073631	0.2102885588	0.3331622394	0.4561418100	0.0000000287
0	0.0264234646	0.1073337569	0.8614434670	0.0003241862	0.0044751253
0	0.0000000000	0.2995896678	0.1859567498	0.5144535512	0.0000000312
1	0.0000000001	0.6409346273	0.0102666078	0.0000000000	0.3487987647
1	0.3328806207	0.0000000000	0.3414090147	0.2654727494	0.0602376151
0	0.1009920757	0.4997398616	0.2200752812	0.0788941306	0.1002986509
1	0.0311671630	0.0000081839	0.4935771168	0.4591269467	0.0161205897
0	0.0000000221	0.0017613199	0.9964896835	0.0007046745	0.0010443000
0	0.0000034004	0.0166737953	0.9783079478	0.0040937746	0.0009210820
0	0.1889968909	0.1156288390	0.5882358153	0.0000000002	0.1071384546
0	0.0019935131	0.0007575996	0.9452546212	0.0259985670	0.0259956991
0	0.0349710751	0.0598993102	0.1927437490	0.0013238048	0.7110620608
0	0.0097458239	0.2111054898	0.7247668808	0.0532339338	0.0011478717
0	0.0993282190	0.0035744397	0.2548629649	0.5832820012	0.0589523752
1	0.2990452405	0.0000002203	0.5985543936	0.0965555567	0.0058445889
0	0.0003573701	0.0080379161	0.5882542187	0.0083350986	0.3950153965
0	0.0508715420	0.0260674398	0.2130067850	0.7096336624	0.0004205708
0	0.0000000000	0.5148449659	0.0286592557	0.0183932256	0.4381025528
0	0.0004932290	0.2573936784	0.0860852485	0.0011221418	0.6549057023
0	0.0726459359	0.0963420501	0.7125608423	0.0008602540	0.1175909177
0	0.6357333377	0.0001442416	0.1003286302	0.1559692873	0.1078245032
0	0.2413208152	0.6526319930	0.0086233851	0.0232849886	0.0741388182
0	0.0053375273	0.0019023159	0.9752944338	0.0000881476	0.0173775754
0	0.4190796778	0.0149402835	0.5171326450	0.0488473938	0.0000000000
0	0.0210060032	0.7002659353	0.0414445110	0.2355848726	0.0016986779
1	0.0265679375	0.4257461427	0.3719628104	0.1361243426	0.0395987669
0	0.0038486021	0.0185233095	0.1219359470	0.4334245042	0.4222676372
0	0.3820243957	0.0000000014	0.5297655110	0.0880925487	0.0001175432
0	0.0476932406	0.0000153290	0.1882543036	0.0007776769	0.7632594499
0	0.3604846479	0.0182231458	0.5795326535	0.0094045205	0.0323550323
0	0.0103704108	0.0748693027	0.9147235757	0.0000367109	0.0000000000
0	0.2491802069	0.2896651983	0.2268248788	0.0457134319	0.1886162841
0	0.0070756307	0.5857812840	0.0945394492	0.2812849200	0.0313187161
0	0.0052410705	0.0011535098	0.0063115546	0.8409598479	0.1463340171
0	0.0034092775	0.0514535815	0.0150595761	0.0040913447	0.9259862203
1	0.0394989070	0.3147055642	0.1778264287	0.0681048665	0.3998642336
0	0.1137383208	0.1105959557	0.7756655343	0.0000000000	0.0000001892
0	0.2904650762	0.0002245521	0.0000000001	0.6632036492	0.0461067224
1	0.0000000000	0.0891550120	0.0108127883	0.7946303489	0.1054018508
1	0.0000319989	0.0003755301	0.4912720741	0.2564815921	0.2518388048
