0	0.2423911945	0.0455947805	0.0342416611	0.6654204102	0.0123519537
0	0.4593096680	0.0158627588	0.5175510280	0.0004681329	0.0068084122
0	0.0572825532	0.0295823645	0.8916845287	0.0089222110	0.0125283426
1	0.0001015722	0.0997390818	0.0529331382	0.0000392330	0.8471869748
1	0.0515171993	0.1174510245	0.5312072999	0.0011223887	0.2987020876
0	0.0250631730	0.0205284422	0.8954395956	0.0557674532	0.0032013360
0	0.0821338100	0.5345383642	0.2843689966	0.0000925839	0.0988662453
1	0.0044175774	0.8762390209	0.1115973803	0.0077455422	0.0000004792
0	0.0111488069	0.7586036007	0.0559829814	0.0263415271	0.1479230839
0	0.1840904933	0.1278143471	0.0994709161	0.0646725754	0.5239516681
1	0.0259427307	0.0000000018	0.4477519415	0.1695019932	0.3568033327
0	0.0136048631	0.1243357641	0.8486472853	0.0026247603	0.0107873273
0	0.0285324112	0.3923357276	0.0262940833	0.5528377773	0.0000000006
0	0.0000000000	0.0504930237	0.0044910356	0.9450154630	0.0000004778
0	0.0000894133	0.1999395059	0.3285568925	0.0857866670	0.3856275212
0	0.0001760298	0.0504867037	0.0000409558	0.4315262791	0.5177700316
1	0.0000000000	0.0373106366	0.7320241867	0.0133577056	0.2173074711
0	0.0000000000	0.1354245282	0.5000428546	0.2959045879	0.0686280292
0	0.1201980169	0.0051501676	0.0414186107	0.7356046717	0.0976285332
0	0.0000000000	0.0025741027	0.7424217885	0.0831617404	0.1718423683
0	0.0483346382	0.0000172255	0.7348151037	0.1498457643	0.0669872684
0	0.0242785366	0.3694444614	0.0764707283	0.2164232444	0.3133830293
0	0.0000000000	0.8545975089	0.0053340751	0.0149629793	0.1251054367
0	0.0008651614	0.4347277199	0.5342902394	0.0097536144	0.0203632649
0	0.0757533334	0.0216912892	0.0961881913	0.8015003780	0.0048668081
0	0.0095349229	0.0448586339	0.8692740107	0.0110481407	0.0652842917
0	0.5373489802	0.0102697743	0.1670494797	0.2776132803	0.0077184855
0	0.0000000000	0.1166295955	0.1076385582	0.0004651440	0.7752667023
0	0.1551842516	0.5022391657	0.1691805846	0.1356996587	0.0376963395
2	0.0206249126	0.8949226978	0.0316386174	0.0164301759	0.0363835963
0	0.0022973673	0.1528613136	0.8174949997	0.0065681551	0.0207781643
0	0.0009681920	0.0162127586	0.4536401940	0.3213048841	0.2078739714
1	0.0040858336	0.6607787014	0.0704146791	0.2646958397	0.0000249462
0	0.3050141593	0.0068484219	0.5177021435	0.1704331077	0.0000021676
0	0.0093304795	0.4732349399	0.1890101419	0.2349854001	0.0934390385
0	0.0097613434	0.4057351306	0.0058813309	0.0824277342	0.4961944609
1	0.4822184137	0.2332518422	0.2770812804	0.0030805478	0.0043679159
0	0.3180551374	0.0628346924	0.6131538744	0.0033439774	0.0026123184
1	0.0000054379	0.1276829785	0.5254210918	0.3466586692	0.0002318226
0	0.4630577932	0.3162573845	0.1206249720	0.0382352130	0.0618246373
0	0.0199969438	0.0000087167	0.3263641808	0.1541091714	0.4995209873
0	0.0015736257	0.2087019355	0.6358629905	0.0181087212	0.1357527272
0	0.0221577740	0.0296598711	0.6711752717	0.0559160593	0.2210910239
0	0.4393558772	0.0016269873	0.0092205930	0.0000142763	0.5497822662
0	0.0000000000	0.0040575126	0.0077390803	0.9881994072	0.0000039998
1	0.0001908646	0.3807598924	0.2517746266	0.0000000001	0.3672746163
0	0.1138499022	0.0034358089	0.6564956310	0.0286665291	0.1975521288
0	0.0001099807	0.0078693137	0.5673215511	0.1765243030	0.2481748514
0	0.0001559145	0.0000000000	0.3139878772	0.4150472716	0.2708089367
0	0.0000000127	0.0456097013	0.2838988832	0.6644617679	0.0060296350
0	0.2645210449	0.6676926697	0.0034742500	0.0072822231	0.0570298123
0	0.0078198974	0.0003745842	0.3136682284	0.0000420977	0.6780951923
0	0.1463431517	0.0447788416	0.0000835190	0.8087944655	0.0000000222
0	0.0014769534	0.0185198399	0.9779983818	0.0008139204	0.0011909045
0	0.0013450748	0.0164170703	0.9098638879	0.0000274517	0.0723465153
0	0.0000000006	0.3737865788	0.2388434940	0.3263823784	0.0609875482
0	0.0545276316	0.1094027166	0.0060929427	0.8299767089	0.0000000001
0	0.0123019981	0.1549263892	0.8029200267	0.0000000004	0.0298515856
0	0.0864771856	0.5084876002	0.1172375546	0.2431379752	0.0446596843
0	0.0523237700	0.6757070705	0.2246840809	0.0461808241	0.0011042544
0	0.0583796892	0.0109894359	0.0388659158	0.7217511639	0.1700137951
0	0.0216334563	0.7718002718	0.2037303686	0.0021034791	0.0007324241
0	0.0005146457	0.0000156730	0.0384987965	0.2718918127	0.6890790720
0	0.1377141317	0.2453728666	0.0273048807	0.5895723803	0.0000357407
0	0.0489400293	0.8223504001	0.0043681472	0.0003620597	0.1239793637
0	0.0000000000	0.1216970670	0.1661703980	0.0062698390	0.7058626960
0	0.0186514718	0.0206350483	0.7090924770	0.1822777797	0.0693432232
0	0.0608225903	0.0643569166	0.8446966590	0.0000765299	0.0300473042
0	0.3730759683	0.5625525046	0.0216767997	0.0168244009	0.0258703265
1	0.0002747016	0.0097961820	0.4885833312	0.3245169377	0.1768288474
0	0.0000000000	0.0070321116	0.2111511798	0.7798380302	0.0019786784
1	0.1542248908	0.2435205569	0.0312866707	0.3433669878	0.2276008939
1	0.0381199973	0.1180672875	0.0464548483	0.2034642089	0.5938936580
1	0.0000230766	0.2758153461	0.6596535364	0.0645080408	0.0000000000
0	0.6246604283	0.1602912997	0.1223605034	0.0043758680	0.0883119007
1	0.1829774454	0.1976266144	0.0103601756	0.0205695234	0.5884662412
0	0.0000136126	0.0130281520	0.3198961321	0.6670620902	0.0000000131
0	0.2514917090	0.0008361031	0.7243399150	0.0230516390	0.0002806339
0	0.0018332221	0.0000000000	0.0147352630	0.1407490657	0.8426824492
0	0.0006571663	0.6746457165	0.2841598506	0.0248420032	0.0156952634
0	0.0052864168	0.0000217725	0.2933235453	0.5893640431	0.1120042223
0	0.0000000000	0.0025920618	0.9767730014	0.0204185223	0.0002164145
0	0.0000000000	0.5680126195	0.3660808919	0.0000000000	0.0659064886
0	0.0856336773	0.3729445781	0.1043347609	0.2192340141	0.2178529696
0	0.2730330702	0.2297151367	0.0340240179	0.0032641340	0.4599636413
0	0.7948405222	0.0438269926	0.1045937455	0.0000001316	0.0567386081
1	0.4484166882	0.0487840754	0.1932179396	0.3080748825	0.0015064143
2	0.0001548775	0.0160540380	0.1561674597	0.0000000000	0.8276236249
2	0.1463805162	0.1910497460	0.4505002398	0.0791392261	0.1329302718
0	0.3054850035	0.0126424257	0.6341888467	0.0311334939	0.0165502302
1	0.0354540551	0.0000145459	0.9137425847	0.0416755773	0.0091132371
1	0.0071271643	0.0234604855	0.9037677195	0.0035046578	0.0621399729
0	0.0529404381	0.0000006453	0.0120108747	0.2124483360	0.7225997059
0	0.0000056021	0.2130307428	0.4098207862	0.0000034886	0.3771393804
0	0.0351588348	0.0155769188	0.7965872003	0.1297226136	0.0229544325
0	0.0115318662	0.0000004608	0.1099525445	0.0154966344	0.8630184941
1	0.0688764846	0.0000000148	0.2740845400	0.5952586476	0.0617803131
0	0.1079988507	0.6570921921	0.1036144878	0.1312944694	0.0000000000
0	0.1474960747	0.0012723312	0.8511882386	0.0000327956	0.0000105598
1	0.0000000000	0.0020205055	0.7227554743	0.2741832031	0.0010408172
