0	0.0184517158	0.3257059321	0.0420112516	0.0480164984	0.5658146021
0	0.0235340730	0.0412969545	0.2952148686	0.0000013615	0.6399527424
0	0.6199025875	0.1173757907	0.2616294436	0.0000000045	0.0010921738
0	0.0003185972	0.1698583486	0.5876917367	0.0715336372	0.1705976803
1	0.1569581510	0.0084883171	0.3589434529	0.0956492629	0.3799608162
0	0.0152072680	0.1500885453	0.7339405992	0.0000069180	0.1007566694
0	0.0010443432	0.2665333918	0.7001008442	0.0116161200	0.0207053008
0	0.0000000000	0.5004201578	0.2006379973	0.0258278452	0.2731139996
0	0.0220902151	0.0000483155	0.0032644712	0.0000000000	0.9745969982
0	0.0000796789	0.3449854656	0.6309107032	0.0187857108	0.0052384415
0	0.6376828700	0.0050494849	0.2852199628	0.0720476823	0.0000000000
0	0.0721352400	0.0008354464	0.1378073287	0.1370297359	0.6521922490
0	0.0078916843	0.0063480012	0.6041837950	0.0000000000	0.3815765195
0	0.0001227024	0.0321813666	0.1486905464	0.4234136749	0.3955917097
1	0.0062798142	0.1666145375	0.6048342671	0.1140362585	0.1082351227
1	0.0179446099	0.1191211345	0.4750928867	0.2881174327	0.0997239362
0	0.0551913408	0.3210356949	0.0199844135	0.0317571767	0.5720313740
0	0.0001545465	0.1609612278	0.8319035064	0.0069786280	0.0000020912
1	0.1323745390	0.0053341335	0.5977094490	0.1890889230	0.0754929556
0	0.0076468600	0.2371637111	0.5788295192	0.0983866790	0.0779732307
0	0.0096792695	0.0044842683	0.3697929267	0.4467994723	0.1692440633
0	0.0000052548	0.3386428539	0.0000885271	0.2434243196	0.4178390447
0	0.0001048422	0.5571541824	0.1900956048	0.2525543213	0.0000910493
0	0.0001383086	0.0125891203	0.4117506290	0.0006976415	0.5748243005
0	0.0082409995	0.0089677463	0.0296085239	0.3933284832	0.5598542472
1	0.0000023262	0.8243281501	0.0082943948	0.0001535996	0.1672215294
0	0.0363935871	0.0658178896	0.1758334823	0.6764750147	0.0454800264
0	0.0047114401	0.0316096709	0.0035155572	0.0775455711	0.8826177606
1	0.0456028196	0.0222417283	0.9215363873	0.0040519772	0.0065670876
0	0.0013866918	0.1471848066	0.3453202154	0.4932556494	0.0128526367
0	0.0002192247	0.5300671016	0.3007608947	0.1566344521	0.0123183270
0	0.0000002703	0.4328137983	0.3628350435	0.1966334144	0.0077174735
0	0.1580043552	0.0000000594	0.6139484868	0.0616529597	0.1663941389
0	0.0024689133	0.2059781443	0.0083495730	0.7824104482	0.0007929212
0	0.0762552080	0.0500069154	0.8071970175	0.0519960286	0.0145448306
0	0.0000419212	0.0000000034	0.0905680358	0.6021587317	0.3072313079
0	0.0541068270	0.0102074891	0.7048096552	0.0475672301	0.1833087987
0	0.0224527305	0.0126600554	0.7180087295	0.1178927183	0.1289857663
0	0.5968670956	0.3013808216	0.0232577706	0.0636181715	0.0148761407
0	0.9777036869	0.0032850530	0.0004309693	0.0061811105	0.0123991803
0	0.5115912783	0.0284848411	0.1189162138	0.1345698414	0.2064378254
0	0.1417053392	0.0091740196	0.0079094863	0.0013961920	0.8398149630
1	0.0219142976	0.3680767304	0.6025414759	0.0069374711	0.0005300250
1	0.2394605743	0.0027689674	0.6914766128	0.0661980566	0.0000957888
0	0.0073299610	0.0381496540	0.8913923237	0.0631280612	0.0000000001
0	0.0037630446	0.0000007947	0.0262771397	0.3565653338	0.6133936872
0	0.5883715838	0.0020162067	0.1717492702	0.0032409428	0.2346219964
0	0.0049167664	0.1006517204	0.7786963072	0.1157272339	0.0000079720
0	0.0702898156	0.0004106770	0.8033415298	0.0698073658	0.0561506119
0	0.0681844468	0.0000000000	0.5191640901	0.0417016845	0.3709497786
1	0.0000004484	0.0000026163	0.6387068327	0.0203281538	0.3409619487
0	0.0045326184	0.0000118671	0.0064262740	0.0956662417	0.8933629988
0	0.4993418987	0.0095308126	0.0002048666	0.1540824654	0.3368399566
0	0.0003618638	0.0017082746	0.6440751915	0.3530737510	0.0007809192
0	0.0000000000	0.2821265663	0.0317551929	0.0615517964	0.6245664443
1	0.0000000000	0.4364430247	0.0949356027	0.4634059478	0.0052154248
0	0.0014388479	0.1666412900	0.4812263241	0.0590035312	0.2916900069
1	0.0000000000	0.0001014137	0.8622785149	0.0032436130	0.1343764585
0	0.0422801723	0.3155852156	0.1265688158	0.0000000000	0.5155657963
0	0.8340028218	0.0052114820	0.1013846304	0.0594010415	0.0000000242
1	0.0084789900	0.0000100474	0.9842729757	0.0000000011	0.0072379858
0	0.3147012898	0.0732295787	0.1163225012	0.1376983580	0.3580482723
0	0.0000000004	0.8869011153	0.0794455348	0.0056927862	0.0279605633
0	0.0000234447	0.0000005243	0.2027339974	0.3549243536	0.4423176800
0	0.0345304138	0.0000000107	0.5360338793	0.2369747603	0.1924609359
0	0.0383466611	0.8125765228	0.0341058916	0.0041736103	0.1107973142
0	0.0699848767	0.0271640604	0.4576562830	0.2158119704	0.2293828095
0	0.2315546561	0.1025126667	0.3688792152	0.0197896850	0.2772637771
0	0.0000004764	0.0267186280	0.9456035599	0.0025298215	0.0251475142
0	0.2829295554	0.0136355871	0.3061082454	0.0000367821	0.3972898300
0	0.0175221467	0.0008971214	0.7997352370	0.1816186415	0.0002268533
0	0.0004594332	0.9758022241	0.0035922634	0.0136623435	0.0064837357
0	0.0144433990	0.3127518204	0.5951431570	0.0388458231	0.0388158006
0	0.0519733808	0.0102196216	0.5597233727	0.3722716154	0.0058120094
1	0.1919683942	0.2373339806	0.3698941915	0.1387939923	0.0620094414
0	0.0074862787	0.9399237946	0.0403542331	0.0000004296	0.0122352640
0	0.0007595532	0.2143255949	0.1519215002	0.4604371384	0.1725562134
0	0.0000000000	0.0027860954	0.9870683084	0.0101455438	0.0000000525
0	0.0437733828	0.0000000048	0.3736493677	0.0000000378	0.5825772069
0	0.0709013683	0.0116209405	0.2073393573	0.7091556170	0.0009827169
0	0.0000170494	0.0000000003	0.6615079670	0.2724372994	0.0660376839
0	0.0293626995	0.0002604537	0.2908577699	0.0007194237	0.6787996532
1	0.2954538332	0.0000000000	0.0184169438	0.1511288336	0.5350003893
0	0.1040978084	0.4305478254	0.4339800888	0.0006738453	0.0307004321
0	0.7712823788	0.0000000000	0.0540899691	0.1746276521	0.0000000000
2	0.2876686069	0.0146346581	0.6244394016	0.0728123723	0.0004449612
1	0.0004878015	0.1052386353	0.4879574760	0.0112370397	0.3950790476
0	0.3048661642	0.1549424320	0.0323731758	0.1460629688	0.3617552593
0	0.0000000000	0.0660195035	0.8104459901	0.0032303974	0.1203041090
0	0.0039575984	0.0489423931	0.1632287923	0.7393997995	0.0444714166
0	0.1611054296	0.0448585685	0.7580639412	0.0000378903	0.0359341704
0	0.2068424027	0.0309699455	0.2811570701	0.4810305817	0.0000000000
1	0.6802200823	0.0993954147	0.1871226824	0.0000000000	0.0332618206
1	0.0000000285	0.0000012762	0.9701248220	0.0093439820	0.0205298912
1	0.1094724512	0.2997621419	0.1011703758	0.4888384588	0.0007565724
0	0.2854896759	0.0359875515	0.1098017911	0.0003017412	0.5684192403
0	0.1766192405	0.2457993720	0.4683698906	0.0234946293	0.0857168677
0	0.0000007094	0.0000000288	0.1818390676	0.6387075332	0.1794526610
0	0.0027857003	0.0873218582	0.7963335129	0.0289798713	0.0845790574
1	0.0005992581	0.0997542776	0.1320732514	0.2608709088	0.5067023040
