2	0.0024990463	0.3822792080	0.3999975616	0.0742904382	0.1409337460
1	0.3418433673	0.5182452174	0.0000117076	0.0923052515	0.0475944562
0	0.1989924074	0.2256005639	0.2832686586	0.1564830881	0.1356552820
0	0.3751243584	0.0007750457	0.0014016668	0.5194673655	0.1032315636
0	0.0619624538	0.5470088595	0.0337847028	0.2563862218	0.1008577620
0	0.1169009911	0.5360627377	0.2655112502	0.0797145339	0.0018104871
0	0.1283816001	0.0020727817	0.3721257105	0.4974199068	0.0000000009
2	0.2091706612	0.1558212168	0.5024477539	0.1325602405	0.0000001276
0	0.0452201347	0.0000122542	0.8127590170	0.0830893620	0.0589192321
0	0.0239866834	0.6220825301	0.0121980897	0.0023102559	0.3394224410
1	0.0454963465	0.1744993909	0.7475050782	0.0202958408	0.0122033436
0	0.0008404159	0.1961074088	0.0216918819	0.7758543253	0.0055059681
0	0.0306977480	0.0515515065	0.9177387921	0.0000095616	0.0000023919
0	0.7011492983	0.0398110483	0.0864720139	0.1645308672	0.0080367723
0	0.2843327211	0.4049172722	0.2413926097	0.0440048654	0.0253525315
0	0.0000000000	0.0000000001	0.9855382606	0.0107475305	0.0037142089
1	0.4604369637	0.3068229585	0.0281751242	0.0615125097	0.1430524440
1	0.0000000000	0.8495979972	0.0711131858	0.0792888170	0.0000000000
1	0.0015929340	0.7604083878	0.1874224100	0.0391621419	0.0114141264
0	0.0287061003	0.4071942149	0.5041579190	0.0592282641	0.0007135017
1	0.0022523362	0.9912354803	0.0007466422	0.0007010690	0.0050644723
0	0.5444699383	0.1923071220	0.1856325597	0.0573619317	0.0202284484
0	0.0119252564	0.0227281078	0.7127851756	0.0537664736	0.1987949866
0	0.0503195334	0.0266974445	0.4541706551	0.0701540561	0.3986583109
1	0.6224075730	0.3630694014	0.0005741770	0.0139415967	0.0000072520
0	0.2071060013	0.3100107332	0.3439536995	0.1389254920	0.0000040740
0	0.0121509642	0.0260900124	0.1077215640	0.8540372871	0.0000001723
0	0.2469541442	0.3481192789	0.1488446566	0.2557038275	0.0003780929
0	0.0595283449	0.0361071661	0.7148302277	0.0779690663	0.1115651950
0	0.0920687951	0.6907667532	0.0025099273	0.0658808254	0.1487736989
0	0.0139462667	0.1217119866	0.0039002536	0.7202219689	0.1402195243
0	0.1672272265	0.5343881125	0.1248691384	0.1735109761	0.0000045464
0	0.1084205780	0.0000000001	0.0786811694	0.8128982490	0.0000000036
0	0.0000003702	0.7439132635	0.0102314193	0.0936673735	0.1521875735
0	0.1684904716	0.0566142418	0.0075132572	0.7250048880	0.0423771414
0	0.1991626076	0.1537022338	0.0020711554	0.0780302083	0.5670337948
1	0.9078358274	0.0660613265	0.0259545201	0.0001483260	0.0000000000
0	0.0065458296	0.3939845506	0.2597196289	0.2709521778	0.0687978132
0	0.0000265673	0.0153422750	0.0103504846	0.6935554024	0.2807252708
0	0.0298832496	0.0148263226	0.0271536049	0.7529902033	0.1751466196
0	0.0449666437	0.4070719197	0.0165356433	0.5314257066	0.0000000866
0	0.0944801277	0.0035872867	0.6329292718	0.2467236067	0.0222797071
0	0.0786138488	0.2518226656	0.0034478337	0.1075515869	0.5585640650
0	0.0745605341	0.0178092198	0.8018547538	0.0001678038	0.1056076885
1	0.1738330577	0.0608521053	0.1594422108	0.5462756775	0.0595969487
0	0.2653033323	0.3425346641	0.0936310723	0.1363545111	0.1621764202
0	0.4632990537	0.0062783267	0.1290742641	0.0723077602	0.3290405954
1	0.0164476112	0.0327266307	0.6942912775	0.2560598675	0.0004746131
1	0.1668618883	0.0665387175	0.1516193521	0.5720404926	0.0429395495
0	0.0107539380	0.0535821823	0.2302925314	0.0876431655	0.6177281828
0	0.0006335867	0.0000736089	0.3867136071	0.6120164617	0.0005627355
0	0.0673376196	0.0019768469	0.7097930577	0.1323598441	0.0885326316
0	0.1767579833	0.2080090197	0.5074188579	0.1078140914	0.0000000477
0	0.0384947779	0.0000028795	0.9605978164	0.0009045262	0.0000000001
0	0.0404615201	0.0101164157	0.1215916350	0.1177539247	0.7100765045
0	0.1301207630	0.0075755047	0.3001334429	0.5494278879	0.0127424015
1	0.4006280607	0.4852191555	0.0004379200	0.0062775787	0.1074372851
0	0.0651639932	0.2391202573	0.4167357969	0.2788319751	0.0001479776
0	0.0000322791	0.0000007311	0.8987189778	0.0924785119	0.0087695001
0	0.0558360996	0.0459695679	0.8611793215	0.0174476759	0.0195673351
0	0.3646491474	0.1944432837	0.0022103400	0.4210951713	0.0176020576
0	0.9834619630	0.0089345366	0.0073697983	0.0002337018	0.0000000004
0	0.2729937474	0.5223135540	0.1915634727	0.0110207548	0.0021084711
0	0.0000011341	0.3003393385	0.6122095035	0.0190546172	0.0683954067
1	0.5633673032	0.0169388907	0.2954536542	0.0945309401	0.0297092119
1	0.0032188732	0.2100372990	0.5000776493	0.2774796912	0.0091864873
1	0.0069669436	0.3036950321	0.6067256376	0.0030283147	0.0795840720
1	0.0023526384	0.5044889360	0.0985825436	0.3943073654	0.0002685167
0	0.0714517416	0.1486368011	0.1510106665	0.4396951883	0.1892056024
0	0.1080568380	0.1220924674	0.4254788933	0.0005773790	0.3437944223
1	0.3189492331	0.1755412721	0.0949528683	0.1198632983	0.2906933282
0	0.0775443506	0.3288962386	0.1064956379	0.4858787453	0.0011850276
0	0.0003142185	0.1085289843	0.4483132290	0.0856018030	0.3572417652
0	0.1284757966	0.6785833149	0.1047675198	0.0254487740	0.0627245946
0	0.0925041071	0.0203946219	0.0358838092	0.8512174397	0.0000000220
1	0.0481541389	0.1452889061	0.7001462477	0.1011950900	0.0052156173
0	0.0093516893	0.2336947310	0.0958613735	0.4433732135	0.2177189926
0	0.0004257145	0.1327064965	0.1082883938	0.2016693413	0.5569100539
1	0.1503043105	0.0086282881	0.8410672423	0.0000001591	0.0000000000
1	0.1427470269	0.7368434778	0.1160612861	0.0022421389	0.0021060704
0	0.4369173311	0.3373071897	0.1553569365	0.0703790576	0.0000394851
0	0.2821054521	0.1239869234	0.5515025443	0.0423998671	0.0000052131
0	0.0088540418	0.0245320577	0.0000000042	0.9495263091	0.0170875872
0	0.4714389477	0.0249963615	0.0000078677	0.4901003699	0.0134564531
0	0.3485344799	0.1128728427	0.0426530833	0.4952224292	0.0007171649
0	0.0000052429	0.0000840341	0.0715171774	0.7586158655	0.1697776801
1	0.0009617526	0.5849402450	0.2595044640	0.1290346409	0.0255588975
0	0.6052375601	0.0000000026	0.0090339740	0.3750325984	0.0106958649
0	0.0020369662	0.0387261816	0.2347267129	0.0142671297	0.7102430096
0	0.4456190314	0.0531698447	0.3478678350	0.1402760131	0.0130672758
0	0.0287314879	0.0407703464	0.5246925509	0.0097937218	0.3960118930
0	0.2284746310	0.0304636593	0.0003258043	0.1190876691	0.6216482363
0	0.1032254459	0.3008187733	0.1899643356	0.3973232882	0.0086681570
1	0.0000836895	0.0113878566	0.4858220443	0.5009963325	0.0017100771
0	0.7322132013	0.1319093708	0.0427193705	0.0627129374	0.0304451200
0	0.0058032853	0.1135065868	0.0322971793	0.0413993288	0.8069936198
0	0.0369256216	0.0000950881	0.1750353099	0.7145261998	0.0734177806
0	0.0797896958	0.1165244362	0.5543371504	0.2493487176	0.0000000000
0	0.0051263827	0.0040575001	0.8710765916	0.0033069035	0.1164326221
1	0.0142964762	0.0934472818	0.4949929297	0.1551232044	0.2421401080
