0	0.0326205159	0.1043246150	0.3980315732	0.4650232959	0.0000000001
1	0.0144414261	0.9397281101	0.0000005116	0.0458299522	0.0000000000
0	0.0173692979	0.0921919707	0.3677475972	0.3851453399	0.1375457943
0	0.0181037552	0.0212720520	0.2411577254	0.0105267072	0.7089397601
0	0.6885298033	0.0002342618	0.2655022587	0.0397023211	0.0060313551
2	0.0000292673	0.3375841693	0.1279234698	0.5341694041	0.0002936895
0	0.0253180859	0.0452669186	0.1364394576	0.6343786364	0.1585969015
0	0.0612683471	0.0398501845	0.7976118721	0.0992775880	0.0019920084
0	0.0170579434	0.0078020805	0.0178753297	0.8866935404	0.0705711059
0	0.0016884671	0.1136982736	0.0624765332	0.5394250928	0.2827116332
0	0.0140713053	0.2219943917	0.7378775077	0.0260567954	0.0000000000
1	0.1767891302	0.5790216914	0.0002378282	0.1815085272	0.0624428229
0	0.0062254457	0.4742491076	0.2222473409	0.2971738200	0.0001042858
0	0.3171907891	0.2443542964	0.0250973394	0.0770904275	0.3362671475
1	0.1923346766	0.0018764075	0.6241158624	0.1816730029	0.0000000505
0	0.2776405751	0.5370958584	0.0803947738	0.1048687928	0.0000000000
0	0.4448595605	0.0489323225	0.0868712707	0.3539172405	0.0654196059
0	0.0611577671	0.9362118087	0.0014008867	0.0000000000	0.0012295375
0	0.0002130168	0.2382235342	0.0009396814	0.0901509286	0.6704728390
0	0.5798057010	0.2554841714	0.1416050240	0.0230847855	0.0000203181
0	0.4666385819	0.3724035851	0.0640066272	0.0948949116	0.0020562942
0	0.2651956360	0.4399828365	0.0000144303	0.0942322735	0.2005748236
0	0.0004951455	0.0583541781	0.0317500990	0.7420801106	0.1673204667
1	0.5083937490	0.0399082938	0.0341266690	0.0781845540	0.3393867342
0	0.0331784581	0.0441828895	0.0012234805	0.7403404048	0.1810747671
0	0.0338669945	0.3600910126	0.2014975295	0.4043902070	0.0001542564
1	0.1016728167	0.0122976096	0.7861756858	0.0001079590	0.0997459290
0	0.2590280436	0.2160272819	0.4162210166	0.1087199092	0.0000037487
0	0.0017157744	0.0161034373	0.0691826662	0.7952990412	0.1176990809
0	0.3113038333	0.0259693603	0.1641918142	0.0569484352	0.4415865570
0	0.1766656288	0.2927815091	0.3572845034	0.1732542800	0.0000140786
0	0.0946864035	0.0066371964	0.0381490049	0.8578517512	0.0026756441
1	0.3346946779	0.1490195062	0.0000000000	0.5161442064	0.0001416095
0	0.2496973488	0.2278195112	0.3391258005	0.1575730486	0.0257842909
0	0.0280258775	0.2299634476	0.1094355875	0.3550879094	0.2774871780
0	0.0423269172	0.5187973173	0.0155440512	0.3721688953	0.0511628190
0	0.1284800043	0.1580202332	0.1138715175	0.5647124788	0.0349157662
0	0.0138325255	0.0000816836	0.0487940743	0.9015676524	0.0357240642
0	0.0006578921	0.0028783227	0.4330231515	0.5634405639	0.0000000699
0	0.0003262531	0.0068963289	0.4042542898	0.5883320891	0.0001910392
2	0.0259386863	0.1816953609	0.6966372495	0.0848303412	0.0108983621
0	0.0044759568	0.3688199274	0.0137672884	0.5870518430	0.0258849844
0	0.7472220061	0.0000000150	0.0614927952	0.0686649463	0.1226202374
0	0.3388892980	0.0922258528	0.1808956428	0.2946119893	0.0933772171
0	0.0669226227	0.0077587829	0.7057754331	0.0000029555	0.2195402058
0	0.0121106052	0.5857983389	0.0093574472	0.3922338157	0.0004997930
0	0.1137209246	0.8411343703	0.0030256173	0.0017873644	0.0403317233
0	0.0000053709	0.0821711743	0.3202550774	0.5975683199	0.0000000575
0	0.3765758190	0.0104327067	0.0520136658	0.0214365358	0.5395412727
0	0.0222033527	0.5649499826	0.3387950389	0.0446134111	0.0294382147
0	0.0428632362	0.0000005467	0.1056431564	0.7905264169	0.0609666438
0	0.7883597894	0.1773105816	0.0224994268	0.0081806142	0.0036495880
0	0.0000970244	0.0004440783	0.9992287317	0.0000000067	0.0002301588
0	0.3986259353	0.0339214122	0.2105449522	0.3184992312	0.0384084691
1	0.4507857377	0.0782863241	0.2173918010	0.2535361372	0.0000000000
0	0.0516006369	0.0520559952	0.0753215260	0.6959859430	0.1250358989
1	0.0191826552	0.0000012615	0.5947082951	0.0827089437	0.3033988446
0	0.1391254480	0.3429034740	0.1425547800	0.3055291576	0.0698871404
0	0.0271317469	0.6450940500	0.0571370555	0.2169665047	0.0536706430
0	0.0000000000	0.0071136330	0.0546891663	0.9284520915	0.0097451091
0	0.1032920915	0.1244514651	0.5482572578	0.1705345634	0.0534646221
0	0.1326012185	0.6377482736	0.0181235279	0.0379248374	0.1736021426
1	0.2012776384	0.3105703462	0.4347460726	0.0533844772	0.0000214656
0	0.3166039772	0.0140702923	0.0504198676	0.0832478075	0.5356580554
0	0.0066210489	0.0459799852	0.7833568300	0.1360513834	0.0279907526
0	0.0004688757	0.0232049473	0.5233842573	0.3600569128	0.0928850069
1	0.0001244979	0.0037342732	0.1941465288	0.8017210664	0.0002736337
0	0.0107448616	0.4857010323	0.0051070420	0.4030199718	0.0954270923
0	0.1892245617	0.0000000703	0.0013758559	0.6842321414	0.1251673708
0	0.6954632824	0.2178724527	0.0162497361	0.0037799100	0.0666346188
0	0.4222610243	0.0000218808	0.2808873844	0.2942170283	0.0026126822
0	0.0008446266	0.0436623127	0.3874924910	0.0101521239	0.5578484458
0	0.0017267370	0.2715683956	0.0918955575	0.6328276354	0.0019816744
0	0.1160797479	0.0148700563	0.0827632897	0.7846701642	0.0016167419
0	0.0110115897	0.6410443087	0.0673831865	0.1664267593	0.1141341558
0	0.0000000036	0.0005818746	0.3067307327	0.5644967040	0.1281906851
0	0.2078783083	0.0000112263	0.1564980900	0.0124470803	0.6231652951
0	0.0000000173	0.0065874934	0.0124353893	0.9654199321	0.0155571678
0	0.1192098642	0.1673303040	0.5037650269	0.0033020395	0.2063927654
0	0.7338521270	0.1027436328	0.0010763351	0.0429250841	0.1194028209
0	0.5148592226	0.0000721471	0.4043396615	0.0801403978	0.0005885710
0	0.0121167916	0.2516056687	0.0414281790	0.6577976056	0.0370517551
0	0.0716518308	0.8637667929	0.0180580241	0.0465233504	0.0000000018
0	0.1317355960	0.0003075214	0.6368550665	0.1066004928	0.1245013232
0	0.1551783385	0.3687453762	0.3470851142	0.0929924947	0.0359986765
1	0.1439142193	0.0008838864	0.7757701381	0.0066173191	0.0728144371
1	0.0054339725	0.2173031507	0.1134522088	0.6420721225	0.0217385456
0	0.0014976275	0.0009439938	0.9672296764	0.0262790595	0.0040496428
1	0.0016340053	0.2043523690	0.7930980984	0.0009155274	0.0000000000
0	0.0325508413	0.0000124514	0.0451514795	0.9096281174	0.0126571103
2	0.2912883701	0.0219521742	0.0820206976	0.3177697177	0.2869690404
0	0.1599812006	0.2865006881	0.3102261708	0.0981321193	0.1451598212
0	0.0116752817	0.2994024433	0.0120896653	0.5904412329	0.0863913768
0	0.0288606788	0.8416633152	0.0341064281	0.0001326516	0.0952369262
1	0.0481119571	0.0279840760	0.1862637737	0.7319021120	0.0057380812
0	0.0996029245	0.5735791166	0.0000672515	0.0619543588	0.2647963486
0	0.5087542761	0.0002299045	0.2194960407	0.0515871270	0.2199326518
0	0.4646862142	0.0524566665	0.4246576425	0.0567743016	0.0014251752
0	0.1020411264	0.0219369792	0.3893725267	0.3754064297	0.1112429379
0	0.1458969144	0.0499583995	0.0466447630	0.6202304270	0.1372694961
