0	0.1171522501	0.0107365079	0.1390277606	0.7330783126	0.0000051687
0	0.0000104195	0.5609289688	0.1322959759	0.3055589998	0.0012056359
0	0.0000037662	0.3344075525	0.6467445005	0.0033105605	0.0155336203
0	0.3258326547	0.0075727967	0.6648343972	0.0015078712	0.0002522802
0	0.0079708511	0.0112506513	0.9621706751	0.0050447531	0.0135630692
0	0.0693571388	0.0000000732	0.0329982548	0.1968323275	0.7008122056
2	0.0041314967	0.0020510816	0.5848835130	0.4089339088	0.0000000000
0	0.0093667547	0.1250079258	0.0013414536	0.6066172387	0.2576666273
0	0.0118759113	0.0903722550	0.5849000541	0.0769296385	0.2359221411
1	0.0000000000	0.0000000000	0.2050027050	0.7330590968	0.0619381982
0	0.0000000816	0.1034125606	0.4787566923	0.0011490962	0.4166815694
0	0.0004849241	0.0790836434	0.0015049953	0.7516179254	0.1673085118
0	0.0000000023	0.0639538654	0.7818989142	0.0000111003	0.1541361179
0	0.2805986727	0.2450047200	0.4623582471	0.0006358501	0.0114025101
0	0.0560578512	0.0849471041	0.6373177457	0.0000022881	0.2216750109
0	0.0112435556	0.0020060274	0.9515694103	0.0016588048	0.0335222018
0	0.0005861812	0.3774424234	0.4220132168	0.1568131200	0.0431450586
0	0.1311321086	0.0000000000	0.7551627186	0.0877653548	0.0259398180
0	0.1429949884	0.0118505975	0.1218063779	0.4225300861	0.3008179502
1	0.0000715821	0.0182494453	0.0123027352	0.9034987826	0.0658774548
0	0.1038102345	0.6049578162	0.2127334556	0.0784984937	0.0000000000
0	0.1500983607	0.2522204009	0.0227411352	0.3477981274	0.2271419759
1	0.0000215396	0.2914194421	0.1523585126	0.3368104998	0.2193900059
0	0.0003506571	0.1474203455	0.5760883479	0.0000013542	0.2761392953
0	0.0000000000	0.0243499864	0.8998102899	0.0118480385	0.0639916852
0	0.0671790231	0.0000000357	0.1346606399	0.0000006103	0.7981596910
0	0.0000000003	0.8807365460	0.0153818858	0.1038637797	0.0000177884
0	0.0245549129	0.0995203658	0.0028301519	0.0072456818	0.8658488876
0	0.0057899711	0.0000218331	0.8658403144	0.0486155773	0.0797323041
0	0.0727563877	0.0921742876	0.7361141361	0.0139104994	0.0850446892
0	0.0602439186	0.2996882797	0.3919921601	0.0407773273	0.2072983144
1	0.0000000020	0.0009971268	0.8923327482	0.0677564680	0.0389136550
1	0.0067833475	0.0972428498	0.6597017252	0.2331873682	0.0030847092
0	0.2070945863	0.3085193582	0.2359660523	0.0000296494	0.2483903539
1	0.0000000539	0.0004397572	0.1238444238	0.8749170795	0.0007986856
0	0.2184231596	0.0182104718	0.5161642791	0.0247272337	0.2224748557
0	0.0118806500	0.0687556865	0.0089388657	0.9084665472	0.0019582506
0	0.0014300582	0.3131730778	0.1070958276	0.0693400589	0.5089609775
1	0.1001570671	0.0180824290	0.1319711234	0.7006532332	0.0491361473
0	0.8364449660	0.0000287228	0.0563441826	0.1068298662	0.0003522624
0	0.0138508943	0.5258139275	0.2518866192	0.2084485589	0.0000000000
0	0.6839741095	0.0897370670	0.0322159249	0.0903452560	0.1037276427
0	0.0000061017	0.0193490058	0.8031107976	0.0687259597	0.1088081352
1	0.0000000000	0.0177565425	0.9302304658	0.0450704678	0.0069425239
0	0.0288541315	0.0056724882	0.0020805736	0.3153561950	0.6480366117
1	0.0003414241	0.0000084701	0.1148086874	0.1038219638	0.7810194546
1	0.0445649534	0.0047273595	0.4537616888	0.4118486422	0.0850973562
0	0.0000000000	0.7852394265	0.1802495810	0.0049322598	0.0295787328
0	0.0000539600	0.0281942894	0.0201950834	0.0000000000	0.9515566672
1	0.0059114085	0.0000358544	0.0713841613	0.5005514739	0.4221171020
0	0.2742094489	0.1750308853	0.2232310985	0.2691366795	0.0583918877
0	0.3531112797	0.5796138565	0.0284188029	0.0000851781	0.0387708828
0	0.4844361943	0.0796371279	0.3007957548	0.0002968285	0.1348340946
1	0.0047527820	0.0229024598	0.6506775762	0.3211118658	0.0005553162
0	0.2804004737	0.0390297666	0.2198883681	0.0822135487	0.3784678430
0	0.0005515305	0.0000696634	0.9734315413	0.0119753720	0.0139718928
0	0.0063187584	0.6564918597	0.0130909999	0.0005722960	0.3235260860
0	0.2020647906	0.1010376142	0.3513880831	0.1955312063	0.1499783057
2	0.0016497039	0.0058758187	0.1790766428	0.7928187173	0.0205791173
0	0.0118927066	0.6845819666	0.0070777277	0.2526350047	0.0438125944
0	0.3158952209	0.0831354365	0.5918113684	0.0004039288	0.0087540454
0	0.0133702909	0.0736033858	0.8825811704	0.0001258523	0.0303193005
0	0.1718481940	0.7991860899	0.0220153904	0.0069502815	0.0000000442
0	0.0926995680	0.4325369831	0.4609246452	0.0000000000	0.0138388037
0	0.1019163439	0.0429721628	0.5259000930	0.0974238267	0.2317875736
0	0.0000122428	0.0433092250	0.9236505470	0.0323847096	0.0006432756
0	0.0850443108	0.6618455362	0.0530539232	0.1966281221	0.0034281077
0	0.8313441674	0.1214973374	0.0238280771	0.0224941775	0.0008362406
0	0.0008294743	0.5862486432	0.0872237863	0.0177375803	0.3079605159
0	0.0265360697	0.0119170964	0.9455927880	0.0074538844	0.0085001615
0	0.0000580110	0.0224340628	0.9583214963	0.0191864266	0.0000000032
1	0.0000000000	0.0000000000	0.5062021410	0.4864739028	0.0073239561
0	0.0002614948	0.0051154426	0.9558742594	0.0231166081	0.0156321950
0	0.0000000034	0.0004124224	0.0737943029	0.1793838903	0.7464093811
1	0.0000138914	0.0005449340	0.5033764460	0.1782726009	0.3177921277
0	0.0044865817	0.0583306930	0.0019474095	0.1897805172	0.7454547986
1	0.0051552884	0.0331824046	0.6552807700	0.2870691424	0.0193123946
0	0.0018696166	0.0068416834	0.1417635152	0.0428809707	0.8066442141
0	0.0000000000	0.0000000026	0.1153930291	0.8412484225	0.0433585458
0	0.3419538946	0.1068248473	0.2947081743	0.0930118475	0.1635012362
0	0.0673612243	0.1256721888	0.6635312313	0.0679444095	0.0754909462
0	0.0001271221	0.9707484164	0.0006052255	0.0206048972	0.0079143389
0	0.0534920826	0.0959481412	0.4155590002	0.3992220370	0.0357787389
1	0.0423552540	0.0009301408	0.5577852219	0.3905475487	0.0083818346
1	0.0123662629	0.3765024526	0.3157303669	0.2940780442	0.0013228733
0	0.0296291509	0.1572569218	0.1126812224	0.5762143111	0.1242183938
0	0.2867489965	0.1129590995	0.3377999387	0.0719708041	0.1905211612
0	0.1089872708	0.0024390416	0.7120490593	0.0407664671	0.1357581612
1	0.0105927867	0.0086873740	0.9634252342	0.0122066186	0.0050879866
0	0.0013509072	0.0272820659	0.7645136127	0.2068534143	0.0000000000
0	0.0032233259	0.1815864826	0.1322577292	0.6809971335	0.0019353288
1	0.0111652044	0.0007222423	0.7291298220	0.2529989039	0.0059838273
0	0.0003113010	0.0562826926	0.9338252231	0.0095807832	0.0000000000
1	0.0480439729	0.0656631542	0.2774340047	0.5988517159	0.0100071523
0	0.0101715568	0.0038084939	0.3268530106	0.4498180709	0.2093488679
0	0.0000000000	0.1082025015	0.8917935373	0.0000039612	0.0000000000
0	0.0000000025	0.0017858577	0.3040252807	0.5297784237	0.1644104355
0	0.0010534077	0.1522967846	0.0024716814	0.0970650712	0.7471130551
0	0.0002191359	0.0012304339	0.6317864555	0.2224165726	0.1443474021
0	0.0016100362	0.1317253943	0.3314156993	0.1223595501	0.4128893201
