1	0.0076786531	0.0009401312	0.9839480642	0.0074331453	0.0000000062
0	0.0000171779	0.3102188204	0.1460266755	0.0779215966	0.4658157296
0	0.0114461513	0.5696548609	0.0312884959	0.3625992476	0.0250112443
0	0.1277570689	0.1509525250	0.0624005098	0.4407357768	0.2181541195
0	0.4193080227	0.2023295092	0.0001640844	0.0655811149	0.3126172687
0	0.1438892101	0.0006104041	0.0935720546	0.3856806808	0.3762476504
0	0.0285456613	0.0637420011	0.4401467808	0.0480410774	0.4195244795
0	0.0000126719	0.0427448377	0.6154721080	0.0000057085	0.3417646739
1	0.0000000000	0.0014771988	0.0427373573	0.9354714192	0.0203140247
0	0.0000328711	0.0032887170	0.9577086556	0.0389697162	0.0000000401
0	0.0000000022	0.2164675382	0.3929845402	0.1977650458	0.1927828737
0	0.0000000000	0.0363494238	0.0440731607	0.4244621077	0.4951153078
0	0.0000000000	0.0000290739	0.3141193723	0.6840346231	0.0018169306
0	0.0215621802	0.0074336119	0.8845622483	0.0102138667	0.0762280929
1	0.0177867879	0.0800598430	0.5506610084	0.3481692928	0.0033230678
0	0.0000000000	0.9604850244	0.0157314906	0.0237424565	0.0000410286
0	0.0017999632	0.1873049303	0.5122783708	0.2921346585	0.0064820772
1	0.0000618973	0.0383125850	0.6320107871	0.0587065023	0.2709082283
1	0.0028728598	0.0000000066	0.5555418637	0.1520459418	0.2895393282
0	0.0046729674	0.0005558572	0.5361773839	0.1081644917	0.3504292998
0	0.0167973929	0.0000738293	0.0638097109	0.9193188049	0.0000002620
1	0.0010965153	0.0027773221	0.9146325381	0.0757425878	0.0057510367
1	0.0119901760	0.0020247954	0.3685576845	0.6046345128	0.0127928313
1	0.0024683765	0.0073565358	0.8705518060	0.0758060008	0.0438172809
1	0.0000423453	0.0132536422	0.0193651446	0.9252911256	0.0420477423
0	0.0016680820	0.1318121794	0.1633820926	0.0439977610	0.6591398850
0	0.0050964128	0.4866894071	0.5071941378	0.0000324105	0.0009876319
1	0.0447406916	0.0120697244	0.2224942014	0.0440605911	0.6766347915
0	0.0066550160	0.0003137601	0.9914224790	0.0016053545	0.0000033904
0	0.0002368983	0.1054154486	0.1031066292	0.7543955363	0.0368454876
0	0.0290653372	0.0009482686	0.6490800138	0.2265845251	0.0943218554
0	0.0277327861	0.1701464446	0.0157659836	0.6086661504	0.1776886352
0	0.0608732748	0.1817825856	0.7068362295	0.0355731982	0.0149347119
1	0.0000092228	0.0000032881	0.4837853411	0.0308298377	0.4853723103
2	0.0007917516	0.0000000024	0.8158833429	0.1804613604	0.0028635428
0	0.0000749869	0.1721648377	0.0684911793	0.0247886393	0.7344803568
0	0.0000000000	0.4475098489	0.5484674953	0.0000000000	0.0040226559
0	0.1728463565	0.0099077962	0.8064405011	0.0000002855	0.0108050608
0	0.0000000000	0.1610051702	0.1427148351	0.5901924546	0.1060875401
0	0.0000542990	0.0079386517	0.0368375357	0.9437282797	0.0114412340
0	0.0018316553	0.0100978843	0.0103956754	0.0397719527	0.9379028323
0	0.0216952976	0.0000223729	0.1388445603	0.8378815204	0.0015562488
1	0.0008778940	0.0080690852	0.7629145032	0.2199169626	0.0082215550
0	0.0000044169	0.0054526499	0.9943316772	0.0000024538	0.0002088022
0	0.0138371365	0.0540197344	0.2407665817	0.2356831006	0.4556934467
1	0.0000000006	0.0000725971	0.4688348314	0.5254258695	0.0056667014
0	0.0029320954	0.0002223487	0.6296998135	0.3670356473	0.0001100951
0	0.0618010329	0.0703314294	0.0986483149	0.0023244276	0.7668947952
0	0.0011612479	0.0129663915	0.0198954122	0.6115943063	0.3543826421
0	0.0000000554	0.0000698464	0.1637672995	0.7663527342	0.0698100645
1	0.0102170421	0.0046377420	0.7556955380	0.2145086297	0.0149410483
0	0.1153744870	0.3162920667	0.4670853197	0.0743964161	0.0268517106
0	0.0079741351	0.6382464565	0.3352730145	0.0116327484	0.0068736454
1	0.0053151768	0.0019453213	0.9402432034	0.0520659849	0.0004303136
0	0.0049900972	0.0560741456	0.4364016752	0.0024857608	0.5000483213
0	0.0000000000	0.0000000204	0.6614926709	0.3085760568	0.0299312518
0	0.1355347248	0.2827349922	0.3457447183	0.1067695313	0.1292160334
0	0.0021597920	0.0307498430	0.9115005232	0.0000503962	0.0555394455
0	0.0689340807	0.5322954871	0.0645381193	0.3066010329	0.0276312800
0	0.7567308467	0.0000000941	0.1616629227	0.0761393487	0.0054667877
0	0.0484174799	0.0016101379	0.4701664082	0.0026679383	0.4771380358
0	0.0712008164	0.0969975437	0.6595272190	0.0026661029	0.1696083181
0	0.1113814946	0.0027298556	0.7134038795	0.0145401270	0.1579446433
0	0.0883563341	0.0000012885	0.7406564257	0.0320874648	0.1388984869
0	0.3680616628	0.0520926580	0.2132511724	0.3665836851	0.0000108216
0	0.0000197765	0.6356296374	0.0361843556	0.2528579942	0.0753082364
0	0.1501554176	0.0275670651	0.6874819902	0.1347952219	0.0000003053
1	0.0072146756	0.0039360262	0.9219067522	0.0669424441	0.0000001019
0	0.0000000364	0.0001824846	0.9967015262	0.0031120136	0.0000039393
0	0.0002803274	0.0018813178	0.5282163310	0.0000003772	0.4696216466
0	0.2675388868	0.0415410479	0.2800639328	0.3006560004	0.1102001321
1	0.0000357355	0.0000000004	0.5384426465	0.0082110366	0.4533105810
0	0.0159823715	0.0055398766	0.9258064335	0.0145177876	0.0381535309
0	0.0326976986	0.0540694992	0.3438130922	0.5652865693	0.0041331407
0	0.0058701091	0.0000000000	0.8427139454	0.0210072327	0.1304087128
0	0.0000000000	0.0461260951	0.0244510687	0.0383428055	0.8910800307
0	0.0000000065	0.6572584793	0.0363864572	0.2362441063	0.0701109507
0	0.0004584847	0.3378690812	0.1249234380	0.3337671008	0.2029818953
0	0.0000000292	0.0000000107	0.8915571042	0.1075247628	0.0009180932
0	0.6526571517	0.0153145676	0.1315559109	0.1899882390	0.0104841308
1	0.0257575856	0.0000000087	0.1500967097	0.7791564408	0.0449892552
1	0.0042567188	0.0606956556	0.0236634385	0.3034585392	0.6079256479
0	0.0000012051	0.0583771170	0.3064203625	0.0000000010	0.6352013144
0	0.0021649157	0.0000004700	0.0244210653	0.2521880386	0.7212255105
0	0.7142468032	0.1123672082	0.0675681290	0.0150461207	0.0907717390
0	0.0002607672	0.0005468702	0.1484666593	0.8082466015	0.0424791018
0	0.0066869067	0.4615400368	0.4923090389	0.0022309396	0.0372330781
0	0.1880413016	0.3218897810	0.0212881033	0.0000000003	0.4687808139
0	0.0006813269	0.0081541904	0.9608401113	0.0025285046	0.0277958668
0	0.0019089514	0.1783684428	0.0881853402	0.1519372900	0.5795999756
0	0.0012924906	0.0000000000	0.1437920947	0.7786497102	0.0762657044
0	0.0551887953	0.8430323972	0.0696472909	0.0321315046	0.0000000121
0	0.2216552622	0.0090994462	0.1448708991	0.6243275386	0.0000468540
1	0.0259373976	0.0441554369	0.1532579743	0.7441346655	0.0325145258
0	0.0090712630	0.1724876076	0.6755332287	0.0064385927	0.1364693080
0	0.0754562812	0.0099428162	0.0026755915	0.1632103226	0.7487149884
0	0.1823257304	0.0013809552	0.1921151600	0.2501246442	0.3740535102
1	0.0175675621	0.0035535124	0.4055511819	0.5732921990	0.0000355445
1	0.0120422965	0.0008750878	0.0148722781	0.9373269698	0.0348833678
0	0.0198937985	0.0109718934	0.7621972383	0.0000000023	0.2069370676
