0	0.0125560000	0.4642377851	0.5065779524	0.0160283951	0.0005998673
0	0.0282354798	0.6622133664	0.2679913827	0.0305633901	0.0109963810
0	0.2929400357	0.0407687413	0.3465097821	0.1874050230	0.1323764179
1	0.0344676759	0.0250375609	0.0441982139	0.6451105655	0.2511859838
0	0.1105085834	0.0231727326	0.4412099238	0.0024363647	0.4226723955
1	0.0000125636	0.0028289416	0.9344263044	0.0627321388	0.0000000517
1	0.0404426947	0.0059709192	0.4686839578	0.1708527754	0.3140496529
1	0.0267738213	0.0000850376	0.0970777950	0.8036048681	0.0724584779
0	0.0752112364	0.1655291410	0.1133307168	0.0011229963	0.6448059095
0	0.0000000000	0.0073314063	0.3713596031	0.6209448592	0.0003641313
0	0.6523326247	0.0093356380	0.0000158002	0.2255028937	0.1128130434
0	0.0605000598	0.2723812572	0.1460207737	0.1107158768	0.4103820325
0	0.0000042477	0.0567410830	0.9164662272	0.0067265443	0.0200618979
0	0.0000000000	0.0590525835	0.8791489712	0.0617541349	0.0000443105
0	0.0003843920	0.0652772437	0.7914952916	0.0024620029	0.1403810698
0	0.0000000000	0.0867728365	0.0000036138	0.8513617239	0.0618618258
0	0.0000000000	0.2700192991	0.5533167591	0.0004459012	0.1762180406
0	0.0000681008	0.0000058936	0.1286992045	0.7718487856	0.0993780155
0	0.0037636349	0.0675765319	0.9001551142	0.0000148038	0.0284899151
0	0.0364114798	0.0000002812	0.7883361846	0.1577430218	0.0175090326
0	0.0716890611	0.0001158493	0.0650648544	0.6181523907	0.2449778445
0	0.6582660178	0.0033619300	0.2962411282	0.0421289622	0.0000019618
0	0.2774550790	0.0001378409	0.3685921486	0.3537873587	0.0000275729
1	0.0000067872	0.0935417245	0.1395718793	0.0403524004	0.7265272085
0	0.1458421168	0.6071377256	0.2113582871	0.0356618705	0.0000000000
0	0.0000000171	0.7425095149	0.1741696185	0.0528204022	0.0305004473
0	0.2970639092	0.1861314188	0.1791464049	0.3376582671	0.0000000000
1	0.0000001627	0.0000047799	0.1627759531	0.7415370263	0.0956820779
1	0.0128071401	0.0889130253	0.5667548877	0.3292999159	0.0022250311
0	0.0037245445	0.0445748888	0.4798103030	0.4420191407	0.0298711230
0	0.0000000144	0.0018343427	0.3769588730	0.6063161550	0.0148906149
0	0.7575666893	0.2411920204	0.0012383843	0.0000004675	0.0000024386
0	0.0897495208	0.3350675746	0.5564962785	0.0147750169	0.0039116091
1	0.0290780629	0.0182359241	0.5964570508	0.3561493642	0.0000795981
0	0.0001137212	0.2540765312	0.5939741421	0.0027118013	0.1491238042
0	0.0000000000	0.0070031554	0.5694611202	0.2496000060	0.1739357184
0	0.0886492526	0.0046757400	0.0083590046	0.8103449442	0.0879710586
0	0.0000388031	0.0433592282	0.8648956385	0.0732637498	0.0184425805
0	0.5456687648	0.0000003402	0.0461396778	0.0001137104	0.4080775068
0	0.0012418574	0.0075011289	0.9580325404	0.0098103761	0.0234140973
0	0.5703926120	0.0238362327	0.4057711330	0.0000000223	0.0000000000
0	0.0014489478	0.0000000000	0.1094366341	0.2721025843	0.6170118337
0	0.2798342610	0.0224833164	0.1935479644	0.2042399553	0.2998945029
0	0.1751911376	0.0000000000	0.0000566822	0.0989558903	0.7257962898
0	0.0029034838	0.7245051808	0.2653797486	0.0000000000	0.0072115868
0	0.0028846785	0.8936084393	0.0601806362	0.0334776809	0.0098485652
1	0.0000000000	0.0037575260	0.5170414283	0.4337188333	0.0454822124
0	0.2914199437	0.5036847161	0.1851957624	0.0107644992	0.0089350787
1	0.0672220973	0.0311581989	0.3760645823	0.5227168698	0.0028382517
0	0.0010851119	0.0000011206	0.0281706042	0.1810596985	0.7896834648
0	0.0007204321	0.2175800829	0.6558683694	0.0196869445	0.1061441711
0	0.3876349278	0.0196997581	0.5182674977	0.0743978160	0.0000000004
0	0.0000000000	0.7336731971	0.0017004868	0.1013457686	0.1632805475
0	0.2633837576	0.0131186082	0.1375994783	0.0103024415	0.5755957144
0	0.0000025916	0.7471335258	0.0002505445	0.0173123528	0.2353009853
0	0.0007586631	0.0254492965	0.3763154129	0.1795128902	0.4179637372
0	0.0012659391	0.1346956688	0.5821449300	0.0272367110	0.2546567511
0	0.0000000075	0.1705011131	0.0000390060	0.4559120129	0.3735478605
0	0.1464800526	0.0014170592	0.7593208439	0.0924381747	0.0003438697
0	0.0007424710	0.0000073317	0.4567629321	0.0101955657	0.5322916995
0	0.0061225049	0.0003423578	0.9425877994	0.0094275591	0.0415197788
0	0.1314585123	0.0000000002	0.8307896771	0.0131810865	0.0245707239
0	0.0089461779	0.0055060485	0.9634001226	0.0219203237	0.0002273273
0	0.0004250353	0.0122371179	0.0483471349	0.0809288405	0.8580618714
0	0.0062969515	0.2465014221	0.0295034614	0.0000043498	0.7176938152
0	0.0000032392	0.0311223669	0.6897400942	0.2719766975	0.0071576022
2	0.0000000000	0.0002293538	0.6730547966	0.3260519624	0.0006638872
0	0.0889644331	0.7939470375	0.0891461138	0.0002538758	0.0276885399
0	0.0000000000	0.3383613633	0.5172589145	0.0974819466	0.0468977755
0	0.1511828673	0.0108305358	0.8379865937	0.0000000033	0.0000000000
0	0.0018397801	0.0010567941	0.9324225342	0.0004985038	0.0641823878
1	0.0045823674	0.0000815695	0.6031884460	0.2019004076	0.1902472096
0	0.3360754244	0.2274634436	0.2830468818	0.0147935942	0.1386206559
0	0.7551212445	0.1006770807	0.0626676460	0.0325981296	0.0489358991
1	0.0068077401	0.0000051395	0.8288908410	0.0663919412	0.0979043382
0	0.0032087121	0.0341137212	0.9382974978	0.0243774818	0.0000025871
0	0.0000235522	0.0268725874	0.9614328645	0.0101983687	0.0014726272
1	0.0000129458	0.0115832908	0.3178530631	0.6099740263	0.0605766739
0	0.0000000068	0.0042843538	0.0190084831	0.8907898287	0.0859173276
0	0.3579465076	0.4587550447	0.0827882866	0.0259761855	0.0745339756
0	0.0132414128	0.0000151475	0.4647350349	0.0010176301	0.5209907746
0	0.5890274027	0.3719086878	0.0000088983	0.0292066508	0.0098483604
0	0.0000000039	0.0013288599	0.3556516113	0.5774911857	0.0655283392
0	0.0397486441	0.0141797743	0.9452857618	0.0000080822	0.0007777376
0	0.1353120177	0.0096471898	0.3759049355	0.4617084965	0.0174273605
1	0.0800030917	0.0137843435	0.7705813295	0.0516179450	0.0840132902
0	0.0124217802	0.0000000000	0.2917466038	0.6320367387	0.0637948773
1	0.0181255786	0.0000436972	0.7080451523	0.2737855718	0.0000000001
0	0.0172069411	0.0000367016	0.5525251717	0.4176583053	0.0125728803
0	0.0124170689	0.0146916135	0.1099411473	0.2529842977	0.6099658726
1	0.0000094670	0.4139283191	0.3609880829	0.0782366050	0.1468375261
0	0.1973021042	0.0006138015	0.0284727565	0.0000000000	0.7736113378
0	0.0003467139	0.0005815281	0.4803364000	0.3105645460	0.2081708119
0	0.0000002608	0.4713241357	0.2638352249	0.0666406755	0.1981997031
0	0.6282396028	0.0204243416	0.1278566932	0.0011309424	0.2223484200
0	0.0157823799	0.0000004848	0.0012424692	0.5166047537	0.4663699124
0	0.2352738094	0.0000055016	0.0059092490	0.0431609999	0.7156504402
0	0.0028667410	0.0319477034	0.9483361549	0.0000000000	0.0168494007
0	0.0744653500	0.2955344538	0.3538048498	0.2750255208	0.0011698256
0	0.0371329629	0.2076974723	0.6659746000	0.0000001698	0.0891947951
