1	0.1051240330	0.4227991681	0.0773874188	0.3943140430	0.0003753371
0	0.1980070939	0.0051044119	0.4332943700	0.0504468315	0.3131472928
1	0.5999943990	0.0032595501	0.0361747718	0.3602901587	0.0002811204
0	0.0191534691	0.1506370778	0.6902559144	0.1399535387	0.0000000000
1	0.0367135451	0.4334118610	0.3780356148	0.1518387832	0.0000001959
0	0.0712011009	0.0318492698	0.8120814688	0.0750566341	0.0098115264
1	0.3991701856	0.0040133872	0.5842379170	0.0057940219	0.0067844882
0	0.0073444288	0.0609480599	0.1160497917	0.7186436116	0.0970141081
0	0.3618334462	0.0042085257	0.5325633915	0.0418776267	0.0595170098
0	0.0095792103	0.2142436184	0.1384549757	0.5539101354	0.0838120601
0	0.0008804413	0.1632900951	0.0005365451	0.8085985656	0.0266943528
0	0.1899272198	0.0004700852	0.3417085244	0.4216091369	0.0462850337
0	0.0174660851	0.8471168010	0.1233164125	0.0049939672	0.0071067341
1	0.0006368490	0.0768148833	0.9214456134	0.0007175548	0.0003850996
0	0.0237238429	0.3296310028	0.0335501675	0.5979732246	0.0151217622
0	0.0016571413	0.0073202546	0.0418424199	0.2363337381	0.7128464461
0	0.0793187373	0.0359505998	0.5058898290	0.3311274219	0.0477134120
0	0.9499270397	0.0052483560	0.0438775550	0.0009470221	0.0000000272
0	0.0378359431	0.0465675528	0.2952180477	0.5713507203	0.0490277361
1	0.0753729482	0.4625857863	0.3675823091	0.0547865343	0.0396724221
0	0.0089488251	0.6796390802	0.0515949064	0.2587749425	0.0010422458
0	0.1182954351	0.0135242866	0.3873932383	0.3012942805	0.1794927596
1	0.0401895153	0.6508967175	0.2506789138	0.0377437906	0.0204910628
0	0.0772006301	0.3383936761	0.4260198247	0.1407673102	0.0176185588
0	0.0015982704	0.1643849282	0.1267263402	0.5835062798	0.1237841814
0	0.0000054003	0.0011408279	0.8517116947	0.1186214218	0.0285206554
0	0.0360057995	0.0000000000	0.3420550606	0.6219389545	0.0000001853
0	0.0118974880	0.0958259168	0.5084112245	0.2918886650	0.0919767057
0	0.3651754329	0.1402171327	0.4939338036	0.0006736308	0.0000000000
0	0.6036317845	0.0000000008	0.2964533715	0.0969025843	0.0030122589
1	0.0000000000	0.5425686611	0.1648193622	0.1630741949	0.1295377819
0	0.2775090674	0.2394227449	0.1560667373	0.0001043337	0.3268971168
0	0.4630874988	0.0405383486	0.0005129456	0.1966972924	0.2991639146
1	0.1138771543	0.3595029212	0.2983801952	0.0518627199	0.1763770094
0	0.3371189460	0.0000044525	0.0590327394	0.1591749469	0.4446689152
2	0.0383750308	0.3241810540	0.0573045664	0.5509469742	0.0291923746
0	0.0000682202	0.0000597468	0.3897267558	0.4276249028	0.1825203744
0	0.0823058186	0.0056727785	0.5324441008	0.3738627296	0.0057145725
0	0.8321724576	0.0000000000	0.0162491308	0.0142021540	0.1373762576
0	0.2561466618	0.0025778533	0.5412811131	0.0756274942	0.1243668775
0	0.1373331185	0.0557671801	0.0047803106	0.5331228825	0.2689965084
0	0.0981036116	0.3837586692	0.5065645422	0.0007175092	0.0108556678
0	0.2793639226	0.3620747431	0.2288546214	0.0000000015	0.1297067114
0	0.0699459411	0.0300499472	0.0063009978	0.8305684262	0.0631346876
0	0.5579403091	0.0016334952	0.0225414962	0.3681818464	0.0497028530
0	0.0036876885	0.0082657712	0.0891577537	0.7877346099	0.1111541767
0	0.0001917672	0.4374491056	0.0688080426	0.0079848943	0.4855661903
0	0.1808179182	0.0004142366	0.1503299997	0.6675533942	0.0008844514
0	0.5546125554	0.0000000993	0.1357669785	0.2555726829	0.0540476840
0	0.0205941442	0.0111433936	0.1617947190	0.7956438500	0.0108238933
0	0.0613864508	0.0037159153	0.0531596174	0.1134931677	0.7682448488
0	0.0162444698	0.0000000000	0.5879391198	0.3937040042	0.0021124062
1	0.8269454238	0.0005504560	0.1721818747	0.0003201093	0.0000021362
0	0.2564116201	0.0216852900	0.3732190590	0.2043662352	0.1443177958
1	0.0083809235	0.9160786241	0.0540924444	0.0204735072	0.0009745008
0	0.2575038338	0.1152769468	0.5596505883	0.0034580402	0.0641105909
0	0.5517804425	0.0088201820	0.0029803563	0.3845189756	0.0519000435
0	0.1815541164	0.0086003191	0.0718128038	0.2680113062	0.4700214545
0	0.0541548420	0.0027674394	0.8224185817	0.0938151736	0.0268439634
0	0.1369031868	0.4426288225	0.3032520016	0.0198145802	0.0974014089
0	0.0746438846	0.0010744960	0.5469801548	0.2717162397	0.1055852249
0	0.0023355772	0.0808418532	0.9166341109	0.0000035191	0.0001849397
1	0.0498480651	0.1579013639	0.5758420690	0.0028179644	0.2135905376
0	0.0006128413	0.0748427532	0.0550687455	0.8632379336	0.0062377263
0	0.0170562245	0.5308724532	0.0326704029	0.1813559383	0.2380449811
0	0.6778035525	0.2894106855	0.0043451297	0.0284406323	0.0000000000
0	0.0715095361	0.6329518805	0.0119786010	0.2135785980	0.0699813843
1	0.0468487893	0.5476502297	0.0001910443	0.1170271976	0.2882827391
0	0.3851115763	0.0183280563	0.1347851684	0.4220643145	0.0397108845
0	0.0335322103	0.2989493266	0.6339080032	0.0008827926	0.0327276672
0	0.0349748746	0.0604392497	0.0522576793	0.8143141888	0.0380140075
0	0.0264068158	0.0701274327	0.3472936700	0.4427560544	0.1134160270
0	0.4698515934	0.4387796408	0.0294531331	0.0519436348	0.0099719980
0	0.0000958565	0.1724602640	0.2618848051	0.2578178569	0.3077412175
0	0.0059968039	0.0627259448	0.0331054092	0.8793623122	0.0188095298
0	0.0000370758	0.0084538660	0.7824782080	0.1642390457	0.0447918046
0	0.0000290031	0.0000314202	0.3047245761	0.6933692387	0.0018457619
1	0.0043190363	0.9449014907	0.0056632431	0.0216850849	0.0234311450
0	0.2340838066	0.0919300347	0.6037856666	0.0613959104	0.0088045817
0	0.1189535657	0.3565689643	0.2726665408	0.2243296444	0.0274812848
1	0.1174463049	0.2309733368	0.0010593480	0.6505168891	0.0000041212
1	0.1495357122	0.2760136345	0.0222644723	0.5421359315	0.0100502495
0	0.0936523339	0.1364426419	0.5293448751	0.0331146928	0.2074454563
0	0.0765277869	0.0148018044	0.4995722286	0.4088348787	0.0002633014
1	0.0201358218	0.0190593940	0.8037289935	0.0151651596	0.1419106310
1	0.0507713589	0.1563995508	0.4074262359	0.3854024827	0.0000003716
0	0.0276018252	0.4290270432	0.4344621919	0.0995680280	0.0093409116
0	0.0801874780	0.4484075709	0.0502670397	0.0297424204	0.3913954910
0	0.1007811889	0.0478173447	0.2374364252	0.0408834584	0.5730815828
0	0.0322502054	0.0010971227	0.0504262285	0.1354454468	0.7807809967
0	0.1088482584	0.1578115646	0.0195852593	0.7005404981	0.0132144196
1	0.0018098759	0.9207303276	0.0000000693	0.0076908251	0.0697689020
1	0.0105755654	0.6491599553	0.0305588881	0.0310286746	0.2786769166
0	0.2573260539	0.1928098201	0.0302413410	0.5164269510	0.0031958339
0	0.1147863129	0.1311917248	0.4670577611	0.2869641653	0.0000000359
0	0.0000000000	0.0088588444	0.5408509162	0.2981910750	0.1520991644
0	0.0247615026	0.0778086579	0.1912945473	0.6148621015	0.0912731908
0	0.1749333697	0.2117537243	0.0009701486	0.0646851721	0.5476575854
0	0.1489934802	0.0993808044	0.0903991493	0.3141644517	0.3470621146
0	0.0001636210	0.0001109705	0.4515348409	0.5377682613	0.0104223062
