0	0.0153973763	0.4493895399	0.1902391993	0.3449738845	0.0000000000
1	0.2517171759	0.0791724149	0.6642399511	0.0004373834	0.0044330747
0	0.1853008290	0.0465178587	0.4008077132	0.3293229526	0.0380506464
0	0.3608360531	0.0002155006	0.5874307058	0.0387528769	0.0127648635
0	0.9460543476	0.0039749446	0.0023524521	0.0475834823	0.0000347734
0	0.1445804626	0.0885575295	0.2446090816	0.1373631333	0.3848897930
0	0.0005099926	0.5078033555	0.3384248285	0.0230066062	0.1302552172
1	0.0606259321	0.1228742382	0.6932956496	0.0104991542	0.1127050259
0	0.1236018028	0.3944219461	0.4229722599	0.0590034096	0.0000005816
0	0.2985808519	0.2944899286	0.0803290036	0.3022054619	0.0243947541
0	0.0105262240	0.0918665041	0.3820344430	0.3395327624	0.1760400664
1	0.0793977151	0.2918330076	0.5637475582	0.0456036356	0.0194180835
0	0.1867553363	0.2246348088	0.1398944693	0.4171619610	0.0315534245
0	0.0255284896	0.0064798689	0.9463953102	0.0215827595	0.0000135717
1	0.1522785022	0.8339110973	0.0000000025	0.0032084064	0.0106019916
0	0.0358859217	0.0000067484	0.9541795465	0.0009019399	0.0090258434
0	0.0063915340	0.1349892347	0.8379098217	0.0017890473	0.0189203622
1	0.0327242869	0.0463126874	0.5666396451	0.3303808499	0.0239425307
0	0.0955995950	0.3968367557	0.3647208133	0.0700993666	0.0727434694
0	0.3290490850	0.4629963124	0.0720204433	0.1351560545	0.0007781048
0	0.0795292190	0.2519764239	0.0973040595	0.5711902976	0.0000000000
1	0.2221107266	0.6730651986	0.0841017111	0.0195233227	0.0011990410
1	0.0000000016	0.3672468371	0.4958010195	0.0404872873	0.0964648545
0	0.0870416821	0.4652283161	0.0941266805	0.1842115788	0.1693917425
1	0.0013537156	0.0448177817	0.0508545384	0.0035642716	0.8994096927
0	0.2801810849	0.0063744125	0.0252755632	0.0013582348	0.6868107046
0	0.0036334450	0.0027615237	0.0738981826	0.0000930693	0.9196137794
0	0.0016940934	0.2268016864	0.0504269133	0.7164880801	0.0045892268
0	0.1186929198	0.1567704711	0.0010071921	0.7233405570	0.0001888600
0	0.0003586937	0.2006197659	0.4144926146	0.3386239536	0.0459049721
1	0.0464443698	0.0558939125	0.5027695083	0.2326932938	0.1621989155
0	0.0000000003	0.0453565995	0.0278165796	0.9206216873	0.0062051334
0	0.0181774932	0.0032273560	0.0630646015	0.8120478668	0.1034826825
0	0.0222263090	0.0115637954	0.0005963783	0.9480360867	0.0175774305
1	0.0057328860	0.2958236900	0.4110350486	0.0781646941	0.2092436812
0	0.0018146332	0.0736492871	0.1192789804	0.8052570974	0.0000000019
1	0.0153996062	0.0074610358	0.0122448127	0.9626968283	0.0021977170
0	0.6026689804	0.0368077801	0.0803446972	0.2801785422	0.0000000000
1	0.5520446684	0.2989462933	0.1472874183	0.0017216200	0.0000000000
2	0.0000025170	0.9160010382	0.0003869444	0.0816910501	0.0019184502
2	0.2046821226	0.0049594670	0.7877122476	0.0000000000	0.0026461628
0	0.0013909945	0.3928757577	0.1228238097	0.4346741480	0.0482352901
1	0.0076162990	0.5268962882	0.0775301789	0.3879572339	0.0000000000
1	0.0706351697	0.0000009254	0.9208684968	0.0084918945	0.0000035136
0	0.4064825181	0.2393329910	0.1371788955	0.1949842325	0.0220213628
1	0.0000000000	0.6788491468	0.2132196939	0.1067306435	0.0012005158
0	0.0426103014	0.1241935235	0.0105498069	0.8126673650	0.0099790032
0	0.0425719656	0.0805109664	0.5382055251	0.3183326501	0.0203788929
0	0.0506888569	0.3658217995	0.0091724808	0.5205016317	0.0538152311
0	0.3944115976	0.3368217847	0.0990559929	0.1649582646	0.0047523602
0	0.3689380474	0.3660827083	0.1649037006	0.0996202115	0.0004553323
0	0.0013322324	0.0000000005	0.0010335169	0.9975843716	0.0000498787
0	0.0191871055	0.0208559975	0.0003275804	0.7085628510	0.2510664656
0	0.7324491211	0.0000000000	0.0781594469	0.0404151700	0.1489762619
0	0.0021420120	0.1262304413	0.2024484575	0.6691089916	0.0000700976
0	0.4738318061	0.3584302774	0.0004042616	0.1155332787	0.0518003761
0	0.0038332782	0.0793039832	0.4503483785	0.4426231064	0.0238912537
0	0.4572458637	0.0606997553	0.1745994025	0.1868771443	0.1205778343
0	0.0149687409	0.3391015641	0.2881061801	0.2249741060	0.1328494090
0	0.0096725872	0.0412665533	0.0030407868	0.0023459971	0.9436740756
0	0.0122594006	0.9328161495	0.0164812461	0.0154755145	0.0229676893
1	0.0005558710	0.0481761500	0.0029988309	0.1577940539	0.7904750942
0	0.0564002017	0.4015155045	0.3390493499	0.0023553196	0.2006796243
0	0.7940322161	0.0000000000	0.0667082456	0.0001513483	0.1391081900
0	0.7855606818	0.0071830443	0.0080688226	0.0732372709	0.1259501804
0	0.0053038673	0.0049998511	0.3341044313	0.6507851697	0.0048066806
0	0.9577905594	0.0039491860	0.0250296878	0.0070091354	0.0062214315
0	0.0484713647	0.0252981582	0.1215686420	0.7040538011	0.1006080340
0	0.0048809803	0.0782975364	0.1026450696	0.6730547403	0.1411216734
0	0.5082341014	0.0395731880	0.0720151204	0.2983821996	0.0817953906
0	0.4072009499	0.0672465355	0.0044893648	0.4187143807	0.1023487691
1	0.0552943745	0.4576918619	0.4573120984	0.0297016652	0.0000000000
1	0.0016144888	0.0069819431	0.1329206610	0.8560667539	0.0024161532
1	0.0258396395	0.1056083115	0.0030815757	0.7877178914	0.0777525819
0	0.1069578161	0.3831784204	0.2155092492	0.0597704186	0.2345840957
0	0.0001464892	0.0000011521	0.1121216453	0.7176620613	0.1700686522
0	0.0004258483	0.0044144788	0.8825132993	0.1115782856	0.0010680881
0	0.3463914596	0.0052283399	0.0919500888	0.3541495025	0.2022806093
0	0.0155819382	0.5779193581	0.1326498337	0.2616568826	0.0121919874
0	0.3006184286	0.1755747924	0.1461837829	0.2029500020	0.1746729941
0	0.0002723246	0.0026677714	0.4639218003	0.5259231394	0.0072149642
0	0.0610732110	0.0000011798	0.1348790117	0.7993103022	0.0047362953
0	0.0344330778	0.0050683518	0.0551199820	0.5556774354	0.3497011529
0	0.5212689379	0.1959549724	0.0396871459	0.1999649450	0.0431239987
0	0.0036966236	0.0333815211	0.0582775367	0.9006587818	0.0039855368
0	0.2827604855	0.0273084014	0.4228371375	0.2669705843	0.0001233913
0	0.0027467819	0.0269130889	0.3476107774	0.6204723380	0.0022570137
0	0.0275690461	0.8473130513	0.1162116360	0.0088987738	0.0000074928
1	0.0146014121	0.0000891577	0.6196756489	0.1328886751	0.2327451062
0	0.0000000025	0.0986088904	0.0503471744	0.8509337064	0.0001102263
0	0.0921856282	0.0002588140	0.2398799629	0.6436504033	0.0240251916
1	0.0256286215	0.0046689211	0.7312842339	0.2381565320	0.0002616915
1	0.3338841403	0.0368582514	0.2469452058	0.2004383633	0.1818740392
0	0.2847068879	0.1506101747	0.0841937701	0.1636594689	0.3168296983
0	0.0491765819	0.4913787612	0.0032588824	0.4542150359	0.0019707386
1	0.0000000000	0.0125518988	0.0218429380	0.9654200171	0.0001851460
0	0.0290174154	0.0660077843	0.7225625399	0.1725062781	0.0099059822
1	0.0396077783	0.9169677483	0.0284281660	0.0148530693	0.0001432382
0	0.0527236242	0.0007571459	0.6559176054	0.2392179867	0.0513836379
1	0.0000704162	0.1536103855	0.1874555970	0.6539130926	0.0049505086
