2	0.0792041201	0.1419973573	0.3565082183	0.2693570220	0.1529332823
0	0.0027840966	0.0008651123	0.1578747792	0.8364739017	0.0020021102
0	0.0244171801	0.5001211494	0.0136887480	0.3324991281	0.1292737944
1	0.0000000000	0.0003458324	0.7206258125	0.2789999676	0.0000283875
0	0.0055105931	0.0020731398	0.9761980739	0.0146740673	0.0015441259
1	0.0010317850	0.1788906695	0.0427326277	0.7773404177	0.0000045001
0	0.4152086891	0.1660104380	0.3533933560	0.0624957477	0.0028917693
1	0.2168004249	0.0086197472	0.4506204432	0.1851035392	0.1388558455
0	0.8346656669	0.0020012507	0.1072647191	0.0246506448	0.0314177185
1	0.3241761815	0.4862968462	0.0000056643	0.1839077082	0.0056135998
0	0.0231718614	0.0560426351	0.0036311958	0.9155756954	0.0015786123
0	0.4058938707	0.0000000000	0.1814990888	0.4125962611	0.0000107794
1	0.2076973123	0.2231530450	0.0361086786	0.5001201190	0.0329208451
0	0.7574703661	0.0217450586	0.1634096673	0.0282960752	0.0290788329
0	0.3632402348	0.0603536295	0.3014572265	0.0651516449	0.2097972643
0	0.1923181577	0.4027579032	0.0209734337	0.3667799017	0.0171706036
0	0.0003310771	0.0054303079	0.7886868308	0.1808001425	0.0247516418
0	0.9235258407	0.0036234864	0.0006503655	0.0457453710	0.0264549364
1	0.0035042610	0.8829492008	0.0002141302	0.0744924920	0.0388399160
0	0.2386019654	0.3100436930	0.3562483201	0.0942975973	0.0008084241
0	0.0023032082	0.6543034994	0.0060301419	0.3322154310	0.0051477195
0	0.6046073811	0.0000000000	0.1837096244	0.0640731778	0.1476098167
0	0.0229146536	0.8694597313	0.1012326118	0.0063913686	0.0000016346
0	0.1662909364	0.0000020879	0.7115427254	0.1077047425	0.0144595078
0	0.4474993343	0.0090947875	0.4666056990	0.0217778800	0.0550222992
0	0.0068910426	0.0968658802	0.3285362072	0.5460264854	0.0216803846
1	0.8128507232	0.1214353152	0.0000059168	0.0275775214	0.0381305235
0	0.1282239913	0.2244122701	0.0072649506	0.0394512006	0.6006475874
0	0.0539886307	0.3778664732	0.1479282721	0.3512572967	0.0689593273
0	0.0851237867	0.0000000000	0.0220542146	0.0324888483	0.8603331503
0	0.0263599820	0.0263033847	0.0747002136	0.8620244895	0.0106119302
0	0.0001260167	0.0297866908	0.7176242149	0.1717788475	0.0806842301
0	0.0010508320	0.0045260511	0.0000000017	0.9943945033	0.0000286120
1	0.2607606868	0.4422912857	0.2518816120	0.0450664156	0.0000000000
0	0.0156497026	0.0087989867	0.0072094203	0.1220839735	0.8462579168
0	0.2048784120	0.1252239930	0.0195012896	0.6262104824	0.0241858230
0	0.6101683862	0.0060612591	0.0562059622	0.2427189710	0.0848454216
0	0.0089669024	0.0108117561	0.8157340675	0.1063811048	0.0581061692
0	0.1999947577	0.6183909646	0.1617167480	0.0191813661	0.0007161636
0	0.3801206394	0.1183442862	0.3354513575	0.1478307352	0.0182529817
0	0.0047065518	0.1053386014	0.3750193591	0.0570967714	0.4578387163
0	0.1806773137	0.1655026483	0.2753260426	0.0560985311	0.3223954643
0	0.0879060735	0.4749945275	0.1376835219	0.2900019168	0.0094139603
1	0.0988496870	0.4536974552	0.0015665340	0.2876108980	0.1582754259
0	0.6600113486	0.0067947117	0.1883804238	0.0512461343	0.0935673816
1	0.0000000000	0.0183058399	0.8700204035	0.1116735986	0.0000001579
0	0.0781156491	0.0380568647	0.1343384768	0.6595844078	0.0899046016
1	0.0718625730	0.1625075328	0.5732306613	0.1009469661	0.0914522668
0	0.0326007499	0.4418937839	0.0150712767	0.3874280322	0.1230061573
0	0.0020216170	0.0000064682	0.8886595094	0.0976814762	0.0116309292
0	0.0175670584	0.0085604271	0.1802326359	0.7828431056	0.0107967729
0	0.0000003816	0.0860119739	0.0000000000	0.8495156803	0.0644719642
0	0.0498537979	0.0035089829	0.5897292928	0.3140866072	0.0428213192
1	0.2307743746	0.0039266042	0.0000000000	0.7313680908	0.0339309304
0	0.3553094781	0.3469301032	0.1369497765	0.1514908826	0.0093197596
0	0.0853460474	0.0133934638	0.6618364307	0.0822170060	0.1572070521
0	0.0172005042	0.1344070902	0.0297410179	0.5659155921	0.2527357956
1	0.7134085361	0.0585383290	0.1337962396	0.0942568953	0.0000000000
0	0.1326587940	0.0000000216	0.0739021824	0.7851323088	0.0083066932
0	0.2356917969	0.0136894479	0.0196280165	0.7309130034	0.0000777353
0	0.4789833282	0.0039684191	0.1114647999	0.4055499465	0.0000335064
0	0.6564034433	0.0922699829	0.0000000025	0.0255068016	0.2258197697
0	0.0468237766	0.4157944229	0.3743037924	0.1241694776	0.0389085304
0	0.3924923956	0.0002746449	0.4562091083	0.1500090849	0.0010147663
0	0.0000950843	0.3307092148	0.0892303624	0.5788252862	0.0011400523
0	0.1620436491	0.0444571237	0.0378721191	0.3703828254	0.3852442828
0	0.0773141664	0.8049121901	0.0011380806	0.0199113976	0.0967241654
0	0.0078784670	0.0443118901	0.7550593852	0.0049115779	0.1878386797
0	0.0738500585	0.1499704872	0.2391302677	0.4823517629	0.0546974236
0	0.1524492707	0.3338942911	0.4416838764	0.0541218252	0.0178507366
0	0.2721456141	0.4771401926	0.1602435448	0.0406083405	0.0498623079
0	0.0001137188	0.0409481585	0.8791347453	0.0243102425	0.0554931348
0	0.1874988671	0.0004907172	0.5305113765	0.2639744268	0.0175246124
0	0.1883502033	0.0834511288	0.0000528735	0.7080255285	0.0201202658
0	0.0854797254	0.0101794306	0.0432334664	0.7843015889	0.0768057887
0	0.1697440822	0.2016920952	0.3437776659	0.2844632204	0.0003229363
0	0.2206811575	0.4802357365	0.0051944325	0.2095365943	0.0843520793
0	0.0650326160	0.0002591027	0.0001487595	0.0774001074	0.8571594144
0	0.1203799699	0.0912541986	0.1694057966	0.5255578368	0.0934021980
0	0.4980465139	0.0291330450	0.3316368848	0.1026855457	0.0384980106
0	0.0000140776	0.1836383342	0.8100710929	0.0058081485	0.0004683468
0	0.1118215890	0.1004401355	0.0542732137	0.7327129819	0.0007520800
0	0.0002323191	0.1121367777	0.7272700011	0.1603546905	0.0000062116
0	0.0000478463	0.1265900833	0.5697677272	0.0726609446	0.2309333986
0	0.0866392191	0.0149798741	0.7392274393	0.0157384948	0.1434149726
0	0.0000006268	0.0189549172	0.9208160069	0.0055062108	0.0547222382
1	0.0311388763	0.0511907290	0.2426985221	0.0266020399	0.6483698327
0	0.0000000578	0.3209080503	0.1362154191	0.1483930151	0.3944834578
0	0.0463089558	0.7845531598	0.0018033382	0.1008278689	0.0665066773
0	0.5076636379	0.0139183187	0.2168273040	0.0760682919	0.1855224475
0	0.5030433359	0.1780276341	0.2067063246	0.0581121650	0.0541105405
1	0.6262560282	0.1265520748	0.1508065298	0.0012698406	0.0951155265
0	0.0000000000	0.7748544463	0.0083873425	0.0240420881	0.1927161231
0	0.0037165614	0.0366698484	0.0000000001	0.9016471706	0.0579664195
0	0.0198587641	0.0934982493	0.6242409487	0.2563126753	0.0060893627
0	0.0000000391	0.0323837043	0.2894101506	0.4978558229	0.1803502832
0	0.0036239634	0.0008740777	0.0811071846	0.8206541338	0.0937406404
1	0.0523228160	0.1178358599	0.7900186672	0.0126181489	0.0272045081
0	0.2898732749	0.1304077079	0.0622807793	0.3120425391	0.2053956988
1	0.0429515887	0.9002019132	0.0054635119	0.0513829863	0.0000000000
