0	0.2959463431	0.0895652918	0.2037829594	0.4078466100	0.0028587956
0	0.0253367427	0.0227998650	0.1713483543	0.7276683134	0.0528467246
1	0.0002382914	0.2683790494	0.0097849275	0.6257132770	0.0958844547
0	0.2998619324	0.0437703544	0.1210151750	0.4513984688	0.0839540693
2	0.6156033148	0.3510738798	0.0000000201	0.0333227853	0.0000000000
1	0.0624298268	0.6453817435	0.0010901007	0.2910953234	0.0000030056
0	0.3366728233	0.0214082989	0.0106561968	0.2550202770	0.3762424040
0	0.0454496865	0.0041650516	0.5684240258	0.0226631592	0.3592980768
0	0.2096357064	0.0295529507	0.7607716608	0.0000092241	0.0000304580
0	0.7956105325	0.0475925377	0.1463649865	0.0104135112	0.0000184321
0	0.2186564221	0.0038207855	0.2096959713	0.5678268210	0.0000000000
1	0.1993622514	0.7779835204	0.0176536828	0.0043443613	0.0006561841
0	0.0170928325	0.0916170077	0.7915927268	0.0032676722	0.0964297608
0	0.0002264180	0.0910251173	0.1856719006	0.3909373101	0.3321392541
1	0.0003786889	0.6888682550	0.1927431696	0.0041371272	0.1138727593
0	0.3499067902	0.1802368460	0.2011337640	0.0863992793	0.1823233205
1	0.1643592958	0.2241059863	0.0805527077	0.4254584186	0.1055235917
0	0.3953031211	0.3604055985	0.1246710975	0.0671930449	0.0524271380
0	0.0209841820	0.0117276785	0.0034288808	0.9636874103	0.0001718484
0	0.1146338874	0.7131354628	0.0628257051	0.1094049446	0.0000000001
0	0.0710200461	0.1121761279	0.4460426226	0.3681409236	0.0026202797
0	0.0660371693	0.0425568443	0.0089552873	0.8824506991	0.0000000000
0	0.0112001487	0.0129008241	0.2734388908	0.6786752232	0.0237849132
0	0.0039753279	0.4657999138	0.0559441579	0.4739988524	0.0002817480
0	0.0384461597	0.0000000137	0.0340768957	0.9242231576	0.0032537733
0	0.0641353930	0.0000003291	0.2630702535	0.4784654912	0.1943285332
0	0.2082931691	0.0600234658	0.0413826613	0.6077721008	0.0825286030
0	0.0158644704	0.0000000885	0.9466986386	0.0111256951	0.0263111073
1	0.0458093874	0.1595635253	0.4979336124	0.0000001689	0.2966933060
0	0.0000003859	0.3401602429	0.0068338496	0.4703306293	0.1826748922
0	0.1949823971	0.1070802525	0.0400573886	0.1967621945	0.4611177673
0	0.1345605971	0.0008598043	0.0025858498	0.8586715482	0.0033222007
0	0.3309295563	0.2424350004	0.0000000000	0.4264586361	0.0001768073
0	0.0079209159	0.1699212528	0.0156319772	0.6874172553	0.1191085987
0	0.0207435017	0.1506598767	0.7680169641	0.0004612891	0.0601183684
0	0.0965065758	0.3025323299	0.3099488195	0.2697634694	0.0212488054
0	0.0009203898	0.6514614883	0.1506788787	0.1966940106	0.0002452326
0	0.0581222561	0.0000000080	0.5738732584	0.3677944190	0.0002100585
0	0.1707351022	0.2980385249	0.1413863905	0.3857448510	0.0040951315
0	0.0085182297	0.9654606445	0.0248416378	0.0008167765	0.0003627115
1	0.2056167799	0.0370729578	0.2503077031	0.5070025593	0.0000000000
0	0.0105965728	0.1632726407	0.0803944572	0.7086825878	0.0370537416
1	0.0875026174	0.0163470542	0.3301624028	0.5540082790	0.0119796466
0	0.0040414054	0.0000000000	0.0641570656	0.9317954292	0.0000060997
0	0.5313958922	0.0001597331	0.0000000834	0.3418170129	0.1266272784
0	0.2831216910	0.4019093364	0.0008405361	0.1915367938	0.1225916428
0	0.1567213670	0.2629463153	0.0010824384	0.0391085755	0.5401413037
0	0.3021090413	0.1071125204	0.1861588594	0.0240722551	0.3805473239
0	0.0051734102	0.0103387385	0.6457297025	0.3384805795	0.0002775694
1	0.0170560490	0.5550475485	0.2333508250	0.1938630319	0.0006825455
0	0.0155969369	0.2237045611	0.3671395107	0.2787936958	0.1147652954
0	0.1631055821	0.0676892327	0.0046731538	0.7607695226	0.0037625088
0	0.3574718585	0.0434451806	0.0007168206	0.1207625511	0.4776035892
0	0.0483761788	0.0007654366	0.0796650409	0.8596434823	0.0115498614
0	0.0368808120	0.0309277056	0.5803774210	0.2283085327	0.1235055287
0	0.0547770434	0.0877105024	0.0000442127	0.2708971470	0.5865710945
1	0.8110893809	0.0055317478	0.1478302944	0.0040097399	0.0315388369
0	0.1295978124	0.6555124835	0.0439303029	0.1586546477	0.0123047535
0	0.0966117139	0.1100709503	0.0656177482	0.6946171856	0.0330824019
1	0.0015282354	0.0057042123	0.2902440487	0.6297169810	0.0728065225
2	0.3320663835	0.0038690364	0.2967665341	0.3672980456	0.0000000005
0	0.0281968563	0.2097952922	0.1143575724	0.0393915760	0.6082587030
0	0.0281536298	0.0066226650	0.8923704953	0.0421435739	0.0307096361
0	0.0238194730	0.0541873654	0.6773146220	0.1125481336	0.1321304060
0	0.0031187246	0.1690577796	0.4496877967	0.3238659211	0.0542697780
0	0.0290366040	0.0036184546	0.5619223667	0.3539769740	0.0514456006
0	0.2004599236	0.0000000000	0.7992139914	0.0003258736	0.0000002114
0	0.0235795794	0.0042806133	0.0109429410	0.1577138491	0.8034830171
1	0.0675057161	0.0000548815	0.6951979948	0.2023614083	0.0348799993
1	0.0001374620	0.6791558676	0.0044125667	0.0646011430	0.2516929607
0	0.0019456566	0.9332876182	0.0017131629	0.0504651091	0.0125884531
1	0.2599690243	0.4774769614	0.2513410645	0.0038674310	0.0073455188
0	0.0050804253	0.0373969754	0.7719907321	0.1189472103	0.0665846569
2	0.0189933725	0.3388479383	0.6018816147	0.0000690593	0.0402080153
0	0.0000000000	0.0545913956	0.6139594920	0.0000148556	0.3314342568
0	0.9046166422	0.0268641697	0.0019130399	0.0632769411	0.0033292071
1	0.0041888905	0.9840282003	0.0059416526	0.0058412560	0.0000000006
0	0.3807773339	0.4282745297	0.0492437578	0.1417043786	0.0000000000
0	0.1447726461	0.5901150958	0.1391592889	0.0276606221	0.0982923471
0	0.9626290005	0.0000000000	0.0274529323	0.0098954488	0.0000226184
0	0.0737938578	0.1260441193	0.7294453366	0.0649664495	0.0057502369
0	0.0044503244	0.0027603003	0.0008978541	0.7679443247	0.2239471965
0	0.1820223385	0.6405372433	0.1147970543	0.0027529304	0.0598904336
0	0.0141045609	0.5069845798	0.0303533386	0.4000226837	0.0485348370
0	0.5468809606	0.0689552267	0.0000000103	0.0807502719	0.3034135305
0	0.0222686401	0.2790700906	0.4393025785	0.0090035771	0.2503551138
0	0.0864324597	0.1389164150	0.1413022853	0.3021119670	0.3312368730
1	0.2147595700	0.0024149572	0.7660815463	0.0020421728	0.0147017537
1	0.2943970331	0.0045842774	0.4118123639	0.2154252163	0.0737811094
0	0.1485161654	0.0000382366	0.0088653311	0.5054761858	0.3371040811
0	0.5889676242	0.3891624062	0.0095833741	0.0010421023	0.0112444933
0	0.0009921962	0.0872581774	0.0553381630	0.3142042947	0.5422071688
0	0.2428230254	0.7006151683	0.0559512212	0.0005755965	0.0000349885
0	0.5758712617	0.1035584431	0.0347360681	0.0580172505	0.2278169766
0	0.0669237905	0.1316534806	0.0069207715	0.6880511960	0.1064507614
0	0.0000556307	0.0101482271	0.0000636929	0.2183529473	0.7713795021
1	0.3226153157	0.2275474465	0.1279050393	0.2278343280	0.0940978705
0	0.1684246624	0.3169089172	0.0000003042	0.5120377073	0.0026284089
1	0.2479667918	0.2791196926	0.3745635567	0.0000038017	0.0983461572
0	0.0841881135	0.1009766913	0.1343796678	0.6804555232	0.0000000042
