0	0.1187672381	0.0036740146	0.3532411491	0.0112846518	0.5130329463
2	0.0414761661	0.9241755540	0.0264628674	0.0017233034	0.0061621091
0	0.0002128991	0.7966476151	0.1355800295	0.0213384441	0.0462210123
0	0.3259890081	0.1666795256	0.3979468665	0.0897316497	0.0196529501
1	0.0000002297	0.1645978444	0.6101542173	0.2251742928	0.0000734158
0	0.2247984835	0.0633177513	0.2969745597	0.1397517173	0.2751574882
1	0.0095120147	0.0190976841	0.8464580938	0.1213756149	0.0035565926
0	0.1440266482	0.0001763849	0.1209682973	0.0000000054	0.7348286642
0	0.1612657679	0.2877851328	0.0000000004	0.1883648624	0.3625842366
0	0.3090835315	0.1072218399	0.2440060537	0.1679444476	0.1717441273
1	0.4429832905	0.5010137985	0.0034750393	0.0172826033	0.0352452684
0	0.0221170135	0.0089055046	0.9057492880	0.0495691948	0.0136589991
0	0.6732950480	0.1086671245	0.1377136096	0.0026629570	0.0776612609
0	0.2256168617	0.1588162094	0.0784593161	0.5021509644	0.0349566484
0	0.0384337542	0.9337573008	0.0252625117	0.0025298173	0.0000166160
1	0.0000000004	0.0721808005	0.0119679552	0.8395009858	0.0763502581
0	0.0000000000	0.1255372446	0.6307230306	0.1070710614	0.1366686634
0	0.5168638997	0.0000000000	0.1919810598	0.0023666376	0.2887884029
0	0.0006468151	0.4160034306	0.5475302347	0.0356003540	0.0002191655
0	0.0019956933	0.0000012328	0.1741138614	0.7866632970	0.0372259156
1	0.1624334501	0.5068217223	0.2675508566	0.0629643177	0.0002296532
0	0.0306333923	0.0793111677	0.0007470142	0.8421631464	0.0471452794
0	0.7743155332	0.1230139545	0.0193600019	0.0199160567	0.0633944537
0	0.0271486243	0.0250246863	0.3605132909	0.0773850624	0.5099283361
0	0.5103796890	0.0020255604	0.0256342596	0.4531813975	0.0087790935
1	0.0000001970	0.5870428630	0.0049316723	0.4070192827	0.0010059851
1	0.5827426163	0.0000497642	0.3860590875	0.0280057540	0.0031427780
0	0.6937971380	0.0848507162	0.0263594210	0.0008796003	0.1941131245
0	0.7859658301	0.0002317346	0.1748331939	0.0389413205	0.0000279208
0	0.0030782082	0.0623912978	0.5506278810	0.3512206545	0.0326819586
0	0.0422431850	0.1422647350	0.0705611818	0.7053495413	0.0395813569
1	0.0001389903	0.1263582046	0.3974291352	0.4735905149	0.0024831550
0	0.1058569543	0.0914996316	0.6200637869	0.1231074023	0.0594722249
1	0.0200098015	0.2773309070	0.5031183037	0.1965951258	0.0029458621
0	0.0230660451	0.5133680088	0.3538601604	0.0135998206	0.0961059652
0	0.0000406818	0.3408851480	0.1832974788	0.4756372082	0.0001394831
0	0.0178064346	0.0106598487	0.0790764548	0.6556119875	0.2368452743
1	0.2828348306	0.3869795663	0.3281494463	0.0016069836	0.0004291733
0	0.0382783978	0.0796863968	0.0602490242	0.7228615484	0.0989246329
0	0.0000000000	0.0000341817	0.2319451006	0.4668445708	0.3011761469
0	0.0000263313	0.0180344458	0.3427901699	0.5910970473	0.0480520058
1	0.0008304474	0.4872137418	0.3104039634	0.0000001898	0.2015516577
1	0.0289788548	0.2751014657	0.1449434994	0.4939056117	0.0570705684
1	0.7310299989	0.1077123933	0.0187882204	0.0390941899	0.1033751974
0	0.0001407207	0.2300777711	0.0751468953	0.6517842840	0.0428503288
0	0.2528515192	0.0068694742	0.0317730351	0.7082960996	0.0002098719
0	0.0242574940	0.0438304141	0.3935782695	0.1916640083	0.3466698141
0	0.5141080077	0.0037316786	0.0098755541	0.0431738726	0.4291108869
0	0.0165699900	0.4795093098	0.0014415529	0.3481686392	0.1543105080
0	0.0000000064	0.4070417640	0.5665858870	0.0155989285	0.0107734142
0	0.3462977409	0.5874735102	0.0099587215	0.0000512641	0.0562187634
0	0.1405153681	0.2508604640	0.0261889002	0.0000021671	0.5824331006
0	0.1574161938	0.0041545328	0.3620405323	0.2830018208	0.1933869202
0	0.0146649341	0.6636000433	0.0047618356	0.1107682305	0.2062049566
0	0.0770100605	0.0965261158	0.2974657471	0.1659435947	0.3630544819
0	0.3156665131	0.0060672814	0.0083824145	0.6402525369	0.0296312540
0	0.0763271800	0.7045777459	0.0747141201	0.0135930843	0.1307878697
0	0.1767945228	0.0240844772	0.1842200913	0.3944841295	0.2204167793
1	0.0210088284	0.2730553595	0.6871386239	0.0168011436	0.0019960445
0	0.2798223097	0.0013560433	0.2894476342	0.0132193844	0.4161546284
0	0.1216050549	0.0040389976	0.0704517317	0.7919653518	0.0119388640
0	0.6381659891	0.0393428038	0.1122857721	0.1239863359	0.0862190990
0	0.0008461895	0.5341976592	0.2985770625	0.0525525904	0.1138264984
0	0.5667194743	0.3821485604	0.0209913339	0.0270840275	0.0030566040
0	0.2639927458	0.0369181434	0.0972621361	0.5622702896	0.0395566851
1	0.0002558897	0.0017547905	0.9939444407	0.0040153416	0.0000295374
0	0.0022120965	0.1587845729	0.3695829099	0.1275361089	0.3418843118
1	0.0015416658	0.9219952793	0.0177905111	0.0469660329	0.0117065109
0	0.0437915545	0.3431315841	0.2612126915	0.2438145445	0.1080496254
0	0.0283866359	0.1965664376	0.2998955425	0.2239859138	0.2511654702
0	0.4891468082	0.2193250738	0.0029413502	0.2474598312	0.0411269366
1	0.0237661423	0.0019582213	0.8754964110	0.0323323446	0.0664468808
0	0.2068137569	0.0497912549	0.4028321800	0.2197419198	0.1208208884
1	0.1915169820	0.2011227748	0.3857536276	0.2216066156	0.0000000000
0	0.1217738178	0.0940809705	0.0890305062	0.3535738810	0.3415408246
0	0.2005211431	0.2716994259	0.3373508417	0.1861857036	0.0042428857
0	0.7462204728	0.0000033510	0.1575727684	0.0449647909	0.0512386169
0	0.1193478499	0.0404557563	0.8311204705	0.0064758931	0.0026000301
1	0.0000001614	0.7383961433	0.2609845571	0.0000000000	0.0006191383
0	0.0130593476	0.0230635192	0.1040035711	0.8574930770	0.0023804850
0	0.0044987027	0.7668558773	0.0275099306	0.1299416197	0.0711938697
0	0.1442993414	0.1636127459	0.4462391378	0.1952792847	0.0505694901
0	0.0000002373	0.7571396137	0.1055868824	0.1372666883	0.0000065783
1	0.1421534754	0.5385003491	0.0361073328	0.2825597042	0.0006791385
0	0.0442389866	0.0389564431	0.9140210324	0.0013796386	0.0014038994
1	0.1108080136	0.0354141452	0.3938431994	0.1055656944	0.3543689474
0	0.0023865118	0.0292387962	0.7572925393	0.2080132116	0.0030689410
0	0.0000004400	0.0861881801	0.2987467129	0.5738064088	0.0412582582
0	0.0000061289	0.1116447183	0.4400749529	0.2930547289	0.1552194709
0	0.6274271430	0.0001476682	0.3081727139	0.0098818738	0.0543706011
0	0.1937481000	0.0109054689	0.1551814971	0.3915056960	0.2486592380
0	0.0593485158	0.0000322000	0.0184584946	0.9089828372	0.0131779524
0	0.0374208867	0.0207831762	0.3115287162	0.5608788772	0.0693883437
0	0.0000339229	0.5010525707	0.0003443022	0.4951857402	0.0033834641
0	0.1882175616	0.0002121080	0.6394633964	0.1721031460	0.0000037881
0	0.2687963939	0.0683999414	0.5336427007	0.0350112179	0.0941497461
0	0.0067543644	0.4878175423	0.3623362401	0.0040114886	0.1390803646
0	0.7614197752	0.0680685014	0.0003318393	0.0250349228	0.1451449613
0	0.0354663288	0.0009904905	0.0000620316	0.0070306817	0.9564504673
0	0.0000000217	0.2516560461	0.0244337437	0.6222856355	0.1016245532
