0	0.0016401987	0.1092108177	0.0803904748	0.0061897100	0.8025687988
1	0.0005941988	0.0040733150	0.8738991998	0.1214321506	0.0000011358
1	0.0008267529	0.0000000000	0.5036327506	0.0796437367	0.4158967598
0	0.0103695934	0.3850497483	0.5667271999	0.0343630006	0.0034904578
0	0.2464802288	0.3454205439	0.3632833244	0.0448159029	0.0000000000
0	0.4186413631	0.0038715424	0.5439227964	0.0335642980	0.0000000000
0	0.3929805033	0.0007312507	0.4183566811	0.1440303045	0.0439012604
0	0.0036656301	0.0072585172	0.8971639314	0.0000000079	0.0919119135
0	0.0096044648	0.0173538829	0.9650601157	0.0079815366	0.0000000000
0	0.0562681119	0.0244040988	0.8876112860	0.0025546948	0.0291618085
0	0.2734668673	0.3056282428	0.2520382165	0.0000001239	0.1688665495
0	0.1348160368	0.3241414884	0.2185250928	0.0000000000	0.3225173820
0	0.2798466084	0.0720202491	0.4485138203	0.0000014104	0.1996179117
0	0.2559403105	0.6239213843	0.0771218765	0.0378263939	0.0051900349
0	0.0010962432	0.0204753959	0.6167208534	0.1002780974	0.2614294101
0	0.1712863015	0.0655705484	0.2601487522	0.4967209656	0.0062734323
1	0.0002402431	0.5000014099	0.2264657917	0.2731467076	0.0001458477
0	0.4139636810	0.2143504103	0.1014300286	0.2679082562	0.0023476238
0	0.0299565870	0.0000025828	0.6891664129	0.0424596462	0.2384147710
0	0.0286866278	0.6957110594	0.0207249423	0.0970088733	0.1578684971
0	0.1383801318	0.0351553867	0.5906154246	0.2253032118	0.0105458451
0	0.0137410852	0.1287187765	0.1598958240	0.6976442815	0.0000000329
2	0.0000000501	0.0000000001	0.0036238982	0.9956201321	0.0007559196
0	0.0054296435	0.0023503352	0.6376893998	0.3042569634	0.0502736581
0	0.0002347703	0.0000006560	0.5424499068	0.4362768338	0.0210378331
0	0.0987782972	0.4512307619	0.1466556925	0.0289178059	0.2744174425
0	0.0004819697	0.0241551749	0.6300866727	0.1574648587	0.1878113240
0	0.0190003104	0.0003538015	0.5835093693	0.3371338172	0.0600027016
0	0.7246646248	0.0748307863	0.0511007032	0.0072712651	0.1421326205
1	0.0001752366	0.0015720454	0.1725953643	0.8254478623	0.0002094914
0	0.3136527772	0.0563942212	0.6288992645	0.0010537360	0.0000000011
1	0.0158517012	0.0894586069	0.7580452940	0.1328177443	0.0038266537
0	0.0879755892	0.0541430357	0.6565938401	0.1931141945	0.0081733405
0	0.0001064489	0.0000000159	0.6418907035	0.1337899458	0.2242128859
0	0.0000011879	0.0063872074	0.9036396215	0.0040582040	0.0859137792
0	0.0437605922	0.5482061870	0.0466864105	0.1189060152	0.2424407952
0	0.1313257102	0.3522523959	0.3572913179	0.1574001867	0.0017303892
0	0.0000003813	0.1588554845	0.0238928388	0.0166759415	0.8005753539
1	0.0487812973	0.1085588365	0.6232975629	0.0000000044	0.2193622988
0	0.0153266590	0.2864569200	0.6111471207	0.0859866555	0.0010826448
0	0.1067889443	0.0591027838	0.6540784421	0.1357166037	0.0443132262
1	0.1638121682	0.0285187350	0.0032692156	0.5760161470	0.2283837341
0	0.3850893580	0.5711046767	0.0354734535	0.0025396921	0.0057928197
0	0.0305024582	0.6234062438	0.2876420077	0.0000000000	0.0584492902
0	0.0000021203	0.0000256257	0.9739039587	0.0005170261	0.0255512691
0	0.0000000028	0.0443948490	0.8844630451	0.0699590913	0.0011830118
1	0.0098934178	0.0002852956	0.9003010413	0.0895186963	0.0000015490
0	0.0000778423	0.1217409478	0.1462582484	0.1365775990	0.5953453625
0	0.0584507053	0.1186178751	0.7181919873	0.0000000238	0.1047394085
0	0.0165659628	0.0011204792	0.5031509390	0.2784259310	0.2007366879
0	0.0969939252	0.1307689197	0.7079063937	0.0013358477	0.0629949137
0	0.0535557319	0.0228434564	0.0000096291	0.9199550668	0.0036361158
0	0.0027085887	0.0124023505	0.6872583351	0.1981620756	0.0994686501
0	0.0029776574	0.1043975350	0.0250890028	0.2722696770	0.5952661279
0	0.0475521494	0.0000000111	0.6662954098	0.2659848296	0.0201676001
0	0.8074455842	0.0836013465	0.0154881236	0.0000000000	0.0934649457
0	0.0009388004	0.0084104311	0.0024057733	0.8069284065	0.1813165886
0	0.0001075395	0.1639708565	0.1252820536	0.4446408202	0.2659987302
0	0.0000003245	0.0401058503	0.5825602798	0.3772951741	0.0000383713
0	0.0832137131	0.0131890777	0.3331349329	0.1337728591	0.4366894171
0	0.0000452846	0.8515310469	0.1484193379	0.0000028174	0.0000015131
1	0.0151414466	0.0049115237	0.9570618193	0.0111411583	0.0117440521
0	0.0175626740	0.8530363664	0.1117785425	0.0046315442	0.0129908729
0	0.0008113633	0.7711558309	0.0395610598	0.1322368187	0.0562349273
0	0.0512113850	0.0145262249	0.9328460914	0.0014162916	0.0000000071
0	0.0573007179	0.0002765606	0.4834212701	0.4589412789	0.0000601725
0	0.0052385498	0.3664297205	0.2411118217	0.1626215489	0.2245983593
0	0.0304430633	0.0007801220	0.9098086998	0.0305962715	0.0283718434
0	0.0021152556	0.1650216821	0.1535324861	0.6675675281	0.0117630481
0	0.6602645243	0.0230095999	0.0002649236	0.0448256020	0.2716353501
1	0.0305094723	0.0034733210	0.0005734243	0.9469206931	0.0185230894
0	0.0062070933	0.0214087824	0.8467807479	0.1251033307	0.0005000457
0	0.0000001503	0.0000118301	0.0471735088	0.1604445504	0.7923699604
0	0.3745868065	0.5592393103	0.0202072508	0.0231596788	0.0228069536
0	0.0000000000	0.4170126000	0.2337361476	0.0040574347	0.3451938178
0	0.0496925118	0.4668525837	0.0168775077	0.4665773969	0.0000000000
0	0.0000000000	0.1318658549	0.4779737963	0.0042878927	0.3858724561
1	0.0425292006	0.0887476774	0.4564041162	0.4103237669	0.0019952390
1	0.0000000300	0.0000135597	0.0117985500	0.9744578763	0.0137299840
0	0.3608328845	0.0000000086	0.1914973370	0.0002747225	0.4473950474
0	0.0011320340	0.0009901870	0.9800849187	0.0067399840	0.0110528762
0	0.0232296922	0.2422385952	0.5539672845	0.1773333171	0.0032311110
0	0.0000000000	0.2668077378	0.2962650123	0.3422188040	0.0947084459
0	0.0000000446	0.2179143958	0.0579890594	0.4703478339	0.2537486664
0	0.0062791422	0.1872048758	0.1466714056	0.6143075613	0.0455370152
1	0.0294902604	0.0008847256	0.6190346829	0.3421734755	0.0084168556
1	0.2089225748	0.0375006554	0.5827303788	0.0095272883	0.1613191028
0	0.0032975536	0.4190115624	0.1855903082	0.3803093547	0.0117912211
0	0.0007781050	0.0034213561	0.0392768057	0.8776944091	0.0788293242
1	0.1946202514	0.0008514089	0.0396439696	0.7648826656	0.0000017045
1	0.0088265682	0.0000000057	0.9721700477	0.0148290571	0.0041743212
0	0.0104644759	0.1610263212	0.3148775295	0.5080601460	0.0055715274
0	0.0000000002	0.0024277372	0.7575937162	0.0000000000	0.2399785465
0	0.0939167704	0.0006460257	0.8591489361	0.0352637275	0.0110245403
1	0.0000000035	0.0117896196	0.2455786279	0.7320940711	0.0105376780
1	0.0012865410	0.0059949293	0.4037790901	0.5673896798	0.0215497598
0	0.0166398349	0.0195497929	0.3922401228	0.3550674979	0.2165027515
0	0.0002882573	0.2937522549	0.4733690973	0.0137073199	0.2188830706
0	0.0835257831	0.0028165304	0.8213735452	0.0356328343	0.0566513070
0	0.0012584889	0.0000000000	0.9965193074	0.0022221732	0.0000000305
