1	0.0001302395	0.4922636652	0.2365509708	0.2028458223	0.0682093022
0	0.2207653580	0.0214631039	0.0286877827	0.1341995495	0.5948842059
0	0.0081726641	0.9582137349	0.0001435203	0.0334216093	0.0000484715
0	0.0253487339	0.0082891042	0.8675695354	0.0967726751	0.0020199514
0	0.0182290041	0.1263555504	0.2367845874	0.6184054467	0.0002254114
0	0.0878256945	0.2093703447	0.0000041551	0.0123933432	0.6904064625
0	0.4041762325	0.0714308596	0.2556428626	0.2007342082	0.0680158371
0	0.0417392083	0.0616620454	0.0235119006	0.8650903532	0.0079964925
1	0.1864030648	0.4664874228	0.2577219979	0.0893824913	0.0000050233
0	0.3317441085	0.0000013286	0.0001032300	0.6605322080	0.0076191249
1	0.0098465777	0.0797202415	0.6577333635	0.2514072346	0.0012925828
0	0.6968298040	0.0518806231	0.2388046882	0.0000566956	0.0124281891
0	0.0138819146	0.6726746226	0.2147578718	0.0504651307	0.0482204603
0	0.5198766995	0.4720318164	0.0080914841	0.0000000000	0.0000000000
0	0.0001996393	0.0169418546	0.0094145374	0.9712775698	0.0021663990
0	0.1467599396	0.0464974042	0.7215494742	0.0757348805	0.0094583014
0	0.6598546739	0.0161204502	0.2412466702	0.0289820475	0.0537961582
0	0.3659013317	0.0966921871	0.5095707763	0.0229682608	0.0048674441
0	0.0000948300	0.0027113626	0.0172600126	0.5081004615	0.4718333333
0	0.0492925625	0.0074994251	0.1076671705	0.8033936804	0.0321471615
0	0.0000000197	0.0243771937	0.9028368731	0.0010233301	0.0717625835
1	0.2899976675	0.0446676604	0.6320952526	0.0332393265	0.0000000929
0	0.2143491827	0.0000000000	0.2564070946	0.3818274326	0.1474162902
1	0.1215437860	0.2960706839	0.5727191862	0.0038805705	0.0057857734
0	0.0000000203	0.0065310554	0.0601187288	0.9226765603	0.0106736352
0	0.0082772461	0.0397532194	0.4724502378	0.4678481088	0.0116711880
0	0.0792441005	0.0278059760	0.0990590440	0.7467076819	0.0471831975
0	0.4586802793	0.0262989659	0.0488404425	0.4627613061	0.0034190061
0	0.5467778757	0.0493090344	0.1120902574	0.1177096780	0.1741131545
0	0.4726707634	0.0021090836	0.0618442942	0.4517331841	0.0116426746
0	0.0019168768	0.1608675647	0.1485614079	0.0341431833	0.6545109673
0	0.0047366967	0.1635335550	0.1939133037	0.5243446901	0.1134717546
1	0.0000051026	0.0027838667	0.0030646127	0.0902180415	0.9039283764
2	0.3288050809	0.5400813352	0.0000350096	0.0691648280	0.0619137463
1	0.0096053974	0.4347557328	0.5047522796	0.0508862391	0.0000003511
1	0.0389096439	0.1588011187	0.1945611111	0.0004852883	0.6072428381
0	0.0067952035	0.6403340960	0.3528698849	0.0000008156	0.0000000000
0	0.2618892962	0.0020636631	0.2924219337	0.4425281052	0.0010970018
0	0.1804035413	0.0745183952	0.4427588215	0.2706895800	0.0316296620
0	0.0064752277	0.2266658898	0.7401798751	0.0071615515	0.0195174560
0	0.0081316684	0.2774897795	0.0596331084	0.1271094218	0.5276360219
0	0.0000000023	0.3585625800	0.3772259613	0.2020152469	0.0621962095
0	0.0922712324	0.1257918282	0.0332180834	0.5150011141	0.2337177419
0	0.0884396402	0.1828104608	0.6176613382	0.1005579687	0.0105305920
1	0.0244006077	0.0067822272	0.0014901684	0.9673269966	0.0000000001
0	0.0240460130	0.0377021065	0.7978503198	0.0389134835	0.1014880772
1	0.0040640362	0.4072983746	0.1553987195	0.1705501527	0.2626887170
0	0.0287663122	0.0042983686	0.5573857242	0.0956935125	0.3138560825
0	0.5378915427	0.0000000010	0.2476500580	0.0818619890	0.1325964092
0	0.0128020812	0.4244517345	0.0000767658	0.5269074493	0.0357619692
0	0.0304421101	0.0027862868	0.0082373049	0.2456546079	0.7128796903
0	0.0712892245	0.5523718904	0.3512085149	0.0251302929	0.0000000773
0	0.5756158906	0.2279153601	0.0041369469	0.1236038142	0.0687279881
0	0.2637796769	0.0012781088	0.0263497488	0.6406524685	0.0679399971
0	0.0024744558	0.0037927421	0.7670532653	0.2266737941	0.0000057427
0	0.4339250695	0.0229499823	0.3852892844	0.0872360554	0.0705996083
0	0.0002072254	0.0321761228	0.0007736494	0.4739340830	0.4929089195
0	0.0740490284	0.1133971308	0.2837434871	0.5179192397	0.0108911140
0	0.0025086898	0.0367060601	0.9417617282	0.0137672867	0.0052562352
0	0.5512345142	0.0121279482	0.0004076319	0.4298283808	0.0064015249
1	0.0081984717	0.5357102706	0.1004717251	0.3538580412	0.0017614914
0	0.2735023079	0.0005527598	0.2478914315	0.4317826809	0.0462708199
1	0.0000000000	0.8978721357	0.0461014062	0.0035187300	0.0525077281
0	0.2791234079	0.0072898718	0.2443503225	0.4692363978	0.0000000000
0	0.0727345607	0.0000000000	0.0792943436	0.3143475946	0.5336235011
0	0.6679676475	0.0000000000	0.0735099487	0.1162636446	0.1422587592
0	0.2585490904	0.0360528914	0.0017941773	0.3987893754	0.3048144656
0	0.0000000000	0.2713024780	0.0131452620	0.2744193519	0.4411329081
0	0.0506400888	0.1035798585	0.8295875401	0.0134087479	0.0027837648
1	0.0413163809	0.6901779944	0.0841743647	0.1841969230	0.0001343370
0	0.0026289083	0.4207304695	0.3991010576	0.0568763490	0.1206632156
0	0.3013818127	0.3217208055	0.2952772494	0.0739892826	0.0076308498
0	0.0391691738	0.0000029164	0.5305147759	0.3905370309	0.0397761031
0	0.0027149082	0.0173640255	0.5568214445	0.4227281722	0.0003714495
0	0.1401074434	0.0169494582	0.7018496517	0.1325385060	0.0085549407
0	0.3008178201	0.0182350259	0.6771707532	0.0002799984	0.0034964024
0	0.4201293239	0.0070465017	0.0416586193	0.5310554239	0.0001101312
0	0.0025292517	0.3215209376	0.0232728266	0.4692515501	0.1834254340
0	0.0058189495	0.2725512699	0.6487541329	0.0681968440	0.0046788037
0	0.0000079127	0.0255695593	0.2746697621	0.0010259276	0.6987268384
0	0.0392957328	0.0013855510	0.2324233383	0.2680703962	0.4588249817
0	0.2202828349	0.0632318221	0.0026073452	0.0101870865	0.7036909114
0	0.0088986948	0.2150993064	0.2365598426	0.4617337011	0.0777084551
0	0.6674948555	0.0064624906	0.1051968051	0.2095263310	0.0113195179
0	0.3795413262	0.0001301178	0.0901389134	0.1660719141	0.3641177285
0	0.3019536877	0.1592087182	0.0190345340	0.1705153441	0.3492877159
0	0.3044506899	0.0000010575	0.0117497084	0.6798793204	0.0039192238
0	0.6543014830	0.3169600586	0.0000000253	0.0287384330	0.0000000001
0	0.1585034184	0.0187637410	0.2173772750	0.3298018107	0.2755537549
0	0.2677263104	0.0537386787	0.2493348767	0.0001415101	0.4290586242
0	0.3580748145	0.2142738152	0.2417198818	0.0524913635	0.1334401250
0	0.0811413857	0.4386431039	0.0667880470	0.0644210364	0.3490064269
1	0.0883730464	0.5686443749	0.1145934263	0.0769230157	0.1514661368
1	0.0039159864	0.1246471719	0.0022602069	0.8540612930	0.0151153418
0	0.1557775297	0.1680291413	0.2469652129	0.3965766765	0.0326514397
0	0.4604310396	0.2433270811	0.0665953385	0.0943471635	0.1352993773
0	0.2666204746	0.0565615176	0.0576030835	0.0835275681	0.5356873563
0	0.0000836107	0.0002873183	0.0933320715	0.8908670510	0.0154299484
0	0.0026633962	0.0013295191	0.0941349265	0.7716605437	0.1302116145
0	0.1087672884	0.0412614863	0.6760078704	0.1479702542	0.0259931007
