0	0.4019560301	0.0467650418	0.1304447951	0.3404953902	0.0803387428
0	0.4334480177	0.4133450369	0.0046065940	0.0548120748	0.0937882766
0	0.0000000000	0.1765299484	0.1499949164	0.0030369833	0.6704381520
0	0.1005505483	0.0000000000	0.2262154323	0.1444623783	0.5287716410
0	0.0289281050	0.0953969534	0.0317313991	0.8425164283	0.0014271140
0	0.0000315437	0.0000058825	0.3484711551	0.0193824752	0.6321089435
0	0.1402897488	0.2972809767	0.1961223689	0.0018898887	0.3644170169
0	0.0115172273	0.0000416009	0.0758819275	0.5389714553	0.3735877890
1	0.0000812167	0.2396440089	0.2360626418	0.5242120716	0.0000000610
0	0.0022295541	0.0178720438	0.6177761481	0.2475921298	0.1145301242
1	0.0071603629	0.0000000003	0.1441411381	0.8365837438	0.0121147549
0	0.0000000000	0.0147649484	0.3153531051	0.2263745891	0.4435073574
0	0.0232228444	0.0045025629	0.2947554379	0.0892890140	0.5882301408
0	0.2325997690	0.0058745070	0.1101343244	0.3368542941	0.3145371055
0	0.0000033739	0.0311006524	0.0148609125	0.5583634480	0.3956716132
0	0.2025763349	0.0613771265	0.3023327675	0.4217463684	0.0119674026
0	0.0432325780	0.1793580863	0.0000434309	0.2056594644	0.5717064404
0	0.2997838641	0.0758469456	0.1271310468	0.2406846517	0.2565534919
0	0.1826429548	0.1090450599	0.1045822162	0.0333803338	0.5703494353
0	0.0733061065	0.0007304326	0.1871190058	0.7388444551	0.0000000000
0	0.1026250936	0.2547801946	0.2560297256	0.0467870741	0.3397779121
0	0.0008141283	0.0009938509	0.8345600528	0.1626318845	0.0010000834
0	0.0756493122	0.6442053118	0.0190337100	0.1848982445	0.0762134215
0	0.0000318350	0.2155913324	0.1691804394	0.0164914495	0.5987049438
0	0.3488391996	0.0001292505	0.5285080467	0.0000002866	0.1225232167
0	0.0013420535	0.0254669381	0.9519726485	0.0212183600	0.0000000000
0	0.0263470409	0.0000000000	0.7339798980	0.1281353805	0.1115376806
1	0.0000230858	0.0000000016	0.0598983539	0.9370594702	0.0030190885
0	0.1620451012	0.0138052411	0.0518571558	0.2129564424	0.5593360595
0	0.0866607367	0.0674509718	0.6731296506	0.1159595367	0.0567991041
0	0.0076996227	0.2735327043	0.5478556603	0.0248614306	0.1460505822
0	0.0000087253	0.0007013874	0.5358105040	0.1121051313	0.3513742521
1	0.0000194403	0.0006618973	0.9688364739	0.0302437248	0.0002384637
0	0.1034333128	0.0035123180	0.0044131587	0.8813538660	0.0072873445
0	0.0000000122	0.0670442383	0.6229569049	0.3099625870	0.0000362575
0	0.0761951826	0.0423000129	0.8405585562	0.0087802326	0.0321660157
0	0.0091369728	0.0000457584	0.8567635124	0.1070049950	0.0270487614
0	0.0000042978	0.0052912722	0.0711134575	0.0000000000	0.9235909724
0	0.0554190634	0.0310937317	0.8322142756	0.0382235999	0.0430493294
1	0.0000000000	0.0000000057	0.0965563836	0.9027497312	0.0006938795
0	0.2064037188	0.0280386922	0.6790256261	0.0773891441	0.0091428189
0	0.0000000000	0.0403877636	0.2831201098	0.5569201752	0.1195719515
1	0.0020306384	0.0585087678	0.3382411841	0.5795883821	0.0216310276
0	0.0000575551	0.0022652428	0.6240052727	0.3711319035	0.0025400260
0	0.3698034798	0.3096691491	0.2749717849	0.0183241220	0.0272314643
0	0.0134005932	0.0118222298	0.0052352152	0.0151495899	0.9543923718
1	0.0249405581	0.0247187484	0.5072588955	0.4430817980	0.0000000000
0	0.0350092445	0.0000032970	0.5636652699	0.2830337598	0.1182884288
1	0.0076770832	0.6225454067	0.3286802888	0.0321615781	0.0089356432
0	0.3679341188	0.2847352048	0.0472912684	0.0891021588	0.2109372493
0	0.0032414401	0.0946386761	0.1560114965	0.7457814357	0.0003269517
0	0.1274680239	0.0537633459	0.4539430953	0.0389086307	0.3259169042
0	0.0029598441	0.0274787276	0.3654978179	0.3490640747	0.2549995357
0	0.0014614233	0.0010972498	0.2161779065	0.4401751842	0.3410882362
0	0.8109775084	0.0002884413	0.1635605304	0.0093506821	0.0158228377
0	0.0047382858	0.4614849866	0.0929075955	0.1335712389	0.3072978932
0	0.0513740849	0.0414505305	0.0023871847	0.0003269218	0.9044612782
0	0.4214269416	0.0134567052	0.4250684798	0.1400478734	0.0000000000
0	0.0539059786	0.0015233344	0.0810321211	0.7965615142	0.0669770518
1	0.0511561273	0.0000000017	0.1870061794	0.7618376825	0.0000000091
0	0.3497596841	0.0000000000	0.6502363462	0.0000039697	0.0000000000
0	0.1559327064	0.1311963092	0.0440891292	0.6612768173	0.0075050379
0	0.0128361667	0.6256581812	0.2062253020	0.1410909682	0.0141893819
0	0.0000000000	0.6824360959	0.0774885716	0.1397220776	0.1003532549
1	0.1065697951	0.0482353773	0.7626974338	0.0007416481	0.0817557458
0	0.0000000000	0.2101804002	0.1082558296	0.6737611619	0.0078026082
0	0.0000000000	0.3168148496	0.6826058100	0.0000075721	0.0005717683
0	0.0000378355	0.0208604764	0.4142044528	0.5379598684	0.0269373669
0	0.0862996243	0.0226485436	0.5920081765	0.2958969853	0.0031466703
0	0.0000000000	0.0008786488	0.0370288625	0.0296058546	0.9324866341
0	0.0116424443	0.0005332766	0.9760078526	0.0060827931	0.0057336334
0	0.1753931385	0.0122204175	0.8123747902	0.0000000448	0.0000116089
1	0.0000021052	0.0071459922	0.0001586161	0.9918939308	0.0007993557
0	0.0137930382	0.0838566638	0.8730569135	0.0097875068	0.0195058778
0	0.2488456133	0.0521976337	0.5570120724	0.0513212353	0.0906234453
0	0.0005671116	0.0000201323	0.8046336750	0.1947788396	0.0000002415
1	0.0096044666	0.0003076235	0.1335129794	0.8523198767	0.0042550539
0	0.0000122905	0.5252422264	0.0973533656	0.3483767791	0.0290153385
0	0.3213420381	0.0812887420	0.4646356313	0.1197728192	0.0129607693
0	0.0063359282	0.5256164398	0.0909439405	0.3770768374	0.0000268542
0	0.0018622836	0.4700468088	0.0598642803	0.0070360191	0.4611906082
1	0.0000142266	0.0000029599	0.6716585672	0.3188337915	0.0094904548
0	0.0171801861	0.0337396137	0.8493951033	0.0996849886	0.0000001082
0	0.0540030399	0.4401464739	0.2515703030	0.0000098318	0.2542703513
0	0.0000001047	0.0000000000	0.7501827964	0.1008225769	0.1489945221
0	0.2513770221	0.1353653162	0.0667006909	0.1372625042	0.4092944666
0	0.0007372390	0.1003246752	0.6256091712	0.2733037052	0.0000252094
0	0.6153041943	0.1511810214	0.1314742264	0.1020346641	0.0000058939
0	0.0745756367	0.4170345304	0.4693364908	0.0088976843	0.0301556578
0	0.0000000000	0.0508903401	0.1175034975	0.6962528325	0.1353533299
0	0.0088670232	0.0828368252	0.8781872355	0.0243167248	0.0057921913
1	0.0000000000	0.0023284866	0.5634625642	0.4342089492	0.0000000000
0	0.0334073748	0.2194181825	0.0875319288	0.6596425140	0.0000000000
0	0.1557527686	0.0447707746	0.4567052456	0.3425306729	0.0002405383
0	0.0000000000	0.0365383599	0.9394306635	0.0134437205	0.0105872561
0	0.0000000000	0.6989648552	0.2543626696	0.0441679240	0.0025045512
0	0.0185111423	0.0003212459	0.6649176202	0.2940285987	0.0222213930
2	0.0000040638	0.0000717269	0.2165059425	0.7449914892	0.0384267776
0	0.0006368788	0.9492493542	0.0424266494	0.0042940537	0.0033930638
0	0.0012381169	0.1625368398	0.1248496403	0.5491454833	0.1622299197
