1	0.0000810873	0.0163874855	0.6714403128	0.3120911143	0.0000000000
0	0.0000015571	0.1144753422	0.4324482361	0.1726861618	0.2803887028
0	0.0000366979	0.1193729382	0.8365712012	0.0000001525	0.0440190101
1	0.0000000529	0.1169576292	0.0167314589	0.5507956535	0.3155152054
0	0.0015442681	0.0002128301	0.7307446560	0.0363536323	0.2311446135
2	0.0002745756	0.0000285902	0.6781796389	0.3198315021	0.0016856932
0	0.9156176677	0.0167908493	0.0338864012	0.0001262750	0.0335788067
0	0.0000009205	0.1968808200	0.0921978289	0.0307336428	0.6801867878
0	0.0020245832	0.0000819783	0.9839287488	0.0139646695	0.0000000203
0	0.0001561510	0.0000553152	0.8794627656	0.0515535621	0.0687722061
0	0.1324408254	0.0518661006	0.6247377529	0.1265731373	0.0643821838
0	0.0486596995	0.0038582702	0.8390231901	0.0067281683	0.1017306719
0	0.0065793441	0.0008063911	0.9748847830	0.0000020777	0.0177274041
0	0.0003927956	0.0873426688	0.8861388406	0.0024497461	0.0236759489
0	0.0256227718	0.0000203540	0.6881693547	0.2813086647	0.0048788548
0	0.0042951516	0.9172407532	0.0716246476	0.0042941938	0.0025452537
1	0.0002507120	0.0031710688	0.0392716251	0.9573065045	0.0000000896
0	0.0492914469	0.1296536848	0.2005171248	0.0229009534	0.5976367901
0	0.0000000000	0.3978532482	0.0298781074	0.0368827837	0.5353858607
0	0.0071680833	0.3512981062	0.6138411230	0.0211108742	0.0065818133
0	0.0210978396	0.3483732552	0.0711496312	0.5485331248	0.0108461492
0	0.0067831612	0.0391263514	0.9537059349	0.0000000022	0.0003845503
0	0.0112524850	0.0016757808	0.9785634959	0.0013324043	0.0071758340
1	0.0079871448	0.0000000001	0.0911194901	0.4637585684	0.4371347966
0	0.0090990578	0.0243614657	0.7657850451	0.2007530909	0.0000013405
0	0.5477697148	0.0654115797	0.0133040994	0.2677669061	0.1057477000
0	0.1012367527	0.0359414271	0.0544537270	0.0652605483	0.7431075450
0	0.0100231568	0.7873565503	0.2003483511	0.0004464005	0.0018255414
0	0.0000001661	0.0203709551	0.9544533056	0.0008094497	0.0243661235
0	0.0279568088	0.0023214759	0.8635554060	0.1061663082	0.0000000011
0	0.1035071885	0.6577187620	0.0047645450	0.1177964651	0.1162130395
0	0.4864694271	0.1185586316	0.3793122082	0.0000000000	0.0156597330
0	0.0418136735	0.6376059560	0.1579758018	0.1514862101	0.0111183585
0	0.0551550854	0.0445589916	0.1798937943	0.2537787814	0.4666133473
1	0.0029125457	0.0000112888	0.3856299367	0.5933821757	0.0180640531
0	0.1105845034	0.0000000000	0.3671209516	0.4686341300	0.0536604150
0	0.2392373432	0.0013098426	0.4040732530	0.1561075526	0.1992720086
1	0.0000000015	0.0027462803	0.8720957017	0.1251580165	0.0000000000
1	0.0000000000	0.0168582772	0.7285687556	0.2304553246	0.0241176426
0	0.2657369646	0.0304448801	0.3180125222	0.2594613634	0.1263442697
0	0.1698387824	0.3475180164	0.4826426003	0.0000004798	0.0000001212
0	0.0018779317	0.5749158863	0.1575240165	0.0500518237	0.2156303418
0	0.0147705623	0.8065153875	0.1592859348	0.0181843539	0.0012437615
0	0.0629406118	0.0074883869	0.5035086939	0.2371833269	0.1888789806
0	0.1729329184	0.0034994341	0.2302723905	0.0220095405	0.5712857165
0	0.0000000000	0.1104648560	0.4213146682	0.0003992741	0.4678212017
1	0.0949369248	0.0000000330	0.0478591783	0.8431715511	0.0140323128
0	0.0238198267	0.0802512432	0.4423000407	0.1560251953	0.2976036942
0	0.0217635126	0.1702369078	0.6404596213	0.1675399510	0.0000000073
0	0.0000354984	0.2326700641	0.7517135679	0.0143590780	0.0012217917
0	0.0037781903	0.0353198719	0.7506093735	0.2102706336	0.0000219307
0	0.2629449486	0.0064419881	0.3593094824	0.0116782974	0.3596252835
0	0.0243884964	0.0395136856	0.5942536473	0.3416313706	0.0002128001
0	0.0007349361	0.0000000010	0.0086075951	0.8924288250	0.0982286428
0	0.3179526973	0.0120879197	0.5611905062	0.0317505267	0.0770183500
1	0.0004283091	0.0585045702	0.2981919648	0.0860596217	0.5568155342
0	0.0587764237	0.6541862762	0.0000005092	0.0269985043	0.2600382865
0	0.0000336120	0.0000000000	0.8680661723	0.1319002157	0.0000000000
0	0.0072640014	0.0000029647	0.0709422169	0.1125843054	0.8092065115
1	0.0001097078	0.0000416769	0.2901035901	0.6908117227	0.0189333025
0	0.0025224010	0.0000102185	0.0340029872	0.8448984146	0.1185659787
0	0.0009298665	0.4938535522	0.3554582209	0.0550292290	0.0947291315
0	0.0000835661	0.0261200558	0.7656723244	0.1035456228	0.1045784308
0	0.7477593573	0.0256735172	0.0225027228	0.2029052144	0.0011591883
0	0.5014851487	0.1331816245	0.0456258018	0.0001521823	0.3195552427
0	0.0470663316	0.9291556322	0.0017949094	0.0000019097	0.0219812172
1	0.0079114539	0.0000252431	0.3722518388	0.6138381535	0.0059733107
0	0.0176429089	0.1327689108	0.2773649117	0.4587697171	0.1134535515
0	0.2258141850	0.0511266239	0.2460496998	0.1179044868	0.3591050045
0	0.1856770861	0.3085501611	0.3538048319	0.0000072655	0.1519606554
1	0.0017130577	0.0932910762	0.2528914249	0.6331181546	0.0189862866
1	0.0016033599	0.4290277347	0.2406517966	0.2051020787	0.1236150301
0	0.3947707860	0.2419931831	0.3621280420	0.0011053955	0.0000025934
0	0.2600516122	0.0000300464	0.0050862021	0.0037188347	0.7311133047
1	0.0011665046	0.0214999358	0.0567209959	0.9202470417	0.0003655221
0	0.0002226102	0.1285785048	0.4779703180	0.0886922528	0.3045363142
0	0.0149262475	0.0083207071	0.3405133462	0.4700407425	0.1661989568
2	0.0000000000	0.0062425695	0.0296132688	0.9623479618	0.0017961999
0	0.5066913286	0.0000000000	0.3121097295	0.0349005184	0.1462984235
0	0.0000000000	0.1309155948	0.6016200784	0.2234283323	0.0440359945
1	0.0044579180	0.0006332586	0.0030698442	0.9654784507	0.0263605285
0	0.7143587034	0.0000001573	0.2778684064	0.0077727329	0.0000000000
1	0.0020882091	0.1106730891	0.6687897325	0.0363919571	0.1820570122
0	0.8909106804	0.0002232242	0.0721287205	0.0048631835	0.0318741914
0	0.0007664984	0.3259376579	0.5475812807	0.0998835329	0.0258310300
0	0.0000000463	0.0000000000	0.9827325722	0.0137638372	0.0035035443
0	0.0000030640	0.1179480336	0.8200898369	0.0615600916	0.0003989739
0	0.0037434832	0.0084483820	0.9574930656	0.0301810211	0.0001340481
0	0.0057412239	0.0393168601	0.0268638753	0.7304165134	0.1976615273
0	0.0089151062	0.1412065948	0.3481173957	0.5016840573	0.0000768459
0	0.0528311406	0.5733471656	0.0002418664	0.1708073355	0.2027724919
0	0.0198285445	0.0012584229	0.9145367242	0.0643751166	0.0000011918
0	0.0093520590	0.0011953186	0.5260934115	0.0000200431	0.4633391678
0	0.0000002096	0.2339132127	0.2577277152	0.0000000003	0.5083588622
0	0.0080792305	0.0202401716	0.9648873583	0.0026267733	0.0041664663
0	0.1034868861	0.4507638325	0.0672402872	0.0406967100	0.3378122841
0	0.0488218103	0.0006127207	0.0042809794	0.2826510682	0.6636334214
1	0.0014733714	0.0000198801	0.2289566207	0.7677045240	0.0018456038
0	0.0000067931	0.3488797620	0.4381360972	0.0036000764	0.2093772713
0	0.1398082097	0.0137258414	0.7960912745	0.0341268651	0.0162478094
