0	0.0215528785	0.0008778786	0.5898058789	0.0000019748	0.3877613891
0	0.0881597032	0.0000170400	0.0000575367	0.8640289847	0.0477367355
0	0.0578963162	0.1013245100	0.7652072679	0.0000022592	0.0755696468
0	0.0000004950	0.1107295657	0.8741300452	0.0001489304	0.0149909637
1	0.0078317185	0.0138237851	0.9340893137	0.0389793161	0.0052758665
0	0.0000000000	0.2243775888	0.0032419655	0.7441569715	0.0282234741
0	0.4837241925	0.2589468775	0.0427185194	0.0292380175	0.1853723931
0	0.0000045715	0.1318754128	0.8337474225	0.0343725932	0.0000000000
0	0.0087703609	0.1050726188	0.7036851661	0.0054491202	0.1770227341
0	0.3037300314	0.2900552062	0.1466768705	0.0088173312	0.2507205607
2	0.0000013914	0.0000009811	0.1372420930	0.8494797940	0.0132757406
0	0.0272847196	0.0002584398	0.9007974544	0.0621202354	0.0095391507
0	0.0330189784	0.1103060024	0.8042547063	0.0520025046	0.0004178083
0	0.3630877301	0.3019791783	0.0770584798	0.2001041000	0.0577705119
0	0.0000038514	0.0000351043	0.9910577318	0.0087000619	0.0002032505
0	0.0000000032	0.2758561832	0.0451141917	0.2513570407	0.4276725811
0	0.0000000000	0.0002291028	0.3172631996	0.6441232730	0.0383844246
0	0.0055891484	0.0343083186	0.8896918956	0.0000021343	0.0704085032
0	0.0851378322	0.0276076203	0.3309196987	0.0414822163	0.5148526326
0	0.3603180269	0.6387118038	0.0000000000	0.0000000000	0.0009701692
0	0.0941017355	0.2459171892	0.6176752149	0.0408918461	0.0014140144
0	0.2337423083	0.0002868237	0.0000005648	0.0042244309	0.7617458722
0	0.0045773027	0.1302863042	0.4355232281	0.0272185522	0.4023946128
0	0.0000003389	0.0012960592	0.9804280659	0.0049656911	0.0133098450
0	0.0010507088	0.0577443019	0.1138879474	0.0281557167	0.7991613252
0	0.0000002576	0.1089265160	0.3412562411	0.3053550583	0.2444619270
0	0.2095366085	0.0326012272	0.1043748796	0.6118898299	0.0415974549
0	0.0913492450	0.1437621718	0.6918628670	0.0659074196	0.0071182966
0	0.0025241487	0.0468883621	0.9419249227	0.0086570409	0.0000055256
0	0.0000016646	0.0000000519	0.2386331531	0.7569053055	0.0044598249
0	0.3432503876	0.0013980076	0.2319242344	0.3977537560	0.0256736143
0	0.0000000151	0.0889763560	0.5481256426	0.0244804977	0.3384174886
0	0.0000002513	0.0000452743	0.1285487200	0.8684432806	0.0029624738
1	0.0151718648	0.0180968669	0.5067607631	0.4566621742	0.0033083311
1	0.0026625055	0.0000579330	0.0807764401	0.9162052339	0.0002978876
0	0.0010537683	0.8315487865	0.0992465890	0.0332511062	0.0348997500
0	0.0006343463	0.0000000000	0.0328716361	0.1880437992	0.7784502184
0	0.0000012456	0.2741158780	0.1501179803	0.1218394824	0.4539254138
1	0.0076145998	0.0151077436	0.5563147932	0.3805982362	0.0403646271
0	0.0689080858	0.0051752524	0.2645846136	0.0152932615	0.6460387867
0	0.0001824339	0.1416268255	0.1612080650	0.0086264643	0.6883562112
0	0.1560618861	0.0146992907	0.0735736562	0.3374053733	0.4182597937
0	0.2923975558	0.0000000004	0.2305879909	0.1878296360	0.2891848169
0	0.0003174674	0.0233009165	0.4658178764	0.0287082228	0.4818555169
1	0.0000000719	0.0007725455	0.5702672020	0.4289601806	0.0000000000
0	0.0000046872	0.0469502928	0.0342038101	0.8955768100	0.0232643999
0	0.0000000006	0.0707723539	0.8364624126	0.0617436415	0.0310215914
1	0.0002062909	0.0603376247	0.2052900076	0.5278832135	0.2062828633
0	0.0000012900	0.0000000071	0.8020128702	0.0001443166	0.1978415160
0	0.0000000012	0.2439853798	0.2197958830	0.5362173144	0.0000014216
0	0.0947947871	0.0352055970	0.8699966334	0.0000000000	0.0000029825
0	0.0346436000	0.2420435329	0.7231104332	0.0002024339	0.0000000000
0	0.0653689045	0.0063097354	0.2245086727	0.4129980446	0.2908146428
1	0.0000000000	0.1404872894	0.6753383136	0.0725661495	0.1116082475
0	0.0931892749	0.1339148162	0.1390472025	0.5028685844	0.1309801220
1	0.0000005484	0.0000039230	0.8656769716	0.0250433764	0.1092751806
1	0.0007649198	0.0000117322	0.1422509628	0.2058351213	0.6511372640
0	0.9721986403	0.0016249484	0.0000000576	0.0230815657	0.0030947881
1	0.0127368675	0.0001596748	0.9584328512	0.0275498949	0.0011207117
0	0.0000000045	0.0039958550	0.0033913700	0.0030359595	0.9895768110
0	0.0044037936	0.6493319355	0.0019046390	0.3442500850	0.0001095471
0	0.0067633028	0.0048096186	0.0000695238	0.1865381183	0.8018194365
1	0.0036760131	0.0120083619	0.8574798340	0.1055778662	0.0212579248
0	0.0955304230	0.1960504393	0.4011943300	0.1291485384	0.1780762692
1	0.0000087651	0.0000000000	0.1436199699	0.8461341687	0.0102370963
0	0.0017108553	0.0819029237	0.8679651963	0.0428008146	0.0056202101
0	0.0000000000	0.5311758841	0.0365071798	0.1891229754	0.2431939607
0	0.0000658909	0.2868959509	0.1883827558	0.1707120278	0.3539433746
0	0.0000000214	0.1367927401	0.0082125580	0.8359707423	0.0190239382
1	0.0179939307	0.0061505696	0.9512453076	0.0235229834	0.0010872086
0	0.0168890306	0.7378535554	0.0607097362	0.0008280247	0.1837196531
0	0.0000009062	0.5674402493	0.2472660101	0.0006716346	0.1846211998
0	0.0001200948	0.8195247387	0.0167554517	0.1612650362	0.0023346786
1	0.0062082342	0.0064052224	0.1691441127	0.8182039442	0.0000384865
1	0.0021937245	0.0389353381	0.8175936167	0.1145694373	0.0267078835
0	0.0087295037	0.0291136798	0.2344626192	0.5717487291	0.1559454683
1	0.0000172034	0.0004305017	0.9829876625	0.0164827878	0.0000818446
1	0.0000000000	0.0212988929	0.5408839284	0.4378171102	0.0000000685
0	0.2338474585	0.0188749212	0.4427081761	0.0021179728	0.3024514713
0	0.0000213925	0.0921264573	0.8015216844	0.0017743939	0.1045560719
1	0.0000954201	0.0000000000	0.0079519642	0.9915838972	0.0003687185
0	0.4343728465	0.0000000000	0.2359056858	0.1044072464	0.2253142213
0	0.0195675451	0.0008135990	0.9754016541	0.0015079971	0.0027092046
0	0.0365411997	0.3484353969	0.0000484114	0.5959133815	0.0190616105
0	0.1181274416	0.0000000001	0.6820689092	0.0193903566	0.1804132925
0	0.0353790676	0.2296880369	0.3934970271	0.2148298008	0.1266060677
0	0.0025907308	0.0000228611	0.8048399466	0.1794670078	0.0130794537
0	0.0320204063	0.0000000000	0.5109367586	0.1204506784	0.3365921567
0	0.3633376742	0.0000635104	0.3371403970	0.0240535290	0.2754048894
0	0.4023603712	0.0000000006	0.0007252229	0.1009783098	0.4959360955
0	0.0007012201	0.0039969128	0.9611333230	0.0340909710	0.0000775730
0	0.0528993761	0.4541279610	0.2467555285	0.0783816774	0.1678354570
0	0.0949006942	0.0555849974	0.7417362859	0.0065496998	0.1012283227
0	0.0000014362	0.0002050034	0.9997887035	0.0000000153	0.0000048415
0	0.0000796379	0.0164615340	0.0115306250	0.2308883620	0.7410398411
0	0.0391616655	0.0744745002	0.0953201668	0.7891821624	0.0018615051
0	0.0000000000	0.0000000004	0.9346001779	0.0338538670	0.0315459547
0	0.0052482806	0.3875749072	0.5949494426	0.0109777071	0.0012496625
0	0.1737394082	0.1262062447	0.0000000000	0.6583253832	0.0417289639
0	0.0000000000	0.1533876719	0.7872790311	0.0535299256	0.0058033714
