0	0.0668692790	0.2209161195	0.5128680036	0.0000000049	0.1993465930
0	0.0004061207	0.0111775374	0.0020043915	0.9838552074	0.0025567430
0	0.0690115223	0.0377206989	0.8603338067	0.0000023178	0.0329316544
0	0.1507718368	0.4565313391	0.3108028152	0.0755605788	0.0063334301
0	0.3870067010	0.0018825742	0.0820022137	0.0356531309	0.4934553802
0	0.0020859398	0.1052152716	0.1531126590	0.7320013128	0.0075848168
0	0.0000000096	0.0019249617	0.9222828892	0.0746043803	0.0011877592
0	0.0081511587	0.0231189831	0.6494892976	0.2525426621	0.0666978985
0	0.3914534820	0.0000261532	0.1773861794	0.0003679884	0.4307661971
0	0.0162435468	0.0000000039	0.2069755325	0.0000000012	0.7767809156
0	0.0000000000	0.9145932484	0.0000000028	0.0042071240	0.0811996247
0	0.3553679576	0.1536286193	0.4705929988	0.0122064814	0.0082039429
1	0.0000027810	0.0219312167	0.8909834613	0.0870824792	0.0000000618
0	0.0011125209	0.0123985446	0.0012396230	0.9515570195	0.0336922921
0	0.0071606938	0.2676467546	0.0187427549	0.0333579081	0.6730918886
0	0.0000005063	0.0000017503	0.9374104840	0.0483100585	0.0142772009
2	0.0027761020	0.0000000000	0.1845100296	0.8126509339	0.0000629344
0	0.0861113917	0.2374645894	0.0908544108	0.2840901100	0.3014794979
0	0.0000000000	0.5417388892	0.3611226289	0.0836721293	0.0134663525
0	0.0302473105	0.0057776475	0.1552561751	0.6903344693	0.1183843978
0	0.0317754730	0.0903756460	0.2179546940	0.2309255836	0.4289686035
0	0.0000000000	0.1370511099	0.3592671476	0.0034463708	0.5002353717
0	0.3846716098	0.0948855898	0.3821211489	0.0554339738	0.0828876778
0	0.0375841107	0.0000000000	0.8150544151	0.1182900028	0.0290714715
1	0.0048960881	0.0285300519	0.1011724459	0.7830654018	0.0823360122
0	0.4394805408	0.0017659557	0.4533659662	0.1053781973	0.0000093400
0	0.0000015335	0.4084547802	0.5765807152	0.0106453917	0.0043175795
0	0.6739226337	0.0776789966	0.1919966308	0.0564017389	0.0000000000
0	0.0008499197	0.6935882203	0.1973380126	0.0050790372	0.1031448102
0	0.6343860340	0.0000000080	0.0093114713	0.1451141653	0.2111883214
0	0.0055611626	0.0427475578	0.0000011828	0.2728878227	0.6788022741
0	0.6441679242	0.1772743860	0.0000724715	0.0695317948	0.1089534235
1	0.0006136485	0.0133331141	0.9201478965	0.0219918342	0.0439135067
0	0.1248121437	0.0111992330	0.4589872419	0.2126898141	0.1923115673
1	0.0003309830	0.0000148930	0.0614273226	0.8963723835	0.0418544180
0	0.0000604766	0.0000000336	0.5114938356	0.4432243306	0.0452213235
0	0.1504731181	0.5766782661	0.2068063866	0.0653775637	0.0006646656
0	0.1288588144	0.2353480494	0.6149552131	0.0077468383	0.0130910849
0	0.1381405360	0.3400494279	0.2213146792	0.0001452594	0.3003500975
0	0.0011328286	0.2782645306	0.4870335146	0.0000000000	0.2335691262
0	0.2199559800	0.1519623923	0.6280422597	0.0000018840	0.0000374840
0	0.0000000000	0.0014817257	0.6452918406	0.0005874149	0.3526390188
0	0.0043374167	0.0000207618	0.7819075143	0.1848891485	0.0288451586
1	0.0066849383	0.0038883220	0.5454163188	0.2619703076	0.1820401133
0	0.3523897757	0.1470454757	0.0021589529	0.2337611851	0.2646446106
0	0.2392007893	0.0872358000	0.5566864218	0.1096246565	0.0072523324
1	0.0021380898	0.0271834616	0.9183281616	0.0446384533	0.0077118337
0	0.0000371731	0.3888483986	0.5973659640	0.0137484643	0.0000000000
1	0.0135236581	0.0251298911	0.5062917727	0.4178626648	0.0371920133
1	0.0000531948	0.0004344486	0.6008683060	0.3681143633	0.0305296873
0	0.0403189188	0.7901601704	0.0502162467	0.0297617967	0.0895428673
1	0.0010189225	0.1370557572	0.7689173097	0.0096366892	0.0833713214
0	0.0468547971	0.0316886559	0.4026168031	0.4122191133	0.1066206306
0	0.0095846537	0.0011209459	0.0304547036	0.2619899007	0.6968497961
0	0.0000000000	0.0849917637	0.7315622521	0.1741162225	0.0093297617
0	0.0615822918	0.0000000000	0.0000001784	0.0000000017	0.9384175281
0	0.6023446951	0.1963500605	0.1835577091	0.0022710214	0.0154765140
0	0.0119655459	0.0253958863	0.2961039064	0.6073349535	0.0591997079
1	0.0072607675	0.0001058145	0.2687799346	0.2628421781	0.4610113053
0	0.0077154715	0.5368370470	0.3836081209	0.0000632899	0.0717760707
0	0.0133726953	0.0865620917	0.6444360787	0.0562491690	0.1993799653
0	0.0000000000	0.0051061049	0.8222595240	0.0140171035	0.1586172676
0	0.0487314651	0.0223182996	0.0699635500	0.8589866852	0.0000000001
0	0.4702148402	0.0002379170	0.5292830450	0.0000000160	0.0002641818
0	0.0034093709	0.0204093352	0.1886855886	0.2786255470	0.5088701583
1	0.0000000000	0.0012103988	0.5509712269	0.2906490782	0.1571692960
0	0.0000000394	0.2959739141	0.3633913885	0.0564341566	0.2842005014
0	0.0103412614	0.6903357418	0.0396133842	0.0000507234	0.2596588891
1	0.0113244197	0.0000009752	0.8863897778	0.0887841323	0.0135006950
0	0.1811084293	0.1681874088	0.0007038579	0.6500001777	0.0000001263
0	0.2829117011	0.0709614419	0.6299935703	0.0000055297	0.0161277569
1	0.0178950459	0.0068759031	0.7434734644	0.2309704989	0.0007850877
0	0.0007452999	0.0007385588	0.6905896605	0.0037872826	0.3041391982
0	0.0357147225	0.0382130683	0.2809964934	0.2731953046	0.3718804111
0	0.0117445478	0.1785530609	0.4313651547	0.1290650480	0.2492721886
0	0.0099712734	0.1697552940	0.1118627433	0.2145835822	0.4938271071
0	0.0319227865	0.0436224981	0.0555411679	0.0000269130	0.8688866343
1	0.0000000000	0.1221403350	0.1928570723	0.6820697279	0.0029328648
0	0.1288534340	0.0644212810	0.0000026794	0.6353690246	0.1713535810
0	0.0123618202	0.0023981957	0.4912464452	0.0493298145	0.4446637245
0	0.1859712638	0.3017398789	0.1294894406	0.3374907364	0.0453086803
1	0.0222190435	0.0351513186	0.6555124180	0.2650748771	0.0220423428
1	0.0000001013	0.0029115742	0.6653067164	0.1544898779	0.1772917301
0	0.0070689129	0.0161944950	0.0480477748	0.0003157086	0.9283731088
0	0.0000180926	0.0000000754	0.3250238229	0.6718765893	0.0030814198
1	0.0004127813	0.0000326542	0.0284328308	0.9710224268	0.0000993069
0	0.0126121040	0.0011922071	0.3139377875	0.6722452120	0.0000126894
0	0.0886577113	0.6885707077	0.2225282480	0.0000840202	0.0001593127
0	0.1701739346	0.3509119881	0.1750597797	0.0065371662	0.2973171314
0	0.0000000001	0.0009001964	0.4748568848	0.3716850163	0.1525579024
0	0.0005625479	0.7748517438	0.1477988347	0.0000000000	0.0767868736
0	0.0087268718	0.0016140881	0.8191683154	0.0000000000	0.1704907247
1	0.0000017642	0.0000000000	0.2703836148	0.7285833229	0.0010312981
0	0.0000407076	0.0548500088	0.0015982104	0.4333109240	0.5102001492
0	0.0000000000	0.0010656472	0.8083808546	0.1891809391	0.0013725591
0	0.0811062651	0.0002490788	0.3855448859	0.1104175995	0.4226821708
0	0.0000000000	0.0321363285	0.6254806593	0.2234120670	0.1189709452
0	0.3173595551	0.2398533861	0.2358085965	0.0511785047	0.1557999576
0	0.1245367882	0.0000000030	0.1688491635	0.4577871079	0.2488269374
0	0.0002637275	0.1037653972	0.0556954582	0.1631246226	0.6771507946
