1	0.0008631176	0.2826340642	0.0267581487	0.0000628053	0.6896818642
0	0.2712552142	0.2842399401	0.4021211736	0.0070695124	0.0353141596
1	0.0819118027	0.1324418879	0.7852719078	0.0003743731	0.0000000285
0	0.1741895471	0.1097468516	0.2956672958	0.3582728289	0.0621234766
1	0.0894636337	0.0006962189	0.0939729525	0.0990342414	0.7168329535
0	0.1295179101	0.0000000017	0.0683215804	0.7923148004	0.0098457075
0	0.6354107782	0.0631261236	0.0043312302	0.2581348165	0.0389970516
1	0.0012656201	0.2478466942	0.0000025560	0.0213815879	0.7295035418
1	0.0000039923	0.9849747613	0.0000000000	0.0150212032	0.0000000432
0	0.0806283536	0.2751839681	0.5919128363	0.0515901583	0.0006846837
0	0.0153657647	0.1045480313	0.0104504250	0.8320513347	0.0375844443
1	0.0000004416	0.1145343609	0.0029448264	0.8825203710	0.0000000000
0	0.1393977478	0.1109825512	0.4574528281	0.1802172195	0.1119496534
0	0.2729980989	0.0521213425	0.2357036815	0.1038705000	0.3353063772
0	0.2071001574	0.2705517577	0.4735346970	0.0459329525	0.0028804353
0	0.1509350454	0.1034977872	0.0005514838	0.4723030248	0.2727126588
0	0.0118402244	0.0257117694	0.3805954395	0.5807474513	0.0011051155
0	0.0002829467	0.0307140039	0.0018208262	0.9557734044	0.0114088188
0	0.0031839045	0.0000000245	0.0010369883	0.3242800688	0.6714990139
1	0.6255473787	0.0269864403	0.1124457483	0.2347872662	0.0002331665
0	0.2324879569	0.0220337246	0.0385347962	0.6883749675	0.0185685549
0	0.0152470254	0.0088908206	0.0534854525	0.9189071320	0.0034695695
0	0.0010961865	0.9829437144	0.0000410578	0.0118895939	0.0040294474
1	0.0141589267	0.0642664873	0.0000080540	0.9215661082	0.0000004239
0	0.5439271281	0.0012561781	0.3776118925	0.0230082194	0.0541965819
0	0.0078099736	0.0550044610	0.8631141587	0.0377493241	0.0363220827
0	0.0000366457	0.4056501999	0.0630515025	0.0000600831	0.5312015688
0	0.0798386252	0.1441659132	0.0028369357	0.7731584969	0.0000000291
0	0.2756666395	0.1352858442	0.0680694012	0.2621756979	0.2588024172
0	0.0774924291	0.2430568803	0.5775385118	0.0000047831	0.1019073958
0	0.3589135433	0.0046145132	0.0212813597	0.0012965696	0.6138940141
0	0.0226153161	0.4285109188	0.1449955909	0.0004668606	0.4034113136
0	0.0159525532	0.0722942097	0.2280018708	0.0253189627	0.6584324036
0	0.2507399064	0.0203656129	0.6416520467	0.0868858459	0.0003565881
0	0.3723305035	0.0900360459	0.1783757465	0.0522621312	0.3069955728
0	0.1527239318	0.2527400971	0.0026994140	0.1467565083	0.4450800487
1	0.2720531035	0.0231669600	0.0866881852	0.6135592496	0.0045325017
0	0.0176817332	0.0262755471	0.8921201427	0.0554678376	0.0084547394
0	0.0001130369	0.2360070391	0.2812377062	0.4815145492	0.0011276685
0	0.0014617804	0.0012652964	0.4022615691	0.3038701908	0.2911411634
1	0.3222424321	0.0000592154	0.0547101284	0.6229882231	0.0000000010
0	0.1397835878	0.0985728812	0.2629232497	0.4987110007	0.0000092806
0	0.7900172961	0.1359165034	0.0658655727	0.0078454047	0.0003552232
1	0.0224783936	0.0601064234	0.0120849591	0.8785976443	0.0267325796
0	0.1048018600	0.0572500581	0.7110894174	0.1268541027	0.0000045618
0	0.9493526527	0.0282945336	0.0051786732	0.0074345517	0.0097395888
0	0.9627104782	0.0005283346	0.0236534323	0.0130334856	0.0000742693
0	0.3807442536	0.0181174488	0.3183130339	0.2757329103	0.0070923535
0	0.2547120246	0.0300381556	0.0000000021	0.7149279458	0.0003218720
1	0.0039493047	0.9361907825	0.0596895340	0.0001703780	0.0000000008
0	0.0278014651	0.3506561394	0.0000193127	0.5395337775	0.0819893053
0	0.0924665795	0.0517558707	0.4411156833	0.1398264875	0.2748353791
0	0.2356562147	0.0664158151	0.0000000072	0.6890749038	0.0088530592
1	0.4236265511	0.0417697660	0.0579253366	0.4715917657	0.0050865805
0	0.4602373074	0.0000551572	0.5286430574	0.0110644780	0.0000000000
0	0.0187588917	0.0488614329	0.0834649404	0.6025862563	0.2463284787
0	0.0000000179	0.0000000000	0.0391574113	0.9572477909	0.0035947798
2	0.0446927788	0.9299153576	0.0089434736	0.0164463159	0.0000020741
0	0.0304431759	0.1118530174	0.3067154407	0.5509785461	0.0000098199
0	0.0013398565	0.0000023996	0.0068332139	0.5988961463	0.3929283837
0	0.0000203448	0.0000067284	0.4132008990	0.0860291278	0.5007429000
0	0.3122583984	0.0000000014	0.4956614144	0.1792821882	0.0127979976
0	0.1184519430	0.4545109566	0.4067121822	0.0002404187	0.0200844995
1	0.3004609788	0.0000963390	0.1626891006	0.5009123594	0.0358412222
0	0.1910076508	0.0848905840	0.1884044630	0.5333388013	0.0023585008
1	0.0174439396	0.2090414697	0.5875181775	0.1756856478	0.0103107654
0	0.0005976895	0.0037770628	0.6657262263	0.2173992515	0.1124997698
1	0.2876200413	0.2738426054	0.1550834701	0.2204494871	0.0630043961
1	0.8540587589	0.0025128827	0.0322867253	0.0019567913	0.1091848419
0	0.0451286073	0.6782269233	0.1553757888	0.0255753912	0.0956932894
0	0.0880766469	0.0006617709	0.0000019384	0.5417566544	0.3695029893
0	0.0038054077	0.1047611228	0.1215473489	0.7697699964	0.0001161242
0	0.8221022120	0.0319457338	0.0072252593	0.0714110783	0.0673157167
0	0.2869853233	0.0117173560	0.3594541915	0.3208031679	0.0210399613
0	0.1029264521	0.4805755694	0.1204912948	0.2215959888	0.0744106948
0	0.0616766000	0.1298829666	0.7477464585	0.0519841130	0.0087098619
0	0.4776217420	0.2378492016	0.0034274343	0.0280548653	0.2530467567
1	0.3845483202	0.0930093677	0.3103248734	0.2120006587	0.0001167800
0	0.7377545963	0.1374644177	0.0001915082	0.0000099840	0.1245794939
0	0.0201434139	0.2066156878	0.5706848692	0.2014600088	0.0010960203
0	0.7651578411	0.1571604191	0.0025152418	0.0072637783	0.0679027196
0	0.7191662553	0.0070596469	0.1898562512	0.0559500586	0.0279677881
0	0.3500161477	0.0324711126	0.2446650688	0.3686402535	0.0042074174
0	0.0890345390	0.0277437168	0.1344272649	0.4420985414	0.3066959379
0	0.0001308857	0.0444017323	0.0476681529	0.3033933726	0.6044058564
0	0.3379683193	0.0307707689	0.1131017705	0.5156077137	0.0025514276
0	0.0599288518	0.0001905588	0.0002867971	0.4004789091	0.5391148832
0	0.2210776679	0.0140278357	0.6581143340	0.0512814151	0.0554987473
0	0.0001882754	0.0000013533	0.5969797397	0.3928575072	0.0099731244
0	0.6684021128	0.0000201800	0.1897167796	0.0068069027	0.1350540249
0	0.0314403369	0.0078803797	0.1113599158	0.8249441531	0.0243752146
0	0.0000000050	0.0167808222	0.7999033168	0.1595979661	0.0237178898
0	0.3419632371	0.0000010804	0.0254722112	0.4083662768	0.2241971944
0	0.0162647633	0.0000299881	0.0561770754	0.4365484912	0.4909796820
0	0.7479305588	0.0066794018	0.1457904106	0.0000344386	0.0995651901
0	0.2935003298	0.4395297142	0.1597525023	0.0251405865	0.0820768672
0	0.0000002900	0.2586858147	0.4307651911	0.2031303335	0.1074183707
0	0.0003657912	0.1863438595	0.5690937341	0.0871207992	0.1570758159
0	0.1788587547	0.0001582145	0.7375490701	0.0473206244	0.0361133363
0	0.0283478789	0.0371310872	0.2738602351	0.4487959451	0.2118648537
