1	0.0578174094	0.4555827540	0.4570639633	0.0264903289	0.0030455444
0	0.0721534783	0.3082982469	0.0263055744	0.5046138048	0.0886288957
0	0.0031650293	0.0024037516	0.1595994563	0.8346969650	0.0001347978
0	0.0000145758	0.5075174578	0.2576735789	0.1660297365	0.0687646510
0	0.1896454689	0.2512574141	0.2939653209	0.0829293486	0.1822024475
0	0.3599266670	0.0539528713	0.4409570946	0.1035706279	0.0415927392
0	0.0034555053	0.0003691058	0.0019753876	0.9938706855	0.0003293158
0	0.0316804424	0.0861882402	0.8330043855	0.0044976740	0.0446292578
0	0.0295819577	0.4034665230	0.4274965492	0.1266604942	0.0127944760
0	0.0000412199	0.1827627832	0.5526304903	0.0040732837	0.2604922229
0	0.0551778421	0.0060772592	0.2592070778	0.6620949065	0.0174429145
0	0.0612050148	0.0464387268	0.2153274094	0.4935904938	0.1834383552
0	0.7434181433	0.0722013537	0.0911585011	0.0842370859	0.0089849161
0	0.0006871758	0.0031902304	0.0063550867	0.9750180095	0.0147494976
0	0.0030737350	0.2492126425	0.3236742389	0.4211153571	0.0029240265
0	0.4016058055	0.1410714316	0.2922019031	0.1644609863	0.0006598736
0	0.4251179929	0.1648540847	0.1115697392	0.2984482567	0.0000099265
0	0.0036960721	0.0002367614	0.1085405696	0.7985036983	0.0890228986
1	0.0071930593	0.1783124205	0.0724693895	0.7326399970	0.0093851338
0	0.1871104143	0.3931460941	0.0152970654	0.3957448415	0.0087015847
0	0.0023664810	0.1741242491	0.6934086896	0.1292232477	0.0008773326
1	0.0765664544	0.3511425886	0.0364105244	0.1119125368	0.4239678958
0	0.1922774155	0.0186772567	0.4225495036	0.3233865185	0.0431093057
1	0.7015047675	0.0242465620	0.0005017596	0.1016734922	0.1720734188
0	0.1250092812	0.2312685247	0.1751199371	0.4364220210	0.0321802360
0	0.0001482890	0.1176770743	0.0007876682	0.3418131462	0.5395738223
0	0.4275078917	0.1259264743	0.3358445246	0.0893792647	0.0213418447
0	0.0101854541	0.0209033082	0.0005636585	0.2435040401	0.7248435390
0	0.7876652925	0.0119058866	0.1053023143	0.0806249613	0.0145015453
2	0.7233353766	0.0819886157	0.0013302500	0.0006717830	0.1926739746
0	0.0265116514	0.0285197792	0.0514332040	0.8934977578	0.0000376077
0	0.1023576926	0.0284864092	0.0000051318	0.8276759505	0.0414748160
0	0.0003895392	0.8238007379	0.0000000000	0.1426344256	0.0331752973
0	0.0003816214	0.2124411777	0.1729711277	0.3696508601	0.2445552131
0	0.0063023159	0.9099891473	0.0834295670	0.0002789699	0.0000000000
0	0.0000000024	0.0422714363	0.9514125876	0.0063125913	0.0000033824
0	0.0158653474	0.0105850640	0.9358388692	0.0351795607	0.0025311587
0	0.1779341645	0.2748399194	0.0000030558	0.1711835566	0.3760393037
2	0.5277414468	0.1292800456	0.1140268685	0.2289504231	0.0000012160
0	0.0331114480	0.4048231675	0.3570026644	0.0184859549	0.1865767651
0	0.0117153644	0.0246429752	0.6287151557	0.1348724892	0.2000540156
0	0.0008419044	0.0017059813	0.0000165321	0.9972959293	0.0001396529
0	0.4781896900	0.0000020767	0.3093793852	0.0022042646	0.2102245836
0	0.4052668153	0.0765221170	0.0625729001	0.1308076976	0.3248304701
0	0.0009950333	0.3147481623	0.1775893228	0.3115145166	0.1951529650
0	0.0826042783	0.1590505789	0.0904483958	0.3053524816	0.3625442653
0	0.0001726273	0.0000006149	0.0942172919	0.4275259896	0.4780834763
1	0.0133853768	0.0451081622	0.7723181732	0.0116828148	0.1575054730
0	0.0971757446	0.3589264996	0.2475762228	0.2959608641	0.0003606688
0	0.3333858490	0.5121031778	0.0473754093	0.0345778898	0.0725576741
0	0.0174381470	0.2161208479	0.1335475351	0.2921653533	0.3407281168
1	0.2463315868	0.2851755506	0.4680764053	0.0001833799	0.0002330774
0	0.0000070512	0.5374622905	0.0000030147	0.4483877286	0.0141399148
0	0.2506580007	0.0015594727	0.0440513583	0.5329928502	0.1707383180
1	0.0908872590	0.0020993750	0.8505256058	0.0564877601	0.0000000000
0	0.0160140996	0.0990181825	0.0239356800	0.7816161180	0.0794159199
0	0.0209182843	0.5170996615	0.4469064662	0.0150739185	0.0000016695
1	0.1805103523	0.2103526773	0.1164024013	0.1101318352	0.3826027339
0	0.4329880801	0.0460119733	0.1249766592	0.0500612327	0.3459620547
0	0.0550321722	0.5829423339	0.0000100261	0.0149206012	0.3470948666
0	0.0476102960	0.0000037908	0.3090834645	0.5072421205	0.1360603281
0	0.8097284948	0.1589579272	0.0288721106	0.0018674224	0.0005740450
0	0.0000000285	0.0000000116	0.0018006421	0.9981993179	0.0000000000
0	0.2266330034	0.0261421865	0.1939411352	0.5507054460	0.0025782290
1	0.1514487755	0.0089890114	0.0070013235	0.6406793314	0.1918815582
1	0.0252539842	0.9489327217	0.0146681259	0.0111451681	0.0000000001
0	0.1034581753	0.0076236304	0.0233330408	0.7310835996	0.1345015538
0	0.2108937470	0.0000132844	0.0825842126	0.0307960648	0.6757126913
1	0.4745926638	0.0827936468	0.1579395545	0.2710239930	0.0136501419
0	0.0465558321	0.4884705723	0.0018756335	0.3874993658	0.0755985964
1	0.0034489356	0.2829911550	0.6467434349	0.0621070089	0.0047094656
0	0.0295900065	0.6792993620	0.0060618835	0.0619552099	0.2230935382
0	0.0305649852	0.2339640765	0.0277723715	0.7076932555	0.0000053113
1	0.4818704051	0.1440093830	0.2023508842	0.1186912053	0.0530781223
0	0.0029338688	0.6860513069	0.0264486265	0.0676621148	0.2169040831
0	0.0887991928	0.0000000051	0.0055940306	0.6016565502	0.3039502213
0	0.0000000159	0.0449268359	0.9514437031	0.0000000007	0.0036294444
0	0.0027258734	0.0435866310	0.0179756346	0.1892217225	0.7464901386
0	0.1022778975	0.3330171850	0.5243438560	0.0403610615	0.0000000000
0	0.0767926146	0.0227203088	0.3287713756	0.5717149069	0.0000007941
0	0.0131725984	0.3234465660	0.4584134263	0.0981368454	0.1068305638
0	0.5580238369	0.0112565657	0.0160663403	0.0768475721	0.3378056850
1	0.0107995438	0.0207338011	0.8264138723	0.1414540586	0.0005987242
0	0.0276157827	0.0019158027	0.0421422027	0.9283262109	0.0000000011
0	0.0037922814	0.0095463456	0.6231477166	0.0805224106	0.2829912458
0	0.0163104894	0.0063572831	0.2402443508	0.7370878767	0.0000000001
0	0.4780243168	0.4099518379	0.0925560794	0.0049921062	0.0144756597
0	0.0743316641	0.0122309452	0.5958295988	0.1132217263	0.2043860655
0	0.0007673167	0.0082256819	0.1972981151	0.7465479652	0.0471609212
0	0.0018721736	0.2363591024	0.3448941624	0.2104343690	0.2064401927
0	0.0186086166	0.0162684617	0.8214781584	0.0009403602	0.1427044031
0	0.0005040873	0.0183553935	0.7905591949	0.1380875288	0.0524937955
0	0.2157572318	0.0338366490	0.1826653070	0.2440365330	0.3237042792
0	0.0004093048	0.8872354318	0.0956644054	0.0166883893	0.0000024687
1	0.0268203959	0.0026534317	0.9626158580	0.0079056518	0.0000046627
0	0.0000006402	0.1236593431	0.7202351023	0.0304209322	0.1256839821
0	0.0348157766	0.1616795238	0.0074772461	0.5404556768	0.2555717767
0	0.0011165211	0.0972797975	0.0363930382	0.1703626850	0.6948479582
0	0.0000000271	0.1282336285	0.0226869691	0.4670839239	0.3819954514
0	0.1634303565	0.0000032628	0.0069401233	0.6881960135	0.1414302439
