0	0.0020057635	0.1715602480	0.6958903219	0.0595226829	0.0710209837
0	0.0000000000	0.1718585133	0.5836000653	0.2329914479	0.0115499735
0	0.0000000000	0.8816453210	0.1119219679	0.0064327110	0.0000000000
0	0.1227922536	0.5044735455	0.0825289802	0.0275631674	0.2626420533
0	0.0000000708	0.6648621537	0.0047272875	0.3076140744	0.0227964136
0	0.0450690679	0.1263185424	0.0103157597	0.1732225328	0.6450740972
0	0.0069353303	0.0000001623	0.4129352384	0.3969528126	0.1831764564
0	0.0004216550	0.0308505755	0.0201564968	0.7720716466	0.1764996262
0	0.0003777871	0.2572242928	0.6280407673	0.1142703657	0.0000867872
0	0.0529010329	0.1257990396	0.6570324469	0.0789675134	0.0852999672
0	0.1016551980	0.4953917487	0.0934672404	0.0000000294	0.3094857836
0	0.5884004402	0.1140788989	0.2975206562	0.0000000000	0.0000000047
1	0.0421147837	0.0007685528	0.5589145008	0.3973255551	0.0008766076
0	0.0156028982	0.0090704493	0.5384842415	0.4313757075	0.0054667034
0	0.1305935486	0.4572000629	0.4008865722	0.0112312472	0.0000885691
0	0.0000002450	0.0090050811	0.1069137593	0.0277252170	0.8563556977
0	0.0760441192	0.0007573116	0.8550017044	0.0341471071	0.0340497577
0	0.0098080250	0.0062667340	0.0000017262	0.0005934497	0.9833300650
0	0.0273458827	0.8176026424	0.0000000000	0.0799702211	0.0750812537
0	0.0000056671	0.0000000157	0.8540923083	0.0096147264	0.1362872825
0	0.0739823504	0.3915200103	0.2781087988	0.1527315133	0.1036573271
0	0.0002029471	0.2249971542	0.5911317212	0.1745639153	0.0091042622
1	0.0065696785	0.0460001813	0.1923946446	0.7374501200	0.0175853756
0	0.0000000158	0.4470839915	0.0888276769	0.2289418202	0.2351464956
0	0.0896903022	0.0537301101	0.3170682079	0.5393583432	0.0001530366
0	0.2836236443	0.0000000000	0.2193411137	0.1495182445	0.3475169975
1	0.0000001324	0.0046399954	0.9934546794	0.0018984811	0.0000067118
0	0.0138174890	0.0000000009	0.6252849192	0.1062956882	0.2546019027
0	0.1779805543	0.0114069854	0.7694366391	0.0161180596	0.0250577617
1	0.0100992761	0.0009605241	0.8966408509	0.0922941945	0.0000051544
1	0.0005935856	0.0315798852	0.1151819510	0.7218465703	0.1307980080
1	0.5548164787	0.0063104150	0.3791904361	0.0594973088	0.0001853614
0	0.0026703799	0.0342706268	0.3632776057	0.3043701303	0.2954112573
0	0.4816639806	0.1098473477	0.3731821400	0.0005568184	0.0347497133
0	0.0185726142	0.0350466359	0.9124855171	0.0000000000	0.0338952329
0	0.1382660804	0.0564255640	0.3370470058	0.4651222943	0.0031390555
0	0.0916320880	0.0000014010	0.8531076212	0.0000000814	0.0552588084
0	0.0000141565	0.0000128067	0.6506783926	0.0861628816	0.2631317627
0	0.0347444635	0.1950065122	0.6829489057	0.0462968429	0.0410032756
1	0.0000000015	0.0000000000	0.3157235880	0.6614847936	0.0227916169
0	0.6402666128	0.2082128954	0.0631382107	0.0055881041	0.0827941770
0	0.0000020910	0.0365962524	0.5148124628	0.0080109727	0.4405782210
0	0.0000000000	0.9354510123	0.0035743239	0.0498912942	0.0110833695
0	0.0000122012	0.6813423016	0.0000267801	0.2744795627	0.0441391544
0	0.0117614638	0.1725639035	0.5042406979	0.0518111412	0.2596227936
0	0.0140546914	0.4411222873	0.3881034314	0.1566683720	0.0000512179
0	0.0000000038	0.0017039488	0.9412702650	0.0146659419	0.0423598405
1	0.0000158563	0.0030104499	0.9894995569	0.0052815366	0.0021926004
0	0.0025024345	0.5762314663	0.0621680074	0.0140515899	0.3450465019
0	0.0734478864	0.0000000000	0.9004006961	0.0000000011	0.0261514164
0	0.0002849949	0.0005088973	0.0076663355	0.9820295600	0.0095102123
0	0.0000000000	0.8660016857	0.0376860117	0.0009148700	0.0953974326
1	0.0099742934	0.0309258908	0.1416264562	0.8096499916	0.0078233680
1	0.0212909725	0.0088409417	0.2027512720	0.7671148367	0.0000019771
0	0.0587528711	0.1253380169	0.0835940832	0.2431160163	0.4891990125
0	0.1897204835	0.1046240953	0.0382426108	0.6195881093	0.0478247010
0	0.5281822830	0.2938493149	0.0423832052	0.1355851969	0.0000000000
0	0.0974755427	0.2380340639	0.6087226861	0.0447803716	0.0109873358
0	0.0089876652	0.0001587056	0.9424214125	0.0416188554	0.0068133613
0	0.2444621513	0.1707950479	0.0023683772	0.2461911243	0.3361832993
0	0.0000043881	0.1140676111	0.8493272974	0.0000000987	0.0366006047
1	0.0000473184	0.0171491255	0.6456367448	0.3333253551	0.0038414563
0	0.0016604169	0.0275113717	0.3518563209	0.4744484992	0.1445233913
0	0.1653116708	0.3439019936	0.3249455769	0.0193477814	0.1464929773
0	0.9008775830	0.0000000000	0.0223148161	0.0001812407	0.0766263602
0	0.3194876877	0.0006721746	0.5493275150	0.0038716961	0.1266409266
0	0.0344173858	0.2065601154	0.2221552605	0.0140695506	0.5227976877
1	0.0090321787	0.0000003795	0.1423369024	0.7488163331	0.0998142062
0	0.0374100347	0.7130603490	0.0074421130	0.0001072892	0.2419802142
1	0.0000848846	0.0000020844	0.5774374327	0.4158244877	0.0066511106
0	0.0155694989	0.0002437226	0.9600729337	0.0241138325	0.0000000123
0	0.0000000000	0.2879426328	0.0877474572	0.2298652793	0.3944446308
1	0.0000414270	0.0468708597	0.0615359064	0.3503472710	0.5412045360
1	0.0323402854	0.0024310184	0.6469308262	0.3143367655	0.0039611045
0	0.0098635347	0.7415698152	0.1083016328	0.1250470224	0.0152179949
0	0.1422940750	0.5019059246	0.1984436725	0.0652376449	0.0921186830
0	0.1275727694	0.4103935969	0.3339761503	0.0005040519	0.1275534315
0	0.1559598582	0.0115367847	0.1008128801	0.4940248752	0.2376656019
0	0.0092269031	0.5541456161	0.0716389610	0.0198616247	0.3451268950
0	0.0000000001	0.0839647206	0.0367400257	0.8673336023	0.0119616512
0	0.4908306921	0.0161335133	0.2343932033	0.0659308309	0.1927117604
0	0.0000001837	0.0338500489	0.0627630717	0.9032106893	0.0001760064
0	0.0000892711	0.1351345192	0.4664339364	0.3967981341	0.0015441392
1	0.0092959735	0.0213422442	0.5528153823	0.4125459034	0.0040004966
0	0.1137255087	0.0170326054	0.8307010073	0.0000030002	0.0385378785
1	0.0016216095	0.0000000000	0.9663328572	0.0041569104	0.0278886229
0	0.1115116437	0.0106407422	0.6648775697	0.2111723509	0.0017976934
0	0.0001128142	0.0281142249	0.7912199344	0.1429902169	0.0375628096
2	0.0008608817	0.0026629257	0.7431466110	0.2533295803	0.0000000013
1	0.0000000000	0.0076131297	0.8623115484	0.1300700602	0.0000052618
0	0.0125959754	0.0375901487	0.8721150245	0.0000000000	0.0776988515
0	0.0562100209	0.0028184275	0.6587808324	0.0466629915	0.2355277276
1	0.0000000000	0.0630676390	0.7804574830	0.1550244797	0.0014503983
1	0.0000142613	0.0260845523	0.8754966548	0.0978848883	0.0005196432
0	0.0012456799	0.0000000002	0.1414704236	0.6596284058	0.1976554905
0	0.0000000285	0.0489906918	0.0489464840	0.0394710399	0.8625917558
0	0.0000008780	0.1367428879	0.0207039761	0.0883223223	0.7542299357
0	0.0007158274	0.8052092340	0.1908377537	0.0000000000	0.0032371850
0	0.0067899807	0.0007382848	0.6126527202	0.0000006950	0.3798183193
0	0.2357456193	0.0000323958	0.3061938499	0.4580281349	0.0000000000
