0	0.1670216478	0.1567132014	0.4483068628	0.0669196010	0.1610386871
0	0.1145160109	0.3332468465	0.2739300377	0.1147873708	0.1635197341
0	0.8116608962	0.0081872837	0.0805024160	0.0864779401	0.0131714640
0	0.4836427031	0.0213839693	0.3487817616	0.0731185750	0.0730729910
0	0.2950848121	0.0348220127	0.0000009610	0.6492507983	0.0208414158
0	0.0861651347	0.5417914023	0.3481651840	0.0000000000	0.0238782791
0	0.0882655116	0.1924796709	0.0311234127	0.6881103793	0.0000210255
0	0.5513998043	0.1213969121	0.3099321125	0.0047216912	0.0125494799
0	0.4038976940	0.3057794441	0.2650508996	0.0232857431	0.0019862192
0	0.0014368412	0.0002440352	0.0239620786	0.9669945490	0.0073624960
0	0.0421284676	0.0331561754	0.3653454063	0.5592826656	0.0000872852
0	0.0104114153	0.0001702215	0.5594029852	0.3345154386	0.0954999394
0	0.0611579582	0.0000000000	0.7490678931	0.0387063902	0.1510677585
0	0.2467385568	0.0087758801	0.5470583023	0.0185295900	0.1788976707
0	0.4479979066	0.0247160683	0.2471121384	0.2764650279	0.0037088588
0	0.2459277764	0.1018198561	0.2546071007	0.3970454873	0.0005997794
0	0.2014570921	0.1048440490	0.1401129827	0.4251337428	0.1284521334
0	0.7014561616	0.1645421589	0.0073395294	0.1266533626	0.0000087875
0	0.4222332571	0.1805282632	0.3881606360	0.0089585899	0.0001192537
0	0.0041618438	0.0000001561	0.0345989445	0.4904486023	0.4707904533
0	0.3490769003	0.0327926192	0.2639826270	0.0599990151	0.2941488384
0	0.0022866506	0.5353752450	0.1931148920	0.2377342134	0.0314889989
1	0.8315656849	0.0034541568	0.0001610780	0.0000193263	0.1647997540
0	0.1935651754	0.4820402740	0.1835666269	0.0799895025	0.0608384213
0	0.0000000000	0.0074890832	0.5881128910	0.3220505316	0.0823474942
0	0.6523645514	0.0080502816	0.2842119666	0.0042585819	0.0511146185
0	0.1105304594	0.2568918965	0.5281030718	0.0776027356	0.0268718367
0	0.0125206665	0.1283881639	0.1354162773	0.4556104015	0.2680644909
1	0.5272181962	0.1380944599	0.3016754843	0.0330115831	0.0000002766
0	0.0458126543	0.6434478073	0.0517249333	0.2533081022	0.0057065029
0	0.0421449282	0.0000025852	0.0492887238	0.9041555146	0.0044082481
0	0.0006191492	0.0046440004	0.0036437490	0.9910857603	0.0000073411
1	0.2316376416	0.0018770740	0.0967259453	0.6650583789	0.0047009602
1	0.1040317456	0.0680439414	0.5206113668	0.3073129448	0.0000000014
0	0.5755329248	0.3476836340	0.0000000728	0.0004105512	0.0763728173
0	0.0195654469	0.4034056675	0.5399864588	0.0355876849	0.0014547420
0	0.0048829166	0.1366681113	0.1240125932	0.5600155259	0.1744208530
0	0.8989358103	0.0380051832	0.0096760538	0.0533829526	0.0000000002
0	0.0969433360	0.0338695898	0.8212823239	0.0350363277	0.0128684227
0	0.1160162479	0.0000099475	0.0797701177	0.6024792275	0.2017244594
0	0.4247356744	0.0332530876	0.0368741060	0.4753875349	0.0297495972
0	0.2231029335	0.0046671073	0.0000031919	0.7359623431	0.0362644242
0	0.2355407241	0.2106636008	0.0041001857	0.4594822332	0.0902132563
0	0.2071530939	0.0855732040	0.0375221443	0.6000428098	0.0697087480
0	0.0037333106	0.1347018205	0.5561970318	0.3053678370	0.0000000000
1	0.0000371524	0.5649204622	0.3605630896	0.0744735192	0.0000057767
1	0.0016976285	0.0114702685	0.7755892751	0.2110746248	0.0001682030
1	0.0752731030	0.5068175047	0.2335123329	0.1842849469	0.0001121125
0	0.1916958322	0.1767177664	0.0130851101	0.6184489359	0.0000523554
0	0.0004971690	0.7836241724	0.1168716443	0.0984353362	0.0005716782
1	0.0213967041	0.9108667350	0.0259287912	0.0061863356	0.0356214340
0	0.1617764449	0.1188958435	0.1045352884	0.2332968937	0.3814955295
0	0.0002910550	0.8920728646	0.0103596642	0.0166620151	0.0806144012
1	0.2928947922	0.0681449135	0.0324861761	0.6009409315	0.0055331867
0	0.0138990117	0.0226292040	0.0000538325	0.2600001172	0.7034178347
0	0.1759525748	0.1299320603	0.2895384683	0.3998054191	0.0047714776
0	0.5468590871	0.1464417590	0.2780083156	0.0252594375	0.0034314007
0	0.1029912342	0.0019141589	0.4501152792	0.0000000011	0.4449793266
0	0.0010931280	0.0373009007	0.0835789612	0.8331027810	0.0449242292
0	0.0259279335	0.4389378393	0.0018883289	0.4798341309	0.0534117674
0	0.8260410381	0.0510726877	0.0000403893	0.0482797852	0.0745660996
0	0.1137885578	0.0100310340	0.4599418264	0.4128626982	0.0033758835
0	0.0000000000	0.0153678949	0.6871463501	0.1913556882	0.1061300668
2	0.0000167384	0.8103698453	0.1697207954	0.0157343954	0.0041582255
0	0.0167076694	0.4384049981	0.0020805689	0.0873412889	0.4554654747
0	0.0351516751	0.2669196415	0.0834171939	0.3155871080	0.2989243815
1	0.0704842835	0.0017186971	0.9276562648	0.0001379135	0.0000028410
1	0.0000021387	0.0247660391	0.4810420352	0.4937519903	0.0004377967
0	0.0968710826	0.0703030039	0.0027286545	0.7889173623	0.0411798967
1	0.7794332675	0.0718447679	0.0022671709	0.0584269632	0.0880278305
0	0.7125865888	0.0279599621	0.0012208117	0.2572847781	0.0009478593
0	0.3273049933	0.3210559760	0.0299128754	0.3216335788	0.0000925765
1	0.0084025429	0.6166373336	0.2463459559	0.1284082073	0.0002059603
1	0.0041334007	0.0002571285	0.2250972128	0.6731370954	0.0973751627
1	0.0000000001	0.4793166105	0.0340870294	0.0058061352	0.4807902249
0	0.1514674350	0.1330075292	0.6186176241	0.0945191543	0.0023882575
0	0.7605331281	0.0067845250	0.1374744020	0.0799335862	0.0152743587
1	0.2451831019	0.0477555657	0.5889920034	0.0793486520	0.0387206770
0	0.0007463211	0.0766479444	0.0070370164	0.1462008037	0.7693679145
0	0.0244250083	0.0185962592	0.9036412710	0.0149068703	0.0384305912
0	0.0217061890	0.0000000054	0.2191147091	0.6428619642	0.1163171323
0	0.0048630789	0.1682033222	0.7461318660	0.0286669566	0.0521347764
0	0.1521273253	0.0436130594	0.6772954180	0.0418359105	0.0851282869
0	0.1013127997	0.0138980034	0.0875408740	0.1438883368	0.6533599862
0	0.0259683108	0.0123007263	0.0120577159	0.0843199713	0.8653532757
1	0.0102160911	0.0307115972	0.0000000000	0.9590589651	0.0000133466
0	0.7239324083	0.0001597673	0.0894369071	0.1850906154	0.0013803018
0	0.0111105584	0.3443810395	0.4769270871	0.0153256911	0.1522556239
0	0.0105613398	0.1679035806	0.2802015631	0.5280168718	0.0133166447
0	0.6798301916	0.0320086461	0.0005187754	0.0281592969	0.2594830899
0	0.0254468655	0.1151838995	0.0488926998	0.7360694823	0.0744070529
0	0.2767067976	0.0000011283	0.0696222093	0.4634091742	0.1902606907
0	0.0846034107	0.0000000014	0.3298871954	0.4985910250	0.0869183675
0	0.3137766806	0.1360015145	0.3624929899	0.0060564344	0.1816723805
0	0.4975389499	0.1026990516	0.0978207130	0.3019382568	0.0000030288
0	0.0063905275	0.3093010944	0.3180815646	0.2620703774	0.1041564360
0	0.8213357560	0.0374912066	0.0289527047	0.1085851442	0.0036351885
0	0.1097589006	0.0000000000	0.5791800793	0.3078740809	0.0031869392
0	0.1376903108	0.1027618855	0.3109846449	0.4308391833	0.0177239756
0	0.5214915217	0.0447916639	0.0067872242	0.1982513278	0.2286782625
