0	0.0231643165	0.5826550797	0.1041086042	0.2246978859	0.0653741138
0	0.2962105723	0.1951848721	0.4205704350	0.0216929475	0.0663411732
0	0.2043856154	0.0729489674	0.6780478466	0.0143334739	0.0302840966
0	0.1528389075	0.0000014347	0.7624871901	0.0447867112	0.0398857566
1	0.0028798855	0.1819638787	0.0226933900	0.3211859192	0.4712769266
1	0.4534042435	0.0098967113	0.0983316014	0.2071902530	0.2311771908
0	0.6100290000	0.2152350177	0.1692138672	0.0055184694	0.0000036457
0	0.0591013593	0.0000148529	0.2703449215	0.6705369967	0.0000018697
1	0.0557343675	0.3517906956	0.1620022773	0.3903259509	0.0401467088
1	0.1305157059	0.8133274804	0.0316502295	0.0057786397	0.0187279445
0	0.4133988889	0.2592502527	0.0821730696	0.0687490263	0.1764287625
0	0.0023478900	0.1421815490	0.2612652508	0.5843443496	0.0098609605
0	0.0000907577	0.9725954168	0.0201507742	0.0071630011	0.0000000502
1	0.1712280623	0.6843340087	0.0956887344	0.0141674166	0.0345817779
0	0.0000041461	0.0000001064	0.0122309711	0.9673457050	0.0204190714
0	0.0181764850	0.0030130888	0.7239584301	0.2349524355	0.0198995605
0	0.5592357038	0.0375656936	0.1812518504	0.1709437533	0.0510029989
0	0.1171694975	0.1207650458	0.7180665809	0.0304703405	0.0135285354
0	0.0149753891	0.7479910527	0.0315812550	0.1358030303	0.0696492729
0	0.0000139704	0.0558658563	0.6861602052	0.2209779512	0.0369820169
0	0.0038833735	0.0151708048	0.2831970094	0.5601235982	0.1376252141
0	0.3052994109	0.0316404883	0.0834872499	0.5055625576	0.0740102932
0	0.0466527500	0.4683940668	0.3584573151	0.0565452036	0.0699506646
0	0.0105214214	0.0640006008	0.9029859746	0.0224657968	0.0000262064
0	0.0018816377	0.0113685111	0.9729674481	0.0110508664	0.0027315367
1	0.0000000000	0.0495424511	0.0023243866	0.9435741550	0.0045590073
0	0.0101219839	0.6819096246	0.1757303705	0.0187226188	0.1135154023
0	0.0043122743	0.0266189311	0.8446521541	0.0818327597	0.0425838808
0	0.7600238330	0.0005895198	0.2116196884	0.0193794852	0.0083874735
0	0.0168541692	0.0213096378	0.5135924123	0.4482430416	0.0000007391
0	0.6867331666	0.0032742251	0.0695330880	0.1800088129	0.0604507073
0	0.2046399618	0.2121983633	0.3617009485	0.0370892744	0.1843714521
0	0.0020506506	0.0596275341	0.0235069721	0.8927739124	0.0220409308
0	0.0058973145	0.0248908816	0.0043824644	0.9008838879	0.0639454515
0	0.4764430342	0.0141602130	0.3458739180	0.1625183656	0.0010044693
0	0.1352759467	0.0735416526	0.4038975165	0.3049869556	0.0822979286
0	0.0648404127	0.0320632347	0.1266952236	0.7630543809	0.0133467482
0	0.0000000000	0.0051924344	0.3476750747	0.6061794877	0.0409530032
0	0.1100183076	0.3055674619	0.3334591412	0.2415327664	0.0094223230
0	0.5361341104	0.0736076097	0.1841271775	0.0004328405	0.2056982620
0	0.8258490389	0.0123916604	0.0042815599	0.1573756705	0.0001020703
1	0.0645746107	0.0017334520	0.7296000258	0.1967761474	0.0073157640
0	0.0005738326	0.2475569296	0.0034343000	0.6830297913	0.0654051466
0	0.2532647148	0.0000382512	0.4241046888	0.0629945160	0.2595978291
0	0.1812413476	0.1067414703	0.3344318761	0.0708568609	0.3067284451
0	0.0017747652	0.0239889199	0.0898754965	0.2763507497	0.6080100687
1	0.0649842082	0.5869335914	0.0002389529	0.0271634767	0.3206797708
0	0.0200148487	0.0081745693	0.9678436176	0.0039669643	0.0000000000
0	0.1881776319	0.0007347260	0.5606278616	0.0000000700	0.2504597105
1	0.0000000000	0.5103144890	0.4819002202	0.0000366248	0.0077486659
0	0.0616027854	0.0000619090	0.5351103774	0.3202655111	0.0829594172
0	0.0739466342	0.4840220281	0.0706762390	0.3713550987	0.0000000000
1	0.0836730526	0.4629073458	0.0021203272	0.4504937671	0.0008055073
0	0.2678264865	0.0965147568	0.3127412271	0.1332397188	0.1896778109
0	0.2182560639	0.0495704769	0.1852195263	0.3952760479	0.1516778850
0	0.1399402583	0.0014320089	0.0308864716	0.7754149471	0.0523263141
0	0.2682489877	0.0124635844	0.0110876513	0.7079574607	0.0002423159
0	0.0016379784	0.1054437012	0.5388865502	0.3153110935	0.0387206766
0	0.0002553553	0.0000002908	0.4413221966	0.1335872879	0.4248348693
0	0.0257880177	0.7426551856	0.0284670709	0.2030547387	0.0000349870
0	0.1640008377	0.0027532602	0.0014068274	0.8317996573	0.0000394174
0	0.3287690668	0.3844130385	0.1074223476	0.1743347360	0.0050608111
0	0.0072216461	0.0048145147	0.7376081767	0.0587628857	0.1915927768
0	0.0015813450	0.3775705946	0.4007393309	0.2195408886	0.0005678409
1	0.0000867118	0.0145270359	0.4288591787	0.0755182484	0.4810088252
0	0.1117381044	0.1043687586	0.7641035793	0.0000046273	0.0197849304
0	0.3705356326	0.0344601617	0.5599580795	0.0001161589	0.0349299673
2	0.0113137875	0.1001264277	0.0079972258	0.8805625532	0.0000000059
0	0.0084655963	0.0806101905	0.4383429637	0.4135791719	0.0590020776
0	0.2965558921	0.0534139258	0.1292548870	0.5203776189	0.0003976761
1	0.0011485505	0.1404101960	0.1161640506	0.6370471599	0.1052300430
0	0.1463613350	0.0025302748	0.2355257253	0.2890665382	0.3265161267
0	0.0386361649	0.0086693753	0.0534242931	0.8136056665	0.0856645003
0	0.0114361754	0.0017221050	0.0220706187	0.9388007642	0.0259703367
0	0.1637863539	0.1234152675	0.1136768201	0.5991214020	0.0000001564
0	0.0452146687	0.0181670906	0.3465628755	0.5867749018	0.0032804634
0	0.0004489416	0.0000015851	0.8185960221	0.0000000000	0.1809534512
1	0.0000000000	0.2314493428	0.0043245886	0.4708278065	0.2933982620
1	0.2749444674	0.7237813371	0.0012559957	0.0000181997	0.0000000000
0	0.1319734022	0.1465018277	0.0068166011	0.3244732038	0.3902349652
0	0.0457711714	0.2593241548	0.2767957009	0.4077114412	0.0103975317
0	0.0000025067	0.0336355057	0.3695061495	0.5836532961	0.0132025420
0	0.0049519776	0.0022950524	0.0000499484	0.9908319909	0.0018710308
0	0.2248244066	0.0001267737	0.6724142822	0.0040107207	0.0986238168
0	0.7973677524	0.0000117418	0.0036181605	0.1990023376	0.0000000077
0	0.0000021250	0.3597477057	0.1277538627	0.0478059368	0.4646903697
1	0.0009793976	0.0005040121	0.4576133861	0.2915597441	0.2493434601
0	0.1360647351	0.0465883510	0.0462070929	0.1942454894	0.5768943316
0	0.0611212849	0.0000607004	0.0734282185	0.0217627353	0.8436270609
0	0.0000314058	0.7518253845	0.1488060408	0.0850344545	0.0143027144
0	0.8659465227	0.0000000000	0.0673143979	0.0304838051	0.0362552743
0	0.6936326378	0.0368185641	0.0081409186	0.1372967495	0.1241111300
1	0.0207201291	0.2519135808	0.4812842006	0.0144008227	0.2316812668
0	0.5660584028	0.0831460153	0.0129331458	0.0939386995	0.2439237366
0	0.0579221114	0.1329376543	0.5125270623	0.2676823533	0.0289308187
0	0.1346444801	0.3321511210	0.2492763509	0.1101236946	0.1738043534
1	0.0528798188	0.2005905856	0.2640563206	0.4824711840	0.0000020911
0	0.1620727440	0.0144505832	0.2021536886	0.3536750459	0.2676479382
0	0.0000097874	0.0500878046	0.4898515567	0.3328933127	0.1271575387
0	0.0732136650	0.0017954089	0.2094894684	0.4363618495	0.2791396082
