0	0.0502518791	0.0909524278	0.8585551708	0.0001908374	0.0000496849
0	0.0000000000	0.5254916369	0.0100655005	0.4046663168	0.0597765458
0	0.0387279209	0.1159491262	0.2648177901	0.0000000035	0.5805051593
0	0.0063231512	0.6179106292	0.0026566315	0.2648512294	0.1082583588
0	0.0191174717	0.0120199749	0.7480432480	0.0731513642	0.1476679412
0	0.0638899306	0.1114698780	0.5171835638	0.3008698611	0.0065867665
0	0.0066561756	0.0015139431	0.2684342678	0.1001437069	0.6232519067
0	0.0476532667	0.0000000000	0.7427122236	0.0000819125	0.2095525972
0	0.0006122979	0.0733012471	0.0168478214	0.9016276617	0.0076109718
0	0.9355924581	0.0050641553	0.0000594245	0.0245357122	0.0347482498
0	0.1382866059	0.6914341084	0.0990974011	0.0471863804	0.0239955043
0	0.0001115886	0.0000045755	0.9184021046	0.0155036764	0.0659780549
0	0.0182297562	0.0801424049	0.3431849685	0.2194642218	0.3389786486
1	0.0000000000	0.0013714259	0.9897652960	0.0064525522	0.0024107259
0	0.0000382490	0.2084110759	0.7377418640	0.0538086225	0.0000001886
1	0.0000419319	0.0015394973	0.6015219691	0.3440168253	0.0528797764
0	0.3597507473	0.0000021323	0.0282222701	0.4357452710	0.1762795793
1	0.0436566395	0.0584152889	0.1822806872	0.7156473844	0.0000000000
0	0.0070640425	0.1908583542	0.4249827729	0.1631577538	0.2139370767
0	0.0616802533	0.0000033099	0.5386731366	0.3170662266	0.0825770736
0	0.0000138733	0.0009192289	0.1484654544	0.7845764155	0.0660250279
0	0.0006313934	0.2978296428	0.4593693280	0.1995114399	0.0426581960
0	0.0000000000	0.3173016884	0.0263191479	0.6496806169	0.0066985467
0	0.0007127573	0.0549816446	0.0202995861	0.9133342294	0.0106717826
0	0.2963942314	0.2034386499	0.0379570349	0.0598991504	0.4023109334
0	0.0000020410	0.0755555975	0.0391438338	0.7597315627	0.1255669650
1	0.0132166233	0.0331606524	0.2506279285	0.7008813948	0.0021134010
1	0.0057365667	0.0482668992	0.7160184080	0.2190109393	0.0109671868
0	0.0110846058	0.0162833478	0.9154754665	0.0139164132	0.0432401668
0	0.0798908883	0.0000000000	0.7657260704	0.0000017204	0.1543813210
0	0.0001111944	0.6851378432	0.0087610307	0.1952456684	0.1107442632
0	0.1386800563	0.1598767272	0.6578884733	0.0435547432	0.0000000000
1	0.1242330327	0.2141207360	0.4017531241	0.2268732329	0.0330198742
0	0.0000000061	0.2404784191	0.0371018434	0.2295150098	0.4929047216
0	0.0950976363	0.2849278477	0.6012951383	0.0105139671	0.0081654105
0	0.0986662752	0.0795989993	0.0819355587	0.7074997045	0.0322994623
0	0.0000005668	0.0000000000	0.2655225786	0.7344704325	0.0000064220
0	0.0000000000	0.0000000000	0.8643362915	0.0925913193	0.0430723892
0	0.0003376137	0.4560852640	0.0032538561	0.0000000172	0.5403232491
1	0.0748608329	0.0122662142	0.1465118861	0.7529320573	0.0134290094
0	0.1314247675	0.0039619680	0.3593630646	0.2820614393	0.2231887605
0	0.0052497687	0.2192750829	0.2722701723	0.4935466188	0.0096583572
0	0.0000000955	0.0000000000	0.1319370149	0.8518928426	0.0161700470
1	0.0000130121	0.0000000003	0.3417322904	0.5673380283	0.0909166690
0	0.8646596750	0.0000000382	0.0607936807	0.0695763169	0.0049702892
0	0.5343629668	0.1436207065	0.2949644425	0.0088295891	0.0182222950
0	0.0001114212	0.3512154467	0.3446411549	0.2993292771	0.0047026999
1	0.0000000000	0.0382919076	0.9590670686	0.0019400674	0.0007009564
0	0.1556591995	0.0000000000	0.2963969592	0.0506673522	0.4972764891
0	0.0425563886	0.0021708521	0.4244676237	0.2308949008	0.2999102348
0	0.1269988864	0.3090737721	0.5085167571	0.0070769314	0.0483336530
0	0.0000003295	0.3371598092	0.1628748675	0.0806532145	0.4193117793
0	0.1002144175	0.0215497898	0.0497955331	0.8267622372	0.0016780223
1	0.0209405061	0.0000620618	0.1662794694	0.0949797500	0.7177382127
0	0.1545179312	0.1745313332	0.6202757929	0.0106366324	0.0400383103
0	0.0002073767	0.0965895266	0.1596235428	0.7431657069	0.0004138470
0	0.2164970489	0.0070755020	0.0109874272	0.0984548587	0.6669851632
1	0.0071581384	0.0000000218	0.2219054958	0.7222388622	0.0486974818
1	0.0026468289	0.0006940486	0.4865443549	0.5042237941	0.0058909735
0	0.0004256134	0.0343492941	0.9278330434	0.0000000000	0.0373920491
0	0.0159459626	0.1268628610	0.6192487091	0.0000030360	0.2379394313
0	0.0076658851	0.1446993438	0.4432566896	0.2670562541	0.1373218273
1	0.0067278152	0.1318221126	0.0480020627	0.5226348493	0.2908131603
0	0.0000287561	0.0863347272	0.6161779187	0.0026729474	0.2947856506
0	0.0415159029	0.0000000000	0.5414705203	0.0064136276	0.4105999492
2	0.0042339029	0.0000000031	0.1955327996	0.7995524580	0.0006808364
0	0.0172710464	0.1727709135	0.5105460208	0.2365680456	0.0628439738
0	0.2170541936	0.3198831374	0.0167799596	0.4462827094	0.0000000000
0	0.0022115486	0.3457094281	0.0860094964	0.0002799511	0.5657895758
1	0.0000121877	0.0168681274	0.3421559714	0.5497374233	0.0912262902
0	0.0200152917	0.5457893503	0.4008128705	0.0041275899	0.0292548977
0	0.2353279524	0.0266897645	0.1031079474	0.0072791961	0.6275951396
0	0.0489925099	0.1160674281	0.4506511499	0.1812035469	0.2030853652
0	0.1956319769	0.0000588735	0.5602084074	0.1881926179	0.0559081243
1	0.0000043165	0.0186155673	0.2690616213	0.6916481925	0.0206703024
0	0.1501474446	0.0272733228	0.3440534466	0.0220873778	0.4564384081
0	0.0474025684	0.0000000877	0.1205185189	0.0555084907	0.7765703344
1	0.0620316324	0.1142470798	0.8203063607	0.0034148339	0.0000000932
0	0.1197871431	0.0030667086	0.2426644419	0.0852452897	0.5492364167
0	0.0025832622	0.0030815105	0.9250545336	0.0021262864	0.0671544073
1	0.0399128506	0.0000000001	0.6008536748	0.1554578905	0.2037755840
0	0.0047466664	0.0200105194	0.1983667214	0.4805376401	0.2963384526
0	0.2304925025	0.1466409529	0.4796811729	0.1431853496	0.0000000221
0	0.3683697322	0.0621685631	0.4801948210	0.0409717418	0.0482951419
0	0.0001577765	0.0017582384	0.8894769090	0.1086070760	0.0000000000
0	0.0069358599	0.0370810067	0.6447844427	0.0331983059	0.2780003847
0	0.0129514412	0.2872300517	0.1769814364	0.0931686858	0.4296683848
0	0.0001911091	0.0746199705	0.2086204284	0.7088066759	0.0077618161
0	0.0000169544	0.0050960279	0.7510249058	0.0071614069	0.2367007050
0	0.0000623262	0.1902793061	0.4797948820	0.2570018518	0.0728616338
0	0.0067999690	0.0014182694	0.1954143389	0.2361882955	0.5601791272
1	0.0003627358	0.0010607956	0.3619809911	0.5487891007	0.0878063767
0	0.0000000009	0.0923858236	0.0315271518	0.3250878230	0.5509992007
0	0.1148457553	0.8135583190	0.0596125801	0.0000000026	0.0119833431
0	0.0052199423	0.0609593198	0.4536926641	0.0000000053	0.4801280686
0	0.5668258333	0.0136358135	0.0029885335	0.0037383010	0.4128115187
0	0.0617035357	0.0524800716	0.0030054279	0.0204596665	0.8623512983
0	0.3003382174	0.1534018334	0.0757672777	0.0282308996	0.4422617719
1	0.0000000000	0.0008323712	0.7675264979	0.2269258746	0.0047152563
0	0.0002399570	0.0000333743	0.8238276985	0.0766792234	0.0992197468
