0	0.8283153443	0.0000000000	0.1613079900	0.0001457285	0.0102309371
0	0.0357209733	0.0000000536	0.1876868231	0.4111516287	0.3654405213
0	0.0005768043	0.0083104396	0.7840296008	0.1441223647	0.0629607906
0	0.3212946083	0.0038270392	0.0168618946	0.3716698492	0.2863466088
0	0.0208489883	0.9546042766	0.0160063465	0.0079294302	0.0006109584
0	0.0000395168	0.0002523684	0.9395194557	0.0528630093	0.0073256498
0	0.0149870078	0.0018593347	0.2533685264	0.0819879195	0.6477972116
1	0.6847602290	0.0555636388	0.1249557995	0.0856498213	0.0490705115
0	0.1631977274	0.3492813518	0.0430982023	0.0434206286	0.4010020900
0	0.1751251280	0.0230440958	0.4591247123	0.3182065751	0.0244994888
0	0.0000000057	0.0000000000	0.7084357886	0.1494243778	0.1421398279
0	0.6029073905	0.1784235605	0.0573612375	0.1607091075	0.0005987040
0	0.0180777819	0.0032886528	0.0793481785	0.0000158244	0.8992695624
0	0.0853402435	0.0748414366	0.8390211571	0.0000000000	0.0007971628
0	0.2410476035	0.0804447710	0.3619117503	0.0021599885	0.3144358868
0	0.0344547857	0.0922482955	0.3035973205	0.2289374864	0.3407621119
0	0.0072028229	0.2284543328	0.5648225148	0.0366669021	0.1628534273
0	0.0000000000	0.0405600130	0.0232796883	0.1840069196	0.7521533791
0	0.0012176294	0.0231041587	0.9714933335	0.0041848785	0.0000000000
0	0.0193876254	0.5881366445	0.0295788663	0.0003472430	0.3625496208
0	0.1975586105	0.4376749012	0.1535050819	0.0000275332	0.2112338732
0	0.0000000219	0.6550184556	0.2626498016	0.0791378374	0.0031938835
0	0.0169488075	0.0980706151	0.2743159497	0.0945791821	0.5160854456
0	0.8650735289	0.0118503039	0.0550825736	0.0572005351	0.0107930585
0	0.2532402108	0.0119524644	0.3304435425	0.0000000000	0.4043637824
0	0.0570283589	0.5002624025	0.0754312561	0.0473072616	0.3199707210
0	0.0131097567	0.0000153977	0.8440147509	0.1425665413	0.0002935534
0	0.0338748743	0.4105885479	0.1767371108	0.3514260081	0.0273734589
0	0.0000000095	0.5902430478	0.2004174287	0.0016303346	0.2077091794
0	0.0632457877	0.0001285491	0.8634516558	0.0690748324	0.0040991750
0	0.1631856606	0.0321680181	0.2178348061	0.5813145068	0.0054970085
0	0.0001385475	0.2109868747	0.1245978853	0.0844971361	0.5797795563
0	0.0057255267	0.0000000000	0.1201563314	0.8230964014	0.0510217405
0	0.1881015398	0.0002000540	0.5508141940	0.0510086261	0.2098755862
0	0.5387543760	0.0198194636	0.0035114115	0.0073095276	0.4306052214
0	0.0000526139	0.1204579208	0.5458547212	0.0356087688	0.2980259754
0	0.0076543861	0.0318354182	0.0450169486	0.8920225521	0.0234706950
1	0.0000181416	0.0000000000	0.4197330571	0.1518327219	0.4284160794
0	0.5727034532	0.1344041714	0.0114520183	0.0674445724	0.2139957847
0	0.0000000000	0.1365500787	0.7765569523	0.0015716691	0.0853212999
0	0.0032933646	0.5237711247	0.0092352341	0.4082553771	0.0554448995
2	0.0000000000	0.0001711876	0.3191970479	0.6806313499	0.0000004146
0	0.0040265501	0.0000000000	0.0011916764	0.9614456095	0.0333361640
0	0.0000000012	0.5228843675	0.1706756756	0.3064399558	0.0000000000
0	0.0000000000	0.0001578029	0.0269073505	0.0000343671	0.9729004796
1	0.0237194502	0.0366731901	0.5836320321	0.3559753276	0.0000000000
1	0.1727549250	0.0000419594	0.7225606119	0.0888973731	0.0157451306
0	0.0368350484	0.0123778995	0.0182610571	0.9149601518	0.0175658432
0	0.0117189014	0.0713576422	0.6469722881	0.0000000013	0.2699511670
0	0.0000000441	0.0000018828	0.9864099522	0.0130286883	0.0005594327
0	0.1377258877	0.0058038764	0.8119779596	0.0429194628	0.0015728135
0	0.0000138599	0.0213957689	0.6574744350	0.1109859412	0.2101299950
0	0.0239809925	0.0001939459	0.1181056422	0.1620288791	0.6956905403
0	0.1113218080	0.0433075457	0.3568460316	0.0303543839	0.4581702309
0	0.0001859914	0.0796311449	0.8329561265	0.0372874298	0.0499393074
1	0.0272323052	0.0062293574	0.7945650519	0.1698097179	0.0021635676
0	0.0837335446	0.0183663700	0.8044386510	0.0934374324	0.0000240018
0	0.0093237579	0.0104331517	0.1815629566	0.5863513849	0.2123287489
0	0.0000000682	0.1172894132	0.8064137136	0.0067927702	0.0695040348
0	0.4053127693	0.0393376172	0.4907965520	0.0090914000	0.0554616615
1	0.0734093617	0.0000098690	0.0083437475	0.9120333790	0.0062036427
1	0.0000000000	0.0982643934	0.0491732358	0.0715697863	0.7809925845
0	0.0315157530	0.1838905385	0.0685907430	0.1317028938	0.5843000717
0	0.0000000004	0.0620934261	0.0000014481	0.7117247520	0.2261803734
0	0.0032728328	0.6809129233	0.1671314213	0.1224512401	0.0262315824
0	0.0220873428	0.0072657607	0.8900542076	0.0015001210	0.0790925679
0	0.0005916943	0.7410729445	0.0018855422	0.1728105759	0.0836392431
0	0.2375039748	0.0185194171	0.6761522080	0.0658100998	0.0020143003
0	0.0000000000	0.5968420090	0.0476853809	0.2793752819	0.0760973283
0	0.0010208354	0.1537672593	0.8447456195	0.0004662858	0.0000000000
0	0.1152846071	0.0007765316	0.7918478982	0.0920371087	0.0000538545
1	0.1291306348	0.0481877640	0.1808833381	0.6284767151	0.0133215480
1	0.0421969952	0.0351055170	0.1594467619	0.7628352163	0.0004155095
0	0.0003952029	0.9850451578	0.0145596248	0.0000000144	0.0000000000
1	0.0014682232	0.0000001076	0.4853593482	0.4885320030	0.0246403181
1	0.1082810072	0.0562504548	0.1196751293	0.7157589908	0.0000344179
0	0.1936786602	0.0000237414	0.7830704421	0.0232162438	0.0000109125
0	0.2115225127	0.0063838765	0.5718201630	0.1492656579	0.0610077900
0	0.0054498967	0.0089638183	0.9788157731	0.0067702886	0.0000002233
1	0.0000004486	0.0172041316	0.3432134802	0.0031315828	0.6364503569
0	0.0059636955	0.0188861710	0.4533744404	0.0000001353	0.5217755577
0	0.1341114189	0.0791327212	0.6558938640	0.1308619767	0.0000000191
0	0.0010619481	0.1070075185	0.0168523249	0.8265858974	0.0484923111
0	0.0027224809	0.2912255849	0.0590805481	0.6469713807	0.0000000054
0	0.1787527489	0.0882568581	0.4164919690	0.0381097921	0.2783886319
0	0.0089231301	0.0000006994	0.9852129375	0.0000631638	0.0058000692
1	0.0129664916	0.0089596512	0.0720595491	0.8791113441	0.0269029639
0	0.0000090490	0.0004866039	0.2754822535	0.7232901206	0.0007319730
0	0.1446129953	0.1694732702	0.6369486538	0.0489238174	0.0000412633
0	0.0063946453	0.2762143547	0.6699760288	0.0469963033	0.0004186680
0	0.0377618131	0.2815147541	0.6619945648	0.0082487099	0.0104801582
0	0.1947041686	0.1531396217	0.0015845074	0.1210887195	0.5294829829
1	0.0000015874	0.0044995269	0.0056247858	0.9849768094	0.0048972904
0	0.0413787577	0.0000000000	0.0113921813	0.8711473339	0.0760817271
0	0.0650610671	0.5237401769	0.1597273322	0.2008682675	0.0506031563
0	0.0000000005	0.1175598208	0.8119664226	0.0283899380	0.0420838181
1	0.0614135074	0.0000000000	0.9211987745	0.0173876967	0.0000000214
0	0.0000000026	0.0054610925	0.9788352882	0.0002645603	0.0154390565
0	0.0282891902	0.0000757448	0.8336330647	0.0046411541	0.1333608461
0	0.0503152909	0.3027005111	0.1809359790	0.0021788319	0.4638693870
