0	0.5823199363	0.0414857330	0.0054524980	0.0600004803	0.3107413524
0	0.1408940297	0.0031913724	0.0284068773	0.6870272405	0.1404804801
0	0.3711923073	0.4506937455	0.0000333123	0.0298471920	0.1482334430
0	0.1027302509	0.0097622658	0.4334148316	0.0020669862	0.4520256655
1	0.0975589463	0.5094066516	0.0803741049	0.0124828633	0.3001774339
0	0.0372664223	0.8781991302	0.0325626147	0.0519718328	0.0000000000
2	0.0804080062	0.2290222653	0.4964761546	0.1940935739	0.0000000000
1	0.0007277233	0.0036687962	0.0109037032	0.9317841105	0.0529156668
0	0.3712047882	0.0534975756	0.4154002440	0.1213189800	0.0385784122
0	0.0000000000	0.3607439018	0.0108959449	0.5074381450	0.1209220084
0	0.0284272931	0.0016780593	0.2024358160	0.2469178945	0.5205409372
1	0.0000001967	0.4884864523	0.5061527591	0.0001901650	0.0051704270
1	0.0000000000	0.3309606282	0.6677235384	0.0002489206	0.0010669128
0	0.0000000583	0.0611266656	0.7737625558	0.0469009687	0.1182097515
0	0.0000000000	0.3937378638	0.2704202906	0.3350704465	0.0007713991
1	0.0090996336	0.0028835055	0.4872974832	0.2958617315	0.2048576462
0	0.0877078914	0.0093683454	0.5168021342	0.3861216291	0.0000000000
1	0.8235909075	0.0163751380	0.0668528122	0.0747870388	0.0183941035
0	0.0064620938	0.0001499376	0.0244952811	0.1553061602	0.8135865273
0	0.0033255078	0.8926070277	0.0041987177	0.0500310079	0.0498377389
0	0.0005572999	0.0006685080	0.0772190909	0.9174900040	0.0040650973
1	0.0051093930	0.5474617565	0.0000105351	0.4331607598	0.0142575557
0	0.2699272447	0.0562414692	0.3652279750	0.3075566683	0.0010466428
0	0.0870309171	0.3381122606	0.5701865418	0.0000020488	0.0046682317
0	0.1365735206	0.0542688811	0.1231032836	0.6860543146	0.0000000000
0	0.2993950154	0.0090635223	0.0000001864	0.3984367983	0.2931044775
1	0.3154456665	0.5158789385	0.1670258554	0.0016495396	0.0000000000
0	0.0574893192	0.0505530807	0.0224870484	0.7031126168	0.1663579350
1	0.2057218158	0.0782645874	0.0581812932	0.2020234555	0.4558088482
0	0.0330844323	0.3043681135	0.3400611201	0.0835665162	0.2389198179
0	0.0324251514	0.0185436268	0.8481722947	0.1004676716	0.0003912555
0	0.0270969596	0.0000010971	0.4693091572	0.4987217190	0.0048710671
0	0.1451342061	0.0052835827	0.7807620159	0.0291134718	0.0397067235
0	0.0913664822	0.0052225869	0.0993576927	0.6865176604	0.1175355778
0	0.0000811463	0.7814405581	0.0694447485	0.0760934002	0.0729401470
0	0.1507535030	0.0105445933	0.4691775614	0.2849994890	0.0845248533
0	0.0254570922	0.5704490487	0.3685768463	0.0277413947	0.0077756181
0	0.7274640560	0.0061212714	0.0120275287	0.1334218570	0.1209652868
0	0.0000000000	0.9752374593	0.0000424308	0.0003890350	0.0243310750
0	0.1069274566	0.2325609153	0.0826020353	0.4634489427	0.1144606500
1	0.0533717393	0.1198406518	0.1090210920	0.0000201181	0.7177463988
0	0.1698018284	0.1434196265	0.0118166179	0.2349068428	0.4400550844
0	0.0117754645	0.2304783555	0.5131120115	0.0636821492	0.1809520192
0	0.0000000007	0.0000000001	0.0072881926	0.8412162467	0.1514955599
0	0.7448448623	0.0000000000	0.2354821304	0.0089473880	0.0107256194
0	0.0000894377	0.0093197272	0.3047060599	0.1531062741	0.5327785011
0	0.0437116234	0.0169518566	0.0103535375	0.3317933221	0.5971896604
1	0.0000007364	0.4403333069	0.1026412500	0.2426663451	0.2143583615
0	0.0337199216	0.0599800483	0.4581047518	0.2776684953	0.1705267830
1	0.0086478648	0.1760056196	0.0512639477	0.4483203543	0.3157622136
0	0.0035024330	0.0056842947	0.0003596382	0.9887362343	0.0017173998
0	0.3178680861	0.0213506971	0.0414072319	0.5348799867	0.0844939982
1	0.0187954889	0.0912843810	0.8811582378	0.0087618924	0.0000000000
0	0.1982876760	0.5171918475	0.0000002865	0.2508980099	0.0336221801
0	0.0005546898	0.0004453471	0.1434652006	0.1154799832	0.7400547793
0	0.0000000028	0.1213265032	0.1171963645	0.6817089726	0.0797681570
1	0.0225938449	0.2116811520	0.4271099445	0.0779268352	0.2606882233
0	0.0005971974	0.1037459923	0.0916058434	0.1386239330	0.6654270339
0	0.0064791444	0.0048447594	0.0099806956	0.7746753634	0.2040200372
2	0.0253142907	0.6751246145	0.0017712683	0.2974422325	0.0003475939
0	0.1388693417	0.4222574082	0.1118740959	0.3269991542	0.0000000000
0	0.1608076075	0.0051347784	0.1185999074	0.0940485742	0.6214091325
0	0.0170797292	0.1354840519	0.5059937565	0.0891067655	0.2523356969
0	0.6162136333	0.0272317949	0.1338924890	0.1424670814	0.0801950014
1	0.0000060553	0.9225524194	0.0516174022	0.0258241228	0.0000000003
0	0.0090304596	0.0072301287	0.0838922009	0.8998472055	0.0000000053
0	0.2539948422	0.1184562829	0.0343996780	0.3985959116	0.1945532854
0	0.0175622775	0.3813953962	0.0659775641	0.3371729585	0.1978918037
0	0.0187174592	0.1376319842	0.5865904591	0.2570600975	0.0000000000
0	0.0705390027	0.0000010621	0.1132780624	0.1097637289	0.7064181438
0	0.0155804170	0.0498093624	0.0846433502	0.8499668703	0.0000000000
0	0.0038541789	0.0506751578	0.7682361437	0.0536652297	0.1235692898
1	0.0086841243	0.0182655874	0.1942641587	0.4372144349	0.3415716947
0	0.0786000937	0.1448992883	0.1024836620	0.6132085178	0.0608084382
0	0.5770940672	0.1252132724	0.0118251205	0.2474590006	0.0384085393
0	0.1545218470	0.0020089061	0.6300197796	0.0751994446	0.1382500228
0	0.0708706537	0.4110610263	0.0208874522	0.4871303213	0.0100505464
1	0.1232623612	0.6321605251	0.0869585404	0.1322240280	0.0253945455
0	0.0000000000	0.0392346438	0.3103503737	0.6364428910	0.0139720915
0	0.2460079256	0.0000000016	0.0229341915	0.7272769358	0.0037809455
0	0.0854907219	0.0000000000	0.2527649450	0.6616974453	0.0000468879
0	0.3708977157	0.0000040515	0.1145881480	0.5103470292	0.0041630556
0	0.0125103892	0.0019729508	0.3851410587	0.5833080971	0.0170675042
1	0.0121690870	0.0000003830	0.2912837204	0.0060979765	0.6904488330
0	0.4266434279	0.0558821892	0.0473597179	0.0450199560	0.4250947090
0	0.0000301565	0.1803163512	0.2246269933	0.3955857930	0.1994407059
0	0.0953085522	0.0030521124	0.0101390405	0.8747608840	0.0167394109
0	0.0000000000	0.3092009012	0.6660333948	0.0134311890	0.0113345150
1	0.0727462102	0.3147363221	0.5106262211	0.0000000000	0.1018912466
0	0.0019672089	0.1170113673	0.0000073440	0.8487397868	0.0322742929
0	0.0357652514	0.0000000150	0.4879084350	0.4763206482	0.0000056505
0	0.0352236285	0.0000000000	0.1715338676	0.3630088234	0.4302336805
1	0.0014606114	0.0658036973	0.7259235568	0.2068121337	0.0000000008
0	0.1466934350	0.1918462788	0.0712893543	0.5632235199	0.0269474120
0	0.0182393931	0.0025995268	0.8547705158	0.0023044508	0.1220861135
0	0.0313145323	0.6785843038	0.0000040967	0.2303784042	0.0597186630
1	0.0661967017	0.5716629531	0.0097131938	0.3495352938	0.0028918576
0	0.0373941002	0.3474753045	0.0449999190	0.2101156418	0.3600150344
0	0.0421210870	0.0009108240	0.9347607992	0.0188000712	0.0034072186
2	0.0559620281	0.7627277364	0.1168474613	0.0046212518	0.0598415224
