1	0.0000000000	0.2378513113	0.0556222805	0.2929258991	0.4136005091
0	0.0094737119	0.0722057266	0.0000603156	0.0323805602	0.8858796856
0	0.0002994945	0.1769182478	0.1898759229	0.3079174283	0.3249889065
0	0.1531182462	0.2554805745	0.1422628792	0.4491348452	0.0000034549
1	0.1690003863	0.7086792029	0.0005230455	0.1209732276	0.0008241376
0	0.2015996464	0.2319311685	0.0033815667	0.1207757068	0.4423119117
0	0.0584497326	0.6334669272	0.1729928809	0.1350715938	0.0000188655
1	0.0867436591	0.5354150466	0.0000123026	0.2080130257	0.1698159659
0	0.3318863279	0.0000000004	0.4219930397	0.0224986004	0.2236220316
0	0.2275396461	0.0768785119	0.0508721161	0.6081334558	0.0365762700
1	0.0060637962	0.6590513757	0.3345974225	0.0000000000	0.0002874057
0	0.0717122702	0.0006086796	0.0002107938	0.7302862802	0.1971819762
1	0.0092445428	0.0415037365	0.6927411803	0.0055554567	0.2509550837
0	0.3726773015	0.0639873593	0.1228019213	0.0512748740	0.3892585439
0	0.0979978123	0.0020935798	0.5325401795	0.3494009345	0.0179674938
0	0.1822418335	0.0007603443	0.1650013846	0.4868835871	0.1651128506
0	0.0327441228	0.2774887949	0.5023337973	0.1689721685	0.0184611164
0	0.0117496311	0.0561969205	0.0800812327	0.8137199445	0.0382522712
0	0.0019487874	0.0127628588	0.0015733705	0.2898974892	0.6938174941
0	0.0832584470	0.1735878232	0.0399351146	0.4927981002	0.2104205150
1	0.0352681703	0.7141091503	0.0175460188	0.1924652809	0.0406113799
0	0.0030716789	0.0582417489	0.4904552589	0.0798169551	0.3684143582
1	0.0000054203	0.3639575689	0.6265078540	0.0074850653	0.0020440915
0	0.5117203255	0.0050929419	0.0000739163	0.0002556858	0.4828571304
0	0.0561799936	0.6761372764	0.2221153630	0.0399149181	0.0056524489
1	0.0677418981	0.8978993269	0.0011420171	0.0000000000	0.0332167579
1	0.1032428906	0.1116899397	0.7790881783	0.0000678983	0.0059110931
0	0.2217520035	0.5448038856	0.0642422520	0.1182516602	0.0509501988
1	0.1267731566	0.2491929351	0.3159429352	0.1417567947	0.1663341785
1	0.9449012698	0.0143260263	0.0037702110	0.0276477497	0.0093547432
0	0.0917871090	0.3000703754	0.0250430870	0.1200632600	0.4630361686
0	0.0860033112	0.1229564944	0.7287458318	0.0308703874	0.0314239753
0	0.0066703173	0.0015487018	0.5228580568	0.1767122190	0.2922107051
0	0.0304376852	0.0000000810	0.2101487151	0.7267823133	0.0326312054
0	0.0075709185	0.0640587688	0.0269148429	0.8865550865	0.0149003833
0	0.0000000653	0.0005398036	0.3511627297	0.6046712302	0.0436261712
0	0.0162840260	0.0280533868	0.2335080728	0.5818958729	0.1402586413
1	0.5436721266	0.0831634985	0.0924975215	0.2684973255	0.0121695279
1	0.0905862011	0.3560972398	0.0000000000	0.1248403985	0.4284761605
0	0.4610413640	0.0000002758	0.4540832210	0.0846031204	0.0002720188
0	0.0001025622	0.3597156097	0.0674163920	0.4756712619	0.0970941742
0	0.1116088099	0.2068871281	0.3751761802	0.1185525125	0.1877753693
0	0.0038396910	0.9181229149	0.0658471772	0.0049159193	0.0072742976
0	0.0418615347	0.2712899239	0.6195909249	0.0092971577	0.0579604588
1	0.0000000001	0.8383426091	0.0817162783	0.0584633862	0.0214777264
0	0.4725553276	0.0789474821	0.2350392807	0.1006368173	0.1128210923
0	0.8538863773	0.0130474269	0.1141792883	0.0033295636	0.0155573439
0	0.1804587773	0.0000000042	0.7726274948	0.0146363121	0.0322774115
0	0.3949874602	0.2570404310	0.0666896289	0.2666362475	0.0146462324
0	0.0000000000	0.0527027462	0.0215752370	0.7369060922	0.1888159246
2	0.0263111138	0.4984264128	0.4685325886	0.0000000000	0.0067298848
0	0.2460003783	0.0002696504	0.0565269424	0.1997863073	0.4974167216
0	0.8558597167	0.0001695378	0.1419507765	0.0010283379	0.0009916312
0	0.7477672878	0.0233743982	0.1712936364	0.0433077047	0.0142569728
0	0.0164645272	0.0000002074	0.9367602720	0.0107012331	0.0360737603
0	0.0022398782	0.0144326535	0.0001182213	0.9297116495	0.0534975975
0	0.9048466000	0.0331651327	0.0051017563	0.0467486502	0.0101378607
0	0.0000538280	0.2775667800	0.3104425974	0.3279933326	0.0839434621
0	0.1194694105	0.0118416339	0.7245918757	0.0524731636	0.0916239163
0	0.7593082815	0.0000047807	0.0002365555	0.2032070928	0.0372432895
0	0.0028715627	0.3778591088	0.3053022070	0.0034852225	0.3104818990
0	0.0013391670	0.4733066776	0.3144962661	0.2108578785	0.0000000108
1	0.0000479175	0.3177303355	0.0000000086	0.6794210207	0.0028007177
1	0.1787844872	0.0085108381	0.0595916601	0.2425881487	0.5105248659
1	0.1667083390	0.7819803731	0.0427425459	0.0065720244	0.0019967176
0	0.4049854778	0.0015113622	0.4687344979	0.0000000000	0.1247686621
0	0.3118960078	0.1691598289	0.0339289313	0.4709972699	0.0140179621
0	0.0821653715	0.0001423924	0.3276161394	0.5215014394	0.0685746573
1	0.0077686683	0.6766829102	0.0543412880	0.1353054693	0.1259016641
0	0.0985981913	0.0388682914	0.5817413395	0.1983423925	0.0824497854
0	0.0213401366	0.0937497615	0.0013462590	0.7998857825	0.0836780604
0	0.1748260506	0.3716263522	0.2015624272	0.0000000075	0.2519851626
0	0.1102243295	0.0317865496	0.6956030762	0.1567624186	0.0056236261
0	0.3839939832	0.0043847834	0.1422704122	0.1699114685	0.2994393527
1	0.0000058685	0.1013224380	0.3222088962	0.4544270264	0.1220357709
0	0.2512571108	0.2634715433	0.0324297751	0.3392646629	0.1135769079
0	0.0572079748	0.0864001614	0.5064132966	0.1696357945	0.1803427726
0	0.0003194729	0.0355533067	0.0549302134	0.9091970070	0.0000000000
0	0.0186275161	0.0518226588	0.1309741771	0.7355631512	0.0630124968
0	0.0045885461	0.0001559157	0.1883601789	0.8067718552	0.0001235041
0	0.0333812932	0.0000006459	0.1266784382	0.5674052694	0.2725343533
0	0.0449839002	0.7338208205	0.2099163236	0.0098158497	0.0014631059
1	0.4237420541	0.0043257801	0.5571899660	0.0021191455	0.0126230544
0	0.0052225849	0.0000002626	0.0295270239	0.5521353446	0.4131147841
0	0.2311790171	0.1286205402	0.0117246019	0.0181453162	0.6103305246
0	0.0116850804	0.0052503629	0.1369514481	0.7352139424	0.1108991662
0	0.1886835544	0.0308327029	0.2472082532	0.4522429746	0.0810325149
1	0.3060226683	0.3110999727	0.0446083332	0.2144045462	0.1238644796
0	0.5714991786	0.0000000000	0.0000000160	0.3056833926	0.1228174128
0	0.0002590448	0.0000000000	0.3003035650	0.5285985600	0.1708388302
0	0.0858774959	0.1879068775	0.0011517922	0.6705154168	0.0545484177
0	0.4561706464	0.1000338359	0.2633675743	0.0112319081	0.1691960354
0	0.7555086705	0.1820914855	0.0542917439	0.0079736771	0.0001344229
0	0.3253516010	0.0167489490	0.5077690083	0.0917187292	0.0584117125
0	0.0024424308	0.0166617244	0.4708838842	0.3865324935	0.1234794671
0	0.0033902981	0.3596166142	0.4615176468	0.0304026844	0.1450727565
0	0.0119999530	0.1383118864	0.7774986001	0.0416421675	0.0305473930
0	0.1017901768	0.0000069265	0.7736184348	0.1207792219	0.0038052400
0	0.0098349287	0.0173539475	0.0365493608	0.7688914883	0.1673702747
0	0.0210497588	0.3788249806	0.1082404815	0.1849196008	0.3069651783
