0	0.1118293705	0.5338928574	0.0993032222	0.2544394803	0.0005350696
0	0.0012550694	0.0018178203	0.9698375046	0.0270890864	0.0000005193
0	0.1170377478	0.0013383749	0.6344930134	0.2132147245	0.0339161395
0	0.1067904889	0.0797653997	0.0435471649	0.4859046356	0.2839923110
2	0.0054276727	0.7648589499	0.1528231334	0.0043479225	0.0725423215
1	0.0115795800	0.9688257152	0.0149221485	0.0000000000	0.0046725562
0	0.5969428195	0.2496936367	0.0013003511	0.0509303903	0.1011328024
0	0.0300532118	0.0000000000	0.0129082878	0.9351983445	0.0218401559
1	0.0121992301	0.0791659787	0.0287542437	0.7776802368	0.1022003107
0	0.0583107140	0.0146371250	0.7397803506	0.1872718105	0.0000000000
0	0.8128286252	0.0942329018	0.0007386373	0.0902105387	0.0019892970
0	0.0875759793	0.0552274085	0.2479518490	0.6092442427	0.0000005206
0	0.0081631507	0.0953668204	0.4068657721	0.1654633969	0.3241408599
0	0.0078722985	0.8801692162	0.1117355270	0.0002229582	0.0000000000
0	0.0272198964	0.2097985039	0.0000969109	0.6813823494	0.0815023394
0	0.0384005256	0.0023696847	0.1562001193	0.7731633763	0.0298662941
0	0.1682961385	0.0072398606	0.0376983667	0.6483515834	0.1384140507
0	0.0308883961	0.1502161003	0.0817094465	0.1296252691	0.6075607880
1	0.0816657409	0.0201820658	0.0041842765	0.6783775656	0.2155903512
1	0.6879196674	0.1705085746	0.0011359946	0.0816719472	0.0587638163
0	0.0721180060	0.1069522823	0.4415992264	0.0956699771	0.2836605083
0	0.0174602173	0.3850599389	0.0138967785	0.2818394652	0.3017436002
0	0.0131639583	0.0100761392	0.0822593617	0.0554609481	0.8390395928
0	0.0029834510	0.5701943222	0.1010927760	0.0600082344	0.2657212163
0	0.1018456480	0.1834229975	0.0736866786	0.6082289878	0.0328156880
1	0.0124081864	0.4960081052	0.0000532536	0.4899459437	0.0015845110
1	0.4167837674	0.0057281082	0.1278712181	0.0003840249	0.4492328814
1	0.1375274510	0.2215353508	0.1586177848	0.4203342481	0.0619851653
1	0.3083579679	0.0329772793	0.6496661950	0.0089985189	0.0000000388
0	0.0426237316	0.0087576910	0.8520159727	0.0000000236	0.0966025811
0	0.0212881593	0.0178005145	0.3513301985	0.1774346302	0.4321464975
0	0.0029133904	0.0110748987	0.1286498777	0.8274419571	0.0299198761
0	0.0009668881	0.2964720748	0.2858886916	0.3371882824	0.0794840631
0	0.5271821466	0.1380144387	0.1138557996	0.1431426540	0.0778049612
2	0.0008764144	0.1635406770	0.7716675133	0.0000000000	0.0639153953
0	0.0216309852	0.1562686553	0.1330330182	0.2314778212	0.4575895201
1	0.4548895356	0.0538075356	0.1225238956	0.0034977151	0.3652813182
0	0.0086259910	0.0013332668	0.4285885875	0.5486313104	0.0128208444
1	0.1944280449	0.0024012917	0.2206905779	0.5824800855	0.0000000000
0	0.3033397220	0.0549496172	0.2676868806	0.3147478793	0.0592759010
0	0.0748560260	0.0000130765	0.0340973131	0.1350080628	0.7560255216
1	0.0000036922	0.3345551188	0.6579113913	0.0049898453	0.0025399524
0	0.3854175268	0.0660979506	0.2505183746	0.2897570548	0.0082090931
0	0.5782768314	0.0162872679	0.0848247866	0.2227437288	0.0978673854
0	0.8465212060	0.1373901694	0.0086013583	0.0070948861	0.0003923801
0	0.0003845452	0.0000013269	0.0047383278	0.9890510914	0.0058247087
0	0.0383943004	0.0165616482	0.0685878870	0.6317750904	0.2446810741
0	0.2668990418	0.1136190752	0.0314157442	0.5746025188	0.0134636201
0	0.0059339858	0.0142301765	0.2648509575	0.7149848803	0.0000000000
0	0.0013801409	0.0248254890	0.7412820017	0.0737694663	0.1587429021
0	0.2951471346	0.0001087378	0.3002637244	0.3936001939	0.0108802092
1	0.1337255822	0.2864305977	0.0677404514	0.5119231393	0.0001802294
0	0.0908113178	0.3017949010	0.1546136231	0.3701374391	0.0826427190
0	0.0107029800	0.6438838212	0.0601336612	0.0306414863	0.2546380513
0	0.4255598148	0.0819360065	0.1933317644	0.2875864714	0.0115859428
0	0.5799014388	0.0772387765	0.2546865908	0.0013685751	0.0868046188
0	0.0359478815	0.0316903825	0.1847284913	0.1589080517	0.5887251930
1	0.0369440206	0.0390343500	0.3273952247	0.5740012018	0.0226252029
0	0.0676043973	0.0653387096	0.4955125139	0.0772331128	0.2943112664
0	0.2208984391	0.3478779305	0.0981194329	0.1057299607	0.2273742368
0	0.0000000779	0.0572512307	0.2360287152	0.6560937153	0.0506262609
0	0.0002899781	0.0953958193	0.6824333718	0.0949601866	0.1269206441
0	0.0015065151	0.2802911977	0.0099350939	0.2467988835	0.4614683097
0	0.8724797058	0.0763583369	0.0068338735	0.0443280838	0.0000000000
1	0.3699517985	0.1184947602	0.1473234944	0.3530324216	0.0111975253
0	0.0786866438	0.0000463795	0.8540631580	0.0472150191	0.0199887996
0	0.8147569280	0.0000017248	0.0931732363	0.0920645426	0.0000035683
0	0.0268394773	0.0406276733	0.0146228257	0.5497496722	0.3681603515
0	0.2067936741	0.1219290911	0.0000090369	0.5943483492	0.0769198486
1	0.0480094973	0.0000000000	0.4579084578	0.3933662422	0.1007158027
0	0.0000000000	0.0144361730	0.7811404975	0.2039409436	0.0004823858
0	0.2867155674	0.0224339151	0.5789374549	0.0075719964	0.1043410661
1	0.2191033906	0.6231299206	0.1176027132	0.0169546131	0.0232093626
0	0.0020031381	0.1927305668	0.6079839584	0.1971778307	0.0001045061
0	0.1036764183	0.0027039197	0.7535858677	0.1285143047	0.0115194895
0	0.0363384008	0.1107183926	0.5314962900	0.0443422813	0.2771046353
0	0.0207687682	0.1353288229	0.2701318278	0.0550594370	0.5187111440
0	0.1009318083	0.1369979737	0.1604303731	0.5886531451	0.0129866999
0	0.2575336128	0.0460161920	0.0016294941	0.1188401403	0.5759805608
0	0.0344615892	0.0404638945	0.3923670679	0.0506734479	0.4820340005
0	0.0000003623	0.0173118205	0.0195104360	0.9547659003	0.0084114810
1	0.0044515761	0.3421926824	0.2636814966	0.0085811189	0.3810931261
1	0.1782459203	0.0000728136	0.3308655147	0.0061859746	0.4846297768
1	0.0025912172	0.0215721057	0.0527826778	0.9191603067	0.0038936926
0	0.0819967836	0.7528541141	0.0230625852	0.1010726701	0.0410138470
0	0.0001578317	0.6115200480	0.0776872323	0.0000006437	0.3106342442
0	0.0167100899	0.5487465771	0.2748797763	0.0001184157	0.1595451410
0	0.0585998984	0.1458018991	0.2122852849	0.5754946739	0.0078182436
0	0.0524595822	0.0022490909	0.9434526772	0.0017331372	0.0001055125
0	0.0021059232	0.7004941315	0.1356338523	0.0590286548	0.1027374381
0	0.0179889988	0.1462061071	0.4707805013	0.2746669776	0.0903574152
0	0.0000065843	0.0097575180	0.5626750053	0.3951151458	0.0324457467
1	0.4573518931	0.4778682720	0.0152601762	0.0376604569	0.0118592018
1	0.0000002696	0.2767419899	0.1326219007	0.5906358396	0.0000000002
1	0.4214235817	0.4736529537	0.0386986893	0.0274126022	0.0388121732
0	0.1072444856	0.2807996891	0.4725662347	0.1393895147	0.0000000760
0	0.4875224801	0.0047584998	0.0000001537	0.0000908528	0.5076280136
0	0.9044229836	0.0224995034	0.0461484453	0.0010416151	0.0258874525
0	0.0338713192	0.0044862439	0.2774232763	0.6712281468	0.0129910138
1	0.0735549973	0.3490326787	0.0158052283	0.5467173573	0.0148897383
