0	0.3362252815	0.1035163105	0.3925459426	0.0921682365	0.0755442289
0	0.0000380768	0.2916032186	0.4005986020	0.1631321378	0.1446279648
0	0.0266111139	0.3950251369	0.0479095001	0.0473680801	0.4830861689
0	0.7549570238	0.1235417874	0.1147254048	0.0018908691	0.0048849149
1	0.0118118297	0.0003044336	0.1766129924	0.7884699270	0.0228008173
0	0.0000000001	0.0440151796	0.2054525231	0.2755754860	0.4749568112
0	0.0301453005	0.0504821351	0.4898304836	0.0236824841	0.4058595966
0	0.5857664129	0.0138172449	0.3138539325	0.0058523843	0.0807100254
1	0.0001008840	0.0328497207	0.9384017395	0.0286476557	0.0000000000
0	0.2529535190	0.0074411106	0.5544949634	0.1293251742	0.0557852328
0	0.0043641735	0.0008134188	0.9139204166	0.0027111193	0.0781908718
1	0.0420454977	0.0000017777	0.4294753067	0.5284515906	0.0000258273
0	0.0616282768	0.2257235467	0.6236347925	0.0000000000	0.0890133840
0	0.0340306443	0.6290273659	0.0010534413	0.2782944395	0.0575941090
0	0.0000282384	0.1436133503	0.7863714166	0.0604293179	0.0095576768
0	0.3345641227	0.0632770659	0.5608897610	0.0265229847	0.0147460656
0	0.0000000000	0.4036595818	0.2908358575	0.0016014222	0.3039031385
0	0.0171788527	0.0000000001	0.0649860087	0.9090720291	0.0087631095
0	0.1689264943	0.0022909234	0.0158149394	0.8129663078	0.0000013351
0	0.1051243927	0.1015726585	0.4438552425	0.2973426368	0.0521050696
1	0.0016174453	0.0000000000	0.5808794385	0.2043292751	0.2131738411
0	0.0102627613	0.0108161804	0.8613296072	0.1031438248	0.0144476264
0	0.0000004976	0.0000000165	0.0000243205	0.6183826253	0.3815925401
0	0.0000110018	0.1365576355	0.5276968717	0.0079791676	0.3277553234
0	0.1317034194	0.2405073299	0.1236093558	0.3825899350	0.1215899599
1	0.0116117772	0.0482129075	0.6550353748	0.2851398227	0.0000001178
0	0.4629759103	0.0126093730	0.3496256193	0.0983477819	0.0764413155
0	0.0000000019	0.2543033810	0.0007834173	0.2821307340	0.4627824657
0	0.1915541439	0.0013274886	0.4595765303	0.2492166940	0.0983251432
0	0.0000000031	0.0475505630	0.0597175996	0.3004234715	0.5923083629
0	0.0000000000	0.0084854818	0.9898364954	0.0014416388	0.0002363841
0	0.0013530556	0.3345141896	0.2640501623	0.4000825875	0.0000000049
0	0.4425977558	0.3535755348	0.0500002004	0.0986804611	0.0551460478
0	0.0000004030	0.1482538564	0.2321849375	0.0000139504	0.6195468527
0	0.0000027625	0.0000002510	0.4242658821	0.0000008886	0.5757302158
0	0.0000000000	0.0273575659	0.8649162937	0.0422229606	0.0655031797
0	0.0812504744	0.6625827521	0.1676518355	0.0064949763	0.0820199616
2	0.0000000000	0.0004121823	0.6094728948	0.3900043542	0.0001105687
1	0.0005333066	0.0023241056	0.9876944535	0.0060069737	0.0034411605
0	0.0329922001	0.0187327584	0.7763880047	0.1517965744	0.0200904625
0	0.0166015642	0.2023976191	0.5240022599	0.2149251759	0.0420733809
0	0.0000076139	0.9397136965	0.0140008156	0.0443863892	0.0018914848
0	0.0801984138	0.0102228089	0.8765808823	0.0209140392	0.0120838557
0	0.0459740021	0.3953967467	0.1976347502	0.0957449154	0.2652495856
0	0.7884216334	0.0431138836	0.1516325853	0.0026089863	0.0142229114
0	0.0010298731	0.0000000002	0.3232960803	0.0000513455	0.6756227008
0	0.0118854945	0.6447998985	0.3243870469	0.0189155747	0.0000119854
1	0.0029270416	0.0000000000	0.7737767861	0.2154352967	0.0078608757
0	0.0410316237	0.0000000000	0.2238615690	0.1776927150	0.5574140922
0	0.0217418954	0.2147344594	0.0921491037	0.5070675413	0.1643070002
1	0.0000000143	0.0031875979	0.8276097882	0.1686922808	0.0005103188
1	0.0060801512	0.0002954681	0.0958627911	0.8962942881	0.0014673015
0	0.0000473299	0.0768264335	0.5776810920	0.3213628732	0.0240822714
0	0.0000034902	0.0000008104	0.3276139205	0.5580417175	0.1143400614
1	0.0011321852	0.0033552352	0.7626183977	0.2283964480	0.0044977338
0	0.0000893637	0.0297288238	0.5694494519	0.4006205015	0.0001118591
0	0.0004619654	0.0005059699	0.0029602326	0.9258023964	0.0702694357
0	0.0005033769	0.9241348311	0.0007136287	0.0740253082	0.0006228551
1	0.0227023124	0.0060125502	0.3905642612	0.4818624238	0.0988584525
1	0.0000000000	0.0000539931	0.6892030184	0.3078842905	0.0028586980
1	0.0000000566	0.1253706225	0.0960432657	0.6218306799	0.1567553752
0	0.0000000020	0.1054082285	0.8945917588	0.0000000106	0.0000000001
0	0.0045410735	0.7018071315	0.1035095131	0.0388593172	0.1512829647
0	0.0299729542	0.6962851503	0.2024137032	0.0256636278	0.0456645646
1	0.0010934659	0.0000111861	0.0579711902	0.8803032262	0.0606209315
0	0.5710473084	0.0030686761	0.2142748966	0.0000001192	0.2116089998
0	0.1750454117	0.7029310427	0.0199077852	0.0959134778	0.0062022826
0	0.0003667521	0.5821196899	0.1247537519	0.0004722844	0.2922875217
0	0.0000414955	0.0000280014	0.9942068846	0.0003070511	0.0054165673
0	0.2187136955	0.0034089521	0.4211139537	0.3528635027	0.0038998960
0	0.0161959429	0.4273230399	0.0000807643	0.5564002514	0.0000000014
0	0.0058759470	0.0467184508	0.2612831113	0.0002348404	0.6858876505
0	0.0000000000	0.0253515165	0.0031241917	0.2803891333	0.6911351585
0	0.0000000000	0.4557181262	0.0845290484	0.4580785461	0.0016742793
0	0.0556003143	0.0523118471	0.7715248313	0.1203956422	0.0001673651
0	0.0123530577	0.0000000000	0.9876426073	0.0000000000	0.0000043350
0	0.0421477495	0.1262033773	0.1653715873	0.0750833879	0.5911938979
1	0.0757274368	0.0006892188	0.8287083839	0.0948749335	0.0000000270
1	0.0000674408	0.1152571877	0.8453948550	0.0241189139	0.0151616026
0	0.0265815335	0.8598961722	0.0803970357	0.0012225219	0.0319027367
0	0.1011366766	0.0156036362	0.8594944519	0.0126091607	0.0111560747
0	0.0000000000	0.0177546669	0.0095543578	0.0199669541	0.9527240212
0	0.0061872141	0.1121877817	0.5191314632	0.1191018927	0.2433916483
0	0.0025985747	0.0000000001	0.0353419832	0.9234416999	0.0386177421
0	0.0050012235	0.0016530724	0.9535512792	0.0111793287	0.0286150962
1	0.0049604823	0.0897225273	0.4768816745	0.4284336266	0.0000016892
1	0.0051798974	0.0772337090	0.8204895550	0.0470897800	0.0500070586
0	0.0314378614	0.0030636364	0.9644476694	0.0003086167	0.0007422160
0	0.0209189165	0.5322183417	0.0708715357	0.0029586309	0.3730325752
0	0.0000000000	0.0000000061	0.9361934914	0.0204549198	0.0433515827
0	0.0201061571	0.0898051869	0.3624193183	0.5275828728	0.0000864649
0	0.2856599170	0.1177933095	0.2942559003	0.0109642353	0.2913266380
0	0.0000000000	0.0003841588	0.6287594316	0.1625524293	0.2083039802
0	0.0567414519	0.0092351968	0.0513876070	0.1502067687	0.7324289756
1	0.1909050125	0.0037003836	0.5579842374	0.1240113097	0.1233990568
0	0.0614043397	0.4135194276	0.0288836532	0.0024790045	0.4937135751
0	0.1709397799	0.0001444621	0.8289154191	0.0000003348	0.0000000041
0	0.2551113309	0.1717621592	0.4017668570	0.0004139585	0.1709456945
0	0.0000251633	0.5777758264	0.2041824708	0.0000000480	0.2180164915
0	0.5575695551	0.0557619088	0.2414539028	0.1219797696	0.0232348636
