0	0.0001922003	0.0199931064	0.5913313393	0.3852504829	0.0032328711
0	0.0004570417	0.0082942530	0.1248231070	0.8661855498	0.0002400486
0	0.0231684563	0.0000000695	0.0010731918	0.7283847540	0.2473735284
0	0.0000002437	0.0000000590	0.0409650084	0.6245307134	0.3345039754
0	0.0569241002	0.0000000000	0.7991412598	0.0782660205	0.0656686195
0	0.0020173306	0.0999340764	0.8938773094	0.0000000000	0.0041712836
0	0.0265056808	0.3336473945	0.1493265638	0.4901478847	0.0003724762
0	0.0017028923	0.1887680689	0.4578378969	0.0073582147	0.3443329271
0	0.0000001098	0.0000000000	0.1210511740	0.8059859692	0.0729627470
0	0.5075322054	0.0000000000	0.4472006465	0.0452671481	0.0000000000
0	0.5311718867	0.0000007663	0.2718710484	0.1969557722	0.0000005264
0	0.6161175168	0.3379359152	0.0434438088	0.0021330001	0.0003697590
0	0.0100335833	0.0013229632	0.0298187306	0.7632699069	0.1955548160
1	0.1492082928	0.0000001770	0.7257519632	0.0761401650	0.0488994019
0	0.0001162409	0.0000000029	0.9742300336	0.0154871640	0.0101665586
0	0.0000000000	0.0202867167	0.9656169280	0.0000000000	0.0140963553
0	0.5220166597	0.0000000450	0.0108184122	0.0019318559	0.4652330272
0	0.0414974762	0.0351530625	0.8576891409	0.0461309258	0.0195293946
0	0.0443947522	0.0184450146	0.0411432757	0.0000000002	0.8960169573
0	0.0307756234	0.4462316084	0.3807411907	0.1006783626	0.0415732150
0	0.1262006642	0.0254601504	0.8074861368	0.0399507554	0.0009022932
0	0.1034416728	0.0514675072	0.0200803720	0.1299830989	0.6950273491
0	0.0423843796	0.1475604265	0.1718457330	0.6169843051	0.0212251559
0	0.0442605529	0.0006404096	0.3137077911	0.0000117077	0.6413795387
0	0.1413456231	0.0890326401	0.3978287225	0.2878331910	0.0839598233
0	0.0262981958	0.2174444480	0.2525289354	0.0001226607	0.5036057601
0	0.0388245196	0.1539401792	0.0029364906	0.1696281411	0.6346706695
0	0.0009169193	0.0000000241	0.5766304939	0.3268251886	0.0956273740
0	0.1765080998	0.5428243146	0.1203711386	0.0203977249	0.1398987220
1	0.0000003062	0.0158296995	0.0714604664	0.9094181967	0.0032913313
0	0.0000000005	0.5412063076	0.3484352652	0.0575154783	0.0528429483
0	0.0043140147	0.1214305043	0.1625472351	0.3725087995	0.3391994463
0	0.2435430487	0.0030809466	0.3959700428	0.0164513346	0.3409546273
0	0.0012342333	0.3177547860	0.0002022781	0.0292240910	0.6515846115
0	0.0666073826	0.2902888437	0.2785235193	0.3645800772	0.0000001771
0	0.1724309850	0.0000065935	0.2392430797	0.1763882717	0.4119310701
0	0.0000141758	0.0095480308	0.9137806983	0.0000004813	0.0766566138
0	0.2618137704	0.2387486884	0.4360185551	0.0142846069	0.0491343791
0	0.5327445645	0.0034311735	0.2440928337	0.0878760449	0.1318553834
0	0.0251827315	0.0605791943	0.8244128020	0.0897961386	0.0000291337
0	0.5239963704	0.0104247796	0.0519683109	0.2691929578	0.1444175814
0	0.4929197055	0.0831427354	0.0962570302	0.0087793278	0.3189012011
0	0.1078063266	0.0345694950	0.5973560222	0.2602681562	0.0000000000
0	0.2822966949	0.1772904824	0.0645963619	0.1826354116	0.2931810492
0	0.4823354755	0.0185914599	0.3917201228	0.1073529418	0.0000000000
0	0.0001679983	0.0000334358	0.6413166125	0.0000391012	0.3584428522
1	0.0000000001	0.0340414049	0.6877893424	0.1602827091	0.1178865436
0	0.0952181270	0.0474280143	0.0359555518	0.1249535741	0.6964447328
0	0.0000000000	0.0175863786	0.9402712256	0.0306284130	0.0115139828
1	0.0123938098	0.0000000000	0.0386399890	0.9139570269	0.0350091744
0	0.1295563667	0.1468994653	0.3726336484	0.3499922125	0.0009183070
0	0.2748721330	0.0015379273	0.4020107934	0.0701000371	0.2514791092
0	0.9439084336	0.0351811234	0.0126716371	0.0082388059	0.0000000000
0	0.0318706187	0.0269487266	0.9088987118	0.0259897679	0.0062921750
0	0.0495892222	0.2378082407	0.3560603130	0.3505329207	0.0060093034
0	0.5914229719	0.2945260549	0.0030367924	0.0000144591	0.1109997218
0	0.0118612753	0.0374688886	0.9361753323	0.0144938062	0.0000006976
1	0.0014078182	0.0000000000	0.7331198397	0.2198514646	0.0456208774
1	0.0051888154	0.0002469664	0.6443842411	0.3489214601	0.0012585171
0	0.0075738150	0.0018859238	0.0439453997	0.9465948575	0.0000000040
0	0.5435075761	0.0000086132	0.4514250897	0.0000000000	0.0050587209
0	0.5836512650	0.1030224097	0.3010670229	0.0000049247	0.0122543778
1	0.0060426351	0.0000000000	0.8175514225	0.1684489874	0.0079569551
1	0.2877733659	0.0012694426	0.1713571122	0.5335859961	0.0060140831
0	0.0244614962	0.0000000000	0.9194337326	0.0561047433	0.0000000279
0	0.0614662200	0.6094482707	0.0600633425	0.1556002628	0.1134219040
0	0.0000352796	0.0012741705	0.7479279908	0.1884825045	0.0622800546
0	0.2211869812	0.0000058093	0.7758649276	0.0000000017	0.0029422803
1	0.0198726316	0.0101142013	0.0113433868	0.9495377980	0.0091319823
0	0.1549015850	0.0326716425	0.7445591483	0.0404429818	0.0274246424
0	0.0161873272	0.5304061447	0.0013137829	0.1956067786	0.2564859667
0	0.0711307081	0.4882478066	0.2742866793	0.1586476632	0.0076871428
0	0.0567715210	0.0017845790	0.3105380026	0.2341676663	0.3967382311
0	0.0000000004	0.5540154455	0.4457850050	0.0000034729	0.0001960762
0	0.0000000054	0.8093601160	0.0124195090	0.0000000000	0.1782203695
1	0.0166252499	0.0049449345	0.0018488204	0.9171939593	0.0593870359
2	0.0016393992	0.0001606936	0.5930872102	0.3746280908	0.0304846062
0	0.0000000000	0.0020643037	0.8141972340	0.0010987571	0.1826397050
0	0.0000000015	0.0068079588	0.0486533531	0.1221615803	0.8223771063
0	0.0246718820	0.0000000000	0.9522750169	0.0220589178	0.0009941833
1	0.0004847687	0.0123585592	0.5212901198	0.4254635206	0.0404030316
1	0.0000000000	0.0223951303	0.5320326551	0.2240276513	0.2215445633
0	0.0000000000	0.0001237183	0.8292317030	0.0005541159	0.1700904628
0	0.4937783922	0.2462486859	0.0644201705	0.0050377109	0.1905150405
0	0.2857588818	0.0062741307	0.7077991963	0.0000354242	0.0001323670
0	0.0000000000	0.7672761826	0.1582360035	0.0073787163	0.0671090976
0	0.1917395352	0.0000000005	0.5773448625	0.2013141296	0.0296014722
1	0.0242921529	0.0000100487	0.3253630728	0.6150023726	0.0353323531
0	0.0815772365	0.0132305656	0.0765279155	0.0450589013	0.7836053811
1	0.0001612594	0.0014233412	0.8096156834	0.0591525115	0.1296472045
0	0.0001631354	0.5151264869	0.1740179640	0.1224198208	0.1882725930
0	0.0000000000	0.0016154333	0.9538245286	0.0434591794	0.0011008586
0	0.0022348095	0.5423789027	0.0833617011	0.3128511051	0.0591734817
0	0.0024839110	0.1964556502	0.0456240792	0.6636276073	0.0918087523
0	0.0026064285	0.0602381522	0.8912774574	0.0019770133	0.0439009485
0	0.0000000099	0.4173259748	0.3993234185	0.1832384407	0.0001121560
0	0.8790763106	0.0159719521	0.1033628482	0.0015767093	0.0000121798
0	0.0784323221	0.0085838088	0.1106179374	0.7788063391	0.0235595926
0	0.0171160284	0.0008269528	0.7880612927	0.0292669441	0.1647287820
0	0.0579490595	0.0009632119	0.0321765590	0.3957803230	0.5131308466
