1	0.9910310066	0.0030755238	0.0058934696
0	0.9999999078	0.0000000000	0.0000000922
1	0.7780373139	0.0418905148	0.1800721713
1	0.1488151760	0.0147969440	0.8363878800
0	0.0083310906	0.7956105389	0.1960583705
1	0.0548428504	0.5155907702	0.4295663794
1	0.3510196219	0.5727569462	0.0762234320
1	0.0000039411	0.9999919016	0.0000041574
0	0.0000646559	0.2306177806	0.7693175635
0	0.9007521373	0.0971952533	0.0020526095
0	0.7242086824	0.2400220193	0.0357692983
0	0.2024705786	0.0577393104	0.7397901110
1	0.6674577381	0.0318177572	0.3007245047
1	0.4927336249	0.0000000000	0.5072663751
1	0.0000241712	0.5514613802	0.4485144486
1	0.9999836723	0.0000163265	0.0000000012
0	0.0000000000	0.2055043670	0.7944956330
1	0.2181769392	0.2604285916	0.5213944692
0	0.5179792633	0.0628397683	0.4191809685
0	0.0000000000	0.7938082597	0.2061917403
0	0.0009625075	0.0631973348	0.9358401577
0	0.4489985989	0.1219173520	0.4290840491
0	0.0000032149	0.0009513391	0.9990454460
0	0.0000000000	0.0764692258	0.9235307742
0	0.0000020562	0.3027527830	0.6972451607
1	0.5425746485	0.4193716582	0.0380536933
1	0.0008262444	0.1676397383	0.8315340173
0	0.1992736429	0.0752823656	0.7254439915
0	0.0000000000	0.0264004086	0.9735995914
1	0.7004687715	0.2593080674	0.0402231611
1	0.0099663774	0.0444219629	0.9456116597
0	0.0224993929	0.4618623291	0.5156382780
0	0.9993039016	0.0003416432	0.0003544552
0	0.0977912821	0.8965222562	0.0056864617
1	0.3186121207	0.1949703324	0.4864175469
0	0.0003494446	0.1990878928	0.8005626626
1	0.8729504907	0.0019941460	0.1250553633
0	0.0001374036	0.9998625958	0.0000000006
1	0.0009431045	0.0555640865	0.9434928089
0	0.1487982619	0.5119682357	0.3392335025
1	0.0000006651	0.0000032446	0.9999960903
0	0.6154223739	0.0038118561	0.3807657700
0	0.5297537140	0.2051672288	0.2650790572
1	0.6423173509	0.2102433896	0.1474392595
0	0.2053821354	0.7945914892	0.0000263754
1	0.0032948359	0.4328334710	0.5638716932
0	0.0003458893	0.0182037656	0.9814503450
0	0.5894069794	0.2225887103	0.1880043104
1	0.3379718250	0.2462598595	0.4157683155
0	0.1962918729	0.4815446077	0.3221635193
1	0.0331777662	0.2332686705	0.7335535633
0	0.0896217132	0.4620468250	0.4483314618
0	0.0000685048	0.0125100190	0.9874214762
1	0.0141940653	0.1540102206	0.8317957141
0	0.0000000000	0.9418518546	0.0581481454
2	0.0000000000	0.9143230956	0.0856769044
2	0.0083801283	0.4754663013	0.5161535704
1	0.0255275521	0.9728094317	0.0016630162
1	0.0000895458	0.9816455402	0.0182649140
0	0.1103893346	0.0000586830	0.8895519824
1	0.0379046405	0.4561111619	0.5059841976
0	0.0000000001	0.5685669472	0.4314330527
1	0.0042072801	0.4776612767	0.5181314432
0	0.0007371539	0.3983667617	0.6008960843
0	0.6566058203	0.1428064397	0.2005877400
1	0.0129751617	0.1228472021	0.8641776362
0	0.0736213211	0.9258391738	0.0005395050
0	0.1132262986	0.0005761886	0.8861975128
0	0.0000344045	0.6343862371	0.3655793584
0	0.0033639116	0.3874215664	0.6092145219
0	0.0000000000	0.0370433946	0.9629566054
0	0.0000000000	0.8188013683	0.1811986317
0	0.0461870033	0.9538126049	0.0000003918
0	0.0000000000	0.0000000114	0.9999999886
0	0.2661961901	0.6281963981	0.1056074119
1	0.0039285514	0.0934838778	0.9025875708
0	0.7081056612	0.1818224501	0.1100718887
0	0.0001201820	0.0068536428	0.9930261752
0	0.0350055448	0.0000000002	0.9649944550
1	0.0145337965	0.4244099221	0.5610562814
0	0.2638625544	0.4986950359	0.2374424097
1	0.2081220297	0.7162692039	0.0756087664
0	0.0000357964	0.0000000002	0.9999642034
1	0.2105626860	0.7563103387	0.0331269753
1	0.1008544709	0.1643833455	0.7347621836
1	0.0007565141	0.8531484678	0.1460950181
0	0.0621213928	0.1008560686	0.8370225386
1	0.0003028834	0.2033947925	0.7963023241
0	0.0452529065	0.2910699253	0.6636771683
2	0.0175939418	0.3133383849	0.6690676734
1	0.6207974089	0.0045319327	0.3746706584
0	0.1152560818	0.2104165140	0.6743274042
0	0.0008801073	0.1486304993	0.8504893933
1	0.0030419014	0.9689692341	0.0279888645
0	0.4762151106	0.5046586705	0.0191262189
0	0.0000000945	0.0586959818	0.9413039237
1	0.1078545039	0.0658616585	0.8262838377
0	0.0101570574	0.4812320909	0.5086108518
0	0.0005469984	0.9981787945	0.0012742071
1	0.0002197481	0.1533357597	0.8464444922
