0	0.0000002317	0.8333054780	0.1666942903
0	0.5887857300	0.0770621950	0.3341520750
1	0.0093107563	0.9394706930	0.0512185508
0	0.0000024053	0.9215409389	0.0784566558
0	0.2217128146	0.4582467914	0.3200403940
0	0.1823282504	0.2159683143	0.6017034354
1	0.0000883726	0.0293348636	0.9705767638
0	0.0000001142	0.0791294857	0.9208704001
1	0.0013298827	0.1553390139	0.8433311035
0	0.0000000000	0.5709964522	0.4290035478
0	0.0000003983	0.0246088064	0.9753907952
1	0.0044058266	0.9847685493	0.0108256241
1	0.0196396453	0.0275370447	0.9528233100
0	0.3162077123	0.2921799033	0.3916123844
0	0.4221880596	0.4477214480	0.1300904923
0	0.0001855535	0.0270699755	0.9727444710
0	0.0000000000	0.0804722271	0.9195277729
1	0.0000407106	0.3477833476	0.6521759418
1	0.0000000010	0.1178905322	0.8821094669
0	0.0409129457	0.4113212468	0.5477658075
1	0.0595318577	0.4320243574	0.5084437849
0	0.9082183372	0.0912071074	0.0005745554
0	0.0446129164	0.0216525773	0.9337345063
0	0.2753919478	0.3316158073	0.3929922449
0	0.0000001764	0.5770829335	0.4229168900
0	0.0000000000	0.3769712459	0.6230287541
0	0.0023876089	0.9958121077	0.0018002834
0	0.0000000000	0.4621234193	0.5378765807
0	0.1830476562	0.8169523438	0.0000000000
0	0.0000014477	0.0000000000	0.9999985523
0	0.0121111592	0.0022918936	0.9855969472
0	0.0000000000	0.4646397583	0.5353602417
0	0.1140996271	0.8637484043	0.0221519686
2	0.0000016702	0.2787737576	0.7212245722
0	0.0000546787	0.0048884663	0.9950568550
0	0.0000000000	0.8535180617	0.1464819383
1	0.0000016318	0.9632548320	0.0367435362
0	0.0000000000	0.1506783332	0.8493216668
0	0.0000388001	0.0340230343	0.9659381656
0	0.0342264225	0.6443528479	0.3214207295
0	0.0051058136	0.5596203577	0.4352738287
0	0.0080615612	0.0053979083	0.9865405304
1	0.0008082127	0.9958567335	0.0033350538
0	0.0164269412	0.9830623884	0.0005106704
0	0.0374458434	0.0119923194	0.9505618372
1	0.0554809772	0.0690873347	0.8754316881
0	0.7607121421	0.1028881032	0.1363997547
0	0.0005304245	0.9800479542	0.0194216213
1	0.0000186647	0.0149766446	0.9850046907
1	0.0634141921	0.6961799718	0.2404058361
0	0.0390672049	0.2173128292	0.7436199659
0	0.2285860093	0.3829624161	0.3884515746
1	0.1826898696	0.5357192051	0.2815909253
0	0.1829930248	0.0000000000	0.8170069752
0	0.0000009721	0.7279465294	0.2720524984
0	0.2784740266	0.1393825676	0.5821434058
0	0.0325086276	0.0247600105	0.9427313619
0	0.0255652649	0.0001896005	0.9742451346
0	0.1594127187	0.0099163121	0.8306709692
1	0.0106027019	0.9530196330	0.0363776651
2	0.1580754664	0.0000103540	0.8419141795
1	0.5027646532	0.0611747029	0.4360606439
1	0.0000000000	0.7740520259	0.2259479741
0	0.0001090065	0.0000011972	0.9998897963
0	0.0948821029	0.5667892273	0.3383286698
0	0.0020767579	0.7208478151	0.2770754270
1	0.0007466687	0.7329748142	0.2662785172
0	0.0064863437	0.8530273503	0.1404863060
0	0.0009023186	0.6574020341	0.3416956473
0	0.0280065934	0.0751189201	0.8968744865
0	0.2124759320	0.7362894963	0.0512345718
2	0.0001174406	0.6318319150	0.3680506445
0	0.0086302510	0.6973795027	0.2939902463
0	0.0083655872	0.3385391858	0.6530952270
0	0.4989009033	0.4316535765	0.0694455202
1	0.1839845115	0.3597987479	0.4562167407
1	0.0000065785	0.8868966289	0.1130967926
0	0.0000137647	0.9940377971	0.0059484382
1	0.1112947912	0.8019022685	0.0868029403
1	0.0329447678	0.9662577356	0.0007974966
0	0.1420907133	0.3047550942	0.5531541925
0	0.4241993447	0.5032082655	0.0725923899
1	0.0166120987	0.9236603762	0.0597275250
1	0.0000011715	0.0031774957	0.9968213328
0	0.0370135035	0.2029424433	0.7600440532
0	0.0003784505	0.0236147042	0.9760068453
1	0.0000000001	0.1042600370	0.8957399630
0	0.0000000000	0.0465158794	0.9534841206
0	0.0686647037	0.0658416498	0.8654936465
1	0.0006220842	0.9990152490	0.0003626667
1	0.1892441792	0.1676149921	0.6431408287
0	0.0000002610	0.9098471576	0.0901525814
1	0.0000041394	0.2576041094	0.7423917512
0	0.0000256595	0.0040163043	0.9959580362
2	0.0771856010	0.0650784601	0.8577359388
2	0.3154049422	0.0555582701	0.6290367877
1	0.0184678641	0.2304183322	0.7511138037
0	0.0000002972	0.9500009665	0.0499987363
1	0.0000000000	0.2335983795	0.7664016205
1	0.0254409737	0.0982981551	0.8762608712
