0	0.0000000014	0.0713123247	0.9286876739
1	0.0001536977	0.5425158035	0.4573304988
1	0.0004928391	0.1452688500	0.8542383109
1	0.0161120237	0.6631050757	0.3207829006
0	0.0000000019	0.8953704957	0.1046295024
1	0.0388091083	0.6265220641	0.3346688276
0	0.0804136389	0.6099545356	0.3096318254
0	0.0087114181	0.9911710126	0.0001175692
1	0.7952867023	0.2047132694	0.0000000284
0	0.2458643527	0.3588679950	0.3952676523
2	0.0042344171	0.5975694333	0.3981961496
1	0.0034688397	0.1195228299	0.8770083304
0	0.2013125817	0.0224656499	0.7762217684
0	0.0379921227	0.3895174982	0.5724903791
1	0.0420685359	0.0678619531	0.8900695110
0	0.0054921645	0.0000000017	0.9945078338
0	0.0967447818	0.7043790664	0.1988761517
0	0.0047823396	0.8977164754	0.0975011850
1	0.0805876118	0.8785564242	0.0408559640
0	0.0254965476	0.2245956956	0.7499077568
0	0.0038770642	0.8592710072	0.1368519286
1	0.0002727335	0.0061376915	0.9935895750
0	0.0066133589	0.1771487376	0.8162379035
2	0.0000063862	0.9719691383	0.0280244755
0	0.0478633738	0.1749977592	0.7771388671
0	0.0000000000	0.1668469237	0.8331530763
1	0.2581969294	0.0544710034	0.6873320672
1	0.5907292710	0.2882497202	0.1210210088
1	0.0748481795	0.0001219758	0.9250298447
1	0.0000000015	0.0721785821	0.9278214164
1	0.0810502537	0.5545655497	0.3643841966
0	0.1277441324	0.0588446194	0.8134112482
1	0.5344211951	0.1910927947	0.2744860102
0	0.0435558949	0.1189770685	0.8374670366
0	0.6402332916	0.0264556641	0.3333110443
0	0.0000000000	0.0060583020	0.9939416980
1	0.0000000000	0.1342984165	0.8657015835
2	0.0368081971	0.3208127851	0.6423790178
0	0.5983427465	0.0015275252	0.4001297283
1	0.0260460642	0.7589365850	0.2150173508
2	0.0919372343	0.0620038372	0.8460589284
0	0.0132773827	0.0330171915	0.9537054258
1	0.0000734624	0.7395682320	0.2603583056
1	0.0000000000	0.7470035117	0.2529964883
0	0.0000000000	0.9992266200	0.0007733800
0	0.1644223645	0.2888950665	0.5466825691
0	0.0004159552	0.4524599629	0.5471240819
0	0.0511523789	0.5475626274	0.4012849937
0	0.0000320130	0.2218618625	0.7781061244
0	0.0000000000	0.4125466383	0.5874533617
0	0.0183728898	0.0326222774	0.9490048328
0	0.0369865025	0.0247348756	0.9382786220
1	0.2166881832	0.0767354820	0.7065763348
0	0.0000000000	0.8264527490	0.1735472510
0	0.0000000000	0.9808598403	0.0191401597
0	0.0009884239	0.2534727555	0.7455388206
1	0.0000324415	0.1754068035	0.8245607550
1	0.2910618615	0.5751671944	0.1337709441
0	0.0005686960	0.0295854953	0.9698458087
0	0.0012218145	0.5528491144	0.4459290711
1	0.0000000227	0.2464491356	0.7535508417
0	0.0013701676	0.0043178939	0.9943119385
0	0.6002433155	0.0001401780	0.3996165065
1	0.3144066364	0.0275318079	0.6580615558
0	0.0070241122	0.9832007525	0.0097751353
1	0.4662529850	0.3923610958	0.1413859192
1	0.9057964984	0.0736471846	0.0205563170
0	0.0253064592	0.9673741434	0.0073193974
0	0.3452856289	0.0870878964	0.5676264747
1	0.1223913003	0.8330857496	0.0445229501
0	0.1460886455	0.3009803416	0.5529310129
0	0.0265044892	0.1006424155	0.8728530952
1	0.3946857476	0.6039185075	0.0013957448
1	0.4190227046	0.4557863124	0.1251909830
0	0.7035544053	0.2964450986	0.0000004962
0	0.0487093244	0.9356453825	0.0156452931
0	0.0015688363	0.3462757791	0.6521553845
0	0.0155434970	0.0115181815	0.9729383215
0	0.0086227798	0.2146866193	0.7766906009
0	0.3481571385	0.6459549072	0.0058879542
0	0.7006032955	0.1556557621	0.1437409423
2	0.0000000000	0.0000000000	1.0000000000
0	0.1334519242	0.0006952363	0.8658528395
0	0.0027987344	0.9820827366	0.0151185290
0	0.0000000001	0.0553818900	0.9446181099
0	0.0291671007	0.0260666124	0.9447662869
0	0.0198933830	0.0217851140	0.9583215030
1	0.1036620060	0.1575031655	0.7388348284
0	0.5152473707	0.2205684132	0.2641842160
0	0.2575357607	0.0000054962	0.7424587431
0	0.0000009993	0.1290232540	0.8709757467
0	0.0000000000	0.0000038478	0.9999961522
0	0.0000000000	0.3266824603	0.6733175397
0	0.8570102386	0.1325446873	0.0104450741
0	0.1528563643	0.3439300009	0.5032136348
0	0.0001017934	0.9993744716	0.0005237349
0	0.0000725672	0.3667915650	0.6331358678
1	0.0515184153	0.7483642883	0.2001172964
1	0.0006440410	0.2644044642	0.7349514948
0	0.1322570220	0.4715978570	0.3961451209
