0	0.6012904160	0.1960203731	0.2026892109
1	0.0747313960	0.4444215123	0.4808470918
1	0.1692812875	0.5380158651	0.2927028474
0	0.0061773801	0.0751969215	0.9186256984
0	0.0099194800	0.8091866065	0.1808939135
2	0.1595553131	0.4135227284	0.4269219586
1	0.0001698405	0.9849529466	0.0148772129
0	0.2494908437	0.0941481730	0.6563609834
2	0.0269722145	0.4844367653	0.4885910202
1	0.0000001271	0.6123946036	0.3876052693
0	0.0007512941	0.0797174870	0.9195312189
1	0.0000000064	0.9999998749	0.0000001187
2	0.0000000000	0.1703494729	0.8296505271
0	0.0073313339	0.4117547428	0.5809139233
0	0.0038798638	0.9934852186	0.0026349176
0	0.0000000972	0.0053187576	0.9946811452
0	0.0362043928	0.9177445652	0.0460510419
1	0.4880829687	0.3697514513	0.1421655800
2	0.0026983100	0.4551968590	0.5421048309
1	0.2914171292	0.1413165288	0.5672663420
2	0.0415109404	0.3561183711	0.6023706885
0	0.0001211565	0.8766952601	0.1231835835
1	0.0635192253	0.3788374591	0.5576433155
0	0.1643341337	0.1452536396	0.6904122267
2	0.7274515787	0.2645916491	0.0079567722
0	0.0036280810	0.3030781803	0.6932937387
0	0.0009104520	0.8832442833	0.1158452647
0	0.0022965165	0.9972993058	0.0004041778
0	0.0000000883	0.2299720040	0.7700279077
0	0.1034829784	0.4183168114	0.4782002102
1	0.2472221577	0.2940888124	0.4586890299
2	0.0409357693	0.3997395025	0.5593247283
2	0.1748069304	0.8077830052	0.0174100644
0	0.0545913873	0.7516056112	0.1938030015
0	0.2474886267	0.6487170133	0.1037943600
0	0.0853003946	0.0088097651	0.9058898403
1	0.0148009762	0.5871382036	0.3980608202
0	0.0027539479	0.0138502671	0.9833957849
0	0.2445817881	0.0000000096	0.7554182024
0	0.0690909530	0.1850399522	0.7458690948
2	0.0000044298	0.1223521636	0.8776434066
0	0.2363341578	0.0052108560	0.7584549861
1	0.1550232319	0.8448067473	0.0001700208
0	0.0000032934	0.0336062419	0.9663904647
0	0.1575500504	0.0003080098	0.8421419398
1	0.0000000001	0.0496867849	0.9503132150
0	0.0000606970	0.2816520343	0.7182872687
0	0.0067195681	0.1574446426	0.8358357893
0	0.4069418745	0.5688524567	0.0242056689
0	0.0000000000	0.4148669972	0.5851330028
0	0.0212046008	0.4304688429	0.5483265563
0	0.0125616571	0.0000000000	0.9874383429
0	0.1355900901	0.5606421873	0.3037677226
0	0.0000000231	0.0000000226	0.9999999543
0	0.0000000000	0.3075813497	0.6924186503
0	0.0000512402	0.0972092895	0.9027394703
1	0.4584209109	0.0976264302	0.4439526589
1	0.7152474518	0.1672407226	0.1175118256
0	0.1374822517	0.5839167895	0.2786009587
0	0.0086266466	0.0065178013	0.9848555522
0	0.0040694256	0.0253223501	0.9706082244
0	0.4324683109	0.1240628882	0.4434688009
0	0.0006415049	0.0581671449	0.9411913502
1	0.1008970542	0.4799731559	0.4191297899
0	0.0010419747	0.3393724132	0.6595856121
0	0.0000910074	0.4008899019	0.5990190906
0	0.8080150115	0.0614582491	0.1305267394
0	0.5955573345	0.2592084878	0.1452341776
0	0.0000006022	0.8382376677	0.1617617301
1	0.0000006468	0.5079674986	0.4920318546
0	0.0002620626	0.9741015578	0.0256363796
0	0.0003930591	0.4030664538	0.5965404871
0	0.0001380172	0.9904639665	0.0093980163
0	0.2047011742	0.0152831894	0.7800156364
0	0.0001151504	0.7789944887	0.2208903610
0	0.9696839988	0.0153731573	0.0149428439
0	0.0031609589	0.8840379710	0.1128010701
0	0.0108044724	0.9891945196	0.0000010080
0	0.7826246670	0.2173753007	0.0000000323
0	0.0557330414	0.4270050828	0.5172618758
1	0.0000095278	0.0509925808	0.9489978913
0	0.0004010856	0.8009808878	0.1986180266
0	0.0016837658	0.5219978042	0.4763184300
0	0.0579784048	0.5360737068	0.4059478884
0	0.0287207512	0.8552482867	0.1160309620
0	0.5097807253	0.2215217604	0.2686975143
0	0.4962541486	0.4878054664	0.0159403851
1	0.0046485416	0.1220954747	0.8732559837
0	0.0000124266	0.0000000011	0.9999875722
0	0.0235888486	0.5267870815	0.4496240699
0	0.6950502442	0.2261228665	0.0788268893
0	0.2402317946	0.5679328635	0.1918353419
1	0.0385125895	0.9614874105	0.0000000000
0	0.2337652970	0.0072912512	0.7589434519
0	0.0000023395	0.0000002665	0.9999973940
0	0.0000000098	0.4930688023	0.5069311879
0	0.0000000000	0.0710717913	0.9289282087
0	0.0037431272	0.9605340941	0.0357227787
0	0.0001257944	0.9818985014	0.0179757042
0	0.0098055924	0.0051299025	0.9850645052
