1	0.2423199958	0.1137774868	0.6439025174
0	0.0146875291	0.0817366282	0.9035758427
1	0.1536509951	0.0873108750	0.7590381299
0	0.0000005403	0.2501516152	0.7498478446
0	0.0000104108	0.5569976130	0.4429919762
0	0.0000000000	0.9898257722	0.0101742278
0	0.0005945160	0.5235314318	0.4758740522
1	0.1531036684	0.1517893969	0.6951069348
0	0.0042184178	0.8125238030	0.1832577792
0	0.2195336485	0.1535332517	0.6269330998
0	0.0389112874	0.2574848176	0.7036038950
1	0.0479316567	0.2678370090	0.6842313343
0	0.0000017903	0.2659609340	0.7340372756
0	0.1364410632	0.0054116914	0.8581472454
0	0.0364832592	0.0010036745	0.9625130662
0	0.0000000000	0.3476740296	0.6523259704
0	0.3291413929	0.3591853066	0.3116733006
1	0.0407427679	0.7368031926	0.2224540395
1	0.3754138513	0.0922303901	0.5323557585
0	0.0000558252	0.7782928032	0.2216513716
0	0.1798972738	0.2219793647	0.5981233615
0	0.0223402585	0.0999979629	0.8776617787
0	0.1885711379	0.1833199685	0.6281088936
0	0.0000023787	0.3688100091	0.6311876122
1	0.6063647496	0.2464318827	0.1472033678
0	0.0000001026	0.9849464398	0.0150534576
0	0.0044845529	0.9049740881	0.0905413590
1	0.0627473942	0.9126104430	0.0246421628
1	0.0454595531	0.7045792607	0.2499611862
1	0.0000004869	0.0265126821	0.9734868310
0	0.3379194307	0.2527600766	0.4093204927
1	0.0242570679	0.0277030044	0.9480399278
1	0.9950658914	0.0000249516	0.0049091570
0	0.0000000005	0.1174031707	0.8825968288
0	0.0973712580	0.0240183692	0.8786103728
0	0.3846334530	0.6117507462	0.0036158007
0	0.0012459486	0.8098284418	0.1889256097
0	0.0763713121	0.1500583089	0.7735703790
0	0.6401531297	0.3001350272	0.0597118431
0	0.5599303108	0.0048282283	0.4352414610
1	0.0000000000	0.1235304147	0.8764695853
0	0.0000974561	0.0701942257	0.9297083182
0	0.0271089672	0.1432355889	0.8296554439
0	0.0000000000	0.1870557024	0.8129442976
2	0.0000000000	0.2662780324	0.7337219676
1	0.2781973751	0.7194283701	0.0023742548
0	0.6884369860	0.2985649687	0.0129980454
0	0.0317616196	0.0162428245	0.9519955559
0	0.9991977869	0.0003586004	0.0004436128
0	0.0019539346	0.0967603361	0.9012857293
1	0.1303498197	0.0685279238	0.8011222565
1	0.0423819901	0.3080560281	0.6495619818
1	0.0831575825	0.6205522062	0.2962902113
0	0.0301022004	0.1669305775	0.8029672221
1	0.0002175076	0.0069090206	0.9928734718
0	0.0151524047	0.8463021383	0.1385454570
0	0.0460992351	0.2087604677	0.7451402972
0	0.0425314022	0.4814646488	0.4760039490
0	0.1222827875	0.8539672939	0.0237499186
1	0.8945271400	0.0000062293	0.1054666307
0	0.0000719760	0.0300853213	0.9698427027
2	0.5652377845	0.3580675379	0.0766946776
1	0.8881371814	0.1000943479	0.0117684707
0	0.0000000540	0.0000036014	0.9999963446
0	0.0519616372	0.7435810731	0.2044572897
0	0.0316564284	0.0039469183	0.9643966533
0	0.3388053553	0.2635291493	0.3976654954
0	0.0045201938	0.2306982917	0.7647815145
0	0.9341054691	0.0251406654	0.0407538656
0	0.0189407967	0.8810691119	0.0999900914
0	0.0000246756	0.0022237746	0.9977515499
1	0.0011066425	0.7422665263	0.2566268312
1	0.1896623396	0.5298125684	0.2805250920
1	0.0508295888	0.0005241787	0.9486462325
0	0.6861719584	0.2066947175	0.1071333241
1	0.4813875092	0.3281176540	0.1904948368
0	0.0331119321	0.8940236710	0.0728643969
0	0.0225845590	0.8396993715	0.1377160695
1	0.0000038324	0.7154882237	0.2845079439
0	0.0020970755	0.9091412600	0.0887616645
1	0.0000000529	0.0003962098	0.9996037373
0	0.0000000694	0.4065231039	0.5934768266
0	0.0004611744	0.6832368670	0.3163019586
1	0.0000000824	0.9287029517	0.0712969658
1	0.0041122094	0.8836240038	0.1122637868
0	0.0999552965	0.8931627072	0.0068819963
1	0.0010028538	0.2566178697	0.7423792765
0	0.4205445739	0.3813253055	0.1981301206
0	0.0005573817	0.9936208135	0.0058218048
0	0.0000000086	0.2977170393	0.7022829521
1	0.0004406170	0.9616347127	0.0379246703
0	0.7689282030	0.0015657431	0.2295060539
0	0.0008813514	0.4475082084	0.5516104403
0	0.0000036986	0.5553158985	0.4446804030
0	0.0115664413	0.4995003757	0.4889331830
0	0.0824896660	0.0019001231	0.9156102109
1	0.0086485474	0.5265036195	0.4648478331
0	0.1170566512	0.3336330638	0.5493102850
0	0.0029770652	0.4067761258	0.5902468090
1	0.9395025751	0.0005154302	0.0599819947
