1	0.0867516798	0.0299616537	0.8832866666
0	0.0034592207	0.0966240115	0.8999167677
0	0.0061895097	0.5310873517	0.4627231386
1	0.0218994828	0.0112674543	0.9668330629
1	0.0417450844	0.6512338666	0.3070210489
0	0.0000000000	0.7798238013	0.2201761987
0	0.1853087477	0.0062011881	0.8084900642
0	0.0106828667	0.9893167606	0.0000003727
1	0.0000000149	0.1010971954	0.8989027897
1	0.4126374925	0.0609470481	0.5264154594
1	0.0018010802	0.7660896690	0.2321092507
0	0.4980962747	0.1271177120	0.3747860133
0	0.1519745545	0.8470589049	0.0009665406
1	0.0000000001	0.2281328451	0.7718671549
0	0.2795361555	0.6242951719	0.0961686727
1	0.0206916123	0.9148120893	0.0644962984
1	0.0002035355	0.9990620388	0.0007344258
0	0.0000000000	0.3385597139	0.6614402861
1	0.0022366594	0.0012658018	0.9964975387
1	0.0200632774	0.0959180563	0.8840186663
0	0.0650740362	0.0093227984	0.9256031654
1	0.0000444825	0.3279264375	0.6720290800
1	0.8328038383	0.0000002482	0.1671959134
1	0.0000000015	0.8876236770	0.1123763215
0	0.2620768676	0.0028313816	0.7350917508
0	0.0000000000	0.4125159510	0.5874840490
0	0.0000935944	0.3277201605	0.6721862450
0	0.0240503356	0.5258180397	0.4501316247
0	0.0158728927	0.0675037680	0.9166233392
0	0.7299641609	0.0002833416	0.2697524975
1	0.6360178138	0.1982733443	0.1657088419
1	0.1299783887	0.6898317734	0.1801898379
1	0.2714467037	0.0342755257	0.6942777706
0	0.0000000088	0.8966832932	0.1033166980
0	0.0000000000	0.9771032885	0.0228967115
2	0.4361217380	0.3706334178	0.1932448442
0	0.1798881007	0.8198748369	0.0002370624
1	0.0222604886	0.8408964949	0.1368430165
1	0.0000001771	0.8363042127	0.1636956103
1	0.0177732634	0.0055690662	0.9766576704
1	0.0145149634	0.1661829272	0.8193021094
2	0.0000529062	0.0040833875	0.9958637063
0	0.9001033620	0.0812638379	0.0186328000
0	0.5429420826	0.3389206776	0.1181372398
0	0.4005174642	0.2036900376	0.3957924982
1	0.0462499682	0.0413809607	0.9123690711
1	0.0185379898	0.9114870153	0.0699749950
1	0.0006710620	0.0039087835	0.9954201545
0	0.1885043004	0.4208447898	0.3906509098
1	0.0000001885	0.0536147592	0.9463850523
0	0.0011988047	0.1293512405	0.8694499548
0	0.2348306763	0.7651692502	0.0000000735
1	0.2064660005	0.0000005403	0.7935334592
0	0.0223658420	0.4360542971	0.5415798609
1	0.0780112251	0.9008255238	0.0211632511
0	0.3813649543	0.4429855660	0.1756494797
2	0.5637151564	0.0006426720	0.4356421716
0	0.0895250179	0.4948911441	0.4155838379
0	0.0168437189	0.8415407720	0.1416155091
0	0.3765208973	0.0532227822	0.5702563205
0	0.0142908609	0.0071250541	0.9785840850
0	0.0353726134	0.3416927122	0.6229346744
1	0.1821408267	0.8040546707	0.0138045026
0	0.1371876915	0.6314628435	0.2313494651
2	0.1644357647	0.0023925521	0.8331716832
2	0.0126264301	0.4813425840	0.5060309859
1	0.1158827399	0.0455823163	0.8385349438
0	0.1295290785	0.3153900648	0.5550808566
0	0.3263372086	0.5578167970	0.1158459945
1	0.0015160372	0.9827320754	0.0157518874
1	0.0020939036	0.4658610939	0.5320450025
1	0.2289418549	0.0102022947	0.7608558504
0	0.0000000000	0.0350855653	0.9649144347
0	0.8199207547	0.1536235715	0.0264556739
0	0.1547280024	0.0527053668	0.7925666308
2	0.0000065100	0.2892283241	0.7107651659
0	0.1402767769	0.2242632095	0.6354600136
0	0.0073240046	0.6498866936	0.3427893018
1	0.1672272134	0.3702112482	0.4625615383
0	0.0514044435	0.6619873138	0.2866082427
0	0.0914832153	0.3672124222	0.5413043625
0	0.1166179185	0.6207715550	0.2626105265
1	0.0457277236	0.7847931864	0.1694790901
1	0.4749081994	0.3787046111	0.1463871895
0	0.7719597547	0.2280254606	0.0000147846
0	0.7499869625	0.0690767117	0.1809363258
0	0.0000000000	0.1730075322	0.8269924678
0	0.3450251592	0.1512019730	0.5037728678
0	0.0020031603	0.9979966888	0.0000001509
1	0.0003399151	0.1150808393	0.8845792457
1	0.0325469457	0.1699331742	0.7975198801
0	0.1588793534	0.1457571406	0.6953635060
0	0.0000000002	0.9523765304	0.0476234694
0	0.0000105159	0.6762053598	0.3237841242
1	0.0140825714	0.3009916161	0.6849258125
0	0.0415902826	0.0271679339	0.9312417834
1	0.1316948265	0.1232383572	0.7450668162
1	0.2528528005	0.3639825690	0.3831646305
1	0.0078584885	0.4877298063	0.5044117051
0	0.1715904975	0.8278761545	0.0005333481
