1	0.0000000000	0.9398366688	0.0601633312
0	0.3173074630	0.1740549156	0.5086376215
1	0.0290727176	0.9517864865	0.0191407959
0	0.0370660568	0.0000000000	0.9629339432
0	0.0000220388	0.0114131153	0.9885648459
0	0.0039027358	0.1176188874	0.8784783767
1	0.0004927984	0.7020795824	0.2974276191
0	0.0014793929	0.9374930161	0.0610275910
1	0.2870556050	0.4121819674	0.3007624276
0	0.1415603163	0.8138130430	0.0446266408
0	0.0006291785	0.1475283779	0.8518424436
0	0.7974546418	0.1906692396	0.0118761186
0	0.6705158673	0.2795387480	0.0499453847
1	0.0000009568	0.2722872057	0.7277118375
0	0.3016794783	0.0037215025	0.6945990192
0	0.0059795762	0.5571345105	0.4368859133
0	0.2401264426	0.1095626243	0.6503109331
0	0.1102231416	0.0047074024	0.8850694560
1	0.0001654523	0.0347929196	0.9650416281
0	0.0000000000	0.7052865006	0.2947134994
0	0.0002232641	0.0002034496	0.9995732863
0	0.4029718189	0.3253968027	0.2716313785
1	0.0040474796	0.0983404633	0.8976120571
0	0.5946942694	0.0710655671	0.3342401636
0	0.9438511294	0.0004103491	0.0557385215
0	0.0954139694	0.4752190161	0.4293670144
0	0.0000000004	0.9999999996	0.0000000000
1	0.1693454357	0.1242763179	0.7063782464
0	0.0125667727	0.0504961239	0.9369371033
0	0.0004834472	0.0002643991	0.9992521536
0	0.0115383965	0.9833162450	0.0051453585
0	0.1431984190	0.0368283192	0.8199732618
0	0.0547301950	0.0124685443	0.9328012607
0	0.0006113893	0.0494630118	0.9499255989
0	0.1780059168	0.0000000000	0.8219940832
1	0.0035033299	0.1756387323	0.8208579378
1	0.0093016112	0.5710893819	0.4196090069
0	0.4269604809	0.5339888032	0.0390507159
0	0.0000617201	0.0033761352	0.9965621447
0	0.0000000897	0.3578982119	0.6421016985
0	0.0266642081	0.0284610159	0.9448747760
2	0.0196629385	0.0756511063	0.9046859552
0	0.0099742129	0.0083090441	0.9817167430
0	0.0000000212	0.7993894820	0.2006104969
1	0.0001838396	0.0254687024	0.9743474581
0	0.1023303818	0.0516496274	0.8460199908
0	0.2812537163	0.0423795170	0.6763667667
1	0.0079603773	0.1407452925	0.8512943302
0	0.0000000000	0.0000038009	0.9999961991
0	0.0000000024	0.0518259378	0.9481740598
0	0.7216991902	0.1965253459	0.0817754640
1	0.0000084408	0.0396360692	0.9603554900
2	0.6171953977	0.1087859589	0.2740186434
0	0.2214685231	0.2351592445	0.5433722324
0	0.0007603032	0.7775725742	0.2216671226
0	0.0524802931	0.1670913213	0.7804283856
0	0.0035619760	0.0098584383	0.9865795857
0	0.8623128663	0.0114670328	0.1262201009
0	0.6243145235	0.2345543024	0.1411311742
0	0.0929317711	0.0451030834	0.8619651454
1	0.0305531675	0.6915147966	0.2779320359
0	0.3581602820	0.3642324697	0.2776072483
0	0.2142855283	0.4893160961	0.2963983756
0	0.0000014721	0.4262894885	0.5737090394
1	0.0000000031	0.4498178959	0.5501821009
1	0.5817784557	0.1970432720	0.2211782724
0	0.0000000058	0.9976191068	0.0023808874
0	0.3760696645	0.0503306701	0.5735996653
0	0.0000102890	0.0000012380	0.9999884731
0	0.0019081379	0.1711478988	0.8269439633
0	0.0934900297	0.5341734279	0.3723365424
0	0.2991347845	0.2817754779	0.4190897376
0	0.0996883105	0.0003732746	0.8999384148
0	0.0000002224	0.3551386716	0.6448611060
1	0.6533194499	0.0172130507	0.3294674994
0	0.0291958372	0.1291538999	0.8416502629
1	0.0348765237	0.0001050325	0.9650184438
0	0.9591287722	0.0408712277	0.0000000001
0	0.0372844058	0.8947758833	0.0679397109
0	0.0513289272	0.8465852927	0.1020857800
0	0.1180610329	0.0001193068	0.8818196603
0	0.5750278018	0.2210753309	0.2038968672
1	0.0000000001	0.8423680192	0.1576319807
2	0.4046400725	0.1209726973	0.4743872302
0	0.3227554907	0.6667547297	0.0104897796
0	0.1601777429	0.8386864882	0.0011357690
1	0.1208152831	0.0000000133	0.8791847036
0	0.0000075007	0.6219429394	0.3780495600
0	0.1196205283	0.4738458084	0.4065336633
0	0.0316336868	0.0632413691	0.9051249442
0	0.2406266905	0.0080561149	0.7513171947
0	0.0625929147	0.0290516103	0.9083554749
0	0.0613281762	0.0083565898	0.9303152340
1	0.0009133849	0.2353671917	0.7637194234
1	0.0171449706	0.4820203023	0.5008347271
1	0.0055287293	0.9037760338	0.0906952369
0	0.0034972541	0.8380500120	0.1584527339
1	0.0070545935	0.6542987836	0.3386466228
0	0.9471364656	0.0022995362	0.0505639982
0	0.9827007620	0.0008394452	0.0164597927
