0	0.1439369474	0.3293361570	0.5267268956
0	0.0000000278	0.0583171918	0.9416827804
0	0.0551903614	0.9392530062	0.0055566324
0	0.0598191380	0.9401808620	0.0000000000
0	0.0271842868	0.0345090956	0.9383066175
0	0.0000000000	0.7542622688	0.2457377312
0	0.0037630938	0.4984791471	0.4977577591
0	0.0318464670	0.7170296544	0.2511238786
1	0.0000000000	0.3746666920	0.6253333080
1	0.0000001550	0.0000501953	0.9999496498
0	0.0089392083	0.1471911536	0.8438696381
0	0.0000004984	0.3011806824	0.6988188191
0	0.0000000000	0.5519282769	0.4480717231
1	0.1664371469	0.6230686950	0.2104941581
0	0.4959660520	0.3375825605	0.1664513874
0	0.0122901212	0.0433289286	0.9443809502
0	0.0000000032	0.8174706325	0.1825293643
0	0.1895125542	0.3176447173	0.4928427285
1	0.0129038679	0.2323560699	0.7547400622
0	0.4093093113	0.0005975862	0.5900931025
0	0.1812111633	0.0986832710	0.7201055657
0	0.0028540530	0.0713003598	0.9258455872
2	0.0000000000	0.2502826177	0.7497173823
0	0.4727972317	0.3423341411	0.1848686271
1	0.8159781698	0.0277064871	0.1563153431
1	0.0142363488	0.4597183362	0.5260453151
1	0.1082812880	0.0288047682	0.8629139438
2	0.8610301360	0.0430319062	0.0959379578
0	0.0000735449	0.1746835524	0.8252429027
0	0.2486143304	0.4267901047	0.3245955648
0	0.0069295774	0.0162711103	0.9767993122
2	0.1510792505	0.1935805267	0.6553402228
1	0.9460153566	0.0397978798	0.0141867636
0	0.0000012500	0.7125969613	0.2874017887
1	0.1903749022	0.7236117123	0.0860133855
1	0.0000004357	0.9710038916	0.0289956728
0	0.0014417201	0.4411609618	0.5573973180
1	0.0081423525	0.1443054199	0.8475522275
0	0.0000165965	0.5399835252	0.4599998783
0	0.0510851722	0.2543940332	0.6945207946
0	0.1994946630	0.7821705627	0.0183347742
0	0.3299916149	0.3398268736	0.3301815115
1	0.0000001167	0.7462861730	0.2537137103
1	0.0000499792	0.8723172801	0.1276327408
0	0.0000000117	0.7406136134	0.2593863748
0	0.1340479977	0.2264467572	0.6395052450
1	0.0059902638	0.9478275661	0.0461821701
1	0.4431283606	0.5186607379	0.0382109015
1	0.1362097596	0.2778430099	0.5859472305
0	0.0000008596	0.0559258112	0.9440733291
1	0.0000000000	0.9113924814	0.0886075186
0	0.0000008065	0.0001799441	0.9998192494
0	0.1813661820	0.3074560179	0.5111778001
0	0.0368730925	0.1840637971	0.7790631104
2	0.0122976975	0.0083675589	0.9793347436
0	0.3506397171	0.2158273707	0.4335329122
0	0.0176560859	0.9365740230	0.0457698910
0	0.0052521651	0.2416821992	0.7530656357
0	0.0011146441	0.9963280694	0.0025572865
1	0.0689656450	0.2203501128	0.7106842422
1	0.0000000000	0.2790839168	0.7209160832
0	0.0018264540	0.9900294888	0.0081440572
1	0.0022466343	0.0386136417	0.9591397240
1	0.0614792299	0.9385174686	0.0000033015
0	0.0000139148	0.0000000088	0.9999860764
0	0.7880172721	0.0207988976	0.1911838304
1	0.0000000012	0.9751135244	0.0248864744
0	0.2875789964	0.0000000000	0.7124210036
0	0.0600610003	0.9391409185	0.0007980812
1	0.2567642560	0.7028955112	0.0403402328
0	0.0003702035	0.0596977303	0.9399320661
0	0.0000000000	0.1085582969	0.8914417031
0	0.0803634571	0.6500069876	0.2696295553
2	0.0000000000	0.0326180813	0.9673819187
0	0.7379047165	0.1433411758	0.1187541077
0	0.0279323072	0.4976877013	0.4743799916
0	0.0000000002	0.3491533615	0.6508466383
0	0.0135012643	0.0000002903	0.9864984455
1	0.0000000000	0.5413329868	0.4586670132
2	0.1474815999	0.0044368942	0.8480815058
1	0.0014783736	0.0030934240	0.9954282024
1	0.2746895385	0.0228421697	0.7024682918
1	0.0828605057	0.9171346766	0.0000048177
1	0.7925840695	0.2058622881	0.0015536424
1	0.1879491856	0.1173586902	0.6946921242
1	0.1746062504	0.1130588183	0.7123349312
1	0.0030105126	0.7617675707	0.2352219168
1	0.0000001183	0.2204182279	0.7795816538
0	0.1601170983	0.7711352218	0.0687476799
0	0.0958002632	0.7532008942	0.1509988427
0	0.8174260556	0.0291759647	0.1533979797
0	0.0158543229	0.9197237576	0.0644219195
0	0.1950972593	0.8049020515	0.0000006892
0	0.0000000008	0.0915906350	0.9084093642
1	0.0000000002	0.9109549481	0.0890450517
0	0.0000000000	0.6792659477	0.3207340523
2	0.3540882329	0.0053247945	0.6405869726
1	0.0504950717	0.8432974257	0.1062075025
1	0.8383606974	0.0022558309	0.1593834717
1	0.0000000000	0.2504852162	0.7495147838
