0	0.0040075594	0.9875663609	0.0084260797
1	0.0000066633	0.0564828166	0.9435105201
0	0.9359040877	0.0000000000	0.0640959123
1	0.0088803900	0.9139091944	0.0772104156
0	0.0612316398	0.0758601325	0.8629082277
0	0.1856539819	0.1254836610	0.6888623571
1	0.2974127895	0.0007188326	0.7018683779
0	0.0946151119	0.8648462508	0.0405386373
0	0.0093054065	0.0559141337	0.9347804599
0	0.0153427636	0.0348306158	0.9498266206
1	0.0356219341	0.7068330000	0.2575450659
0	0.5290813486	0.0013768123	0.4695418392
1	0.2655315945	0.0001174653	0.7343509403
0	0.0140122169	0.0000208071	0.9859669760
2	0.2974865591	0.6122665453	0.0902468956
0	0.1135293658	0.1817806055	0.7046900287
0	0.0241723097	0.2053488577	0.7704788326
1	0.5593883583	0.1910180176	0.2495936241
2	0.0078904625	0.2622608928	0.7298486447
0	0.3024132373	0.6024979855	0.0950887772
0	0.0002645922	0.4400604178	0.5596749900
0	0.3108335643	0.6667020256	0.0224644101
0	0.9999114264	0.0000884915	0.0000000821
0	0.1187178853	0.4113087176	0.4699733971
1	0.1829075495	0.7605713912	0.0565210594
0	0.0000000000	0.0941396271	0.9058603729
0	0.0110485595	0.0231811217	0.9657703188
1	0.1188839829	0.4248052661	0.4563107510
2	0.1234903907	0.5928010051	0.2837086041
1	0.0035786748	0.2489869804	0.7474343447
0	0.0019349599	0.6944898835	0.3035751567
0	0.0416780053	0.0017853640	0.9565366307
1	0.1272908778	0.0134784237	0.8592306985
0	0.0000606534	0.5286819757	0.4712573708
1	0.0610371261	0.0554216997	0.8835411742
1	0.0018792498	0.0360695593	0.9620511909
0	0.0506141164	0.5934948638	0.3558910198
0	0.0142291063	0.9786873639	0.0070835298
0	0.8933226886	0.0686501717	0.0380271397
0	0.0000022897	0.3393744230	0.6606232873
0	0.0000000352	0.0511030345	0.9488969303
1	0.0651189330	0.3023929198	0.6324881472
0	0.0105458539	0.6836186234	0.3058355227
0	0.0000151936	0.3536295178	0.6463552886
0	0.0000000057	0.7940668367	0.2059331576
1	0.8516176847	0.1089322255	0.0394500898
0	0.4407493805	0.0028556552	0.5563949643
0	0.0111633165	0.6089241758	0.3799125077
0	0.0000001213	0.3860437025	0.6139561762
0	0.0004417488	0.2746236013	0.7249346499
0	0.7843127290	0.0355006165	0.1801866545
0	0.0046788926	0.2600514317	0.7352696758
0	0.9115504070	0.0209275338	0.0675220592
0	0.0000017635	0.2254171686	0.7745810679
0	0.0021906338	0.0765953946	0.9212139716
0	0.5742141435	0.3737740907	0.0520117659
0	0.0169719734	0.4323448435	0.5506831831
0	0.0025399462	0.4569959837	0.5404640701
0	0.0000013288	0.0813617616	0.9186369096
0	0.2875021866	0.2204347754	0.4920630381
0	0.9529786761	0.0204945125	0.0265268113
1	0.0223289998	0.6495106827	0.3281603175
0	0.0000107667	0.9626194047	0.0373698286
0	0.0000000024	0.9843721011	0.0156278966
0	0.0238704264	0.6287552943	0.3473742793
2	0.0148584225	0.6445723311	0.3405692463
1	0.0000000146	0.9472431320	0.0527568534
0	0.0000128342	0.9449911370	0.0549960288
0	0.0207342181	0.9789804431	0.0002853388
0	0.0000000159	0.0000256347	0.9999743495
0	0.0499931836	0.0162897001	0.9337171163
0	0.2436142374	0.2946115554	0.4617742072
1	0.0000000005	0.2374283979	0.7625716016
0	0.1234275198	0.7701687465	0.1064037337
0	0.0220041423	0.0154123820	0.9625834758
0	0.0000140091	0.0072147001	0.9927712909
2	0.3092185319	0.4801382453	0.2106432228
0	0.0000424447	0.3164332983	0.6835242570
0	0.0579827231	0.6577830321	0.2842342448
0	0.4545049806	0.5386115751	0.0068834443
0	0.7836512659	0.0565296196	0.1598191145
0	0.0430105212	0.0009067270	0.9560827518
0	0.0018396715	0.8152349032	0.1829254253
0	0.1407816943	0.0273719450	0.8318463606
0	0.0000737843	0.0957384608	0.9041877549
0	0.0665327514	0.5910004374	0.3424668111
0	0.3292949235	0.2190187737	0.4516863028
0	0.1814622533	0.7818965307	0.0366412159
0	0.3897622321	0.0089532088	0.6012845590
0	0.9630534056	0.0000001310	0.0369464634
0	0.3851211585	0.3609144269	0.2539644147
0	0.0007242428	0.0131074534	0.9861683038
0	0.0465953456	0.9292546469	0.0241500075
1	0.0001168152	0.5698115203	0.4300716645
0	0.3821096767	0.5191050217	0.0987853016
0	0.1448887623	0.5243759932	0.3307352445
0	0.0000004989	0.4119773068	0.5880221942
1	0.0525982823	0.0651176000	0.8822841178
1	0.5899349597	0.0017283200	0.4083367203
2	0.0020740192	0.1258342406	0.8720917402
