0	0.0757369971	0.8618408395	0.0624221634
0	0.4691818245	0.2844806081	0.2463375675
0	0.0662258976	0.9314704302	0.0023036723
0	0.0000053419	0.0176950315	0.9822996265
1	0.0000181590	0.2439789526	0.7560028884
0	0.0002018010	0.0400679231	0.9597302759
0	0.0000621027	0.8764707146	0.1234671827
0	0.0858504040	0.0226787214	0.8914708746
1	0.0188361314	0.7249356365	0.2562282322
2	0.1520526947	0.0000000000	0.8479473053
1	0.3706142339	0.4582181797	0.1711675864
0	0.0372289073	0.2069205802	0.7558505124
1	0.0000000105	0.2649611111	0.7350388785
1	0.0159590503	0.0030058508	0.9810350989
0	0.1550598549	0.7061742685	0.1387658766
1	0.1084463843	0.1603537012	0.7311999145
1	0.0000000011	0.9375386598	0.0624613391
0	0.0153394758	0.4563410227	0.5283195014
1	0.0000000034	0.9102991101	0.0897008865
0	0.0000000000	0.0021835078	0.9978164922
1	0.0704303423	0.0133959927	0.9161736650
1	0.1148206136	0.1726721948	0.7125071916
0	0.9148406127	0.0107910455	0.0743683417
0	0.1547020633	0.7710538847	0.0742440519
0	0.1951324989	0.6759408001	0.1289267009
1	0.0394654710	0.2802530712	0.6802814578
0	0.0000181812	0.0666286777	0.9333531411
0	0.0000763908	0.4820534477	0.5178701615
0	0.0008759141	0.6350690142	0.3640550717
1	0.0364964854	0.6995004272	0.2640030873
1	0.3575387030	0.3348246260	0.3076366710
0	0.0001204383	0.9455768013	0.0543027604
1	0.0000000000	0.6419143748	0.3580856252
0	0.3538493134	0.0337102751	0.6124404114
2	0.0000022737	0.5956034273	0.4043942990
0	0.0014247634	0.0455236314	0.9530516052
1	0.0041277664	0.0069096401	0.9889625935
0	0.0386399024	0.4759298732	0.4854302244
0	0.0586830931	0.0891217597	0.8521951472
0	0.0006497875	0.0394372531	0.9599129594
1	0.4906724091	0.5060677662	0.0032598247
0	0.0000894436	0.0013176058	0.9985929506
0	0.6474832262	0.3520092395	0.0005075342
1	0.0000000000	0.3729547389	0.6270452611
0	0.1014774045	0.8506942594	0.0478283361
0	0.3754849307	0.0034818099	0.6210332594
2	0.1093684331	0.0931110307	0.7975205362
1	0.8974720520	0.1005053278	0.0020226202
1	0.0000000000	0.1604602225	0.8395397775
0	0.0000000000	0.0092716732	0.9907283268
1	0.0000016939	0.9599361868	0.0400621193
0	0.0212207477	0.4216154771	0.5571637752
0	0.0030145365	0.6457759029	0.3512095606
0	0.4303093852	0.0004381905	0.5692524243
0	0.9208780071	0.0034622315	0.0756597614
0	0.0000000000	0.3811067213	0.6188932787
0	0.0000000485	0.1412548920	0.8587450595
1	0.6682756021	0.3317243236	0.0000000743
0	0.0264807966	0.9664337284	0.0070854750
2	0.7654523373	0.1666985761	0.0678490866
1	0.6545175321	0.1697898660	0.1756926019
0	0.0000000729	0.3966778731	0.6033220540
0	0.1278533764	0.2695952829	0.6025513408
0	0.1647594810	0.6898221631	0.1454183559
0	0.0035078071	0.7357082309	0.2607839621
0	0.1891405983	0.0041699792	0.8066894225
1	0.0059655881	0.0269143792	0.9671200327
1	0.3042115963	0.2460783523	0.4497100514
0	0.0000000000	0.0000073864	0.9999926136
1	0.0439528171	0.0263074430	0.9297397399
0	0.0007720183	0.8092532866	0.1899746951
1	0.0059373861	0.0110851354	0.9829774786
1	0.1068977546	0.0390954455	0.8540067999
0	0.0000602904	0.1160324481	0.8839072616
0	0.1991549496	0.0351806798	0.7656643706
2	0.0000936339	0.0385714307	0.9613349354
1	0.0000384013	0.4388587833	0.5611028154
1	0.3663048665	0.2062415720	0.4274535615
1	0.0000000001	0.7858784814	0.2141215185
1	0.0000638948	0.7365284592	0.2634076460
2	0.0000000000	0.9586273829	0.0413726171
1	0.4817521740	0.0588353846	0.4594124414
0	0.0000295412	0.6396272559	0.3603432029
0	0.0000000178	0.6072907649	0.3927092173
0	0.7767227571	0.0105444089	0.2127328340
1	0.0000000320	0.6432826922	0.3567172758
0	0.0142693716	0.9537878383	0.0319427901
0	0.0118609442	0.3389146700	0.6492243858
0	0.0000082284	0.9333563349	0.0666354367
0	0.0000001593	0.2033715696	0.7966282711
0	0.0002338045	0.0208283185	0.9789378770
0	0.0061942139	0.0092690881	0.9845366981
1	0.0000000000	0.1007120523	0.8992879477
0	0.1267631794	0.1462427361	0.7269940845
0	0.0221229225	0.9773006662	0.0005764113
0	0.0000000061	0.0661894219	0.9338105720
0	0.2501310965	0.0469988379	0.7028700656
0	0.0007489034	0.8079209602	0.1913301364
0	0.0003415695	0.8312758343	0.1683825962
0	0.2385820974	0.3932377888	0.3681801138
