0	0.3218866090	0.0029778225	0.6751355685
0	0.0000000000	0.0000513755	0.9999486245
0	0.3393906126	0.0298631522	0.6307462352
0	0.0539290916	0.9146174128	0.0314534956
0	0.5654970979	0.1953622440	0.2391406581
0	0.0001610468	0.4707528895	0.5290860637
0	0.0000017125	0.0176202041	0.9823780833
0	0.0038561196	0.1728709900	0.8232728904
0	0.0001446413	0.9303031482	0.0695522105
1	0.5341683677	0.3571530909	0.1086785414
1	0.0898833081	0.0000107336	0.9101059583
0	0.1027795683	0.8493414981	0.0478789336
0	0.0003388202	0.0684489300	0.9312122499
0	0.0000154248	0.0141878610	0.9857967142
1	0.0357821610	0.8845329765	0.0796848625
1	0.1703815617	0.6607531133	0.1688653250
2	0.1711365223	0.0109938988	0.8178695790
0	0.0270245648	0.0004791427	0.9724962925
0	0.0000000002	0.7301843165	0.2698156833
0	0.0000000000	0.0000004855	0.9999995145
1	0.0000000004	0.0646920617	0.9353079378
0	0.5885741133	0.4106525489	0.0007733379
1	0.0000002901	0.3029517501	0.6970479598
0	0.0082233885	0.7686294213	0.2231471901
1	0.0058354344	0.0067716968	0.9873928689
1	0.0007163709	0.5625003467	0.4367832824
0	0.0000001000	0.7706662870	0.2293336130
0	0.0003885648	0.0465752089	0.9530362263
0	0.0127716420	0.0057672163	0.9814611417
2	0.0000302602	0.6440190423	0.3559506976
1	0.5628845081	0.1316757705	0.3054397214
0	0.4507740711	0.5487977225	0.0004282064
0	0.5855233546	0.0363768100	0.3780998354
0	0.0029575077	0.2411982779	0.7558442144
0	0.0004488842	0.8779814445	0.1215696712
0	0.1474065188	0.8524069237	0.0001865575
0	0.9942186766	0.0057813234	0.0000000000
0	0.1149347354	0.2928075754	0.5922576891
0	0.0990939388	0.9003159373	0.0005901239
1	0.0073529324	0.0066614417	0.9859856259
0	0.1747524367	0.1947070055	0.6305405578
0	0.0275612277	0.9442920532	0.0281467191
0	0.5414113300	0.3388932225	0.1196954475
0	0.0000000000	0.6700227831	0.3299772169
0	0.0000008496	0.9136105685	0.0863885820
0	0.0018547860	0.9776197740	0.0205254400
1	0.0277908086	0.0059287867	0.9662804047
0	0.0000177709	0.0187446972	0.9812375319
0	0.1625520535	0.0000000000	0.8374479465
1	0.0775256418	0.0000485904	0.9224257678
0	0.1222992423	0.6101238437	0.2675769140
0	0.0019608585	0.0056137093	0.9924254322
1	0.0947490946	0.0012166042	0.9040343012
1	0.0136020601	0.0786154013	0.9077825386
0	0.1072312186	0.3071671328	0.5856016486
0	0.0277922619	0.5424977108	0.4297100273
0	0.5560447403	0.2040575281	0.2398977316
0	0.0075473596	0.9293119857	0.0631406547
2	0.1124801597	0.4183998732	0.4691199672
1	0.2595949210	0.3351257203	0.4052793587
1	0.2047052331	0.2582880022	0.5370067647
0	0.0000215542	0.6684022291	0.3315762167
1	0.0205742140	0.3214107957	0.6580149903
0	0.2551949609	0.0000798364	0.7447252027
0	0.0171465819	0.0000218488	0.9828315693
1	0.0085084745	0.3441849543	0.6473065712
0	0.1159038744	0.0028968004	0.8811993251
0	0.0025210928	0.0389291453	0.9585497619
0	0.0000000000	0.5475523731	0.4524476269
0	0.0686158883	0.8749132665	0.0564708452
1	0.0019923085	0.0041223873	0.9938853041
0	0.1467837472	0.5741134837	0.2791027690
0	0.1122978552	0.4127449771	0.4749571677
0	0.0183282086	0.0746567556	0.9070150358
0	0.3793252522	0.3635824203	0.2570923275
0	0.0033277802	0.6805961040	0.3160761158
0	0.0168559125	0.6800387820	0.3031053056
0	0.0000197320	0.4754849191	0.5244953489
1	0.0416103769	0.0010974208	0.9572922023
0	0.0004384435	0.9994109932	0.0001505633
0	0.0000294537	0.9983096012	0.0016609450
1	0.0000000000	0.3529029654	0.6470970346
0	0.1188964202	0.7338995208	0.1472040591
0	0.0275462829	0.8891989751	0.0832547420
0	0.1945725029	0.4176481550	0.3877793420
0	0.0000010726	0.0111137206	0.9888852068
0	0.1871848421	0.0006239202	0.8121912377
0	0.9235055705	0.0653294857	0.0111649438
1	0.0176004710	0.0043261293	0.9780733997
0	0.0628874573	0.0273144347	0.9097981080
0	0.0003785669	0.8935279820	0.1060934510
0	0.0092082029	0.4701321203	0.5206596768
0	0.0628472518	0.9353145018	0.0018382464
0	0.0401528553	0.9315163541	0.0283307906
0	0.0000163071	0.0042103171	0.9957733758
0	0.0000599439	0.0395589127	0.9603811434
1	0.0000010966	0.0333330152	0.9666658882
1	0.0008472437	0.7310553020	0.2680974543
1	0.0333529192	0.0336369580	0.9330101228
0	0.6145887194	0.0004724175	0.3849388631
