0	0.0011064983	0.0665561779	0.9323373238
0	0.0044922871	0.0118182865	0.9836894264
1	0.0091521411	0.5516618622	0.4391859967
0	0.2182395724	0.5246197372	0.2571406904
1	0.1500348343	0.2511144879	0.5988506778
0	0.4921768335	0.5054301932	0.0023929733
0	0.0000124825	0.7278070820	0.2721804355
1	0.3355511861	0.3604178312	0.3040309827
0	0.3843266281	0.2046705530	0.4110028189
1	0.1623089782	0.3999265942	0.4377644276
0	0.0007345013	0.8652502952	0.1340152035
0	0.0048587809	0.4599786971	0.5351625220
0	0.0001326245	0.5549454314	0.4449219441
0	0.2583353524	0.2595926463	0.4820720013
0	0.0002171717	0.4525047424	0.5472780859
1	0.1976469811	0.0721235396	0.7302294793
0	0.0947224249	0.7920680829	0.1132094923
0	0.0000000644	0.2088241020	0.7911758336
0	0.0247873108	0.9740063125	0.0012063767
0	0.0000847432	0.2788337526	0.7210815042
0	0.0050234208	0.8562034820	0.1387730972
1	0.1794298852	0.2738117349	0.5467583799
0	0.6432227443	0.0000000308	0.3567772249
0	0.0046894079	0.6859132149	0.3093973772
0	0.0082976665	0.7611867868	0.2305155467
0	0.1764668889	0.5112192262	0.3123138849
2	0.0108378259	0.0094112716	0.9797509025
0	0.0549509966	0.4163967359	0.5286522676
0	0.0000467854	0.6049378003	0.3950154143
0	0.0654310103	0.0225103724	0.9120586173
1	0.0000048290	0.9999922267	0.0000029442
0	0.0477747297	0.0240940972	0.9281311732
1	0.2086904925	0.2040432200	0.5872662875
0	0.0009562500	0.1031866144	0.8958571356
0	0.1426238882	0.3265434384	0.5308326734
0	0.0166447263	0.2661431658	0.7172121080
0	0.0521466197	0.4486272398	0.4992261405
1	0.0000000000	0.0003208384	0.9996791616
0	0.0184520941	0.0175197778	0.9640281281
0	0.1891807255	0.0525588032	0.7582604713
0	0.0512864213	0.8735356537	0.0751779250
2	0.0000000162	0.3368711173	0.6631288665
1	0.7332980844	0.2132847694	0.0534171462
0	0.0146218602	0.9853781398	0.0000000000
0	0.0000000003	0.8279234081	0.1720765916
0	0.0313000627	0.9565728078	0.0121271295
0	0.0000004985	0.8163037156	0.1836957858
1	0.0000266447	0.4844385364	0.5155348189
0	0.1398199583	0.8599213523	0.0002586894
1	0.2505801124	0.7184002360	0.0310196516
0	0.0121738004	0.2762706687	0.7115555309
0	0.0001289181	0.3086573356	0.6912137463
0	0.0013647570	0.9492161815	0.0494190616
0	0.2050369636	0.0636992254	0.7312638110
1	0.0039639101	0.0873948995	0.9086411904
1	0.0000341151	0.0035643369	0.9964015480
0	0.0168472138	0.4533491452	0.5298036410
0	0.0000825906	0.0017453737	0.9981720357
0	0.0000014923	0.9999984838	0.0000000240
2	0.0263508795	0.0467733906	0.9268757299
1	0.0000613252	0.9830464092	0.0168922657
1	0.0156632635	0.6129768573	0.3713598791
0	0.0013886337	0.0010854897	0.9975258766
0	0.8472355370	0.0795503220	0.0732141410
0	0.0003745013	0.2833422537	0.7162832450
0	0.0000000000	0.9659899211	0.0340100789
0	0.0079109349	0.9452082910	0.0468807740
0	0.0339640987	0.0674617761	0.8985741252
0	0.2410650023	0.0146583689	0.7442766288
0	0.2188036397	0.0093689407	0.7718274196
1	0.0039601421	0.0206179859	0.9754218720
0	0.0001572690	0.0000000000	0.9998427310
0	0.1727196721	0.2558693168	0.5714110111
0	0.0000000000	0.2064146173	0.7935853827
0	0.0378599192	0.0309895576	0.9311505232
0	0.0075829498	0.4707967218	0.5216203284
0	0.0094430816	0.0813755313	0.9091813871
0	0.8372805091	0.1432055213	0.0195139696
1	0.0025387578	0.1508856498	0.8465755924
0	0.0011452360	0.8791232076	0.1197315563
1	0.0000014386	0.0228052740	0.9771932874
0	0.1226804866	0.8771687988	0.0001507146
1	0.0000000295	0.4829497403	0.5170502303
1	0.0003000527	0.0288621111	0.9708378362
0	0.2076668859	0.3404514603	0.4518816538
1	0.5203232872	0.4789334031	0.0007433097
0	0.0000000000	0.0466423095	0.9533576905
0	0.0000061026	0.9929331425	0.0070607549
0	0.0005404982	0.7427786316	0.2566808702
1	0.0881997073	0.6144899189	0.2973103737
0	0.0000389166	0.7747907069	0.2251703765
1	0.0041286883	0.8986663338	0.0972049780
0	0.0515694149	0.4103075486	0.5381230364
1	0.0000000000	0.8880439284	0.1119560716
1	0.6195911138	0.2849849172	0.0954239689
1	0.0638260032	0.1989070820	0.7372669148
0	0.0013136462	0.1508960650	0.8477902888
0	0.1387165687	0.4673800878	0.3939033435
1	0.2362418355	0.7262007049	0.0375574597
0	0.0303897858	0.0266439367	0.9429662775
