0	0.0000000001	0.9976729329	0.0023270670
0	0.0021833493	0.3475751639	0.6502414868
0	0.0553415843	0.1938905276	0.7507678881
0	0.0000963673	0.1498368208	0.8500668119
0	0.0001966684	0.1568344998	0.8429688319
0	0.7768670633	0.0235131241	0.1996198126
1	0.1791985014	0.0993380598	0.7214634388
1	0.1826111014	0.0220876714	0.7953012272
0	0.0178030200	0.6579742455	0.3242227344
0	0.0520154611	0.0001370677	0.9478474712
0	0.1649198916	0.8350751694	0.0000049390
0	0.1489645383	0.4047310333	0.4463044284
0	0.7791589938	0.0197047695	0.2011362366
0	0.0000059177	0.3028884765	0.6971056058
0	0.0000000000	0.9580899952	0.0419100048
1	0.0000004049	0.0068638295	0.9931357656
0	0.0311207839	0.3401283908	0.6287508253
0	0.3812803597	0.5981431372	0.0205765031
0	0.2824215672	0.0305841571	0.6869942758
1	0.0000000584	0.7828502714	0.2171496701
0	0.1589488803	0.0165742906	0.8244768291
1	0.0108481241	0.4880793040	0.5010725720
0	0.0000000000	0.5591738722	0.4408261277
1	0.0532106719	0.1588952919	0.7878940362
0	0.0161731987	0.1254772690	0.8583495324
0	0.0909116461	0.1276056460	0.7814827079
0	0.0000862644	0.5950023360	0.4049113996
0	0.0000000000	1.0000000000	0.0000000000
0	0.0007877941	0.0000000114	0.9992121945
1	0.0000000262	0.0367531606	0.9632468132
0	0.0000026680	0.5074428407	0.4925544913
1	0.0125689508	0.0709379659	0.9164930833
0	0.0000000000	0.5092869995	0.4907130005
1	0.0000191824	0.0000000000	0.9999808176
0	0.1875621220	0.5583496461	0.2540882319
0	0.1477105569	0.0000000000	0.8522894431
2	0.0826563822	0.0024699882	0.9148736296
0	0.0011296848	0.9984554272	0.0004148879
0	0.1458913209	0.0064234524	0.8476852267
0	0.5473577385	0.3961547392	0.0564875223
0	0.0000771613	0.4254393117	0.5744835270
0	0.0000005382	0.7734080304	0.2265914313
0	0.0000000453	0.0199474777	0.9800524770
0	0.1624103577	0.4309962021	0.4065934402
1	0.0383794981	0.0021345377	0.9594859643
1	0.6061783644	0.3936296133	0.0001920223
0	0.0883934131	0.5519743420	0.3596322449
0	0.5446706155	0.2106321129	0.2446972716
0	0.7557088619	0.0627060955	0.1815850425
0	0.6264116394	0.0018843878	0.3717039728
0	0.0166614867	0.0000233462	0.9833151670
1	0.0007015075	0.7606055788	0.2386929137
0	0.0317234236	0.0235794651	0.9446971113
0	0.0000545133	0.0443990994	0.9555463873
0	0.0000011696	0.0113088889	0.9886899414
0	0.1748649156	0.5215184016	0.3036166828
0	0.0000000003	0.0322078158	0.9677921839
0	0.0107553347	0.4108087042	0.5784359611
0	0.0612763918	0.2772789328	0.6614446754
1	0.0076746322	0.5750043725	0.4173209953
2	0.0000000000	0.3056982943	0.6943017057
1	0.0000895996	0.9075010395	0.0924093610
1	0.0061696041	0.1333462416	0.8604841543
0	0.0010340149	0.7220087744	0.2769572107
0	0.0004282461	0.0000418358	0.9995299182
0	0.0434818851	0.1306333791	0.8258847358
1	0.0318617358	0.2072531071	0.7608851571
0	0.1656139740	0.1692605345	0.6651254915
0	0.7682545901	0.0213210783	0.2104243317
1	0.1453968592	0.6653347938	0.1892683470
0	0.0001696366	0.2181778756	0.7816524878
1	0.1874012786	0.8119472842	0.0006514372
0	0.1532156324	0.3888396094	0.4579447582
0	0.0000000005	0.4674641682	0.5325358313
0	0.4281314244	0.4771735804	0.0946949952
0	0.0000000000	0.1975516716	0.8024483284
0	0.0069331771	0.3585329724	0.6345338506
0	0.0000107285	0.9977998872	0.0021893843
1	0.4117908799	0.2819213271	0.3062877930
1	0.1151383337	0.0443243024	0.8405373639
1	0.1697219319	0.8208316229	0.0094464451
0	0.1058609649	0.8327975330	0.0613415021
0	0.0000004511	0.0717240216	0.9282755272
0	0.0000000000	0.0471945344	0.9528054656
0	0.1944545768	0.0092981714	0.7962472518
0	0.8337952469	0.0401481680	0.1260565852
0	0.5233490698	0.0444317834	0.4322191468
0	0.0541625752	0.0581634305	0.8876739944
1	0.4037051479	0.0000000000	0.5962948521
0	0.0050851316	0.5128919485	0.4820229199
0	0.0057780408	0.9931904786	0.0010314806
1	0.4919362957	0.5080637043	0.0000000000
1	0.3418127263	0.0661522018	0.5920350719
0	0.2743009113	0.4979240947	0.2277749940
1	0.0381529044	0.9461550374	0.0156920582
0	0.0299223332	0.4955603406	0.4745173262
1	0.0524643304	0.6382166747	0.3093189949
1	0.0006001661	0.2372240673	0.7621757666
1	0.0536758375	0.0682003567	0.8781238059
0	0.0067630563	0.0916104152	0.9016265285
