1	0.0000000000	0.5171634839	0.4828365161
1	0.0059253066	0.4947548440	0.4993198494
1	0.0066337473	0.5998393627	0.3935268900
1	0.0843817488	0.2003705088	0.7152477424
1	0.0765379280	0.8023873793	0.1210746927
1	0.0004944062	0.8018627239	0.1976428699
0	0.8777564791	0.0015592506	0.1206842703
0	0.0207222493	0.7202920263	0.2589857244
0	0.0034144012	0.6567551116	0.3398304872
0	0.0147580805	0.1256704990	0.8595714205
0	0.0313229192	0.0738910970	0.8947859838
0	0.0003032978	0.9729486784	0.0267480238
0	0.1107389670	0.2487279186	0.6405331144
0	0.0002540574	0.0559014251	0.9438445175
0	0.0071667888	0.0181333106	0.9746999007
2	0.0000336587	0.0101565535	0.9898097878
1	0.2446951773	0.0418674949	0.7134373278
0	0.0759201331	0.6490853078	0.2749945591
0	0.0001661124	0.9968708810	0.0029630066
1	0.3053596471	0.5991442519	0.0954961009
2	0.0000065111	0.0000008759	0.9999926129
0	0.0000000000	0.7718131077	0.2281868923
0	0.0023242269	0.9859507876	0.0117249855
1	0.0004127895	0.2121576915	0.7874295190
0	0.0047863420	0.0699466382	0.9252670198
0	0.0549185975	0.4258680927	0.5192133097
0	0.2458540940	0.1896506650	0.5644952410
1	0.0049892992	0.8941710689	0.1008396319
1	0.1990870386	0.6322306751	0.1686822863
0	0.0198677393	0.1900577078	0.7900745530
0	0.0030830578	0.0403039087	0.9566130336
2	0.0052533865	0.0603124606	0.9344341529
1	0.8736517853	0.1256654488	0.0006827659
1	0.0290924994	0.0253548529	0.9455526477
0	0.1940635436	0.2262880725	0.5796483839
0	0.0002907016	0.9967410526	0.0029682457
1	0.0185120905	0.5567290302	0.4247588794
0	0.0002294881	0.1286351055	0.8711354064
1	0.2699953582	0.0144835411	0.7155211007
0	0.0000489907	0.9958188906	0.0041321187
1	0.0779287884	0.5774216469	0.3446495646
2	0.1501399287	0.5879715921	0.2618884792
1	0.0150740278	0.8630075530	0.1219184192
1	0.0707674860	0.8919608290	0.0372716850
0	0.0000000000	0.2258988211	0.7741011789
2	0.1546768831	0.8070355923	0.0382875246
0	0.0003540509	0.0601103980	0.9395355510
1	0.2295432871	0.5325881328	0.2378685801
0	0.0000018052	0.9461699096	0.0538282852
0	0.1740325521	0.0074821978	0.8184852501
0	0.0365425353	0.0005311833	0.9629262814
0	0.0555506674	0.1189500208	0.8254993118
0	0.1401392250	0.4002035819	0.4596571931
0	0.5441795297	0.2353861575	0.2204343128
0	0.7569182257	0.0030258818	0.2400558925
0	0.0011573236	0.0000009923	0.9988416841
0	0.1374389478	0.1725215672	0.6900394850
1	0.0787848754	0.2787895352	0.6424255894
0	0.0017034222	0.8092601345	0.1890364433
0	0.0718006021	0.4101397710	0.5180596269
1	0.7174832248	0.2822835013	0.0002332738
0	0.0000000000	0.8161108733	0.1838891267
0	0.1184453776	0.1325747979	0.7489798244
0	0.0106224579	0.0158282677	0.9735492743
0	0.0231421296	0.4968634516	0.4799944188
0	0.6734864177	0.1047742597	0.2217393226
1	0.1500594778	0.1004236180	0.7495169042
0	0.7383926357	0.2478912840	0.0137160803
0	0.0000000000	0.0010321074	0.9989678926
1	0.0251595998	0.6308287682	0.3440116320
1	0.0129608401	0.9870387158	0.0000004442
0	0.0000311538	0.9926249010	0.0073439453
0	0.2735517464	0.6864697938	0.0399784598
0	0.1110134148	0.7442791777	0.1447074074
1	0.0015372146	0.7468906580	0.2515721274
0	0.0454628802	0.1136011528	0.8409359669
1	0.0175741876	0.0147813354	0.9676444770
0	0.0843210778	0.0000001132	0.9156788089
1	0.0396421050	0.0781979475	0.8821599476
0	0.0080673115	0.0092733758	0.9826593127
0	0.1458044030	0.6976277580	0.1565678390
0	0.6277986078	0.3640932695	0.0081081226
0	0.0091019980	0.0006828645	0.9902151375
0	0.0441868954	0.2206378987	0.7351752058
1	0.0000000001	0.5772028006	0.4227971993
1	0.0739914352	0.0750490385	0.8509595263
0	0.1192469730	0.3820128759	0.4987401511
0	0.0092327892	0.6655998321	0.3251673786
0	0.0000312395	0.9983327281	0.0016360324
0	0.1198077353	0.5130939597	0.3670983050
0	0.0423720303	0.0180896740	0.9395382957
0	0.0000000000	0.0003239879	0.9996760121
0	0.0378985465	0.0018951817	0.9602062717
0	0.1576411081	0.0091834748	0.8331754171
0	0.0471511473	0.6887587096	0.2640901431
0	0.1716014063	0.0010752143	0.8273233794
0	0.1530976737	0.4986611269	0.3482411994
1	0.0000888592	0.2326520043	0.7672591364
1	0.0460185308	0.7030514764	0.2509299928
1	0.0084355192	0.1001335436	0.8914309372
