0	0.0109429702	0.0780873610	0.9109696689
2	0.7019954412	0.1603973428	0.1376072160
0	0.0004855944	0.4048847091	0.5946296965
0	0.6366847322	0.3243961634	0.0389191043
1	0.0431553909	0.1410054794	0.8158391298
1	0.0036039530	0.0855756609	0.9108203861
0	0.0000000001	0.3028432245	0.6971567754
0	0.0171708118	0.3395646733	0.6432645149
0	0.0014481677	0.2799763683	0.7185754640
0	0.0425418904	0.2186929558	0.7387651538
1	0.5021573833	0.0000001403	0.4978424764
0	0.0000000000	0.5435893176	0.4564106824
0	0.0000000179	0.0520654875	0.9479344946
1	0.1602151826	0.0098806818	0.8299041356
0	0.0000000000	0.3084793941	0.6915206059
0	0.0000000001	0.7076858862	0.2923141138
0	0.0510337018	0.7822926264	0.1666736717
0	0.1340328666	0.5195514237	0.3464157097
0	0.0052297427	0.8281503941	0.1666198632
1	0.0000000000	0.1942444769	0.8057555231
0	0.0834817556	0.0000579803	0.9164602641
0	0.0000000000	0.2113557653	0.7886442347
0	0.0676846433	0.0169175215	0.9153978352
0	0.1350730459	0.4675478274	0.3973791268
0	0.0330446622	0.0488967710	0.9180585669
0	0.6581552368	0.2689706567	0.0728741065
1	0.0705916595	0.7217009224	0.2077074182
0	0.0995165990	0.0000000000	0.9004834010
0	0.0786796921	0.6640308496	0.2572894583
1	0.0000049877	0.8957315324	0.1042634798
1	0.0167335758	0.0036373561	0.9796290681
0	0.0324331287	0.3130732080	0.6544936633
0	0.1155966737	0.7650137095	0.1193896168
0	0.1012673262	0.8981833102	0.0005493636
0	0.0158007819	0.1593988948	0.8248003233
1	0.0005781573	0.9508430685	0.0485787742
0	0.1643345413	0.0390806543	0.7965848045
0	0.2696258766	0.1627724856	0.5676016377
2	0.0219189593	0.9410945805	0.0369864601
0	0.0000000000	0.0203846498	0.9796153502
2	0.0003171239	0.9112869018	0.0883959744
1	0.0062695582	0.1159738115	0.8777566303
0	0.0000000003	0.8858681280	0.1141318718
1	0.0040596205	0.9954376930	0.0005026864
0	0.0139104298	0.9412955904	0.0447939798
0	0.0019627506	0.9707107972	0.0273264522
0	0.0385695033	0.0191816755	0.9422488212
0	0.0000003255	0.7081280316	0.2918716429
0	0.3536024853	0.4982302702	0.1481672445
0	0.0000087356	0.0000003296	0.9999909348
1	0.0775940945	0.9193783221	0.0030275833
0	0.0257722519	0.4595258626	0.5147018855
0	0.0000013007	0.4308863867	0.5691123126
0	0.1519886655	0.8234295486	0.0245817859
1	0.8320196955	0.1621782562	0.0058020483
0	0.0659877866	0.7012215461	0.2327906673
0	0.1352772766	0.5477987472	0.3169239762
0	0.0322073451	0.0052274014	0.9625652536
0	0.5885206919	0.3791435365	0.0323357716
1	0.0883729990	0.0058682286	0.9057587724
0	0.3644001177	0.0122066264	0.6233932558
0	0.0122343595	0.9861660425	0.0015995980
1	0.0000000001	0.7619199053	0.2380800946
0	0.0342487074	0.0000010984	0.9657501941
0	0.0000050238	0.5515089417	0.4484860345
0	0.3595228226	0.5545170738	0.0859601037
0	0.0351427374	0.1992175113	0.7656397513
1	0.0000000130	0.9623854005	0.0376145865
1	0.5381809815	0.0396386938	0.4221803247
0	0.2862813347	0.0000000297	0.7137186356
0	0.7239956228	0.1190603203	0.1569440569
1	0.3523864260	0.2143025014	0.4333110726
0	0.0007204408	0.0774289935	0.9218505657
0	0.0000799298	0.0330512642	0.9668688060
0	0.0000228208	0.1737823212	0.8261948580
0	0.3237757210	0.2777416877	0.3984825913
0	0.0000002310	0.8135698396	0.1864299294
0	0.0842237909	0.0843454660	0.8314307431
1	0.0892961640	0.3981973810	0.5125064550
1	0.0396382274	0.0004083774	0.9599533952
0	0.0554367193	0.6703589777	0.2742043030
1	0.4948379956	0.0832989674	0.4218630370
0	0.0081733785	0.7844351451	0.2073914765
1	0.0373889038	0.0094774136	0.9531336826
0	0.0000000000	0.2492167453	0.7507832547
1	0.0101528316	0.9603776679	0.0294695005
1	0.5359672565	0.0173379064	0.4466948371
1	0.1564474856	0.0001276559	0.8434248585
0	0.8575870044	0.0000000000	0.1424129956
0	0.0613295944	0.9299925483	0.0086778572
2	0.0382001781	0.2290567298	0.7327430921
0	0.0129415772	0.9088521948	0.0782062281
0	0.0002570406	0.0008915845	0.9988513750
0	0.4035908172	0.5012525011	0.0951566817
0	0.0019895232	0.9783160965	0.0196943802
0	0.9760231835	0.0203358872	0.0036409293
0	0.2468223359	0.3269588083	0.4262188558
0	0.2782645050	0.7130413229	0.0086941721
1	0.0001042839	0.0483645343	0.9515311817
2	0.0127881335	0.0087783064	0.9784335601
