0	0.0201160801	0.1735643226	0.0078392037	0.7412789095	0.0572014840
0	0.1603155445	0.2266568446	0.4001290498	0.0000001555	0.2128984056
0	0.0056070434	0.0000000000	0.4003112605	0.1027911190	0.4912905771
0	0.2743136708	0.0141963426	0.3371972937	0.0064619685	0.3678307245
0	0.0032492070	0.6418647195	0.0000000018	0.2350185828	0.1198674889
0	0.0027589573	0.1604859599	0.0577622820	0.4175907004	0.3614021003
0	0.7369612566	0.0002667975	0.0610104800	0.0567357804	0.1450256855
0	0.0000130687	0.8356688290	0.1054811621	0.0029897425	0.0558471977
0	0.2079576234	0.0346461959	0.0000900979	0.5074971828	0.2498089000
0	0.3060276446	0.0394512416	0.0000000055	0.0056357074	0.6488854009
0	0.0000000000	0.0000001869	0.0147381996	0.0046284955	0.9806331180
0	0.1428984587	0.0000110864	0.0509653343	0.0000000000	0.8061251207
0	0.1075160833	0.8336814326	0.0227683882	0.0017969640	0.0342371318
0	0.0116570231	0.0274704002	0.0013501313	0.0005327235	0.9589897219
0	0.9066089922	0.0000307515	0.0778840915	0.0000095928	0.0154665720
0	0.0016958966	0.1121696133	0.4600389714	0.3003268261	0.1257686925
0	0.0018205446	0.8245635568	0.1508481006	0.0221998845	0.0005679136
0	0.0000000000	0.2351323151	0.0000011135	0.0000023336	0.7648642378
0	0.0384981692	0.0009030436	0.0061513947	0.3582053916	0.5962420009
0	0.0000004107	0.3266997522	0.4945863397	0.0003912141	0.1783222832
0	0.0005555321	0.0026585260	0.0323300728	0.8715208741	0.0929349950
0	0.1683842305	0.0346235290	0.7931750831	0.0021049360	0.0017122213
0	0.0001032493	0.0000000000	0.5076380394	0.0198845693	0.4723741420
0	0.0095557389	0.1022808175	0.1088758705	0.0001756011	0.7791119720
0	0.0090594027	0.0007685270	0.0000000000	0.0000000014	0.9901720688
0	0.3848848054	0.0022912620	0.1499655253	0.0012778986	0.4615805088
0	0.0255388984	0.0005903786	0.9339559641	0.0239501529	0.0159646059
0	0.0731626483	0.0128932887	0.6730228275	0.2400741444	0.0008470912
0	0.0000128882	0.0000355703	0.9993444804	0.0006070610	0.0000000000
0	0.0000030359	0.0075234396	0.0000981601	0.8957127164	0.0966626479
0	0.0585711311	0.0561586898	0.0000280596	0.8852375223	0.0000045972
0	0.2547033219	0.2848800108	0.0651131585	0.3228945776	0.0724089312
0	0.0061322448	0.3149089797	0.0000061888	0.2088903532	0.4700622335
0	0.0000374545	0.0000371625	0.5095260659	0.4875697986	0.0028295185
0	0.0000948480	0.0070246162	0.0041749387	0.0000034704	0.9887021267
0	0.0932940166	0.1072690851	0.0122389300	0.0011176236	0.7860803446
0	0.0000000105	0.5733004732	0.4251996129	0.0001017100	0.0013981934
0	0.0000001847	0.1300556089	0.6675516603	0.0665812238	0.1358113223
0	0.0242688450	0.0000000000	0.8535662404	0.1221637101	0.0000012046
0	0.5559343239	0.0022153479	0.2871704324	0.0305893430	0.1240905529
0	0.1790262301	0.5560262332	0.1907960803	0.0019208069	0.0722306494
0	0.0154577526	0.2758237480	0.0000000000	0.3210362371	0.3876822623
2	0.0189080321	0.0333688610	0.6225306513	0.0063332088	0.3188592467
0	0.0919425356	0.0000578275	0.0057661589	0.0000018328	0.9022316452
0	0.0675520235	0.1688443346	0.5979391524	0.0781993741	0.0874651155
0	0.2683585744	0.0525683886	0.6572094038	0.0212288659	0.0006347672
0	0.0000000026	0.0000000000	0.2346887511	0.3576186790	0.4076925673
0	0.0394978513	0.0036510638	0.1709572231	0.0019490461	0.7839448157
1	0.5039569019	0.0092513841	0.4056775882	0.0426961959	0.0384179299
0	0.0345729555	0.0001141952	0.7016431011	0.1939100425	0.0697597057
1	0.0000000000	0.0053958550	0.2373937074	0.5934250937	0.1637853440
0	0.2008828870	0.0024477239	0.1316603189	0.0153586094	0.6496504607
0	0.1704999535	0.0057083829	0.6379919485	0.0000344122	0.1857653029
0	0.0000000000	0.4456253728	0.0294569974	0.0689792564	0.4559383734
0	0.8319050893	0.0288851520	0.0785910768	0.0003691989	0.0602494830
0	0.0000000089	0.3782865697	0.0015219367	0.6126829723	0.0075085124
0	0.0075559129	0.0057743113	0.0803044089	0.1365723379	0.7697930290
0	0.0000000000	0.0320140539	0.8325257918	0.0664332830	0.0690268714
0	0.0033792183	0.1591884893	0.2249735917	0.0000043242	0.6124543765
0	0.0012091909	0.0000012382	0.8241511439	0.0000101248	0.1746283023
0	0.1488107137	0.0155083439	0.8029924070	0.0005418761	0.0321466593
0	0.0091932405	0.0547029843	0.7355678994	0.1915504991	0.0089853768
0	0.0003320689	0.9166859569	0.0000031926	0.0030508976	0.0799278840
0	0.4360778355	0.0007140968	0.0000002410	0.0000000000	0.5632078267
0	0.1737520783	0.0159176419	0.7457334993	0.0220717043	0.0425250762
0	0.0133826128	0.0741752422	0.7212444497	0.1776092591	0.0135884362
0	0.0056973655	0.6750526839	0.0000387068	0.0009720480	0.3182391959
0	0.0000000012	0.0738870618	0.5814518442	0.0010651429	0.3435959500
1	0.4186129483	0.0265511577	0.0048596971	0.0000013726	0.5499748243
0	0.3972703019	0.1636497795	0.3794466550	0.0002330125	0.0594002510
0	0.0000357138	0.0886565283	0.3781265313	0.2435687074	0.2896125191
0	0.0124800147	0.0000000168	0.0000476000	0.0000005614	0.9874718071
0	0.0866293904	0.2985914718	0.5161630455	0.0000731922	0.0985429001
0	0.9198854958	0.0012622890	0.0101159796	0.0064794054	0.0622568304
0	0.0000000037	0.0655638970	0.0000136600	0.9343999039	0.0000225353
0	0.1734354467	0.0000536293	0.0067108755	0.0067201547	0.8130798938
0	0.1652397342	0.0018927448	0.5324527991	0.0000000000	0.3004147219
1	0.0000000000	0.0162848879	0.0008207202	0.4324415716	0.5504528204
0	0.3669957841	0.0000406776	0.4258876499	0.0982537085	0.1088221799
0	0.1987398845	0.0378855013	0.0000000774	0.5135310460	0.2498434908
0	0.7634634560	0.0000000000	0.1846557172	0.0000011785	0.0518796483
0	0.0092566735	0.0000038852	0.9667748812	0.0013529290	0.0226116311
0	0.0193554212	0.2108527048	0.0000000000	0.0000047087	0.7697871654
1	0.2581481095	0.0016972822	0.1166748704	0.3294084006	0.2940713373
0	0.5482809846	0.3030394955	0.0456659951	0.0417034760	0.0613100488
0	0.0000000000	0.0276113320	0.5918452447	0.0000000000	0.3805434233
0	0.0340190096	0.1157419577	0.0075315082	0.1248788026	0.7178287219
0	0.0004934557	0.0000000006	0.0041868841	0.0133422525	0.9819774071
0	0.4279263237	0.2310850013	0.0429528476	0.0017289096	0.2963069177
0	0.0903547217	0.4208830432	0.0619316791	0.0004956854	0.4263348706
0	0.1183034476	0.0019238893	0.0707741658	0.1293272458	0.6796712514
0	0.1996347888	0.0006038622	0.0567948076	0.0445858213	0.6983807201
0	0.0531794128	0.0124120782	0.0036145475	0.4999514004	0.4308425611
0	0.0213938129	0.0840341898	0.1500857192	0.0000201503	0.7444661278
0	0.6540564645	0.0730275427	0.1438176086	0.0001883711	0.1289100131
0	0.3657048391	0.0065724090	0.5658913708	0.0000196546	0.0618117265
0	0.0280903855	0.0015843410	0.0496906001	0.3484564748	0.5721781986
0	0.0232551667	0.0000000033	0.4025074077	0.0898936130	0.4843438093
0	0.0032791027	0.2662625986	0.2526024868	0.0031302838	0.4747255281
0	0.2731074455	0.2612333615	0.2271023157	0.1417379201	0.0968189572
