0	0.0339594303	0.0171688839	0.0065763523	0.1155473637	0.8267479699
0	0.0000000134	0.5177130294	0.4188020349	0.0632068009	0.0002781214
0	0.0138905732	0.4886563129	0.2964844833	0.0428894388	0.1580791919
0	0.0015000631	0.0001303762	0.0607346201	0.1032056635	0.8344292771
0	0.2632735608	0.3539689662	0.0000000036	0.3827555870	0.0000018823
1	0.6978113004	0.1814817278	0.0205135645	0.0750751105	0.0251182968
0	0.1241769657	0.0000000000	0.0871467539	0.0096553325	0.7790209478
0	0.0030764861	0.0097014738	0.0004737325	0.0018463134	0.9849019942
0	0.0848469643	0.0003804961	0.6940177132	0.0561470528	0.1646077736
0	0.0814443832	0.0900565278	0.4109925423	0.2844342649	0.1330722818
0	0.0000000000	0.0020479853	0.8201752602	0.0000714593	0.1777052952
0	0.0787016575	0.1606707942	0.0196584116	0.1361608804	0.6048082562
0	0.1961189927	0.3974887760	0.0071943702	0.0168943464	0.3823035148
0	0.1562717075	0.4008556683	0.0034902877	0.3124258959	0.1269564406
0	0.2863918582	0.0000220130	0.6492535745	0.0000531329	0.0642794213
0	0.0064198599	0.0107774655	0.9724985260	0.0018447446	0.0084594041
0	0.3873967048	0.2470091148	0.0610124148	0.0965660361	0.2080157295
0	0.1522179281	0.2413283652	0.0142993042	0.5900640890	0.0020903134
0	0.0028146970	0.0000185257	0.9954804010	0.0000026974	0.0016836789
0	0.0032229780	0.4800750422	0.4746102337	0.0026079901	0.0394837560
1	0.0006170078	0.0255192394	0.7040812901	0.0004169746	0.2693654881
1	0.0001173269	0.0413009893	0.6301666255	0.3284150582	0.0000000000
2	0.5163000507	0.0002609285	0.0789706267	0.4042897854	0.0001786087
0	0.1474158445	0.0039149881	0.7363123329	0.0622059434	0.0501508911
0	0.3270147100	0.6654770208	0.0000000217	0.0061744365	0.0013338110
1	0.0000004872	0.4917154517	0.1837626542	0.3245213836	0.0000000232
0	0.1189613523	0.0327480459	0.0000288106	0.0005643063	0.8476974849
0	0.0054407453	0.0001857727	0.1552226976	0.8273626400	0.0117881444
0	0.0000660690	0.0020991849	0.0311065138	0.0191959693	0.9475322631
0	0.0170141110	0.1119259560	0.8452416954	0.0000000000	0.0258182375
0	0.0661151380	0.2719245641	0.0001393708	0.6609840975	0.0008368295
0	0.0001858184	0.0000053228	0.0002983783	0.3838885900	0.6156218905
0	0.9376546938	0.0622761085	0.0000000000	0.0000691977	0.0000000000
0	0.0708333788	0.4628321476	0.3294976322	0.0746533466	0.0621834947
0	0.0110350306	0.0249530602	0.1994273808	0.0000000000	0.7645845284
0	0.0000000000	0.0120487909	0.4388590091	0.0000792875	0.5490129124
0	0.0129663713	0.0002634030	0.0278240881	0.9588726865	0.0000734511
0	0.0036835301	0.0000000000	0.1671119519	0.0022403636	0.8269641545
0	0.8788931084	0.0014711756	0.1140945402	0.0000000000	0.0055411758
0	0.0099325598	0.0000000000	0.8948196408	0.0564608091	0.0387869903
1	0.0000000334	0.0020339844	0.2614619140	0.0000000000	0.7365040682
0	0.1073847792	0.0657850154	0.0062678491	0.0000015737	0.8205607827
0	0.1033366323	0.0032994764	0.6588725153	0.0808558364	0.1536355397
0	0.0467288754	0.0275524776	0.3144027588	0.0148987397	0.5964171485
0	0.0000000601	0.0635946691	0.8799777032	0.0000000000	0.0564275676
0	0.0000000016	0.0002847587	0.2232416556	0.0327181846	0.7437553995
0	0.5349774698	0.0077080963	0.4416158029	0.0000057560	0.0156928750
0	0.2576020587	0.0013222501	0.6741096887	0.0000008993	0.0669651033
0	0.2710399550	0.0615214846	0.0219491384	0.0003501427	0.6451392793
1	0.0020135953	0.2053343009	0.4472476729	0.0052732609	0.3401311700
0	0.1507070839	0.0442204700	0.3438192293	0.0009457059	0.4603075109
0	0.2864205156	0.0508278956	0.0302927089	0.1719459202	0.4605129596
0	0.3582615115	0.0307600851	0.6013759532	0.0000000000	0.0096024502
0	0.0000008248	0.1414470912	0.0634523110	0.0015011151	0.7935986579
0	0.2037181847	0.0819631660	0.2505436413	0.4634657383	0.0003092698
0	0.4091611029	0.0041907188	0.0343860822	0.0571912747	0.4950708214
0	0.0231515233	0.7459089390	0.0710320453	0.0000000000	0.1599074924
0	0.0000000000	0.0037051592	0.0050508183	0.0728911065	0.9183529159
0	0.0912297778	0.0015783147	0.0787579202	0.0127231771	0.8157108102
0	0.0033350634	0.0030126528	0.0000000002	0.0003590454	0.9932932382
0	0.3608959477	0.0764047832	0.2929898899	0.0000000000	0.2697093793
0	0.2305403610	0.0273231553	0.4873227255	0.2548048861	0.0000088722
0	0.0016565650	0.1546905546	0.3898049905	0.3140050256	0.1398428643
1	0.0016750908	0.3035949957	0.2835918137	0.4061333293	0.0050047705
0	0.0337679548	0.1030429515	0.0000162154	0.0000003882	0.8631724901
0	0.0066894893	0.0367979379	0.0231261975	0.8800994180	0.0532869572
0	0.0042151796	0.0002302926	0.0111322749	0.0000000001	0.9844222529
0	0.3742193949	0.4013636276	0.0537816543	0.1129888897	0.0576464334
0	0.0000019974	0.0005302566	0.0178517398	0.0108414048	0.9707746014
0	0.0854397713	0.7875837547	0.0567025718	0.0006963051	0.0695775971
0	0.9315981710	0.0311608022	0.0007178063	0.0076046660	0.0289185546
0	0.0006232502	0.0863976154	0.3792127658	0.0414838647	0.4922825040
1	0.2631265914	0.2417859571	0.0751223611	0.4186139054	0.0013511849
0	0.0014368787	0.0000765411	0.1941607435	0.0428530692	0.7614727674
1	0.0021485129	0.5658573868	0.0000000000	0.0277640399	0.4042300604
1	0.1276186467	0.0356034693	0.0514544858	0.3356135095	0.4497098888
0	0.0420155274	0.0895549369	0.0709187035	0.1603986228	0.6371122095
0	0.0474671762	0.0809694942	0.0000046515	0.0081702526	0.8633884255
0	0.0000002442	0.1407187563	0.0740625835	0.0316269110	0.7535915049
0	0.1493582918	0.0034402969	0.0675549157	0.1055872568	0.6740592388
0	0.1741490357	0.0424712115	0.0485627800	0.0001074890	0.7347094838
0	0.0006638291	0.4731091464	0.0407275565	0.2650227352	0.2204767327
0	0.1859050342	0.1338182858	0.5988374392	0.0004733831	0.0809658577
0	0.1020789622	0.0081274406	0.7273969579	0.0932511506	0.0691454888
0	0.1154266157	0.3516932439	0.0017233547	0.0567085257	0.4744482600
0	0.3253086100	0.0009268444	0.0012814954	0.0502621659	0.6222208842
0	0.7678812680	0.0661121948	0.0115340538	0.0000128548	0.1544596287
0	0.0000006514	0.1058789434	0.1058853612	0.5114853389	0.2767497051
0	0.0000001945	0.0000063956	0.4534744446	0.1483557538	0.3981632116
0	0.0300906432	0.6075450796	0.0009909276	0.2537358941	0.1076374555
1	0.4325838077	0.0059672492	0.0024288484	0.5091229571	0.0498971376
0	0.0894128234	0.1041508571	0.6806661388	0.1243272184	0.0014429622
1	0.1457452369	0.0051377132	0.6747399284	0.0405370553	0.1338400662
0	0.2975885163	0.0470120039	0.5350510929	0.0002665511	0.1200818358
0	0.0954736167	0.4113353612	0.1170487357	0.0145158304	0.3616264560
0	0.5747496315	0.0148483985	0.1266055340	0.0763086193	0.2074878168
0	0.0000000000	0.0403855735	0.0835268722	0.0003887906	0.8756987637
0	0.0000000000	0.0404760714	0.0029247332	0.0281466900	0.9284525053
0	0.0223554637	0.0065120398	0.1044089446	0.0016297607	0.8650937911
0	0.4287875204	0.0002616169	0.4739705452	0.0000000161	0.0969803014
