0	0.0132008603	0.0033048414	0.4411541524	0.0896887970	0.4526513489
0	0.5309824319	0.0000000000	0.0125157053	0.4562188934	0.0002829694
0	0.3609563518	0.0157635075	0.0000000049	0.0000000001	0.6232801357
0	0.5337564329	0.1229449190	0.0680884186	0.0000000701	0.2752101595
0	0.2258055996	0.0220944233	0.1746035910	0.4957161616	0.0817802244
0	0.2445698431	0.1840931301	0.4330509478	0.1071383916	0.0311476875
2	0.1699091168	0.0174162320	0.5434251746	0.2570703694	0.0121791072
0	0.0992105243	0.1108444900	0.2414147969	0.0009008545	0.5476293344
0	0.0000784089	0.0019768767	0.6788211800	0.0138142226	0.3053093118
0	0.1936556302	0.0014148449	0.0100267597	0.0057232343	0.7891795310
0	0.3958429548	0.0692199411	0.4758750533	0.0072374333	0.0518246175
1	0.0001679365	0.0133075537	0.9559886243	0.0152367701	0.0152991154
0	0.0007467105	0.0000000000	0.0000199680	0.8485898333	0.1506434882
1	0.0000000000	0.0002179694	0.0416159717	0.0001690806	0.9579969783
1	0.2036608208	0.4477541387	0.3063030935	0.0031155145	0.0391664325
0	0.0487401820	0.0095195712	0.0335550583	0.0016760316	0.9065091568
0	0.0091068487	0.0116667691	0.0502906138	0.0425960315	0.8863397368
0	0.4835451566	0.0689516954	0.1838988790	0.0650478422	0.1985564269
0	0.0764889219	0.0833710944	0.0020746927	0.0000011974	0.8380640936
0	0.5518538562	0.4440464214	0.0000314153	0.0000000000	0.0040683071
0	0.0138413784	0.0321177818	0.0683595675	0.0046826398	0.8809986325
1	0.0950857451	0.0000064249	0.8982940527	0.0065964930	0.0000172843
0	0.0004015142	0.8863664781	0.0356758923	0.0378696291	0.0396864862
0	0.0140086978	0.1197868718	0.0531495832	0.1194670918	0.6935877553
0	0.0550813293	0.0000000031	0.0041666628	0.0554048662	0.8853471386
0	0.0000000000	0.0000000000	0.8261238745	0.0002254597	0.1736506658
0	0.0001916066	0.0550547600	0.6043800366	0.0309653896	0.3094082073
0	0.0446416649	0.0379447043	0.0696455798	0.7710081475	0.0767599035
0	0.0001200834	0.0288768556	0.0037577325	0.0000000054	0.9672453231
0	0.0697812396	0.1159692244	0.1136187316	0.0005926043	0.7000382001
0	0.0000005406	0.1105305182	0.1649057286	0.0000506310	0.7245125816
0	0.2263188836	0.6074141883	0.0007167720	0.0279892446	0.1375609115
1	0.5195133066	0.1186187457	0.0979790018	0.2514153130	0.0124736330
0	0.0000000854	0.4181415945	0.2280981824	0.3322050333	0.0215551044
0	0.0000000000	0.5624793094	0.0231663673	0.3056171150	0.1087372083
0	0.1612371066	0.0000851535	0.6892862547	0.0920177252	0.0573737600
0	0.0127675972	0.0091040199	0.1220676252	0.0000000000	0.8560607577
0	0.0177671187	0.0000930111	0.1874263600	0.0013396078	0.7933739024
0	0.0000000265	0.0112600943	0.0307517031	0.0022234765	0.9557646996
0	0.8648169288	0.0082097913	0.0589443275	0.0185724460	0.0494565063
0	0.0350184608	0.0315927291	0.0445108098	0.0277957885	0.8610822117
0	0.0001162205	0.0000000000	0.7278618429	0.1503031683	0.1217187682
0	0.2676272528	0.1656979596	0.3647289722	0.0000320476	0.2019137678
0	0.0000000000	0.2697143403	0.0000000000	0.0025623128	0.7277233469
0	0.0000000000	0.0153930719	0.0155330503	0.0296792096	0.9393946682
0	0.0000000003	0.1565293682	0.5293582487	0.1362599049	0.1778524779
0	0.5114829360	0.0004462493	0.0002798901	0.4733368137	0.0144541109
0	0.0033862882	0.1290232413	0.0877054930	0.0800949571	0.6997900205
0	0.0745861987	0.0002435763	0.0597693041	0.6414211249	0.2239797960
0	0.0000000381	0.7758713517	0.2241276490	0.0000008690	0.0000000923
0	0.0006696952	0.0013932350	0.1074621956	0.1510197478	0.7394551265
0	0.0082334208	0.7726720643	0.0291018270	0.0007952504	0.1891974376
0	0.0000000001	0.0912391802	0.0000613465	0.2707726355	0.6379268377
0	0.2653044139	0.0000426471	0.7331032724	0.0015451094	0.0000045572
0	0.0000226800	0.0004416035	0.0000000000	0.0209680054	0.9785677111
0	0.0798362705	0.1572440769	0.0331203878	0.0004172742	0.7293819906
0	0.4265041799	0.1009960051	0.3914608404	0.0235183954	0.0575205792
0	0.0001690965	0.0001614529	0.0007695913	0.8912569322	0.1076429271
0	0.0250053483	0.0006609740	0.0000000000	0.5413835490	0.4329501286
0	0.0342685642	0.0047388809	0.9157366778	0.0252675223	0.0199883548
0	0.0000000276	0.3817918535	0.0053289296	0.1956617536	0.4172174356
0	0.7012389237	0.0000225393	0.1714696566	0.0000874989	0.1271813814
0	0.0732175014	0.0130811743	0.0187107803	0.0776389055	0.8173516385
0	0.8958468441	0.0000000000	0.0550880072	0.0000000000	0.0490651486
0	0.2260010354	0.0000001825	0.0150252056	0.3429627322	0.4160108443
0	0.0052626811	0.0602572105	0.0637597251	0.0216470611	0.8490733222
1	0.0909796733	0.0831081224	0.5298840792	0.1893868415	0.1066412836
0	0.6229154990	0.0002713098	0.0001468242	0.0007792381	0.3758871288
0	0.0113037797	0.0576230238	0.0066884439	0.0148893931	0.9094953595
0	0.0000000458	0.0052651058	0.9111546432	0.0829783715	0.0006018336
0	0.0015203192	0.1796400188	0.0322582611	0.0031717396	0.7834096613
0	0.0214608316	0.0002173060	0.1866506538	0.1831661642	0.6085050444
0	0.0005525293	0.1730498712	0.5134193186	0.0111724347	0.3018058463
0	0.0180723769	0.1881667564	0.0827793399	0.7109815268	0.0000000000
0	0.0023243451	0.7835153228	0.0000657063	0.1346113201	0.0794833057
0	0.0401927633	0.0931332630	0.0800767201	0.3126345914	0.4739626623
0	0.0665058975	0.1619681269	0.4982058779	0.2513521315	0.0219679662
0	0.0270609656	0.0472764346	0.1226390667	0.0000000000	0.8030235331
0	0.0002907126	0.0509223477	0.0065088342	0.0448142750	0.8974638305
0	0.0000004567	0.0292638795	0.0961617141	0.4412333846	0.4333405650
0	0.1435223010	0.0018112659	0.0006908147	0.6325510713	0.2214245472
0	0.0000000000	0.0185902524	0.0999067968	0.0000000020	0.8815029488
0	0.0140463888	0.0277057025	0.9531311936	0.0006152463	0.0045014689
0	0.0000054065	0.0007714464	0.0000000000	0.0677949707	0.9314281764
0	0.0000000000	0.0904931028	0.0038292945	0.0062104989	0.8994671039
0	0.0003547086	0.2431285201	0.5519408098	0.0053570471	0.1992189144
0	0.0000000030	0.3008062870	0.2081355166	0.0217533906	0.4693048029
0	0.9871899181	0.0000000000	0.0085277939	0.0000643769	0.0042179112
0	0.1450157571	0.0179394634	0.8370447699	0.0000000096	0.0000000000
0	0.2253653252	0.7054535022	0.0039356034	0.0000378786	0.0652076905
0	0.0908901235	0.7720666942	0.0000045380	0.0329674142	0.1040712302
0	0.0000000000	0.0023452167	0.5169300202	0.3773382990	0.1033864640
1	0.0000000000	0.0000486270	0.4055339232	0.0007728526	0.5936445972
0	0.1617720526	0.0000280118	0.6476144280	0.0000000614	0.1905854462
0	0.3530022480	0.0000000000	0.0615013260	0.0365721776	0.5489242483
0	0.1710097218	0.0962105446	0.2838486287	0.4076103099	0.0413207950
0	0.0000033878	0.2275381625	0.2488905286	0.5212442129	0.0023237083
1	0.4053506867	0.0000104125	0.4076683604	0.0001641013	0.1868064392
1	0.0399028590	0.2777457960	0.0876189506	0.3652314147	0.2295009796
1	0.4133743898	0.0629709052	0.4017298459	0.0000000000	0.1219248592
