0	0.1169490186	0.0149994021	0.8557915072	0.0000000258	0.0122600463
0	0.0002711058	0.1331638664	0.0021254310	0.0483955792	0.8160440177
1	0.3960618185	0.5889456404	0.0000000002	0.0134426983	0.0015498425
0	0.0000001241	0.4077755671	0.0188018394	0.1317233806	0.4416990887
1	0.6298687137	0.0000000000	0.2616134191	0.1083729721	0.0001448950
0	0.0000000000	0.2582378669	0.0004642671	0.0000001528	0.7412977133
0	0.0038139788	0.3253973319	0.0000000002	0.0075666076	0.6632220815
0	0.0693657956	0.0000000000	0.0000000000	0.0000000000	0.9306342044
0	0.0006314462	0.0004643402	0.9436414216	0.0020611086	0.0532016833
0	0.0225773879	0.3463971906	0.4178158634	0.0000000000	0.2132095581
0	0.1199309918	0.0147409366	0.3842672311	0.3240086518	0.1570521887
0	0.4256646092	0.0001774966	0.3164887945	0.0140563957	0.2436127040
1	0.1543244746	0.0043369752	0.0035217833	0.0000000158	0.8378167512
0	0.0007041676	0.0000000000	0.0883603888	0.0000167360	0.9109187076
0	0.0000000000	0.2068669921	0.0903638714	0.7027689545	0.0000001820
0	0.0395249504	0.0066836500	0.0000000000	0.0000000000	0.9537913995
0	0.4603249679	0.0000000000	0.0866531185	0.0230402899	0.4299816238
0	0.1315298108	0.0749930983	0.6665190541	0.1142617936	0.0126962431
0	0.0103098570	0.4255266434	0.2471198098	0.0079304114	0.3091132783
0	0.0081416767	0.2843940429	0.0771849655	0.3968658790	0.2334134359
0	0.0000000002	0.6068675467	0.0017060506	0.0317784632	0.3596479394
0	0.1193002130	0.0000517075	0.0000127795	0.0428381377	0.8377971622
0	0.1067072114	0.0379726652	0.3402006238	0.0000000000	0.5151194996
0	0.0504953934	0.0039819102	0.3101251835	0.0000000431	0.6353974697
0	0.0000000028	0.0031616037	0.6721152340	0.0000056938	0.3247174657
0	0.0116713412	0.3803788268	0.2862845944	0.3099952838	0.0116699538
1	0.1338566505	0.0578543434	0.3367367269	0.0001002161	0.4714520631
0	0.0738000231	0.0136627728	0.0000168503	0.0564364086	0.8560839452
0	0.0000486370	0.2495741335	0.0000005031	0.3904596164	0.3599171100
0	0.0898305029	0.1123938993	0.0250158791	0.0372626221	0.7354970966
0	0.1570721743	0.0293020966	0.4854350090	0.0463077052	0.2818830149
0	0.0007598383	0.0000833877	0.7047392468	0.0000000000	0.2944175272
0	0.1883751777	0.1550698393	0.0188566689	0.0000000000	0.6376983140
0	0.4131548316	0.0000000000	0.2965093640	0.1975957507	0.0927400537
0	0.0004209355	0.2376593751	0.3439967113	0.0023614998	0.4155614783
0	0.1028928066	0.0793764707	0.0357649593	0.0395454795	0.7424202840
0	0.0000000888	0.2362790654	0.1270474602	0.5224753255	0.1141980601
1	0.0065314050	0.0000000000	0.3215726646	0.0951257035	0.5767702269
0	0.0987101651	0.6072392306	0.0000000000	0.0000000004	0.2940506039
1	0.2224987919	0.4839141895	0.1482285472	0.0184803560	0.1268781153
0	0.3988730276	0.0000000436	0.3186263545	0.0190712331	0.2634293412
0	0.2170327884	0.0194287996	0.3125682676	0.0275012390	0.4234689054
0	0.4581304340	0.2840980754	0.1631477025	0.0946237881	0.0000000000
0	0.0459324751	0.1438180256	0.3858895048	0.0000012809	0.4243587137
0	0.0222120689	0.0526469101	0.8317236695	0.0933880175	0.0000293340
2	0.0097205078	0.0330049305	0.0475932816	0.0144428685	0.8952384116
0	0.0000000000	0.0063947502	0.0247824057	0.0495465267	0.9192763174
0	0.7108699531	0.0999235733	0.0100917018	0.0003199661	0.1787948057
0	0.0973417538	0.0410737722	0.0045025785	0.6485519650	0.2085299306
1	0.0991310725	0.0006648471	0.0515491962	0.4765955642	0.3720593200
0	0.2312750478	0.0212353414	0.0673120622	0.0000036884	0.6801738602
0	0.0048074980	0.1130234659	0.0431238403	0.0000001875	0.8390450083
1	0.0006270099	0.1196578628	0.0594348127	0.1540361345	0.6662441800
0	0.0000000705	0.0914561484	0.1717042296	0.2157158661	0.5211236854
0	0.0012470689	0.0020510614	0.0221614202	0.9723403342	0.0022001152
0	0.3280659978	0.0044450609	0.3589372669	0.2988445270	0.0097071474
0	0.0000946073	0.5655897889	0.1904019739	0.0023705380	0.2415430919
0	0.5721337867	0.0003750902	0.3645911866	0.0001416128	0.0627583237
0	0.1043720767	0.0985703285	0.5610279711	0.0239376004	0.2120920233
0	0.0142282880	0.0000203987	0.6766033345	0.0000010405	0.3091469383
0	0.0006314894	0.1445149956	0.0155214527	0.7872230115	0.0521090508
0	0.3074675163	0.4759961768	0.0947564839	0.0628202237	0.0589595994
0	0.0000000001	0.0609888637	0.8213368913	0.0000000000	0.1176742449
0	0.0111235502	0.0000462613	0.0040946808	0.6734925691	0.3112429387
0	0.0002310755	0.0001650972	0.6420777442	0.0000678130	0.3574582701
0	0.4667840751	0.0000000000	0.2574078103	0.0702504000	0.2055577146
0	0.0079276447	0.1523518080	0.2921886952	0.0287639447	0.5187679073
0	0.0582528258	0.0000011321	0.3905960479	0.1082856359	0.4428643583
0	0.3146557053	0.0293930962	0.0540988702	0.0880627762	0.5137895522
1	0.7598424477	0.0200666390	0.0000702753	0.2045402958	0.0154803422
1	0.0933639984	0.6026162921	0.0168503470	0.0551149594	0.2320544031
0	0.2189544937	0.0070905093	0.0000661535	0.5986531187	0.1752357249
0	0.4887718495	0.0617999703	0.3472662052	0.0857340706	0.0164279044
0	0.5620365594	0.0177825347	0.0670915319	0.1286846957	0.2244046783
0	0.0001103564	0.0515311605	0.5955795313	0.0000019953	0.3527769565
0	0.1243685873	0.0014981166	0.5601177126	0.0000000000	0.3140155836
0	0.0628063176	0.0318155980	0.0859976754	0.0018651992	0.8175152097
0	0.0002299606	0.1659994571	0.0113068803	0.0000000000	0.8224637020
0	0.2209251173	0.0000161773	0.0005046854	0.0010062463	0.7775477737
0	0.1211833261	0.1103405118	0.0010041890	0.0029348428	0.7645371302
0	0.0183620782	0.4466670431	0.0474657975	0.0000000000	0.4875050812
0	0.0000000000	0.7351244185	0.0000434016	0.0000000000	0.2648321799
0	0.1531548102	0.0000012830	0.2613993502	0.0699483631	0.5154961935
0	0.7675211723	0.0325327975	0.0913412102	0.0034455711	0.1051592489
0	0.0036769899	0.1741479894	0.0844097193	0.0000000000	0.7377653013
0	0.0000000759	0.5052470987	0.0026634757	0.0011812258	0.4909081239
0	0.2885073291	0.2531943137	0.4500668205	0.0073369586	0.0008945782
0	0.0016345837	0.0000000004	0.0042894608	0.0176388341	0.9764371210
0	0.0003320502	0.0000000000	0.1415054260	0.0194859836	0.8386765401
0	0.0006729337	0.0120411182	0.2070731884	0.0019993072	0.7782134525
0	0.0132233395	0.1900995113	0.0000545572	0.6117936290	0.1848289630
0	0.7241924743	0.0176461946	0.1768929477	0.0000000000	0.0812683834
1	0.0292277056	0.0000003372	0.0034459296	0.0225681541	0.9447578734
0	0.0950298061	0.1260258309	0.0018480208	0.0570571979	0.7200391443
0	0.2406984653	0.2111340875	0.2179464315	0.0000000000	0.3302210157
0	0.0381251074	0.0004559435	0.9466748499	0.0028922855	0.0118518137
0	0.0618263079	0.1544442392	0.0560501800	0.0000759955	0.7276032774
0	0.0769014045	0.6980360044	0.1166165895	0.0039965857	0.1044494160
0	0.0001137833	0.0014291128	0.1491588991	0.0000002804	0.8492979245
0	0.6955646758	0.1684283456	0.0000000013	0.0049313463	0.1310756310
