0	0.0179909921	0.0000635701	0.9467605107	0.0002200546	0.0349648725
0	0.1430528094	0.1007743699	0.0007975981	0.0000000000	0.7553752227
0	0.0394798173	0.0102871942	0.4557824189	0.3242094291	0.1702411404
0	0.0288930047	0.2071073208	0.0478768931	0.0655515377	0.6505712436
0	0.0344637014	0.0000035554	0.0000000382	0.6137633470	0.3517693580
0	0.2663258405	0.4282858051	0.0095216696	0.0454818398	0.2503848450
0	0.3438821026	0.0000403668	0.0701348047	0.0408477749	0.5450949510
0	0.0000000003	0.0000000000	0.0881106232	0.0100917987	0.9017975779
0	0.0000280803	0.1858537134	0.7059130760	0.0044754152	0.1037297151
0	0.3289958743	0.0125483594	0.0000000000	0.3585159845	0.2999397818
0	0.0137398553	0.0022445072	0.0486394385	0.0002265451	0.9351496539
0	0.0083281800	0.0204453306	0.0088497965	0.0257753918	0.9366013010
0	0.0000000854	0.5274769035	0.2026282029	0.1274846674	0.1424101408
0	0.0026515348	0.3311936057	0.0882075506	0.3008000681	0.2771472407
0	0.0007820558	0.1287454296	0.2088209423	0.0000061412	0.6616454311
0	0.0000003475	0.0340757634	0.1225092464	0.0002486059	0.8431660369
0	0.1907443072	0.6629804721	0.1453255451	0.0000333835	0.0009162921
1	0.0565647155	0.0022390282	0.0000000030	0.0000000000	0.9411962533
0	0.0000000000	0.0156718388	0.1541318353	0.3713737669	0.4588225590
0	0.4122682706	0.0881861510	0.1784958447	0.0050526129	0.3159971208
0	0.0023867629	0.0325392369	0.9626409373	0.0000830353	0.0023500277
0	0.2299917282	0.0000767011	0.5339993311	0.0005150375	0.2354172021
0	0.7548732710	0.0000750619	0.2412689156	0.0000000948	0.0037826567
0	0.1047101980	0.3567553633	0.0537481334	0.4819192568	0.0028670485
1	0.0045027313	0.2607554003	0.2640797219	0.1766953868	0.2939667597
0	0.1039937870	0.0001736052	0.0001071227	0.1049398103	0.7907856748
0	0.0070010327	0.0011687664	0.2160189550	0.0373343312	0.7384769147
0	0.0000000669	0.0015895817	0.2715284399	0.0099133634	0.7169685481
0	0.1734992970	0.0680843024	0.0012900052	0.0078047909	0.7493216045
0	0.0000000000	0.0447585435	0.8378513526	0.0258205527	0.0915695512
0	0.2732535589	0.0256571250	0.0115691449	0.1831652148	0.5063549563
0	0.0507142912	0.1056324440	0.6538059236	0.0126470844	0.1772002568
0	0.2065003795	0.0000000000	0.7751810292	0.0000000005	0.0183185908
0	0.2914542360	0.0000000000	0.3735670583	0.1507580761	0.1842206297
0	0.2091623704	0.2470117925	0.0135113196	0.0004427581	0.5298717594
0	0.0000010298	0.0108928777	0.0000000208	0.0009093800	0.9881966917
1	0.5130821047	0.2487948568	0.1916685572	0.0063747369	0.0400797443
0	0.2263940843	0.0002210372	0.0391962122	0.3261325660	0.4080561003
0	0.2389080930	0.0000000001	0.3827264146	0.0000085330	0.3783569593
0	0.0002317224	0.3477678251	0.5614860615	0.0138449214	0.0766694697
0	0.0695572778	0.0001060871	0.2862030113	0.5794304258	0.0647031979
0	0.0110543270	0.0318581578	0.0194963896	0.0000382412	0.9375528844
0	0.0764470327	0.0000004048	0.9003661061	0.0000000000	0.0231864564
0	0.5394762946	0.2299967176	0.0080453596	0.0239232904	0.1985583378
0	0.0005096509	0.1853645208	0.7240391996	0.0000000041	0.0900866247
0	0.0186803658	0.0000005127	0.3706565920	0.5605544958	0.0501080336
0	0.0050182818	0.0023407170	0.0140892939	0.0976355707	0.8809161366
0	0.0002123204	0.0786506349	0.4643749105	0.0008216573	0.4559404768
0	0.0042337100	0.0676310025	0.0000426034	0.0689682907	0.8591243934
0	0.4968132124	0.0859012714	0.0413857995	0.0046037632	0.3712959535
0	0.0000000000	0.0087741766	0.8180631221	0.0000002101	0.1731624911
0	0.1810787213	0.0003140408	0.0000000045	0.1498878802	0.6687193532
0	0.1060002462	0.3894775889	0.0006839707	0.3276296906	0.1762085036
1	0.0331746922	0.0653097678	0.5427331174	0.0000000000	0.3587824226
0	0.1069583609	0.2134538818	0.1319582142	0.0155192195	0.5321103237
0	0.2591714275	0.2951173578	0.1767475588	0.2160197617	0.0529438942
0	0.0000000135	0.2369067566	0.7068367117	0.0095266049	0.0467299134
0	0.0324468604	0.0059983563	0.9468754602	0.0000000000	0.0146793230
0	0.0004273320	0.0221361659	0.1215533821	0.0000000000	0.8558831201
0	0.0154879841	0.6627653829	0.0790871559	0.1728576191	0.0698018581
0	0.0051505752	0.0578043269	0.0001474266	0.0000043119	0.9368933593
0	0.0000408263	0.0000371837	0.4992921221	0.4993667448	0.0012631231
0	0.0752328265	0.0111867041	0.8125900606	0.0803346960	0.0206557129
0	0.0062180733	0.1080613884	0.1200382837	0.1949295326	0.5707527220
0	0.5243972199	0.1626528293	0.0000056691	0.3102363501	0.0027079316
1	0.0000000000	0.2358084055	0.0032499023	0.0000017210	0.7609399712
0	0.0508880647	0.2091311626	0.2522492898	0.0967710177	0.3909604652
0	0.1007395193	0.0048103178	0.1179767610	0.0405245713	0.7359488307
0	0.0005378630	0.0959908832	0.0807176974	0.7997339103	0.0230196461
0	0.2455850351	0.2538917895	0.0695965030	0.2474808945	0.1834457779
0	0.0000000146	0.0033156356	0.1342857100	0.1670277550	0.6953708848
0	0.0000585984	0.0381121736	0.1590503672	0.1591673829	0.6436114779
0	0.0155888715	0.0473810579	0.2285344541	0.0021026762	0.7063929404
0	0.0000609870	0.0000000000	0.1246909485	0.0751863417	0.8000617228
0	0.0000000000	0.0111334909	0.9711279101	0.0000000348	0.0177385642
0	0.0000000000	0.0000024720	0.2184341041	0.0005726601	0.7809907639
0	0.4288256741	0.0785638003	0.0093782128	0.2938693344	0.1893629784
2	0.0612268291	0.0000393469	0.5067147294	0.0547735453	0.3772455493
0	0.0006230684	0.2839450264	0.4834038749	0.0541702909	0.1778577394
0	0.0000030737	0.0034344697	0.0000000000	0.0086342552	0.9879282013
0	0.1310419963	0.1894277787	0.1258697472	0.0028054142	0.5508550636
0	0.0022131340	0.6782476160	0.0673832721	0.0000046678	0.2521513102
0	0.6123382419	0.1646079711	0.2230482057	0.0000054786	0.0000001027
0	0.3504930933	0.0390421120	0.4568801653	0.0739559865	0.0796286429
0	0.0000000000	0.9690661243	0.0008845449	0.0000000000	0.0300493308
0	0.1641418850	0.0015103973	0.0025895716	0.0000000068	0.8317581394
0	0.0677574786	0.0060157258	0.3177476945	0.0000000000	0.6084791011
0	0.1657487374	0.0000000000	0.6518406979	0.0010565648	0.1813540000
0	0.0003764347	0.3036840788	0.2848043857	0.0053718073	0.4057632936
0	0.0192237664	0.0240809057	0.0005759896	0.0003140291	0.9558053092
0	0.0000000039	0.3097733512	0.3937898435	0.0428417903	0.2535950112
0	0.0009247462	0.0000000002	0.3033456748	0.6927975048	0.0029320740
0	0.0112923905	0.0668521136	0.2237313784	0.0000636161	0.6980605014
0	0.1869114126	0.0027107550	0.5813032262	0.2209475653	0.0081270408
0	0.0000000000	0.0161300955	0.0492494868	0.3496787853	0.5849416323
0	0.0941509769	0.1435224245	0.4442072619	0.0015868406	0.3165324961
0	0.2280955004	0.0000005560	0.1182172770	0.0067514992	0.6469351674
0	0.0000000852	0.6007079569	0.3865588904	0.0001843460	0.0125487215
0	0.0035772302	0.0094082674	0.0007072072	0.0000023531	0.9863049421
0	0.1511668336	0.1383718645	0.1339946821	0.4896708969	0.0867957229
