0	0.1186463035	0.6691433432	0.1293369970	0.0182667273	0.0646066291
0	0.0001567813	0.0451327122	0.0000000000	0.0176111582	0.9370993482
0	0.0981160080	0.0000000000	0.0019067927	0.0000591040	0.8999180953
0	0.1909699737	0.0002159874	0.2660288605	0.0018379194	0.5409472589
0	0.4727907844	0.0244699404	0.2302232113	0.0931435524	0.1793725114
0	0.0418801521	0.0005346498	0.5742568471	0.0008712650	0.3824570860
0	0.0066873052	0.2521112650	0.3032144152	0.1441881090	0.2937989055
0	0.0389840845	0.0087466461	0.6290953172	0.0000004736	0.3231734786
0	0.0050716727	0.0000000000	0.3718300809	0.4193138845	0.2037843619
0	0.0035200541	0.5285591224	0.3809268735	0.0000014469	0.0869925031
0	0.0245046714	0.0000000000	0.1948727309	0.0052147553	0.7754078423
0	0.6583929413	0.2761819339	0.0527330619	0.0017124938	0.0109795691
1	0.3307459202	0.0003235798	0.0000005087	0.0000000000	0.6689299912
0	0.1169220322	0.1046261183	0.1841679882	0.0005315498	0.5937523115
1	0.0089748530	0.2931357593	0.4667196923	0.0140737266	0.2170959688
0	0.0216122377	0.0000151846	0.0000068022	0.3195527308	0.6588130447
0	0.0132448852	0.0073653520	0.1838605790	0.0000000015	0.7955291823
0	0.0391447975	0.6669582145	0.1220938247	0.0146416504	0.1571615128
0	0.0000000000	0.0007234275	0.2325019368	0.3038284821	0.4629461536
0	0.0891740041	0.0037049505	0.0000000000	0.0609997394	0.8461213060
1	0.0074163612	0.0277590955	0.4885499228	0.0007969500	0.4754776705
0	0.0000000033	0.0000000886	0.0000000000	0.7081342947	0.2918656134
0	0.0297481649	0.2164137559	0.0512976558	0.0020820856	0.7004583378
0	0.1378219162	0.0037620920	0.1709080941	0.0006130569	0.6868948408
0	0.0634169059	0.0021884360	0.2256084006	0.3547091729	0.3540770846
1	0.0020679425	0.0000010727	0.2909184737	0.4625069185	0.2445055927
0	0.0035840861	0.8149088396	0.0658144013	0.0000000012	0.1156926718
0	0.0584407160	0.0455977960	0.0485734439	0.0094058389	0.8379822052
0	0.5386899374	0.2679364182	0.0469612374	0.1054195636	0.0409928434
1	0.1510956178	0.0000000000	0.0915708776	0.0000000002	0.7573335044
0	0.5297669290	0.0044047976	0.3899796811	0.0622944441	0.0135541482
0	0.0000016081	0.0103044955	0.0000000058	0.0075486933	0.9821451974
0	0.5351225969	0.0004774255	0.2094732040	0.1751839421	0.0797428316
0	0.0039107772	0.3696441238	0.2322598457	0.1883066908	0.2058785624
0	0.0000000000	0.2943259457	0.6560779431	0.0419762121	0.0076198991
0	0.6233510908	0.0607841140	0.0220497276	0.2934769812	0.0003380864
0	0.1416970800	0.4567891104	0.0708940092	0.2700435926	0.0605762078
0	0.1289585549	0.0000000100	0.0347517605	0.0010588323	0.8352308424
1	0.0098748588	0.0000000000	0.6609427095	0.0313838247	0.2977986070
0	0.0009143117	0.6203148736	0.3730349106	0.0002048969	0.0055310072
2	0.5375743208	0.0000088172	0.4549668213	0.0000000000	0.0074500407
0	0.0011714670	0.1904354048	0.1677999623	0.0039201655	0.6366730005
0	0.0000000000	0.6289926531	0.0133668127	0.3287983254	0.0288422089
0	0.3204687548	0.6107310253	0.0533570470	0.0000000000	0.0154431729
0	0.1175032960	0.0817155904	0.2348124359	0.5428449310	0.0231237468
1	0.3862535412	0.3459444526	0.0000000143	0.2678019918	0.0000000002
0	0.0000000099	0.0982528524	0.5030020153	0.0000062487	0.3987388737
1	0.0122405234	0.0136147525	0.4181014631	0.0204657959	0.5355774651
0	0.2916806017	0.0853466630	0.2324063751	0.0000343569	0.3905320033
0	0.0000000000	0.0548753269	0.2035206426	0.2766118868	0.4649921436
0	0.5675494785	0.0008454199	0.3880241007	0.0094368029	0.0341441980
0	0.2974612525	0.3454565975	0.0011294900	0.1106950638	0.2452575961
0	0.1144469399	0.0023676531	0.0282514955	0.1460748212	0.7088590903
0	0.0007679382	0.3478764810	0.2193464843	0.2521654335	0.1798436629
0	0.2372844443	0.0192208574	0.6907222384	0.0229113229	0.0298611369
0	0.0083960717	0.0795103572	0.6530267112	0.0501359592	0.2089309006
0	0.5036299863	0.3493201759	0.0929101659	0.0336034187	0.0205362532
0	0.1339067197	0.1449819801	0.7079377592	0.0126733151	0.0005002259
0	0.2917360336	0.0825517277	0.1887708832	0.3168046258	0.1201367297
1	0.4759828318	0.0000006409	0.4039293216	0.0000000000	0.1200872056
0	0.0001467137	0.0003532486	0.2983068482	0.1358382204	0.5653549691
0	0.3912568215	0.0264490444	0.0000000000	0.0104519544	0.5718421797
0	0.0016361763	0.1934091953	0.0009784137	0.0795626350	0.7244135797
0	0.0571558209	0.4793887831	0.0948063715	0.3348445595	0.0338044650
0	0.7417855864	0.0094482301	0.2348965770	0.0126937291	0.0011758774
1	0.0008108485	0.0467051818	0.5755467276	0.0000000000	0.3769372422
0	0.0397833670	0.0170671431	0.8384302520	0.0006289149	0.1040903229
1	0.1489667314	0.0054294766	0.0043310667	0.1695114390	0.6717612864
0	0.2264258471	0.0002748159	0.3535910295	0.0628041424	0.3569041651
1	0.0000000000	0.0014605795	0.0054413260	0.0011866235	0.9919114710
0	0.0198907498	0.3010207831	0.1383270125	0.0176330787	0.5231283759
0	0.0000184555	0.0000000000	0.9398514771	0.0598947798	0.0002352876
0	0.0325583077	0.0185360431	0.9034075964	0.0292376787	0.0162603741
0	0.0955603826	0.0362937949	0.0155425845	0.5159577119	0.3366455261
0	0.0008947179	0.0000000001	0.9930412557	0.0023622275	0.0037017988
1	0.6147284321	0.0188178883	0.0006656943	0.2450445030	0.1207434823
0	0.0158645446	0.3387211103	0.0053151601	0.6153746189	0.0247245662
0	0.0039136792	0.0008232505	0.0103479109	0.0000221762	0.9848929831
1	0.3167228804	0.0410687453	0.2525946989	0.3645395806	0.0250740949
0	0.0448859009	0.7375932321	0.1112300285	0.0424337016	0.0638571370
0	0.0079954436	0.2709069572	0.5455849947	0.0636040603	0.1119085442
0	0.2222962724	0.4357674864	0.0725192720	0.2574229103	0.0119940589
0	0.0030720080	0.3375462185	0.0000000000	0.3790802924	0.2803014811
0	0.6803243278	0.0121976867	0.0038188876	0.0784472461	0.2252118518
1	0.0822542330	0.0000000000	0.0079731024	0.0000000000	0.9097726646
0	0.1203535861	0.0164053298	0.2743242642	0.4468249482	0.1420918718
0	0.4674055756	0.3050934757	0.0044217088	0.0000485342	0.2230307057
0	0.2006810837	0.0005250231	0.0000000434	0.1281368954	0.6706569545
0	0.0000251337	0.0277784244	0.0418735616	0.0000000000	0.9303228803
0	0.6076952141	0.2306309894	0.0019946526	0.0671880635	0.0924910804
0	0.0568679502	0.3918163854	0.2590923536	0.0845952327	0.2076280781
0	0.0142186664	0.2534473023	0.5561952831	0.0207855571	0.1553531911
0	0.1095527425	0.0014227852	0.2919886870	0.0074409224	0.5895948630
0	0.0000000253	0.0000001077	0.2861350620	0.1614226153	0.5524421897
0	0.1386549375	0.3420702305	0.0406774129	0.0000000000	0.4785974191
0	0.0000117831	0.0435783001	0.2242149581	0.0044436070	0.7277513517
0	0.0177152145	0.4918014495	0.0114435252	0.4304242713	0.0486155395
0	0.0107370486	0.0000040670	0.0000037728	0.3796622247	0.6095928870
0	0.0000000000	0.0000341605	0.0997732709	0.0056381787	0.8945543898
0	0.1394324605	0.8577486535	0.0002128052	0.0000000000	0.0026060808
