0	0.2377705717	0.3407209877	0.0078088432	0.2578862160	0.1558133815
0	0.0166361716	0.4354385126	0.4932273905	0.0342817379	0.0204161875
0	0.0000008432	0.0620088706	0.9224617758	0.0000000001	0.0155285104
0	0.2258237782	0.7518683019	0.0000000124	0.0136061740	0.0087017335
0	0.0000010274	0.1707813161	0.0000786374	0.0000000008	0.8291390183
0	0.0033353566	0.0881894386	0.7113135944	0.0015390275	0.1956225829
0	0.5384557366	0.0859323120	0.2987771865	0.0194312117	0.0574035531
1	0.0000000003	0.0149306270	0.0260151757	0.1725180621	0.7865361348
0	0.0498927401	0.2386720388	0.0172298245	0.0000000000	0.6942053965
0	0.0000000000	0.0148719179	0.0040907547	0.0005210224	0.9805163050
0	0.2565881703	0.0018552510	0.5616432220	0.0000000000	0.1799133566
0	0.3028569272	0.3146008367	0.0658923329	0.1408782279	0.1757716752
0	0.0942692413	0.0638376745	0.8229860002	0.0189070834	0.0000000006
0	0.0001523592	0.6316908698	0.0493854610	0.0001504239	0.3186208862
0	0.0000000001	0.0000111433	0.8463327296	0.0000520376	0.1536040894
0	0.4189245327	0.0102413861	0.1267060599	0.4441277964	0.0000002248
0	0.1011217994	0.1761925196	0.3686910664	0.1206439774	0.2333506372
0	0.0000000000	0.0561462002	0.1688343700	0.0334080314	0.7416113985
0	0.0329139493	0.0948849345	0.3846605462	0.2765380586	0.2110025114
0	0.1030540507	0.0000000002	0.2509586517	0.1766269101	0.4693603873
0	0.1631914164	0.0000565791	0.8367498532	0.0000018220	0.0000003293
0	0.0413636333	0.3047252997	0.0000465605	0.0100868261	0.6437776804
1	0.1855784071	0.0078221236	0.0000000000	0.0000658444	0.8065336249
0	0.0000000728	0.0000000000	0.5253703299	0.0613515752	0.4132780221
0	0.0000000005	0.0807988529	0.0140403251	0.6919764293	0.2131843922
0	0.0273804621	0.3179795124	0.0000000000	0.1514640824	0.5031759432
0	0.0455198178	0.0531815787	0.0095719327	0.2311020124	0.6606246584
0	0.0000000000	0.4305463194	0.4443997674	0.0744215703	0.0506323430
0	0.0493481297	0.0625972819	0.8551896436	0.0136606186	0.0192043262
0	0.0555174760	0.1286640355	0.0554339532	0.0219641499	0.7384203854
0	0.3656250181	0.0004791174	0.5190315882	0.0485345131	0.0663297632
0	0.2001453615	0.0200523586	0.1806432409	0.2459690903	0.3531899487
0	0.4255252404	0.0000000436	0.4777235918	0.0060037383	0.0907473859
0	0.0000000198	0.0094979773	0.7510678848	0.2014428560	0.0379912621
0	0.0009371295	0.0002838713	0.3424954176	0.5187482823	0.1375352993
0	0.0207507753	0.0000150750	0.3660809077	0.1057421138	0.5074111283
0	0.0000006487	0.1232500097	0.1372483107	0.7395010305	0.0000000005
0	0.0011368548	0.0103668585	0.2464542377	0.4809367699	0.2611052791
0	0.0209844635	0.0465318884	0.3590362460	0.2308275702	0.3426198318
0	0.4606703103	0.1627037608	0.2195794895	0.0000000005	0.1570464389
0	0.0000000000	0.2926910391	0.1840169146	0.0788964444	0.4443956018
0	0.0000178124	0.0186910652	0.0087209913	0.0000000015	0.9725701295
0	0.0000000000	0.0661923869	0.6834768122	0.2143524855	0.0359783154
0	0.0000208104	0.2072544594	0.0000005314	0.0000000005	0.7927241983
0	0.1463238353	0.0504844735	0.1826895408	0.0024732917	0.6180288586
0	0.0218028273	0.7256164453	0.0574247707	0.0000000000	0.1951559567
0	0.0025481558	0.0004104977	0.2302411751	0.0477013912	0.7190987801
0	0.0058215347	0.0082707680	0.0707988136	0.0000000000	0.9151088836
0	0.0149823059	0.0018897281	0.0287295265	0.0012826706	0.9531157689
0	0.3160880622	0.0004229558	0.0003200047	0.0963676119	0.5868013654
0	0.0000000000	0.0007023633	0.7328874510	0.0176710724	0.2487391132
0	0.0055222661	0.0006358338	0.2698807461	0.6572589147	0.0667022393
0	0.0002363784	0.7740396107	0.1450158582	0.0692409905	0.0114671622
0	0.1861774127	0.6003434451	0.0060638448	0.0000905179	0.2073247795
0	0.0000000000	0.0000026404	0.0000046129	0.0013454648	0.9986472818
0	0.0036073275	0.4278679802	0.0588739023	0.0320945627	0.4775562272
0	0.2103872062	0.0153418710	0.6769455131	0.0973253790	0.0000000308
0	0.0000022772	0.1080084016	0.0000000420	0.0029372025	0.8890520767
0	0.0293312706	0.1472453922	0.0483248560	0.0043117390	0.7707867422
0	0.1173787056	0.8297915121	0.0000120079	0.0000005634	0.0528172110
0	0.0025400196	0.0243012773	0.8874052263	0.0663922444	0.0193612324
0	0.0000038681	0.3124580757	0.0547549788	0.0265327517	0.6062503258
0	0.0003355664	0.0021874103	0.6325010730	0.0066226031	0.3583533471
0	0.0047136914	0.0000109109	0.9870089620	0.0075246966	0.0007417391
0	0.0004696890	0.2861852903	0.1347073876	0.0021195057	0.5765181274
0	0.0006260124	0.0113679041	0.4560337794	0.3124983297	0.2194739743
0	0.3635154936	0.0135715303	0.1563363549	0.0203027649	0.4462738563
0	0.1630045749	0.0000041356	0.2515297897	0.0438623446	0.5415991552
0	0.0023050716	0.0058599928	0.8432795101	0.0000000528	0.1485553726
0	0.5167584685	0.0120987750	0.4408078358	0.0289593790	0.0013755417
0	0.0015575295	0.0651881521	0.0159419934	0.0672552740	0.8500570510
0	0.5633524802	0.0295019006	0.3431208167	0.0640148685	0.0000099340
0	0.0000388801	0.0000000000	0.1648565251	0.0764268490	0.7586777458
0	0.0024063113	0.0000000000	0.9088848308	0.0264061644	0.0623026935
0	0.0000000000	0.0057186331	0.0735805054	0.0375000262	0.8832008354
0	0.0347308183	0.0000704267	0.0069103742	0.0018222579	0.9564661230
0	0.0872015665	0.0116382596	0.2984663260	0.0000000359	0.6026938120
0	0.0000000000	0.0044553230	0.9395095839	0.0000000004	0.0560350927
0	0.6256080440	0.0020797911	0.0019022757	0.3660921284	0.0043177608
0	0.0079069388	0.0000001339	0.7912050449	0.0000000000	0.2008878825
0	0.1974179836	0.0467167561	0.0975254681	0.0614258619	0.5969139303
0	0.0272115935	0.6116900125	0.0948249558	0.0769176375	0.1893558007
0	0.1184853976	0.0729316489	0.4766158325	0.0000000032	0.3319671178
0	0.0204526989	0.0000414539	0.8950611248	0.0844446069	0.0000001155
0	0.7563389965	0.0208983631	0.0005570525	0.0057104402	0.2164951476
0	0.1240901150	0.0291170957	0.7667605474	0.0014406528	0.0785915890
0	0.0029755392	0.0000000446	0.1133525678	0.0347842110	0.8488876375
0	0.7079936329	0.0397598838	0.1841989142	0.0000033089	0.0680442601
2	0.6736798459	0.0000000025	0.1725411747	0.0270772342	0.1267017426
0	0.0000314441	0.0001079102	0.4553255788	0.0000414988	0.5444935680
0	0.0000115598	0.0325100852	0.0002617617	0.5354384335	0.4317781598
0	0.8290244228	0.0006717785	0.0001436836	0.0886461011	0.0815140140
0	0.0095629498	0.5241779341	0.0002787178	0.1156226774	0.3503577209
0	0.6025788365	0.0000040858	0.0957356246	0.0003100237	0.3013714294
0	0.0000000001	0.3539183987	0.0128538807	0.0038837713	0.6293439492
1	0.0245229354	0.0423796206	0.0026690285	0.6011692835	0.3292591319
1	0.0175345072	0.0000000000	0.1972344948	0.7484225897	0.0368084083
0	0.2259718981	0.0000014373	0.0061734026	0.2195413498	0.5483119122
0	0.6029080186	0.0277213396	0.1089900236	0.0129538010	0.2474268173
0	0.1638699161	0.0000000000	0.0000000000	0.1224267225	0.7137033614
