0	0.0239169500	0.0685761694	0.0000005154	0.1439200291	0.7635863361
0	0.2544763788	0.2779379094	0.0996022161	0.0554231897	0.3125603060
0	0.2435173359	0.0001411410	0.0485842521	0.0004182580	0.7073390130
0	0.0005931161	0.1559014342	0.8429008013	0.0001209966	0.0004836519
0	0.0000000000	0.0000791571	0.0038718316	0.0000613932	0.9959876181
0	0.2624667441	0.0145146799	0.1353712300	0.0015515084	0.5860958375
0	0.1811503425	0.0000000000	0.1332392659	0.3655275428	0.3200828487
2	0.0033046726	0.0005306306	0.5628795156	0.3127418810	0.1205433001
0	0.0000000000	0.1668622759	0.0746392558	0.0803657126	0.6781327557
0	0.0019749284	0.3694132954	0.4218224225	0.0002260194	0.2065633342
0	0.0014415917	0.0013811653	0.9971771849	0.0000000000	0.0000000581
0	0.0000000000	0.3463850433	0.6182990080	0.0054806043	0.0298353444
0	0.0006210577	0.2813400739	0.1933602339	0.2060813895	0.3185972450
0	0.0101144046	0.0000320599	0.3851599698	0.0047776020	0.5999159638
0	0.0045894392	0.0000995241	0.0000022790	0.2802815133	0.7150272443
0	0.4256115399	0.0039610217	0.0142366553	0.4428454021	0.1133453809
0	0.0561374600	0.0182199066	0.3895675217	0.1064081839	0.4296669278
0	0.0212757261	0.6239249057	0.0400069807	0.0017667962	0.3130255912
0	0.0000995681	0.0000007685	0.4811711049	0.0920011150	0.4267274435
0	0.7668924397	0.0000000000	0.1011532590	0.0026984152	0.1292558862
0	0.0002047666	0.0410515770	0.0000392047	0.0634721171	0.8952323347
0	0.0000000000	0.5780913052	0.0000082442	0.0000021461	0.4218983045
0	0.0049488696	0.0841000656	0.0615944552	0.7701009894	0.0792556201
0	0.1961155487	0.0000000020	0.3107204321	0.1861721901	0.3069918270
0	0.1981936131	0.0079109576	0.3503606819	0.0000741173	0.4434606300
0	0.0103501069	0.0445511851	0.0079196682	0.0018781903	0.9353008495
0	0.0881326953	0.0367276440	0.5556339014	0.3193336666	0.0001720927
0	0.0359348478	0.0071870289	0.0512256442	0.0223237805	0.8833286986
0	0.0300745344	0.0012386865	0.1301393142	0.1293502723	0.7091971926
0	0.1823403064	0.0000277219	0.2226001066	0.3007513322	0.2942805329
0	0.0000165457	0.7626577285	0.1670441235	0.0000763890	0.0702052133
0	0.1032556881	0.0410048942	0.3935715293	0.0003835895	0.4617842989
0	0.0042303794	0.0031538085	0.2369174311	0.0091386938	0.7465596872
0	0.1864695737	0.0849496208	0.0415666996	0.0077938149	0.6792202911
0	0.0000000000	0.0796161125	0.0802320500	0.2670924225	0.5730594149
1	0.0835258301	0.3555940691	0.0062842818	0.0006079908	0.5539878283
1	0.0116387042	0.0874882405	0.4508171295	0.0033934138	0.4466625121
0	0.2559531170	0.1988033354	0.0050410467	0.3894799307	0.1507225702
0	0.6022466438	0.1272768451	0.0328820403	0.0360428593	0.2015516115
0	0.0000000000	0.0000001900	0.8686061454	0.1311597690	0.0002338956
0	0.5259986053	0.0018664845	0.0772183852	0.0006456458	0.3942708793
0	0.1780654868	0.0255737961	0.7941045210	0.0000655195	0.0021906767
0	0.0258739074	0.0661147047	0.6519069588	0.1487763493	0.1073280798
0	0.0000386440	0.0000027373	0.5378004641	0.2448232025	0.2173349520
0	0.1643439593	0.1064280323	0.7218164458	0.0002086009	0.0072029618
0	0.2082406772	0.1553015052	0.6330971598	0.0000000073	0.0033606506
0	0.0060268240	0.0149493663	0.0528739722	0.3697964309	0.5563534066
0	0.0307267335	0.0008122543	0.0434234348	0.0552221759	0.8698154015
0	0.0056965894	0.0861713178	0.0055908038	0.0000051794	0.9025361096
0	0.0000018508	0.0086036072	0.9664595189	0.0010249818	0.0239100413
0	0.5626225545	0.0840075161	0.3130267841	0.0138302977	0.0265128476
0	0.6506383542	0.1084424336	0.0000000000	0.0000172640	0.2409019482
0	0.0000000000	0.0161905981	0.4692264082	0.3775623924	0.1370206013
1	0.0073112332	0.0208704003	0.5237275054	0.3812066484	0.0668842127
0	0.7456489449	0.0042132927	0.2470086796	0.0031242166	0.0000048662
2	0.0233758556	0.0016401728	0.3110405275	0.0018496469	0.6620937972
0	0.0005744953	0.1553389851	0.0000000000	0.0014047436	0.8426817760
0	0.0000000861	0.0296250613	0.9686083553	0.0017123655	0.0000541318
0	0.0166919528	0.0876595869	0.8792245196	0.0000000006	0.0164239401
0	0.0000006830	0.0193108629	0.1499372829	0.0045135539	0.8262376173
0	0.0002735550	0.0240016233	0.7944544774	0.0001190943	0.1811512499
0	0.0593415074	0.0710170237	0.1950081194	0.6695387621	0.0050945873
0	0.3440129580	0.0000277070	0.6477248809	0.0001256086	0.0081088456
0	0.0024496505	0.1510628850	0.0045536536	0.0007536038	0.8411802070
1	0.0015553577	0.6673195705	0.0668736189	0.0135895005	0.2506619524
0	0.0021070644	0.0000187103	0.0000325157	0.6376015116	0.3602401982
1	0.1238670021	0.0433953100	0.0022344729	0.1148183171	0.7156848978
0	0.0000002210	0.0688660799	0.4415264581	0.0506086310	0.4389986100
0	0.4933047231	0.0000950286	0.1740857166	0.2767135468	0.0558009849
0	0.1390879455	0.0245182950	0.7999634258	0.0031348382	0.0332954955
1	0.0057703051	0.0000001363	0.0011753002	0.0304140193	0.9626402391
0	0.0007214688	0.0002665905	0.6544344758	0.0984931136	0.2460843512
0	0.0048878502	0.2743656848	0.0483699272	0.6408811996	0.0314953382
0	0.1100398754	0.0003539738	0.8421908013	0.0463240686	0.0010912809
0	0.1809052257	0.2562196343	0.0019297137	0.0000179742	0.5609274521
0	0.0334880008	0.3484037082	0.1242009963	0.0000242411	0.4938830536
0	0.1175753611	0.0639730544	0.2084870206	0.0007700866	0.6091944773
0	0.0080840652	0.0102017242	0.3159787806	0.3124707483	0.3532646818
0	0.0000000000	0.0540278608	0.0727092365	0.0000066856	0.8732562171
0	0.0588936614	0.0000049086	0.7287494450	0.0145630748	0.1977889103
0	0.3130002050	0.0112696542	0.4326792561	0.1069516838	0.1360992009
0	0.0552305740	0.0143857180	0.7006520267	0.1759259848	0.0538056966
0	0.0005478395	0.0000000001	0.0162433099	0.0000812485	0.9831276021
0	0.0046538611	0.0000069577	0.1066177566	0.0921584317	0.7965629929
0	0.5649039269	0.0760109515	0.0154085477	0.1796918418	0.1639847320
0	0.0010896738	0.1817154628	0.5234802662	0.2937136434	0.0000009537
0	0.0794624261	0.2229740244	0.0024758547	0.4574163900	0.2376713048
0	0.0684655937	0.3333129776	0.0000000000	0.0290917690	0.5691296597
0	0.0929250864	0.0042796074	0.1457385892	0.7560923435	0.0009643734
0	0.0000000074	0.0467176297	0.0190098563	0.6997200790	0.2345524275
0	0.0007651960	0.0188191827	0.8325318061	0.0038293756	0.1440544394
0	0.0013506015	0.0003072946	0.0000285274	0.0044918758	0.9938217006
0	0.0350878878	0.0394653304	0.0351196636	0.8657893693	0.0245377490
0	0.3389255141	0.3202672766	0.2098493354	0.0361795615	0.0947783124
0	0.3749487378	0.1440840205	0.0061053831	0.0210656013	0.4537962573
0	0.0019267390	0.5608322096	0.0000000000	0.0232700010	0.4139710504
0	0.0000000248	0.6748335199	0.1065989241	0.0008828126	0.2176847186
0	0.0000000002	0.3976133654	0.1183831510	0.0348358177	0.4491676657
0	0.1659362066	0.0258690010	0.0099296679	0.2163217660	0.5819433585
0	0.0031872941	0.0476438396	0.0120122522	0.0881544837	0.8490021304
