0	0.1368561678	0.1397425774	0.0330629179	0.4386268206	0.2517115163
0	0.0000001119	0.0045772012	0.3641524088	0.0000137571	0.6312565210
0	0.0198100382	0.0814071981	0.3414991242	0.0317360984	0.5255475410
1	0.0494173475	0.0030661822	0.0981468149	0.0000127116	0.8493569438
0	0.2230501238	0.0534550379	0.2713472331	0.0064877596	0.4456598455
0	0.1838159871	0.0354447282	0.3526639664	0.0000053307	0.4280699877
0	0.0603349915	0.1181612861	0.0009127313	0.7349921627	0.0855988284
0	0.0167014952	0.0312575277	0.8013784519	0.0000000000	0.1506625252
0	0.0000569205	0.9631480803	0.0030872797	0.0039925667	0.0297151529
0	0.4625057100	0.0001270787	0.2707657172	0.0000000000	0.2666014941
0	0.1425726112	0.0000038703	0.0010831080	0.0233916424	0.8329487680
0	0.0021060020	0.0000000003	0.1868123051	0.0672880320	0.7437936605
0	0.0615107878	0.0183577633	0.9148164231	0.0000251974	0.0052898284
0	0.0016813906	0.0032583706	0.6892975827	0.0034113005	0.3023513557
0	0.5214168776	0.0000000001	0.1707716397	0.0981236148	0.2096878678
1	0.3503944293	0.0000016815	0.0023385427	0.0391221042	0.6081432423
0	0.0834859922	0.5591989285	0.0006715545	0.0127237728	0.3439197519
0	0.0002679474	0.0653700507	0.4379029744	0.1074771751	0.3889818524
0	0.0242838262	0.0000426766	0.0062047010	0.7984688913	0.1709999049
0	0.7851097771	0.0166639885	0.0035068384	0.1559975508	0.0387218452
0	0.0159749549	0.1924342475	0.0000000000	0.5616344877	0.2299563099
0	0.0817374064	0.2265260324	0.2956462599	0.0000000000	0.3960903013
0	0.2698962657	0.1935167719	0.0130895418	0.0564565528	0.4670408678
0	0.2806874550	0.2115958134	0.3589308664	0.0774509645	0.0713349006
0	0.6423622169	0.2932940052	0.0003726537	0.0007380809	0.0632330433
0	0.0000020181	0.0000000000	0.4065159027	0.1188959010	0.4745861783
0	0.0045163025	0.9129381461	0.0263366824	0.0000817064	0.0561271626
1	0.1253405268	0.8486302204	0.0232768309	0.0027410523	0.0000113696
0	0.0000627896	0.6764168810	0.3181439342	0.0000000000	0.0053763951
0	0.0374072727	0.5000336287	0.2540357344	0.2081956129	0.0003277513
0	0.0000000000	0.2809504857	0.7138662534	0.0051832610	0.0000000000
0	0.0104261332	0.7058501629	0.1531209734	0.0791862429	0.0514164875
0	0.1315090180	0.6840545709	0.1844301585	0.0000000000	0.0000062526
0	0.4213141325	0.0115773084	0.0007891652	0.0768353762	0.4894840177
0	0.2779477047	0.3358197171	0.0904450910	0.0000001113	0.2957873758
0	0.0108040889	0.0018702070	0.0404343368	0.3633902656	0.5835011017
0	0.0442550678	0.0019104328	0.0396408643	0.9118626118	0.0023310232
0	0.3367130350	0.0690660866	0.1217461278	0.0022437489	0.4702310017
0	0.0506912627	0.0000332795	0.0548166213	0.0000043495	0.8944544870
0	0.1590535271	0.1128357429	0.3113964398	0.2601142625	0.1566000277
0	0.0081578845	0.6392423471	0.0000000967	0.0000163098	0.3525833620
0	0.1842979499	0.0033955903	0.2863948228	0.3703782149	0.1555334221
0	0.0123235227	0.0007551166	0.0433357496	0.2081072393	0.7354783718
0	0.3544425884	0.5281669797	0.0774290933	0.0007249685	0.0392363701
0	0.1907637457	0.0000000000	0.0000000000	0.1187873727	0.6904488815
2	0.0000018995	0.0237705137	0.8239764065	0.0489709047	0.1032802755
0	0.1213777245	0.3461902579	0.0138873651	0.5125994621	0.0059451904
0	0.4065242048	0.0620842732	0.0185711298	0.3523156445	0.1605047477
0	0.7215152372	0.0581235115	0.1186468774	0.0388884103	0.0628259635
0	0.0000005522	0.2813314168	0.1108812731	0.1364466481	0.4713401098
0	0.0033458817	0.0000311059	0.0465345087	0.0919629654	0.8581255383
0	0.8375169849	0.0221609758	0.0829687126	0.0069927831	0.0503605436
0	0.0698674370	0.4764774986	0.0910791989	0.3597516427	0.0028242228
0	0.4356924862	0.0013032710	0.0226116510	0.5279680014	0.0124245904
0	0.0266802970	0.0713605215	0.6580854466	0.2250291828	0.0188445521
0	0.0302975711	0.0197090848	0.2983620775	0.2849862174	0.3666450493
0	0.8512966869	0.0077740016	0.1405728815	0.0000000000	0.0003564300
0	0.2184258340	0.1730856140	0.1182546423	0.4457833291	0.0444505807
0	0.0017572546	0.0000000839	0.9713785904	0.0103995928	0.0164644783
0	0.0087426536	0.0548019944	0.9352757384	0.0007010914	0.0004785222
0	0.0000039721	0.9848857551	0.0107924406	0.0000639440	0.0042538882
0	0.3612735083	0.3819569729	0.1462625077	0.0001423787	0.1103646323
0	0.1409826736	0.1279849300	0.0261863023	0.0000872845	0.7047588096
0	0.0001601215	0.5603004332	0.0146869624	0.0000000006	0.4248524823
0	0.0329439568	0.0055708279	0.0705144281	0.0443408745	0.8466299127
0	0.1925942354	0.0114185909	0.6390322030	0.0018842033	0.1550707673
0	0.0000003132	0.6633461400	0.0353968461	0.0620441190	0.2392125818
1	0.1585765341	0.0000048726	0.0493344993	0.0491191778	0.7429649162
0	0.5028777801	0.1226475366	0.0000453689	0.0518088188	0.3226204955
0	0.0707098095	0.0000000245	0.3500438702	0.0035588054	0.5756874904
0	0.0000415076	0.1354685168	0.2187613700	0.2868072604	0.3589213452
0	0.5324331267	0.4340412357	0.0084445019	0.0032353361	0.0218457996
0	0.5531662252	0.4096250104	0.0067944533	0.0000155665	0.0303987448
0	0.4072114783	0.3262898584	0.0929203308	0.0000000140	0.1735783185
0	0.2523801485	0.0305238370	0.3439535132	0.0000000006	0.3731425007
0	0.0121662716	0.0003228241	0.8528329527	0.0003780444	0.1342999071
1	0.2969018744	0.0000193704	0.0275486113	0.0000000000	0.6755301439
0	0.1864252241	0.2022270234	0.1352405049	0.0040123938	0.4720948538
0	0.1535570014	0.0114619024	0.2577862543	0.1443160672	0.4328787746
0	0.1649005421	0.0005365228	0.4059097469	0.0000000000	0.4286531882
0	0.5333178590	0.0268088702	0.0434445724	0.2762155368	0.1202131616
0	0.4124991255	0.1929249386	0.0109337390	0.1309985019	0.2526436951
0	0.0565592387	0.0000000107	0.6055939930	0.0000000000	0.3378467577
0	0.0468942557	0.0042414813	0.6238516780	0.0428651535	0.2821474315
0	0.1009373905	0.0988448359	0.0002494738	0.0446490535	0.7553192463
0	0.0474977434	0.0242811121	0.1228142531	0.0000008559	0.8054060355
0	0.1727375590	0.4779727550	0.3152619585	0.0268857657	0.0071419617
0	0.0028939399	0.0000069455	0.0958018879	0.0000001390	0.9012970878
1	0.6019933045	0.0122260841	0.0228039353	0.0000713559	0.3629053201
0	0.0120121285	0.1968104904	0.0028279573	0.1569034593	0.6314459644
0	0.0000452496	0.4990642437	0.0177788500	0.3983715426	0.0847401140
0	0.0768726613	0.0018930766	0.7062614030	0.2022084543	0.0127644048
0	0.0000151174	0.0053997795	0.0014102864	0.9931748167	0.0000000000
1	0.0897275877	0.4399202545	0.1699138232	0.2482406578	0.0521976767
0	0.0022178855	0.5813240572	0.0151349724	0.3896759170	0.0116471678
0	0.4874097374	0.0755452542	0.4106575260	0.0146053227	0.0117821596
0	0.0000000000	0.0000000002	0.0128321353	0.6697046853	0.3174631792
0	0.0000545858	0.3588753437	0.0906302420	0.3599832024	0.1904566262
0	0.0028511336	0.0111142982	0.0020282756	0.0416180849	0.9423882077
0	0.0000221767	0.1500466042	0.5476593347	0.2890757392	0.0131961452
