0	0.0000004283	0.0000000000	0.0000001329	0.8885130614	0.1114863774
0	0.5604799572	0.2003126629	0.0000000000	0.0653891917	0.1738181883
0	0.0000001875	0.9603578163	0.0127371272	0.0000000000	0.0269048691
0	0.6612711834	0.1448852087	0.1409954667	0.0400665481	0.0127815931
0	0.0160514213	0.0241663039	0.0402213188	0.0000000000	0.9195609561
0	0.0019541682	0.5140257440	0.3003790532	0.0000001129	0.1836409217
0	0.0010640301	0.0066848870	0.9754232932	0.0168277742	0.0000000156
0	0.0002169594	0.2395864547	0.2541276170	0.0000013356	0.5060676332
0	0.4451144177	0.0000000020	0.0002361254	0.2364050179	0.3182444370
0	0.0000000183	0.5663903443	0.0550932054	0.3270210477	0.0514953843
0	0.5556053743	0.0256604575	0.3557614516	0.0533702075	0.0096025092
0	0.0309647929	0.0264873582	0.1959777047	0.3746991323	0.3718710119
0	0.0107411215	0.1281345590	0.3338564035	0.0163047638	0.5109631522
0	0.0000028491	0.0000000000	0.5588082375	0.4347943132	0.0063946002
0	0.0404281105	0.0366537510	0.0681037516	0.1129802166	0.7418341704
0	0.0002605915	0.0933726875	0.0025759106	0.7421086629	0.1616821475
0	0.0000144691	0.3108273651	0.0044949475	0.1603409480	0.5243222703
0	0.0032252956	0.0330970087	0.9563491213	0.0023515590	0.0049770154
0	0.1951179165	0.0559017820	0.0587444976	0.2850627483	0.4051730556
0	0.2529112049	0.0001301458	0.7389281364	0.0000000053	0.0080305077
0	0.3670497676	0.1905413968	0.4294579450	0.0068534229	0.0060974677
0	0.0325815566	0.0000023899	0.0829943110	0.0000006504	0.8844210921
0	0.0449676396	0.0000000000	0.0514020899	0.3868858230	0.5167444474
0	0.0029900261	0.0227541756	0.0392443542	0.0008396629	0.9341717811
0	0.0052582149	0.4489438296	0.0759463586	0.0000000000	0.4698515969
0	0.0592085644	0.0056336037	0.0745550360	0.6036351990	0.2569675969
0	0.0352005263	0.0000000000	0.1187335009	0.0542688252	0.7917971476
0	0.1700222114	0.0233795682	0.0009384569	0.0000852935	0.8055744700
0	0.0152449561	0.1670814712	0.1967850527	0.2921709264	0.3287175936
0	0.0000000346	0.0384524585	0.0000000000	0.0094741335	0.9520733734
0	0.0004083086	0.0567577281	0.0444842056	0.0293505756	0.8689991821
0	0.1507451014	0.0010825956	0.1052529173	0.3186399011	0.4242794845
0	0.0292410672	0.0417632340	0.0000000000	0.1325554728	0.7964402260
0	0.1512303660	0.0112602151	0.0000094600	0.0001849636	0.8373149953
0	0.0788655004	0.3371807899	0.2360389330	0.0072566667	0.3406581100
1	0.0121683231	0.0835743196	0.1801374247	0.0224608375	0.7016590951
1	0.3655312917	0.0000000030	0.2036530911	0.0103862928	0.4204293214
0	0.3331822389	0.0235648032	0.2943436895	0.0000375162	0.3488717522
0	0.1142896182	0.6111074392	0.0230160414	0.2495173640	0.0020695371
0	0.0351119074	0.4997446504	0.0020775184	0.0023151302	0.4607507935
0	0.0000000012	0.0000347568	0.0000013532	0.9143966908	0.0855671980
0	0.1005941058	0.1307097165	0.1300294003	0.2196849959	0.4189817816
0	0.0000276175	0.4745940692	0.2244833128	0.0071625883	0.2937324121
0	0.2845933989	0.0000034479	0.0002651774	0.0111259047	0.7040120711
0	0.0049065357	0.3573308916	0.6351875735	0.0025749992	0.0000000000
0	0.8511627957	0.0000000000	0.0041333059	0.1143069956	0.0303969027
0	0.2695143673	0.4727452219	0.0570870326	0.0813372652	0.1193161131
0	0.0000000000	0.2650156482	0.0211962252	0.0000000000	0.7137881265
0	0.0299371228	0.1620001490	0.0929014859	0.0361219938	0.6790392485
0	0.3071402493	0.3367154704	0.1646850631	0.0035048444	0.1879543728
0	0.0000226114	0.2968263499	0.5714076445	0.1313582804	0.0003851138
0	0.0001222763	0.7349910977	0.1177993332	0.0517872517	0.0953000411
0	0.0320929092	0.0314850564	0.0658797851	0.8705422453	0.0000000040
0	0.8199873064	0.0000000000	0.0879941126	0.0064595758	0.0855590053
0	0.0620567990	0.6077098935	0.2595503470	0.0236815620	0.0470013984
0	0.0001517223	0.1716952113	0.8264060184	0.0017469637	0.0000000842
0	0.0003017373	0.0000433409	0.0914110242	0.0412775310	0.8669663666
0	0.1442439178	0.0545516512	0.0366016044	0.0022101416	0.7623926850
0	0.0004163537	0.0472667847	0.9444437947	0.0068707640	0.0010023030
0	0.0430290444	0.0009813055	0.7336908668	0.1286283963	0.0936703871
0	0.4281327323	0.4462423592	0.0000562724	0.0530268535	0.0725417826
0	0.3625472739	0.4395632621	0.0000000000	0.0309249880	0.1669644759
0	0.0000011512	0.1823302696	0.0004236604	0.4872813262	0.3299635926
0	0.0616668668	0.0000494630	0.8986343660	0.0000000001	0.0396493041
0	0.0050655523	0.8899778463	0.0721719241	0.0094069586	0.0233777187
0	0.6174890285	0.0278376504	0.2973397871	0.0000000000	0.0573335340
0	0.2138548413	0.0049102851	0.0153640438	0.0343747624	0.7314960674
0	0.0201132933	0.0971783016	0.4060244837	0.4072184908	0.0694654307
0	0.0000001907	0.0115173042	0.6746100200	0.0040492321	0.3098232529
0	0.0002515492	0.1087857960	0.0000004243	0.1124172558	0.7785449748
0	0.1239953490	0.1990549479	0.2925386688	0.0093604708	0.3750505635
0	0.0204901217	0.0080899435	0.0398765187	0.1638727399	0.7676706762
0	0.0030854919	0.5893047861	0.0363886721	0.0013190990	0.3699019508
0	0.8269175290	0.0000036143	0.0531240619	0.1190563979	0.0008983970
0	0.0444662437	0.0433443513	0.0003141318	0.0017059785	0.9101692948
0	0.1356391603	0.0245553584	0.6629036776	0.0000000069	0.1769017968
0	0.9869063531	0.0012161658	0.0115836310	0.0002938500	0.0000000001
0	0.0065086549	0.0095657323	0.0680111911	0.0044229464	0.9114914753
0	0.0009977818	0.0237311062	0.0045634538	0.1151756226	0.8555320356
0	0.0012623885	0.3779548385	0.0498118777	0.0000000000	0.5709708952
0	0.1096856473	0.0849824117	0.2217851727	0.0036217076	0.5799250606
0	0.0000000000	0.3055045532	0.6290476738	0.0640984595	0.0013493135
0	0.3023309869	0.0406839509	0.4455802681	0.0000043269	0.2114004672
2	0.2125513413	0.1910259467	0.2406224985	0.0000000367	0.3558001768
0	0.1880384857	0.0300944333	0.0004428893	0.7709647553	0.0104594364
0	0.0128510613	0.0084069977	0.7657778165	0.0550991099	0.1578650146
0	0.0001523813	0.3388298024	0.0000000006	0.0000003856	0.6610174301
0	0.0128457212	0.0294553862	0.0014003161	0.6795354086	0.2767631678
0	0.0000821709	0.0000022778	0.0087543009	0.4421030716	0.5490581789
0	0.0006075634	0.4750192212	0.2612271437	0.0436529623	0.2194931094
0	0.3893064536	0.0000000072	0.3997155556	0.0279484808	0.1830295028
0	0.0588190202	0.0197308997	0.0028362049	0.3156646480	0.6029492272
0	0.0001369196	0.4648162389	0.1720654192	0.0008443736	0.3621370486
1	0.0000210825	0.2550329612	0.5317483313	0.0867224199	0.1264752050
0	0.0012034633	0.0130977875	0.0000191543	0.1438788671	0.8418007277
1	0.0000000000	0.1544538541	0.0770995762	0.0190654070	0.7493811627
0	0.0307281547	0.0000202477	0.9539659345	0.0048508049	0.0104348583
0	0.1522684030	0.3538873590	0.0000000000	0.0458021049	0.4480421331
0	0.0000000000	0.0000001301	0.5452197271	0.0118866781	0.4428934648
1	0.0029816428	0.0132854346	0.1298723906	0.0995888553	0.7542716767
