1	0.5943077197	0.0274652613	0.2919262686	0.0520200774	0.0342806730
0	0.0000000000	0.0106482773	0.0389177170	0.7069616104	0.2434723953
0	0.1018575805	0.0300645939	0.0067361376	0.0002512268	0.8610904610
0	0.0001007368	0.0319838109	0.0480979669	0.0373843155	0.8824331700
0	0.2723096281	0.0078175545	0.1889700651	0.0060043085	0.5248984438
0	0.4377025370	0.0000982885	0.0000000000	0.5451096012	0.0170895733
0	0.0000017229	0.2481918925	0.1801830016	0.0549962802	0.5166271028
0	0.0255972346	0.9251226397	0.0000000094	0.0492801123	0.0000000039
0	0.0251828339	0.0115812916	0.7995999534	0.0017298522	0.1619060689
0	0.5975128140	0.1708374929	0.0097043231	0.0019290358	0.2200163343
1	0.0381082328	0.3048961776	0.5926474074	0.0189794739	0.0453687082
0	0.0486766330	0.3075517136	0.1898752804	0.0015801650	0.4523162080
0	0.0000000500	0.8036106880	0.0121397387	0.1837061057	0.0005434176
0	0.0282774049	0.0125414097	0.6503870911	0.2332894415	0.0755046527
0	0.0262268218	0.0000465201	0.3361384584	0.0000000001	0.6375881996
2	0.3762437989	0.4237207563	0.0287347312	0.1712962021	0.0000045116
0	0.0006605441	0.0000000003	0.4784916251	0.0000000041	0.5208478265
0	0.4440842294	0.0000859200	0.3843289905	0.0379674572	0.1335334029
0	0.0000000001	0.0829499541	0.5304761466	0.0003429156	0.3862309835
0	0.3010041090	0.0027598754	0.6283675918	0.0000000000	0.0678684238
0	0.0858910956	0.0000000816	0.0897031650	0.4607726207	0.3636330371
0	0.8511541293	0.0003265149	0.0004571913	0.0932634693	0.0547986953
0	0.2288457252	0.0448689306	0.0235137079	0.5538309830	0.1489406533
0	0.0000022379	0.1991339094	0.2911799327	0.0000594579	0.5096244621
1	0.0581263277	0.8637064365	0.0732888280	0.0048784057	0.0000000021
0	0.0000382167	0.0030923812	0.0006250996	0.4160908229	0.5801534796
1	0.0017919865	0.0153893904	0.0000573684	0.0003259972	0.9824352576
0	0.0012380766	0.0187481497	0.8617477942	0.0042764103	0.1139895692
0	0.2163799431	0.0000103212	0.1037554800	0.0519889835	0.6278652721
0	0.0252832206	0.0797143942	0.7931918384	0.0063002043	0.0955103426
0	0.0000051646	0.0200445223	0.8358611949	0.1440795072	0.0000096111
0	0.0133248273	0.0838088503	0.2720648691	0.0117580203	0.6190434330
0	0.0512387844	0.0417711902	0.7523060030	0.0133579919	0.1413260305
0	0.0627924020	0.4562751211	0.1502305469	0.1589652087	0.1717367212
1	0.0000245196	0.0583373890	0.9221542065	0.0000000000	0.0194838848
0	0.0403476266	0.0057111320	0.7690604064	0.0000115636	0.1848692713
0	0.0734124180	0.0078124584	0.0470790775	0.1494743189	0.7222217271
0	0.0000000000	0.0018008616	0.4594729297	0.0053617568	0.5333644519
0	0.0000063300	0.6947253749	0.0001086035	0.0888950997	0.2162645919
0	0.0016063355	0.4295828912	0.0258143077	0.0729714354	0.4700250302
0	0.2253758410	0.0000000000	0.4626864620	0.3031011635	0.0088365334
0	0.0000000000	0.0428414874	0.6387630751	0.0000019854	0.3183934520
0	0.0107216792	0.4165332921	0.0370478524	0.4115241265	0.1241730498
0	0.0379402354	0.1856156897	0.0030252036	0.2239584768	0.5494603945
0	0.0123345763	0.0000002893	0.0088023107	0.0129551733	0.9659076504
0	0.2446251935	0.1692085945	0.0565792191	0.5295815204	0.0000054724
0	0.5002458058	0.0000000000	0.0018734699	0.4954397778	0.0024409466
0	0.0000000000	0.0106588218	0.0159033552	0.0035660566	0.9698717664
0	0.0006745723	0.0020834191	0.0024062265	0.1273433036	0.8674924786
0	0.0808711759	0.0601787768	0.8518684220	0.0000000000	0.0070816253
0	0.0440231682	0.5405277849	0.0002333979	0.3581716898	0.0570439591
0	0.1021892548	0.3468020066	0.1378723544	0.0532261171	0.3599102672
0	0.1633520057	0.3780974675	0.0151259077	0.2595398224	0.1838847966
0	0.0246854148	0.0000000000	0.0000024916	0.0024980865	0.9728140071
0	0.7518072955	0.0074095323	0.1348118612	0.0283279835	0.0776433276
0	0.2548418171	0.0000000000	0.6966861085	0.0484718634	0.0000002110
0	0.0117457800	0.7810412650	0.1895355357	0.0104215937	0.0072558256
0	0.0000000000	0.0003653012	0.2420570642	0.0344352817	0.7231423529
0	0.3306022849	0.0000000000	0.2815919977	0.0928736963	0.2949320211
0	0.0000771777	0.0000000000	0.0001952602	0.0460734762	0.9536540859
0	0.0000000009	0.1077766314	0.2110017652	0.0041848528	0.6770367497
0	0.1350338339	0.0593645132	0.0530334319	0.0000295266	0.7525386944
0	0.8526537322	0.0000049557	0.0029728716	0.0037547367	0.1406137038
0	0.4506479894	0.0000357152	0.3094889184	0.0385228438	0.2013045331
0	0.4090786806	0.2081101562	0.0399473425	0.0111922550	0.3316715657
0	0.0167949643	0.0457547247	0.1192630235	0.0164565781	0.8017307095
0	0.0009691554	0.0000043400	0.0047293565	0.0775303352	0.9167668129
0	0.0236202788	0.0952001292	0.2000179637	0.0540922550	0.6270693732
0	0.0175004798	0.0033730471	0.0014686487	0.9776394357	0.0000183888
0	0.4078825437	0.0828327770	0.4463630661	0.0561037298	0.0068178833
0	0.7038925823	0.0001792783	0.0731827206	0.0029683500	0.2197770688
0	0.0038954535	0.8361317937	0.0037686996	0.0160999907	0.1401040625
0	0.0025404587	0.5060015482	0.0748598534	0.0638752876	0.3527228520
0	0.0403083391	0.6509321414	0.2208690441	0.0768424856	0.0110479899
0	0.0143467110	0.5592101036	0.0557641916	0.0000281229	0.3706508710
0	0.0366643199	0.0000000000	0.0663178843	0.7154343412	0.1815834546
0	0.3453302253	0.0060575266	0.2944476079	0.3540512021	0.0001134381
0	0.0007406241	0.0000000010	0.1645981767	0.0000007465	0.8346604517
1	0.0006939364	0.3333979518	0.1620517012	0.0135658855	0.4902905252
0	0.0030075500	0.1959464327	0.0056980986	0.0753214650	0.7200264537
0	0.0000000743	0.0549453451	0.1268211670	0.0546622223	0.7635711913
0	0.1150449099	0.0000000018	0.0717570663	0.0548661044	0.7583319176
0	0.0386856628	0.4038994795	0.0000068186	0.1421152399	0.4152927991
0	0.0189518813	0.0002385260	0.0000000000	0.8374278909	0.1433817019
0	0.0021805815	0.3460842573	0.5908212668	0.0000000000	0.0609138944
0	0.0000000000	0.7626665763	0.0410468002	0.0078046846	0.1884819389
0	0.1135782869	0.4620445733	0.3246703774	0.0032887662	0.0964179962
0	0.0714860933	0.0088425279	0.9136034034	0.0000000000	0.0060679754
0	0.1479984668	0.0000059815	0.0098877201	0.0000000032	0.8421078284
0	0.1402844903	0.0000082348	0.0004068981	0.6893017896	0.1699985873
0	0.0000000985	0.1908196002	0.1575223386	0.0988026492	0.5528553134
0	0.1401842911	0.0621535682	0.2290375178	0.0093569615	0.5592676614
0	0.3466936221	0.1775666396	0.2077711302	0.2367237205	0.0312448877
0	0.9699169719	0.0116063555	0.0000313833	0.0004537992	0.0179914901
0	0.6648730953	0.0014423052	0.1005748641	0.0000000000	0.2331097354
0	0.0347516965	0.7082436763	0.0835759981	0.0000000391	0.1734285901
1	0.0744275092	0.0497800869	0.0009547603	0.0159298131	0.8589078305
0	0.1369118782	0.0000040403	0.4265401121	0.1855671611	0.2509768083
0	0.0027408671	0.0166324071	0.0000000761	0.1900127537	0.7906138960
0	0.0503826310	0.0926336147	0.6601413667	0.0000000000	0.1968423876
