0	0.1217535880	0.2034543653	0.4051298699	0.0102242173	0.2594379595
0	0.1248104399	0.1023186799	0.4999340221	0.0002148623	0.2727219958
0	0.6327175752	0.0141950358	0.3526705301	0.0000827438	0.0003341151
0	0.0010331573	0.4722060676	0.0000244614	0.1019504140	0.4247858997
0	0.0211819526	0.0001500347	0.3388390891	0.0800291142	0.5597998094
0	0.1193963072	0.1560340969	0.4676292497	0.1113684924	0.1455718539
0	0.0000000000	0.0020829073	0.0649576128	0.0016788999	0.9312805800
0	0.0844681983	0.0007576460	0.0438031976	0.0314532619	0.8395176961
0	0.0063914231	0.6414177845	0.0152585061	0.3164273270	0.0205049594
0	0.0655107928	0.0307136786	0.0005512552	0.1023190301	0.8009052432
0	0.0000003925	0.0251443685	0.9469099981	0.0096919214	0.0182533195
0	0.0012894583	0.0000980121	0.0000000000	0.0024303207	0.9961822089
0	0.0000000000	0.0000205910	0.0000000000	0.6085955035	0.3913839055
0	0.0624802576	0.1904299498	0.0000098879	0.5337082077	0.2133716970
0	0.0000156623	0.0043912891	0.3733821019	0.0000000000	0.6222109467
1	0.0000000000	0.0746522892	0.4129028419	0.1033778639	0.4090670049
1	0.0000000722	0.0000947719	0.0000000000	0.9312295206	0.0686756353
0	0.0000000378	0.4943825499	0.0324559264	0.0250637805	0.4480977055
0	0.0632785470	0.0100681480	0.7281878852	0.1825068724	0.0159585474
0	0.1322362311	0.2398638815	0.0337624152	0.0094685189	0.5846689533
0	0.0055353737	0.0087276457	0.0215660780	0.0754632195	0.8887076831
0	0.0685282350	0.0018310251	0.2958491158	0.6042987242	0.0294928999
0	0.0008648160	0.0029583650	0.3217576748	0.0004076157	0.6740115285
0	0.0938211206	0.0667646979	0.0860694116	0.1237109283	0.6296338416
0	0.0000135552	0.7978378044	0.1665670275	0.0002027782	0.0353788347
1	0.2212940194	0.3975262813	0.1156616367	0.0375955679	0.2279224947
1	0.0659205634	0.2223521857	0.2854616353	0.0734025405	0.3528630751
0	0.0306519375	0.8501920297	0.0401424275	0.0004914318	0.0785221735
0	0.2725614559	0.1383157087	0.0000000000	0.0729575868	0.5161652486
0	0.0217350427	0.8300656233	0.0000000035	0.0000124260	0.1481869045
0	0.1053488412	0.7570569752	0.0014498481	0.1358348974	0.0003094382
0	0.0017742066	0.9750712666	0.0131130062	0.0067130007	0.0033285198
0	0.0074277692	0.1087397927	0.1034035053	0.0343778017	0.7460511311
0	0.0136363018	0.0605435454	0.5356802412	0.0011614574	0.3889784541
0	0.5878215982	0.0096713804	0.0000000000	0.0392813846	0.3632256369
0	0.0000021057	0.0000000000	0.2699975573	0.0000233341	0.7299770029
0	0.4004742142	0.0833371794	0.1316787996	0.0036019676	0.3809078391
0	0.0622098261	0.0098838505	0.0166818742	0.0021133024	0.9091111468
0	0.0506659701	0.5016628920	0.2203037719	0.0956874096	0.1316799563
0	0.0282283747	0.0000000000	0.0000004763	0.0000007052	0.9717704438
0	0.1906938681	0.0000001223	0.2526504111	0.0077679770	0.5488876215
0	0.1125472246	0.8388520535	0.0439116644	0.0001345762	0.0045544813
0	0.0219121671	0.1208142580	0.7020573683	0.0954222552	0.0597939515
0	0.8260167308	0.0008802375	0.1677571116	0.0000114966	0.0053344235
0	0.3086518487	0.0027283289	0.6730979529	0.0124118855	0.0031099840
1	0.0101633611	0.0000000000	0.8526514474	0.0005164000	0.1366687915
0	0.0065164667	0.0388906050	0.0029558720	0.1276913929	0.8239456635
1	0.0883171042	0.0059086089	0.7364594764	0.1693148106	0.0000000000
0	0.1491958749	0.0038955320	0.2631220407	0.3445369925	0.2392495599
1	0.0000000001	0.1556600742	0.2856843255	0.0187115828	0.5399440173
0	0.2118414759	0.0343209980	0.0408699137	0.3654368789	0.3475307335
0	0.0022425450	0.0340254278	0.5072452575	0.1921829000	0.2643038697
0	0.0047378611	0.2438097943	0.0310885190	0.7031686852	0.0171951403
0	0.0000001692	0.3883211889	0.6116786412	0.0000000000	0.0000000007
0	0.1353930823	0.6127390807	0.1028852220	0.0011131766	0.1478694385
0	0.0075510999	0.2688616179	0.4257803184	0.0002705299	0.2975364339
0	0.6178381550	0.1127561311	0.0217584153	0.2417259005	0.0059213981
0	0.0000075799	0.0000598646	0.0108720613	0.9721065147	0.0169539795
0	0.0767652033	0.4257649155	0.0818086795	0.0076773606	0.4079838411
0	0.0002551777	0.4920947270	0.0694649710	0.0353954007	0.4027897235
0	0.0869693268	0.3880573697	0.3955056306	0.1125091266	0.0169585462
0	0.1286421968	0.0126657133	0.8484124558	0.0005548960	0.0097247382
1	0.0848376957	0.3124719328	0.1356424670	0.2048679250	0.2621799796
0	0.0000000000	0.0000092034	0.2385024001	0.0088587465	0.7526296500
0	0.0896645612	0.0718167557	0.2182022753	0.0000000000	0.6203164077
1	0.0000026253	0.1534801954	0.8069455633	0.0018676031	0.0377040128
0	0.0311128343	0.0002704563	0.0904819997	0.0310912802	0.8470434295
0	0.0341227606	0.3154924579	0.0000000000	0.0024121545	0.6479726270
2	0.0000000000	0.3955215905	0.4143231285	0.0669179771	0.1232373039
0	0.0183930078	0.0032940231	0.1456100898	0.0000199998	0.8326828795
0	0.0218054666	0.0000036629	0.9495722344	0.0000572569	0.0285613791
0	0.1967401941	0.2937353999	0.3364877091	0.1730243906	0.0000123064
1	0.4090753458	0.0720096768	0.1266331551	0.0000000000	0.3922818222
0	0.0000000000	0.0000048615	0.0219201170	0.8799966177	0.0980784038
0	0.0016009519	0.0000364291	0.9983585322	0.0000034748	0.0000006120
0	0.2329958999	0.7156149100	0.0000000101	0.0370554727	0.0143337073
0	0.0000364054	0.0007919382	0.0029244538	0.6629267024	0.3333205000
0	0.0000454052	0.6546659573	0.1494136638	0.1925336111	0.0033413625
0	0.1161259689	0.0454527676	0.1471661838	0.3332637996	0.3579912801
0	0.0000000000	0.0517407616	0.8648669599	0.0009070712	0.0824852074
0	0.0562745548	0.4163175691	0.1066472341	0.4144242104	0.0063364316
0	0.0225307014	0.2932439422	0.0006735677	0.2132378023	0.4703139865
0	0.0027845771	0.0000000017	0.6053224833	0.0055733014	0.3863196366
0	0.0072257933	0.5150124145	0.0509905891	0.0059667171	0.4208044860
0	0.0103212424	0.2380662116	0.6489989031	0.0409443125	0.0616693304
1	0.0012463670	0.0478070779	0.4656741250	0.1401259421	0.3451464879
0	0.0053749581	0.3942901316	0.0054099267	0.0001574311	0.5947675525
1	0.3988683480	0.1136832428	0.0970476240	0.0000000000	0.3904007852
0	0.6594390174	0.1207047349	0.1800574125	0.0331173062	0.0066815289
1	0.0352261282	0.0016844744	0.1607554873	0.2705958581	0.5317380520
0	0.0000021679	0.1205926000	0.0188708494	0.3971011603	0.4634332223
0	0.0067919813	0.2392462504	0.3777732678	0.1006670717	0.2755214288
0	0.3107145785	0.2046695873	0.0000000000	0.0001030609	0.4845127734
0	0.8888386791	0.1110533586	0.0000110461	0.0000006199	0.0000962962
0	0.1550100654	0.3916634414	0.1348132635	0.0130584138	0.3054548160
0	0.0934675525	0.3913167780	0.0280643368	0.0000000036	0.4871513291
0	0.0000000487	0.0011959973	0.0026590955	0.0294530569	0.9666918016
0	0.1304025236	0.0068414977	0.3491133794	0.0001222340	0.5135203654
0	0.0363037926	0.2584258748	0.6210770930	0.0563169796	0.0278762599
0	0.0413019490	0.2521985700	0.2658802877	0.0000000000	0.4406191933
