0	0.0000033246	0.0000000000	0.5117949039	0.1120281626	0.3761736089
0	0.0028276202	0.2334089549	0.1839289255	0.2064267395	0.3734077599
0	0.0578181374	0.0000097606	0.0656426730	0.0236706316	0.8528587973
0	0.0049430083	0.0000007173	0.0000084653	0.0902484500	0.9047993591
0	0.9437631304	0.0000000301	0.0170557811	0.0164267807	0.0227542777
0	0.0149172325	0.1162935375	0.7550927700	0.0422925602	0.0714038997
1	0.0000000004	0.2344640602	0.7486070018	0.0000129245	0.0169160131
0	0.2759801831	0.0000512726	0.1975521743	0.0000222266	0.5263941435
0	0.0000000668	0.0085699005	0.8788561719	0.0481287612	0.0644450995
1	0.0018536226	0.3620832474	0.5982886479	0.0000001844	0.0377742977
1	0.0000000000	0.0855941269	0.9095461245	0.0048597338	0.0000000148
0	0.6317989556	0.1413969450	0.0247057409	0.0000003543	0.2020980042
0	0.0002017887	0.0000000000	0.0162457756	0.0000075240	0.9835449117
0	0.1200470572	0.8297586769	0.0000049433	0.0477635752	0.0024257474
0	0.3554556032	0.0025238667	0.0017695134	0.4179221780	0.2223288387
1	0.0000000000	0.5969831741	0.2343768520	0.0773241676	0.0913158063
0	0.0002969953	0.0258201982	0.6844944330	0.0000000000	0.2893883735
0	0.0012046866	0.0208659683	0.2896871319	0.0000891118	0.6881531013
0	0.2525417934	0.0000009288	0.3843234202	0.2216685983	0.1414652594
0	0.0807517983	0.0098019429	0.5815527537	0.0191056577	0.3087878474
0	0.0000000000	0.5474799022	0.4101063523	0.0281715337	0.0142422117
0	0.5445134014	0.2158034223	0.0317508663	0.0000000031	0.2079323069
0	0.8040520947	0.0159732869	0.0004466199	0.0000066127	0.1795213857
0	0.0181334352	0.0000405112	0.0818866486	0.6698534622	0.2300859428
0	0.2776793278	0.2672457804	0.0000000517	0.3971982503	0.0578765899
1	0.0000000000	0.0005626284	0.2283650865	0.0000000892	0.7710721959
1	0.0000000000	0.5004412787	0.2336128662	0.0000032341	0.2659426210
0	0.0057704927	0.0004203511	0.9481179828	0.0031810253	0.0425101482
0	0.3920897005	0.2092385924	0.1483556039	0.1265375297	0.1237785734
0	0.0031655656	0.1450391384	0.8517898756	0.0000054199	0.0000000004
0	0.0299177049	0.0005415989	0.9655414984	0.0000000000	0.0039991978
0	0.0558600583	0.5009132240	0.0172131680	0.4217708425	0.0042427072
0	0.0000530364	0.6400763689	0.0449824404	0.0000000000	0.3148881543
0	0.4808686085	0.0087965249	0.0881564627	0.0850478981	0.3371305058
0	0.3385946048	0.0001035411	0.0000000003	0.6613018485	0.0000000053
0	0.2399270486	0.0000000000	0.3329417085	0.0021194924	0.4250117506
0	0.0065214916	0.0771775929	0.4829413005	0.0006382915	0.4327213236
0	0.0015293016	0.8803659103	0.0071434912	0.0007221469	0.1102391501
0	0.0220928623	0.0000071279	0.8051323818	0.0668499315	0.1059176966
0	0.3454761862	0.0299533064	0.0142373071	0.1219344325	0.4883987677
0	0.7305057053	0.0030298968	0.1985291864	0.0000000000	0.0679352115
0	0.3295793666	0.0000578618	0.2282558179	0.0002340459	0.4418729077
0	0.6095798140	0.3323809814	0.0000000000	0.0000000000	0.0580392045
0	0.0003501138	0.2122557523	0.6579145362	0.0000041422	0.1294754554
0	0.4809240820	0.0592400067	0.4470075935	0.0000000000	0.0128283179
0	0.0000000008	0.0292303862	0.9685854290	0.0000000000	0.0021841840
0	0.0000000000	0.0000005359	0.0402403381	0.0012906546	0.9584684714
0	0.0337661727	0.0194123489	0.0000406743	0.0000134123	0.9467673918
0	0.0439737110	0.0355862169	0.4424257270	0.3099852657	0.1680290795
0	0.0934007547	0.0368434977	0.0000000000	0.0000000000	0.8697557475
0	0.0001351649	0.1994356192	0.1031174887	0.0205041664	0.6768075609
0	0.3467700191	0.0070128171	0.6224047770	0.0028897015	0.0209226853
0	0.0000173057	0.0050269739	0.5582512536	0.1445047614	0.2921997053
2	0.0000000000	0.5466691416	0.4407143359	0.0007624180	0.0118541044
0	0.1638886242	0.0000099784	0.1496606859	0.5397687336	0.1466719779
0	0.4923585023	0.0900037516	0.0032845735	0.0010757958	0.4132773768
0	0.0198648786	0.0000000000	0.0000075861	0.0010363831	0.9790911522
0	0.0000000001	0.1787892398	0.5452762275	0.0000003603	0.2759341722
0	0.0181089839	0.7078106302	0.0012409413	0.1114297689	0.1614096756
0	0.1112003503	0.1416881252	0.0786923415	0.3904809948	0.2779381882
0	0.0000128861	0.0311601826	0.8981685084	0.0705967808	0.0000616421
0	0.8550311381	0.0000244280	0.0010704207	0.0402062515	0.1036677616
0	0.5629680459	0.0124515687	0.0108134415	0.0259474106	0.3878195333
0	0.0000000891	0.1814398971	0.5123302150	0.0006232395	0.3056065593
0	0.0070384731	0.0002608504	0.0000614605	0.9120007559	0.0806384600
0	0.0020073154	0.0591402808	0.0665130427	0.0658891383	0.8064502227
0	0.2423423034	0.0315496807	0.0049548146	0.5435458363	0.1776073650
0	0.1393756781	0.0000009379	0.6280918339	0.0001761106	0.2323554395
0	0.0063049180	0.3983452094	0.3770794023	0.0052873277	0.2129831426
0	0.0025626991	0.0000000000	0.0387638121	0.0605453826	0.8981281061
0	0.0648838534	0.0480553273	0.0122925231	0.0000019964	0.8747662997
0	0.0018679156	0.3750096692	0.1998949683	0.0002134426	0.4230140042
0	0.0000003162	0.0344415211	0.6463405833	0.0182449939	0.3009725857
0	0.7120865741	0.0435121558	0.2444012699	0.0000000002	0.0000000000
0	0.0050298191	0.0094825992	0.2568191771	0.0007594616	0.7279089430
0	0.4103941181	0.0003450762	0.0043937980	0.0520380190	0.5328289886
0	0.8986202070	0.0076875330	0.0936807505	0.0000114624	0.0000000470
0	0.0000000000	0.1408219541	0.0000098305	0.0000000000	0.8591682154
0	0.1834258964	0.5077059373	0.0097957001	0.0535088662	0.2455636000
0	0.0001804504	0.0723083286	0.0004431458	0.0000001546	0.9270679206
0	0.0426260405	0.0000000026	0.2500175809	0.2282166370	0.4791397390
0	0.0000000000	0.0793763152	0.7324896049	0.0000000000	0.1881340799
0	0.0967771397	0.4683600945	0.3367967939	0.0876770100	0.0103889619
0	0.0000000016	0.0288224810	0.9705331368	0.0006426685	0.0000017121
0	0.1814253062	0.1183303126	0.0401543117	0.6305513544	0.0295387151
0	0.6223822290	0.2497696537	0.0125108985	0.1123051643	0.0030320544
0	0.0073878299	0.5845981485	0.2644212715	0.0000033675	0.1435893826
0	0.0000000166	0.0000000036	0.9789655153	0.0152079805	0.0058264840
0	0.0048220749	0.4155167566	0.0059825491	0.0001843233	0.5734942961
1	0.0388666754	0.0425869065	0.4129457577	0.0496123471	0.4559883133
0	0.0551012790	0.0400487202	0.1719485912	0.0000000000	0.7329014095
0	0.0000000000	0.0447506268	0.0052376525	0.0000000000	0.9500117207
0	0.1606010370	0.0075395419	0.2479696275	0.4171732432	0.1667165504
0	0.1850552692	0.0080378969	0.5704447519	0.0376071945	0.1988548876
0	0.2694457359	0.0608846413	0.3475140217	0.0000000001	0.3221556010
0	0.0000000000	0.9871700507	0.0060570199	0.0030629126	0.0037100168
0	0.1119452127	0.0000070280	0.7428072250	0.0024591160	0.1427814183
0	0.0027271623	0.4471128876	0.2106061761	0.0000901440	0.3394636300
1	0.0517300478	0.4668642308	0.2920453271	0.0180631494	0.1712972449
0	0.1477505125	0.0083841738	0.2039977740	0.4497371281	0.1901304116
