0	0.1193444442	0.0073154443	0.6362569214	0.0136597493	0.2234234409
0	0.1336780442	0.7341349991	0.0000000001	0.0712736714	0.0609132852
0	0.7110727939	0.0678115604	0.0964219762	0.0000000005	0.1246936690
0	0.0899938969	0.0209141869	0.0806793094	0.3841724376	0.4242401692
0	0.0493317849	0.4991520536	0.2120855956	0.2381694169	0.0012611490
0	0.1312731343	0.0888013966	0.0010737957	0.0048102165	0.7740414568
0	0.3831059292	0.0000141284	0.0939880587	0.0000036514	0.5228882323
0	0.0000000896	0.0037358164	0.2015078796	0.0000001600	0.7947560544
0	0.0000000009	0.9120938379	0.0000662681	0.0000019225	0.0878379706
0	0.1103907091	0.0009981228	0.1967524746	0.6827814145	0.0090772790
0	0.0000363306	0.8825295665	0.0000000000	0.0000000000	0.1174341029
0	0.0006662651	0.0704290453	0.1850223314	0.0000002532	0.7438821050
0	0.0587874511	0.0007734046	0.1898439518	0.5057891030	0.2448060894
0	0.1265198226	0.0000000036	0.0000250476	0.7162985486	0.1571565777
0	0.0000118307	0.0437959807	0.6727714734	0.1579503503	0.1254703649
0	0.0271640255	0.0061885745	0.1072381771	0.6913640396	0.1680451834
1	0.0000000000	0.0519331259	0.0709517330	0.0322861664	0.8448289747
0	0.0000000000	0.6071432954	0.1687774645	0.1141238774	0.1099553626
0	0.0401354607	0.0102086106	0.0003910706	0.0121020908	0.9371627673
0	0.0000007012	0.0542409019	0.1098598686	0.6146617182	0.2212368101
0	0.5367713206	0.0049527819	0.3305048458	0.0000002362	0.1277708154
0	0.2031643823	0.0116468241	0.3282522401	0.0006172793	0.4563192742
0	0.0691822844	0.5440698523	0.0570691033	0.0000010702	0.3296776897
0	0.0006513357	0.8659308217	0.0109097928	0.0344121970	0.0880958527
0	0.0258677232	0.0091626292	0.1093516922	0.8379865804	0.0176313750
2	0.0000000000	0.9384085256	0.0413635599	0.0000000000	0.0202279145
0	0.8561662058	0.1307098806	0.0000840719	0.0000000000	0.0130398417
0	0.9858723550	0.0140265692	0.0001010758	0.0000000000	0.0000000000
0	0.0000002813	0.9140837101	0.0440556106	0.0376422796	0.0042181184
0	0.0003736500	0.0511206258	0.7882885767	0.0489607579	0.1112563897
0	0.0125875713	0.8043105121	0.0104566267	0.1381717569	0.0344735330
0	0.9209642988	0.0000000036	0.0219598427	0.0000035377	0.0570723172
0	0.0015236644	0.4641119389	0.0779901384	0.4563742583	0.0000000000
0	0.0572026023	0.6261887644	0.0162698017	0.0011877993	0.2991510323
0	0.0055065477	0.0000249864	0.0236392236	0.1060653886	0.8647638538
0	0.0029565566	0.1264950201	0.3088741290	0.0000506450	0.5616236493
0	0.0044368282	0.0376262321	0.3807144505	0.0090652986	0.5681571906
0	0.0176596246	0.6728618157	0.0223373266	0.0001566896	0.2869845436
1	0.0098612090	0.0472605774	0.9333140104	0.0080020166	0.0015621866
0	0.0000000000	0.0233906334	0.7461967007	0.0000000000	0.2304126659
0	0.7765350373	0.0000000000	0.1001517611	0.0000023499	0.1233108517
0	0.0000430491	0.0606654346	0.0883270143	0.7052360908	0.1457284112
1	0.0000000000	0.0044429053	0.9810329749	0.0000000001	0.0145241197
0	0.3786083663	0.1044249889	0.0046079314	0.0004525453	0.5119061680
0	0.0000000011	0.3862309635	0.2062628651	0.0113009538	0.3962052164
0	0.0287571442	0.0847400502	0.0012469879	0.0000000000	0.8852558177
0	0.2532095632	0.0939634081	0.4423995963	0.2089690256	0.0014584068
1	0.0000033194	0.0986027367	0.4781209666	0.1262450496	0.2970279276
1	0.0000000000	0.0121323710	0.9823448686	0.0053231058	0.0001996546
0	0.0000000000	0.0256258860	0.0513182270	0.8934077867	0.0296481003
0	0.6915593016	0.2958019052	0.0081282454	0.0015611454	0.0029494024
0	0.0000000000	0.0420236404	0.7002320809	0.1089712839	0.1487729948
0	0.0205007679	0.9063002007	0.0325558664	0.0000000021	0.0406431629
0	0.2608646722	0.1212344551	0.4943735780	0.1135974238	0.0099298709
0	0.1631204181	0.0004297410	0.3518121281	0.4782107225	0.0064269903
0	0.0220114986	0.5487577238	0.1751836592	0.0387718579	0.2152752605
0	0.0000019925	0.1980435700	0.2294715648	0.0002097959	0.5722730768
0	0.5104540478	0.4535122122	0.0007282611	0.0001848734	0.0351206056
0	0.4197832382	0.0000000021	0.0000000093	0.0632110598	0.5170056905
0	0.9125785765	0.0000002758	0.0000000000	0.0000239198	0.0873972280
0	0.0005051904	0.0000027495	0.1752370515	0.7027933411	0.1214616675
0	0.0000002976	0.0000000003	0.0262680153	0.0051694486	0.9685622382
0	0.5148859891	0.0000000000	0.0119330561	0.0000044700	0.4731764849
0	0.0047382286	0.0223101513	0.8910520540	0.0701796804	0.0117198857
0	0.1255326479	0.0806352822	0.0359140790	0.0006547376	0.7572632532
1	0.0013899508	0.5756233562	0.4105432010	0.0124431520	0.0000003401
1	0.0000005815	0.0820034493	0.0636237561	0.0283281744	0.8260440387
0	0.0464523509	0.4530387542	0.4989047479	0.0000695530	0.0015345940
0	0.0255306389	0.0000002438	0.7151463724	0.0000000000	0.2593227449
0	0.0000000000	0.9684787029	0.0000000037	0.0260513016	0.0054699918
0	0.0002996534	0.0189979871	0.0195659700	0.0000075148	0.9611288748
0	0.0686731345	0.0000000000	0.0374158053	0.0003398814	0.8935711789
0	0.0351621226	0.0705217659	0.4525265464	0.4386713993	0.0031181658
0	0.0000000000	0.1797280080	0.3917833225	0.0047160544	0.4237726150
0	0.0878321085	0.0810325003	0.6565432862	0.0983283800	0.0762637251
1	0.0011501012	0.0009295063	0.9234997063	0.0000000000	0.0744206863
0	0.4857080412	0.0668913381	0.1299287549	0.1067142103	0.2107576555
0	0.0001643389	0.0001781403	0.0827356161	0.1257330404	0.7911888642
0	0.0153661107	0.0357063667	0.0330223412	0.0000000000	0.9159051814
0	0.0120253782	0.1517598729	0.0154813959	0.0708205184	0.7499128345
0	0.0000000000	0.1710078139	0.0539127550	0.0000119129	0.7750675182
0	0.0099158571	0.8906262667	0.0281029584	0.0713452637	0.0000096541
1	0.0114188570	0.0054876101	0.8251603320	0.0000032765	0.1579299245
0	0.1147680876	0.0035038611	0.3371886176	0.0000513041	0.5444881296
0	0.0358946648	0.0158348672	0.0775399175	0.0313359012	0.8393946493
0	0.0032692213	0.0000000000	0.2278840211	0.0018383234	0.7670084342
0	0.0024035385	0.0000987823	0.8528067579	0.0175905202	0.1271004011
0	0.4696885571	0.0621776416	0.0004784200	0.3121843193	0.1554710620
0	0.0000000000	0.0005444646	0.0006921397	0.0300969558	0.9686664399
1	0.0059333892	0.2964598518	0.2624314007	0.0283576697	0.4068176885
0	0.0139865221	0.1524373604	0.0002564933	0.0000053481	0.8333142761
1	0.0762737675	0.4642655820	0.2306629118	0.1373887639	0.0914089748
0	0.2103213731	0.0000000000	0.0220062147	0.5653464809	0.2023259313
0	0.0000000000	0.0001270623	0.3167018447	0.4392127721	0.2439583208
0	0.0639735655	0.0000000000	0.0098217616	0.0000144198	0.9261902532
0	0.4064450226	0.0304149193	0.1247340019	0.0023026563	0.4361033999
0	0.1045047998	0.7524342709	0.0070275108	0.0780245275	0.0580088909
0	0.5418157505	0.1577996981	0.0000319842	0.2170599483	0.0832926188
0	0.5139332532	0.0675590839	0.4065483011	0.0119037859	0.0000555758
0	0.0050914992	0.1055134555	0.3734395133	0.2228985979	0.2930569341
