0	0.0380589127	0.1267436974	0.1279464637	0.0147865940	0.6924643322
0	0.3141509310	0.5427112769	0.0061889065	0.0000000459	0.1369488397
0	0.0015841693	0.0000000000	0.1510058891	0.0957215687	0.7516883730
0	0.3308405803	0.4715343928	0.0957528925	0.0613091797	0.0405629546
0	0.0213305607	0.3807471992	0.4294355524	0.0616872950	0.1067993926
0	0.0044677610	0.0075361161	0.4013755826	0.0008977079	0.5857228324
1	0.0117457568	0.3199789889	0.2029784473	0.0008171440	0.4644796630
0	0.0321997343	0.0000025972	0.9478998864	0.0036737495	0.0162240325
0	0.2111295514	0.0115690536	0.0000054935	0.0000208448	0.7772750567
0	0.2334788371	0.0038518304	0.0257087955	0.7081830297	0.0287775073
0	0.0000000016	0.0015097011	0.4649498905	0.0000000017	0.5335404050
0	0.6277326913	0.0197902387	0.0240957927	0.1081416246	0.2202396527
0	0.0025900861	0.0613862579	0.1110186851	0.0069315753	0.8180733955
0	0.0000786778	0.0007849580	0.2177456245	0.0274647438	0.7539259958
0	0.0049681958	0.6093515271	0.1500153411	0.0107925732	0.2248723628
0	0.0000003906	0.0122543466	0.1003361221	0.5434952184	0.3439139222
0	0.0602938079	0.4788598673	0.0435741162	0.0309342192	0.3863379893
0	0.0941413911	0.8540456165	0.0041412801	0.0117255287	0.0359461837
0	0.0653498269	0.0766159197	0.0000000000	0.0002389486	0.8577953048
0	0.0002741891	0.0004729165	0.0719775419	0.0548550639	0.8724202887
0	0.0000043675	0.7680206248	0.0117191938	0.0135505703	0.2067052436
0	0.1295923305	0.1117298717	0.4872705726	0.1278640523	0.1435431729
0	0.0003967273	0.0943041085	0.0812088286	0.0228303040	0.8012600316
0	0.0109572807	0.0179788645	0.3582782988	0.1680398517	0.4447457044
1	0.0000000000	0.1968075591	0.7590969092	0.0021716776	0.0419238541
0	0.2667966786	0.0436013910	0.0122116691	0.0177788332	0.6596114281
0	0.0000000409	0.5780712926	0.0518748336	0.0002165559	0.3698372770
0	0.5521661705	0.0217962565	0.2369739372	0.0000000000	0.1890636359
0	0.0021331707	0.0002925962	0.2643689712	0.7298988535	0.0033064084
0	0.6749622552	0.0058226152	0.1978590367	0.0358536101	0.0855024828
0	0.2307598652	0.7392991829	0.0010077045	0.0002191967	0.0287140507
0	0.0106874323	0.0281870757	0.0766756163	0.0038607423	0.8805891334
0	0.0468170164	0.8925106664	0.0059913965	0.0023721347	0.0523087861
0	0.0714795853	0.0025094586	0.8063698459	0.0837957782	0.0358453319
0	0.2988098873	0.0519607412	0.4470764463	0.0580162579	0.1441366673
0	0.0259123453	0.4470526643	0.1682241296	0.0271041184	0.3317067424
0	0.0042761856	0.1850930724	0.0303086023	0.6811761009	0.0991460389
0	0.0646086399	0.8104600992	0.0446124207	0.0730823821	0.0072364581
0	0.9154279275	0.0000000000	0.0836111172	0.0000000000	0.0009609552
0	0.1943463214	0.0500028696	0.0219348207	0.2518716881	0.4818443001
0	0.0211172348	0.0270282070	0.3200313672	0.2256967529	0.4061264380
0	0.0000138974	0.0419788263	0.0996730979	0.0142126271	0.8441215513
0	0.2112600951	0.0065777231	0.1071119154	0.6749758335	0.0000744329
0	0.2838309139	0.0004971401	0.0000103753	0.3495072066	0.3661543641
0	0.0000000000	0.3975875040	0.3339530514	0.0000000000	0.2684594446
0	0.1975783987	0.0000000000	0.3369278271	0.0000000000	0.4654937742
0	0.0000000000	0.1896620211	0.0000181879	0.2300192515	0.5803005395
0	0.0000000000	0.5592207549	0.1951053699	0.0000000020	0.2456738732
0	0.0037969426	0.2482848564	0.0000000006	0.3752520011	0.3726661992
1	0.0000000000	0.7632062789	0.0311400317	0.2019410774	0.0037126119
0	0.0326873735	0.0000004508	0.0000000000	0.0009831295	0.9663290462
0	0.5256280258	0.0048641577	0.0062314687	0.0000218992	0.4632544486
0	0.1458803714	0.0714613859	0.1452826565	0.6010910001	0.0362845861
0	0.4896140495	0.0081500380	0.4669986123	0.0093153735	0.0259219267
0	0.1331913277	0.0000003182	0.7166196425	0.0000384138	0.1501502979
0	0.3099921911	0.0031011650	0.1271173255	0.0025498256	0.5572394928
0	0.0492526015	0.0000001888	0.0000003438	0.6431309984	0.3076158676
0	0.0016393041	0.3392654098	0.5372937823	0.0558263296	0.0659751743
0	0.0000040415	0.6037194668	0.3962762300	0.0000000000	0.0000002617
0	0.0495937278	0.0475049635	0.0764384464	0.0000010969	0.8264617653
0	0.8141477274	0.0035826237	0.0131672916	0.1682033181	0.0008990391
0	0.0005552081	0.0000004466	0.6249465710	0.0001073076	0.3743904667
0	0.0361775713	0.3819824697	0.0428192196	0.0001444091	0.5388763303
0	0.0486288394	0.0265354799	0.6139791958	0.2422218636	0.0686346213
0	0.0925947899	0.6497084869	0.0004185318	0.0674888909	0.1897893005
0	0.1690580536	0.3199081289	0.0095293359	0.0506410147	0.4508634668
0	0.0000004448	0.3858836207	0.0000000000	0.0092076841	0.6049082504
0	0.0073146101	0.3902959067	0.5943288368	0.0000000643	0.0080605821
0	0.1498354638	0.0693410966	0.0001434614	0.0396782223	0.7410017558
0	0.3671375919	0.0000000000	0.1584756685	0.1855046106	0.2888821290
0	0.2134778353	0.0003100560	0.5735579992	0.1990983691	0.0135557404
1	0.0000844598	0.1018398851	0.8753629671	0.0028403099	0.0198723781
0	0.0041622498	0.2011392522	0.6000620720	0.0036556837	0.1909807423
0	0.0066532603	0.0518480537	0.5424591133	0.0000000003	0.3990395723
0	0.0417836653	0.0415734035	0.5554011743	0.0254792713	0.3357624856
0	0.1367665749	0.4988525504	0.0109887923	0.3528970271	0.0004950554
0	0.0067873558	0.9262470998	0.0645498900	0.0017206971	0.0006949574
0	0.2511020986	0.0858785498	0.1124513456	0.1051676732	0.4454003327
0	0.2453641119	0.4672011170	0.1135736756	0.1059520342	0.0679090612
0	0.1019613321	0.1077129580	0.6071511931	0.0000000000	0.1831745168
0	0.0084601308	0.0205564548	0.0269821563	0.0038091574	0.9401921007
0	0.5923439981	0.2111332727	0.1784968896	0.0166298428	0.0013959968
0	0.0000756022	0.8594275619	0.1374030480	0.0016802367	0.0014135513
0	0.0328666351	0.0000082813	0.0904913951	0.3117398025	0.5648938860
0	0.0021316783	0.0012391938	0.2432112003	0.0338819607	0.7195359670
0	0.7864928016	0.0710458626	0.0310956541	0.0510510982	0.0603145836
0	0.4098170789	0.0002201989	0.0303427030	0.5595136654	0.0001063538
1	0.0286062322	0.5294765916	0.0074095017	0.0078691651	0.4266385095
0	0.0265068900	0.2472322440	0.2544102628	0.0984310583	0.3734195449
0	0.3390540187	0.1453585797	0.2443734114	0.0002236277	0.2709903625
0	0.0005656766	0.3426432728	0.6387092610	0.0022521596	0.0158296300
0	0.1567879839	0.0000000000	0.1432087024	0.0566384222	0.6433648914
0	0.0000000000	0.0000000029	0.3180006426	0.1157838657	0.5662154887
0	0.0000018971	0.0247086544	0.0000000000	0.9162538492	0.0590355992
2	0.0000000000	0.0243350276	0.9604693552	0.0013880236	0.0138075937
0	0.4093354564	0.0206673311	0.0277122187	0.0000000000	0.5422849938
0	0.0221579846	0.0023843836	0.0027593444	0.0000000000	0.9726982875
1	0.0000000210	0.4118290906	0.4671265813	0.1210423221	0.0000019850
0	0.0296657817	0.2333097415	0.0004264788	0.6423141164	0.0942838816
1	0.0000000000	0.8363560513	0.0618098553	0.0000076891	0.1018264044
