0	0.2055789109	0.6996461461	0.0335916205	0.0000568219	0.0611265005
0	0.4824690675	0.1859545167	0.0838457941	0.0924640080	0.1552666137
0	0.0085116372	0.2274812405	0.0104267607	0.0000000000	0.7535803616
0	0.0194618141	0.4598764225	0.5186352459	0.0000001984	0.0020263190
0	0.0026356276	0.5735585741	0.0349923564	0.0000000000	0.3888134419
0	0.0013786437	0.0358509045	0.7662183830	0.0000000000	0.1965520688
0	0.1898819534	0.1112667705	0.1300922868	0.0356646585	0.5330943308
1	0.0297932081	0.2193861361	0.7507643986	0.0000000000	0.0000562572
0	0.0000000000	0.0132550967	0.0011757699	0.0073496062	0.9782195273
0	0.1529647243	0.1756144696	0.1627312475	0.0000045863	0.5086849723
0	0.0325497997	0.1893629865	0.2318831992	0.0543498547	0.4918541599
0	0.0963831590	0.0010370433	0.6541507599	0.0905361522	0.1578928855
0	0.0963589435	0.3458021245	0.2835871561	0.0174587107	0.2567930651
0	0.0650363341	0.3632288673	0.2638835051	0.0017468259	0.3061044676
0	0.0020057826	0.4061386126	0.4822243967	0.1095026897	0.0001285184
2	0.0000000000	0.2371386332	0.6940673285	0.0027634346	0.0660306036
0	0.4266930411	0.0000821113	0.4740559399	0.0345269133	0.0646419943
0	0.2734851683	0.5603495325	0.0270780562	0.0401959136	0.0988913294
0	0.0162729883	0.0604921695	0.8933677814	0.0229272047	0.0069398561
0	0.3213478075	0.0043041623	0.1524570346	0.0000000000	0.5218909956
0	0.0998857142	0.4747927947	0.1767729529	0.0654177744	0.1831307639
0	0.0000001956	0.0025008697	0.9951802881	0.0023186466	0.0000000000
0	0.0048001092	0.0005661938	0.9863211560	0.0000000000	0.0083125411
0	0.6626351997	0.0599942359	0.0000000000	0.0237031653	0.2536673991
0	0.1385837734	0.0000039983	0.8613831203	0.0000000002	0.0000291078
0	0.2514622435	0.0004244948	0.6259732950	0.0011440811	0.1209958856
0	0.0696835705	0.0897338913	0.1887437704	0.0000193782	0.6518193896
0	0.3402943775	0.0050543172	0.3496926889	0.0152941279	0.2896644885
0	0.0594415953	0.0225125997	0.0505489210	0.7403157838	0.1271811002
0	0.0963925687	0.1410908074	0.0001722832	0.7106997445	0.0516445962
0	0.0007739876	0.9715738631	0.0241457435	0.0000325935	0.0034738123
0	0.0524847430	0.1747099311	0.2912302870	0.0076035873	0.4739714515
1	0.0000002924	0.2500218468	0.6954055582	0.0545722106	0.0000000920
0	0.1294010135	0.1814060251	0.0054021688	0.0066511608	0.6771396318
0	0.1836112987	0.1379814616	0.1145565817	0.0553576983	0.5084929598
0	0.2187796765	0.0000014920	0.7679810803	0.0131677546	0.0000699965
0	0.0000000005	0.6562961958	0.2581252683	0.0226338854	0.0629446500
0	0.0145291882	0.2421688018	0.1650338400	0.0000000000	0.5782681700
0	0.0009249658	0.0001413460	0.0290897119	0.1439774775	0.8258664987
0	0.0429351345	0.0000066093	0.0042371124	0.0103427957	0.9424783481
0	0.0069180826	0.0020287576	0.9873215186	0.0019077756	0.0018238656
0	0.0000000513	0.0000000010	0.0527281365	0.0340307067	0.9132411045
0	0.0000000000	0.9984081291	0.0013734396	0.0002183091	0.0000001223
0	0.0318828269	0.1956189201	0.5142749566	0.2582132100	0.0000100864
0	0.0044471474	0.1017626010	0.3603393162	0.0021402661	0.5313106693
0	0.3701427885	0.2595648374	0.0000277586	0.2965162724	0.0737483432
0	0.0000001947	0.1127063404	0.0000050051	0.0014689174	0.8858195424
0	0.8882438153	0.0549731824	0.0000000000	0.0157994241	0.0409835782
0	0.6351630034	0.0851720489	0.2622092885	0.0000518173	0.0174038420
0	0.0022852186	0.0429047060	0.8855476251	0.0046301953	0.0646322551
0	0.1417921650	0.0001460062	0.8562911507	0.0000115671	0.0017591110
0	0.0413821421	0.1492321214	0.0004460428	0.0110122480	0.7979274458
0	0.0000292718	0.0000000000	0.2812969153	0.4219070328	0.2967667801
0	0.0000147403	0.6595576423	0.1288033398	0.1141496276	0.0974746500
0	0.0660556952	0.0000009567	0.0002481761	0.0561575662	0.8775376058
0	0.1534975260	0.0465910970	0.0000000727	0.0000002077	0.7999110967
0	0.0295908499	0.0333904289	0.8177098172	0.0426296570	0.0766792469
0	0.0422307069	0.0140055340	0.8143969626	0.0000000029	0.1293667935
0	0.0674494342	0.2365155545	0.3785849675	0.0225012045	0.2949488392
0	0.3230934936	0.1582625348	0.0439657191	0.4531178190	0.0215604336
0	0.0000358609	0.0703529280	0.0036232976	0.0000438775	0.9259440360
0	0.0018032714	0.1686246427	0.0000000000	0.0404215248	0.7891505611
0	0.0000000000	0.0378667619	0.0900703667	0.0001614854	0.8719013860
0	0.0006801506	0.0438421604	0.1757179479	0.0029040367	0.7768557045
1	0.0000000000	0.0585008951	0.9249370687	0.0000000294	0.0165620068
0	0.0000000003	0.0715096833	0.0490096110	0.0103318342	0.8691488711
0	0.0062479290	0.0022839463	0.0003310587	0.0000780499	0.9910590160
0	0.0735761062	0.0369352795	0.1816240199	0.1085666742	0.5992979201
0	0.0014191602	0.2593196206	0.0006205743	0.0477847181	0.6908559269
0	0.0621387081	0.0009526037	0.5211496785	0.0168689085	0.3988901012
0	0.0025927230	0.0283642854	0.0002347517	0.0000000000	0.9688082399
0	0.0240169775	0.2929558333	0.5645081568	0.0741688705	0.0443501619
0	0.0340247862	0.0000000000	0.1988048469	0.0000000631	0.7671703037
0	0.0000000000	0.0700967029	0.8076878963	0.0000000000	0.1222154008
0	0.0205016158	0.1179256921	0.8604076890	0.0004458533	0.0007191499
0	0.0000000185	0.4190529998	0.2569476272	0.0002456467	0.3237537078
1	0.0000000019	0.9953619012	0.0016554683	0.0006233482	0.0023592804
0	0.1014622241	0.0000075331	0.0001263854	0.1488979969	0.7495058606
0	0.2000622197	0.0001288594	0.7998088458	0.0000000342	0.0000000410
0	0.9863685109	0.0065258886	0.0071016082	0.0000021786	0.0000018136
0	0.0662711570	0.6788093387	0.1652998873	0.0042971212	0.0853224958
0	0.0004629879	0.0004205334	0.6534295667	0.1489939379	0.1966929740
0	0.2332532188	0.0826507528	0.3707132242	0.1480999875	0.1652828166
0	0.1235500492	0.0036699884	0.8727773118	0.0000000000	0.0000026506
0	0.1924043195	0.0000000286	0.0194907840	0.0230451815	0.7650596864
0	0.0010086107	0.0000000000	0.5821155356	0.3895120822	0.0273637716
0	0.0003410520	0.2537951877	0.5669177238	0.1092569384	0.0696890981
0	0.0204851375	0.0004306684	0.0000633550	0.1479322085	0.8310886307
0	0.1065290979	0.8800101931	0.0043570543	0.0005056414	0.0085980132
0	0.4437322666	0.0107778224	0.0000009392	0.0605899486	0.4848990232
0	0.0004024215	0.1204783413	0.0001250239	0.0043609155	0.8746332979
0	0.1127794193	0.2960960201	0.0023597039	0.3292118230	0.2595530337
0	0.0000201744	0.0048780388	0.0082437917	0.0000000183	0.9868579768
0	0.0000044776	0.2561394690	0.2943466175	0.0043122955	0.4451971403
0	0.7021876902	0.0000851087	0.0165589642	0.2281709095	0.0529973273
0	0.1286929105	0.2562412252	0.0127588445	0.0000000000	0.6023070198
0	0.1908848706	0.0110108142	0.0264944772	0.0000000317	0.7716098063
0	0.0000030745	0.0125108051	0.9582448628	0.0002888821	0.0289523755
0	0.0351866800	0.0000000000	0.0031784538	0.0019417957	0.9596930705
0	0.1416127407	0.0000000000	0.4803027739	0.3780844854	0.0000000000
