0	0.0202345344	0.1532599485	0.0000178954	0.0000000018	0.8264876199
0	0.1807664331	0.0231725602	0.3180826633	0.0553497618	0.4226285816
0	0.3155407259	0.0058683811	0.0084598890	0.0012615636	0.6688694405
0	0.1315035242	0.0365366326	0.7133766265	0.0000000000	0.1185832168
0	0.0314582455	0.2109548985	0.6210955293	0.0000000000	0.1364913267
0	0.0005969227	0.0000001562	0.4021688448	0.0293731535	0.5678609228
0	0.0942607277	0.0125079329	0.2555352142	0.5933651259	0.0443309993
0	0.0818436692	0.2183485120	0.0545021216	0.0696460817	0.5756596155
0	0.0001673618	0.1435510370	0.2660134670	0.0597816028	0.5304865314
0	0.0000014487	0.3063564457	0.4017580889	0.0020044726	0.2898795440
0	0.1051427470	0.0652296390	0.0489563668	0.0000668471	0.7806044001
0	0.0000000000	0.0000000235	0.6706413307	0.0000000000	0.3293586458
0	0.0005004837	0.3518265291	0.5586570083	0.0232663391	0.0657496397
0	0.0841667228	0.0898846181	0.0052077640	0.3431892487	0.4775516463
0	0.3195650237	0.3324483142	0.0344831451	0.0000127883	0.3134907288
0	0.0000025018	0.0895331504	0.6917240625	0.0040075714	0.2147327138
0	0.2822235756	0.5751734992	0.0524542628	0.0711569588	0.0189917037
1	0.0088025360	0.3095947950	0.2566058352	0.1205389621	0.3044578717
0	0.0000340637	0.0073313288	0.6273367751	0.1870842089	0.1782136234
0	0.2789559129	0.6877593104	0.0299452281	0.0033290969	0.0000104517
0	0.5434488515	0.0067654787	0.2310324389	0.1396485624	0.0791046684
0	0.0467711466	0.0303644918	0.7759124444	0.1246465059	0.0223054112
0	0.2721588540	0.0116056686	0.1457345659	0.4301722775	0.1403286339
0	0.0195389826	0.6633461154	0.2299580958	0.0869061644	0.0002506418
1	0.0013584162	0.2623441624	0.7323577465	0.0037912252	0.0001484497
0	0.4285374191	0.0276102747	0.5435860620	0.0000000000	0.0002662442
0	0.3594398444	0.0001183105	0.0064630596	0.4619871144	0.1719916711
0	0.2585075853	0.0923008412	0.0000000000	0.0432302326	0.6059613408
0	0.0816222014	0.0535055220	0.0587867223	0.0203311235	0.7857544308
0	0.0014483862	0.0000000000	0.4441273319	0.0000010402	0.5544232417
0	0.0003404464	0.0091370639	0.3554489722	0.0002422352	0.6348312823
0	0.6437473522	0.0000000000	0.1262693544	0.1563700517	0.0736132417
0	0.0561280689	0.0008794712	0.4896322413	0.2446173615	0.2087428571
0	0.2068110309	0.7443233912	0.0464620096	0.0011990384	0.0012045299
0	0.4350889987	0.0420312772	0.1938053789	0.2867464222	0.0423279229
0	0.0194414620	0.8885593771	0.0906096183	0.0000000283	0.0013895143
1	0.0186610850	0.8260386679	0.1456442663	0.0008476813	0.0088082995
0	0.1708572541	0.0000175777	0.0390600396	0.0152384449	0.7748266836
0	0.1189835005	0.0000000067	0.6795167214	0.1935854333	0.0079143381
0	0.0177288214	0.0000474298	0.0073290937	0.0000000087	0.9748946465
0	0.0000000000	0.3767348096	0.0099138265	0.2892748271	0.3240765369
0	0.0000081492	0.0000000000	0.6221813311	0.3777437442	0.0000667756
0	0.0063463010	0.0330054483	0.0145940065	0.0000024224	0.9460518219
0	0.0986258000	0.0005535518	0.1811802491	0.2236146223	0.4960257767
0	0.0002243162	0.1449276598	0.0012970294	0.8535509942	0.0000000004
0	0.8154626981	0.0988288552	0.0000075549	0.0529548907	0.0327460013
0	0.0000000000	0.0043026630	0.5672321504	0.4282902795	0.0001749071
0	0.0597077773	0.0348762643	0.8463184435	0.0488671412	0.0102303735
0	0.0003794625	0.0000015883	0.1473565234	0.0035981615	0.8486642643
0	0.0010794716	0.0652384547	0.0061078931	0.0000025449	0.9275716357
0	0.0658166818	0.0132520266	0.0791339660	0.1193751871	0.7224221386
0	0.0050538879	0.2276877618	0.0408789617	0.0011271031	0.7252522854
0	0.0000063337	0.0459124807	0.7121535159	0.0001310905	0.2417965792
1	0.0000000000	0.2956336802	0.6496943964	0.0038296937	0.0508422297
0	0.0654742966	0.0187064363	0.0464738129	0.2229175833	0.6464278709
0	0.0000468384	0.0000003836	0.2552952911	0.0319362416	0.7127212452
0	0.0207892902	0.0747021816	0.6819755115	0.0000000000	0.2225330167
0	0.0000000000	0.1791237852	0.0000000006	0.0000010395	0.8208751748
0	0.0077080634	0.1381060849	0.0517417070	0.0000000163	0.8024441283
0	0.0022611317	0.0211985308	0.7865829086	0.0955256544	0.0944317745
0	0.0167321297	0.3240180550	0.0325314890	0.0000016278	0.6267166985
0	0.1915489848	0.0206243995	0.0156172493	0.0665638419	0.7056455245
0	0.2399612393	0.0000034351	0.1039023695	0.0000000000	0.6561329560
0	0.0000000181	0.0082283924	0.0045101263	0.0543347387	0.9329267245
0	0.0791358814	0.3776920988	0.4084666620	0.0000000000	0.1347053577
1	0.0006466326	0.7052858785	0.1478168490	0.0329857944	0.1132648455
0	0.1523772079	0.0120284155	0.0613503187	0.1210715216	0.6531725362
0	0.5969675674	0.0000002329	0.0656761516	0.0653739143	0.2719821338
0	0.4547897825	0.0571749462	0.0280373957	0.3300074343	0.1299904413
0	0.7205515143	0.0000071969	0.2036175688	0.0758199992	0.0000037208
0	0.0998131423	0.1359866967	0.6905760988	0.0000000042	0.0736240580
0	0.0222675712	0.0357719001	0.5193543399	0.0027721020	0.4198340867
0	0.0239689616	0.1406559277	0.0042160828	0.0064872222	0.8246718057
0	0.0468375219	0.1051225936	0.6853033121	0.0040334793	0.1587030931
0	0.9666415954	0.0000406970	0.0169964101	0.0057392755	0.0105820221
0	0.3051386309	0.1173883156	0.1920434812	0.3417781348	0.0436514376
0	0.1124874697	0.0032214193	0.1027972776	0.1816886891	0.5998051443
2	0.0000000000	0.4224757226	0.2863542497	0.0010521483	0.2901178793
0	0.0007236445	0.1073925788	0.2174699700	0.0000084375	0.6744053692
0	0.0233773536	0.0359458681	0.5892167154	0.0982518923	0.2532081706
0	0.0221531907	0.5265408486	0.3469264990	0.0960089380	0.0083705237
0	0.4640296730	0.0655273278	0.4667012688	0.0035949456	0.0001467849
0	0.0000000000	0.0235680724	0.5627895029	0.4136424205	0.0000000042
0	0.0016280521	0.0005153173	0.0000000006	0.0000001771	0.9978564530
0	0.0219258378	0.6678374726	0.0000000000	0.1698862858	0.1403504037
0	0.2760209879	0.1727178107	0.0000002538	0.5174502247	0.0338107229
0	0.0049156069	0.0040155169	0.4330791302	0.0000000032	0.5579897428
0	0.2245085758	0.2201401642	0.5194499975	0.0110832479	0.0248180146
0	0.1127291598	0.1427719429	0.0152798193	0.0001143614	0.7291047166
0	0.0000000375	0.0032695087	0.0706756907	0.2855269641	0.6405277991
0	0.0034788201	0.0351333757	0.0102374999	0.0135895443	0.9375607600
0	0.1547406738	0.0878726011	0.6310926023	0.0000005504	0.1262935724
0	0.5014795479	0.0984424074	0.0057961670	0.1743319933	0.2199498843
0	0.0865869282	0.0067933817	0.5037529549	0.0382120339	0.3646547013
0	0.0011936242	0.0176811202	0.5407223567	0.2231201199	0.2172827790
0	0.0333251313	0.0440585544	0.0550506650	0.0007321826	0.8668334667
0	0.0000057656	0.0054112577	0.0583429547	0.0335148473	0.9027251747
0	0.0150673301	0.0820283681	0.2541256420	0.3758336816	0.2729449781
0	0.1783848678	0.0000040275	0.5978708470	0.0000000000	0.2237402577
0	0.0828414213	0.2864364058	0.0987281706	0.0659845079	0.4660094944
