0	0.0075619623	0.0506920269	0.0099819858	0.0000000183	0.9317640067
1	0.0059024884	0.5080672778	0.4110266917	0.0724639565	0.0025395856
1	0.0000000000	0.0527816027	0.4079040000	0.4771361838	0.0621782135
0	0.3170631109	0.0351958924	0.1105279097	0.5128963326	0.0243167544
0	0.0414679053	0.0001450402	0.6024610696	0.0000000000	0.3559259849
0	0.0208028770	0.0000008511	0.6381332488	0.3122568649	0.0288061581
0	0.0991374260	0.4276345789	0.3229219440	0.0472734097	0.1030326414
1	0.0389385743	0.2251943963	0.6566914384	0.0000078933	0.0791676976
0	0.0982939185	0.1316711990	0.6552680937	0.0135831001	0.1011836887
1	0.0000000079	0.0014191120	0.0346883386	0.0000111923	0.9638813493
0	0.1025636502	0.0189389140	0.8554125094	0.0214389514	0.0016459750
0	0.1547482643	0.0000003192	0.0000000008	0.0048554138	0.8403960019
0	0.0340243649	0.7746586365	0.0000000000	0.1912676755	0.0000493231
0	0.0000000000	0.0000002142	0.9511480632	0.0014614969	0.0473902258
0	0.3767081395	0.0006171257	0.0033476692	0.3181722308	0.3011548348
0	0.3556373004	0.0000000000	0.0701489651	0.0788580892	0.4953556452
1	0.0027552822	0.0115221384	0.7873306575	0.1859290252	0.0124628967
0	0.0009884064	0.0910183021	0.0097654712	0.8974415380	0.0007862823
0	0.0349455568	0.0000000212	0.0290463189	0.0929813285	0.8430267748
0	0.3206893040	0.2004931759	0.0014157175	0.2179098440	0.2594919586
0	0.0815630414	0.1452442190	0.0127977275	0.0000000000	0.7603950122
0	0.0000000131	0.3009234054	0.1322669479	0.2502236091	0.3165860245
0	0.0000138588	0.2345616179	0.0974927545	0.6679207924	0.0000109764
0	0.4395484265	0.1418472501	0.2214112790	0.0023258633	0.1948671811
0	0.1427597070	0.0008756206	0.0507359871	0.0028112924	0.8028173929
0	0.1288857563	0.0963986964	0.0455558379	0.0324217102	0.6967379991
1	0.0000000000	0.0004354181	0.9222878639	0.0014461183	0.0758305997
0	0.0736677077	0.1536068600	0.0818002959	0.0005285662	0.6903965702
0	0.0005194395	0.2277490847	0.0145098070	0.0000007763	0.7572208925
0	0.0304001831	0.0246198538	0.5737131832	0.0000000000	0.3712667800
0	0.0034659888	0.1769325409	0.0916819643	0.0305916629	0.6973278430
0	0.0322404393	0.2500415130	0.1931993904	0.0023017045	0.5222169528
0	0.0021252999	0.2614916189	0.0185554311	0.1577654583	0.5600621919
0	0.0701875993	0.0587290709	0.0151773558	0.1192888253	0.7366171487
0	0.4137829126	0.0202009825	0.0000000000	0.0610351693	0.5049809355
1	0.0000295396	0.1570880002	0.4243743504	0.0024092277	0.4160988821
0	0.0000057347	0.8343752246	0.0007442958	0.0038244025	0.1610503424
0	0.3263922323	0.0564540985	0.3495758212	0.2574247210	0.0101531270
0	0.0084720442	0.0458818538	0.0047874600	0.0000000000	0.9408586420
0	0.5266954894	0.3572746311	0.0000129272	0.0763906196	0.0396263326
1	0.0023208745	0.4795989733	0.0119170129	0.0000000000	0.5061631394
0	0.1351541358	0.0039293317	0.0347836957	0.2706283364	0.5555045003
0	0.1839142277	0.0470889967	0.0168329387	0.0000359436	0.7521278933
0	0.0023137831	0.0010515108	0.8963191189	0.0899019369	0.0104136503
0	0.0237557270	0.0012287482	0.1771023783	0.0000425675	0.7978705790
0	0.0951930352	0.0010977897	0.7924606035	0.0058430684	0.1054055031
0	0.0025969145	0.0712484215	0.1668042016	0.0048598710	0.7544905914
0	0.0132319346	0.0000000019	0.0000915984	0.0089573994	0.9777190656
0	0.0202038252	0.8153090180	0.0252816555	0.0116250841	0.1275804172
2	0.0000000000	0.5462765001	0.4505330328	0.0000019030	0.0031885640
0	0.0075862691	0.1311929594	0.0642626644	0.0000702025	0.7968879046
0	0.0702254023	0.6344308051	0.1751193555	0.0244930953	0.0957313417
0	0.3284429829	0.0005767108	0.0348971520	0.0000610284	0.6360221259
0	0.0003122638	0.5036296862	0.0231128197	0.0000002592	0.4729449711
0	0.0919492716	0.0391543530	0.5512734908	0.0510806002	0.2665422845
0	0.0288011337	0.8745224329	0.0484568954	0.0474829103	0.0007366277
0	0.4846030158	0.0034213149	0.0000519673	0.0000000000	0.5119237020
0	0.0026415636	0.0000000000	0.0034113606	0.5507684823	0.4431785934
0	0.0083956891	0.0041726769	0.0495283975	0.8026008293	0.1353024072
0	0.0427778571	0.0000009957	0.0362555315	0.5761816510	0.3447839648
1	0.0455234646	0.0029613899	0.8489062270	0.0597765103	0.0428324082
0	0.0028483645	0.1545502173	0.0099984858	0.4720966552	0.3605062772
0	0.0059988296	0.0685990708	0.0220958051	0.0000000000	0.9033062944
0	0.0701943431	0.0119532453	0.2279918001	0.6893077245	0.0005528870
0	0.0000001156	0.0222577816	0.0968506526	0.0839392074	0.7969522428
0	0.0000000003	0.2424252316	0.0369220417	0.0108475642	0.7098051623
0	0.2379149001	0.1515800442	0.0000324927	0.2760671777	0.3344053853
0	0.0005585558	0.0077512761	0.4302236873	0.5607946234	0.0006718573
0	0.0047141041	0.0000099863	0.8484341997	0.0163239235	0.1305177865
0	0.0008080132	0.4001074110	0.4822560945	0.0000185615	0.1168099199
0	0.0473037638	0.0012493160	0.0000000001	0.0807335578	0.8707133624
0	0.0146083104	0.0000000011	0.9799356485	0.0006517333	0.0048043067
1	0.0000000000	0.0000000008	0.9869658288	0.0130212691	0.0000129012
0	0.0433168492	0.0120755603	0.2779915745	0.0248110291	0.6418049869
0	0.0000000001	0.0001243732	0.2327200248	0.5553299830	0.2118256189
0	0.5529473279	0.1253575745	0.2604650631	0.0020682137	0.0591618207
0	0.0000041294	0.0000001799	0.2135445788	0.0005923312	0.7858587806
0	0.1085851047	0.1162378815	0.0533751079	0.1450767712	0.5767251347
0	0.1685622585	0.3413461490	0.0256360790	0.1876684795	0.2767870340
1	0.0000000000	0.0620156079	0.8273549440	0.0013179518	0.1093114963
0	0.0000000000	0.0000400006	0.0039801094	0.1163568100	0.8796230800
0	0.0001852337	0.0032455894	0.0000000000	0.3066909258	0.6898782511
0	0.0679455234	0.0123540010	0.0000000033	0.0000003914	0.9197000809
0	0.1162313415	0.0017811131	0.4024114986	0.0730994772	0.4064765697
0	0.0044521025	0.1320463228	0.4848936315	0.3259330171	0.0526749261
0	0.4740129994	0.0001325565	0.0078014729	0.0000289264	0.5180240448
0	0.0432734837	0.0946070795	0.0492443754	0.1470574589	0.6658176024
0	0.0158134154	0.0460611539	0.0000617959	0.0000162874	0.9380473474
1	0.0000002124	0.6044310227	0.3490950675	0.0000000000	0.0464736974
1	0.0689175481	0.0315631691	0.7783508151	0.0000000000	0.1211684677
1	0.0000003186	0.9834479807	0.0053478171	0.0000000000	0.0112038836
0	0.0846921756	0.3797393488	0.4110373516	0.0000000000	0.1245311240
1	0.0003455256	0.0009013346	0.9960669277	0.0022223034	0.0004639088
0	0.0948484207	0.0000000000	0.0065032952	0.0012937848	0.8973544993
0	0.7221276211	0.0222444557	0.2194445495	0.0187181446	0.0174652291
0	0.0010488352	0.3122148740	0.1332011183	0.2157537373	0.3377814352
1	0.0012668962	0.5419437869	0.1937311953	0.0003047005	0.2627534213
0	0.0167874429	0.2825860806	0.0000018422	0.6981661896	0.0024584448
0	0.0506434923	0.0424366323	0.0592774378	0.0427280234	0.8049144142
0	0.0002236124	0.0324614725	0.0012705989	0.1051428153	0.8609015009
