0	0.2636790652	0.0002283056	0.7194148954	0.0002719663	0.0164057675
0	0.0000000057	0.0176388806	0.9358788395	0.0163885662	0.0300937079
0	0.3384330766	0.2753370804	0.0264504070	0.0633962486	0.2963831874
0	0.0893116524	0.0624982399	0.1904883213	0.0022004195	0.6555013669
0	0.0387110054	0.0000184361	0.0582296462	0.0062506149	0.8967902975
0	0.0434823319	0.0063593620	0.1353268333	0.0001630633	0.8146684095
0	0.3633960814	0.4478453945	0.1103946834	0.0017511463	0.0766126944
0	0.0683449638	0.0007927080	0.0252682964	0.2115980269	0.6939960049
1	0.0000008731	0.1729284920	0.1541602278	0.5156904201	0.1572199870
0	0.1816798662	0.0012241167	0.3841194214	0.0000000000	0.4329765956
0	0.4505810478	0.0937703757	0.1223689127	0.2404976755	0.0927819884
0	0.1468089003	0.0428085321	0.4984189516	0.0000000000	0.3119636161
0	0.5453907247	0.0000107439	0.1011352517	0.0035269325	0.3499363473
0	0.0000000000	0.0718721528	0.1078334539	0.0243637061	0.7959306873
0	0.3933047323	0.4471731175	0.0722020593	0.0211967878	0.0661233031
0	0.2040339637	0.6071391226	0.0494269170	0.0000005591	0.1393994377
0	0.4965025802	0.1279157547	0.1653231686	0.2017914720	0.0084670244
0	0.6916168524	0.0066919754	0.0133885361	0.1033608771	0.1849417591
0	0.1053627735	0.2540533931	0.4951994856	0.0000000012	0.1453843466
0	0.0117450940	0.0155284515	0.0734435505	0.0038128572	0.8954700468
1	0.0001678128	0.0005119956	0.9967493956	0.0000352490	0.0025355470
0	0.0172539292	0.1264086363	0.0404820326	0.1738347167	0.6420206852
0	0.0109778814	0.0434583323	0.0029663429	0.0000000000	0.9425974434
0	0.1417940864	0.0002119101	0.0079226900	0.0844259180	0.7656453955
0	0.4423657061	0.1707475931	0.0000811764	0.0617772552	0.3250282692
1	0.1426715762	0.1112629491	0.7036581923	0.0409923866	0.0014148958
0	0.0275090978	0.4303358921	0.5305677636	0.0115709552	0.0000162912
0	0.0305444882	0.5947978309	0.0936349445	0.0107735081	0.2702492283
0	0.2524515882	0.0007115439	0.0000533201	0.2397496265	0.5070339213
0	0.0962358864	0.0298490647	0.2703293623	0.4578514702	0.1457342164
0	0.0016229838	0.0039597344	0.9401518270	0.0542560900	0.0000093648
0	0.0095215336	0.0000000000	0.0036705589	0.0000000000	0.9868079075
0	0.0783957257	0.1204322890	0.5844239382	0.1456609415	0.0710871056
0	0.0000446780	0.1907092977	0.0853692051	0.5632649381	0.1606118811
0	0.0003890414	0.2854161449	0.1539544495	0.1165954149	0.4436449493
0	0.0784698664	0.1619355934	0.2302331992	0.0000000000	0.5293613410
0	0.0594668259	0.0000404174	0.0841774618	0.7014769695	0.1548383254
0	0.0222631672	0.0000019527	0.2795266699	0.0000002793	0.6982079309
0	0.0000840976	0.5293467863	0.1800238170	0.1229583001	0.1675869990
0	0.1034735768	0.2523903052	0.0457653689	0.5964206742	0.0019500749
0	0.0210990962	0.0000098886	0.0193295223	0.5038277272	0.4557337657
0	0.0000000000	0.0000000004	0.5889996145	0.0004741826	0.4105262026
0	0.0188638459	0.2133907676	0.7085627344	0.0013548660	0.0578277861
0	0.0446533759	0.2332365110	0.6719570221	0.0002791717	0.0498739193
0	0.0083968364	0.0000973336	0.0154246463	0.0000000001	0.9760811837
0	0.9954346728	0.0000000000	0.0031892761	0.0013760508	0.0000000002
0	0.4508378415	0.0050520874	0.0328488693	0.0000411414	0.5112200604
0	0.5745180670	0.0000753775	0.1867449706	0.0036510024	0.2350105826
0	0.6100195825	0.0173966952	0.3625178300	0.0000825563	0.0099833361
0	0.0140647429	0.0409248396	0.0127714850	0.0024294535	0.9298094790
1	0.0000000000	0.0326069295	0.9459895101	0.0003097374	0.0210938231
0	0.3375464803	0.0007648992	0.0322247684	0.1707134505	0.4587504016
0	0.9629080414	0.0000000000	0.0008589942	0.0011589174	0.0350740469
0	0.2771345392	0.0000455370	0.0000002222	0.0083729528	0.7144467488
0	0.0000000000	0.0752247981	0.0000148719	0.0000000000	0.9247603300
0	0.0105665035	0.2728661469	0.0001241719	0.0004531459	0.7159900318
0	0.2559616469	0.0032054739	0.0011453818	0.0189022420	0.7207852554
0	0.1160349943	0.0599402650	0.5811602794	0.0000000000	0.2428644613
0	0.0000000000	0.0033196553	0.0152655762	0.7173855008	0.2640292677
0	0.1141283339	0.2333213835	0.2321896855	0.1601431397	0.2602174574
1	0.0220142573	0.1853991810	0.5653692222	0.0008630686	0.2263542709
0	0.0000781853	0.0000000115	0.0726723207	0.5193346127	0.4079148698
0	0.2787339740	0.0680677350	0.1324862165	0.1505107119	0.3702013625
0	0.3281920257	0.0003130772	0.0000019840	0.0340048618	0.6374880513
0	0.0278610210	0.0094290467	0.0000000000	0.0000000000	0.9627099324
0	0.0772205874	0.0080624904	0.1501406704	0.0000482485	0.7645280033
0	0.0002006882	0.3053162993	0.1802483394	0.1701958632	0.3440388100
0	0.1245391619	0.2874914421	0.0000712545	0.0014514555	0.5864466860
0	0.0005098363	0.0702546191	0.2600872964	0.6681791351	0.0009691131
0	0.0000000155	0.4446111180	0.5128640775	0.0012551762	0.0412696128
1	0.0345064805	0.2305983449	0.1855275687	0.0034671191	0.5459004867
0	0.1944860774	0.0005671884	0.7921282132	0.0000555907	0.0127629303
0	0.0100429021	0.0413237989	0.0543076156	0.0000353602	0.8942903232
0	0.9869664840	0.0130321338	0.0000000000	0.0000000001	0.0000013821
0	0.0955363583	0.0000000000	0.2623751900	0.0000000000	0.6420884516
1	0.0212130028	0.8524822679	0.0105106561	0.0084153616	0.1073787116
0	0.1459088337	0.0087794450	0.5189707625	0.2629798390	0.0633611199
0	0.4702491971	0.0000000000	0.0015522148	0.0554507880	0.4727478001
0	0.0362235683	0.4341670077	0.0103373605	0.5112277354	0.0080443282
0	0.0007557626	0.1259481281	0.0246489304	0.6349434344	0.2137037446
0	0.0001009546	0.0000000000	0.0317163660	0.0002934237	0.9678892557
0	0.0000000000	0.0083376483	0.3567547561	0.0000000000	0.6349075956
0	0.0027719369	0.0207306426	0.0201819544	0.3762026280	0.5801128381
0	0.0000000125	0.3067914253	0.0739283318	0.1423437962	0.4769364342
0	0.8031557792	0.0888580533	0.0028681001	0.0455358866	0.0595821808
1	0.0005462283	0.0249728851	0.9724183405	0.0006593316	0.0014032145
0	0.1103036506	0.1268871417	0.5016435590	0.2129097504	0.0482558983
0	0.1942820865	0.0000000000	0.0386860645	0.0451080588	0.7219237901
0	0.0380281227	0.0000000000	0.0540291614	0.0317953537	0.8761473622
0	0.0331951870	0.0388036736	0.3638844875	0.0038508517	0.5602658002
2	0.0000000000	0.2663060955	0.7003045643	0.0218313278	0.0115580124
0	0.0697216649	0.0459420494	0.2236978004	0.0000000000	0.6606384853
0	0.0002486690	0.0000923175	0.3025488495	0.0092063715	0.6879037924
0	0.0823213286	0.1018778150	0.2025771227	0.1250904519	0.4881332818
0	0.0004889129	0.0171325215	0.2141285948	0.0586910907	0.7095588802
0	0.0006801588	0.5564025323	0.3128424976	0.0046912886	0.1253835227
0	0.2287769757	0.0771826913	0.1151497763	0.0447940170	0.5340965397
0	0.0001348123	0.1793157295	0.1707379452	0.1079806052	0.5418309078
0	0.0000000000	0.0318561228	0.0442460247	0.5253944263	0.3985034262
0	0.0047818092	0.0000433678	0.0851306493	0.7650896563	0.1449545173
