0	0.0000206853	0.1079981634	0.6264398136	0.2466290097	0.0189123280
0	0.0378424355	0.0000100814	0.0005043600	0.0626464732	0.8989966500
0	0.0420773825	0.0000766054	0.0144217274	0.0000698023	0.9433544823
0	0.0000000540	0.5387405920	0.0869600056	0.3365397434	0.0377596050
0	0.0043175807	0.3196240206	0.0066063102	0.2724410640	0.3970110245
0	0.0747352424	0.0018309903	0.0018193075	0.1593367254	0.7622777344
0	0.2394095929	0.1803976810	0.5727766423	0.0007026363	0.0067134475
0	0.0065810693	0.2438811826	0.7298037492	0.0000000019	0.0197339970
0	0.1362146087	0.0005283496	0.0791162677	0.1268094406	0.6573313334
0	0.0160877707	0.6385081675	0.2614238979	0.0839344695	0.0000456944
0	0.0000000000	0.0449455591	0.0000616041	0.0006029146	0.9543899221
0	0.2158124518	0.4733132394	0.2423713099	0.0001231858	0.0683798131
0	0.0196511300	0.0000415137	0.4166171764	0.0000492484	0.5636409314
0	0.0010804361	0.2337730226	0.0220337687	0.0008239106	0.7422888620
0	0.3184108344	0.2608780470	0.0480434125	0.3060779417	0.0665897643
0	0.0000000126	0.1886129340	0.5654638931	0.1296423607	0.1162807995
0	0.0035229424	0.0144798335	0.9654470602	0.0006625731	0.0158875908
0	0.1391087404	0.0338278667	0.2410079646	0.0000000001	0.5860554281
0	0.0072877901	0.0000000000	0.0272274793	0.6141997548	0.3512849759
0	0.2361301488	0.0609560519	0.2032596139	0.3025299288	0.1971242566
1	0.0006529749	0.0709573350	0.8981686138	0.0275031626	0.0027179139
0	0.4185956977	0.0371127498	0.0873540679	0.0003489243	0.4565885603
0	0.0000000000	0.0018611863	0.1904687421	0.4455862316	0.3620838401
0	0.0485779652	0.0000323158	0.6702724570	0.0017478948	0.2793693673
0	0.2456246054	0.5602211642	0.1939385757	0.0000000000	0.0002156546
0	0.0413272299	0.7002931383	0.0016911938	0.0000023702	0.2566860678
0	0.0000000000	0.1840579462	0.1776382415	0.1026623814	0.5356414309
0	0.4787234156	0.0239337276	0.4140834876	0.0035239948	0.0797353744
1	0.0150491320	0.1435544670	0.8413963841	0.0000000170	0.0000000000
0	0.3294450245	0.0017064406	0.6566110934	0.0120483220	0.0001891195
0	0.5348141501	0.1921847303	0.2730007700	0.0000000001	0.0000003495
0	0.1348558231	0.5061721999	0.1912517585	0.0005920104	0.1671282081
0	0.7667686845	0.0146258392	0.0304490113	0.1880467716	0.0001096934
0	0.0003121920	0.6915814042	0.0000133985	0.2621820823	0.0459109230
0	0.0663024153	0.0071108876	0.3785780056	0.0830631975	0.4649454940
0	0.4852281681	0.0037905814	0.0450045233	0.0810696053	0.3849071219
0	0.0698091309	0.1932222384	0.3222536050	0.1756912872	0.2390237385
0	0.0181500851	0.0515135557	0.0643294282	0.8639264478	0.0020804832
0	0.2092497998	0.2133779648	0.2044476573	0.1728096988	0.2001148792
0	0.0000000023	0.4577175946	0.0901495569	0.0001362228	0.4519966234
0	0.1477852193	0.0392690998	0.0965353420	0.0436880674	0.6727222715
0	0.0000000000	0.0068055994	0.4549941935	0.4413544937	0.0968457134
0	0.0012400144	0.3228709909	0.3698846174	0.0217565865	0.2842477907
0	0.0000000000	0.0013140339	0.9659502159	0.0000071378	0.0327286124
0	0.1876465356	0.0507433155	0.0227037105	0.0850654439	0.6538409945
0	0.3290590836	0.2847268969	0.0797590196	0.2320107322	0.0744442678
0	0.1482213465	0.0263232694	0.0256186633	0.2769942374	0.5228424834
0	0.1772142881	0.5459105542	0.2126158002	0.0273752032	0.0368841543
0	0.2489196287	0.0066996087	0.1460564120	0.0006384132	0.5976859375
0	0.0061097661	0.3659860519	0.0987049373	0.0000000000	0.5291992447
0	0.6476228629	0.0000000000	0.2559533752	0.0962261284	0.0001976335
1	0.0000000105	0.0140639277	0.9783659788	0.0012540121	0.0063160709
0	0.0080300067	0.2390292542	0.1166397868	0.4020663769	0.2342345755
0	0.0000000844	0.3202951789	0.1549781729	0.0000000296	0.5247265342
0	0.0693928827	0.0005466081	0.8825821479	0.0061377430	0.0413406183
0	0.0919161717	0.7233322972	0.0000000005	0.0000000001	0.1847515305
0	0.0000000000	0.9664069891	0.0198189759	0.0000000000	0.0137740350
0	0.0097455232	0.0212094546	0.0378376251	0.0155028272	0.9157045699
0	0.0000043194	0.0293420408	0.8760325319	0.0013471262	0.0932739817
0	0.2702261809	0.7004354335	0.0000027171	0.0000062390	0.0293294295
0	0.0330369509	0.5434665701	0.0070552152	0.0000303323	0.4164109315
0	0.3689648735	0.3684581177	0.0179330251	0.1309674327	0.1136765511
1	0.0001035946	0.0188746060	0.9422621186	0.0008649984	0.0378946824
0	0.0165007512	0.6334637797	0.2686353267	0.0409627988	0.0404373435
0	0.0253643725	0.2258772526	0.7028864464	0.0031695000	0.0427024286
0	0.0042647584	0.4754444395	0.0041435384	0.0018374383	0.5143098254
0	0.2430356725	0.0059646489	0.1126877767	0.3807020194	0.2576098826
0	0.0381231145	0.0032019304	0.1796109277	0.0820786915	0.6969853359
0	0.0102418007	0.4274698466	0.4870033109	0.0016360631	0.0736489787
0	0.4079722951	0.2618442678	0.0072919402	0.0004189177	0.3224725791
0	0.0037224393	0.3644692231	0.0075677404	0.3618842684	0.2623563288
0	0.0015895814	0.0000201694	0.9764643563	0.0000057036	0.0219201893
1	0.0000000000	0.8551608896	0.0191079553	0.0000233281	0.1257078270
0	0.2006929440	0.0095334732	0.5707838569	0.0304286477	0.1885610782
0	0.0099699508	0.0064499198	0.0000000000	0.7750750064	0.2085051230
0	0.0033600797	0.0056660227	0.9119395589	0.0464317078	0.0326026309
0	0.0326796658	0.0000000000	0.7118647268	0.0097128322	0.2457427752
0	0.0417560924	0.0444132983	0.0000017667	0.0000288971	0.9137999455
0	0.6538142482	0.0000000148	0.2792545952	0.0032648420	0.0636662999
0	0.0007578479	0.0313049507	0.5132048704	0.3813226182	0.0734097128
0	0.0453024471	0.1105969437	0.4355623704	0.4085368781	0.0000013608
0	0.0039579037	0.0568688860	0.8223603041	0.0927298499	0.0240830563
0	0.2473210520	0.1495128253	0.5391688296	0.0347976939	0.0291995992
0	0.0001102524	0.0088830899	0.0000224629	0.0000908553	0.9908933395
0	0.0014919333	0.0031858415	0.6095690445	0.3855714934	0.0001816874
0	0.0040425528	0.0303700103	0.3306235061	0.1390694183	0.4958945124
0	0.0027529113	0.0010748080	0.0073455469	0.9856045073	0.0032222266
0	0.3439856565	0.2205372430	0.0053851912	0.0000000000	0.4300919093
0	0.0504926532	0.0000000029	0.0342828654	0.1772980292	0.7379264492
0	0.3564623080	0.0014262301	0.1591335388	0.2565199981	0.2264579249
0	0.1849653280	0.0576895423	0.0831126833	0.0025842532	0.6716481933
0	0.0059408884	0.7515022003	0.0000000000	0.0000720395	0.2424848718
0	0.0277275574	0.1271297716	0.0906555303	0.0000025849	0.7544845557
1	0.0000000000	0.0076175673	0.9021719833	0.0000000000	0.0902104494
2	0.0000000000	0.3174156833	0.6588476858	0.0000000001	0.0237366307
0	0.0000004532	0.0011885991	0.1820967081	0.0225967864	0.7941174532
0	0.0000043681	0.0000060481	0.0362060921	0.0048210729	0.9589624188
0	0.7477307947	0.0016522933	0.1481174328	0.0003603850	0.1021390942
0	0.4294772448	0.0934684404	0.4526609065	0.0243926132	0.0000007950
0	0.0193707558	0.2346173997	0.0047856295	0.3326092591	0.4086169558
