0	0.0002018137	0.0036072812	0.8565298452	0.0000000000	0.1396610599
0	0.3900394077	0.0000009981	0.0409455576	0.0000051688	0.5690088678
0	0.4031755466	0.0565227528	0.0018467040	0.0003572343	0.5380977623
0	0.1672316178	0.0583928252	0.3094525594	0.0378555043	0.4270674934
0	0.0487842767	0.1433771338	0.0000653529	0.0000000000	0.8077732365
0	0.0192796334	0.9550815116	0.0101219196	0.0002921315	0.0152248039
0	0.3876687587	0.0715138316	0.0013345943	0.0000424421	0.5394403733
0	0.0044914005	0.3443984908	0.2666975912	0.1478541725	0.2365583450
0	0.7263207560	0.0341920804	0.0038873869	0.0000711079	0.2355286689
0	0.0101269481	0.3184639283	0.0268114847	0.1133685905	0.5312290484
0	0.0650809651	0.0021724056	0.0000772893	0.4634203756	0.4692489645
0	0.0551319914	0.1569662474	0.6693774632	0.0526380473	0.0658862508
0	0.0000591249	0.2301048053	0.0762934613	0.0805347384	0.6130078700
0	0.0000000000	0.0545747099	0.3230410595	0.1927999486	0.4295842820
0	0.2578644388	0.0140408914	0.1491933112	0.3810091579	0.1978922008
0	0.3252785912	0.0127117119	0.2016040942	0.0447992921	0.4156063106
0	0.3127337127	0.0000005749	0.4810620534	0.1716843455	0.0345193135
0	0.4964895230	0.0394683032	0.4462034093	0.0177834581	0.0000553064
0	0.0000000005	0.4506518642	0.4750058156	0.0000453827	0.0742969370
0	0.0275852309	0.0024752425	0.0869481137	0.8531804423	0.0298109705
0	0.0151624075	0.0311089356	0.6090728747	0.0000000000	0.3446557822
0	0.0045021051	0.0000000000	0.0901927082	0.9053051854	0.0000000012
0	0.1185215687	0.0031213906	0.0017392788	0.2347482646	0.6418694972
0	0.0416329522	0.3635379938	0.0012891256	0.0000000031	0.5935399252
1	0.0239524039	0.0487442013	0.9272208081	0.0000825868	0.0000000000
0	0.1717050963	0.0136041767	0.7063588631	0.0017635201	0.1065683438
0	0.0444226900	0.0000000000	0.7012643252	0.0029943473	0.2513186375
0	0.3633286631	0.0669619644	0.4888803689	0.0000000000	0.0808290036
0	0.0594394132	0.0713776130	0.0073074920	0.0000083457	0.8618671361
0	0.0317668043	0.1606663887	0.1210495323	0.0111096171	0.6754076575
0	0.5379573859	0.0001007312	0.0000002112	0.1140320915	0.3479095802
0	0.0000387839	0.4895477846	0.0632882915	0.3286246580	0.1185004819
0	0.0172153820	0.9029400247	0.0044905769	0.0023112003	0.0730428161
1	0.0000000000	0.5695076262	0.3622170074	0.0087729114	0.0595024550
0	0.0391177462	0.1176893368	0.4036527327	0.0349442497	0.4045959346
0	0.0000001107	0.0373833690	0.0000003945	0.0002742348	0.9623418910
1	0.0000000014	0.0592319841	0.7375686058	0.0000000021	0.2031994065
0	0.0000011648	0.0414653190	0.3667611631	0.0207640099	0.5710083433
0	0.1590573984	0.0102971405	0.0195255220	0.4197632755	0.3913566636
0	0.0000171279	0.4093272819	0.0658835564	0.4828913093	0.0418807246
0	0.0358813740	0.0127352698	0.0014152156	0.0000000000	0.9499681406
0	0.0490259607	0.0001532517	0.3256868660	0.2534100154	0.3717239062
0	0.0531498812	0.0161747001	0.0336734422	0.1647693291	0.7322326474
2	0.0000000000	0.7782962703	0.2212164747	0.0000000000	0.0004872550
0	0.0000018285	0.0241097921	0.0005657916	0.0000000000	0.9753225878
0	0.0000104089	0.5025844416	0.4047519159	0.0131739575	0.0794792761
1	0.0000000000	0.3121540165	0.2458924207	0.0429100475	0.3990435153
0	0.4327080379	0.0000469819	0.1799114822	0.0004193659	0.3869141321
0	0.0000000018	0.0676477306	0.1269281426	0.3115422699	0.4938818551
0	0.0003159561	0.5016594627	0.0117591257	0.4277250090	0.0585404465
0	0.2916030521	0.0000000000	0.0025729071	0.3077607213	0.3980633195
0	0.1679748527	0.0000000000	0.2203939449	0.0826022628	0.5290289396
0	0.0814036825	0.0000000000	0.0019551775	0.6794862230	0.2371549170
0	0.0000000000	0.7141813518	0.0403455395	0.0005728404	0.2449002682
0	0.0118792405	0.0029607426	0.9638079552	0.0143009088	0.0070511528
0	0.1749995969	0.0020078898	0.2796537226	0.3461274424	0.1972113484
0	0.0382489648	0.0007778765	0.0027485103	0.1312359486	0.8269886998
0	0.0109826062	0.0000255489	0.0403528533	0.9067041127	0.0419348789
0	0.0941138041	0.6936940089	0.0131396811	0.1225728771	0.0764796287
0	0.1512560133	0.6694537718	0.0041599842	0.0000000000	0.1751302308
0	0.7368414194	0.1294604522	0.0160834901	0.0018610949	0.1157535434
0	0.0000000000	0.0003653962	0.0007826716	0.4899697039	0.5088822282
0	0.0176727726	0.0000000000	0.5053510037	0.0001035887	0.4768726350
0	0.0005964458	0.0022982339	0.9966073148	0.0000000000	0.0004980054
0	0.0000023931	0.1452152764	0.0008445555	0.1176960461	0.7362417289
0	0.0051374955	0.2586007456	0.1475936691	0.0756152294	0.5130528604
0	0.4192187951	0.0000000066	0.5807794423	0.0000006695	0.0000010865
0	0.0110074526	0.0000000032	0.0000413355	0.1533488607	0.8356023480
0	0.0075927640	0.0118186933	0.0000077950	0.0019439126	0.9786368350
0	0.0019102279	0.9761734085	0.0053845110	0.0000000090	0.0165318436
0	0.1098161075	0.0028118107	0.7596397264	0.0004342463	0.1272981091
0	0.0361807419	0.3452668364	0.6176083372	0.0000000000	0.0009440845
0	0.0941257431	0.0412313290	0.7041069504	0.0333833255	0.1271526520
0	0.0474129076	0.0142052516	0.0149329430	0.0002311693	0.9232177285
0	0.0577575619	0.8865972520	0.0534096732	0.0004534076	0.0017821053
1	0.0000000000	0.4093015008	0.3209443387	0.0173064895	0.2524476709
0	0.0000008008	0.8569201738	0.0122445560	0.0385250272	0.0923094423
0	0.0430781875	0.0821051396	0.0267241265	0.0976362407	0.7504563057
0	0.0183624775	0.0571533157	0.9109656844	0.0000000107	0.0135185118
0	0.1160066632	0.4233868081	0.1492051993	0.0000737054	0.3113276240
0	0.8092320089	0.0071149395	0.0015548487	0.0689080779	0.1131901249
0	0.0580279938	0.0000000185	0.4500332728	0.0000001104	0.4919386046
0	0.0000000000	0.8005357555	0.0099268980	0.0000167641	0.1895205825
0	0.0011007078	0.0208790874	0.0003218843	0.0000017526	0.9776965679
0	0.0810942825	0.6441355773	0.1513648199	0.0002779929	0.1231273274
0	0.0000019802	0.7572458700	0.0784203301	0.1014193129	0.0629125068
1	0.0000000000	0.1675227343	0.6195359000	0.0083454955	0.2045958701
0	0.0164299998	0.6049495393	0.0183483627	0.3593244077	0.0009476905
0	0.0000000000	0.0043466695	0.0333785608	0.1707405442	0.7915342255
0	0.1069499841	0.0003955280	0.1493884937	0.2975180847	0.4457479095
0	0.1805778748	0.6649764407	0.1530644265	0.0013781219	0.0000031360
0	0.0381193361	0.0085814955	0.0000015699	0.9451940709	0.0081035275
0	0.0038719039	0.0025312518	0.0551703689	0.9224965667	0.0159299088
0	0.0210223879	0.0000241990	0.8805607183	0.0056415745	0.0927511203
0	0.0057023916	0.0027307469	0.0556816771	0.0001696137	0.9357155707
0	0.0079891983	0.0038079239	0.0255894887	0.5214649803	0.4411484088
0	0.0000000000	0.0159873262	0.0046729269	0.0000000090	0.9793397379
1	0.0000609392	0.2097305300	0.4503345428	0.3279643418	0.0119096463
0	0.0009388816	0.4085208295	0.0454313715	0.5395544907	0.0055544266
0	0.0534536583	0.2044812457	0.0397183797	0.5736303048	0.1287164116
