0	0.1721488567	0.0000000000	0.0268131109	0.0052418433	0.7957961891
0	0.1408480400	0.0059026134	0.4048745985	0.0034391142	0.4449356339
0	0.1197557345	0.0437135730	0.0663848015	0.0290765660	0.7410693250
0	0.0406930548	0.0612712320	0.0000017192	0.1640651484	0.7339688456
0	0.0000000060	0.0184382666	0.0054044118	0.0076988831	0.9684584326
0	0.0000022050	0.0021701475	0.0000122473	0.0000000000	0.9978154002
0	0.0037429377	0.0023852609	0.0982309512	0.0030569939	0.8925838562
0	0.0103422753	0.0490564501	0.0304230227	0.1450297850	0.7651484669
0	0.0013789162	0.0283465339	0.2197325327	0.6500953423	0.1004466750
0	0.2545959640	0.0291771828	0.2575846376	0.0121284951	0.4465137205
0	0.0114747984	0.1222228506	0.7613080051	0.0763689211	0.0286254248
2	0.0000000000	0.3059626502	0.5664846147	0.0000000543	0.1275526808
0	0.0001693654	0.2477535071	0.2470370186	0.0003885962	0.5046515127
1	0.0000721577	0.6703604467	0.0831578943	0.0480340237	0.1983754776
1	0.0311806338	0.2409771250	0.6268650261	0.0055978702	0.0953793448
0	0.7554331145	0.0000027874	0.1577146658	0.0862344479	0.0006149844
0	0.0335961575	0.0000625678	0.0001893758	0.5277411373	0.4384107616
0	0.3506280324	0.0000721708	0.0901960423	0.0473036592	0.5118000954
0	0.0000114301	0.8448469232	0.0000594377	0.0003566049	0.1547256041
1	0.0426077139	0.2095116890	0.7401739562	0.0000085450	0.0076980958
1	0.0000000000	0.0336841380	0.9662688783	0.0000000000	0.0000469837
0	0.0400315687	0.1608151659	0.0903784243	0.3716824177	0.3370924234
0	0.1321817280	0.0509851445	0.0003626121	0.0000142998	0.8164562156
0	0.4129071132	0.1639998881	0.0023749683	0.1116989337	0.3090190967
0	0.0188695783	0.0000000000	0.7810793368	0.2000493253	0.0000017596
1	0.0000000000	0.7779256994	0.2132387326	0.0055040323	0.0033315357
0	0.7637116788	0.0105362832	0.0720358340	0.0301349942	0.1235812099
0	0.0059462340	0.9112609461	0.0365170315	0.0461232897	0.0001524987
0	0.3233580385	0.0376286707	0.0905798389	0.0747189188	0.4737145332
0	0.0000000000	0.0294733815	0.1394365602	0.1852307866	0.6458592717
0	0.0260371349	0.0000082058	0.7020052427	0.0001953337	0.2717540830
0	0.5936858105	0.0033577797	0.3802601802	0.0010450771	0.0216511525
0	0.5024712509	0.0055697901	0.4140734334	0.0761757510	0.0017097745
0	0.0226063869	0.0649969593	0.1691292354	0.2640493662	0.4792180522
0	0.0634617435	0.2594219441	0.0390777296	0.1371384116	0.5009001712
0	0.2472792633	0.4370905739	0.0050824428	0.0000002375	0.3105474824
0	0.2294677149	0.0376991816	0.5369972160	0.1584517735	0.0373841139
0	0.0337854897	0.0000000002	0.0000004352	0.0000000000	0.9662140749
0	0.0029733600	0.6663783388	0.0211426005	0.2597128548	0.0497928459
0	0.7563052489	0.0046586759	0.2327030610	0.0058591093	0.0004739049
0	0.2299618451	0.4715711457	0.1821010895	0.0960496797	0.0203162401
0	0.4936332316	0.1642150350	0.0149142620	0.2693395657	0.0578979057
0	0.3807205195	0.0001879353	0.0000001104	0.2905032259	0.3285882088
0	0.0049566789	0.0002843144	0.5802305335	0.0019095994	0.4126188737
0	0.0343557082	0.0048424245	0.8467723021	0.0175652761	0.0964642892
0	0.0195396278	0.0413956596	0.1470490391	0.5327232790	0.2592923945
0	0.0564674003	0.0403414776	0.0007160488	0.7071399342	0.1953351391
0	0.0000000000	0.3492029488	0.5011245085	0.0169220086	0.1327505341
0	0.0009245003	0.2673385033	0.0071181517	0.0013896078	0.7232292369
1	0.0124004425	0.2737932196	0.6324946600	0.0129105953	0.0684010826
0	0.3037188710	0.0000211286	0.1671620510	0.0514955408	0.4776024086
0	0.0000000000	0.0000635650	0.6738615351	0.0003403638	0.3257345362
1	0.0000204659	0.8206828423	0.1421059853	0.0175171468	0.0196735597
0	0.0744628394	0.1524111359	0.1862723817	0.4709764120	0.1158772310
0	0.6388364512	0.3611409784	0.0000042414	0.0000001589	0.0000181702
0	0.3000893887	0.0000000000	0.0265430944	0.0020254571	0.6713420598
0	0.0109502471	0.9799850679	0.0073393083	0.0000000000	0.0017253767
0	0.0000000000	0.0307157530	0.8661648270	0.0000017373	0.1031176827
0	0.0954214489	0.0000003621	0.0142801097	0.3250097578	0.5652883215
0	0.3971835113	0.5256524969	0.0000000078	0.0493575760	0.0278064080
1	0.0000002263	0.0343251310	0.1558300161	0.0000443702	0.8098002564
0	0.1200870344	0.0046749229	0.8173415833	0.0035974114	0.0542990479
0	0.0000029211	0.9462191493	0.0011617282	0.0000000011	0.0526162003
0	0.0134478428	0.1186501462	0.1456877130	0.0036379292	0.7185763688
0	0.2577782535	0.0168849401	0.3608635565	0.3644530107	0.0000202393
0	0.0000017150	0.6550975187	0.0902152111	0.0003141011	0.2543714540
0	0.8337042722	0.0387497015	0.0665981564	0.0061879857	0.0547598844
0	0.6179911834	0.1493053603	0.0576314581	0.0118214779	0.1632505203
0	0.1240689407	0.0071602646	0.4623044564	0.0827428151	0.3237235232
0	0.0000000000	0.1832810360	0.5936497265	0.1886057419	0.0344634957
0	0.2700997916	0.0000000000	0.1000191383	0.0122881183	0.6175929519
0	0.7156553893	0.2832209900	0.0011235598	0.0000000000	0.0000000610
0	0.0227583924	0.0499404713	0.2573844373	0.0000000000	0.6699166990
0	0.2096327411	0.0028011515	0.4829344340	0.1038371200	0.2007945534
0	0.0096314372	0.0298327968	0.0066851910	0.0000000000	0.9538505749
0	0.0656798725	0.0000008158	0.5591307480	0.1907954319	0.1843931317
0	0.0000000000	0.0004025634	0.0262489516	0.0623851671	0.9109633180
0	0.0889050462	0.3335939215	0.0554837316	0.5220106137	0.0000066870
0	0.2386580345	0.0107392540	0.0705606709	0.0148934018	0.6651486388
0	0.7394140003	0.0228664421	0.0368292913	0.2004655381	0.0004247282
0	0.0005801468	0.0769914398	0.0092111515	0.8382657287	0.0749515333
0	0.1334355606	0.1203098589	0.1088136151	0.0277695529	0.6096714125
0	0.8276264803	0.0363276702	0.1294557298	0.0000000009	0.0065901188
0	0.0846259046	0.1763376760	0.2571503842	0.0023554303	0.4795306049
0	0.0003019311	0.0189200638	0.0507301658	0.0000000000	0.9300478393
0	0.0112607230	0.1783423699	0.2165443293	0.1200425335	0.4738100442
0	0.0110395142	0.0090424704	0.8302717626	0.0149863089	0.1346599440
1	0.0000000021	0.0973356961	0.5384411746	0.0056263913	0.3585967358
0	0.0931867523	0.0000000029	0.0000000002	0.1462688811	0.7605443635
0	0.0124806769	0.0039228942	0.0027417823	0.2255108862	0.7553437604
0	0.0104401360	0.0000000000	0.0004126300	0.0000000016	0.9891472323
1	0.0000000000	0.0001158550	0.9802474067	0.0004281124	0.0192086259
0	0.0025112924	0.7282790136	0.0076264688	0.0767617479	0.1848214773
0	0.3023790202	0.0001465813	0.4154716866	0.1892656811	0.0927370308
0	0.5293549096	0.0449476737	0.1257484422	0.0324351247	0.2675138498
0	0.3186260965	0.0007019195	0.6805965973	0.0000744762	0.0000009106
0	0.0001829264	0.0000000978	0.0005502325	0.8391088974	0.1601578459
1	0.0000133998	0.0047489805	0.9182140961	0.0316384824	0.0453850412
1	0.0001612897	0.2795527692	0.3638423970	0.3162405099	0.0402030341
0	0.2377673160	0.3925156958	0.0252533564	0.3071617985	0.0373018333
