1	0.0000086699	0.0003295583	0.8437138054	0.0000000408	0.1559479256
0	0.0241804667	0.0000000101	0.0001479877	0.4386962040	0.5369753315
0	0.2210408523	0.0035305286	0.1732056971	0.3793226749	0.2229002470
0	0.0000000000	0.4320702583	0.1037911067	0.0000000040	0.4641386309
0	0.0000000000	0.0027569733	0.3138896332	0.5918017874	0.0915516061
0	0.2588400276	0.0397837248	0.3100218746	0.0149602369	0.3763941362
0	0.1182027557	0.0005223057	0.0629694015	0.1766848945	0.6416206426
1	0.0000000001	0.0508102907	0.3188366343	0.0009963273	0.6293567477
0	0.0004910127	0.7123365691	0.2061996356	0.0005043085	0.0804684742
0	0.0193237970	0.3178199527	0.5742869377	0.0000081837	0.0885611289
0	0.0178300772	0.0000000000	0.8992568014	0.0829131174	0.0000000040
0	0.0046604191	0.0493255400	0.0403550655	0.0000001925	0.9056587830
0	0.0870982178	0.1523980081	0.0378915796	0.2703162717	0.4522959228
0	0.0000452191	0.0000000369	0.0758489550	0.0460834259	0.8780223630
0	0.0081015237	0.0228723224	0.0000185224	0.0000000000	0.9690076316
0	0.0086760882	0.0000000000	0.0022120799	0.0523829833	0.9367288486
0	0.4979101771	0.2929621521	0.0000000000	0.0825989245	0.1265287462
0	0.0000070170	0.0000070333	0.1603914631	0.3067338038	0.5328606827
0	0.0586520401	0.0251281017	0.7191558316	0.0000151015	0.1970489251
0	0.0000000000	0.0020712302	0.0128708239	0.5543478399	0.4307101059
0	0.0563128624	0.0015625716	0.0403599392	0.8204148320	0.0813497948
0	0.0185988411	0.7282445037	0.0000000043	0.0000000000	0.2531566508
0	0.0000000000	0.2475659205	0.0430503427	0.0429256149	0.6664581219
1	0.0000000000	0.3956847696	0.4563098263	0.0051062311	0.1428991730
0	0.1435489500	0.1879174034	0.1986068904	0.0000000817	0.4699266745
0	0.1370863713	0.0061382303	0.0543535673	0.0007672906	0.8016545405
0	0.0473006025	0.2604719973	0.0000000013	0.2443537376	0.4478736613
0	0.0020206019	0.1386168240	0.4003264305	0.4415482797	0.0174878639
0	0.0266433977	0.0849971285	0.1026421983	0.1044191383	0.6812981373
0	0.3279689063	0.0987634635	0.2361902383	0.3370773919	0.0000000000
0	0.1123519595	0.0000000000	0.8774363700	0.0000000000	0.0102116705
1	0.0055439983	0.0440324190	0.7383958545	0.0033952112	0.2086325170
0	0.0207013999	0.1069235610	0.4435026651	0.0001497963	0.4287225776
1	0.0016955609	0.0446554910	0.7298319055	0.0094545861	0.2143624565
0	0.1478713756	0.7305072799	0.0201208994	0.0895400091	0.0119604361
0	0.9966474475	0.0000022414	0.0033129628	0.0000180998	0.0000192486
0	0.0000046604	0.2652631914	0.0513660757	0.0590145974	0.6243514751
0	0.0202961874	0.0000000000	0.0797511256	0.0000000000	0.8999526870
0	0.0639722613	0.0000007174	0.6232538830	0.0231402843	0.2896328540
0	0.0110254316	0.0178176243	0.3019009037	0.5539562390	0.1152998014
0	0.0000028089	0.0000000001	0.0001316343	0.0043330465	0.9955325101
0	0.2269165224	0.0377746321	0.7185323743	0.0148046912	0.0019717800
0	0.0092560716	0.0015277445	0.0376608365	0.0000000146	0.9515553329
0	0.0000027411	0.2252433509	0.0060430785	0.5157784007	0.2529324289
0	0.1457033257	0.0009321428	0.0096704042	0.0658882286	0.7778058987
0	0.1127959657	0.1466794723	0.4069574990	0.0132647220	0.3203023409
0	0.0562528867	0.0196875050	0.0063006503	0.0000000000	0.9177589580
0	0.3055576899	0.0000741533	0.0690786070	0.0009049337	0.6243846162
0	0.0774696185	0.1970421371	0.1118808352	0.1027969483	0.5108104609
0	0.0229114274	0.3464790787	0.3634046672	0.1294607524	0.1377440743
0	0.3649139392	0.3283279346	0.2115160993	0.0605483967	0.0346936303
0	0.0202077134	0.1646322805	0.0000000024	0.5273942376	0.2877657661
0	0.0035409175	0.0693993994	0.0377986734	0.0873834167	0.8018775930
0	0.2686671592	0.0000000001	0.5139968334	0.0359091982	0.1814268091
0	0.1342047080	0.1375677500	0.0561991370	0.0001497323	0.6718786727
1	0.0000000000	0.9049201599	0.0314656655	0.0516296242	0.0119845505
0	0.0119661894	0.0003308947	0.0001034714	0.0007738291	0.9868256154
0	0.0924479852	0.0224940518	0.0069476090	0.3842599641	0.4938503899
0	0.0000064313	0.0004388507	0.0000130266	0.2300319682	0.7695097232
0	0.0000001407	0.3462564273	0.0034630437	0.0001938888	0.6500864996
0	0.3128790611	0.0002054089	0.4960544713	0.0000000000	0.1908610587
0	0.6651174978	0.0094628223	0.0173553650	0.0156011766	0.2924631382
0	0.5578093485	0.0380916743	0.3126841693	0.0062634494	0.0851513584
0	0.0882606699	0.0085120934	0.0021255909	0.8491028515	0.0519987943
0	0.0662302724	0.0000001854	0.1433596722	0.0117349798	0.7786748903
0	0.0713774926	0.0240254118	0.0000008270	0.0569709827	0.8476252858
0	0.0489800554	0.0000000002	0.4851816988	0.0654794765	0.4003587690
0	0.4350612159	0.1605432665	0.0094091650	0.0466175199	0.3483688327
0	0.0040586034	0.0000000000	0.7202085929	0.1294473682	0.1462854355
0	0.2781936991	0.0084729761	0.0245083700	0.2961859323	0.3926390225
0	0.2267662652	0.1650844925	0.0091125645	0.0035903462	0.5954463315
0	0.6190809143	0.0000000004	0.2644272658	0.1011031629	0.0153886567
0	0.1480111082	0.0348304152	0.1607608260	0.2488749662	0.4075226845
0	0.1847007879	0.0277889207	0.1079784540	0.3006301291	0.3789017084
0	0.5706889901	0.0129113787	0.0936998701	0.0171116468	0.3055881144
0	0.0000000527	0.3846612507	0.5761724573	0.0161287515	0.0230374879
1	0.0298594503	0.1676143574	0.0078320592	0.0020712738	0.7926228592
0	0.0000000000	0.5275473395	0.2939845771	0.0058761368	0.1725919466
0	0.1419890829	0.0033056171	0.6089126583	0.0154279567	0.2303646849
0	0.0072619550	0.4230863545	0.0316786560	0.0000019961	0.5379710385
0	0.0262462328	0.0000002529	0.5813280023	0.0922004643	0.3002250477
0	0.0003234673	0.0000018280	0.0077866653	0.1026856439	0.8892023955
0	0.2584683673	0.5842303331	0.1419707362	0.0047780876	0.0105524759
0	0.0043240481	0.1955858745	0.0019276042	0.6924983282	0.1056641451
1	0.0023889335	0.6761091153	0.3108013188	0.0053177541	0.0053828783
0	0.0047298103	0.0666986241	0.6830464454	0.0959183219	0.1496067983
2	0.0000000000	0.2170254086	0.7783293908	0.0000029843	0.0046422163
0	0.0276574408	0.5750156766	0.3971305165	0.0000000000	0.0001963662
0	0.4326648516	0.0955239798	0.1442891234	0.0136946250	0.3138274202
0	0.0798989304	0.0453201440	0.8608338616	0.0137157631	0.0002313008
0	0.0983972305	0.0018507422	0.0708769541	0.0005650300	0.8283100432
0	0.5130469203	0.0364228904	0.1266591626	0.0292754019	0.2945956249
0	0.4237401446	0.2702325825	0.1587333961	0.1465881811	0.0007056958
0	0.0000000177	0.0013455044	0.0703868149	0.7982332453	0.1300344178
0	0.0000000000	0.2417633894	0.0034435429	0.7347121536	0.0200809141
0	0.6598144038	0.0000000000	0.0066269489	0.0374300127	0.2961286345
0	0.5698032620	0.0955689023	0.0764209924	0.1419376419	0.1162692015
0	0.0005773200	0.1547178524	0.2850233143	0.0000063202	0.5596751931
0	0.0000000000	0.0265405335	0.0000000000	0.6907523734	0.2827070930
0	0.0000016957	0.0000000000	0.4708638486	0.0341587346	0.4949757211
