0	0.0000000000	0.0547344770	0.1391608439	0.8061033228	0.0000013563
0	0.6151479968	0.1046801256	0.2466353963	0.0000754975	0.0334609838
0	0.0103690930	0.0981364386	0.2340506140	0.3823834227	0.2750604317
0	0.0003982505	0.8828559785	0.0000000573	0.1167280402	0.0000176735
0	0.0216921449	0.6518663745	0.0711636145	0.0158430052	0.2394348609
0	0.0000063614	0.5260166583	0.0184046755	0.3334295975	0.1221427072
0	0.2806300354	0.0000000922	0.5580445092	0.0237256392	0.1375997240
0	0.0000405279	0.0000000000	0.1030802477	0.0000000000	0.8968792244
0	0.0455838717	0.6879364929	0.0501613575	0.1339789329	0.0823393450
0	0.0005654586	0.2757696067	0.0464235888	0.0001980008	0.6770433451
0	0.0000000218	0.0000000000	0.1611875994	0.1737344864	0.6650778924
0	0.4042008788	0.0034742534	0.1778204133	0.2362249089	0.1782795456
0	0.0000000000	0.0032649146	0.6096758892	0.0254096573	0.3616495389
0	0.0041056264	0.0032797800	0.1813716375	0.7535355223	0.0577074337
0	0.0000000000	0.0093126793	0.7180970567	0.2681203961	0.0044698680
0	0.0063529720	0.1362852397	0.0004165743	0.0000000000	0.8569452140
0	0.3912629593	0.2938600163	0.0591957652	0.0000000000	0.2556812592
0	0.1704326702	0.0121285634	0.5612947245	0.2266577046	0.0294863373
0	0.0000000000	0.0003177315	0.9615863852	0.0000000029	0.0380958804
0	0.0311725080	0.3027399394	0.6375502880	0.0175324257	0.0110048389
0	0.0020215371	0.0000000000	0.6764857544	0.2647084338	0.0567842747
0	0.0068675724	0.0002553356	0.8948682593	0.0008088842	0.0971999486
0	0.0000000000	0.0182127439	0.0505702105	0.0000000044	0.9312170413
0	0.0834156255	0.0013776852	0.2849227949	0.0000000000	0.6302838944
0	0.0001458619	0.6882700873	0.0383066277	0.0844583942	0.1888190289
0	0.0859855265	0.0011869320	0.0056631794	0.0424095164	0.8647548458
0	0.0002523999	0.2216095527	0.0744595247	0.4046052636	0.2990732591
0	0.0785953704	0.0236480169	0.5837376652	0.0066200426	0.3073989049
0	0.4719648107	0.2679381602	0.0004068027	0.1543337604	0.1053564660
0	0.1317495804	0.1318331057	0.3163386888	0.2238021599	0.1962764652
0	0.0000004443	0.0001728237	0.7798120373	0.0001186058	0.2198960890
0	0.3292230583	0.1261599335	0.0021307444	0.2387828550	0.3037034088
0	0.6325443125	0.3664904494	0.0009579451	0.0000072573	0.0000000357
0	0.1178257307	0.2719704368	0.4282732493	0.0622331641	0.1196974192
0	0.0501835972	0.0127689099	0.1133507609	0.0000000000	0.8236967320
0	0.0000005179	0.0005299380	0.3099215237	0.3854712091	0.3040768113
0	0.0362042564	0.2792428611	0.4433759473	0.0174741909	0.2237027443
0	0.2865608016	0.0062589602	0.0165926050	0.1536255553	0.5369620779
0	0.0018466653	0.0000000000	0.0669400658	0.1955432431	0.7356700258
0	0.1585214978	0.0000001336	0.0000000011	0.8399100901	0.0015682773
0	0.0000749591	0.0020319473	0.2786614400	0.6922687443	0.0269629093
0	0.1484063675	0.0293981749	0.7877301299	0.0000000005	0.0344653272
0	0.0000000255	0.0872743740	0.5207436594	0.0159802980	0.3760016431
0	0.8866010447	0.0000000000	0.0000043171	0.0000472592	0.1133473789
0	0.0000000000	0.1725723969	0.0010085576	0.0368169228	0.7896021226
0	0.0001121898	0.0089611281	0.9748662770	0.0138484234	0.0022119817
0	0.0946738357	0.0918480096	0.4028991384	0.2548158608	0.1557631555
2	0.0015126407	0.1819090270	0.8161747194	0.0004036116	0.0000000013
0	0.0010253351	0.1077522446	0.0742259873	0.7719697923	0.0450266407
0	0.0086276270	0.0624519742	0.9281635110	0.0000099111	0.0007469767
0	0.0017065947	0.0769281367	0.0583928353	0.0040309006	0.8589415328
0	0.9999997715	0.0000000000	0.0000002284	0.0000000000	0.0000000001
0	0.0031604422	0.4564935604	0.0073261901	0.2710180516	0.2620017557
0	0.0371735465	0.0061134098	0.0014906631	0.0048789349	0.9503434457
0	0.0081309646	0.0000000000	0.2688811615	0.0169957445	0.7059921294
0	0.4846327500	0.4997039185	0.0135314539	0.0002623995	0.0018694781
0	0.8870297500	0.0024874651	0.0161809398	0.0084434832	0.0858583618
0	0.0005961121	0.3003789486	0.5905925639	0.0000408894	0.1083914861
0	0.4196400651	0.0000096919	0.0075813344	0.1967703709	0.3759985378
0	0.6929053488	0.2609494583	0.0000001132	0.0000000081	0.0461450717
0	0.0073928958	0.0118196095	0.2968462371	0.0608197809	0.6231214766
1	0.0000000001	0.3258587220	0.3460836968	0.0539611461	0.2740964350
0	0.0112680664	0.1281642411	0.2646303327	0.0002705360	0.5956668238
0	0.8706831972	0.0000000000	0.0139838548	0.0696118184	0.0457211296
0	0.0703805900	0.0000000015	0.0044631006	0.0000000000	0.9251563079
0	0.8226491382	0.0030422289	0.0081287757	0.0825478907	0.0836319666
0	0.1405045587	0.0521274577	0.0140348798	0.0010462146	0.7922868891
0	0.0110210118	0.4931493724	0.0012895959	0.1093835801	0.3851564399
0	0.0126502358	0.1116511877	0.0804666347	0.0042840860	0.7909478558
0	0.0985079796	0.0779338482	0.0000369319	0.0000003416	0.8235208988
0	0.0014376740	0.0130216662	0.9634402405	0.0131884119	0.0089120073
0	0.0000000090	0.0008891208	0.7374155342	0.0000010334	0.2616943026
0	0.4026258081	0.3171816341	0.0000000000	0.0019451882	0.2782473695
0	0.1365614695	0.1218283093	0.6036743517	0.1136228387	0.0243130307
2	0.0349315010	0.3082370450	0.4505583275	0.2048626145	0.0014105120
0	0.0150726149	0.0000002268	0.8970266069	0.0000000023	0.0879005491
1	0.1456362213	0.7057267479	0.0219175048	0.0011202435	0.1255992825
0	0.0700093604	0.5317176329	0.3877198797	0.0037912095	0.0067619175
0	0.8665778114	0.0832683669	0.0201522919	0.0300014859	0.0000000439
0	0.1065959023	0.0000127745	0.7223161589	0.0003374753	0.1707376891
0	0.0000088452	0.0053007426	0.2525789578	0.1083831835	0.6337282709
1	0.0000035302	0.1423812301	0.5490732482	0.0000000215	0.3085419701
0	0.0144385532	0.0022853679	0.4562831380	0.0104363061	0.5165566347
0	0.0009781331	0.3385659130	0.0615455075	0.2940338948	0.3048765516
0	0.4652069918	0.0127187431	0.1178936030	0.0000000000	0.4041806620
0	0.1049606237	0.0334989268	0.7925492551	0.0689855693	0.0000056251
0	0.0964979843	0.1117617022	0.3972885558	0.3386458838	0.0558058739
0	0.0000000137	0.6372338295	0.0003572870	0.0000000000	0.3624088698
0	0.0455545571	0.0000003705	0.0150507769	0.1131390131	0.8262552823
0	0.0002842011	0.2136698644	0.0859975429	0.0000000042	0.7000483874
0	0.6188434835	0.1174954735	0.1229003377	0.0100677734	0.1306929320
0	0.0004411315	0.6336659422	0.0261853727	0.0514270179	0.2882805358
0	0.1961341611	0.0000000005	0.3854631995	0.0423378368	0.3760648021
0	0.1007620451	0.0779641083	0.0004972703	0.7669291582	0.0538474182
0	0.5521518306	0.0053028331	0.3114484882	0.1310968481	0.0000000000
0	0.0469651270	0.4171819236	0.2415428332	0.0000785257	0.2942315905
0	0.0560599718	0.2437593666	0.6994916239	0.0006890365	0.0000000012
0	0.0000000000	0.0009890662	0.8719930107	0.0000000002	0.1270179229
1	0.0000000000	0.4511088640	0.3584832174	0.0597619853	0.1306459332
0	0.8556293205	0.0412950377	0.0000000000	0.0457486475	0.0573269944
