0	0.2307568550	0.1649483655	0.0240164775	0.0007524029	0.5795258991
0	0.0000000000	0.0038118909	0.2682993477	0.0030886564	0.7248001051
0	0.0040826713	0.0244830652	0.0000000726	0.0009097052	0.9705244856
0	0.0041894610	0.1883230777	0.5239698019	0.0238945825	0.2596230769
1	0.0053242022	0.5058911508	0.4144465469	0.0139316203	0.0604064798
0	0.0092985066	0.0052168055	0.1058346250	0.0061607383	0.8734893247
1	0.0000123506	0.9518318021	0.0411691703	0.0011182745	0.0058684025
0	0.8005965775	0.0000077364	0.1258214167	0.0735742289	0.0000000406
0	0.0452173851	0.1571505017	0.0055053743	0.0057873782	0.7863393607
2	0.0015127765	0.6036475853	0.3050807273	0.0398735810	0.0498853298
0	0.0212756483	0.0000077304	0.0663673933	0.0000000892	0.9123491388
0	0.3756610783	0.3563048004	0.0180215405	0.1314661796	0.1185464012
0	0.0003406073	0.0052846605	0.0796193252	0.7245327396	0.1902226673
0	0.0263986290	0.0000548003	0.6130361784	0.3272579254	0.0332524669
0	0.8888181133	0.0002691515	0.0254186037	0.0003003433	0.0851937882
0	0.2191361753	0.4138848759	0.0276810652	0.3349279364	0.0043699472
0	0.0271678980	0.0241249483	0.0789577081	0.7228066814	0.1469427642
0	0.7118872148	0.0000818654	0.0789572701	0.0000000000	0.2090736497
0	0.0328711301	0.0003509702	0.2427555657	0.2665229700	0.4574993640
0	0.0059750820	0.1520988507	0.0870436082	0.0028076757	0.7520747834
0	0.0000067602	0.7842091399	0.0000000048	0.0294084339	0.1863756613
0	0.6629527034	0.0000000000	0.0737472294	0.0000000000	0.2633000672
0	0.3525072739	0.0033617026	0.6076860916	0.0023854871	0.0340594449
0	0.1785528883	0.0522009339	0.7395317590	0.0000108444	0.0297035744
0	0.2292428843	0.0000000470	0.5692833755	0.0958659336	0.1056077595
0	0.6995474755	0.0474329226	0.0147827078	0.0002555031	0.2379813910
0	0.1476023008	0.6626790631	0.0000406069	0.0220851709	0.1675928583
0	0.0444102978	0.6314182121	0.0363092555	0.1015578980	0.1863043366
0	0.0231219361	0.1782919874	0.4529981020	0.3314615818	0.0141263927
0	0.0000012624	0.0000000000	0.6613355218	0.0008634960	0.3377997199
0	0.3835064642	0.1430474213	0.0604517379	0.0515666712	0.3614277055
0	0.0000000000	0.1814188002	0.1799224182	0.0497210527	0.5889377289
0	0.0007272556	0.0907896470	0.0418694556	0.0000000010	0.8666136407
0	0.0000000000	0.4297637050	0.0006693362	0.0053069207	0.5642600382
0	0.0417438997	0.0424307498	0.2120575688	0.0837693185	0.6199984631
0	0.1454693244	0.3447201172	0.0210833500	0.0000000000	0.4887272084
0	0.6889951212	0.0358759265	0.2291358108	0.0019854182	0.0440077233
0	0.0135119160	0.0012452373	0.6942351449	0.0511616257	0.2398460762
1	0.0000000000	0.0743091746	0.8800221190	0.0456687042	0.0000000022
0	0.7824151896	0.0097034481	0.1500348447	0.0202486782	0.0375978393
0	0.0068134491	0.0317712982	0.6092983617	0.0215134931	0.3306033978
0	0.0035427279	0.4936203426	0.0012463452	0.0012441243	0.5003464600
0	0.0000000502	0.0032193427	0.5026525818	0.4021007888	0.0920272366
0	0.0840899202	0.0000000000	0.3153121732	0.2852715801	0.3153263265
0	0.0458696228	0.0125739018	0.0222362000	0.0187183280	0.9006019474
1	0.0000000006	0.0662833909	0.9337147604	0.0000007545	0.0000010937
0	0.4050803875	0.0004857414	0.0734003539	0.0495956959	0.4714378214
0	0.0040034013	0.0000000000	0.3637327408	0.1214771144	0.5107867434
1	0.0010894675	0.2522231447	0.7342174411	0.0030992106	0.0093707361
0	0.0000000000	0.4935167346	0.1786256916	0.0000000000	0.3278575738
0	0.1109930654	0.0195445072	0.1042654547	0.0015970667	0.7635999060
0	0.0000000000	0.0000000566	0.6201568601	0.0881931051	0.2916499782
1	0.0000000009	0.4927223682	0.4280396193	0.0409187663	0.0383192454
0	0.1122907268	0.8775343708	0.0091480459	0.0000000052	0.0010268513
0	0.0160530220	0.3473951255	0.0287895779	0.0028000225	0.6049622520
0	0.0122042232	0.7161715617	0.0050747600	0.2665494551	0.0000000000
0	0.0003600766	0.0287807163	0.2576800295	0.2675840744	0.4455951031
0	0.0005950256	0.1065048357	0.0147390087	0.0206985669	0.8574625631
0	0.1654421824	0.0012495165	0.1326074218	0.6322370934	0.0684637859
1	0.0000018208	0.4991222350	0.2710591975	0.2252544675	0.0045622792
0	0.0008260590	0.0000000000	0.3974080500	0.0016738176	0.6000920733
0	0.0402878022	0.2518846583	0.4627397507	0.0000000000	0.2450877888
0	0.0221567880	0.3081995561	0.5920716932	0.0738707972	0.0037011655
0	0.0000000289	0.2440269759	0.0000020204	0.1848016465	0.5711693283
1	0.0000001196	0.1757034177	0.7684918217	0.0489568651	0.0068477759
0	0.4386758333	0.0009898966	0.4973575213	0.0004746458	0.0625021030
0	0.1263940687	0.0662793171	0.1130448899	0.4668525447	0.2274291796
0	0.0053137073	0.0001356927	0.1985730766	0.6135732477	0.1824042757
0	0.0457751867	0.1044962136	0.8497285792	0.0000000000	0.0000000205
1	0.0009387068	0.0006611103	0.0208442315	0.0000000000	0.9775559514
0	0.0017980494	0.0031021395	0.4223146845	0.0238215425	0.5489635841
0	0.0117955406	0.0229374505	0.3376459011	0.0000000033	0.6276211045
0	0.5875393148	0.0474326095	0.0692886859	0.0321559563	0.2635834335
0	0.6412450043	0.0010484426	0.2476314454	0.0591760732	0.0508990344
1	0.0037405540	0.4009888238	0.5194853975	0.0591583708	0.0166268539
0	0.4045030530	0.0046009911	0.0008242334	0.0067879324	0.5832837901
0	0.4818593832	0.0419294658	0.2353896047	0.0002806352	0.2405409111
0	0.2531402030	0.0683518654	0.0451696532	0.1706360941	0.4627021843
0	0.0000003052	0.0001321926	0.0115358869	0.2859768610	0.7023547544
0	0.0002063997	0.4612029195	0.2378054946	0.2934416784	0.0073435077
0	0.6206593839	0.3649781710	0.0000000334	0.0047453017	0.0096171100
0	0.0000004795	0.0047297542	0.5128291456	0.2532155024	0.2292251182
0	0.0020934715	0.0000000000	0.0787187667	0.0347072438	0.8844805180
1	0.0191058982	0.1374377664	0.1897559521	0.2292673870	0.4244329964
1	0.0052120828	0.0270169874	0.9211849541	0.0000000000	0.0465859757
0	0.4388042904	0.0909101353	0.0180153947	0.3592973894	0.0929727901
0	0.5204248593	0.0096226764	0.0791227829	0.0000000000	0.3908296813
0	0.0006746558	0.0000004872	0.5712324394	0.0814540562	0.3466383613
0	0.0012735871	0.0000169303	0.5941374825	0.0003570548	0.4042149452
0	0.0030797632	0.2600536984	0.3941079498	0.1550884733	0.1876701152
0	0.0747572694	0.3195456322	0.3742407056	0.2026135909	0.0288428019
0	0.0028899682	0.5161643233	0.2381467440	0.1435924160	0.0992065485
0	0.0000000000	0.0821109184	0.6713776058	0.2397248962	0.0067865795
0	0.0074658554	0.1574552526	0.0001180568	0.1251005366	0.7098602985
0	0.1477898217	0.0006185155	0.5547905661	0.0304534018	0.2663476949
0	0.3416930901	0.2014234501	0.0000000030	0.0030257554	0.4538577014
0	0.0295044093	0.6297147390	0.2834077818	0.0016168480	0.0557562220
0	0.0017146904	0.2376460220	0.0516504172	0.4152568373	0.2937320332
0	0.0861860499	0.0027282899	0.0000000000	0.4632121257	0.4478735345
0	0.0000000000	0.0520665634	0.0036642264	0.0470688065	0.8972004036
