0	0.9657623307	0.0075033649	0.0267343045
0	0.0014293244	0.4492165864	0.5493540892
0	0.0874115255	0.0000003874	0.9125880871
0	0.0364311894	0.0014961710	0.9620726396
0	0.9943585864	0.0050489015	0.0005925121
0	0.6251077400	0.3505556099	0.0243366500
0	0.5662573324	0.4337426589	0.0000000087
0	0.9603521313	0.0000001738	0.0396476950
0	0.0000000221	0.9991399043	0.0008600736
0	0.3520534053	0.0000006418	0.6479459529
1	0.4890716310	0.1570528286	0.3538755404
1	0.0018683312	0.0995124174	0.8986192514
0	0.9828692427	0.0171306949	0.0000000623
0	0.0000000000	0.8417222233	0.1582777767
0	0.3650478425	0.0901769757	0.5447751818
0	0.0990277653	0.8942091180	0.0067631167
0	0.0000728625	0.0015611079	0.9983660296
1	0.0000882065	0.9461532993	0.0537584942
0	0.9166981657	0.0000000006	0.0833018337
0	0.0350389231	0.8855313629	0.0794297140
1	0.9014009208	0.0576946044	0.0409044748
1	0.0405244085	0.2453867627	0.7140888288
0	0.5293294709	0.1576884816	0.3129820475
0	0.6570917471	0.3429082524	0.0000000005
0	0.4457546488	0.5398889047	0.0143564465
0	0.0004828633	0.9772421569	0.0222749798
1	0.6282473335	0.0022080215	0.3695446450
0	0.0034250937	0.9606606478	0.0359142585
0	0.0115261642	0.8356822124	0.1527916234
1	0.7092591870	0.2245736211	0.0661671919
0	0.1742771514	0.8051368784	0.0205859702
0	0.7973702480	0.0543673221	0.1482624299
0	0.1895883551	0.8062486251	0.0041630198
0	0.8000306386	0.1659014169	0.0340679446
0	0.0017769461	0.0092857572	0.9889372967
0	0.9978504277	0.0004973766	0.0016521957
0	0.1704014473	0.0000000015	0.8295985512
0	0.0477374964	0.9206927425	0.0315697611
0	0.0003567455	0.9996432545	0.0000000000
0	0.0505481621	0.9494518148	0.0000000231
1	0.0039105480	0.9029261893	0.0931632628
0	0.0116414426	0.3825757560	0.6057828014
0	0.0423341810	0.0092246455	0.9484411735
0	0.2720296802	0.0323462840	0.6956240358
0	0.1100904323	0.5977026864	0.2922068813
0	0.0074029293	0.9420122837	0.0505847870
0	0.0089053267	0.9123130317	0.0787816416
1	0.0110463080	0.9726468628	0.0163068291
0	0.9999590614	0.0000000000	0.0000409386
0	0.2020072917	0.6000077154	0.1979849929
0	0.7697843205	0.0461721012	0.1840435784
0	0.0640142796	0.1011607308	0.8348249896
0	0.3953036866	0.2383100687	0.3663862448
1	0.0218730298	0.0024827563	0.9756442139
0	0.5103281266	0.0189730401	0.4706988333
2	0.9555692232	0.0024008061	0.0420299706
0	0.0000004015	0.0285967129	0.9714028856
0	0.4971769142	0.4219823134	0.0808407724
0	0.0013764904	0.8415803913	0.1570431183
0	0.0348136994	0.9646980614	0.0004882392
0	0.0194407802	0.9797353077	0.0008239121
0	0.2788293563	0.6715325313	0.0496381125
0	0.9345149521	0.0457217823	0.0197632656
0	0.0372257696	0.7062446247	0.2565296057
0	0.4259537293	0.2133133109	0.3607329598
0	0.0984026932	0.2658682172	0.6357290895
0	0.7089689270	0.0000001918	0.2910308812
0	0.4607460539	0.0000000000	0.5392539461
0	0.0364708424	0.8066620134	0.1568671442
0	0.0000001088	0.3102234752	0.6897764160
0	0.1112500485	0.1916024287	0.6971475228
0	0.0327709645	0.0000461570	0.9671828785
0	0.9231441144	0.0768555109	0.0000003746
1	0.0000000001	0.2624293661	0.7375706339
0	0.1261188459	0.2420192871	0.6318618670
1	0.0008645850	0.8963785601	0.1027568549
0	0.5911983070	0.3437604017	0.0650412913
0	0.6745413511	0.2662448471	0.0592138017
0	0.5433678482	0.0004354019	0.4561967499
0	0.0002039614	0.7490875288	0.2507085097
0	0.0384523238	0.9615396660	0.0000080102
0	0.6740696693	0.3213241596	0.0046061711
0	0.7145836977	0.0847073862	0.2007089162
1	0.4583387617	0.5416612380	0.0000000002
1	0.7747824353	0.2251067524	0.0001108122
0	0.4968988933	0.0000043546	0.5030967521
0	0.9817444891	0.0000000043	0.0182555065
0	0.0722980202	0.9094866839	0.0182152959
0	0.0027395736	0.9526349589	0.0446254675
0	0.7396274538	0.2575579714	0.0028145748
1	0.5620802006	0.0430800418	0.3948397576
0	0.6646630356	0.0698348570	0.2655021074
0	0.3588274650	0.1135650960	0.5276074389
0	0.9489069299	0.0510887550	0.0000043152
2	0.9797538308	0.0197501529	0.0004960163
0	0.1400972124	0.3173004145	0.5426023731
0	0.4192672412	0.1303770752	0.4503556836
0	0.0652325566	0.0069324466	0.9278349969
0	0.0797690552	0.0000000454	0.9202308994
0	0.7108012751	0.2794289137	0.0097698112
