0	0.0033742103	0.1431838378	0.8534419519
0	0.5375794047	0.4624205953	0.0000000000
0	0.9415440964	0.0386034314	0.0198524722
0	0.2055358531	0.0030123857	0.7914517612
0	0.0000000000	0.0776608977	0.9223391023
0	0.0133946517	0.0064060969	0.9801992514
0	0.0944080480	0.1032977670	0.8022941850
0	0.0000000261	0.0010877456	0.9989122283
0	0.2783603950	0.0602044501	0.6614351550
0	0.8910345140	0.1085254091	0.0004400769
0	0.0109991044	0.8052076614	0.1837932342
0	0.0000000000	0.0000000000	1.0000000000
0	0.3945806076	0.1188499662	0.4865694262
0	0.0025212948	0.7297908620	0.2676878432
0	0.0069382785	0.0612801239	0.9317815975
0	0.1162448877	0.6889950409	0.1947600715
0	0.5458925931	0.4514536782	0.0026537287
0	0.0275830805	0.9724169195	0.0000000000
0	0.2012093475	0.4162920401	0.3824986125
0	0.0000240371	0.9854663541	0.0145096088
2	0.4688849212	0.2222560601	0.3088590187
0	0.1507720013	0.0086364036	0.8405915951
0	0.6000694426	0.3476102011	0.0523203563
0	0.5637726748	0.0000053957	0.4362219295
0	0.9936215150	0.0003262258	0.0060522592
0	0.0979856174	0.2752412199	0.6267731627
0	0.1581340283	0.0777725986	0.7640933731
0	0.0000000000	0.8215855658	0.1784144342
0	0.7399278475	0.2497000978	0.0103720547
0	0.0103212485	0.9316819730	0.0579967785
0	0.5332091571	0.4538147104	0.0129761325
0	0.9504032872	0.0328363794	0.0167603333
0	0.9651865054	0.0000146668	0.0347988278
0	0.6708170422	0.0244964323	0.3046865256
1	0.0169848069	0.3807181960	0.6022969971
0	0.4772600321	0.3298255084	0.1929144594
0	0.8088879942	0.1837205219	0.0073914838
0	0.6899641630	0.0096692836	0.3003665534
0	0.1794481891	0.7716774472	0.0488743637
0	0.0071872007	0.8571298718	0.1356829274
0	0.0002700669	0.0292749876	0.9704549456
0	0.2481558935	0.0422678550	0.7095762515
0	0.7710668688	0.2283423967	0.0005907345
0	0.0000000010	0.8922291371	0.1077708619
0	0.0516233749	0.5935049213	0.3548717039
0	0.0000000431	0.8028194289	0.1971805279
0	0.8299140634	0.0147735788	0.1553123577
0	0.1558837692	0.1405325487	0.7035836821
0	0.0677396042	0.7545759500	0.1776844458
0	0.0317163666	0.7539848414	0.2142987920
0	0.0883804057	0.0608479688	0.8507716255
0	0.0000000027	0.8775051830	0.1224948143
0	0.0002420743	0.6412687165	0.3584892092
0	0.0019700286	0.0053968882	0.9926330832
0	0.4658955524	0.4917276659	0.0423767818
0	0.7839494320	0.1416069417	0.0744436263
0	0.0420443919	0.9332919440	0.0246636641
0	0.3574357638	0.2868746023	0.3556896339
0	0.0000003237	0.9305723775	0.0694272988
0	0.5670943202	0.0070734646	0.4258322152
0	0.0000737287	0.9993186923	0.0006075790
0	0.9026520081	0.0000000000	0.0973479919
0	0.0054554565	0.9945445435	0.0000000000
0	0.0000000067	0.9694837484	0.0305162449
0	0.0548522810	0.0088945150	0.9362532040
0	0.6727686236	0.0298834220	0.2973479544
0	0.5913148917	0.2370211506	0.1716639578
0	0.0679759098	0.0000000198	0.9320240704
0	0.6867423555	0.0926652622	0.2205923823
0	0.9837603212	0.0075428183	0.0086968605
1	0.6962378031	0.1209020072	0.1828601896
0	0.9883326392	0.0012017589	0.0104656018
0	0.0339926403	0.0638338118	0.9021735479
1	0.0000000000	0.3979512972	0.6020487028
0	0.9175044628	0.0520014569	0.0304940803
0	0.0082306354	0.0911600510	0.9006093135
1	0.3439975970	0.4350389499	0.2209634531
0	0.0236599656	0.2926416310	0.6836984034
0	0.5407773284	0.4393399104	0.0198827612
0	0.5757448847	0.0006003737	0.4236547416
0	0.9391218399	0.0508322970	0.0100458631
0	0.3452305855	0.0023308450	0.6524385695
1	0.8576588390	0.0570061231	0.0853350379
0	0.1004036304	0.0650610387	0.8345353310
0	0.9954949866	0.0022340419	0.0022709715
0	0.9954636744	0.0045363248	0.0000000008
0	0.0000073745	0.8482331885	0.1517594370
0	0.8329473684	0.1670526316	0.0000000000
0	0.0246846442	0.0524741550	0.9228412008
0	0.0488302893	0.8740855007	0.0770842100
0	0.0026590324	0.9433133279	0.0540276396
0	0.0000255842	0.0001556775	0.9998187383
0	0.0022796127	0.9966384059	0.0010819814
0	0.9862056990	0.0137942993	0.0000000017
0	0.2261263442	0.0279806086	0.7458930472
1	0.0879511257	0.2395047949	0.6725440793
0	0.9254471404	0.0001050770	0.0744477826
0	0.0866603140	0.1210816721	0.7922580139
0	0.0390560376	0.5807428321	0.3802011303
0	0.0030073036	0.0394764078	0.9575162886
