0	0.0091144692	0.9344990762	0.0563864546
0	0.9928137033	0.0000002183	0.0071860783
1	0.0057552111	0.9033694298	0.0908753592
1	0.6723030715	0.2642734972	0.0634234313
0	0.0369135282	0.0022332024	0.9608532694
0	0.0002956490	0.0672911806	0.9324131704
0	0.1866136351	0.4769480024	0.3364383625
0	0.1857673490	0.6986730438	0.1155596071
0	0.0618099455	0.0310298050	0.9071602495
0	0.0000000000	0.9278629591	0.0721370409
1	0.1589072283	0.4142887157	0.4268040561
1	0.0179017041	0.0446434750	0.9374548210
0	0.1874026386	0.7814500343	0.0311473271
0	0.0000003081	0.0973540936	0.9026455983
0	0.4417612623	0.0518196236	0.5064191142
0	0.4383825286	0.3488025462	0.2128149251
1	0.0101417060	0.0096578227	0.9802004713
0	0.0000000000	0.9994509842	0.0005490158
0	0.5610483293	0.4389088175	0.0000428533
0	0.2104139252	0.0001148746	0.7894712002
0	0.1263451674	0.0052531241	0.8684017085
0	0.7643698405	0.0705436358	0.1650865237
0	0.4194644498	0.4880647505	0.0924707996
0	0.0001104127	0.9979853712	0.0019042161
0	0.3619374886	0.6334251773	0.0046373341
0	0.4171355604	0.0000000000	0.5828644396
0	0.1531636711	0.3703588716	0.4764774573
0	0.0860942070	0.1547752397	0.7591305533
0	0.0405366043	0.0000000000	0.9594633957
0	0.6502777684	0.3433521982	0.0063700333
0	0.9738018924	0.0000000000	0.0261981076
1	0.0712099105	0.0231244662	0.9056656233
0	0.9805718448	0.0001301997	0.0192979555
0	0.2380377492	0.0151784645	0.7467837862
0	0.5326950906	0.2043232308	0.2629816786
0	0.4686708206	0.0598821062	0.4714470733
0	0.0382920674	0.4221444356	0.5395634970
0	0.0438051043	0.1581163434	0.7980785523
0	0.1915367363	0.0000000411	0.8084632226
0	0.7927624204	0.0002433808	0.2069941988
1	0.0420323447	0.1567181083	0.8012495470
0	0.0148084738	0.0000303485	0.9851611778
0	0.0000006566	0.7702076753	0.2297916681
0	0.0000151544	0.0217244611	0.9782603844
0	0.7860707810	0.2138394258	0.0000897932
0	0.8299690805	0.0512094793	0.1188214402
0	0.9440092039	0.0022816855	0.0537091106
0	0.0000080165	0.9718233000	0.0281686835
0	0.2900932422	0.0272630503	0.6826437075
0	0.0498676822	0.8004008145	0.1497315033
0	0.0200658269	0.2812773438	0.6986568293
0	0.6294596272	0.2189971223	0.1515432505
0	0.8927705269	0.0832652665	0.0239642067
0	0.0000000000	0.1340800907	0.8659199093
0	0.0205721197	0.3221558773	0.6572720030
0	0.0658316042	0.8789418363	0.0552265595
1	0.1520154353	0.5221720952	0.3258124695
0	0.0001054909	0.6781159949	0.3217785142
0	0.5384060983	0.1830561364	0.2785377652
1	0.7170685552	0.0696852343	0.2132462105
0	0.0000782174	0.9992518491	0.0006699335
1	0.8244360865	0.0000761504	0.1754877631
0	0.0703110020	0.9249310823	0.0047579157
0	0.0002566094	0.5056673140	0.4940760767
0	0.7365347916	0.0010426404	0.2624225680
1	0.8376465384	0.1442257525	0.0181277091
0	0.0635373753	0.0643189879	0.8721436368
0	0.0821704444	0.9046654097	0.0131641459
2	0.9919539768	0.0001852191	0.0078608041
0	0.2610966053	0.3169982793	0.4219051154
0	0.9999087405	0.0000910569	0.0000002025
0	0.1005943239	0.0878451103	0.8115605657
1	0.0992157407	0.3819220847	0.5188621746
0	0.2232570345	0.7767429655	0.0000000000
1	0.1505457986	0.3129123495	0.5365418519
0	0.0330339699	0.9444090173	0.0225570128
0	0.3795031139	0.3888890267	0.2316078593
0	0.5224877714	0.0005314591	0.4769807695
0	0.9484249840	0.0478210968	0.0037539192
0	0.0090449269	0.9833592116	0.0075958615
0	0.5917921353	0.4074843259	0.0007235389
0	0.0042115327	0.9659948999	0.0297935674
0	0.8212964719	0.0830830295	0.0956204986
0	0.1699963208	0.6655846464	0.1644190329
1	0.0268632166	0.6438010068	0.3293357766
0	0.9597882899	0.0009127234	0.0392989867
0	0.0735185810	0.5501055339	0.3763758851
0	0.9465334848	0.0458430026	0.0076235125
0	0.0000002610	0.4611453369	0.5388544021
0	0.1773671393	0.8226328607	0.0000000000
0	0.0000875060	0.7555995202	0.2443129738
0	0.0144719001	0.9840572571	0.0014708428
0	0.0000000607	0.4838491116	0.5161508277
0	0.1163456528	0.2434204298	0.6402339174
0	0.7185290278	0.0137288474	0.2677421248
0	0.0794788129	0.4720569034	0.4484642837
0	0.0000479400	0.9999520600	0.0000000000
0	0.1657589727	0.0000000000	0.8342410273
0	0.0943336530	0.8663581588	0.0393081882
0	0.3746511259	0.0453662561	0.5799826180
