0	0.0886961521	0.5141190285	0.3971848194
1	0.8583126758	0.0971266492	0.0445606750
0	0.1982205686	0.7157994224	0.0859800090
0	0.6094590883	0.3611199273	0.0294209844
0	0.9454109545	0.0065829096	0.0480061360
1	0.0867655962	0.0002476777	0.9129867261
0	0.6658911209	0.3331884743	0.0009204047
0	0.6891987677	0.0002906853	0.3105105470
0	0.0980511617	0.0223897360	0.8795591023
0	0.6099980601	0.3858165596	0.0041853803
0	0.7945840531	0.1982373580	0.0071785889
0	0.1054979022	0.0014453452	0.8930567526
0	0.0000000616	0.8967984497	0.1032014887
0	0.7310118042	0.0016144888	0.2673737069
0	0.2360999681	0.2558518376	0.5080481943
0	0.2611622218	0.0004701990	0.7383675791
0	0.7991867375	0.0057152233	0.1950980392
0	0.0112983639	0.4573473689	0.5313542672
0	0.5889911170	0.1775704813	0.2334384017
0	0.5991054904	0.0811024441	0.3197920656
0	0.0169809073	0.0507607104	0.9322583824
0	0.0000056297	0.0135761326	0.9864182378
0	0.7570120974	0.0932642572	0.1497236454
0	0.7255111888	0.0013491580	0.2731396533
0	0.0273351310	0.6342467548	0.3384181141
0	0.2279540471	0.0456592180	0.7263867349
0	0.0270398449	0.0680948718	0.9048652833
0	0.1901141056	0.1603697503	0.6495161441
0	0.0021367576	0.0478722806	0.9499909618
0	0.3818212421	0.0050605903	0.6131181676
0	0.2213480555	0.4048061215	0.3738458230
0	0.3890594837	0.0601122789	0.5508282374
0	0.1921548226	0.2609075572	0.5469376202
0	0.6488547420	0.3510956163	0.0000496418
0	0.2194765232	0.3212727765	0.4592507003
0	0.8168885330	0.0520597025	0.1310517645
0	0.0522516101	0.8831851021	0.0645632879
0	0.1761138262	0.4195713261	0.4043148478
0	0.1539816245	0.8163556561	0.0296627194
0	0.6150281640	0.0464176085	0.3385542275
0	0.0244853573	0.0000000000	0.9755146427
0	0.0182288928	0.0000441538	0.9817269534
0	0.0002929403	0.7249245932	0.2747824665
0	0.5928302188	0.1537405300	0.2534292512
0	0.6473528500	0.2919296038	0.0607175462
0	0.5337892035	0.3691805972	0.0970301993
0	0.8897199549	0.1098806568	0.0003993883
0	0.3059885593	0.0047638699	0.6892475708
1	0.3412365733	0.6587024796	0.0000609471
1	0.0134347317	0.6582063904	0.3283588778
2	0.0000140985	0.0000025550	0.9999833465
0	0.0228278779	0.6465644805	0.3306076416
0	0.1632440182	0.0056776384	0.8310783433
0	0.6439140063	0.1606261113	0.1954598824
0	0.0000000011	0.3698831606	0.6301168382
1	0.5139909247	0.3673567246	0.1186523507
0	0.0430695349	0.0016988401	0.9552316250
0	0.1015882983	0.2470073809	0.6514043208
0	0.0000219058	0.2485852148	0.7513928794
0	0.6159312008	0.3164349081	0.0676338911
1	0.9963443983	0.0036555761	0.0000000255
0	0.0064789600	0.0725134031	0.9210076370
0	0.2658458074	0.0117999089	0.7223542837
2	0.3705357474	0.3851903462	0.2442739064
0	0.5382740227	0.0582937623	0.4034322150
0	0.9741720064	0.0257983616	0.0000296320
1	0.0751820395	0.0088682655	0.9159496950
0	0.0159314390	0.7513021628	0.2327663982
0	0.2831797890	0.2926849449	0.4241352661
0	0.2144673842	0.7780597749	0.0074728409
1	0.0000000107	0.1010379988	0.8989619905
0	0.0155563881	0.0019533511	0.9824902608
0	0.1494001634	0.0417209580	0.8088788786
0	0.9155419658	0.0819493816	0.0025086526
0	0.6314141488	0.2849621253	0.0836237259
0	0.5096448036	0.0000003147	0.4903548817
0	0.3611436212	0.3696379143	0.2692184645
0	0.9272978574	0.0627737898	0.0099283529
0	0.3543798130	0.1019979304	0.5436222565
0	0.2771943802	0.7228056198	0.0000000000
0	0.6501865433	0.0021459880	0.3476674687
0	0.1451056614	0.8534642603	0.0014300783
0	0.3982526272	0.5319188073	0.0698285655
0	0.9285602346	0.0000485158	0.0713912496
0	0.0063900977	0.9936099020	0.0000000003
0	0.0022758644	0.6945690565	0.3031550791
0	0.0081006307	0.9490481763	0.0428511930
1	0.8559569537	0.0281017042	0.1159413421
0	0.0019893134	0.4499733673	0.5480373193
0	0.5573932818	0.3864856865	0.0561210317
0	0.5268493116	0.4559546173	0.0171960711
0	0.3862790817	0.2123609186	0.4013599997
0	0.0000000000	0.0000000000	1.0000000000
0	0.0000992316	0.0005223934	0.9993783750
0	0.5777822943	0.3939080532	0.0283096525
0	0.0000000338	0.8742612814	0.1257386848
1	0.1380658447	0.0063691261	0.8555650292
0	0.0017677263	0.9821328428	0.0160994309
0	0.3144643928	0.0274112704	0.6581243368
0	0.3386081589	0.6458412531	0.0155505880
