0	0.2996718769	0.4652306127	0.2350975103
1	0.9920870402	0.0057873451	0.0021256148
0	0.1293872148	0.0149488213	0.8556639639
0	0.1431254138	0.7662979816	0.0905766046
0	0.1014373589	0.8967833593	0.0017792818
0	0.0157647659	0.1679452519	0.8162899822
0	0.0018099990	0.9061990427	0.0919909583
0	0.0013946478	0.9222053184	0.0764000339
0	0.4122803915	0.5877166534	0.0000029551
0	0.3252793814	0.4727427548	0.2019778638
0	0.2573975721	0.0972539507	0.6453484772
0	0.0616115966	0.0000000011	0.9383884023
1	0.0147214027	0.8737934003	0.1114851970
0	0.6464383091	0.3045176963	0.0490439946
0	0.7615064688	0.2383652553	0.0001282759
1	0.0000000000	0.0233464715	0.9766535285
0	0.2505932006	0.5947376954	0.1546691039
1	0.6253922390	0.0259478647	0.3486598962
0	0.1130953182	0.0161474646	0.8707572173
0	0.4977520554	0.0014533757	0.5007945689
0	0.0098382609	0.9895803232	0.0005814159
1	0.8526144276	0.1397997477	0.0075858247
1	0.0650555033	0.4179318756	0.5170126211
0	0.1500500525	0.8440243494	0.0059255981
0	0.0051983576	0.8069775930	0.1878240494
0	0.1677228250	0.0000126665	0.8322645085
1	0.0595242264	0.0434077333	0.8970680403
0	0.2089846778	0.0002133232	0.7908019990
0	0.5941223375	0.1165208037	0.2893568589
2	0.4966868684	0.0246253954	0.4786877362
0	0.1081301500	0.1296898019	0.7621800481
0	0.1901655598	0.4689223085	0.3409121317
0	0.5686938613	0.0000527947	0.4312533440
0	0.0157693484	0.7570111669	0.2272194846
0	0.0004602024	0.9077145614	0.0918252362
0	0.3108276524	0.6891550038	0.0000173438
0	0.0170550923	0.0888099419	0.8941349658
0	0.0450443715	0.1241858570	0.8307697715
0	0.7919719964	0.0472192975	0.1608087061
0	0.0000000000	0.5928838218	0.4071161782
0	0.0000000000	0.0301836630	0.9698163370
0	0.1621097465	0.1343587389	0.7035315146
0	0.5743705435	0.0000787055	0.4255507510
0	0.2455849800	0.0313085324	0.7231064876
0	0.0000002282	0.0208630420	0.9791367298
0	0.2334275581	0.4890833619	0.2774890800
0	0.0583584185	0.1856175507	0.7560240307
0	0.7154312690	0.0652545218	0.2193142092
0	0.1452254188	0.2207365884	0.6340379928
0	0.9871869906	0.0124250351	0.0003879744
0	0.1098301510	0.8900702240	0.0000996249
0	0.9839604011	0.0000000000	0.0160395989
1	0.5541680756	0.0292636283	0.4165682962
1	0.7093952742	0.1897093263	0.1008953996
1	0.1664030833	0.7383301397	0.0952667770
0	0.0019194321	0.0000008157	0.9980797523
0	0.9999950045	0.0000049052	0.0000000903
0	0.3266707693	0.1055758478	0.5677533829
0	0.5395549463	0.0443514455	0.4160936082
0	0.0003916459	0.0000000185	0.9996083357
0	0.7789650996	0.1406658983	0.0803690021
0	0.0203182342	0.0018716037	0.9778101621
0	0.5719665875	0.4080972715	0.0199361410
0	0.0052053911	0.7972549306	0.1975396783
0	0.6460670464	0.1975452049	0.1563877487
0	0.0000000573	0.7811889210	0.2188110217
0	0.0000848452	0.5072043787	0.4927107761
0	0.3723000206	0.4185572789	0.2091427005
0	0.0289283379	0.5896287574	0.3814429047
0	0.1156621100	0.2633341100	0.6210037800
0	0.4030246374	0.0000125619	0.5969628007
0	0.0000031064	0.0002818120	0.9997150816
0	0.0037788934	0.5838461568	0.4123749497
0	0.0000000000	0.1886513194	0.8113486806
0	0.0609388649	0.0000000019	0.9390611332
0	0.1775210427	0.7019077088	0.1205712484
0	0.1029906996	0.0127649493	0.8842443510
0	0.5079172843	0.0160450474	0.4760376683
0	0.4011069636	0.5986526437	0.0002403927
0	0.0536867797	0.8319311352	0.1143820852
0	0.0003053515	0.5442074232	0.4554872252
0	0.3937148981	0.4446852759	0.1615998261
0	0.9967773672	0.0006476005	0.0025750323
0	0.8278219631	0.1658444437	0.0063335931
0	0.1446184656	0.0012769231	0.8541046113
0	0.1912206716	0.1031255502	0.7056537782
0	0.0018226202	0.0000381771	0.9981392027
1	0.2616674275	0.3894476154	0.3488849571
0	0.2706371933	0.2262510136	0.5031117932
0	0.0004998626	0.9625349288	0.0369652086
0	0.8718397954	0.0013536731	0.1268065316
0	0.5170906335	0.1142109861	0.3686983804
0	0.6184549788	0.0043010233	0.3772439979
0	0.1447013896	0.8552985874	0.0000000230
0	0.0037768524	0.7905409712	0.2056821763
0	0.1725879074	0.0002148621	0.8271972304
0	0.9999997390	0.0000000003	0.0000002608
0	0.3486110733	0.0115219108	0.6398670159
0	0.1226511008	0.3275091810	0.5498397183
0	0.0000000004	0.3334981343	0.6665018653
