0	0.0431368251	0.0047746532	0.9520885217
0	0.6711847783	0.0455900671	0.2832251546
1	0.6419313469	0.0000000000	0.3580686531
0	0.0647571798	0.0422534179	0.8929894023
0	0.0754654600	0.8643615168	0.0601730231
0	0.0839650669	0.3277235448	0.5883113883
0	0.3079211248	0.0144429525	0.6776359226
1	0.0000000000	0.3799500380	0.6200499620
0	0.9995556787	0.0004443213	0.0000000000
0	0.8035699650	0.0001752124	0.1962548226
0	0.1728331051	0.8271668918	0.0000000031
0	0.7654305933	0.2094931629	0.0250762438
0	0.0178088237	0.5442192134	0.4379719629
0	0.0920535396	0.4679698518	0.4399766086
0	0.0922165672	0.8908750362	0.0169083966
0	0.2572912667	0.0005069437	0.7422017896
0	0.1093067645	0.2810767234	0.6096165121
0	0.2792439361	0.7187463032	0.0020097607
0	0.9672781836	0.0000183447	0.0327034717
0	0.8503188425	0.0000000127	0.1496811448
0	0.0000014543	0.9999981795	0.0000003663
0	0.3098803534	0.0848792443	0.6052404023
0	0.0767652662	0.0000000000	0.9232347338
0	0.1538441381	0.0003971659	0.8457586960
0	0.1229534379	0.1750769566	0.7019696054
0	0.7707031344	0.0576512152	0.1716456504
0	0.0136588400	0.9539124742	0.0324286858
0	0.9999946910	0.0000053090	0.0000000000
0	0.0717674150	0.7479281412	0.1803044438
0	0.0000142237	0.9294720690	0.0705137074
0	0.0328060186	0.0358693470	0.9313246345
0	0.9984737659	0.0015239749	0.0000022592
0	0.4897022314	0.0000000000	0.5102977686
0	0.0841141877	0.9147700309	0.0011157814
0	0.2131116185	0.0206177968	0.7662705847
0	0.2904382562	0.2989774321	0.4105843118
0	0.3812292883	0.5405951405	0.0781755712
0	0.7781663798	0.0484633130	0.1733703072
0	0.0162124557	0.3034537489	0.6803337953
0	0.6193322012	0.2749772416	0.1056905572
0	0.0344824716	0.2609799492	0.7045375792
0	0.0482601885	0.4601564894	0.4915833220
0	0.5474937707	0.4193029248	0.0332033045
0	0.0103156945	0.0000938919	0.9895904136
0	0.0000934659	0.7463210589	0.2535854752
0	0.9172888438	0.0541150619	0.0285960943
0	0.2010772413	0.6621854193	0.1367373394
0	0.9923996140	0.0009990603	0.0066013257
0	0.5177581670	0.1818273312	0.3004145018
0	0.0281604078	0.5346182846	0.4372213076
0	0.3598502652	0.6372483195	0.0029014152
1	0.8417618333	0.1572706917	0.0009674750
0	0.0188528028	0.0000000013	0.9811471960
0	0.9506356456	0.0380851138	0.0112792406
1	0.0116934113	0.1363404943	0.8519660944
0	0.0106224163	0.0263326585	0.9630449252
0	0.1394463677	0.7503641834	0.1101894489
0	0.3976618588	0.5862457882	0.0160923530
0	0.0253057478	0.9741740494	0.0005202028
0	0.1884759847	0.7155689545	0.0959550608
0	0.1735120473	0.0000000828	0.8264878699
0	0.0419905617	0.7310400337	0.2269694046
0	0.0223296517	0.0499449299	0.9277254184
0	0.1075008039	0.0663956397	0.8261035565
0	0.0410381795	0.9155150915	0.0434467290
0	0.1453554223	0.7634351668	0.0912094109
0	0.0094760196	0.0000023344	0.9905216460
0	0.0005963869	0.5202425077	0.4791611054
1	0.2130438101	0.5570939817	0.2298622082
0	0.2788857993	0.6582225467	0.0628916541
0	0.0003782879	0.9995955997	0.0000261124
0	0.7815250586	0.1819947198	0.0364802216
0	0.1026783909	0.7503304569	0.1469911522
2	0.7220407458	0.2534494511	0.0245098031
0	0.0135918956	0.9793857507	0.0070223537
0	0.7735914907	0.0178512746	0.2085572347
0	0.5248956231	0.3371763390	0.1379280379
0	0.4585288398	0.2424314589	0.2990397013
0	0.0935064975	0.9064935025	0.0000000000
0	0.7690721294	0.1389590388	0.0919688319
0	0.0000000013	0.0530294211	0.9469705776
0	0.0000231575	0.5378130681	0.4621637744
0	0.7385641703	0.2613840954	0.0000517343
0	0.0882448783	0.7726366227	0.1391184990
0	0.0167085563	0.9209188981	0.0623725456
0	0.9300766748	0.0035445938	0.0663787314
0	0.1803234071	0.0000000000	0.8196765929
0	0.0747453681	0.0000008156	0.9252538163
0	0.0000001476	0.6247907252	0.3752091273
0	0.0556790040	0.8242748994	0.1200460966
0	0.1514599991	0.8116083817	0.0369316191
0	0.6063464338	0.3221718194	0.0714817468
0	0.4322730101	0.5490131107	0.0187138792
1	0.7798651597	0.2199686816	0.0001661587
0	0.0849860220	0.3337270710	0.5812869070
0	0.1452069434	0.0004756444	0.8543174123
0	0.0961903251	0.9036077374	0.0002019375
0	0.0010871298	0.6530737703	0.3458390998
0	0.8860532124	0.0000001399	0.1139466477
0	0.0540296458	0.3491658901	0.5968044641
