0	0.3888113983	0.0108844369	0.6003041647
0	0.7529572808	0.2374458839	0.0095968353
0	0.0006660672	0.9942154120	0.0051185208
0	0.0625159198	0.1130043324	0.8244797478
0	0.2425003888	0.0898522398	0.6676473714
0	0.0320696490	0.9535602237	0.0143701274
0	0.0000007939	0.4191623287	0.5808368775
0	0.7535650496	0.2452038310	0.0012311195
0	0.7537107147	0.0000000001	0.2462892852
0	0.0211841770	0.9508572812	0.0279585418
0	0.0002534128	0.3448246490	0.6549219382
0	0.9273700261	0.0008420331	0.0717879407
0	0.9487811857	0.0512176621	0.0000011521
0	0.9364955518	0.0000000380	0.0635044101
0	0.0375425045	0.7701088065	0.1923486889
0	0.9366274022	0.0620550467	0.0013175511
0	0.0289827331	0.0939161568	0.8771011102
0	0.7739464784	0.1945511601	0.0315023616
0	0.0014661792	0.9982807551	0.0002530657
0	0.4173305485	0.5826477355	0.0000217159
0	0.2424500942	0.7575498890	0.0000000168
1	0.2227234512	0.0018185445	0.7754580043
0	0.3654467196	0.6345532803	0.0000000001
0	0.3009946115	0.0002937535	0.6987116350
0	0.2626131752	0.1589915977	0.5783952271
0	0.8376000028	0.0776725409	0.0847274563
0	0.0406624528	0.0000002068	0.9593373404
0	0.0021516645	0.7921788084	0.2056695271
0	0.1175513163	0.2307430973	0.6517055863
0	0.4328035863	0.0010610432	0.5661353705
0	0.4379474434	0.0015211375	0.5605314191
0	0.9601161817	0.0000000000	0.0398838183
0	0.5876395715	0.4123604188	0.0000000097
0	0.0000000000	0.4296452750	0.5703547250
1	0.8233733673	0.1617917753	0.0148348574
0	0.0000000389	0.9864148812	0.0135850799
0	0.0896485849	0.6362530827	0.2740983323
0	0.4052717431	0.0000000495	0.5947282075
0	0.9285118597	0.0262698080	0.0452183322
0	0.7313433156	0.2088182795	0.0598384049
0	0.0615963428	0.8817496724	0.0566539848
0	0.0003194122	0.0000000000	0.9996805878
0	0.2149436050	0.0509338226	0.7341225723
1	0.0000000001	0.1244141317	0.8755858681
0	0.0000965347	0.1601105520	0.8397929133
0	0.5750366719	0.2025400735	0.2224232546
1	0.0288531052	0.2633998536	0.7077470412
0	0.0170687565	0.9829300937	0.0000011498
0	0.6186512760	0.2938512470	0.0874974770
0	0.8795365934	0.0378549630	0.0826084436
0	0.9683010849	0.0120633085	0.0196356066
0	0.6660092271	0.1716197277	0.1623710452
0	0.2983848998	0.5012388508	0.2003762495
2	0.0080977076	0.6760604652	0.3158418272
0	0.0000539681	0.2359921826	0.7639538493
0	0.0000003486	0.9017325918	0.0982670595
0	0.9992755256	0.0000000001	0.0007244744
0	0.1203122387	0.0848163072	0.7948714541
0	0.6455610522	0.1213698248	0.2330691230
0	0.0021596588	0.9978403412	0.0000000000
0	0.9968407455	0.0000000000	0.0031592545
0	0.9825683741	0.0164844072	0.0009472187
0	0.1922511857	0.1309419329	0.6768068814
0	0.0000000000	0.9925697452	0.0074302548
0	0.4982813173	0.0509528855	0.4507657972
0	0.0400326772	0.0000307586	0.9599365642
0	0.0000430701	0.0097123266	0.9902446033
0	0.1683380018	0.0085283388	0.8231336594
0	0.0187976236	0.8675767587	0.1136256177
0	0.0852251420	0.0051381743	0.9096366837
0	0.6715049297	0.2053472398	0.1231478305
0	0.0434301054	0.4029545054	0.5536153891
0	0.4735564322	0.3432745361	0.1831690317
0	0.5431932062	0.4120916624	0.0447151314
0	0.0004255242	0.6649343308	0.3346401450
0	0.7943107397	0.2056810661	0.0000081942
1	0.6453009683	0.2532105510	0.1014884807
0	0.0342027084	0.0238485486	0.9419487430
0	0.0074979288	0.7597434889	0.2327585823
0	0.9242049250	0.0549942784	0.0208007967
0	0.0000408198	0.9320580350	0.0679011452
0	0.0043130668	0.0587896085	0.9368973248
0	0.0336553017	0.0000000000	0.9663446983
0	0.6538200719	0.0000003727	0.3461795554
0	0.9694926904	0.0154702406	0.0150370690
0	0.0023941495	0.5635945294	0.4340113212
0	0.4202091643	0.0000003227	0.5797905130
1	0.5934170745	0.3938092124	0.0127737132
0	0.0129490467	0.9167331847	0.0703177687
1	0.0481941877	0.8735494558	0.0782563565
1	0.0000000201	0.8331872546	0.1668127253
0	0.0000008140	0.1963123737	0.8036868124
1	0.1555617288	0.0001276613	0.8443106099
0	0.0000000002	0.0048674822	0.9951325176
0	0.5047069527	0.0406517517	0.4546412955
1	0.0001705998	0.0130565797	0.9867728204
0	0.7186034596	0.2803753910	0.0010211494
1	0.8586894208	0.0003836836	0.1409268956
0	0.0329949756	0.0130990749	0.9539059495
0	0.0250042971	0.4943777959	0.4806179070
