0	0.0000000001	0.1552562385	0.8447437614
0	0.7655749829	0.0032501951	0.2311748220
0	0.2179398084	0.7251684524	0.0568917393
1	0.5641399974	0.4358600026	0.0000000000
0	0.6985621989	0.0000000000	0.3014378011
0	0.3143478723	0.6856521277	0.0000000000
0	0.6429871027	0.0991625902	0.2578503071
0	0.4302851262	0.5697148613	0.0000000125
0	0.9579182828	0.0414488949	0.0006328224
0	0.5175136731	0.4824863269	0.0000000000
0	0.5690485644	0.0000000330	0.4309514026
0	0.5188752456	0.4771979862	0.0039267682
0	0.0002367105	0.9997542048	0.0000090847
0	0.0000000000	0.0162007236	0.9837992764
0	0.2119662972	0.5626229065	0.2254107963
0	0.3996589856	0.0000003038	0.6003407106
0	0.0279754774	0.3454952845	0.6265292381
0	0.2870481815	0.0187950764	0.6941567421
0	0.0278220305	0.2960351098	0.6761428597
0	0.4098167367	0.4116725845	0.1785106788
0	0.1165799362	0.8834200392	0.0000000246
0	0.3867006756	0.0000000049	0.6132993196
0	0.2022338118	0.1715972936	0.6261688946
0	0.0620862173	0.3647130440	0.5732007387
0	0.0447800488	0.9346184127	0.0206015385
0	0.4275880774	0.5724119226	0.0000000000
0	0.9996596277	0.0000669547	0.0002734176
0	0.9233450489	0.0611311197	0.0155238314
0	1.0000000000	0.0000000000	0.0000000000
0	0.0007128847	0.0671986474	0.9320884679
0	0.0000517401	0.8410175972	0.1589306627
0	0.0847224252	0.3710743499	0.5442032249
0	0.8862007253	0.1137991831	0.0000000916
0	0.2294881430	0.7629464069	0.0075654501
0	0.5456070623	0.4542653504	0.0001275873
0	0.3704095207	0.0199907895	0.6095996898
1	0.0047242739	0.7032166189	0.2920591072
0	0.0000000325	0.9754979960	0.0245019714
0	0.3827186949	0.6170505516	0.0002307535
0	0.7885677906	0.2114320210	0.0000001885
0	0.4592232830	0.5382275912	0.0025491258
0	0.0000032307	0.4584560008	0.5415407685
0	0.0707775737	0.8564915116	0.0727309147
0	0.2376128422	0.0073160983	0.7550710596
0	0.7309801328	0.2690196504	0.0000002168
0	0.0000016691	0.5548290996	0.4451692314
0	0.0032959751	0.5023380506	0.4943659743
0	0.7382525046	0.1959596433	0.0657878521
0	0.4555658977	0.2278885512	0.3165455511
0	0.0109464111	0.0461909902	0.9428625987
0	0.0305082187	0.6801370286	0.2893547527
0	0.9732498952	0.0267501011	0.0000000038
0	0.9286025048	0.0488106416	0.0225868536
0	0.8435707623	0.0000433239	0.1563859138
0	0.1976876339	0.3154048862	0.4869074799
0	0.7548553181	0.2176842721	0.0274604098
0	0.6967168609	0.1290822332	0.1742009059
1	0.0698840375	0.8619305131	0.0681854494
0	0.6765969002	0.0978790757	0.2255240241
0	0.4008328817	0.5978349199	0.0013321984
0	0.9417486976	0.0003661860	0.0578851164
0	0.0199647070	0.1274855228	0.8525497701
0	0.3790982610	0.0001837309	0.6207180081
0	0.0111885594	0.9888114397	0.0000000009
0	0.0000201539	0.0963891378	0.9035907083
0	0.0000057022	0.9978556322	0.0021386657
0	0.0000000001	0.0171409660	0.9828590339
0	0.6532262717	0.3422071061	0.0045666222
0	0.4257475078	0.0810981360	0.4931543562
0	0.2988111216	0.3281148295	0.3730740489
0	0.5382688630	0.0581597205	0.4035714165
0	0.0761378464	0.0660513546	0.8578107990
0	0.5196378066	0.4582009562	0.0221612372
0	0.6186173663	0.0218051560	0.3595774776
0	0.0000028779	0.9999968819	0.0000002402
1	0.4443554826	0.1962357326	0.3594087848
0	0.3513474602	0.3369280227	0.3117245171
0	0.4938833317	0.4277755520	0.0783411163
1	0.6948385361	0.0171191449	0.2880423190
0	0.0001011181	0.9997412822	0.0001575996
0	0.9862797383	0.0019373841	0.0117828776
0	0.6602262451	0.2930783024	0.0466954525
0	0.9286597245	0.0572369307	0.0141033448
0	0.0267521016	0.2098784011	0.7633694973
0	0.5487702539	0.3044778148	0.1467519313
0	0.2511455081	0.0004896736	0.7483648183
0	0.0196298988	0.9741319603	0.0062381409
2	0.0267059722	0.1051920594	0.8681019685
0	0.1644060542	0.6068261228	0.2287678229
0	0.0117437454	0.0042793735	0.9839768812
0	0.0000000000	0.9494731450	0.0505268550
0	0.0799292102	0.0464449928	0.8736257970
0	0.5804446645	0.4195549221	0.0000004133
0	0.0060080677	0.1896364584	0.8043554738
0	0.0000007000	0.0004946863	0.9995046137
1	0.6359301935	0.0000000000	0.3640698065
0	0.8595803974	0.1356702360	0.0047493666
0	0.7339004956	0.0937500899	0.1723494146
0	0.8493384656	0.1486577180	0.0020038164
0	0.9654258737	0.0020820440	0.0324920823
