0	0.6704471522	0.2800204385	0.0495324093
0	0.0000000000	0.8331856316	0.1668143684
2	0.0487903117	0.9195962271	0.0316134611
0	0.1646378839	0.8353533680	0.0000087481
0	0.0054995167	0.8772137235	0.1172867598
0	0.2469734537	0.7279623902	0.0250641561
1	0.9494198457	0.0505801541	0.0000000002
0	0.0000000002	0.0316305192	0.9683694806
0	0.0000237330	0.0000090950	0.9999671721
0	0.1930441328	0.2841307857	0.5228250816
0	0.0000001923	0.0535315519	0.9464682559
1	0.0005386401	0.3338928160	0.6655685438
0	0.1328768084	0.4272864096	0.4398367820
0	0.3368218301	0.1107510146	0.5524271552
0	0.5351789055	0.0107365296	0.4540845650
0	0.0000000106	0.9999371513	0.0000628382
0	0.2453810392	0.7446149115	0.0100040493
0	0.0000270618	0.0170920589	0.9828808792
0	0.9661642925	0.0094720170	0.0243636905
0	0.6551855232	0.3448143897	0.0000000870
0	0.0711293009	0.2494656912	0.6794050079
0	0.1106150015	0.8873784946	0.0020065039
0	0.1629525210	0.4938003811	0.3432470979
0	0.0628435902	0.2807751238	0.6563812860
0	0.9673286803	0.0105905983	0.0220807213
0	0.0723140887	0.6708716281	0.2568142832
0	0.0111383274	0.8356111207	0.1532505519
0	0.0083921663	0.8864758419	0.1051319918
0	0.0172861913	0.3527663097	0.6299474990
0	0.0575209525	0.0014216920	0.9410573554
0	0.1051904025	0.6897521387	0.2050574588
0	0.1417324534	0.1911787887	0.6670887579
0	0.3374058622	0.6430875067	0.0195066311
0	0.3616382405	0.1412186805	0.4971430790
0	0.0312009025	0.9676290470	0.0011700505
0	0.6789017235	0.2039968200	0.1171014564
0	0.8389312183	0.0000053770	0.1610634047
0	0.3329200079	0.0000020666	0.6670779255
0	0.9779661948	0.0008458838	0.0211879214
0	0.2420202126	0.0223334152	0.7356463723
0	0.0750527256	0.8677273621	0.0572199123
0	0.1746277752	0.8248004764	0.0005717483
0	0.7047643855	0.2215728676	0.0736627470
0	0.4706238976	0.1833354597	0.3460406426
0	0.7932712059	0.0546651806	0.1520636135
0	0.7494966403	0.0779501349	0.1725532248
1	0.9330995019	0.0004694295	0.0664310686
0	0.2699071856	0.7300928051	0.0000000092
0	0.0000164937	0.9777950651	0.0221884412
0	0.4385771793	0.5307823591	0.0306404616
0	0.3700936289	0.0000000011	0.6299063700
0	0.0682329652	0.3851466082	0.5466204265
0	0.0066877220	0.0000212888	0.9932909891
0	0.9329204740	0.0017288372	0.0653506889
0	0.6519725376	0.0071075561	0.3409199064
0	0.1761287664	0.3806289347	0.4432422988
0	0.0007064481	0.6401123218	0.3591812301
0	0.0353512072	0.9646363461	0.0000124467
0	0.9010157960	0.0847487420	0.0142354620
0	0.4907513277	0.2768167671	0.2324319052
0	0.9621417460	0.0249268403	0.0129314138
0	0.0438170628	0.2405547875	0.7156281497
0	0.0072993469	0.3955392789	0.5971613741
0	0.8217675674	0.1779243772	0.0003080554
0	0.0577856836	0.6683490290	0.2738652874
1	0.4719770191	0.3763401607	0.1516828202
0	0.0744718478	0.6220389859	0.3034891663
0	0.4222907458	0.4645623636	0.1131468905
0	0.4502230367	0.2475391590	0.3022378044
0	0.0028627262	0.4153851686	0.5817521052
0	0.4209568088	0.1782353948	0.4008077964
0	0.0713070596	0.7280456847	0.2006472557
0	0.0906464623	0.8848723578	0.0244811798
0	0.8274677238	0.1075470729	0.0649852033
0	0.0000206139	0.9994278430	0.0005515431
0	0.2445586254	0.7527759842	0.0026653905
0	0.0001020802	0.9638684635	0.0360294564
0	0.2936330061	0.0036476183	0.7027193755
0	0.9727466907	0.0272396198	0.0000136895
0	0.9908117238	0.0015453029	0.0076429733
0	0.8782827273	0.0000015661	0.1217157066
0	0.3897184163	0.5922776441	0.0180039395
0	0.3340615972	0.6659384027	0.0000000000
0	0.0000000002	0.9113622357	0.0886377640
0	0.1302372322	0.0000113638	0.8697514040
0	0.6174203762	0.1372261468	0.2453534770
1	0.2152645336	0.0394313963	0.7453040701
0	0.9092333807	0.0000000000	0.0907666193
0	0.0177765045	0.0277845931	0.9544389025
0	0.5817367327	0.0014509329	0.4168123343
0	0.9998190570	0.0000000000	0.0001809430
0	0.0000000063	0.9339084938	0.0660914999
0	0.2488007691	0.0020625332	0.7491366978
0	0.0726387037	0.8026756501	0.1246856461
0	0.0000002017	0.6643034736	0.3356963247
0	0.8188016172	0.0254406407	0.1557577421
0	0.8468223284	0.1182962957	0.0348813759
0	0.0663749749	0.0471315944	0.8864934307
0	0.0025131343	0.8642345486	0.1332523171
0	0.0143569866	0.9735378875	0.0121051259
