0	0.3280871122	0.0041150601	0.6677978277
0	0.0000001100	0.9988221785	0.0011777114
0	0.0067013289	0.1144184670	0.8788802040
0	0.0587610086	0.4276156271	0.5136233643
0	0.0104501795	0.9895270037	0.0000228169
0	0.8319569585	0.1530300150	0.0150130265
0	0.7730777350	0.2269222650	0.0000000000
0	0.1146076456	0.8853111971	0.0000811573
0	0.6739006905	0.0038290049	0.3222703047
0	0.1318532745	0.0419852740	0.8261614516
0	0.0072141484	0.0111454270	0.9816404247
0	0.1728046473	0.0004716189	0.8267237338
0	0.0013253196	0.8305261777	0.1681485027
2	0.0077948611	0.7430240116	0.2491811273
0	0.9580483861	0.0000046633	0.0419469506
0	0.1129884242	0.8867097585	0.0003018173
0	0.1558659359	0.7055423744	0.1385916897
0	0.6805136496	0.0211334145	0.2983529359
0	0.8264663854	0.0081347661	0.1653988485
0	0.0000732907	0.9134394861	0.0864872233
0	0.1140706360	0.5329024666	0.3530268974
0	0.2746234072	0.0472778133	0.6780987795
0	0.1930462755	0.0004197634	0.8065339611
1	0.9388497626	0.0269399293	0.0342103082
0	0.9244678833	0.0267571775	0.0487749393
0	0.0000000003	0.9999999993	0.0000000004
0	0.3019276168	0.5824668097	0.1156055735
0	0.4347185066	0.4407667110	0.1245147824
1	0.4954822671	0.4259681894	0.0785495435
0	0.5449839555	0.0000000430	0.4550160015
1	0.2335199395	0.1801807367	0.5862993238
0	0.8061180082	0.0000000000	0.1938819918
0	0.5865847857	0.4072566931	0.0061585212
0	0.0111665921	0.0019589905	0.9868744174
0	0.2018447239	0.0841216176	0.7140336585
0	0.5558544642	0.2679246652	0.1762208706
0	0.0095800758	0.8506441900	0.1397757343
0	0.8329117376	0.1616243627	0.0054638998
0	0.0635362643	0.0028495376	0.9336141980
0	0.8641561029	0.0235368284	0.1123070686
0	0.0728855765	0.0055470559	0.9215673677
0	0.5767464877	0.3649520417	0.0583014706
0	0.5005845441	0.0076132627	0.4918021932
0	0.0685573254	0.0000053118	0.9314373627
0	0.9997991886	0.0000509077	0.0001499037
0	0.1912473810	0.4351787692	0.3735738498
0	0.1141778053	0.8858221947	0.0000000000
0	0.9970759745	0.0003701829	0.0025538426
0	0.8793538216	0.0848887752	0.0357574032
0	0.0012912560	0.0000078547	0.9987008892
0	0.8114061853	0.1339838031	0.0546100117
0	0.8376676448	0.1323855236	0.0299468316
0	0.8488949651	0.0118305690	0.1392744659
1	0.1068069385	0.0752505750	0.8179424866
0	0.1131115386	0.0000037553	0.8868847062
0	0.1587859828	0.8410495795	0.0001644377
1	0.5532689534	0.0601372285	0.3865938181
0	0.3023545825	0.6919230499	0.0057223675
0	0.3442291435	0.6489450115	0.0068258449
0	0.7596426692	0.1696723033	0.0706850275
0	0.3135715027	0.0044169837	0.6820115136
0	0.0079412251	0.9014897793	0.0905689956
0	0.0000024023	0.4735156508	0.5264819469
0	0.5642304971	0.0005341412	0.4352353618
0	0.9129414445	0.0715622897	0.0154962659
0	0.1482427412	0.0500692705	0.8016879883
0	0.0001424638	0.2042391100	0.7956184262
0	0.2242110738	0.0081654462	0.7676234801
0	0.0046128785	0.0432508953	0.9521362261
0	0.9412106196	0.0000021910	0.0587871894
0	0.1494625446	0.7939679784	0.0565694770
0	0.0908830033	0.2314337103	0.6776832864
0	0.2788385412	0.0000000045	0.7211614542
0	0.0001456303	0.2502635073	0.7495908624
0	0.8176865651	0.1823134349	0.0000000000
0	0.5929998647	0.1543207311	0.2526794041
0	0.0029203805	0.0016281497	0.9954514698
0	0.0345042045	0.6608493048	0.3046464908
0	0.3857176830	0.5158969118	0.0983854052
0	0.5310579687	0.3453347367	0.1236072947
0	0.0055172326	0.9867130363	0.0077697311
0	0.2196508062	0.1493605129	0.6309886808
0	0.2414531455	0.7585393994	0.0000074551
0	0.4293600120	0.0000084279	0.5706315601
0	0.0011458660	0.0064380721	0.9924160619
0	0.7746306022	0.0075507019	0.2178186959
0	0.0000000113	0.7690785381	0.2309214506
0	0.0322423069	0.0000005322	0.9677571609
1	0.0051246229	0.0046960495	0.9901793276
0	0.6624207613	0.3253973351	0.0121819036
0	0.1582938249	0.4883004760	0.3534056990
0	0.7542803646	0.2451164975	0.0006031378
0	0.8628318621	0.0069935632	0.1301745746
1	0.8411956944	0.1517589842	0.0070453214
0	0.1117689371	0.8309134921	0.0573175708
0	0.9838180425	0.0161779452	0.0000040123
0	0.9414154913	0.0217098177	0.0368746909
0	0.2307748234	0.7649284618	0.0042967148
0	0.2034434443	0.5921459429	0.2044106129
0	0.7072236440	0.1757447202	0.1170316358
