1	0.1202612342	0.7596346152	0.1201041505
1	0.2571150257	0.0633788186	0.6795061557
0	0.3143152306	0.4811052167	0.2045795526
0	0.0661012902	0.5366976400	0.3972010698
2	0.1667702068	0.7731892681	0.0600405252
0	0.2788300722	0.6466957084	0.0744742194
0	0.9498490467	0.0423001621	0.0078507912
0	0.1240876141	0.1025781488	0.7733342371
1	0.0368751846	0.0669513251	0.8961734903
0	0.4058788508	0.5936824507	0.0004386985
0	0.0041852584	0.8389384668	0.1568762747
0	0.0917339769	0.8458993051	0.0623667180
0	0.0416689230	0.7217680870	0.2365629900
0	0.3160744259	0.0513249341	0.6326006401
0	0.0001106205	0.9185969083	0.0812924712
0	0.0032980298	0.0000000036	0.9967019666
0	0.6252715140	0.2363120517	0.1384164342
0	0.1171271978	0.8708664409	0.0120063613
1	0.0870603266	0.0012374916	0.9117021818
0	0.0654824703	0.4490960761	0.4854214536
0	0.5309896080	0.4690103920	0.0000000000
0	0.5904536238	0.3512439971	0.0583023791
0	0.0019779218	0.0967297712	0.9012923070
0	0.0001067712	0.0039661694	0.9959270594
0	0.0119135485	0.8321779627	0.1559084887
0	0.2096625613	0.1510468851	0.6392905536
1	0.7525339943	0.0158391119	0.2316268938
0	0.0000075519	0.0036386356	0.9963538125
0	0.3664187455	0.3326878145	0.3008934400
0	0.1745582462	0.6345811318	0.1908606220
0	0.0000000257	0.0008735483	0.9991264260
0	0.0191196397	0.8426773073	0.1382030530
0	0.0007709178	0.3619015727	0.6373275095
0	0.1186602577	0.0009308193	0.8804089230
1	0.8742717611	0.1233745514	0.0023536875
0	0.2678542542	0.7321457458	0.0000000000
0	0.5008185783	0.4991814189	0.0000000028
1	0.1787629070	0.3112658463	0.5099712467
0	0.5057442414	0.0002979466	0.4939578120
0	0.2998062559	0.1251236558	0.5750700884
0	0.0000000000	0.4369170622	0.5630829378
0	0.0000000000	1.0000000000	0.0000000000
1	0.0000000005	0.9723720768	0.0276279227
0	0.0000000000	0.9997350600	0.0002649400
0	0.0569616535	0.3701905823	0.5728477642
0	0.0028319171	0.1388081631	0.8583599197
0	0.0112827121	0.0081438421	0.9805734458
0	0.7338828737	0.0431057179	0.2230114084
0	0.4796045448	0.2857297600	0.2346656952
0	0.0000108598	0.5065142036	0.4934749366
1	0.0424243672	0.5728687129	0.3847069199
0	0.0000000655	0.7905173062	0.2094826283
0	0.0477442691	0.6650133830	0.2872423479
0	0.1024910019	0.1043759165	0.7931330816
0	0.3929075838	0.0492099006	0.5578825156
0	0.1166649044	0.8830980721	0.0002370235
0	0.5002438525	0.4997423560	0.0000137914
0	0.1153791032	0.8591459739	0.0254749229
0	0.0026213428	0.9972625168	0.0001161405
0	0.2077950390	0.7060751051	0.0861298560
0	0.5267859375	0.4732140625	0.0000000000
0	0.0505235256	0.6163271050	0.3331493694
0	0.6321255610	0.0156988566	0.3521755824
0	0.0000636523	0.9999360957	0.0000002520
1	0.5500312151	0.0000056972	0.4499630877
1	0.8286149422	0.1707193711	0.0006656866
0	0.4422532442	0.0718021451	0.4859446108
0	0.0000000000	0.9996022255	0.0003977745
1	0.7576890026	0.0458346980	0.1964762995
1	0.0983475205	0.1244357501	0.7772167294
0	0.4761499771	0.0000033797	0.5238466432
0	0.6119570391	0.3130298989	0.0750130620
0	0.1960703879	0.0287825178	0.7751470943
1	0.0330936335	0.0822867195	0.8846196471
0	0.2522768078	0.1354361859	0.6122870063
0	0.7072252494	0.0000010491	0.2927737015
0	0.4241940729	0.5249133192	0.0508926079
0	0.0595277362	0.0150259248	0.9254463391
0	0.1628074680	0.2598297950	0.5773627370
1	0.0000000000	0.2251762151	0.7748237849
1	0.0027480180	0.1280033128	0.8692486692
0	0.9517969071	0.0378628966	0.0103401963
0	0.1465908914	0.8531788070	0.0002303016
0	0.1298701592	0.8690101894	0.0011196513
1	0.8384442879	0.1030854837	0.0584702284
0	0.0000000003	0.0010120325	0.9989879672
0	0.8953459587	0.0000491609	0.1046048804
0	0.1714497947	0.1841447036	0.6444055016
1	0.0959271251	0.6370127011	0.2670601738
0	0.0000000000	0.1654813004	0.8345186996
0	0.0008009075	0.0403163424	0.9588827501
0	0.0000266899	0.0000000000	0.9999733101
0	0.1587893507	0.3783357825	0.4628748668
0	0.8371510614	0.1577383241	0.0051106145
0	0.9999401347	0.0000559848	0.0000038805
0	0.3266618195	0.1916556596	0.4816825209
0	0.0000000045	0.1733829437	0.8266170518
1	0.0043488738	0.7932089839	0.2024421423
0	0.1991535619	0.5839133329	0.2169331052
0	0.0000111325	0.0142969401	0.9856919274
