0	0.0001129984	0.7668890414	0.2329979602
0	0.0474962440	0.2787304438	0.6737733121
0	0.0002308133	0.4034652307	0.5963039560
0	0.0418898508	0.0648501011	0.8932600481
0	0.0960891685	0.2560357540	0.6478750775
1	0.3495627327	0.4612601665	0.1891771008
0	0.0363703014	0.8064023509	0.1572273477
0	0.0000000001	0.9792875861	0.0207124139
0	0.6381038295	0.0000000002	0.3618961704
0	0.8300846929	0.0002617231	0.1696535840
0	0.0040972746	0.0018698822	0.9940328432
0	0.1169329643	0.5803222242	0.3027448114
0	0.8480461301	0.0461091241	0.1058447457
0	0.7808345060	0.0767757961	0.1423896980
0	0.0020616691	0.6506782986	0.3472600323
0	0.1437324647	0.1588884682	0.6973790671
0	0.6356804314	0.3323735208	0.0319460478
0	0.4512648448	0.4494423077	0.0992928475
0	0.4251954418	0.0000000000	0.5748045582
0	0.6945110682	0.2229163144	0.0825726174
0	0.0001587641	0.0666307996	0.9332104362
0	0.5942102430	0.1204348227	0.2853549342
0	0.1390461396	0.8468592925	0.0140945680
0	0.9133871689	0.0085727575	0.0780400736
0	0.9771187849	0.0228365455	0.0000446696
0	0.5458979022	0.0000000352	0.4541020626
0	0.1483508125	0.0366049069	0.8150442806
0	0.3750723542	0.5305343297	0.0943933161
1	0.0000000000	0.9308678114	0.0691321886
0	0.8585967177	0.0215868227	0.1198164596
0	0.4457854463	0.0037093488	0.5505052049
0	0.9598745933	0.0189432158	0.0211821909
0	0.1862845271	0.3392570838	0.4744583891
0	0.3404939177	0.6595003738	0.0000057085
1	0.0025159238	0.4586180451	0.5388660311
0	0.9589187660	0.0374667679	0.0036144661
0	0.0820467171	0.9122037756	0.0057495073
0	0.9328462450	0.0008369572	0.0663167977
0	0.2552627093	0.0288658071	0.7158714836
0	0.0000104326	0.0004318733	0.9995576941
0	0.2996534107	0.5685721789	0.1317744104
0	0.1578059793	0.1471411057	0.6950529150
0	0.7265960683	0.0325308895	0.2408730422
0	0.1151767980	0.0303781584	0.8544450435
0	0.3160542572	0.6837722160	0.0001735268
0	0.2828403505	0.4081956501	0.3089639994
0	0.8654008127	0.0000000000	0.1345991873
0	0.0000000000	0.0005731610	0.9994268390
0	0.0000055585	0.9994865913	0.0005078502
0	0.0376979645	0.2126423924	0.7496596431
1	0.9897346864	0.0049127513	0.0053525624
0	0.3094116335	0.0000000317	0.6905883347
1	0.0743251967	0.9244164224	0.0012583809
0	0.2955844901	0.3642986827	0.3401168271
0	0.9625701672	0.0237916802	0.0136381526
1	0.0000000000	0.0011931293	0.9988068706
0	0.8017169869	0.1347257926	0.0635572205
0	0.0010610650	0.0159638895	0.9829750455
0	0.1420108401	0.1346044013	0.7233847586
0	0.2303195255	0.1221883160	0.6474921585
0	0.0434801949	0.9357739076	0.0207458974
0	0.9284183971	0.0000511906	0.0715304123
0	0.8935029640	0.0971318480	0.0093651881
0	0.0007527301	0.1204704291	0.8787768408
1	0.6402622418	0.3588789872	0.0008587710
0	0.0189494873	0.0335070135	0.9475434992
0	0.6114151548	0.3493683108	0.0392165344
0	0.3180761939	0.5934075439	0.0885162622
0	0.0011776810	0.1387466924	0.8600756266
0	0.9719850854	0.0280149146	0.0000000001
0	0.9999995897	0.0000004103	0.0000000000
0	0.0377020477	0.9589696755	0.0033282768
0	0.0641221557	0.9358734489	0.0000043954
0	0.5373325543	0.0169215466	0.4457458990
0	0.8561047619	0.1329677166	0.0109275215
0	0.8250942790	0.0000002836	0.1749054374
0	0.0423714928	0.9079234476	0.0497050595
0	0.0675760672	0.2876702182	0.6447537145
0	0.2630445508	0.0003900560	0.7365653932
0	0.1619563426	0.8380328257	0.0000108317
0	0.0000010444	0.4025428076	0.5974561480
0	0.4585129607	0.3801337240	0.1613533153
0	0.0494221004	0.2282846686	0.7222932310
0	0.4119939499	0.4118918028	0.1761142472
0	0.7951711281	0.0331973240	0.1716315479
0	0.6555557169	0.1106982007	0.2337460824
0	0.0000018562	0.5498242586	0.4501738852
0	0.0000000197	0.9999948499	0.0000051304
1	0.0043686807	0.2721460653	0.7234852540
2	0.0467959964	0.8932277399	0.0599762637
0	0.9999963748	0.0000002844	0.0000033408
0	0.9022621747	0.0597910518	0.0379467735
0	0.0000000215	0.9999999785	0.0000000000
0	0.1501457598	0.8124778971	0.0373763432
0	0.0062947785	0.9864351035	0.0072701181
0	0.6365711592	0.3621747922	0.0012540486
1	0.0032303623	0.0503787805	0.9463908572
0	0.2199087829	0.2058350699	0.5742561472
0	0.4990243816	0.2194168171	0.2815588012
0	0.1706953127	0.0000812786	0.8292234087
