0	0.0001958246	0.8524530228	0.1473511525
0	0.6658726642	0.0000065673	0.3341207685
0	0.9813216104	0.0181439216	0.0005344680
0	0.4668728633	0.1658372302	0.3672899065
1	0.4135670941	0.0011742234	0.5852586825
0	0.0034043413	0.1466186386	0.8499770201
0	0.0353120474	0.1509530406	0.8137349120
0	0.8815580331	0.0142071410	0.1042348259
1	0.7745708871	0.2012464521	0.0241826608
0	0.3251207188	0.4752259488	0.1996533324
0	0.6712612936	0.0098741674	0.3188645391
0	0.0170795831	0.5531173109	0.4298031060
0	0.1160667672	0.0148125557	0.8691206771
0	0.5780569283	0.0522098947	0.3697331770
0	0.6302259770	0.2708792035	0.0988948195
0	0.9673579726	0.0326280204	0.0000140070
0	0.8572475169	0.0000000000	0.1427524831
0	0.0000000082	0.9417245735	0.0582754183
0	0.7014005983	0.2597128346	0.0388865670
0	0.0116681934	0.8576324910	0.1306993156
0	0.2540136136	0.7459781776	0.0000082088
0	0.0191266822	0.0091121447	0.9717611731
0	0.1986642570	0.0585919130	0.7427438300
0	0.0000001517	0.0198759403	0.9801239080
0	0.9567460953	0.0428340179	0.0004198868
0	0.0907157154	0.9092840680	0.0000002166
0	0.0000000000	0.9999997835	0.0000002165
0	0.1147029896	0.3992032186	0.4860937918
0	0.9945594530	0.0053625460	0.0000780009
0	0.0184668652	0.0130195172	0.9685136176
0	0.3728776567	0.0000867384	0.6270356050
0	0.0028695313	0.9880792616	0.0090512071
0	0.0098124057	0.1653508987	0.8248366956
0	0.2988629432	0.4238077338	0.2773293231
1	0.0234200959	0.9408444892	0.0357354149
2	0.0033573847	0.9704996205	0.0261429948
1	0.9345428586	0.0651211467	0.0003359947
0	0.9999653008	0.0000243516	0.0000103476
0	0.1833066217	0.7980034941	0.0186898841
1	0.6208997757	0.0000379323	0.3790622920
0	0.3684281951	0.0005738335	0.6309979715
0	0.8813029536	0.1073430621	0.0113539843
0	0.0554725931	0.4964600632	0.4480673437
0	0.3802684838	0.6127591883	0.0069723280
0	0.0074681012	0.6302327278	0.3622991710
0	0.8325335815	0.1674502298	0.0000161887
0	0.4129644832	0.5088386846	0.0781968321
0	0.8596290725	0.1250298774	0.0153410501
0	0.8652375508	0.0002510774	0.1345113718
0	0.3699623913	0.4324359237	0.1976016850
0	0.8609050428	0.0604223863	0.0786725709
1	0.9692667819	0.0169765054	0.0137567128
0	0.0000029988	0.0502874397	0.9497095615
0	0.3044926376	0.0067951771	0.6887121853
0	0.0235040455	0.8023315547	0.1741643997
0	0.0327545253	0.2972966706	0.6699488041
0	0.5374722004	0.4062545343	0.0562732653
0	0.1782227638	0.4322714537	0.3895057825
0	0.9107648727	0.0892351273	0.0000000000
0	0.0001624360	0.0217098485	0.9781277155
0	0.3025909524	0.3905962812	0.3068127664
0	0.1152929566	0.5769032770	0.3078037664
0	0.0002004050	0.4847208200	0.5150787750
0	0.2747565688	0.0883424275	0.6369010037
0	0.2691981048	0.1896081132	0.5411937819
0	0.8836695981	0.1079775296	0.0083528723
0	0.9425123328	0.0000002919	0.0574873753
0	0.0000131498	0.8386274742	0.1613593760
0	0.6802099054	0.3196834878	0.0001066067
0	0.0322476456	0.0875196312	0.8802327232
0	0.3298234445	0.0388410473	0.6313355082
0	0.0627908388	0.8876199590	0.0495892022
0	0.7116241133	0.2847359724	0.0036399143
0	0.3459718916	0.1429893602	0.5110387482
0	0.0611936027	0.0273362443	0.9114701530
0	0.0019124449	0.8105752169	0.1875123382
0	0.7840171250	0.0145979374	0.2013849376
0	0.7221972067	0.0570470537	0.2207557395
0	0.3140480386	0.3985165790	0.2874353824
0	0.0000000000	0.7524904950	0.2475095050
0	0.0054104892	0.0139784204	0.9806110904
0	0.1747624018	0.0101010215	0.8151365767
0	0.3627834162	0.2014925122	0.4357240716
1	0.7653997111	0.0218966735	0.2127036154
1	0.4541946209	0.0000000035	0.5458053756
0	0.9916855764	0.0000003914	0.0083140322
0	0.0456819649	0.0337008273	0.9206172078
0	0.1215132488	0.7886592663	0.0898274849
0	0.7503738374	0.2476751465	0.0019510160
0	0.0331400498	0.0000555884	0.9668043618
1	0.4015923760	0.0343100627	0.5640975613
1	0.9327753338	0.0672242390	0.0000004272
0	0.7460470948	0.2539527626	0.0000001427
0	0.0967719824	0.7222119977	0.1810160199
0	0.0558009811	0.7661361963	0.1780628226
0	0.8798948932	0.0362715471	0.0838335596
0	0.1247654007	0.0565626051	0.8186719943
0	0.0295318307	0.4645611014	0.5059070679
0	0.0000486960	0.2684855654	0.7314657386
0	0.3986575526	0.5445630926	0.0567793548
