0	0.8790558381	0.1178970174	0.0030471444
0	0.1133820790	0.8864708709	0.0001470501
0	0.5191212273	0.4798864273	0.0009923454
0	0.0000000461	0.0020791958	0.9979207582
1	0.0012464641	0.0000214578	0.9987320781
0	0.0356616918	0.9627821045	0.0015562038
0	0.1533288963	0.8196595994	0.0270115044
0	0.3779468373	0.6220530942	0.0000000685
0	0.8155976697	0.1675919444	0.0168103859
0	0.2225965231	0.1836117998	0.5937916771
1	0.2257522697	0.0254072230	0.7488405073
0	0.9939300933	0.0060658123	0.0000040944
0	0.0432000207	0.3162542136	0.6405457657
0	0.1107859807	0.0218540896	0.8673599298
0	0.6955730413	0.0317528495	0.2726741092
0	0.0513801292	0.9486170092	0.0000028616
0	0.6568568537	0.0178748072	0.3252683391
0	0.8301320381	0.1605707029	0.0092972590
0	0.7851527259	0.1632807033	0.0515665709
0	0.1477259718	0.1054031951	0.7468708332
0	0.3573482924	0.0000000000	0.6426517076
1	0.2316603551	0.6573638629	0.1109757821
0	0.0188083039	0.4306470002	0.5505446959
0	0.0011484908	0.7720222323	0.2268292769
0	0.2292791594	0.7706836176	0.0000372230
0	0.9997688181	0.0002311819	0.0000000000
0	0.0000000001	0.9340755443	0.0659244556
0	0.2213757870	0.7560579264	0.0225662866
0	0.4921038726	0.5072583317	0.0006377956
0	0.7895118261	0.0076144225	0.2028737514
0	0.2616485596	0.7056655277	0.0326859128
0	0.2398351964	0.4077737160	0.3523910876
1	0.0387888284	0.0145159851	0.9466951865
0	0.8928703100	0.0019407703	0.1051889197
0	0.5754072409	0.0509235662	0.3736691929
0	0.4701945852	0.4205638641	0.1092415507
0	0.1246379247	0.0001615991	0.8752004762
0	0.3970878762	0.1337143979	0.4691977259
0	0.4526034653	0.3986912104	0.1487053243
0	0.5439866793	0.3807286000	0.0752847207
0	0.1244583807	0.8115298685	0.0640117507
0	0.1011330619	0.8988631962	0.0000037418
0	0.0000012522	0.7088977357	0.2911010121
0	0.9388562817	0.0028047265	0.0583389918
0	0.2204284524	0.0520041262	0.7275674215
0	0.9845753817	0.0000001990	0.0154244193
0	0.4471566162	0.0195269681	0.5333164157
1	0.3752783410	0.6211619587	0.0035597003
0	0.0000000000	0.7408695584	0.2591304416
0	0.8290979476	0.1700223601	0.0008796923
0	0.0388549242	0.0299756228	0.9311694530
0	0.0696226343	0.0043306535	0.9260467123
0	0.4468573943	0.0316656535	0.5214769522
0	0.4076697294	0.0843854624	0.5079448082
0	0.0024794938	0.6200421411	0.3774783651
0	0.5696988601	0.4283927575	0.0019083824
0	0.2828834461	0.3238592358	0.3932573181
0	0.5778435939	0.3446371520	0.0775192541
0	0.4855527508	0.4997487487	0.0146985005
0	0.0876150893	0.8169933236	0.0953915871
0	0.0003243529	0.9486038399	0.0510718072
1	0.1993967029	0.6580905220	0.1425127752
0	0.0039252030	0.4960032506	0.5000715464
0	0.0569765122	0.0000000000	0.9430234878
0	0.2689035407	0.7147401994	0.0163562599
1	0.1587603186	0.7964950130	0.0447446684
0	0.6663529389	0.0000000000	0.3336470611
0	0.0000000000	0.9961130390	0.0038869610
0	0.8484661658	0.0096019270	0.1419319072
1	0.0000471860	0.6761478901	0.3238049240
0	0.1179732589	0.7018821822	0.1801445589
0	0.5864662647	0.0005359230	0.4129978123
0	0.4023744422	0.4212758489	0.1763497089
0	0.0000000000	0.3931306688	0.6068693312
0	0.6124690817	0.3873098681	0.0002210502
0	0.2423435853	0.7545163216	0.0031400931
2	0.2208172715	0.0450357963	0.7341469322
0	0.2725035453	0.6248490507	0.1026474039
0	0.4273804477	0.0523454622	0.5202740900
1	0.8393080323	0.0000000001	0.1606919676
1	0.4681053253	0.4041024940	0.1277921808
0	0.0000000000	0.9763370499	0.0236629501
0	0.0672917530	0.6118756834	0.3208325635
0	0.4909231944	0.5090768056	0.0000000000
0	0.2303306115	0.0000027053	0.7696666832
0	0.7940592872	0.2054470711	0.0004936417
0	0.0070588002	0.9151612663	0.0777799334
0	0.9289278566	0.0178867476	0.0531853958
0	0.3664978774	0.5174580048	0.1160441178
0	0.4995766471	0.4338370078	0.0665863452
0	0.0000001120	0.9804797165	0.0195201716
0	0.0467314732	0.7637515118	0.1895170150
0	0.3622117409	0.6148036644	0.0229845947
0	0.0012573402	0.9987424257	0.0000002341
1	0.9881240217	0.0050799857	0.0067959926
0	0.0000000000	0.2358064779	0.7641935221
0	0.0000002974	0.9999735871	0.0000261155
1	0.9991797726	0.0008199186	0.0000003089
0	0.7151123508	0.1655592741	0.1193283751
0	0.0543205819	0.1540616069	0.7916178111
