0	0.3533355787	0.2150968623	0.4315675590
2	0.4848299012	0.0252908071	0.4898792918
0	0.8689073180	0.1310923070	0.0000003750
0	0.0000000004	0.0000000153	0.9999999843
0	0.4508421993	0.1733804012	0.3757773994
0	0.4096633293	0.5903349155	0.0000017551
0	0.8695236760	0.0308282073	0.0996481167
0	0.2111513446	0.2580751875	0.5307734679
1	0.0609784552	0.4319208663	0.5071006785
1	0.6606590502	0.3393409498	0.0000000000
0	0.5656081534	0.0141139910	0.4202778556
1	0.2092998661	0.0488558571	0.7418442768
0	0.0066954825	0.3523288968	0.6409756207
0	0.6749127053	0.2704768731	0.0546104216
0	0.0818000200	0.4283788181	0.4898211619
0	0.8092742867	0.1748535901	0.0158721232
0	0.0140311730	0.9230480535	0.0629207735
0	0.5599806293	0.3738417576	0.0661776131
0	0.5655082278	0.0305714773	0.4039202949
0	0.5003115639	0.1412551995	0.3584332366
0	0.0020943452	0.8458551415	0.1520505134
0	0.7266841404	0.1521218423	0.1211940173
0	0.0000207970	0.7708755700	0.2291036330
0	0.7528527586	0.1245946362	0.1225526052
0	0.8735344240	0.0047101579	0.1217554180
0	0.8500180763	0.0000011928	0.1499807309
0	0.0010848936	0.9859901203	0.0129249861
0	0.9426514789	0.0571607689	0.0001877522
0	0.0055721213	0.9838422322	0.0105856465
0	0.0000354952	0.0000000000	0.9999645048
0	0.2908516845	0.5031701582	0.2059781573
0	0.5512523993	0.1226130786	0.3261345221
0	0.7314065149	0.2608975452	0.0076959399
0	0.0000058833	0.0153503702	0.9846437466
1	0.0972585986	0.1948997612	0.7078416403
0	0.1811243173	0.8004235673	0.0184521154
1	0.3900602719	0.0002008763	0.6097388519
0	0.5746569672	0.3376729149	0.0876701180
0	0.7172944240	0.2625659249	0.0201396511
0	0.1832348520	0.0036868256	0.8130783225
0	0.1609652588	0.5954977546	0.2435369865
1	0.0052899453	0.6597210191	0.3349890356
0	0.1838400730	0.1266522509	0.6895076761
0	0.0799464514	0.4739360312	0.4461175173
0	0.1020667202	0.1602215377	0.7377117420
0	0.0796711805	0.8811008666	0.0392279529
0	0.5310470118	0.4679429906	0.0010099976
0	0.0759676664	0.9240323336	0.0000000000
0	0.0865314050	0.8367751907	0.0766934042
0	0.3179810234	0.5555419108	0.1264770658
0	0.8618949862	0.1267887681	0.0113162457
1	0.0632788452	0.0744254098	0.8622957450
0	0.0009293879	0.2775974208	0.7214731913
0	0.2384867038	0.0011121641	0.7604011320
0	0.9750317475	0.0000024379	0.0249658146
0	0.2683375110	0.6447297853	0.0869327037
0	0.9710361684	0.0000005821	0.0289632495
0	0.7646842901	0.1795476052	0.0557681047
0	0.0091050298	0.4818292083	0.5090657619
0	0.7556974949	0.2070288242	0.0372736809
0	0.0000140991	0.0550361188	0.9449497821
0	0.5352071103	0.0065829832	0.4582099065
0	0.4331318642	0.5042325939	0.0626355419
0	0.8910144659	0.0001224938	0.1088630402
1	0.1557164737	0.1242011221	0.7200824042
0	0.7999903730	0.1208246126	0.0791850143
0	0.0301402969	0.9697758459	0.0000838572
0	0.0094963394	0.0359899483	0.9545137123
0	0.1770587899	0.6538411788	0.1691000313
0	0.8621492973	0.0531975188	0.0846531838
0	0.6922738443	0.1478023524	0.1599238033
0	0.0825435107	0.0295392002	0.8879172891
0	0.1096672673	0.8147009836	0.0756317492
0	0.3924155396	0.6059242316	0.0016602288
0	0.4287456313	0.3353995490	0.2358548197
0	0.0000000000	0.4770915435	0.5229084565
0	0.0372846595	0.7135869971	0.2491283434
0	0.9999931971	0.0000064290	0.0000003739
0	0.3552046424	0.0000504651	0.6447448925
0	0.0524974203	0.1656129290	0.7818896507
0	0.7624498234	0.1490638814	0.0884862951
0	0.3859279663	0.4360354438	0.1780365899
0	0.0126566913	0.0000476459	0.9872956627
0	0.0000000041	0.9999679577	0.0000320382
0	0.1845244541	0.7945890183	0.0208865277
0	0.8203430458	0.0000251083	0.1796318459
0	0.2431593415	0.2558451280	0.5009955304
0	0.0385221816	0.1359812702	0.8254965482
0	0.0844659363	0.0439756672	0.8715583965
1	0.3772045769	0.0000000000	0.6227954231
0	0.2741139613	0.6070071518	0.1188788869
0	0.0032195689	0.9967804311	0.0000000000
0	0.7753372803	0.0527815089	0.1718812109
0	0.4917269009	0.0494889375	0.4587841616
0	0.0128248740	0.0570773894	0.9300977366
0	0.2312250745	0.7687749202	0.0000000053
0	0.0478465884	0.3183908629	0.6337625487
0	0.1421068586	0.3896780925	0.4682150489
0	0.1621143363	0.0019909569	0.8358947069
0	0.9426282663	0.0000001886	0.0573715451
