0	0.2446113338	0.7419355532	0.0134531130
0	0.1959266012	0.8040733988	0.0000000000
0	0.0000006569	0.3150118108	0.6849875323
0	0.5044075025	0.0430938859	0.4524986117
0	0.8491346185	0.0000000003	0.1508653813
0	0.2269079093	0.7072337802	0.0658583106
0	0.0000013103	0.9952695884	0.0047291013
0	0.5726422736	0.2134813699	0.2138763564
0	0.0119061402	0.7236499305	0.2644439294
0	0.6876122007	0.0397173767	0.2726704225
0	0.0067474704	0.9862806397	0.0069718899
0	0.6294102222	0.1532321895	0.2173575883
0	0.1537172413	0.7185154579	0.1277673007
1	0.4512325055	0.1423778578	0.4063896368
0	0.8993362587	0.0855526571	0.0151110842
0	0.4148624510	0.0037105251	0.5814270240
0	0.8334542189	0.0606267837	0.1059189974
0	0.4386876595	0.0000000001	0.5613123403
0	0.9991579654	0.0000004697	0.0008415649
0	0.1850972521	0.2681856228	0.5467171251
0	0.3510236922	0.6090947471	0.0398815608
0	0.8359898846	0.0000000551	0.1640100603
0	0.0477263192	0.0000000000	0.9522736807
0	0.0000095130	0.9992325698	0.0007579172
0	0.0390085381	0.6144533031	0.3465381589
0	0.9832184895	0.0000000148	0.0167814957
0	0.1222806095	0.0847211295	0.7929982610
0	0.3635586946	0.1668095249	0.4696317805
0	0.8333191549	0.0074116755	0.1592691696
0	0.2085640107	0.7697791455	0.0216568439
0	0.0000000000	0.2167216483	0.7832783517
0	0.5866564480	0.4133435427	0.0000000094
0	0.2403878759	0.5445057307	0.2151063934
0	0.0000000097	0.0220469872	0.9779530030
0	0.2375186638	0.7330544293	0.0294269069
0	0.0936450447	0.0000000000	0.9063549553
0	0.2359466985	0.2832908671	0.4807624344
0	0.2208253450	0.7791746521	0.0000000029
0	0.7192858879	0.0019883270	0.2787257851
0	0.2089968472	0.6615517114	0.1294514414
0	0.5469586439	0.3752046808	0.0778366752
1	0.8567855203	0.0511958231	0.0920186566
0	0.4349004373	0.1956271493	0.3694724133
0	0.8252892638	0.1747105882	0.0000001481
0	0.0020917085	0.8824774121	0.1154308793
0	0.5806398943	0.2126435056	0.2067166002
0	0.9999143605	0.0000808974	0.0000047421
0	0.1163179720	0.4203688746	0.4633131535
0	0.8553921069	0.1445566724	0.0000512207
0	0.8004564731	0.0595921728	0.1399513541
0	0.6411472171	0.0546907501	0.3041620329
0	0.9999999725	0.0000000089	0.0000000185
0	0.0000000000	0.9999999407	0.0000000593
1	0.0529958528	0.6342551940	0.3127489532
0	0.6632516481	0.0231395442	0.3136088076
0	0.6368093140	0.0129418225	0.3502488635
0	0.5837849799	0.4160229519	0.0001920682
0	0.4870208305	0.1509502028	0.3620289668
0	0.0002774304	0.0032402974	0.9964822721
0	0.0003783797	0.9802421036	0.0193795168
0	0.0000000000	0.0132250491	0.9867749509
0	0.4621774532	0.5068032173	0.0310193295
0	0.0000000127	0.0003323602	0.9996676271
0	0.1292938236	0.8693814553	0.0013247211
0	0.4550413911	0.3662245808	0.1787340281
0	0.1418943675	0.0018367044	0.8562689280
0	0.0001031549	0.9709340418	0.0289628032
0	0.7065574277	0.0484846253	0.2449579469
0	0.7038141727	0.2302360296	0.0659497977
0	0.3695943883	0.0192972080	0.6111084037
0	0.0179681264	0.0287091813	0.9533226923
0	0.1194902112	0.8783857009	0.0021240879
0	0.9895104590	0.0000111703	0.0104783707
0	0.4426943889	0.5410468792	0.0162587318
0	0.0512541395	0.5879411620	0.3608046985
0	0.7937090624	0.0107923256	0.1954986120
1	0.0000077037	0.0000033235	0.9999889728
0	0.7265115885	0.1594417560	0.1140466555
2	0.0007672640	0.7637927456	0.2354399904
0	0.3154072367	0.0538913404	0.6307014229
0	0.2603509115	0.6231881072	0.1164609814
0	0.1356365176	0.8507078952	0.0136555872
0	0.5545065425	0.4374523190	0.0080411385
0	0.1500803236	0.7659328965	0.0839867799
0	0.0045986761	0.1220564794	0.8733448445
0	0.5617969272	0.0930170396	0.3451860332
0	0.6985795051	0.0026359550	0.2987845398
0	0.9032836418	0.0542793762	0.0424369820
1	0.2373954476	0.7625613734	0.0000431789
1	0.0011722939	0.1063320034	0.8924957027
0	0.0000000001	0.7337600190	0.2662399809
0	0.8949536546	0.0157561701	0.0892901753
0	0.0735803620	0.7134889185	0.2129307195
0	0.0282574675	0.0079830532	0.9637594793
0	0.0000016797	0.8690103294	0.1309879908
0	0.9982131914	0.0000000000	0.0017868086
1	0.0706227737	0.1324917559	0.7968854704
0	0.0062701858	0.9937295484	0.0000002658
1	0.7803875704	0.1087796881	0.1108327415
0	0.1194122330	0.1708822579	0.7097055091
