0	0.0263604888	0.0000024486	0.9736370626
1	0.1490168966	0.7914175687	0.0595655347
1	0.2474166820	0.7512407660	0.0013425520
0	0.8716990784	0.0094523030	0.1188486186
0	0.0184352949	0.8570774980	0.1244872071
0	0.0641782870	0.9067102089	0.0291115042
0	0.1075953471	0.5577204731	0.3346841797
0	0.8089027332	0.1667013547	0.0243959121
0	0.0204782646	0.0642370922	0.9152846431
0	0.0519763000	0.0000000000	0.9480237000
0	0.7582804454	0.1231777624	0.1185417923
0	0.5620015303	0.2315393954	0.2064590743
0	0.2159092485	0.7202665660	0.0638241856
0	0.5979657851	0.4018433720	0.0001908429
0	0.0528219446	0.8187370506	0.1284410048
0	0.9932490606	0.0000000000	0.0067509394
0	0.1767881596	0.0068924233	0.8163194172
0	0.0000585444	0.9999407134	0.0000007422
0	0.2723132026	0.0159718016	0.7117149958
0	0.2829886378	0.0650024897	0.6520088725
0	0.0630547688	0.5875578493	0.3493873819
0	0.0034544559	0.6390891846	0.3574563596
0	0.0169466473	0.0313228062	0.9517305466
0	0.4626068293	0.4872317953	0.0501613754
0	0.1902925497	0.0063201937	0.8033872565
0	0.5610896889	0.0000001226	0.4389101884
0	0.7987321006	0.1452996441	0.0559682553
0	0.4449419396	0.0000000372	0.5550580233
0	0.0206810462	0.5961059456	0.3832130082
0	0.8526080894	0.1473849128	0.0000069978
0	0.0486882045	0.1141538028	0.8371579926
0	0.3336418600	0.6661695023	0.0001886377
0	0.6671733238	0.3327260944	0.0001005818
0	0.6075958436	0.1956329158	0.1967712406
0	0.3476793715	0.6514756573	0.0008449712
0	0.9999567136	0.0000429596	0.0000003269
0	0.1556484133	0.8442868498	0.0000647369
0	0.0197448880	0.5929662116	0.3872889004
0	0.0000005753	0.9946447026	0.0053547221
0	0.0000000007	0.9374990409	0.0625009584
0	0.0929374770	0.9070620396	0.0000004834
0	0.0394848223	0.4891598440	0.4713553337
0	0.7769515875	0.0659127264	0.1571356861
0	0.0805622907	0.9190067310	0.0004309784
0	0.0000213497	0.0989522477	0.9010264026
0	0.0000000820	0.3645572803	0.6354426376
0	0.6765046459	0.0402976211	0.2831977330
1	0.0100814518	0.3824555199	0.6074630282
0	0.4147530749	0.5852469027	0.0000000224
0	0.2235797549	0.4060965848	0.3703236603
0	0.0043340328	0.6541639770	0.3415019902
0	0.1108797816	0.5065945868	0.3825256316
0	0.1606240996	0.0000000020	0.8393758983
0	0.9436802635	0.0228046019	0.0335151346
0	0.6410556460	0.2905087224	0.0684356316
0	0.0000000576	0.4398899372	0.5601100052
0	0.8060288949	0.1938866272	0.0000844779
1	0.0819371309	0.3286005235	0.5894623456
0	0.6722381623	0.0000000000	0.3277618377
0	0.3507901580	0.1474229991	0.5017868429
1	0.8691620706	0.0274929863	0.1033449432
0	0.0004335562	0.7877777487	0.2117886950
0	0.1292681030	0.3968152000	0.4739166969
0	0.1572861018	0.0004235991	0.8422902992
0	0.9855807308	0.0144152938	0.0000039753
0	0.0491503184	0.9325808210	0.0182688606
0	0.0059212212	0.6680252335	0.3260535453
0	0.2632672260	0.4378207070	0.2989120669
1	0.9592448731	0.0407551262	0.0000000007
0	0.1863719244	0.4663560203	0.3472720553
1	0.0033144891	0.0151077243	0.9815777866
0	0.0944409100	0.8907873943	0.0147716957
0	0.6076448767	0.2690616376	0.1232934857
0	0.9458438875	0.0541560943	0.0000000181
0	0.0239752094	0.6611197511	0.3149050395
1	0.0695733727	0.9304266273	0.0000000000
0	0.7693760053	0.0957006168	0.1349233779
0	0.7418790569	0.0000000742	0.2581208689
0	0.3815033368	0.0140897693	0.6044068939
0	0.0000686560	0.2599310536	0.7400002904
0	0.8312969087	0.0694139189	0.0992891723
0	0.3302152306	0.5386040764	0.1311806930
0	0.8203440680	0.1726193761	0.0070365559
0	0.0399613968	0.4837245164	0.4763140868
0	0.0464788322	0.9524025502	0.0011186176
0	0.2189324336	0.6769507056	0.1041168608
0	0.0635653828	0.9359013045	0.0005333127
0	0.3092085775	0.5448671390	0.1459242835
0	0.0486690966	0.6803672515	0.2709636519
0	0.4846997869	0.2832383281	0.2320618850
1	0.0205360566	0.9652483101	0.0142156333
1	0.0070256630	0.2369397288	0.7560346082
0	0.8509631199	0.0000036869	0.1490331932
0	0.0000000000	0.9698250093	0.0301749907
1	0.0000309763	0.8924776884	0.1074913353
0	0.5375264632	0.1967574669	0.2657160698
0	0.8247118141	0.1531198441	0.0221683418
2	0.7601254767	0.2183342497	0.0215402736
0	0.0017869711	0.0001743449	0.9980386840
0	0.8385003100	0.1603380766	0.0011616135
