0	0.6054708310	0.0000013229	0.3945278461
0	0.0532033298	0.1562492943	0.7905473759
0	0.3952538490	0.0000016571	0.6047444939
0	0.9785130956	0.0000005176	0.0214863868
0	0.0136364373	0.6579059719	0.3284575908
0	0.6014410664	0.2482529337	0.1503059999
0	0.0000010580	0.9531121643	0.0468867778
0	0.1980426234	0.2414172238	0.5605401528
0	0.0234986365	0.6135597996	0.3629415638
0	0.0705413402	0.9218275644	0.0076310953
0	0.8326089213	0.0018655435	0.1655255353
0	0.0793303483	0.9014296572	0.0192399945
0	0.0206199640	0.7966561923	0.1827238437
0	0.0015924326	0.9735695738	0.0248379936
0	0.0846498414	0.2181222456	0.6972279129
0	0.1455139949	0.8496986725	0.0047873326
0	0.9886374549	0.0013925598	0.0099699853
0	0.0000610052	0.9389301431	0.0610088517
0	0.3741894149	0.3337534940	0.2920570911
0	0.0881984918	0.9096374207	0.0021640875
1	0.6409794112	0.1344081971	0.2246123916
0	0.7586117037	0.2413672136	0.0000210826
0	0.1767552824	0.8230155706	0.0002291470
0	0.2789098959	0.3091688231	0.4119212811
0	0.1279308090	0.7930206938	0.0790484972
0	0.4159383550	0.0131556091	0.5709060359
0	0.0000000001	0.0829042758	0.9170957241
0	0.0000000786	0.2735742777	0.7264256437
0	0.3460615957	0.0094083864	0.6445300179
1	0.8110233346	0.0505380151	0.1384386503
0	0.0000217951	0.0546237118	0.9453544931
0	0.0085135526	0.7750383515	0.2164480959
0	0.8275068386	0.0119257646	0.1605673968
0	0.7225590466	0.2763585123	0.0010824411
0	0.0000003358	0.9889592238	0.0110404404
0	0.4486200596	0.0225740553	0.5288058851
0	0.1364381527	0.1291764486	0.7343853987
0	0.3840232513	0.5191861602	0.0967905885
0	0.5073556756	0.3733921587	0.1192521657
1	0.0633801818	0.7147937313	0.2218260869
0	0.6097462955	0.3419012211	0.0483524834
0	0.8264541169	0.0000339879	0.1735118952
1	0.0339832048	0.0146971176	0.9513196776
0	0.3400888149	0.4557192716	0.2041919135
0	0.0077941746	0.9881448587	0.0040609667
0	0.0005736851	0.6071977965	0.3922285184
0	0.0114421870	0.9214827217	0.0670750912
0	0.4954828742	0.1268869854	0.3776301404
0	0.5131450597	0.3103465960	0.1765083443
0	0.0626352640	0.9354250000	0.0019397361
0	0.2687995012	0.0042465811	0.7269539177
1	0.1467495397	0.1963104879	0.6569399724
0	0.7768642804	0.0594935674	0.1636421523
0	0.4975608598	0.0864375781	0.4160015620
0	0.0015732845	0.0038875278	0.9945391877
1	0.1252568217	0.6015951202	0.2731480581
0	0.9955138427	0.0037731159	0.0007130414
0	0.0679410045	0.0191705166	0.9128884789
0	0.0000026135	0.5101119864	0.4898854001
0	0.0139329698	0.6902513929	0.2958156373
0	0.1390822530	0.8608253561	0.0000923909
0	0.4024327949	0.5975592777	0.0000079274
0	0.0013092571	0.9649703137	0.0337204291
0	0.0024546091	0.7313337658	0.2662116250
0	0.0000000000	0.5865376468	0.4134623532
0	0.0000000367	0.8437152715	0.1562846917
0	0.0119386050	0.0680010248	0.9200603702
2	0.6413173453	0.3169511324	0.0417315223
0	0.1431892544	0.8557476533	0.0010630923
0	0.0000000097	0.3848568758	0.6151431145
1	0.2649665587	0.6588479574	0.0761854839
0	0.0000111356	0.1269129046	0.8730759599
0	0.2921018774	0.6773297623	0.0305683603
0	0.6017911184	0.0104525776	0.3877563040
0	0.0305851395	0.9689727882	0.0004420723
0	0.0376575908	0.6566929461	0.3056494631
0	0.0062569450	0.4852978596	0.5084451953
0	0.1465593314	0.4917319594	0.3617087091
0	0.0285147562	0.9642803430	0.0072049008
0	0.1022815232	0.3805861545	0.5171323223
0	0.1140600430	0.1005484540	0.7853915030
0	0.4926501316	0.0394436674	0.4679062010
0	0.0299656184	0.0820343456	0.8880000359
0	0.0218582178	0.9746016984	0.0035400838
0	0.4909992158	0.4139444970	0.0950562872
0	0.7195443916	0.2724066263	0.0080489820
0	0.2397316594	0.0000000000	0.7602683406
0	0.0000000285	0.0008649010	0.9991350705
0	0.0141895792	0.0177609139	0.9680495069
0	0.2441516291	0.7542444333	0.0016039376
0	0.1072822912	0.6265451112	0.2661725976
0	0.0509391964	0.0269146317	0.9221461718
0	0.8509169323	0.0152618608	0.1338212069
0	0.9992234017	0.0006326929	0.0001439054
0	0.8063255417	0.0000926931	0.1935817652
0	0.5599872994	0.4341210975	0.0058916031
0	0.8514691788	0.0000660601	0.1484647611
0	0.0000520924	0.0354889128	0.9644589949
0	0.5056633213	0.0526762655	0.4416604132
0	0.0173240961	0.4591511482	0.5235247557
