0	0.0320775463	0.9617775609	0.0061448928
0	0.1045431073	0.8495436131	0.0459132796
0	0.0351519494	0.0363501577	0.9284978929
0	0.0085440466	0.0342366327	0.9572193206
0	0.0000741819	0.4420134928	0.5579123253
0	0.2030351403	0.1442443066	0.6527205531
0	0.0016272782	0.9956581156	0.0027146062
0	0.6612027792	0.0459234174	0.2928738034
0	0.2049908037	0.7604516308	0.0345575655
0	0.0028975342	0.9970908892	0.0000115766
0	0.1944255700	0.4025605694	0.4030138606
0	0.1039275143	0.8373062152	0.0587662705
0	0.6404957994	0.0202901206	0.3392140800
0	0.3389760672	0.5593341062	0.1016898266
0	0.4593736350	0.0000000101	0.5406263549
0	0.9611453243	0.0062027591	0.0326519166
0	0.2939211527	0.6901522254	0.0159266219
1	0.1596119048	0.0808409030	0.7595471922
0	0.1259512743	0.0855398674	0.7885088584
0	0.1876588647	0.7318984834	0.0804426518
0	0.0000000336	0.9999927158	0.0000072506
0	0.3590035878	0.2662555218	0.3747408905
0	0.0005009807	0.1234732618	0.8760257575
0	0.0025298115	0.1459598288	0.8515103597
0	0.7645073542	0.0116388853	0.2238537605
0	0.5004342322	0.0029007574	0.4966650104
0	0.8523997896	0.0000002082	0.1476000022
0	0.0715269551	0.0003704841	0.9281025608
0	0.2166214625	0.0176422442	0.7657362933
0	0.0669820703	0.0202692707	0.9127486590
0	0.3833355351	0.0286683751	0.5879960898
0	0.4962573668	0.3325200103	0.1712226228
0	0.4468929946	0.4957262299	0.0573807755
0	0.2569913367	0.1216929088	0.6213157545
1	0.2740041172	0.7209520736	0.0050438092
0	0.0000001253	0.9993458924	0.0006539823
0	0.0003850948	0.0173713730	0.9822435322
0	0.8597822505	0.0166937738	0.1235239757
0	0.0229237879	0.0233271225	0.9537490896
0	0.0000000000	0.0076357558	0.9923642442
0	0.6380602548	0.1016503185	0.2602894267
0	0.6246411774	0.0901097627	0.2852490599
0	0.5950830274	0.0638796121	0.3410373605
0	0.9886010262	0.0110363231	0.0003626507
0	0.0462277918	0.7685955969	0.1851766113
0	0.0089248799	0.5538047533	0.4372703668
0	0.0107061706	0.0101501853	0.9791436441
0	0.9189098699	0.0809670288	0.0001231014
0	0.3068816699	0.4066662642	0.2864520659
0	0.9999692779	0.0000000000	0.0000307221
0	0.0000000008	0.0316412837	0.9683587155
0	0.1403037669	0.6324060589	0.2272901743
0	0.8303792069	0.0000532755	0.1695675175
0	0.2013025658	0.7950464505	0.0036509836
0	0.2478218148	0.1302393683	0.6219388169
0	0.0210902562	0.9773457651	0.0015639788
0	0.0000000018	0.4002866308	0.5997133674
0	0.7394795502	0.0386147266	0.2219057233
0	0.0043061455	0.6726763550	0.3230174995
0	0.8513277746	0.1033059590	0.0453662663
0	0.2396368462	0.0001743261	0.7601888277
0	0.0197600452	0.1790789024	0.8011610524
0	0.1654419572	0.6393385579	0.1952194850
1	0.0564486254	0.6957089003	0.2478424743
0	0.0059682309	0.4970914601	0.4969403090
0	0.0266708307	0.0391241069	0.9342050624
0	0.0180623351	0.9819376649	0.0000000000
0	0.0388265541	0.0005575580	0.9606158878
0	0.5607484953	0.3998647678	0.0393867369
0	0.6081556682	0.3308362391	0.0610080927
0	0.0020423479	0.8851387399	0.1128189122
0	0.4412894691	0.5514501582	0.0072603727
0	0.6914358236	0.3085281918	0.0000359846
0	0.0161683038	0.9837654861	0.0000662101
0	0.9143981013	0.0000641363	0.0855377624
0	0.5405010523	0.0719949955	0.3875039522
0	0.9633622253	0.0000002918	0.0366374829
0	0.6121127083	0.3650955494	0.0227917423
0	0.7626235879	0.2342755444	0.0031008677
0	0.1606996678	0.7652148082	0.0740855240
1	0.3696518418	0.2429215467	0.3874266115
0	0.3697889225	0.3458974457	0.2843136317
0	0.8095706814	0.1530802970	0.0373490216
0	0.4451457292	0.0636581202	0.4911961506
0	0.4846399276	0.4631905283	0.0521695442
0	0.0632212791	0.6440574936	0.2927212273
0	0.0009810016	0.9990189984	0.0000000000
0	0.3205980280	0.1674390929	0.5119628791
0	0.0693645761	0.3414062350	0.5892291889
0	0.1146344037	0.0016025286	0.8837630677
0	0.0000270056	0.3549606462	0.6450123482
0	0.0000000000	0.0000062424	0.9999937576
0	0.0000000000	0.0000000011	0.9999999989
1	0.3905582119	0.4938490659	0.1155927222
0	0.0135819324	0.5307748304	0.4556432372
0	0.9589462796	0.0138302422	0.0272234782
0	0.8570280402	0.0373003494	0.1056716104
2	0.1550290534	0.0460424146	0.7989285320
1	0.1177362521	0.0978364191	0.7844273289
0	0.1309830626	0.4449767973	0.4240401401
