0	0.1404377209	0.0000000754	0.8595622038
0	0.7062465835	0.1984275753	0.0953258412
0	0.7634912026	0.0710126865	0.1654961109
0	0.6441160999	0.2232011729	0.1326827272
0	0.6742899913	0.1081570379	0.2175529708
0	0.8022478506	0.1971857006	0.0005664489
0	0.0534239004	0.9432181286	0.0033579710
0	0.5594930080	0.3765498861	0.0639571058
0	0.2951891940	0.3276186412	0.3771921648
0	0.0241420766	0.4585232704	0.5173346530
1	0.0163889554	0.9491516467	0.0344593979
0	0.3812454115	0.1180175386	0.5007370499
1	0.2595846554	0.0102992459	0.7301160986
0	0.2082440766	0.0004139347	0.7913419887
1	0.0089648918	0.7460789319	0.2449561763
1	0.2247492814	0.0200051868	0.7552455318
0	0.8451107794	0.0000000000	0.1548892206
0	0.6882999931	0.2908658369	0.0208341701
0	0.0078587201	0.9407818821	0.0513593978
0	0.9082271502	0.0829113745	0.0088614753
0	0.7278713762	0.2402396174	0.0318890064
2	0.2618499875	0.2056139110	0.5325361015
1	0.0978158143	0.1727578023	0.7294263833
1	0.7823812025	0.1903778217	0.0272409758
0	0.0665745458	0.7914486049	0.1419768493
0	0.0000000009	0.5990894449	0.4009105542
1	0.0030976234	0.8699997987	0.1269025779
0	0.9997631522	0.0002368478	0.0000000000
0	0.2043580466	0.6640320315	0.1316099219
1	0.0026623603	0.7833434452	0.2139941945
0	0.7273033404	0.2726966596	0.0000000000
0	0.3425160379	0.0031324912	0.6543514709
0	0.0012624740	0.1109520707	0.8877854554
0	0.0000000323	0.9336292918	0.0663706759
0	0.0196337047	0.0001971645	0.9801691308
0	0.0005385398	0.2190802446	0.7803812156
0	0.9998450325	0.0000229239	0.0001320436
0	0.9919685511	0.0075382710	0.0004931780
0	0.0408850162	0.1511345842	0.8079803996
0	0.0408346568	0.0001172945	0.9590480487
0	0.0020547522	0.0001019358	0.9978433120
0	0.0014174684	0.9975994455	0.0009830860
0	0.6408051729	0.0803016356	0.2788931915
0	0.0559384585	0.7203295959	0.2237319456
0	0.6430985685	0.3568050301	0.0000964014
0	0.0620120319	0.3503340330	0.5876539351
0	0.5011494650	0.0586375575	0.4402129775
0	0.3134035431	0.0558424345	0.6307540223
0	0.7832133663	0.2167709941	0.0000156396
0	0.9680219950	0.0316509564	0.0003270486
0	0.1366509981	0.1664800515	0.6968689504
0	0.8773918481	0.1222470271	0.0003611248
0	0.4444129951	0.0046328394	0.5509541654
0	0.0380907419	0.0266038992	0.9353053589
1	0.0669259935	0.0320938800	0.9009801265
0	0.0006935295	0.1188663857	0.8804400848
0	0.0132136587	0.9859020481	0.0008842932
0	0.5135705936	0.4860724707	0.0003569356
0	0.9498958755	0.0366942432	0.0134098813
0	0.0084141151	0.9888713136	0.0027145713
0	0.2419718472	0.5273181832	0.2307099696
0	0.0000000000	0.2849878491	0.7150121509
0	0.5817393810	0.2213125974	0.1969480216
0	0.1388013299	0.0000000000	0.8611986701
1	0.1317479709	0.0027516160	0.8655004131
0	0.2531948688	0.5978567007	0.1489484305
0	0.0000000692	0.0243379520	0.9756619788
0	0.3647992216	0.0024353751	0.6327654033
0	0.1104554727	0.3460066674	0.5435378600
0	0.7570794245	0.0401326352	0.2027879403
1	0.0086465144	0.0000000000	0.9913534856
1	0.2128918519	0.7306576445	0.0564505036
0	0.0391993474	0.0683468409	0.8924538117
0	0.9744268453	0.0255595629	0.0000135918
1	0.0575356785	0.0115100339	0.9309542876
0	0.0743093180	0.0828693326	0.8428213494
0	0.9062670776	0.0000178462	0.0937150762
0	0.4218541576	0.0003358315	0.5778100109
1	0.0536993717	0.7042028183	0.2420978100
0	0.0032536776	0.0038732926	0.9928730298
1	0.2439800949	0.0145214700	0.7414984351
0	0.3788845656	0.4664000238	0.1547154106
0	0.7806724491	0.2090338099	0.0102937410
0	0.0289786023	0.9351657717	0.0358556260
0	0.8313134459	0.0000000000	0.1686865541
0	0.0000000043	0.9926595105	0.0073404852
0	0.4277327025	0.5454643257	0.0268029718
0	0.0000278723	0.9264741270	0.0734980008
0	0.3273817137	0.1732222444	0.4993960419
0	0.2376399508	0.0211017265	0.7412583227
0	0.9978679408	0.0000000030	0.0021320562
0	0.0000000000	0.7653533682	0.2346466317
0	0.9981159300	0.0017830279	0.0001010420
0	0.4639446564	0.4320868895	0.1039684541
0	0.0073356763	0.5841857072	0.4084786164
0	0.1529414424	0.2118708558	0.6351877018
0	0.0012088628	0.9950299394	0.0037611978
0	0.1525399283	0.2243329196	0.6231271521
0	0.5972153297	0.0000000127	0.4027846576
0	0.2193895526	0.7763901492	0.0042202983
