0	0.3725712690	0.5903610711	0.0370676598
0	0.4674931244	0.3052859433	0.2272209323
0	0.4823266014	0.4126765290	0.1049968696
0	0.5533295054	0.0252281382	0.4214423564
0	0.8526324484	0.0000000117	0.1473675399
0	0.4469701240	0.0139745233	0.5390553527
0	0.8145701472	0.0543065477	0.1311233051
0	0.0270365967	0.6247900309	0.3481733725
0	0.0000002630	0.3407567090	0.6592430280
0	0.4717836180	0.2036839342	0.3245324478
0	0.0169695260	0.0587241677	0.9243063062
0	0.0872125948	0.2758013830	0.6369860222
0	0.1117319706	0.6504547877	0.2378132417
0	0.0000000005	0.1109965777	0.8890034218
0	0.4791967641	0.2133760186	0.3074272174
0	0.4546056956	0.3811530456	0.1642412588
1	0.8209492882	0.1661661218	0.0128845900
0	0.3922670836	0.6077329164	0.0000000000
0	0.9244059324	0.0755937823	0.0000002853
0	0.0145808413	0.9383389577	0.0470802010
0	0.0323901035	0.0000029439	0.9676069525
0	0.0012318495	0.3425319690	0.6562361816
1	0.7275268845	0.2187831965	0.0536899190
0	0.4960465881	0.1717951804	0.3321582316
0	0.2719651381	0.0029611001	0.7250737618
0	0.0249345840	0.3110871246	0.6639782914
0	0.3468684852	0.0042830659	0.6488484489
0	0.0655614244	0.8572995479	0.0771390277
0	0.1775293712	0.0405085277	0.7819621011
0	0.6733768745	0.0702260673	0.2563970582
0	0.0035183348	0.9778272187	0.0186544466
0	0.0886901333	0.7257203450	0.1855895217
0	0.9823823006	0.0171056697	0.0005120296
0	0.0211457434	0.9114281977	0.0674260589
0	0.3605889680	0.6392424232	0.0001686088
1	0.0867749842	0.5381098922	0.3751151236
0	0.3496229383	0.0677478129	0.5826292488
0	0.4354197939	0.3356977094	0.2288824968
0	0.0030158039	0.8978913295	0.0990928665
0	0.2624826334	0.7375173666	0.0000000000
0	0.0007265966	0.7541107761	0.2451626273
0	0.0334529631	0.8367660560	0.1297809809
0	0.0536994154	0.0211527304	0.9251478542
1	0.8304940355	0.0348269618	0.1346790026
0	0.0108398902	0.8248677331	0.1642923767
0	0.3961473321	0.4112359493	0.1926167186
0	0.1206476418	0.1153983986	0.7639539596
0	0.0364227918	0.0004548019	0.9631224063
0	0.1657062440	0.7182186238	0.1160751322
0	0.1592211452	0.6360060690	0.2047727858
0	0.0326394303	0.9644325855	0.0029279842
0	0.5737534063	0.2710754517	0.1551711421
0	0.9665330423	0.0024458083	0.0310211494
0	0.3548616566	0.3497251338	0.2954132096
1	0.7149216856	0.0251191953	0.2599591191
1	0.0250963820	0.1870981417	0.7878054763
0	0.0000000102	0.0323647765	0.9676352134
0	0.0006318762	0.0257809705	0.9735871533
0	0.0010287185	0.2227504042	0.7762208772
1	0.0003339583	0.0010240986	0.9986419430
0	0.2466171208	0.4809816399	0.2724012394
0	0.5321038627	0.4678945835	0.0000015538
0	0.0061225145	0.8944784091	0.0993990763
0	0.7914442300	0.2085557700	0.0000000000
1	0.1568042795	0.1444521511	0.6987435694
0	0.1528985372	0.0398937603	0.8072077025
0	0.0000001618	0.9994778029	0.0005220353
0	0.0008393555	0.4727961826	0.5263644619
0	0.9535720982	0.0039056108	0.0425222910
0	0.5169895340	0.0994200906	0.3835903754
0	0.4333955277	0.1524624630	0.4141420093
0	0.5603281141	0.0718747211	0.3677971648
0	0.0330295118	0.6350562836	0.3319142046
0	0.0000000001	0.1050603347	0.8949396652
0	0.4881404989	0.1757034765	0.3361560246
0	0.4835246244	0.0117614811	0.5047138945
0	0.0711881379	0.8345218631	0.0942899990
0	0.1169607558	0.0338840235	0.8491552206
0	0.0020312517	0.9327308230	0.0652379254
0	0.0031790689	0.6717165722	0.3251043589
0	0.6668711380	0.3331190040	0.0000098581
0	0.3142792913	0.0488295054	0.6368912034
0	0.0329212386	0.6747750307	0.2923037307
0	0.8231301558	0.1088207437	0.0680491005
0	0.4670167288	0.0000093108	0.5329739604
0	0.8602156801	0.0632598102	0.0765245097
0	0.0000000058	0.0012540066	0.9987459876
1	0.0442068561	0.8254556122	0.1303375317
0	0.0000068158	0.9999931842	0.0000000000
0	0.0074926963	0.8283080478	0.1641992559
0	0.0257585884	0.0554326151	0.9188087965
0	0.6206120300	0.3667890536	0.0125989165
1	0.1206418543	0.4566859215	0.4226722242
1	0.0247695095	0.0141479836	0.9610825069
0	0.9501293893	0.0498664311	0.0000041796
2	0.0622998269	0.7207741505	0.2169260226
1	0.0757253748	0.8115136515	0.1127609737
0	0.5650354310	0.0435927846	0.3913717844
0	0.0173834053	0.4805996941	0.5020169006
0	0.0938216318	0.0004322189	0.9057461492
