0	0.8264214890	0.1735785110	0.0000000000
0	0.9981608839	0.0000001361	0.0018389799
0	0.0056930810	0.0000000000	0.9943069190
0	0.0304897319	0.6982229371	0.2712873310
0	0.1101467366	0.6712428023	0.2186104611
0	0.0106660307	0.0031757117	0.9861582576
0	0.0451465107	0.5611642349	0.3936892543
0	0.9070593292	0.0920401129	0.0009005579
0	0.0276928212	0.5459210582	0.4263861206
0	0.4457468557	0.1549794645	0.3992736798
0	0.8334962898	0.0512578738	0.1152458364
0	0.2295533186	0.0037626560	0.7666840254
0	0.0000304468	0.0387008245	0.9612687287
0	0.9930708727	0.0069291273	0.0000000000
0	0.9506631867	0.0082282881	0.0411085252
0	0.2025218247	0.0046686267	0.7928095486
0	0.0000391907	0.0020694919	0.9978913174
0	0.0000000341	0.3090286369	0.6909713290
0	0.7320497482	0.0194511075	0.2484991443
0	0.0218168112	0.0971901150	0.8809930738
0	0.1134295619	0.2996636707	0.5869067674
0	0.0028260342	0.0000913966	0.9970825692
0	0.3152165335	0.0000009490	0.6847825175
0	0.1999030784	0.8000969216	0.0000000000
0	0.2352366863	0.7647633137	0.0000000000
0	0.9926712629	0.0073287371	0.0000000000
0	0.0181942525	0.9643579614	0.0174477860
0	0.0554897660	0.3162822373	0.6282279967
0	0.7054921497	0.2432740642	0.0512337860
0	0.2860843345	0.2214771190	0.4924385466
0	0.0000061867	0.9871621554	0.0128316579
0	0.1256238973	0.3968962908	0.4774798119
0	0.1876938954	0.1483987085	0.6639073961
0	0.2975745344	0.0098728455	0.6925526200
0	0.0017307763	0.9627269221	0.0355423017
0	0.5335822481	0.2616969116	0.2047208403
0	0.0293624957	0.1595220446	0.8111154597
0	0.6182654063	0.1328765127	0.2488580810
0	0.4709487087	0.5231046288	0.0059466625
0	0.0000000000	0.0007125720	0.9992874280
1	0.0343568405	0.0154063499	0.9502368097
0	0.8179606454	0.1820393438	0.0000000108
0	0.0985498294	0.5581041432	0.3433460274
0	0.0235900443	0.1012698551	0.8751401006
0	0.0689576800	0.0008788880	0.9301634320
0	0.0211840024	0.5211865769	0.4576294208
0	0.0855016246	0.0010343134	0.9134640621
0	0.2760767859	0.1701044573	0.5538187569
0	0.6738658831	0.0006666501	0.3254674668
1	0.0821082013	0.8249871725	0.0929046262
0	0.0055543730	0.9935380452	0.0009075818
0	0.0000000142	0.1616773573	0.8383226285
0	0.0078604496	0.9919789743	0.0001605761
0	0.0078401097	0.8788175473	0.1133423430
0	0.6720271939	0.3279728051	0.0000000010
0	0.6137511954	0.0000498031	0.3861990015
1	0.0498037929	0.2149394720	0.7352567352
0	0.3605947437	0.6394043797	0.0000008766
0	0.5990177300	0.0575513306	0.3434309393
0	0.7032658952	0.1971753222	0.0995587826
0	0.6969058948	0.1201287185	0.1829653867
0	0.0723125752	0.1469453826	0.7807420422
0	0.1210299963	0.8322847154	0.0466852883
0	0.0278279495	0.0608209641	0.9113510864
0	0.0059544255	0.2532541907	0.7407913839
0	0.6116794835	0.1125906564	0.2757298601
1	0.0743686629	0.1337526728	0.7918786643
2	0.7143139073	0.2629909858	0.0226951069
0	0.9422992099	0.0324740561	0.0252267340
0	0.7834731428	0.0000000000	0.2165268572
0	0.7237743030	0.2708170160	0.0054086810
0	0.9012430558	0.0374986549	0.0612582893
0	0.4968229296	0.0391328968	0.4640441736
0	0.3411561971	0.0937605587	0.5650832442
1	0.0010954720	0.9989023411	0.0000021868
0	0.0337893573	0.6873935115	0.2788171311
0	0.9715990636	0.0282612845	0.0001396519
0	0.0310666700	0.8142850558	0.1546482742
1	0.6240016649	0.3414748464	0.0345234887
0	0.2289375744	0.0200244212	0.7510380044
0	0.0000000001	0.9846432560	0.0153567438
0	0.1415185962	0.0001074837	0.8583739201
0	0.1381075571	0.8213099364	0.0405825065
0	0.7235184410	0.2764815583	0.0000000007
0	0.4998806433	0.3044907529	0.1956286038
1	0.0574982555	0.1140596464	0.8284420981
0	0.0000000000	0.8364232117	0.1635767883
0	0.4834560167	0.0000000000	0.5165439833
0	0.1322840277	0.8665174316	0.0011985406
0	0.0943033590	0.0144181547	0.8912784862
0	0.0000117154	0.9513934645	0.0485948201
0	0.1664343386	0.1263958579	0.7071698035
0	0.9557875036	0.0432164927	0.0009960037
0	0.3587899206	0.0458519445	0.5953581349
0	0.0961293399	0.1826043483	0.7212663118
0	0.7025549912	0.2973549728	0.0000900360
0	0.6572594214	0.0099632107	0.3327773679
0	0.0311914918	0.9672294619	0.0015790463
0	0.7372197122	0.2444993006	0.0182809872
0	0.3742146593	0.2950569303	0.3307284105
