0	0.1817554205	0.7463742405	0.0718703390
0	0.0040413854	0.5524102334	0.4435483812
0	0.0267887995	0.1997474924	0.7734637081
0	0.2480302140	0.7519697860	0.0000000000
0	0.8443159750	0.0007147662	0.1549692588
0	0.0003605240	0.0381707224	0.9614687536
0	0.0886556960	0.9055393851	0.0058049190
0	0.0007490386	0.0685453823	0.9307055790
0	0.0513505639	0.7695839497	0.1790654864
0	0.0056983159	0.6826244273	0.3116772568
0	0.3478277820	0.2007941325	0.4513780855
0	0.4168541349	0.0003986606	0.5827472046
0	0.9474405719	0.0000133870	0.0525460410
0	0.0509782936	0.0195422508	0.9294794556
0	0.2121255916	0.3260825541	0.4617918543
0	0.0106639755	0.1397517551	0.8495842694
0	0.4742113623	0.2756789649	0.2501096728
0	0.0608624543	0.0027801899	0.9363573557
1	0.2822207717	0.7173382579	0.0004409704
0	0.6166439945	0.1830721189	0.2002838866
0	0.2509181248	0.1913317472	0.5577501280
0	0.4339894392	0.0000000956	0.5660104653
0	0.0326201467	0.5901225189	0.3772573344
0	0.5739250814	0.3512097963	0.0748651223
0	0.1295227347	0.8462958587	0.0241814066
0	0.2234429342	0.3425680834	0.4339889825
0	0.0032777404	0.7193438910	0.2773783686
0	0.5075023775	0.0001764637	0.4923211588
0	0.7094245141	0.2461234882	0.0444519976
0	0.2416655573	0.4977675989	0.2605668437
0	0.4818427831	0.0174600537	0.5006971632
0	0.7016479483	0.1844690522	0.1138829995
0	0.1504078381	0.7851856890	0.0644064730
2	0.1778754327	0.8139434229	0.0081811444
0	0.9031057671	0.0493285169	0.0475657160
0	0.1701948654	0.8298051346	0.0000000000
0	0.4349650914	0.0288863368	0.5361485718
0	0.0000000120	0.5772584762	0.4227415119
1	0.2400380899	0.1425697587	0.6173921515
0	0.7943355326	0.0423669203	0.1632975471
0	0.0000009977	0.3415499256	0.6584490767
0	0.0007724374	0.0153598766	0.9838676860
0	0.6388200089	0.3520707261	0.0091092650
0	0.0390761486	0.0668666933	0.8940571581
0	0.0525969089	0.0277987314	0.9196043596
0	0.8198709809	0.0137518143	0.1663772047
0	0.3090169228	0.0220266847	0.6689563925
0	0.2047868253	0.7886850958	0.0065280789
1	0.0878038700	0.0502157440	0.8619803860
1	0.0492749025	0.8831163967	0.0676087008
0	0.3677427263	0.0003463717	0.6319109019
0	0.7108668480	0.2891331098	0.0000000422
0	0.3009172362	0.3423422738	0.3567404900
0	0.0767400438	0.0220465624	0.9012133938
0	0.2457444039	0.4152808647	0.3389747314
0	0.0000322749	0.9864278771	0.0135398480
1	0.0063123935	0.0016467627	0.9920408438
0	0.2756623022	0.3148947228	0.4094429749
0	0.0000000000	0.0002391785	0.9997608215
0	0.9695296615	0.0304455463	0.0000247922
0	0.0005424771	0.4164906007	0.5829669223
0	0.3330226844	0.0024593921	0.6645179235
0	0.5520292625	0.4119981266	0.0359726110
0	0.0000000000	0.0102551638	0.9897448362
0	0.4305640144	0.2789390815	0.2904969041
0	0.9649591205	0.0256317714	0.0094091082
0	0.4109250014	0.1749634390	0.4141115596
0	0.6499378737	0.0081259519	0.3419361744
0	0.0030286003	0.0557154981	0.9412559017
0	0.0735417499	0.9264582501	0.0000000000
0	0.1013875792	0.8199152361	0.0786971846
0	0.0894127810	0.6624422861	0.2481449329
0	0.9442582918	0.0549985269	0.0007431812
0	0.0428562699	0.0406712340	0.9164724961
0	0.0000000002	0.0000000008	0.9999999990
0	0.7957400249	0.2034603035	0.0007996716
0	0.4508853609	0.5490723449	0.0000422942
0	0.9043192577	0.0922086703	0.0034720720
0	0.8324707279	0.1675284505	0.0000008216
0	0.0084553604	0.0001318914	0.9914127482
0	0.0000605021	0.0967609540	0.9031785439
0	0.0000000000	0.7982109345	0.2017890655
0	0.2635586249	0.1210817148	0.6153596603
0	0.9876633562	0.0000000494	0.0123365944
0	0.3165871189	0.6161410356	0.0672718455
0	0.2312055005	0.7654859363	0.0033085632
0	0.1462250987	0.1749499268	0.6788249745
0	0.0686880203	0.8831225194	0.0481894603
0	0.1633254085	0.7557326214	0.0809419701
0	0.0000000000	0.6115847046	0.3884152954
0	0.3000067287	0.0008448750	0.6991483962
0	0.6075394667	0.1650485447	0.2274119886
0	0.4111150656	0.1141668651	0.4747180693
1	0.6368439089	0.3563757927	0.0067802984
0	0.2910106828	0.6877716510	0.0212176662
0	0.0455449052	0.9529709889	0.0014841059
0	0.3216987459	0.4132376538	0.2650636003
0	0.9983226759	0.0016773241	0.0000000000
0	0.0100888514	0.3583069520	0.6316041966
0	0.1225243737	0.5683524222	0.3091232041
