0	0.0000000403	0.9041102659	0.0958896937
0	0.0000000004	0.6409536082	0.3590463914
0	0.7770029609	0.0930415473	0.1299554918
0	0.1206216746	0.8792498697	0.0001284558
0	0.6589914028	0.0065899171	0.3344186801
0	0.3259042048	0.6740948361	0.0000009591
0	0.3297643477	0.0000152043	0.6702204480
0	0.9978495477	0.0000000000	0.0021504523
0	0.9041078880	0.0931718847	0.0027202273
0	0.1847509022	0.7588626948	0.0563864030
1	0.4240533825	0.2553104564	0.3206361611
0	0.2599360829	0.4694808857	0.2705830314
0	0.0000338799	0.3196739232	0.6802921968
2	0.6021441851	0.0925582026	0.3052976123
0	0.0164762127	0.6698991309	0.3136246564
0	0.0004334087	0.0073382169	0.9922283744
1	0.0004715946	0.0866434847	0.9128849207
0	0.0669990245	0.8020230342	0.1309779413
0	0.0647066507	0.0000000101	0.9352933392
0	0.1427422781	0.7130478445	0.1442098774
0	0.0001024220	0.1283374401	0.8715601379
0	0.0277331922	0.0287236103	0.9435431974
0	0.3700923089	0.4347882548	0.1951194363
0	0.9681078026	0.0318921974	0.0000000000
0	0.6817410197	0.2124487084	0.1058102719
1	0.5851180550	0.3985888790	0.0162930660
0	0.0961333496	0.0439226499	0.8599440004
0	0.1009605088	0.0483332525	0.8507062387
0	0.8366364028	0.1022859414	0.0610776558
0	0.3562621354	0.0548514016	0.5888864631
1	0.0046865963	0.0028249278	0.9924884759
0	0.0444665720	0.1772475274	0.7782859006
0	0.9922598526	0.0004899705	0.0072501769
0	0.2899935053	0.0062166631	0.7037898316
0	0.0000000425	0.5322507643	0.4677491932
0	0.9999806455	0.0000193535	0.0000000010
0	0.3239218900	0.5193595515	0.1567185586
0	0.0613581693	0.0709179029	0.8677239278
0	0.0735654857	0.0000000000	0.9264345143
0	0.2035903308	0.7964096692	0.0000000000
0	0.9990757107	0.0002332808	0.0006910085
0	0.0727920288	0.5798698253	0.3473381459
1	0.4309313406	0.4719635465	0.0971051130
1	0.7684501685	0.0412659129	0.1902839187
0	0.4715705278	0.2176674177	0.3107620545
0	0.0133565753	0.0086337488	0.9780096759
0	0.1004560933	0.4837851959	0.4157587108
0	0.4693922730	0.1123886357	0.4182190913
0	0.9712343491	0.0001936775	0.0285719734
0	0.0126577559	0.9647221695	0.0226200746
0	0.0008576416	0.2571213918	0.7420209666
0	0.1297428872	0.0567043060	0.8135528067
0	0.3658667372	0.0679216172	0.5662116456
0	0.6143616173	0.0845880987	0.3010502840
0	0.0000117409	0.0871440330	0.9128442261
0	0.0000000001	0.1211168757	0.8788831242
0	0.2390464964	0.6689307092	0.0920227944
0	0.0000011711	0.9523583888	0.0476404402
0	0.9600445824	0.0399554176	0.0000000000
0	0.3429831845	0.6476412936	0.0093755219
0	0.0000355202	0.8258624093	0.1741020705
0	0.5655173406	0.4344286226	0.0000540368
0	0.8490912550	0.0044735120	0.1464352330
1	0.0000000000	0.1853244348	0.8146755652
1	0.2696885240	0.4840418144	0.2462696616
0	0.9963059793	0.0036844049	0.0000096158
0	0.8270380656	0.0000040235	0.1729579108
1	0.2835858731	0.5482313062	0.1681828208
0	0.0050024081	0.1477588379	0.8472387540
0	0.0189608401	0.3414908000	0.6395483600
0	0.0000000032	0.9999999915	0.0000000053
0	0.7777136063	0.0554089586	0.1668774352
1	0.0489459621	0.6708549383	0.2801990996
1	0.5748956133	0.1785302765	0.2465741102
0	0.0858078100	0.1723581677	0.7418340222
0	0.9214470827	0.0778494723	0.0007034450
0	0.0375753199	0.4847837256	0.4776409545
0	0.4350310754	0.1587003781	0.4062685465
0	0.0027464531	0.1356184517	0.8616350952
0	0.6259323724	0.3451404414	0.0289271862
0	0.5549281292	0.3890855058	0.0559863650
0	0.2633220864	0.0000000000	0.7366779136
0	0.7995932732	0.0110958126	0.1893109142
1	0.0336123999	0.1457181933	0.8206694068
0	0.6238733879	0.0000055567	0.3761210554
0	0.6477438194	0.0252477921	0.3270083885
0	0.5964081855	0.0110923272	0.3924994873
0	0.7686443604	0.2264424259	0.0049132137
0	0.3849017052	0.5529631641	0.0621351307
0	0.0000000295	0.0000011472	0.9999988234
1	0.0613020801	0.9003223658	0.0383755541
0	0.5923702409	0.0000000000	0.4076297591
0	0.2675621309	0.6745084604	0.0579294087
0	0.0000001805	0.0000324598	0.9999673597
2	0.2107432350	0.3872265717	0.4020301932
0	0.0908542728	0.0962963438	0.8128493833
0	0.0733831178	0.0200282649	0.9065886173
0	0.6704109563	0.3281214268	0.0014676170
0	0.9502631818	0.0497368182	0.0000000000
0	0.3025364299	0.6974512216	0.0000123486
