0	0.1789261519	0.0000000262	0.8210738219
0	0.0007117911	0.7343855102	0.2649026988
0	0.7238013776	0.0775046624	0.1986939601
0	0.2494072740	0.6546521667	0.0959405593
0	0.4279829586	0.1598900455	0.4121269959
0	0.9997783453	0.0000003582	0.0002212965
0	0.0000000000	0.1147335931	0.8852664069
1	0.3783305010	0.0009973810	0.6206721180
0	0.5842585160	0.0000000000	0.4157414840
1	0.0858263128	0.9141314346	0.0000422526
0	0.2984410529	0.5066450351	0.1949139120
0	0.9662837349	0.0337162649	0.0000000001
0	0.0912072370	0.4395514155	0.4692413475
0	0.8994517338	0.1003422927	0.0002059735
0	0.8762928383	0.1237071617	0.0000000000
1	0.2947211387	0.5827049131	0.1225739482
0	0.9998627623	0.0000146981	0.0001225396
0	0.0500057590	0.5310611730	0.4189330680
0	0.0000022456	0.9032210112	0.0967767431
0	0.0238042180	0.6445450572	0.3316507248
0	0.3344319877	0.4541589540	0.2114090583
0	0.0014781865	0.2088987288	0.7896230846
0	0.1895564257	0.7591862971	0.0512572773
1	0.0406563994	0.1624476431	0.7968959575
1	0.8191890722	0.0018401897	0.1789707381
0	0.2274655263	0.2450466812	0.5274877925
0	0.6997799255	0.2887870393	0.0114330352
1	0.0837899044	0.1824931351	0.7337169605
0	0.9993159871	0.0006370331	0.0000469798
2	0.7573853902	0.2238415595	0.0187730503
0	0.8543976180	0.1438015412	0.0018008408
0	0.7642615539	0.2356947286	0.0000437175
0	0.6608621363	0.3344411789	0.0046966849
0	0.0000000379	0.9994409316	0.0005590305
0	0.6988252819	0.3011745971	0.0000001210
0	0.4503093971	0.1069328304	0.4427577725
0	0.0003677486	0.0159539038	0.9836783477
0	0.0004984379	0.1801612709	0.8193402912
0	0.3794546428	0.2479779899	0.3725673673
0	0.0021212463	0.0167678466	0.9811109071
1	0.0039924838	0.8660237671	0.1299837491
0	0.0034482862	0.9697370914	0.0268146224
0	0.1069710718	0.3841711486	0.5088577796
0	0.0091324103	0.9908436452	0.0000239445
0	0.0000007262	0.9236691837	0.0763300901
1	0.0009056497	0.8066223745	0.1924719758
0	0.5338819976	0.0000000000	0.4661180024
1	0.3159377146	0.4091448095	0.2749174759
0	0.2322972591	0.7121736451	0.0555290959
0	0.7927589983	0.2049122367	0.0023287650
1	0.7989700370	0.0000000000	0.2010299630
0	0.0144502356	0.9855493228	0.0000004416
0	0.4073502380	0.5646464202	0.0280033418
0	0.0523857204	0.0045912915	0.9430229882
0	0.0976537568	0.3101769309	0.5921693123
0	0.5914139967	0.3081751278	0.1004108755
0	0.8465488428	0.0002484133	0.1532027439
0	0.0059165904	0.4182894300	0.5757939796
0	0.0077389758	0.1531705014	0.8390905228
0	0.0000000225	0.5090737676	0.4909262099
0	0.1226463849	0.1227818385	0.7545717766
0	0.9008801196	0.0748226418	0.0242972386
1	0.0401953801	0.8193025068	0.1405021131
0	0.0042868791	0.9955894401	0.0001236809
0	0.4489792152	0.4735235240	0.0774972608
0	0.7057777451	0.2630413015	0.0311809534
0	0.0001425002	0.9458016218	0.0540558780
0	0.3203148831	0.6753941165	0.0042910004
0	0.5989723759	0.2809937695	0.1200338546
0	0.0084956373	0.3430990137	0.6484053490
0	0.6606560690	0.0973242955	0.2420196355
0	0.4611943034	0.4839533946	0.0548523020
0	0.2720143473	0.2893739155	0.4386117372
0	0.0412226560	0.9026769275	0.0561004165
0	0.2018150427	0.7940925286	0.0040924287
0	0.6995351094	0.0989590839	0.2015058067
0	0.0000000000	0.9041480111	0.0958519889
0	0.9640301437	0.0359689297	0.0000009266
0	0.1166929771	0.4519390560	0.4313679669
0	0.1893450752	0.8053985558	0.0052563690
0	0.3119136855	0.0000001185	0.6880861960
0	0.0183379113	0.6903393919	0.2913226968
0	0.0000161066	0.9636681692	0.0363157243
0	0.0943871742	0.9036316481	0.0019811777
0	0.0298311031	0.0003877840	0.9697811128
0	0.2142623962	0.0000147945	0.7857228093
0	0.7849105402	0.1555004724	0.0595889874
0	0.0002652786	0.2635772359	0.7361574855
0	0.0231286263	0.9768713737	0.0000000000
0	0.5217273467	0.1579989197	0.3202737336
0	0.5577672030	0.4330810652	0.0091517317
0	0.8187478291	0.1812123578	0.0000398131
0	0.0620446482	0.9116942593	0.0262610925
0	0.0038753795	0.4304688117	0.5656558088
0	0.0056782322	0.1345194767	0.8598022911
0	0.0000047418	0.4317895675	0.5682056907
0	0.4596182514	0.0000049151	0.5403768335
0	0.0045054921	0.9951053489	0.0003891590
0	0.5442761412	0.4121583552	0.0435655036
0	0.0068684830	0.0029680002	0.9901635169
