0	0.0344698089	0.0914191942	0.1905357638	0.0003734542	0.0788478395	0.1990100791	0.0178425361	0.0015204064	0.0353619704	0.3506189474
0	0.6582169042	0.0000235181	0.0910904331	0.1172412077	0.0000000038	0.0000000000	0.0099785814	0.0027000291	0.0515155999	0.0692337226
0	0.1353182067	0.1064451007	0.0310139019	0.0055977689	0.0420176185	0.0189166797	0.0508487623	0.0617176262	0.5337288952	0.0143954399
0	0.2124128351	0.3364326849	0.0082125309	0.0000000000	0.0000000000	0.2119517646	0.1801099724	0.0378334701	0.0081655446	0.0048811974
0	0.1193007901	0.0039663409	0.0062657054	0.0021605827	0.0000011029	0.0000234308	0.0095243969	0.1303237590	0.7198594157	0.0085744755
1	0.0157352355	0.0125035631	0.0141184653	0.0477838154	0.0467698297	0.0356638858	0.0000000000	0.3532539597	0.0052711134	0.4689001321
1	0.0462726756	0.2300530893	0.0745422246	0.0008958246	0.5517528092	0.0033048391	0.0014666911	0.0000000109	0.0388377016	0.0528741339
0	0.4888605598	0.1461779154	0.0345901752	0.1051160829	0.0000564469	0.1420940229	0.0012408293	0.0000000000	0.0818397564	0.0000242112
0	0.0224368862	0.0831396878	0.0000000147	0.0435656208	0.1395976216	0.2780734256	0.0043270487	0.1527759584	0.1912935655	0.0847901706
2	0.0005594265	0.0000000729	0.2012536003	0.0569259410	0.0071610414	0.0920321008	0.0631730320	0.0106423011	0.5668744384	0.0013780454
0	0.0826410041	0.0142850572	0.1014310901	0.0000636549	0.1615120002	0.0399387949	0.0000000093	0.0002740357	0.0273023385	0.5725520151
0	0.3593498200	0.3786050124	0.0062626756	0.0423511892	0.0639588800	0.0056657397	0.0287138353	0.0222362559	0.0637722062	0.0290843857
1	0.6594541244	0.0505151276	0.0696495448	0.0191337486	0.0043019001	0.0054532413	0.0314334753	0.0000000000	0.1273956881	0.0326631497
0	0.0523596892	0.1583393720	0.2243052635	0.1999851647	0.0462220534	0.0140796941	0.0000000076	0.2349545894	0.0680155015	0.0017386647
1	0.0789455418	0.0199084413	0.0562032136	0.0046880900	0.8311302380	0.0027247411	0.0000119032	0.0000433041	0.0062914077	0.0000531192
0	0.0425097805	0.1024681011	0.0194993914	0.0004171111	0.6819634976	0.0015348477	0.0743736715	0.0093574236	0.0420439694	0.0258322063
0	0.1781341650	0.2290863439	0.0088258321	0.0000012480	0.0106570200	0.2369877007	0.0000000000	0.0343414334	0.0702636970	0.2317025599
0	0.0289830841	0.0504361857	0.4401543317	0.0300001573	0.0006215558	0.0000000392	0.0013100458	0.0000021632	0.4056069200	0.0428855172
0	0.0751739405	0.1818367554	0.0106872402	0.0797214928	0.0049780098	0.0179642211	0.1993639151	0.0060645468	0.0511906462	0.3730192321
0	0.3026765199	0.0277565756	0.2806605834	0.0649212296	0.0029533880	0.0704806498	0.0884268552	0.0146533595	0.0393402441	0.1081305948
1	0.0510352520	0.1375859152	0.0277960975	0.2686425631	0.1164126514	0.0184704999	0.0051964174	0.0068062880	0.3045674390	0.0634868763
0	0.0178380515	0.1779994030	0.0627765071	0.0105933390	0.1462822490	0.5832474360	0.0000000000	0.0012613283	0.0000004850	0.0000012011
1	0.1067818946	0.0882707725	0.2829333575	0.0000002371	0.1285615603	0.1893124975	0.0609300949	0.0187834240	0.0003971981	0.1240289635
0	0.0003282002	0.0009979354	0.0081525661	0.0191564287	0.9400071859	0.0269924446	0.0010107616	0.0000000019	0.0027155153	0.0006389603
0	0.1522933682	0.1494233453	0.0353591047	0.0003250177	0.0191492708	0.0002886075	0.0489551026	0.0000000000	0.5909462416	0.0032599416
0	0.1340252637	0.0032506551	0.0333509966	0.0100283308	0.0000000000	0.0000005498	0.4051181404	0.0000131575	0.4051655763	0.0090473298
0	0.0024728535	0.1980398571	0.1017531386	0.0739884123	0.1436097948	0.4486790821	0.0314430216	0.0000012859	0.0000125542	0.0000000000
0	0.0564288666	0.0672826350	0.3051586911	0.0391538346	0.0193228858	0.0035100160	0.3948590536	0.0730586444	0.0337087801	0.0075165926
0	0.1657068338	0.0128984773	0.1792000874	0.2995210556	0.0732642048	0.1067218390	0.0302308531	0.0000000000	0.1225294594	0.0099271897
0	0.0608205448	0.1644007068	0.0775276644	0.1476686397	0.0870789161	0.0118890804	0.1333515704	0.0131680225	0.2889105234	0.0151843314
0	0.0063380740	0.6984544904	0.0396292743	0.0001085152	0.0286900387	0.1331596326	0.0010876686	0.0010333824	0.0709434104	0.0205555135
0	0.3252214643	0.1347458812	0.1843386397	0.0254276151	0.0990179825	0.0000252761	0.0145125102	0.0000000000	0.0257150517	0.1909955791
0	0.0173577732	0.1258710269	0.0000000004	0.0000000081	0.0614877333	0.0333900489	0.0182206684	0.0080066786	0.0422745218	0.6933915404
0	0.0224672880	0.0303266152	0.4364233137	0.0140154570	0.1012868446	0.0212992801	0.0098447318	0.0136199488	0.0476553341	0.3030611866
0	0.0001117254	0.0386553022	0.0052359058	0.0207139584	0.1769266221	0.0616394139	0.0258495124	0.0618126801	0.3550570900	0.2539977897
0	0.0293529273	0.2894708170	0.1223409041	0.1620556125	0.1766359830	0.0379486446	0.0631859420	0.0006311877	0.0709794460	0.0473985358
0	0.0073343667	0.1543065032	0.0798738598	0.1105655248	0.0469154199	0.0000451740	0.0404901546	0.3410979040	0.1117232511	0.1076478420
0	0.0502672522	0.0005747855	0.0658990441	0.0000000177	0.1558998601	0.0002464496	0.0368595271	0.0114394996	0.1268306961	0.5519828681
0	0.0000068751	0.0780288209	0.3367528344	0.0186210890	0.0270211035	0.0937818906	0.0045711029	0.0000011163	0.0375702477	0.4036449196
1	0.1287859278	0.2350200266	0.1626834985	0.0593573380	0.0590477998	0.0012921005	0.0006136269	0.1152925982	0.1446356779	0.0932714059
0	0.2321704114	0.4932544934	0.0001917014	0.1339491281	0.0070436186	0.0401785689	0.0005743118	0.0122923555	0.0674115927	0.0129338182
0	0.0770618654	0.5090616297	0.0319164244	0.0067854876	0.1910460191	0.0008169569	0.0168646586	0.0408402827	0.1244689146	0.0011377609
0	0.0111545969	0.0275038779	0.0001116418	0.0000236847	0.0136019414	0.7611474669	0.0416309021	0.1344710010	0.0064152219	0.0039396655
1	0.0000524326	0.6969269565	0.0000000000	0.0544672496	0.1146432853	0.0049560199	0.0204249734	0.0647690762	0.0344671226	0.0092928839
0	0.0231238890	0.0426628851	0.3052966218	0.0196898597	0.1982967452	0.0602359052	0.3008942063	0.0040351211	0.0457598577	0.0000049088
0	0.0687425513	0.1576539048	0.0095702943	0.0002247375	0.0380941538	0.0487229029	0.1159614664	0.3683883934	0.1926071515	0.0000344441
0	0.2119927328	0.1534415960	0.0483577928	0.0067692745	0.0000000000	0.0000000000	0.0061359840	0.0445787256	0.4556563112	0.0730675831
1	0.0199519465	0.0009787611	0.0009789225	0.0540978054	0.0367637305	0.0000103450	0.0190865540	0.5523304817	0.0132232472	0.3025782061
0	0.0527486723	0.4468617962	0.0000007503	0.0660960963	0.0099234244	0.1571238981	0.0046712615	0.0000000000	0.1785224226	0.0840516782
0	0.1982091866	0.0205574504	0.0786139760	0.0030929744	0.0647644713	0.4034093205	0.0000080757	0.0000763027	0.0845865114	0.1466817310
1	0.4208396795	0.0451872881	0.0013917374	0.2142273226	0.0189625113	0.0343209242	0.0506089428	0.0124048145	0.1659700719	0.0360867076
0	0.0477087967	0.3664943828	0.0932629968	0.0000407260	0.1031709051	0.2136529782	0.0083717220	0.0042233339	0.0763903536	0.0866838050
0	0.0384226640	0.0089379749	0.8904475815	0.0019658371	0.0356479360	0.0008373456	0.0025882403	0.0120311000	0.0091123162	0.0000090045
0	0.0053409490	0.1458172531	0.2434486497	0.1341546299	0.1043819779	0.0000000000	0.0000284345	0.1121300070	0.2546794192	0.0000186796
2	0.1540199961	0.0519404684	0.0559086484	0.1402897863	0.0152279381	0.0595633662	0.1658563319	0.0030082158	0.3249825036	0.0292027451
0	0.0248284737	0.0007926006	0.0140132063	0.0000011923	0.0009258211	0.0000000149	0.0000255406	0.0000004486	0.9567512474	0.0026614544
0	0.1043722612	0.0847040618	0.0044389901	0.2521015829	0.1539371237	0.0960834442	0.0000000437	0.0019456457	0.0393160907	0.2631007561
2	0.0059563763	0.1463943896	0.0792041621	0.3373083125	0.1722259854	0.0107866909	0.0291732583	0.0891139964	0.0359974030	0.0938394254
1	0.2859017798	0.0556382260	0.0154510623	0.0388753227	0.0381219803	0.0005930019	0.0584444486	0.0431084491	0.2298455710	0.2340201583
0	0.0052669910	0.5891135470	0.0052830179	0.3711638586	0.0000000000	0.0000000216	0.0015181008	0.0098634934	0.0166231348	0.0011678349
0	0.0496784742	0.0294811892	0.7003849313	0.1673152499	0.0149984261	0.0000007208	0.0369042639	0.0000062936	0.0012012437	0.0000292073
0	0.6180503309	0.0036046020	0.0030172384	0.0000035844	0.0019719963	0.0623908887	0.0003897012	0.0043740272	0.0571214886	0.2490761423
0	0.2326793197	0.4949613836	0.1276740334	0.0342230794	0.0000000162	0.0257839517	0.0002200421	0.0000000532	0.0403637023	0.0440944184
0	0.2624881378	0.0000000376	0.0463307188	0.0631415040	0.1546043936	0.2365704324	0.0326770605	0.0000000000	0.1877302266	0.0164574886
0	0.0789244869	0.0500807285	0.3806643956	0.0900441709	0.0041126356	0.1807008413	0.0000016505	0.0000000344	0.1979690762	0.0175019799
0	0.0751995988	0.0100888188	0.0013629975	0.0231183507	0.0017271360	0.0876194715	0.0000017493	0.2571086205	0.5422591930	0.0015140639
0	0.1055244180	0.1952516096	0.0897624096	0.0000002713	0.0004557674	0.0615884617	0.0995590393	0.0010192885	0.4428042156	0.0040345190
0	0.4598075991	0.2405323228	0.0239613610	0.0176110890	0.1511825607	0.0003184172	0.0000000000	0.0000000000	0.0939608513	0.0126257989
0	0.0001708696	0.0243004787	0.0033810122	0.0327789228	0.0000004104	0.0009882909	0.3254942544	0.0000000000	0.1435971954	0.4692885656
0	0.3734441177	0.0081749314	0.2143482278	0.0213337729	0.1141322643	0.0125399272	0.0559179108	0.0193387411	0.1689467144	0.0118233925
0	0.0044567162	0.0059654449	0.1057422926	0.0280995496	0.0064157178	0.0520623634	0.0085243334	0.4387974421	0.3404256637	0.0095104764
0	0.0000203782	0.5271323378	0.1191478191	0.0057164063	0.0189690020	0.0054781700	0.0619069852	0.2526181759	0.0022798715	0.0067308541
0	0.0005798638	0.0243921086	0.0629831669	0.1602616518	0.1517536613	0.2309460696	0.1326541348	0.0043126805	0.2320707612	0.0000459014
0	0.2831992241	0.0488733240	0.0015648191	0.2889040651	0.0130497414	0.1493401326	0.0580919716	0.0089254618	0.1480512576	0.0000000026
2	0.0171830391	0.0924821549	0.1687435430	0.0350239397	0.1514299217	0.4140322689	0.0098580905	0.0025094312	0.0632398571	0.0454977539
0	0.0222605579	0.0247101774	0.0392105062	0.0060077157	0.5664554965	0.0003857627	0.2827445219	0.0000753033	0.0556251877	0.0025247708
0	0.4670642562	0.3503617874	0.0000000009	0.0009585753	0.0000000000	0.0000000000	0.1382571086	0.0266131595	0.0115605750	0.0051845372
0	0.0230017622	0.1873215906	0.1685005294	0.0923848392	0.0295196373	0.0000000000	0.0682463453	0.0209553744	0.4100698595	0.0000000621
0	0.0015228575	0.0004092017	0.0299297680	0.0058986197	0.2334243849	0.1948114453	0.4461125164	0.0000000000	0.0828329532	0.0050582533
0	0.0600646365	0.0100188121	0.0611961639	0.0000004889	0.0135976742	0.0245490108	0.0064863568	0.0000036805	0.7772131027	0.0468700736
0	0.0165213503	0.3354786198	0.0863796981	0.1029143817	0.0037754562	0.2326295298	0.0000048928	0.0054096491	0.2146682273	0.0022181949
1	0.1098350648	0.5880614901	0.1167922360	0.0082998663	0.0203452298	0.0102617002	0.0000071851	0.0057857751	0.0950975225	0.0455139300
0	0.0872793725	0.0070253976	0.0231223462	0.0095912967	0.2244494243	0.0058987677	0.0000000000	0.0391894928	0.1368361390	0.4666077632
0	0.0079247709	0.6501449120	0.0000160340	0.1613317979	0.0296289188	0.0000000072	0.0215476216	0.0016774374	0.0365891332	0.0911393671
0	0.0710509229	0.0053729808	0.0060311175	0.0423621840	0.0024799058	0.3269519585	0.2439094059	0.1433230969	0.0655500340	0.0929683938
0	0.0939732566	0.0268756211	0.0011138646	0.1635223313	0.4271533330	0.1674878221	0.0000701513	0.0287026247	0.0911005588	0.0000004365
0	0.0015751489	0.2234430102	0.0020851723	0.0000000986	0.0619203873	0.0000036507	0.1964778960	0.0087056052	0.1464147592	0.3593742716
1	0.0356327199	0.1933747659	0.0001335492	0.3230528866	0.0599796332	0.0003115587	0.0006960653	0.0174739581	0.3693147567	0.0000301063
0	0.1811144809	0.0850199002	0.2056317697	0.0000338966	0.1280712407	0.0256784637	0.0000181520	0.0714687939	0.3015879987	0.0013753035
0	0.4864203626	0.0000000380	0.0045700962	0.0860621863	0.0000075341	0.2505951884	0.0038729381	0.0015982368	0.1623556036	0.0045178158
0	0.0000003519	0.2633620974	0.0423963096	0.0014685805	0.0360474048	0.5570333079	0.0021626263	0.0437980010	0.0537311562	0.0000001643
0	0.1458582344	0.0130777349	0.3813493249	0.0809170178	0.0000369237	0.0186950090	0.2409432060	0.0029962747	0.0134330091	0.1026932656
1	0.4711375262	0.2208579233	0.0013689578	0.1226723403	0.0000015957	0.0247997231	0.0869539361	0.0572202247	0.0149116157	0.0000761571
0	0.0900968807	0.0188776795	0.0059085553	0.0332942382	0.0544591476	0.0006668636	0.2396795209	0.2054350239	0.3503447899	0.0012373003
0	0.0530026598	0.0716000950	0.1105313898	0.0739416023	0.2510344124	0.1071754054	0.0463378334	0.0000000000	0.2805313335	0.0058452682
0	0.0350000539	0.6833743533	0.0002249740	0.0156150435	0.1174161240	0.0012938222	0.1092129086	0.0014521147	0.0360570640	0.0003535418
0	0.0464871813	0.0126097361	0.3182811774	0.0028394316	0.1872572577	0.1532695100	0.0719090541	0.0000000001	0.0064764321	0.2008702196
0	0.6107157816	0.0035511327	0.0069452027	0.0396893182	0.0637339848	0.0144822011	0.0021754527	0.0015724815	0.2491829473	0.0079514975
0	0.1204153115	0.3192271003	0.0027961336	0.0002966019	0.0134259594	0.0006770158	0.0006939087	0.1149571785	0.0005579625	0.4269528277
0	0.0076872955	0.0007301417	0.0858486728	0.0135808569	0.6719419123	0.0236882773	0.0467159121	0.0790248874	0.0707750587	0.0000069854
