0	0.0202422250	0.5874878506	0.1135922391	0.0002100604	0.0979768743	0.0000067803	0.0002400272	0.0810434978	0.0000000000	0.0992004454
0	0.0063521833	0.0063997829	0.2232872185	0.4579255826	0.1964236913	0.0005237644	0.0032192514	0.0530620689	0.0291744972	0.0236319597
1	0.0112577169	0.0789539668	0.0970485803	0.0000004010	0.0000011546	0.0000041406	0.0000000003	0.3303237352	0.0279358424	0.4544744619
0	0.0549059286	0.0000267567	0.0000295154	0.2264232858	0.1151002639	0.0217618247	0.0103324558	0.3906176207	0.0465249441	0.1342774042
0	0.0661418968	0.0271814791	0.1775134766	0.0021246324	0.0000012235	0.0358367570	0.0000102433	0.0000468637	0.1538050423	0.5373383854
0	0.0449369654	0.7650776618	0.0000000000	0.0480958467	0.0857157547	0.0152615643	0.0211798910	0.0001356887	0.0000001032	0.0195965242
0	0.6840198151	0.0396809239	0.0426813336	0.0029229846	0.0117123584	0.0000000000	0.0091204736	0.1863132234	0.0215362350	0.0020126523
0	0.0000000000	0.0010122602	0.0000000002	0.0240944614	0.0087262455	0.0644549648	0.0000004239	0.7891454614	0.1125660883	0.0000000942
0	0.0321227529	0.0046405591	0.0102839394	0.2119822592	0.0000000116	0.0795150796	0.0007866195	0.6534182527	0.0060301534	0.0012203725
0	0.0756279873	0.0438492738	0.0886790413	0.0000000000	0.1730208622	0.0001646512	0.0000038349	0.1492436258	0.4694105421	0.0000001815
1	0.0180056871	0.5439007893	0.0000000036	0.2548427292	0.0376485111	0.0026752203	0.0036640352	0.1392500204	0.0000000000	0.0000130038
0	0.0129191024	0.0147080629	0.0029932441	0.0013167984	0.6604792050	0.0000003731	0.0000000000	0.0000058925	0.3075404412	0.0000368804
0	0.6836985849	0.0000003198	0.0820948955	0.0015734721	0.0019650909	0.0779974705	0.0000058843	0.0196233517	0.1330300669	0.0000108633
0	0.0147541375	0.1444127686	0.0819397403	0.0225968510	0.3077115222	0.0897635893	0.0000081078	0.2348481575	0.0644159195	0.0395492063
0	0.1226214592	0.0606006592	0.0192006424	0.0000335752	0.1181361512	0.1446127435	0.0000891111	0.4842783274	0.0017813701	0.0486459608
0	0.0014956622	0.2354790904	0.0156840078	0.0620923289	0.1082884293	0.2492693501	0.2030195616	0.0703118203	0.0022074042	0.0521523453
0	0.0143581444	0.0000000000	0.0165798336	0.2790496842	0.0296255542	0.0023564641	0.0021991156	0.2077293003	0.0048629376	0.4432389660
0	0.3449752961	0.0068943279	0.1198998215	0.3606558266	0.1229902062	0.0000000009	0.0000090939	0.0107315205	0.0000000010	0.0338439055
1	0.5031844209	0.1723028695	0.0000189035	0.0948595065	0.0000000000	0.0000131499	0.1607982391	0.0415735278	0.0000815367	0.0271678461
0	0.1845749343	0.0017164679	0.0172223135	0.0125429485	0.0123947685	0.0116326209	0.0585560467	0.0946846081	0.0009710718	0.6057042198
1	0.0267664575	0.0215864761	0.1817982782	0.3831772669	0.0513640634	0.0000000000	0.2785523231	0.0562128260	0.0005328237	0.0000094850
0	0.1470609657	0.0158743737	0.0301195834	0.0024073258	0.0028222248	0.0200564162	0.0000000006	0.7360469529	0.0232510202	0.0223611368
0	0.2856094215	0.0304523953	0.0000390527	0.0760193753	0.2201792761	0.3673981935	0.0190470571	0.0004707335	0.0000000000	0.0007844950
0	0.0000000064	0.0615114577	0.0044567153	0.0327610591	0.1448802953	0.0012840306	0.0427506111	0.0785552687	0.6337639651	0.0000365908
0	0.0136444923	0.0110421562	0.0129279018	0.0639380264	0.0008312267	0.0000000001	0.3735671932	0.4647491172	0.0353668882	0.0239329981
0	0.0074891333	0.0613611756	0.2037044147	0.0000077216	0.0034273480	0.1487455075	0.4257801856	0.1488166414	0.0006678681	0.0000000043
0	0.1091560043	0.0000001730	0.0000000000	0.0171248097	0.2836984328	0.0004422496	0.0071140155	0.1920284333	0.0940051179	0.2964307639
0	0.5483800548	0.0000102163	0.0000000002	0.0000075565	0.1131695200	0.0000100846	0.0000000000	0.2761504998	0.0000000005	0.0622720672
1	0.2647390165	0.0840098918	0.0002114689	0.0436796433	0.0337155973	0.0215689508	0.0024064004	0.1275994505	0.4220695803	0.0000000000
0	0.0366705526	0.0047542437	0.0160891695	0.1041531536	0.3412190987	0.0462593136	0.0338357411	0.3650709805	0.0038891588	0.0480585878
0	0.2495368210	0.0686433933	0.0000004173	0.1572265795	0.4875148262	0.0040618171	0.0034783907	0.0041448512	0.0000000000	0.0253929038
0	0.2483843487	0.1684171704	0.0412866912	0.0353423857	0.0033904203	0.0506147761	0.0005816630	0.4367346392	0.0150572808	0.0001906247
0	0.0069161177	0.0269394390	0.2636022559	0.5615642917	0.0000021251	0.0452379768	0.0001464729	0.0447718447	0.0504343358	0.0003851404
0	0.0402457257	0.0003850815	0.3770101097	0.0241047736	0.0034747619	0.0066212166	0.0174917855	0.4893216800	0.0413448655	0.0000000000
0	0.2908424803	0.0000000180	0.0118583156	0.0343500536	0.3603360298	0.2081719305	0.0252979442	0.0404306507	0.0000000000	0.0287125774
0	0.0032454020	0.0257334894	0.1992140873	0.0012963617	0.0000240205	0.0501900536	0.0046717884	0.5835753903	0.0163876262	0.1156617806
0	0.0181306497	0.6074556514	0.0238261464	0.0245041279	0.0000000002	0.0000024930	0.0221579818	0.0223026679	0.0000578674	0.2815624142
0	0.1206189571	0.0934618910	0.0759292786	0.0812047057	0.0336090617	0.0066663695	0.3049218785	0.2756801712	0.0000030390	0.0079046478
0	0.0016304921	0.7432494297	0.0504611479	0.0214124257	0.0142431391	0.0405868905	0.0033066761	0.0213930792	0.0353435345	0.0683731852
0	0.0222395224	0.6973032542	0.0050612281	0.1396740881	0.0000048512	0.0197504750	0.0233130206	0.0311526674	0.0606291770	0.0008717161
0	0.0001803138	0.2271838245	0.0000345737	0.4437907418	0.0521706784	0.0000000000	0.0042956502	0.1907384871	0.0458478145	0.0357579160
0	0.0003666590	0.0216700637	0.0656904450	0.0004773053	0.1941321164	0.0007562446	0.0814571249	0.2079263915	0.0000000054	0.4275236442
0	0.0001230030	0.1009942646	0.0085201804	0.0001108656	0.2442965369	0.0483944635	0.0615465316	0.1236276365	0.2983161476	0.1140703701
0	0.0053573703	0.1212652718	0.0046780275	0.3809012922	0.3559737632	0.1282739388	0.0000114756	0.0009267378	0.0000000000	0.0026121229
1	0.4170037734	0.0390094536	0.0217838911	0.1569133840	0.0978934308	0.0179455030	0.1561034288	0.0172192730	0.0734071271	0.0027207352
0	0.0214036999	0.2533783821	0.0180379575	0.0179311069	0.0294608531	0.6176602935	0.0000006999	0.0000000129	0.0033700983	0.0387568959
0	0.0481049637	0.0156614754	0.0753173373	0.1937270797	0.0001076119	0.0000000000	0.4913082921	0.0646982164	0.0108443461	0.1002306774
2	0.0221110055	0.2502635413	0.0005251337	0.2675804278	0.0407110273	0.0941165156	0.0066604017	0.3176832634	0.0003422557	0.0000064279
0	0.0552984831	0.1211098917	0.0024348449	0.1320699881	0.1919833924	0.0010083572	0.0015214257	0.3941362143	0.0926811255	0.0077562771
0	0.1075088690	0.0413909684	0.0048454434	0.0113263127	0.1208367033	0.0115331313	0.4932638468	0.1495693112	0.0338600214	0.0258653924
0	0.5036477722	0.0000876983	0.0203430255	0.0004317509	0.0002041785	0.4206839024	0.0010442320	0.0413350551	0.0122223850	0.0000000001
0	0.0764795512	0.1700078948	0.2179925905	0.5294843146	0.0010799982	0.0009542440	0.0006771301	0.0000520297	0.0003676989	0.0029045480
0	0.0156394935	0.1795277161	0.0120323656	0.6903463326	0.0173970271	0.0016071091	0.0234798098	0.0432142214	0.0026384804	0.0141174444
0	0.5389989619	0.0319975816	0.0001908887	0.1763500854	0.0442397502	0.0093616233	0.0006001918	0.1587476009	0.0103695126	0.0291438037
0	0.0107797457	0.1538748488	0.6610876241	0.0186827493	0.0789689979	0.0630195432	0.0000000002	0.0106953925	0.0028265814	0.0000645168
0	0.0004368617	0.0052932402	0.0010625133	0.0398187364	0.0164350014	0.0005920179	0.0000002342	0.0000719632	0.0626710947	0.8736183371
0	0.1464808481	0.0100739577	0.0335954151	0.0709620108	0.3824829190	0.1366872810	0.0308618064	0.0251778271	0.1310549502	0.0326229845
0	0.0082714928	0.1622144485	0.0000000000	0.7707691699	0.0350727227	0.0131124218	0.0004651893	0.0078417780	0.0005451236	0.0017076534
1	0.0384460350	0.0000093244	0.0471125205	0.0759950683	0.2871368862	0.0056193089	0.0719637031	0.0024911509	0.3709315784	0.1002944242
0	0.1218923106	0.0000354061	0.0000000001	0.0274663291	0.5418157832	0.0009266435	0.2019419665	0.0000000083	0.0000000000	0.1059215526
0	0.0060653735	0.0567935181	0.6313205868	0.0000085429	0.0413166236	0.1222772753	0.0496779584	0.0102418991	0.0417850057	0.0405132167
0	0.0059016466	0.2094677160	0.0156925573	0.4912392288	0.0000608143	0.0121461985	0.0066738741	0.2588144892	0.0000034751	0.0000000000
0	0.0140580468	0.2277936780	0.0013737038	0.0003084606	0.2499861752	0.0000000000	0.0393128589	0.1891986418	0.0396912536	0.2382771815
0	0.0023607262	0.0081125165	0.0415707055	0.2266763061	0.1794940281	0.0000004109	0.0706809004	0.0001383273	0.0000000000	0.4709660788
0	0.0027365645	0.0000091229	0.1237609021	0.0006262247	0.3250127235	0.0001859570	0.0669757835	0.3859963477	0.0000314596	0.0946649145
0	0.1657519994	0.1509558021	0.0085270869	0.0200287071	0.0778484587	0.0000000000	0.0119056746	0.4136360535	0.0000000006	0.1513462171
0	0.0002255752	0.0368612539	0.0458061701	0.0232522586	0.0906093864	0.4353018600	0.1869972319	0.0170913165	0.1616213067	0.0022336407
0	0.6515014611	0.0055191166	0.0034155620	0.0196844022	0.0364254269	0.0000000066	0.0032694736	0.1934510838	0.0080495627	0.0786839044
1	0.2388462801	0.1732240184	0.1171524491	0.0000874853	0.0906036410	0.0113832374	0.3685590198	0.0001142395	0.0000296295	0.0000000000
0	0.0029187374	0.0578194700	0.2221730287	0.0308396113	0.0563963375	0.0000000000	0.0051549590	0.0337695439	0.0336857454	0.5572425669
1	0.0232502637	0.0003931333	0.0000302330	0.7713867445	0.0735294275	0.0002277903	0.0178949624	0.1132704153	0.0000000000	0.0000170300
0	0.0091377061	0.0000000000	0.0022703260	0.9465653493	0.0074869142	0.0021731424	0.0025431798	0.0264639894	0.0031615886	0.0001978043
0	0.0340176136	0.0004238963	0.3862464809	0.4145001919	0.0012936771	0.0217243456	0.0773411818	0.0525784460	0.0100645830	0.0018095838
0	0.0155008332	0.0008041656	0.0000000849	0.0250273190	0.4457115877	0.1256848721	0.0014000465	0.0025698458	0.1962095594	0.1870916859
0	0.0000000553	0.0007017895	0.6307888979	0.0000318144	0.0545143755	0.1085308979	0.0000000001	0.0686973175	0.1329348501	0.0038000018
0	0.3450264042	0.0202847695	0.0000009112	0.0002547626	0.3317914521	0.0000000003	0.0001088352	0.2872188315	0.0153140327	0.0000000007
0	0.3067546671	0.0095973374	0.1582347425	0.0003923343	0.0271515392	0.0463940411	0.4345440639	0.0075884352	0.0093388269	0.0000040125
0	0.0526357760	0.0002282108	0.0274269503	0.0089228496	0.8832995666	0.0000158326	0.0000000012	0.0000953196	0.0010530637	0.0263224297
0	0.0187061375	0.1597954359	0.3877992015	0.0029383428	0.0924511653	0.0009420611	0.0000000000	0.0725014310	0.2543270511	0.0105391737
0	0.2496381825	0.0165900687	0.0000000002	0.0232385830	0.0770864631	0.1680901976	0.0000001643	0.3900501258	0.0000000132	0.0753062018
0	0.3115099086	0.0016090474	0.0004876997	0.0150897356	0.0603712199	0.0441810319	0.0343806810	0.0061807116	0.4912704021	0.0349195622
0	0.0275601517	0.0016311190	0.5147646838	0.2071221908	0.0022868929	0.0002847364	0.1399170778	0.0909703610	0.0000002921	0.0154624944
0	0.0948237619	0.0031822290	0.0000000002	0.0398451534	0.3179040426	0.0000000184	0.0397270474	0.0038920712	0.0000002575	0.5006254185
0	0.0090564680	0.0907480839	0.2378959009	0.2810226260	0.0530987812	0.0000001786	0.0287121569	0.1600228058	0.0000000000	0.1394429988
0	0.0037089494	0.3596405655	0.0084833842	0.0871600067	0.0931521066	0.0157848257	0.0000003735	0.1500392845	0.0350844294	0.2469460745
0	0.0001977341	0.0009882217	0.7609549042	0.0162544244	0.0072594883	0.1702427962	0.0000699447	0.0093004741	0.0000000113	0.0347320009
1	0.0379900937	0.0170780289	0.0002686143	0.0802936468	0.0111263133	0.0000000000	0.0000000208	0.8519035778	0.0001327028	0.0012070016
0	0.0769722988	0.1148628243	0.2734972982	0.1911707317	0.0312694538	0.0000000858	0.0019770058	0.2368548308	0.0000004515	0.0733950193
0	0.0013797918	0.0018961023	0.3775525097	0.0486866663	0.2012837568	0.2066681286	0.0000000000	0.0153639841	0.1463552029	0.0008138575
0	0.1327561341	0.6247170446	0.0210244981	0.0824068546	0.0080047158	0.0010337095	0.0000001005	0.0893204408	0.0192937167	0.0214427852
0	0.2189657132	0.0800909250	0.0170836343	0.0524385269	0.3873248446	0.0000018342	0.1746603438	0.0643024743	0.0051316524	0.0000000512
1	0.3843229313	0.0178502405	0.0109087112	0.0255188849	0.5122903898	0.0169700959	0.0022882962	0.0276354985	0.0000000000	0.0022149516
0	0.0620702823	0.0000045270	0.0139677060	0.1921632588	0.0218662959	0.0188450764	0.5309209266	0.0290433060	0.0702093828	0.0609092382
1	0.0314842457	0.0000183515	0.1256069758	0.1913619539	0.1298774904	0.0410255043	0.0606528051	0.0246195826	0.0008920213	0.3944610694
0	0.0089628105	0.2830938064	0.0279188954	0.4570142720	0.0257675203	0.1005303196	0.0749867001	0.0000478834	0.0030967120	0.0185810803
1	0.0340802870	0.0002059164	0.0000000009	0.0001229642	0.0000000000	0.0032296889	0.0001057463	0.1900455282	0.0000000000	0.7722098681
0	0.0375129303	0.0056263958	0.1041133900	0.0763452634	0.1778074201	0.0815865448	0.0001331382	0.5167031525	0.0000013407	0.0001704242
0	0.0826957740	0.4337527336	0.0035505527	0.0001216889	0.0254306821	0.0000000914	0.3696039911	0.0007481905	0.0000000000	0.0840962956
0	0.0453348800	0.0012480990	0.0522581421	0.0273644653	0.0002933012	0.0000000074	0.0155426539	0.6591133868	0.0000164017	0.1988286626
1	0.0597495590	0.0001084155	0.0039325042	0.0077606917	0.1600965755	0.0000000679	0.0751799027	0.2718908267	0.3454375780	0.0758438788
