0	0.0067455553	0.1378764462	0.0089079311	0.5348795079	0.1592504907	0.0117356025	0.0041547880	0.0072472931	0.0047154011	0.1244869839
0	0.4515720831	0.0493213484	0.0096815006	0.0024353693	0.0000000000	0.0029164926	0.1933095363	0.0789306944	0.2117973883	0.0000355871
0	0.0638873429	0.0481152171	0.0028593886	0.0373082008	0.0166980347	0.0000183821	0.0092549017	0.0000403899	0.7160224093	0.1057957329
0	0.0000000087	0.2437382670	0.0251482804	0.3388046747	0.0327171382	0.1144871980	0.0467042096	0.0692641564	0.1291360672	0.0000000000
0	0.0076046962	0.1227734545	0.2346397555	0.0511003293	0.1915453052	0.0002076546	0.1132167411	0.0006893500	0.2118582956	0.0663644181
0	0.2860367359	0.0348413124	0.3730658344	0.0002078909	0.0022216021	0.1097563684	0.0001125332	0.0211323866	0.1721438878	0.0004814483
0	0.5703708136	0.0007359654	0.2399114696	0.0372403368	0.1171007751	0.0000019852	0.0074488727	0.0002678291	0.0014224369	0.0254995156
1	0.5927412400	0.2186462816	0.0019049977	0.1168399333	0.0003095374	0.0000000575	0.0016579537	0.0000000002	0.0114426554	0.0564573432
0	0.0032520067	0.0918440450	0.0928182682	0.0294678164	0.1857428110	0.0003876477	0.0435726315	0.1759891666	0.0194828150	0.3574427917
1	0.1813894639	0.0279128306	0.0076685450	0.0034405847	0.0840156716	0.0008133130	0.0041112709	0.0177545946	0.5079806119	0.1649131137
1	0.0015714730	0.0597390067	0.0013523490	0.2881921691	0.1370985083	0.0028498431	0.3568363695	0.0008894007	0.0002571721	0.1512137086
0	0.0791449838	0.0001883017	0.0208157326	0.1771377533	0.2147367201	0.0000000010	0.4086099296	0.0153931158	0.0149468182	0.0690266438
0	0.0001840237	0.0250751549	0.0445674057	0.1537884631	0.0083591175	0.0064721251	0.0282288059	0.0376237634	0.0067554802	0.6889456606
0	0.1076125382	0.2693448885	0.0000000000	0.0000449850	0.0118976465	0.0000000000	0.0005116666	0.1247561321	0.2620193606	0.2238127825
0	0.0053904024	0.0682957788	0.4476432341	0.0009450587	0.0624473336	0.0255982527	0.1387969477	0.0003850681	0.0407730760	0.2097248480
0	0.0000108088	0.0587934336	0.1991523871	0.0028989196	0.1513788542	0.0003597971	0.1576140250	0.0032762342	0.0301133422	0.3964021983
1	0.0083491710	0.0077725794	0.1840151450	0.0169150984	0.1288033195	0.1862595131	0.0000000000	0.1273497213	0.2161511813	0.1243842710
0	0.6567967726	0.0059443828	0.1957667556	0.0000003216	0.0866967924	0.0026604321	0.0312648917	0.0000543560	0.0109628352	0.0098524601
0	0.0304974444	0.4016191951	0.0002635895	0.0018324292	0.0883195542	0.0048640398	0.0534844913	0.0096524042	0.2801747458	0.1292921066
0	0.0001415048	0.5404951223	0.0177948844	0.0024827621	0.0570658139	0.0453679914	0.0514204211	0.0239539234	0.0931290865	0.1681484901
0	0.0089067230	0.0033898463	0.0061386147	0.0016968707	0.7217160248	0.0000332248	0.0319718687	0.0318038884	0.0628311393	0.1315117993
0	0.0046322792	0.2765955922	0.0145447730	0.0294534042	0.2836698576	0.0335652043	0.1076013661	0.0000947567	0.2469513986	0.0028913680
0	0.1104989292	0.0001010032	0.0342985575	0.0000000000	0.0359389507	0.0600994936	0.4670820743	0.0000000001	0.2891060470	0.0028749444
0	0.0000112588	0.8275224572	0.0183756681	0.0005226874	0.0002957679	0.0068885971	0.0622848344	0.0000000000	0.0405633216	0.0435354075
1	0.3021058415	0.2871503086	0.1451012158	0.0364625860	0.1322276898	0.0002537997	0.0448395191	0.0189125099	0.0027947949	0.0301517346
1	0.0000000000	0.3126616943	0.0000023256	0.0102951864	0.5654776052	0.0000000000	0.0510117792	0.0202277296	0.0005185477	0.0398051320
0	0.0025421135	0.1010903958	0.0695639622	0.0000820685	0.0019201026	0.0000012947	0.0972993052	0.0411384147	0.0673407434	0.6190215993
0	0.0001322373	0.3828934551	0.1363215795	0.0076700725	0.2898258425	0.0647159861	0.0492796761	0.0691110843	0.0000498205	0.0000002461
0	0.0353280161	0.0113568430	0.0460851859	0.0128048430	0.0000198248	0.0069085073	0.7672600658	0.1080965855	0.0071844109	0.0049557176
0	0.0041335179	0.0004751290	0.1741040272	0.0097628652	0.0028112987	0.2975832041	0.1288342181	0.0806685864	0.3013850025	0.0002421509
0	0.2884018401	0.3134852773	0.0184844710	0.0000080939	0.0985956811	0.0300206031	0.2207032734	0.0003347250	0.0006849513	0.0292810838
0	0.0946358037	0.0000043188	0.4294065174	0.0107139729	0.0589229493	0.0012893059	0.1703780711	0.0235638500	0.0859421318	0.1251430791
0	0.0078148501	0.0287757028	0.0646965556	0.0000840859	0.5824081886	0.0612055617	0.1532953142	0.0050770152	0.0804559793	0.0161867466
0	0.3768117418	0.0728273348	0.0102179341	0.0002962721	0.0275246674	0.3160409314	0.0036963266	0.0323795979	0.0139303413	0.1462748525
0	0.0000963609	0.1388715978	0.0012906907	0.0509868101	0.0032667552	0.0361658779	0.0000070469	0.3531342293	0.1566712092	0.2595094221
0	0.2546037823	0.1919010850	0.0507032726	0.0010993550	0.1538145525	0.2098901841	0.0119355708	0.0296253212	0.0363974616	0.0600294149
1	0.4035334273	0.0000000294	0.0933171440	0.0020836331	0.0217053326	0.2272446513	0.1647603091	0.0000004940	0.0055431343	0.0818118449
0	0.0647287300	0.2280703079	0.0105796120	0.0262552929	0.1336477360	0.0000157132	0.3313776699	0.0989420294	0.0000020819	0.1063808267
1	0.0222988153	0.3928493176	0.0199251330	0.0517203650	0.3119626199	0.0811922204	0.0206649569	0.0000000067	0.0000000000	0.0993865652
0	0.0034976673	0.0130616467	0.1934246647	0.0099580640	0.0407116351	0.0116885225	0.0004573496	0.0439484438	0.0477432365	0.6355087698
0	0.3258543008	0.1190131292	0.0093710738	0.0639058538	0.1149546167	0.2523412488	0.1143828163	0.0000018843	0.0001750762	0.0000000000
0	0.2101263892	0.0481058285	0.0096056588	0.0073927748	0.6798039331	0.0000000000	0.0000191420	0.0406142963	0.0043319773	0.0000000000
2	0.1827265445	0.0209685533	0.2385575872	0.1558648404	0.0393598111	0.0053148166	0.0689655158	0.1305979294	0.0001599389	0.1574844628
1	0.0511948458	0.7658579113	0.0028677113	0.1145253524	0.0000000007	0.0110253742	0.0029624189	0.0061485833	0.0000001308	0.0454176714
0	0.1735402363	0.0242490806	0.6683311660	0.0000221144	0.0028476798	0.0012157907	0.1062133463	0.0007904831	0.0000000009	0.0227901021
0	0.0012464821	0.1592120508	0.1528016414	0.0000000006	0.0001490645	0.0118360949	0.4185764225	0.0373515764	0.0199578004	0.1988688663
0	0.2476198881	0.0516523830	0.4127282191	0.0145905686	0.0508183376	0.0558563989	0.0003177933	0.0880679684	0.0407423483	0.0376060946
0	0.0000055406	0.7830444978	0.1124124738	0.0026603887	0.0315481461	0.0285955938	0.0101921361	0.0039757804	0.0207958951	0.0067695477
0	0.0444947504	0.3192786365	0.0721170151	0.0000000000	0.2353329180	0.0002608837	0.1761317853	0.0000002055	0.0003034261	0.1520803794
0	0.2244632339	0.2588695721	0.0019950370	0.0000000000	0.2720590602	0.0721898525	0.1562189853	0.0000000126	0.0006015707	0.0136026759
0	0.0362619650	0.0334542516	0.0005442424	0.0062073099	0.2165923256	0.0000000000	0.0139316913	0.0977974575	0.2051611675	0.3900495892
0	0.0376978117	0.0286631721	0.0000000000	0.1334273857	0.0000150400	0.2732951785	0.0037035443	0.1248093651	0.0505639421	0.3478245605
0	0.0940131075	0.3697219890	0.2041938914	0.0261671312	0.0000000000	0.0080586399	0.2592766446	0.0002839237	0.0382845687	0.0000001039
1	0.0094500973	0.7713277320	0.0777764104	0.0000096144	0.0599920233	0.0279358128	0.0034797685	0.0004190293	0.0010573643	0.0485521477
0	0.0738061188	0.5243906319	0.0465136929	0.0000853571	0.0443637760	0.0017897571	0.0911111799	0.0938462871	0.0050158305	0.1190773687
0	0.1116552162	0.0150251663	0.0018751019	0.0251966270	0.0310584752	0.0000016488	0.3284390370	0.1348188650	0.3083493222	0.0435805403
0	0.0000001715	0.0844599679	0.0007677080	0.0603551944	0.0111462001	0.0331989498	0.5649249327	0.0000000000	0.2451426876	0.0000041880
0	0.3008198660	0.0154068672	0.1932716705	0.1064138456	0.0010293419	0.1786107109	0.0245360739	0.1472767640	0.0277022891	0.0049325709
0	0.0309756834	0.0000750478	0.2616995943	0.0000000000	0.4912109364	0.0155478434	0.1367550033	0.0109135834	0.0528223080	0.0000000000
1	0.0140051291	0.4020709192	0.0010148018	0.0000009887	0.3127416951	0.0000012915	0.0011333509	0.0407851274	0.2232350513	0.0050116449
0	0.0177119286	0.0402165176	0.0072817779	0.0375944848	0.3800606429	0.0000017179	0.0000000000	0.0006841473	0.0000141682	0.5164346148
0	0.0150418226	0.3635211224	0.0000000000	0.1252941199	0.0220962074	0.0000000553	0.0181116669	0.0086524647	0.0926191583	0.3546633826
0	0.0303512536	0.0001706472	0.0002266072	0.0066300757	0.2518845035	0.0000000000	0.0500617418	0.0000034502	0.0000195977	0.6606521232
1	0.2239474976	0.0036032123	0.1770584095	0.0786866098	0.0011954827	0.0377328851	0.0978772412	0.0419177210	0.0461251203	0.2918558206
1	0.2858661829	0.2358371724	0.0826538458	0.0001383231	0.1143513186	0.0985788146	0.0515637479	0.0909063238	0.0162462201	0.0238580510
0	0.0305329633	0.0346133807	0.1255884206	0.0000000000	0.5032550418	0.0026962257	0.2011608255	0.0099572417	0.0050994139	0.0870964867
0	0.0000010938	0.1819829504	0.0711009424	0.0469267518	0.0314270691	0.0015495780	0.0535334156	0.5489785729	0.0150744885	0.0494251373
0	0.0140970347	0.4221087234	0.0093277525	0.0008122145	0.0165558939	0.0001504435	0.1410144907	0.0451468826	0.0805935440	0.2701930202
0	0.0306293539	0.3628976279	0.0080798491	0.0433587874	0.3358310709	0.0000798516	0.2152540789	0.0000000166	0.0038693632	0.0000000003
0	0.0364415069	0.0001607489	0.0288103258	0.0020078180	0.0069520069	0.1169598957	0.4220470123	0.0262883987	0.3288778222	0.0314544645
1	0.8701166513	0.0000085217	0.0000770359	0.0031115016	0.0000295327	0.0027183974	0.0054719368	0.0007165457	0.0217530152	0.0959968616
0	0.1116967070	0.0114103547	0.0004193534	0.0433170421	0.0002324995	0.3375328425	0.3388035363	0.0854571687	0.0418847697	0.0292457261
0	0.0113426089	0.6566583871	0.0799676402	0.0678061959	0.0342305204	0.0000000000	0.0812590724	0.0095982518	0.0575963370	0.0015409863
0	0.0003155322	0.1083813032	0.0001592361	0.0531545338	0.1584184181	0.0000007899	0.6401482895	0.0000000000	0.0000000002	0.0394218971
0	0.2058659583	0.0374723213	0.0664187115	0.0000312782	0.3040380871	0.0150397268	0.0123026539	0.0048967894	0.0290298072	0.3249046665
0	0.4004448786	0.0731075956	0.2103622971	0.0000000082	0.0018181444	0.2236284558	0.0402654657	0.0000000002	0.0000801740	0.0502929805
0	0.0615161281	0.4155466101	0.1954852429	0.0910119771	0.0000000004	0.0658294277	0.0177275598	0.0392264662	0.0039403088	0.1097162788
0	0.1638184575	0.0229338866	0.2075589369	0.0000001687	0.0000000000	0.0025352874	0.4198431729	0.0162111283	0.1418906197	0.0252083420
0	0.1101009424	0.4102128037	0.0350000224	0.0037607931	0.2180592603	0.0001116159	0.0160658774	0.1910055782	0.0007540884	0.0149290182
0	0.0001105491	0.0054021958	0.0057712185	0.0562383350	0.0000079252	0.0000967818	0.0007966755	0.9241771345	0.0000203889	0.0073787957
0	0.0648038375	0.0507407789	0.0697366622	0.0311453306	0.0001056984	0.0036115461	0.2131068354	0.0345983087	0.4964244303	0.0357265718
0	0.2892961156	0.0424968550	0.2167665119	0.1007733452	0.0969432797	0.0001457398	0.0601348256	0.1365812925	0.0357763228	0.0210857120
0	0.3537237069	0.0310273054	0.2556755342	0.0138897000	0.0000796710	0.0000000000	0.0579237255	0.0000024700	0.0000000011	0.2876778858
0	0.0416444403	0.0063295845	0.0003233962	0.0017464225	0.5351096954	0.0227245583	0.0009635055	0.0111745036	0.1157905297	0.2641933639
0	0.0402354050	0.0000015457	0.0161422076	0.2647124037	0.1045590771	0.0102112109	0.2231790609	0.0622055341	0.2029547999	0.0757987551
0	0.0389201878	0.3969153150	0.0475672743	0.1829997692	0.0271799791	0.0258861441	0.1878971931	0.0832735473	0.0093605805	0.0000000097
0	0.2449461317	0.1531223250	0.0234216590	0.0000002817	0.0209453141	0.0000001737	0.0534813235	0.1343610223	0.0032466799	0.3664750893
0	0.0244012350	0.4439906588	0.1734688490	0.0154065986	0.0933395178	0.0178365334	0.0205224099	0.1640707351	0.0389615312	0.0080019312
0	0.2406854191	0.1040360927	0.0015259473	0.0237972189	0.0618026668	0.0174003913	0.2312162534	0.0437778870	0.0816699763	0.1940881472
0	0.0387640062	0.3477633487	0.0125503684	0.2037762933	0.1094502860	0.0000000296	0.1599359784	0.0463393757	0.0134197547	0.0680005591
0	0.3668478571	0.0000849011	0.1846537933	0.0098357195	0.0641702614	0.0000207121	0.0103743575	0.0593072427	0.0516337368	0.2530714186
0	0.2622994075	0.4596375513	0.0569057061	0.0006998952	0.0135787299	0.0059975890	0.0564777000	0.0819909093	0.0522744251	0.0101380866
0	0.1835393960	0.1362053034	0.4617899723	0.0477193512	0.0079826617	0.0686977115	0.0069368636	0.0285595925	0.0487021439	0.0098670040
0	0.0313409055	0.1615747428	0.1876598563	0.5548722270	0.0001543363	0.0113822788	0.0138264063	0.0012730817	0.0379161653	0.0000000000
0	0.1085294385	0.0823718140	0.1220963548	0.0001234612	0.0555832197	0.0307496160	0.2965631390	0.2964253889	0.0005071059	0.0070504620
0	0.0003084745	0.0282900816	0.7981905300	0.0050349230	0.0454834843	0.0256287638	0.0499861367	0.0002991268	0.0123332050	0.0344452743
0	0.0109877447	0.4399721797	0.0073634433	0.0609522583	0.2979679323	0.0025323612	0.0689836291	0.0834662217	0.0277742296	0.0000000000
1	0.0006111687	0.1200865736	0.1318690296	0.3481043305	0.0000000002	0.0000071411	0.0344534898	0.0000001481	0.3648679824	0.0000001362
0	0.2167120104	0.0210312181	0.0063044760	0.1544247979	0.0091666901	0.0000000005	0.5395715402	0.0194332146	0.0288686219	0.0044874304
0	0.0000000033	0.1084157818	0.7285209718	0.0010685681	0.0005847307	0.0201305364	0.0000540079	0.0911420692	0.0381155281	0.0119678028
