0	0.1095270685	0.2338868718	0.1080353028	0.0796161643	0.0000000007	0.0000001067	0.0536865903	0.0062677431	0.1537274689	0.2552526829
0	0.4879511631	0.1308651588	0.0601359406	0.0591022997	0.0326775209	0.0000362245	0.0508078345	0.0387464065	0.1296835374	0.0099939138
1	0.0000014155	0.0753086500	0.0298899785	0.2519815630	0.0000198769	0.0078407468	0.1257544862	0.0152033437	0.3049604052	0.1890395343
0	0.0022292845	0.0014336030	0.0001551718	0.7125023443	0.1827279315	0.0122543776	0.0073010407	0.0081445127	0.0076029223	0.0656488115
0	0.0002258138	0.2444595082	0.1212709928	0.0117996822	0.4587712983	0.0013985696	0.1583750880	0.0002756128	0.0034055251	0.0000179090
0	0.0321483230	0.0001696916	0.2225073533	0.6205814012	0.0051526766	0.0289344909	0.0017396856	0.0030011389	0.0003895430	0.0853756959
0	0.0006843838	0.0001560037	0.1223700897	0.4431840899	0.0710110906	0.0263632427	0.0334077814	0.2256237442	0.0000885929	0.0771109811
0	0.0000000000	0.1945050629	0.0017673626	0.0359164110	0.0002963353	0.4483418765	0.2994741939	0.0000012468	0.0185041359	0.0011933752
0	0.0073260857	0.1780898166	0.3058145793	0.0379315783	0.0002182154	0.0002144526	0.0802917783	0.0396970287	0.0920879420	0.2583285232
1	0.0059703590	0.0927099179	0.6950492050	0.0170664706	0.1621845802	0.0000000400	0.0025644692	0.0000000000	0.0000043653	0.0244505927
0	0.0002822908	0.0012368946	0.0598555376	0.0448937879	0.0848618787	0.2416669217	0.0007985920	0.0000000000	0.0000000000	0.5664040968
0	0.0190332833	0.2702331196	0.0183797888	0.4962851694	0.0000002889	0.0512936824	0.0003948392	0.0042766641	0.0379603901	0.1021427743
0	0.0347026899	0.0574495474	0.0054755672	0.3072618073	0.0000000000	0.1085322155	0.0817172748	0.0000399991	0.0499953500	0.3548255489
0	0.1208190672	0.1959145260	0.0393828277	0.2575438323	0.0000000000	0.0996611027	0.0057293253	0.2807510184	0.0000000000	0.0001983005
0	0.0225371520	0.0025460399	0.0059245197	0.0000000263	0.0003263767	0.0524802517	0.0019289668	0.0000014212	0.2208286730	0.6934265727
0	0.1831768368	0.1507804235	0.0000284649	0.2508151993	0.0170421323	0.0831100846	0.0000000000	0.0089171431	0.0000000000	0.3061297154
0	0.0653159244	0.1954276884	0.1326582625	0.0088049779	0.1026342535	0.0074335209	0.4378280976	0.0000042994	0.0359809891	0.0139119863
0	0.0000000000	0.0382045679	0.0113562090	0.3361258112	0.1358826471	0.0841693642	0.2542983941	0.0926557291	0.0003112454	0.0469960320
0	0.0074495606	0.2011115065	0.0010154150	0.0246470401	0.0757193069	0.0000002270	0.3234319959	0.0000105546	0.0086377326	0.3579766608
0	0.0187577817	0.5765630068	0.0148121355	0.0338091840	0.0432987778	0.0080834951	0.1988632674	0.0708488865	0.0041851157	0.0307783494
0	0.0193000966	0.2427378371	0.0642207910	0.1754323571	0.1053463250	0.0770396927	0.0990669375	0.0009169339	0.0147092502	0.2012297789
0	0.0053571338	0.0147453532	0.0135555433	0.0000093537	0.1627003332	0.0005136729	0.2290829397	0.0000000000	0.0000000125	0.5740356575
0	0.0075673110	0.0253772349	0.0310475027	0.4967508912	0.0998040103	0.1556508563	0.0106076944	0.0368459207	0.0001063196	0.1362422589
1	0.0000382702	0.0330069587	0.0757191963	0.0049716402	0.0000000489	0.0028050426	0.0000000000	0.0000000000	0.0000000039	0.8834588392
0	0.0015590873	0.0938141424	0.0006618309	0.0004161625	0.2110455725	0.3136349991	0.0905200806	0.0233538671	0.2649942575	0.0000000000
1	0.0724359536	0.3485225538	0.0027875677	0.3435790833	0.0000023486	0.0000000000	0.0368286540	0.0083784055	0.0000014565	0.1874639771
0	0.0067659531	0.0003263880	0.0196330542	0.6144986110	0.0189267362	0.0956334425	0.0357390911	0.0006581462	0.0528035470	0.1550150307
0	0.0289989318	0.0639529877	0.1697575575	0.0617007305	0.0525358097	0.0000124855	0.0263452797	0.0064196551	0.0222073283	0.5680692341
0	0.0000071466	0.0129478509	0.0352177471	0.0769975892	0.0212865921	0.0000000000	0.0000145073	0.0030543521	0.0000000003	0.8504742145
0	0.1054728617	0.0000000112	0.0413380154	0.0128291717	0.0792161288	0.0614338487	0.0390673155	0.1997940340	0.0000000000	0.4608486131
0	0.0000000085	0.1520037094	0.0437844223	0.0099164703	0.0728595998	0.0071037607	0.6556287661	0.0000004004	0.0018175806	0.0568852818
0	0.0456259861	0.1485052378	0.0000000000	0.0204270149	0.0098967524	0.1036217478	0.0000000000	0.0009651693	0.0215700250	0.6493880668
0	0.0339621449	0.1475887904	0.0196621309	0.4263474544	0.0267726316	0.0107086945	0.2786047491	0.0137871441	0.0424316683	0.0001345918
0	0.1498131513	0.2536817408	0.0557338502	0.0538672377	0.0407199050	0.0000493704	0.3661820199	0.0000006647	0.0007512880	0.0792007721
0	0.0184310291	0.0194532276	0.0066364627	0.3026824031	0.0001021355	0.0712967974	0.0000593937	0.4640928019	0.0002374051	0.1170083439
0	0.0097876097	0.3762611604	0.0591892617	0.0006643828	0.0846276989	0.0121300070	0.0000000000	0.0243715369	0.0010007719	0.4319675706
0	0.0104104654	0.1541772976	0.0000000383	0.2100990435	0.0280536108	0.4157832354	0.0550218903	0.0861860340	0.0260957896	0.0141725952
0	0.0167042004	0.1992932454	0.1491323312	0.1430464861	0.0353052221	0.1126994620	0.1013170674	0.0278291272	0.1085135818	0.1061592764
0	0.0120180232	0.0876992900	0.0542872094	0.0478315755	0.0000995879	0.0006555097	0.0004242143	0.0018542819	0.5899324630	0.2051978451
0	0.0000468235	0.0588038494	0.0141092591	0.2112915381	0.0624366670	0.0075351499	0.1089550520	0.0030785140	0.5330184280	0.0007247190
0	0.0000000000	0.0291053643	0.0075694902	0.1794312700	0.0040798352	0.0001205783	0.0117931629	0.0000000015	0.0105950816	0.7573052160
0	0.0110983814	0.5399345907	0.1427217981	0.0666298541	0.0000000000	0.0452765710	0.0070792558	0.0114778357	0.0065144182	0.1692672949
0	0.1061559970	0.0114659335	0.0000501786	0.0125262464	0.0033487194	0.1409261009	0.0962510869	0.1485174284	0.4807073318	0.0000509771
1	0.0000000508	0.1254099974	0.1787608106	0.2103404729	0.1540033768	0.1483914088	0.0841378709	0.0000000011	0.0000000000	0.0989560107
1	0.0035252437	0.0010892562	0.3162061630	0.0092204979	0.2414108930	0.3064691658	0.0087682081	0.0000000000	0.0993100101	0.0140005622
1	0.1519364148	0.0181460092	0.1255863673	0.1054116524	0.0266163670	0.4778672582	0.0000593202	0.0000000000	0.0565258682	0.0378507428
0	0.0005492412	0.0707943822	0.2428638193	0.0359674784	0.0034849483	0.0629675408	0.0095415483	0.0671132003	0.0782108673	0.4285069739
0	0.0928447895	0.4406778452	0.0182298532	0.0622762844	0.0060144726	0.0747795055	0.2763546367	0.0001242703	0.0005240429	0.0281742997
0	0.0001991108	0.7081988069	0.0556475688	0.0785513656	0.1355010959	0.0000000000	0.0016027710	0.0000000000	0.0000000000	0.0202992809
0	0.0758962060	0.0738964857	0.2183632991	0.0808014407	0.0177323082	0.1605636115	0.3129990543	0.0081148294	0.0026986648	0.0489341002
0	0.0100243766	0.0259566452	0.1056141558	0.2347329777	0.0021814648	0.5586575915	0.0000000000	0.0000000000	0.0013914631	0.0614413252
1	0.0001434768	0.5656969149	0.0050551178	0.1539317728	0.0116821028	0.0000009523	0.0000000000	0.0109982018	0.0441327370	0.2083587238
0	0.0045834497	0.4382926733	0.0000033738	0.0023435109	0.0133581046	0.2606456421	0.0536780438	0.0063029130	0.1991772961	0.0216149927
0	0.0460506401	0.0014646092	0.0000000000	0.0668086229	0.0145796102	0.0293772677	0.0251585011	0.0918855308	0.0019387679	0.7227364501
0	0.0000002335	0.0439525503	0.0006312709	0.1339825692	0.0088395618	0.0000000000	0.0000000021	0.0326073018	0.5545542409	0.2254322694
0	0.0000000000	0.3143090236	0.0000578517	0.1563118855	0.0018827602	0.0405547501	0.2241312327	0.0000000000	0.0051840722	0.2575684240
0	0.0031790317	0.0209050335	0.7102656936	0.1526997556	0.0043313945	0.0166134690	0.0302833383	0.0083411259	0.0415792468	0.0118019111
0	0.0000000002	0.0713376177	0.4624863182	0.1566751829	0.0513698611	0.1621472801	0.0654741689	0.0018333364	0.0197612474	0.0089149871
0	0.0000000000	0.3241940478	0.4738408093	0.0000877924	0.0511107368	0.0905427378	0.0000153740	0.0590335918	0.0011167109	0.0000581992
0	0.0000000007	0.0274521553	0.1281345217	0.0504750874	0.0285867301	0.1825749866	0.0167248362	0.0135158456	0.1135907428	0.4389450934
0	0.0000000000	0.0000000614	0.0276884705	0.0399451203	0.3409827722	0.1872393030	0.0000000000	0.0002776103	0.0350423076	0.3688243547
0	0.0409201477	0.5268430562	0.0020349479	0.2911206445	0.0000000157	0.0000329592	0.0238900807	0.0088887949	0.0571819740	0.0490873793
0	0.0071664640	0.1098323796	0.0984992142	0.1310934999	0.0004080134	0.4815192643	0.0767358187	0.0011499309	0.0000076285	0.0935877866
0	0.0661764613	0.1050643247	0.0000133506	0.0636409998	0.7050073859	0.0028494051	0.0102372670	0.0185416317	0.0109724252	0.0174967487
1	0.0001229097	0.0452007115	0.0267021039	0.5264605794	0.1555632635	0.0005618306	0.1220875287	0.0000000000	0.0038191022	0.1194819704
0	0.0330378493	0.0512849099	0.0002863142	0.0392078566	0.0016360138	0.7071950039	0.0001384281	0.1154842802	0.0105242000	0.0412051439
0	0.0314632455	0.7112141069	0.0068945159	0.0332175341	0.0079828825	0.0005284931	0.0501020782	0.0079261840	0.0068978977	0.1437730621
0	0.0104256574	0.2560058221	0.0574047527	0.0043499447	0.1397034812	0.2126636985	0.0023942094	0.0395831177	0.0001956503	0.2772736660
0	0.0353441012	0.0133462967	0.1586708792	0.0001417409	0.0502794177	0.3634066760	0.0000145967	0.0463591728	0.2534045290	0.0790325898
0	0.0000341629	0.0968721096	0.2558967205	0.0041057814	0.0251303931	0.5009421672	0.0210288182	0.0007621190	0.0889715472	0.0062561809
0	0.1643743193	0.0234898354	0.0344096404	0.0005179208	0.0000574399	0.2239622146	0.0369239618	0.0015643064	0.2225846516	0.2921157099
0	0.0000002022	0.0010814860	0.0000000000	0.9464242955	0.0000000704	0.0331086226	0.0149030109	0.0044760081	0.0000063015	0.0000000027
0	0.0277919312	0.0150461795	0.0008129251	0.0000000312	0.0013920433	0.2241901710	0.0027650149	0.0668238363	0.0163435295	0.6448343380
0	0.0001086807	0.1005912104	0.2818974676	0.2845224050	0.2567987223	0.0000672021	0.0007252450	0.0743014504	0.0007415896	0.0002460268
0	0.0694002941	0.4834150111	0.0020967432	0.1053930834	0.0062045566	0.0465952168	0.0000177702	0.0006960795	0.0237572575	0.2624239876
0	0.0003958766	0.8991075520	0.0205585891	0.0042730942	0.0201060520	0.0000002027	0.0083407769	0.0368643774	0.0094474189	0.0009060604
0	0.7555695316	0.0365358642	0.0011562079	0.0000027745	0.0984903352	0.0000033808	0.0003248436	0.0000000000	0.0008373531	0.1070797091
0	0.0027021794	0.0207466089	0.0300680546	0.2354149702	0.4019306006	0.0604030337	0.1992491512	0.0000000000	0.0025364250	0.0469489765
0	0.0073160714	0.0438554263	0.0435376988	0.0119812909	0.0043953466	0.1358329272	0.2352513099	0.4983139821	0.0068700536	0.0126458931
0	0.0000354481	0.0418293873	0.2751605304	0.0050875753	0.0000000000	0.0000000001	0.0000747842	0.0133395669	0.0394918571	0.6249808507
0	0.0001109458	0.0250306827	0.0012320619	0.7990872627	0.0025045620	0.0981582325	0.0000000126	0.0081497713	0.0657209593	0.0000055092
1	0.0000003491	0.0576687726	0.3531277702	0.3988168196	0.0162699214	0.0029394468	0.0000235767	0.0033832508	0.0120656538	0.1557044391
0	0.0167526449	0.0185126286	0.0000001599	0.0054414665	0.3900940530	0.0204694348	0.0012535819	0.1504814852	0.0000000000	0.3969945451
1	0.0048156585	0.0227560626	0.0098484796	0.0376611896	0.0175181300	0.0005638810	0.0002735314	0.0022659256	0.0000397642	0.9042573773
0	0.0003751531	0.3159785226	0.2323390029	0.2162133656	0.0430868356	0.0673379571	0.0750858522	0.0153674910	0.0290080284	0.0052077915
0	0.0463453797	0.0835645717	0.0359515846	0.7335345867	0.0033380467	0.0280442871	0.0154705629	0.0007200972	0.0080626709	0.0449682126
0	0.0470684925	0.2752830734	0.0003436496	0.0055423312	0.1864225578	0.0030303937	0.0354732361	0.1917506602	0.0000003416	0.2550852640
0	0.0237388353	0.0000000000	0.0458215646	0.0036744693	0.0838783648	0.7457717536	0.0016221027	0.0000000000	0.0327695516	0.0627233581
2	0.0348074665	0.3307930295	0.2015667018	0.1019401604	0.0009987501	0.0000016615	0.0002061557	0.0000000000	0.2029335720	0.1267525024
0	0.0001049494	0.2596600600	0.0701312193	0.3819310100	0.0053281215	0.1071391628	0.0018582765	0.0356329927	0.1382117213	0.0000024867
0	0.2058849568	0.0431412427	0.0233174297	0.0157772041	0.0000000000	0.5234873575	0.0142282957	0.0198079031	0.1411796374	0.0131759730
0	0.0017409402	0.2885811090	0.1583524319	0.0861028147	0.0118032874	0.0041067910	0.0226356570	0.0199866387	0.3346336464	0.0720566836
0	0.0136232973	0.4129632617	0.3493709694	0.0033264608	0.0001953180	0.0073981775	0.0920406229	0.0367012588	0.0000000000	0.0843806337
0	0.0168339878	0.1417493765	0.3130920078	0.1444642672	0.0686235764	0.0602676477	0.0204098097	0.1127047675	0.0098955737	0.1119589856
0	0.0000005790	0.0278332303	0.0400874319	0.0045307704	0.0135152827	0.0331040278	0.0000082019	0.0000000000	0.6287819408	0.2521385351
1	0.0000072463	0.1973012400	0.4915900042	0.0283111215	0.0002541073	0.0107698610	0.0000000001	0.0000556637	0.0054903746	0.2662203813
0	0.0000390782	0.0302539379	0.0060728150	0.0456868780	0.0471517432	0.7827928183	0.0276550800	0.0000737168	0.0072546173	0.0530193153
1	0.0046750045	0.0477925083	0.1873045024	0.0072632560	0.1571510518	0.0000039371	0.0193094919	0.0019460186	0.0005185042	0.5740357252
1	0.0011815767	0.0004121304	0.3103506422	0.5580375280	0.0549328382	0.0140322274	0.0000000000	0.0000000000	0.0001794393	0.0608736179
0	0.0000000000	0.3658236791	0.0161591544	0.1835063240	0.0002974388	0.0000904683	0.0158898893	0.0693231696	0.2410541440	0.1078557325
