0	0.0080614837	0.0341643444	0.0044773698	0.4938452846	0.0124036196	0.0000567649	0.2439379886	0.1338239629	0.0012511116	0.0679780699
0	0.2147646241	0.0001087850	0.3159486115	0.0004438244	0.2255829139	0.0258159250	0.0000274175	0.2172675220	0.0000403765	0.0000000000
0	0.5696710289	0.0517224793	0.0207957285	0.0000001169	0.0497700311	0.0000000931	0.0737446798	0.0842392807	0.1075788930	0.0424776687
0	0.0600141173	0.7415697078	0.0266577764	0.0203821159	0.0760932114	0.0000001555	0.0132838286	0.0485146615	0.0000000005	0.0134844252
0	0.0017972229	0.2203538494	0.0228713077	0.0049027341	0.3198072482	0.0741804102	0.3324705575	0.0000684546	0.0235482153	0.0000000003
0	0.1491596179	0.0010827660	0.0000000000	0.0948989953	0.0040028083	0.0172708498	0.1316422044	0.6019281279	0.0000001561	0.0000144743
1	0.0008722526	0.0002160463	0.0000000003	0.0003826525	0.0032427191	0.0023266184	0.7717961296	0.0682537733	0.0511378848	0.1017719231
0	0.1681877958	0.0420750292	0.0011881317	0.0058293454	0.0011450106	0.1317438542	0.1383737747	0.5102451202	0.0011741923	0.0000377459
0	0.0002075476	0.1308897001	0.0000000000	0.0240281066	0.7088539046	0.0461894900	0.0000000000	0.0025561950	0.0853648435	0.0019102126
0	0.0165791902	0.0999834172	0.0586870381	0.6929264019	0.0314797290	0.0000000000	0.0699268192	0.0002492268	0.0301066357	0.0000615418
0	0.0000272059	0.3806741098	0.1616598485	0.0438635001	0.1677802057	0.0008213717	0.0045494060	0.2405904592	0.0000000000	0.0000338932
0	0.1573803505	0.0000013233	0.3434599191	0.0000000294	0.0708604121	0.1769031215	0.2105371491	0.0053022462	0.0000000000	0.0355554489
1	0.0027210508	0.3566492923	0.1304394245	0.0036474132	0.0029016498	0.3373654786	0.0079874593	0.0063736405	0.0041732206	0.1477413705
0	0.1586473164	0.1832135653	0.0256521410	0.0000019320	0.0000015408	0.0022507340	0.0032209521	0.0694283557	0.0008204182	0.5567630445
1	0.0054611181	0.2960314068	0.0000000001	0.0477398351	0.0389301210	0.0420526888	0.0508331324	0.4983317800	0.0000000000	0.0206199177
0	0.0415087526	0.0001090057	0.0047619199	0.0286650370	0.6486067761	0.0000676340	0.1852445339	0.0910362572	0.0000000000	0.0000000836
0	0.0154168728	0.1472768344	0.0047710520	0.0662044505	0.5079971424	0.1744251313	0.0549524477	0.0226023641	0.0063537048	0.0000000000
0	0.0473962387	0.0017198873	0.2001818834	0.0029166986	0.0886287690	0.0479721893	0.0012257361	0.0073864774	0.0233481592	0.5792239611
0	0.0599738411	0.0021408963	0.0027630868	0.4852929661	0.1714748137	0.0817274799	0.0031605621	0.1540048563	0.0394613869	0.0000001108
0	0.0000070801	0.0238596207	0.0000000171	0.4423707035	0.0379936713	0.0825203138	0.0000000000	0.1225882200	0.0000000016	0.2906603720
0	0.0365304705	0.0623782650	0.0016812568	0.0212920289	0.2129965769	0.0000001075	0.6600467606	0.0040058254	0.0000000000	0.0010687083
0	0.0040590982	0.0000003899	0.1253395162	0.0002325265	0.1922938107	0.0001675608	0.6096989107	0.0361156902	0.0270377285	0.0050547682
0	0.0058799574	0.3590785048	0.0542185238	0.0000456191	0.3851450827	0.0095450536	0.0731749707	0.0942990252	0.0000000000	0.0186132629
0	0.0000000275	0.5945709776	0.0015447169	0.0063917820	0.0002003121	0.2922148155	0.0978622416	0.0010323746	0.0000025225	0.0061802297
0	0.0695558601	0.0377969612	0.0622744028	0.0000120016	0.7808553029	0.0002059595	0.0000000000	0.0029989733	0.0122717027	0.0340288360
0	0.0071260193	0.0000016731	0.0176762546	0.0569232860	0.1470916750	0.0344396882	0.1073337547	0.2342880951	0.3122716752	0.0828478787
0	0.0047465325	0.0007366940	0.0001500989	0.0901950508	0.1202314720	0.0428491289	0.5656659897	0.1659244819	0.0095005513	0.0000000000
1	0.0106226187	0.0545236296	0.5537663704	0.1486678996	0.1390793663	0.0000008855	0.0388764270	0.0430737577	0.0110958860	0.0002931593
0	0.0137550229	0.0082838920	0.0004481724	0.0002963672	0.2926252306	0.2071473569	0.3340327621	0.0038121610	0.0614601268	0.0781389081
1	0.1040085489	0.2871916132	0.0447000214	0.0386966700	0.0674881406	0.0061951086	0.3701180705	0.0020183598	0.0003976145	0.0791858525
0	0.0019786477	0.0073553105	0.0008755391	0.0083813956	0.0430917978	0.0858848538	0.7776462180	0.0705404177	0.0042369609	0.0000088588
1	0.0000000000	0.0000004276	0.0695496001	0.3594637671	0.0082907987	0.0000082571	0.0052509793	0.0110768061	0.0000112159	0.5463481481
0	0.0012719987	0.0001114441	0.2824559571	0.0007756214	0.0615543042	0.0832919767	0.3752257457	0.0005467344	0.0955088160	0.0992574017
0	0.0509684566	0.0091120333	0.0779636863	0.0211045685	0.5393704873	0.0000000000	0.0000000046	0.0455243223	0.2047729505	0.0511834906
0	0.0017615645	0.0978769296	0.3089122669	0.0000000491	0.0475129469	0.2294573655	0.0307537675	0.0115793809	0.0001609762	0.2719847529
0	0.0000397292	0.0205390583	0.0925483131	0.0301743695	0.0144234372	0.0000000009	0.0000000000	0.8227606985	0.0000044773	0.0195099160
1	0.0106225602	0.0009855679	0.1432915090	0.0183689997	0.2550560043	0.0700644219	0.0868677966	0.0033705447	0.0000000007	0.4113725949
1	0.0109928344	0.0000000626	0.3752569696	0.0265865115	0.3017471572	0.0000003728	0.0017909996	0.0215220854	0.1894531327	0.0726498741
0	0.1170834037	0.0000019505	0.0000224858	0.0000740663	0.5503938226	0.0000191378	0.0497314779	0.2309399315	0.0050401491	0.0466935748
1	0.0058669016	0.0280662938	0.0137518539	0.0000870311	0.9265744016	0.0000235047	0.0213774930	0.0003049004	0.0000000000	0.0039476198
0	0.0002158032	0.4549226862	0.0083949147	0.0122206328	0.4131166516	0.0109454053	0.0039420072	0.0015729537	0.0354270813	0.0592418639
1	0.0000000000	0.1534880049	0.0000781803	0.1886360241	0.2930583557	0.0000000159	0.3154054825	0.0085946944	0.0011640761	0.0395751662
1	0.0307101970	0.2728790096	0.0115847242	0.0000000000	0.5163785053	0.0461241295	0.0025540541	0.0004463299	0.0000006953	0.1193223551
0	0.0014729099	0.0305830886	0.2635949947	0.0402556555	0.4367693209	0.0000000893	0.0392801556	0.1865193945	0.0011095739	0.0004148171
0	0.3944171623	0.0097169928	0.0000000000	0.0000000000	0.0000000797	0.0000135721	0.5419520843	0.0003526133	0.0166645848	0.0368829107
1	0.0000016934	0.0074292802	0.0088560723	0.0035724701	0.2171954077	0.0087582417	0.0001473429	0.2161239952	0.0004706707	0.5374448258
0	0.0037275225	0.5890654381	0.0081015020	0.0005640247	0.3103195244	0.0003081178	0.0380483183	0.0034321543	0.0319756252	0.0144577727
0	0.0703999350	0.0890553986	0.0000203905	0.0005694550	0.2072937641	0.0000344748	0.3783811399	0.0000040882	0.2541680164	0.0000733374
1	0.0228590127	0.0672332675	0.0000356975	0.0406128860	0.0294070583	0.0111775870	0.5345104484	0.2296218264	0.0010558074	0.0634864088
0	0.0000007303	0.0316533543	0.0322192127	0.0000182251	0.0492797801	0.0000010456	0.8283126347	0.0155973608	0.0001093975	0.0428082589
0	0.0000942219	0.0126094244	0.0201558946	0.0047404152	0.2721305081	0.0570434514	0.6298955631	0.0005261683	0.0000000000	0.0028043529
0	0.4956362363	0.0000000000	0.0879079271	0.0345253767	0.0001989268	0.0383395054	0.0757252067	0.2669980927	0.0000000000	0.0006687282
0	0.0013642184	0.0047610468	0.0002990218	0.0836027712	0.5557621837	0.3070933774	0.0013960465	0.0112453271	0.0279212222	0.0065547847
0	0.0089113272	0.0000000162	0.0088899682	0.0017890933	0.2371599982	0.0479127230	0.0602995562	0.0608910600	0.0557851437	0.5183611140
1	0.0000187263	0.0027717487	0.1941563514	0.0000048539	0.3643925079	0.0147562100	0.2999407967	0.0000000000	0.0033138137	0.1206449916
0	0.0531510024	0.1063237148	0.1120323802	0.0978986688	0.0000760242	0.3545909125	0.1470445951	0.1288222184	0.0000505811	0.0000099025
0	0.1166398830	0.0098667485	0.0000415428	0.0023003495	0.2295547834	0.5365214228	0.0748581059	0.0070002877	0.0232150385	0.0000018379
0	0.1359926747	0.0029711375	0.0296818968	0.0006176870	0.0633115169	0.0000002321	0.7056511478	0.0264253310	0.0068856110	0.0284627650
0	0.0283739495	0.1242324906	0.5876681994	0.0217587722	0.0040104646	0.1106139551	0.0209561993	0.0007627049	0.0773229584	0.0243003060
0	0.3751595987	0.0771362744	0.0158999770	0.0043430686	0.2681738517	0.0017765373	0.2209133477	0.0358227273	0.0003142148	0.0004604025
0	0.2179015330	0.1307579344	0.2160888260	0.1028369393	0.0757508265	0.0847304760	0.1304695225	0.0046611953	0.0058418375	0.0309609095
0	0.0244642197	0.0000000019	0.0005459112	0.2873937107	0.4235628483	0.2158762035	0.0167104836	0.0000120706	0.0314345493	0.0000000011
1	0.0043916679	0.0162205428	0.2212536509	0.0000309664	0.0728847344	0.0326049999	0.0271993995	0.0004067520	0.0000000000	0.6250072862
0	0.0017375892	0.0378103012	0.0815031987	0.0074778777	0.1224321880	0.1129597192	0.5295275536	0.0341256435	0.0463182962	0.0261076327
0	0.0184263613	0.1457626643	0.2145618399	0.0132416985	0.0062414008	0.3330404923	0.1683016634	0.0011146793	0.0920055033	0.0073036969
0	0.0089427091	0.0218451046	0.0000002028	0.0074751981	0.1345776204	0.3191997075	0.0129501626	0.0015206815	0.1680167212	0.3254718923
0	0.0018677202	0.0181401422	0.0957930885	0.0000003118	0.5118772892	0.0000000000	0.0067246094	0.1617037736	0.0610669907	0.1428260743
0	0.0326616996	0.0000000000	0.2440949561	0.0578014324	0.1048487131	0.0016084910	0.3088442199	0.2321296910	0.0179481652	0.0000626318
0	0.0025878413	0.0754140149	0.0023688400	0.0179176994	0.5045859829	0.0000000102	0.0150929648	0.2659175667	0.1146805847	0.0014344951
0	0.0090423587	0.0000000000	0.0000000000	0.1170077223	0.0275241508	0.1084236750	0.4609153811	0.2433223880	0.0331256099	0.0006387141
0	0.0019277686	0.0319190831	0.6173347808	0.0000489283	0.0501069760	0.0003323898	0.2175211036	0.0175508391	0.0000486091	0.0632095216
0	0.1236406807	0.0057403881	0.0480413794	0.0000000000	0.0079025197	0.0000122869	0.7216448348	0.0273173728	0.0625028414	0.0031976963
0	0.0000000035	0.0974853488	0.1429045595	0.3300810030	0.0000000028	0.1292649279	0.2694703152	0.0137971463	0.0000000000	0.0169966929
1	0.0000000000	0.0308718278	0.0528946468	0.0216883338	0.7129586735	0.0298879450	0.1265701988	0.0188798899	0.0000487741	0.0061997102
0	0.2877545351	0.0000000000	0.1462075785	0.1100038101	0.0015802315	0.0577484289	0.0270680389	0.1666390666	0.2029593826	0.0000389278
0	0.0165199655	0.0105943018	0.0079939956	0.2626655853	0.0041767697	0.1393818000	0.5337594544	0.0114475256	0.0048059946	0.0086546074
0	0.3228972252	0.0658606715	0.0713470185	0.0732153867	0.0000000024	0.1317308471	0.0971202469	0.0000015747	0.2375270011	0.0003000259
0	0.0854774586	0.1511521061	0.0000290809	0.1880614003	0.2049356447	0.0091173316	0.3542273102	0.0062829721	0.0004361492	0.0002805462
0	0.0002008270	0.0000000000	0.0288426689	0.0279484736	0.3355579274	0.0007319732	0.0000035001	0.1183979982	0.0307265651	0.4575900663
0	0.0107639228	0.0000006958	0.0005711439	0.0142633774	0.7109129706	0.0840959507	0.0652071544	0.0608007704	0.0020563523	0.0513276617
0	0.0000000001	0.0000089117	0.0082137013	0.0001737640	0.0000065175	0.0254092390	0.1731252606	0.4087935655	0.0614137480	0.3228552923
1	0.0051893358	0.0034027738	0.9268168076	0.0000000000	0.0258380328	0.0057333713	0.0328622297	0.0000007089	0.0000001765	0.0001565636
1	0.0000001917	0.0047743632	0.0232078267	0.0431996220	0.4409085089	0.0000000000	0.0326153078	0.0158966929	0.0000015833	0.4393959035
0	0.0023345383	0.0031663847	0.0034943428	0.0949318529	0.0179931215	0.0310929387	0.0057238218	0.8412224381	0.0000000000	0.0000405613
0	0.0007285236	0.3653180299	0.1483193917	0.0001983313	0.3738105001	0.0000000000	0.0158622294	0.0957617080	0.0000012847	0.0000000014
0	0.0750171748	0.1779031244	0.0007260467	0.1484836662	0.1031262440	0.0170930888	0.2239741072	0.1039275787	0.0000000000	0.1497489693
2	0.0408147414	0.0001842055	0.0096989766	0.0000566858	0.6540757521	0.0034608682	0.1523443096	0.0011018558	0.0013957223	0.1368668826
0	0.0000000000	0.5120285233	0.0066189109	0.0057393867	0.0455313813	0.2979320495	0.0411218567	0.0869631935	0.0004932325	0.0035714655
0	0.2857008018	0.0003197262	0.1911793893	0.1001611007	0.0678222297	0.0004382685	0.0000000005	0.2967866909	0.0084634404	0.0491283520
0	0.0014291559	0.0529668169	0.0000000436	0.2804391582	0.2650379635	0.0018764567	0.2854593061	0.0095857254	0.0947506879	0.0084546859
0	0.0000087809	0.2171760736	0.0358527931	0.0000049532	0.0290111993	0.0107362648	0.4277538670	0.0013267721	0.2717405560	0.0063887399
0	0.0001401572	0.1456535947	0.0481763821	0.0000000000	0.1442874084	0.0123836228	0.0301262420	0.0016272047	0.6176053881	0.0000000000
0	0.0110808687	0.1381458497	0.0649358508	0.0511907278	0.0011586162	0.0160160855	0.1726267826	0.5444671273	0.0000000001	0.0003780913
0	0.0036385608	0.0001772067	0.0553712099	0.5334183204	0.0069408972	0.0011348362	0.2213917670	0.0348358456	0.1241378166	0.0189535397
0	0.0941661965	0.0213640834	0.0241121832	0.0254542055	0.3873764133	0.3158540788	0.0016384630	0.0000000010	0.1290162589	0.0010181165
0	0.0420240058	0.0046228794	0.2532944045	0.0031613691	0.1169377335	0.0042645817	0.0779646515	0.4091581524	0.0029197088	0.0856525133
0	0.0438632257	0.0792567627	0.0001580809	0.0714888756	0.4556006577	0.0735379953	0.2121352471	0.0639139475	0.0000244263	0.0000207812
0	0.1417582560	0.0016528025	0.0039166274	0.0479792402	0.6696655858	0.0028307296	0.0852053050	0.0272632952	0.0057268238	0.0140013344
0	0.0075192558	0.5238332451	0.0623087283	0.1555799072	0.0114668557	0.0005594219	0.0246337889	0.0000005753	0.0852672941	0.1288309276
0	0.2158774919	0.2541550036	0.0000044422	0.1002509917	0.0876226018	0.0294570411	0.0423390192	0.1306307682	0.1390037778	0.0006588625
