0	0.0045427298	0.0067046043	0.0000993576	0.0161056040	0.0341446832	0.0000031367	0.1067220756	0.0000197838	0.8288329918	0.0028250333
0	0.0720522421	0.0503341310	0.0098029136	0.0002250021	0.0096022978	0.0654579555	0.0000000000	0.0193620814	0.5976219797	0.1755413967
0	0.1514281145	0.0125328170	0.2320101443	0.1469381808	0.0039996604	0.3831534928	0.0020896220	0.0347743424	0.0166381819	0.0164354439
0	0.3622926165	0.0147274730	0.0077866821	0.0000043217	0.0065210736	0.2774386834	0.1632612658	0.0998266096	0.0669179559	0.0012233185
0	0.1097130075	0.5328035130	0.0939725302	0.0866479752	0.0074541743	0.1304661486	0.0000002064	0.0003261103	0.0319162683	0.0067000662
0	0.1800763774	0.1195524918	0.0000000000	0.0528707300	0.0000000000	0.0061262348	0.0002760380	0.2844132316	0.3501317314	0.0065531650
2	0.8519811646	0.0041572268	0.0415233811	0.0069766579	0.0278097779	0.0504280842	0.0013599125	0.0000000000	0.0154273413	0.0003364537
0	0.0001974046	0.6856709250	0.0000000000	0.0560970194	0.0581729918	0.0657293144	0.0511356989	0.0803490862	0.0011026437	0.0015449160
0	0.1402505341	0.0137650152	0.0000000000	0.0408053503	0.1907495356	0.1244174036	0.0078779089	0.0433667493	0.0178436200	0.4209238831
0	0.4695245553	0.3124505048	0.0176198363	0.0000000925	0.0587391292	0.0115006359	0.0022654192	0.0033747966	0.1245249325	0.0000000978
0	0.0954021306	0.0000000002	0.1225746960	0.3763995548	0.0000003000	0.1705202634	0.0436356635	0.0603772806	0.1280953091	0.0029948019
0	0.1355860677	0.1815177915	0.0150545936	0.4506435162	0.1316514783	0.0583460495	0.0175408888	0.0000001848	0.0000000000	0.0096594296
0	0.0000003978	0.2755829605	0.0193880224	0.0309773133	0.0006701300	0.5918784905	0.0000663215	0.0052152575	0.0753051221	0.0009159844
1	0.0838145737	0.2317877669	0.0185709759	0.0453819273	0.0344848958	0.3505956980	0.0152957679	0.0367714376	0.0608699306	0.1224270263
0	0.0993590390	0.1444403139	0.0000675119	0.2783753597	0.0000000447	0.0303545713	0.0040401203	0.0000144078	0.0645265423	0.3788220891
0	0.1773101379	0.0241796671	0.0001557988	0.5859810303	0.0255877094	0.0120274111	0.0034991396	0.0000066336	0.0000010128	0.1712514595
0	0.0560044983	0.0444878715	0.0048147951	0.4843224663	0.0000000389	0.0004983781	0.0000211785	0.0109115485	0.3254084265	0.0735307983
0	0.0810291858	0.0000932981	0.1219326628	0.0000033651	0.0104131697	0.7550717032	0.0001562742	0.0000003371	0.0003186607	0.0309813434
1	0.0289851065	0.0046660708	0.6357352715	0.2135444286	0.0000006737	0.0000000001	0.0184812342	0.0160069577	0.0649681823	0.0176120746
0	0.3184912643	0.0034326627	0.4438207729	0.0037119715	0.0661997891	0.0000010967	0.0000000038	0.1053958081	0.0568517474	0.0020948834
1	0.3152447619	0.4138884164	0.0055248039	0.0000000000	0.0005166509	0.0031344131	0.1608121232	0.0070089228	0.0938567456	0.0000131622
0	0.3188090451	0.0213695611	0.0000000016	0.0009324439	0.0028481700	0.0401305092	0.5447636357	0.0022362967	0.0673828314	0.0015275054
0	0.0098970305	0.0011751160	0.0000398772	0.0903824901	0.0113696434	0.0301272405	0.0000000997	0.0000011123	0.4716205587	0.3853868315
0	0.0002362944	0.2939133083	0.0390571637	0.1857821985	0.0119948891	0.0047229976	0.0002569317	0.0004939731	0.4535050944	0.0100371493
0	0.3817458185	0.0101617145	0.0042788000	0.3930323262	0.0049700588	0.1389502974	0.0000004882	0.0001051930	0.0005016425	0.0662536609
0	0.0055120090	0.5899939343	0.0165682656	0.0000280352	0.0001848109	0.1548941464	0.0005078701	0.0024788401	0.1461444182	0.0836876701
0	0.2309666916	0.3105533622	0.0091645928	0.0034200770	0.0000000659	0.0520883634	0.0721656917	0.3049448537	0.0089668568	0.0077294449
0	0.0906586665	0.0546003333	0.0143166209	0.0327454150	0.0070818510	0.3941851534	0.0000008395	0.3037741948	0.0089767426	0.0936601831
0	0.0317652007	0.0202915304	0.0043428051	0.1043019544	0.0341911283	0.0018953384	0.5733900094	0.0411231937	0.1815617820	0.0071370576
0	0.0664111973	0.1016385341	0.0000000048	0.0000516161	0.0851613954	0.4946452493	0.0003361211	0.0000000268	0.2327347638	0.0190210913
1	0.7889668412	0.0067744378	0.0067260157	0.0417196618	0.0003455490	0.0192340335	0.0000265506	0.0184123604	0.1123272925	0.0054672574
0	0.0278382555	0.8866919806	0.0206663577	0.0018712333	0.0000000000	0.0406910621	0.0037087456	0.0000774061	0.0096442885	0.0088106705
0	0.0818452764	0.1262277917	0.0000000000	0.0582072603	0.0000000002	0.0105343890	0.3214321009	0.0001663672	0.3543539072	0.0472329069
0	0.0508211894	0.6081279659	0.0367878176	0.0333777542	0.1377524850	0.0000000927	0.0000151393	0.0012187404	0.1262776844	0.0056211311
0	0.1725389553	0.0207587777	0.0000000000	0.0411461348	0.0458808187	0.1783739828	0.0075105535	0.0000013314	0.0138207945	0.5199686514
0	0.5520946847	0.1907969634	0.1016082161	0.0036483124	0.0001636611	0.0001862301	0.0312148072	0.0000000000	0.0020929516	0.1181941734
0	0.1379347951	0.0000023746	0.0094679023	0.7877691636	0.0000000000	0.0006483813	0.0091166846	0.0392368383	0.0158090122	0.0000148480
0	0.0387132596	0.0300050289	0.0000000000	0.0374171680	0.0089226910	0.7527772632	0.0096432004	0.0000649555	0.0158840261	0.1065724074
0	0.6216426790	0.0027055464	0.0130495825	0.3033596885	0.0000000542	0.0479244470	0.0002128133	0.0008914878	0.0009983161	0.0092153852
1	0.0660265495	0.8384587304	0.0000000000	0.0059892340	0.0006569277	0.0347544449	0.0094683172	0.0185722929	0.0233673369	0.0027061664
0	0.0028617400	0.0157523184	0.0003067366	0.2270790897	0.0056529231	0.0174114063	0.0413731264	0.0000000001	0.6754531636	0.0141094959
0	0.0943319130	0.0000000002	0.0003241218	0.0001780487	0.0003838717	0.0901401844	0.0685983581	0.0000000288	0.0004270387	0.7456164347
0	0.1629043832	0.0095134159	0.0214273157	0.0015177670	0.0007582794	0.0726844092	0.0102211530	0.0022859152	0.0013243773	0.7173629842
0	0.0142787243	0.8074724521	0.0000000000	0.0000000000	0.0000000123	0.0402596295	0.0000000000	0.0013516670	0.1364489538	0.0001885610
1	0.4939287302	0.0938196527	0.1683461141	0.0224060516	0.0330793979	0.1222851653	0.0391363021	0.0000000001	0.0264094918	0.0005890942
0	0.2478930068	0.0849352540	0.0142488055	0.1176371908	0.0002546970	0.1811309021	0.0353407157	0.0275254526	0.1428990960	0.1481348795
0	0.2002103628	0.0332640927	0.0016480155	0.1788311757	0.0800978699	0.0094230464	0.0005524478	0.0879093488	0.3902182513	0.0178453891
0	0.0006303804	0.2457105867	0.2931555899	0.2727480040	0.0211016813	0.0669155300	0.0138419115	0.0155627947	0.0305302963	0.0398032253
0	0.0373556978	0.0165749571	0.2286110459	0.0688592785	0.0493484500	0.1262388046	0.0000008071	0.0035715162	0.4694394428	0.0000000000
0	0.6231984134	0.0162118972	0.0537024429	0.0402546066	0.0000000005	0.1555331914	0.0011362008	0.0456186521	0.0378499281	0.0264946670
0	0.2036490608	0.0205223004	0.0000688678	0.2336373628	0.0224067499	0.0555384877	0.0046466293	0.3670279056	0.0924877492	0.0000148865
0	0.0399299135	0.1401460124	0.0280820745	0.0088521965	0.0002711766	0.4508789305	0.0190994756	0.0000141035	0.0000013036	0.3127248134
0	0.0001261520	0.0110968538	0.0700246328	0.0051974349	0.0016834752	0.8776429556	0.0001250916	0.0000003887	0.0307877929	0.0033152225
0	0.3940822227	0.1491438088	0.0172397867	0.1710937668	0.0053252705	0.0748758943	0.0086589563	0.0000000000	0.0000046902	0.1795756036
0	0.0000000000	0.6909501531	0.0000224232	0.0353031312	0.2420861159	0.0250602729	0.0013934780	0.0004451017	0.0046299327	0.0001093912
0	0.1814893373	0.1038873620	0.0000299613	0.0066649323	0.0230160910	0.5327567149	0.1254542811	0.0220282450	0.0000743297	0.0045987455
0	0.0887058605	0.0000000000	0.1202027404	0.0198900501	0.0000000000	0.5771414268	0.0000037737	0.0350584000	0.0277521442	0.1312456042
0	0.2334912910	0.0513542063	0.0177404504	0.0001954402	0.1555664834	0.0903865495	0.0000017970	0.0079156409	0.3029455159	0.1404026255
1	0.4490546352	0.2028096210	0.0930545947	0.0099924059	0.0097558458	0.1646283624	0.0273982440	0.0000000000	0.0025421644	0.0407641267
0	0.3213406845	0.2292351752	0.0117256031	0.1486021333	0.0364376790	0.0000003212	0.0302058883	0.0053911955	0.0650313696	0.1520299506
0	0.3648148130	0.2044838357	0.0000000000	0.1270985893	0.0003454692	0.2959881123	0.0000000000	0.0053314645	0.0000000564	0.0019376596
0	0.0556545622	0.2149324861	0.0000018991	0.0034726093	0.0000000000	0.3527184972	0.3581925653	0.0000048820	0.0000001481	0.0150223506
0	0.0773196046	0.0000034995	0.0000396666	0.1741422291	0.0869207025	0.3691100411	0.0000017742	0.2027923428	0.0394880088	0.0501821309
0	0.0115558599	0.6609139529	0.1877986678	0.0003214427	0.0357968557	0.0236522144	0.0015274822	0.0750662765	0.0000000007	0.0033672472
0	0.1314208488	0.0727774011	0.0486920647	0.1230780510	0.0059146354	0.1699415620	0.0118226762	0.0204899624	0.1074147986	0.3084479998
0	0.8541579219	0.0007472529	0.0206345219	0.0134589326	0.0142777609	0.0000265260	0.0019806632	0.0036507025	0.0204166808	0.0706490373
0	0.8627435587	0.0273927921	0.0267782854	0.0122579079	0.0042561893	0.0142159524	0.0336265460	0.0000000006	0.0020069656	0.0167218021
0	0.0945523813	0.2199933052	0.2283232694	0.0965461568	0.0000000000	0.0622373406	0.1098933105	0.0001079174	0.0384153973	0.1499309215
1	0.5667642730	0.0972853863	0.0009627867	0.0091906904	0.1231958387	0.1064895357	0.0408862457	0.0278763522	0.0106901634	0.0166587279
0	0.0030439551	0.0107012256	0.0216359270	0.1958957455	0.1817623265	0.3788454293	0.0031714134	0.0391316133	0.1499976112	0.0158147532
0	0.2005412368	0.0000000001	0.1188309135	0.3130695967	0.0000143757	0.1091449167	0.0017869831	0.0026840525	0.2539259881	0.0000019368
0	0.7297207747	0.0073339514	0.0000011707	0.0505737959	0.0758073009	0.0452377586	0.0012083002	0.0004317808	0.0000000000	0.0896851667
0	0.0671124217	0.1210358968	0.0023840706	0.0551002622	0.0375801636	0.3750561210	0.0641390273	0.0000000000	0.0102725439	0.2673194929
1	0.0000010819	0.3020048665	0.0000043524	0.0399811701	0.0707232112	0.1551459757	0.0580886269	0.0000000000	0.3683314823	0.0057192332
0	0.0013096163	0.6856427585	0.0716542795	0.0900901497	0.0000004620	0.0953178894	0.0000000521	0.0000000000	0.0533739073	0.0026108852
1	0.1547926344	0.0028052976	0.0522297522	0.1532329506	0.0687847239	0.0188738640	0.1826748560	0.0022026268	0.2344172928	0.1299860017
0	0.0087190829	0.0495779917	0.0217777897	0.0524419725	0.0010413927	0.7872350619	0.0088517281	0.0000043497	0.0696884115	0.0006622194
0	0.0076889204	0.4355226934	0.1046292568	0.0423876781	0.0496813502	0.0383947303	0.0000000048	0.0308329193	0.0313893591	0.2594730875
0	0.2216895269	0.5112054624	0.0012251166	0.0106319874	0.0131015493	0.1706699936	0.0394416651	0.0000471598	0.0011764550	0.0308110839
1	0.8017492403	0.0088789673	0.0247867778	0.0256278048	0.0045282876	0.0193080474	0.0871417158	0.0000000004	0.0277880807	0.0001910778
0	0.0509187626	0.0315016180	0.0007656321	0.0001045635	0.0810885765	0.3929241595	0.0073020703	0.0000000000	0.0005251322	0.4348694854
1	0.0083904449	0.0237538919	0.0000693866	0.0068627537	0.0001336300	0.7252735524	0.0716214043	0.0024574347	0.1513851735	0.0100523280
0	0.1261862882	0.0005359413	0.0003621126	0.7684028572	0.0040609250	0.0855331703	0.0004392012	0.0139362445	0.0001176333	0.0004256263
1	0.0715111224	0.0005712642	0.1962003691	0.0213833789	0.0004360702	0.5920988504	0.0022125322	0.0394716922	0.0470612010	0.0290535194
1	0.0242377275	0.4338148299	0.3748162621	0.0001984161	0.0485433082	0.1029021606	0.0000000000	0.0135991061	0.0018693953	0.0000187942
0	0.0544092003	0.8528977304	0.0342536736	0.0162925215	0.0038009807	0.0286671706	0.0030996213	0.0040545866	0.0025245149	0.0000000000
0	0.4187448958	0.0159309269	0.0000780462	0.2586599723	0.0123904506	0.0121183152	0.1194457540	0.0240269950	0.1359052957	0.0026993484
0	0.0078400550	0.0011631976	0.0108883804	0.0234434272	0.0000170080	0.7278368298	0.0248067801	0.1803268907	0.0000978816	0.0235795495
0	0.1797696054	0.0498314495	0.0001891344	0.2109080278	0.0826855971	0.0458940737	0.0000000000	0.0000130634	0.3798334601	0.0508755885
0	0.0252983680	0.5396058763	0.1042946148	0.0240833723	0.0195167149	0.0527178603	0.0001354595	0.0005002012	0.2338475327	0.0000000000
0	0.1986924796	0.0000000000	0.2559143803	0.0033586156	0.0082410398	0.0001760087	0.1093737517	0.0111659661	0.3876207752	0.0254569832
0	0.0206360235	0.3868132508	0.0721151714	0.3604577757	0.0050478106	0.1247422631	0.0213535337	0.0088021849	0.0000317180	0.0000002684
0	0.0042063004	0.0012028029	0.0229098484	0.0058066881	0.0485551649	0.0387561273	0.0412260719	0.0004827896	0.7522106984	0.0846435081
0	0.1941841397	0.0053466752	0.0392132522	0.4354759898	0.0096268128	0.2402812034	0.0000000002	0.0006030921	0.0752027397	0.0000660949
0	0.1634384659	0.1453011235	0.0206378611	0.0285085660	0.0045974446	0.2545673661	0.0633944318	0.0067557679	0.0848865769	0.2279123961
0	0.2686279072	0.1994935355	0.0000002070	0.3134566579	0.0885536264	0.0000000000	0.0009201341	0.0438261212	0.0723475631	0.0127742477
0	0.1395623766	0.5572096845	0.0408305238	0.0639399594	0.0560334315	0.0902039677	0.0000016891	0.0389060000	0.0124470465	0.0008653209
0	0.1040302638	0.0376286296	0.0001461941	0.0561660065	0.1435212824	0.0140885051	0.1009037818	0.0666241000	0.1319226271	0.3449686094
0	0.0407848481	0.0536881653	0.4167015008	0.2115398965	0.1379657024	0.0521095198	0.0008223580	0.0000077133	0.0755290450	0.0108512509
0	0.0179020147	0.7624042869	0.0000231952	0.0017416773	0.0000000000	0.0019094115	0.0180067575	0.0161463613	0.0029761267	0.1788901689
