0	0.0700619161	0.1225080839	0.0000002201	0.0000000000	0.5246588631	0.1239931598	0.0007143782	0.1038719161	0.0541501864	0.0000412763
0	0.1616593313	0.0300918969	0.6202436805	0.0000002125	0.0013208937	0.0746864425	0.0016252989	0.0833347667	0.0267977773	0.0002396996
0	0.0173240908	0.0000007137	0.2465117230	0.0029083114	0.0405357740	0.2039897139	0.0242592218	0.1958172361	0.0036811121	0.2649721031
0	0.0580052355	0.0039583509	0.7144652984	0.0178450680	0.0253377493	0.1163639581	0.0350458164	0.0065157052	0.0007346161	0.0217282021
0	0.0000000335	0.0035993391	0.1816075349	0.0823845925	0.0352003907	0.2162472727	0.0087395756	0.3447909411	0.0955833268	0.0318469931
0	0.0000095816	0.0335722041	0.1059968934	0.1961314519	0.0000000000	0.0111133557	0.0081607060	0.1970353997	0.0173135669	0.4306668406
0	0.0975981819	0.0000000270	0.1187779324	0.0483188692	0.0451670907	0.1527096470	0.1828134723	0.2173646533	0.1372352226	0.0000149036
0	0.0365851128	0.1280614025	0.4455967884	0.2627269547	0.0524287344	0.0083420558	0.0176377252	0.0132426815	0.0353785447	0.0000000000
0	0.1050150957	0.1041336622	0.0096296905	0.0065377895	0.0755535300	0.0000030197	0.0000003367	0.1867783793	0.0010531775	0.5112953187
0	0.2657290578	0.0003814180	0.1741240719	0.1671398005	0.0063653479	0.0866162095	0.0421221874	0.1351502126	0.0974480117	0.0249236827
0	0.0000632152	0.0034264715	0.0065365732	0.2180075140	0.0503064929	0.0333412482	0.0000149096	0.6318974023	0.0473279077	0.0090782654
0	0.0260416326	0.0000000004	0.0431157381	0.1216887622	0.5670037479	0.0320153161	0.0000026816	0.0000310775	0.0078919931	0.2022090506
0	0.0097618217	0.0378515634	0.7582744816	0.0434252499	0.0057104187	0.0914725968	0.0000000000	0.0008097710	0.0506351651	0.0020589319
0	0.1832985236	0.2203796116	0.1126547015	0.1498227278	0.1630335312	0.0360131075	0.0309743502	0.0935667632	0.0102424393	0.0000142440
0	0.0353042711	0.0186335102	0.0000034757	0.4997281545	0.0227579805	0.0037877934	0.1275511287	0.1163309751	0.0015384192	0.1743642916
0	0.0340571699	0.0008341740	0.0704770821	0.0559567396	0.0104343969	0.0180406930	0.0313505673	0.5073986125	0.0905393800	0.1809111846
1	0.0000964582	0.0999867994	0.0865796685	0.2378644234	0.0060884498	0.0000000000	0.0723642278	0.3763621842	0.0024844546	0.1181733340
0	0.0533268318	0.0085614138	0.6065081348	0.1205010587	0.1445317472	0.0182395141	0.0322236972	0.0055502229	0.0000000001	0.0105573794
0	0.1652509311	0.2083549706	0.0152518372	0.0016397075	0.0055037195	0.0244942831	0.0000000000	0.4018954838	0.1776090672	0.0000000000
0	0.0004273786	0.0000182996	0.0975622654	0.0152818098	0.8012649161	0.0000001552	0.0081066035	0.0007058019	0.0026646420	0.0739681279
0	0.1302667208	0.1205066385	0.1469579859	0.0703644559	0.0109951086	0.2596800989	0.0263822087	0.0983492657	0.0022162190	0.1342812980
0	0.0145815478	0.0000000001	0.0001094531	0.0259578026	0.2797541497	0.0022216139	0.0782466578	0.5979127015	0.0000000171	0.0012160564
0	0.0570365381	0.0009970745	0.0000000243	0.0452083726	0.5202229500	0.0968997845	0.1962965985	0.0362796578	0.0458247908	0.0012342089
0	0.0497469151	0.0763761515	0.3957859506	0.0163586563	0.0594517482	0.0136303164	0.1146285462	0.2498151942	0.0241749779	0.0000315436
0	0.0000672551	0.0593661428	0.0709187443	0.0588638106	0.0249876625	0.6512867243	0.0037473631	0.1275500232	0.0028522412	0.0003600329
1	0.0000021965	0.0939736193	0.0776298605	0.3637439932	0.0007227100	0.1646460741	0.0135175388	0.2576085110	0.0266238357	0.0015316609
0	0.0000000000	0.0074681422	0.0182727061	0.0031199776	0.0240411871	0.6203363213	0.2957397306	0.0005799141	0.0284160006	0.0020260204
0	0.0878550658	0.0044998344	0.2697980268	0.2864963392	0.1727873697	0.0001299654	0.0078685717	0.0297343426	0.1228076765	0.0180228080
0	0.0011969387	0.1515193976	0.0533295938	0.0000113465	0.3239231480	0.0103497871	0.0000000000	0.3916571174	0.0000007671	0.0680119038
1	0.0046261280	0.2393222117	0.0448816103	0.1449384914	0.0497974707	0.0219609219	0.1231822914	0.1717842566	0.0732217066	0.1262849113
0	0.0059331997	0.0012477276	0.4805931812	0.0120429173	0.0082519587	0.1140076655	0.1015957435	0.2763276065	0.0000000000	0.0000000000
0	0.0001664235	0.0553871448	0.0001773329	0.0245387577	0.0145171292	0.1883292016	0.0348444407	0.0056698536	0.6669225271	0.0094471887
1	0.0332003617	0.0518840894	0.0172625951	0.0414095417	0.0042002868	0.2663772561	0.0401694225	0.1743409824	0.1432839580	0.2278715064
1	0.0013188936	0.0284230516	0.0124456383	0.1801459497	0.0187085184	0.0113102939	0.0035101521	0.6387360658	0.0001048072	0.1052966295
0	0.0238202829	0.0014723550	0.0352849322	0.0129678926	0.4249574153	0.0071876919	0.0317540138	0.4466415612	0.0158867012	0.0000271539
0	0.0942232299	0.0000004051	0.0669610275	0.3637594262	0.0483740841	0.0000000315	0.0062079383	0.1248791223	0.0000000004	0.2955947346
0	0.0079955133	0.0193094280	0.0000000878	0.0185029953	0.8439384112	0.0548348939	0.0000725782	0.0423266186	0.0130194738	0.0000000000
0	0.1128865699	0.0066044673	0.4242584154	0.0750735105	0.0032278883	0.0543212169	0.0001396665	0.0005345421	0.3174131302	0.0055405928
0	0.0003967177	0.0022452760	0.1677845142	0.0028699756	0.0041247597	0.0000084050	0.0449606030	0.1252395386	0.6522536974	0.0001165127
0	0.3601328698	0.0209106783	0.0599303881	0.0625921991	0.0004715053	0.0364806539	0.0137267327	0.0926853707	0.0040131918	0.3490564104
0	0.0902753470	0.0413500761	0.5626933457	0.0000000038	0.0001316764	0.2629825146	0.0000069516	0.0049260029	0.0013525250	0.0362815568
0	0.0075978428	0.0209418951	0.1524613184	0.0091047281	0.0321712437	0.0208473525	0.0000410068	0.0227829602	0.7337832914	0.0002683611
0	0.0000000000	0.1745083129	0.3283451579	0.2395088004	0.1031710657	0.0181964651	0.0030375158	0.0687119441	0.0000000000	0.0645207381
0	0.0124959803	0.0184567430	0.4934391880	0.2513293234	0.0009548428	0.0601606643	0.0048285935	0.0139739759	0.0000000179	0.1443606709
0	0.0000019527	0.0065143460	0.1085153981	0.0226391613	0.0003634004	0.0307706543	0.0283985239	0.0073192703	0.2474364507	0.5480408422
0	0.0000000002	0.4961532461	0.0658970879	0.0471621408	0.0288560322	0.0612357183	0.0686640996	0.1417645444	0.0901013317	0.0001657988
0	0.1712668683	0.0308791914	0.3143662561	0.0000000023	0.0002340805	0.0000193425	0.2327680818	0.0617096237	0.0962360370	0.0925205165
0	0.0629586325	0.0070462906	0.2345755522	0.0536083528	0.0002080062	0.0160946785	0.0040014957	0.6117598913	0.0091959539	0.0005511462
0	0.3737045081	0.0000000000	0.0224753663	0.0109029816	0.3699380970	0.0024507796	0.0254778547	0.1484763484	0.0432989914	0.0032750728
0	0.0048916358	0.0625569706	0.1791091195	0.4571770278	0.0138902159	0.0473117254	0.0186651323	0.2160081538	0.0003899500	0.0000000688
0	0.2048739244	0.0745761458	0.3334183317	0.0128160051	0.0141111639	0.0158003622	0.0002370239	0.0434188037	0.2993657619	0.0013824774
0	0.0003193584	0.0499007789	0.5339037736	0.0037392721	0.0014475635	0.0348925448	0.0060175971	0.3664965182	0.0008076803	0.0024749131
0	0.0091371624	0.0368864941	0.2675544530	0.0053708813	0.0058313478	0.0012582349	0.0557325799	0.3578481226	0.2213354794	0.0390452445
1	0.0014212028	0.1116597502	0.0045008404	0.1312870845	0.0838705068	0.0498639433	0.0300631547	0.2468837389	0.1726264519	0.1678233265
0	0.2886813582	0.0032108873	0.4814604670	0.0070758420	0.0003021515	0.0013469021	0.0401597130	0.1267820441	0.0487837748	0.0021968599
0	0.0639462763	0.4457086037	0.0238744949	0.0204381797	0.3258744724	0.0218228362	0.0144720699	0.0000201961	0.0000000000	0.0838428709
0	0.0041069382	0.0734032701	0.2774504929	0.0903941394	0.4664386726	0.0000000000	0.0019917537	0.0416019673	0.0000041800	0.0446085859
1	0.0363755463	0.0230983945	0.0387562943	0.0428515188	0.0155927471	0.0360056433	0.2341295143	0.1391498307	0.3773161843	0.0567243264
1	0.0000000004	0.0550908829	0.0008936432	0.1687861751	0.2715946519	0.1692422610	0.0084515201	0.0387190990	0.1625321693	0.1246895971
2	0.0000000001	0.1639090563	0.0002518146	0.3114025382	0.0000559343	0.0153375805	0.1899290756	0.2890291935	0.0142469892	0.0158378178
0	0.0285267813	0.1600985005	0.1262487730	0.0975864072	0.0110313059	0.1088424639	0.0521048493	0.1944831145	0.2196069321	0.0014708724
0	0.1291280047	0.0715346158	0.2248681494	0.3658097825	0.0019728080	0.0828085269	0.0252346101	0.0719800469	0.0214739319	0.0051895238
0	0.0000198963	0.0950160874	0.3794155298	0.0327971490	0.0089293673	0.1256752403	0.0264043058	0.2707423504	0.0119002177	0.0490998561
0	0.0000000000	0.0000530726	0.0011060551	0.9447378740	0.0001541140	0.0508497534	0.0001527193	0.0018606565	0.0000394182	0.0010463369
0	0.0943819476	0.0668065635	0.0073537840	0.4776908009	0.0106792726	0.1991118007	0.0099208692	0.1298772092	0.0000001671	0.0041775852
1	0.0000000000	0.0121546692	0.0005221606	0.1004180086	0.0001391666	0.0000228644	0.0207723092	0.8094847831	0.0542510872	0.0022349511
0	0.0079230214	0.0326573121	0.0000005657	0.0175820097	0.0031221764	0.1656692135	0.0000000001	0.5674956650	0.1969713560	0.0085786802
0	0.0001400481	0.0054395179	0.4092491752	0.0000000833	0.0024042415	0.5504517316	0.0000004299	0.0162574396	0.0000001910	0.0160571419
0	0.0025150513	0.0438467740	0.0300127448	0.3885256897	0.4488021642	0.0066153744	0.0000469584	0.0235361486	0.0050627926	0.0510363020
0	0.0650027733	0.0756662367	0.2588502007	0.3126891857	0.0016887608	0.0015488798	0.0023558993	0.2820321507	0.0001591475	0.0000067656
2	0.0000000000	0.0939704122	0.1312513874	0.0407612521	0.0228141498	0.4387233711	0.0644835242	0.1222237848	0.0093283905	0.0764437279
0	0.0527015107	0.0012888333	0.4853991098	0.0009214886	0.0048841247	0.0000000000	0.2253685879	0.0000000000	0.0593544302	0.1700819149
0	0.0001848896	0.0435522312	0.0000000165	0.5576022871	0.0264113493	0.0000098125	0.0000000000	0.3039440390	0.0007824528	0.0675129221
0	0.0231313195	0.0669198912	0.0494282230	0.2650882616	0.0093481985	0.0030313704	0.0777359797	0.1778641177	0.0000037839	0.3274488545
0	0.0314990921	0.1509918189	0.5073652362	0.0621426138	0.0045359186	0.0001551685	0.0008397627	0.0636077127	0.0035608006	0.1753018760
0	0.0067162951	0.0007058550	0.0521693839	0.3605960043	0.0000428298	0.1222971729	0.2822939655	0.0618478245	0.1070147968	0.0063158722
0	0.0000016952	0.0025844641	0.0030661546	0.0512804343	0.0548380696	0.0934214133	0.0024281582	0.2873262538	0.3023138546	0.2027395023
0	0.1171545390	0.0000128658	0.0103028291	0.2794811979	0.1246799129	0.0000000000	0.1726015972	0.2174683785	0.0740235369	0.0042751426
0	0.2746631474	0.2164630416	0.0015043315	0.1076687889	0.0000281853	0.2158693986	0.0000000000	0.0000022079	0.0075292674	0.1762716314
0	0.0294175438	0.0110416572	0.0043362414	0.3971888424	0.0264743329	0.0450693983	0.0000000000	0.4638924653	0.0198071001	0.0027724186
0	0.0000486873	0.0587487878	0.4928419458	0.2144600000	0.0938555282	0.0034574918	0.0344100855	0.0863205846	0.0118314664	0.0040254225
1	0.0000376997	0.4847311613	0.1589777105	0.0426660907	0.0005342903	0.0083381572	0.0730217233	0.1328005469	0.0382173462	0.0606752738
0	0.0133198516	0.0912988088	0.3454962326	0.0798381031	0.0299595498	0.0226856194	0.0001695094	0.2463206915	0.0122508041	0.1586608297
0	0.0543960936	0.0067960845	0.1460120326	0.2993470584	0.0004409579	0.0237622690	0.2376983108	0.0612903082	0.0499019864	0.1203548986
0	0.0753766146	0.0202907039	0.1862382215	0.0003317768	0.0176725037	0.0308482560	0.0048702367	0.6456871822	0.0000000000	0.0186845047
0	0.1987775471	0.0000014324	0.0177975273	0.0372202126	0.0002356778	0.0542271285	0.0004163466	0.1056120491	0.2771491542	0.3085629243
0	0.0017508347	0.0070359632	0.0117732525	0.1286432370	0.0630626592	0.0097024743	0.1276231509	0.5717524779	0.0000000000	0.0786559502
0	0.0172604023	0.0598933909	0.0159016619	0.6247022368	0.0034726710	0.0755970571	0.0019620269	0.1896881674	0.0114898769	0.0000325087
0	0.1525316413	0.0285922801	0.1902905510	0.3584886713	0.0004534950	0.1082627399	0.0112649832	0.1473066309	0.0000560991	0.0027529084
0	0.0080210929	0.0100239741	0.1426889299	0.0104042405	0.0004235972	0.0007805811	0.0000000000	0.0772986413	0.0721173835	0.6782415595
1	0.0169465317	0.1447403982	0.0844972090	0.3906670137	0.0000000000	0.0150570261	0.0656964605	0.2339386422	0.0033856106	0.0450711080
0	0.3873451116	0.0000063920	0.0035954233	0.0371079787	0.1697239934	0.2445361186	0.0059550056	0.0111836710	0.0772069002	0.0633394056
0	0.1962339919	0.0333342136	0.0000001378	0.0585960643	0.1513710586	0.3129209206	0.0686886369	0.0783460929	0.0142904053	0.0862184783
0	0.0000000380	0.7006741724	0.0295782216	0.0000001434	0.0046270418	0.0233208523	0.0313902943	0.2087112820	0.0016943283	0.0000036258
0	0.0138133939	0.0000000000	0.4488131214	0.0000020879	0.0001538733	0.2622025881	0.0606797405	0.1028577102	0.0161687564	0.0953087283
0	0.0013618336	0.0001541106	0.0445359865	0.1517132849	0.4656983307	0.0087121697	0.0257745911	0.0297788653	0.2718291398	0.0004416880
0	0.0174833553	0.1281912746	0.0606280960	0.0957810035	0.0573573007	0.4123644151	0.0105671684	0.1260688865	0.0894403675	0.0021181324
1	0.0001990196	0.0702804582	0.1019408700	0.0967913654	0.0441316432	0.0816827614	0.0164801740	0.2073789955	0.0000007344	0.3811139783
0	0.0702246507	0.0755012770	0.0343629304	0.4361210596	0.0215067247	0.0001740666	0.0040394964	0.1815529543	0.0610090551	0.1155077851
1	0.0005085611	0.0000041758	0.0306340766	0.0117354348	0.0472909219	0.6867648453	0.0665911132	0.1213142479	0.0132421871	0.0219144362
