0	0.0000000000	0.9830799383	0.0169200617
0	0.6700865875	0.0020328497	0.3278805628
0	0.0036389113	0.0615866429	0.9347744458
1	0.3224987665	0.1434320674	0.5340691661
1	0.5518908332	0.0000000111	0.4481091557
0	0.3877779089	0.0935194205	0.5187026706
0	0.5911454764	0.1049630262	0.3038914974
0	0.0000404918	0.2552440865	0.7447154217
0	0.3884241309	0.0293604129	0.5822154562
0	0.3575377662	0.4473599523	0.1951022815
0	0.5314730896	0.4450131770	0.0235137334
0	0.3134226065	0.2919280054	0.3946493881
0	0.0338398916	0.0309549722	0.9352051362
0	0.8153714735	0.1846285234	0.0000000030
0	0.1613913050	0.0047818636	0.8338268314
0	0.0217938557	0.0909727120	0.8872334323
0	0.0369940750	0.9543665840	0.0086393409
0	0.0057067503	0.9942931170	0.0000001328
0	0.2293464032	0.0003017643	0.7703518325
0	0.0000000000	0.4720762568	0.5279237432
0	0.1884966874	0.7010290395	0.1104742731
0	0.3817173949	0.0000000000	0.6182826051
0	0.3877866186	0.5377946142	0.0744187672
0	0.3884413132	0.0000000196	0.6115586672
0	0.4191686488	0.5427434857	0.0380878655
0	0.1839958943	0.8160041057	0.0000000000
0	0.1410662629	0.1279591313	0.7309746058
0	0.0000000000	0.0025062980	0.9974937020
0	0.0000764932	0.0000000000	0.9999235068
0	0.1839340114	0.7983484564	0.0177175322
1	0.9082139724	0.0764865280	0.0152994996
0	0.3750407296	0.0688261800	0.5561330904
0	0.7580032478	0.1089217764	0.1330749758
0	0.4498776091	0.0000000615	0.5501223294
0	0.6559680442	0.3256698789	0.0183620769
1	0.7946331099	0.0000019120	0.2053649781
0	0.7672252966	0.1488079390	0.0839667644
0	0.7883973646	0.0166077424	0.1949948931
0	0.0065874379	0.3779911753	0.6154213867
0	0.9561768646	0.0272899839	0.0165331515
0	0.9966409299	0.0005584966	0.0028005735
0	0.0098265287	0.9893782440	0.0007952273
0	0.0856017590	0.2624865686	0.6519116724
0	0.1936081472	0.7894979811	0.0168938717
0	0.5139335414	0.4860664586	0.0000000000
0	0.7883777145	0.1747300825	0.0368922031
0	0.8084351306	0.0000000000	0.1915648694
0	0.6414959066	0.0000231732	0.3584809202
0	0.5322905209	0.0120540360	0.4556554431
0	0.0059999680	0.0280634752	0.9659365568
0	0.0404709989	0.3959886282	0.5635403730
1	0.8949808959	0.0008283942	0.1041907099
0	0.2159860560	0.1331228797	0.6508910643
0	0.3400260964	0.0000587759	0.6599151277
0	0.8179794371	0.0002299824	0.1817905805
0	0.0016206100	0.9983793900	0.0000000000
0	0.6323587046	0.3232253528	0.0444159426
0	0.6646444948	0.3111669369	0.0241885683
0	0.6357111964	0.3638204739	0.0004683297
0	0.0000000108	0.6113524081	0.3886475811
0	0.7956255089	0.1241334055	0.0802410856
0	0.3268714316	0.6731205884	0.0000079801
1	0.2200773183	0.7796309697	0.0002917120
0	0.1640577867	0.6347749829	0.2011672305
0	0.1622443935	0.8377500939	0.0000055126
0	0.1229367819	0.0034846747	0.8735785434
0	0.1739913318	0.0256646072	0.8003440610
0	0.0009290973	0.1825283737	0.8165425290
0	0.1062016180	0.8936499802	0.0001484018
0	0.0000000000	0.0000556101	0.9999443899
2	0.9535166567	0.0000013643	0.0464819789
1	0.0322248567	0.0000019737	0.9677731695
0	0.3612042152	0.5134956183	0.1253001665
0	0.7506257769	0.0164690797	0.2329051434
0	0.9757014636	0.0242894774	0.0000090590
0	0.6252758289	0.1622036742	0.2125204969
0	0.0153145401	0.9284922844	0.0561931755
0	0.0000215003	0.0096487590	0.9903297407
0	0.6223014211	0.3427634702	0.0349351087
0	0.6083116051	0.0003679056	0.3913204893
0	0.9938342587	0.0061652970	0.0000004444
0	0.0887343013	0.0777804840	0.8334852147
0	0.4181279529	0.1869621695	0.3949098776
0	0.6011568847	0.0621892724	0.3366538429
0	0.4500950077	0.2693826729	0.2805223194
0	0.6971817800	0.2210152775	0.0818029424
0	0.7594811783	0.2405176297	0.0000011920
0	0.9840096366	0.0000039509	0.0159864125
1	0.0010711800	0.6832123026	0.3157165173
1	0.9478265603	0.0000162553	0.0521571844
0	0.0000740562	0.8652655960	0.1346603478
0	0.0170633526	0.0000000000	0.9829366474
0	0.7602954420	0.1081094612	0.1315950968
1	0.3365453776	0.0000065971	0.6634480254
0	0.4468630891	0.5410856522	0.0120512587
0	0.1103946172	0.8283926877	0.0612126951
1	0.4068291479	0.3754767072	0.2176941450
0	0.1783803318	0.0000006796	0.8216189886
1	0.9703051142	0.0296754957	0.0000193902
0	0.2553137378	0.1572147428	0.5874715193
