0	0.4687386623	0.5038854184	0.0273759193
0	0.9939145185	0.0060854812	0.0000000003
0	0.0000200823	0.0000026601	0.9999772577
0	0.4189026666	0.3155987772	0.2654985562
1	0.5670356662	0.1294412821	0.3035230517
0	0.0000272888	0.1842010504	0.8157716608
0	0.0218469493	0.0000000000	0.9781530507
0	0.1404231678	0.0131768899	0.8463999424
1	0.0012969748	0.9803039046	0.0183991206
0	0.0000211252	0.0008302522	0.9991486226
0	0.5717142193	0.4282857807	0.0000000000
0	0.2541257927	0.1493034736	0.5965707337
0	0.0682654439	0.3268104193	0.6049241368
0	0.4157413732	0.3705943029	0.2136643240
0	0.2384498643	0.5200589913	0.2414911444
0	0.0142176525	0.1898438759	0.7959384716
0	0.0014628499	0.7245372258	0.2739999242
0	0.0000000000	0.0219537987	0.9780462013
0	0.0668376705	0.0574217966	0.8757405329
0	0.0086282925	0.0005448938	0.9908268137
0	0.5847521426	0.0177349054	0.3975129519
0	0.6196341389	0.2029043925	0.1774614686
0	0.1933269272	0.8041681559	0.0025049169
0	0.4673427445	0.5324936386	0.0001636169
0	0.8028000535	0.0038537559	0.1933461906
0	0.9224439561	0.0775560439	0.0000000000
0	0.4636152128	0.0462169169	0.4901678702
0	0.9541170878	0.0002858767	0.0455970354
0	0.0000000000	0.0274077990	0.9725922010
1	0.6290074021	0.0494048356	0.3215877623
0	0.0011746652	0.5092880885	0.4895372463
0	0.9835100806	0.0000000044	0.0164899151
0	0.9793567001	0.0206308331	0.0000124667
0	0.0041365303	0.4230882867	0.5727751830
0	0.3004982266	0.6995017734	0.0000000000
0	0.0303287659	0.0432126954	0.9264585387
0	0.4782880365	0.0004941772	0.5212177863
0	0.0015111982	0.0841594872	0.9143293147
0	0.0180215042	0.0043092623	0.9776692335
0	0.9344940688	0.0245984581	0.0409074731
0	0.0889542412	0.0490095436	0.8620362152
0	0.7167138889	0.0127798004	0.2705063107
0	0.0636229801	0.5598608137	0.3765162062
0	0.9706228492	0.0032774359	0.0260997149
0	0.9108396021	0.0772358812	0.0119245168
0	0.2737860931	0.7261794833	0.0000344236
0	0.0477832267	0.9522167733	0.0000000000
0	0.6015858185	0.0000131345	0.3984010470
0	0.0000000000	0.0976185630	0.9023814370
0	0.0086059383	0.9833819951	0.0080120665
0	0.0018220140	0.3068736220	0.6913043639
0	0.1882301450	0.0106634457	0.8011064092
2	0.5232300399	0.3482173609	0.1285525992
0	0.2605858045	0.7076224053	0.0317917902
0	0.1428585602	0.8571411553	0.0000002845
0	0.7535940831	0.0372628018	0.2091431151
0	0.8884470945	0.0774171573	0.0341357482
0	0.2437369858	0.5336448116	0.2226182026
0	0.1358016538	0.2958104328	0.5683879134
0	0.0000000002	0.0000011930	0.9999988068
0	0.3108659543	0.0144588674	0.6746751784
0	0.0270689012	0.0034109186	0.9695201801
0	0.2127646131	0.0183324369	0.7689029500
0	0.1585455137	0.4926005566	0.3488539297
0	0.0480269350	0.8114156405	0.1405574244
0	0.0000000000	0.9929284204	0.0070715796
0	0.0133868486	0.0000286235	0.9865845278
0	0.9694544672	0.0305101308	0.0000354020
0	0.7077829909	0.2881975371	0.0040194720
0	0.5813470450	0.0000032842	0.4186496708
0	0.0000096383	0.0161268961	0.9838634656
0	0.3243747121	0.0775061449	0.5981191430
0	0.2660318142	0.1530602133	0.5809079725
0	0.3061025850	0.4394145081	0.2544829069
0	0.9093684894	0.0825244884	0.0081070222
1	0.6661573987	0.0518384527	0.2820041486
0	0.1092435977	0.0936941818	0.7970622205
0	0.0000564922	0.2432167480	0.7567267598
0	0.5708777074	0.3874137119	0.0417085808
0	0.0115238213	0.0122160777	0.9762601010
1	0.3653423377	0.6346574516	0.0000002107
0	0.0477694514	0.0107531260	0.9414774226
0	0.3423363408	0.6116610508	0.0460026084
0	0.9986597309	0.0000000361	0.0013402329
0	0.7037547530	0.0000000000	0.2962452470
0	0.0298506577	0.6805908045	0.2895585377
0	0.0100490016	0.0013418943	0.9886091041
0	0.8615400770	0.1302044081	0.0082555149
1	0.8236501705	0.0044311271	0.1719187024
0	0.5799604644	0.0000000000	0.4200395356
0	0.1742135860	0.6660206710	0.1597657431
0	0.5537191456	0.0000014574	0.4462793971
0	0.0440379152	0.9556444060	0.0003176789
0	0.0000000001	0.9999656955	0.0000343044
0	0.4966249582	0.5033741019	0.0000009398
0	0.0000000009	0.0000503191	0.9999496800
0	0.0000400145	0.5505820770	0.4493779085
0	0.9102933073	0.0636472670	0.0260594257
0	0.0048512099	0.4194668682	0.5756819219
0	0.0245018230	0.8685395440	0.1069586331
