1	0.0075862403	0.9914672123	0.0009465474
1	0.0871652146	0.6584614726	0.2543733128
0	0.3422019822	0.4592613053	0.1985367125
0	0.0631927760	0.0434506031	0.8933566209
0	0.2583004457	0.3423320153	0.3993675391
0	0.8031217745	0.0000000000	0.1968782255
0	0.2015294994	0.3233575907	0.4751129099
0	0.7082707415	0.2822234867	0.0095057718
0	0.7621487542	0.0000000007	0.2378512451
0	0.0548780653	0.4850314443	0.4600904904
0	0.0000345256	0.4721509735	0.5278145009
0	0.1360725951	0.8057453768	0.0581820281
0	0.0063011675	0.3279687225	0.6657301100
0	0.9640803465	0.0260331352	0.0098865183
0	0.5386420772	0.0826584774	0.3786994453
0	0.3838131993	0.6121713871	0.0040154136
0	0.0531245508	0.8919075426	0.0549679066
0	0.0613374878	0.0540366798	0.8846258324
0	0.5700631267	0.4299367977	0.0000000756
0	0.7590870114	0.2404843344	0.0004286542
1	0.0626537420	0.2023939039	0.7349523542
1	0.4463775330	0.5536107935	0.0000116735
0	0.3613137224	0.2506428272	0.3880434505
0	0.7555246315	0.0000000032	0.2444753653
0	0.1418791466	0.8575568499	0.0005640035
0	0.0536325139	0.5352128846	0.4111546015
0	0.2272107797	0.3848642490	0.3879249713
0	0.7790326132	0.0145614884	0.2064058985
0	0.4781589706	0.5218162866	0.0000247427
0	0.0033413537	0.9572725167	0.0393861295
1	0.5736905674	0.3149481932	0.1113612395
0	0.5254451596	0.4745544145	0.0000004259
0	0.9065352305	0.0921796418	0.0012851277
0	0.2314479062	0.0086661219	0.7598859718
0	0.5443980896	0.3940715407	0.0615303697
0	0.9322173368	0.0630020767	0.0047805865
0	0.5031624567	0.0023354904	0.4945020529
0	0.4040230245	0.0081066856	0.5878702899
0	0.0000115081	0.9994984602	0.0004900318
0	0.0186365232	0.9681082757	0.0132552011
0	0.4615344932	0.0919728967	0.4464926101
1	0.9955608248	0.0044391752	0.0000000000
0	0.9496840875	0.0503159125	0.0000000000
2	0.0011621695	0.0784822702	0.9203555603
1	0.8590525880	0.0000327656	0.1409146463
0	0.0251116294	0.9748883476	0.0000000230
0	0.0597717424	0.0001751111	0.9400531465
0	0.3363131198	0.5783733928	0.0853134875
1	0.0014635997	0.9985364003	0.0000000000
0	0.9592155193	0.0405945743	0.0001899065
1	0.3368139072	0.5202709682	0.1429151247
0	0.0033741437	0.5612851269	0.4353407294
0	0.0486541809	0.1356642735	0.8156815456
0	0.0000472940	0.0533073969	0.9466453091
0	0.0856335156	0.0242175958	0.8901488886
0	0.1311932149	0.0077217455	0.8610850396
0	0.0083481450	0.9703306479	0.0213212071
0	0.0347805522	0.8093816449	0.1558378029
0	0.8618394445	0.1381605555	0.0000000000
0	0.2161899727	0.0564491514	0.7273608759
0	0.6510969099	0.3485124056	0.0003906845
1	0.0417280890	0.0000000000	0.9582719110
0	0.9979106220	0.0000000056	0.0020893724
0	0.0029226745	0.2153543123	0.7817230132
0	0.0041733032	0.0037694771	0.9920572197
0	0.0459569645	0.1985687578	0.7554742777
0	0.0429738714	0.5228557698	0.4341703588
0	0.3293863412	0.2565895144	0.4140241444
0	0.8986648686	0.0061480719	0.0951870596
0	0.1195348261	0.8778442624	0.0026209115
0	0.0001180099	0.0213052020	0.9785767882
0	0.0000799900	0.0000393010	0.9998807090
1	0.7511927368	0.2462323205	0.0025749427
1	0.7652747358	0.0018700538	0.2328552104
1	0.0173492117	0.0006429669	0.9820078214
0	0.0035925429	0.8459125489	0.1504949082
0	0.5565674158	0.0644172787	0.3790153055
0	0.7470433933	0.2492848618	0.0036717449
0	0.1912786740	0.3453390442	0.4633822818
0	0.0000000000	0.9998717612	0.0001282388
0	0.0015138795	0.8140698827	0.1844162379
0	0.0019910468	0.0087956112	0.9892133420
0	0.0379349358	0.0187578612	0.9433072029
0	0.2631053798	0.0000000008	0.7368946195
0	0.0000000000	0.8140495637	0.1859504363
0	0.6405302871	0.3430633375	0.0164063754
0	0.7015732402	0.2028362121	0.0955905477
0	0.0082608677	0.0007779960	0.9909611363
0	0.0001477948	0.0553610235	0.9444911817
0	0.6367277807	0.0111845369	0.3520876824
0	0.0000021312	0.9596009864	0.0403968824
0	0.0000000000	0.9934663050	0.0065336950
0	0.0000010569	0.0000000059	0.9999989372
0	0.0294530425	0.0891408740	0.8814060835
0	0.9058605544	0.0599171003	0.0342223453
0	0.1196161250	0.7184301868	0.1619536882
0	0.0000013152	0.0156219759	0.9843767089
1	0.0000377850	0.0836972289	0.9162649861
0	0.2354432835	0.7181910928	0.0463656237
0	0.1302573426	0.3589978204	0.5107448370
