0	0.1164861733	0.8165323114	0.0669815153
1	0.0548372237	0.0121520508	0.9330107255
0	0.0037553430	0.0008902285	0.9953544285
0	0.0000684988	0.9999315011	0.0000000001
0	0.0041082631	0.2706143990	0.7252773379
0	0.7942136999	0.2022879072	0.0034983928
0	0.0000560145	0.7148761756	0.2850678099
0	0.2632728467	0.0000169997	0.7367101536
0	0.5259259032	0.0561694851	0.4179046117
0	0.9629975364	0.0369946197	0.0000078440
0	0.5926665367	0.0511866934	0.3561467699
0	0.0225869159	0.0448224675	0.9325906167
0	0.1163636305	0.8428305171	0.0408058524
0	0.4800304765	0.0243914303	0.4955780932
0	0.4642344157	0.2118788827	0.3238867017
0	0.1511324515	0.0000000000	0.8488675485
0	0.9874147735	0.0000000096	0.0125852169
0	0.0426729127	0.9573270873	0.0000000000
0	0.0128745287	0.1103738351	0.8767516362
0	0.0711711191	0.7979556002	0.1308732807
0	0.0025245728	0.3989671508	0.5985082765
0	0.0000000052	0.8649216464	0.1350783484
0	0.1677205272	0.3184827885	0.5137966844
1	0.0447837275	0.9467956371	0.0084206354
0	0.0000000003	0.9995764531	0.0004235466
0	0.7510465749	0.2489505886	0.0000028365
0	0.8054541611	0.1243346026	0.0702112363
1	0.1286192123	0.0000027383	0.8713780494
0	0.9432574267	0.0567314974	0.0000110759
0	0.4662806823	0.0947762544	0.4389430634
0	0.3338744030	0.5547747728	0.1113508242
0	0.9973322790	0.0004399429	0.0022277781
0	0.0004743411	0.6335412438	0.3659844151
0	0.1277955126	0.8686680126	0.0035364748
0	0.7517148102	0.0268760695	0.2214091203
0	0.1955445865	0.4465958485	0.3578595650
0	0.2332710144	0.7648445953	0.0018843903
0	0.0000000000	0.0000784879	0.9999215121
0	0.0010497262	0.9673898560	0.0315604178
0	0.9996861486	0.0003138292	0.0000000223
0	0.0776338640	0.0888164454	0.8335496906
0	0.4063385678	0.2800494563	0.3136119759
0	0.2871414735	0.1105248926	0.6023336339
0	0.1233971174	0.7104617494	0.1661411332
0	0.1712272145	0.7736808668	0.0550919187
0	0.4147628301	0.4724789580	0.1127582118
0	0.5853792174	0.4122569324	0.0023638501
1	0.3313544395	0.6508561582	0.0177894024
0	0.6065972671	0.0262787491	0.3671239838
0	0.9457212260	0.0000005985	0.0542781755
0	0.0070220543	0.0801383499	0.9128395958
0	0.5219063356	0.3182379377	0.1598557267
1	0.0000100036	0.0180366239	0.9819533726
0	0.2487556615	0.7446752646	0.0065690739
0	0.8585055626	0.0006856936	0.1408087438
0	0.7018222932	0.2968606757	0.0013170311
0	0.0000000058	0.8335220756	0.1664779186
0	0.0389294540	0.8082173586	0.1528531874
0	0.0000002218	0.9999997782	0.0000000000
0	0.0000283562	0.0514776720	0.9484939718
0	0.0309232169	0.7338133767	0.2352634064
0	0.0150109974	0.1161545845	0.8688344181
0	0.1987551454	0.7381252807	0.0631195738
0	0.0224711398	0.3539146323	0.6236142279
0	0.0978549199	0.8939764531	0.0081686270
0	0.0000000001	0.9728650509	0.0271349490
0	0.0000002407	0.9421376312	0.0578621282
0	0.7085936098	0.1718686108	0.1195377795
0	0.1674486682	0.1143315835	0.7182197484
0	0.9028168118	0.0224645956	0.0747185926
0	0.1538700556	0.8461299444	0.0000000000
1	0.0000000020	0.2470711340	0.7529288639
0	0.9699847024	0.0010322709	0.0289830266
0	0.0062199247	0.4954285573	0.4983515180
0	0.0231282852	0.4669038401	0.5099678746
2	0.7250627812	0.1280259361	0.1469112827
0	0.9620924865	0.0088310880	0.0290764255
0	0.9815285682	0.0184686444	0.0000027875
1	0.2190243500	0.0003131198	0.7806625302
0	0.8367832132	0.1631883782	0.0000284086
0	0.1921485325	0.7020316850	0.1058197825
0	0.4790308053	0.4523729625	0.0685962322
0	0.4102047332	0.5897800164	0.0000152503
0	0.0106945449	0.0000868123	0.9892186428
0	0.1126117303	0.0776257383	0.8097625314
0	0.0169700252	0.4099071305	0.5731228444
0	0.4520033992	0.0000000011	0.5479965997
0	0.0034906792	0.9965093208	0.0000000000
1	0.0946691510	0.3356237472	0.5697071019
0	0.0965523805	0.1129931153	0.7904545042
0	0.1631989406	0.2957637877	0.5410372716
0	0.7291905784	0.0353073748	0.2355020469
0	0.4745179009	0.1533311254	0.3721509737
0	0.9099574492	0.0030155693	0.0870269815
0	0.5197230716	0.3512048898	0.1290720387
0	0.0109250690	0.4980611063	0.4910138246
0	0.1862633479	0.0021463817	0.8115902704
0	0.0089789908	0.1128872518	0.8781337574
0	0.5134106540	0.0014116447	0.4851777013
0	0.6917379397	0.2912650518	0.0169970085
