0	0.5114849885	0.1949743432	0.2935406682
0	0.0116699012	0.9653172418	0.0230128570
0	0.4190575084	0.0573375886	0.5236049030
0	0.9999999998	0.0000000001	0.0000000001
1	0.1245648539	0.8747822265	0.0006529196
0	0.1374957989	0.0045184404	0.8579857607
0	0.8653992050	0.0006181172	0.1339826779
0	0.9774581707	0.0158498181	0.0066920112
0	0.1947623470	0.1906193218	0.6146183312
0	0.0882325300	0.1663331418	0.7454343282
0	0.1568954543	0.0000000012	0.8431045445
0	0.8451710461	0.1548287130	0.0000002410
0	0.0005549548	0.7896420056	0.2098030396
0	0.0146647766	0.1165851797	0.8687500437
0	0.9379032267	0.0001460396	0.0619507337
0	0.2356772128	0.0000064183	0.7643163689
0	0.2393433363	0.0014828777	0.7591737860
0	0.6604455256	0.0028063772	0.3367480972
0	0.0794187283	0.0343626877	0.8862185839
0	0.0000128561	0.9651344809	0.0348526630
0	0.0000382482	0.0000000000	0.9999617518
0	0.4256395605	0.5156740761	0.0586863633
0	0.0001208850	0.0977204332	0.9021586818
1	0.0306912153	0.9356945692	0.0336142155
0	0.0154844343	0.9709468647	0.0135687011
0	0.6176209226	0.2210156705	0.1613634069
0	0.0665691424	0.9333078151	0.0001230424
0	0.6789479375	0.0940178269	0.2270342356
0	0.9022446097	0.0221675778	0.0755878126
0	0.0539782582	0.0000005079	0.9460212339
1	0.0000000000	0.0000000001	0.9999999999
0	0.1464018240	0.7478839983	0.1057141777
0	0.2709927432	0.0875826038	0.6414246530
0	0.0000000000	0.0004893525	0.9995106475
1	0.0000020954	0.0958543134	0.9041435912
0	0.1064091484	0.5905841064	0.3030067452
0	0.4371174920	0.1206917874	0.4421907206
0	0.4346371462	0.0000884295	0.5652744244
1	0.0235266049	0.0201253772	0.9563480179
0	0.0000000297	0.0403189935	0.9596809768
0	0.7223049050	0.0415234215	0.2361716734
0	0.0000020731	0.6670622260	0.3329357009
1	0.5646846618	0.0222159647	0.4130993734
0	0.5420465467	0.0049395003	0.4530139530
0	0.9871836231	0.0097947834	0.0030215935
1	0.2876820556	0.0000002026	0.7123177418
0	0.0000002444	0.1571302525	0.8428695031
0	0.9881000552	0.0097822319	0.0021177129
0	0.0280757555	0.8446903463	0.1272338982
0	0.0210905615	0.4798713232	0.4990381153
0	0.3839589413	0.1175578885	0.4984831702
0	0.0253288953	0.2953848969	0.6792862077
0	0.2332934117	0.0530409247	0.7136656636
1	0.8257197482	0.1742802518	0.0000000000
0	0.2214186204	0.0264928248	0.7520885549
0	0.0000000058	0.4362619262	0.5637380680
0	0.6405291486	0.3585945695	0.0008762819
0	0.5723542944	0.0298285669	0.3978171387
0	0.2793653310	0.3717084457	0.3489262233
0	0.6856217127	0.2791993197	0.0351789676
0	0.5371917239	0.0798552254	0.3829530507
0	0.9995995500	0.0003631841	0.0000372659
0	0.3237067372	0.2264742451	0.4498190178
0	0.0008057454	0.9991938577	0.0000003968
0	0.9312512258	0.0366011067	0.0321476675
1	0.0068813362	0.4622421048	0.5308765590
0	0.0005477866	0.9994339457	0.0000182677
0	0.2800861078	0.1677964968	0.5521173954
0	0.1117777732	0.1511770893	0.7370451375
0	0.0056423165	0.5914743914	0.4028832921
0	0.7778313478	0.2095917776	0.0125768746
0	0.1980320791	0.6149307968	0.1870371240
0	0.0936218704	0.6966325576	0.2097455720
0	0.0012077410	0.6833870058	0.3154052532
0	0.9619659202	0.0001469061	0.0378871736
0	0.0745649934	0.1407613328	0.7846736738
0	0.9351241299	0.0637273697	0.0011485004
0	0.0000000000	0.0007368654	0.9992631346
0	0.3996913658	0.4597137694	0.1405948648
2	0.0000001327	0.8797332134	0.1202666539
0	0.3590670757	0.1211017354	0.5198311889
0	0.0008176484	0.0000000000	0.9991823516
0	0.6387267097	0.1871572309	0.1741160593
0	0.0338348745	0.9345523487	0.0316127768
0	0.9924789013	0.0075210983	0.0000000004
0	0.4511154470	0.5281399114	0.0207446416
0	0.1910920257	0.7325263050	0.0763816693
0	0.9100094580	0.0556215741	0.0343689679
0	0.0060530365	0.0533521968	0.9405947667
0	0.0000000000	0.2989079807	0.7010920193
0	0.5901665323	0.3410947510	0.0687387168
0	0.7792487995	0.0453444658	0.1754067347
0	0.0521848139	0.9303510005	0.0174641856
0	0.0000000000	1.0000000000	0.0000000000
0	0.1787198235	0.0000000000	0.8212801765
0	0.7824236940	0.0000001805	0.2175761255
0	0.6142843849	0.3856935264	0.0000220888
0	0.9999945766	0.0000002784	0.0000051450
0	0.0000293768	0.6449051056	0.3550655176
0	0.1280266604	0.8218399178	0.0501334218
