0	0.5129629168	0.3655486342	0.1214884490
0	0.3490230619	0.4445012514	0.2064756867
1	0.4447732847	0.5506676053	0.0045591101
0	0.0753896674	0.9164589472	0.0081513854
0	0.2817462346	0.6837113429	0.0345424225
0	0.0000000002	0.9999655652	0.0000344345
0	0.0583552545	0.0000000025	0.9416447430
0	0.0640441490	0.1715698524	0.7643859986
0	0.4024982655	0.1413802256	0.4561215090
0	0.2852480714	0.2998898728	0.4148620558
0	0.7281127110	0.0050473474	0.2668399416
0	0.0000015972	0.9406378376	0.0593605653
0	0.3175630890	0.4789070880	0.2035298230
0	0.5765860176	0.0507063814	0.3727076010
0	0.8769389842	0.0160801202	0.1069808956
0	0.8799709936	0.0013258098	0.1187031967
0	0.8458778829	0.1181957245	0.0359263926
0	0.0505462009	0.9350216213	0.0144321778
1	0.4561899015	0.0079335540	0.5358765445
0	0.0000001005	0.1024380349	0.8975618646
0	0.0000001845	0.1221124540	0.8778873615
0	0.6775095075	0.0000000000	0.3224904925
0	0.8540040423	0.1075438889	0.0384520688
0	0.1492678789	0.7370657701	0.1136663510
0	0.9913964437	0.0000368552	0.0085667011
1	0.1006986808	0.8993013192	0.0000000000
0	0.9309435003	0.0410308291	0.0280256706
0	0.2577096949	0.4802654219	0.2620248832
0	0.1275865632	0.0000395890	0.8723738478
0	0.0548331895	0.9441150289	0.0010517816
0	0.9993619543	0.0004727223	0.0001653235
0	0.6841568729	0.0220433717	0.2937997555
0	0.4053255212	0.0649448633	0.5297296154
0	0.0077426293	0.9892153839	0.0030419868
0	0.0177767664	0.9616127752	0.0206104583
0	0.0626201667	0.8276718971	0.1097079362
0	0.1393816363	0.0000912896	0.8605270741
0	0.5873227471	0.4120867286	0.0005905243
0	0.8395476850	0.0000007372	0.1604515778
2	0.0000904025	0.9934719906	0.0064376069
0	0.4232125222	0.4819842782	0.0948031996
0	0.1983021710	0.0000000000	0.8016978290
0	0.6515277548	0.2691587523	0.0793134929
0	0.3798580254	0.5785428601	0.0415991145
0	0.2873759646	0.0165014576	0.6961225778
0	0.6481357207	0.0228270627	0.3290372167
0	0.2023861671	0.7961527785	0.0014610544
0	0.0190247295	0.0000049747	0.9809702958
0	0.0509836450	0.2188775749	0.7301387801
0	0.7287681666	0.2484092081	0.0228226253
0	0.1331783553	0.7921905810	0.0746310636
0	0.8768501548	0.0055018025	0.1176480427
0	0.7471605284	0.1154480930	0.1373913786
1	0.0012156445	0.6175641076	0.3812202480
0	0.8473785889	0.0063509663	0.1462704448
1	0.4395270044	0.5555370337	0.0049359620
0	0.9318087046	0.0631435242	0.0050477712
0	0.3193039387	0.6806960602	0.0000000011
0	0.2153137889	0.4267753946	0.3579108165
0	0.8060315205	0.0000000005	0.1939684791
0	0.0000000000	0.0527954757	0.9472045243
0	0.1899243932	0.1666487521	0.6434268548
1	0.2410604292	0.3662847693	0.3926548015
0	0.8607017641	0.0017522780	0.1375459579
0	0.0002338282	0.2025759654	0.7971902064
0	0.1403451790	0.6824164068	0.1772384142
0	0.0000000087	0.1050574941	0.8949424972
0	0.0418652792	0.9110572871	0.0470774337
0	0.9712566716	0.0000246167	0.0287187117
0	0.0005521853	0.9582777336	0.0411700811
0	0.3170611309	0.6816864232	0.0012524459
0	0.2373031235	0.7582651114	0.0044317650
0	0.0000102210	0.6115294436	0.3884603354
0	0.9753092722	0.0037614263	0.0209293014
0	0.3799342578	0.0000021628	0.6200635794
0	0.0753952629	0.7411401994	0.1834645376
0	0.0612261342	0.9387556786	0.0000181873
0	0.5331072581	0.0906845980	0.3762081439
1	0.0000112721	0.9809005112	0.0190882166
0	0.3441982845	0.5511596047	0.1046421108
0	0.1913560115	0.3893704601	0.4192735284
0	0.9537534216	0.0053077425	0.0409388358
0	0.7553224846	0.2439974811	0.0006800343
1	0.0000000131	0.5147088847	0.4852911022
1	0.6308011134	0.3092041883	0.0599946983
0	0.3414301028	0.0001539092	0.6584159880
0	0.0143635893	0.9611104608	0.0245259498
0	0.0000635973	0.9999293932	0.0000070095
0	0.9959966676	0.0036802764	0.0003230561
0	0.3554745590	0.6445254150	0.0000000260
0	0.1357801421	0.0294595699	0.8347602880
0	0.9314058067	0.0000000000	0.0685941933
0	0.5194477715	0.4805522285	0.0000000000
0	0.4453571514	0.0000000146	0.5546428340
0	0.0006843057	0.9993156943	0.0000000000
0	0.0214180913	0.9785392901	0.0000426185
0	0.0000000000	0.9365386105	0.0634613895
0	0.8218524615	0.1781475350	0.0000000034
0	0.6170902765	0.0398660656	0.3430436579
0	0.0192525321	0.9372405735	0.0435068944
