0	0.0674611224	0.0007112227	0.9318276550
0	0.1689837388	0.5036260225	0.3273902388
0	0.4024568753	0.0020557613	0.5954873634
0	0.3277538585	0.6306060316	0.0416401099
0	0.2055758825	0.7050027527	0.0894213648
0	0.0008225121	0.1265789665	0.8725985214
0	0.0154139076	0.7511845399	0.2334015525
0	0.0018147796	0.9246449049	0.0735403155
0	0.7354967866	0.2120445836	0.0524586299
0	0.0000146029	0.0322450518	0.9677403453
0	0.0162032823	0.1728289483	0.8109677694
0	0.0000770070	0.1215265014	0.8783964916
0	0.0000000002	0.2340423335	0.7659576663
0	0.3611910747	0.0000739510	0.6387349743
0	0.0000000000	0.9999964716	0.0000035284
0	0.9684141860	0.0315858140	0.0000000000
0	0.3231261418	0.3685896404	0.3082842178
0	0.1347650909	0.3458061937	0.5194287155
0	0.0000243846	0.2079805414	0.7919950741
0	0.4248011162	0.5695898250	0.0056090587
2	0.1151880387	0.8711483927	0.0136635686
0	0.7223376506	0.2005926645	0.0770696849
0	0.0000018742	0.2670080436	0.7329900821
0	0.6203632427	0.3717067051	0.0079300522
0	0.9136289297	0.0863609685	0.0000101018
0	0.7134499395	0.2631878304	0.0233622301
0	0.0011118347	0.9887181893	0.0101699760
1	0.0017568775	0.9843940092	0.0138491133
0	0.0377047898	0.0000001366	0.9622950735
0	0.0015046798	0.0227067173	0.9757886029
0	0.2580353748	0.0116943163	0.7302703089
0	0.0000000000	1.0000000000	0.0000000000
1	0.6607601442	0.3077089081	0.0315309476
0	0.0001530943	0.9629586395	0.0368882662
0	0.0074818923	0.9354896253	0.0570284825
0	0.2694237991	0.0005605119	0.7300156889
0	0.7640036934	0.0262271746	0.2097691319
0	0.0003323881	0.9048020103	0.0948656016
0	0.0697497309	0.9284515474	0.0017987217
0	0.2511133828	0.0758501979	0.6730364193
0	0.4758217265	0.4456342856	0.0785439879
0	0.0428264141	0.3705247473	0.5866488386
0	0.0000000000	0.1010526628	0.8989473372
1	0.0063463927	0.9936536073	0.0000000000
0	0.0062506769	0.2233917217	0.7703576014
0	0.0000007550	0.9999992450	0.0000000000
1	0.6304864208	0.1597194936	0.2097940857
1	0.7550081881	0.1650595844	0.0799322275
0	0.4834224014	0.0096668724	0.5069107262
0	0.9492044516	0.0000000091	0.0507955392
0	0.4126042415	0.5873925402	0.0000032183
0	0.2133522730	0.7381066825	0.0485410445
1	0.4117644982	0.5878481189	0.0003873829
0	0.0029143909	0.2886469382	0.7084386709
0	0.8810707997	0.0558333983	0.0630958020
0	0.0048772688	0.6483304351	0.3467922961
0	0.0856914591	0.9143085232	0.0000000177
0	0.0025449843	0.9520859038	0.0453691119
1	0.0007485220	0.9990270602	0.0002244178
0	0.0010452143	0.9561662695	0.0427885162
0	0.7034015589	0.2940552834	0.0025431577
0	0.4604205442	0.0145440999	0.5250353559
0	0.0762066214	0.6247147087	0.2990786699
0	0.2768756564	0.7231069533	0.0000173903
1	0.2531877819	0.7468122132	0.0000000049
0	0.6689979305	0.0271261846	0.3038758849
0	0.7480363633	0.0162276767	0.2357359600
0	0.0152338484	0.0005636754	0.9842024762
0	0.0991610262	0.8897933673	0.0110456064
0	0.0015811001	0.0230244434	0.9753944565
0	0.9144056745	0.0855943150	0.0000000105
0	0.1572784176	0.3899580449	0.4527635375
0	0.1340279179	0.7665730898	0.0993989922
0	0.6455275552	0.3544722499	0.0000001949
0	0.5523079275	0.4476917211	0.0000003514
0	0.4020959330	0.0000000000	0.5979040670
0	0.2127233002	0.3287688451	0.4585078546
0	0.0113857022	0.0000531653	0.9885611325
0	0.5566326317	0.1477098693	0.2956574990
0	0.1687541476	0.0073196443	0.8239262081
0	0.6221799586	0.0000000315	0.3778200099
0	0.8199746677	0.0000072055	0.1800181268
0	1.0000000000	0.0000000000	0.0000000000
0	0.6822551158	0.0000185696	0.3177263146
0	0.3412338815	0.3026190025	0.3561471160
0	0.6690087389	0.2800699270	0.0509213341
0	0.0022669066	0.9046220849	0.0931110084
0	0.0359899669	0.8948200872	0.0691899459
0	0.8921275183	0.0094247231	0.0984477586
0	0.1332976622	0.4475087923	0.4191935455
0	0.0000534049	0.5133996562	0.4865469390
0	0.1447174747	0.8552767581	0.0000057671
0	0.0561329554	0.1827027321	0.7611643125
0	0.7427290080	0.1744373493	0.0828336427
0	0.9963592426	0.0036407564	0.0000000010
0	0.7902742340	0.2013938602	0.0083319059
0	0.3784013874	0.0128062659	0.6087923467
0	0.0213564044	0.9321580386	0.0464855571
0	0.0121303509	0.9374326570	0.0504369921
0	0.0014481375	0.0000000000	0.9985518625
