0	0.8648722717	0.1064887826	0.0286389456
0	0.1835164994	0.8164660511	0.0000174495
0	0.4973687149	0.4042707078	0.0983605773
0	0.8115695591	0.0000000000	0.1884304409
0	0.0200561256	0.0579321246	0.9220117498
0	0.1253315509	0.0012877217	0.8733807275
0	0.9997723591	0.0000000000	0.0002276409
0	0.0000029071	0.9005107937	0.0994862993
0	0.1781602366	0.3262962977	0.4955434657
0	0.0000324767	0.7553626272	0.2446048961
0	0.9541846214	0.0458153774	0.0000000012
1	0.1055455841	0.7759247912	0.1185296247
1	0.0000015802	0.5267975683	0.4732008514
0	0.0039910905	0.5241260885	0.4718828210
0	0.3535112987	0.5254725368	0.1210161645
1	0.0062487922	0.0576363400	0.9361148677
0	0.0088873900	0.0360666404	0.9550459696
0	0.3120458163	0.3835195552	0.3044346285
0	0.4512491269	0.5452504852	0.0035003879
0	0.5002454906	0.4997545094	0.0000000000
0	0.8860736759	0.0000229220	0.1139034021
0	0.2133234355	0.0067852076	0.7798913569
0	0.2127240250	0.5280815685	0.2591944065
0	0.0000342030	0.3305826148	0.6693831822
0	0.0666081414	0.4526269499	0.4807649087
0	0.8340749685	0.0946321220	0.0712929095
0	0.0153315298	0.7158502034	0.2688182668
0	0.0004340819	0.0369480493	0.9626178688
0	0.0814263863	0.0000000000	0.9185736137
1	0.1822689928	0.4332339285	0.3844970787
0	0.0062920355	0.9529648748	0.0407430898
1	0.2539247017	0.5183836056	0.2276916927
0	0.3134048118	0.5680429364	0.1185522519
1	0.2085843768	0.6682093604	0.1232062628
0	0.2957255145	0.4310215360	0.2732529495
0	0.5198631549	0.4801368451	0.0000000000
0	0.9995166960	0.0000000000	0.0004833040
0	0.0150113136	0.4120983636	0.5728903228
0	0.0224529383	0.3806458288	0.5969012329
0	0.6705884365	0.0000262790	0.3293852845
0	0.1563671833	0.1496256882	0.6940071285
0	0.7740847828	0.1514593083	0.0744559089
0	0.3098458206	0.6887351707	0.0014190088
0	0.0001691903	0.0054615916	0.9943692181
1	0.0014136143	0.8426568617	0.1559295239
0	0.0000846137	0.9110216103	0.0888937760
0	0.0016354882	0.0092337025	0.9891308093
0	0.0117741368	0.9802339757	0.0079918875
0	0.0081542996	0.0005756143	0.9912700862
0	0.0002383965	0.9988059079	0.0009556956
0	0.6079376234	0.0002265682	0.3918358084
0	0.0203739279	0.6642400444	0.3153860277
0	0.0335681628	0.2122955654	0.7541362718
0	0.1371222144	0.0135024371	0.8493753486
0	0.9725255418	0.0181504247	0.0093240334
0	0.8828074795	0.0045236042	0.1126689163
0	0.8894459003	0.0818772891	0.0286768106
0	0.0000000000	0.4024869384	0.5975130616
0	0.3663549299	0.6289826147	0.0046624555
0	0.0046124290	0.0839639198	0.9114236513
0	0.1700421510	0.0000470034	0.8299108456
0	0.7232268430	0.0157258087	0.2610473482
1	0.0000065464	0.5341845071	0.4658089465
1	0.0095754260	0.9904078449	0.0000167291
0	0.4634978073	0.0000000077	0.5365021849
0	0.0000000000	0.0048291274	0.9951708726
1	0.0000396989	0.0788633139	0.9210969872
0	0.0006481124	0.9958608772	0.0034910104
0	0.4094795592	0.2082046412	0.3823157996
0	0.6280785697	0.0774174895	0.2945039409
0	0.0000000000	0.9228739511	0.0771260489
0	0.4023797376	0.4756349897	0.1219852727
0	0.7433473344	0.1595714618	0.0970812037
0	0.8472895922	0.1042580734	0.0484523343
0	0.5674222312	0.0023902546	0.4301875142
0	0.3706113388	0.6211813224	0.0082073389
0	0.0005905492	0.9567724716	0.0426369793
0	0.0000000010	0.7716779644	0.2283220347
0	0.0000664320	0.0184193189	0.9815142492
0	0.4641121217	0.4828685267	0.0530193516
0	0.2130994559	0.3094178661	0.4774826780
0	0.0029026613	0.9156807709	0.0814165678
1	0.0447794948	0.9552205052	0.0000000000
0	0.0576396145	0.3258396920	0.6165206934
0	0.2669468738	0.0436721298	0.6893809964
1	0.0010191570	0.2116423153	0.7873385278
0	0.9999946345	0.0000000000	0.0000053655
0	0.0288752873	0.3150320559	0.6560926569
0	0.7969423060	0.0000000000	0.2030576940
0	0.7095933283	0.0000000000	0.2904066717
0	0.2694264879	0.0611823485	0.6693911636
0	0.8286171904	0.0038501081	0.1675327015
1	0.0069568022	0.3370844961	0.6559587017
0	0.0215976621	0.8291314152	0.1492709227
0	0.9999999993	0.0000000000	0.0000000007
0	0.3865319581	0.0692962102	0.5441718317
0	0.4755046112	0.1451223495	0.3793730393
2	0.0000246468	0.7476296235	0.2523457296
0	0.1498268912	0.0337959258	0.8163771829
0	0.9013881962	0.0148819752	0.0837298286
