0	0.0399844525	0.8299647928	0.1300507546
0	0.7821654043	0.0000000009	0.2178345947
0	0.1019190774	0.2041534346	0.6939274881
0	0.7067872403	0.2932124418	0.0000003178
0	0.4092347054	0.0000000125	0.5907652822
0	0.0845074725	0.0000031726	0.9154893549
0	0.1689855688	0.4733559051	0.3576585262
0	0.0003663847	0.7650837365	0.2345498788
0	0.5165041364	0.1123730747	0.3711227889
0	0.0000026345	0.9599100247	0.0400873408
0	0.0573763904	0.0426058532	0.9000177563
0	0.0000016414	0.9999983554	0.0000000032
0	0.0000000044	0.9398174311	0.0601825645
0	0.9823344460	0.0008707358	0.0167948182
0	0.0068807262	0.8175055570	0.1756137168
0	0.6573151058	0.3426848942	0.0000000000
0	0.0551887725	0.6919951600	0.2528160675
0	0.4103110623	0.5896889377	0.0000000000
0	0.0000000000	0.8481498392	0.1518501608
0	0.0037128088	0.0329288819	0.9633583093
1	0.7830125807	0.1385803479	0.0784070714
0	0.6128830086	0.2661112652	0.1210057262
0	0.0156130914	0.8780309651	0.1063559435
1	0.0007270606	0.8613423101	0.1379306293
0	0.2104259593	0.2023364969	0.5872375437
0	0.3479011347	0.1427570841	0.5093417812
0	0.0005584767	0.4994930809	0.4999484424
0	0.0082476922	0.9917522110	0.0000000968
1	0.1983883338	0.8012225589	0.0003891073
0	0.3242595718	0.6126591858	0.0630812424
0	0.0000000000	0.9577502438	0.0422497562
0	0.1645042950	0.4972780964	0.3382176086
0	0.0759159942	0.9239950958	0.0000889100
0	0.9150389701	0.0063309298	0.0786301001
0	0.4572570650	0.0915044540	0.4512384811
0	0.8334403370	0.0934580638	0.0731015991
0	0.2214495269	0.0006597049	0.7778907683
0	0.2688963041	0.5496797915	0.1814239044
0	0.6908061221	0.2084241520	0.1007697259
1	0.0131860208	0.9868139792	0.0000000000
1	0.0746829728	0.9018323896	0.0234846375
0	0.9533266626	0.0466692500	0.0000040874
0	0.2388419776	0.7420219383	0.0191360841
0	0.0388460120	0.6460005021	0.3151534859
0	0.2638890158	0.0000002708	0.7361107134
0	0.5461713499	0.0000000000	0.4538286501
0	0.8929320061	0.1069865926	0.0000814013
0	0.0382764936	0.8368179875	0.1249055189
0	0.0086481872	0.3053307281	0.6860210848
1	0.0304781460	0.0049442072	0.9645776468
0	0.8113820265	0.1623148263	0.0263031472
1	0.0101275592	0.9801901549	0.0096822859
0	0.2524742941	0.3234080841	0.4241176218
0	0.8490443176	0.0036103584	0.1473453240
0	0.0016120311	0.7056985155	0.2926894534
0	0.0066764153	0.6430611774	0.3502624073
0	0.4061922191	0.5521699699	0.0416378111
0	0.7691650933	0.2303903487	0.0004445580
1	0.0071709531	0.9917488184	0.0010802285
0	0.0000616973	0.1912068557	0.8087314470
2	0.3261159578	0.6738840422	0.0000000000
0	0.1120587106	0.5533169132	0.3346243762
0	0.1510960378	0.7190625522	0.1298414100
0	0.3841599971	0.2725427826	0.3432972203
0	0.0009822925	0.0000000000	0.9990177075
0	0.9034989623	0.0041916335	0.0923094043
0	0.6703841792	0.0874654325	0.2421503883
0	0.1614055390	0.7367436546	0.1018508064
0	0.0784355135	0.0024590686	0.9191054179
0	0.9881432982	0.0000675184	0.0117891834
0	0.8000417172	0.0002760089	0.1996822739
0	0.9074055117	0.0923440569	0.0002504313
1	0.4428259366	0.5564987701	0.0006752933
0	0.0545038336	0.8914499008	0.0540462656
0	0.0498949746	0.7591472307	0.1909577948
0	0.9551987903	0.0000104511	0.0447907585
0	0.7462764708	0.2536834091	0.0000401201
0	0.0962418772	0.7487035011	0.1550546217
0	0.9597025927	0.0000000264	0.0402973809
1	0.3577599831	0.6227148188	0.0195251981
0	0.1216032519	0.0004655527	0.8779311954
0	0.2355881785	0.7640046516	0.0004071699
0	0.8449120378	0.1550086092	0.0000793530
0	0.0512364923	0.2681775845	0.6805859233
0	0.1785262879	0.0000754799	0.8213982322
0	0.2773275363	0.0259149078	0.6967575559
0	0.9897035434	0.0008860726	0.0094103840
0	0.1529577877	0.7680914448	0.0789507675
0	0.9999957518	0.0000042482	0.0000000000
0	0.0926102932	0.8806246318	0.0267650750
0	0.9997262616	0.0001628511	0.0001108873
0	0.0000000004	0.0000004265	0.9999995731
0	0.9998046365	0.0001953635	0.0000000000
0	0.7139381093	0.0595185209	0.2265433698
0	0.0171591956	0.6352676701	0.3475731343
0	0.6146050297	0.3365166179	0.0488783524
1	0.0000000000	0.9979232654	0.0020767346
0	0.0806684279	0.3580973187	0.5612342534
0	0.3574816919	0.5240861610	0.1184321471
0	0.9567018758	0.0418185515	0.0014795727
