0	0.7458220130	0.0465448309	0.2076331561
0	0.8619071452	0.0102975677	0.1277952871
0	0.9453597669	0.0546402331	0.0000000000
0	0.0402190158	0.8345497499	0.1252312344
0	0.1006846202	0.5870351929	0.3122801869
0	0.7716301907	0.1969304326	0.0314393766
0	0.3853297593	0.5774743405	0.0371959002
0	0.0005712327	0.7636140658	0.2358147014
1	0.0019680517	0.0431774717	0.9548544766
0	0.9227740245	0.0114001818	0.0658257938
0	0.0000000000	0.3820476260	0.6179523740
0	0.0000007413	0.3446756219	0.6553236368
0	0.7048657055	0.0738695118	0.2212647827
0	0.9721086843	0.0146394216	0.0132518941
0	0.7661808313	0.0754402479	0.1583789209
1	0.6120437672	0.2755473739	0.1124088589
0	0.6493233630	0.3506766370	0.0000000000
0	0.6505234997	0.1839331880	0.1655433122
0	0.0000000000	0.0023554529	0.9976445471
0	0.5641861336	0.0270448575	0.4087690089
0	0.9999973719	0.0000000000	0.0000026281
0	0.0220448170	0.9779551830	0.0000000000
1	0.0063441473	0.8886693906	0.1049864621
0	0.0004047573	0.0000000000	0.9995952427
0	0.9163756953	0.0828106626	0.0008136421
0	0.6565153201	0.0000012959	0.3434833840
0	0.0424762233	0.0000000002	0.9575237765
0	0.9109443917	0.0671132379	0.0219423704
0	0.0403119639	0.1462120778	0.8134759583
0	0.0039022852	0.2925279444	0.7035697704
0	0.1535202922	0.7716798514	0.0747998565
0	0.0195357832	0.5978091287	0.3826550881
0	0.2969540821	0.2488938563	0.4541520617
0	0.0274165372	0.3916117242	0.5809717387
1	0.0039254190	0.9950627021	0.0010118788
0	0.9895102747	0.0104617627	0.0000279626
0	0.6483321550	0.0045132204	0.3471546247
0	0.9370029718	0.0000064971	0.0629905311
0	0.9983048201	0.0000020941	0.0016930859
0	0.5837269228	0.3488899069	0.0673831703
1	0.0000006772	0.2552242703	0.7447750526
1	0.4619918302	0.5380081698	0.0000000000
0	0.0000007848	0.0732215731	0.9267776422
0	0.0089651088	0.5050117190	0.4860231722
0	0.5045878237	0.0554740319	0.4399381444
0	0.0363059229	0.8035332569	0.1601608202
0	0.9349550391	0.0064831699	0.0585617911
0	0.3187127225	0.6783779038	0.0029093738
0	0.5849827667	0.3277165638	0.0873006696
0	0.0541548279	0.0032011320	0.9426440401
2	0.0000000003	0.9964038189	0.0035961808
0	0.0060249534	0.9269734335	0.0670016131
1	0.0009500765	0.4234811129	0.5755688105
0	0.2212088550	0.0000002603	0.7787908847
0	0.3405044801	0.0196239370	0.6398715829
1	0.0000002661	0.1507952779	0.8492044560
0	0.1273739219	0.8714225971	0.0012034810
0	0.0002419665	0.5299543124	0.4698037211
0	0.3168815778	0.2177350976	0.4653833245
1	0.0194242432	0.9684453261	0.0121304306
0	0.3927366764	0.6071196312	0.0001436924
0	0.5284738140	0.2689635151	0.2025626709
0	0.1806710258	0.7711299956	0.0481989787
0	0.5066036856	0.4727853610	0.0206109534
0	0.7427268163	0.2562276385	0.0010455453
0	0.8530268188	0.0436523114	0.1033208698
0	0.0685206116	0.7640861157	0.1673932727
1	0.4845147123	0.0010793188	0.5144059689
0	0.0000308111	0.2714789634	0.7284902255
0	0.0042881490	0.4320229691	0.5636888819
0	0.0000356046	0.0000000000	0.9999643954
0	0.7074723486	0.1807283136	0.1117993378
0	0.7320300912	0.2679699087	0.0000000001
0	0.7998550348	0.0100134390	0.1901315262
0	0.0025621450	0.9974360751	0.0000017799
0	0.8048952079	0.1950794520	0.0000253401
0	0.0000000104	0.3265012773	0.6734987123
1	0.0655064367	0.2199894796	0.7145040837
0	0.1310386371	0.0191539512	0.8498074117
0	0.0726377982	0.0001445044	0.9272176974
0	0.5484855873	0.4083511710	0.0431632417
0	0.1763006518	0.6795383043	0.1441610439
0	0.0000993307	0.0176284432	0.9822722261
0	0.0003196135	0.8121071199	0.1875732666
0	0.0149480346	0.5484223155	0.4366296499
0	0.0370774249	0.9033224137	0.0596001614
0	0.5881637066	0.2019820583	0.2098542351
0	0.9395971257	0.0003167035	0.0600861708
0	0.0106412729	0.9893125971	0.0000461300
0	0.9955741480	0.0000000000	0.0044258520
0	0.7361624142	0.0037322924	0.2601052934
1	0.1170485313	0.1289381738	0.7540132949
0	0.2507523249	0.3005547345	0.4486929406
0	0.1782990239	0.1970027310	0.6246982452
0	0.8343104137	0.0031211646	0.1625684217
0	0.5937056832	0.0355516589	0.3707426580
0	0.6009760907	0.0066287563	0.3923951530
1	0.7562483248	0.2281558214	0.0155958538
0	0.1044005155	0.8234617456	0.0721377389
0	0.0076866721	0.9921138993	0.0001994286
