0	0.5060591210	0.1093491287	0.3845917503
0	0.0071556382	0.0663374202	0.9265069416
1	0.0000000000	0.7045668235	0.2954331765
0	0.1946503709	0.6582970549	0.1470525742
0	0.0000000018	0.6453052259	0.3546947723
0	0.9285171763	0.0030375922	0.0684452315
0	0.0016674828	0.3229230713	0.6754094459
0	0.5286913470	0.3144705342	0.1568381188
0	0.8030349921	0.1928015080	0.0041634999
0	0.3938329344	0.1994012623	0.4067658032
0	0.0000427789	0.3544647453	0.6454924758
0	0.2820230211	0.0471836740	0.6707933049
0	0.3834189383	0.1001311544	0.5164499073
0	0.0326681693	0.9673318307	0.0000000000
0	0.9470854619	0.0466342325	0.0062803056
0	0.0075957771	0.7272999116	0.2651043114
0	0.0000000000	0.7822321257	0.2177678743
0	0.0322670598	0.9677329402	0.0000000000
0	0.0004938997	0.6835067149	0.3159993855
0	0.0133625736	0.1610393529	0.8255980735
0	0.2888748107	0.0002050418	0.7109201475
0	0.0050006709	0.1091798578	0.8858194713
0	0.7851526550	0.1828069814	0.0320403636
0	0.0000000000	0.0000000001	0.9999999999
0	0.0000016298	0.0000000042	0.9999983660
2	0.0000000001	0.9996810717	0.0003189283
0	0.2297597916	0.0000020762	0.7702381322
0	0.8781502089	0.0003594282	0.1214903629
0	0.0000076138	0.4696969736	0.5302954126
0	0.6943418332	0.2182445521	0.0874136147
1	0.5901819666	0.2129733549	0.1968446785
0	0.1317201986	0.0143856999	0.8538941015
0	0.5749720189	0.1312130305	0.2938149506
0	0.6069007417	0.0231196173	0.3699796410
0	0.0249534890	0.6208836206	0.3541628903
0	0.0535807792	0.7920002860	0.1544189348
1	0.0000001880	0.0026817593	0.9973180527
0	0.0081568878	0.5758232925	0.4160198196
0	0.3359951114	0.6565809190	0.0074239695
0	0.3015883313	0.0111290120	0.6872826567
0	0.0223045095	0.1856731953	0.7920222952
0	0.8458437062	0.0000011006	0.1541551932
0	0.9440221622	0.0001807084	0.0557971294
0	0.3301494371	0.6545539253	0.0152966375
1	0.1940218203	0.7015559076	0.1044222721
0	0.1620641940	0.8258353865	0.0121004194
0	0.0000000015	0.5579614607	0.4420385378
0	0.3500084404	0.1160908684	0.5339006912
0	0.8086166403	0.0001972145	0.1911861453
0	0.0000000000	0.0239794323	0.9760205677
0	0.0000000000	0.6724660971	0.3275339029
1	0.0034300959	0.7396077650	0.2569621391
0	0.4899789112	0.0074644613	0.5025566275
0	0.4641937322	0.0009319662	0.5348743016
0	0.0052119715	0.0380070633	0.9567809652
0	0.0000000111	0.9738982044	0.0261017846
0	0.2172722248	0.0279172970	0.7548104783
0	0.0121266059	0.0080081680	0.9798652261
0	0.0002315905	0.4749215649	0.5248468446
0	0.9988353887	0.0000000000	0.0011646113
0	0.1155262043	0.2587836517	0.6256901440
0	0.9991519445	0.0008235826	0.0000244730
0	0.0222882373	0.8979791478	0.0797326149
0	0.0000000000	0.3486825241	0.6513174759
1	0.6551513623	0.3431546584	0.0016939792
0	0.2606485708	0.6527345617	0.0866168675
0	0.0000009364	0.0486416283	0.9513574353
0	0.0325665606	0.0306870422	0.9367463972
1	0.0624468918	0.3116334415	0.6259196667
0	0.0076698357	0.4111371652	0.5811929991
0	0.3459687763	0.0760236324	0.5780075913
0	0.0035554777	0.3478117746	0.6486327477
0	0.9290956129	0.0250046193	0.0458997678
0	0.3126991564	0.0110989760	0.6762018677
0	0.5797941566	0.0000506089	0.4201552345
0	0.7007039624	0.2992960376	0.0000000000
0	0.0005680084	0.9994315148	0.0000004768
0	0.2504531842	0.4782447929	0.2713020229
0	0.4783844522	0.5215345215	0.0000810263
0	0.0306188830	0.2733205669	0.6960605501
0	0.0302650642	0.0000000001	0.9697349357
0	0.9960012693	0.0001306643	0.0038680665
0	0.0222230889	0.0000000000	0.9777769111
0	0.0553270374	0.5770499553	0.3676230074
0	0.2470540503	0.6167290711	0.1362168786
0	0.2935683894	0.3712257568	0.3352058537
0	0.6565041769	0.3398277417	0.0036680814
0	0.9712573585	0.0000107116	0.0287319299
0	0.5524550356	0.4473978244	0.0001471400
0	0.0031410826	0.0317076556	0.9651512618
0	0.2963891790	0.4714152823	0.2321955387
0	0.2752091762	0.0000025859	0.7247882379
0	0.2203426484	0.0393838211	0.7402735305
0	0.1985537055	0.5844281986	0.2170180959
0	0.3890159882	0.5196729119	0.0913110998
0	0.5777985431	0.1858970156	0.2363044413
0	0.8744272841	0.0926486275	0.0329240884
0	0.1146454351	0.2350287098	0.6503258552
0	0.1528575248	0.3959209804	0.4512214948
0	0.3787484079	0.5734291302	0.0478224619
