0	0.1428312175	0.0092631852	0.8479055972
0	0.1615280715	0.1463508988	0.6921210297
0	0.3617609640	0.0369855259	0.6012535102
0	0.0064705209	0.0741540446	0.9193754345
0	0.0003798121	0.1311773225	0.8684428654
1	0.1311448078	0.4905598553	0.3782953368
0	0.3409688927	0.1939683501	0.4650627572
0	0.2259502191	0.0990547115	0.6749950694
0	0.1324974010	0.8596389971	0.0078636020
0	0.7905906249	0.2093174309	0.0000919443
0	0.0030684750	0.0000002341	0.9969312909
1	0.2974934569	0.6542632306	0.0482433125
0	0.0030401814	0.9969127896	0.0000470290
0	0.0186971009	0.4794168165	0.5018860826
1	0.2282608089	0.1352028464	0.6365363447
0	0.1947531496	0.0000023977	0.8052444527
0	0.0007992281	0.8793669248	0.1198338471
0	0.1350167838	0.8592032139	0.0057800023
0	0.3070323024	0.0259011493	0.6670665483
0	0.0397575609	0.9590683986	0.0011740405
0	0.9207385556	0.0571387650	0.0221226795
0	0.0014202462	0.9448059992	0.0537737546
0	0.0001988525	0.3881362001	0.6116649474
0	0.3241654599	0.6752849749	0.0005495651
0	0.1389799980	0.0000000000	0.8610200020
1	0.3739424102	0.3727635563	0.2532940335
0	0.3586999060	0.6413000927	0.0000000014
0	0.4308206640	0.5689521693	0.0002271667
0	0.1198382368	0.8673524724	0.0128092908
0	0.0000229980	0.0000000012	0.9999770008
0	0.9955597053	0.0031378758	0.0013024189
0	0.0521814707	0.3365838034	0.6112347260
0	0.1616583540	0.6686634628	0.1696781832
0	0.5548412982	0.4443873829	0.0007713189
0	0.0749304174	0.9214596650	0.0036099176
0	0.0385129675	0.2161008866	0.7453861459
0	0.0008200483	0.0430836149	0.9560963368
0	0.9997972101	0.0002027899	0.0000000000
0	0.5364856601	0.4571747213	0.0063396186
0	0.9489021818	0.0000000247	0.0510977935
0	0.2193100129	0.0007643155	0.7799256716
0	0.1186070823	0.8706273260	0.0107655916
0	0.2922510526	0.4426106673	0.2651382800
0	0.9813514375	0.0186259462	0.0000226163
0	0.7785362707	0.0410897038	0.1803740255
0	0.4286233321	0.2070511644	0.3643255035
0	0.4467683431	0.4927714368	0.0604602201
0	0.0615381532	0.9384581531	0.0000036937
0	0.4942421484	0.3566614215	0.1490964301
1	0.1745445808	0.7417002292	0.0837551901
0	0.0485653147	0.8618058108	0.0896288745
0	0.5267846767	0.0000000806	0.4732152427
0	0.0000120099	0.9676004392	0.0323875509
0	0.0000000010	0.0343060312	0.9656939679
0	0.0000471299	0.1924972295	0.8074556406
0	0.9999972260	0.0000000002	0.0000027739
0	0.0727151905	0.9106818383	0.0166029712
0	0.1131995074	0.7907450478	0.0960554448
0	0.0001557601	0.0003967889	0.9994474510
0	0.0194135117	0.0036766858	0.9769098025
0	0.0942701788	0.0275660741	0.8781637471
0	0.0536310218	0.0417907647	0.9045782134
0	0.0628233372	0.0845352127	0.8526414502
2	0.0000039146	0.1907504264	0.8092456590
0	0.8283264131	0.0000000000	0.1716735869
1	0.0001653151	0.9219955471	0.0778391378
1	0.0001253340	0.9682637883	0.0316108776
1	0.0019164114	0.4087513546	0.5893322340
0	0.9879928636	0.0000024570	0.0120046794
0	0.9941296848	0.0015923701	0.0042779451
0	0.3284387519	0.0346008554	0.6369603926
0	0.0068769682	0.6579052902	0.3352177416
0	0.0950446731	0.0001355208	0.9048198061
0	0.0248665967	0.0129654406	0.9621679627
0	0.0000000000	0.9291303680	0.0708696320
1	0.0028324246	0.1363968613	0.8607707141
0	0.1913024028	0.8067098736	0.0019877236
0	0.9756107384	0.0000470018	0.0243422599
0	0.1988691780	0.8011307965	0.0000000255
0	0.8052679445	0.0017509762	0.1929810792
0	0.0000068398	0.6383886894	0.3616044708
0	0.3240992108	0.3366430223	0.3392577669
0	0.0015359027	0.7076763205	0.2907877769
0	0.0102852245	0.9896534331	0.0000613425
0	0.9135107470	0.0635289437	0.0229603093
0	0.9999982523	0.0000017189	0.0000000289
0	0.3039794061	0.4055449418	0.2904756520
0	0.0020028926	0.9978706686	0.0001264388
0	0.0000565113	0.0229838726	0.9769596161
0	0.0339285188	0.0000000000	0.9660714812
0	0.6118203123	0.0255445088	0.3626351788
0	0.0000115696	0.9999107785	0.0000776519
0	0.7559067735	0.2086050472	0.0354881793
0	0.6708255509	0.0202336172	0.3089408320
0	0.7692760699	0.1221529013	0.1085710288
0	0.8152619789	0.1778501242	0.0068878969
0	0.6020917351	0.3955192640	0.0023890009
0	0.5368359471	0.3150426291	0.1481214238
0	0.0805824259	0.2078262504	0.7115913236
0	0.2456181216	0.7167655373	0.0376163411
