0	0.0349446866	0.0500471657	0.1274896482	0.3118276154	0.4756908841
0	0.0603165165	0.0004096624	0.9289477188	0.0065918912	0.0037342111
0	0.0000000000	0.0147506169	0.0000105184	0.0434024175	0.9418364472
0	0.4238068905	0.0989771234	0.2163964592	0.0100633665	0.2507561605
0	0.0000995205	0.0000003890	0.4456405502	0.5005825603	0.0536769801
0	0.0109607989	0.0477141409	0.5599559373	0.0050719700	0.3762971530
0	0.0000418936	0.6556634956	0.2019418468	0.0586159661	0.0837367979
0	0.0023621788	0.1853389750	0.0921527417	0.7201153598	0.0000307446
0	0.1728546959	0.0058952287	0.4298315591	0.2443103902	0.1471081262
0	0.0266644281	0.9138723011	0.0199151683	0.0382348596	0.0013132429
0	0.0045510103	0.3423110911	0.6472679742	0.0001724249	0.0056974995
0	0.0000000189	0.7860382419	0.0374616993	0.1349712571	0.0415287827
0	0.0000752729	0.0399933572	0.6708835980	0.1459797887	0.1430679832
0	0.0066388380	0.0028684801	0.1438963945	0.6684543271	0.1781419604
0	0.0000184269	0.5696447692	0.2380228116	0.1922893937	0.0000245986
0	0.0626038393	0.8582800926	0.0378016437	0.0178291067	0.0234853176
0	0.0001109495	0.9934931838	0.0020511348	0.0000211735	0.0043235585
0	0.0000000879	0.3908679600	0.0639545085	0.4363452681	0.1088321754
0	0.0372888975	0.4207395913	0.4200643289	0.1216468399	0.0002603424
0	0.0405868960	0.1898879062	0.0065760046	0.6637161335	0.0992330597
0	0.0040397495	0.1056836463	0.5488362671	0.2946971021	0.0467432350
0	0.0928599506	0.2774509647	0.0313754836	0.4101813994	0.1881322018
0	0.0090428195	0.5889224942	0.1849301970	0.1967598794	0.0203446099
0	0.2369012989	0.1635710887	0.0755484791	0.2811430134	0.2428361198
0	0.0110521244	0.2079248715	0.2219681305	0.5563329040	0.0027219696
0	0.0001284956	0.0100298665	0.0226338152	0.0763503639	0.8908574588
0	0.0013103682	0.0579606462	0.5764861381	0.3357326063	0.0285102412
0	0.0593870406	0.2850877164	0.0372739706	0.3621726141	0.2560786583
0	0.0018997992	0.0426176281	0.4494849961	0.4937180648	0.0122795118
0	0.0006160394	0.0004091874	0.0197243226	0.9755587694	0.0036916812
1	0.0209583998	0.7346388625	0.0417585883	0.0338000303	0.1688441192
0	0.0166714655	0.0000000001	0.7940330186	0.0465528950	0.1427426209
0	0.0037728678	0.2850729136	0.0376083623	0.6652553796	0.0082904767
0	0.0057655881	0.0419744961	0.5677541471	0.3506549134	0.0338508553
1	0.2436361902	0.3313694511	0.0011404899	0.4238538123	0.0000000564
0	0.0000000000	0.0010221255	0.2681647937	0.5894947989	0.1413182819
0	0.0275380090	0.6351023703	0.0019467942	0.3346057470	0.0008070795
0	0.6701849504	0.0000006211	0.2044157610	0.0592322161	0.0661664513
0	0.0252772545	0.0057692737	0.0000142983	0.4150080465	0.5539311270
0	0.0272111820	0.0001544537	0.7844223449	0.1169671840	0.0712448355
0	0.0366910822	0.9008335593	0.0039580763	0.0577898104	0.0007274718
0	0.0000071349	0.6607247234	0.1105421278	0.1958481750	0.0328778389
0	0.0082553775	0.1706002387	0.0034355022	0.8175939744	0.0001149072
0	0.0566852548	0.0358215617	0.2438833770	0.6311542232	0.0324555833
0	0.0793163134	0.3231703720	0.5975133093	0.0000000048	0.0000000006
0	0.0000022162	0.0024147339	0.7030336632	0.1835445683	0.1110048183
0	0.0555865036	0.0098493169	0.0529735358	0.2541084847	0.6274821589
0	0.0000000008	0.0160599113	0.7201831637	0.2184571687	0.0452997555
0	0.0000000000	0.1480191601	0.1353698486	0.6608013252	0.0558096661
0	0.2223702262	0.2528271697	0.5184739191	0.0050470828	0.0012816022
0	0.0150100396	0.0005391662	0.0095595068	0.2569955589	0.7178957285
0	0.0263306863	0.1211108162	0.0015395429	0.0528278859	0.7981910687
0	0.0001599696	0.1783199134	0.1389216456	0.1758173917	0.5067810796
0	0.0000000000	0.3502907861	0.0002234347	0.0108329799	0.6386527993
0	0.0005376927	0.0319273865	0.7386619281	0.0435931709	0.1852798219
1	0.2006073156	0.0016106490	0.7633010253	0.0000128318	0.0344681783
0	0.0329686426	0.1188149512	0.7711573668	0.0345127944	0.0425462450
0	0.0318319727	0.4460382538	0.2779144661	0.0161246503	0.2280906571
0	0.0000182080	0.0987587852	0.3177217088	0.5762399264	0.0072613716
0	0.0113861065	0.0005424669	0.7843371978	0.0728290273	0.1309052015
0	0.0059964514	0.2086148411	0.7168996221	0.0000672055	0.0684218799
0	0.0037632241	0.0416654626	0.9218418849	0.0293059202	0.0034235081
0	0.0000001308	0.2410984886	0.4096567877	0.0358668016	0.3133777913
0	0.5530033084	0.0039809401	0.1436571936	0.2047128195	0.0946457384
0	0.0000000000	0.2488155278	0.1333582830	0.0525560304	0.5652701587
0	0.0084143825	0.0590962139	0.0040255584	0.0089663914	0.9194974538
0	0.0162512657	0.0113120101	0.0831024533	0.3957632525	0.4935710185
0	0.2612412474	0.0156004513	0.5523912763	0.1702166786	0.0005503465
0	0.0003745815	0.0806946076	0.5670055828	0.3061014736	0.0458237544
1	0.0318740676	0.5982241211	0.3346622454	0.0351801792	0.0000593867
1	0.0066819136	0.3703940518	0.0000000000	0.6223624069	0.0005616276
0	0.0502209188	0.6434243154	0.0748647394	0.2229140181	0.0085760083
0	0.0152584345	0.0500656188	0.6317011623	0.0967014972	0.2062732873
0	0.0000003675	0.0065102154	0.1154177702	0.6906512848	0.1874203621
1	0.0000548177	0.0000000000	0.4350437044	0.3695310943	0.1953703836
0	0.0003241447	0.1295378630	0.5587517929	0.2794252386	0.0319609608
0	0.0000000000	0.1810667314	0.0054432908	0.0333874649	0.7801025129
1	0.0000000050	0.0250927505	0.0250479315	0.9481300996	0.0017292134
0	0.0003626989	0.2178808309	0.7770046215	0.0004993990	0.0042524497
2	0.0012875945	0.6381897396	0.2801658974	0.0089921837	0.0713645848
0	0.0000000000	0.5277103735	0.2363809633	0.2359071112	0.0000015519
0	0.0183429222	0.0256971887	0.7611708967	0.1888226842	0.0059663082
1	0.0000000000	0.4187236828	0.1623937063	0.4188494112	0.0000331996
1	0.0624063874	0.0001306772	0.7701965994	0.1652977582	0.0019685778
0	0.0000000000	0.3087578859	0.6569323372	0.0307835518	0.0035262252
0	0.0025997230	0.0000244747	0.3388055514	0.4693210884	0.1892491625
0	0.0000000002	0.2175698660	0.7134970872	0.0668765520	0.0020564946
0	0.0026979313	0.0653314108	0.0138483276	0.3219799502	0.5961423801
0	0.0516997325	0.0072914456	0.1742325163	0.4150514448	0.3517248608
0	0.1297415395	0.0408268506	0.4748106220	0.0161847188	0.3384362692
0	0.0000000000	0.2360008559	0.1173455658	0.5667054857	0.0799480925
0	0.0227324391	0.8829440436	0.0389156433	0.0201376861	0.0352701880
0	0.0043048429	0.5444137366	0.2450744021	0.1169378194	0.0892691989
0	0.0001798247	0.1437751985	0.4993761569	0.2951245591	0.0615442608
0	0.0935958787	0.4178933537	0.0198615825	0.2311084753	0.2375407098
0	0.0316156593	0.2688569592	0.0628263453	0.1305203660	0.5061806703
0	0.0646777695	0.4865681615	0.0983619228	0.0004465023	0.3499456439
0	0.0000318802	0.1336611992	0.4585562112	0.3379850392	0.0697656702
0	0.0606817092	0.0134344051	0.5960569302	0.2508716153	0.0789553402
0	0.0399450826	0.7138566814	0.0007348241	0.2449186501	0.0005447618
