0	0.0024273014	0.1829365136	0.1123988792	0.4265301697	0.2757071360
0	0.0014353110	0.0997628317	0.0255701713	0.7118576243	0.1613740617
0	0.0001007349	0.0914708950	0.3642002006	0.3640637106	0.1801644589
0	0.1334624782	0.2285714002	0.1824926461	0.2854489833	0.1700244921
1	0.1354719983	0.0146082733	0.6595127790	0.0120227829	0.1783841665
0	0.1001892821	0.1631925919	0.0192131745	0.4810942733	0.2363106782
0	0.5616764680	0.1029870498	0.0112355489	0.3218283357	0.0022725976
0	0.0001667201	0.4116503967	0.1475724719	0.0145115345	0.4260988767
0	0.0218600008	0.2669479317	0.1643403060	0.5188232585	0.0280285030
1	0.0011149110	0.0144085316	0.0004933253	0.9330149398	0.0509682922
0	0.0378365851	0.6562855346	0.0000135921	0.0800016332	0.2258626549
2	0.0308737082	0.2638463065	0.0177937366	0.2421329146	0.4453533340
0	0.0068796708	0.9599336640	0.0090038574	0.0090863461	0.0150964617
0	0.0184764885	0.5933851317	0.1418666455	0.2166202170	0.0296515174
0	0.0114645494	0.8444285900	0.0006654687	0.1112034623	0.0322379296
0	0.0001805119	0.0000601206	0.4500712558	0.0007491646	0.5489389471
1	0.0000000006	0.3081522245	0.2203836559	0.4695440752	0.0019200437
0	0.0000029916	0.0557448887	0.7145032939	0.0049078296	0.2248409962
0	0.0016889641	0.0319593812	0.0358524206	0.9288925132	0.0016067210
0	0.1923991103	0.0396964352	0.2371770036	0.3565114595	0.1742159915
0	0.3882047778	0.1003213439	0.2476295384	0.2157777761	0.0480665638
0	0.0000032135	0.0934061584	0.5540206070	0.3522152262	0.0003547949
0	0.0060434427	0.0457416947	0.4374054353	0.5074663391	0.0033430883
0	0.0000006423	0.3695410118	0.2052824501	0.3946706320	0.0305052638
0	0.0000000000	0.8102744064	0.0139136585	0.1703225707	0.0054893644
0	0.0036000977	0.5904672327	0.0004785382	0.4050125036	0.0004416278
0	0.0203038394	0.4579579751	0.0539185265	0.1389124901	0.3289071689
0	0.0001880178	0.0296800891	0.0342923666	0.9356702717	0.0001692547
0	0.0293948929	0.2084115000	0.3638626079	0.2550000595	0.1433309396
0	0.0000000000	0.0639394146	0.5294963995	0.0028869628	0.4036772231
0	0.0557403291	0.1235812822	0.2582740850	0.1963533979	0.3660509059
0	0.0047605177	0.0000015044	0.9923043678	0.0004119147	0.0025216955
0	0.0917158757	0.4785750943	0.1260517104	0.0525215555	0.2511357641
0	0.0000000000	0.3435073032	0.0660526433	0.5904400536	0.0000000000
0	0.7576984287	0.0046618700	0.1753812754	0.0054382036	0.0568202222
0	0.0000260583	0.1830249622	0.7852967281	0.0000094771	0.0316427743
1	0.0004535043	0.2246970021	0.4483058099	0.1841488644	0.1423948193
0	0.0017824925	0.0008658813	0.0018257037	0.9002734710	0.0952524514
0	0.0001129199	0.1955644584	0.7563719787	0.0249789824	0.0229716606
0	0.0000374966	0.0083196480	0.0382415800	0.0237821998	0.9296190755
0	0.4994015114	0.1083437354	0.1264097740	0.1081150562	0.1577299229
0	0.0010500758	0.8952219575	0.0015026278	0.1003505233	0.0018748157
0	0.0163987772	0.6083994658	0.1332383813	0.0209805786	0.2209827971
0	0.0069518873	0.1473537316	0.1714568009	0.3873340837	0.2869034965
1	0.0002935212	0.7722193165	0.0051142827	0.1918787572	0.0304941224
0	0.0238506025	0.0122711177	0.0090707664	0.5644879130	0.3903196004
1	0.0017108127	0.2183569435	0.6539133982	0.1249040898	0.0011147558
0	0.0776793001	0.1188885504	0.5114987905	0.1042616742	0.1876716848
0	0.0006828652	0.7595821988	0.1599789257	0.0120994247	0.0676565856
0	0.0189504013	0.4910488725	0.3649311993	0.1189506919	0.0061188350
0	0.2423445570	0.0394618132	0.6264089548	0.0411286818	0.0506559932
0	0.3793739945	0.0082869611	0.5542797010	0.0565650846	0.0014942588
0	0.4631825668	0.0133056864	0.3322069485	0.1303664099	0.0609383884
0	0.0232076138	0.8217325747	0.0391245366	0.0197487788	0.0961864962
0	0.0000795720	0.0908289792	0.6274166261	0.0022673275	0.2794074952
0	0.3598253779	0.0493786506	0.1469912103	0.1573674474	0.2864373138
0	0.0558881457	0.2666634473	0.2859940890	0.2214098141	0.1700445038
0	0.0001143352	0.1991074035	0.3014492268	0.0959646325	0.4033644020
0	0.0154761089	0.4328920478	0.2795115450	0.1836665858	0.0884537125
0	0.2417424044	0.0000130173	0.1083041705	0.6468383731	0.0031020347
0	0.0003539797	0.0997772885	0.3021217546	0.3087962733	0.2889507039
1	0.0000000000	0.0750773974	0.5176919838	0.3636635252	0.0435670937
0	0.0000672305	0.0000000000	0.6950765389	0.1233657910	0.1814904396
0	0.0137175556	0.0019986595	0.8739715239	0.1074983030	0.0028139579
0	0.0358204165	0.0013611275	0.7016599590	0.2238968335	0.0372616635
0	0.0057904358	0.0017003057	0.0674264050	0.0097335793	0.9153492742
0	0.0173880400	0.0079201978	0.0029786563	0.1753940654	0.7963190405
0	0.1533474858	0.6544046500	0.1874681883	0.0027749002	0.0020047757
0	0.0154779920	0.9239181918	0.0033852211	0.0564753536	0.0007432415
0	0.1161793824	0.8031468636	0.0689033924	0.0062707415	0.0054996200
0	0.1497952241	0.0000061750	0.3076924735	0.0092841457	0.5332219816
0	0.0471332626	0.0085493398	0.1419673223	0.2637128394	0.5386372359
0	0.0000000022	0.0065096469	0.9270801410	0.0530358890	0.0133743209
0	0.0116986452	0.0009589523	0.0001100227	0.9828701481	0.0043622317
0	0.0010904791	0.9602584632	0.0059912970	0.0324413044	0.0002184562
0	0.0185437127	0.0297179870	0.3341461090	0.1820077848	0.4355844064
0	0.0001647535	0.0194958244	0.6034399597	0.0276583966	0.3492410659
0	0.0000000480	0.5796478956	0.2135475030	0.0655834680	0.1412210853
0	0.1490882698	0.1519739498	0.1666323803	0.5284205491	0.0038848510
0	0.0332230577	0.3117496499	0.1099239311	0.0512912477	0.4938121135
0	0.0082567542	0.0280070039	0.9599663763	0.0033446325	0.0004252331
0	0.0019866905	0.0357188362	0.8596896086	0.0430986152	0.0595062495
1	0.4783140495	0.0000105829	0.0514961629	0.4291002726	0.0410789321
0	0.1473941522	0.5792310053	0.2532660276	0.0001222869	0.0199865280
0	0.0137517900	0.9500244496	0.0259251622	0.0068092347	0.0034893635
0	0.0000077889	0.1444820536	0.8520505413	0.0034566124	0.0000030038
0	0.0048191388	0.7687558825	0.1001624274	0.1254936852	0.0007688662
0	0.2612270830	0.6447828660	0.0012621175	0.0036424215	0.0890855121
0	0.0001280441	0.0294100160	0.0564022302	0.9095640501	0.0044956596
0	0.0035108319	0.1597490700	0.1106063448	0.0091326732	0.7170010802
0	0.0000001310	0.0374160521	0.0040686749	0.7692659059	0.1892492361
0	0.0011854087	0.2549640503	0.7060716288	0.0001076935	0.0376712187
0	0.0000000000	0.0262347087	0.1880456207	0.5518508986	0.2338687720
0	0.0000000000	0.0089353104	0.3576250177	0.1768767230	0.4565629490
0	0.0233742691	0.1913937473	0.6815419037	0.0360984280	0.0675916519
0	0.1288031943	0.0000366412	0.0546149146	0.7208331315	0.0957121185
0	0.0002343432	0.0026673434	0.1005656350	0.8864526761	0.0100800023
0	0.0013199133	0.2121469497	0.1013440941	0.6807611361	0.0044279068
1	0.4083761966	0.3114262768	0.0447075222	0.0014686197	0.2340213848
0	0.0000002239	0.0325970279	0.0301766670	0.3545205695	0.5827055118
