0	0.0197775043	0.0003734147	0.0506781856	0.9175064068	0.0116644885
0	0.2058691483	0.3975727980	0.2993496114	0.0111598503	0.0860485919
0	0.0000001315	0.0732758497	0.1713026687	0.5844305870	0.1709907632
0	0.0032236502	0.0808279847	0.0150750077	0.9002473964	0.0006259610
0	0.2620856766	0.1356850638	0.0039160529	0.2717312022	0.3265820045
0	0.0000001433	0.0403789104	0.5493317512	0.2287267199	0.1815624753
0	0.0000961578	0.2633719291	0.0313107501	0.5271890673	0.1780320957
1	0.0038565950	0.0325041885	0.0003541350	0.1602146938	0.8030703876
0	0.0082362108	0.8497509437	0.0318752320	0.0635441730	0.0465934405
0	0.0000000249	0.2787456867	0.0004306575	0.1191927552	0.6016308758
1	0.0862052580	0.0000000000	0.8723957243	0.0323930405	0.0090059771
1	0.4343666087	0.3948341591	0.0236687531	0.0266468364	0.1204836427
0	0.0082624267	0.0368507175	0.2549298467	0.4081764510	0.2917805580
1	0.9675693678	0.0161771790	0.0158207082	0.0004327449	0.0000000000
0	0.0106379119	0.2615054896	0.0506409350	0.0294094733	0.6478061903
1	0.0156812200	0.1501676228	0.0001280404	0.6834823822	0.1505407345
0	0.0019671821	0.0232478410	0.1638382127	0.8107552485	0.0001915156
0	0.0000000000	0.0222075331	0.1053849019	0.5769604841	0.2954470809
1	0.0247904060	0.0006188225	0.9719811477	0.0000085757	0.0026010480
0	0.0030629816	0.0027169298	0.4534604031	0.2601054010	0.2806542846
1	0.0001191611	0.2772154835	0.4904981022	0.2294884856	0.0026787675
0	0.0660394959	0.0684293559	0.0319775564	0.8263380612	0.0072155306
0	0.0000761953	0.1047127334	0.6351687824	0.2600165414	0.0000257475
0	0.0000009120	0.0717388703	0.0488843998	0.8764637089	0.0029121090
0	0.0029196996	0.2284383062	0.2996799395	0.4612032686	0.0077587862
0	0.0000813542	0.0093701983	0.1089670500	0.2522896370	0.6292917604
0	0.6886500551	0.1480263586	0.0342231308	0.0816469974	0.0474534581
0	0.0000000000	0.0993816814	0.4736361927	0.0906845178	0.3362976082
0	0.0002401962	0.5749328216	0.1421841760	0.0001359859	0.2825068203
0	0.0634643128	0.0843185427	0.5314969954	0.0202231714	0.3004969777
0	0.0007725201	0.0339690713	0.2719178667	0.6053746041	0.0879659378
1	0.5864998392	0.1697711409	0.0196861753	0.1003784074	0.1236644374
0	0.0000313079	0.0124843962	0.1649872060	0.8112198830	0.0112772069
0	0.0000000000	0.0023874528	0.3591571578	0.3318714994	0.3065838899
0	0.0002206096	0.0403406322	0.2177132028	0.7417255533	0.0000000020
0	0.0000000000	0.0007522930	0.5148752524	0.3109388563	0.1734335983
0	0.7001923272	0.2037980489	0.0101321993	0.0408835044	0.0449939201
1	0.0002601542	0.0000012426	0.0818814024	0.2345119928	0.6833452081
0	0.0564790717	0.3772781618	0.0760228361	0.3898015683	0.1004183620
0	0.8487562504	0.0037434947	0.0743852142	0.0000123400	0.0731027007
0	0.0498978487	0.0887409472	0.3615765102	0.4877162210	0.0120684729
0	0.0488686663	0.0010555276	0.3471876659	0.1187593459	0.4841287943
0	0.0422568664	0.0309208303	0.1993141525	0.4038698959	0.3236382549
0	0.0104776759	0.0282519248	0.9466076762	0.0001968680	0.0144658551
0	0.8871327969	0.0040688064	0.0000000000	0.0850865640	0.0237118327
0	0.0035408222	0.9417590467	0.0518961431	0.0021093580	0.0006946300
0	0.1521748851	0.3724323482	0.0926536184	0.3824792245	0.0002599238
0	0.0000000000	0.0785980366	0.1086755436	0.3516683692	0.4610580506
1	0.0473377004	0.0000001136	0.2176534172	0.7238729327	0.0111358361
0	0.0002404802	0.0247417229	0.1548530512	0.0128403980	0.8073243476
0	0.0000000000	0.6550575448	0.1577887342	0.0215653362	0.1655883848
0	0.1946232164	0.0376610882	0.3128802246	0.1767192938	0.2781161769
0	0.0011322538	0.0798295353	0.6158863563	0.2995629857	0.0035888688
1	0.0088785676	0.1318307532	0.7350591717	0.0000000000	0.1242315075
0	0.0036336535	0.0564408269	0.4081140971	0.5318101281	0.0000012943
0	0.0005145506	0.3301632376	0.5826806784	0.0137553262	0.0728862072
0	0.0000000000	0.1835040663	0.5093655108	0.0036582236	0.3034721993
0	0.2425531909	0.3033343985	0.1634013430	0.2146112923	0.0760997753
0	0.0889759456	0.0308798089	0.7409470784	0.0867835581	0.0524136090
0	0.1650433345	0.0159885647	0.0821132466	0.4722417803	0.2646130740
0	0.1261761653	0.0095032147	0.0169222214	0.8359482460	0.0114501525
0	0.0206646634	0.0688256187	0.0181368057	0.1271435854	0.7652293268
0	0.0070107537	0.0000003308	0.9069033500	0.0227674735	0.0633180920
0	0.3024288055	0.0044026161	0.5341658919	0.0563101392	0.1026925472
0	0.0446720331	0.2747232199	0.2362695498	0.1939391672	0.2503960300
0	0.0000000000	0.0856457419	0.6798259394	0.1120306404	0.1224976783
0	0.2118820107	0.0027239972	0.3104612543	0.2121501784	0.2627825594
0	0.0000187313	0.0668193836	0.6874070450	0.0076521048	0.2381027353
0	0.1124086463	0.0011906465	0.6525759160	0.0379801190	0.1958446721
0	0.0137271059	0.1364689828	0.6267963539	0.0078037816	0.2152037758
0	0.0014223934	0.1196534336	0.6555739863	0.0132515171	0.2100986695
1	0.0023570841	0.2233967320	0.6019235719	0.0602804896	0.1120421224
0	0.2077190247	0.1253173649	0.6533714647	0.0051062010	0.0084859447
0	0.2313383937	0.0000000000	0.2959290173	0.4727325890	0.0000000000
0	0.1595386569	0.5658787333	0.1935433550	0.0657639390	0.0152753158
0	0.0284399537	0.1068061395	0.1721273239	0.2953250351	0.3973015478
1	0.0653360367	0.1509895677	0.3786981049	0.3946853144	0.0102909763
0	0.0238952842	0.0054213913	0.1387526920	0.8199755248	0.0119551077
0	0.0047135039	0.0005657100	0.2332126015	0.7571265090	0.0043816755
0	0.0079888113	0.2250641816	0.1854237416	0.5799637268	0.0015595386
0	0.0009488131	0.0000187538	0.4826728391	0.0000000000	0.5163595940
2	0.0000000000	0.0000000000	0.0580587565	0.9396733420	0.0022679015
0	0.0051874041	0.1460558388	0.1449212656	0.2425849365	0.4612505551
1	0.0000000023	0.1179177826	0.7365612738	0.0831628831	0.0623580582
0	0.0290222181	0.9289187961	0.0193078311	0.0174735101	0.0052776446
1	0.1569251388	0.4623896692	0.1953785660	0.1434967613	0.0418098647
0	0.0223971202	0.0034009226	0.2112074023	0.0015823000	0.7614122550
0	0.0887631648	0.6355427890	0.0299627263	0.1162505500	0.1294807699
0	0.0000000015	0.0307896473	0.4440835810	0.2301694473	0.2949573230
0	0.0417708275	0.0232935550	0.0082928838	0.9187171040	0.0079256298
0	0.0719741203	0.3834313887	0.2029387052	0.0593079809	0.2823478049
0	0.0000161035	0.4612679711	0.0519304378	0.1080395854	0.3787459021
0	0.3316361848	0.2481331421	0.0770539733	0.3335973976	0.0095793021
0	0.2112003121	0.1530069742	0.1035327148	0.3636423013	0.1686176976
0	0.0003403298	0.0047218919	0.5960042999	0.0175948243	0.3813386541
0	0.0071739551	0.0058461942	0.9119074286	0.0738502570	0.0012221652
0	0.0000037637	0.0000007923	0.4677062376	0.5322889978	0.0000002085
0	0.0762074737	0.7186125303	0.2024828418	0.0026151209	0.0000820333
1	0.0046958512	0.6212065274	0.3204589750	0.0184690456	0.0351696008
0	0.0601047534	0.0067669896	0.2435967622	0.4902318809	0.1992996140
