0	0.0118007971	0.0245058792	0.0890193997	0.0007944165	0.8738795075
0	0.0022817974	0.0605788247	0.0014151980	0.0046346666	0.9310895133
0	0.0401277495	0.2738623968	0.2465064825	0.0140501607	0.4254532106
0	0.0000000000	0.2693005767	0.6061686385	0.0064920124	0.1180387724
1	0.0000000000	0.9909393689	0.0002076988	0.0087884149	0.0000645174
0	0.0506012399	0.0299351750	0.1507171241	0.0886758351	0.6800706259
0	0.0013123320	0.5253000558	0.2994446818	0.1179045735	0.0560383569
0	0.0000119726	0.8128358653	0.0087568613	0.1759703823	0.0024249185
0	0.0000000000	0.2014612932	0.2446742358	0.5344255258	0.0194389452
1	0.0000000002	0.6476149719	0.0810226789	0.2590173219	0.0123450269
0	0.0072172985	0.6998868365	0.2300686638	0.0107748311	0.0520523701
1	0.0005027974	0.0000000000	0.3135650822	0.5417451337	0.1441869868
0	0.0000068656	0.1243650197	0.2641329787	0.6114847561	0.0000103799
0	0.1015921746	0.4022880677	0.3864457186	0.0469239117	0.0627501274
0	0.0047776558	0.3820595540	0.3659645430	0.2136005315	0.0335977156
0	0.0221810559	0.4494896746	0.0237779588	0.4979787544	0.0065725563
0	0.0311021668	0.0050228521	0.6787736496	0.2711122766	0.0139890549
0	0.1045195390	0.0000628592	0.0000123183	0.1522840607	0.7431212227
0	0.0000032766	0.2184025414	0.0702812646	0.5405084185	0.1708044990
0	0.0000021244	0.0996085345	0.5185980054	0.1225793755	0.2592119602
0	0.1236340734	0.1014762641	0.6552080044	0.0000960392	0.1195856189
0	0.0424933783	0.0171014134	0.0496660653	0.1609307470	0.7298083960
0	0.0623505593	0.1668313441	0.4798615173	0.2268689502	0.0640876292
0	0.2748768122	0.0304510669	0.6338513903	0.0407286333	0.0200920973
0	0.0000010019	0.4558514601	0.1772965714	0.0000001742	0.3668507924
0	0.1505911464	0.2352861809	0.3664946027	0.0972228466	0.1504052235
1	0.0064362422	0.5579400051	0.3431297847	0.0121305706	0.0803633974
0	0.0048673051	0.0087653584	0.0307038057	0.0262047702	0.9294587606
0	0.0674526527	0.0044187825	0.2362000226	0.6012427221	0.0906858201
0	0.0040278759	0.0429089611	0.1054123316	0.0557357256	0.7919151059
0	0.0006149024	0.1975474314	0.6202336601	0.1205453549	0.0610586512
2	0.8262052260	0.1086448067	0.0020267629	0.0631231740	0.0000000304
0	0.6036544056	0.0001226940	0.0050129656	0.2896843015	0.1015256333
0	0.0000191881	0.0375192914	0.0639184502	0.0583664086	0.8401766617
0	0.0210305434	0.0159256497	0.4627971557	0.0000000030	0.5002466482
0	0.1179302554	0.0021834248	0.0000083958	0.3689460210	0.5109319029
1	0.0247561203	0.0589920925	0.0008216022	0.5401691098	0.3752610751
0	0.0061055098	0.1049823317	0.6044565825	0.1768456739	0.1076099021
0	0.0538658723	0.1510254002	0.6018080264	0.1890012724	0.0042994288
0	0.0008424558	0.4540029043	0.3352497826	0.2056129730	0.0042918842
0	0.0025249005	0.1054281727	0.5498562272	0.2017015624	0.1404891371
0	0.0015783903	0.0000041171	0.9743629854	0.0028090251	0.0212454822
0	0.0008813930	0.0685939329	0.0041095663	0.4459119590	0.4805031488
0	0.0000000153	0.1988344464	0.0020705949	0.5816059232	0.2174890203
0	0.3068992217	0.0102827153	0.0001648713	0.6347996373	0.0478535544
0	0.0837422128	0.4971760735	0.0880224795	0.0948477384	0.2362114957
0	0.1678659947	0.0736380100	0.3944636233	0.3032105593	0.0608218127
0	0.0028564897	0.0102813847	0.7968455117	0.0563947142	0.1336218997
0	0.0067780272	0.0348499250	0.3345565890	0.2641558677	0.3596595911
0	0.0080567145	0.7254872402	0.0075095815	0.0502743864	0.2086720774
0	0.0006042473	0.1280190287	0.3734184686	0.4784653298	0.0194929257
0	0.0016729108	0.0108443173	0.9318561699	0.0146507194	0.0409758826
0	0.0000000000	0.1696538929	0.2765136929	0.5538316277	0.0000007865
0	0.2671768781	0.0058973580	0.0001290304	0.0783880944	0.6484086391
0	0.1147307534	0.4723232365	0.3546609554	0.0317338217	0.0265512330
0	0.2125416543	0.0219766940	0.1637124709	0.1550478661	0.4467213147
0	0.0090733476	0.6253395921	0.2633987516	0.0409974410	0.0611908677
0	0.0081375642	0.2336794735	0.0762107449	0.3688206633	0.3131515541
0	0.0000000000	0.0201182107	0.0000000001	0.6641859170	0.3156958722
0	0.0000015546	0.5098080215	0.4558283838	0.0335357489	0.0008262913
0	0.0034140288	0.4320596320	0.0189729393	0.4375532835	0.1080001164
0	0.0445182152	0.0000025706	0.3186759581	0.4506951741	0.1861080820
0	0.2129501543	0.0591338364	0.0086150688	0.1462033233	0.5730976172
0	0.0000000000	0.0205033573	0.9224079508	0.0570418610	0.0000468310
0	0.1043857836	0.0064795662	0.0378190716	0.3109569674	0.5403586112
0	0.0000086932	0.0950857243	0.3850971000	0.1455923271	0.3742161554
0	0.1952956414	0.0536671741	0.0173196196	0.6622137543	0.0715038105
0	0.0000000000	0.1577460609	0.6204337042	0.0572350061	0.1645852288
0	0.0278892673	0.1382086820	0.8058631763	0.0280380042	0.0000008702
0	0.0541096234	0.0078933840	0.2024066423	0.7328910659	0.0026992844
0	0.0000000091	0.1234676909	0.4624755382	0.0620150844	0.3520416774
0	0.0109326569	0.2327119122	0.0009613373	0.1223704017	0.6330236919
0	0.0197346811	0.4607846350	0.2993061293	0.0051592612	0.2150152934
0	0.0000000000	0.0531314167	0.1687134384	0.6240781863	0.1540769586
0	0.1851370686	0.2694938277	0.4996025021	0.0377933942	0.0079732074
0	0.1764105499	0.0881494141	0.4838988132	0.2179043790	0.0336368438
1	0.0000081275	0.0596057693	0.9304738719	0.0003039921	0.0096082392
0	0.1170086679	0.0128819577	0.8176715615	0.0524377852	0.0000000277
0	0.0258663062	0.5716038120	0.1016954209	0.2490204133	0.0518140477
0	0.0063735832	0.7171832354	0.0089125349	0.2479928605	0.0195377859
0	0.0000000000	0.3396408038	0.0635592223	0.3903136990	0.2064862749
0	0.0000000000	0.2178526113	0.2470350089	0.4132665603	0.1218458194
0	0.0079792485	0.0010550347	0.0479095638	0.0037394862	0.9393166668
0	0.0667703782	0.0041113051	0.1976081300	0.7290754936	0.0024346931
0	0.1352006218	0.1288811177	0.2651831420	0.4707343654	0.0000007531
0	0.0557438500	0.0875932188	0.7004458919	0.0332833869	0.1229336523
0	0.0040365907	0.0545999258	0.8369494389	0.0383655259	0.0660485187
0	0.0356665722	0.0497143690	0.2995364410	0.0920440204	0.5230385975
1	0.2451124480	0.4175022504	0.2504251014	0.0252850944	0.0616751057
0	0.0338085102	0.0543823321	0.4648643772	0.4466914965	0.0002532839
0	0.1062859284	0.3177573121	0.2770141704	0.0027443317	0.2961982575
0	0.0000000048	0.5429828694	0.1996563731	0.0436251408	0.2137356120
0	0.0000000000	0.0019240076	0.7225374358	0.1708658361	0.1046727205
0	0.0001688408	0.8526441371	0.0252077350	0.1219792859	0.0000000012
0	0.0683229032	0.7186679938	0.1166845714	0.0003417465	0.0959827852
0	0.0567249077	0.5939463578	0.0989431219	0.2503616708	0.0000239418
1	0.8809609093	0.0682398260	0.0000000000	0.0493482149	0.0014510498
0	0.0336220583	0.0781606626	0.0034734563	0.8847376035	0.0000062193
0	0.0000000000	0.1272539863	0.4719297563	0.1326280298	0.2681882276
0	0.0001760516	0.4658301738	0.2087981880	0.2711242713	0.0540713153
