0	0.0274788767	0.4019250101	0.5550925344	0.0026552971	0.0128482817
0	0.0053529437	0.0067852520	0.0126896778	0.9749790567	0.0001930698
0	0.1805979795	0.3597929466	0.0000001437	0.0833330029	0.3762759272
0	0.0000157798	0.3609235361	0.1909495090	0.4455491595	0.0025620156
0	0.0002012867	0.0312394819	0.1877184612	0.7696971288	0.0111436414
0	0.0000000000	0.1343910870	0.0646822728	0.7187533552	0.0821732850
0	0.0395606444	0.3771247538	0.3526711024	0.0089732871	0.2216702123
0	0.1025377483	0.0005588047	0.0012361934	0.2934235065	0.6022437471
0	0.0000000000	0.0295339393	0.2133315802	0.1434570752	0.6136774053
1	0.0000000000	0.9506969890	0.0020854085	0.0445267498	0.0026908527
0	0.0093434452	0.0006985902	0.2231443891	0.0000008483	0.7668127273
0	0.0457722681	0.0116462341	0.3237050859	0.6186115156	0.0002648962
1	0.0000000215	0.4514072137	0.5153287819	0.0041647487	0.0290992342
0	0.3603983562	0.0109531133	0.3645646694	0.2194441070	0.0446397541
0	0.0038731341	0.1550812077	0.2220491251	0.5010930527	0.1179034804
0	0.1886428268	0.1403341670	0.1255193657	0.1749548640	0.3705487764
0	0.0000000446	0.0258795385	0.8926827357	0.0808923017	0.0005453795
0	0.0001944920	0.0007304141	0.2378949814	0.0026901243	0.7584899883
0	0.0832437071	0.0063632862	0.3609966385	0.5082580309	0.0411383372
0	0.0000273922	0.0045828592	0.0056791863	0.0209475862	0.9687629762
0	0.1808700780	0.0004602999	0.0085121866	0.5348095121	0.2753479234
0	0.5679371228	0.0683628501	0.1269548879	0.0237527758	0.2129923634
0	0.0015558931	0.1054555058	0.5225277712	0.2307500431	0.1397107867
0	0.0036729322	0.0000863634	0.3794942357	0.6154842842	0.0012621846
0	0.0763902721	0.0389316136	0.3292202273	0.4544173519	0.1010405351
0	0.0000000000	0.0120067874	0.0724600278	0.9132154869	0.0023176979
0	0.0004698517	0.0069792299	0.0000150835	0.9296944186	0.0628414163
0	0.0007158732	0.0000000001	0.6544473682	0.3387117352	0.0061250233
1	0.0022819162	0.0465667067	0.5759149627	0.3751788117	0.0000576026
0	0.2198627788	0.3313486007	0.1371071857	0.1763991726	0.1352822621
0	0.0194251163	0.4044617577	0.2765771223	0.2587856340	0.0407503697
0	0.0368736108	0.0057775150	0.6324015227	0.3248642066	0.0000831449
0	0.0759193951	0.0455665362	0.2554267060	0.0402779030	0.5828094596
0	0.1908035640	0.1899645453	0.0837172321	0.5354980360	0.0000166226
0	0.0006878777	0.2127336101	0.6616379065	0.0023705393	0.1225700663
0	0.0783738953	0.0001718644	0.1350913800	0.5071176574	0.2792452029
0	0.0000001641	0.0007552890	0.0003243991	0.9659419024	0.0329782454
0	0.0003758804	0.3224191358	0.2698558022	0.0170513617	0.3902978200
0	0.1757053221	0.0787096532	0.5439218679	0.0819793311	0.1196838256
0	0.3717680453	0.0014285253	0.0000000002	0.4908335736	0.1359698556
0	0.0038032928	0.0774247462	0.1478649084	0.7709070306	0.0000000220
0	0.8536114683	0.0001952960	0.0373697021	0.0685807740	0.0402427596
0	0.0106762655	0.0230878429	0.0904219358	0.0249124281	0.8509015277
0	0.1686836470	0.0000068718	0.6115978105	0.2196966044	0.0000150664
0	0.0000220688	0.0088158984	0.3107352211	0.2150742186	0.4653525931
0	0.0075973031	0.0311801813	0.1230619526	0.5830528408	0.2551077222
0	0.0078941101	0.1241334197	0.5791963967	0.2626341259	0.0261419477
0	0.0012988656	0.0757039642	0.6742069351	0.0000000000	0.2487902351
0	0.0626797867	0.3500749741	0.2768829270	0.0534595415	0.2569027707
0	0.0055770409	0.2239238298	0.2778642524	0.4332213624	0.0594135145
0	0.0724980867	0.0593792624	0.0145292799	0.8187123678	0.0348810033
0	0.4441189466	0.2812355468	0.0097154924	0.2038001245	0.0611298897
0	0.0165016842	0.2600581307	0.6358368692	0.0010435502	0.0865597657
0	0.0156777415	0.1440703495	0.2332979319	0.1298237292	0.4771302478
0	0.0002521565	0.0002844187	0.1322650478	0.8450330066	0.0221653703
0	0.0158237640	0.1924959720	0.6713936335	0.0000049079	0.1202817225
0	0.0025169318	0.0001319445	0.0844843318	0.9030480466	0.0098187453
0	0.0228965290	0.0002787479	0.9339992697	0.0422281547	0.0005972988
0	0.0066014441	0.1579589070	0.2006386434	0.3050526423	0.3297483633
0	0.0169435847	0.0259066829	0.1973923843	0.7525334469	0.0072239012
0	0.4054400131	0.3467493353	0.0000299356	0.2477807161	0.0000000000
0	0.0659857441	0.2930050865	0.0011284851	0.2551994343	0.3846812499
0	0.0284161318	0.6168939331	0.2570085459	0.0806011126	0.0170802767
0	0.0000000064	0.0005864433	0.9544562330	0.0000408384	0.0449164790
1	0.0510872757	0.0974560534	0.0125538960	0.6186042898	0.2202984851
0	0.0000000049	0.1261896904	0.1026618272	0.0149651896	0.7561832879
0	0.0020785171	0.0081785620	0.4933495106	0.1615597582	0.3348336521
1	0.0347446267	0.3326674331	0.3984340053	0.1899214254	0.0442325095
0	0.0067998723	0.0249407072	0.2369063154	0.2031634704	0.5281896347
0	0.1109534313	0.1367096971	0.3149942047	0.3419602218	0.0953824451
1	0.0471223225	0.0383526683	0.1054765612	0.6132480017	0.1958004462
1	0.0000145694	0.0360582757	0.0359945117	0.0002177411	0.9277149020
0	0.0000000000	0.0000000000	0.2902556749	0.4748524438	0.2348918813
0	0.0100445356	0.0056473528	0.1184964800	0.0306667935	0.8351448382
0	0.0694660651	0.2055947930	0.4053428355	0.0239866798	0.2956096266
0	0.0000017814	0.3871083115	0.5970470370	0.0133149096	0.0025279606
0	0.0310503492	0.1486122120	0.5256027041	0.2947321799	0.0000025547
0	0.0243796401	0.1033570577	0.6390997435	0.0912300734	0.1419334853
0	0.1783434230	0.6402754782	0.0099791753	0.0157009090	0.1557010144
2	0.0000000001	0.6794670148	0.2215391532	0.0630370463	0.0359567856
0	0.0054063186	0.0010560074	0.5380463777	0.1724377753	0.2830535210
0	0.0000000154	0.0012002731	0.0754633189	0.0015051078	0.9218312847
0	0.0177860590	0.3480483050	0.0016583851	0.0131613997	0.6193458512
1	0.1274867775	0.3254349015	0.0069887086	0.0289496219	0.5111399905
0	0.0192375534	0.0437434760	0.3302469278	0.5499872565	0.0567847863
0	0.0102477685	0.0000001496	0.5791990697	0.4068139086	0.0037391035
0	0.7649061414	0.0812137027	0.0291023542	0.0130935788	0.1116842230
0	0.0188012288	0.3595944182	0.0236598354	0.0004314894	0.5975130282
0	0.0009854334	0.0302364346	0.9039968764	0.0524157296	0.0123655260
0	0.0002168353	0.1554898780	0.2337546927	0.0647271043	0.5458114897
0	0.0000000000	0.0830075590	0.0117617480	0.0591861633	0.8460445297
0	0.0031828394	0.0697320186	0.1095166894	0.8172672543	0.0003011983
0	0.0075278148	0.0164070643	0.8509339402	0.0047545643	0.1203766165
0	0.0514665261	0.7594895560	0.0190262061	0.1607999410	0.0092177709
1	0.0111087238	0.2470344935	0.6000110216	0.0158969542	0.1259488069
0	0.0252231609	0.1950192810	0.2739814052	0.2820220142	0.2237541387
0	0.0000883971	0.0000000025	0.3391961716	0.6607153642	0.0000000646
0	0.2195568219	0.0116527059	0.7661563041	0.0000000000	0.0026341681
0	0.0221228414	0.1110361791	0.4494143766	0.4174255995	0.0000010035
0	0.5063188402	0.0000000546	0.0005704766	0.3541926221	0.1389180066
