0	0.0000000000	0.3015139166	0.1420001954	0.5564858877	0.0000000003
0	0.2437431988	0.0124028291	0.2140180919	0.0323055609	0.4975303192
0	0.0004204594	0.0148957775	0.8421402577	0.1406545999	0.0018889055
0	0.0004565898	0.0074352204	0.2689545041	0.5791711577	0.1439825280
0	0.0093868579	0.0724920892	0.1532763909	0.6516005351	0.1132441269
0	0.0163124259	0.0579534738	0.2739580947	0.1653124477	0.4864635579
0	0.4945950755	0.0373940136	0.0000014376	0.1069640849	0.3610453884
0	0.0000080948	0.2610896643	0.0557155376	0.0604377767	0.6227489266
0	0.0001700742	0.1255519528	0.0885832526	0.0728325887	0.7128621317
0	0.0020667752	0.3440321789	0.0057102776	0.4890151953	0.1591755730
2	0.4614995872	0.0669007186	0.3640322653	0.0461867623	0.0613806667
0	0.0000000031	0.0656938575	0.3117740934	0.1698772944	0.4526547516
0	0.0000771967	0.0086415417	0.2279955138	0.6313737182	0.1319120296
0	0.1539271713	0.0500086209	0.6197108773	0.1294374430	0.0469158874
0	0.6805747638	0.0000000000	0.1559465221	0.0234335092	0.1400452049
0	0.0000584191	0.5937715687	0.0796214369	0.0009129735	0.3256356018
0	0.0113899550	0.1883261815	0.6385023117	0.1420918888	0.0196896629
0	0.0228517315	0.0189310175	0.2183282337	0.0675975133	0.6722915040
0	0.0974057957	0.7216835121	0.1809104453	0.0000002468	0.0000000000
0	0.0000000006	0.0004817165	0.0784441940	0.0313100959	0.8897639931
0	0.1096397005	0.5144693812	0.3591438652	0.0000716285	0.0166754246
0	0.0124074056	0.2065784206	0.0879653447	0.2085408512	0.4845079779
0	0.0000844775	0.0004276695	0.1729022989	0.6871101571	0.1394753969
0	0.0022549926	0.9833686464	0.0090485965	0.0045583883	0.0007693762
0	0.0015565274	0.0458513100	0.0834742706	0.3894347791	0.4796831130
0	0.0140544452	0.0636932878	0.0266427471	0.0689470071	0.8266625129
0	0.0004528377	0.2055037308	0.0281761599	0.0919462209	0.6739210507
0	0.1077098165	0.0004909710	0.0054552123	0.1153580156	0.7709859846
0	0.0215954411	0.1889472453	0.0917497448	0.6616109376	0.0360966312
0	0.0864659552	0.6491816598	0.2282207456	0.0170135998	0.0191180396
0	0.0000000000	0.0419400748	0.9280526075	0.0200611070	0.0099462108
0	0.0002692690	0.1138469565	0.4594144609	0.0780785952	0.3483907184
0	0.0001679773	0.2706282374	0.0000022399	0.6193284813	0.1098730641
0	0.1043029363	0.4053729254	0.0306202179	0.1336332030	0.3260707176
0	0.0035552130	0.5928215744	0.0787315501	0.0573375558	0.2675541067
0	0.0000170905	0.8058677321	0.0000004195	0.0575892541	0.1365255038
0	0.0094574609	0.0450027810	0.6259141792	0.0003492334	0.3192763455
0	0.0125411557	0.0004263782	0.2025955074	0.2871474981	0.4972894607
0	0.1260332498	0.0622711957	0.0013793396	0.8050127588	0.0053034561
0	0.0000000000	0.0000116090	0.9410012060	0.0589746320	0.0000125529
0	0.0026386276	0.0023771503	0.1170316614	0.7946032344	0.0833493262
0	0.0000000000	0.2994916420	0.6340978666	0.0318843480	0.0345261434
1	0.0107106983	0.0009157882	0.9494913480	0.0201368901	0.0187452755
0	0.0750182495	0.3039973372	0.0335000321	0.4428323938	0.1446519874
0	0.0017918245	0.5473870890	0.1141221812	0.0267401883	0.3099587170
0	0.0090612439	0.0220085061	0.3904427713	0.5438821843	0.0346052944
0	0.0000142406	0.2900654919	0.1480562144	0.3467218219	0.2151422311
0	0.3158965063	0.0000000000	0.5333049220	0.0272738545	0.1235247173
0	0.0388380368	0.5471859505	0.0069646394	0.3839713067	0.0230400667
0	0.0000000341	0.0006694411	0.2602951915	0.7390353326	0.0000000006
0	0.9098734521	0.0559932878	0.0075501616	0.0091658249	0.0174172736
0	0.6998980586	0.0768203580	0.2227178663	0.0000000001	0.0005637170
0	0.1508396918	0.0000002398	0.0499709433	0.7279675037	0.0712216213
0	0.3490436203	0.3360604352	0.0041449426	0.0681104163	0.2426405855
0	0.0000000000	0.5587558096	0.3327099657	0.0153189299	0.0932152948
0	0.1504259504	0.2154988901	0.1989704764	0.0005326488	0.4345720343
0	0.0000599995	0.2285366719	0.0654125657	0.0024044978	0.7035862651
0	0.2540756876	0.0103880642	0.0540471944	0.6712471634	0.0102418904
0	0.1551563325	0.0180960905	0.6286341006	0.1981134765	0.0000000000
0	0.0192036557	0.8570719579	0.1115504675	0.0011288274	0.0110450915
0	0.0010162347	0.0805011315	0.6182558867	0.2610376016	0.0391891455
1	0.0035033152	0.0220018002	0.4943931771	0.3290650934	0.1510366141
1	0.0641834756	0.0000002757	0.1516726831	0.0032288373	0.7809147282
0	0.0385859454	0.1402837690	0.0000000721	0.7672805429	0.0538496706
0	0.0000007223	0.2568844709	0.7403936474	0.0001415315	0.0025796278
0	0.1054767048	0.0187948901	0.5897487096	0.0933031384	0.1926765572
0	0.0000000000	0.0661633975	0.1038425989	0.1418987110	0.6880952926
0	0.2304423884	0.3737746910	0.0162252625	0.0133679171	0.3661897411
0	0.2681292840	0.4118375510	0.0010545633	0.2631781102	0.0558004916
0	0.0063769680	0.1815984823	0.1655196045	0.1806956151	0.4658093301
0	0.1070029621	0.0922696172	0.4352409270	0.2802346025	0.0852518911
0	0.1700622186	0.7992301693	0.0004023264	0.0000000006	0.0303052851
0	0.0027479560	0.4297292731	0.2242838585	0.2203355943	0.1229033180
0	0.0142211471	0.2956654249	0.1473663489	0.5427470791	0.0000000000
0	0.0017129668	0.0000286230	0.1565454764	0.6801075287	0.1616054052
0	0.0000000000	0.1056442167	0.1854101235	0.3127020089	0.3962436509
1	0.2020358701	0.0208597774	0.5026465027	0.0059830817	0.2684747681
1	0.0465408638	0.0547744793	0.0957462527	0.1115487733	0.6913896309
0	0.0000000000	0.0639414000	0.0022161018	0.9335325254	0.0003099728
0	0.0057158371	0.9374672808	0.0311421844	0.0142242321	0.0114504657
0	0.0556652964	0.6191400986	0.0019555723	0.2198155150	0.1034235177
0	0.3767052761	0.1755908341	0.2752037119	0.0021877732	0.1703124048
0	0.0000000000	0.6399512772	0.0586441852	0.0313982352	0.2700063024
0	0.2121218370	0.0768874852	0.6257813943	0.0851527411	0.0000565424
0	0.0046856057	0.0000000747	0.9592409240	0.0002121214	0.0358612742
0	0.0013501114	0.0044162068	0.9576836400	0.0294858004	0.0070642414
0	0.0000001642	0.1581132206	0.6104071778	0.2311430329	0.0003364045
0	0.0199470765	0.0197306649	0.2206974100	0.3200213552	0.4196034933
0	0.1023588389	0.5397358772	0.0004714969	0.3341915850	0.0232422020
0	0.2489868141	0.0914742755	0.0218160829	0.0996700691	0.5380527584
0	0.1569591040	0.1527242545	0.3389759468	0.0238075994	0.3275330953
0	0.1023200862	0.6225933011	0.2738916693	0.0011948991	0.0000000442
0	0.0035240330	0.8609280186	0.0281258063	0.1072840898	0.0001380524
1	0.0193109506	0.0608352704	0.5045959215	0.1375927746	0.2776650829
0	0.0137261986	0.0921267988	0.7816139575	0.0410330834	0.0714999617
0	0.0020686269	0.2255450018	0.1689175161	0.0813497698	0.5221190854
0	0.2791603733	0.0259748933	0.0194174243	0.6355398008	0.0399075083
0	0.0493620562	0.0746376118	0.1122913162	0.0826495268	0.6810594890
0	0.0003203842	0.0229718051	0.9755867012	0.0010338490	0.0000872605
1	0.0000000012	0.0000000000	0.7431790956	0.1374062530	0.1194146503
