1	0.0657161984	0.1734682022	0.4558776376	0.1393895731	0.1655483886
0	0.0725400915	0.3045861281	0.0681191836	0.1168654549	0.4378891419
0	0.0289244471	0.6507298012	0.0952935595	0.1357296595	0.0893225326
0	0.0405182030	0.0272416513	0.0263604626	0.3668149835	0.5390646996
0	0.0000000000	0.0004156576	0.8857461167	0.0010496744	0.1127885513
0	0.0132346709	0.5928121267	0.0434741444	0.1888585613	0.1616204968
0	0.0336427894	0.1416002583	0.3545992688	0.1647450775	0.3054126061
0	0.0014370664	0.6186703307	0.0761591104	0.0000000000	0.3037334925
0	0.0001258566	0.0070853772	0.8675084662	0.1241599466	0.0011203533
0	0.0000000000	0.9092472476	0.0489912918	0.0000468720	0.0417145885
0	0.0062900786	0.0510173870	0.9336668264	0.0063861441	0.0026395639
0	0.4053907459	0.0560572354	0.1505801379	0.3572778276	0.0306940532
0	0.0268539736	0.0549934542	0.0114834480	0.2235692242	0.6830999000
0	0.0000006027	0.0003877771	0.0731636860	0.1356413368	0.7908065973
0	0.0454750688	0.0317504764	0.6083231414	0.3135478776	0.0009034358
0	0.0000000000	0.0000463129	0.2349277323	0.4631740216	0.3018519332
0	0.2613070292	0.2552386259	0.0404820264	0.1945049382	0.2484673803
0	0.0000000011	0.0006578280	0.0000413665	0.9863623625	0.0129384420
0	0.0000058316	0.0145501115	0.0000000001	0.0137111523	0.9717329045
0	0.0083541846	0.1057888645	0.2402850902	0.5498677713	0.0957040895
0	0.0523613575	0.0063757654	0.5651420441	0.0075246400	0.3685961930
1	0.1968463715	0.0009273116	0.7999342133	0.0000673441	0.0022247595
0	0.1529095796	0.0023401093	0.0272467281	0.5227382130	0.2947653700
0	0.0076696654	0.0015124684	0.0125309106	0.9600714365	0.0182155191
0	0.0000000000	0.2296455370	0.2927355969	0.0003285567	0.4772903094
1	0.1342893605	0.1284178401	0.0652851293	0.6719424286	0.0000652416
0	0.0002384310	0.0397873282	0.0074818600	0.9524923808	0.0000000000
0	0.0009406001	0.5361614292	0.0153764844	0.3350414942	0.1124799921
0	0.0146518834	0.5185269026	0.0000260867	0.3943573497	0.0724377776
1	0.0343252438	0.3970601171	0.3606968479	0.1075233329	0.1003944584
0	0.0001296040	0.1161386578	0.3423321845	0.0354857489	0.5059138048
0	0.4760852299	0.4658588674	0.0488412656	0.0091257681	0.0000888689
0	0.0021620734	0.1411819502	0.7553391079	0.0246932102	0.0766236584
0	0.0205617918	0.0182044417	0.3617067688	0.0002134295	0.5993135682
0	0.0006158646	0.1684941509	0.0727011247	0.7136050683	0.0445837915
0	0.0000271949	0.9138804721	0.0675993070	0.0065725957	0.0119204304
0	0.0035004612	0.7413341486	0.0107333227	0.0197626537	0.2246694138
0	0.0000000000	0.0000000000	0.4372236072	0.4189760864	0.1438003063
0	0.0000000250	0.6085412371	0.0976867993	0.1304814463	0.1632904924
1	0.0000000076	0.0000512141	0.2215516903	0.7688489893	0.0095480987
0	0.1015557157	0.1740871718	0.0002616182	0.5271485084	0.1969469860
0	0.2720185632	0.0066367205	0.5683727644	0.1529691810	0.0000027710
0	0.0000234197	0.7036893399	0.2179873124	0.0611389450	0.0171609830
0	0.0553481199	0.0070809495	0.4439939072	0.3388661319	0.1547108916
0	0.0003030521	0.0246419170	0.0210085726	0.9537361783	0.0003102800
0	0.3547011131	0.0431895383	0.1777250942	0.3359047422	0.0884795122
0	0.0000013700	0.1170073798	0.8271175939	0.0300779981	0.0257956581
0	0.0006138501	0.1191333874	0.2139333633	0.6663193993	0.0000000000
0	0.0435958710	0.3117048842	0.0253410646	0.0133953074	0.6059628729
0	0.0004892670	0.0023326017	0.9560655780	0.0368741690	0.0042383843
0	0.0495905565	0.3710901021	0.1409224314	0.0818026026	0.3565943074
1	0.0027668514	0.8941729678	0.0000237759	0.1024816668	0.0005547380
0	0.1690612922	0.0293862160	0.5751554491	0.0525365891	0.1738604535
0	0.5284588724	0.1582647046	0.0490992824	0.2054096778	0.0587674627
0	0.0000000000	0.0034774597	0.9961249753	0.0000000000	0.0003975650
0	0.0000000001	0.0146220301	0.3219937017	0.5563990827	0.1069851855
0	0.0004099542	0.3620143237	0.4228740567	0.0565465064	0.1581551590
0	0.0162218794	0.1457881664	0.3663269039	0.4716474794	0.0000155710
1	0.0016264014	0.1737349873	0.0206920930	0.1512415917	0.6527049265
0	0.0207888468	0.0981999836	0.7603381945	0.0812451385	0.0394278366
0	0.0363762192	0.2463980269	0.6995639569	0.0122911152	0.0053706818
0	0.1849533598	0.4783457741	0.0010064332	0.0020911088	0.3336033239
0	0.0000000205	0.2152196250	0.3566412789	0.1392621178	0.2888769578
0	0.1800520371	0.5685046883	0.0722800291	0.1732881722	0.0058750734
0	0.1995899866	0.0845391085	0.1549747001	0.0303645251	0.5305316797
0	0.0070559143	0.0279337123	0.9261082862	0.0356950103	0.0032070769
0	0.2823600927	0.0528968792	0.3768222643	0.0973261755	0.1905945883
0	0.0000438241	0.0000088640	0.3546210750	0.5786465126	0.0666797243
0	0.1826723618	0.1017933986	0.3859533935	0.3056682836	0.0239125625
0	0.0411637426	0.0000000000	0.1738938639	0.0272947082	0.7576476853
0	0.0000000000	0.9349574862	0.0044256894	0.0471473371	0.0134694873
0	0.0265631109	0.1150724334	0.0033353236	0.4064510420	0.4485780901
0	0.1290835584	0.1985914316	0.3758025598	0.0008053574	0.2957170929
0	0.4097868788	0.1931986930	0.3964750880	0.0000000277	0.0005393125
0	0.0295396548	0.7118743793	0.0726157333	0.0626614476	0.1233087849
0	0.0825690031	0.0000000344	0.2092618224	0.2597901783	0.4483789619
0	0.0004042421	0.0004682071	0.8561360315	0.1320816540	0.0109098653
0	0.0000000038	0.0052471471	0.2448447534	0.2634156018	0.4864924938
0	0.2012567216	0.6146477864	0.1665484995	0.0122984942	0.0052484983
0	0.0000000000	0.2686858773	0.2336947753	0.1144090437	0.3832103038
0	0.3775434369	0.4016256659	0.0486397499	0.1036847426	0.0685064047
0	0.0050330017	0.0000383892	0.8490863299	0.0578993807	0.0879428985
0	0.0014706567	0.0154103485	0.1344274932	0.2104219980	0.6382695036
0	0.0016095682	0.0608904323	0.2192867711	0.1811935117	0.5370197166
0	0.0001087922	0.3754070947	0.0000876697	0.6140251278	0.0103713157
0	0.0636030079	0.7503997972	0.1371928653	0.0477287339	0.0010755956
0	0.0095464098	0.0986584767	0.4026275566	0.1103993797	0.3787681772
0	0.0439104510	0.0321437488	0.0003766735	0.9177103268	0.0058587999
2	0.0000000000	0.0007555321	0.1798055184	0.0135932945	0.8058456550
0	0.0000000009	0.2126500129	0.2591676624	0.5269965875	0.0011857363
0	0.0000000000	0.4319868620	0.4314072526	0.0001959240	0.1364099614
0	0.3467400175	0.0153717909	0.0000545680	0.1508729964	0.4869606272
0	0.4119938049	0.0100668648	0.2647058253	0.0108638639	0.3023696411
0	0.0000871461	0.0004728295	0.9483454377	0.0501791942	0.0009153925
0	0.2150361865	0.1129630225	0.0338257164	0.0227941829	0.6153808917
0	0.0000000000	0.7832782540	0.1396408934	0.0736584270	0.0034224257
0	0.0258141540	0.0804848444	0.1909035259	0.0000049605	0.7027925152
0	0.0432915676	0.0000006478	0.4206420026	0.0525953216	0.4834704603
0	0.0470289490	0.0013812986	0.5160174020	0.4354194930	0.0001528574
0	0.0018650735	0.4311591331	0.3748163472	0.1913826138	0.0007768323
