0	0.2087045388	0.4428912317	0.3220379348	0.0238261020	0.0025401926
0	0.0435212725	0.4446308567	0.0000643495	0.2797825084	0.2320010129
0	0.1192186825	0.2944142075	0.0036138728	0.5652849495	0.0174682878
0	0.0050026045	0.0024739656	0.0001025407	0.3177477641	0.6746731252
0	0.0007183483	0.0201525823	0.0595164957	0.0482499302	0.8713626435
0	0.0050318419	0.0252427867	0.7855372792	0.0623379752	0.1218501170
0	0.2109073761	0.0058335722	0.2260362313	0.5473117948	0.0099110256
0	0.1909084875	0.4451245047	0.0209755532	0.2178330412	0.1251584134
0	0.0644269664	0.3121973416	0.6215761222	0.0000294012	0.0017701687
0	0.0000000000	0.6545604811	0.0336972863	0.1056156498	0.2061265829
1	0.0165249064	0.0102499701	0.0056056765	0.7829497586	0.1846696883
0	0.0554824581	0.0007825312	0.7810945189	0.0165674574	0.1460730345
0	0.0000000006	0.0006688128	0.9843526376	0.0122217603	0.0027567887
0	0.6750156466	0.0832383052	0.1626191969	0.0756101867	0.0035166645
0	0.0000000000	0.0261348525	0.9608706743	0.0129399427	0.0000545305
0	0.3889761251	0.0018954456	0.0127418917	0.0000037908	0.5963827468
0	0.0248417971	0.0000000000	0.6465695186	0.0000000757	0.3285886086
1	0.0625252694	0.0667410698	0.3794511065	0.3117701129	0.1795124414
0	0.0002699042	0.1351527382	0.7776364861	0.0518985283	0.0350423432
0	0.0000000000	0.4518435075	0.1632673073	0.1518881838	0.2330010014
0	0.0512909110	0.0000000003	0.1680036086	0.4449481821	0.3357572981
0	0.2939054610	0.0820063717	0.0256809664	0.5581487343	0.0402584667
0	0.0689609301	0.1181701523	0.4755153088	0.3222926643	0.0150609444
0	0.0000105762	0.9457385001	0.0058791817	0.0000528422	0.0483188997
0	0.0196838610	0.0947193686	0.1110481046	0.5642003604	0.2103483054
0	0.1188946065	0.0029914511	0.6541781572	0.0323726509	0.1915631344
0	0.0000000000	0.0504064839	0.8131957071	0.0754405722	0.0609572368
0	0.0096665613	0.0312330057	0.0170567095	0.9235905481	0.0184531754
0	0.0000000014	0.0052784469	0.6337011556	0.0001392055	0.3608811906
0	0.0005678133	0.3649801119	0.4810965142	0.1116020511	0.0417535095
0	0.0081666975	0.0380327991	0.6872058336	0.0000000000	0.2665946698
1	0.0001229825	0.1635883604	0.0299681471	0.5871489062	0.2191716038
0	0.5273653863	0.1431826818	0.2038341470	0.1224900891	0.0031276958
0	0.0344909714	0.0145750807	0.2713579285	0.3695917990	0.3099842205
1	0.0000013531	0.3647904320	0.0062878372	0.4179195025	0.2110008752
0	0.0014934144	0.0000002098	0.4414486519	0.5222088914	0.0348488325
0	0.0000204813	0.0000023948	0.9306538895	0.0682253810	0.0010978533
0	0.4819372141	0.0162485318	0.1677103281	0.2575868750	0.0765170510
0	0.0000000000	0.7971494275	0.1166549625	0.0165286407	0.0696669693
0	0.0015356359	0.1065187555	0.0001286768	0.8908129311	0.0010040007
1	0.4009355059	0.0000000000	0.2167251690	0.0156021541	0.3667371710
0	0.0434345971	0.7153400191	0.0458028525	0.0001033275	0.1953192038
0	0.0038010620	0.0054207601	0.0317759241	0.5145501205	0.4444521333
0	0.0184083201	0.0513385442	0.2081718625	0.5188040754	0.2032771978
1	0.5133102290	0.3254858764	0.0770677401	0.0028792141	0.0812569404
0	0.0949715747	0.0521797393	0.2583646747	0.5925746539	0.0019093573
0	0.0044148900	0.9628536091	0.0109181448	0.0192768697	0.0025364864
0	0.0510395480	0.0871305061	0.6841835720	0.0737519792	0.1038943947
0	0.0719814030	0.2575731609	0.5977031537	0.0701702928	0.0025719896
0	0.0000000163	0.0391430134	0.7975777712	0.0000621333	0.1632170657
0	0.0920405680	0.3105094503	0.3446808426	0.0435900403	0.2091790988
0	0.0000000000	0.4572470160	0.0117678222	0.0009292279	0.5300559339
0	0.0109225164	0.0000016460	0.7107952777	0.2721715680	0.0061089918
0	0.1385396656	0.2534880666	0.4706289517	0.0445942586	0.0927490574
0	0.0936339639	0.6354720693	0.1042979242	0.1655248770	0.0010711656
0	0.2285505416	0.5038344712	0.0789087559	0.0025143253	0.1861919059
0	0.0867470375	0.0060651744	0.6292599250	0.0071939492	0.2707339139
0	0.1514096478	0.1035535316	0.1557214152	0.2022951468	0.3870202586
0	0.0899928742	0.2187330729	0.3797437802	0.2729003654	0.0386299073
1	0.1426090875	0.0000139731	0.4037929243	0.0003782480	0.4532057671
1	0.0119115406	0.0000000019	0.9097492020	0.0039061131	0.0744331424
1	0.1798195213	0.0000084751	0.4456917464	0.3744800871	0.0000001701
0	0.4193428957	0.3445563905	0.0039299818	0.1920064058	0.0401643262
0	0.0016001961	0.2668872870	0.0692147185	0.0027508055	0.6595469929
0	0.0000374431	0.0864019948	0.0939442780	0.2658718195	0.5537444645
0	0.0213845605	0.1165185739	0.0063411940	0.8218444431	0.0339112285
0	0.0303728105	0.0184307116	0.0886904609	0.1033483337	0.7591576833
0	0.3664467981	0.0504500512	0.5431755677	0.0078159005	0.0321116825
0	0.0000000000	0.0089778385	0.7047946801	0.2721267277	0.0141007537
0	0.0000000015	0.3791919642	0.5535632270	0.0237483636	0.0434964437
1	0.0000330026	0.6755176875	0.0359628909	0.0059727843	0.2825136347
0	0.0000000000	0.9399870599	0.0592184552	0.0000079141	0.0007865708
0	0.0955498291	0.2263990058	0.0025833241	0.6061353386	0.0693325023
0	0.0000000048	0.2925459304	0.0735329396	0.5388522179	0.0950689073
0	0.0000000000	0.1317511609	0.1051243853	0.0834549388	0.6796695151
0	0.0056115867	0.0466025189	0.0457174754	0.0679787458	0.8340896733
0	0.0052132392	0.0507710591	0.0035888789	0.8600309082	0.0803959145
0	0.0026514734	0.0059678740	0.0232769685	0.6360101149	0.3320935691
0	0.0044980480	0.0000845889	0.6985710661	0.1446682740	0.1521780231
1	0.0860702085	0.2909011675	0.0653829649	0.0075915602	0.5500540990
0	0.0526254384	0.1952704608	0.3095316135	0.4425520890	0.0000203984
0	0.0084467191	0.5518938500	0.2328430650	0.2005912784	0.0062250875
2	0.1364208655	0.0044923450	0.0093680053	0.1062468193	0.7434719649
0	0.1901128367	0.0043446401	0.0159123377	0.2235403492	0.5660898362
1	0.0204218658	0.0920060066	0.3536535662	0.4809206548	0.0529979067
0	0.1579733713	0.2899185587	0.3404939040	0.1476715658	0.0639426002
0	0.0000000005	0.0206276804	0.4821081013	0.0632956203	0.4339685976
0	0.0003045143	0.0338798006	0.2175130043	0.0623010509	0.6860016299
0	0.0091421207	0.9604016882	0.0209144497	0.0000755381	0.0094662033
0	0.0225819183	0.0350279561	0.9222790410	0.0131795913	0.0069314933
0	0.0000000000	0.0568278063	0.1248296009	0.1753936032	0.6429489897
0	0.0020803885	0.0333915160	0.0326705559	0.9155669638	0.0162905758
0	0.2668423703	0.0376049474	0.5495766144	0.0134821426	0.1324939254
0	0.0791766727	0.0714367927	0.1850928734	0.1017586211	0.5625350401
0	0.0002862127	0.0219801285	0.3303110205	0.1072571380	0.5401655003
0	0.0000000000	0.0000057506	0.9472444011	0.0524755564	0.0002742919
0	0.0000000000	0.9649421961	0.0030383182	0.0218943173	0.0101251684
0	0.0023970635	0.4855830810	0.2221679716	0.1276293890	0.1622224949
1	0.0008284898	0.5923818949	0.0107558162	0.3920887038	0.0039450954
0	0.0004311036	0.0001542751	0.6475222620	0.3242500566	0.0276423027
