1	0.4220132673	0.2917567418	0.0370189302	0.2453131097	0.0038979510
0	0.1407431211	0.3192965021	0.1529173554	0.2782108331	0.1088321883
0	0.0477967206	0.0057943898	0.4039437248	0.0581451133	0.4843200516
0	0.0008953886	0.1314034908	0.2814236143	0.0272868629	0.5589906434
1	0.0000000002	0.0180628779	0.6925480934	0.0000001521	0.2893888763
0	0.0168241248	0.0474503728	0.7693741290	0.1332020085	0.0331493650
0	0.4728769615	0.0000038726	0.0904216463	0.2294783269	0.2072191927
0	0.0156183599	0.0126663359	0.5291421392	0.3811079666	0.0614651984
0	0.2687952611	0.0051936555	0.5919259236	0.0746444643	0.0594406955
0	0.0484332534	0.2316095815	0.0053719549	0.6486649289	0.0659202814
0	0.0003200191	0.4574968998	0.0039720698	0.5280405671	0.0101704442
0	0.0000000000	0.3726607975	0.1048527196	0.0134436005	0.5090428824
0	0.0000013906	0.1469142643	0.0101245695	0.4862212665	0.3567385090
0	0.1413276973	0.0206154791	0.4510816407	0.3417220893	0.0452530935
0	0.0250617805	0.3106207641	0.0007998837	0.0454677201	0.6180498517
0	0.0036636000	0.3705941229	0.1043438275	0.5213943961	0.0000040535
0	0.0531536747	0.9463011015	0.0000016022	0.0000140277	0.0005295939
0	0.0002743729	0.9483930579	0.0364375139	0.0000046709	0.0148903844
0	0.0746818386	0.0068926009	0.0777002650	0.0000000038	0.8407252917
0	0.0000077195	0.0000000010	0.9850541428	0.0057872224	0.0091509142
0	0.0080158566	0.0117375127	0.6082373514	0.3590260408	0.0129832386
0	0.9013616754	0.0049135855	0.0332583189	0.0500349988	0.0104314215
1	0.0222075516	0.0482629812	0.3407849375	0.3932156745	0.1955288553
0	0.0009664638	0.0501876149	0.0019208638	0.9314774918	0.0154475657
0	0.3712191549	0.3682854058	0.2598997732	0.0000137586	0.0005819074
0	0.0852770828	0.7116686457	0.0252331700	0.1704744119	0.0073466895
0	0.0255970329	0.0819497217	0.0128894152	0.0000007515	0.8795630786
0	0.0000000000	0.0361641763	0.0344071741	0.9293021283	0.0001265214
0	0.0842259773	0.4461609683	0.0879295603	0.3047292111	0.0769542830
0	0.0000002326	0.2118438083	0.2785287052	0.5009714991	0.0086557548
0	0.0000002805	0.0010990897	0.1499535474	0.3924654817	0.4564816008
0	0.0009840657	0.2764605532	0.2972162340	0.3804504714	0.0448886758
0	0.0002020806	0.4590864165	0.4595446256	0.0811663246	0.0000005527
0	0.0230585957	0.6999291473	0.2155120156	0.0591532506	0.0023469909
0	0.0020729176	0.0004766841	0.0223985206	0.7736073571	0.2014445207
0	0.0000000000	0.0766120541	0.8912645988	0.0120034000	0.0201199471
0	0.1917645842	0.0113202734	0.4926221085	0.3005107404	0.0037822935
0	0.1681889417	0.4309590571	0.0406480849	0.0495422589	0.3106616574
0	0.0000004084	0.1275914552	0.2610455608	0.3161655965	0.2951969791
0	0.0276162458	0.2646611125	0.4288955337	0.0002329196	0.2785941884
0	0.0101336097	0.6275278832	0.0628750315	0.2994634757	0.0000000000
2	0.0000000000	0.3562354631	0.1383353365	0.4620147800	0.0434144204
0	0.0095388467	0.4395481817	0.0612350570	0.4580210930	0.0316568217
0	0.0159225200	0.5276575320	0.0015433147	0.3339855977	0.1208910356
0	0.0000000000	0.1766734571	0.6855964510	0.0019298318	0.1358002601
0	0.0438450876	0.0205672562	0.2551728776	0.0928693852	0.5875453934
0	0.0000019528	0.0531331392	0.1846849587	0.7510332995	0.0111466499
0	0.1761633406	0.1772387565	0.5160396229	0.0280635623	0.1024947177
1	0.0117983136	0.0241931443	0.8517039722	0.0000260590	0.1122785109
0	0.1486188372	0.4164675790	0.0338100792	0.0784134652	0.3226900394
0	0.0000024394	0.7629760319	0.0198409835	0.0844674009	0.1327131443
0	0.0068562357	0.1961945737	0.5871035085	0.0754718759	0.1343738062
0	0.0000000000	0.0007696606	0.6435040663	0.3557253548	0.0000009182
0	0.0000141447	0.8470261071	0.0380298402	0.0804235070	0.0345064010
0	0.0000061964	0.0006266610	0.1336174213	0.8657465609	0.0000031604
0	0.0064263146	0.7177149044	0.1544707007	0.0658295948	0.0555584854
0	0.0389412651	0.1199033113	0.1328917011	0.6313358423	0.0769278803
0	0.0025579453	0.0582876701	0.2957917747	0.0048179651	0.6385446448
0	0.0119048995	0.0902919842	0.0000001231	0.8973875572	0.0004154361
0	0.0019814971	0.0421306765	0.2754951421	0.5292454693	0.1511472149
0	0.1213942233	0.2087658174	0.6126188969	0.0064963508	0.0507247116
0	0.0018615362	0.0149032148	0.6659133700	0.2633274040	0.0539944751
0	0.0000724017	0.0017540801	0.0004944661	0.1310484467	0.8666306053
0	0.0000005119	0.0598080905	0.4267143520	0.1188269987	0.3946500469
0	0.3724422862	0.2125415566	0.2705059227	0.0485541053	0.0959561293
0	0.0889331794	0.3181271373	0.2856607154	0.0340529574	0.2732260105
0	0.3589647063	0.0245688237	0.3896962972	0.0816641814	0.1451059915
0	0.0084134318	0.0241727089	0.2253847924	0.6017172942	0.1403117728
0	0.0000000000	0.7022822165	0.0784075367	0.2058761696	0.0134340772
0	0.0133103046	0.5359628081	0.0035227000	0.4272681465	0.0199360409
0	0.0019863967	0.0248906809	0.0068516986	0.7783039335	0.1879672903
0	0.0342224733	0.6596104360	0.0083900075	0.1989543836	0.0988226996
1	0.0000321442	0.2463296883	0.7130377768	0.0406003901	0.0000000006
0	0.0134086505	0.7602499431	0.0339973053	0.0158838046	0.1764602964
0	0.1028146843	0.1908421473	0.2524778153	0.4315501974	0.0223151558
0	0.0012620503	0.2262096957	0.4808976441	0.1230808672	0.1685497427
2	0.0025507123	0.0000620190	0.0027876093	0.8286828673	0.1659167920
0	0.0000117033	0.2627294272	0.6914353846	0.0041156850	0.0417078000
0	0.0000108155	0.0000000004	0.2441882820	0.6781958570	0.0776050451
0	0.0000000000	0.0071458088	0.4509216825	0.3796625261	0.1622699826
1	0.0628332776	0.6921642432	0.0046019904	0.0001882508	0.2402122381
1	0.0750528904	0.7771726014	0.1446949734	0.0030795348	0.0000000000
1	0.0000000215	0.1320037575	0.0119145839	0.6921869481	0.1638946889
1	0.0382243567	0.0986198979	0.5402782727	0.1633501960	0.1595272767
0	0.0253128532	0.0016790685	0.4468097064	0.5260810178	0.0001173541
0	0.0000000000	0.0267020035	0.2587010009	0.7034274279	0.0111695677
0	0.0183529055	0.7410168862	0.1576893434	0.0703955476	0.0125453172
0	0.0006322548	0.1079077412	0.1455611381	0.0096953510	0.7362035149
0	0.0000000027	0.0082915075	0.4977792891	0.2410955197	0.2528336810
0	0.0001014163	0.0009688249	0.0004048300	0.9520166836	0.0465082452
0	0.0002385589	0.2002702779	0.7486448057	0.0125578805	0.0382884770
0	0.1155547184	0.5047700899	0.0332685239	0.2519016109	0.0945050570
0	0.0017387367	0.1192545892	0.7388122028	0.1146602755	0.0255341957
0	0.3026025177	0.0610181224	0.0615556049	0.3600924283	0.2147313267
0	0.0231954606	0.2099837948	0.0154754340	0.0999981787	0.6513471319
0	0.0377048761	0.0029820149	0.2471220811	0.6213601160	0.0908309119
0	0.1686544472	0.1188180876	0.7069315562	0.0055857963	0.0000101128
0	0.0001590942	0.0078246133	0.0024138879	0.8970368388	0.0925655659
0	0.0000098996	0.2068176746	0.6475690844	0.0550043783	0.0905989631
0	0.0120707809	0.5900164726	0.2155070380	0.1274544943	0.0549512142
