0	0.0133559068	0.1407944181	0.5687451499	0.1345895171	0.1425150082
0	0.0720408157	0.3429624192	0.5002455696	0.0356017543	0.0491494412
0	0.0000000000	0.0013899442	0.2453482308	0.3741440608	0.3791177642
0	0.0000000101	0.0915262914	0.2868731770	0.2101160674	0.4114844542
0	0.0005674860	0.0967654343	0.0636920399	0.8344259441	0.0045490957
0	0.0098534175	0.0259360211	0.1302809112	0.4155153887	0.4184142614
0	0.0011041113	0.0000586476	0.1002680572	0.8071305891	0.0914385947
0	0.0018626436	0.0000179546	0.9005851234	0.0969360163	0.0005982622
0	0.0082563761	0.0708630087	0.5561898781	0.3633005023	0.0013902348
1	0.4883292765	0.0084059763	0.0000419629	0.3483821634	0.1548406209
0	0.0026187555	0.2180936166	0.4638575914	0.0122581860	0.3031718505
0	0.0007318575	0.0427984188	0.0246476073	0.3372844229	0.5945376935
0	0.0007618984	0.0270953579	0.0705994020	0.8406236139	0.0609197277
0	0.0015622271	0.0166380489	0.9180171079	0.0637826137	0.0000000024
0	0.0018538213	0.0388157077	0.3285400834	0.4420689488	0.1887214388
0	0.0000777387	0.0778453467	0.9214482800	0.0004309256	0.0001977090
0	0.5808611436	0.0000000000	0.0247018360	0.2304865409	0.1639504796
0	0.1422882540	0.0000071082	0.2461842124	0.0255235057	0.5859969198
0	0.0293027413	0.0185617872	0.2593945173	0.0450086634	0.6477322907
0	0.0733238173	0.0183309018	0.6606067851	0.1969866917	0.0507518040
0	0.2100679909	0.6404399513	0.0307019511	0.0507515993	0.0680385074
0	0.0616479959	0.0248469058	0.0869560948	0.7847795221	0.0417694814
0	0.0194199959	0.3864012579	0.3344979895	0.0000051687	0.2596755880
0	0.0000000000	0.1150845798	0.4960854531	0.1630965705	0.2257333966
0	0.0000002693	0.2040574506	0.0001912280	0.0000000000	0.7957510521
0	0.0003234967	0.0062544706	0.0053928422	0.1863950864	0.8016341041
0	0.2901762869	0.5339664707	0.0919648157	0.0158287577	0.0680636690
2	0.0025449308	0.0007754585	0.9966087371	0.0000669601	0.0000039135
0	0.0602840360	0.6813307189	0.1309285764	0.0038926117	0.1235640570
0	0.0342635148	0.1881381515	0.7758969334	0.0017013978	0.0000000026
0	0.0022034193	0.8767109605	0.0038836348	0.0030349091	0.1141670763
0	0.0172117255	0.5066510777	0.1087106950	0.1735285937	0.1938979081
0	0.0027464026	0.2486066140	0.0054311640	0.7431791253	0.0000366941
0	0.0137193971	0.0000069966	0.0238314751	0.9558583390	0.0065837921
0	0.1844707212	0.0567685300	0.3742133075	0.1981240848	0.1864233565
0	0.0147426388	0.3215833351	0.0899806622	0.1592268849	0.4144664791
0	0.0005836487	0.0001989840	0.0000539700	0.9987112640	0.0004521333
0	0.0114027233	0.0133352648	0.5534672585	0.1410322767	0.2807624767
0	0.0000000006	0.0981180820	0.8834102158	0.0002748458	0.0181968558
0	0.0297660809	0.2475060033	0.6275497051	0.0019963830	0.0931818276
0	0.0415373417	0.5580108698	0.1341365463	0.0053074722	0.2610077701
0	0.0256906749	0.2160625622	0.0915414856	0.5488993073	0.1178059700
0	0.0000000001	0.3319320102	0.1064180904	0.1887095932	0.3729403061
0	0.0002884134	0.2415847489	0.6749460557	0.0307819237	0.0523988584
0	0.0026493214	0.6484694120	0.1840718649	0.1291636155	0.0356457862
0	0.0688936404	0.6870922206	0.0207051313	0.0507096218	0.1725993859
0	0.0315513796	0.0005045487	0.0686984663	0.8656946807	0.0335509248
0	0.0553190625	0.0000000007	0.1416766980	0.7777810014	0.0252232374
0	0.0000193488	0.7493225584	0.0696815816	0.0072393104	0.1737372009
0	0.0114006854	0.0200005635	0.0887125463	0.8245387001	0.0553475047
0	0.0000000009	0.0033837748	0.9711010531	0.0186226772	0.0068924940
1	0.0000000000	0.0001066339	0.6786748660	0.0000000000	0.3212185001
0	0.0011934574	0.0189657362	0.0213826405	0.9584565082	0.0000016577
0	0.2633079363	0.0976800587	0.0436808196	0.5775818598	0.0177493256
0	0.0081573460	0.2544463952	0.2836891040	0.3954657477	0.0582414071
0	0.0081175332	0.6005022403	0.1107390579	0.1247618235	0.1558793451
0	0.0029506140	0.0025669149	0.0991651423	0.4797851776	0.4155321512
0	0.0006953781	0.0501341367	0.1005006311	0.1545787018	0.6940911523
0	0.6877030876	0.1478689709	0.1461061790	0.0153098269	0.0030119357
1	0.1249491900	0.0780474852	0.0442568551	0.0976640446	0.6550824251
0	0.0376974253	0.5661226317	0.0548058326	0.2635888144	0.0777852961
0	0.1945858849	0.0409669669	0.2357158897	0.3263284849	0.2024027736
0	0.1358149956	0.2938344520	0.4403198330	0.1127217866	0.0173089327
0	0.1138874141	0.1931813538	0.0710970100	0.0000636527	0.6217705693
0	0.0055354108	0.6576493908	0.3115452598	0.0244772150	0.0007927236
0	0.0000000444	0.1394038260	0.0867860649	0.7029426566	0.0708674079
0	0.1432036132	0.0832758479	0.0917061505	0.6711270115	0.0106873770
0	0.0104907867	0.5510271870	0.0433589101	0.0072318266	0.3878912897
0	0.0217521964	0.0333866364	0.9332847325	0.0088942868	0.0026821479
0	0.0020443531	0.0958956798	0.0037856358	0.6059120672	0.2923622640
1	0.1828024729	0.5161199301	0.0000910120	0.1976682134	0.1033183716
0	0.0014098560	0.2476087523	0.4886254244	0.1688045799	0.0935513874
0	0.0147186061	0.0592750342	0.0000077482	0.0001804289	0.9258181827
0	0.0493724660	0.2927356766	0.2555474219	0.2507887472	0.1515556884
0	0.0033153592	0.0725568573	0.3240752395	0.4462248486	0.1538276954
0	0.0003678356	0.0277005317	0.3979918617	0.5730667507	0.0008730203
0	0.0015299243	0.7019147788	0.1476807996	0.1482881644	0.0005863329
0	0.0456440212	0.1714606650	0.0002641035	0.7824625338	0.0001686765
0	0.1060582528	0.0467162471	0.6243179769	0.1977223380	0.0251851853
0	0.1318138909	0.1859233895	0.0694421730	0.1060928077	0.5067277390
0	0.0028585684	0.1349570778	0.0000337539	0.8591483346	0.0030022653
0	0.0002768094	0.0360867639	0.0656921194	0.0138405028	0.8841038045
0	0.0011562659	0.1231247915	0.7811206690	0.0912766368	0.0033216369
0	0.3704416687	0.0007502043	0.2223878845	0.3977620642	0.0086581782
1	0.0000001676	0.0231245617	0.0001540573	0.9754078221	0.0013133914
0	0.0035945884	0.7095046629	0.1338407278	0.0752178625	0.0778421584
0	0.0036491054	0.1400403407	0.2127732515	0.0334140406	0.6101232618
0	0.1120531908	0.0319993048	0.6574280807	0.1985191345	0.0000002892
0	0.0029341633	0.0124727415	0.5875548963	0.0170146338	0.3800235650
0	0.2523600601	0.0330200300	0.1190355031	0.1072185676	0.4883658393
0	0.6397644291	0.0228787423	0.0076378767	0.0021099554	0.3276089964
0	0.1732215547	0.0000000024	0.0674236127	0.2067941075	0.5525607227
0	0.1525599216	0.1159225209	0.0593052614	0.6722122961	0.0000000000
0	0.0000000000	0.0444763806	0.3358913871	0.1595501358	0.4600820965
0	0.0049604268	0.0000000000	0.0723018774	0.9217618530	0.0009758428
0	0.0028006657	0.0075685775	0.9791038408	0.0021268449	0.0084000711
0	0.2671304855	0.2635273351	0.0327220137	0.1395748445	0.2970453212
0	0.0223827121	0.5440434690	0.1003677335	0.1399308564	0.1932752291
0	0.0000465287	0.0045264326	0.0172251369	0.8914640494	0.0867378524
0	0.2126371810	0.2031805051	0.4877242487	0.0958678134	0.0005902519
