0	0.0000000002	0.0689438611	0.3980565079	0.5173756299	0.0156240008
0	0.0010829835	0.7066918565	0.1173899919	0.0930403547	0.0817948133
0	0.0053702716	0.0002081649	0.9613348729	0.0277758418	0.0053108488
1	0.0043441311	0.0012523476	0.0000000017	0.7445348114	0.2498687082
0	0.0129883363	0.2019993256	0.6530103494	0.0651309654	0.0668710233
1	0.0000000000	0.2481433646	0.1633130551	0.5630783946	0.0254651856
0	0.1121356466	0.0958885155	0.7820833500	0.0097332343	0.0001592536
0	0.0637379572	0.4282036600	0.2456296957	0.1532335292	0.1091951579
0	0.0393590822	0.6990190642	0.0637693888	0.1409259958	0.0569264691
0	0.0003076122	0.1296256850	0.0297701391	0.0000032766	0.8402932871
0	0.0023449787	0.7604555606	0.2218977051	0.0046894583	0.0106122973
0	0.0079489995	0.0355650772	0.4046157924	0.2198737292	0.3319964017
0	0.0220424182	0.1630452616	0.0412619316	0.6093006517	0.1643497369
0	0.0180033313	0.5575110938	0.3966115232	0.0000004163	0.0278736353
0	0.0025390301	0.1628071043	0.5149967262	0.3196570476	0.0000000918
0	0.2126472817	0.1864647574	0.1442973123	0.3862649642	0.0703256844
0	0.1805260273	0.0000020603	0.7542639245	0.0552664651	0.0099415227
1	0.0042888759	0.5165132013	0.0478105323	0.2199786730	0.2114087176
0	0.3141000569	0.0970841085	0.0658121706	0.5000453324	0.0229583316
0	0.0327222458	0.1116169803	0.0574995335	0.6926318422	0.1055293983
0	0.0864801839	0.0023823653	0.2316569193	0.6301273640	0.0493531675
0	0.0319987964	0.0005636657	0.0128472533	0.1700420543	0.7845482303
0	0.0528403756	0.6497278216	0.1733920808	0.0000000006	0.1240397214
0	0.0184090216	0.1411972709	0.7108847324	0.0026520206	0.1268569545
0	0.0017581194	0.0000000000	0.6916533522	0.3027674765	0.0038210518
0	0.0098778356	0.0818195171	0.0497731107	0.7635253596	0.0950041770
0	0.0343171909	0.0000080158	0.0007302208	0.9202297179	0.0447148545
0	0.0651732386	0.0000085823	0.4825560950	0.3756777309	0.0765843531
0	0.2026087099	0.0000000247	0.0155245707	0.2659144292	0.5159522656
1	0.0000000000	0.2500396425	0.7024836073	0.0466134438	0.0008633065
0	0.0009085774	0.0057365944	0.5514570432	0.2685194666	0.1733783184
0	0.0107807685	0.4470751541	0.1259521498	0.0966498948	0.3195420328
0	0.0000000022	0.3783858266	0.2274320114	0.1642374150	0.2299447447
2	0.0167410454	0.1787303043	0.1867050311	0.5443563385	0.0734672807
0	0.0270784148	0.0018811891	0.8927724714	0.0182076867	0.0600602381
0	0.0000000000	0.0126408696	0.0000782259	0.2315657470	0.7557151574
0	0.0429059354	0.8300487966	0.0811686005	0.0458220109	0.0000546566
0	0.1067616368	0.0017179811	0.2940045975	0.5602371170	0.0372786677
0	0.0135406319	0.0014452599	0.0300191532	0.0153527630	0.9396421920
1	0.0095097884	0.9338303297	0.0437310299	0.0029791845	0.0099496675
0	0.0116070220	0.0163074585	0.2918228988	0.0014132123	0.6788494084
0	0.0089467871	0.2084257626	0.4553779788	0.3272494710	0.0000000005
0	0.0183350522	0.0001519148	0.8304755594	0.1509198483	0.0001176252
0	0.0000000018	0.0111354941	0.0022335396	0.5482021406	0.4384288240
0	0.0379829269	0.0251062456	0.9342420741	0.0001340548	0.0025346986
0	0.0825745854	0.6488470616	0.2179767812	0.0398603719	0.0107411999
0	0.0747674411	0.0000000000	0.3214331894	0.0003706529	0.6034287166
0	0.1590598095	0.0058454360	0.7894874750	0.0350047088	0.0106025707
0	0.2799718269	0.0664475753	0.0550973309	0.2839451042	0.3145381627
0	0.0057569554	0.0047922057	0.1059944105	0.8576531747	0.0258032536
0	0.0022907666	0.0202447084	0.2513078962	0.0642585021	0.6618981267
0	0.0596281879	0.1794841857	0.4018673317	0.0071843660	0.3518359287
0	0.0094314103	0.5208834312	0.0576053157	0.3963235060	0.0157563368
0	0.0000000000	0.0000009988	0.1865394063	0.3200009315	0.4934586633
0	0.0397380601	0.5447633558	0.4028358013	0.0118641600	0.0007986228
0	0.0725664439	0.1716972879	0.1910942654	0.5367047543	0.0279372484
0	0.0693727857	0.0049356539	0.0186603020	0.8513003265	0.0557309320
0	0.0039993355	0.1521431767	0.0119008943	0.7976434231	0.0343131704
0	0.0012981123	0.1572567118	0.6928597826	0.1225775844	0.0260078089
0	0.0000000000	0.0000000000	0.1330816056	0.7645403108	0.1023780836
0	0.3022142563	0.0278622576	0.1333658472	0.3110241417	0.2255334973
1	0.0000776503	0.3163718152	0.0533188212	0.6234633367	0.0067683766
0	0.0285680501	0.0205217598	0.3292636412	0.6190313391	0.0026152099
0	0.0000000000	0.0188249820	0.0976180419	0.1980113822	0.6855455940
0	0.0007831256	0.1952277947	0.3138797539	0.0200095248	0.4700998009
0	0.2615551488	0.0086661973	0.0659071083	0.5017034910	0.1621680546
0	0.0000000000	0.3175869139	0.4632992769	0.2011057415	0.0180080677
0	0.0050992413	0.6171491890	0.0225666136	0.3543850294	0.0007999267
0	0.0663207519	0.0175872113	0.8658243956	0.0498983845	0.0003692567
1	0.0000368493	0.2118568853	0.7859433175	0.0003144397	0.0018485082
2	0.0002661737	0.0010774669	0.3114476137	0.6658696562	0.0213390895
0	0.0232542500	0.0601753744	0.3682201126	0.3465211669	0.2018290961
0	0.4044459842	0.0665332315	0.2455047607	0.0218345618	0.2616814618
0	0.1131732845	0.6244972350	0.2468278155	0.0049537435	0.0105479216
0	0.1805746351	0.0786630928	0.1929335177	0.3643658780	0.1834628764
0	0.0000008735	0.0000707691	0.5001680814	0.0211350455	0.4786252304
0	0.0019208234	0.0472159155	0.0147167894	0.0466665965	0.8894798752
0	0.0000000001	0.8413267818	0.0149573126	0.0410526323	0.1026632733
0	0.0221486035	0.0049132906	0.1806790210	0.0653237988	0.7269352860
1	0.1530169093	0.0419979605	0.5535947518	0.1518176648	0.0995727136
0	0.2647960209	0.5033253235	0.2164852795	0.0081027807	0.0072905954
0	0.0030363347	0.0459276076	0.9100889890	0.0407704224	0.0001766464
0	0.0001065714	0.0291203045	0.0011151785	0.0000059910	0.9696519546
0	0.0000006870	0.2282149445	0.5333750357	0.0598392829	0.1785700500
1	0.0000000003	0.0219308688	0.0392427715	0.8709628792	0.0678634802
1	0.0488923344	0.0012836023	0.2145849237	0.3283788959	0.4068602437
0	0.0018963797	0.4722937871	0.4403943087	0.0106061460	0.0748093786
0	0.1095427211	0.0464386024	0.7622832040	0.0479003229	0.0338351496
1	0.0007870861	0.0969376932	0.5674132499	0.1999558625	0.1349061083
0	0.2551285169	0.1912988488	0.2383921112	0.2026247531	0.1125557700
0	0.2795340442	0.0731077085	0.0017810571	0.1021933588	0.5433838314
0	0.0000000000	0.6668643633	0.2521667892	0.0460239850	0.0349448625
0	0.0002185311	0.0001594701	0.2817607665	0.6881680474	0.0296931849
0	0.0566259019	0.0423746073	0.0184992543	0.7767780902	0.1057221462
0	0.0112493342	0.8162449179	0.0008422229	0.1596329556	0.0120305694
0	0.0101721538	0.0703988484	0.9048295953	0.0145197925	0.0000796100
0	0.0000000000	0.0695980209	0.0194749624	0.6752664508	0.2356605659
0	0.0000000000	0.0026986604	0.0439206506	0.0257864643	0.9275942247
0	0.0910640007	0.1012429175	0.5524197080	0.0000000000	0.2552733738
1	0.0000000000	0.4422532306	0.4822808427	0.0546411557	0.0208247711
