0	0.7250902954	0.0722531461	0.0516272770	0.1499399369	0.0010893446
0	0.1385988958	0.1365734747	0.0385239416	0.6863036360	0.0000000520
1	0.0396451627	0.2522891305	0.0440493456	0.6038865050	0.0601298563
0	0.0000000022	0.1893409271	0.0737398880	0.0316698801	0.7052493027
0	0.0000014189	0.1904634079	0.0213098423	0.7665036841	0.0217216468
0	0.0080709746	0.0070012391	0.3270097386	0.4020821688	0.2558358789
0	0.1202031689	0.0054089102	0.2577567088	0.0991533649	0.5174778472
0	0.0004830132	0.3039354465	0.3731057623	0.3094924932	0.0129832848
0	0.0002060464	0.0068845340	0.7166804722	0.2762289473	0.0000000000
0	0.0066563931	0.0338409716	0.0141520728	0.9403362090	0.0050143535
0	0.0581097209	0.0045402035	0.7064801395	0.0979996125	0.1328703237
0	0.0054511072	0.1593845464	0.5613188344	0.0865410609	0.1873044511
0	0.0000377844	0.0405065325	0.9418188993	0.0073362257	0.0103005581
1	0.0453153857	0.0006685642	0.0282686763	0.9114602477	0.0142871260
0	0.0005569687	0.3741122951	0.0135527757	0.0081453951	0.6036325654
1	0.0000000000	0.1228364695	0.0076468842	0.8695166462	0.0000000000
0	0.0000000000	0.1034802337	0.4796039990	0.3198253726	0.0970903948
0	0.0022897343	0.0745628144	0.8751429745	0.0152729771	0.0327314998
0	0.0497759453	0.2872167146	0.3658847224	0.2535946909	0.0435279268
0	0.0000000000	0.0361790329	0.4082617291	0.5447035086	0.0108557294
0	0.0136935043	0.0716968629	0.8593946050	0.0097871037	0.0454279241
0	0.0010148756	0.0049427487	0.1076056416	0.7042724692	0.1821642649
0	0.0000000000	0.0001075946	0.4286060277	0.1574528143	0.4138335634
0	0.0000000000	0.4663841438	0.1453525334	0.2301460240	0.1581172988
0	0.0803050015	0.2224925138	0.0001412516	0.0976986665	0.5993625666
1	0.0006498287	0.0010204993	0.6977166448	0.2149641073	0.0856489200
0	0.1662005620	0.3395752832	0.3856409841	0.0947761804	0.0138069903
0	0.0000100643	0.0005905674	0.9108621491	0.0589528658	0.0295843533
0	0.0271942643	0.1338017288	0.5898106269	0.0961374129	0.1530559672
0	0.0536826308	0.0056337707	0.1044138671	0.0000525202	0.8362172112
0	0.5844808749	0.0177535523	0.0000000000	0.0384560232	0.3593095496
0	0.0001368587	0.0230442043	0.0475540392	0.9286933163	0.0005715815
0	0.0086206264	0.1300781872	0.1093780022	0.7519231842	0.0000000000
0	0.0032112881	0.8881998942	0.0080373565	0.0250428757	0.0755085856
0	0.4004890916	0.0168078626	0.2089395553	0.1634584348	0.2103050557
0	0.0854793301	0.0490460383	0.0307501516	0.8241779081	0.0105465720
1	0.0001747819	0.0094867836	0.5620076901	0.4070910343	0.0212397102
0	0.0892570658	0.5018420275	0.0655382363	0.2735936487	0.0697690217
0	0.1248979795	0.0000000000	0.6323692689	0.0106410228	0.2320917288
0	0.1902527454	0.7761378106	0.0045156678	0.0290767486	0.0000170276
0	0.0000031919	0.0000182283	0.5716566820	0.4283173148	0.0000045830
0	0.0155043134	0.3147397976	0.3797444339	0.2395684859	0.0504429692
0	0.0000000059	0.0060758618	0.0477519873	0.9460445385	0.0001276066
0	0.0000000188	0.0000293633	0.4348695865	0.5355299748	0.0295710566
2	0.6101547702	0.0038934287	0.2138948160	0.1713691218	0.0006878632
0	0.0152039418	0.0000000351	0.5372383311	0.1427033148	0.3048543772
0	0.0081009230	0.1507123509	0.0670796092	0.0296335220	0.7444735948
0	0.0004621593	0.0000000000	0.8172889598	0.1640567388	0.0181921421
0	0.0051812426	0.8071168208	0.0605755562	0.0719905593	0.0551358211
0	0.0000000006	0.6202273515	0.0000000000	0.0916823969	0.2880902510
0	0.2151804779	0.2217204053	0.1581393152	0.4004806237	0.0044791779
0	0.0098468539	0.0004591910	0.0070415973	0.9787605709	0.0038917868
1	0.2418009355	0.0018334642	0.2744848224	0.0107340034	0.4711467745
0	0.0000030840	0.9803524652	0.0145499009	0.0030404952	0.0020540547
0	0.0000000000	0.0365854108	0.1111572787	0.8522573104	0.0000000000
0	0.0000000000	0.5955056831	0.0434090740	0.3554035857	0.0056816572
0	0.0000082149	0.3168028967	0.6694180279	0.0137708604	0.0000000000
1	0.1142687512	0.2159603504	0.6067077008	0.0630138205	0.0000493771
1	0.0029100039	0.0356679352	0.2086086380	0.0154046860	0.7374087369
1	0.0243223962	0.0049116402	0.4796849320	0.2199237293	0.2711573023
0	0.0000007633	0.4219943290	0.0129935494	0.3835070132	0.1815043451
0	0.0000065596	0.9057593142	0.0559031511	0.0357631206	0.0025678545
0	0.1022162434	0.1311503583	0.7052200570	0.0024921285	0.0589212128
0	0.0064348654	0.7307832383	0.0022712463	0.2525029972	0.0080076528
1	0.0000433768	0.0911943369	0.0000000000	0.3434931764	0.5652691100
0	0.0231905253	0.1279793047	0.4850204065	0.3621550846	0.0016546789
0	0.0101649845	0.9679468498	0.0050587853	0.0000000000	0.0168293804
0	0.2026207449	0.0609038210	0.0012698165	0.7346220286	0.0005835890
1	0.0087202676	0.0297355598	0.7758024993	0.1857416733	0.0000000000
0	0.0000487243	0.6133211651	0.1497543617	0.0000014906	0.2368742583
0	0.0067592917	0.3062692075	0.3403355225	0.2099704175	0.1366655608
0	0.6069748279	0.0971357660	0.1136316798	0.0005141427	0.1817435835
0	0.2515693586	0.0786529087	0.0004794176	0.4347644808	0.2345338342
0	0.0144949947	0.0370605188	0.1167099147	0.5151667455	0.3165678264
0	0.0416999058	0.1612756948	0.0902866295	0.4431108325	0.2636269374
0	0.0159879637	0.6328611249	0.0222194416	0.2235198159	0.1054116539
1	0.6288156900	0.1019589082	0.0139872136	0.1662707974	0.0889673909
0	0.4731350444	0.1087019368	0.0150513795	0.3163743771	0.0867372622
0	0.0041529507	0.0712616053	0.0907407698	0.7111077999	0.1227368744
0	0.0571197348	0.0235148824	0.0000000026	0.0885879211	0.8307774592
0	0.0021251397	0.3428627378	0.0592370078	0.0082201955	0.5875549192
0	0.0248568633	0.0868462133	0.4555221557	0.1565734266	0.2762013411
0	0.0048459160	0.1735695266	0.0559966852	0.7102152640	0.0553726082
0	0.0000000000	0.4047632049	0.0178437586	0.1852111259	0.3921819106
0	0.0000071196	0.0622035094	0.1592991768	0.7768052025	0.0016849918
0	0.0000007114	0.2636978566	0.0877562715	0.6485451605	0.0000000000
0	0.0000108337	0.0104130354	0.0000130012	0.9893897073	0.0001734224
0	0.0063165849	0.9120818024	0.0099678357	0.0058941324	0.0657396445
0	0.0091467678	0.0026767395	0.1650332011	0.1695048324	0.6536384592
0	0.0086682890	0.0000006594	0.9171790763	0.0741519610	0.0000000142
0	0.0000000000	0.1155178814	0.0337936230	0.8503268903	0.0003616052
0	0.0005248017	0.0056131548	0.3568998903	0.4565034019	0.1804587513
0	0.3218700831	0.0000000063	0.6484792310	0.0296504230	0.0000002566
0	0.0000000176	0.1374673844	0.2135765807	0.0358557499	0.6131002674
1	0.0769130440	0.1439217756	0.7283169852	0.0315545714	0.0192936238
1	0.1063452851	0.0711024518	0.0816699452	0.0091291928	0.7317531251
0	0.0007061939	0.3931092396	0.4417623237	0.1554532142	0.0089690286
0	0.0858629488	0.0000000001	0.1253704644	0.3254028318	0.4633637549
0	0.0021524819	0.0380870463	0.9362834410	0.0232640945	0.0002129363
0	0.0327863032	0.1005750073	0.2022505532	0.1886698794	0.4757182568
