0	0.0000364996	0.0911084000	0.5495769494	0.3490653487	0.0102128023
0	0.0000000000	0.0006709845	0.0002333903	0.1496494889	0.8494461363
0	0.5849314679	0.0234062089	0.1122692886	0.2712540435	0.0081389911
0	0.0028779362	0.1512314367	0.7214283465	0.1244564866	0.0000057940
0	0.0110077091	0.7168352568	0.2720485042	0.0001085039	0.0000000260
0	0.0409295969	0.2071399421	0.0133078345	0.7265812473	0.0120413791
1	0.0226958476	0.0003792460	0.6613073075	0.1393337684	0.1762838305
0	0.0002703049	0.4299704169	0.0113308128	0.0779627002	0.4804657652
0	0.0000000000	0.5803069864	0.1210851934	0.2245704258	0.0740373943
0	0.0000000001	0.4156889104	0.3750872785	0.0140477441	0.1951760669
0	0.0372657910	0.6338192805	0.1391334520	0.1040291654	0.0857523111
0	0.1500029818	0.2491685347	0.0951426124	0.2803283008	0.2253575703
0	0.0012880407	0.8700670804	0.0027463801	0.0067095799	0.1191889189
0	0.4384392133	0.3658499147	0.1919463376	0.0037645345	0.0000000000
0	0.2414869463	0.3787117441	0.1494975329	0.2243135742	0.0059902026
0	0.1140748054	0.0271369821	0.1504215029	0.2769019175	0.4314647921
0	0.0024754399	0.2690795992	0.3975831695	0.2835032512	0.0473585402
2	0.0590139945	0.0265792799	0.8565651698	0.0578415240	0.0000000318
0	0.2628139662	0.1279031517	0.5008188604	0.0996155943	0.0088484275
0	0.0548444168	0.4827059332	0.1842588679	0.2092423379	0.0689484442
1	0.0056917064	0.1693877372	0.8164410233	0.0000017163	0.0084778168
0	0.1315999852	0.3846083338	0.2195345050	0.0155494334	0.2487077427
0	0.0045654572	0.0238664055	0.3387056844	0.5558850562	0.0769773968
0	0.2028280512	0.1707888688	0.2471641937	0.3089784320	0.0702404542
0	0.0034767253	0.0036657746	0.0608886018	0.9051120560	0.0268568423
1	0.4302359694	0.0585439230	0.1224912880	0.2428625205	0.1458662991
1	0.0362938180	0.2308725542	0.0616805195	0.3526278664	0.3185252418
0	0.0001074824	0.4031988061	0.2919142139	0.0059203276	0.2988591700
0	0.0153365942	0.0133401389	0.0011053585	0.0698709745	0.9003469339
0	0.1334462346	0.2197410227	0.4594201108	0.1663256949	0.0210669369
0	0.4133713129	0.1505380030	0.2742933329	0.1311560808	0.0306412704
0	0.0034827488	0.0024154693	0.2581768309	0.1225876912	0.6133372599
0	0.0001285710	0.7507533073	0.0992049378	0.0594307574	0.0904824266
0	0.0155302537	0.0549883680	0.2942358741	0.6156244009	0.0196211033
0	0.2148601204	0.0269429063	0.0000802527	0.0285046102	0.7296121105
1	0.0000000000	0.0000425763	0.1143243071	0.4559836299	0.4296494867
0	0.4014447373	0.0204306456	0.0421162777	0.4371994801	0.0988088593
1	0.0146537390	0.0315295844	0.0651669262	0.7659897818	0.1226599686
1	0.0000000000	0.3669421041	0.3776605833	0.1813641988	0.0740331139
0	0.0006720424	0.4248972797	0.0208072411	0.0663674893	0.4872559475
0	0.0000599050	0.1171609814	0.7717200900	0.0258309418	0.0852280817
0	0.3767139978	0.0002162630	0.0614628559	0.4529618534	0.1086450299
0	0.0011811674	0.0105452218	0.0014355621	0.9232331665	0.0636048821
0	0.0271631485	0.0176570433	0.1559707773	0.0706329424	0.7285760886
0	0.0000000001	0.0000351856	0.9362398937	0.0636981940	0.0000267266
0	0.5585667663	0.0982525876	0.1572676500	0.1627602057	0.0231527904
0	0.2633723833	0.0024327603	0.0000026035	0.3898270021	0.3443652509
0	0.0484438152	0.2964138191	0.0000298999	0.2070682378	0.4480442280
0	0.0000000000	0.0429692717	0.1160314877	0.5134748365	0.3275244041
0	0.0000000000	0.6755073289	0.0389154419	0.0042723380	0.2813048912
0	0.0066924337	0.0075838691	0.0144627237	0.5678132789	0.4034476947
0	0.0000648726	0.3886865053	0.0341662442	0.3286309872	0.2484513908
1	0.0921949138	0.1987906279	0.4207907270	0.2882219038	0.0000018275
0	0.0700558184	0.0461078066	0.7921942188	0.0665981997	0.0250439566
0	0.0292035914	0.0854584406	0.2298466957	0.0432636346	0.6122276378
0	0.3308372298	0.0156519631	0.0012284755	0.5261672393	0.1261150922
1	0.1486091324	0.2077877472	0.5798149951	0.0497314896	0.0140566357
0	0.0004003853	0.1433862203	0.1451871677	0.2030797899	0.5079464368
0	0.1677502230	0.0000002083	0.2791231689	0.5453349679	0.0077914319
0	0.0000000000	0.2626926489	0.0000440240	0.6518171772	0.0854461499
0	0.0000949883	0.0072549475	0.8485750146	0.1400317212	0.0040433284
0	0.0000000252	0.1357552359	0.8499931383	0.0000149782	0.0142366224
0	0.0265152918	0.0123209357	0.4222275888	0.5282892484	0.0106469354
0	0.5356107482	0.1575962702	0.0000476947	0.3054821540	0.0012631328
1	0.0009517072	0.0005358662	0.8332388594	0.0670359796	0.0982375877
0	0.1398930974	0.2953468974	0.5172503125	0.0307286982	0.0167809945
0	0.0012062535	0.0600089649	0.0681236719	0.8478166863	0.0228444233
0	0.0034439596	0.0467971965	0.1182155017	0.1956343537	0.6359089884
0	0.0000000000	0.1389862615	0.3506143149	0.3629044915	0.1474949320
0	0.1064111136	0.3520303534	0.1190454447	0.3209497347	0.1015633536
0	0.0578233550	0.1230277009	0.3355077477	0.0417183157	0.4419228807
0	0.0497844951	0.6626657602	0.0393124362	0.2478800920	0.0003572165
0	0.1206072241	0.0860817062	0.4834250320	0.1562270361	0.1536590015
1	0.0000000000	0.0000001373	0.1783551022	0.5725956381	0.2490491224
0	0.0100291985	0.3887043063	0.4986988750	0.0328257193	0.0697419010
0	0.0210257844	0.0221168743	0.2303594601	0.0955258278	0.6309720535
0	0.0000005370	0.2234177911	0.0530512071	0.4485531034	0.2749773613
0	0.0000971313	0.0007360351	0.0005984568	0.9516041329	0.0469642438
0	0.0001307105	0.6222265110	0.0571472572	0.0152150480	0.3052804732
0	0.0000701943	0.2155246151	0.0809850369	0.2084222408	0.4949979130
0	0.0046728617	0.0065879358	0.0366875642	0.9351157995	0.0169358388
1	0.0000000000	0.7581722587	0.0499738789	0.1079461140	0.0839077484
0	0.0077494526	0.7587941343	0.0007209297	0.2050514038	0.0276840795
0	0.0447897937	0.0049205009	0.9177277896	0.0004163954	0.0321455203
0	0.0216564323	0.0000000001	0.3860919382	0.5711435521	0.0211080773
1	0.0001134271	0.0007201748	0.3507072553	0.0000216628	0.6484374800
0	0.0641686332	0.2363365647	0.0000000000	0.4766904778	0.2228043242
0	0.0000055417	0.0847787462	0.2556158178	0.1280899991	0.5315098951
0	0.5564521912	0.2303813180	0.0714460049	0.1417204607	0.0000000252
0	0.0325862346	0.0003103681	0.9114077353	0.0486677148	0.0070279472
0	0.0000000000	0.4118346678	0.4460383396	0.0241914906	0.1179355020
0	0.0000439607	0.1759328949	0.1835342763	0.2800044836	0.3604843845
0	0.0000000001	0.0000189220	0.9331094446	0.0009098946	0.0659617388
1	0.0296594859	0.4786585227	0.0000000001	0.4467387526	0.0449432387
0	0.0047773163	0.1624178011	0.0072505897	0.8255515453	0.0000027476
0	0.0000005769	0.8061430607	0.0762974637	0.1085734954	0.0089854033
0	0.0077719719	0.0552192687	0.1869105892	0.0000575835	0.7500405867
0	0.0034065062	0.3546829010	0.0000410852	0.0273841024	0.6144854052
0	0.0170315429	0.0002422712	0.8581452251	0.0011601190	0.1234208418
0	0.0382777649	0.1188835037	0.3529640344	0.0016849924	0.4881897046
