0	0.0000000000	0.0896676689	0.0527058526	0.8576261641	0.0000003144
0	0.0000709043	0.5206301015	0.3538426784	0.0000000040	0.1254563117
0	0.0044772093	0.2035563213	0.0007644701	0.0961258110	0.6950761882
0	0.0911506609	0.0040872561	0.0000000000	0.8745272449	0.0302348381
0	0.0394598278	0.0115171077	0.0004158881	0.8218393227	0.1267678536
0	0.0062962570	0.1069832208	0.6874691009	0.0083480476	0.1909033737
0	0.0182400136	0.9769267644	0.0003216049	0.0045114505	0.0000001666
0	0.0000067685	0.7075943352	0.0306340332	0.0908133407	0.1709515224
0	0.0085913725	0.8046291983	0.0009218033	0.1542965220	0.0315611039
0	0.6098805780	0.0217430632	0.0427660946	0.2897782405	0.0358320236
0	0.0000000000	0.2402748550	0.3153416120	0.2139708904	0.2304126427
0	0.0000002781	0.4908517343	0.3046338136	0.0398978052	0.1646163687
0	0.0041226215	0.0009336710	0.8360645255	0.0000964788	0.1587827032
0	0.0006391409	0.3254250792	0.1136642252	0.1254393020	0.4348322527
0	0.0184713119	0.0000049075	0.1014993459	0.7531436628	0.1268807719
0	0.1392929326	0.0085764402	0.4440767061	0.4015221824	0.0065317387
0	0.0000000000	0.0000000000	0.9997976604	0.0002023361	0.0000000035
0	0.0510988953	0.0807851973	0.4764432583	0.2890560242	0.1026166249
0	0.7281396468	0.0256644483	0.0416675150	0.1974368353	0.0070915547
0	0.0468991746	0.0005896438	0.8698023398	0.0135068265	0.0692020153
0	0.0000000000	0.1227055863	0.2335412991	0.0011888645	0.6425642501
0	0.0000083205	0.5905224503	0.1130708377	0.2733481031	0.0230502884
0	0.0019708007	0.0057825059	0.6797006439	0.3106923141	0.0018537355
0	0.0037680381	0.2653030348	0.0954932148	0.0120631263	0.6233725860
0	0.0646674469	0.0050927497	0.7507629428	0.0921809518	0.0872959089
0	0.0499552772	0.6488988891	0.2651666912	0.0211694774	0.0148096652
2	0.3060814683	0.2733278201	0.0026302546	0.1724795245	0.2454809325
0	0.0009798365	0.1382719660	0.7326698361	0.0155892572	0.1124891042
1	0.0014977017	0.0000005434	0.4457019831	0.3342597073	0.2185400646
0	0.6797725301	0.2518569859	0.0140087028	0.0510239524	0.0033378287
0	0.0020135671	0.1906688679	0.0217857783	0.7265600102	0.0589717765
0	0.0041444626	0.0954293152	0.8122056716	0.0680375430	0.0201830075
0	0.0636652838	0.0484132673	0.7944373759	0.0000000009	0.0934840721
0	0.0101099740	0.0001043566	0.1195999108	0.5719074611	0.2982782974
0	0.0249876543	0.2123856374	0.0049802819	0.5492488856	0.2083975408
0	0.3617815775	0.0000846448	0.0305458665	0.5187989465	0.0887889647
1	0.0000221917	0.0991341297	0.1289833504	0.7703127978	0.0015475304
0	0.1814072614	0.2443862325	0.1416185950	0.2068708933	0.2257170179
0	0.0478664890	0.3469783848	0.1908867086	0.1858288341	0.2284395834
0	0.0000070112	0.6280021376	0.1413319979	0.2306588391	0.0000000142
0	0.1601507112	0.4026071579	0.4130023127	0.0001583345	0.0240814837
0	0.0000003118	0.1576529182	0.3329726186	0.3063444163	0.2030297350
0	0.0118394926	0.2845070750	0.1217356797	0.4913403165	0.0905774361
0	0.0699733790	0.9241583926	0.0000027366	0.0022371627	0.0036283291
0	0.0000000004	0.1734454439	0.2113058879	0.2168565953	0.3983920725
0	0.0000000000	0.1211700923	0.0411048718	0.0347297029	0.8029953330
0	0.0000018137	0.4568214552	0.5147094436	0.0000002406	0.0284670469
0	0.0150839073	0.2523750068	0.2184306818	0.4901801205	0.0239302837
1	0.0000000293	0.0058903877	0.1067101916	0.0105903693	0.8768090221
0	0.0000009317	0.0000000149	0.2227747209	0.6022269241	0.1749974083
0	0.0009843682	0.0342561995	0.9473029970	0.0000394010	0.0174170342
0	0.8151147830	0.0145401647	0.0356307583	0.1347142941	0.0000000000
0	0.0080627210	0.2153391521	0.4052659201	0.3713319943	0.0000002125
0	0.0036864720	0.0897544104	0.6562897405	0.2168868324	0.0333825446
0	0.0194787488	0.6641811502	0.1737608919	0.0389060620	0.1036731472
1	0.0211541408	0.8653815700	0.0855624542	0.0131991847	0.0147026503
0	0.0370381532	0.0155372491	0.1000012412	0.0247148167	0.8227085399
0	0.0000123052	0.0126325135	0.0025460638	0.9808583480	0.0039507694
0	0.0218790053	0.1295016428	0.4191052168	0.4113294253	0.0181847097
1	0.0074498083	0.0549530519	0.0420050765	0.0240131067	0.8715789566
0	0.0095581077	0.0206046396	0.9295008022	0.0395700345	0.0007664160
1	0.0000000000	0.0412839955	0.2005453502	0.6775820329	0.0805886213
0	0.0000003448	0.0000813004	0.7311633379	0.0000002011	0.2687548159
0	0.0000002597	0.0000000000	0.1319128918	0.8680661463	0.0000207021
0	0.1605876203	0.0004183425	0.1219718120	0.6514690610	0.0655531642
0	0.1296115790	0.3898861481	0.1260299668	0.0174731248	0.3369991813
0	0.0000013639	0.0126013982	0.1442879870	0.8160451268	0.0270641242
0	0.0031904747	0.9494291314	0.0055256127	0.0175325456	0.0243222356
0	0.0966294457	0.3002879518	0.2452783495	0.1130590784	0.2447451746
0	0.2238817584	0.0018945782	0.1877114195	0.5669493447	0.0195628992
0	0.0000245120	0.0005737995	0.6532268601	0.2863875848	0.0597872436
0	0.0809376254	0.0000208472	0.0707631536	0.6387218584	0.2095565154
0	0.0070789145	0.1745636740	0.0974899542	0.7207918634	0.0000755939
0	0.1520089351	0.1997070200	0.3586218106	0.2705215598	0.0191406744
1	0.0011054628	0.0620978545	0.2517546442	0.0270132152	0.6580288234
0	0.1506157716	0.0129283501	0.6857602919	0.1488115070	0.0018840793
1	0.0000000000	0.0110136566	0.8515333209	0.0920376951	0.0454153273
1	0.0233704635	0.8159816572	0.1594853820	0.0002404744	0.0009220229
0	0.3417743045	0.0526743875	0.4635701246	0.0039851581	0.1379960253
0	0.0000044182	0.0127839650	0.9854637098	0.0000000000	0.0017479070
0	0.0458149096	0.0009383560	0.8781022964	0.0273649273	0.0477795107
0	0.0367342473	0.1195818902	0.0104319985	0.2265866317	0.6066652323
0	0.0441811531	0.1366545514	0.0498048178	0.4429121969	0.3264472808
1	0.0053616928	0.0058592395	0.8013384230	0.1756786074	0.0117620372
0	0.0360792790	0.0136398345	0.0502808792	0.5123154882	0.3876845191
1	0.1475363155	0.0000001335	0.7144608978	0.0978201569	0.0401824963
1	0.0257152591	0.1517510041	0.1785470844	0.1790116912	0.4649749612
0	0.0491990950	0.0000003180	0.0006753773	0.0321644186	0.9179607912
0	0.0421335009	0.0000284903	0.7840957197	0.1547352321	0.0190070569
0	0.0000000025	0.2064923546	0.1088510848	0.5143041599	0.1703523981
0	0.0000440007	0.5935381693	0.0971023755	0.2684253115	0.0408901429
0	0.0241382613	0.1952235958	0.4213249344	0.0001483743	0.3591648342
0	0.0003818178	0.0315445944	0.9017405374	0.0054854824	0.0608475681
0	0.0003331800	0.1247980631	0.1377467413	0.7371215930	0.0000004226
0	0.2757801571	0.0399994474	0.6264414541	0.0525800019	0.0051989395
0	0.0049433064	0.0392723885	0.5058984246	0.1617468733	0.2881390073
0	0.0005685909	0.8373086568	0.0447006416	0.0769177015	0.0405044093
1	0.0375047285	0.0276920960	0.8707865378	0.0000000000	0.0640166377
0	0.0087515475	0.1020699231	0.0161787171	0.5603371640	0.3126626483
0	0.0559199945	0.0131299744	0.2191466845	0.6457013925	0.0661019541
