0	0.0058770894	0.2576239473	0.2211285136	0.5083560350	0.0070144147
0	0.0111527135	0.4220865778	0.2716905874	0.2655318536	0.0295382678
0	0.0006478949	0.2197809509	0.6899344930	0.0874526898	0.0021839714
0	0.0000000000	0.0000000488	0.2643781580	0.0302420488	0.7053797444
0	0.0032736495	0.2049141054	0.0402556015	0.7515566436	0.0000000000
0	0.0000010915	0.3826310604	0.2853316958	0.0913183128	0.2407178396
0	0.1684280524	0.2133953771	0.4927462752	0.1242240274	0.0012062680
0	0.1673824550	0.0000000000	0.1517467454	0.5247606062	0.1561101934
0	0.0360663295	0.0010678885	0.1980064633	0.6218952399	0.1429640787
0	0.0081638054	0.1157519763	0.1381642996	0.0000000000	0.7379199188
0	0.0000000000	0.0000000344	0.0000000000	0.1988040646	0.8011959010
0	0.0000000002	0.0005503508	0.0320705976	0.2158333875	0.7515456638
1	0.0000000001	0.6605599992	0.0208874836	0.2500006816	0.0685518355
0	0.1875522217	0.1025820782	0.1707978325	0.5386129213	0.0004549463
0	0.1767140876	0.0442370081	0.1026390359	0.4532551408	0.2231547277
0	0.0000000477	0.2901091962	0.1219193608	0.5879423795	0.0000290158
0	0.0000000000	0.0252673725	0.5206273246	0.0029575285	0.4511477744
0	0.0000003311	0.0055222557	0.7821002578	0.1788303668	0.0335467886
0	0.2236236739	0.6490325065	0.0765204678	0.0442803017	0.0065430502
0	0.0880969342	0.0876856529	0.1827251873	0.2984253485	0.3430668772
0	0.0221549810	0.8411192926	0.0633644494	0.0403713999	0.0329898771
0	0.0000000000	0.4004530684	0.2371465577	0.0000000037	0.3624003702
0	0.0855938967	0.3034112238	0.1624760984	0.0087029363	0.4398158447
0	0.0607544964	0.1099748066	0.0172220103	0.4037241866	0.4083245001
0	0.0001117093	0.9461105567	0.0319976513	0.0113349613	0.0104451214
0	0.0000226810	0.6590584217	0.1010369260	0.1784606721	0.0614212992
0	0.0000000000	0.4372498185	0.0160208117	0.5376673881	0.0090619818
2	0.0010050740	0.5309599978	0.1047502530	0.3569922830	0.0062923921
1	0.0084810949	0.8737169516	0.1036791627	0.0140569511	0.0000658397
0	0.0000247949	0.0004108647	0.7905939679	0.1859132015	0.0230571709
0	0.0108618827	0.5214511069	0.0643994165	0.3192304952	0.0840570987
2	0.0281275533	0.0911022413	0.6362004774	0.0689521390	0.1756175890
0	0.0000139203	0.4771567459	0.3254978974	0.0498860444	0.1474453919
0	0.3994857666	0.0027993988	0.0000000000	0.3392524188	0.2584624158
1	0.3578756786	0.1659975645	0.4761265991	0.0000001578	0.0000000000
0	0.0801166405	0.0003136882	0.0386316668	0.7894444421	0.0914935624
0	0.0000001213	0.0706434937	0.0059158014	0.0163824453	0.9070581383
0	0.0000000000	0.0066100064	0.9009184768	0.0914898042	0.0009817126
1	0.0733052330	0.1568854644	0.7424497886	0.0173158627	0.0100436513
1	0.2662890023	0.5095522875	0.0328017925	0.1440485517	0.0473083659
0	0.2076282612	0.2765745016	0.0977279034	0.1143294254	0.3037399085
0	0.0000421262	0.8893874350	0.0002331986	0.0919425372	0.0183947031
0	0.0031448471	0.2528274507	0.2491297621	0.0511211066	0.4437768335
0	0.2127433141	0.0080695387	0.1267097952	0.6519634652	0.0005138868
0	0.0332498211	0.0045517674	0.7416783092	0.1777728792	0.0427472231
1	0.0001237828	0.1015939522	0.7431132829	0.0852152843	0.0699536978
0	0.0022307947	0.7790702891	0.0564078334	0.0202974049	0.1419936779
0	0.0848263167	0.4089537493	0.0642208806	0.0016415920	0.4403574615
0	0.0344611985	0.2538112063	0.2154462783	0.0789674754	0.4173138416
0	0.5598451287	0.1249253064	0.3001090564	0.0099633601	0.0051571484
0	0.0226183196	0.0666727735	0.6676633997	0.1941475721	0.0488979352
0	0.0003447172	0.0708987238	0.8417099774	0.0023420159	0.0847045657
0	0.0016799086	0.0692519485	0.0008575468	0.9246265842	0.0035840119
0	0.1054154605	0.1481591511	0.0446484726	0.1487637715	0.5530131444
0	0.0693333118	0.0000850197	0.4451947135	0.1714070615	0.3139798935
0	0.0085660236	0.0074857814	0.4949717829	0.0341248555	0.4548515567
0	0.0441030297	0.0002245830	0.0480334127	0.1868890584	0.7207499162
0	0.0077315565	0.2699384751	0.1947909981	0.4045316585	0.1230073118
0	0.1725156668	0.3405430651	0.0139725397	0.4717785938	0.0011901347
0	0.2797321975	0.0000440418	0.0356888778	0.6493419227	0.0351929601
0	0.0000450181	0.0241793135	0.0061970249	0.9586345735	0.0109440700
0	0.0333724143	0.4432433619	0.3919160398	0.1312056404	0.0002625437
0	0.0000000000	0.0796963795	0.3168380879	0.1779059061	0.4255596265
0	0.0244657319	0.5059553722	0.2391980658	0.0479215549	0.1824592751
0	0.0617860736	0.3803111671	0.0052152943	0.5509782231	0.0017092419
1	0.1100427728	0.1317221520	0.0833760974	0.5739347920	0.1009241859
0	0.0000000000	0.0133594170	0.0342572563	0.8779972488	0.0743860779
0	0.0041183716	0.0008064517	0.3258572381	0.3194696925	0.3497482462
0	0.0347716017	0.3525398871	0.4737986541	0.0822958888	0.0565939683
0	0.0000413385	0.7591140517	0.0836131632	0.1291495897	0.0280818569
0	0.0456032239	0.0365611290	0.0018440399	0.8951975641	0.0207940431
0	0.0012873451	0.8836748563	0.0665851011	0.0336787938	0.0147739038
1	0.0001082676	0.4457320136	0.1512519605	0.1213457667	0.2815619916
0	0.0000000191	0.4960183967	0.3731124648	0.1135352001	0.0173339193
0	0.0759154258	0.0000625946	0.8507642469	0.0671140608	0.0061436719
0	0.0336131528	0.1194375157	0.2934413336	0.2746189200	0.2788890779
1	0.0000146365	0.0435730228	0.9462813338	0.0001008126	0.0100301944
0	0.0371794998	0.0003511893	0.0150495021	0.0001855338	0.9472342751
0	0.0885050776	0.1471764591	0.3514869406	0.2137599336	0.1990715892
0	0.0016189886	0.0339035816	0.7373656002	0.2174421786	0.0096696510
0	0.0001417454	0.1538227778	0.4620933560	0.3788865766	0.0050555442
0	0.0127296881	0.0001178334	0.3883034683	0.2764278203	0.3224211899
0	0.0792237361	0.0460890551	0.8255845288	0.0098607136	0.0392419665
0	0.0084646872	0.1267835554	0.0061853396	0.2118158489	0.6467505690
1	0.3159363745	0.2180092064	0.0037125404	0.1976690525	0.2646728262
1	0.0172384542	0.0053618624	0.5754212860	0.1012071008	0.3007712966
0	0.0000000335	0.1557503164	0.5012059828	0.2009156270	0.1421280403
0	0.0274082842	0.0838657312	0.0001383745	0.1699474427	0.7186401674
0	0.0027616841	0.0668250979	0.6196416028	0.0159367247	0.2948348904
0	0.0327067086	0.2804795823	0.0181570485	0.2627032898	0.4059533708
0	0.0001888967	0.0002733783	0.4275184355	0.5572639963	0.0147552931
1	0.0009232774	0.1319219396	0.4141853155	0.2590183821	0.1939510854
0	0.0154364476	0.0137474103	0.3191153640	0.4681296828	0.1835710953
0	0.0014086152	0.7809304653	0.0032259900	0.0101413195	0.2042936100
0	0.0010083937	0.0000219502	0.1380805400	0.6338136167	0.2270754995
0	0.0000591244	0.0647740252	0.8669592373	0.0659315901	0.0022760230
0	0.0000002373	0.1391229568	0.5557798637	0.1389118116	0.1661851305
0	0.0000000000	0.0694176645	0.1408483331	0.5851388728	0.2045951297
0	0.0015206388	0.0000002986	0.5732969180	0.4075291048	0.0176530399
0	0.0010168059	0.2629787745	0.4509226149	0.2848002775	0.0002815272
