0	0.0811768715	0.1464247218	0.0235860740	0.0036995284	0.7451128043
0	0.0216713586	0.9762430418	0.0003474349	0.0013791256	0.0003590390
1	0.0011754121	0.0281397315	0.0000010925	0.3174556657	0.6532280982
0	0.0827252678	0.4541280030	0.2015670684	0.2398963584	0.0216833024
0	0.0003807118	0.0634106553	0.0181935874	0.9003855912	0.0176294543
0	0.0000000000	0.0492472935	0.0000293783	0.7756483436	0.1750749846
0	0.1477817677	0.7576785709	0.0663805212	0.0215536049	0.0066055353
0	0.0008016747	0.4678958259	0.3090877185	0.1154781782	0.1067366027
0	0.0000000000	0.0770546842	0.4713711702	0.4491800984	0.0023940472
0	0.0000000000	0.1263548428	0.5962534632	0.0318010994	0.2455905946
0	0.0627064234	0.0005220561	0.8690339511	0.0419601597	0.0257774098
0	0.0569042077	0.6892127369	0.1882222665	0.0000000000	0.0656607888
0	0.0412224156	0.6180587600	0.0510673628	0.2063248698	0.0833265917
0	0.0000013171	0.1112547318	0.5884778685	0.0094225336	0.2908435489
0	0.0348488846	0.0555082368	0.8735546667	0.0083012561	0.0277869558
0	0.2170847427	0.5150632405	0.1123569463	0.0515118009	0.1039832697
0	0.0000000000	0.0432611494	0.6584170737	0.0000057719	0.2983160050
0	0.0281196580	0.0010008381	0.8446143479	0.1262651560	0.0000000000
0	0.0044137785	0.8921564232	0.0000000000	0.0610157379	0.0424140603
0	0.0005440179	0.0252489340	0.1500582261	0.0250922311	0.7990565909
0	0.0010747845	0.0324471873	0.7890983843	0.1708977164	0.0064819275
0	0.0000000000	0.0023547554	0.4867507370	0.2922993824	0.2185951253
0	0.0002256947	0.5125325017	0.4600127819	0.0267475369	0.0004814848
0	0.0066067231	0.0242866146	0.3812676344	0.0431733306	0.5446656973
0	0.0192056168	0.2178478673	0.0205513118	0.4674276958	0.2749675084
1	0.0317483381	0.0891324408	0.2085394243	0.2197746361	0.4508051607
0	0.2938736823	0.0106223410	0.2921708533	0.1821603300	0.2211727933
0	0.0017732804	0.0172646957	0.2402528069	0.0001758108	0.7405334062
0	0.2995322144	0.3454881479	0.0208351884	0.0530696150	0.2810748343
0	0.0000001293	0.5109975229	0.1787888412	0.3057500706	0.0044634360
0	0.0313145791	0.0058733306	0.7397840156	0.0007457040	0.2222823707
0	0.0018517364	0.0256797355	0.0162533625	0.3680156614	0.5881995042
0	0.0000183007	0.0543152542	0.2407406170	0.7043081526	0.0006176756
0	0.0000002076	0.0394454329	0.0000000008	0.9451735790	0.0153807797
0	0.0473186030	0.0746715467	0.0002368177	0.8777730326	0.0000000000
0	0.0396557382	0.0023860968	0.0077069048	0.9051930681	0.0450581920
0	0.0099097918	0.8819199913	0.0977374492	0.0000315718	0.0104011959
0	0.2281857975	0.1676022592	0.1067816152	0.3004411373	0.1969891908
0	0.0025500511	0.0000000000	0.9616208872	0.0164773280	0.0193517337
0	0.0297373488	0.0234315105	0.0824012790	0.5250559491	0.3393739126
0	0.0000311977	0.0683082920	0.0235143004	0.1581832069	0.7499630030
0	0.0315612584	0.1705878482	0.2612821202	0.0058281444	0.5307406288
0	0.0575665440	0.1302241008	0.1850392391	0.5004418899	0.1267282262
0	0.0000000000	0.9133055391	0.0362719172	0.0504225408	0.0000000029
1	0.5437828385	0.2734436859	0.0417636909	0.0098836262	0.1311261585
0	0.0222219227	0.2973967077	0.1409954675	0.2415955320	0.2977903701
0	0.0000000551	0.1313652265	0.5713015969	0.0007163374	0.2966167841
1	0.1279905410	0.0179443286	0.0282956748	0.5599595126	0.2658099431
0	0.0930953951	0.3242880043	0.0035134377	0.4106128788	0.1684902842
1	0.1084361102	0.0410091327	0.3795797623	0.2305533987	0.2404215960
0	0.0916023795	0.0158955091	0.0254053624	0.5668766706	0.3002200785
0	0.0610354312	0.0966954573	0.6045291965	0.2325426913	0.0051972237
0	0.0000000000	0.0000027445	0.9637030284	0.0081917490	0.0281024781
0	0.0000069374	0.4855414289	0.3893407166	0.1241894426	0.0009214746
0	0.0002835874	0.0000821598	0.4528729241	0.0042662573	0.5424950715
0	0.0000000007	0.3261726288	0.3265922543	0.0212934767	0.3259416395
0	0.0000000052	0.0002587654	0.4254776787	0.4038328106	0.1704307401
1	0.0151956309	0.2340794891	0.0110572198	0.2172002792	0.5224673810
0	0.0955382096	0.0154319345	0.4568317431	0.1620968052	0.2701013077
0	0.0027377047	0.0998358253	0.0676375785	0.2402567389	0.5895321527
0	0.0709621968	0.0884623959	0.6273885050	0.1448023442	0.0683845581
0	0.0000220994	0.0855871024	0.0921997874	0.8221910067	0.0000000041
0	0.0000015327	0.0514305637	0.0993397238	0.8458564024	0.0033717774
0	0.0000000000	0.6365429712	0.2114968510	0.0640675528	0.0878926250
0	0.0015057551	0.8552422806	0.0639261802	0.0690551315	0.0102706525
0	0.0001336634	0.0000000083	0.5600724955	0.3517311909	0.0880626419
0	0.0137165245	0.1061675040	0.4438661191	0.0825848192	0.3536650333
0	0.0000027050	0.0000000000	0.7713978538	0.0906871942	0.1379122469
0	0.0000000000	0.0000051635	0.2914090789	0.2645742874	0.4440114702
0	0.0512385767	0.0064095252	0.0720250502	0.8365262578	0.0338005901
0	0.0055471774	0.6669836223	0.0035403376	0.2718719264	0.0520569363
0	0.0170370538	0.0606020222	0.4456776822	0.0041187359	0.4725645058
0	0.0831490374	0.0238386724	0.0077784061	0.7919322754	0.0933016087
0	0.0569313733	0.0908553328	0.8431638167	0.0078338879	0.0012155893
0	0.0000013674	0.7436833672	0.1568198985	0.0130460780	0.0864492889
0	0.0078265336	0.1279191844	0.7707837341	0.0747288343	0.0187417136
0	0.0000000000	0.0319111464	0.2718041764	0.6498812020	0.0464034752
0	0.0036228950	0.1130890369	0.1805536254	0.7026869450	0.0000474976
0	0.3004998157	0.0581528344	0.3897334331	0.0270375959	0.2245763209
0	0.0000034629	0.0295109442	0.7623124780	0.0867299756	0.1214431394
0	0.0004710673	0.0726631136	0.2650843491	0.6589785445	0.0028029256
0	0.0013731474	0.3845200908	0.1531321660	0.0231785534	0.4377960423
0	0.0011650225	0.4496979224	0.0000000548	0.5452687475	0.0038682528
0	0.0004022351	0.0021723191	0.6800084714	0.0138712877	0.3035456867
0	0.0017026446	0.4544942201	0.0361690793	0.5054771519	0.0021569041
0	0.0053134635	0.1684198609	0.3407544091	0.0000333329	0.4854789335
0	0.0097690925	0.0000006503	0.9011021769	0.0891280767	0.0000000036
0	0.0007459811	0.0000000000	0.8013780134	0.1944781739	0.0033978316
0	0.0003042997	0.0001310573	0.0061707844	0.9933938586	0.0000000000
0	0.1755394259	0.0030207324	0.4766424843	0.0769450944	0.2678522630
0	0.0051328912	0.0151039962	0.0371085206	0.8263834281	0.1162711639
2	0.0213899179	0.1113317280	0.0020468832	0.0456672561	0.8195642149
0	0.0000167793	0.0046815932	0.2670105085	0.1519929676	0.5762981514
0	0.0000273935	0.4729823600	0.4146506659	0.1121605648	0.0001790158
0	0.0015408401	0.0308939385	0.0174154238	0.3339154819	0.6162343156
0	0.0027603378	0.0000000000	0.1034946787	0.8935645047	0.0001804788
1	0.2561496313	0.5320289498	0.0000009837	0.0012837232	0.2105367119
0	0.0000000000	0.0130288338	0.2834092437	0.0146285094	0.6889334130
0	0.3267971394	0.4215813169	0.0740190744	0.1387552447	0.0388472246
0	0.0119343552	0.0482457267	0.7845815311	0.0357471229	0.1194912641
