0	0.0000000000	0.1085899861	0.8351614480	0.0208340601	0.0354145058
0	0.0007395679	0.1174511543	0.0201948678	0.4145820239	0.4470323861
0	0.0003042182	0.7966236226	0.0126471270	0.1828248714	0.0076001608
0	0.2589382808	0.6651581731	0.0706867817	0.0000798020	0.0051369623
0	0.0000000000	0.0127820355	0.2834578968	0.4303961881	0.2733638796
0	0.0184964362	0.1202080708	0.5446632901	0.3029473544	0.0136848484
0	0.0599750324	0.0050505517	0.1141557036	0.6399612461	0.1808574663
0	0.0124884235	0.4067853658	0.2907803473	0.0075140274	0.2824318361
0	0.0000017236	0.0324247565	0.4210770717	0.0000000000	0.5464964482
0	0.0000000094	0.0890826258	0.0191490806	0.1724874143	0.7192808699
0	0.0000000000	0.6165136812	0.0019965644	0.0375233506	0.3439664038
0	0.0001844859	0.0257206290	0.0750812405	0.1447097128	0.7543039318
0	0.0006136632	0.8263218272	0.0071971055	0.0483104813	0.1175569227
0	0.0032943903	0.0247865049	0.8237953850	0.1481203095	0.0000034103
0	0.0000458842	0.0011853383	0.9963277040	0.0009574254	0.0014836481
0	0.0775930812	0.0488921015	0.0040208889	0.6712275040	0.1982664244
0	0.0000000003	0.0420429073	0.8186111429	0.1338019488	0.0055440007
0	0.0047413513	0.0022259241	0.0251950950	0.8703154782	0.0975221514
0	0.0000000000	0.6396334506	0.2106477168	0.1458080546	0.0039107780
0	0.0007442427	0.3524364558	0.3722215652	0.0435261389	0.2310715974
0	0.0138357259	0.2317279635	0.1217914365	0.2309029826	0.4017418915
0	0.0067825103	0.1943398227	0.2863175245	0.4972904622	0.0152696802
0	0.0000000618	0.0616862312	0.0381392169	0.7968541881	0.1033203019
0	0.1308998768	0.0423295356	0.5658655703	0.0056804749	0.2552245424
0	0.0023235163	0.0267489479	0.3777623581	0.2367629008	0.3564022768
0	0.0739855558	0.0095799663	0.1068575313	0.6874521085	0.1221248381
0	0.0000304295	0.1718840260	0.4191694365	0.2894205068	0.1194956013
0	0.0247998481	0.1422193893	0.0067019397	0.0610624550	0.7652163679
0	0.0158372366	0.6802253151	0.0288895126	0.2481067084	0.0269412273
0	0.0000000000	0.9374626598	0.0160038514	0.0000562356	0.0464772531
0	0.0006189644	0.4318767660	0.2616245258	0.3033762952	0.0025034486
0	0.1349777306	0.2141833708	0.1643808608	0.4800019750	0.0064560629
0	0.0000018848	0.0491228098	0.2166711098	0.0000000000	0.7342041956
0	0.0278797367	0.0003858452	0.8598041805	0.0704386277	0.0414916099
0	0.4209007456	0.0002376881	0.0524615421	0.3549277732	0.1714722510
0	0.0245952643	0.0000000069	0.4317519342	0.4887612896	0.0548915050
0	0.1072389080	0.2065370188	0.3803956755	0.3058246363	0.0000037614
0	0.0000054388	0.1481482676	0.5219082421	0.2257684562	0.1041695954
0	0.0254015857	0.0015539938	0.5302992314	0.1505200402	0.2922251490
0	0.0833775310	0.6213281928	0.1809892904	0.1143049858	0.0000000000
1	0.8156046850	0.0000000007	0.0044081350	0.0007193125	0.1792678668
0	0.0010163204	0.1975112530	0.0805684665	0.2586986966	0.4622052635
0	0.0225244305	0.0391949375	0.8210007909	0.1067997393	0.0104801019
0	0.0267946634	0.0000000000	0.8503492730	0.1025927079	0.0202633557
0	0.2480697974	0.0394737635	0.6498058627	0.0548900214	0.0077605550
0	0.0000000174	0.4507569727	0.1166706755	0.1131687906	0.3194035439
0	0.0630483121	0.0048109137	0.3932357475	0.4312548878	0.1076501389
0	0.4806921102	0.4338142125	0.0001825661	0.0398584613	0.0454526500
0	0.0046631964	0.0156745867	0.8163860624	0.1441265004	0.0191496542
0	0.0474280699	0.1392579972	0.0736376923	0.0043825161	0.7352937245
0	0.0000000000	0.0606089291	0.4311625609	0.4749663699	0.0332621401
0	0.3483405641	0.2734668614	0.3361477644	0.0420347812	0.0000100289
0	0.6622099344	0.0162186781	0.0718571269	0.1166639777	0.1330502829
1	0.0154849090	0.0317861407	0.0233784990	0.9161587253	0.0131917260
0	0.0066974574	0.7715934444	0.0000022953	0.2063788846	0.0153279183
0	0.1516110199	0.1407053319	0.6781379984	0.0056111417	0.0239345081
1	0.0000000000	0.2708118593	0.3741147802	0.3505498786	0.0045234820
0	0.0007575885	0.6959968831	0.0679040300	0.0691721609	0.1661693375
0	0.2278463660	0.3109714108	0.4522338057	0.0067139680	0.0022344495
0	0.0004147428	0.0013633698	0.0922110666	0.1654180510	0.7405927697
0	0.0535750801	0.0032721416	0.7989558161	0.1237398346	0.0204571275
0	0.0623420836	0.2931836336	0.0975266406	0.1590755915	0.3878720507
1	0.1680754401	0.0562386668	0.0516921755	0.0120130836	0.7119806340
1	0.1100131693	0.0002696971	0.0288352273	0.0059508327	0.8549310737
0	0.1895295742	0.1141536609	0.0752127481	0.5396378272	0.0814661896
1	0.0407428675	0.5601982950	0.0006615177	0.2111123040	0.1872850158
0	0.1093997304	0.3060936202	0.4395054654	0.0000031791	0.1449980048
0	0.0098004451	0.9131345984	0.0084169805	0.0635073180	0.0051406580
0	0.0008480263	0.3473738258	0.0099826308	0.0472197724	0.5945757447
0	0.0092662643	0.1026115956	0.2986273182	0.5707647528	0.0187300691
0	0.0731180081	0.0159794387	0.1932533268	0.6880629595	0.0295862669
0	0.1401443563	0.2662593009	0.0055514087	0.0000128058	0.5880321283
0	0.0000000016	0.0057624772	0.0936986602	0.0853870392	0.8151518219
0	0.0008333023	0.7921123818	0.0000017805	0.1942349425	0.0128175930
0	0.0095554714	0.0081166608	0.9686156281	0.0000000183	0.0137122214
0	0.0029006249	0.2767313287	0.2633595709	0.0016873881	0.4553210873
0	0.0126552320	0.0000000004	0.9209476671	0.0103149084	0.0560821920
0	0.0000000000	0.0851200658	0.5645929020	0.1613613451	0.1889256871
1	0.0000004078	0.7386160749	0.2438500249	0.0145699863	0.0029635060
0	0.0000000000	0.0264323327	0.8383690221	0.1193446303	0.0158540149
0	0.0000003165	0.1594521603	0.7312204742	0.0578729518	0.0514540971
1	0.0000000361	0.0000000052	0.7905650423	0.1004590284	0.1089758881
0	0.3930291195	0.0863981883	0.1571311951	0.2238693606	0.1395721365
0	0.0884953075	0.3891145535	0.1152184981	0.2644374290	0.1427342119
0	0.1257661989	0.5296816959	0.1712751199	0.1541858828	0.0190911025
0	0.7634308831	0.0345674159	0.0673103529	0.1346913482	0.0000000000
0	0.0007857660	0.9249939045	0.0129965859	0.0037232057	0.0575005380
0	0.2714212610	0.0010257606	0.5281325929	0.0000095364	0.1994108492
0	0.0020353407	0.0934545045	0.0496250178	0.4013374183	0.4535477187
0	0.0095252744	0.2874654916	0.1093580366	0.5764082209	0.0172429764
0	0.0307751852	0.5145668047	0.0806348577	0.1367349308	0.2372882216
0	0.3040366009	0.0000000000	0.5024606089	0.1606170579	0.0328857323
2	0.0000136308	0.0625977913	0.0394124970	0.7157780355	0.1821980454
0	0.0000000007	0.0229651163	0.9110001939	0.0583150997	0.0077195895
0	0.8031109839	0.0101705258	0.0161138965	0.0268778980	0.1437266957
0	0.3349173554	0.0281369467	0.1348793664	0.5013860056	0.0006803260
0	0.0025540559	0.5898398659	0.2475397768	0.0628670734	0.0971992281
0	0.3122917331	0.0638423652	0.1466397726	0.4772261292	0.0000000000
0	0.0566651018	0.2011200509	0.7416907549	0.0003244502	0.0001996421
0	0.0263131994	0.1902550903	0.0711304385	0.1273680133	0.5849332586
