0	0.1654215349	0.0005579837	0.0141881926	0.0934035512	0.7264287376
0	0.0003576998	0.0000394622	0.8463083842	0.1170619690	0.0362324847
1	0.1455508558	0.3755134004	0.0134901004	0.4653376656	0.0001079778
0	0.0000036841	0.3121063733	0.2030487919	0.0828595976	0.4019815531
0	0.0157821991	0.1962983986	0.3386322569	0.0024844182	0.4468027273
1	0.1928019266	0.1789776533	0.1509342837	0.2610930970	0.2161930394
0	0.0221046657	0.7089189367	0.0000032512	0.0021441540	0.2668289925
0	0.1143994077	0.1429755085	0.0313356729	0.5203015648	0.1909878461
0	0.0706400410	0.2549534503	0.0103462319	0.0829486711	0.5811116056
0	0.0000000000	0.1498573021	0.5936133261	0.1355520233	0.1209773485
0	0.3689775766	0.1763171616	0.0633081105	0.1632960827	0.2281010685
0	0.0000000001	0.2754834000	0.0542914443	0.0984922721	0.5717328834
0	0.0745854901	0.1263449899	0.7804047034	0.0058563899	0.0128084267
0	0.0162921924	0.5334020035	0.1995205930	0.1299694397	0.1208157714
0	0.0031034528	0.3732117148	0.1608367771	0.3049667076	0.1578813477
2	0.1204709643	0.1040421159	0.6750983285	0.0765816030	0.0238069882
0	0.3942963822	0.0444327389	0.2064441499	0.3077077010	0.0471190280
0	0.0000000000	0.2268203652	0.6977127851	0.0426839086	0.0327829411
0	0.0042689776	0.0328141548	0.3937985655	0.3432656624	0.2258526397
0	0.0036442807	0.3642485258	0.1801899613	0.4517768353	0.0001403968
0	0.1110284768	0.3575468310	0.0954039386	0.0755852486	0.3604355050
0	0.1072731929	0.3636328215	0.3616055700	0.1102009387	0.0572874769
0	0.1017021433	0.1235398549	0.2197342838	0.5426673711	0.0123563470
0	0.0026440617	0.0000013208	0.0068689612	0.9883295239	0.0021561325
1	0.0000000810	0.1037843199	0.1894804937	0.6994742396	0.0072608658
1	0.0000165458	0.3846177273	0.0123156004	0.0835700895	0.5194800370
0	0.0102345781	0.0460628562	0.1177416455	0.0359055434	0.7900553767
0	0.0432143805	0.5335953835	0.2650104977	0.0000053810	0.1581743573
1	0.0000000022	0.2370732511	0.4764935531	0.2207326695	0.0657005242
1	0.0000000000	0.4323571590	0.5575084723	0.0028940080	0.0072403608
0	0.0210042092	0.0000361355	0.7568244489	0.1356514046	0.0864838018
0	0.0421715539	0.1308137790	0.5305298035	0.2905510564	0.0059338071
0	0.0336399836	0.1460397053	0.0130099794	0.7597464493	0.0475638824
0	0.0073920066	0.1131065877	0.0436291269	0.1377684002	0.6981038785
0	0.0198292039	0.0000000000	0.0591960452	0.8053256818	0.1156490691
0	0.0067556672	0.0434482817	0.1426493277	0.7354291017	0.0717176218
0	0.0250096392	0.0755382437	0.5110559408	0.1922766623	0.1961195140
0	0.0000003323	0.0067841177	0.8917955165	0.0945210710	0.0068989625
0	0.6116661316	0.0649814293	0.0099933895	0.0556985151	0.2576605344
0	0.0002090297	0.0139401332	0.2423066854	0.0474674227	0.6960767290
0	0.4671233744	0.0000000003	0.0322861734	0.3256391186	0.1749513332
0	0.0012286534	0.0901874352	0.0906743222	0.7794601230	0.0384494662
0	0.0000002535	0.1360603142	0.7482005982	0.0088145795	0.1069242545
0	0.0571673275	0.4565625241	0.1580529440	0.3059919119	0.0222252925
1	0.0635235751	0.0903163679	0.2791127159	0.0601500268	0.5068973142
0	0.0000000000	0.1243878128	0.6884157628	0.1290753957	0.0581210287
0	0.0001742071	0.5420194614	0.0000091414	0.4564824163	0.0013147738
0	0.5063609177	0.0004537916	0.0055780892	0.4691681113	0.0184390902
0	0.0000495880	0.0036306194	0.0004958537	0.9532356613	0.0425882775
0	0.0674485143	0.0339525073	0.0199979699	0.8733317149	0.0052692936
0	0.0518344340	0.3111834551	0.3393468927	0.0266449098	0.2709903084
0	0.0246122366	0.8960297123	0.0490099929	0.0302169960	0.0001310622
0	0.0001540415	0.0508108185	0.7695543189	0.0008910250	0.1785897962
0	0.3361174059	0.0863123659	0.5088826969	0.0017256964	0.0669618349
0	0.0002353552	0.7253250374	0.0026642836	0.0013054430	0.2704698808
0	0.0007960174	0.0516453197	0.6707800035	0.0699852459	0.2067934135
0	0.0000426852	0.2263107809	0.0671511035	0.2877137020	0.4187817284
0	0.0001699652	0.0472332680	0.6133220116	0.0485477334	0.2907270218
0	0.0204053949	0.1000390252	0.2981807676	0.1631814819	0.4181933304
0	0.2615681980	0.0090854384	0.0079939718	0.2288155504	0.4925368413
0	0.0072789922	0.0442134192	0.7460879606	0.1203802103	0.0820394176
0	0.0251678445	0.3236759064	0.1971190554	0.0277647928	0.4262724009
0	0.0000002861	0.0043363540	0.2417115206	0.2148836983	0.5390681410
0	0.0503352505	0.0392911454	0.1088761052	0.5830325659	0.2184649331
0	0.0218595154	0.2211233674	0.0000000005	0.4396456648	0.3173714520
0	0.0000290042	0.4956612416	0.0710172081	0.0014664820	0.4318260642
0	0.1012415646	0.3974136095	0.4441777426	0.0277871540	0.0293799293
0	0.0048680218	0.0000001802	0.4410221744	0.5538790439	0.0002305798
0	0.0342481448	0.2813200458	0.0128437058	0.4833485702	0.1882395334
0	0.0142411414	0.0101301282	0.8257026763	0.0453176075	0.1046084466
0	0.0235906775	0.0647745176	0.4276991228	0.0792688288	0.4046668532
0	0.0156278874	0.0689807384	0.6127237739	0.0039427018	0.2987248985
0	0.0116668577	0.0000309970	0.2846093358	0.0031814438	0.7005113657
0	0.0000000000	0.3680665342	0.5892693117	0.0317669107	0.0108972434
0	0.0002944709	0.0283880173	0.9066230551	0.0354000311	0.0292944255
0	0.0050161321	0.0155760969	0.0957025584	0.5699194254	0.3137857872
0	0.3243622932	0.0212753056	0.0246669291	0.5370144834	0.0926809888
0	0.0009185424	0.1467192677	0.7538105099	0.0134403335	0.0851113465
0	0.0525483827	0.0233524118	0.9031640032	0.0175896077	0.0033455946
0	0.4858224185	0.2060384851	0.0000171676	0.0000000000	0.3081219287
0	0.0089286752	0.0840545484	0.2131231791	0.6877115550	0.0061820423
0	0.0000305515	0.2034628825	0.7506799334	0.0335693231	0.0122573095
1	0.0000032994	0.0000090924	0.0000008241	0.7987196525	0.2012671316
1	0.0539006713	0.0795732716	0.0195355609	0.8130043288	0.0339861674
0	0.0000003469	0.3004223098	0.4705725787	0.2265737327	0.0024310319
0	0.0001836624	0.0333115384	0.4261679218	0.0000000331	0.5403368443
0	0.3938205039	0.0175972844	0.4549354495	0.0008579604	0.1327888018
0	0.0536817451	0.0272762083	0.5899769572	0.1545698937	0.1744951957
0	0.0010985608	0.2120231556	0.1205812958	0.4565245898	0.2097723981
0	0.1340217808	0.0558512867	0.1548421422	0.3362709945	0.3190137958
0	0.0019549385	0.0296813593	0.0129016991	0.0147494141	0.9407125891
0	0.0102784000	0.5576170631	0.1213351089	0.0000000000	0.3107694280
0	0.2015295445	0.0581018767	0.0001195321	0.5907934372	0.1494556094
0	0.0000020231	0.2784747381	0.4928890723	0.1897788020	0.0388553646
0	0.0009742829	0.0157252596	0.9622139375	0.0153243800	0.0057621400
0	0.0873502849	0.0381634387	0.2916548761	0.4254499026	0.1573814977
0	0.0000000025	0.3978379810	0.3761737252	0.0788822514	0.1471060399
0	0.0006082113	0.0802875516	0.0973670198	0.5244802951	0.2972569221
1	0.0000000747	0.2546074986	0.0414170467	0.0523211477	0.6516542324
0	0.0529057416	0.5161141907	0.0197567980	0.1957947928	0.2154284769
