1	0.0102931199	0.0009566396	0.8151243617	0.0013668157	0.1722590632
1	0.0001126356	0.0006692236	0.0183844280	0.9799900959	0.0008436170
0	0.2976813149	0.1434250695	0.0548163747	0.3733709250	0.1307063159
0	0.0529554683	0.1300540588	0.4490384305	0.0315462982	0.3364057442
0	0.0015569634	0.0967014912	0.4080744194	0.4933647705	0.0003023555
1	0.0000000000	0.2272857786	0.1763216961	0.1667291671	0.4296633583
0	0.1602286162	0.2162149369	0.5954713350	0.0255143377	0.0025707742
0	0.0000000009	0.1039607541	0.2870125412	0.5433725812	0.0656541227
0	0.2188759696	0.1052906411	0.4376116956	0.1519380268	0.0862836669
0	0.0000041224	0.0103146256	0.4222301872	0.0715997002	0.4958513646
0	0.0418845104	0.0000153311	0.5031417218	0.4098210766	0.0451373601
0	0.0000000001	0.4531854080	0.0000074151	0.5468071753	0.0000000014
0	0.0006057533	0.7693100818	0.2121574933	0.0127769735	0.0051496981
0	0.0153948795	0.7965975069	0.1631719399	0.0016819960	0.0231536777
0	0.4249229944	0.3142935958	0.0004849307	0.2168174239	0.0434810552
0	0.0198047372	0.0607075727	0.1478129145	0.0181873724	0.7534874031
0	0.0865104240	0.4454379663	0.0683641240	0.0003752024	0.3993122833
0	0.0912764328	0.5306037027	0.0572740331	0.0492581944	0.2715876369
0	0.0321251605	0.4105876382	0.1988111804	0.3534612782	0.0050147426
1	0.0001332651	0.3536619215	0.4080633889	0.0479429827	0.1901984418
0	0.0193590174	0.0056692307	0.1919478756	0.6424580774	0.1405657988
2	0.0156891237	0.5538621888	0.0015537994	0.0059412626	0.4229536254
1	0.1634355170	0.0001042325	0.3199709136	0.0090071711	0.5074821659
1	0.0167908202	0.1033324549	0.7669154631	0.0105933277	0.1023679341
0	0.1084433451	0.0559305541	0.3401518708	0.4677511838	0.0277230462
0	0.1079091676	0.1313001199	0.0303021934	0.0034871718	0.7270013473
0	0.1353214474	0.0005696124	0.4239348015	0.0301132472	0.4100608914
0	0.0112467776	0.9612929599	0.0037106679	0.0237484910	0.0000011036
0	0.1422735926	0.0298546596	0.5832147245	0.2346729637	0.0099840595
1	0.0000000000	0.0054881189	0.2146722297	0.5554423574	0.2243972939
0	0.0058276158	0.6100754313	0.3292108297	0.0543451614	0.0005409618
0	0.2808893912	0.0070062796	0.2810082392	0.2166018954	0.2144941946
0	0.0000000000	0.3768276513	0.0244556543	0.5891940902	0.0095226042
0	0.0293872224	0.2357787278	0.5684321167	0.0570581758	0.1093437573
1	0.0061575167	0.1279713234	0.2348988032	0.1048617824	0.5261105742
0	0.3499896418	0.1496437496	0.0704403873	0.0474735839	0.3824526374
0	0.0272416067	0.6572179287	0.1273736547	0.1197110781	0.0684557319
0	0.0049662387	0.3988214479	0.2787492583	0.2118048015	0.1056582537
0	0.1015836871	0.3361449810	0.0565024753	0.0005087556	0.5052601010
0	0.0000000000	0.1662601953	0.3111335814	0.4663399964	0.0562662268
0	0.0000000033	0.0113852118	0.0036021797	0.5644715912	0.4205410141
0	0.0000000000	0.0008668834	0.0021718140	0.2329872351	0.7639740675
0	0.1397739912	0.1468792838	0.1083080172	0.6050387079	0.0000000000
0	0.0843163920	0.0261738642	0.0072265887	0.8822803032	0.0000028520
0	0.0562006520	0.0004482375	0.1378867482	0.3516948645	0.4537694978
0	0.0238655455	0.4579790328	0.0590023594	0.2796882346	0.1794648277
0	0.1709760963	0.0348597668	0.4386114579	0.1183659389	0.2371867401
0	0.0444443105	0.4576060594	0.0410144036	0.4114741729	0.0454610535
0	0.2042063571	0.0239743691	0.4922620848	0.0095798851	0.2699773040
0	0.0021509621	0.0000000000	0.1740056308	0.8095177192	0.0143256879
0	0.0000000649	0.2815721744	0.5100687461	0.1349412684	0.0734177462
0	0.0000000339	0.0097341827	0.0181946831	0.2274479686	0.7446231317
0	0.0261697854	0.5630218590	0.1088532511	0.2703846823	0.0315704221
0	0.1812472627	0.4137706056	0.0593700261	0.2088221039	0.1367900016
0	0.0397977900	0.0020023737	0.0224420952	0.0011401898	0.9346175512
0	0.3419944301	0.3997107478	0.2367884661	0.0025999775	0.0189063784
0	0.0139291136	0.0000954985	0.9275464996	0.0480626579	0.0103662304
0	0.0000000000	0.3817919597	0.1636780630	0.0397430976	0.4147868797
1	0.0000000627	0.1094657837	0.8469662872	0.0010951021	0.0424727643
1	0.0001495321	0.1707360836	0.0000000000	0.1876224085	0.6414919758
0	0.5449766175	0.0905824219	0.2869066182	0.0731046204	0.0044297219
0	0.0603941360	0.0019992840	0.2933363407	0.4741091852	0.1701610540
0	0.0579361780	0.2010627961	0.6206435207	0.1198524925	0.0005050126
0	0.0024375040	0.0055260196	0.4396521216	0.5134700850	0.0389142699
0	0.0048667420	0.4050628992	0.1830294860	0.3810933504	0.0259475224
0	0.2136025194	0.0831421080	0.1040936695	0.1492868740	0.4498748291
0	0.0173173884	0.0334032709	0.2585015675	0.4012023418	0.2895754314
1	0.0000000000	0.5919901212	0.2945194484	0.0400605218	0.0734299087
0	0.2758909329	0.2058672204	0.4625286618	0.0557028539	0.0000103310
0	0.0000494397	0.0267241749	0.2443904194	0.5085835363	0.2202524297
0	0.0000962078	0.0040391679	0.1345980104	0.8612666132	0.0000000007
0	0.0008730619	0.0236417534	0.5295227892	0.3003524146	0.1456099808
0	0.0038232157	0.2770472625	0.6870257973	0.0304830735	0.0016206509
0	0.5004245932	0.0000127209	0.0039323750	0.4760566175	0.0195736935
0	0.0000006540	0.1411543953	0.5413029202	0.3091512339	0.0083907966
0	0.3045149153	0.0049013915	0.0261538714	0.4554148501	0.2090149716
0	0.0265127558	0.3601565471	0.0374769477	0.3898575273	0.1859962221
0	0.0002248713	0.0031180071	0.2779487265	0.7023765710	0.0163318242
0	0.0731431846	0.1267745000	0.0021816550	0.4710466919	0.3268539686
0	0.2238473589	0.1713037576	0.0128690254	0.0853453489	0.5066345092
0	0.0006227070	0.0000000000	0.3582449419	0.5467194966	0.0944128546
0	0.0000000743	0.8026190994	0.0081780959	0.1855248696	0.0036778608
0	0.0000000429	0.0001787799	0.0695041653	0.5292726174	0.4010443944
0	0.0007461088	0.0005975272	0.0040165818	0.9884869564	0.0061528259
1	0.1227964912	0.0335547960	0.5808861920	0.0000000000	0.2627625208
0	0.0000150380	0.6670002970	0.2952907716	0.0245643098	0.0131295836
0	0.0000000677	0.0131503043	0.1383998055	0.0375671640	0.8108826585
0	0.0000120923	0.0686329112	0.3956653517	0.4319504434	0.1037392014
0	0.0897535823	0.0000000000	0.8245069787	0.0718255562	0.0139138828
0	0.0284883495	0.7946501459	0.0009042589	0.0452927099	0.1306645357
0	0.3204197632	0.0872938241	0.0072966310	0.5752391425	0.0097506393
1	0.0000425152	0.0777211431	0.5268523555	0.1327313203	0.2626526660
1	0.0217964096	0.0474092235	0.0391941744	0.8200450790	0.0715551135
0	0.0006926403	0.0178199802	0.1632791037	0.2659938307	0.5522144452
0	0.0000000000	0.0005959956	0.9660968445	0.0331892651	0.0001178947
0	0.0052818473	0.7049757054	0.1651080596	0.1111255904	0.0135087973
1	0.8922817149	0.0355307873	0.0228496178	0.0000000003	0.0493378797
0	0.1056020203	0.2183388120	0.2297836664	0.3317844949	0.1144910064
0	0.0000000160	0.0644419965	0.6423020313	0.2901621256	0.0030938307
1	0.3423680321	0.0003544283	0.1944705298	0.3850971401	0.0777098698
