0	0.0724180843	0.0418464355	0.8672153310	0.0001034688	0.0184166804
0	0.0541067450	0.0139102448	0.0408413518	0.0037247853	0.8874168731
0	0.0062422076	0.1210733212	0.0946254855	0.7768256260	0.0012333597
0	0.0448304381	0.3408759470	0.0825349485	0.5036570511	0.0281016154
0	0.1047530108	0.3497371878	0.1732785189	0.2187277921	0.1535034904
0	0.1935731550	0.1313378135	0.5805374593	0.0129280863	0.0816234859
0	0.0000000023	0.1796827410	0.2436031876	0.4048785136	0.1718355555
0	0.0052059020	0.0091661849	0.0004442472	0.7737159692	0.2114676967
0	0.0320189156	0.0028288857	0.0000663883	0.3706885108	0.5943972996
0	0.0000000000	0.2147550830	0.5196205729	0.2501148805	0.0155094636
0	0.0000137748	0.0084458094	0.4053906873	0.3284844675	0.2576652609
0	0.0135047680	0.7159925602	0.0427653178	0.0000010724	0.2277362815
0	0.0057202007	0.3466695380	0.5723449272	0.0745291808	0.0007361534
1	0.0091826624	0.0062848740	0.6535341508	0.2581513511	0.0728469616
0	0.0066043169	0.8312263787	0.0706964875	0.0869535125	0.0045193043
0	0.0000000000	0.0000280992	0.1049543451	0.0768937945	0.8181237613
1	0.2710183865	0.0408546417	0.2836017805	0.1021826754	0.3023425159
0	0.1538269475	0.0004527614	0.7125128910	0.1332066339	0.0000007662
0	0.0613217864	0.0024677339	0.3621228408	0.5740867982	0.0000008407
0	0.0000000000	0.0666781971	0.1151666181	0.8171107646	0.0010444202
0	0.0064523649	0.0121385025	0.0258922517	0.9265288563	0.0289880245
0	0.0214795379	0.0954667975	0.2400870703	0.2751451279	0.3678214664
0	0.0000514059	0.0462599376	0.3680026287	0.0541578489	0.5315281789
0	0.0000000000	0.1903975658	0.0472698855	0.7549001992	0.0074323494
0	0.0000000287	0.3414672202	0.1054769223	0.4907900877	0.0622657411
1	0.0000000000	0.1876307939	0.1897036604	0.6219993848	0.0006661609
0	0.0048871155	0.0005271153	0.6883336087	0.0671364973	0.2391156632
0	0.0339160860	0.0000006105	0.4622130247	0.0007121306	0.5031581482
0	0.0000004596	0.1072427319	0.0110832932	0.8816735153	0.0000000000
0	0.0000005597	0.2309731386	0.1608105894	0.5498912138	0.0583244985
0	0.0033409389	0.3730182452	0.6234650924	0.0000000000	0.0001757235
0	0.2332142708	0.0514823236	0.1452816196	0.2277888821	0.3422329039
0	0.0060338303	0.1214020388	0.1642823827	0.6889597862	0.0193219620
0	0.0000000157	0.6149678111	0.3080225605	0.0004971630	0.0765124497
0	0.0036575658	0.0001446010	0.0967293329	0.2670387036	0.6324297966
0	0.2569096305	0.0790495411	0.3599055629	0.3041352655	0.0000000000
0	0.2209891807	0.2715694092	0.0839888122	0.4234506829	0.0000019151
0	0.1447193351	0.1443967236	0.4740569407	0.1057258448	0.1311011557
0	0.0988715932	0.2463865977	0.0000005497	0.2593349211	0.3954063383
0	0.2865263762	0.1584845629	0.0752088193	0.1151598545	0.3646203871
0	0.3731059853	0.4095081690	0.0001547449	0.0809395276	0.1362915732
0	0.0767226764	0.0000003384	0.1710513926	0.3452963430	0.4069292496
0	0.0511417263	0.2382098122	0.0070175435	0.0005044335	0.7031264845
0	0.2319315729	0.0460777819	0.1907224036	0.5282129063	0.0030553353
0	0.0571631822	0.4433159847	0.1346587346	0.0000000005	0.3648620979
0	0.0000035951	0.0000015962	0.2145844094	0.7777588395	0.0076515599
0	0.0037447612	0.0000017681	0.9494229895	0.0146587900	0.0321716912
0	0.0010899310	0.7624645211	0.2218456972	0.0141880454	0.0004118052
0	0.2255449431	0.0876937832	0.1913356480	0.2986032939	0.1968223318
0	0.1785708998	0.3781994487	0.3426045807	0.0027080433	0.0979170275
0	0.0000000785	0.0087829728	0.0748758108	0.0200600671	0.8962810708
0	0.2218251441	0.0091117718	0.0000150580	0.7651221036	0.0039259227
0	0.0422256173	0.2264396379	0.4397494149	0.2383882586	0.0531970712
0	0.1361535194	0.3122345354	0.0662411890	0.1253831698	0.3599875864
0	0.0005516440	0.0134643195	0.1061611037	0.0169599167	0.8628630161
0	0.0488176089	0.2073751556	0.3768422114	0.2531900214	0.1137750026
0	0.0002531724	0.4516958919	0.0180015735	0.0004903298	0.5295590324
1	0.0012617575	0.9741032010	0.0030358757	0.0001111958	0.0214879700
0	0.1366127362	0.1366424486	0.4498016049	0.2668031195	0.0101400907
0	0.0412754037	0.0031451028	0.5722017243	0.3823854774	0.0009922917
0	0.0000000000	0.1261563920	0.2242228959	0.4971644956	0.1524562166
0	0.0004730808	0.0063970121	0.0000000000	0.0283961169	0.9647337902
0	0.0708242866	0.3215280514	0.4211452711	0.1525565386	0.0339458523
0	0.0000713193	0.0143778660	0.3807261951	0.0812480738	0.5235765458
0	0.0000000000	0.4043486656	0.4547810029	0.1335737094	0.0072966221
0	0.0931605799	0.5625126390	0.0346814597	0.3026504566	0.0069948647
0	0.0096713241	0.2030734200	0.1854748043	0.6017785380	0.0000019136
0	0.5639151481	0.1084005922	0.0226014052	0.2469397096	0.0581431450
0	0.0021161695	0.0014647429	0.1559733414	0.8323786711	0.0080670751
0	0.0138605539	0.0958969887	0.0174105787	0.8627378881	0.0100939907
0	0.0000000645	0.0054664378	0.5225211459	0.3567095380	0.1153028138
0	0.0226989677	0.0720627414	0.3369947810	0.4853723618	0.0828711481
1	0.0711146192	0.0000568669	0.5904676779	0.0875022123	0.2508586237
0	0.0829668327	0.0000000000	0.0264631548	0.6690578401	0.2215121724
2	0.0654463069	0.0000027232	0.8437539644	0.0000004797	0.0907965257
0	0.0000000000	0.0025710102	0.1802405745	0.8137630346	0.0034253807
0	0.0676512195	0.7958075227	0.0007807196	0.0731769001	0.0625836381
0	0.0061012614	0.0742562128	0.7968598458	0.0311337092	0.0916489708
1	0.1461389730	0.0204192278	0.2220804072	0.5514848985	0.0598764935
0	0.0000000000	0.0416730020	0.0008633304	0.0244521417	0.9330115259
0	0.0010853246	0.0117895869	0.9750670044	0.0065913673	0.0054667169
0	0.1235902547	0.0000000191	0.4017422322	0.2374014870	0.2372660070
0	0.0000000000	0.0000005594	0.8339002041	0.1424197930	0.0236794435
0	0.0318034058	0.8279318609	0.0442291008	0.0958712679	0.0001643646
0	0.0000000000	0.9570842791	0.0122413303	0.0000413353	0.0306330553
0	0.0000000001	0.1168526529	0.3372519209	0.0373930292	0.5085023969
1	0.0089830690	0.0131566030	0.1651430671	0.1997413362	0.6129759247
1	0.0156801684	0.0250776179	0.5458577286	0.0441047071	0.3692797780
0	0.1367589257	0.0980548333	0.5601240049	0.0831516691	0.1219105671
1	0.0000005326	0.6508980034	0.2166451701	0.0007757838	0.1316805101
1	0.0607633577	0.1788775453	0.2704549141	0.0007768729	0.4891273099
0	0.0306177778	0.3595504867	0.0535712801	0.5559782691	0.0002821863
0	0.0743992228	0.4033568983	0.0097072789	0.3661027956	0.1464338045
2	0.0000067515	0.0120078115	0.9497969313	0.0035048537	0.0346836520
1	0.2034819648	0.1900990782	0.0102574503	0.2103566600	0.3858048467
0	0.7494626100	0.0092751995	0.0001534206	0.2160872011	0.0250215688
0	0.0198201373	0.1996802975	0.7279615810	0.0029425830	0.0495954011
0	0.0634117636	0.8276369989	0.0005401121	0.0222508700	0.0861602555
0	0.0279194326	0.3312964885	0.0000000000	0.1395089952	0.5012750836
0	0.0532486415	0.8737329972	0.0151661440	0.0409889135	0.0168633037
